day 0,day 1,day 2,day 3,day 4,day 5,day 6,day 7,day 8,day 9,day 10,day 11,day 12,day 13,day 14,day 15,day 16,day 17,day 18,day 19,day 20,day 21,day 22,day 23,day 24,day 25,day 26,day 27,day 28,day 29,day 30,day 31,day 32,day 33,day 34,day 35,day 36,day 37,day 38,day 39,day 40,day 41,day 42,day 43,day 44,day 45,day 46,day 47,day 48,day 49,day 50,day 51,day 52,day 53,day 54,day 55,day 56,day 57,day 58,day 59,day 60,day 61,day 62,day 63,day 64,day 65,day 66,day 67,day 68,day 69,day 70,day 71,day 72,day 73,day 74,day 75,day 76,day 77,day 78,day 79,day 80,day 81,day 82,day 83,day 84,day 85,day 86,day 87,day 88
40.7,41.2,41.8,42.7,43.9,45.3,47.1,49.6,52.4,54.5,39.6,40.7,41.9,43.4,45.0,46.7,48.7,51.3,54.6,56.0,55.3,53.5,50.9,47.8,44.3,41.1,38.6,38.7,39.3,39.6,40.0,40.6,41.5,42.4,43.2,44.1,45.1,46.5,47.9,50.0,52.6,55.7,59.2,59.9,59.0,57.2,54.4,51.1,47.4,43.8,41.1,40.4,40.6,41.1,41.6,42.2,42.7,43.1,44.0,44.9,46.2,47.7,49.1,51.1,53.5,56.4,58.4,58.5,58.1,57.0,55.0,52.2,48.7,45.2,42.4,40.7,41.1,41.8,42.5,43.3,44.0,44.9,46.0,47.3,48.8,50.3,52.2,54.5,57.8
40.0,40.4,40.9,41.7,42.7,43.8,45.3,47.1,49.5,52.6,38.9,39.8,40.9,42.2,43.7,45.3,46.8,48.8,51.5,54.7,56.1,55.6,53.7,51.0,47.9,44.4,40.9,38.7,39.0,39.3,39.6,40.1,40.9,41.8,42.5,43.3,44.1,45.2,46.7,48.1,50.2,52.9,55.9,59.2,60.2,59.2,57.4,54.6,51.2,47.5,44.1,41.1,40.3,40.6,41.1,41.6,42.1,42.5,43.0,43.8,44.9,46.3,47.6,49.1,51.0,53.4,56.3,58.1,58.6,58.4,57.4,55.3,52.1,49.0,45.4,42.6,40.9,41.3,42.0,42.7,43.5,44.0,45.0,46.2,47.4,48.8,50.5,52.3,54.6
39.7,39.7,40.1,40.7,41.7,42.6,43.8,45.3,47.0,49.6,38.4,39.2,40.0,41.3,42.5,43.9,45.4,46.9,49.2,51.7,54.9,56.3,55.7,53.8,51.1,48.1,44.3,41.1,38.9,39.0,39.3,39.7,40.4,41.3,41.9,42.5,43.3,44.2,45.4,46.8,48.4,50.5,53.1,55.9,59.5,60.3,59.4,57.6,54.7,51.4,47.8,44.2,41.0,40.3,40.6,41.1,41.5,41.8,42.3,42.8,43.8,44.9,46.2,47.5,49.1,50.9,53.3,56.2,58.2,58.9,58.7,57.5,55.2,52.3,49.2,45.7,42.9,41.1,41.5,42.2,42.8,43.5,44.1,45.1,46.3,47.4,49.0,50.5,52.4
39.1,39.4,39.5,40.0,40.7,41.6,42.6,43.8,45.2,47.1,37.8,38.7,39.4,40.4,41.6,42.8,44.0,45.4,47.2,49.4,51.9,55.1,56.3,55.8,53.9,51.3,48.1,44.5,41.3,39.0,39.0,39.3,40.1,40.8,41.3,41.8,42.5,43.4,44.3,45.5,47.0,48.7,50.7,53.2,56.1,59.7,60.5,59.5,57.7,54.8,51.7,48.0,44.3,41.0,40.3,40.6,40.9,41.2,41.6,42.1,42.7,43.8,44.9,46.1,47.5,49.0,50.8,53.2,56.4,58.5,59.3,58.8,57.6,55.4,52.5,49.5,46.1,43.2,41.3,41.7,42.3,42.7,43.5,44.2,45.3,46.4,47.6,49.0,50.6
38.8,38.8,39.0,39.3,39.9,40.5,41.6,42.5,43.6,45.3,37.4,38.1,38.8,39.8,40.7,41.8,42.8,44.1,45.6,47.4,49.6,52.1,55.2,56.5,55.9,54.1,51.3,48.3,44.8,41.3,39.0,39.0,39.7,40.4,40.8,41.3,41.9,42.6,43.5,44.4,45.8,47.3,48.9,50.8,53.3,56.3,60.0,60.6,59.7,57.8,55.1,51.8,48.1,44.3,41.1,40.2,40.5,40.6,40.9,41.4,42.1,42.8,43.8,44.8,46.1,47.4,48.9,50.8,53.4,56.8,58.8,59.3,58.8,57.8,55.6,52.8,49.9,46.4,43.4,41.6,41.8,42.3,42.7,43.6,44.4,45.3,46.5,47.6,49.1
38.5,38.4,38.5,38.9,39.2,39.7,40.5,41.5,42.4,43.7,37.3,37.7,38.3,39.2,40.1,40.9,41.9,42.9,44.3,45.9,47.6,49.8,52.2,55.4,56.6,56.0,54.2,51.6,48.5,44.9,41.4,39.0,39.4,40.1,40.4,40.8,41.4,41.9,42.7,43.5,44.7,46.1,47.4,48.9,50.9,53.5,56.5,60.1,60.8,59.7,58.0,55.3,51.9,48.1,44.4,41.0,40.1,40.1,40.4,40.7,41.4,42.1,42.8,43.7,44.8,46.0,47.4,48.9,50.9,53.8,57.2,58.9,59.3,58.9,58.0,56.0,53.3,50.2,46.7,43.7,41.7,41.8,42.3,42.8,43.7,44.4,45.5,46.5,47.7
38.2,38.1,38.1,38.3,38.8,39.0,39.8,40.4,41.3,42.4,37.1,37.5,37.9,38.7,39.5,40.3,41.0,42.1,43.1,44.5,46.1,47.8,49.9,52.3,55.5,56.7,56.1,54.4,51.8,48.7,45.0,41.5,39.4,39.7,40.0,40.4,40.9,41.4,42.0,42.7,43.8,45.0,46.2,47.5,48.9,51.0,53.7,56.6,60.4,60.8,59.9,58.2,55.4,51.9,48.2,44.3,41.0,39.7,39.9,40.1,40.7,41.4,42.1,42.7,43.7,44.8,46.0,47.4,49.0,51.2,54.1,57.2,58.8,59.4,59.1,58.4,56.5,53.6,50.4,47.0,43.9,41.6,41.7,42.4,42.9,43.7,44.5,45.5,46.6
37.8,37.8,37.8,37.9,38.2,38.5,39.0,39.6,40.2,41.3,36.7,37.3,37.7,38.3,39.0,39.7,40.3,41.1,42.2,43.3,44.7,46.2,47.8,50.0,52.3,55.5,56.8,56.4,54.7,52.1,48.8,45.1,41.9,39.8,39.7,40.0,40.5,40.9,41.5,42.1,42.9,44.1,45.1,46.3,47.5,49.1,51.1,53.7,56.7,60.4,60.9,60.2,58.4,55.3,51.9,48.1,44.2,40.7,39.5,39.7,40.1,40.8,41.4,42.0,42.7,43.7,44.8,46.0,47.6,49.2,51.5,54.1,57.1,58.9,59.6,59.5,58.8,56.9,54.0,50.7,47.3,44.0,41.7,41.8,42.5,43.0,43.8,44.5,45.6
37.9,37.4,37.5,37.6,37.8,37.9,38.6,38.9,39.4,40.2,36.7,37.0,37.5,38.1,38.6,39.2,39.7,40.4,41.2,42.5,43.5,44.8,46.3,48.0,50.1,52.4,55.6,57.1,56.6,54.9,52.2,48.9,45.4,42.3,39.8,39.7,40.2,40.6,41.0,41.5,42.3,43.2,44.1,45.2,46.3,47.5,49.2,51.2,53.9,56.8,60.5,61.2,60.3,58.2,55.2,51.8,48.1,44.0,40.5,39.3,39.7,40.2,40.8,41.4,42.0,42.7,43.8,44.8,46.2,47.8,49.5,51.4,54.1,57.4,59.1,59.9,59.9,59.2,57.1,54.2,51.1,47.5,44.1,41.8,42.0,42.5,43.1,43.8,44.6
40.1,37.5,37.1,37.3,37.5,37.5,38.0,38.3,38.7,39.3,39.1,36.9,37.2,37.9,38.3,38.8,39.2,39.9,40.6,41.5,42.7,43.6,44.8,46.4,48.1,50.1,52.5,55.9,57.3,56.9,55.1,52.3,49.2,45.8,42.3,39.8,39.8,40.2,40.6,41.1,41.7,42.5,43.2,44.2,45.1,46.3,47.6,49.3,51.3,54.0,56.9,60.8,61.3,60.0,57.9,55.1,51.9,47.9,43.9,40.4,39.3,39.8,40.2,40.8,41.3,42.0,42.8,43.8,45.0,46.4,48.0,49.5,51.4,54.3,57.6,59.4,60.3,60.4,59.4,57.4,54.6,51.3,47.7,44.3,42.0,42.0,42.6,43.1,43.9
43.1,39.7,37.1,36.8,37.2,37.3,37.6,37.7,38.1,38.7,42.3,39.3,37.2,37.5,38.2,38.5,38.8,39.4,40.1,40.8,41.8,42.8,43.6,45.0,46.5,48.0,50.2,52.8,56.1,57.6,57.1,55.2,52.5,49.6,45.9,42.4,39.9,39.9,40.2,40.7,41.2,41.9,42.5,43.2,44.1,45.1,46.4,47.7,49.4,51.5,54.2,57.2,60.9,61.0,59.8,57.8,55.1,51.8,47.9,43.8,40.5,39.3,39.8,40.2,40.8,41.4,42.1,42.8,43.9,45.2,46.6,48.1,49.5,51.6,54.6,57.9,59.8,60.8,60.6,59.8,57.8,54.9,51.5,48.0,44.5,42.1,42.1,42.6,43.1
46.3,42.9,39.4,36.8,36.8,37.0,37.4,37.4,37.6,38.1,45.8,42.5,39.4,37.5,37.8,38.4,38.5,38.9,39.5,40.3,41.1,41.9,42.8,43.8,45.1,46.4,48.1,50.4,53.0,56.5,57.8,57.2,55.3,52.8,49.7,46.0,42.5,40.0,39.9,40.2,40.9,41.5,41.9,42.5,43.1,44.1,45.1,46.5,47.8,49.5,51.7,54.3,57.2,60.6,60.7,59.6,57.8,55.0,51.7,47.8,43.9,40.6,39.4,39.7,40.2,40.8,41.5,42.1,43.0,44.1,45.5,46.7,48.0,49.7,51.9,55.0,58.3,60.3,61.0,61.0,60.2,58.1,55.1,51.9,48.2,44.7,42.2,42.2,42.7
49.2,46.3,42.6,39.2,36.8,36.6,37.1,37.1,37.2,37.6,49.2,45.9,42.6,39.8,37.8,38.1,38.4,38.6,39.1,39.8,40.6,41.2,41.8,42.9,43.9,45.0,46.4,48.3,50.6,53.3,56.7,57.9,57.3,55.7,52.9,49.7,46.1,42.5,40.0,40.0,40.4,41.0,41.5,41.9,42.4,43.1,44.1,45.3,46.6,48.0,49.7,51.8,54.4,57.0,60.3,60.6,59.6,57.7,55.0,51.6,47.9,43.9,40.7,39.3,39.8,40.3,40.9,41.5,42.2,43.2,44.4,45.5,46.7,48.2,49.9,52.2,55.4,58.8,60.5,61.4,61.4,60.5,58.4,55.4,52.1,48.4,44.9,42.3,42.3
51.5,49.3,46.1,42.4,39.1,36.6,36.7,36.9,37.0,37.3,52.0,49.3,46.1,43.0,40.1,38.0,38.0,38.5,38.7,39.3,40.0,40.6,41.1,41.9,43.0,43.8,45.1,46.7,48.4,50.8,53.4,56.9,58.0,57.5,55.8,53.0,49.8,46.1,42.6,40.1,40.1,40.6,41.1,41.4,41.9,42.4,43.1,44.2,45.3,46.8,48.1,49.8,51.8,54.2,56.9,60.2,60.5,59.6,57.6,54.9,51.6,47.9,44.0,40.7,39.4,39.9,40.3,40.9,41.6,42.4,43.5,44.3,45.5,46.9,48.5,50.1,52.6,55.8,59.1,60.9,61.8,61.8,60.9,58.7,55.6,52.3,48.5,45.0,42.5
53.2,51.7,49.2,46.0,42.4,39.0,36.7,36.5,36.8,37.1,54.0,52.2,49.4,46.3,43.2,40.3,38.0,38.1,38.6,39.0,39.5,40.1,40.6,41.3,42.1,42.9,43.9,45.3,46.8,48.6,51.0,53.7,57.1,58.4,57.7,55.9,53.1,49.8,46.2,42.7,40.3,40.3,40.5,41.0,41.3,41.8,42.5,43.2,44.3,45.6,47.0,48.2,49.8,51.7,54.1,56.9,60.2,60.4,59.5,57.5,54.9,51.6,47.9,44.0,40.7,39.5,39.9,40.4,41.0,41.8,42.6,43.4,44.5,45.7,47.1,48.7,50.4,52.9,56.0,59.5,61.3,62.1,62.2,61.1,58.9,55.8,52.4,48.7,45.1
53.7,53.3,51.6,49.2,46.0,42.3,39.1,36.5,36.5,36.8,54.8,54.1,52.2,49.6,46.6,43.4,40.2,38.0,38.3,38.8,39.2,39.5,40.1,40.7,41.4,42.0,43.0,44.0,45.4,46.9,48.8,51.2,53.9,57.4,58.6,57.7,55.9,53.1,50.0,46.3,43.0,40.6,40.3,40.5,40.9,41.3,41.8,42.5,43.3,44.6,45.7,47.0,48.1,49.7,51.6,54.1,57.0,60.1,60.3,59.4,57.5,54.8,51.5,47.9,44.0,40.9,39.6,40.0,40.4,41.2,42.0,42.6,43.6,44.6,45.9,47.4,49.0,50.7,53.2,56.4,59.9,61.6,62.5,62.4,61.2,59.2,56.0,52.6,48.8
51.7,53.9,53.3,51.7,49.2,45.8,42.4,38.9,36.4,36.5,53.0,55.0,54.2,52.4,49.8,46.8,43.3,40.3,38.2,38.5,39.0,39.2,39.5,40.2,40.9,41.2,42.0,43.1,44.2,45.6,47.0,49.0,51.5,54.2,57.6,58.7,57.8,56.0,53.3,50.1,46.6,43.3,40.6,40.2,40.4,40.9,41.3,41.9,42.6,43.5,44.7,45.7,47.0,48.1,49.7,51.6,54.2,56.9,60.0,60.2,59.3,57.3,54.6,51.5,47.9,44.1,41.0,39.6,40.0,40.6,41.4,41.9,42.8,43.8,44.9,46.2,47.6,49.3,50.9,53.4,56.7,60.1,62.0,62.7,62.5,61.5,59.3,56.2,52.6
49.3,51.9,53.9,53.5,51.8,49.1,45.9,42.2,38.8,36.5,50.0,53.2,55.1,54.4,52.6,50.0,46.8,43.5,40.5,38.4,38.7,39.0,39.2,39.7,40.3,40.7,41.3,42.3,43.2,44.3,45.6,47.2,49.2,51.6,54.4,57.7,58.8,58.0,56.3,53.5,50.3,46.9,43.4,40.6,40.1,40.4,40.8,41.3,42.0,42.8,43.6,44.7,45.7,46.9,48.1,49.6,51.6,54.0,57.0,59.9,60.1,59.0,57.2,54.6,51.4,47.9,44.2,41.1,39.6,40.2,40.8,41.3,42.2,42.9,44.0,45.1,46.4,47.9,49.4,51.2,53.7,56.9,60.5,62.2,62.8,62.7,61.6,59.4,56.3
47.0,49.3,51.8,54.1,53.6,51.7,49.2,45.7,42.1,38.8,47.6,50.2,53.4,55.2,54.5,52.8,50.0,47.0,43.6,40.7,38.6,38.6,39.0,39.3,39.8,40.2,40.9,41.5,42.4,43.3,44.3,45.9,47.4,49.4,51.7,54.5,57.8,59.0,58.1,56.4,53.7,50.7,46.9,43.4,40.5,40.1,40.4,40.8,41.4,42.2,42.9,43.5,44.6,45.6,46.9,48.0,49.5,51.5,54.0,57.0,59.8,59.7,58.9,57.1,54.5,51.3,47.9,44.2,41.2,39.8,40.4,40.8,41.6,42.3,43.1,44.2,45.3,46.7,48.0,49.7,51.4,53.8,57.2,60.6,62.2,63.0,62.8,61.7,59.5
45.4,47.0,49.3,52.0,54.3,53.6,51.9,49.0,45.6,42.1,45.7,47.8,50.4,53.6,55.4,54.8,52.9,50.2,47.1,43.8,40.8,38.6,38.6,39.1,39.4,39.7,40.3,41.1,41.6,42.5,43.4,44.6,46.1,47.7,49.5,51.8,54.7,58.1,59.2,58.4,56.6,54.0,50.7,47.0,43.4,40.6,40.1,40.4,41.0,41.6,42.3,42.9,43.5,44.6,45.6,46.8,48.0,49.4,51.3,53.9,57.0,59.4,59.6,58.7,56.9,54.4,51.3,48.0,44.3,41.4,40.1,40.3,41.0,41.8,42.5,43.3,44.3,45.6,46.8,48.3,49.8,51.5,54.1,57.4,60.6,62.4,63.0,63.0,61.7
44.0,45.4,46.9,49.4,52.2,54.3,53.8,51.7,49.0,45.5,44.2,46.0,48.0,50.6,53.8,55.7,54.9,53.1,50.3,47.3,44.0,40.8,38.6,38.7,39.2,39.3,39.7,40.5,41.1,41.8,42.5,43.6,44.9,46.3,47.7,49.5,51.9,54.9,58.3,59.4,58.6,56.8,54.0,50.9,47.0,43.5,40.6,40.0,40.5,41.2,41.7,42.2,42.8,43.5,44.6,45.5,46.6,47.8,49.3,51.3,53.9,56.7,59.2,59.4,58.5,56.7,54.3,51.4,48.1,44.6,41.7,40.0,40.6,41.2,42.0,42.7,43.4,44.6,45.7,47.0,48.4,49.9,51.8,54.3,57.4,60.8,62.4,63.3,63.1
43.0,44.0,45.3,47.0,49.5,52.2,54.5,53.7,51.7,49.0,42.8,44.4,46.2,48.3,50.9,54.1,55.8,55.1,53.2,50.4,47.5,44.0,40.9,38.7,38.8,39.0,39.3,39.9,40.5,41.1,41.8,42.8,43.9,45.0,46.4,47.7,49.7,52.1,55.1,58.6,59.6,58.7,56.9,54.1,50.9,47.2,43.6,40.6,40.1,40.7,41.2,41.6,42.2,42.9,43.5,44.4,45.3,46.4,47.7,49.3,51.3,53.7,56.7,59.0,59.1,58.2,56.6,54.4,51.6,48.4,44.9,41.8,40.3,40.8,41.4,42.1,42.9,43.7,44.7,45.9,47.0,48.5,50.2,52.0,54.3,57.6,60.8,62.6,63.3
42.0,42.8,43.8,45.3,47.1,49.5,52.4,54.4,53.7,51.8,41.7,43.1,44.7,46.5,48.5,51.1,54.3,55.9,55.2,53.3,50.7,47.6,44.2,41.0,38.8,38.6,39.1,39.5,40.0,40.6,41.2,42.1,43.1,44.1,45.1,46.4,47.8,49.8,52.3,55.4,58.9,59.8,58.8,57.1,54.3,51.0,47.3,43.7,40.7,40.4,40.7,41.1,41.6,42.2,42.8,43.3,44.2,45.1,46.2,47.7,49.3,51.1,53.6,56.5,58.7,58.8,58.0,56.7,54.7,51.9,48.7,45.0,42.1,40.5,40.9,41.6,42.2,43.1,43.8,44.9,46.0,47.1,48.7,50.3,52.1,54.5,57.6,60.9,62.6
41.2,41.8,42.7,43.9,45.3,47.1,49.6,52.4,54.5,53.8,40.7,41.9,43.4,45.0,46.7,48.7,51.3,54.6,56.0,55.3,53.5,50.9,47.8,44.3,41.1,38.6,38.7,39.3,39.6,40.0,40.6,41.5,42.4,43.2,44.1,45.1,46.5,47.9,50.0,52.6,55.7,59.2,59.9,59.0,57.2,54.4,51.1,47.4,43.8,41.1,40.4,40.6,41.1,41.6,42.2,42.7,43.1,44.0,44.9,46.2,47.7,49.1,51.1,53.5,56.4,58.4,58.5,58.1,57.0,55.0,52.2,48.7,45.2,42.4,40.7,41.1,41.8,42.5,43.3,44.0,44.9,46.0,47.3,48.8,50.3,52.2,54.5,57.8,60.9
40.4,40.9,41.7,42.7,43.8,45.3,47.1,49.5,52.6,54.6,39.8,40.9,42.2,43.7,45.3,46.8,48.8,51.5,54.7,56.1,55.6,53.7,51.0,47.9,44.4,40.9,38.7,39.0,39.3,39.6,40.1,40.9,41.8,42.5,43.3,44.1,45.2,46.7,48.1,50.2,52.9,55.9,59.2,60.2,59.2,57.4,54.6,51.2,47.5,44.1,41.1,40.3,40.6,41.1,41.6,42.1,42.5,43.0,43.8,44.9,46.3,47.6,49.1,51.0,53.4,56.3,58.1,58.6,58.4,57.4,55.3,52.1,49.0,45.4,42.6,40.9,41.3,42.0,42.7,43.5,44.0,45.0,46.2,47.4,48.8,50.5,52.3,54.6,57.7
