day 0,day 1,day 2,day 3,day 4,day 5,day 6,day 7,day 8,day 9,day 10,day 11,day 12,day 13,day 14,day 15,day 16,day 17,day 18,day 19,day 20,day 21,day 22,day 23,day 24,day 25,day 26,day 27,day 28,day 29,day 30,day 31,day 32,day 33,day 34,day 35,day 36,day 37,day 38,day 39,day 40,day 41,day 42,day 43,day 44,day 45,day 46,day 47,day 48,day 49,day 50,day 51,day 52,day 53,day 54,day 55,day 56,day 57,day 58,day 59,day 60,day 61,day 62,day 63,day 64,day 65,day 66,day 67,day 68,day 69,day 70,day 71,day 72,day 73,day 74,day 75,day 76,day 77,day 78,day 79,day 80,day 81,day 82,day 83,day 84,day 85,day 86,day 87,day 88,day 89,day 90,day 91,day 92,day 93
68.6,71.1,73.5,76.3,79.6,84.3,86.9,88.4,89.5,90.0,89.7,88.8,87.2,85.1,82.0,78.3,73.5,68.5,63.8,63.4,64.8,66.1,67.5,68.8,69.9,71.1,72.5,73.9,75.7,78.3,80.6,82.9,84.8,86.1,86.6,86.4,84.7,82.7,79.5,75.8,71.6,67.4,63.5,63.5,64.2,65.1,66.2,67.2,68.6,69.9,71.3,72.8,74.9,78.1,81.3,83.9,85.2,85.8,86.1,85.6,83.8,81.4,78.2,74.2,69.1,63.8,60.2,60.9,61.5,62.7,63.7,64.8,66.1,67.4,68.8,70.2,71.8,74.6,78.3,80.6,81.6,81.8,81.9,81.2,79.5,76.8,73.4,68.4,62.6,56.2,53.2,53.4,54.4,55.2
66.5,69.0,71.4,73.8,76.4,79.5,83.9,86.6,88.0,89.2,89.7,89.4,88.6,87.0,84.9,81.8,78.1,73.4,68.4,63.8,63.4,64.9,66.2,67.4,68.8,69.9,71.1,72.4,73.9,75.5,78.1,80.5,82.7,84.9,86.1,86.5,86.1,84.6,82.5,79.4,75.8,71.6,67.2,63.2,63.3,64.2,65.0,66.2,67.2,68.6,69.9,71.4,72.8,74.8,78.2,81.5,83.8,85.0,85.7,86.0,85.3,83.6,81.2,78.1,74.2,69.0,63.6,59.9,60.6,61.5,62.5,63.4,64.6,66.1,67.3,68.6,69.9,71.6,74.2,77.9,80.2,81.3,81.6,81.7,80.8,79.2,76.7,73.1,68.2,62.3,55.6,52.4,53.0,54.2
64.4,67.0,69.3,71.6,74.1,76.4,79.4,83.7,86.2,87.6,88.9,89.5,89.3,88.4,86.7,84.7,81.6,78.0,73.3,68.4,63.8,63.6,65.0,66.2,67.5,68.8,69.8,71.0,72.3,73.7,75.3,78.1,80.3,82.8,84.8,86.1,86.2,85.9,84.4,82.3,79.4,75.6,71.5,66.9,63.0,63.2,64.0,64.9,66.0,67.1,68.6,69.9,71.4,72.8,74.8,78.4,81.3,83.7,85.0,85.7,85.6,85.1,83.4,81.1,78.0,74.0,68.8,63.3,59.7,60.5,61.3,62.1,63.2,64.5,65.9,67.0,68.3,69.7,71.3,73.8,77.4,79.9,81.1,81.4,81.4,80.5,79.0,76.5,72.9,67.9,61.8,54.8,52.0,52.7
62.5,65.0,67.2,69.6,71.9,74.2,76.4,79.3,83.3,85.7,87.3,88.6,89.3,88.9,88.1,86.5,84.5,81.6,77.9,73.2,68.2,63.9,63.6,64.9,66.3,67.5,68.7,69.8,71.0,72.3,73.6,75.2,77.8,80.4,82.7,84.6,85.9,85.9,85.7,84.2,82.3,79.2,75.6,71.3,66.7,62.8,63.0,63.9,64.8,66.0,67.2,68.6,69.9,71.3,72.8,74.9,78.1,81.1,83.4,84.8,85.4,85.5,84.9,83.3,81.0,77.9,73.9,68.5,63.0,59.6,60.2,61.0,62.0,63.2,64.4,65.7,66.8,68.0,69.3,70.9,73.3,77.1,79.7,80.8,81.2,81.1,80.3,78.8,76.3,72.7,67.4,61.2,54.4,51.7
60.7,63.0,65.2,67.6,69.9,72.0,74.2,76.4,79.0,82.8,85.3,86.9,88.5,88.9,88.6,87.9,86.3,84.5,81.4,77.8,73.1,68.3,64.0,63.7,65.0,66.3,67.4,68.6,69.7,71.0,72.2,73.4,75.0,77.8,80.1,82.5,84.4,85.6,85.8,85.5,84.1,82.1,79.2,75.5,71.0,66.5,62.7,62.8,63.7,64.8,65.9,67.1,68.6,69.9,71.3,72.9,74.7,77.9,81.0,83.2,84.6,85.2,85.3,84.8,83.3,81.0,77.9,73.6,68.2,62.8,59.3,60.0,60.8,61.9,63.1,64.1,65.4,66.5,67.7,69.0,70.5,72.9,76.9,79.4,80.5,80.9,80.9,80.1,78.6,76.0,72.2,66.9,60.8,54.1
58.8,61.2,63.3,65.6,68.0,70.1,72.1,74.3,76.2,78.7,82.5,85.0,86.8,88.2,88.7,88.4,87.7,86.2,84.3,81.3,77.7,73.1,68.4,64.0,63.9,65.1,66.3,67.4,68.6,69.8,70.9,72.0,73.3,74.9,77.5,79.8,82.2,84.1,85.4,85.6,85.3,83.9,82.1,79.1,75.3,71.0,66.4,62.6,62.7,63.5,64.7,65.8,67.1,68.4,69.9,71.4,72.8,74.5,77.7,80.8,82.9,84.3,84.9,85.3,84.8,83.2,80.9,77.6,73.3,68.0,62.5,59.0,59.8,60.8,61.9,62.8,63.9,65.1,66.2,67.3,68.5,70.1,72.5,76.7,79.1,80.4,80.7,80.8,79.9,78.3,75.5,71.9,66.7,60.6
59.9,59.4,61.4,63.6,66.0,68.2,70.3,72.2,74.2,75.9,78.6,82.2,84.9,86.4,87.9,88.5,88.2,87.6,86.0,84.2,81.3,77.7,73.1,68.3,64.1,63.9,65.1,66.3,67.5,68.6,69.7,70.8,71.9,73.3,74.8,77.2,79.7,82.1,84.0,85.2,85.4,85.2,83.9,81.9,78.9,75.2,70.9,66.2,62.4,62.5,63.5,64.6,65.8,66.9,68.5,69.9,71.3,72.6,74.3,77.5,80.3,82.7,84.2,84.9,85.1,84.7,83.0,80.6,77.4,73.1,67.7,62.2,58.7,59.6,60.8,61.7,62.5,63.6,64.8,65.9,66.9,68.1,69.8,72.2,76.5,79.0,80.1,80.6,80.5,79.6,77.8,75.4,71.9,66.6
66.9,60.4,59.7,61.8,64.1,66.4,68.3,70.4,72.1,74.0,75.8,78.4,82.0,84.4,86.0,87.6,88.3,88.2,87.5,85.9,84.2,81.3,77.7,73.0,68.3,64.1,64.0,65.2,66.4,67.5,68.6,69.6,70.7,71.9,73.2,74.5,77.1,79.8,82.1,84.2,85.1,85.4,85.1,83.7,81.7,78.8,75.2,70.8,66.0,62.2,62.5,63.3,64.7,65.6,66.9,68.4,69.9,71.1,72.5,74.2,77.1,80.2,82.6,84.2,84.8,85.0,84.5,82.8,80.4,77.2,72.9,67.4,62.0,58.6,59.6,60.5,61.3,62.2,63.3,64.5,65.5,66.5,67.8,69.5,72.0,76.3,78.8,79.9,80.2,80.3,79.1,77.8,75.4,71.8
73.3,67.2,60.6,60.1,62.3,64.4,66.7,68.6,70.4,72.0,73.9,75.6,78.2,81.6,84.1,85.8,87.4,88.1,88.0,87.4,85.9,84.2,81.3,77.6,73.0,68.2,64.1,64.1,65.2,66.4,67.5,68.5,69.5,70.6,71.8,73.0,74.3,77.1,79.8,82.2,84.3,85.2,85.4,85.1,83.6,81.6,78.8,75.1,70.7,65.9,62.2,62.4,63.3,64.4,65.5,66.9,68.4,69.7,71.1,72.4,73.9,76.8,80.1,82.6,84.0,84.6,84.8,84.3,82.6,80.3,77.1,72.7,67.2,61.9,58.6,59.4,60.2,61.0,62.0,63.0,64.0,65.0,66.1,67.5,69.1,71.7,76.2,78.5,79.6,80.1,79.9,79.3,77.8,75.4
79.1,73.6,67.4,61.0,60.6,62.7,64.8,67.0,68.7,70.3,71.9,73.8,75.5,78.0,81.3,83.7,85.7,87.1,87.9,87.9,87.4,85.9,84.2,81.3,77.5,72.9,68.2,64.2,64.2,65.3,66.4,67.5,68.4,69.4,70.6,71.6,72.8,74.3,77.0,79.8,82.4,84.4,85.3,85.4,85.0,83.5,81.6,78.8,75.1,70.7,65.9,62.1,62.4,63.0,64.3,65.5,66.9,68.3,69.6,70.9,72.1,73.6,76.7,80.2,82.6,83.9,84.5,84.6,84.2,82.5,80.1,77.0,72.5,67.1,61.8,58.4,59.1,59.8,60.8,61.6,62.5,63.5,64.6,65.9,67.2,68.8,71.5,75.9,78.2,79.5,79.9,80.0,79.3,77.7
82.9,79.2,73.8,67.7,61.4,61.0,63.1,65.1,67.1,68.6,70.2,71.9,73.8,75.4,77.8,81.0,83.6,85.2,86.7,87.6,87.9,87.5,86.0,84.2,81.2,77.4,72.8,68.2,64.2,64.3,65.4,66.4,67.4,68.4,69.4,70.4,71.5,72.7,74.3,77.0,80.0,82.5,84.4,85.3,85.4,84.9,83.6,81.6,78.8,75.1,70.8,65.8,62.0,62.1,62.9,64.3,65.5,66.9,68.3,69.6,70.7,71.8,73.5,76.7,80.2,82.4,83.7,84.3,84.5,84.0,82.3,80.0,76.9,72.4,67.0,61.5,58.1,58.6,59.5,60.5,61.1,62.1,63.2,64.4,65.5,66.8,68.6,71.2,75.6,78.1,79.2,79.9,80.0,79.3
86.0,83.1,79.4,74.0,68.0,61.7,61.4,63.5,65.2,67.1,68.6,70.2,71.9,73.7,75.2,77.5,80.9,83.2,84.8,86.5,87.6,88.0,87.5,86.0,84.1,81.1,77.2,72.8,68.2,64.4,64.4,65.4,66.4,67.5,68.3,69.3,70.3,71.4,72.7,74.3,77.2,80.1,82.6,84.5,85.2,85.4,85.1,83.6,81.6,78.9,75.2,70.8,65.8,61.8,62.0,62.9,64.3,65.5,66.8,68.3,69.3,70.4,71.7,73.6,76.7,80.1,82.3,83.5,84.1,84.3,83.9,82.3,80.0,76.8,72.3,66.7,61.2,57.7,58.4,59.3,60.1,60.7,61.7,62.9,64.0,65.1,66.5,68.2,70.8,75.4,77.9,79.4,80.0,79.9
88.2,86.1,83.2,79.5,74.2,68.2,62.1,61.8,63.5,65.4,67.2,68.7,70.3,71.8,73.6,75.0,77.5,80.5,82.9,84.7,86.5,87.6,87.9,87.4,86.0,84.0,81.0,77.2,72.7,68.3,64.4,64.4,65.4,66.4,67.4,68.2,69.2,70.2,71.3,72.7,74.4,77.3,80.2,82.8,84.4,85.1,85.5,85.1,83.6,81.7,79.0,75.2,70.8,65.5,61.6,62.0,62.8,64.2,65.5,66.8,68.0,69.1,70.2,71.7,73.4,76.5,80.0,82.2,83.4,84.0,84.2,83.8,82.3,79.9,76.6,72.0,66.5,60.7,57.3,58.1,58.9,59.6,60.4,61.4,62.5,63.7,64.9,66.1,67.7,70.6,75.2,78.0,79.4,80.0
89.8,88.3,86.3,83.4,79.6,74.3,68.5,62.5,61.9,63.7,65.5,67.3,68.9,70.2,71.8,73.4,74.8,77.2,80.3,82.6,84.7,86.5,87.5,87.8,87.4,85.8,83.9,80.9,77.1,72.7,68.3,64.4,64.4,65.5,66.4,67.3,68.0,69.2,70.2,71.3,72.7,74.4,77.3,80.3,82.8,84.4,85.2,85.4,85.1,83.8,81.9,79.0,75.3,70.7,65.4,61.6,61.9,62.8,64.2,65.5,66.6,67.8,68.8,70.2,71.6,73.3,76.4,79.7,82.1,83.2,83.8,84.1,83.9,82.3,79.8,76.3,71.7,66.1,60.4,57.1,57.6,58.5,59.3,60.0,61.0,62.2,63.4,64.5,65.7,67.4,70.3,75.2,78.1,79.4
90.5,89.8,88.5,86.4,83.5,79.7,74.4,68.6,62.5,62.1,63.9,65.6,67.5,68.9,70.3,71.6,73.3,74.6,77.0,80.2,82.4,84.5,86.4,87.4,87.8,87.1,85.8,83.8,80.8,77.1,72.6,68.3,64.3,64.4,65.5,66.3,67.2,68.0,69.1,70.2,71.3,72.6,74.3,77.5,80.5,82.8,84.4,85.2,85.5,85.3,83.9,81.9,79.1,75.3,70.6,65.3,61.5,62.0,62.8,64.2,65.3,66.3,67.5,68.7,70.1,71.4,73.2,76.2,79.7,81.9,83.2,83.8,84.3,83.8,82.1,79.5,76.1,71.4,65.8,60.1,56.7,57.2,58.1,58.9,59.5,60.7,62.0,63.1,64.1,65.4,67.0,70.1,75.1,78.2
90.8,90.6,90.0,88.6,86.5,83.4,79.7,74.4,68.5,62.8,62.3,64.2,65.9,67.5,68.9,70.3,71.5,73.1,74.5,77.0,80.1,82.1,84.4,86.1,87.2,87.4,87.1,85.8,83.8,80.7,77.0,72.6,68.2,64.3,64.4,65.5,66.2,67.2,68.0,69.1,70.1,71.3,72.5,74.3,77.7,80.5,82.9,84.3,85.3,85.7,85.4,84.0,81.9,79.1,75.3,70.6,65.3,61.4,61.9,62.8,64.0,65.0,66.1,67.4,68.6,70.0,71.4,72.9,76.0,79.5,81.8,83.2,84.1,84.0,83.7,81.8,79.3,75.8,71.0,65.5,59.6,56.2,56.8,57.8,58.4,59.2,60.4,61.7,62.7,63.7,65.0,66.8,69.9,75.1
90.3,90.9,90.7,90.1,88.6,86.4,83.3,79.6,74.2,68.6,63.0,62.5,64.4,66.0,67.6,68.9,70.2,71.4,72.9,74.4,76.9,79.8,82.0,84.2,85.8,86.9,87.4,87.1,85.8,83.8,80.6,76.9,72.5,68.1,64.3,64.4,65.3,66.1,67.2,67.9,69.0,70.0,71.2,72.5,74.5,77.7,80.5,83.0,84.4,85.4,85.8,85.5,84.1,82.0,79.1,75.3,70.5,65.1,61.4,61.9,62.6,63.8,64.7,66.0,67.4,68.5,69.9,71.2,72.8,75.7,79.2,81.8,83.4,83.7,83.9,83.3,81.5,79.0,75.5,70.7,65.0,59.2,55.8,56.5,57.3,58.1,58.9,60.1,61.3,62.2,63.2,64.7,66.7,69.8
89.3,90.4,91.0,90.8,90.1,88.6,86.3,83.2,79.3,74.2,68.6,63.0,62.8,64.5,66.1,67.6,68.9,70.1,71.3,72.8,74.5,76.7,79.6,81.7,83.9,85.4,86.7,87.2,87.1,85.7,83.6,80.5,76.7,72.5,68.1,64.3,64.3,65.3,66.1,67.1,67.8,68.9,69.9,71.1,72.6,74.6,77.6,80.6,83.1,84.6,85.5,85.9,85.6,84.1,82.1,79.1,75.3,70.3,65.0,61.3,61.7,62.4,63.5,64.6,65.9,67.3,68.5,69.6,71.0,72.6,75.4,79.3,82.0,83.1,83.4,83.7,83.0,81.3,78.7,75.1,70.3,64.5,58.8,55.5,56.0,56.9,57.8,58.6,59.8,60.8,61.6,62.9,64.6,66.6
87.3,89.3,90.5,91.0,90.8,89.9,88.4,86.0,82.9,79.2,74.0,68.6,63.3,62.9,64.6,66.2,67.5,68.9,70.0,71.3,72.9,74.4,76.6,79.4,81.5,83.6,85.1,86.6,87.3,87.0,85.6,83.6,80.4,76.7,72.3,68.0,64.1,64.2,65.2,65.9,66.9,67.7,68.8,69.8,71.2,72.7,74.5,77.6,80.7,83.4,84.9,85.6,86.0,85.6,84.3,82.0,79.1,75.1,70.2,65.0,61.1,61.6,62.2,63.4,64.4,65.8,67.2,68.2,69.5,70.9,72.4,75.4,79.3,81.9,82.9,83.2,83.4,82.8,81.0,78.4,74.7,69.9,64.3,58.4,55.0,55.6,56.7,57.4,58.2,59.4,60.2,61.2,62.7,64.4
84.5,87.4,89.5,90.5,90.9,90.6,89.8,88.1,85.8,82.7,79.0,73.9,68.7,63.4,63.1,64.6,66.2,67.5,68.8,70.0,71.3,72.8,74.3,76.4,79.1,81.3,83.2,85.0,86.6,87.3,86.8,85.5,83.4,80.3,76.5,72.1,67.8,64.0,64.2,65.1,65.7,66.8,67.5,68.7,69.8,71.3,72.7,74.4,77.7,81.0,83.5,84.9,85.6,86.1,85.8,84.3,82.0,79.0,75.0,70.1,64.7,60.9,61.4,62.1,63.2,64.3,65.6,67.0,68.0,69.3,70.6,72.3,75.5,79.2,81.6,82.6,83.0,83.2,82.5,80.7,78.0,74.4,69.7,64.0,57.8,54.6,55.3,56.2,57.1,57.8,58.8,59.9,61.0,62.6
79.3,84.6,87.5,89.3,90.4,90.8,90.4,89.5,87.8,85.6,82.5,78.8,73.9,68.6,63.5,63.2,64.7,66.2,67.5,68.8,70.0,71.3,72.7,74.1,76.2,78.9,81.0,83.1,85.1,86.5,87.0,86.7,85.4,83.3,80.1,76.3,71.9,67.6,64.0,64.0,64.9,65.6,66.6,67.4,68.6,69.8,71.3,72.6,74.5,78.0,81.2,83.6,85.0,85.8,86.3,85.9,84.3,81.9,78.8,74.9,69.9,64.5,60.6,61.2,62.0,63.2,64.2,65.4,66.8,67.8,69.0,70.5,72.4,75.3,78.8,81.4,82.5,82.9,82.9,82.1,80.3,77.6,74.2,69.4,63.6,57.4,54.4,54.9,55.9,56.6,57.1,58.4,59.7,60.9
75.9,79.5,84.6,87.5,89.2,90.1,90.5,90.2,89.2,87.5,85.4,82.3,78.7,73.7,68.5,63.6,63.2,64.8,66.1,67.5,68.9,70.0,71.2,72.6,74.1,76.0,78.7,80.8,83.1,85.1,86.3,86.9,86.6,85.2,83.1,79.9,76.1,71.8,67.6,63.8,63.9,64.7,65.4,66.4,67.3,68.6,69.9,71.2,72.6,74.7,78.1,81.2,83.6,85.2,86.0,86.3,85.9,84.1,81.7,78.7,74.7,69.6,64.2,60.3,61.2,61.8,63.1,64.0,65.3,66.5,67.6,68.9,70.6,72.3,75.0,78.8,81.3,82.3,82.6,82.5,81.8,80.1,77.5,73.9,69.0,63.2,57.0,54.0,54.6,55.4,55.9,56.8,58.2,59.6
73.2,76.1,79.6,84.5,87.3,88.8,89.9,90.3,89.9,89.1,87.3,85.3,82.3,78.5,73.6,68.5,63.7,63.4,64.8,66.0,67.5,68.9,69.9,71.1,72.6,74.0,75.8,78.5,80.7,83.1,85.0,86.2,86.8,86.5,85.0,82.8,79.6,75.9,71.8,67.5,63.7,63.7,64.4,65.2,66.3,67.3,68.6,69.9,71.2,72.8,74.8,78.1,81.2,83.7,85.3,86.0,86.2,85.8,84.0,81.6,78.5,74.5,69.4,63.9,60.3,61.1,61.7,62.8,63.9,65.0,66.3,67.4,68.9,70.5,72.0,74.8,78.6,80.9,82.0,82.1,82.2,81.5,79.9,77.1,73.6,68.7,62.9,56.6,53.7,54.1,54.7,55.5,56.5,58.1
71.1,73.5,76.3,79.6,84.3,86.9,88.4,89.5,90.0,89.7,88.8,87.2,85.1,82.0,78.3,73.5,68.5,63.8,63.4,64.8,66.1,67.5,68.8,69.9,71.1,72.5,73.9,75.7,78.3,80.6,82.9,84.8,86.1,86.6,86.4,84.7,82.7,79.5,75.8,71.6,67.4,63.5,63.5,64.2,65.1,66.2,67.2,68.6,69.9,71.3,72.8,74.9,78.1,81.3,83.9,85.2,85.8,86.1,85.6,83.8,81.4,78.2,74.2,69.1,63.8,60.2,60.9,61.5,62.7,63.7,64.8,66.1,67.4,68.8,70.2,71.8,74.6,78.3,80.6,81.6,81.8,81.9,81.2,79.5,76.8,73.4,68.4,62.6,56.2,53.2,53.4,54.4,55.2,56.4
69.0,71.4,73.8,76.4,79.5,83.9,86.6,88.0,89.2,89.7,89.4,88.6,87.0,84.9,81.8,78.1,73.4,68.4,63.8,63.4,64.9,66.2,67.4,68.8,69.9,71.1,72.4,73.9,75.5,78.1,80.5,82.7,84.9,86.1,86.5,86.1,84.6,82.5,79.4,75.8,71.6,67.2,63.2,63.3,64.2,65.0,66.2,67.2,68.6,69.9,71.4,72.8,74.8,78.2,81.5,83.8,85.0,85.7,86.0,85.3,83.6,81.2,78.1,74.2,69.0,63.6,59.9,60.6,61.5,62.5,63.4,64.6,66.1,67.3,68.6,69.9,71.6,74.2,77.9,80.2,81.3,81.6,81.7,80.8,79.2,76.7,73.1,68.2,62.3,55.6,52.4,53.0,54.2,55.1
