day 0,day 1,day 2,day 3,day 4,day 5,day 6,day 7,day 8,day 9,day 10,day 11,day 12,day 13,day 14,day 15,day 16,day 17,day 18,day 19,day 20,day 21,day 22,day 23,day 24,day 25,day 26,day 27,day 28,day 29,day 30,day 31,day 32,day 33,day 34,day 35,day 36,day 37,day 38,day 39,day 40,day 41,day 42,day 43,day 44,day 45,day 46,day 47,day 48,day 49,day 50,day 51,day 52,day 53,day 54,day 55,day 56,day 57,day 58,day 59,day 60,day 61,day 62,day 63,day 64,day 65,day 66,day 67,day 68,day 69,day 70,day 71,day 72,day 73,day 74,day 75,day 76,day 77,day 78,day 79,day 80,day 81,day 82,day 83,day 84,day 85,day 86,day 87,day 88,day 89,day 90,day 91,day 92,day 93
76.6,78.4,80.0,81.8,84.8,88.8,91.8,93.5,94.2,94.0,93.2,92.4,90.8,88.2,85.3,82.0,78.6,75.6,72.3,70.7,71.7,72.7,74.2,75.7,77.2,78.7,80.5,82.3,84.7,88.3,91.2,92.9,93.7,93.9,93.2,92.2,90.5,87.9,85.1,81.8,78.8,75.7,72.1,71.3,72.2,73.3,74.5,75.9,77.2,78.4,79.9,81.5,83.4,86.6,90.3,92.1,93.1,94.0,93.2,92.0,90.0,87.3,84.0,80.5,76.8,73.4,69.0,69.0,69.7,70.6,71.6,72.4,73.4,74.3,75.3,76.4,77.9,80.0,83.5,85.5,86.4,86.4,85.9,84.7,82.8,80.2,77.1,73.8,70.1,66.4,62.9,63.1,63.6,64.1
75.2,76.6,78.4,80.0,81.8,84.6,88.7,91.8,93.1,93.7,93.7,93.2,92.3,90.7,88.2,85.4,82.0,78.8,75.7,72.4,70.7,71.7,72.8,74.3,76.0,77.2,78.7,80.5,82.4,84.7,88.1,91.0,92.7,93.5,93.6,93.0,92.1,90.4,87.8,85.1,82.1,78.9,75.8,72.1,71.3,72.2,73.3,74.4,75.8,77.1,78.5,80.0,81.5,83.4,86.4,89.9,91.7,93.1,93.7,92.8,91.9,89.9,87.2,83.9,80.4,76.7,73.3,68.9,68.7,69.4,70.3,71.2,72.1,73.1,74.1,74.8,76.0,77.3,79.4,83.0,85.1,86.0,86.0,85.5,84.3,82.5,80.1,76.9,73.6,69.8,66.0,62.6,62.8,63.4
73.5,75.3,76.6,78.4,80.1,81.7,84.5,88.6,91.3,92.7,93.6,93.6,93.0,92.3,90.6,88.3,85.4,82.1,78.8,75.8,72.4,70.7,71.7,72.9,74.6,76.0,77.3,78.8,80.5,82.4,84.6,88.0,90.8,92.6,93.1,93.4,92.8,91.9,90.3,87.9,85.4,82.3,79.1,75.8,72.1,71.3,72.1,73.3,74.4,75.8,77.2,78.5,79.9,81.4,83.2,86.2,89.5,91.5,92.7,93.3,92.6,91.8,89.7,87.1,83.9,80.3,76.6,73.2,68.6,68.5,69.2,70.0,70.9,71.8,72.8,73.7,74.4,75.4,76.8,78.9,82.5,84.6,85.6,85.6,85.2,84.1,82.4,79.9,76.7,73.3,69.5,65.8,62.3,62.6
71.8,73.6,75.2,76.6,78.4,79.9,81.6,84.6,88.1,90.8,92.5,93.5,93.4,93.0,92.2,90.8,88.4,85.5,82.2,78.9,75.8,72.4,70.8,71.8,73.1,74.6,76.0,77.2,78.8,80.5,82.4,84.5,87.7,90.8,92.2,93.0,93.3,92.7,91.9,90.3,88.2,85.6,82.3,79.1,75.8,72.0,71.1,72.1,73.2,74.3,75.9,77.2,78.4,79.9,81.3,83.1,85.8,89.4,91.2,92.4,93.1,92.6,91.5,89.6,87.0,83.8,80.2,76.6,73.0,68.3,68.2,68.8,69.7,70.6,71.5,72.4,73.2,73.9,75.0,76.4,78.4,81.9,84.1,85.0,85.3,84.9,84.0,82.2,79.7,76.4,73.0,69.4,65.6,62.1
70.4,71.9,73.6,75.1,76.6,78.4,79.8,81.6,84.1,87.7,90.7,92.4,93.2,93.3,92.9,92.3,90.9,88.5,85.6,82.3,79.0,75.8,72.5,70.8,72.0,73.1,74.6,76.0,77.2,78.9,80.5,82.2,84.2,87.7,90.5,92.0,92.8,93.1,92.7,91.8,90.6,88.5,85.7,82.3,79.0,75.8,71.8,71.1,72.1,73.2,74.3,75.8,77.1,78.3,79.8,81.2,82.8,85.7,89.1,90.9,92.2,93.1,92.4,91.3,89.5,86.8,83.7,80.2,76.4,72.8,68.0,67.8,68.6,69.4,70.3,71.2,72.0,72.8,73.5,74.6,76.0,77.9,81.4,83.8,84.7,85.1,84.8,83.9,82.0,79.3,76.2,72.9,69.3,65.4
69.3,70.5,71.9,73.5,75.1,76.6,78.3,79.8,81.2,83.7,87.6,90.6,92.3,93.0,93.2,93.0,92.5,91.0,88.6,85.8,82.4,79.0,75.9,72.5,71.0,72.1,73.2,74.6,76.0,77.4,78.9,80.4,82.1,84.3,87.4,90.4,91.9,92.6,93.2,92.7,92.1,90.9,88.7,85.7,82.4,79.0,75.7,71.7,71.0,72.0,73.3,74.4,75.7,77.0,78.1,79.7,80.8,82.8,85.4,88.7,90.5,92.3,92.9,92.3,91.3,89.3,86.8,83.7,80.0,76.2,72.4,67.7,67.6,68.3,69.1,70.0,70.8,71.6,72.4,73.1,74.1,75.6,77.5,81.0,83.4,84.5,84.9,84.5,83.6,81.7,79.1,76.1,72.7,69.1
71.8,69.4,70.5,71.9,73.6,75.1,76.6,78.4,79.4,80.9,83.8,87.5,90.4,92.0,93.0,93.2,93.2,92.5,91.1,88.8,85.9,82.4,79.1,76.1,72.6,71.1,72.1,73.3,74.7,76.1,77.3,78.8,80.2,82.0,84.0,87.2,90.3,91.7,92.7,93.1,93.2,92.4,91.0,88.7,85.8,82.4,78.9,75.6,71.6,71.0,72.1,73.3,74.3,75.6,76.8,78.0,79.4,80.8,82.5,85.1,88.3,90.5,92.0,92.8,92.2,91.0,89.2,86.8,83.6,79.8,76.0,72.1,67.4,67.3,68.1,68.8,69.6,70.4,71.2,72.0,72.6,73.8,75.1,77.1,80.6,83.2,84.2,84.6,84.3,83.4,81.6,79.2,76.2,72.6
75.7,71.8,69.3,70.5,72.0,73.6,75.1,76.7,78.0,79.1,81.0,83.7,87.4,90.2,92.0,93.0,93.4,93.2,92.7,91.3,88.9,85.9,82.5,79.3,76.1,72.7,71.1,72.2,73.3,74.7,76.1,77.3,78.7,80.2,81.8,83.8,87.1,89.9,91.7,92.7,93.5,93.4,92.5,91.1,88.8,85.9,82.3,78.9,75.6,71.5,71.0,72.1,73.2,74.2,75.4,76.7,77.7,79.3,80.5,82.3,84.7,88.3,90.2,91.9,92.6,92.0,90.9,89.2,86.7,83.4,79.5,75.7,71.9,67.1,67.1,67.8,68.5,69.3,69.9,70.9,71.6,72.4,73.4,74.9,76.7,80.3,82.9,84.0,84.4,84.1,83.1,81.6,79.2,76.1
79.5,75.6,71.7,69.3,70.7,72.2,73.6,75.2,76.4,77.8,79.3,81.0,83.7,87.2,90.2,91.9,93.2,93.4,93.3,92.9,91.4,89.0,86.1,82.7,79.3,76.1,72.7,71.2,72.3,73.4,74.7,76.0,77.2,78.8,80.0,81.6,83.7,86.7,89.9,91.8,93.0,93.6,93.5,92.7,91.2,88.9,85.8,82.4,78.8,75.6,71.5,71.1,72.0,73.2,74.1,75.3,76.4,77.6,78.9,80.2,81.9,84.6,87.9,90.2,91.8,92.4,91.8,90.9,89.1,86.4,83.1,79.2,75.5,71.6,66.8,66.8,67.5,68.1,68.8,69.6,70.5,71.3,72.0,73.2,74.5,76.4,79.9,82.6,83.7,84.1,83.9,83.2,81.7,79.1
83.9,79.3,75.4,71.7,69.5,70.8,72.2,73.7,75.0,76.2,77.9,79.2,81.0,83.5,87.1,90.2,92.2,93.1,93.5,93.5,93.0,91.4,89.1,86.3,82.7,79.3,76.2,72.6,71.2,72.3,73.4,74.7,76.0,77.3,78.6,79.8,81.5,83.4,86.6,90.1,92.1,93.1,93.7,93.8,92.8,91.3,88.8,85.8,82.3,78.9,75.5,71.5,71.0,72.0,73.0,74.0,75.0,76.3,77.3,78.7,79.9,81.9,84.4,87.8,90.1,91.6,92.2,91.7,90.8,88.8,86.0,82.9,79.0,75.1,71.3,66.5,66.6,67.2,67.7,68.4,69.2,70.1,70.9,71.8,72.9,74.2,76.0,79.5,82.3,83.4,84.1,84.0,83.4,81.7
87.6,83.6,79.1,75.3,71.8,69.6,70.9,72.3,73.5,74.8,76.3,77.8,79.2,81.0,83.5,87.1,90.5,92.1,93.3,93.7,93.7,93.0,91.5,89.4,86.3,82.7,79.3,76.2,72.6,71.3,72.4,73.3,74.6,76.0,77.1,78.5,79.8,81.3,83.3,86.7,90.3,92.2,93.2,93.9,93.9,92.8,91.2,88.9,85.7,82.4,78.8,75.5,71.3,70.9,71.9,73.0,73.7,74.9,76.1,77.0,78.4,79.8,81.6,84.2,87.7,89.8,91.4,92.0,91.5,90.4,88.3,85.8,82.6,78.7,74.9,70.8,66.2,66.3,66.8,67.3,68.1,68.9,69.7,70.6,71.5,72.6,73.9,75.7,79.1,82.0,83.4,84.1,84.2,83.4
91.0,87.3,83.2,78.9,75.3,71.8,69.7,71.0,72.1,73.4,74.9,76.3,77.8,79.3,81.0,83.5,87.3,90.3,92.3,93.5,93.9,93.7,93.2,91.8,89.4,86.3,82.7,79.3,76.1,72.6,71.3,72.3,73.3,74.7,75.9,77.1,78.5,79.6,81.2,83.4,86.8,90.3,92.3,93.2,94.0,93.8,92.9,91.3,88.8,85.8,82.4,78.9,75.4,71.2,70.8,71.8,72.7,73.6,74.6,75.8,76.8,78.3,79.5,81.5,84.1,87.4,89.7,91.3,91.7,91.2,90.0,88.2,85.6,82.3,78.4,74.3,70.3,65.9,65.9,66.4,67.0,67.8,68.5,69.4,70.3,71.2,72.4,73.6,75.3,78.8,82.0,83.4,84.3,84.3
93.2,90.6,86.9,82.9,78.9,75.3,71.8,69.9,70.9,72.0,73.5,74.9,76.4,77.8,79.3,81.1,83.8,87.2,90.5,92.5,93.8,94.0,93.9,93.6,91.9,89.2,86.3,82.8,79.3,76.1,72.7,71.3,72.2,73.3,74.6,75.8,77.1,78.5,79.5,81.2,83.5,86.8,90.4,92.3,93.3,94.0,93.8,92.9,91.2,88.9,85.8,82.4,78.8,75.3,71.0,70.7,71.6,72.5,73.4,74.4,75.6,76.7,78.1,79.3,81.4,83.8,87.4,89.6,91.1,91.4,90.8,89.8,87.9,85.2,81.9,77.7,73.9,69.9,65.6,65.6,66.2,66.7,67.4,68.2,69.1,70.1,71.0,72.1,73.3,75.0,78.6,82.0,83.5,84.3
95.1,92.8,90.2,86.6,82.8,78.8,75.3,72.0,69.8,70.8,72.1,73.5,75.0,76.4,77.8,79.4,81.3,83.7,87.3,90.6,92.7,93.8,94.1,94.2,93.6,91.8,89.2,86.3,82.7,79.3,76.0,72.6,71.3,72.2,73.2,74.5,75.8,77.1,78.5,79.5,81.4,83.4,86.8,90.4,92.5,93.1,94.0,93.9,92.8,91.4,88.9,85.9,82.3,78.6,75.1,70.9,70.5,71.4,72.3,73.2,74.1,75.5,76.5,77.9,79.2,81.1,83.7,87.2,89.4,90.9,91.0,90.6,89.5,87.5,84.9,81.3,77.4,73.5,69.5,65.2,65.4,65.9,66.3,67.2,67.9,68.9,69.9,70.7,71.7,72.9,74.8,78.5,82.1,83.7
95.9,94.8,92.5,89.8,86.3,82.6,78.8,75.4,71.8,69.8,70.9,72.1,73.6,75.0,76.4,78.0,79.6,81.4,83.8,87.4,90.9,92.8,93.9,94.4,94.1,93.6,91.7,89.2,86.3,82.6,79.2,75.9,72.5,71.3,72.2,73.2,74.4,75.7,77.0,78.5,79.6,81.3,83.5,86.7,90.6,92.4,93.2,94.1,93.7,93.1,91.4,88.9,85.8,82.1,78.4,74.9,70.6,70.4,71.2,72.1,73.0,74.1,75.2,76.4,77.9,79.0,81.0,83.5,87.0,89.1,90.5,90.7,90.2,89.1,87.2,84.2,80.7,77.0,73.1,69.0,65.0,65.1,65.6,66.2,66.9,67.7,68.7,69.7,70.4,71.4,72.8,74.6,78.4,82.1
96.3,95.7,94.5,92.2,89.5,86.1,82.6,78.7,75.2,71.7,69.9,71.0,72.3,73.6,75.1,76.6,78.1,79.6,81.4,83.9,87.7,91.0,93.0,94.1,94.4,94.1,93.5,91.7,89.1,86.1,82.5,79.1,75.8,72.5,71.2,72.1,73.2,74.4,75.8,77.1,78.7,79.7,81.5,83.4,86.8,90.5,92.5,93.3,94.1,94.0,93.2,91.4,88.9,85.6,81.9,78.1,74.6,70.5,70.2,71.0,71.8,72.8,73.9,75.1,76.4,77.6,78.9,80.7,83.2,86.8,88.8,90.2,90.4,89.8,88.8,86.5,83.7,80.2,76.6,72.7,68.7,64.7,64.8,65.4,65.9,66.6,67.5,68.6,69.3,70.1,71.3,72.6,74.5,78.3
95.9,96.0,95.3,94.1,91.9,89.2,86.1,82.5,78.5,75.1,71.8,70.0,71.1,72.3,73.7,75.2,76.7,78.1,79.7,81.5,84.1,87.7,91.1,93.3,94.1,94.4,94.1,93.4,91.6,88.9,85.9,82.3,79.0,75.7,72.4,71.2,72.1,73.1,74.4,75.8,77.2,78.7,79.8,81.4,83.5,86.7,90.7,92.4,93.4,94.3,94.1,93.2,91.4,88.8,85.4,81.6,77.9,74.4,70.3,70.0,70.8,71.7,72.7,73.8,75.0,76.1,77.4,78.6,80.4,82.9,86.5,88.6,89.8,90.0,89.5,88.2,85.9,83.1,79.8,76.1,72.3,68.3,64.4,64.6,65.2,65.6,66.5,67.4,68.2,69.0,70.0,71.1,72.5,74.4
94.9,95.7,95.7,95.0,93.7,91.6,89.2,85.9,82.2,78.4,75.2,71.9,70.1,71.2,72.3,73.9,75.4,76.6,78.1,79.7,81.6,84.2,87.9,91.4,93.3,94.1,94.5,94.0,93.2,91.4,88.7,85.7,82.3,78.8,75.7,72.3,71.2,72.1,73.1,74.3,76.0,77.3,78.9,79.8,81.4,83.4,86.7,90.6,92.5,93.7,94.5,94.2,93.2,91.3,88.6,85.0,81.3,77.6,74.2,70.0,69.7,70.7,71.5,72.5,73.7,74.8,76.0,77.1,78.3,80.1,82.6,86.3,88.3,89.6,89.6,88.9,87.5,85.4,82.6,79.3,75.7,71.8,67.9,64.2,64.4,65.0,65.4,66.4,67.1,68.0,68.9,69.8,71.0,72.4
92.9,94.6,95.3,95.2,94.5,93.5,91.6,88.8,85.5,82.2,78.5,75.2,72.0,70.2,71.2,72.5,74.0,75.4,76.7,78.2,79.7,81.8,84.3,88.3,91.4,93.2,94.0,94.4,93.8,93.1,91.2,88.5,85.7,82.1,78.8,75.6,72.2,71.2,72.1,73.0,74.5,76.0,77.4,78.7,79.8,81.3,83.4,86.7,90.7,92.7,93.8,94.5,94.2,93.1,91.2,88.2,84.7,81.2,77.4,74.0,69.7,69.7,70.5,71.4,72.5,73.6,74.8,75.7,76.8,78.0,79.8,82.3,86.0,88.0,89.2,89.1,88.3,87.0,84.9,82.2,78.9,75.2,71.4,67.6,64.0,64.2,64.8,65.4,66.2,66.8,67.8,68.7,69.9,70.9
89.6,92.8,94.3,95.0,94.9,94.4,93.5,91.3,88.4,85.5,82.2,78.5,75.3,72.0,70.2,71.4,72.7,74.0,75.5,76.7,78.2,79.9,82.0,84.7,88.3,91.4,93.1,94.1,94.4,93.7,92.9,91.0,88.5,85.5,82.1,78.7,75.6,72.1,71.2,72.0,73.2,74.6,76.1,77.3,78.6,79.7,81.4,83.3,86.6,90.9,92.8,93.7,94.6,94.0,93.0,90.8,87.9,84.5,81.0,77.3,73.8,69.7,69.5,70.4,71.3,72.3,73.4,74.5,75.5,76.5,77.6,79.5,81.9,85.6,87.6,88.7,88.4,87.7,86.5,84.5,81.8,78.4,74.7,71.0,67.3,63.8,64.1,64.7,65.1,65.9,66.6,67.7,68.6,69.8
85.0,89.5,92.5,94.1,94.6,94.8,94.3,93.0,90.9,88.4,85.5,82.1,78.5,75.3,72.1,70.4,71.6,72.7,74.1,75.6,76.7,78.2,80.1,82.3,84.7,88.3,91.3,93.1,94.2,94.2,93.6,92.7,91.0,88.3,85.4,81.9,78.7,75.5,72.1,71.1,72.2,73.3,74.6,76.1,77.2,78.5,79.7,81.3,83.3,86.8,90.8,92.6,93.7,94.4,94.0,92.7,90.5,87.8,84.3,80.8,77.1,73.8,69.5,69.4,70.3,71.1,72.2,73.2,74.3,75.2,76.2,77.5,79.1,81.6,85.2,87.2,88.1,87.8,87.2,86.1,84.1,81.4,77.9,74.4,70.8,67.1,63.6,64.0,64.5,64.8,65.6,66.4,67.6,68.6
82.0,85.0,89.3,92.3,93.8,94.5,94.8,93.9,92.5,90.8,88.4,85.4,82.0,78.5,75.4,72.1,70.5,71.6,72.8,74.2,75.5,76.8,78.4,80.4,82.4,84.7,88.2,91.4,93.2,94.0,94.2,93.4,92.7,90.8,88.2,85.2,81.9,78.6,75.4,72.1,71.2,72.2,73.3,74.6,76.0,77.2,78.5,79.7,81.4,83.5,86.8,90.6,92.6,93.4,94.3,93.7,92.5,90.4,87.5,84.2,80.7,77.1,73.6,69.4,69.3,70.0,71.0,72.0,73.0,73.9,74.8,76.0,77.1,78.9,81.1,84.7,86.6,87.4,87.2,86.8,85.7,83.6,80.9,77.6,74.1,70.5,66.8,63.5,63.8,64.1,64.5,65.4,66.4,67.5
80.1,81.9,84.8,89.1,92.0,93.6,94.6,94.5,93.4,92.4,90.9,88.3,85.3,82.0,78.6,75.4,72.3,70.6,71.7,72.8,74.1,75.6,77.0,78.7,80.5,82.4,84.6,88.3,91.4,93.0,93.9,93.9,93.4,92.4,90.7,88.1,85.2,81.8,78.6,75.6,72.1,71.3,72.3,73.3,74.5,75.9,77.2,78.4,79.7,81.5,83.5,86.6,90.6,92.3,93.3,94.1,93.4,92.3,90.2,87.4,84.1,80.7,76.9,73.5,69.2,69.1,69.9,70.8,71.8,72.7,73.6,74.6,75.6,76.9,78.4,80.6,84.1,86.0,86.8,86.8,86.4,85.2,83.1,80.5,77.3,74.0,70.3,66.6,63.3,63.4,63.9,64.3,65.3,66.3
78.4,80.0,81.8,84.8,88.8,91.8,93.5,94.2,94.0,93.2,92.4,90.8,88.2,85.3,82.0,78.6,75.6,72.3,70.7,71.7,72.7,74.2,75.7,77.2,78.7,80.5,82.3,84.7,88.3,91.2,92.9,93.7,93.9,93.2,92.2,90.5,87.9,85.1,81.8,78.8,75.7,72.1,71.3,72.2,73.3,74.5,75.9,77.2,78.4,79.9,81.5,83.4,86.6,90.3,92.1,93.1,94.0,93.2,92.0,90.0,87.3,84.0,80.5,76.8,73.4,69.0,69.0,69.7,70.6,71.6,72.4,73.4,74.3,75.3,76.4,77.9,80.0,83.5,85.5,86.4,86.4,85.9,84.7,82.8,80.2,77.1,73.8,70.1,66.4,62.9,63.1,63.6,64.1,65.2
76.6,78.4,80.0,81.8,84.6,88.7,91.8,93.1,93.7,93.7,93.2,92.3,90.7,88.2,85.4,82.0,78.8,75.7,72.4,70.7,71.7,72.8,74.3,76.0,77.2,78.7,80.5,82.4,84.7,88.1,91.0,92.7,93.5,93.6,93.0,92.1,90.4,87.8,85.1,82.1,78.9,75.8,72.1,71.3,72.2,73.3,74.4,75.8,77.1,78.5,80.0,81.5,83.4,86.4,89.9,91.7,93.1,93.7,92.8,91.9,89.9,87.2,83.9,80.4,76.7,73.3,68.9,68.7,69.4,70.3,71.2,72.1,73.1,74.1,74.8,76.0,77.3,79.4,83.0,85.1,86.0,86.0,85.5,84.3,82.5,80.1,76.9,73.6,69.8,66.0,62.6,62.8,63.4,64.0
