day 0,day 1,day 2,day 3,day 4,day 5,day 6,day 7,day 8,day 9,day 10,day 11,day 12,day 13,day 14,day 15,day 16,day 17,day 18,day 19,day 20,day 21,day 22,day 23,day 24,day 25,day 26,day 27,day 28,day 29,day 30,day 31,day 32,day 33,day 34,day 35,day 36,day 37,day 38,day 39,day 40,day 41,day 42,day 43,day 44,day 45,day 46,day 47,day 48,day 49,day 50,day 51,day 52,day 53,day 54,day 55,day 56,day 57,day 58,day 59,day 60,day 61,day 62,day 63,day 64,day 65,day 66,day 67,day 68,day 69,day 70,day 71,day 72,day 73,day 74,day 75,day 76,day 77,day 78,day 79,day 80,day 81,day 82,day 83,day 84,day 85,day 86,day 87,day 88,day 89,day 90
75.8,76.2,76.8,77.4,78.1,79.2,81.5,84.0,85.9,87.1,87.6,87.1,86.2,84.6,82.5,79.5,75.4,71.5,70.9,70.9,71.1,71.3,71.5,71.8,72.2,72.7,73.4,74.1,75.0,76.1,78.2,81.4,83.1,83.6,83.7,83.0,81.7,80.1,77.4,73.2,68.1,64.2,64.0,64.1,64.1,64.2,64.6,65.0,65.6,66.2,66.8,67.7,68.8,70.0,72.0,76.1,78.0,78.9,78.8,78.2,77.0,74.7,71.2,66.4,61.7,58.8,59.1,59.3,59.8,60.3,60.7,61.1,61.8,62.5,63.2,64.1,65.4,67.0,69.3,73.3,75.4,76.2,76.2,75.3,74.0,71.8,68.4,63.5,59.6,58.0,58.4
75.4,75.6,76.0,76.6,77.2,77.9,79.2,81.4,84.0,85.9,87.0,87.5,87.0,86.1,84.5,82.4,79.4,75.2,71.3,70.7,70.8,71.0,71.1,71.3,71.6,71.9,72.3,72.9,73.7,74.8,75.8,77.8,81.1,82.8,83.4,83.5,82.8,81.5,79.8,77.1,72.9,67.8,64.0,63.8,63.8,63.8,64.0,64.4,65.0,65.5,65.8,66.6,67.5,68.5,69.7,71.7,76.0,78.0,78.8,78.7,78.0,76.7,74.4,71.0,66.4,61.6,58.9,59.0,59.5,59.9,60.2,60.7,61.0,61.8,62.3,62.9,64.0,65.4,67.1,69.2,73.2,75.3,76.2,75.8,75.1,73.9,71.7,68.1,63.6,59.6,58.3
74.9,75.2,75.4,75.8,76.5,77.0,77.8,79.1,81.5,84.1,85.8,87.0,87.4,86.9,86.0,84.4,82.4,79.3,75.1,71.1,70.6,70.7,70.7,70.8,71.0,71.3,71.6,71.9,72.6,73.5,74.4,75.4,77.4,80.9,82.7,83.2,83.2,82.6,81.2,79.6,76.8,72.6,67.5,63.7,63.4,63.4,63.6,64.0,64.4,64.8,65.0,65.6,66.3,67.2,68.1,69.4,71.5,75.9,77.9,78.7,78.5,77.7,76.4,74.2,70.9,66.4,61.7,58.9,59.1,59.6,59.8,60.2,60.5,61.0,61.6,62.1,62.9,64.1,65.5,67.0,69.2,73.2,75.4,75.9,75.8,75.1,73.8,71.4,68.1,63.7,59.8
74.5,74.7,75.0,75.2,75.6,76.3,76.9,77.8,79.1,81.4,84.2,85.8,87.0,87.4,86.8,85.9,84.5,82.3,79.1,74.8,71.0,70.4,70.4,70.4,70.5,70.7,70.9,71.1,71.6,72.4,73.2,74.0,75.0,77.1,80.6,82.4,82.9,83.1,82.3,80.9,79.3,76.6,72.3,67.3,63.3,63.1,63.2,63.6,63.9,64.2,64.4,64.8,65.3,66.0,66.8,67.9,69.3,71.4,75.8,77.8,78.5,78.2,77.5,76.2,74.2,71.0,66.4,61.6,59.0,59.3,59.5,59.8,60.0,60.4,60.8,61.4,62.1,63.1,64.1,65.5,66.9,69.1,73.2,75.1,75.8,75.7,74.8,73.6,71.6,68.3,63.8
74.2,74.3,74.4,74.8,75.0,75.5,76.2,76.8,77.8,79.1,81.5,84.2,85.8,86.9,87.4,86.8,86.0,84.5,82.2,78.9,74.7,70.8,70.2,70.1,70.2,70.2,70.3,70.5,70.9,71.4,72.1,72.8,73.6,74.7,76.9,80.3,82.1,82.7,82.8,82.0,80.7,79.2,76.3,72.0,66.9,62.9,62.9,63.2,63.5,63.7,63.8,64.1,64.5,64.9,65.7,66.6,67.7,69.1,71.3,75.7,77.6,78.2,78.0,77.4,76.2,74.3,71.0,66.3,61.7,59.1,59.1,59.6,59.5,59.9,60.2,60.5,61.3,62.2,63.1,64.1,65.4,67.0,69.2,73.0,75.1,75.8,75.5,74.7,73.8,71.9,68.3
73.9,73.9,74.1,74.2,74.6,74.8,75.3,76.1,76.8,77.8,79.1,81.5,84.2,85.8,86.9,87.3,86.8,85.9,84.3,82.0,78.7,74.5,70.5,69.9,69.8,69.9,69.8,69.9,70.2,70.7,71.1,71.7,72.3,73.3,74.6,76.6,80.1,82.0,82.5,82.5,81.8,80.6,78.9,76.0,71.6,66.6,62.7,62.8,63.1,63.3,63.3,63.5,63.8,64.1,64.6,65.4,66.4,67.6,69.0,71.3,75.5,77.3,78.0,77.9,77.3,76.3,74.2,71.0,66.4,61.8,58.9,59.1,59.4,59.5,59.7,59.9,60.4,61.4,62.3,63.1,64.0,65.3,66.9,68.9,73.0,75.1,75.6,75.4,74.9,74.0,71.8
73.7,73.7,73.7,73.8,74.0,74.4,74.7,75.2,76.1,76.8,77.7,79.1,81.5,84.2,85.9,86.8,87.4,86.7,85.7,84.1,81.9,78.6,74.3,70.2,69.6,69.5,69.5,69.4,69.7,70.0,70.4,70.7,71.3,72.1,73.1,74.2,76.3,79.9,81.7,82.2,82.3,81.6,80.3,78.6,75.7,71.4,66.3,62.7,62.7,62.9,62.9,63.0,63.2,63.3,63.8,64.4,65.3,66.3,67.5,69.0,71.1,75.2,77.0,77.9,77.8,77.4,76.2,74.3,71.0,66.5,61.6,59.0,59.0,59.3,59.2,59.4,59.8,60.5,61.5,62.3,62.9,63.9,65.3,66.7,68.8,72.9,74.9,75.5,75.6,75.1,74.0
74.4,73.5,73.5,73.5,73.7,73.8,74.3,74.6,75.2,76.0,76.7,77.7,79.1,81.5,84.2,85.9,86.8,87.3,86.6,85.5,84.0,81.7,78.4,74.0,69.9,69.3,69.1,69.1,69.1,69.4,69.7,70.0,70.3,71.0,71.8,72.7,73.9,76.0,79.6,81.5,82.0,82.2,81.4,80.1,78.4,75.6,71.2,66.2,62.6,62.5,62.5,62.6,62.7,62.8,63.0,63.5,64.2,65.2,66.2,67.4,68.8,70.8,74.9,76.9,77.8,78.0,77.3,76.2,74.3,71.1,66.2,61.4,58.7,58.9,59.1,59.0,59.4,60.0,60.6,61.5,62.2,62.8,63.9,65.0,66.5,68.8,72.7,74.8,75.6,75.8,75.2
77.8,74.2,73.2,73.2,73.3,73.5,73.7,74.2,74.6,75.1,75.9,76.7,77.7,79.0,81.3,84.1,85.9,86.7,87.1,86.4,85.4,83.9,81.6,78.2,73.7,69.5,68.9,68.7,68.8,69.0,69.1,69.3,69.6,70.0,70.7,71.4,72.4,73.7,75.7,79.3,81.2,81.8,82.0,81.1,79.8,78.3,75.4,71.1,66.0,62.3,62.1,62.3,62.3,62.3,62.4,62.7,63.3,64.1,65.0,66.1,67.2,68.4,70.5,74.7,76.8,77.9,78.0,77.4,76.2,74.4,71.0,66.1,61.2,58.7,58.7,58.9,58.9,59.5,60.1,60.6,61.3,62.0,62.8,63.7,64.8,66.5,68.6,72.7,74.9,75.9,75.9
81.4,77.6,73.9,73.0,73.0,73.1,73.4,73.6,74.1,74.5,75.0,75.8,76.6,77.6,78.9,81.2,84.1,85.8,86.7,87.0,86.3,85.2,83.7,81.4,77.9,73.4,69.1,68.5,68.4,68.6,68.6,68.7,68.9,69.3,69.8,70.4,71.0,72.1,73.4,75.3,79.0,81.0,81.6,81.8,80.9,79.8,78.1,75.3,70.8,65.6,62.0,61.9,61.9,61.9,62.0,62.2,62.6,63.1,63.9,65.0,65.8,66.8,68.1,70.3,74.6,76.8,77.8,78.0,77.3,76.3,74.3,70.9,65.7,61.0,58.4,58.5,58.9,59.1,59.6,60.0,60.4,61.2,62.0,62.6,63.5,64.8,66.3,68.6,72.8,75.1,76.0
84.0,81.2,77.4,73.7,72.8,72.9,73.0,73.3,73.6,74.0,74.4,74.9,75.7,76.5,77.5,78.7,81.2,84.0,85.8,86.5,86.8,86.1,85.1,83.5,81.2,77.6,73.0,68.7,68.2,68.3,68.2,68.2,68.3,68.6,69.2,69.4,69.9,70.7,71.8,73.0,75.0,78.8,80.8,81.4,81.5,80.9,79.6,78.0,75.0,70.3,65.2,61.7,61.6,61.4,61.6,61.8,62.0,62.4,63.0,63.9,64.7,65.4,66.4,67.9,70.2,74.7,76.8,77.9,77.9,77.3,76.2,74.2,70.6,65.5,60.7,58.3,58.5,59.0,59.2,59.5,59.8,60.3,61.2,61.8,62.4,63.6,64.6,66.2,68.7,73.0,75.3
85.8,83.8,81.0,77.1,73.5,72.6,72.7,72.9,73.2,73.5,73.9,74.2,74.8,75.6,76.4,77.4,78.7,81.0,83.9,85.8,86.5,86.6,85.9,84.9,83.3,80.9,77.2,72.5,68.4,68.0,67.8,67.8,67.8,68.1,68.5,68.7,69.0,69.6,70.5,71.5,72.7,74.7,78.6,80.6,81.2,81.5,80.7,79.5,77.8,74.5,69.9,64.9,61.3,61.1,61.1,61.3,61.6,61.9,62.3,62.9,63.7,64.2,65.1,66.2,67.7,70.2,74.6,76.8,77.9,77.9,77.3,76.1,73.9,70.3,65.2,60.5,58.4,58.7,59.2,59.2,59.3,59.7,60.3,60.9,61.6,62.5,63.4,64.5,66.4,68.9,73.1
87.0,85.6,83.6,80.8,76.9,73.2,72.5,72.6,72.9,73.1,73.3,73.7,74.1,74.7,75.5,76.2,77.3,78.5,80.9,83.9,85.7,86.4,86.4,85.8,84.7,83.0,80.5,76.9,72.2,68.2,67.6,67.4,67.4,67.6,68.0,68.1,68.4,68.7,69.3,70.1,71.2,72.5,74.6,78.4,80.4,81.3,81.3,80.6,79.3,77.3,74.2,69.6,64.5,60.9,60.9,60.9,61.1,61.4,61.8,62.2,62.7,63.2,63.9,64.9,66.1,67.8,70.1,74.7,76.8,77.8,77.9,77.2,75.7,73.5,70.1,64.9,60.5,58.6,58.9,59.1,59.0,59.2,59.7,60.0,60.7,61.8,62.4,63.4,64.6,66.6,69.1
87.8,86.9,85.4,83.4,80.6,76.7,73.1,72.4,72.6,72.8,72.9,73.2,73.5,73.9,74.5,75.3,76.2,77.3,78.4,80.8,83.8,85.6,86.2,86.3,85.6,84.4,82.7,80.3,76.6,71.9,67.8,67.2,67.0,67.2,67.4,67.5,67.7,68.1,68.4,68.9,69.8,71.0,72.4,74.3,78.3,80.4,81.1,81.2,80.4,78.9,77.1,73.9,69.2,64.0,60.6,60.6,60.7,61.0,61.4,61.7,62.0,62.3,62.9,63.7,64.7,66.2,67.7,70.3,74.6,76.8,77.7,77.8,76.9,75.4,73.4,69.8,64.8,60.6,58.8,58.8,58.9,58.8,59.1,59.4,59.8,60.9,61.6,62.4,63.4,64.8,66.7
88.2,87.7,86.8,85.2,83.3,80.5,76.5,73.0,72.4,72.5,72.6,72.8,73.0,73.4,73.8,74.3,75.2,76.1,77.1,78.3,80.7,83.8,85.5,86.1,86.1,85.4,84.0,82.5,80.1,76.3,71.5,67.3,66.9,66.8,67.0,67.0,67.1,67.4,67.8,68.0,68.6,69.6,70.8,72.1,74.1,78.3,80.3,81.0,80.9,80.0,78.8,76.8,73.5,68.7,63.7,60.4,60.4,60.6,61.0,61.3,61.5,61.5,62.0,62.7,63.6,64.8,66.1,67.8,70.2,74.6,76.7,77.7,77.5,76.5,75.2,73.1,69.7,64.8,60.7,58.7,58.6,58.8,58.8,58.8,59.2,60.1,60.8,61.7,62.4,63.7,65.0
87.6,88.1,87.7,86.6,85.1,83.2,80.4,76.4,72.9,72.2,72.3,72.4,72.6,72.8,73.3,73.6,74.2,75.1,75.9,77.0,78.2,80.5,83.6,85.4,85.9,85.9,85.0,83.8,82.3,79.8,75.8,71.0,66.9,66.6,66.6,66.6,66.7,66.8,67.1,67.4,67.7,68.5,69.5,70.6,71.8,74.0,78.1,80.2,80.8,80.5,79.9,78.5,76.5,73.1,68.4,63.5,60.3,60.3,60.5,61.0,61.1,61.0,61.2,61.8,62.6,63.7,64.7,66.1,67.8,70.3,74.6,76.6,77.5,77.2,76.3,74.9,73.0,69.7,64.8,60.5,58.4,58.5,58.7,58.4,58.6,59.4,60.1,60.8,61.6,62.6,63.9
86.6,87.6,88.1,87.5,86.5,85.0,83.1,80.2,76.3,72.8,72.1,72.2,72.2,72.4,72.7,73.0,73.4,74.1,74.9,75.8,76.9,78.1,80.3,83.6,85.3,85.7,85.6,84.9,83.6,82.0,79.3,75.4,70.6,66.7,66.4,66.1,66.2,66.3,66.5,66.7,67.1,67.5,68.3,69.2,70.2,71.8,73.8,78.0,79.9,80.4,80.3,79.6,78.1,76.1,72.8,68.1,63.3,60.1,60.2,60.5,60.7,60.6,60.8,61.0,61.7,62.7,63.7,64.7,66.2,67.9,70.3,74.4,76.4,77.2,77.0,76.0,74.9,73.0,69.6,64.6,60.3,58.3,58.5,58.3,58.2,58.8,59.5,60.1,60.8,61.8,62.8
84.8,86.6,87.4,88.0,87.4,86.5,84.9,83.0,80.2,76.2,72.6,71.9,72.0,72.1,72.3,72.4,72.9,73.3,73.9,74.7,75.7,76.8,77.8,80.3,83.4,85.0,85.3,85.4,84.7,83.3,81.6,79.0,75.0,70.4,66.4,66.0,65.7,65.9,66.0,66.1,66.4,66.9,67.4,68.0,68.9,70.1,71.6,73.7,77.7,79.5,80.2,80.0,79.3,77.9,75.8,72.6,67.9,63.1,60.0,60.2,60.2,60.2,60.4,60.6,60.9,61.8,62.7,63.7,64.8,66.2,67.9,70.1,74.2,76.1,76.9,76.8,75.9,74.9,72.9,69.4,64.4,60.2,58.4,58.1,58.0,58.5,58.9,59.5,60.1,61.0,62.0
82.2,84.8,86.4,87.3,87.9,87.3,86.4,84.8,82.9,80.1,76.1,72.4,71.8,71.8,72.0,72.1,72.3,72.7,73.1,73.8,74.6,75.5,76.6,77.7,80.0,83.2,84.7,85.1,85.2,84.4,83.0,81.2,78.6,74.9,70.1,66.0,65.6,65.4,65.6,65.6,65.8,66.2,66.7,67.1,67.7,68.7,70.0,71.5,73.5,77.4,79.3,79.9,79.7,79.0,77.6,75.6,72.4,67.8,63.0,60.0,60.0,59.8,59.9,60.2,60.5,61.1,61.9,62.7,63.7,64.7,66.2,67.7,69.9,74.0,75.9,76.7,76.6,75.9,74.7,72.7,69.2,64.3,60.1,57.9,57.9,58.3,58.5,59.0,59.4,60.3,61.1
79.8,82.2,84.6,86.2,87.2,87.8,87.3,86.3,84.8,82.8,80.0,75.9,72.3,71.6,71.7,71.7,71.9,72.2,72.6,73.0,73.6,74.5,75.3,76.4,77.4,79.7,82.8,84.4,84.9,84.8,84.1,82.6,80.9,78.5,74.6,69.6,65.6,65.3,65.1,65.2,65.4,65.6,66.0,66.4,66.7,67.6,68.6,69.9,71.3,73.1,77.3,79.1,79.6,79.5,78.8,77.4,75.5,72.3,67.7,62.8,59.7,59.5,59.5,59.7,60.1,60.6,61.1,61.9,62.8,63.6,64.7,66.0,67.6,69.7,73.8,75.6,76.6,76.6,75.8,74.5,72.6,69.2,64.2,59.6,57.7,58.1,58.2,58.6,59.0,59.6,60.5
78.6,79.8,82.0,84.3,86.1,87.1,87.8,87.2,86.3,84.7,82.8,79.8,75.8,72.1,71.4,71.4,71.5,71.8,72.0,72.4,72.9,73.4,74.2,75.1,76.1,77.1,79.2,82.5,84.3,84.5,84.5,83.7,82.3,80.8,78.3,74.2,69.2,65.3,64.9,64.8,64.9,65.1,65.4,65.7,66.0,66.5,67.4,68.5,69.7,70.9,72.8,76.9,78.7,79.4,79.2,78.5,77.3,75.4,72.2,67.5,62.5,59.2,59.3,59.4,59.7,60.2,60.6,61.1,61.9,62.7,63.6,64.5,65.9,67.3,69.5,73.5,75.6,76.5,76.4,75.6,74.5,72.6,68.9,63.7,59.5,58.0,58.0,58.3,58.6,59.2,59.9
77.8,78.5,79.6,81.7,84.2,85.9,87.0,87.7,87.2,86.3,84.7,82.6,79.7,75.7,71.9,71.2,71.2,71.4,71.5,71.9,72.3,72.7,73.2,74.0,74.8,75.8,76.7,78.9,82.2,83.8,84.2,84.1,83.4,82.2,80.6,78.0,73.9,68.9,64.9,64.5,64.5,64.7,64.9,65.1,65.3,65.8,66.4,67.3,68.3,69.3,70.6,72.5,76.6,78.5,79.2,79.0,78.4,77.3,75.3,72.0,67.1,62.0,59.0,59.1,59.3,59.7,60.2,60.7,61.2,61.9,62.7,63.4,64.5,65.7,67.1,69.2,73.5,75.6,76.3,76.3,75.6,74.5,72.2,68.6,63.6,59.6,57.9,58.2,58.3,58.8,59.3
77.0,77.6,78.3,79.4,81.5,84.1,85.9,87.1,87.6,87.1,86.3,84.6,82.6,79.6,75.5,71.7,71.0,71.1,71.2,71.4,71.7,72.1,72.4,73.0,73.8,74.5,75.4,76.3,78.6,81.8,83.4,83.8,83.9,83.3,82.0,80.4,77.7,73.5,68.5,64.5,64.2,64.2,64.5,64.6,64.8,65.1,65.7,66.3,67.2,68.0,69.0,70.3,72.3,76.4,78.2,79.0,78.9,78.4,77.2,75.1,71.6,66.7,61.8,58.9,59.1,59.4,59.7,60.3,60.7,61.2,61.9,62.5,63.4,64.3,65.5,67.0,69.2,73.5,75.4,76.2,76.2,75.6,74.1,71.9,68.4,63.7,59.5,58.0,58.2,58.5,58.9
76.2,76.8,77.4,78.1,79.2,81.5,84.0,85.9,87.1,87.6,87.1,86.2,84.6,82.5,79.5,75.4,71.5,70.9,70.9,71.1,71.3,71.5,71.8,72.2,72.7,73.4,74.1,75.0,76.1,78.2,81.4,83.1,83.6,83.7,83.0,81.7,80.1,77.4,73.2,68.1,64.2,64.0,64.1,64.1,64.2,64.6,65.0,65.6,66.2,66.8,67.7,68.8,70.0,72.0,76.1,78.0,78.9,78.8,78.2,77.0,74.7,71.2,66.4,61.7,58.8,59.1,59.3,59.8,60.3,60.7,61.1,61.8,62.5,63.2,64.1,65.4,67.0,69.3,73.3,75.4,76.2,76.2,75.3,74.0,71.8,68.4,63.5,59.6,58.0,58.4,58.6
75.6,76.0,76.6,77.2,77.9,79.2,81.4,84.0,85.9,87.0,87.5,87.0,86.1,84.5,82.4,79.4,75.2,71.3,70.7,70.8,71.0,71.1,71.3,71.6,71.9,72.3,72.9,73.7,74.8,75.8,77.8,81.1,82.8,83.4,83.5,82.8,81.5,79.8,77.1,72.9,67.8,64.0,63.8,63.8,63.8,64.0,64.4,65.0,65.5,65.8,66.6,67.5,68.5,69.7,71.7,76.0,78.0,78.8,78.7,78.0,76.7,74.4,71.0,66.4,61.6,58.9,59.0,59.5,59.9,60.2,60.7,61.0,61.8,62.3,62.9,64.0,65.4,67.1,69.2,73.2,75.3,76.2,75.8,75.1,73.9,71.7,68.1,63.6,59.6,58.3,58.5
