day 0,day 1,day 2,day 3,day 4,day 5,day 6,day 7,day 8,day 9,day 10,day 11,day 12,day 13,day 14,day 15,day 16,day 17,day 18,day 19,day 20,day 21,day 22,day 23,day 24,day 25,day 26,day 27,day 28,day 29,day 30,day 31,day 32,day 33,day 34,day 35,day 36,day 37,day 38,day 39,day 40,day 41,day 42,day 43,day 44,day 45,day 46,day 47,day 48,day 49,day 50,day 51,day 52,day 53,day 54,day 55,day 56,day 57,day 58,day 59,day 60,day 61,day 62,day 63,day 64,day 65,day 66,day 67,day 68,day 69,day 70,day 71,day 72,day 73,day 74,day 75,day 76,day 77,day 78,day 79,day 80,day 81,day 82,day 83,day 84,day 85,day 86,day 87,day 88,day 89,day 90
69.5,70.6,72.0,73.5,75.2,78.0,82.0,83.8,84.0,83.5,82.3,80.5,78.0,75.1,71.4,67.3,62.5,59.0,59.1,59.1,59.0,59.5,60.3,60.8,61.3,62.5,63.2,64.2,65.8,67.6,71.5,74.2,74.9,74.5,73.1,71.0,68.8,65.3,61.3,56.2,50.4,48.0,48.2,49.0,50.0,50.6,51.3,51.7,52.4,53.3,54.1,55.2,56.4,58.4,62.0,65.7,66.3,66.2,64.7,62.6,60.2,57.0,52.9,47.7,41.8,41.1,41.5,41.8,42.5,42.6,42.8,43.2,43.8,44.7,45.3,46.1,47.5,49.5,52.8,57.3,58.4,58.0,57.1,55.0,52.6,49.4,45.7,40.7,36.8,36.9,37.5
68.6,69.4,70.5,72.0,73.3,75.1,77.8,81.8,83.5,83.6,83.2,81.9,80.1,77.7,74.9,71.3,66.7,61.8,58.4,58.5,58.3,58.6,59.3,59.8,60.3,61.0,62.1,62.9,63.7,65.0,66.9,70.9,74.0,74.7,74.1,72.8,70.8,68.3,65.1,61.3,55.9,50.1,47.6,48.1,49.0,50.0,50.2,50.8,51.4,52.1,52.9,53.6,54.7,56.0,58.0,61.6,65.3,66.3,65.8,64.2,62.5,60.1,57.1,52.4,47.2,41.7,40.9,41.4,41.6,41.8,41.9,42.1,42.8,43.5,44.1,44.8,45.9,47.4,49.4,52.9,57.2,58.2,58.1,56.9,55.0,52.9,49.9,45.9,40.8,36.6,37.0
67.5,68.4,69.3,70.5,71.7,73.1,74.8,77.5,81.5,83.1,83.3,82.8,81.6,79.7,77.5,74.8,70.7,65.9,61.2,57.8,57.7,57.9,58.3,58.9,59.3,59.9,60.6,61.8,62.2,62.9,64.2,66.3,70.6,73.7,74.2,73.8,72.5,70.3,68.1,65.1,60.9,55.6,49.7,47.6,48.2,48.9,49.5,49.7,50.5,51.0,51.6,52.4,53.1,54.3,55.6,57.6,61.1,65.2,65.9,65.2,64.0,62.4,60.3,56.6,52.0,46.9,41.4,40.9,41.2,41.0,41.1,41.3,41.9,42.6,42.8,43.7,44.7,45.8,47.3,49.3,52.8,57.0,58.1,57.9,57.0,55.4,53.4,50.0,45.9,40.7,36.8
66.5,67.4,68.3,69.3,70.3,71.5,72.8,74.4,77.1,81.0,82.8,83.0,82.4,81.2,79.5,77.4,74.1,69.8,65.4,60.6,57.0,57.3,57.6,57.9,58.4,58.9,59.5,60.2,61.1,61.5,62.1,63.6,66.0,70.3,73.3,73.9,73.4,71.9,70.2,68.1,64.8,60.5,55.1,49.5,47.6,48.0,48.6,49.1,49.4,50.2,50.6,51.2,51.8,52.7,53.8,55.3,57.2,60.9,64.8,65.4,65.0,64.0,62.7,59.8,56.2,51.6,46.5,41.2,40.6,40.6,40.4,40.6,41.0,41.6,42.0,42.5,43.4,44.5,45.6,47.2,49.2,52.6,56.9,57.9,58.1,57.3,55.9,53.6,50.1,45.9,40.8
65.7,66.4,67.2,68.2,69.1,70.1,71.2,72.5,74.1,76.6,80.6,82.4,82.6,82.1,81.0,79.5,76.7,73.3,69.4,64.9,59.9,56.6,57.0,57.2,57.4,57.9,58.5,59.1,59.6,60.4,60.6,61.5,63.2,65.6,69.7,73.0,73.6,72.9,71.9,70.2,67.7,64.3,60.0,54.9,49.4,47.5,47.7,48.2,48.8,49.2,49.8,50.1,50.6,51.3,52.4,53.5,54.7,56.9,60.4,64.3,65.2,65.0,64.3,62.3,59.4,55.8,51.2,46.2,40.9,40.0,39.9,39.8,40.2,40.6,41.0,41.6,42.3,43.3,44.3,45.5,47.0,48.9,52.4,56.8,58.0,58.4,57.9,56.1,53.5,50.1,46.1
65.0,65.6,66.2,67.1,67.9,68.9,69.8,70.8,72.1,73.7,76.2,80.2,82.0,82.2,81.9,80.9,78.8,75.9,72.9,68.9,64.3,59.5,56.3,56.6,56.7,56.9,57.5,58.1,58.4,58.9,59.5,60.1,61.2,62.8,65.0,69.3,72.6,73.0,72.8,71.9,69.8,67.2,63.8,59.8,54.9,49.1,47.2,47.4,47.9,48.5,48.8,49.3,49.5,50.1,51.0,52.0,53.0,54.3,56.3,59.9,64.0,65.2,65.4,63.9,61.8,59.0,55.3,51.0,45.7,40.3,39.3,39.4,39.4,39.9,40.0,40.7,41.4,42.1,43.1,44.2,45.3,46.7,48.8,52.4,57.0,58.4,58.9,58.0,55.9,53.6,50.2
64.5,64.8,65.4,66.1,66.9,67.8,68.6,69.4,70.5,71.7,73.3,75.7,79.9,81.7,82.1,81.8,80.2,77.9,75.5,72.3,68.3,64.0,59.2,55.9,56.0,56.1,56.4,57.1,57.3,57.7,58.1,59.0,59.7,60.8,62.3,64.7,68.9,72.0,72.9,72.8,71.4,69.3,66.8,63.6,59.7,54.5,48.6,46.9,47.1,47.6,48.1,48.3,48.6,48.9,49.8,50.6,51.5,52.6,53.8,55.8,59.7,64.0,65.4,65.0,63.5,61.4,58.5,55.1,50.5,45.0,39.5,38.7,39.0,39.2,39.2,39.8,40.5,41.3,42.0,43.0,43.9,45.0,46.5,48.8,52.5,57.3,58.9,59.1,57.8,56.0,53.6
64.1,64.3,64.6,65.3,65.9,66.7,67.4,68.3,69.2,70.0,71.4,72.9,75.4,79.5,81.5,81.9,81.1,79.5,77.7,74.9,71.8,68.1,63.6,58.7,55.4,55.5,55.7,56.0,56.3,56.6,56.8,57.6,58.7,59.2,60.4,62.0,64.4,68.3,71.9,73.0,72.3,71.0,68.9,66.6,63.5,59.2,53.9,48.2,46.5,46.8,47.2,47.6,47.7,48.0,48.7,49.3,50.1,51.1,52.0,53.3,55.6,59.6,64.2,65.0,64.5,63.1,60.9,58.3,54.5,49.7,44.3,39.0,38.3,38.7,38.5,39.0,39.7,40.4,41.2,41.9,42.7,43.7,44.7,46.4,48.8,52.7,57.9,59.1,58.8,58.0,56.1
67.1,63.9,64.0,64.4,65.1,65.7,66.3,67.1,68.0,68.8,69.7,70.9,72.5,75.0,79.3,81.3,81.3,80.3,79.1,77.1,74.4,71.6,67.8,63.2,58.1,54.8,55.1,55.2,55.3,55.6,55.8,56.3,57.2,58.1,58.7,60.1,61.6,63.8,68.1,71.9,72.5,71.9,70.5,68.7,66.4,62.9,58.6,53.5,47.9,46.1,46.5,46.7,47.0,47.1,47.8,48.3,48.8,49.6,50.6,51.5,53.0,55.6,59.7,63.8,64.6,64.1,62.6,60.7,57.5,53.6,49.0,43.7,38.6,38.1,38.0,38.3,38.9,39.7,40.3,41.1,41.6,42.5,43.3,44.7,46.5,49.0,53.2,58.0,58.8,59.0,58.1
71.2,67.0,63.6,63.8,64.3,64.9,65.4,66.0,66.8,67.6,68.4,69.1,70.5,72.1,74.9,79.1,80.7,80.5,80.0,78.5,76.6,74.2,71.2,67.4,62.6,57.6,54.4,54.5,54.4,54.5,54.8,55.3,56.0,56.7,57.6,58.4,59.7,61.1,63.5,67.9,71.4,72.0,71.4,70.3,68.5,65.8,62.3,58.1,53.2,47.4,45.9,46.0,46.0,46.5,46.9,47.4,47.8,48.3,49.2,50.1,51.2,53.0,55.6,59.3,63.3,64.2,63.6,62.3,59.9,56.7,52.9,48.4,43.2,38.2,37.4,37.9,38.3,38.9,39.6,40.2,40.8,41.4,42.2,43.2,44.8,46.6,49.4,53.4,57.7,59.0,59.0
74.8,71.1,66.7,63.4,63.7,64.1,64.5,65.0,65.8,66.4,67.2,68.0,68.8,70.2,72.0,74.6,78.3,79.9,80.1,79.4,78.1,76.4,73.9,70.9,66.9,62.2,57.2,53.8,53.7,53.6,53.7,54.3,55.0,55.5,56.2,57.4,58.1,59.2,60.8,63.3,67.4,70.9,71.6,71.2,70.0,67.9,65.1,61.8,57.8,52.8,47.1,45.3,45.3,45.4,46.2,46.5,46.9,47.3,47.9,48.7,49.8,51.2,53.0,55.3,58.8,62.9,63.7,63.3,61.5,59.0,56.0,52.4,47.9,42.7,37.6,37.2,37.8,38.3,38.7,39.5,39.9,40.6,41.2,42.2,43.3,44.8,47.0,49.6,53.2,57.9,59.0
78.0,74.8,71.0,66.6,63.2,63.4,63.6,64.1,64.8,65.4,66.0,66.7,67.7,68.6,70.1,71.8,73.9,77.5,79.5,79.6,79.0,77.9,76.0,73.5,70.4,66.5,62.0,56.7,52.9,52.9,52.6,53.2,53.9,54.4,55.0,56.0,57.1,57.6,59.0,60.7,62.8,66.9,70.6,71.4,71.0,69.4,67.2,64.6,61.5,57.4,52.4,46.4,44.6,44.8,45.1,45.8,46.0,46.5,46.8,47.4,48.5,49.8,51.2,52.7,54.9,58.4,62.5,63.4,62.4,60.6,58.3,55.4,51.8,47.3,42.0,37.4,37.2,37.8,38.2,38.7,39.1,39.5,40.3,41.2,42.3,43.2,45.2,47.2,49.4,53.3,57.9
80.6,78.1,74.7,70.8,66.3,62.9,63.0,63.3,63.9,64.5,65.0,65.5,66.3,67.4,68.5,69.8,71.1,73.1,77.1,78.9,79.2,78.8,77.5,75.6,73.1,70.0,66.4,61.5,55.8,52.1,52.0,52.2,52.8,53.4,53.9,54.8,55.7,56.7,57.4,58.9,60.3,62.4,66.6,70.3,71.1,70.4,68.8,66.8,64.3,61.0,56.9,51.9,45.8,44.2,44.5,44.7,45.3,45.6,46.0,46.5,47.2,48.5,49.8,50.8,52.4,54.6,58.0,62.1,62.6,61.5,59.8,57.7,55.0,51.1,46.6,41.7,37.3,37.2,37.7,38.2,38.2,38.8,39.2,40.3,41.4,42.2,43.6,45.4,47.0,49.6,53.3
82.5,80.7,78.0,74.6,70.5,66.0,62.5,62.6,62.9,63.6,64.1,64.5,65.2,66.0,67.3,68.3,69.1,70.3,72.6,76.4,78.5,79.0,78.3,77.1,75.3,72.7,69.8,65.9,60.6,54.9,51.2,51.5,51.7,52.2,52.9,53.7,54.5,55.4,56.4,57.2,58.4,59.9,62.1,66.4,70.0,70.5,69.7,68.3,66.4,63.8,60.6,56.4,51.4,45.3,43.9,44.2,44.2,44.8,45.1,45.6,46.2,47.2,48.5,49.4,50.6,52.1,54.1,57.6,61.3,61.6,60.7,59.3,57.3,54.2,50.4,46.3,41.5,37.3,37.1,37.6,37.8,38.1,38.6,39.3,40.5,41.4,42.6,43.9,45.3,47.2,49.5
83.7,82.6,80.6,78.0,74.3,70.2,65.6,62.1,62.3,62.7,63.2,63.6,64.2,64.9,66.0,67.0,67.6,68.3,69.8,71.8,75.9,78.3,78.5,78.0,76.8,74.9,72.6,69.4,65.1,59.8,54.1,50.7,51.0,51.2,51.8,52.6,53.4,54.2,55.2,56.1,56.8,58.1,59.6,62.0,66.1,69.4,69.8,69.3,68.0,66.0,63.5,60.1,55.9,50.9,45.0,43.6,43.7,43.7,44.4,44.7,45.3,46.2,47.2,48.1,49.2,50.3,51.7,53.7,56.9,60.3,60.9,60.2,59.0,56.4,53.6,50.1,46.1,41.5,37.2,37.0,37.2,37.6,37.8,38.6,39.4,40.5,41.8,42.7,43.8,45.5,47.1
84.4,83.8,82.4,80.6,77.7,74.0,69.9,65.2,61.8,62.0,62.2,62.7,63.3,63.8,64.8,65.7,66.4,67.0,67.8,69.1,71.3,75.6,77.8,78.2,77.7,76.4,74.7,72.3,68.5,64.4,59.0,53.6,50.3,50.5,50.8,51.7,52.4,53.2,53.9,55.0,55.8,56.5,57.9,59.5,61.7,65.4,68.7,69.4,69.0,67.5,65.7,63.0,59.8,55.4,50.4,44.6,43.1,43.3,43.4,44.0,44.4,45.2,46.2,46.9,47.9,48.9,50.0,51.4,53.0,56.0,59.6,60.3,59.9,58.1,55.9,53.2,49.9,46.1,41.4,37.0,36.6,37.0,37.3,37.9,38.8,39.5,40.8,42.0,42.6,44.0,45.4
84.6,84.5,83.7,82.4,80.4,77.5,73.8,69.5,64.9,61.5,61.6,61.8,62.4,62.9,63.8,64.5,65.1,65.9,66.4,67.1,68.5,71.0,75.1,77.4,77.9,77.3,76.3,74.3,71.4,67.8,63.6,58.7,53.1,49.9,50.0,50.6,51.3,52.0,52.9,53.6,54.6,55.4,56.3,57.8,59.3,61.1,64.7,68.3,69.1,68.5,67.2,65.2,62.7,59.2,54.9,50.0,44.0,42.7,43.0,43.1,43.6,44.5,45.1,45.8,46.7,47.6,48.8,49.7,50.8,52.3,55.3,59.0,60.0,59.0,57.6,55.6,53.1,49.9,46.1,41.2,36.7,36.4,36.7,37.4,38.2,38.9,39.8,41.0,42.0,42.8,44.0
84.1,84.6,84.5,83.7,82.3,80.2,77.2,73.4,69.2,64.6,61.1,61.2,61.5,62.1,62.9,63.5,63.8,64.5,65.4,65.7,66.5,68.3,70.6,74.6,77.1,77.4,77.2,76.0,73.5,70.7,67.0,63.4,58.3,52.5,49.4,49.9,50.2,51.1,51.7,52.6,53.3,54.3,55.2,56.3,57.5,58.8,60.6,64.3,68.0,68.5,68.2,66.8,64.9,62.2,58.7,54.4,49.5,43.6,42.3,42.6,42.7,43.7,44.3,44.7,45.6,46.5,47.5,48.5,49.1,50.1,51.6,54.8,58.7,59.1,58.6,57.4,55.5,53.0,49.9,45.9,40.9,36.4,36.1,36.7,37.5,38.2,39.2,39.9,40.9,42.2,42.8
82.4,84.1,84.6,84.5,83.6,82.1,79.9,76.9,73.1,68.9,64.1,60.7,60.9,61.3,62.1,62.6,62.8,63.3,64.0,64.6,65.1,66.3,67.9,70.1,74.3,76.7,77.3,76.9,75.2,72.8,70.0,67.0,63.1,57.8,52.0,49.3,49.5,50.0,50.8,51.6,52.3,52.9,54.1,55.2,56.0,57.1,58.2,60.2,64.0,67.5,68.2,67.8,66.6,64.4,61.7,58.3,54.0,49.0,43.1,42.1,42.4,42.8,43.5,43.9,44.6,45.4,46.3,47.2,48.0,48.5,49.5,51.2,54.5,57.8,58.7,58.4,57.4,55.3,53.1,49.7,45.7,40.6,36.2,36.2,37.0,37.6,38.5,39.3,39.8,41.1,42.1
78.4,82.4,84.1,84.6,84.4,83.5,81.9,79.6,76.6,72.8,68.4,63.6,60.4,60.7,61.3,61.8,61.9,62.3,62.8,63.2,64.1,65.0,65.9,67.3,69.8,73.8,76.4,77.0,76.1,74.5,72.1,70.0,66.8,62.6,57.4,51.8,48.9,49.2,49.7,50.7,51.2,51.9,52.9,54.1,55.0,55.6,56.6,57.9,59.9,63.5,67.2,67.8,67.6,66.0,64.0,61.3,58.0,53.6,48.6,42.8,41.8,42.4,42.5,43.2,43.8,44.4,45.3,46.0,46.6,47.3,47.8,49.1,50.9,53.7,57.5,58.5,58.4,57.1,55.4,53.0,49.5,45.4,40.3,36.2,36.4,37.0,37.9,38.6,39.3,40.0,41.0
75.4,78.4,82.4,84.0,84.5,84.3,83.3,81.6,79.2,76.3,72.3,67.9,63.4,60.2,60.7,60.9,61.1,61.4,61.7,62.0,62.6,63.9,64.5,65.3,67.0,69.2,73.5,76.1,76.3,75.5,73.8,72.1,69.7,66.3,62.3,57.2,51.4,48.7,48.9,49.5,50.3,50.9,51.8,52.8,53.7,54.5,55.0,56.3,57.6,59.5,63.2,66.8,67.6,67.2,65.6,63.6,61.1,57.7,53.2,48.3,42.6,41.8,42.1,42.2,43.0,43.6,44.3,45.0,45.3,46.0,46.6,47.4,48.8,50.3,53.3,57.3,58.5,58.1,57.3,55.3,52.8,49.4,45.2,40.2,36.4,36.6,37.3,38.1,38.5,39.5,40.0
73.6,75.4,78.3,82.3,84.0,84.5,84.2,83.0,81.2,78.9,75.8,71.9,67.6,63.1,60.1,60.3,60.3,60.5,60.8,61.0,61.5,62.4,63.4,64.0,65.0,66.5,69.0,73.0,75.4,75.6,74.8,73.8,71.8,69.3,66.0,62.1,56.7,51.0,48.4,48.7,49.3,50.0,50.8,51.9,52.6,53.3,54.0,54.7,56.0,57.2,59.2,62.7,66.6,67.2,66.7,65.2,63.4,60.7,57.2,53.0,48.1,42.6,41.5,41.8,42.1,42.8,43.4,44.0,44.4,44.7,45.4,46.3,47.1,48.2,49.9,53.0,57.3,58.3,58.3,57.2,55.1,52.8,49.1,45.1,40.4,36.5,36.8,37.4,38.0,38.8,39.4
72.1,73.5,75.4,78.1,82.2,83.9,84.3,83.9,82.6,81.0,78.4,75.4,71.6,67.4,63.0,59.7,59.6,59.7,59.9,60.1,60.5,61.3,61.9,62.9,63.6,64.5,66.3,68.4,72.2,74.8,75.0,74.8,73.5,71.3,69.0,65.8,61.6,56.4,50.7,48.2,48.5,49.0,49.9,50.8,51.7,52.2,52.8,53.6,54.4,55.6,56.9,58.8,62.4,66.2,66.8,66.3,65.1,63.0,60.3,57.1,52.8,48.1,42.2,41.2,41.7,41.8,42.7,43.2,43.4,43.8,44.1,45.0,45.9,46.5,47.8,49.6,52.9,57.1,58.5,58.2,57.0,55.2,52.5,49.2,45.4,40.5,36.7,37.0,37.3,38.2,38.6
70.6,72.0,73.5,75.2,78.0,82.0,83.8,84.0,83.5,82.3,80.5,78.0,75.1,71.4,67.3,62.5,59.0,59.1,59.1,59.0,59.5,60.3,60.8,61.3,62.5,63.2,64.2,65.8,67.6,71.5,74.2,74.9,74.5,73.1,71.0,68.8,65.3,61.3,56.2,50.4,48.0,48.2,49.0,50.0,50.6,51.3,51.7,52.4,53.3,54.1,55.2,56.4,58.4,62.0,65.7,66.3,66.2,64.7,62.6,60.2,57.0,52.9,47.7,41.8,41.1,41.5,41.8,42.5,42.6,42.8,43.2,43.8,44.7,45.3,46.1,47.5,49.5,52.8,57.3,58.4,58.0,57.1,55.0,52.6,49.4,45.7,40.7,36.8,36.9,37.5,38.0
69.4,70.5,72.0,73.3,75.1,77.8,81.8,83.5,83.6,83.2,81.9,80.1,77.7,74.9,71.3,66.7,61.8,58.4,58.5,58.3,58.6,59.3,59.8,60.3,61.0,62.1,62.9,63.7,65.0,66.9,70.9,74.0,74.7,74.1,72.8,70.8,68.3,65.1,61.3,55.9,50.1,47.6,48.1,49.0,50.0,50.2,50.8,51.4,52.1,52.9,53.6,54.7,56.0,58.0,61.6,65.3,66.3,65.8,64.2,62.5,60.1,57.1,52.4,47.2,41.7,40.9,41.4,41.6,41.8,41.9,42.1,42.8,43.5,44.1,44.8,45.9,47.4,49.4,52.9,57.2,58.2,58.1,56.9,55.0,52.9,49.9,45.9,40.8,36.6,37.0,37.3
