,HLY-TEMP-NORMAL,HLY-TEMP-NORMAL,HLY-TEMP-NORMAL,HLY-TEMP-NORMAL,HLY-TEMP-NORMAL,HLY-TEMP-NORMAL,HLY-TEMP-NORMAL,HLY-TEMP-NORMAL,HLY-TEMP-NORMAL,HLY-TEMP-NORMAL,HLY-TEMP-NORMAL,HLY-TEMP-NORMAL,HLY-TEMP-NORMAL,HLY-TEMP-NORMAL,HLY-TEMP-NORMAL,HLY-TEMP-NORMAL,HLY-TEMP-NORMAL,HLY-TEMP-NORMAL,HLY-TEMP-NORMAL,HLY-TEMP-NORMAL,HLY-TEMP-NORMAL,HLY-TEMP-NORMAL,HLY-TEMP-NORMAL,HLY-TEMP-NORMAL,HLY-TEMP-NORMAL,HLY-TEMP-NORMAL,HLY-TEMP-NORMAL,HLY-TEMP-NORMAL,HLY-TEMP-NORMAL,HLY-TEMP-NORMAL,HLY-TEMP-NORMAL,HLY-TEMP-NORMAL,HLY-TEMP-NORMAL,HLY-TEMP-NORMAL,HLY-TEMP-NORMAL,HLY-TEMP-NORMAL,HLY-TEMP-NORMAL,HLY-TEMP-NORMAL,HLY-TEMP-NORMAL,HLY-TEMP-NORMAL,HLY-TEMP-NORMAL,HLY-TEMP-NORMAL,HLY-TEMP-NORMAL,HLY-TEMP-NORMAL,HLY-TEMP-NORMAL,HLY-TEMP-NORMAL,HLY-TEMP-NORMAL,HLY-TEMP-NORMAL,HLY-TEMP-NORMAL,HLY-TEMP-NORMAL,HLY-TEMP-NORMAL,HLY-TEMP-NORMAL,HLY-TEMP-NORMAL,HLY-TEMP-NORMAL,HLY-TEMP-NORMAL,HLY-TEMP-NORMAL,HLY-TEMP-NORMAL,HLY-TEMP-NORMAL,HLY-TEMP-NORMAL,HLY-TEMP-NORMAL,HLY-TEMP-NORMAL,HLY-TEMP-NORMAL,HLY-TEMP-NORMAL,HLY-TEMP-NORMAL,HLY-TEMP-NORMAL,HLY-TEMP-NORMAL,HLY-TEMP-NORMAL,HLY-TEMP-NORMAL,HLY-TEMP-NORMAL,HLY-TEMP-NORMAL,HLY-TEMP-NORMAL,HLY-TEMP-NORMAL,HLY-TEMP-NORMAL,HLY-TEMP-NORMAL,HLY-TEMP-NORMAL,HLY-TEMP-NORMAL,HLY-TEMP-NORMAL,HLY-TEMP-NORMAL,HLY-TEMP-NORMAL,HLY-TEMP-NORMAL,HLY-TEMP-NORMAL,HLY-TEMP-NORMAL,HLY-TEMP-NORMAL,HLY-TEMP-NORMAL,HLY-TEMP-NORMAL,HLY-TEMP-NORMAL,HLY-TEMP-NORMAL
0,20.1,24.0,20.8,28.5,27.1,30.5,30.0,26.1,30.8,28.2,32.1,31.5,31.3,28.7,30.2,31.3,26.7,31.5,31.1,31.6,27.7,28.7,31.0,25.8,26.8,27.9,30.7,28.1,25.5,32.0,28.3,30.9,21.3,22.0,21.9,21.5,30.2,24.2,30.9,24.2,30.8,27.7,24.6,19.6,23.5,25.2,21.9,25.4,28.6,19.2,31.0,30.0,26.3,21.1,23.8,26.9,23.5,24.5,27.1,27.2,33.4,23.9,31.3,22.8,35.3,27.9,30.2,29.8,33.0,30.4,26.6,27.4,22.0,18.5,25.1,21.6,33.4,28.6,27.9,23.6,24.9,21.3,25.0,28.7,22.0,24.8,19.9
1,19.1,23.6,20.4,27.9,26.4,29.9,29.5,25.5,30.2,27.6,31.7,30.9,30.9,28.3,29.6,30.7,26.2,31.4,30.7,31.1,27.1,28.4,30.4,25.0,26.1,27.6,30.1,27.4,24.9,31.3,27.8,30.5,20.8,21.4,21.4,21.0,29.2,23.8,30.3,23.9,30.0,27.5,23.7,19.0,22.7,24.4,21.3,24.8,27.9,18.6,30.2,29.1,25.5,20.5,23.3,26.8,23.3,23.9,26.6,27.2,33.2,23.8,31.1,22.0,35.0,27.7,29.6,29.3,32.4,29.8,25.7,26.7,21.1,18.2,24.5,21.0,32.9,28.3,27.6,23.1,24.3,20.9,24.7,28.4,21.6,24.2,19.4
2,18.6,23.7,20.0,27.4,25.8,29.3,28.8,25.0,29.7,27.0,31.1,30.5,30.4,27.8,29.0,30.4,25.9,31.1,30.2,30.9,26.5,27.9,30.0,24.5,25.5,26.9,29.6,27.1,24.5,30.8,27.2,30.0,20.4,20.9,21.0,20.5,28.5,23.9,29.5,23.4,29.3,27.5,23.1,18.7,22.0,24.0,20.6,24.2,27.2,18.1,29.3,28.5,24.8,19.7,23.2,26.8,22.9,23.9,26.4,27.1,33.1,23.5,30.8,21.6,34.7,27.5,29.3,28.9,31.8,29.4,24.4,25.8,20.2,17.3,24.0,20.1,32.5,27.9,27.1,22.7,23.7,20.3,24.7,28.1,21.3,23.8,19.0
3,18.2,23.2,19.6,27.1,25.7,28.8,28.3,24.5,29.3,26.5,30.8,30.0,29.8,27.3,28.4,29.7,25.5,30.8,29.8,30.4,26.0,27.4,29.7,24.0,25.0,26.4,29.1,26.6,24.0,30.4,26.6,29.5,20.1,20.7,20.6,20.1,27.9,23.7,28.9,22.7,28.7,27.4,22.6,18.2,21.3,23.5,20.2,23.6,26.6,17.4,28.7,27.7,23.9,19.5,22.9,26.5,22.9,23.6,26.2,26.9,33.0,23.3,30.8,21.2,34.5,27.1,28.8,28.4,31.3,28.9,23.3,25.1,19.9,17.0,23.6,19.7,32.2,27.6,26.6,22.4,23.3,19.7,24.8,27.7,21.1,23.3,18.7
4,17.5,23.3,19.5,26.5,25.1,28.1,27.8,23.9,28.9,26.1,30.1,29.6,29.4,26.9,27.9,29.3,25.1,30.6,29.4,30.1,25.6,27.0,29.2,23.6,24.6,25.8,28.7,26.0,23.8,30.2,26.1,29.1,19.9,20.3,20.2,20.0,27.4,23.6,28.5,22.3,27.9,27.2,21.9,17.7,20.7,23.0,19.8,23.1,26.1,17.2,27.9,27.2,23.1,19.4,22.7,26.4,22.5,23.7,26.0,26.8,32.8,23.1,30.6,20.8,34.3,26.7,28.7,27.8,30.6,28.6,22.3,25.1,19.6,16.5,23.1,19.3,31.8,27.3,26.2,21.9,23.0,19.1,24.6,27.6,20.7,22.9,18.4
5,16.9,22.9,19.5,25.8,24.7,27.7,27.4,23.6,28.4,25.8,29.7,29.2,29.1,26.3,27.4,28.9,24.8,30.6,28.9,29.8,25.1,26.6,28.8,23.2,24.2,25.3,28.1,25.5,23.5,29.9,25.8,28.7,19.7,20.1,19.9,19.6,27.0,23.3,28.1,21.6,27.2,26.9,21.3,17.1,20.2,22.7,19.3,22.5,25.9,16.9,27.3,26.6,22.4,19.2,22.2,26.2,22.0,23.3,25.8,26.4,32.8,23.0,30.5,20.3,34.2,26.5,28.5,27.4,30.3,28.4,21.6,24.6,19.1,15.9,22.6,18.8,31.4,27.0,25.8,21.6,22.7,18.8,24.3,27.2,20.5,22.4,18.2
6,16.4,22.6,19.4,25.4,24.5,27.2,27.0,23.4,28.1,25.5,29.5,28.9,28.9,26.0,26.9,28.6,24.4,30.6,28.5,29.6,24.9,26.3,28.3,22.9,23.8,24.9,27.7,25.1,23.2,29.5,25.5,28.6,19.5,19.9,20.0,19.4,26.4,23.3,27.7,21.0,26.9,26.7,20.8,16.8,19.9,22.4,19.1,22.0,25.3,16.8,26.7,26.4,21.7,19.2,22.1,25.9,22.1,23.2,25.6,26.6,32.6,22.7,30.7,20.0,34.0,26.3,28.2,27.1,30.0,28.0,21.1,24.0,18.7,15.8,22.4,18.7,31.0,26.8,25.4,21.2,22.4,18.6,24.1,27.1,20.2,22.1,18.0
7,15.9,22.6,19.4,24.8,24.2,26.8,26.6,23.0,27.8,25.3,29.3,28.7,28.6,25.6,26.4,28.2,24.1,30.4,28.5,29.3,24.7,26.0,27.9,22.7,23.4,24.8,27.4,24.9,22.9,29.3,25.0,28.2,19.3,19.8,19.8,19.3,26.1,22.9,27.3,20.4,26.4,26.4,20.3,16.6,19.6,22.5,18.6,21.5,25.0,16.3,26.7,26.1,21.2,18.8,22.0,25.8,22.1,23.2,25.5,26.4,32.5,22.6,30.5,19.3,33.8,25.9,27.9,26.7,29.7,27.8,20.5,23.7,18.5,15.6,22.3,18.2,30.8,26.6,25.1,21.0,21.9,18.4,24.1,27.0,20.0,21.8,17.9
8,18.3,23.3,21.2,24.5,24.0,26.6,26.5,23.0,27.8,25.1,29.7,28.6,29.0,25.5,26.4,28.2,24.0,30.3,28.9,30.0,24.5,26.1,27.8,22.6,23.1,24.6,27.4,24.7,22.8,29.4,24.8,28.6,19.2,19.5,19.6,19.2,28.3,23.6,26.9,21.6,26.9,29.2,19.9,16.2,21.3,24.1,19.3,23.7,27.7,16.0,26.5,26.5,21.6,20.1,21.9,25.9,21.9,23.0,25.4,26.5,32.4,22.5,30.5,20.3,33.8,25.7,28.0,26.4,30.3,28.3,20.5,23.7,20.4,15.6,23.6,18.3,31.5,26.9,24.8,20.9,21.7,18.1,24.3,27.4,19.8,21.7,17.8
9,23.9,26.9,26.8,26.7,26.0,28.7,29.1,25.8,29.8,27.1,31.6,30.3,31.2,27.2,28.9,29.9,26.9,32.1,31.4,32.2,27.0,28.4,30.4,24.3,25.0,27.2,28.9,26.9,24.9,31.8,27.1,30.4,20.5,21.3,20.9,20.9,33.7,27.5,29.6,26.1,29.7,34.1,22.0,19.2,25.6,29.4,22.5,28.5,35.3,18.5,31.5,29.5,26.7,23.9,22.6,27.1,22.9,24.0,25.7,27.7,33.6,22.6,31.8,25.5,34.7,27.4,30.0,28.1,32.8,30.3,26.0,26.3,26.3,18.4,28.4,21.7,33.7,28.7,27.0,22.7,23.7,19.5,24.9,29.1,20.9,23.6,19.4
10,29.0,30.6,32.0,31.8,29.4,31.8,32.3,29.2,32.2,29.5,33.8,32.5,33.6,29.8,31.9,32.2,30.1,34.3,33.9,34.3,30.0,31.1,33.5,27.1,29.0,30.5,31.3,30.2,27.5,34.3,30.2,32.8,23.4,24.4,23.3,23.9,38.0,31.7,34.1,29.9,32.9,38.4,26.4,22.6,29.9,34.7,25.8,32.5,41.3,22.0,36.9,32.8,31.3,28.2,24.2,29.0,25.2,26.3,27.4,29.3,35.1,24.1,33.8,30.2,36.2,30.1,32.6,30.4,35.5,32.1,30.8,32.1,31.7,22.0,32.8,25.6,35.7,30.5,29.7,27.0,27.3,23.0,27.1,30.9,23.5,26.4,22.0
11,33.4,33.5,35.2,36.5,32.6,34.7,35.2,32.5,34.6,31.8,35.5,34.9,35.8,32.2,35.0,34.5,32.9,35.7,35.6,36.1,33.0,33.4,36.2,29.8,32.6,34.0,33.9,33.5,30.2,36.8,32.9,34.9,26.3,27.5,25.6,26.5,41.4,35.0,38.1,33.2,35.9,41.1,30.6,25.3,33.9,38.1,29.7,35.7,45.4,25.6,40.8,35.9,35.6,31.8,26.1,30.7,27.4,28.5,29.5,30.9,36.3,26.3,35.4,33.9,37.8,32.4,35.4,32.9,38.0,33.8,35.1,37.4,36.1,25.1,35.9,29.3,37.5,32.1,32.4,30.9,30.7,26.7,29.0,32.6,26.3,29.0,24.5
12,36.8,35.5,37.1,40.1,35.2,37.3,37.7,35.1,36.5,34.1,37.3,37.0,37.8,34.4,37.5,36.3,35.4,36.9,37.3,37.4,35.5,35.4,38.5,32.3,35.6,36.8,36.0,36.0,32.4,38.9,35.6,36.8,28.6,30.0,27.8,28.8,44.3,37.1,41.5,35.6,38.5,42.8,34.1,27.8,37.1,40.4,33.1,38.3,48.2,28.8,44.0,38.7,39.0,34.1,27.9,32.3,29.1,30.3,31.3,31.9,37.5,28.2,36.7,36.6,39.6,34.2,37.7,34.9,39.9,35.5,38.8,41.1,39.4,26.9,38.2,32.4,39.0,33.5,34.6,34.1,33.6,30.2,30.5,34.0,28.9,31.5,26.5
13,39.0,36.7,38.0,42.6,37.3,39.1,39.7,37.2,37.9,35.7,38.6,38.8,39.0,36.0,39.3,37.8,37.3,37.8,38.4,38.2,37.5,37.0,40.4,34.1,38.5,38.9,37.6,38.2,34.2,40.4,37.6,38.4,30.5,31.5,29.6,30.6,46.4,38.4,44.1,37.2,40.6,43.9,36.5,29.5,39.5,41.5,35.4,40.3,50.2,31.1,46.7,40.8,41.9,35.7,29.2,33.2,30.1,31.4,32.7,32.7,38.0,29.9,37.7,38.7,41.4,35.5,39.4,36.6,41.4,36.8,41.6,43.4,41.7,28.4,40.2,34.6,40.0,34.6,36.3,36.3,35.7,33.0,31.5,34.9,30.5,33.3,28.1
14,40.4,37.1,38.1,44.1,38.7,40.6,40.9,38.4,39.0,36.7,39.5,40.1,40.1,37.2,40.6,38.8,38.5,38.2,39.3,38.6,38.7,38.2,41.7,35.3,39.7,40.5,38.7,39.6,35.5,41.5,38.8,39.4,31.8,32.8,30.7,31.7,47.5,38.5,45.9,38.5,42.2,44.3,38.2,30.5,40.7,41.8,37.0,41.5,50.5,32.5,48.6,42.4,43.8,36.2,29.7,33.7,30.7,31.9,33.7,33.0,38.3,31.1,38.2,39.9,42.8,36.2,40.8,37.6,42.4,38.0,43.3,45.1,42.6,29.4,41.2,36.0,40.6,35.2,37.5,38.0,37.3,35.1,32.1,35.4,31.8,34.5,29.1
15,39.3,36.4,37.9,44.6,39.2,41.0,41.6,38.9,39.2,37.1,39.8,40.6,40.5,37.6,41.1,39.3,39.0,38.0,39.4,38.6,39.1,38.6,42.3,35.9,40.4,41.1,39.2,39.9,36.0,41.9,39.5,39.8,32.0,33.2,31.3,32.2,47.8,37.8,46.7,38.9,42.9,43.7,39.0,30.8,40.7,41.9,37.7,41.7,51.4,33.2,49.5,43.1,44.9,35.8,30.1,33.6,30.9,32.1,34.1,32.6,38.0,31.5,38.2,40.2,43.6,36.2,41.3,38.1,42.6,38.3,44.0,45.3,42.8,29.8,41.3,36.4,40.7,35.3,37.9,38.0,37.9,36.0,32.3,35.3,32.4,35.0,29.2
16,38.3,34.6,35.4,44.5,38.9,40.8,41.3,38.6,38.5,36.6,39.2,40.4,39.9,37.3,40.5,38.7,38.5,36.9,38.8,37.8,38.6,38.0,41.9,35.6,39.8,40.6,38.9,39.3,35.5,41.3,39.0,39.2,31.5,32.7,31.0,31.7,46.9,35.7,46.5,38.0,42.8,41.4,38.9,29.8,39.0,40.1,37.2,40.2,49.7,32.7,49.3,42.5,44.8,33.6,29.4,32.5,30.1,31.3,33.8,31.7,37.0,31.4,37.0,39.2,43.5,35.2,41.0,37.7,42.0,37.6,43.7,45.4,41.5,29.0,40.0,36.0,40.1,34.7,37.5,38.2,37.6,35.6,31.8,34.4,32.1,34.5,28.9
17,32.8,30.7,30.5,42.9,36.7,39.2,39.4,36.5,36.4,34.6,37.6,39.0,37.4,35.7,38.6,37.0,36.0,35.2,36.6,35.8,36.3,35.9,39.6,33.6,38.0,38.4,37.2,36.9,33.3,39.2,37.1,36.9,29.2,30.6,29.3,29.9,42.4,31.7,44.9,34.7,41.0,35.7,37.1,26.7,34.6,36.1,34.6,35.6,43.8,30.3,47.4,40.0,42.7,29.4,27.9,30.5,28.5,29.2,32.6,29.8,36.0,30.3,35.1,34.7,42.0,33.0,37.8,36.0,40.0,35.5,41.3,43.9,35.6,26.7,35.3,33.9,38.2,33.0,35.3,36.1,35.5,33.7,30.0,33.0,30.1,32.5,26.6
18,28.4,28.5,26.8,38.9,33.4,36.7,36.2,33.2,34.9,32.7,36.0,37.1,35.7,34.0,35.9,35.4,33.1,34.3,35.2,34.5,33.6,33.7,36.5,30.8,33.1,34.8,36.0,34.4,30.9,36.7,34.6,34.9,26.4,27.9,27.3,27.4,37.7,29.0,39.7,31.3,38.3,32.7,32.9,23.4,31.7,31.6,31.3,32.2,39.2,26.3,42.0,37.4,36.6,26.8,26.2,29.6,26.6,27.5,30.7,29.1,35.4,28.3,34.2,31.2,40.4,31.6,34.9,34.6,37.6,34.0,35.4,38.3,31.4,23.5,32.3,28.7,36.8,32.0,33.1,31.8,31.9,30.5,27.3,31.9,28.0,30.5,24.9
19,25.7,27.2,24.8,34.9,31.4,34.9,34.4,30.9,33.9,31.6,35.2,35.6,34.7,32.4,34.0,34.1,30.9,33.6,34.2,33.9,31.8,32.4,34.7,29.5,31.1,31.9,34.4,32.3,29.3,35.2,33.1,34.1,25.0,26.3,26.0,25.4,35.6,27.7,36.7,28.8,36.0,31.0,29.8,22.2,29.9,29.2,29.1,30.5,36.1,24.2,38.4,35.9,32.3,25.1,25.4,28.9,25.6,26.7,29.4,28.7,35.0,27.1,33.6,29.0,39.1,30.7,33.7,33.3,36.4,33.1,32.6,34.2,29.2,21.9,30.4,26.8,35.9,31.1,31.7,28.7,29.8,27.8,26.8,31.2,25.8,28.8,23.1
20,24.0,26.5,23.5,32.8,30.1,33.6,33.2,29.4,33.1,30.7,34.3,34.6,34.0,31.6,33.0,33.5,29.7,33.2,33.5,33.3,30.8,31.4,33.8,28.8,29.8,30.5,33.3,31.0,28.3,34.3,31.6,33.3,23.9,25.0,25.0,24.2,33.8,26.8,35.0,27.0,34.8,30.0,28.2,21.4,28.1,27.9,26.8,29.3,34.1,22.9,36.2,34.6,30.4,24.0,25.0,28.3,25.0,26.1,28.6,28.4,34.8,26.2,33.1,27.5,38.2,30.0,32.9,32.4,35.5,32.6,30.9,32.3,27.4,20.9,28.7,25.6,35.3,30.7,30.7,27.0,28.3,26.0,26.7,30.4,24.6,27.5,22.2
21,22.5,25.5,22.6,31.0,29.3,32.8,32.2,28.4,32.3,30.1,33.6,33.7,33.2,30.7,32.1,32.8,28.7,33.0,32.7,32.9,29.8,30.4,33.0,28.0,28.9,29.6,32.4,30.2,27.6,33.6,30.6,32.7,23.0,24.3,24.3,23.5,32.6,26.1,33.4,25.9,33.8,29.4,27.3,20.8,26.6,27.3,25.1,28.1,32.7,21.6,34.6,33.3,29.0,23.1,24.7,28.1,24.4,25.7,28.1,28.0,34.2,25.7,32.7,26.1,37.4,29.5,32.2,31.6,34.7,32.0,29.7,30.7,25.8,19.8,27.8,24.4,34.8,30.1,29.8,25.6,27.2,24.6,26.7,29.8,23.8,26.6,21.5
22,21.5,25.0,22.0,30.0,28.3,31.9,31.2,27.5,31.9,29.4,33.0,32.9,32.5,30.1,31.4,32.2,27.9,32.4,32.2,32.6,29.1,29.8,32.1,27.2,28.3,28.9,31.8,29.4,26.4,33.1,29.8,32.0,22.4,23.3,23.5,22.8,31.8,25.5,32.3,25.2,32.6,28.7,26.5,20.1,25.5,26.7,23.6,27.2,31.0,20.7,33.0,32.2,28.1,22.5,24.3,27.7,24.2,25.3,27.8,27.9,34.0,25.1,32.4,25.0,36.7,29.1,31.3,30.9,34.3,31.2,28.6,29.3,24.6,19.2,26.9,23.3,34.5,29.5,29.2,24.8,26.4,23.3,26.1,29.3,23.1,25.8,20.8
23,21.0,24.7,21.5,29.1,27.7,31.3,30.6,26.5,31.4,28.8,32.4,32.1,31.9,29.4,30.7,31.6,27.3,32.1,31.7,32.1,28.4,29.2,31.6,26.3,27.7,28.4,31.2,28.6,26.1,32.5,29.0,31.4,21.8,22.5,22.7,22.0,30.8,24.9,31.3,24.6,31.8,28.1,25.5,19.7,24.2,25.9,22.5,26.5,29.7,19.9,32.0,31.2,27.0,21.6,24.3,27.5,23.9,24.9,27.5,27.7,33.8,24.6,32.1,24.0,36.1,28.8,30.9,30.3,33.6,30.7,27.8,28.5,23.3,18.5,26.2,22.3,34.0,28.9,28.5,24.3,25.6,22.4,25.7,28.7,22.5,25.2,20.3
24,20.2,24.3,21.1,28.5,27.1,30.6,30.1,26.0,30.7,28.3,32.1,31.5,31.4,28.7,30.2,31.2,26.7,31.9,31.1,31.5,27.7,28.7,31.0,25.8,26.9,27.9,30.7,28.1,25.6,32.1,28.3,31.0,21.5,22.1,22.0,21.5,30.0,24.5,30.7,24.2,30.9,27.7,24.9,19.3,23.5,25.4,21.7,25.8,28.8,19.2,31.1,30.3,26.1,21.2,24.0,27.2,23.7,24.6,27.3,27.4,33.7,24.2,31.7,23.1,35.6,28.3,30.4,29.8,33.1,30.4,26.7,27.5,22.4,18.1,25.4,21.8,33.5,28.5,28.0,23.8,24.9,21.5,25.6,28.2,22.2,24.8,19.8
25,19.1,23.9,20.5,27.9,26.4,29.9,29.5,25.4,30.3,27.6,31.8,30.9,30.9,28.3,29.6,30.7,26.1,31.8,30.8,31.1,27.1,28.5,30.4,25.1,26.2,27.5,30.1,27.4,24.9,31.4,27.7,30.5,20.9,21.5,21.5,21.0,29.1,24.1,30.2,23.8,30.0,27.4,23.9,18.8,22.7,24.7,21.1,25.1,28.1,18.6,30.3,29.5,25.3,20.6,23.6,27.1,23.5,24.0,26.9,27.4,33.5,24.0,31.6,22.4,35.3,28.1,29.7,29.3,32.4,29.7,25.9,26.7,21.4,18.0,24.9,21.3,33.1,28.2,27.7,23.2,24.2,21.0,25.3,27.9,21.8,24.3,19.3
26,18.6,23.9,20.1,27.3,25.8,29.3,28.7,25.0,29.7,27.1,31.2,30.5,30.4,27.9,28.9,30.4,25.9,31.5,30.3,30.9,26.5,28.0,29.9,24.6,25.5,26.7,29.7,27.1,24.6,30.9,27.1,30.0,20.5,21.0,21.0,20.5,28.4,24.2,29.4,23.4,29.4,27.5,23.1,18.4,22.1,24.2,20.3,24.5,27.3,18.2,29.3,28.9,24.7,19.8,23.5,27.1,23.1,24.0,26.7,27.3,33.4,23.7,31.2,21.9,35.0,27.9,29.5,28.9,31.9,29.3,24.4,25.8,20.5,17.1,24.4,20.5,32.6,27.9,27.2,22.9,23.6,20.3,25.3,27.7,21.4,23.8,18.9
27,18.2,23.5,19.7,27.0,25.6,28.7,28.3,24.5,29.3,26.6,30.8,30.0,29.8,27.3,28.3,29.7,25.5,31.3,29.8,30.3,26.0,27.5,29.6,24.1,25.0,26.2,29.1,26.5,24.1,30.5,26.5,29.6,20.2,20.8,20.6,20.2,27.8,23.9,28.7,22.8,28.7,27.4,22.7,18.0,21.3,23.7,19.9,23.9,26.8,17.5,28.8,28.1,23.8,19.6,23.2,26.8,23.1,23.8,26.5,27.0,33.3,23.5,31.2,21.6,34.7,27.6,28.9,28.4,31.4,28.8,23.2,25.0,20.3,16.8,24.0,19.9,32.3,27.4,26.7,22.4,23.3,19.8,25.4,27.3,21.2,23.2,18.7
28,17.5,23.6,19.6,26.2,25.1,28.1,27.7,23.9,29.1,26.2,30.1,29.6,29.3,26.9,27.8,29.3,25.1,31.1,29.5,30.0,25.6,27.0,29.1,23.6,24.6,25.7,28.7,26.0,23.8,30.2,26.0,29.2,20.0,20.3,20.2,20.0,27.3,23.9,28.3,22.3,28.0,27.3,21.9,17.5,20.7,23.2,19.4,23.4,26.3,17.3,28.0,27.6,22.9,19.5,23.0,26.7,22.7,23.8,26.3,26.8,33.2,23.3,31.1,21.3,34.5,27.2,28.9,27.8,30.7,28.4,22.2,25.0,19.9,16.3,23.5,19.5,31.9,27.1,26.2,21.9,23.0,19.2,25.2,27.2,20.8,23.0,18.4
29,16.9,23.3,19.5,25.6,24.8,27.6,27.4,23.6,28.5,25.8,29.7,29.2,29.1,26.3,27.3,28.9,24.7,31.0,29.0,29.7,25.1,26.6,28.7,23.2,24.2,25.2,28.1,25.5,23.5,29.9,25.7,28.8,19.7,20.1,19.9,19.5,26.9,23.6,28.0,21.6,27.2,27.0,21.3,16.9,20.2,23.0,19.0,22.8,26.1,17.1,27.3,27.0,22.2,19.2,22.5,26.4,22.3,23.5,26.2,26.5,33.1,23.2,30.9,20.8,34.3,27.0,28.7,27.5,30.3,28.2,21.5,24.5,19.4,15.7,23.0,19.0,31.5,26.8,25.7,21.6,22.7,18.8,24.8,26.9,20.5,22.4,18.1
30,16.4,22.8,19.4,25.2,24.5,27.2,27.0,23.3,28.3,25.5,29.5,28.9,28.9,26.0,26.9,28.6,24.4,31.0,28.5,29.4,24.8,26.2,28.1,22.9,23.8,24.8,27.7,25.0,23.2,29.5,25.4,28.6,19.5,19.9,19.9,19.3,26.4,23.6,27.6,21.0,26.8,27.0,20.8,16.6,19.9,22.8,18.7,22.3,25.7,17.0,26.8,26.8,21.6,19.2,22.4,26.1,22.3,23.5,26.0,26.6,33.1,23.0,31.1,20.4,34.2,26.7,28.4,27.1,30.1,27.8,21.0,23.9,19.0,15.6,22.8,18.9,31.1,26.6,25.4,21.1,22.2,18.7,24.6,26.8,20.1,22.1,17.9
31,15.9,22.8,19.5,24.5,24.2,26.8,26.6,22.9,27.9,25.3,29.3,28.7,28.6,25.6,26.4,28.2,24.1,30.9,28.5,29.2,24.6,26.0,27.8,22.7,23.3,24.7,27.4,24.8,22.9,29.3,25.0,28.3,19.3,19.8,19.7,19.2,26.2,23.3,27.1,20.4,26.4,26.7,20.2,16.4,19.6,22.8,18.2,21.8,25.4,16.5,26.8,26.5,21.1,18.8,22.3,26.1,22.4,23.4,25.9,26.5,33.0,22.9,31.0,19.8,34.0,26.3,28.1,26.7,29.8,27.7,20.4,23.7,18.9,15.4,22.6,18.4,30.9,26.4,25.1,20.9,21.8,18.3,24.6,26.6,19.9,21.9,17.7
32,18.3,23.6,21.3,24.3,23.9,26.6,26.4,22.9,28.0,25.1,29.6,28.6,29.0,25.4,26.3,28.1,23.9,30.9,28.9,29.8,24.5,26.0,27.7,22.5,23.0,24.4,27.4,24.7,22.9,29.4,24.7,28.6,19.2,19.5,19.6,19.1,28.3,24.0,26.9,21.5,26.8,29.4,19.8,16.1,21.4,24.4,19.0,24.0,28.1,16.3,26.5,26.8,21.5,20.0,22.2,26.1,22.2,23.3,25.9,26.6,32.9,22.6,31.0,20.8,34.0,26.1,28.2,26.4,30.3,28.2,20.5,23.7,20.8,15.4,24.0,18.6,31.6,26.7,24.8,20.7,21.5,18.0,24.8,27.1,19.7,21.7,17.6
33,23.7,27.2,26.9,26.5,25.9,28.6,29.0,25.8,29.8,27.1,31.6,30.2,31.2,27.1,28.8,29.8,26.9,32.7,31.4,32.0,27.0,28.3,30.2,24.1,24.9,27.0,28.9,26.9,24.9,31.7,27.0,30.4,20.4,21.2,20.8,20.8,33.8,27.7,29.6,26.0,29.8,34.4,21.9,19.1,25.7,29.7,22.2,28.9,35.7,18.8,31.6,29.9,26.6,23.9,22.8,27.4,23.1,24.2,26.1,27.9,34.0,22.8,32.3,25.9,34.7,27.8,30.2,28.0,32.8,30.2,26.1,26.3,26.4,18.2,28.9,22.0,33.7,28.5,26.9,22.5,23.5,19.4,25.4,28.7,20.9,23.6,19.1
34,28.9,30.9,32.1,31.7,29.3,31.7,32.3,29.1,32.1,29.5,33.7,32.4,33.6,29.8,31.8,32.1,30.0,34.8,33.7,34.2,30.0,31.0,33.3,26.9,28.9,30.4,31.2,30.1,27.6,34.2,30.1,32.7,23.2,24.3,23.2,23.6,38.2,31.9,34.3,29.9,32.9,38.6,26.2,22.5,30.0,34.9,25.6,32.9,41.6,22.2,37.2,33.2,31.3,28.2,24.5,29.3,25.4,26.5,27.8,29.4,35.5,24.4,34.3,30.6,36.2,30.5,32.8,30.3,35.4,32.0,31.0,32.2,31.7,21.9,33.1,25.9,35.8,30.3,29.7,26.8,27.2,22.8,27.6,30.5,23.4,26.5,21.8
35,33.3,33.8,35.3,36.5,32.5,34.7,35.2,32.4,34.5,31.9,35.3,34.7,35.7,32.1,34.9,34.3,32.8,36.2,35.4,36.0,32.9,33.3,36.0,29.6,32.6,33.9,33.8,33.3,30.2,36.7,32.8,34.8,26.2,27.2,25.4,26.3,41.5,35.2,38.3,33.1,35.9,41.3,30.5,25.2,33.9,38.3,29.6,36.1,45.6,25.9,41.2,36.2,35.8,31.8,26.4,31.0,27.6,28.7,29.9,30.9,36.8,26.5,35.8,34.2,37.8,32.8,35.4,32.8,37.9,33.7,35.3,37.5,36.2,25.0,36.2,29.6,37.6,31.8,32.3,30.8,30.6,26.6,29.4,32.2,26.2,29.1,24.3
36,36.7,35.7,37.2,40.1,35.1,37.1,37.7,35.0,36.5,34.1,37.2,36.9,37.6,34.3,37.4,36.2,35.3,37.4,37.2,37.2,35.4,35.1,38.3,32.1,35.5,36.7,35.9,35.8,32.4,38.7,35.5,36.6,28.5,29.7,27.6,28.5,44.4,37.3,41.7,35.6,38.5,43.0,34.0,27.7,37.0,40.5,33.1,38.7,48.4,29.1,44.3,39.0,39.3,34.2,28.2,32.5,29.4,30.6,31.7,32.0,37.9,28.5,37.2,37.0,39.6,34.6,37.8,34.8,39.8,35.4,39.1,41.3,39.4,26.7,38.5,32.7,39.1,33.3,34.5,34.1,33.5,30.2,30.9,33.6,28.8,31.5,26.3
37,38.9,37.0,38.1,42.6,37.2,39.0,39.6,37.0,38.0,35.6,38.5,38.6,38.9,35.9,39.2,37.7,37.2,38.3,38.2,38.1,37.4,36.9,40.1,33.9,38.5,38.8,37.5,37.9,34.1,40.2,37.5,38.3,30.5,31.3,29.4,30.3,46.5,38.7,44.3,37.2,40.6,44.1,36.5,29.4,39.4,41.8,35.5,40.7,50.4,31.4,47.1,41.2,42.3,35.9,29.5,33.4,30.3,31.7,33.1,32.8,38.5,30.1,38.2,39.0,41.5,35.9,39.5,36.5,41.2,36.7,41.9,43.6,41.7,28.1,40.6,34.9,39.9,34.4,36.2,36.3,35.7,33.0,31.9,34.5,30.5,33.3,28.0
38,40.2,37.4,38.3,44.2,38.7,40.5,40.9,38.3,39.0,36.6,39.4,39.9,40.0,37.0,40.5,38.7,38.4,38.7,39.2,38.5,38.6,38.0,41.4,35.2,39.6,40.4,38.6,39.3,35.4,41.3,38.7,39.3,31.7,32.6,30.5,31.5,47.6,38.8,46.2,38.5,42.2,44.4,38.1,30.3,40.7,41.9,37.2,42.0,50.8,32.8,49.0,42.7,44.1,36.4,30.0,33.8,30.9,32.2,34.1,33.1,38.9,31.3,38.7,40.2,42.9,36.5,40.8,37.5,42.1,37.9,43.7,45.3,42.6,29.1,41.6,36.3,40.5,35.0,37.3,37.9,37.2,35.1,32.4,35.1,31.8,34.3,28.9
39,39.2,36.7,38.2,44.7,39.2,40.9,41.6,38.9,39.2,37.0,39.6,40.4,40.3,37.4,41.0,39.2,38.8,38.5,39.3,38.5,39.0,38.3,42.0,35.7,40.4,41.0,39.1,39.8,35.9,41.6,39.4,39.7,32.0,33.0,31.1,31.9,47.8,38.1,47.0,38.9,43.0,43.8,38.9,30.7,40.6,42.0,37.9,42.1,51.7,33.6,49.9,43.3,45.2,36.1,30.3,33.7,31.0,32.3,34.5,32.8,38.5,31.8,38.6,40.5,43.7,36.6,41.4,38.0,42.3,38.2,44.4,45.5,42.9,29.6,41.7,36.8,40.6,35.1,37.7,38.1,37.8,35.9,32.6,34.9,32.4,34.8,29.1
40,38.3,34.9,35.7,44.6,38.9,40.7,41.2,38.5,38.6,36.5,39.0,40.3,39.7,37.1,40.4,38.6,38.2,37.4,38.6,37.6,38.5,37.9,41.6,35.4,39.8,40.5,38.7,39.2,35.3,41.1,38.8,39.1,31.4,32.5,30.8,31.4,46.9,36.0,46.8,38.1,42.9,41.5,38.9,29.7,39.0,40.3,37.4,40.7,50.1,33.1,49.7,42.8,45.1,33.9,29.6,32.7,30.3,31.5,34.3,31.8,37.5,31.7,37.6,39.6,43.7,35.6,41.0,37.5,41.8,37.5,44.1,45.5,41.6,28.8,40.4,36.4,39.9,34.4,37.3,38.1,37.5,35.5,32.0,34.1,32.1,34.3,28.7
41,32.8,31.1,30.7,43.0,36.6,39.1,39.3,36.4,36.4,34.4,37.4,38.9,37.3,35.5,38.5,36.8,35.8,35.6,36.4,35.7,36.1,35.8,39.3,33.4,38.0,38.3,37.1,36.8,33.0,39.0,36.9,36.8,29.2,30.6,29.1,29.6,42.5,32.0,45.2,34.8,41.2,35.8,37.0,26.7,34.6,36.4,34.8,36.1,44.2,30.8,47.8,40.3,43.1,29.6,28.2,30.8,28.7,29.4,33.1,30.0,36.4,30.6,35.6,35.1,42.1,33.5,38.0,35.8,39.7,35.4,41.8,44.1,35.8,26.7,35.8,34.4,38.1,32.8,35.1,36.1,35.4,33.7,30.2,32.6,30.1,32.3,26.4
42,28.6,28.9,27.0,39.2,33.2,36.4,35.9,33.0,34.9,32.4,35.8,36.9,35.5,33.7,35.7,35.2,32.8,34.8,35.0,34.4,33.4,33.6,36.1,30.6,33.2,34.5,35.7,34.1,30.6,36.5,34.4,34.7,26.3,27.8,27.1,27.2,37.9,29.3,39.9,31.3,38.5,32.8,33.0,23.4,31.8,31.8,31.4,32.7,39.7,26.7,42.4,37.7,37.1,26.9,26.4,29.9,26.7,27.7,31.2,29.3,35.9,28.7,34.6,31.6,40.5,32.0,35.1,34.4,37.4,33.8,35.8,38.5,31.6,23.4,32.8,29.1,36.7,31.7,32.8,31.9,31.8,30.6,27.5,31.5,28.1,30.3,24.7
43,25.9,27.6,25.0,35.1,31.2,34.6,34.1,30.7,33.9,31.3,35.0,35.4,34.5,32.1,33.7,33.9,30.5,34.0,34.0,33.8,31.5,32.1,34.3,29.4,31.1,31.6,34.1,32.0,28.9,35.0,32.8,34.0,24.9,26.1,25.8,25.2,35.7,28.0,36.9,28.9,36.2,31.2,29.9,22.2,30.0,29.4,29.2,30.9,36.6,24.5,38.7,36.3,32.6,25.3,25.7,29.2,25.9,26.8,29.9,29.0,35.4,27.4,34.0,29.5,39.2,31.1,33.8,33.1,36.2,32.9,33.0,34.5,29.4,21.8,30.9,27.1,35.8,30.8,31.4,28.6,29.7,27.8,26.9,30.8,25.8,28.6,22.9
44,24.1,26.8,23.8,33.0,29.8,33.4,33.0,29.1,33.1,30.4,34.1,34.4,33.7,31.3,32.7,33.3,29.2,33.6,33.3,33.2,30.4,31.1,33.3,28.6,29.8,30.3,33.1,30.6,27.9,34.0,31.2,33.0,23.8,24.8,24.8,24.0,33.9,27.0,35.2,27.1,34.9,30.2,28.3,21.3,28.2,28.1,26.9,29.8,34.6,23.2,36.5,34.9,30.7,24.2,25.4,28.6,25.2,26.3,29.0,28.7,35.2,26.5,33.5,27.9,38.3,30.3,33.1,32.1,35.3,32.3,31.2,32.6,27.5,20.7,29.2,26.0,35.2,30.4,30.4,27.0,28.3,25.9,26.8,30.1,24.5,27.3,22.0
45,22.6,25.9,22.8,31.2,29.0,32.5,31.9,28.0,32.2,29.8,33.4,33.4,32.9,30.4,31.7,32.5,28.3,33.4,32.6,32.8,29.4,30.2,32.5,27.8,28.9,29.4,32.2,29.8,27.2,33.2,30.3,32.5,22.9,24.1,24.1,23.3,32.8,26.3,33.6,26.0,33.9,29.7,27.5,20.7,26.7,27.7,25.2,28.6,33.2,21.9,34.9,33.6,29.2,23.3,25.1,28.4,24.6,25.9,28.5,28.2,34.7,26.0,33.1,26.4,37.5,29.8,32.4,31.3,34.6,31.7,30.0,31.0,25.9,19.6,28.2,24.8,34.7,29.7,29.5,25.7,27.2,24.5,26.8,29.5,23.7,26.4,21.2
46,21.5,25.3,22.2,30.1,28.2,31.7,30.9,27.1,31.8,29.1,32.8,32.6,32.1,29.7,31.0,31.9,27.5,32.8,32.1,32.3,28.7,29.5,31.6,27.1,28.4,28.7,31.4,29.0,26.1,32.8,29.4,31.8,22.3,23.1,23.3,22.6,31.9,25.8,32.6,25.4,32.8,29.1,26.7,20.1,25.6,27.1,23.8,27.7,31.4,21.1,33.2,32.5,28.3,22.7,24.6,28.0,24.5,25.5,28.2,28.1,34.5,25.4,32.8,25.4,36.8,29.4,31.6,30.6,34.1,30.9,28.9,29.6,24.7,19.1,27.2,23.6,34.3,29.2,28.8,24.9,26.5,23.3,26.3,29.0,23.0,25.5,20.6
47,21.1,25.0,21.7,29.3,27.5,30.9,30.3,26.2,31.3,28.4,32.1,31.8,31.6,29.1,30.3,31.3,26.9,32.5,31.4,31.8,28.0,28.9,31.1,26.1,27.8,28.2,30.9,28.3,25.8,32.2,28.6,31.2,21.7,22.4,22.5,21.8,30.9,25.2,31.7,24.7,32.0,28.5,25.7,19.6,24.4,26.3,22.7,27.0,30.1,20.3,32.2,31.3,27.2,21.8,24.6,27.7,24.2,25.2,28.0,28.0,34.2,25.0,32.5,24.5,36.2,29.1,31.1,30.0,33.4,30.4,28.1,28.8,23.3,18.3,26.5,22.5,33.8,28.5,28.2,24.4,25.7,22.4,25.9,28.5,22.4,25.1,20.1
48,20.2,24.6,21.2,28.7,26.9,30.3,29.8,25.7,30.6,28.1,31.9,31.1,31.1,28.5,29.9,31.0,26.3,32.3,30.9,31.3,27.4,28.4,30.5,25.6,27.0,27.7,30.4,27.8,25.3,31.8,27.9,30.7,21.4,21.9,21.8,21.3,30.1,24.7,31.0,24.4,31.1,28.2,25.0,19.1,23.7,25.8,21.8,26.2,29.2,19.5,31.3,30.5,26.4,21.4,24.3,27.5,23.9,24.9,27.8,27.6,34.0,24.6,32.2,23.6,35.6,28.7,30.7,29.5,32.8,30.0,27.0,27.9,22.4,17.8,25.8,22.0,33.3,28.1,27.7,23.8,25.0,21.6,25.7,28.0,22.1,24.7,19.7
49,19.1,24.2,20.7,28.2,26.2,29.6,29.3,25.2,30.1,27.4,31.6,30.7,30.6,28.0,29.2,30.4,25.8,32.2,30.5,30.9,26.8,28.2,30.0,25.0,26.3,27.3,29.8,27.2,24.6,31.1,27.4,30.2,20.8,21.2,21.4,20.8,29.2,24.4,30.4,24.0,30.1,27.9,24.0,18.7,22.8,25.1,21.2,25.6,28.6,18.9,30.4,29.6,25.5,20.8,23.9,27.4,23.8,24.3,27.4,27.7,33.9,24.4,32.0,22.9,35.4,28.5,30.1,29.1,32.1,29.3,26.2,27.1,21.5,17.7,25.2,21.5,32.8,27.8,27.3,23.3,24.3,21.0,25.4,27.7,21.7,24.1,19.1
50,18.6,24.3,20.3,27.7,25.6,29.1,28.5,24.8,29.6,26.8,30.9,30.3,30.0,27.6,28.6,30.1,25.5,31.9,30.1,30.5,26.3,27.7,29.4,24.4,25.7,26.7,29.4,26.9,24.5,30.6,26.9,29.7,20.4,20.8,20.9,20.3,28.6,24.5,29.6,23.5,29.5,27.8,23.3,18.3,22.1,24.5,20.4,24.9,27.7,18.5,29.6,29.0,24.9,20.0,23.8,27.5,23.4,24.2,27.2,27.5,33.8,24.2,31.7,22.4,35.1,28.4,29.8,28.7,31.6,28.9,24.7,26.3,20.6,16.8,24.8,20.6,32.4,27.5,26.9,23.0,23.8,20.4,25.5,27.4,21.3,23.6,18.7
51,18.2,23.9,19.8,27.3,25.6,28.5,28.1,24.4,29.3,26.3,30.5,29.7,29.5,27.1,28.1,29.4,25.1,31.7,29.6,30.1,25.9,27.2,29.0,23.9,25.2,26.2,28.9,26.4,23.9,30.3,26.3,29.2,20.2,20.5,20.5,20.0,28.1,24.2,28.9,23.0,28.9,27.7,22.8,17.8,21.5,23.9,20.0,24.4,27.2,17.8,29.0,28.3,23.9,19.8,23.6,27.2,23.4,24.1,27.0,27.3,33.7,24.0,31.7,22.0,34.8,28.1,29.2,28.1,31.1,28.5,23.4,25.5,20.4,16.4,24.3,20.0,32.0,27.0,26.4,22.6,23.4,19.9,25.6,27.1,21.1,23.1,18.5
52,17.6,24.1,19.7,26.4,25.0,28.0,27.6,23.8,29.0,26.0,30.0,29.4,29.0,26.6,27.6,29.0,24.8,31.5,29.2,29.7,25.4,26.8,28.6,23.5,24.8,25.7,28.5,25.9,23.6,29.9,25.9,28.8,20.0,20.1,20.1,19.8,27.5,24.1,28.5,22.5,28.1,27.6,22.1,17.2,20.9,23.2,19.5,23.9,26.7,17.7,28.3,27.8,23.1,19.7,23.4,27.1,23.1,24.1,26.8,27.1,33.6,23.8,31.5,21.6,34.6,27.7,29.1,27.6,30.5,28.1,22.5,25.4,20.0,16.0,23.8,19.6,31.6,26.7,25.9,22.1,23.2,19.3,25.4,27.0,20.7,22.8,18.1
53,17.1,23.7,19.7,25.9,24.7,27.5,27.3,23.5,28.5,25.7,29.5,29.0,28.8,26.1,27.2,28.6,24.4,31.4,28.8,29.4,25.0,26.3,28.2,23.1,24.3,25.2,28.0,25.5,23.4,29.6,25.6,28.4,19.7,19.9,19.8,19.4,27.0,23.9,28.3,21.8,27.3,27.4,21.5,16.7,20.4,23.2,19.0,23.3,26.6,17.5,27.7,27.1,22.4,19.5,22.9,26.9,22.6,23.9,26.7,26.9,33.5,23.7,31.4,21.1,34.4,27.6,28.9,27.2,30.1,27.9,21.8,24.9,19.4,15.4,23.4,19.1,31.3,26.5,25.5,21.8,22.8,19.0,25.1,26.7,20.5,22.2,18.0
54,16.6,23.2,19.6,25.4,24.4,27.2,26.9,23.3,28.2,25.4,29.3,28.7,28.6,25.8,26.7,28.3,24.2,31.4,28.3,29.2,24.8,25.9,27.6,22.8,24.0,24.9,27.6,25.0,23.0,29.3,25.3,28.3,19.5,19.8,19.8,19.3,26.4,23.9,27.8,21.2,26.9,27.2,21.1,16.5,20.2,22.9,18.8,22.7,26.0,17.4,27.2,27.0,21.8,19.4,22.8,26.6,22.7,23.8,26.5,27.0,33.4,23.5,31.5,20.8,34.3,27.4,28.7,26.8,29.8,27.6,21.4,24.3,19.0,15.3,23.2,19.1,30.9,26.3,25.2,21.3,22.3,18.8,24.8,26.6,20.2,22.0,17.8
55,16.0,23.2,19.7,24.8,24.2,26.7,26.5,22.9,27.9,25.2,29.2,28.5,28.4,25.4,26.2,27.9,23.9,31.4,28.3,28.9,24.6,25.7,27.3,22.6,23.6,24.7,27.3,24.8,22.9,29.1,25.0,27.9,19.3,19.7,19.6,19.1,26.3,23.6,27.4,20.5,26.5,27.0,20.5,16.3,19.9,23.0,18.3,22.3,25.7,17.0,27.1,26.8,21.3,19.0,22.7,26.6,22.7,23.7,26.4,26.9,33.3,23.3,31.4,20.3,34.1,26.9,28.4,26.5,29.6,27.5,20.9,24.1,18.9,15.0,23.0,18.7,30.6,26.1,25.0,21.0,21.9,18.5,24.9,26.5,19.9,21.9,17.7
56,18.5,24.0,21.5,24.6,23.9,26.5,26.3,22.9,27.9,25.0,29.4,28.4,28.8,25.3,26.2,27.9,23.8,31.3,28.7,29.5,24.5,25.7,27.3,22.5,23.3,24.4,27.3,24.6,22.9,29.2,24.8,28.3,19.2,19.4,19.5,19.0,28.4,24.2,27.0,21.7,26.9,29.7,20.0,15.9,21.7,24.6,19.0,24.4,28.4,16.6,26.9,27.1,21.7,20.2,22.6,26.7,22.5,23.6,26.4,27.0,33.2,23.2,31.5,21.2,34.0,26.8,28.3,26.2,30.2,28.0,21.0,24.0,20.8,14.9,24.3,18.8,31.3,26.4,24.7,20.8,21.7,18.2,25.1,26.9,19.7,21.7,17.5
57,24.0,27.7,27.3,26.8,25.9,28.6,29.0,25.8,29.7,27.0,31.4,29.9,31.0,26.9,28.7,29.5,26.8,33.1,31.2,31.8,26.9,28.0,29.9,24.1,25.2,27.0,28.8,26.8,24.9,31.5,27.0,30.2,20.4,21.1,20.8,20.8,33.9,28.2,29.7,26.0,29.9,34.6,22.1,19.0,26.0,29.9,22.3,29.3,36.0,19.1,31.8,30.1,26.8,24.1,23.2,27.8,23.5,24.6,26.6,28.2,34.4,23.4,32.7,26.4,34.8,28.5,30.4,27.9,32.7,30.0,26.6,26.6,26.5,18.0,29.2,22.3,33.4,28.2,26.8,22.6,23.6,19.6,25.8,28.6,20.8,23.5,19.0
58,29.1,31.5,32.6,32.0,29.3,31.6,32.2,29.1,32.1,29.4,33.4,32.1,33.3,29.5,31.7,31.9,29.9,35.3,33.4,33.8,29.9,30.8,33.0,26.9,29.1,30.4,31.0,30.0,27.5,34.0,30.0,32.5,23.3,24.2,23.2,23.5,38.3,32.4,34.4,30.0,33.0,38.9,26.5,22.4,30.4,35.1,25.7,33.3,42.0,22.7,37.4,33.5,31.5,28.6,25.0,29.7,25.7,26.9,28.3,29.6,35.8,24.8,34.7,30.8,36.3,31.1,33.0,30.1,35.3,31.8,31.4,32.5,31.9,21.7,33.5,26.3,35.4,30.0,29.5,26.9,27.3,23.0,27.9,30.4,23.3,26.4,21.8
59,33.5,34.4,35.9,36.8,32.5,34.7,35.2,32.4,34.4,31.7,35.0,34.5,35.4,31.9,34.8,34.1,32.6,36.7,35.1,35.6,32.7,33.1,35.7,29.6,32.9,33.9,33.7,33.3,30.1,36.5,32.6,34.6,26.2,27.1,25.4,26.2,41.6,35.7,38.4,33.2,36.1,41.6,30.7,25.2,34.3,38.6,29.7,36.6,46.0,26.4,41.3,36.6,36.0,32.2,26.8,31.3,28.0,29.1,30.3,31.2,37.1,27.0,36.3,34.5,37.9,33.4,35.7,32.6,37.6,33.5,35.6,37.9,36.5,25.0,36.6,30.0,37.2,31.6,32.1,30.9,30.7,26.8,29.8,32.2,26.2,29.0,24.2
60,37.0,36.5,37.9,40.5,35.2,37.0,37.7,34.9,36.4,33.9,36.9,36.6,37.4,34.0,37.4,36.0,35.1,37.9,36.9,36.8,35.2,35.0,38.0,32.2,35.9,36.8,35.8,35.8,32.3,38.5,35.3,36.4,28.6,29.6,27.6,28.4,44.5,37.8,41.9,35.7,38.7,43.4,34.3,27.7,37.5,40.9,33.3,39.2,48.8,29.5,44.5,39.5,39.5,34.7,28.6,32.8,29.7,31.0,32.0,32.3,38.2,28.9,37.7,37.3,39.7,35.1,38.1,34.6,39.5,35.2,39.3,41.6,39.9,26.7,38.9,33.1,38.6,33.0,34.3,34.2,33.7,30.4,31.3,33.6,28.8,31.4,26.3
61,39.1,37.6,38.7,43.0,37.3,39.1,39.6,37.0,37.7,35.4,38.2,38.3,38.7,35.7,39.2,37.6,36.9,38.8,37.9,37.7,37.2,36.7,39.8,34.0,38.7,39.0,37.3,37.9,34.1,40.0,37.3,38.1,30.5,31.3,29.4,30.2,46.7,39.2,44.5,37.4,40.8,44.4,36.8,29.3,39.9,42.1,35.7,41.2,50.8,31.7,47.3,41.6,42.4,36.3,29.9,33.8,30.7,32.0,33.4,33.1,38.8,30.6,38.7,39.3,41.7,36.3,39.8,36.3,41.0,36.5,42.0,43.9,42.2,28.2,41.0,35.3,39.5,34.1,36.0,36.5,36.0,33.3,32.3,34.5,30.5,33.2,27.9
62,40.7,38.0,38.8,44.6,38.8,40.5,41.0,38.4,38.9,36.5,39.1,39.7,39.8,36.8,40.5,38.6,38.2,39.2,38.9,38.2,38.4,37.9,41.1,35.3,39.9,40.6,38.4,39.3,35.4,41.1,38.5,39.1,31.8,32.6,30.5,31.4,47.8,39.4,46.4,38.7,42.5,44.8,38.5,30.3,41.2,42.3,37.2,42.4,51.4,33.2,49.1,43.1,44.2,36.9,30.4,34.2,31.3,32.5,34.4,33.5,39.1,31.8,39.2,40.6,43.1,37.0,41.2,37.3,41.9,37.7,43.9,45.6,43.1,29.2,42.0,36.7,40.2,34.8,37.1,38.2,37.5,35.4,32.7,35.1,31.9,34.3,28.9
63,39.6,37.4,38.8,45.2,39.4,41.0,41.7,39.0,39.1,36.9,39.4,40.3,40.1,37.2,41.1,39.1,38.7,39.1,39.0,38.2,38.8,38.2,41.6,35.9,40.8,41.2,38.9,39.7,35.9,41.5,39.2,39.5,32.2,33.0,31.1,32.0,48.0,38.7,47.3,39.2,43.3,44.2,39.3,30.7,41.2,42.4,37.9,42.6,52.1,34.1,50.1,43.8,45.3,36.8,30.7,34.1,31.3,32.7,34.8,33.1,38.8,32.2,39.1,40.8,44.0,37.0,41.7,37.8,42.1,38.0,44.6,45.9,43.4,29.7,42.2,37.2,40.3,34.9,37.5,38.5,38.1,36.3,32.9,35.0,32.6,34.8,29.0
64,38.7,35.6,36.2,45.1,39.1,40.9,41.4,38.6,38.5,36.4,38.8,40.2,39.6,36.9,40.6,38.6,38.1,37.9,38.3,37.4,38.4,37.8,41.2,35.6,40.3,40.9,38.6,39.2,35.3,41.0,38.8,39.0,31.7,32.6,30.8,31.3,47.0,36.6,47.1,38.3,43.1,41.9,39.4,29.8,39.5,40.8,37.4,41.2,50.5,33.6,50.0,43.2,45.3,34.4,30.0,33.1,30.6,31.8,34.6,32.1,37.8,32.1,38.1,40.0,44.0,36.0,41.4,37.4,41.5,37.3,44.3,45.9,42.1,28.9,41.0,36.9,39.7,34.3,37.1,38.5,37.8,35.9,32.3,34.2,32.3,34.3,28.8
65,33.2,31.8,31.1,43.5,36.9,39.2,39.5,36.5,36.4,34.4,37.3,38.9,37.3,35.4,38.6,36.8,35.7,36.0,36.3,35.5,36.0,35.7,39.1,33.6,38.5,38.5,37.0,36.8,33.0,38.9,36.9,36.7,29.5,30.6,29.1,29.7,42.7,32.6,45.5,35.1,41.3,36.2,37.6,26.8,35.1,36.9,34.9,36.7,44.7,31.3,48.2,40.8,43.3,30.1,28.7,31.1,29.1,29.8,33.5,30.3,36.7,31.2,36.1,35.5,42.5,33.8,38.3,35.7,39.5,35.2,42.0,44.5,36.4,26.7,36.2,34.9,38.0,32.7,35.1,36.5,35.7,34.2,30.7,32.7,30.4,32.4,26.5
66,28.8,29.6,27.4,39.6,33.4,36.5,36.0,33.0,34.9,32.4,35.6,36.9,35.4,33.7,35.8,35.1,32.7,35.1,34.7,34.2,33.3,33.4,35.8,30.7,33.7,34.7,35.7,34.1,30.7,36.5,34.4,34.6,26.6,27.9,27.2,27.3,38.0,30.0,40.3,31.5,38.6,33.1,33.4,23.6,32.2,32.3,31.5,33.2,40.1,27.2,42.7,38.2,37.4,27.3,26.9,30.2,27.2,28.2,31.6,29.7,36.1,29.1,35.1,32.1,40.8,32.4,35.4,34.3,37.2,33.6,36.1,38.9,31.9,23.4,33.2,29.7,36.6,31.5,32.8,32.3,32.1,31.1,28.1,31.6,28.4,30.3,24.7
67,25.9,28.2,25.2,35.4,31.2,34.7,34.2,30.6,33.9,31.3,34.8,35.3,34.4,32.0,33.7,33.8,30.4,34.3,33.9,33.7,31.4,32.1,33.9,29.5,31.5,31.7,34.1,32.0,28.9,34.9,32.8,33.8,25.2,26.2,26.0,25.2,35.9,28.6,37.2,29.2,36.3,31.4,30.2,22.3,30.4,29.7,29.2,31.5,37.0,25.0,39.1,36.7,32.8,25.7,26.3,29.5,26.4,27.2,30.4,29.4,35.7,27.8,34.5,29.9,39.5,31.4,34.0,33.0,36.0,32.8,33.2,34.6,29.7,21.8,31.3,27.7,35.8,30.7,31.3,29.0,29.9,28.1,27.6,30.9,26.1,28.6,22.8
68,24.3,27.4,24.0,33.2,30.0,33.4,33.0,29.1,33.1,30.3,34.0,34.4,33.6,31.1,32.7,33.2,29.1,33.9,33.2,33.0,30.3,31.0,32.9,28.8,30.2,30.4,33.1,30.6,27.8,34.0,31.2,33.0,24.2,24.9,24.9,24.1,34.2,27.7,35.5,27.4,35.1,30.5,28.6,21.2,28.7,28.5,27.0,30.3,34.9,23.9,36.8,35.4,30.9,24.5,25.9,28.9,25.6,26.8,29.6,29.0,35.5,26.9,33.9,28.4,38.5,30.6,33.3,32.0,35.1,32.1,31.4,32.6,27.9,20.8,29.6,26.5,35.1,30.3,30.3,27.4,28.6,26.2,27.4,30.1,24.8,27.3,21.9
69,22.7,26.5,23.1,31.4,29.1,32.6,31.9,27.9,32.2,29.7,33.3,33.3,32.8,30.3,31.7,32.4,28.3,33.7,32.5,32.6,29.3,30.0,32.1,28.0,29.2,29.6,32.1,29.8,27.1,33.1,30.2,32.4,23.3,24.2,24.1,23.3,33.0,27.0,33.9,26.2,34.1,30.0,27.7,20.7,27.0,27.9,25.3,29.0,33.6,22.5,35.1,34.2,29.4,23.5,25.6,28.6,25.1,26.4,29.0,28.5,34.9,26.4,33.5,26.9,37.7,30.1,32.6,31.3,34.5,31.5,30.2,31.1,26.1,19.5,28.6,25.3,34.6,29.7,29.4,26.1,27.5,24.7,27.4,29.5,24.0,26.3,21.2
70,21.6,26.0,22.5,30.3,28.3,31.7,31.0,27.2,31.7,28.9,32.7,32.5,32.1,29.6,31.0,31.8,27.4,33.1,32.0,32.2,28.6,29.4,31.2,27.4,28.7,28.8,31.3,29.0,26.1,32.6,29.4,31.7,22.6,23.4,23.3,22.6,32.1,26.5,32.9,25.5,32.9,29.4,26.9,20.2,26.0,27.4,23.8,28.1,31.9,21.7,33.5,33.0,28.5,23.0,25.1,28.3,24.9,26.1,28.8,28.3,34.7,25.9,33.2,25.9,37.0,29.7,31.8,30.6,33.9,30.7,29.1,29.7,24.9,19.1,27.7,24.1,34.3,29.2,28.7,25.3,26.8,23.5,26.9,28.9,23.3,25.5,20.6
71,21.1,25.7,22.0,29.4,27.7,31.0,30.3,26.3,31.2,28.4,32.1,31.7,31.5,29.0,30.4,31.2,26.9,32.9,31.4,31.7,28.0,28.8,30.8,26.4,28.1,28.3,30.8,28.3,25.8,32.1,28.6,31.1,22.0,22.6,22.6,21.9,31.0,26.0,31.9,24.8,32.1,28.9,26.1,19.8,24.7,26.6,22.7,27.4,30.5,20.8,32.3,31.9,27.4,22.2,25.0,28.0,24.6,25.8,28.5,28.3,34.4,25.4,32.9,25.1,36.5,29.5,31.3,30.0,33.3,30.3,28.3,28.9,23.6,18.3,27.0,23.1,33.7,28.6,28.1,24.8,26.0,22.6,26.6,28.3,22.8,25.1,20.1
72,20.3,25.3,21.5,29.0,27.1,30.3,29.8,25.9,30.6,28.0,31.8,31.1,31.0,28.3,30.0,30.8,26.3,32.6,30.9,31.3,27.4,28.2,30.1,26.0,27.4,27.8,30.3,27.8,25.3,31.7,28.0,30.6,21.7,22.1,21.8,21.3,30.2,25.6,31.1,24.6,31.3,28.6,25.2,19.4,24.0,26.1,21.9,26.6,29.4,20.2,31.4,31.0,26.6,21.8,24.8,27.8,24.4,25.4,28.3,27.9,34.2,25.0,32.6,24.2,35.9,29.0,30.9,29.4,32.7,30.0,27.2,28.0,22.6,18.0,26.2,22.5,33.1,28.2,27.6,24.2,25.3,21.8,26.4,27.8,22.4,24.8,19.7
73,19.2,24.9,21.0,28.4,26.4,29.7,29.4,25.5,30.1,27.3,31.5,30.6,30.5,27.9,29.4,30.2,25.7,32.5,30.5,30.8,26.9,28.1,29.7,25.3,26.7,27.4,29.7,27.3,24.7,31.0,27.4,30.1,21.0,21.4,21.4,20.8,29.3,25.1,30.6,24.1,30.3,28.3,24.2,18.8,23.1,25.4,21.3,26.0,28.9,19.5,30.6,30.1,25.7,21.2,24.4,27.7,24.3,24.9,27.8,27.9,34.1,24.8,32.4,23.5,35.6,29.0,30.3,28.9,32.0,29.3,26.4,27.3,21.7,17.7,25.6,21.9,32.8,27.7,27.3,23.6,24.6,21.3,26.1,27.5,22.0,24.4,19.2
74,18.8,24.9,20.6,27.9,25.9,29.2,28.6,25.1,29.6,26.8,30.9,30.2,30.1,27.5,28.8,30.0,25.4,32.2,30.1,30.4,26.3,27.6,29.2,24.8,26.0,26.9,29.3,27.0,24.5,30.5,26.9,29.7,20.6,20.9,20.9,20.2,28.7,25.3,29.8,23.7,29.7,28.3,23.5,18.5,22.5,24.9,20.4,25.3,28.1,19.0,29.8,29.4,25.1,20.5,24.2,27.7,23.9,24.8,27.6,27.7,34.0,24.6,32.0,22.9,35.3,28.9,30.0,28.5,31.5,28.9,24.9,26.5,20.9,16.8,25.1,21.1,32.3,27.4,26.8,23.3,24.0,20.7,26.1,27.2,21.6,23.8,18.8
75,18.2,24.5,20.1,27.3,25.8,28.6,28.2,24.7,29.3,26.4,30.5,29.7,29.6,27.0,28.3,29.4,25.1,31.9,29.6,29.9,26.0,27.2,28.8,24.2,25.5,26.3,28.8,26.6,24.1,30.2,26.5,29.2,20.5,20.6,20.6,20.0,28.1,24.9,29.1,23.2,29.0,28.2,23.0,18.0,21.8,24.2,20.1,24.8,27.5,18.5,29.1,28.8,24.1,20.3,24.0,27.4,23.8,24.7,27.5,27.5,33.8,24.4,32.0,22.5,35.0,28.6,29.4,28.1,31.0,28.5,23.8,25.8,20.7,16.4,24.7,20.5,32.0,27.0,26.4,22.8,23.6,20.2,26.2,26.8,21.4,23.3,18.5
76,17.6,24.7,19.8,26.5,25.1,28.1,27.7,24.2,29.0,26.1,30.0,29.4,29.1,26.5,27.8,28.9,24.8,31.7,29.2,29.7,25.6,26.7,28.4,23.8,25.1,25.8,28.5,26.2,23.7,29.9,26.0,28.8,20.3,20.2,20.1,19.7,27.6,24.7,28.7,22.8,28.3,28.0,22.2,17.3,21.3,23.6,19.5,24.3,27.0,18.4,28.4,28.2,23.1,20.2,23.8,27.4,23.5,24.7,27.3,27.4,33.7,24.3,31.7,22.1,34.8,28.2,29.4,27.5,30.4,28.2,22.9,25.7,20.5,15.9,24.2,20.1,31.7,26.7,25.9,22.3,23.4,19.6,26.0,26.7,21.0,22.9,18.2
77,17.1,24.2,19.9,26.1,24.8,27.6,27.3,23.8,28.5,25.8,29.6,29.0,28.9,26.2,27.3,28.6,24.6,31.6,28.8,29.4,25.2,26.4,28.0,23.4,24.6,25.4,28.1,25.7,23.5,29.6,25.8,28.4,20.0,20.0,19.8,19.3,27.1,24.5,28.5,22.1,27.5,27.8,21.7,16.8,20.8,23.7,19.0,23.6,26.9,18.1,27.9,27.5,22.5,19.9,23.4,27.2,23.1,24.4,27.1,27.1,33.6,24.1,31.5,21.6,34.6,28.0,29.2,27.2,30.0,28.0,22.1,25.2,19.8,15.5,23.9,19.6,31.3,26.5,25.6,22.1,23.0,19.3,25.6,26.4,20.7,22.4,18.0
78,16.6,23.7,19.8,25.6,24.5,27.3,27.0,23.6,28.3,25.6,29.4,28.7,28.7,25.9,26.9,28.3,24.3,31.5,28.5,29.2,25.0,26.0,27.4,23.1,24.2,25.0,27.7,25.3,23.2,29.3,25.6,28.3,19.8,19.9,19.8,19.2,26.5,24.3,28.0,21.5,27.0,27.6,21.2,16.6,20.6,23.3,18.9,23.1,26.3,18.0,27.3,27.4,21.9,19.7,23.4,26.9,23.2,24.4,26.9,27.2,33.5,23.9,31.6,21.3,34.4,27.8,29.0,27.0,29.7,27.7,21.6,24.6,19.4,15.4,23.7,19.7,30.9,26.3,25.3,21.6,22.6,19.1,25.3,26.2,20.4,22.2,17.8
79,16.1,23.7,19.9,25.1,24.3,26.8,26.6,23.2,27.9,25.3,29.2,28.4,28.4,25.6,26.4,27.9,24.0,31.5,28.3,29.0,24.8,25.7,27.3,23.0,23.8,24.9,27.5,25.0,23.0,29.1,25.2,28.0,19.4,19.9,19.5,19.0,26.4,24.0,27.7,20.8,26.6,27.4,20.6,16.4,20.2,23.5,18.4,22.7,26.0,17.7,27.2,27.3,21.4,19.3,23.2,26.9,23.2,24.2,26.8,27.1,33.3,23.8,31.5,20.8,34.3,27.4,28.7,26.7,29.5,27.6,21.1,24.4,19.4,15.2,23.5,19.2,30.7,26.2,25.1,21.3,22.1,18.8,25.3,26.1,20.1,22.0,17.7
80,18.6,24.5,21.7,24.8,24.2,26.7,26.5,23.3,27.9,25.2,29.4,28.4,28.8,25.4,26.4,27.9,23.9,31.5,28.7,29.7,24.7,25.8,27.3,22.8,23.6,24.6,27.4,24.8,23.1,29.1,25.0,28.4,19.2,19.6,19.6,19.0,28.6,24.6,27.3,21.9,27.0,30.2,20.2,16.1,22.1,25.1,19.1,24.8,28.6,17.4,27.0,27.6,21.7,20.5,23.1,26.9,23.0,24.1,26.7,27.2,33.2,23.6,31.6,21.7,34.3,27.2,28.6,26.3,30.0,28.1,21.2,24.3,21.3,15.1,24.8,19.3,31.3,26.4,24.8,21.0,21.9,18.5,25.4,26.6,19.9,21.9,17.5
81,24.2,28.0,27.5,27.1,26.3,28.9,29.2,26.2,29.7,27.3,31.4,29.9,31.0,27.1,28.9,29.7,26.9,33.2,31.2,31.8,27.2,28.2,29.9,24.4,25.5,27.3,29.0,27.0,25.2,31.5,27.2,30.2,20.4,21.3,20.7,20.6,34.2,28.4,30.0,26.2,30.0,35.2,22.4,19.0,26.5,30.3,22.4,29.7,36.3,19.9,32.0,30.6,26.9,24.3,23.7,28.1,24.0,25.2,27.0,28.5,34.4,23.7,32.8,26.8,35.1,28.9,30.7,28.0,32.5,30.0,26.9,27.0,27.1,18.1,29.7,22.8,33.4,28.2,26.9,22.9,23.9,19.8,26.2,28.2,21.0,23.8,19.0
82,29.4,31.9,32.9,32.4,29.7,31.9,32.4,29.5,32.2,29.6,33.4,32.1,33.3,29.7,31.9,32.1,30.0,35.4,33.4,33.8,30.1,30.9,33.1,27.2,29.5,30.7,31.2,30.3,27.7,34.0,30.2,32.6,23.3,24.3,23.1,23.5,38.7,32.6,34.8,30.1,33.2,39.6,26.8,22.5,30.9,35.5,25.8,33.7,42.2,23.5,37.7,33.9,31.7,28.7,25.5,30.0,26.2,27.3,28.7,29.9,35.9,25.2,34.8,31.3,36.6,31.4,33.4,30.3,35.1,31.9,31.7,33.0,32.5,21.9,33.9,26.8,35.5,30.0,29.7,27.1,27.6,23.1,28.4,30.2,23.5,26.6,21.7
83,33.9,34.8,36.2,37.5,32.8,34.9,35.5,32.7,34.5,31.9,35.0,34.6,35.4,32.0,35.1,34.2,32.8,36.9,35.1,35.6,32.9,33.3,35.9,29.9,33.4,34.3,33.9,33.5,30.3,36.5,32.9,34.6,26.2,27.2,25.3,26.3,42.1,35.9,38.9,33.3,36.2,42.3,31.1,25.3,34.9,38.9,29.9,37.0,46.3,27.0,41.6,37.0,36.2,32.3,27.2,31.6,28.4,29.5,30.7,31.4,37.1,27.4,36.5,34.9,38.3,33.7,36.1,32.7,37.5,33.6,35.9,38.4,37.0,25.3,37.0,30.6,37.2,31.6,32.2,31.2,31.1,27.0,30.1,32.1,26.3,29.2,24.1
84,37.5,36.8,38.2,41.2,35.6,37.3,38.1,35.3,36.5,34.1,36.9,36.8,37.4,34.1,37.7,36.1,35.2,38.1,37.0,36.8,35.4,35.1,38.1,32.4,36.4,37.2,35.9,36.0,32.7,38.5,35.5,36.5,28.6,29.7,27.6,28.4,45.0,37.8,42.5,35.9,39.0,44.0,34.8,27.8,38.0,41.2,33.5,39.5,49.2,30.2,44.8,39.9,39.8,34.7,28.9,33.1,30.0,31.4,32.4,32.6,38.2,29.4,37.8,37.7,40.1,35.4,38.5,34.7,39.4,35.3,39.7,42.2,40.4,27.0,39.3,33.7,38.6,33.1,34.4,34.4,34.0,30.6,31.6,33.5,28.8,31.6,26.2
85,39.7,37.9,38.8,43.8,37.7,39.4,40.0,37.3,37.8,35.6,38.3,38.5,38.9,35.7,39.5,37.7,37.2,39.0,38.0,37.7,37.4,36.9,39.9,34.2,39.2,39.4,37.4,38.2,34.3,40.0,37.5,38.2,30.5,31.4,29.3,30.2,47.1,39.4,45.2,37.6,41.0,45.1,37.4,29.4,40.4,42.5,35.9,41.6,51.3,32.4,47.6,42.1,42.7,36.3,30.2,34.0,31.0,32.4,33.6,33.3,38.9,31.0,38.8,39.7,42.1,36.6,40.2,36.4,41.0,36.7,42.5,44.6,42.7,28.5,41.4,35.9,39.5,34.2,36.1,36.7,36.4,33.5,32.6,34.5,30.6,33.2,27.8
86,41.1,38.3,39.0,45.4,39.2,40.9,41.5,38.6,38.9,36.6,39.3,39.8,40.0,36.9,40.9,38.8,38.3,39.4,38.9,38.2,38.6,38.0,41.3,35.5,40.4,40.9,38.5,39.6,35.5,41.1,38.7,39.3,31.8,32.7,30.5,31.3,48.3,39.5,47.0,39.0,42.8,45.4,39.0,30.4,41.6,42.7,37.5,42.8,51.9,33.7,49.5,43.6,44.7,36.9,30.7,34.4,31.6,33.0,34.7,33.6,39.2,32.3,39.3,41.0,43.6,37.2,41.6,37.4,42.0,38.0,44.4,46.2,43.5,29.5,42.4,37.2,40.2,34.9,37.2,38.4,37.9,35.5,33.0,35.1,32.0,34.4,28.7
87,40.2,37.7,39.0,45.8,39.6,41.4,42.1,39.3,39.2,36.9,39.6,40.5,40.4,37.2,41.5,39.3,38.7,39.2,39.2,38.2,39.0,38.4,41.8,36.0,41.3,41.5,39.1,40.0,35.9,41.6,39.4,39.6,32.2,33.1,31.0,32.1,48.5,38.7,47.9,39.5,43.6,44.9,39.7,30.8,41.6,42.8,38.2,42.9,52.6,34.7,50.5,44.2,45.8,36.8,31.0,34.3,31.6,33.1,35.2,33.3,39.0,32.8,39.2,41.2,44.4,37.2,42.0,38.0,42.3,38.3,45.1,46.5,43.7,30.1,42.5,37.7,40.4,35.1,37.6,38.5,38.6,36.4,33.1,35.0,32.6,34.9,28.9
88,39.3,35.8,36.4,45.6,39.3,41.2,41.7,38.9,38.6,36.5,39.1,40.3,39.7,36.9,40.8,38.7,38.1,38.0,38.5,37.4,38.6,38.0,41.5,35.7,40.7,41.2,38.6,39.4,35.3,41.0,39.0,39.0,31.7,32.6,30.7,31.3,47.5,36.6,47.8,38.6,43.5,42.6,39.8,29.9,39.9,41.2,37.6,41.6,50.9,34.2,50.4,43.6,45.7,34.4,30.4,33.2,30.9,32.2,35.1,32.3,37.9,32.6,38.2,40.4,44.4,36.2,41.8,37.4,41.7,37.5,44.8,46.6,42.4,29.3,41.4,37.3,39.8,34.4,37.1,38.7,38.2,36.0,32.6,34.2,32.4,34.4,28.6
89,33.7,31.9,31.3,44.1,37.0,39.5,39.7,36.8,36.6,34.5,37.4,39.0,37.4,35.4,38.8,37.0,35.7,36.1,36.4,35.6,36.2,35.9,39.4,33.7,38.8,38.8,37.0,37.0,33.1,39.0,37.0,36.8,29.5,30.6,29.1,29.7,43.2,32.7,46.2,35.4,41.7,36.8,37.9,27.0,35.6,37.2,35.2,37.0,45.1,32.0,48.6,41.1,43.7,30.2,29.1,31.3,29.5,30.3,33.9,30.4,36.8,31.7,36.1,35.9,42.9,34.0,38.8,35.7,39.7,35.4,42.6,45.1,36.7,27.1,36.7,35.5,38.1,32.8,35.1,36.6,36.1,34.3,31.0,32.8,30.5,32.3,26.4
90,29.1,29.6,27.4,40.1,33.5,36.7,36.2,33.1,35.0,32.5,35.7,37.2,35.5,33.7,36.0,35.4,32.7,35.1,34.8,34.2,33.3,33.6,36.1,30.7,33.9,34.8,35.8,34.2,30.6,36.6,34.4,34.7,26.5,27.7,27.1,27.2,38.3,30.0,40.9,31.8,38.9,33.5,33.7,23.7,32.6,32.6,31.7,33.6,40.6,27.8,43.1,38.5,37.7,27.3,27.2,30.3,27.5,28.6,32.0,29.9,36.2,29.5,35.1,32.5,41.2,32.6,35.8,34.4,37.3,33.8,36.5,39.5,32.2,23.7,33.6,30.3,36.7,31.6,32.8,32.4,32.4,31.2,28.4,31.7,28.4,30.3,24.5
91,26.2,28.3,25.3,35.8,31.3,34.8,34.2,30.6,34.1,31.3,34.9,35.6,34.5,32.1,33.9,34.0,30.3,34.3,34.0,33.7,31.3,32.2,34.1,29.6,31.6,31.7,34.1,32.0,28.8,35.0,32.7,33.9,25.1,26.0,25.8,25.1,36.2,28.5,37.7,29.5,36.6,31.8,30.4,22.5,30.7,29.9,29.4,31.8,37.5,25.6,39.4,37.1,33.2,25.7,26.6,29.5,26.7,27.6,30.8,29.4,35.8,28.2,34.3,30.3,39.9,31.4,34.3,33.0,36.2,33.0,33.6,35.1,29.9,22.1,31.7,28.3,35.9,30.8,31.3,29.0,30.0,28.2,27.8,31.0,26.1,28.5,22.6
92,24.5,27.5,23.9,33.5,30.0,33.5,33.0,29.0,33.2,30.3,34.1,34.6,33.7,31.2,32.6,33.3,29.0,33.9,33.2,33.1,30.2,31.1,33.0,28.8,30.3,30.4,33.1,30.6,27.6,34.1,31.1,33.0,24.1,24.7,24.7,23.9,34.5,27.6,35.9,27.7,35.4,30.8,28.7,21.4,29.0,28.7,27.2,30.6,35.2,24.4,37.2,35.7,31.2,24.4,26.3,28.9,26.0,27.2,29.9,29.0,35.5,27.4,33.7,28.8,38.9,30.7,33.6,32.1,35.2,32.3,31.8,33.0,28.0,20.9,29.9,27.0,35.1,30.4,30.2,27.4,28.7,26.3,27.6,30.3,24.7,27.2,21.7
93,22.9,26.6,22.9,31.6,29.1,32.5,31.9,27.8,32.3,29.6,33.4,33.5,33.0,30.3,31.7,32.5,28.1,33.7,32.7,32.6,29.2,30.0,32.3,28.0,29.1,29.5,32.0,29.8,27.0,33.3,30.0,32.5,23.2,24.0,23.9,23.1,33.3,26.9,34.3,26.5,34.4,30.2,27.7,21.0,27.3,28.2,25.5,29.4,34.0,23.2,35.4,34.5,29.7,23.5,26.0,28.6,25.4,26.9,29.3,28.6,35.0,26.8,33.3,27.3,38.1,30.1,32.8,31.3,34.6,31.7,30.5,31.5,26.2,19.8,29.0,25.8,34.6,29.9,29.3,26.1,27.6,24.8,27.5,29.6,23.9,26.1,21.0
94,21.6,26.2,22.5,30.4,28.3,31.7,30.9,27.1,31.7,28.8,32.9,32.7,32.4,29.5,31.0,31.8,27.2,33.0,32.2,32.2,28.5,29.4,31.4,27.2,28.6,28.7,31.2,28.9,26.0,32.7,29.3,31.9,22.5,23.2,23.0,22.3,32.3,26.5,33.3,25.7,33.2,29.7,26.9,20.6,26.1,27.7,24.0,28.5,32.2,22.3,33.8,33.3,28.7,23.0,25.5,28.2,25.3,26.5,29.0,28.3,34.8,26.3,33.0,26.2,37.3,29.6,32.0,30.5,34.0,31.1,29.5,30.0,24.9,19.5,28.0,24.6,34.3,29.3,28.5,25.3,26.8,23.6,27.0,29.1,23.2,25.3,20.4
95,21.1,25.8,21.9,29.5,27.6,30.9,30.3,26.1,31.2,28.2,32.4,31.8,31.7,28.9,30.3,31.2,26.7,32.8,31.6,31.8,27.9,28.8,30.8,26.3,27.9,28.2,30.6,28.2,25.6,32.2,28.5,31.2,21.8,22.3,22.2,21.6,31.2,25.9,32.2,25.0,32.5,29.1,26.0,20.1,24.8,26.7,22.9,27.7,31.0,21.5,32.7,32.2,27.8,22.1,25.3,27.8,25.0,26.3,28.6,28.2,34.4,25.7,32.7,25.4,36.7,29.3,31.5,29.8,33.3,30.6,28.7,29.1,23.6,18.6,27.2,23.6,33.7,28.7,27.9,24.6,26.0,22.6,26.7,28.5,22.7,24.8,19.7
96,20.2,25.5,21.4,29.0,27.0,30.1,29.8,25.7,30.6,27.8,32.0,31.2,31.2,28.2,29.8,30.8,26.2,32.5,31.1,31.4,27.3,28.0,30.1,25.8,27.2,27.7,30.1,27.7,25.2,31.8,27.9,30.6,21.5,21.8,21.5,21.0,30.3,25.6,31.4,24.9,31.5,28.7,25.2,19.7,24.0,26.3,22.1,27.0,29.8,20.6,31.8,31.3,27.0,21.7,25.1,27.6,24.7,25.8,28.5,27.8,34.3,25.2,32.4,24.5,36.1,28.9,31.2,29.3,32.7,30.2,27.5,28.2,22.6,18.3,26.3,22.9,33.3,28.3,27.4,24.0,25.3,21.7,26.4,28.0,22.2,24.4,19.4
97,19.2,25.0,20.9,28.4,26.3,29.5,29.2,25.3,30.0,27.2,31.6,30.6,30.6,27.8,29.1,30.1,25.6,32.3,30.8,30.9,26.7,28.0,29.7,25.1,26.5,27.3,29.5,27.2,24.5,31.1,27.2,30.1,20.8,21.1,21.1,20.4,29.4,25.1,30.9,24.4,30.6,28.4,24.1,19.1,23.1,25.7,21.4,26.3,29.2,19.9,30.9,30.3,25.9,21.1,24.6,27.5,24.6,25.3,28.0,27.7,34.1,25.1,32.2,23.9,35.8,28.8,30.5,28.8,32.1,29.5,26.6,27.6,21.7,18.0,25.7,22.2,32.9,27.8,27.1,23.5,24.5,21.2,26.2,27.7,21.7,24.0,18.8
98,18.7,25.0,20.5,27.8,25.7,29.0,28.5,24.8,29.5,26.6,31.0,30.2,30.1,27.4,28.5,29.8,25.2,32.0,30.2,30.6,26.2,27.4,29.1,24.6,25.8,26.7,29.1,26.8,24.3,30.7,26.7,29.6,20.5,20.6,20.5,19.9,28.9,25.2,30.0,23.8,29.9,28.3,23.3,18.8,22.4,25.2,20.6,25.6,28.3,19.4,30.1,29.7,25.3,20.6,24.5,27.5,24.2,25.2,27.8,27.6,34.0,24.9,31.8,23.3,35.4,28.8,30.1,28.4,31.6,29.1,25.2,26.7,20.9,17.2,25.2,21.4,32.5,27.4,26.6,23.2,23.8,20.6,26.1,27.4,21.4,23.4,18.4
99,18.1,24.6,20.0,27.3,25.6,28.4,28.1,24.4,29.2,26.2,30.5,29.7,29.7,26.8,27.9,29.1,24.9,31.8,29.7,30.1,25.8,26.9,28.7,24.0,25.3,26.2,28.6,26.4,23.7,30.3,26.3,29.2,20.4,20.3,20.2,19.6,28.2,24.8,29.3,23.4,29.2,28.2,22.8,18.2,21.7,24.5,20.3,25.0,27.7,18.9,29.5,29.0,24.3,20.6,24.3,27.2,24.1,25.0,27.6,27.4,33.8,24.7,31.7,22.8,35.1,28.5,29.6,27.9,31.1,28.6,24.1,26.0,20.7,16.7,24.8,20.9,32.2,27.0,26.2,22.7,23.5,20.1,26.2,27.0,21.2,22.9,18.1
100,17.4,24.8,19.8,26.4,25.0,27.9,27.6,23.9,28.9,25.8,30.0,29.4,29.1,26.3,27.4,28.7,24.6,31.5,29.3,29.8,25.4,26.4,28.2,23.5,24.8,25.6,28.2,25.9,23.4,30.0,25.8,28.8,20.1,19.9,19.7,19.3,27.7,24.7,28.8,23.0,28.6,28.1,22.0,17.5,21.3,24.0,19.7,24.6,27.2,18.8,28.8,28.4,23.4,20.2,24.1,27.1,23.8,25.0,27.5,27.3,33.6,24.6,31.5,22.3,34.9,28.1,29.5,27.2,30.5,28.3,23.1,25.9,20.5,16.2,24.3,20.4,31.8,26.7,25.7,22.1,23.3,19.5,26.0,26.9,20.8,22.5,17.8
101,17.0,24.4,19.9,26.0,24.7,27.3,27.1,23.5,28.4,25.6,29.5,28.9,28.9,25.9,26.9,28.3,24.3,31.3,28.8,29.5,25.0,26.2,27.8,23.1,24.3,25.1,27.8,25.5,23.1,29.6,25.6,28.4,19.8,19.6,19.4,18.8,27.3,24.5,28.6,22.2,27.7,27.8,21.4,17.0,20.8,24.0,19.2,23.9,27.1,18.5,28.2,27.7,22.8,19.9,23.7,26.9,23.4,24.7,27.3,27.0,33.5,24.3,31.3,21.9,34.7,28.0,29.3,26.9,30.0,28.1,22.4,25.3,19.9,15.9,24.0,20.0,31.4,26.5,25.3,21.9,22.9,19.2,25.6,26.6,20.5,21.9,17.7
102,16.6,23.8,19.8,25.5,24.3,27.1,26.8,23.4,28.0,25.3,29.4,28.5,28.7,25.6,26.5,28.0,24.0,31.2,28.5,29.3,24.8,25.6,27.3,22.9,23.9,24.8,27.3,25.0,22.8,29.3,25.3,28.2,19.5,19.5,19.4,18.9,26.7,24.4,28.1,21.6,27.2,27.6,21.0,16.8,20.5,23.6,19.1,23.3,26.5,18.3,27.6,27.6,22.2,19.6,23.7,26.7,23.4,24.6,27.1,26.9,33.4,24.0,31.3,21.6,34.5,27.7,29.1,26.6,29.7,27.7,21.9,24.6,19.4,15.7,23.8,19.9,31.0,26.2,25.1,21.4,22.4,19.1,25.3,26.4,20.2,21.7,17.5
103,16.1,24.0,19.9,25.0,24.1,26.6,26.4,23.0,27.6,25.0,29.2,28.2,28.4,25.3,26.0,27.6,23.7,31.3,28.3,29.1,24.6,25.4,27.0,22.7,23.5,24.6,27.1,24.7,22.6,29.0,24.9,27.9,19.2,19.5,19.1,18.6,26.6,24.0,27.8,21.0,26.7,27.5,20.4,16.6,20.2,23.8,18.5,23.0,26.2,18.0,27.5,27.4,21.6,19.3,23.4,26.7,23.5,24.4,26.9,26.8,33.2,23.9,31.2,21.0,34.4,27.3,28.7,26.3,29.5,27.6,21.5,24.5,19.3,15.5,23.6,19.4,30.8,26.0,24.8,21.1,22.0,18.7,25.3,26.3,20.0,21.6,17.3
104,18.6,24.7,21.7,24.8,23.9,26.4,26.2,23.0,27.5,24.9,29.4,28.1,28.7,25.1,26.0,27.5,23.6,31.2,28.7,29.7,24.4,25.3,27.0,22.4,23.3,24.3,27.0,24.5,22.7,29.0,24.7,28.3,19.0,19.3,19.1,18.5,28.9,24.7,27.3,22.2,27.1,30.1,20.0,16.3,22.0,25.3,19.2,25.1,28.7,17.7,27.3,27.8,22.0,20.4,23.3,26.7,23.2,24.3,26.9,26.9,33.2,23.7,31.2,21.9,34.3,27.1,28.7,25.9,30.1,27.9,21.6,24.2,21.2,15.4,24.9,19.6,31.4,26.3,24.5,20.8,21.8,18.4,25.4,26.8,19.7,21.5,17.2
105,24.1,28.2,27.5,27.0,26.0,28.5,28.8,25.9,29.2,26.8,31.3,29.5,30.8,26.7,28.4,29.2,26.4,33.0,31.0,31.8,26.8,27.6,29.6,24.0,25.2,27.0,28.5,26.6,24.7,31.3,26.8,30.0,20.1,20.9,20.2,20.2,34.5,28.3,30.0,26.5,30.2,35.3,22.2,19.3,26.4,30.5,22.6,30.0,36.5,20.2,32.2,30.8,27.1,24.2,23.8,28.0,24.2,25.4,27.2,28.2,34.4,23.8,32.6,27.0,35.2,28.9,30.8,27.5,32.5,29.9,27.3,27.0,27.0,18.5,29.8,23.0,33.4,28.0,26.5,22.7,23.7,19.7,26.2,28.4,20.7,23.2,18.5
106,29.3,32.1,32.8,32.5,29.3,31.4,32.0,29.1,31.6,29.0,33.2,31.7,33.0,29.1,31.4,31.5,29.5,35.2,33.2,33.8,29.7,30.3,32.7,26.8,29.2,30.5,30.7,29.8,27.3,33.8,29.8,32.2,23.0,23.9,22.6,23.0,38.9,32.6,34.9,30.3,33.5,39.6,26.6,22.7,30.7,35.5,26.0,34.1,42.5,24.0,38.0,34.1,32.0,28.5,25.6,29.9,26.4,27.5,28.9,29.8,35.9,25.4,34.7,31.5,36.8,31.4,33.6,29.8,35.1,31.8,32.2,33.1,32.5,22.3,34.1,27.0,35.3,29.7,29.1,26.9,27.3,23.0,28.4,30.4,23.1,26.0,21.2
107,33.8,35.0,36.0,37.5,32.3,34.5,35.0,32.3,33.9,31.4,34.8,34.1,35.2,31.5,34.5,33.6,32.3,36.8,34.8,35.5,32.5,32.7,35.5,29.5,33.0,33.9,33.3,32.9,29.8,36.2,32.4,34.2,25.8,26.7,24.8,25.7,42.3,35.8,39.1,33.6,36.5,42.4,30.9,25.5,34.7,38.8,30.1,37.4,46.6,27.4,41.9,37.1,36.6,32.0,27.3,31.6,28.4,29.6,30.9,31.3,37.1,27.6,36.3,35.2,38.6,33.6,36.3,32.1,37.5,33.4,36.4,38.5,37.0,25.7,37.2,30.8,37.0,31.2,31.7,30.8,30.8,26.8,30.2,32.2,25.9,28.6,23.6
108,37.5,36.9,38.0,41.2,35.0,36.8,37.6,34.8,35.7,33.5,36.6,36.3,37.1,33.6,37.1,35.6,34.7,38.0,36.7,36.7,34.9,34.5,37.6,31.9,36.1,36.8,35.4,35.5,32.1,38.2,35.1,36.1,28.0,29.0,27.0,27.9,45.2,37.8,42.6,36.2,39.3,44.1,34.5,28.0,37.9,41.2,33.9,39.8,49.5,30.6,45.2,40.1,40.2,34.4,29.0,33.1,30.0,31.5,32.6,32.6,38.3,29.6,37.7,38.0,40.5,35.4,38.8,34.1,39.3,35.0,40.2,42.2,40.3,27.5,39.5,33.9,38.4,32.7,33.8,34.0,33.7,30.3,31.7,33.7,28.3,30.9,25.6
109,39.5,37.9,38.6,43.7,37.1,38.9,39.6,36.7,37.2,35.0,38.0,37.9,38.5,35.2,39.0,37.2,36.5,39.0,37.7,37.6,36.8,36.3,39.5,33.6,38.8,38.9,36.8,37.5,33.7,39.6,37.0,37.8,29.7,30.7,28.7,29.6,47.3,39.4,45.2,38.0,41.4,45.2,37.0,29.6,40.2,42.4,36.2,41.8,51.6,32.8,48.0,42.2,43.1,36.0,30.3,34.0,31.0,32.5,33.9,33.3,39.0,31.3,38.8,40.0,42.5,36.7,40.6,35.8,40.8,36.4,43.0,44.5,42.6,28.9,41.6,36.0,39.3,33.8,35.5,36.3,36.0,33.1,32.6,34.6,29.9,32.6,27.2
110,41.0,38.3,38.7,45.2,38.6,40.4,41.0,38.0,38.2,36.0,38.9,39.3,39.5,36.3,40.3,38.3,37.7,39.4,38.6,38.0,38.0,37.5,40.8,34.9,40.1,40.4,37.9,38.9,34.9,40.7,38.1,38.8,31.0,31.9,29.8,30.7,48.3,39.5,46.9,39.4,43.1,45.4,38.7,30.5,41.6,42.5,37.7,43.1,52.3,34.3,49.9,43.8,45.1,36.6,30.8,34.4,31.6,33.1,35.0,33.7,39.3,32.6,39.4,41.2,43.9,37.3,41.9,36.8,41.8,37.6,44.9,46.2,43.3,29.8,42.6,37.3,39.9,34.5,36.6,37.9,37.4,35.2,33.0,35.2,31.4,33.7,28.0
111,40.0,37.7,39.0,45.7,39.0,40.9,41.7,38.7,38.5,36.3,39.2,40.0,39.9,36.6,41.0,38.8,38.0,39.3,38.8,38.0,38.4,37.9,41.2,35.4,41.0,40.9,38.4,39.4,35.3,41.2,38.8,39.1,31.5,32.3,30.3,31.3,48.5,38.4,47.9,39.8,44.0,44.9,39.4,31.0,41.5,42.6,38.4,43.2,52.9,35.1,50.9,44.4,46.2,36.5,31.1,34.3,31.7,33.2,35.5,33.3,39.1,33.0,39.2,41.5,44.8,37.3,42.3,37.3,42.1,37.9,45.6,46.6,43.4,30.4,42.8,37.9,40.1,34.7,37.0,38.1,38.2,36.1,33.2,35.1,32.0,34.2,28.3
112,39.3,35.8,36.2,45.5,38.8,40.8,41.3,38.2,38.0,35.8,38.6,39.8,39.2,36.4,40.3,38.2,37.5,38.1,38.1,37.3,37.9,37.4,40.9,35.1,40.4,40.7,37.9,38.8,34.7,40.7,38.3,38.5,31.1,31.9,30.0,30.5,47.5,36.4,47.8,38.9,43.9,42.7,39.5,30.0,39.8,41.0,37.9,41.8,51.3,34.6,50.8,43.7,46.1,34.2,30.5,33.3,31.0,32.3,35.3,32.3,38.1,32.9,38.2,40.8,44.8,36.4,42.2,36.8,41.5,37.2,45.2,46.7,42.3,29.6,41.7,37.5,39.6,34.0,36.5,38.2,37.8,35.8,32.7,34.4,31.7,33.7,27.9
113,33.7,32.1,31.2,44.0,36.5,39.0,39.3,36.2,36.0,33.9,37.0,38.5,37.0,34.8,38.3,36.5,35.1,36.0,36.1,35.4,35.6,35.4,38.9,33.2,38.6,38.3,36.4,36.5,32.5,38.7,36.3,36.4,29.0,29.9,28.3,29.1,43.3,32.6,46.1,35.8,42.1,36.9,37.7,27.2,35.4,37.0,35.4,37.3,45.4,32.4,49.0,41.3,44.1,30.0,29.2,31.3,29.6,30.5,34.2,30.4,36.9,32.0,36.1,36.2,43.3,34.1,39.2,35.1,39.5,35.1,43.0,45.2,36.6,27.6,37.0,35.8,37.8,32.4,34.6,36.3,35.7,34.0,31.2,32.9,29.9,31.7,25.8
114,29.1,29.6,27.3,40.0,33.0,36.3,35.8,32.5,34.4,31.9,35.3,36.7,35.1,33.1,35.5,34.8,32.1,35.0,34.5,34.1,32.7,33.1,35.6,30.3,33.7,34.3,35.1,33.7,29.9,36.3,33.8,34.4,26.0,27.1,26.4,26.7,38.3,29.9,40.8,32.0,39.3,33.5,33.6,23.7,32.4,32.5,31.9,33.8,40.8,28.2,43.5,38.7,38.1,27.2,27.4,30.2,27.6,28.8,32.3,29.7,36.3,29.8,35.1,32.6,41.5,32.5,36.1,33.7,37.2,33.5,36.8,39.6,32.1,24.1,33.8,30.4,36.5,31.2,32.2,32.1,32.1,30.9,28.5,31.8,27.9,29.7,23.9
115,26.0,28.3,25.1,35.7,30.9,34.4,33.8,30.1,33.4,30.7,34.6,35.2,34.1,31.5,33.4,33.4,29.8,34.2,33.6,33.6,30.7,31.7,33.6,29.1,31.5,31.3,33.5,31.5,28.4,34.7,32.1,33.5,24.6,25.3,25.2,24.5,36.1,28.4,37.6,29.7,36.9,31.7,30.3,22.6,30.5,29.8,29.6,32.0,37.8,26.0,39.7,37.2,33.6,25.6,26.7,29.5,26.8,27.8,31.0,29.3,35.9,28.4,34.2,30.5,40.1,31.4,34.7,32.4,36.0,32.7,34.0,35.1,29.8,22.4,31.9,28.5,35.7,30.4,30.7,28.7,29.7,28.0,27.9,31.2,25.7,28.0,22.2
116,24.3,27.5,23.9,33.4,29.5,33.1,32.5,28.5,32.5,29.7,33.8,34.1,33.4,30.6,32.1,32.7,28.4,33.7,33.0,33.1,29.6,30.6,32.5,28.3,30.1,30.0,32.4,30.1,27.1,33.9,30.5,32.6,23.6,24.1,24.1,23.4,34.4,27.5,35.8,28.0,35.6,30.7,28.6,21.5,28.8,28.5,27.3,30.7,35.4,24.8,37.5,35.8,31.5,24.4,26.4,28.8,26.0,27.4,30.1,28.9,35.6,27.5,33.5,28.9,39.1,30.7,33.8,31.5,34.9,32.0,32.2,33.0,27.8,21.2,30.1,27.0,34.9,29.9,29.7,27.1,28.4,26.2,27.7,30.4,24.4,26.6,21.2
117,22.8,26.6,22.8,31.4,28.6,32.0,31.4,27.3,31.6,29.0,33.1,33.0,32.6,29.7,31.2,31.9,27.4,33.5,32.4,32.5,28.6,29.5,31.8,27.5,29.0,29.1,31.3,29.2,26.3,33.0,29.4,32.1,22.8,23.5,23.3,22.5,33.2,26.6,34.1,26.7,34.7,30.0,27.5,21.2,27.2,28.0,25.6,29.4,34.1,23.5,35.7,34.6,30.0,23.5,26.1,28.5,25.5,27.1,29.4,28.5,35.1,26.9,33.2,27.3,38.2,30.1,33.0,30.6,34.3,31.3,30.8,31.4,26.0,20.1,29.1,25.9,34.4,29.3,28.7,26.0,27.2,24.7,27.6,29.8,23.5,25.6,20.4
118,21.5,26.1,22.3,30.3,27.8,31.2,30.5,26.5,31.0,28.2,32.5,32.1,31.9,28.9,30.4,31.3,26.6,32.9,31.9,32.2,28.0,28.9,30.8,26.8,28.4,28.3,30.5,28.3,25.3,32.4,28.7,31.4,22.1,22.6,22.5,21.8,32.2,26.2,33.1,25.9,33.4,29.5,26.7,20.7,25.9,27.5,24.1,28.5,32.3,22.6,34.2,33.4,28.9,23.0,25.6,28.2,25.4,26.7,29.1,28.3,34.8,26.3,32.7,26.3,37.4,29.6,32.2,29.9,33.7,30.8,29.7,29.8,24.7,19.8,28.0,24.6,34.0,28.9,27.9,25.2,26.5,23.5,27.1,29.2,22.8,24.7,19.8
119,20.9,25.7,21.8,29.3,27.1,30.4,29.8,25.6,30.5,27.6,32.0,31.3,31.3,28.3,29.7,30.6,26.1,32.6,31.3,31.6,27.3,28.2,30.3,25.8,27.6,27.7,29.9,27.6,24.9,31.8,27.9,30.8,21.5,21.8,21.7,21.0,31.0,25.8,31.9,25.1,32.6,29.0,25.9,20.1,24.6,26.6,23.0,27.7,31.1,21.7,33.0,32.2,28.0,22.2,25.4,27.7,25.1,26.5,28.7,28.2,34.5,25.8,32.5,25.3,36.8,29.2,31.7,29.2,33.1,30.3,28.9,28.9,23.3,18.9,27.2,23.7,33.5,28.2,27.3,24.5,25.7,22.6,26.8,28.7,22.2,24.2,19.2
120,20.1,25.4,21.3,28.8,26.6,29.6,29.3,25.2,29.9,27.2,31.7,30.6,30.8,27.6,29.2,30.2,25.6,32.3,30.8,31.2,26.8,27.5,29.6,25.3,27.0,27.2,29.5,27.0,24.6,31.4,27.3,30.2,21.2,21.3,21.0,20.5,30.1,25.4,31.2,24.9,31.7,28.6,25.1,19.7,23.8,26.1,22.1,26.9,29.9,20.9,32.0,31.3,27.1,21.8,25.1,27.5,24.7,26.0,28.5,27.8,34.3,25.2,32.2,24.4,36.2,28.9,31.3,28.7,32.5,29.9,27.9,28.0,22.3,18.6,26.2,23.0,33.0,27.8,26.8,23.9,25.2,21.7,26.6,28.1,21.8,23.7,18.8
121,19.1,24.9,20.9,28.2,25.9,29.0,28.7,24.8,29.3,26.6,31.2,30.0,30.2,27.2,28.6,29.5,25.0,32.1,30.4,30.7,26.2,27.2,29.1,24.6,26.3,26.9,28.9,26.5,24.1,30.7,26.7,29.7,20.6,20.6,20.5,19.9,29.2,24.9,30.7,24.5,30.8,28.3,24.1,19.1,22.9,25.5,21.5,26.2,29.3,20.2,31.1,30.4,26.2,21.2,24.7,27.5,24.7,25.5,28.1,27.6,34.2,25.1,32.0,23.8,35.9,28.8,30.8,28.2,31.9,29.1,27.0,27.5,21.3,18.4,25.5,22.3,32.6,27.3,26.5,23.3,24.4,21.2,26.3,27.8,21.4,23.4,18.4
122,18.6,24.8,20.5,27.6,25.3,28.5,28.1,24.3,28.8,26.0,30.6,29.5,29.7,26.8,28.1,29.2,24.6,31.7,29.9,30.3,25.6,26.8,28.6,24.2,25.7,26.3,28.5,26.2,23.7,30.2,26.3,29.2,20.3,20.2,20.0,19.3,28.6,25.0,29.8,23.8,30.1,28.2,23.3,18.8,22.2,25.0,20.7,25.6,28.3,19.6,30.3,29.7,25.5,20.7,24.6,27.4,24.2,25.4,27.8,27.4,34.0,24.8,31.6,23.3,35.5,28.7,30.3,27.8,31.3,28.7,25.6,26.6,20.7,17.4,25.0,21.5,32.2,27.0,26.0,23.1,23.7,20.5,26.2,27.6,21.0,22.8,18.0
123,18.0,24.6,19.9,27.0,25.2,28.0,27.7,24.0,28.5,25.6,30.1,29.1,29.2,26.2,27.5,28.5,24.3,31.6,29.3,29.8,25.3,26.2,28.1,23.6,25.1,25.8,28.0,25.7,23.2,29.9,25.8,28.7,20.2,20.0,19.7,19.1,27.9,24.7,29.1,23.4,29.4,28.1,22.7,18.2,21.5,24.2,20.4,25.0,27.8,19.1,29.7,29.1,24.5,20.7,24.4,27.1,24.2,25.2,27.7,27.2,33.9,24.7,31.6,22.8,35.2,28.4,29.8,27.3,30.8,28.2,24.5,25.7,20.5,17.0,24.6,20.8,31.9,26.6,25.5,22.5,23.3,20.1,26.3,27.2,20.9,22.3,17.6
124,17.4,24.7,19.7,26.2,24.6,27.5,27.1,23.6,28.2,25.3,29.6,28.8,28.6,25.7,27.0,28.0,24.0,31.3,28.9,29.5,24.8,25.7,27.6,23.2,24.6,25.2,27.6,25.3,22.9,29.5,25.3,28.3,19.8,19.5,19.2,18.8,27.4,24.6,28.6,23.0,28.8,27.9,21.9,17.5,21.1,23.7,19.7,24.6,27.2,19.0,28.9,28.4,23.6,20.3,24.2,27.0,23.9,25.2,27.6,27.1,33.7,24.5,31.3,22.3,35.0,28.1,29.7,26.6,30.2,27.9,23.4,25.6,20.5,16.4,24.1,20.5,31.5,26.3,25.0,22.0,23.2,19.6,26.1,27.0,20.6,21.9,17.3
125,17.0,24.3,19.8,25.9,24.4,26.9,26.7,23.2,27.6,25.0,29.1,28.2,28.4,25.4,26.5,27.6,23.8,31.1,28.4,29.3,24.5,25.5,27.2,22.7,24.1,24.7,27.2,24.9,22.6,29.1,25.2,27.9,19.6,19.3,18.9,18.4,27.1,24.4,28.3,22.2,27.8,27.6,21.3,17.0,20.7,23.8,19.2,23.8,27.1,18.8,28.3,27.8,22.9,19.9,23.8,26.8,23.5,24.9,27.2,26.8,33.5,24.3,31.1,21.9,34.8,27.8,29.5,26.3,29.7,27.7,22.7,25.0,19.7,16.1,23.9,19.9,31.2,26.1,24.8,21.8,22.8,19.2,25.7,26.7,20.2,21.3,17.2
126,16.6,23.8,19.7,25.4,23.9,26.7,26.4,23.0,27.3,24.8,28.9,27.9,28.1,25.1,26.1,27.3,23.5,31.0,28.1,29.0,24.3,25.0,26.7,22.5,23.7,24.4,26.8,24.5,22.4,28.7,24.9,27.8,19.3,19.2,18.9,18.4,26.5,24.3,27.8,21.6,27.3,27.4,21.0,16.9,20.4,23.4,19.1,23.3,26.6,18.5,27.7,27.6,22.3,19.6,23.7,26.6,23.5,24.7,27.1,26.8,33.4,24.0,31.1,21.5,34.6,27.6,29.3,26.0,29.4,27.3,22.3,24.4,19.3,16.0,23.6,20.0,30.7,25.8,24.5,21.3,22.3,19.2,25.3,26.5,20.0,21.2,17.0
127,16.2,24.0,19.7,24.9,23.8,26.2,26.0,22.6,26.8,24.5,28.7,27.5,27.8,24.8,25.7,26.9,23.2,31.1,27.8,28.8,24.1,24.8,26.5,22.3,23.3,24.2,26.6,24.2,22.2,28.5,24.5,27.4,19.0,19.1,18.6,18.1,26.4,24.0,27.5,21.1,26.7,27.2,20.4,16.6,20.1,23.6,18.5,22.9,26.2,18.1,27.4,27.5,21.7,19.3,23.5,26.6,23.5,24.5,26.9,26.7,33.3,23.9,31.0,21.0,34.4,27.3,28.9,25.7,29.1,27.1,21.8,24.2,19.3,15.8,23.4,19.5,30.4,25.5,24.2,21.0,21.8,18.7,25.3,26.4,19.8,21.1,16.8
128,18.7,24.7,21.6,24.7,23.6,26.0,25.8,22.6,26.7,24.4,28.9,27.4,28.1,24.6,25.6,26.9,23.2,31.0,28.2,29.4,23.9,24.7,26.6,22.1,23.1,23.9,26.5,24.0,22.3,28.5,24.3,27.6,18.8,18.9,18.6,18.1,28.7,24.7,26.9,22.3,27.3,30.0,20.0,16.3,22.0,25.2,19.2,25.0,28.8,17.9,27.3,27.9,22.1,20.4,23.4,26.6,23.2,24.4,26.9,26.7,33.2,23.7,31.0,22.0,34.3,27.1,28.8,25.4,29.7,27.4,21.9,24.0,21.1,15.6,24.9,19.6,31.0,25.7,24.0,20.9,21.6,18.4,25.4,26.8,19.4,21.0,16.7
129,24.1,28.3,27.4,27.1,25.7,28.1,28.5,25.6,28.5,26.3,30.7,28.8,30.2,26.2,28.1,28.7,26.0,32.9,30.5,31.5,26.4,27.1,29.1,23.6,25.0,26.7,28.1,26.2,24.4,30.7,26.4,29.4,20.0,20.6,19.7,19.7,34.3,28.4,29.7,26.6,30.4,35.3,22.1,19.3,26.3,30.4,22.6,30.0,36.5,20.3,32.3,30.9,27.1,24.3,23.8,27.8,24.2,25.4,27.2,28.1,34.4,24.0,32.3,27.0,35.2,28.9,31.0,26.9,32.0,29.3,27.5,26.9,27.0,18.8,29.9,23.1,33.0,27.4,26.1,22.7,23.5,19.7,26.2,28.6,20.5,22.8,18.1
130,29.4,32.2,32.8,32.5,28.9,31.1,31.6,28.8,30.9,28.6,32.7,31.1,32.5,28.6,31.1,31.0,29.1,35.2,32.7,33.3,29.2,29.8,32.2,26.5,29.1,30.1,30.2,29.3,26.9,33.3,29.4,31.6,22.8,23.6,22.1,22.5,38.9,32.7,34.7,30.5,33.7,39.7,26.6,22.8,30.8,35.5,26.1,34.1,42.5,24.2,38.1,34.1,32.0,28.6,25.6,29.8,26.4,27.5,28.9,29.7,35.9,25.6,34.5,31.6,36.9,31.4,33.8,29.2,34.6,31.3,32.3,33.1,32.5,22.5,34.2,27.2,34.8,29.1,28.7,26.8,27.1,23.1,28.4,30.5,22.9,25.6,20.9
131,34.0,35.2,36.0,37.5,32.0,34.2,34.7,32.0,33.2,30.9,34.3,33.5,34.6,31.0,34.2,33.1,31.9,36.8,34.2,35.0,32.0,32.2,35.1,29.1,33.0,33.5,32.8,32.6,29.5,35.7,32.0,33.7,25.6,26.4,24.4,25.3,42.3,35.8,38.9,33.9,36.8,42.5,30.9,25.7,34.6,39.0,30.2,37.4,46.6,27.5,42.0,37.2,36.7,32.1,27.4,31.5,28.5,29.7,31.0,31.2,37.2,27.8,36.2,35.4,38.7,33.6,36.6,31.6,36.9,32.8,36.7,38.4,37.0,25.8,37.3,30.9,36.4,30.6,31.2,30.8,30.7,26.9,30.3,32.4,25.8,28.2,23.3
132,37.7,37.1,38.1,41.3,34.8,36.5,37.3,34.5,35.0,33.0,36.0,35.7,36.5,33.1,36.8,35.1,34.3,38.1,36.2,36.1,34.5,34.0,37.2,31.7,36.2,36.5,34.9,35.1,31.8,37.7,34.8,35.5,27.9,28.8,26.7,27.5,45.1,37.9,42.5,36.5,39.7,44.3,34.6,28.0,37.9,41.3,33.9,40.0,49.6,30.6,45.3,40.2,40.4,34.5,29.1,33.0,30.1,31.6,32.7,32.6,38.4,29.8,37.7,38.2,40.8,35.4,39.1,33.6,38.8,34.5,40.5,42.3,40.4,27.6,39.8,34.0,37.9,32.2,33.3,34.1,33.6,30.5,31.8,33.9,28.2,30.6,25.4
133,39.8,38.2,38.8,43.8,36.9,38.6,39.3,36.4,36.5,34.6,37.4,37.4,37.9,34.8,38.7,36.7,36.2,39.1,37.2,37.0,36.4,35.8,39.1,33.4,38.8,38.7,36.3,37.1,33.4,39.2,36.7,37.1,29.7,30.5,28.5,29.4,47.3,39.5,45.1,38.4,41.8,45.4,37.2,29.6,40.3,42.5,36.3,42.0,51.7,33.0,48.1,42.4,43.2,36.3,30.3,33.9,31.0,32.6,34.0,33.2,39.1,31.4,38.8,40.2,42.7,36.6,40.9,35.3,40.3,35.9,43.3,44.6,42.6,29.1,41.9,36.2,38.8,33.2,35.1,36.4,36.0,33.3,32.8,34.9,29.9,32.2,27.0
134,41.3,38.7,38.9,45.4,38.4,40.1,40.8,37.8,37.6,35.6,38.3,38.7,39.0,35.9,40.1,37.8,37.3,39.5,38.1,37.5,37.6,37.0,40.4,34.7,40.2,40.2,37.5,38.6,34.6,40.4,37.8,38.2,31.1,31.8,29.7,30.5,48.3,39.6,46.9,39.7,43.5,45.6,38.9,30.6,41.7,42.6,37.9,43.3,52.5,34.5,50.1,44.0,45.2,36.9,30.8,34.4,31.7,33.2,35.1,33.6,39.4,32.7,39.3,41.5,44.2,37.3,42.2,36.4,41.4,37.1,45.3,46.2,43.6,30.0,43.0,37.5,39.4,33.9,36.3,38.0,37.6,35.4,33.2,35.5,31.3,33.4,28.0
135,40.3,38.1,39.3,46.0,38.9,40.7,41.5,38.5,38.0,35.9,38.6,39.4,39.4,36.3,40.8,38.3,37.7,39.3,38.3,37.5,38.1,37.5,40.9,35.4,41.1,40.8,38.1,39.1,35.1,40.8,38.5,38.5,31.6,32.2,30.2,31.2,48.7,38.6,47.9,40.2,44.3,45.1,39.7,31.0,41.6,42.7,38.6,43.4,53.1,35.4,51.1,44.6,46.3,36.9,31.1,34.2,31.8,33.3,35.6,33.2,39.2,33.2,39.3,41.8,45.2,37.4,42.6,36.9,41.7,37.4,46.0,46.9,43.6,30.7,43.1,38.1,39.6,34.2,36.6,38.4,38.4,36.5,33.3,35.3,32.0,33.9,28.3
136,39.8,36.2,36.5,45.9,38.7,40.6,41.1,38.1,37.4,35.5,38.2,39.3,38.8,36.1,40.2,37.7,37.2,38.1,37.7,36.8,37.7,37.1,40.6,35.1,40.6,40.6,37.7,38.5,34.5,40.4,38.1,38.0,31.3,31.8,29.9,30.4,47.6,36.6,47.9,39.3,44.2,43.0,39.8,30.1,40.0,41.1,38.0,42.1,51.5,34.8,51.0,44.0,46.2,34.6,30.6,33.2,31.1,32.5,35.5,32.2,38.1,33.0,38.2,41.1,45.2,36.4,42.5,36.4,41.1,36.8,45.5,47.1,42.4,29.9,42.1,37.7,39.1,33.5,36.2,38.6,38.0,36.2,32.9,34.6,31.8,33.5,28.0
137,34.2,32.6,31.6,44.3,36.4,38.9,39.2,36.1,35.4,33.6,36.5,38.1,36.6,34.6,38.2,36.1,34.9,35.9,35.6,35.0,35.4,35.0,38.6,33.2,38.8,38.2,36.1,36.3,32.4,38.4,36.2,35.9,29.2,29.9,28.3,29.0,43.4,32.9,46.2,36.2,42.5,37.1,38.0,27.3,35.6,37.1,35.7,37.5,45.6,32.8,49.3,41.4,44.3,30.4,29.3,31.3,29.8,30.7,34.3,30.3,36.9,32.2,36.0,36.5,43.6,34.1,39.4,34.8,39.2,34.7,43.4,45.5,36.7,28.0,37.3,36.0,37.4,31.9,34.3,36.7,36.0,34.5,31.3,33.1,30.0,31.5,25.9
138,29.3,30.1,27.4,40.2,32.9,36.1,35.7,32.3,33.8,31.6,34.8,36.2,34.6,32.8,35.4,34.3,31.8,34.9,34.0,33.5,32.4,32.6,35.2,30.3,33.8,34.2,34.8,33.3,29.8,35.9,33.6,33.8,26.2,27.1,26.4,26.6,38.4,30.2,40.9,32.3,39.7,33.7,33.8,23.7,32.5,32.7,32.2,33.9,41.1,28.5,43.8,38.8,38.4,27.5,27.5,30.2,27.6,28.9,32.4,29.7,36.3,30.0,35.0,32.9,41.8,32.5,36.2,33.4,36.8,33.1,37.0,39.9,32.1,24.3,34.0,30.6,36.0,30.7,31.9,32.2,32.3,31.4,28.5,32.0,28.0,29.5,23.9
139,26.1,28.8,25.2,35.9,30.7,34.2,33.7,29.8,32.9,30.5,34.1,34.7,33.6,31.2,33.2,32.9,29.4,34.1,33.1,33.0,30.5,31.2,33.2,29.1,31.6,31.2,33.3,31.2,28.2,34.4,31.9,32.9,24.7,25.3,25.2,24.4,36.2,28.8,37.7,30.0,37.3,32.0,30.4,22.5,30.5,29.9,29.8,32.1,38.0,26.2,39.8,37.4,33.8,26.0,26.8,29.5,26.8,27.9,31.1,29.2,35.9,28.6,34.1,30.7,40.4,31.4,34.8,32.1,35.6,32.2,34.3,35.1,29.8,22.6,32.0,28.8,35.3,29.9,30.4,28.8,29.8,28.4,27.9,31.3,25.8,27.8,22.2
140,24.3,28.0,24.1,33.4,29.3,32.9,32.4,28.3,32.0,29.5,33.3,33.7,32.9,30.3,31.9,32.3,28.1,33.6,32.5,32.5,29.4,30.2,32.1,28.3,30.3,29.8,32.2,29.8,26.9,33.5,30.4,32.1,23.8,24.1,24.0,23.3,34.3,27.8,35.8,28.2,36.0,31.0,28.8,21.5,28.8,28.5,27.6,30.7,35.8,25.0,37.6,35.9,31.6,24.8,26.4,28.8,26.0,27.5,30.2,28.9,35.6,27.7,33.4,29.2,39.2,30.6,33.8,31.2,34.6,31.5,32.4,33.0,27.9,21.4,30.3,27.3,34.5,29.4,29.3,27.2,28.4,26.5,27.7,30.6,24.4,26.5,21.2
141,22.8,27.2,23.0,31.4,28.5,31.9,31.3,27.1,31.2,28.8,32.6,32.5,32.1,29.3,31.1,31.4,27.2,33.4,31.9,32.0,28.4,29.2,31.4,27.5,29.1,28.9,31.1,28.9,26.2,32.6,29.3,31.6,22.9,23.4,23.2,22.4,33.3,27.0,34.0,26.9,35.0,30.2,27.7,21.1,27.2,27.9,25.8,29.5,34.4,23.8,35.9,34.6,30.1,23.9,26.1,28.5,25.5,27.2,29.6,28.5,35.2,27.0,33.0,27.5,38.3,30.0,33.0,30.4,34.0,30.9,31.0,31.5,26.1,20.3,29.1,26.2,33.9,28.8,28.4,26.0,27.4,25.0,27.6,29.9,23.6,25.5,20.5
142,21.4,26.8,22.5,30.3,27.7,31.0,30.3,26.4,30.5,28.0,32.0,31.6,31.4,28.6,30.3,30.9,26.4,32.8,31.5,31.6,27.8,28.6,30.5,26.8,28.5,28.3,30.4,28.1,25.2,32.0,28.5,30.9,22.3,22.6,22.4,21.7,32.2,26.5,33.0,26.2,33.8,29.7,26.9,20.6,26.0,27.5,24.4,28.5,32.6,22.9,34.3,33.4,29.1,23.3,25.6,28.2,25.4,26.9,29.2,28.3,34.9,26.5,32.6,26.4,37.4,29.5,32.2,29.6,33.3,30.3,29.9,29.8,24.9,19.9,27.9,24.9,33.6,28.3,27.8,25.3,26.6,23.8,27.1,29.4,22.9,24.7,19.9
143,20.8,26.4,21.9,29.4,27.1,30.2,29.6,25.5,30.0,27.5,31.5,30.8,30.7,28.1,29.6,30.2,25.9,32.5,30.8,31.1,27.1,27.9,30.0,25.9,27.8,27.7,29.8,27.4,24.9,31.4,27.8,30.2,21.6,21.8,21.7,20.9,31.0,26.0,31.9,25.4,33.0,29.2,26.0,20.0,24.9,26.6,23.2,27.8,31.5,22.1,33.2,32.2,28.1,22.6,25.4,27.8,25.0,26.6,28.8,28.2,34.5,26.0,32.4,25.5,36.8,29.1,31.6,29.0,32.7,29.7,29.1,28.8,23.4,19.0,27.2,23.9,33.0,27.7,27.2,24.7,25.9,23.0,26.9,28.9,22.3,24.2,19.3
144,20.1,25.9,21.5,28.9,26.6,29.4,29.1,25.1,29.4,27.1,31.1,30.1,30.2,27.4,29.1,29.8,25.4,32.1,30.3,30.7,26.6,27.2,29.3,25.4,27.2,27.2,29.4,26.9,24.5,31.0,27.2,29.7,21.3,21.3,21.1,20.4,30.0,25.6,31.1,25.2,32.1,28.8,25.3,19.7,24.0,26.0,22.4,26.9,30.1,21.3,32.3,31.2,27.2,22.1,25.2,27.6,24.8,26.0,28.6,27.8,34.4,25.5,32.0,24.6,36.1,28.8,31.2,28.5,32.1,29.3,28.0,28.0,22.5,18.8,26.1,23.3,32.5,27.2,26.6,24.1,25.3,22.0,26.7,28.4,21.9,23.7,19.0
145,19.1,25.4,21.1,28.2,26.0,28.8,28.6,24.8,28.8,26.5,30.6,29.6,29.6,27.0,28.5,29.2,24.8,31.9,29.9,30.2,26.1,26.9,28.9,24.7,26.5,26.8,28.7,26.4,24.0,30.3,26.7,29.2,20.7,20.6,20.6,20.0,29.1,25.1,30.6,24.7,31.1,28.6,24.3,19.0,23.1,25.5,21.8,26.3,29.5,20.5,31.3,30.4,26.4,21.5,24.7,27.5,24.6,25.6,28.2,27.6,34.3,25.3,31.9,24.0,35.8,28.7,30.6,28.0,31.4,28.6,27.2,27.6,21.6,18.5,25.3,22.6,32.1,26.7,26.3,23.5,24.5,21.4,26.4,28.1,21.4,23.3,18.5
146,18.7,25.3,20.8,27.6,25.4,28.4,28.0,24.3,28.3,25.9,30.0,29.1,29.1,26.6,28.0,28.9,24.5,31.5,29.3,29.9,25.6,26.5,28.4,24.2,25.8,26.4,28.4,26.1,23.7,29.9,26.3,28.7,20.4,20.2,20.0,19.4,28.7,25.2,29.7,24.0,30.4,28.4,23.5,18.7,22.5,25.0,21.0,25.7,28.5,19.9,30.5,29.6,25.6,21.1,24.6,27.4,24.2,25.4,27.9,27.4,34.1,25.0,31.5,23.4,35.4,28.5,30.1,27.6,30.9,28.2,25.9,26.6,21.0,17.6,24.8,21.8,31.6,26.3,25.9,23.3,23.9,20.8,26.4,27.8,21.1,22.7,17.9
147,18.2,24.9,20.4,27.0,25.3,27.9,27.7,24.0,28.1,25.6,29.6,28.7,28.7,26.1,27.4,28.3,24.2,31.3,28.8,29.4,25.1,26.1,27.9,23.7,25.2,25.8,27.8,25.6,23.2,29.5,25.8,28.4,20.3,20.0,19.7,19.1,28.0,24.9,29.1,23.5,29.7,28.4,23.0,18.1,21.7,24.3,20.7,25.2,27.9,19.4,29.8,29.1,24.6,21.0,24.4,27.1,24.1,25.2,27.8,27.2,33.9,24.8,31.5,22.8,35.0,28.3,29.6,27.1,30.5,27.8,24.7,25.8,20.7,17.1,24.4,21.1,31.4,26.0,25.5,22.7,23.5,20.4,26.5,27.6,21.0,22.3,17.6
148,17.7,25.1,20.1,26.2,24.7,27.4,27.2,23.6,27.8,25.2,29.2,28.4,28.2,25.6,26.9,27.8,23.9,31.1,28.5,29.1,24.7,25.6,27.4,23.3,24.8,25.3,27.5,25.2,22.9,29.2,25.3,28.0,20.0,19.5,19.2,18.8,27.6,24.7,28.6,23.2,29.0,28.1,22.2,17.4,21.3,23.8,19.9,24.7,27.4,19.2,29.1,28.3,23.8,20.5,24.2,26.9,23.8,25.2,27.6,27.0,33.7,24.7,31.2,22.3,34.8,28.0,29.5,26.5,29.9,27.5,23.5,25.6,20.8,16.6,23.9,20.6,31.0,25.7,25.0,22.3,23.3,19.8,26.2,27.4,20.7,21.9,17.2
149,17.4,24.6,20.0,25.9,24.4,27.0,26.8,23.2,27.3,25.0,28.8,27.9,27.9,25.3,26.4,27.4,23.7,31.0,28.1,28.8,24.4,25.4,27.0,22.8,24.2,24.9,27.1,24.8,22.5,28.9,25.1,27.6,19.7,19.3,18.8,18.3,27.3,24.4,28.3,22.5,28.1,27.9,21.6,17.0,21.0,23.8,19.5,24.0,27.2,18.9,28.4,27.7,23.1,20.1,23.7,26.7,23.4,24.9,27.3,26.7,33.6,24.5,31.0,21.9,34.6,27.7,29.3,26.2,29.4,27.3,22.9,25.1,20.0,16.3,23.6,20.1,30.7,25.6,24.8,22.0,22.9,19.4,25.8,26.9,20.3,21.3,17.1
150,16.9,24.0,20.0,25.4,24.0,26.7,26.5,23.0,26.9,24.8,28.6,27.6,27.8,25.1,26.1,27.1,23.4,30.8,27.7,28.5,24.2,24.9,26.6,22.5,23.7,24.6,26.8,24.4,22.4,28.6,24.8,27.5,19.4,19.1,18.7,18.3,26.7,24.5,27.8,21.9,27.6,27.6,21.3,16.9,20.6,23.5,19.3,23.5,26.8,18.8,27.8,27.5,22.5,19.8,23.6,26.5,23.3,24.8,27.1,26.7,33.5,24.2,31.0,21.6,34.4,27.5,29.0,26.0,29.1,27.0,22.4,24.5,19.5,16.2,23.3,20.2,30.4,25.3,24.6,21.5,22.4,19.3,25.4,26.8,20.1,21.1,16.9
151,16.5,24.3,20.0,24.9,23.9,26.4,26.1,22.6,26.5,24.4,28.4,27.3,27.6,24.7,25.7,26.8,23.2,30.9,27.5,28.4,24.0,24.8,26.5,22.3,23.4,24.3,26.6,24.2,22.2,28.4,24.5,27.2,19.0,19.0,18.4,18.0,26.7,24.1,27.4,21.4,27.1,27.5,20.8,16.7,20.4,23.6,18.7,23.1,26.5,18.3,27.5,27.3,21.8,19.5,23.4,26.5,23.4,24.5,26.9,26.6,33.3,23.9,30.9,21.0,34.2,27.2,28.6,25.6,28.9,26.8,22.0,24.4,19.5,16.0,23.1,19.7,30.1,25.2,24.3,21.2,21.9,18.9,25.4,26.6,19.8,20.9,16.7
152,19.1,25.1,21.9,24.7,23.7,26.3,25.9,22.6,26.5,24.3,28.6,27.2,27.9,24.5,25.6,26.7,23.1,30.9,27.9,29.0,23.8,24.8,26.6,22.0,23.2,24.0,26.5,24.0,22.2,28.4,24.2,27.4,18.8,18.7,18.4,17.8,29.0,24.9,26.9,22.6,27.6,30.3,20.4,16.3,22.2,25.3,19.4,25.3,28.9,18.1,27.4,27.7,22.2,20.7,23.3,26.6,23.1,24.5,26.9,26.7,33.3,23.8,31.0,22.0,34.1,27.1,28.5,25.3,29.4,27.1,22.1,24.2,21.3,15.8,24.8,19.7,30.7,25.4,24.0,21.0,21.7,18.5,25.5,27.0,19.4,20.7,16.6
153,24.4,28.8,27.8,27.2,25.7,28.3,28.5,25.4,28.2,26.1,30.5,28.6,30.0,26.1,28.0,28.5,25.8,32.9,30.3,31.2,26.3,27.0,29.1,23.6,25.3,26.8,27.9,26.2,24.2,30.6,26.3,29.3,20.0,20.4,19.5,19.5,34.7,28.6,29.7,26.8,30.6,35.7,22.6,19.3,26.5,30.6,22.8,30.3,36.9,20.6,32.5,30.8,27.3,24.7,23.8,27.8,24.1,25.5,27.3,28.0,34.5,24.1,32.3,27.1,35.0,28.9,30.8,26.8,31.8,29.1,27.7,27.0,27.2,19.0,29.8,23.3,32.7,27.2,26.0,22.8,23.5,19.9,26.2,28.7,20.4,22.5,18.0
154,29.7,32.7,33.1,32.7,28.9,31.3,31.7,28.5,30.6,28.3,32.5,31.0,32.3,28.4,31.0,30.8,28.8,35.1,32.4,33.1,29.0,29.7,32.1,26.4,29.4,30.2,29.9,29.2,26.8,33.1,29.1,31.5,22.8,23.3,21.8,22.3,39.3,32.9,34.7,30.8,34.0,39.9,27.1,22.8,31.0,35.6,26.3,34.5,42.9,24.4,38.3,34.0,32.2,29.1,25.6,29.7,26.4,27.7,29.1,29.6,36.0,25.7,34.4,31.7,36.7,31.3,33.7,29.0,34.5,31.1,32.6,33.2,32.6,22.8,34.2,27.5,34.6,28.9,28.5,27.1,27.2,23.3,28.5,30.6,22.9,25.3,20.6
155,34.3,35.7,36.3,37.8,31.9,34.2,34.6,31.7,32.8,30.6,34.1,33.3,34.4,30.7,34.1,32.8,31.6,36.7,34.2,34.7,31.7,32.0,34.9,29.0,33.3,33.6,32.5,32.3,29.2,35.6,31.7,33.6,25.7,26.2,24.1,25.1,42.6,36.0,39.1,34.2,37.2,42.8,31.3,25.9,34.8,39.0,30.4,37.7,47.0,27.9,42.2,37.2,36.9,32.6,27.4,31.4,28.6,29.9,31.2,31.1,37.2,27.8,36.2,35.4,38.6,33.6,36.4,31.3,36.8,32.6,37.0,38.6,37.1,26.2,37.4,31.1,36.2,30.4,31.0,31.1,30.8,27.2,30.3,32.5,25.9,27.9,23.1
156,37.9,37.7,38.6,41.5,34.6,36.4,37.2,34.3,34.7,32.7,35.9,35.4,36.3,32.8,36.6,34.8,34.0,38.1,36.0,35.9,34.2,33.8,37.0,31.6,36.5,36.5,34.5,34.8,31.5,37.6,34.4,35.4,28.0,28.6,26.4,27.3,45.4,38.1,42.6,36.9,40.0,44.6,35.0,28.3,38.1,41.5,34.1,40.3,49.9,31.0,45.5,40.2,40.5,35.1,29.2,33.0,30.1,31.7,32.8,32.4,38.5,29.8,37.7,38.3,40.7,35.3,39.0,33.3,38.7,34.3,40.8,42.4,40.6,28.0,39.9,34.2,37.6,31.9,33.1,34.4,33.7,30.8,32.1,34.0,28.3,30.3,25.2
157,40.2,38.8,39.2,44.1,36.8,38.6,39.2,36.3,36.2,34.2,37.2,37.1,37.7,34.5,38.5,36.4,35.9,39.1,37.1,36.8,36.1,35.6,38.8,33.3,39.1,38.7,36.0,36.9,33.2,39.1,36.3,37.0,29.9,30.4,28.3,29.2,47.5,39.7,45.4,38.7,42.1,45.6,37.6,29.8,40.5,42.6,36.5,42.4,52.1,33.3,48.3,42.4,43.4,36.8,30.4,34.0,31.1,32.8,34.2,33.2,39.2,31.5,38.7,40.4,42.7,36.6,40.9,35.0,40.3,35.6,43.6,44.9,42.8,29.4,42.0,36.4,38.6,33.0,34.8,36.7,36.2,33.8,33.0,35.0,30.0,32.0,26.8
158,41.7,39.3,39.5,45.8,38.4,40.1,40.7,37.6,37.3,35.4,38.2,38.5,38.7,35.6,40.0,37.5,37.0,39.6,38.0,37.2,37.4,36.7,40.2,34.6,40.4,40.1,37.2,38.3,34.4,40.2,37.6,38.0,31.3,31.7,29.4,30.4,48.5,40.0,47.1,40.1,43.9,45.8,39.3,30.8,41.9,42.9,38.1,43.6,52.7,34.8,50.3,44.0,45.3,37.5,31.0,34.5,31.8,33.4,35.3,33.6,39.6,32.8,39.4,41.6,44.2,37.3,42.3,36.1,41.4,36.7,45.5,46.5,43.8,30.4,43.2,37.7,39.3,33.6,36.0,38.2,37.7,35.9,33.5,35.6,31.5,33.2,27.9
159,40.8,38.7,39.8,46.4,38.9,40.7,41.4,38.4,37.6,35.7,38.4,39.2,39.2,36.1,40.7,38.0,37.5,39.4,38.0,37.3,37.9,37.3,40.7,35.3,41.3,40.8,37.9,38.9,34.9,40.7,38.3,38.3,31.9,32.3,30.1,31.0,48.9,39.0,48.1,40.6,44.7,45.4,40.1,31.3,42.0,42.9,38.8,43.7,53.4,35.6,51.3,44.6,46.4,37.4,31.3,34.4,31.9,33.5,35.8,33.3,39.4,33.3,39.4,41.9,45.2,37.5,42.7,36.7,41.6,37.1,46.3,47.1,43.9,31.1,43.4,38.3,39.4,33.9,36.4,38.6,38.5,37.0,33.6,35.4,32.3,33.8,28.3
160,40.2,36.8,37.1,46.3,38.6,40.7,41.1,38.0,37.1,35.4,38.0,39.1,38.6,35.9,40.1,37.5,37.0,38.2,37.5,36.6,37.4,36.9,40.4,35.0,40.8,40.6,37.5,38.4,34.4,40.2,37.9,37.7,31.6,31.8,29.9,30.4,47.8,36.9,48.1,39.7,44.6,43.3,40.2,30.4,40.5,41.3,38.3,42.5,51.8,35.1,51.2,44.0,46.4,35.2,30.8,33.4,31.2,32.7,35.7,32.3,38.3,33.1,38.4,41.4,45.3,36.5,42.7,36.2,41.0,36.5,45.8,47.2,42.7,30.5,42.4,38.0,38.9,33.2,36.0,38.8,38.2,36.7,33.3,34.7,32.1,33.3,28.0
161,34.8,33.2,32.2,44.7,36.5,38.9,39.3,36.0,35.1,33.4,36.3,37.8,36.3,34.4,38.2,35.9,34.7,36.0,35.4,34.7,35.2,34.9,38.5,33.2,39.0,38.4,35.9,36.1,32.2,38.3,36.0,35.7,29.5,30.0,28.3,29.0,43.6,33.3,46.4,36.6,42.9,37.4,38.5,27.6,36.2,37.4,36.0,37.8,45.9,33.1,49.5,41.5,44.5,30.9,29.5,31.5,29.9,30.9,34.5,30.4,37.1,32.4,36.3,36.8,43.7,34.3,39.7,34.6,39.0,34.5,43.7,45.8,37.1,28.5,37.7,36.2,37.2,31.7,34.1,36.9,36.2,35.0,31.7,33.2,30.3,31.4,26.0
162,29.8,30.6,27.9,40.7,32.9,36.2,35.7,32.2,33.5,31.4,34.5,35.9,34.3,32.5,35.4,34.0,31.5,35.0,33.7,33.3,32.3,32.3,34.9,30.4,33.9,34.3,34.5,33.2,29.6,35.7,33.4,33.5,26.5,27.2,26.4,26.5,38.5,30.6,41.3,32.6,40.1,33.9,34.2,23.9,33.0,32.9,32.3,34.2,41.4,28.7,44.0,38.9,38.6,27.8,27.6,30.4,27.7,29.0,32.6,29.7,36.4,30.2,35.2,33.1,41.9,32.7,36.4,33.1,36.7,32.7,37.3,40.3,32.4,24.7,34.2,30.8,35.8,30.4,31.6,32.6,32.4,31.9,28.9,32.1,28.3,29.3,23.8
163,26.5,29.4,25.7,36.2,30.8,34.2,33.7,29.7,32.6,30.2,33.9,34.4,33.3,30.9,33.3,32.6,29.1,34.3,32.8,32.8,30.3,30.9,33.0,29.2,31.7,31.2,33.0,31.0,28.0,34.2,31.7,32.7,25.0,25.5,25.2,24.5,36.3,29.2,37.9,30.3,37.6,32.2,30.8,22.5,30.9,30.0,30.0,32.3,38.3,26.3,40.1,37.4,34.0,26.4,26.8,29.7,26.9,28.0,31.3,29.2,36.0,28.8,34.3,30.9,40.4,31.6,34.9,31.9,35.5,31.8,34.5,35.3,30.0,22.8,32.1,28.9,35.0,29.5,30.1,29.2,29.9,28.8,28.2,31.4,26.1,27.7,22.2
164,24.7,28.6,24.5,33.7,29.4,33.0,32.4,28.3,31.6,29.2,33.0,33.4,32.5,30.0,32.0,31.9,27.9,33.8,32.1,32.3,29.2,29.9,31.9,28.4,30.4,29.9,31.9,29.6,26.7,33.3,30.2,31.8,24.2,24.2,24.0,23.3,34.4,28.2,35.9,28.3,36.4,31.1,29.2,21.4,29.2,28.7,27.9,30.9,36.0,24.9,37.9,36.0,31.8,25.3,26.4,29.0,26.1,27.6,30.3,28.9,35.7,27.8,33.7,29.3,39.2,30.8,33.8,30.9,34.4,31.1,32.5,33.2,28.0,21.5,30.3,27.4,34.2,28.9,29.1,27.6,28.5,26.8,28.0,30.7,24.8,26.5,21.2
165,23.1,27.7,23.3,31.7,28.6,32.0,31.3,27.1,30.8,28.6,32.3,32.1,31.6,29.1,31.2,31.1,26.9,33.6,31.5,31.8,28.2,28.9,31.1,27.6,29.3,29.0,30.9,28.8,25.9,32.4,29.1,31.2,23.3,23.6,23.2,22.4,33.3,27.4,34.2,27.0,35.3,30.3,28.0,21.1,27.5,28.1,26.1,29.7,34.6,23.8,36.0,34.7,30.2,24.4,26.2,28.6,25.6,27.2,29.7,28.6,35.3,27.2,33.2,27.6,38.3,30.1,33.1,30.1,33.7,30.4,31.2,31.5,26.3,20.5,29.2,26.3,33.6,28.4,28.2,26.4,27.6,25.3,27.9,30.0,24.0,25.4,20.6
166,21.7,27.4,22.7,30.5,27.8,31.1,30.3,26.3,30.2,27.8,31.8,31.3,31.0,28.5,30.3,30.6,26.2,33.0,31.1,31.4,27.7,28.5,30.3,27.0,28.6,28.4,30.2,28.0,25.0,31.7,28.4,30.6,22.7,22.8,22.5,21.7,32.3,26.9,33.2,26.3,34.1,29.9,27.2,20.5,26.4,27.7,24.6,28.7,32.8,23.1,34.5,33.5,29.1,23.8,25.7,28.4,25.4,27.0,29.4,28.4,35.0,26.8,32.8,26.5,37.5,29.6,32.3,29.4,33.0,29.9,30.1,29.9,25.1,20.1,28.0,25.0,33.2,27.9,27.5,25.7,26.7,24.2,27.5,29.5,23.3,24.7,20.1
167,20.9,26.9,22.2,29.6,27.2,30.4,29.7,25.6,29.6,27.4,31.2,30.4,30.3,27.9,29.6,30.0,25.7,32.7,30.6,30.8,27.0,27.7,29.8,26.1,28.0,27.8,29.6,27.4,24.7,31.1,27.7,29.9,22.0,22.0,21.9,21.0,31.0,26.4,32.0,25.5,33.4,29.4,26.3,19.9,25.1,27.0,23.4,27.9,31.7,22.3,33.2,32.2,28.1,23.1,25.6,27.9,25.1,26.7,29.0,28.3,34.6,26.2,32.6,25.6,36.9,29.3,31.6,28.8,32.5,29.3,29.1,29.0,23.6,19.2,27.3,24.0,32.7,27.3,27.0,25.1,26.1,23.4,27.2,28.9,22.7,24.2,19.6
168,20.1,26.5,21.8,29.0,26.8,29.6,29.2,25.2,29.1,27.0,30.9,29.8,29.8,27.3,29.2,29.6,25.2,32.3,30.0,30.4,26.5,27.0,29.2,25.6,27.5,27.3,29.2,26.9,24.4,30.7,27.1,29.4,21.8,21.5,21.3,20.5,30.0,26.0,31.2,25.3,32.4,29.1,25.6,19.6,24.2,26.3,22.6,27.0,30.3,21.5,32.3,31.3,27.2,22.6,25.4,27.8,24.9,26.2,28.8,27.9,34.4,25.7,32.2,24.7,36.2,29.0,31.3,28.3,31.8,28.9,28.0,28.1,22.6,19.0,26.2,23.3,32.1,26.9,26.4,24.4,25.5,22.5,27.1,28.4,22.3,23.7,19.3
169,19.2,26.0,21.6,28.3,26.2,29.1,28.7,24.9,28.5,26.4,30.4,29.3,29.2,26.9,28.7,29.0,24.6,32.0,29.5,30.0,26.0,26.8,28.8,24.8,26.9,26.9,28.6,26.5,23.9,30.1,26.7,29.0,21.1,20.9,20.8,20.1,29.1,25.5,30.6,24.7,31.4,28.8,24.6,18.9,23.3,25.9,21.9,26.5,29.7,20.7,31.2,30.4,26.3,22.0,24.9,27.7,24.7,25.8,28.4,27.7,34.3,25.5,32.1,24.2,35.9,28.8,30.7,27.9,31.1,28.2,27.0,27.7,21.7,18.7,25.5,22.6,31.8,26.3,26.2,23.9,24.6,21.9,26.8,28.0,21.8,23.4,18.8
170,18.8,25.9,21.2,27.7,25.6,28.7,28.2,24.4,28.0,25.9,29.8,28.8,28.8,26.5,28.2,28.7,24.4,31.7,29.0,29.6,25.5,26.4,28.3,24.4,26.1,26.5,28.3,26.2,23.6,29.7,26.2,28.5,20.7,20.5,20.3,19.6,28.7,25.6,29.8,24.1,30.6,28.7,23.7,18.7,22.8,25.5,21.0,25.9,28.7,20.1,30.5,29.7,25.6,21.6,24.7,27.5,24.3,25.6,28.1,27.6,34.0,25.2,31.7,23.6,35.5,28.7,30.2,27.5,30.7,27.7,25.8,26.7,21.2,17.8,25.0,21.9,31.3,26.0,25.8,23.7,24.1,21.2,26.7,27.8,21.5,22.8,18.3
171,18.3,25.6,20.8,27.2,25.5,28.1,27.8,24.2,27.8,25.6,29.3,28.5,28.4,26.1,27.6,28.1,24.0,31.5,28.6,29.1,25.1,26.0,27.8,23.9,25.5,25.9,27.7,25.7,23.1,29.4,25.7,28.2,20.6,20.3,20.0,19.4,28.1,25.3,29.2,23.6,29.9,28.7,23.2,18.1,21.9,24.7,20.7,25.4,28.1,19.6,29.9,29.2,24.6,21.4,24.6,27.3,24.2,25.4,27.9,27.3,33.9,25.0,31.7,23.0,35.2,28.5,29.6,27.0,30.2,27.4,24.6,25.9,20.9,17.4,24.5,21.2,31.1,25.6,25.4,23.2,23.7,20.9,26.9,27.4,21.3,22.4,17.9
172,17.8,25.7,20.5,26.5,24.9,27.7,27.3,23.7,27.5,25.1,28.9,28.1,27.9,25.6,27.1,27.6,23.7,31.2,28.2,28.8,24.7,25.6,27.4,23.5,25.0,25.4,27.4,25.3,22.8,29.0,25.2,27.8,20.2,19.8,19.5,19.0,27.8,25.1,28.7,23.2,29.2,28.5,22.6,17.5,21.5,24.2,20.0,24.9,27.6,19.4,29.1,28.4,23.8,20.9,24.4,27.1,24.0,25.5,27.8,27.2,33.6,24.8,31.4,22.5,34.9,28.2,29.6,26.4,29.7,27.0,23.5,25.6,20.9,16.8,23.9,20.9,30.7,25.4,25.0,22.7,23.5,20.2,26.7,27.2,21.0,22.0,17.5
173,17.5,25.3,20.4,26.2,24.6,27.1,26.9,23.4,27.0,24.9,28.5,27.7,27.6,25.3,26.6,27.2,23.5,31.1,27.8,28.5,24.5,25.3,27.1,23.0,24.4,25.0,27.1,24.9,22.5,28.8,25.0,27.4,19.9,19.6,19.1,18.7,27.5,24.8,28.6,22.5,28.2,28.3,22.1,17.1,21.2,24.2,19.5,24.3,27.4,19.2,28.5,27.9,23.0,20.4,24.0,26.9,23.6,25.3,27.4,26.8,33.5,24.7,31.1,22.1,34.7,28.0,29.4,26.0,29.2,26.8,22.9,25.1,20.3,16.5,23.7,20.4,30.4,25.2,24.8,22.3,23.2,19.8,26.2,26.8,20.5,21.4,17.3
174,17.1,24.6,20.3,25.8,24.2,26.8,26.5,23.2,26.6,24.6,28.3,27.4,27.5,25.0,26.2,26.9,23.4,31.0,27.4,28.2,24.3,24.8,26.7,22.7,24.0,24.7,26.7,24.5,22.5,28.5,24.7,27.2,19.6,19.3,18.9,18.5,26.9,24.8,28.1,21.9,27.8,27.9,21.7,17.0,20.9,23.8,19.4,23.8,27.0,19.0,28.0,27.7,22.5,20.1,23.8,26.7,23.5,25.1,27.2,26.8,33.4,24.4,31.1,21.7,34.5,27.7,29.1,25.8,28.9,26.6,22.3,24.5,19.8,16.4,23.4,20.4,30.1,25.0,24.6,21.9,22.6,19.6,25.8,26.5,20.2,21.2,17.1
175,16.6,25.0,20.3,25.2,24.0,26.5,26.1,22.7,26.2,24.3,28.2,27.0,27.2,24.7,25.8,26.6,23.1,31.1,27.3,28.1,24.1,24.8,26.6,22.5,23.7,24.5,26.5,24.2,22.3,28.3,24.5,27.0,19.2,19.2,18.6,18.2,26.9,24.5,27.6,21.5,27.2,27.8,21.1,16.9,20.5,23.8,18.8,23.4,26.6,18.6,27.6,27.5,21.9,19.9,23.6,26.7,23.6,24.8,27.1,26.7,33.1,24.1,30.9,21.3,34.3,27.5,28.7,25.5,28.7,26.4,22.0,24.4,19.7,16.2,23.3,20.0,29.8,24.8,24.3,21.5,22.2,19.2,25.7,26.3,20.0,21.0,16.8
176,19.1,25.9,22.2,24.9,23.7,26.4,26.0,22.7,26.1,24.3,28.3,26.9,27.6,24.5,25.6,26.6,23.0,31.1,27.7,28.7,23.9,24.7,26.7,22.1,23.4,24.1,26.4,24.1,22.3,28.2,24.3,27.3,19.0,18.9,18.5,18.0,29.2,25.3,27.1,22.6,27.8,30.7,20.7,16.4,22.4,25.6,19.5,25.6,29.0,18.3,27.5,27.9,22.3,21.0,23.6,26.8,23.4,24.9,27.1,26.8,33.3,23.9,31.0,22.3,34.2,27.3,28.6,25.2,29.3,26.7,22.1,24.3,21.5,16.0,25.0,20.1,30.4,25.0,24.0,21.2,22.0,18.8,25.6,26.7,19.5,20.8,16.7
177,24.5,29.6,28.2,27.4,25.8,28.5,28.6,25.5,27.9,26.1,30.3,28.4,29.7,26.0,28.1,28.4,25.8,33.0,30.0,30.8,26.2,26.9,29.1,23.7,25.5,26.9,27.8,26.2,24.3,30.5,26.2,29.0,20.3,20.6,19.7,19.6,34.9,29.2,29.9,26.9,30.8,36.2,22.9,19.5,26.8,30.9,22.9,30.7,37.1,21.0,32.6,31.0,27.4,25.1,24.1,28.0,24.5,25.8,27.3,28.1,34.4,24.2,32.3,27.4,35.1,29.1,30.9,26.6,31.6,28.6,27.7,27.1,27.5,19.3,30.2,23.8,32.4,26.7,25.9,23.0,23.8,20.2,26.4,28.5,20.6,22.6,18.1
178,30.1,33.5,33.7,33.2,29.0,31.4,31.8,28.6,30.3,28.2,32.2,30.8,32.0,28.3,31.1,30.6,28.7,35.1,32.2,32.7,29.0,29.6,32.1,26.5,29.8,30.3,29.9,29.2,26.8,32.9,29.0,31.2,23.1,23.5,22.0,22.4,39.6,33.4,35.0,31.0,34.2,40.6,27.4,23.1,31.3,36.1,26.5,34.9,43.2,24.8,38.5,34.3,32.3,29.6,25.9,29.9,26.7,28.1,29.1,29.7,35.9,25.9,34.5,32.0,36.8,31.5,33.8,28.9,34.2,30.6,32.7,33.5,33.0,23.1,34.5,27.9,34.3,28.5,28.4,27.3,27.5,23.7,28.7,30.5,23.2,25.4,20.8
179,34.6,36.6,37.0,38.3,32.0,34.4,34.8,31.7,32.5,30.5,33.9,33.1,34.1,30.5,34.2,32.6,31.5,36.7,33.9,34.4,31.7,31.8,34.9,29.2,33.7,33.8,32.3,32.3,29.3,35.4,31.7,33.3,26.0,26.3,24.3,25.2,42.9,36.6,39.5,34.5,37.4,43.3,31.8,26.1,35.4,39.6,30.6,38.2,47.3,28.3,42.5,37.5,37.1,33.2,27.7,31.6,28.8,30.3,31.2,31.2,37.1,28.0,36.2,35.8,38.7,33.7,36.6,31.1,36.5,32.1,37.3,39.1,37.5,26.5,37.8,31.7,35.9,30.0,30.8,31.4,31.1,27.6,30.5,32.3,26.2,28.0,23.3
180,38.3,38.5,39.3,42.0,34.7,36.6,37.3,34.3,34.3,32.6,35.5,35.1,36.0,32.6,36.7,34.5,33.9,38.1,35.7,35.5,34.1,33.6,36.9,31.7,36.9,36.7,34.4,34.9,31.6,37.5,34.4,35.1,28.4,28.8,26.5,27.4,45.6,38.7,43.1,37.2,40.3,45.2,35.6,28.6,38.7,42.0,34.3,40.7,50.2,31.5,45.9,40.5,40.8,35.8,29.5,33.2,30.4,32.1,32.9,32.6,38.5,30.0,37.8,38.7,40.9,35.4,39.2,33.1,38.4,33.8,41.1,42.9,41.1,28.4,40.4,34.7,37.4,31.5,33.0,34.7,34.1,31.2,32.3,33.9,28.7,30.3,25.3
181,40.8,39.6,39.9,44.6,36.9,38.8,39.4,36.3,35.8,34.2,36.9,36.8,37.4,34.4,38.7,36.1,35.8,39.2,36.9,36.5,36.1,35.4,38.8,33.5,39.5,38.9,35.9,37.0,33.3,39.1,36.2,36.7,30.3,30.6,28.4,29.4,47.8,40.3,45.9,39.1,42.5,46.2,38.1,30.1,41.1,43.3,36.8,42.9,52.4,33.9,48.6,42.8,43.7,37.6,30.7,34.1,31.4,33.2,34.3,33.3,39.3,31.6,38.8,40.8,42.8,36.8,41.0,34.9,40.0,35.1,43.9,45.4,43.3,29.8,42.5,36.9,38.3,32.6,34.7,37.1,36.6,34.3,33.3,34.9,30.4,32.0,27.0
182,42.3,40.1,40.3,46.4,38.6,40.3,40.9,37.7,36.9,35.3,37.9,38.1,38.4,35.5,40.2,37.2,37.0,39.7,37.7,36.9,37.3,36.5,40.3,34.8,41.0,40.4,37.1,38.4,34.5,40.1,37.5,37.8,31.7,31.9,29.6,30.5,48.8,40.6,47.7,40.5,44.2,46.4,39.9,31.2,42.5,43.6,38.3,44.1,53.1,35.4,50.6,44.3,45.7,38.3,31.3,34.6,32.0,33.8,35.6,33.7,39.6,32.9,39.5,42.0,44.3,37.5,42.4,36.0,41.2,36.2,45.8,47.1,44.3,30.9,43.7,38.2,39.0,33.3,35.9,38.7,38.2,36.5,33.8,35.5,32.0,33.2,28.0
183,41.4,39.6,40.7,47.1,39.2,41.0,41.7,38.5,37.3,35.7,38.1,38.8,38.9,36.0,40.8,37.8,37.5,39.5,37.7,37.0,37.8,37.1,40.9,35.6,41.9,41.1,37.8,39.0,35.0,40.6,38.3,38.0,32.4,32.5,30.2,31.2,49.2,39.6,48.8,41.0,45.1,46.0,40.8,31.7,42.7,43.5,39.1,44.2,53.7,36.1,51.6,44.9,46.8,38.1,31.7,34.5,32.2,33.9,36.0,33.4,39.4,33.5,39.5,42.3,45.4,37.6,42.9,36.6,41.4,36.6,46.5,47.7,44.4,31.6,43.9,38.9,39.1,33.6,36.4,39.1,39.0,37.6,33.9,35.3,32.8,33.8,28.5
184,40.9,37.7,37.9,47.0,39.0,40.9,41.4,38.2,36.8,35.4,37.7,38.8,38.3,35.9,40.3,37.4,37.0,38.1,37.2,36.2,37.5,36.8,40.6,35.3,41.5,41.0,37.4,38.5,34.5,40.2,37.9,37.5,32.1,32.2,30.0,30.6,48.2,37.5,48.7,40.1,45.0,43.9,40.9,30.8,41.2,42.0,38.6,42.8,52.2,35.7,51.6,44.3,46.7,35.9,31.1,33.4,31.5,33.1,35.9,32.2,38.3,33.3,38.3,41.4,45.4,36.7,42.5,36.2,40.9,36.0,46.1,47.9,43.2,31.0,42.7,38.5,38.6,32.9,36.0,39.4,38.7,37.3,33.5,34.5,32.6,33.4,28.3
185,34.9,33.9,32.4,45.4,36.9,39.2,39.6,36.3,34.9,33.5,36.0,37.5,36.1,34.4,38.4,35.7,34.8,36.1,35.2,34.3,35.3,34.7,38.6,33.6,39.8,38.8,35.9,36.3,32.4,38.3,36.1,35.4,30.1,30.3,28.5,29.2,43.6,33.7,47.2,36.7,43.3,38.0,39.2,28.1,36.4,37.3,36.1,38.4,46.3,33.8,49.5,41.8,44.9,31.0,29.7,31.8,29.9,31.3,34.7,30.6,37.0,32.3,36.4,37.3,43.9,34.5,39.9,34.6,38.9,34.1,43.7,46.5,37.9,28.7,38.3,36.2,36.9,31.4,34.1,37.5,36.8,35.6,31.6,33.1,30.9,31.5,26.3
186,30.4,31.3,28.6,40.7,32.9,36.3,36.0,32.2,33.3,31.5,34.3,35.7,34.1,32.3,35.3,33.8,31.5,35.0,33.4,33.1,32.2,32.0,34.9,30.6,34.5,34.2,34.4,33.1,29.5,35.7,33.5,33.3,27.0,27.5,26.6,26.5,39.0,31.3,42.0,33.0,40.5,34.4,34.3,24.3,33.7,33.5,32.7,34.6,41.9,29.3,44.4,39.2,39.1,28.3,28.0,30.6,28.0,29.4,32.8,29.9,36.4,30.3,35.3,33.6,42.1,32.9,36.6,32.9,36.6,32.5,37.6,40.4,32.9,25.2,34.7,31.3,35.6,30.2,31.4,32.6,32.5,31.9,29.2,31.9,28.3,29.2,23.7
187,27.1,30.0,26.4,36.8,31.0,34.5,33.9,29.8,32.5,30.2,33.6,34.2,33.0,30.9,33.5,32.5,29.1,34.3,32.5,32.5,30.4,30.8,33.1,29.5,32.3,31.4,33.0,31.2,28.2,34.1,31.8,32.4,25.5,25.8,25.4,24.7,36.8,29.8,38.5,30.7,38.0,32.8,31.4,22.9,31.6,30.5,30.3,32.7,38.7,26.8,40.4,37.8,34.3,26.9,27.2,29.9,27.1,28.3,31.5,29.4,36.0,28.9,34.5,31.3,40.6,31.9,35.2,31.9,35.3,31.4,34.8,35.8,30.5,23.4,32.6,29.3,34.7,29.3,30.1,29.5,30.5,29.2,28.6,31.1,26.6,27.8,22.4
188,25.3,29.2,25.2,34.2,29.7,33.3,32.6,28.4,31.5,29.3,32.7,33.2,32.1,30.0,32.2,31.9,27.9,33.9,31.9,32.0,29.3,29.8,32.0,28.8,30.9,30.1,32.0,29.8,26.9,33.3,30.2,31.6,24.6,24.5,24.2,23.5,34.8,28.9,36.4,28.7,36.8,31.7,29.8,21.8,29.9,29.3,28.2,31.3,36.3,25.5,38.2,36.3,32.0,25.9,26.7,29.1,26.4,27.9,30.6,29.0,35.7,28.0,33.8,29.7,39.4,31.1,34.1,31.0,34.2,30.6,33.0,33.7,28.5,22.1,30.8,27.8,33.9,28.7,29.1,27.9,29.0,27.2,28.3,30.5,25.3,26.7,21.4
189,23.7,28.4,24.0,32.2,28.9,32.3,31.5,27.3,30.7,28.7,32.0,32.0,31.4,29.2,31.4,31.0,27.0,33.6,31.3,31.5,28.4,28.8,31.3,28.0,29.8,29.2,31.0,29.0,26.1,32.3,29.3,31.1,23.7,23.8,23.4,22.6,33.7,27.9,34.7,27.2,35.7,30.9,28.5,21.6,28.2,28.7,26.4,30.1,34.8,24.3,36.5,34.9,30.6,25.0,26.4,28.8,25.9,27.6,29.9,28.9,35.3,27.4,33.4,28.0,38.5,30.3,33.4,30.2,33.6,30.0,31.6,32.0,26.9,21.1,29.6,26.8,33.3,28.1,28.3,26.7,28.0,25.7,28.2,29.8,24.4,25.6,20.8
190,22.3,28.0,23.4,31.0,28.1,31.5,30.6,26.5,30.1,28.0,31.5,31.2,30.7,28.6,30.7,30.5,26.3,32.9,30.8,31.1,27.9,28.4,30.5,27.4,29.1,28.6,30.3,28.2,25.2,31.7,28.5,30.4,23.1,23.0,22.7,21.8,32.8,27.4,33.7,26.5,34.5,30.4,27.6,20.9,26.9,28.1,24.9,29.1,33.2,23.5,34.9,33.8,29.5,24.3,26.0,28.6,25.6,27.3,29.6,28.7,35.0,27.0,33.0,26.9,37.6,29.9,32.5,29.5,32.9,29.5,30.4,30.5,25.8,20.8,28.3,25.5,33.0,27.8,27.6,26.0,27.1,24.6,27.8,29.3,23.7,24.9,20.3
191,21.4,27.6,22.9,30.0,27.5,30.7,29.9,25.8,29.6,27.5,31.0,30.3,30.1,28.0,30.0,30.0,25.8,32.6,30.3,30.5,27.3,27.8,30.0,26.4,28.4,28.0,29.7,27.6,25.0,31.1,27.9,29.8,22.4,22.3,22.0,21.2,31.5,27.0,32.5,25.9,33.8,30.0,26.8,20.3,25.6,27.5,23.7,28.3,32.0,22.8,33.7,32.6,28.4,23.6,25.8,28.0,25.3,27.0,29.2,28.5,34.6,26.4,32.8,26.0,37.1,29.6,31.8,28.9,32.4,28.9,29.5,29.4,24.2,19.7,27.7,24.6,32.4,27.2,27.1,25.3,26.5,23.9,27.5,28.7,23.0,24.4,19.8
192,20.6,27.0,22.4,29.4,27.1,30.0,29.4,25.4,29.0,27.1,30.6,29.7,29.6,27.4,29.5,29.6,25.2,32.2,29.8,30.1,26.7,27.0,29.4,25.9,27.9,27.5,29.3,27.1,24.6,30.6,27.3,29.2,22.1,21.7,21.5,20.7,30.5,26.6,31.6,25.5,32.8,29.5,26.0,19.9,24.7,26.8,22.8,27.4,30.7,22.0,32.6,31.6,27.4,23.1,25.6,27.9,25.0,26.5,29.0,28.2,34.4,25.8,32.4,25.0,36.4,29.2,31.4,28.4,31.7,28.5,28.3,28.5,23.1,19.3,26.5,23.7,31.8,26.8,26.5,24.6,25.8,23.0,27.3,28.3,22.6,23.9,19.5
193,19.8,26.5,22.2,28.7,26.4,29.4,28.9,25.1,28.5,26.5,30.1,29.2,29.0,27.0,28.9,29.0,24.7,32.0,29.4,29.7,26.1,26.7,29.0,25.2,27.2,27.1,28.7,26.7,24.1,30.1,26.8,28.8,21.5,21.1,21.1,20.3,29.5,26.0,31.0,25.0,31.8,29.2,25.1,19.3,23.9,26.3,22.1,26.9,30.0,21.2,31.6,30.7,26.6,22.4,25.2,27.8,24.9,26.1,28.6,27.9,34.1,25.7,32.2,24.4,36.1,29.1,30.9,28.0,31.0,27.8,27.4,28.0,22.1,18.9,25.9,23.1,31.5,26.3,26.2,24.2,25.0,22.4,27.0,27.8,22.1,23.5,19.1
194,19.3,26.4,21.8,28.1,25.8,29.0,28.4,24.6,28.1,26.0,29.6,28.7,28.6,26.6,28.5,28.7,24.4,31.7,28.9,29.3,25.7,26.4,28.5,24.7,26.6,26.7,28.3,26.5,23.8,29.8,26.4,28.4,21.1,20.7,20.5,19.8,29.1,26.1,30.1,24.3,31.0,29.1,24.3,18.9,23.4,26.0,21.3,26.3,29.1,20.6,30.9,30.0,25.7,22.1,24.9,27.7,24.4,25.9,28.2,27.8,33.9,25.4,31.8,23.9,35.7,28.9,30.4,27.5,30.6,27.4,26.3,27.0,21.6,18.2,25.5,22.5,31.1,26.0,25.9,24.0,24.4,21.7,26.9,27.5,21.7,22.9,18.6
195,18.9,26.0,21.5,27.5,25.7,28.4,28.0,24.4,27.8,25.7,29.2,28.4,28.3,26.2,27.8,28.2,24.1,31.5,28.4,28.9,25.3,26.0,28.0,24.1,26.0,26.2,27.8,26.1,23.4,29.4,25.9,28.1,21.0,20.5,20.3,19.6,28.6,25.7,29.5,23.9,30.3,29.0,23.7,18.4,22.6,25.2,21.0,25.8,28.5,20.2,30.2,29.5,24.9,21.9,24.8,27.4,24.3,25.7,28.1,27.5,33.7,25.1,31.8,23.3,35.4,28.7,29.8,27.1,30.1,27.1,25.0,26.2,21.3,17.8,25.0,21.9,30.9,25.6,25.6,23.5,24.0,21.3,27.0,27.2,21.6,22.6,18.3
196,18.4,26.0,21.0,26.8,25.1,28.0,27.5,23.8,27.5,25.3,28.8,28.1,27.8,25.7,27.4,27.7,23.9,31.2,28.1,28.6,24.9,25.6,27.6,23.8,25.5,25.6,27.5,25.6,23.0,29.1,25.4,27.8,20.6,20.0,19.8,19.2,28.1,25.5,28.9,23.5,29.6,28.7,23.1,17.8,22.1,24.7,20.3,25.5,28.0,20.0,29.4,28.8,24.0,21.4,24.6,27.1,24.1,25.8,28.0,27.2,33.4,24.9,31.5,22.9,35.1,28.4,29.7,26.5,29.6,26.8,23.9,25.9,21.1,17.3,24.6,21.5,30.5,25.3,25.2,23.1,23.9,20.7,26.9,27.0,21.3,22.2,17.9
197,18.1,25.6,21.0,26.6,24.8,27.5,27.1,23.6,27.0,25.1,28.4,27.7,27.5,25.4,26.8,27.3,23.6,31.1,27.8,28.4,24.7,25.3,27.3,23.3,24.9,25.2,27.2,25.3,22.8,28.9,25.2,27.4,20.3,19.8,19.4,19.0,27.9,25.2,28.8,22.8,28.6,28.6,22.6,17.5,21.7,24.6,19.8,24.8,27.7,19.8,28.8,28.3,23.3,20.8,24.2,26.9,23.7,25.5,27.7,26.8,33.3,24.8,31.2,22.5,34.8,28.1,29.5,26.2,29.1,26.6,23.3,25.3,20.5,17.0,24.1,21.1,30.3,25.2,24.9,22.7,23.6,20.2,26.5,26.5,20.9,21.6,17.7
198,17.7,25.0,20.8,26.2,24.4,27.1,26.7,23.4,26.6,24.9,28.3,27.4,27.4,25.2,26.4,27.0,23.5,31.0,27.4,28.1,24.5,24.8,27.0,23.1,24.5,24.9,26.9,24.8,22.8,28.7,25.0,27.3,20.1,19.6,19.3,18.8,27.3,25.1,28.3,22.2,28.1,28.3,22.2,17.3,21.4,24.2,19.7,24.3,27.4,19.6,28.3,28.1,22.8,20.5,23.9,26.6,23.5,25.3,27.4,26.7,33.2,24.5,31.1,22.1,34.6,27.8,29.3,26.0,28.9,26.3,22.8,24.8,20.0,16.7,23.8,21.0,29.9,25.0,24.8,22.3,23.1,20.0,26.2,26.3,20.7,21.5,17.5
199,17.4,25.4,20.7,25.6,24.2,26.8,26.4,23.0,26.2,24.6,28.1,27.1,27.2,24.9,26.0,26.7,23.3,31.1,27.2,28.0,24.4,24.9,26.9,22.8,24.2,24.7,26.7,24.6,22.6,28.4,24.7,27.0,19.7,19.5,18.9,18.5,27.2,24.8,27.7,21.7,27.5,28.4,21.7,17.2,21.0,24.2,19.2,24.0,26.9,19.2,28.0,27.9,22.3,20.3,23.8,26.6,23.6,25.1,27.3,26.6,33.0,24.3,30.9,21.7,34.4,27.6,28.9,25.7,28.7,26.1,22.4,24.7,19.9,16.5,23.7,20.6,29.6,24.8,24.6,21.9,22.7,19.7,26.0,26.1,20.4,21.3,17.2
200,19.7,26.3,22.7,25.3,24.0,26.6,26.3,23.0,26.2,24.6,28.3,27.0,27.6,24.7,25.9,26.9,23.3,31.1,27.6,28.6,24.2,24.9,27.0,22.5,23.9,24.4,26.7,24.4,22.7,28.4,24.5,27.3,19.4,19.3,18.9,18.3,29.5,25.7,27.3,22.9,28.2,31.1,21.3,16.8,22.8,26.0,19.8,26.1,29.4,19.0,27.9,28.3,22.7,21.4,23.7,26.7,23.5,25.1,27.3,26.8,33.2,24.1,31.0,22.7,34.2,27.4,28.8,25.6,29.3,26.4,22.6,24.6,21.7,16.4,25.3,20.8,30.2,25.0,24.3,21.6,22.5,19.2,25.9,26.5,19.9,21.1,17.1
201,25.0,29.9,28.7,27.8,26.1,28.8,28.8,25.7,28.0,26.3,30.3,28.5,29.7,26.3,28.3,28.7,26.1,33.0,29.9,30.7,26.6,27.1,29.4,24.1,26.0,27.1,28.0,26.6,24.7,30.6,26.5,29.1,20.6,20.9,20.0,19.9,35.2,29.6,30.2,27.2,31.1,36.6,23.4,19.7,27.2,31.4,23.2,31.1,37.4,21.5,33.0,31.3,27.8,25.6,24.3,28.0,24.5,26.1,27.6,28.0,34.3,24.4,32.4,27.7,35.2,29.2,31.1,26.9,31.6,28.4,28.2,27.5,27.7,19.6,30.5,24.4,32.3,26.7,26.3,23.5,24.3,20.6,26.6,28.2,20.9,22.8,18.5
202,30.5,33.8,34.2,33.5,29.2,31.7,31.9,28.8,30.4,28.5,32.2,30.9,32.1,28.5,31.3,30.8,29.0,35.2,32.2,32.7,29.3,29.8,32.4,26.9,30.2,30.5,30.1,29.5,27.2,33.1,29.3,31.4,23.4,23.8,22.3,22.6,39.9,33.8,35.3,31.2,34.5,40.8,27.9,23.4,31.8,36.5,26.7,35.2,43.5,25.4,38.8,34.6,32.7,30.0,26.1,29.9,26.8,28.3,29.3,29.6,35.7,26.1,34.6,32.3,36.9,31.5,33.9,29.1,34.3,30.5,33.1,33.8,33.2,23.5,34.8,28.5,34.2,28.5,28.7,27.7,27.9,24.1,28.9,30.2,23.5,25.6,21.1
203,35.0,36.9,37.6,38.6,32.2,34.7,34.9,31.9,32.6,30.8,33.9,33.2,34.2,30.7,34.2,32.7,31.7,36.9,33.9,34.4,31.9,32.0,35.1,29.5,34.1,33.9,32.5,32.6,29.5,35.6,31.9,33.4,26.3,26.6,24.5,25.4,43.3,36.9,39.8,34.6,37.6,43.6,32.2,26.4,35.9,40.0,30.8,38.5,47.6,28.9,42.8,37.7,37.4,33.7,27.9,31.6,28.9,30.5,31.4,31.2,37.1,28.2,36.4,36.2,38.7,33.7,36.7,31.4,36.6,32.1,37.6,39.4,37.9,26.7,38.2,32.2,35.8,30.1,31.1,31.8,31.6,28.0,30.8,32.1,26.5,28.1,23.5
204,38.7,38.9,39.8,42.3,34.9,36.9,37.4,34.5,34.4,32.8,35.6,35.2,36.0,32.8,36.8,34.6,34.1,38.3,35.7,35.5,34.3,33.8,37.1,32.0,37.3,36.8,34.5,35.1,31.7,37.7,34.5,35.2,28.7,29.0,26.8,27.7,46.0,39.1,43.4,37.4,40.6,45.5,35.9,28.9,39.2,42.4,34.5,41.1,50.5,32.0,46.2,40.7,41.1,36.3,29.6,33.2,30.5,32.3,33.2,32.6,38.4,30.1,37.9,39.1,40.9,35.5,39.2,33.3,38.5,33.8,41.3,43.2,41.4,28.7,40.8,35.2,37.3,31.7,33.2,35.2,34.5,31.7,32.6,33.6,29.0,30.5,25.6
205,41.2,40.0,40.4,44.9,37.1,39.1,39.5,36.5,36.0,34.4,37.0,36.9,37.5,34.6,38.7,36.3,36.0,39.4,36.9,36.4,36.3,35.6,39.0,33.8,39.8,39.1,36.1,37.1,33.4,39.4,36.4,36.8,30.6,30.8,28.6,29.5,48.2,40.7,46.2,39.3,42.7,46.5,38.5,30.4,41.6,43.7,37.0,43.2,52.8,34.3,49.0,43.0,44.0,38.2,30.8,34.2,31.5,33.3,34.5,33.3,39.3,31.7,39.0,41.1,42.8,36.8,41.1,35.1,40.1,35.1,44.2,45.7,43.7,30.1,43.0,37.4,38.3,32.8,34.9,37.6,37.1,34.8,33.6,34.7,30.8,32.2,27.2
206,42.8,40.6,40.8,46.7,38.8,40.6,41.1,37.9,37.0,35.5,37.9,38.3,38.5,35.7,40.2,37.4,37.1,39.9,37.7,36.9,37.4,36.8,40.5,35.1,41.4,40.5,37.3,38.5,34.7,40.3,37.7,37.9,32.0,32.1,29.9,30.7,49.2,41.1,48.0,40.8,44.5,46.7,40.4,31.5,43.1,44.1,38.6,44.4,53.5,35.7,50.9,44.5,45.9,38.9,31.5,34.7,32.1,34.0,35.8,33.8,39.6,33.0,39.6,42.4,44.3,37.6,42.4,36.2,41.3,36.3,46.0,47.4,44.8,31.2,44.2,38.6,39.0,33.5,36.1,39.2,38.7,37.0,34.1,35.3,32.3,33.4,28.2
207,41.7,40.0,41.2,47.5,39.4,41.3,41.9,38.7,37.4,35.9,38.2,39.0,39.0,36.2,40.9,38.0,37.6,39.6,37.8,36.9,38.0,37.4,41.1,35.9,42.4,41.3,38.0,39.1,35.3,40.8,38.4,38.1,32.7,32.7,30.3,31.4,49.7,40.0,49.0,41.3,45.3,46.4,41.2,31.9,43.1,44.0,39.3,44.4,53.9,36.5,52.0,45.1,47.0,38.7,31.8,34.7,32.3,34.1,36.2,33.5,39.4,33.5,39.6,42.6,45.3,37.7,42.8,36.8,41.6,36.6,46.8,48.0,44.7,32.1,44.3,39.3,39.2,33.8,36.6,39.6,39.5,38.2,34.2,35.1,33.1,34.0,28.6
208,41.3,38.2,38.5,47.5,39.2,41.3,41.6,38.4,36.9,35.5,37.8,38.9,38.4,36.0,40.5,37.5,37.1,38.3,37.2,36.2,37.6,37.1,40.8,35.6,42.0,41.2,37.6,38.6,34.8,40.4,38.1,37.7,32.5,32.3,30.2,30.7,48.6,38.1,49.0,40.3,45.3,44.4,41.5,31.1,41.8,42.4,38.8,43.1,52.4,36.1,51.9,44.5,47.0,36.5,31.2,33.5,31.6,33.2,36.1,32.3,38.3,33.4,38.5,41.8,45.4,36.9,42.5,36.4,41.0,36.1,46.3,48.3,43.5,31.5,43.2,38.8,38.7,33.1,36.1,39.9,39.2,37.9,33.8,34.4,33.0,33.6,28.4
209,35.3,34.4,33.0,45.9,37.1,39.6,39.9,36.5,35.0,33.7,36.1,37.8,36.2,34.5,38.7,35.9,35.0,36.2,35.3,34.4,35.6,35.1,38.8,33.9,40.3,39.0,36.1,36.5,32.7,38.5,36.3,35.6,30.5,30.5,28.6,29.3,44.1,34.3,47.5,37.1,43.6,38.5,39.8,28.4,37.0,37.7,36.3,38.7,46.7,34.3,49.8,42.0,45.3,31.5,29.8,32.0,30.0,31.5,35.0,30.8,37.0,32.4,36.5,37.7,43.9,34.7,39.9,34.8,39.1,34.2,44.0,47.0,38.5,29.2,38.7,36.6,37.0,31.7,34.3,38.0,37.2,36.1,32.0,32.9,31.3,31.7,26.4
210,30.8,31.9,29.2,41.3,33.2,36.6,36.2,32.5,33.4,31.7,34.5,35.9,34.2,32.4,35.6,34.0,31.6,35.1,33.5,33.2,32.4,32.3,35.1,30.9,35.0,34.5,34.4,33.4,29.8,35.8,33.7,33.5,27.3,27.7,26.7,26.5,39.3,31.8,42.4,33.3,40.8,34.8,34.8,24.7,34.4,33.9,33.0,34.9,42.2,29.8,44.7,39.5,39.5,28.8,28.1,30.8,28.1,29.7,33.0,30.0,36.3,30.4,35.4,34.1,42.1,33.0,36.7,33.1,36.7,32.6,38.0,40.9,33.4,25.7,35.2,31.7,35.7,30.5,31.6,33.1,33.0,32.4,29.6,31.8,28.6,29.4,23.9
211,27.7,30.4,27.0,37.3,31.3,34.8,34.2,30.2,32.6,30.4,33.7,34.4,33.1,31.0,33.7,32.7,29.2,34.4,32.6,32.6,30.5,31.0,33.3,29.7,32.7,31.8,33.2,31.4,28.4,34.3,31.9,32.6,25.8,25.9,25.4,24.8,37.0,30.3,38.8,31.0,38.3,33.1,31.8,23.3,32.0,30.9,30.6,33.0,39.0,27.3,40.7,38.0,34.8,27.3,27.3,30.0,27.3,28.5,31.6,29.5,35.9,29.0,34.6,31.7,40.6,32.0,35.2,32.0,35.5,31.5,35.2,36.0,30.9,23.8,33.1,29.7,34.9,29.6,30.2,30.0,30.9,29.7,29.0,31.0,26.9,28.0,22.6
212,25.9,29.7,25.8,34.5,30.0,33.6,32.9,28.8,31.7,29.5,32.9,33.4,32.3,30.1,32.5,32.0,28.0,33.9,32.0,32.1,29.5,30.1,32.3,29.1,31.4,30.4,32.1,30.0,27.2,33.5,30.4,31.8,24.9,24.7,24.4,23.7,35.1,29.3,36.7,29.1,37.1,32.0,30.3,22.2,30.4,29.8,28.5,31.6,36.6,26.0,38.5,36.6,32.5,26.3,26.8,29.3,26.5,28.1,30.8,29.2,35.6,28.1,33.9,30.0,39.4,31.2,34.2,31.1,34.4,30.8,33.3,34.0,28.9,22.6,31.3,28.1,34.1,29.0,29.2,28.4,29.5,27.7,28.8,30.4,25.6,26.9,21.6
213,24.2,28.8,24.5,32.6,29.2,32.6,31.7,27.7,30.8,28.9,32.2,32.2,31.5,29.3,31.7,31.2,27.1,33.6,31.4,31.6,28.6,29.1,31.5,28.3,30.1,29.5,31.2,29.2,26.4,32.6,29.4,31.4,24.0,24.1,23.6,22.8,34.0,28.4,35.0,27.6,36.0,31.3,28.9,21.8,28.6,29.1,26.8,30.3,35.0,24.9,36.7,35.1,30.9,25.5,26.5,28.9,26.0,27.7,30.1,28.9,35.2,27.5,33.5,28.3,38.5,30.5,33.4,30.3,33.7,30.1,32.0,32.2,27.4,21.5,30.0,27.0,33.5,28.5,28.5,27.2,28.5,26.2,28.5,29.7,24.7,25.9,21.0
214,22.8,28.5,23.9,31.3,28.4,31.8,30.9,26.9,30.3,28.3,31.7,31.4,31.0,28.7,30.9,30.7,26.5,33.0,31.0,31.2,28.1,28.7,30.8,27.7,29.4,28.9,30.5,28.5,25.5,31.9,28.7,30.6,23.4,23.3,22.9,22.1,33.0,27.9,34.1,26.8,34.8,30.8,28.0,21.2,27.4,28.6,25.3,29.3,33.5,24.0,35.1,34.0,29.8,24.8,26.1,28.6,25.7,27.5,29.7,28.7,34.8,27.1,33.0,27.3,37.7,30.0,32.6,29.6,33.0,29.6,30.7,30.7,26.1,21.2,28.8,25.9,33.1,28.2,27.8,26.4,27.6,25.1,28.2,29.2,24.1,25.2,20.6
215,21.9,28.0,23.4,30.3,27.8,31.0,30.2,26.2,29.8,27.8,31.1,30.5,30.3,28.2,30.2,30.2,26.0,32.6,30.5,30.7,27.5,28.0,30.3,26.8,28.6,28.3,29.9,27.9,25.3,31.4,28.1,30.0,22.8,22.5,22.3,21.5,31.7,27.6,32.9,26.2,34.1,30.4,27.1,20.5,26.1,27.9,24.1,28.5,32.2,23.3,33.8,32.7,28.6,24.1,25.9,28.2,25.4,27.2,29.4,28.4,34.5,26.5,32.8,26.5,37.2,29.6,31.9,29.1,32.5,29.1,29.8,29.6,24.6,20.2,28.0,24.9,32.6,27.5,27.4,25.8,26.9,24.5,27.9,28.6,23.4,24.7,20.1
216,21.1,27.5,22.9,29.7,27.3,30.2,29.6,25.8,29.2,27.3,30.8,29.9,29.9,27.7,29.7,29.8,25.5,32.2,30.0,30.3,27.0,27.3,29.6,26.2,28.1,27.8,29.5,27.4,24.9,30.9,27.6,29.5,22.5,22.0,21.7,21.0,30.9,27.0,32.0,25.9,33.1,29.8,26.4,20.1,25.2,27.3,23.1,27.5,30.9,22.4,32.7,31.7,27.4,23.6,25.8,28.0,25.1,26.8,29.2,28.2,34.2,25.9,32.4,25.4,36.6,29.2,31.5,28.6,31.8,28.7,28.6,28.7,23.5,19.8,26.9,24.1,32.0,27.2,26.8,25.2,26.2,23.4,27.7,28.0,22.9,24.2,19.9
217,20.2,26.8,22.8,29.0,26.7,29.6,29.1,25.5,28.6,26.7,30.3,29.4,29.3,27.3,29.2,29.1,25.0,31.9,29.6,30.0,26.5,27.0,29.3,25.5,27.5,27.3,28.9,27.0,24.6,30.5,27.1,29.1,21.9,21.5,21.4,20.7,30.0,26.4,31.3,25.3,32.1,29.6,25.5,19.4,24.3,26.8,22.4,27.0,30.1,21.7,31.8,30.8,26.7,22.9,25.3,27.9,25.0,26.4,28.8,27.9,33.9,25.7,32.2,24.8,36.2,29.1,31.1,28.2,31.1,28.0,27.6,28.3,22.7,19.4,26.2,23.4,31.7,26.6,26.5,24.7,25.4,22.9,27.5,27.6,22.4,23.7,19.5
218,19.8,26.6,22.3,28.4,26.1,29.2,28.6,25.1,28.2,26.3,29.8,28.9,28.8,26.8,28.7,28.9,24.7,31.7,29.1,29.6,26.0,26.7,28.8,25.0,26.9,27.0,28.5,26.8,24.3,30.1,26.7,28.6,21.6,21.1,20.8,20.1,29.5,26.5,30.4,24.7,31.3,29.5,24.7,19.1,23.9,26.5,21.6,26.4,29.2,21.0,31.0,30.1,25.8,22.5,25.1,27.8,24.5,26.1,28.5,27.8,33.8,25.4,31.8,24.2,35.9,28.9,30.5,27.7,30.7,27.6,26.5,27.3,22.1,18.7,25.7,22.8,31.4,26.3,26.2,24.5,24.8,22.3,27.3,27.2,22.1,23.2,19.0
219,19.4,26.3,22.0,27.9,25.9,28.7,28.2,24.8,28.0,26.0,29.4,28.6,28.5,26.4,28.1,28.4,24.5,31.5,28.7,29.2,25.6,26.3,28.4,24.4,26.3,26.4,28.0,26.3,23.9,29.8,26.2,28.4,21.5,20.9,20.7,20.0,29.0,25.9,29.8,24.2,30.6,29.5,24.1,18.6,23.1,25.7,21.3,25.9,28.6,20.7,30.4,29.6,24.9,22.3,24.9,27.6,24.4,26.0,28.2,27.5,33.6,25.2,31.8,23.7,35.5,28.7,29.9,27.3,30.3,27.2,25.2,26.5,21.7,18.3,25.3,22.1,31.1,25.9,25.9,24.0,24.4,21.9,27.4,26.9,22.1,22.9,18.7
220,19.0,26.2,21.4,27.2,25.2,28.2,27.7,24.2,27.7,25.6,29.0,28.3,28.0,26.0,27.6,27.9,24.2,31.2,28.3,28.8,25.3,25.9,28.0,24.1,25.7,25.8,27.7,25.9,23.6,29.4,25.7,28.1,21.1,20.4,20.1,19.6,28.5,25.8,29.2,23.8,29.8,29.1,23.6,18.0,22.6,25.1,20.6,25.5,27.9,20.3,29.5,28.9,24.1,21.8,24.7,27.3,24.1,26.0,28.1,27.3,33.3,25.0,31.6,23.2,35.3,28.4,29.8,26.8,29.9,26.9,24.1,26.2,21.5,17.7,24.9,21.7,30.7,25.6,25.5,23.6,24.3,21.2,27.2,26.6,21.8,22.5,18.3
221,18.7,25.9,21.3,27.0,25.0,27.7,27.3,23.9,27.2,25.4,28.6,27.9,27.8,25.7,27.0,27.5,24.0,31.1,28.0,28.6,25.0,25.6,27.6,23.5,25.1,25.4,27.4,25.5,23.3,29.2,25.5,27.7,20.7,20.2,19.7,19.3,28.2,25.5,29.1,23.2,29.0,28.9,23.2,17.8,22.1,25.0,20.1,24.8,27.7,20.2,28.9,28.5,23.5,21.2,24.3,27.0,23.7,25.7,27.8,26.8,33.3,24.9,31.3,22.9,35.0,28.2,29.6,26.5,29.4,26.7,23.4,25.7,20.8,17.4,24.4,21.4,30.4,25.5,25.2,23.2,24.0,20.8,26.9,26.2,21.3,21.9,18.1
222,18.3,25.2,21.1,26.7,24.6,27.4,26.9,23.8,26.9,25.2,28.5,27.7,27.7,25.5,26.6,27.2,23.8,31.0,27.6,28.4,24.8,25.1,27.3,23.3,24.7,25.0,27.1,25.1,23.3,28.9,25.2,27.6,20.5,20.0,19.5,19.1,27.7,25.4,28.5,22.6,28.4,28.7,22.8,17.5,21.9,24.6,19.9,24.4,27.3,20.0,28.4,28.2,22.9,20.8,24.0,26.8,23.6,25.5,27.6,26.9,33.2,24.6,31.2,22.4,34.9,27.8,29.3,26.3,29.2,26.4,22.9,25.2,20.5,17.2,24.1,21.2,30.1,25.2,25.1,22.8,23.5,20.5,26.5,26.0,21.0,21.8,17.9
223,17.9,25.6,21.1,26.0,24.5,27.0,26.5,23.4,26.4,24.9,28.3,27.3,27.5,25.2,26.2,27.0,23.6,31.2,27.5,28.3,24.7,25.2,27.2,23.1,24.6,24.9,26.9,24.9,23.0,28.7,25.0,27.2,20.0,19.9,19.2,18.8,27.6,25.0,28.0,22.1,27.8,28.6,22.3,17.4,21.4,24.5,19.4,24.0,26.8,19.5,28.1,28.0,22.3,20.7,23.8,26.8,23.7,25.2,27.4,26.8,32.9,24.4,31.0,22.0,34.7,27.7,29.0,26.0,29.0,26.2,22.5,25.2,20.4,17.0,24.0,20.8,29.9,25.0,24.8,22.4,23.2,20.2,26.4,25.7,20.7,21.6,17.6
224,20.1,26.4,22.9,25.6,24.3,26.9,26.4,23.3,26.4,24.8,28.5,27.2,27.9,25.0,26.1,27.1,23.5,31.2,27.8,28.9,24.5,25.2,27.2,22.8,24.3,24.6,26.9,24.7,22.9,28.6,24.7,27.6,19.6,19.7,19.2,18.7,29.8,25.9,27.6,23.3,28.4,31.2,21.8,17.0,23.2,26.4,20.1,26.1,29.3,19.4,28.0,28.5,22.8,21.8,23.8,26.9,23.6,25.3,27.4,26.9,33.3,24.3,31.1,23.0,34.6,27.5,29.0,25.8,29.5,26.5,22.8,24.9,22.1,16.7,25.7,20.8,30.5,25.3,24.6,22.1,22.9,19.6,26.2,26.1,20.2,21.3,17.5
225,25.4,30.2,29.0,28.1,26.3,29.0,28.9,26.0,28.1,26.5,30.4,28.6,30.0,26.5,28.4,28.8,26.2,33.2,29.9,30.9,26.8,27.3,29.5,24.3,26.4,27.3,28.1,26.8,25.1,30.8,26.7,29.3,21.0,21.3,20.3,20.3,35.6,29.8,30.4,27.5,31.4,36.8,24.0,19.9,27.5,31.7,23.4,31.2,37.4,21.8,33.1,31.4,27.9,25.9,24.4,28.2,24.6,26.3,27.7,28.2,34.3,24.5,32.6,28.0,35.5,29.3,31.1,27.2,31.8,28.5,28.5,27.8,28.2,20.0,30.7,24.5,32.6,26.9,26.4,23.9,24.7,21.0,27.0,27.9,21.2,23.1,18.9
226,30.9,34.1,34.3,34.0,29.4,31.8,32.1,29.1,30.4,28.6,32.2,31.0,32.2,28.6,31.4,30.9,29.1,35.3,32.1,32.8,29.4,29.9,32.4,27.1,30.6,30.7,30.1,29.6,27.5,33.2,29.4,31.4,23.8,24.0,22.5,22.9,40.4,34.0,35.6,31.6,34.8,40.9,28.5,23.6,32.1,36.9,26.9,35.3,43.5,25.7,39.0,34.7,32.9,30.3,26.2,30.0,26.9,28.5,29.5,29.8,35.7,26.2,34.7,32.6,37.1,31.7,34.0,29.3,34.4,30.6,33.5,34.2,33.6,23.8,35.1,28.7,34.4,28.6,28.8,28.1,28.3,24.5,29.4,29.9,23.8,25.8,21.4
227,35.4,37.0,37.7,39.0,32.3,34.9,35.0,32.0,32.6,30.8,34.0,33.3,34.2,30.8,34.4,32.7,31.8,37.1,33.9,34.4,32.0,32.0,35.1,29.7,34.5,34.1,32.5,32.7,29.6,35.6,31.9,33.4,26.6,26.7,24.7,25.6,43.7,37.1,40.2,35.0,38.0,43.7,32.8,26.5,36.2,40.4,31.0,38.5,47.7,29.3,43.1,38.0,37.7,33.9,28.1,31.8,29.1,30.7,31.5,31.4,37.0,28.3,36.5,36.5,38.9,33.8,36.7,31.5,36.6,32.1,38.1,39.8,38.1,27.0,38.6,32.5,35.9,30.1,31.1,32.1,31.9,28.5,31.2,31.8,26.8,28.2,23.8
228,39.0,39.0,40.0,42.6,35.0,37.0,37.5,34.5,34.3,32.8,35.5,35.2,36.0,32.8,36.9,34.5,34.1,38.5,35.7,35.6,34.4,33.8,37.3,32.2,37.6,36.9,34.5,35.1,31.8,37.7,34.5,35.2,29.0,29.1,26.9,27.8,46.4,39.2,43.7,37.7,40.9,45.6,36.4,29.1,39.5,42.7,34.7,41.2,50.6,32.3,46.6,41.1,41.4,36.5,29.8,33.5,30.6,32.5,33.3,32.7,38.3,30.3,38.0,39.5,40.9,35.6,39.3,33.4,38.5,33.8,41.8,43.5,41.6,29.1,41.2,35.5,37.4,31.6,33.2,35.4,34.8,32.1,33.0,33.4,29.2,30.5,25.8
229,41.5,40.3,40.7,45.2,37.1,39.2,39.6,36.6,35.8,34.3,36.9,36.8,37.4,34.6,38.9,36.2,35.9,39.6,36.9,36.5,36.2,35.6,39.0,33.9,40.1,39.2,36.0,37.2,33.4,39.3,36.3,36.8,30.9,31.0,28.7,29.6,48.6,40.9,46.6,39.7,43.1,46.6,39.0,30.6,41.9,44.1,37.1,43.3,52.9,34.7,49.3,43.3,44.4,38.4,31.0,34.4,31.7,33.5,34.7,33.5,39.2,31.8,39.1,41.5,42.8,36.9,41.1,35.1,40.0,35.1,44.7,46.0,43.9,30.4,43.4,37.6,38.3,32.7,34.9,37.8,37.3,35.2,34.0,34.5,31.0,32.1,27.3
230,43.0,40.9,41.2,47.0,38.8,40.7,41.2,38.0,36.8,35.5,37.8,38.1,38.5,35.6,40.3,37.3,37.1,40.0,37.7,36.9,37.4,36.7,40.5,35.2,41.6,40.6,37.2,38.5,34.7,40.2,37.6,37.8,32.4,32.3,29.9,30.7,49.6,41.3,48.4,41.1,44.9,46.9,40.8,31.6,43.4,44.3,38.7,44.5,53.6,36.1,51.2,44.9,46.3,39.1,31.6,34.8,32.3,34.2,36.0,34.0,39.6,33.1,39.7,42.8,44.3,37.7,42.5,36.2,41.2,36.2,46.5,47.7,45.0,31.5,44.6,38.9,39.0,33.4,36.1,39.5,38.8,37.3,34.4,35.1,32.6,33.3,28.3
231,42.1,40.3,41.5,47.8,39.4,41.5,42.0,38.8,37.2,35.8,38.1,38.8,38.9,36.1,41.0,37.9,37.5,39.7,37.8,36.9,38.0,37.3,41.1,36.0,42.7,41.3,37.9,39.2,35.2,40.7,38.3,38.0,33.0,32.9,30.4,31.4,50.2,40.3,49.3,41.6,45.7,46.6,41.7,32.0,43.5,44.3,39.5,44.6,54.0,36.9,52.3,45.5,47.5,39.0,32.0,34.8,32.4,34.3,36.5,33.8,39.3,33.8,39.7,43.0,45.3,37.9,42.9,36.8,41.6,36.6,47.3,48.5,44.9,32.4,44.8,39.6,39.1,33.7,36.5,39.9,39.6,38.5,34.6,34.9,33.3,33.9,28.7
232,41.8,38.5,38.9,47.8,39.3,41.4,41.7,38.5,36.7,35.5,37.7,38.8,38.3,36.0,40.6,37.4,37.1,38.4,37.2,36.2,37.7,37.0,40.8,35.8,42.4,41.3,37.5,38.7,34.8,40.3,38.0,37.6,32.8,32.5,30.2,30.7,49.1,38.4,49.3,40.7,45.7,44.6,41.9,31.3,42.1,42.7,39.0,43.3,52.5,36.5,52.2,44.9,47.5,36.8,31.4,33.8,31.8,33.5,36.4,32.6,38.3,33.6,38.6,42.2,45.5,37.1,42.5,36.4,41.1,36.0,46.8,48.6,43.8,31.8,43.7,39.2,38.6,33.1,36.0,40.2,39.4,38.1,34.1,34.2,33.3,33.5,28.5
233,35.8,34.6,33.5,46.3,37.3,39.7,40.0,36.6,34.9,33.7,36.0,37.7,36.2,34.5,38.8,35.8,35.0,36.4,35.3,34.5,35.6,35.1,38.9,34.1,40.8,39.2,36.0,36.6,32.7,38.5,36.4,35.5,30.8,30.6,28.7,29.3,44.7,34.7,47.8,37.6,44.0,38.7,40.3,28.8,37.5,37.9,36.6,38.9,46.8,34.7,50.2,42.4,45.8,31.9,30.0,32.3,30.2,31.8,35.2,31.1,37.0,32.7,36.7,38.1,44.0,34.9,40.0,34.8,39.1,34.2,44.6,47.3,38.8,29.6,39.2,37.0,37.0,31.7,34.3,38.4,37.5,36.4,32.4,32.8,31.6,31.8,26.6
234,31.2,32.1,29.6,41.7,33.3,36.8,36.4,32.6,33.4,31.6,34.5,35.9,34.3,32.4,35.8,33.9,31.6,35.2,33.6,33.2,32.4,32.4,35.2,31.1,35.4,34.7,34.4,33.5,29.7,35.9,33.7,33.5,27.6,27.8,26.7,26.5,39.6,32.1,42.7,33.6,41.2,34.8,35.3,24.9,34.8,34.3,33.3,35.0,42.4,30.2,45.0,39.9,40.1,29.1,28.3,31.1,28.2,30.0,33.2,30.3,36.4,30.7,35.6,34.4,42.2,33.2,36.8,33.2,36.8,32.7,38.4,41.3,33.8,26.1,35.6,32.0,35.8,30.5,31.6,33.5,33.2,32.7,29.9,31.7,28.8,29.3,23.9
235,28.2,30.7,27.3,37.6,31.4,34.9,34.4,30.1,32.6,30.3,33.7,34.4,33.2,30.9,33.9,32.6,29.1,34.6,32.7,32.7,30.5,31.1,33.4,29.9,33.0,31.9,33.1,31.3,28.3,34.3,31.9,32.6,26.1,26.0,25.5,24.9,37.2,30.7,39.0,31.3,38.7,33.2,32.2,23.4,32.5,31.1,30.9,33.0,39.1,27.7,41.0,38.3,35.1,27.7,27.5,30.4,27.4,28.7,32.0,29.8,35.9,29.2,34.7,32.1,40.8,32.1,35.4,32.1,35.5,31.6,35.5,36.3,31.2,24.1,33.5,29.9,35.0,29.6,30.1,30.3,31.1,30.0,29.3,31.0,27.1,27.9,22.7
236,26.3,30.0,26.0,34.8,30.0,33.8,33.0,28.7,31.6,29.4,32.9,33.4,32.4,30.0,32.6,32.0,27.8,34.1,32.1,32.2,29.5,30.1,32.3,29.1,31.7,30.4,32.1,30.0,27.1,33.5,30.4,31.9,25.2,24.8,24.4,23.6,35.2,29.6,36.9,29.4,37.5,32.0,30.7,22.3,30.8,30.0,28.8,31.6,36.7,26.4,38.6,36.9,32.8,26.7,27.1,29.7,26.7,28.3,31.1,29.5,35.7,28.3,34.2,30.4,39.7,31.4,34.5,31.2,34.4,30.9,33.7,34.1,29.3,22.9,31.8,28.3,34.2,29.0,29.1,28.7,29.7,28.0,29.1,30.3,25.8,26.8,21.7
237,24.7,29.0,24.9,32.8,29.2,32.8,31.8,27.7,30.8,28.8,32.3,32.2,31.7,29.3,31.9,31.1,27.0,33.8,31.5,31.8,28.6,29.1,31.6,28.4,30.4,29.6,31.1,29.2,26.3,32.5,29.4,31.4,24.3,24.2,23.6,22.8,34.1,28.6,35.2,27.9,36.3,31.3,29.3,22.0,29.0,29.3,27.1,30.3,35.0,25.4,36.7,35.4,31.1,25.8,26.8,29.2,26.2,27.9,30.5,29.2,35.3,27.8,33.6,28.6,38.8,30.7,33.6,30.4,33.7,30.2,32.4,32.4,27.8,21.9,30.6,27.3,33.6,28.5,28.4,27.5,28.7,26.6,28.9,29.6,25.0,25.8,21.1
238,23.2,28.7,24.3,31.5,28.5,32.0,31.0,26.8,30.2,28.1,31.7,31.4,31.2,28.6,31.2,30.7,26.4,33.2,31.2,31.3,28.0,28.7,30.9,27.8,29.7,29.1,30.5,28.4,25.5,31.9,28.7,30.6,23.7,23.4,23.0,22.1,33.2,28.1,34.2,27.0,35.1,30.8,28.4,21.4,27.8,28.8,25.6,29.4,33.5,24.5,35.1,34.3,30.0,25.0,26.3,29.0,25.8,27.7,30.1,28.9,34.9,27.4,33.2,27.6,38.0,30.3,32.9,29.7,33.0,29.8,31.1,30.9,26.6,21.5,29.3,26.1,33.3,28.2,27.8,26.7,27.9,25.4,28.6,29.2,24.3,25.2,20.6
239,22.3,28.2,23.7,30.6,28.0,31.3,30.5,26.2,29.7,27.8,31.2,30.5,30.6,28.1,30.5,30.2,25.9,32.8,30.6,30.8,27.6,28.0,30.4,27.0,28.8,28.3,29.9,27.9,25.2,31.4,28.1,30.0,23.0,22.7,22.3,21.5,32.0,27.7,32.8,26.5,34.4,30.6,27.4,20.6,26.5,28.2,24.4,28.5,32.2,23.8,33.8,33.0,28.8,24.5,26.2,28.5,25.5,27.5,29.7,28.7,34.6,26.9,33.0,26.8,37.4,30.0,32.2,29.2,32.4,29.2,30.2,29.8,25.0,20.4,28.4,25.1,32.7,27.7,27.3,26.1,27.2,24.8,28.3,28.6,23.6,24.7,20.1
240,21.4,27.7,23.2,30.0,27.5,30.5,29.8,26.0,29.0,27.4,30.9,29.8,30.1,27.7,30.0,29.7,25.5,32.4,30.2,30.5,27.1,27.3,29.8,26.4,28.4,27.9,29.5,27.6,25.0,30.9,27.7,29.5,22.7,22.2,21.8,21.1,31.1,27.1,32.0,26.1,33.4,30.0,26.7,20.2,25.4,27.5,23.4,27.6,31.0,22.8,32.9,32.0,27.5,24.0,25.9,28.3,25.2,27.1,29.5,28.5,34.3,26.2,32.5,25.8,36.8,29.6,31.8,28.7,31.8,28.9,28.9,28.8,23.8,20.1,27.4,24.3,32.1,27.3,26.8,25.5,26.5,23.8,28.1,28.1,23.2,24.2,19.9
241,20.7,26.9,22.9,29.1,27.0,29.8,29.2,25.7,28.4,26.8,30.4,29.3,29.4,27.4,29.5,29.1,25.1,32.2,29.7,30.2,26.7,26.9,29.5,25.8,27.8,27.5,29.0,27.2,24.6,30.5,27.3,29.0,22.1,21.6,21.5,20.7,30.3,26.5,31.2,25.6,32.4,29.9,25.9,19.6,24.6,27.0,22.6,27.1,30.2,22.1,31.9,31.1,26.9,23.3,25.5,28.3,25.1,26.7,29.2,28.2,34.0,26.0,32.4,25.2,36.5,29.5,31.3,28.3,31.0,28.2,27.9,28.5,22.9,19.7,26.7,23.6,31.8,26.7,26.6,25.1,25.7,23.2,27.9,27.7,22.6,23.8,19.6
242,20.2,26.7,22.5,28.6,26.3,29.4,28.8,25.2,28.1,26.4,29.9,28.8,29.0,26.9,29.0,28.9,24.9,32.0,29.3,29.8,26.3,26.8,29.0,25.2,27.1,27.1,28.6,27.1,24.3,30.2,26.9,28.6,21.8,21.1,20.9,20.0,29.8,26.6,30.4,25.0,31.7,29.8,25.1,19.2,24.1,26.7,21.8,26.5,29.3,21.4,31.2,30.5,26.0,22.9,25.4,28.1,24.6,26.3,28.9,28.0,33.9,25.8,32.1,24.6,36.2,29.2,30.8,27.9,30.6,27.8,26.8,27.5,22.4,19.1,26.2,23.0,31.5,26.4,26.3,24.9,25.0,22.6,27.7,27.3,22.3,23.2,19.0
243,19.7,26.4,22.2,27.9,26.1,28.9,28.4,24.9,27.9,26.1,29.5,28.6,28.6,26.6,28.4,28.5,24.6,31.8,28.9,29.3,25.8,26.4,28.5,24.6,26.5,26.6,28.2,26.5,24.0,29.9,26.4,28.4,21.7,20.9,20.7,19.9,29.2,26.0,29.8,24.5,30.8,29.8,24.5,18.7,23.3,25.9,21.5,26.0,28.7,21.1,30.5,30.0,25.1,22.7,25.2,27.9,24.6,26.2,28.6,27.8,33.7,25.5,32.1,24.1,35.8,29.1,30.2,27.5,30.2,27.4,25.5,26.7,21.9,18.7,25.8,22.4,31.2,26.0,26.0,24.4,24.5,22.3,27.7,27.0,22.2,23.0,18.7
244,19.3,26.2,21.7,27.3,25.5,28.4,27.9,24.4,27.6,25.7,29.1,28.3,28.2,26.1,27.9,28.0,24.3,31.5,28.5,29.0,25.4,26.1,28.1,24.3,26.0,26.0,27.8,26.1,23.6,29.5,25.9,28.1,21.3,20.5,20.2,19.6,28.8,25.9,29.1,24.1,30.1,29.4,23.9,18.2,22.8,25.3,20.9,25.6,28.1,20.7,29.6,29.3,24.3,22.2,24.9,27.6,24.4,26.2,28.5,27.6,33.5,25.4,31.9,23.6,35.6,28.7,30.0,27.0,29.8,27.0,24.4,26.3,21.8,18.0,25.4,21.9,30.7,25.7,25.6,24.1,24.5,21.7,27.6,26.8,22.0,22.5,18.3
245,19.0,26.0,21.6,27.1,25.1,27.8,27.4,24.1,27.2,25.5,28.8,27.9,28.0,25.8,27.3,27.7,24.1,31.4,28.2,28.8,25.1,25.8,27.8,23.7,25.4,25.5,27.5,25.7,23.3,29.2,25.7,27.8,20.8,20.3,19.8,19.2,28.5,25.6,29.0,23.4,29.2,29.1,23.5,18.0,22.4,25.2,20.3,25.0,27.8,20.6,29.1,28.8,23.7,21.7,24.5,27.4,24.0,26.0,28.3,27.2,33.4,25.3,31.6,23.3,35.3,28.5,29.8,26.7,29.4,26.8,23.7,25.8,21.1,17.7,24.9,21.5,30.5,25.6,25.3,23.7,24.2,21.2,27.2,26.4,21.5,21.9,18.2
246,18.5,25.2,21.4,26.8,24.8,27.5,27.0,23.9,26.9,25.2,28.7,27.7,27.9,25.5,26.8,27.4,23.9,31.4,27.9,28.5,24.9,25.3,27.4,23.5,25.0,25.2,27.2,25.3,23.2,28.9,25.3,27.6,20.6,20.1,19.6,19.1,28.0,25.5,28.5,22.9,28.7,28.9,23.1,17.6,22.1,24.7,20.2,24.6,27.5,20.2,28.6,28.5,23.2,21.2,24.3,27.2,23.9,25.8,28.1,27.2,33.2,25.0,31.4,22.8,35.1,28.2,29.6,26.5,29.1,26.6,23.3,25.3,20.8,17.5,24.5,21.3,30.2,25.4,25.2,23.2,23.8,20.9,26.8,26.1,21.2,21.7,18.0
247,18.2,25.5,21.4,26.3,24.7,27.1,26.6,23.5,26.4,24.9,28.5,27.4,27.7,25.3,26.4,27.1,23.6,31.4,27.7,28.4,24.8,25.3,27.2,23.2,24.8,25.0,27.0,25.1,23.0,28.6,25.0,27.3,20.2,20.0,19.4,18.8,27.8,25.1,28.1,22.3,28.1,28.8,22.6,17.6,21.6,24.6,19.6,24.2,27.0,19.8,28.2,28.3,22.6,21.1,24.1,27.2,24.0,25.5,27.9,27.0,33.0,24.7,31.2,22.4,35.0,28.2,29.2,26.2,28.9,26.4,22.7,25.2,20.8,17.2,24.4,21.1,29.9,25.2,24.9,22.8,23.5,20.7,26.7,25.9,20.9,21.6,17.7
248,20.5,26.5,23.3,25.9,24.5,27.0,26.6,23.5,26.4,24.8,28.7,27.3,28.1,25.0,26.3,27.2,23.5,31.4,28.0,29.0,24.6,25.3,27.4,23.0,24.6,24.7,26.9,24.9,22.9,28.6,24.8,27.7,19.8,19.9,19.4,18.9,30.0,26.1,27.6,23.6,28.8,31.3,22.1,17.2,23.4,26.5,20.3,26.3,29.6,19.7,28.1,28.8,23.2,22.2,24.1,27.2,23.9,25.5,27.9,27.1,33.4,24.7,31.4,23.4,34.8,28.0,29.2,26.0,29.5,26.8,23.1,25.0,22.4,17.0,26.1,21.0,30.5,25.4,24.6,22.4,23.2,20.0,26.4,26.3,20.3,21.4,17.5
249,25.7,30.3,29.5,28.3,26.6,29.2,29.1,26.1,28.1,26.5,30.5,28.8,30.1,26.5,28.6,28.9,26.3,33.4,30.1,31.0,26.9,27.4,29.6,24.5,26.6,27.5,28.2,27.0,25.2,30.8,26.8,29.4,21.2,21.4,20.5,20.5,35.8,29.9,30.5,27.8,31.7,37.0,24.3,20.1,27.7,31.9,23.7,31.5,37.7,22.2,33.4,31.7,28.1,26.2,24.7,28.5,24.9,26.6,28.1,28.3,34.4,24.9,32.9,28.4,35.8,29.7,31.3,27.4,31.7,28.7,28.8,27.9,28.4,20.4,31.1,24.8,32.6,27.0,26.5,24.2,25.0,21.5,27.4,28.0,21.3,23.1,19.0
250,31.1,34.3,34.7,34.2,29.7,32.0,32.3,29.3,30.4,28.7,32.3,31.1,32.3,28.7,31.6,30.9,29.2,35.6,32.2,32.8,29.5,29.9,32.5,27.4,30.8,30.9,30.2,29.9,27.6,33.4,29.6,31.5,24.1,24.1,22.7,23.1,40.6,34.3,35.7,31.8,35.1,41.1,28.8,23.7,32.3,37.1,27.1,35.5,43.8,26.1,39.2,34.9,33.2,30.6,26.4,30.2,27.1,28.9,29.9,29.9,35.8,26.6,34.9,32.9,37.3,32.0,34.1,29.5,34.4,30.7,33.7,34.4,33.7,24.1,35.4,28.9,34.3,28.6,28.9,28.4,28.6,25.0,29.6,30.0,24.1,25.9,21.5
251,35.7,37.3,38.0,39.3,32.7,35.1,35.3,32.2,32.5,30.9,34.1,33.4,34.4,30.9,34.6,32.7,31.9,37.4,34.1,34.4,32.1,32.1,35.2,29.9,34.8,34.4,32.6,32.9,29.7,35.8,32.1,33.5,27.0,26.8,24.8,25.7,43.9,37.4,40.3,35.2,38.3,43.9,33.2,26.8,36.4,40.6,31.2,38.8,48.0,29.6,43.3,38.1,38.1,34.2,28.4,32.0,29.4,31.1,31.9,31.5,37.1,28.6,36.6,36.8,39.1,34.1,36.8,31.6,36.6,32.3,38.4,40.0,38.2,27.4,38.9,32.8,35.9,30.2,31.2,32.5,32.2,28.9,31.5,31.8,27.1,28.4,23.8
252,39.4,39.4,40.3,42.9,35.3,37.2,37.8,34.7,34.3,32.8,35.7,35.3,36.2,32.9,37.1,34.5,34.2,38.8,35.8,35.4,34.4,33.8,37.4,32.4,38.0,37.2,34.5,35.3,31.8,37.8,34.6,35.2,29.3,29.3,26.9,27.8,46.6,39.6,44.0,38.0,41.2,45.8,36.9,29.3,39.7,42.9,34.9,41.4,50.9,32.7,46.9,41.2,41.9,36.7,30.0,33.6,30.9,32.8,33.7,32.9,38.5,30.6,38.1,39.8,41.1,35.7,39.4,33.4,38.6,33.9,42.1,43.7,41.8,29.5,41.4,35.8,37.3,31.7,33.2,35.8,35.1,32.6,33.2,33.5,29.5,30.6,25.8
253,41.8,40.6,41.0,45.6,37.4,39.4,39.9,36.7,35.7,34.3,37.0,36.8,37.6,34.6,39.1,36.2,35.9,39.8,37.0,36.3,36.2,35.5,39.2,34.2,40.5,39.4,36.1,37.3,33.4,39.4,36.3,36.8,31.3,31.2,28.7,29.7,48.9,41.3,46.8,39.9,43.4,46.8,39.5,30.8,42.1,44.2,37.4,43.5,53.1,35.0,49.6,43.4,44.8,38.7,31.2,34.4,31.9,33.9,35.1,33.6,39.4,32.1,39.2,41.7,43.0,37.1,41.3,35.1,40.2,35.2,45.0,46.2,44.1,30.8,43.6,37.9,38.3,32.8,34.8,38.1,37.4,35.6,34.2,34.6,31.4,32.2,27.4
254,43.3,41.2,41.5,47.4,39.2,40.9,41.4,38.2,36.8,35.4,37.9,38.2,38.6,35.6,40.5,37.3,37.1,40.2,37.8,36.7,37.5,36.7,40.7,35.5,42.1,40.9,37.2,38.6,34.7,40.3,37.6,37.9,32.7,32.5,30.0,30.8,49.9,41.7,48.7,41.4,45.1,47.1,41.3,31.9,43.7,44.6,39.0,44.7,53.7,36.5,51.5,45.0,46.7,39.5,31.9,34.9,32.6,34.5,36.3,34.1,39.8,33.3,39.8,43.0,44.5,37.9,42.6,36.2,41.4,36.4,46.8,48.0,45.2,31.9,44.8,39.2,39.0,33.5,36.0,39.8,39.0,37.8,34.7,35.1,32.9,33.5,28.4
255,42.4,40.7,41.8,48.2,39.7,41.7,42.2,39.0,37.2,35.8,38.2,38.9,39.0,36.1,41.2,37.9,37.4,40.0,37.9,36.8,38.1,37.2,41.3,36.3,43.1,41.7,37.8,39.2,35.2,40.8,38.3,38.2,33.4,33.0,30.4,31.4,50.4,40.7,49.6,41.9,46.0,46.8,42.2,32.4,43.8,44.6,39.8,44.7,54.2,37.3,52.5,45.6,48.0,39.4,32.1,35.0,32.6,34.7,36.7,33.8,39.5,34.0,39.8,43.3,45.5,38.0,43.0,36.8,41.7,36.7,47.6,48.6,45.3,32.8,45.1,40.0,39.2,33.8,36.6,40.5,39.9,38.9,34.9,35.0,33.7,34.1,28.7
256,42.1,38.9,39.3,48.3,39.6,41.8,42.1,38.7,36.7,35.5,37.8,38.9,38.4,36.0,40.9,37.4,37.2,38.7,37.3,36.0,37.8,37.1,41.1,36.1,42.8,41.6,37.5,38.8,34.9,40.4,38.1,37.7,33.2,32.7,30.2,30.8,49.4,38.8,49.5,41.1,46.0,44.9,42.5,31.6,42.5,43.0,39.3,43.5,52.7,36.9,52.5,45.1,48.0,37.2,31.6,34.0,32.0,33.8,36.6,32.7,38.4,33.8,38.8,42.5,45.7,37.2,42.7,36.4,41.1,36.2,47.1,48.7,44.2,32.3,44.1,39.6,38.7,33.2,36.1,40.7,39.7,38.6,34.5,34.3,33.7,33.7,28.6
257,36.3,34.9,33.9,46.7,37.7,40.0,40.4,36.8,35.0,33.8,36.2,37.8,36.3,34.5,39.1,35.9,35.1,36.6,35.5,34.4,35.8,35.1,39.2,34.4,41.2,39.6,36.0,36.8,32.9,38.6,36.6,35.7,31.3,30.9,28.7,29.5,45.0,35.0,48.1,38.0,44.4,39.0,40.9,29.2,37.9,38.3,36.9,39.1,47.0,35.1,50.5,42.6,46.4,32.3,30.3,32.4,30.5,32.2,35.5,31.2,37.2,32.9,36.9,38.5,44.2,35.0,40.2,34.9,39.3,34.4,44.9,47.7,39.4,30.1,39.7,37.3,37.1,31.8,34.4,38.9,37.8,36.9,32.8,32.9,32.0,31.9,26.6
258,31.6,32.3,30.0,42.1,33.7,37.1,36.7,32.9,33.4,31.7,34.5,36.0,34.3,32.4,36.1,33.9,31.7,35.5,33.7,33.2,32.6,32.4,35.4,31.4,35.9,35.0,34.4,33.6,29.9,36.0,33.9,33.7,28.0,28.1,26.7,26.6,40.0,32.3,43.0,33.9,41.6,35.1,35.8,25.2,35.2,34.7,33.7,35.2,42.5,30.6,45.3,40.1,40.6,29.5,28.5,31.3,28.5,30.4,33.6,30.5,36.5,30.9,35.8,34.7,42.5,33.4,36.9,33.2,36.8,32.8,38.8,41.7,34.3,26.6,36.0,32.3,35.8,30.6,31.6,34.1,33.6,33.2,30.3,31.8,29.2,29.4,24.0
259,28.6,31.0,27.6,38.0,31.8,35.2,34.6,30.3,32.6,30.5,33.8,34.5,33.3,31.0,34.1,32.7,29.2,34.9,32.8,32.7,30.6,31.1,33.5,30.2,33.3,32.2,33.2,31.5,28.5,34.4,32.0,32.7,26.4,26.2,25.5,24.9,37.5,30.9,39.3,31.6,39.2,33.5,32.7,23.8,32.9,31.5,31.2,33.2,39.2,28.1,41.2,38.5,35.5,28.0,27.8,30.5,27.8,29.1,32.3,29.9,36.0,29.5,34.9,32.5,41.1,32.3,35.5,32.2,35.5,31.7,35.9,36.6,31.6,24.6,33.9,30.3,35.0,29.6,30.2,30.7,31.4,30.4,29.7,31.1,27.5,28.0,22.7
260,26.8,30.2,26.3,35.2,30.3,34.1,33.2,28.9,31.7,29.5,33.0,33.4,32.5,30.1,32.8,32.0,27.9,34.5,32.1,32.2,29.6,30.1,32.4,29.5,32.0,30.8,32.2,30.1,27.2,33.7,30.5,31.9,25.4,24.9,24.5,23.7,35.5,29.9,37.1,29.6,37.9,32.3,31.1,22.7,31.1,30.2,29.2,31.8,36.8,26.8,38.8,37.1,33.1,27.1,27.4,29.8,27.0,28.7,31.4,29.6,35.7,28.8,34.4,30.7,40.0,31.5,34.5,31.3,34.5,30.9,34.0,34.4,29.6,23.4,32.3,28.7,34.2,29.0,29.2,29.0,30.0,28.5,29.4,30.5,26.1,26.9,21.6
261,25.0,29.3,25.2,33.3,29.6,33.1,32.1,27.9,30.8,28.9,32.4,32.2,31.8,29.4,32.2,31.2,27.1,34.1,31.5,31.7,28.7,29.2,31.8,28.7,30.8,30.0,31.2,29.4,26.4,32.6,29.6,31.5,24.5,24.2,23.6,22.9,34.4,28.9,35.5,28.1,36.7,31.6,29.7,22.4,29.3,29.5,27.5,30.5,35.1,25.8,36.8,35.6,31.4,26.1,27.0,29.3,26.5,28.3,30.8,29.3,35.5,28.3,33.9,29.0,39.1,30.9,33.7,30.6,33.9,30.3,32.7,32.8,28.2,22.4,31.0,27.7,33.6,28.6,28.6,27.9,29.1,26.9,29.2,29.8,25.2,26.0,21.0
262,23.5,29.1,24.6,32.0,28.8,32.4,31.4,27.1,30.2,28.3,31.7,31.4,31.3,28.7,31.5,30.8,26.6,33.5,31.1,31.3,28.2,28.8,31.0,28.1,30.1,29.3,30.7,28.7,25.6,32.1,29.0,30.7,23.9,23.4,23.1,22.1,33.5,28.3,34.5,27.3,35.5,31.2,28.7,21.7,28.0,29.0,26.0,29.5,33.8,25.0,35.3,34.5,30.3,25.3,26.6,29.1,26.1,28.1,30.4,29.1,35.0,27.8,33.4,28.0,38.2,30.5,33.0,29.9,33.1,29.8,31.5,31.1,27.0,22.0,29.7,26.4,33.3,28.2,27.9,27.0,28.2,25.8,28.9,29.3,24.5,25.3,20.6
263,22.5,28.5,24.0,30.9,28.3,31.6,30.8,26.6,29.8,28.0,31.2,30.6,30.7,28.3,30.8,30.3,26.2,33.2,30.6,30.9,27.8,28.2,30.6,27.3,29.1,28.6,30.0,28.2,25.4,31.6,28.3,30.1,23.2,22.8,22.4,21.6,32.3,28.0,33.2,26.8,34.7,30.9,27.8,21.0,26.7,28.4,24.8,28.7,32.4,24.2,33.9,33.1,29.0,24.7,26.4,28.6,25.9,27.9,30.0,28.8,34.7,27.3,33.2,27.3,37.7,30.2,32.3,29.4,32.6,29.2,30.5,30.1,25.4,21.0,28.8,25.3,32.8,27.6,27.5,26.4,27.4,25.1,28.6,28.8,23.8,24.8,20.1
264,21.5,28.0,23.6,30.4,27.8,30.8,30.1,26.2,29.2,27.6,30.9,29.9,30.2,27.9,30.4,29.9,25.8,32.8,30.1,30.5,27.3,27.5,30.0,26.7,28.8,28.0,29.7,27.9,25.1,31.1,27.9,29.6,22.9,22.2,21.8,21.1,31.5,27.5,32.4,26.4,33.7,30.4,27.1,20.5,25.7,27.8,23.8,27.7,31.2,23.1,32.9,32.2,27.8,24.2,26.2,28.4,25.6,27.5,29.8,28.6,34.5,26.7,32.7,26.3,37.0,29.8,31.9,28.9,31.9,28.9,29.3,29.1,24.3,20.6,27.8,24.7,32.1,27.2,27.1,25.9,26.7,24.1,28.5,28.3,23.4,24.3,19.9
265,20.8,27.4,23.3,29.5,27.2,30.1,29.5,26.0,28.6,26.9,30.4,29.5,29.5,27.6,29.7,29.2,25.3,32.5,29.7,30.2,26.9,27.1,29.7,26.1,28.2,27.7,29.1,27.6,24.7,30.7,27.5,29.1,22.3,21.7,21.4,20.6,30.8,27.1,31.5,26.0,32.7,30.2,26.3,19.9,24.8,27.2,23.0,27.2,30.4,22.5,32.0,31.2,27.1,23.5,25.7,28.3,25.4,27.1,29.5,28.3,34.2,26.4,32.6,25.6,36.7,29.7,31.4,28.6,31.2,28.2,28.2,28.7,23.3,20.2,27.2,23.9,31.8,26.6,26.9,25.4,25.9,23.5,28.4,27.9,22.9,23.9,19.5
266,20.3,27.2,22.9,29.0,26.6,29.7,29.0,25.6,28.3,26.6,29.9,28.9,29.1,27.1,29.3,29.0,25.1,32.3,29.2,29.7,26.5,26.9,29.2,25.5,27.5,27.3,28.8,27.3,24.4,30.4,27.0,28.7,22.0,21.2,20.9,20.0,30.2,27.0,30.8,25.4,32.0,30.1,25.5,19.5,24.3,27.0,22.2,26.6,29.6,21.8,31.2,30.5,26.2,23.3,25.7,28.2,25.0,26.7,29.2,28.2,34.0,26.2,32.3,25.0,36.3,29.4,30.9,28.1,30.8,27.8,27.1,27.7,22.9,19.5,26.5,23.3,31.5,26.3,26.6,25.1,25.2,22.9,28.2,27.5,22.6,23.4,19.0
267,19.8,26.9,22.7,28.3,26.4,29.2,28.6,25.3,28.1,26.4,29.5,28.7,28.7,26.7,28.7,28.7,24.7,32.1,28.8,29.2,25.9,26.6,28.7,24.8,26.9,26.7,28.3,26.8,24.1,30.0,26.6,28.5,22.0,20.9,20.8,19.9,29.7,26.4,30.1,24.9,31.1,30.1,24.9,18.9,23.6,26.3,21.9,26.1,29.0,21.4,30.5,30.1,25.3,22.9,25.5,28.0,25.0,26.7,28.9,28.0,33.8,25.9,32.3,24.4,35.9,29.2,30.3,27.7,30.4,27.4,25.9,27.0,22.6,19.1,26.1,22.6,31.2,25.9,26.2,24.6,24.8,22.6,28.1,27.2,22.4,23.1,18.7
268,19.4,26.7,22.2,27.7,25.8,28.7,28.1,24.7,27.8,25.9,29.0,28.4,28.2,26.3,28.2,28.2,24.5,31.8,28.4,28.9,25.6,26.2,28.4,24.5,26.4,26.3,28.0,26.4,23.8,29.7,26.1,28.2,21.5,20.6,20.2,19.7,29.2,26.2,29.5,24.5,30.3,29.7,24.3,18.5,23.1,25.6,21.2,25.7,28.3,21.0,29.7,29.4,24.5,22.4,25.2,27.7,24.7,26.5,28.8,27.7,33.6,25.8,32.0,23.9,35.7,28.9,30.1,27.3,29.9,27.0,24.8,26.5,22.3,18.5,25.7,22.1,30.7,25.7,25.9,24.3,24.7,22.0,27.9,27.0,22.2,22.7,18.3
269,19.3,26.4,22.1,27.5,25.4,28.1,27.6,24.4,27.4,25.7,28.8,28.0,28.0,26.0,27.6,27.9,24.3,31.7,28.2,28.6,25.3,25.9,28.1,24.0,25.8,25.8,27.7,26.1,23.4,29.4,25.9,27.9,21.1,20.4,19.9,19.3,29.0,26.0,29.5,23.7,29.5,29.6,23.9,18.3,22.6,25.6,20.7,25.1,28.0,20.9,29.1,28.9,23.9,22.0,24.8,27.5,24.3,26.3,28.6,27.4,33.5,25.7,31.8,23.6,35.4,28.7,29.9,26.9,29.5,26.8,24.0,26.1,21.6,18.2,25.2,21.8,30.4,25.6,25.6,23.9,24.5,21.5,27.5,26.6,21.7,22.1,18.2
270,18.8,25.6,21.9,27.3,25.0,27.8,27.2,24.2,27.0,25.4,28.6,27.9,27.9,25.8,27.1,27.6,24.1,31.6,27.8,28.3,25.2,25.5,27.7,23.7,25.5,25.5,27.4,25.6,23.3,29.2,25.5,27.7,20.9,20.3,19.7,19.2,28.5,25.9,29.0,23.2,28.9,29.4,23.5,17.9,22.4,25.1,20.5,24.8,27.7,20.5,28.7,28.7,23.4,21.6,24.6,27.3,24.2,26.1,28.4,27.2,33.3,25.4,31.6,23.1,35.2,28.4,29.7,26.8,29.3,26.6,23.6,25.6,21.3,18.0,24.9,21.4,30.1,25.4,25.4,23.6,24.0,21.3,27.1,26.3,21.4,21.9,18.1
271,18.6,25.9,21.9,26.7,24.9,27.4,26.9,23.9,26.6,25.1,28.4,27.5,27.7,25.5,26.7,27.3,23.9,31.6,27.6,28.2,25.0,25.6,27.5,23.4,25.2,25.3,27.2,25.5,23.0,29.0,25.2,27.4,20.5,20.1,19.5,18.8,28.3,25.6,28.7,22.6,28.3,29.2,23.1,17.9,21.9,24.9,20.0,24.3,27.2,20.2,28.2,28.5,22.9,21.4,24.4,27.3,24.3,25.8,28.2,27.1,33.1,25.1,31.5,22.7,35.1,28.3,29.3,26.4,29.0,26.4,22.9,25.7,21.3,17.6,24.6,21.2,29.9,25.1,25.2,23.2,23.8,21.0,27.0,26.1,21.1,21.8,17.9
272,20.8,26.9,23.7,26.4,24.8,27.3,26.9,23.8,26.6,25.1,28.6,27.5,28.2,25.3,26.7,27.5,23.9,31.7,28.0,28.9,24.9,25.5,27.7,23.2,25.0,25.0,27.2,25.3,23.0,28.9,25.0,27.8,20.0,20.1,19.5,19.0,30.6,26.6,28.1,23.9,29.0,31.8,22.5,17.5,23.8,26.9,20.6,26.4,29.8,20.0,28.2,28.9,23.4,22.5,24.4,27.2,24.2,25.8,28.2,27.2,33.5,25.0,31.6,23.6,35.0,28.1,29.3,26.3,29.6,26.8,23.4,25.5,23.0,17.4,26.3,21.1,30.5,25.4,25.0,22.8,23.5,20.4,26.8,26.5,20.6,21.5,17.7
273,26.1,30.8,29.8,28.9,26.8,29.4,29.3,26.4,28.3,26.7,30.5,28.9,30.2,26.8,29.0,29.2,26.6,33.7,30.1,30.9,27.1,27.6,29.9,24.8,27.0,27.7,28.4,27.3,25.3,31.2,27.0,29.6,21.4,21.6,20.7,20.7,36.3,30.4,31.0,28.0,31.9,37.5,24.8,20.4,28.1,32.3,24.0,31.5,38.0,22.5,33.5,31.8,28.4,26.4,25.0,28.6,25.1,27.0,28.4,28.4,34.4,25.3,33.1,28.6,36.0,29.9,31.5,27.6,31.9,28.8,29.1,28.4,28.8,20.8,31.3,25.0,32.6,26.9,26.8,24.6,25.3,21.8,27.7,28.1,21.6,23.3,19.2
274,31.5,34.7,35.1,34.8,29.9,32.3,32.5,29.5,30.7,28.8,32.4,31.4,32.5,28.9,31.9,31.2,29.4,35.8,32.2,32.6,29.7,30.2,32.8,27.6,31.1,31.1,30.4,30.2,27.7,33.8,29.8,31.8,24.4,24.4,22.9,23.3,41.2,34.7,36.3,32.1,35.3,41.7,29.2,24.1,32.6,37.6,27.5,35.6,44.0,26.4,39.3,35.1,33.5,30.8,26.7,30.3,27.4,29.2,30.1,29.9,35.9,27.0,35.1,33.2,37.6,32.1,34.2,29.8,34.7,30.9,34.1,35.0,34.4,24.6,35.7,29.1,34.3,28.6,29.1,28.8,28.9,25.3,29.9,30.1,24.4,26.1,21.6
275,36.1,37.8,38.4,39.8,32.9,35.3,35.5,32.3,32.8,31.0,34.2,33.7,34.5,31.1,34.8,32.9,32.1,37.6,34.1,34.2,32.3,32.3,35.4,30.2,35.1,34.6,32.8,33.1,29.9,36.2,32.2,33.9,27.2,27.0,24.9,25.9,44.5,37.8,40.9,35.5,38.6,44.6,33.5,27.1,36.8,41.1,31.6,38.9,48.2,29.9,43.3,38.3,38.4,34.4,28.6,32.0,29.6,31.3,32.1,31.6,37.2,28.9,36.8,37.0,39.3,34.1,36.9,31.8,37.0,32.4,38.7,40.6,39.0,27.7,39.1,33.1,35.9,30.2,31.4,32.8,32.4,29.2,31.7,31.9,27.4,28.6,23.9
276,39.7,39.8,40.6,43.5,35.5,37.5,38.0,34.8,34.6,32.9,35.8,35.6,36.4,33.0,37.3,34.8,34.3,39.1,36.0,35.3,34.6,34.0,37.7,32.7,38.3,37.5,34.7,35.5,32.1,38.2,34.7,35.6,29.5,29.4,27.1,27.9,47.2,39.9,44.6,38.2,41.4,46.5,37.3,29.7,40.1,43.3,35.1,41.6,51.2,32.9,46.9,41.3,42.2,36.8,30.2,33.6,31.1,33.1,33.9,32.9,38.5,30.8,38.3,40.1,41.3,35.8,39.5,33.7,38.9,34.1,42.4,44.4,42.4,29.9,41.7,36.0,37.4,31.7,33.4,36.0,35.4,32.8,33.5,33.5,29.8,30.8,25.9
277,42.2,41.0,41.5,46.1,37.6,39.7,40.1,36.8,36.0,34.5,37.2,37.1,37.8,34.7,39.3,36.4,36.1,40.1,37.2,36.2,36.4,35.8,39.5,34.4,40.8,39.7,36.2,37.5,33.6,39.8,36.5,37.2,31.4,31.3,28.8,29.7,49.4,41.7,47.5,40.2,43.7,47.4,39.9,31.2,42.5,44.6,37.6,43.7,53.3,35.3,49.6,43.6,45.1,38.8,31.3,34.4,32.1,34.2,35.3,33.6,39.4,32.3,39.3,42.0,43.1,37.2,41.4,35.3,40.5,35.4,45.4,46.9,44.6,31.2,43.8,38.1,38.5,32.9,35.0,38.3,37.7,35.7,34.5,34.6,31.7,32.3,27.4
278,43.7,41.6,41.9,47.9,39.4,41.2,41.7,38.3,37.0,35.6,38.1,38.4,38.8,35.8,40.7,37.5,37.2,40.4,37.9,36.7,37.6,36.9,41.0,35.7,42.5,41.1,37.4,38.8,34.9,40.7,37.8,38.3,32.8,32.6,30.0,30.8,50.4,42.1,49.3,41.6,45.4,47.6,41.7,32.3,44.1,44.9,39.3,44.9,54.0,36.8,51.5,45.2,47.0,39.4,32.1,35.0,32.8,34.8,36.5,34.1,39.8,33.5,39.9,43.2,44.7,38.0,42.6,36.4,41.7,36.6,47.2,48.6,45.8,32.3,45.0,39.3,39.2,33.6,36.2,39.8,39.2,37.9,35.0,35.1,33.1,33.5,28.5
279,42.7,41.1,42.2,48.7,39.9,42.0,42.5,39.1,37.3,35.9,38.5,39.1,39.2,36.3,41.5,38.0,37.6,40.2,38.1,36.8,38.2,37.4,41.6,36.4,43.4,41.8,38.0,39.4,35.3,41.1,38.4,38.5,33.5,33.1,30.5,31.5,50.9,41.0,50.2,42.2,46.4,47.5,42.6,32.7,44.2,45.0,40.0,45.0,54.3,37.5,52.5,45.8,48.2,39.6,32.4,35.0,32.8,34.9,36.9,33.9,39.6,34.1,39.9,43.6,45.7,38.1,43.2,37.0,42.0,37.0,47.9,49.2,45.8,33.2,45.4,40.1,39.4,33.9,36.8,40.6,40.1,39.0,35.1,35.0,33.8,34.1,28.8
280,42.5,39.4,39.7,48.8,39.8,42.1,42.4,38.8,36.8,35.7,38.1,39.1,38.6,36.2,41.2,37.5,37.3,38.9,37.5,36.1,37.9,37.3,41.4,36.2,43.2,41.8,37.7,39.0,34.9,40.7,38.2,38.0,33.4,32.8,30.3,30.9,49.9,39.1,50.1,41.4,46.4,45.4,42.9,32.0,42.9,43.4,39.6,43.7,52.9,37.1,52.5,45.3,48.3,37.4,31.7,34.1,32.2,34.1,36.8,32.9,38.6,34.0,38.9,42.8,45.9,37.3,42.9,36.6,41.5,36.4,47.5,49.3,44.7,32.7,44.4,39.7,38.9,33.3,36.3,40.7,39.8,38.6,34.7,34.3,33.9,33.7,28.7
281,36.9,35.3,34.2,47.2,37.9,40.4,40.7,37.0,35.1,34.0,36.4,38.0,36.6,34.7,39.5,36.1,35.3,36.9,35.7,34.5,36.0,35.3,39.5,34.6,41.6,39.9,36.2,37.0,33.0,38.9,36.7,36.0,31.4,31.0,28.8,29.5,45.6,35.4,48.6,38.4,44.8,39.5,41.3,29.6,38.4,38.6,37.4,39.4,47.2,35.4,50.6,42.8,46.7,32.5,30.5,32.6,30.7,32.5,35.7,31.3,37.4,33.0,37.1,38.8,44.4,35.1,40.4,35.2,39.7,34.6,45.3,48.4,40.1,30.5,40.1,37.4,37.3,31.9,34.5,39.1,38.1,37.0,33.0,32.9,32.3,31.9,26.8
282,32.0,32.7,30.2,42.6,34.0,37.4,37.0,33.1,33.5,31.9,34.8,36.1,34.5,32.6,36.4,34.2,32.0,35.8,33.9,33.3,32.8,32.7,35.8,31.6,36.2,35.4,34.6,33.9,30.1,36.3,34.1,33.9,28.1,28.2,26.9,26.6,40.5,32.7,43.6,34.2,42.0,35.5,36.3,25.6,35.6,34.9,34.0,35.5,42.7,31.1,45.4,40.3,40.9,29.6,28.6,31.4,28.7,30.7,33.8,30.6,36.7,31.1,35.9,35.1,42.6,33.4,37.0,33.4,37.2,32.9,39.2,42.3,34.8,27.1,36.4,32.5,35.9,30.7,31.8,34.3,33.9,33.3,30.5,31.8,29.3,29.5,24.1
283,28.8,31.2,27.8,38.4,32.1,35.5,34.9,30.5,32.7,30.7,34.0,34.7,33.6,31.2,34.4,32.9,29.4,35.2,32.9,32.7,30.8,31.5,34.0,30.4,33.4,32.5,33.4,31.8,28.7,34.9,32.2,32.9,26.5,26.2,25.6,24.9,37.9,31.2,39.9,32.0,39.6,33.8,33.1,24.2,33.3,31.7,31.5,33.4,39.4,28.5,41.2,38.7,35.8,28.1,28.0,30.7,27.9,29.3,32.5,30.1,36.1,29.7,35.0,32.8,41.3,32.4,35.6,32.5,35.9,31.8,36.1,37.0,32.0,25.0,34.4,30.5,35.2,29.8,30.5,30.8,31.6,30.5,29.9,31.1,27.6,28.1,22.8
284,27.1,30.4,26.5,35.6,30.6,34.4,33.5,29.0,31.8,29.7,33.2,33.7,32.8,30.3,33.0,32.2,28.3,34.7,32.3,32.3,29.8,30.4,32.9,29.6,32.2,31.1,32.4,30.4,27.4,34.1,30.8,32.2,25.5,25.0,24.5,23.8,36.0,30.1,37.6,30.0,38.3,32.7,31.3,23.1,31.4,30.5,29.5,32.0,37.0,27.2,38.9,37.4,33.4,27.2,27.6,29.9,27.1,28.9,31.7,29.8,35.8,29.0,34.3,31.0,40.1,31.6,34.5,31.6,34.9,31.0,34.3,34.7,30.0,23.7,32.7,28.8,34.3,29.2,29.4,29.1,30.2,28.6,29.7,30.5,26.2,27.0,21.7
285,25.3,29.6,25.4,33.6,29.8,33.3,32.3,27.9,30.9,29.1,32.6,32.5,32.1,29.6,32.4,31.4,27.4,34.3,31.7,31.8,28.9,29.5,32.2,28.7,31.0,30.2,31.4,29.6,26.5,33.1,29.8,31.7,24.7,24.2,23.7,23.0,34.8,29.3,35.9,28.6,37.0,32.0,29.9,22.7,29.5,29.8,27.8,30.7,35.4,26.2,36.8,35.8,31.8,26.2,27.3,29.4,26.7,28.6,31.1,29.5,35.4,28.5,33.9,29.4,39.2,30.9,33.7,30.9,34.3,30.3,33.1,33.2,28.6,22.7,31.3,27.9,33.8,28.7,28.8,28.0,29.2,27.0,29.3,29.8,25.3,25.9,21.1
286,23.7,29.4,24.8,32.3,29.0,32.5,31.6,27.1,30.3,28.4,32.0,31.7,31.6,28.9,31.6,30.9,26.8,33.7,31.3,31.5,28.2,29.0,31.4,28.1,30.2,29.5,30.8,28.9,25.6,32.6,29.0,30.9,24.1,23.5,23.2,22.3,33.9,28.6,34.8,27.7,35.8,31.6,28.9,22.2,28.2,29.2,26.4,29.7,34.0,25.4,35.2,34.6,30.7,25.4,26.9,29.1,26.3,28.3,30.6,29.3,35.1,28.1,33.4,28.3,38.3,30.5,33.0,30.1,33.5,29.9,31.8,31.7,27.3,22.3,30.1,26.6,33.5,28.4,28.0,27.1,28.4,25.9,29.1,29.3,24.6,25.3,20.7
287,22.7,28.8,24.1,31.2,28.4,31.8,31.0,26.7,29.8,28.1,31.5,30.8,31.0,28.4,31.0,30.5,26.3,33.3,30.8,31.0,27.9,28.4,30.9,27.3,29.2,28.8,30.1,28.4,25.3,32.0,28.4,30.3,23.4,22.8,22.5,21.7,32.7,28.3,33.5,27.2,35.1,31.2,27.9,21.3,27.0,28.6,25.2,28.8,32.7,24.7,33.9,33.3,29.3,24.7,26.6,28.7,26.2,28.1,30.2,29.0,34.8,27.6,33.2,27.6,37.7,30.2,32.3,29.6,33.0,29.3,30.9,30.6,25.8,21.4,29.0,25.7,33.0,27.7,27.6,26.5,27.7,25.3,28.9,28.7,24.0,24.7,20.2
288,21.6,28.3,23.8,30.6,27.9,31.0,30.3,26.3,29.2,27.6,31.1,30.1,30.5,28.0,30.5,30.0,25.9,32.9,30.3,30.6,27.4,27.7,30.3,26.7,28.9,28.2,29.7,28.0,24.9,31.4,27.9,29.7,23.1,22.2,22.0,21.3,31.9,27.8,32.7,26.8,34.1,30.7,27.1,20.9,25.9,28.1,24.2,27.9,31.3,23.6,32.9,32.4,28.0,24.2,26.4,28.5,25.9,27.9,30.0,28.7,34.4,27.0,32.7,26.6,37.1,29.8,31.9,29.1,32.3,28.9,29.6,29.5,24.7,21.0,28.1,24.9,32.4,27.3,27.2,26.0,26.9,24.3,28.7,28.2,23.6,24.2,20.0
289,21.1,27.8,23.5,29.7,27.3,30.2,29.6,25.9,28.6,27.0,30.5,29.7,29.7,27.7,29.7,29.3,25.4,32.6,29.8,30.4,26.9,27.2,30.0,26.1,28.3,27.8,29.1,27.7,24.5,31.0,27.5,29.4,22.5,21.7,21.5,20.8,31.2,27.5,31.9,26.2,33.0,30.5,26.4,20.2,25.0,27.6,23.3,27.4,30.5,22.9,32.1,31.4,27.3,23.5,26.0,28.3,25.7,27.5,29.7,28.4,34.1,26.7,32.6,25.9,36.7,29.7,31.3,28.7,31.6,28.3,28.5,29.1,23.8,20.6,27.4,24.2,32.0,26.8,26.9,25.5,26.1,23.6,28.6,27.8,23.1,23.8,19.6
290,20.6,27.4,23.1,29.2,26.7,29.8,29.1,25.6,28.2,26.6,30.0,29.1,29.3,27.1,29.3,29.0,25.1,32.4,29.3,29.8,26.5,27.0,29.3,25.6,27.6,27.5,28.7,27.4,24.3,30.7,27.0,28.9,22.1,21.3,20.9,20.2,30.7,27.2,31.1,25.7,32.4,30.5,25.6,19.8,24.6,27.3,22.5,26.8,29.8,22.4,31.3,30.7,26.3,23.3,25.9,28.2,25.3,27.1,29.5,28.2,34.1,26.4,32.4,25.3,36.3,29.4,30.7,28.3,31.1,27.7,27.4,28.2,23.4,19.9,26.8,23.6,31.8,26.4,26.6,25.2,25.5,23.0,28.4,27.5,22.7,23.3,19.1
291,20.1,27.1,22.9,28.5,26.4,29.3,28.8,25.3,28.0,26.3,29.6,28.8,28.9,26.8,28.8,28.7,24.8,32.2,28.9,29.3,26.0,26.6,28.8,24.9,27.1,26.9,28.2,26.8,24.0,30.3,26.6,28.6,22.0,21.1,20.9,20.0,30.1,26.8,30.5,25.2,31.5,30.4,25.0,19.2,23.8,26.6,22.1,26.3,29.2,21.9,30.5,30.4,25.4,22.9,25.8,28.1,25.3,27.0,29.1,28.0,33.8,26.2,32.3,24.7,36.0,29.2,30.2,27.8,30.7,27.4,26.0,27.4,22.9,19.6,26.4,22.8,31.4,26.0,26.2,24.6,25.0,22.7,28.2,27.2,22.4,23.1,18.7
292,19.7,27.0,22.5,28.0,25.9,28.9,28.4,24.8,27.6,25.9,29.1,28.4,28.3,26.3,28.3,28.2,24.5,32.1,28.6,29.0,25.7,26.2,28.4,24.4,26.5,26.5,27.9,26.4,23.7,30.0,26.1,28.4,21.5,20.7,20.3,19.8,29.7,26.6,29.8,24.7,30.7,30.0,24.5,18.8,23.4,26.0,21.5,25.8,28.4,21.4,29.7,29.6,24.7,22.4,25.4,27.8,25.1,26.8,29.0,27.8,33.6,26.1,32.1,24.1,35.7,29.0,30.0,27.4,30.2,27.0,24.9,27.0,22.7,18.9,25.8,22.2,30.8,25.6,25.9,24.4,24.9,22.1,28.0,27.0,22.1,22.6,18.4
293,19.5,26.7,22.4,27.8,25.5,28.3,27.9,24.6,27.2,25.7,28.8,28.1,28.0,26.1,27.8,27.9,24.4,31.9,28.2,28.8,25.4,26.0,28.3,24.0,26.0,26.1,27.6,26.1,23.4,29.7,26.0,28.1,21.1,20.5,20.0,19.5,29.4,26.4,29.8,23.9,29.9,29.9,24.1,18.7,22.9,25.9,21.0,25.2,28.0,21.2,29.1,29.2,24.2,22.1,25.2,27.6,24.7,26.6,28.7,27.5,33.5,26.0,31.9,23.9,35.4,28.8,29.8,27.0,29.7,26.7,24.3,26.5,22.0,18.6,25.4,21.9,30.5,25.4,25.6,24.0,24.6,21.6,27.7,26.6,21.7,22.1,18.3
294,19.0,26.0,22.2,27.6,25.1,28.0,27.5,24.4,26.9,25.5,28.6,27.9,27.9,25.8,27.3,27.6,24.2,31.9,27.8,28.4,25.3,25.5,27.9,23.7,25.7,25.7,27.3,25.7,23.3,29.4,25.6,27.8,20.9,20.3,19.8,19.4,29.0,26.2,29.3,23.4,29.3,29.7,23.6,18.5,22.7,25.4,20.8,24.8,27.8,20.8,28.7,29.0,23.6,21.6,25.0,27.4,24.6,26.5,28.6,27.3,33.3,25.8,31.7,23.2,35.3,28.5,29.6,26.9,29.4,26.5,23.8,26.0,21.7,18.4,25.0,21.5,30.2,25.2,25.5,23.7,24.2,21.3,27.2,26.3,21.3,21.9,18.2
295,18.8,26.2,22.1,27.2,25.1,27.7,27.3,24.2,26.4,25.2,28.4,27.4,27.6,25.6,26.9,27.3,24.1,31.9,27.6,28.2,25.2,25.6,27.7,23.4,25.4,25.5,27.2,25.6,23.1,29.2,25.4,27.4,20.5,20.2,19.6,19.0,28.7,25.9,29.0,22.9,28.6,29.5,23.2,18.4,22.1,25.1,20.2,24.4,27.3,20.5,28.2,28.7,23.0,21.4,24.7,27.5,24.6,26.2,28.5,27.1,33.1,25.5,31.5,22.9,35.2,28.4,29.2,26.6,29.2,26.2,23.1,26.1,21.8,18.0,24.7,21.3,30.0,24.9,25.3,23.2,24.0,21.0,26.9,26.1,21.1,21.8,18.0
296,21.1,27.1,24.0,26.8,25.1,27.5,27.2,24.1,26.5,25.2,28.6,27.4,28.0,25.4,26.9,27.5,24.2,31.9,27.9,28.9,25.1,25.6,27.9,23.3,25.2,25.2,27.2,25.5,23.1,29.2,25.2,27.9,20.1,20.1,19.6,19.1,31.0,26.7,28.5,24.1,29.2,32.2,22.7,18.0,24.1,27.1,20.9,26.5,29.9,20.2,28.2,29.2,23.5,22.5,24.7,27.4,24.4,26.2,28.4,27.3,33.4,25.4,31.7,23.8,35.0,28.3,29.2,26.5,29.8,26.6,23.7,25.8,23.4,17.8,26.5,21.2,30.5,25.2,25.1,22.9,23.6,20.5,26.9,26.4,20.7,21.6,17.9
297,26.4,30.9,30.1,29.2,27.1,29.6,29.5,26.6,28.2,26.7,30.5,28.9,30.1,26.8,29.1,29.2,26.7,33.9,30.0,30.8,27.2,27.7,30.1,24.8,27.2,27.9,28.4,27.5,25.2,31.4,27.1,29.7,21.4,21.7,20.8,20.8,36.7,30.5,31.4,28.2,32.2,37.9,25.0,20.8,28.4,32.5,24.2,31.6,38.0,22.7,33.5,32.1,28.7,26.6,25.3,28.6,25.4,27.4,28.6,28.5,34.3,25.7,33.2,28.9,36.0,30.0,31.5,27.7,32.2,28.6,29.3,28.8,29.2,21.1,31.4,25.0,32.6,26.8,26.9,24.7,25.5,22.0,27.8,28.1,21.7,23.3,19.3
298,31.8,34.8,35.2,35.1,30.1,32.3,32.6,29.6,30.4,28.8,32.3,31.3,32.3,28.8,32.0,31.2,29.4,35.9,32.1,32.6,29.8,30.1,32.9,27.6,31.3,31.2,30.3,30.2,27.6,34.0,29.8,31.8,24.4,24.4,22.9,23.3,41.6,34.8,36.7,32.3,35.6,42.2,29.4,24.5,32.9,37.8,27.7,35.7,44.1,26.7,39.3,35.3,33.7,31.1,27.0,30.4,27.7,29.6,30.3,30.0,35.7,27.3,35.2,33.5,37.6,32.1,34.2,29.8,34.8,30.7,34.3,35.4,34.7,25.0,35.9,29.1,34.3,28.4,29.1,28.7,29.0,25.3,30.0,30.0,24.5,26.1,21.7
299,36.4,37.8,38.5,40.2,33.0,35.4,35.5,32.3,32.5,30.9,34.2,33.6,34.4,30.9,34.9,32.9,32.0,37.7,34.1,34.1,32.2,32.2,35.4,30.1,35.3,34.7,32.6,33.1,29.7,36.3,32.2,33.9,27.1,27.0,24.9,25.9,44.8,37.9,41.3,35.7,38.8,45.0,33.7,27.6,37.1,41.2,31.8,39.0,48.4,30.2,43.3,38.5,38.6,34.5,28.9,32.1,29.8,31.7,32.3,31.5,37.0,29.2,36.8,37.3,39.2,34.2,36.9,31.8,37.1,32.3,39.0,41.1,39.3,28.1,39.4,33.1,35.9,30.0,31.3,32.7,32.5,29.4,31.8,31.8,27.4,28.6,23.9
300,40.1,39.9,40.8,43.9,35.6,37.5,38.1,34.7,34.3,32.7,35.8,35.5,36.3,32.8,37.4,34.6,34.2,39.2,35.9,35.3,34.4,33.9,37.6,32.7,38.6,37.5,34.4,35.4,31.9,38.2,34.6,35.7,29.4,29.3,27.0,27.9,47.5,40.0,45.0,38.4,41.7,46.8,37.5,30.1,40.5,43.4,35.4,41.7,51.3,33.1,46.9,41.5,42.4,37.0,30.4,33.6,31.3,33.4,34.1,32.8,38.3,31.1,38.4,40.4,41.2,35.8,39.6,33.6,39.0,34.1,42.7,44.9,42.7,30.3,41.9,36.0,37.4,31.6,33.2,36.0,35.4,32.8,33.5,33.5,29.7,30.7,25.8
301,42.6,41.1,41.7,46.7,37.7,39.7,40.1,36.7,35.6,34.2,37.1,37.0,37.7,34.5,39.3,36.2,35.9,40.1,37.0,36.2,36.2,35.6,39.4,34.4,41.0,39.7,35.9,37.3,33.4,39.8,36.3,37.2,31.2,31.1,28.6,29.6,49.7,41.9,47.9,40.4,44.0,47.7,40.2,31.6,42.7,44.6,38.0,43.9,53.3,35.4,49.6,43.8,45.3,39.0,31.5,34.5,32.2,34.4,35.5,33.6,39.2,32.6,39.4,42.3,42.9,37.2,41.5,35.2,40.7,35.4,45.7,47.3,44.9,31.7,44.0,38.2,38.6,32.7,34.8,38.3,37.8,35.8,34.6,34.5,31.6,32.2,27.3
302,44.0,41.8,42.1,48.4,39.4,41.2,41.8,38.1,36.6,35.4,38.1,38.3,38.7,35.5,40.7,37.3,37.0,40.5,37.9,36.6,37.4,36.7,40.9,35.6,42.7,41.1,37.1,38.6,34.5,40.7,37.5,38.3,32.7,32.3,29.8,30.6,50.7,42.1,49.6,41.8,45.8,47.9,42.1,32.8,44.3,44.9,39.6,45.1,54.1,37.0,51.5,45.4,47.2,39.6,32.2,35.1,32.9,35.0,36.7,34.1,39.7,33.8,40.0,43.5,44.5,38.0,42.7,36.2,41.8,36.5,47.5,49.0,46.0,32.8,45.3,39.5,39.3,33.5,36.0,39.7,39.3,38.0,35.1,35.0,33.0,33.3,28.4
303,43.0,41.2,42.3,49.2,40.0,42.0,42.6,38.9,36.9,35.7,38.4,38.9,39.1,36.1,41.5,37.8,37.3,40.2,38.1,36.7,38.0,37.1,41.5,36.3,43.7,41.8,37.7,39.3,34.9,41.3,38.1,38.6,33.4,32.9,30.3,31.2,51.2,41.1,50.4,42.4,46.6,47.7,43.2,33.2,44.4,45.0,40.4,45.2,54.5,37.7,52.5,46.1,48.4,39.5,32.5,35.2,33.0,35.2,37.1,34.0,39.5,34.4,40.0,43.9,45.6,38.1,43.2,36.8,42.1,36.9,48.2,49.6,46.0,33.6,45.6,40.2,39.5,33.7,36.5,40.5,40.2,39.1,35.3,34.9,33.6,33.9,28.9
304,42.9,39.4,39.8,49.3,39.8,42.1,42.4,38.6,36.4,35.4,38.1,38.9,38.5,35.9,41.2,37.4,37.1,39.0,37.5,36.1,37.7,37.0,41.3,36.1,43.5,41.9,37.4,38.9,34.5,40.8,38.0,38.0,33.2,32.6,30.1,30.7,50.2,39.2,50.5,41.6,46.7,45.7,43.3,32.4,43.2,43.5,40.0,43.9,53.1,37.4,52.5,45.6,48.5,37.5,31.9,34.2,32.4,34.4,37.0,32.9,38.5,34.2,39.0,43.1,45.8,37.4,43.0,36.4,41.6,36.3,47.7,49.7,45.1,33.1,44.6,39.9,39.0,33.1,36.1,40.7,39.9,39.0,34.9,34.3,33.7,33.5,28.5
305,37.2,35.3,34.3,47.8,38.1,40.4,40.8,36.9,34.7,33.8,36.4,37.8,36.6,34.6,39.6,35.9,35.2,36.9,35.7,34.5,35.8,35.2,39.6,34.6,42.0,40.0,36.0,37.0,32.7,39.1,36.5,36.1,31.4,30.9,28.7,29.4,46.0,35.5,49.0,38.6,45.2,39.9,41.8,30.1,38.6,38.9,37.8,39.7,47.5,35.8,50.6,43.1,46.9,32.7,30.7,32.6,30.9,32.8,35.9,31.4,37.3,33.4,37.2,39.2,44.4,35.2,40.7,35.1,39.8,34.5,45.6,48.7,40.4,31.0,40.4,37.7,37.4,31.8,34.4,39.0,38.3,37.2,33.3,32.9,32.2,31.8,26.7
306,32.3,32.5,30.3,43.0,34.2,37.5,37.1,33.1,33.2,31.7,34.8,36.0,34.5,32.5,36.4,34.0,32.0,35.7,33.9,33.3,32.7,32.5,35.9,31.6,36.5,35.5,34.4,33.9,29.9,36.5,33.9,34.0,28.0,28.1,26.8,26.5,40.8,32.6,44.1,34.4,42.3,35.7,36.6,26.0,35.8,35.0,34.4,35.7,43.0,31.4,45.5,40.6,41.2,29.7,28.9,31.4,29.0,31.0,34.1,30.6,36.7,31.4,36.0,35.5,42.6,33.6,37.2,33.3,37.4,32.9,39.4,42.8,35.1,27.5,36.7,32.7,36.0,30.6,31.8,34.3,34.0,33.5,30.6,31.8,29.2,29.5,24.0
307,29.1,31.1,27.9,38.7,32.2,35.5,35.0,30.5,32.4,30.5,34.0,34.6,33.5,31.1,34.4,32.8,29.5,35.2,33.0,32.7,30.8,31.3,34.0,30.3,33.6,32.7,33.3,31.8,28.5,35.0,32.1,32.9,26.4,26.1,25.5,25.0,38.2,31.2,40.2,32.1,39.9,34.1,33.3,24.6,33.5,31.9,31.8,33.5,39.7,28.8,41.2,39.0,35.9,28.3,28.2,30.7,28.2,29.7,32.8,30.1,36.1,30.0,35.1,33.2,41.2,32.6,35.7,32.4,36.1,31.7,36.3,37.3,32.2,25.4,34.7,30.7,35.3,29.7,30.4,30.8,31.8,30.7,29.9,31.0,27.5,28.0,22.7
308,27.5,30.2,26.6,35.8,30.7,34.4,33.5,29.0,31.5,29.5,33.3,33.5,32.6,30.2,33.0,32.1,28.3,34.7,32.3,32.3,29.8,30.3,32.8,29.4,32.4,31.1,32.3,30.4,27.1,34.3,30.7,32.1,25.4,25.0,24.4,23.7,36.2,30.0,37.8,30.2,38.6,32.9,31.4,23.5,31.5,30.6,29.7,32.0,37.3,27.5,39.0,37.5,33.5,27.3,27.8,29.9,27.5,29.4,32.0,29.8,35.7,29.3,34.4,31.4,40.0,31.7,34.7,31.5,35.1,31.0,34.5,35.0,30.1,24.2,33.0,29.2,34.4,29.0,29.4,29.0,30.3,28.7,29.7,30.3,26.1,27.0,21.6
309,25.6,29.6,25.5,33.8,29.8,33.3,32.3,27.9,30.5,28.9,32.6,32.3,31.9,29.5,32.3,31.3,27.4,34.3,31.8,31.8,28.8,29.4,32.1,28.5,31.1,30.2,31.2,29.6,26.1,33.2,29.6,31.7,24.5,24.1,23.5,22.9,35.1,29.2,36.1,28.8,37.3,32.2,30.0,23.2,29.7,29.8,28.1,30.7,35.5,26.5,36.9,36.0,31.9,26.4,27.5,29.5,27.0,29.0,31.3,29.6,35.4,28.8,34.0,29.8,39.1,31.0,33.8,30.7,34.4,30.2,33.2,33.5,28.7,23.3,31.7,28.1,33.9,28.5,28.7,27.9,29.3,27.2,29.4,29.6,25.2,25.9,20.9
310,24.0,29.4,24.9,32.4,29.1,32.4,31.5,27.0,30.0,28.2,31.8,31.5,31.5,28.7,31.6,30.8,26.7,33.7,31.2,31.5,28.1,28.9,31.3,27.9,30.2,29.4,30.6,28.8,25.3,32.7,28.9,30.9,23.9,23.3,23.0,22.2,34.0,28.7,35.1,27.9,36.0,31.7,28.9,22.6,28.3,29.2,26.6,29.7,34.1,25.8,35.4,34.8,30.7,25.6,27.1,29.1,26.7,28.7,30.8,29.3,35.0,28.4,33.5,28.7,38.3,30.6,33.2,30.0,33.6,29.7,31.9,31.9,27.3,22.8,30.5,26.9,33.6,28.2,27.9,27.2,28.4,26.1,29.0,29.1,24.5,25.1,20.5
311,22.9,28.8,24.2,31.3,28.5,31.7,31.0,26.5,29.4,27.8,31.4,30.7,30.9,28.2,30.8,30.3,26.1,33.3,30.7,30.9,27.7,28.3,30.8,27.2,29.2,28.8,29.9,28.4,24.9,32.1,28.1,30.3,23.3,22.8,22.3,21.6,32.9,28.4,33.7,27.4,35.2,31.4,28.0,21.8,27.1,28.6,25.4,28.9,32.8,25.1,34.0,33.5,29.4,24.9,26.9,28.6,26.5,28.5,30.5,28.9,34.7,27.9,33.2,27.9,37.7,30.4,32.4,29.4,33.1,29.2,31.0,30.9,26.0,21.9,29.4,26.0,33.0,27.6,27.5,26.6,27.7,25.4,28.8,28.5,23.9,24.6,20.0
312,21.9,28.4,23.9,30.7,27.8,30.9,30.2,26.3,28.9,27.3,31.0,30.0,30.3,27.8,30.4,29.8,25.7,32.9,30.2,30.5,27.2,27.6,30.3,26.6,28.9,28.2,29.5,27.9,24.5,31.5,27.7,29.7,23.1,22.3,21.9,21.2,32.1,28.0,33.0,26.8,34.2,30.8,27.2,21.4,25.9,28.1,24.5,28.0,31.5,24.2,33.0,32.5,28.1,24.3,26.7,28.5,26.2,28.2,30.3,28.6,34.4,27.3,32.8,26.8,37.1,29.9,32.0,28.9,32.4,28.8,29.7,29.7,24.8,21.5,28.4,25.3,32.4,27.2,27.0,26.0,27.0,24.5,28.7,28.0,23.6,24.0,19.9
313,21.4,27.9,23.8,29.8,27.3,30.1,29.5,26.0,28.3,26.8,30.4,29.5,29.6,27.4,29.6,29.1,25.2,32.6,29.8,30.3,26.8,27.1,29.9,26.0,28.3,27.8,28.8,27.6,24.0,31.0,27.3,29.3,22.5,21.7,21.4,20.8,31.5,27.6,32.1,26.2,33.2,30.7,26.5,20.6,25.1,27.6,23.6,27.5,30.7,23.4,32.1,31.5,27.4,23.6,26.3,28.3,26.0,27.9,29.9,28.4,34.1,27.0,32.6,26.1,36.8,29.9,31.4,28.5,31.6,28.1,28.5,29.3,23.8,21.1,27.7,24.7,32.1,26.6,26.8,25.5,26.2,23.8,28.6,27.5,23.0,23.7,19.5
314,20.8,27.5,23.4,29.4,26.7,29.7,29.1,25.6,28.0,26.4,29.9,29.0,29.1,26.9,29.2,28.8,25.0,32.4,29.2,29.7,26.4,26.9,29.3,25.5,27.7,27.5,28.5,27.4,23.9,30.7,26.8,28.9,22.1,21.3,20.9,20.1,30.9,27.3,31.3,25.7,32.5,30.6,25.8,20.2,24.7,27.4,22.8,26.9,30.0,22.8,31.4,30.8,26.4,23.5,26.2,28.1,25.6,27.5,29.7,28.1,33.9,26.7,32.3,25.6,36.4,29.5,30.8,28.1,31.1,27.6,27.4,28.4,23.6,20.5,27.1,24.2,31.9,26.3,26.5,25.2,25.6,23.1,28.3,27.2,22.7,23.2,19.0
315,20.4,27.3,23.2,28.7,26.4,29.2,28.8,25.3,27.7,26.2,29.5,28.7,28.8,26.6,28.7,28.5,24.7,32.3,28.8,29.2,26.0,26.5,28.8,24.8,27.1,26.9,28.0,26.8,23.7,30.3,26.5,28.5,22.0,21.1,20.8,20.0,30.3,26.9,30.7,25.3,31.7,30.4,25.1,19.7,24.0,26.7,22.4,26.3,29.3,22.3,30.6,30.5,25.5,23.1,26.0,28.0,25.6,27.3,29.3,28.0,33.6,26.4,32.1,24.9,36.1,29.3,30.3,27.7,30.7,27.3,26.1,27.6,23.1,20.2,26.5,23.2,31.4,25.9,26.1,24.7,25.1,22.8,28.1,26.8,22.4,23.0,18.8
316,20.1,27.1,22.8,28.1,25.9,28.8,28.3,24.9,27.4,25.8,29.0,28.3,28.2,26.2,28.3,28.1,24.5,32.1,28.5,28.9,25.7,26.1,28.4,24.4,26.6,26.5,27.7,26.4,23.4,29.9,26.1,28.3,21.5,20.7,20.2,19.8,29.8,26.7,30.0,24.8,30.7,30.0,24.7,19.3,23.5,26.0,21.7,25.9,28.6,21.9,29.9,29.7,24.9,22.7,25.7,27.7,25.3,27.1,29.2,27.8,33.4,26.4,31.8,24.3,35.8,29.0,30.1,27.3,30.2,26.9,25.1,27.1,22.8,19.6,26.0,22.7,30.9,25.5,25.8,24.5,25.0,22.3,27.9,26.6,22.2,22.6,18.4
317,19.9,26.8,22.6,27.8,25.5,28.2,27.9,24.7,27.0,25.6,28.7,27.9,28.0,26.0,27.8,27.8,24.4,31.9,28.1,28.6,25.5,25.9,28.3,24.0,26.1,26.2,27.5,26.1,23.1,29.6,26.0,28.0,21.1,20.5,20.0,19.5,29.5,26.5,29.9,24.0,30.0,29.9,24.2,19.2,23.1,25.9,21.3,25.3,28.1,21.7,29.3,29.4,24.3,22.3,25.3,27.5,24.9,26.9,28.9,27.5,33.3,26.3,31.7,24.0,35.5,28.8,29.8,27.0,29.7,26.5,24.4,26.5,22.0,19.3,25.6,22.4,30.5,25.4,25.5,24.0,24.7,21.7,27.7,26.1,21.7,22.1,18.3
318,19.4,26.1,22.4,27.5,25.2,28.0,27.6,24.5,26.7,25.4,28.5,27.7,27.8,25.8,27.3,27.5,24.3,31.9,27.7,28.3,25.4,25.5,27.9,23.7,25.8,25.9,27.2,25.8,23.0,29.4,25.6,27.7,20.8,20.3,19.8,19.5,29.2,26.3,29.4,23.5,29.3,29.7,23.8,19.0,22.8,25.4,21.1,24.9,27.8,21.3,28.9,29.0,23.8,21.9,25.1,27.3,24.7,26.7,28.8,27.3,33.0,26.1,31.5,23.4,35.3,28.6,29.6,26.8,29.5,26.3,24.1,25.9,21.9,19.0,25.1,21.9,30.2,25.1,25.5,23.7,24.2,21.4,27.3,25.8,21.3,22.0,18.2
319,19.3,26.3,22.3,27.2,25.1,27.7,27.3,24.2,26.3,25.2,28.4,27.3,27.5,25.6,27.0,27.3,24.2,31.9,27.6,28.1,25.3,25.6,27.8,23.4,25.4,25.6,27.2,25.6,22.9,29.2,25.4,27.4,20.4,20.1,19.6,19.0,28.9,26.0,29.1,23.0,28.7,29.5,23.3,18.9,22.3,25.1,20.5,24.5,27.3,20.9,28.4,28.8,23.2,21.7,24.8,27.4,24.8,26.4,28.7,27.1,32.8,25.8,31.3,23.1,35.2,28.5,29.2,26.6,29.2,26.1,23.3,26.1,22.1,18.7,24.8,21.6,30.0,24.9,25.3,23.3,24.1,21.1,27.0,25.5,21.1,21.9,18.1
320,21.6,27.4,24.1,26.8,25.3,27.6,27.3,24.2,26.3,25.2,28.6,27.3,27.9,25.4,27.0,27.5,24.3,32.0,28.0,28.8,25.1,25.7,28.0,23.3,25.2,25.4,27.1,25.5,22.9,29.2,25.2,27.9,20.0,20.1,19.6,19.2,31.2,26.9,28.6,24.2,29.3,32.2,22.9,18.5,24.3,27.0,21.2,26.6,29.9,20.6,28.4,29.3,23.7,22.8,24.7,27.4,24.6,26.3,28.6,27.4,33.1,25.7,31.6,24.0,35.1,28.3,29.1,26.5,29.8,26.5,24.0,25.7,23.8,18.4,26.7,21.5,30.5,25.1,25.1,22.9,23.8,20.6,26.9,25.9,20.6,21.7,18.0
321,26.7,31.0,30.2,29.3,27.2,29.6,29.6,26.6,28.0,26.7,30.4,28.8,30.0,26.8,29.2,29.1,26.7,33.9,30.0,30.7,27.3,27.6,30.1,24.8,27.3,28.0,28.3,27.5,25.0,31.4,27.1,29.7,21.3,21.7,20.7,20.8,36.9,30.6,31.5,28.4,32.3,37.8,25.3,21.4,28.4,32.5,24.5,31.6,37.9,23.1,33.6,32.3,28.9,26.9,25.3,28.6,25.5,27.5,28.8,28.5,34.1,25.9,33.0,29.1,36.0,30.1,31.6,27.7,32.1,28.6,29.6,28.7,29.4,21.7,31.7,25.2,32.6,26.7,26.9,24.8,25.6,22.2,27.8,27.5,21.7,23.4,19.4
322,31.9,34.9,35.2,35.1,30.2,32.3,32.6,29.7,30.3,28.7,32.3,31.3,32.3,28.8,32.0,31.1,29.4,36.0,32.0,32.5,29.8,30.1,32.9,27.6,31.3,31.2,30.2,30.3,27.4,33.9,29.7,31.8,24.2,24.3,22.8,23.3,41.8,34.9,36.7,32.4,35.7,42.1,29.6,25.0,32.8,37.7,28.1,35.8,43.9,26.9,39.2,35.5,33.9,31.3,27.0,30.3,27.7,29.7,30.5,30.0,35.5,27.5,35.1,33.7,37.6,32.2,34.3,29.7,34.7,30.8,34.6,35.3,34.7,25.5,36.2,29.3,34.3,28.4,29.1,28.8,29.0,25.5,30.0,29.5,24.4,26.0,21.6
323,36.4,37.9,38.5,40.2,33.0,35.3,35.5,32.4,32.4,30.8,34.2,33.6,34.4,30.8,34.9,32.9,32.0,37.6,34.0,34.0,32.3,32.1,35.3,30.1,35.2,34.7,32.5,33.1,29.5,36.2,32.2,33.9,27.0,26.8,24.8,25.8,45.0,38.0,41.4,35.8,38.9,44.9,33.8,28.1,36.9,41.2,32.1,39.1,48.2,30.4,43.1,38.6,38.8,34.7,28.9,32.0,29.9,31.7,32.5,31.4,36.8,29.4,36.7,37.6,39.4,34.1,37.1,31.7,37.0,32.4,39.3,41.0,39.4,28.6,39.7,33.2,35.9,30.0,31.3,32.7,32.5,29.5,31.9,31.3,27.3,28.5,23.8
324,39.9,39.9,40.7,43.9,35.5,37.5,38.1,34.8,34.1,32.6,35.7,35.5,36.3,32.8,37.3,34.5,34.2,39.1,35.9,35.2,34.4,33.8,37.5,32.6,38.4,37.4,34.3,35.5,31.7,38.2,34.6,35.6,29.2,29.1,26.8,27.7,47.7,40.1,45.1,38.5,41.8,46.6,37.5,30.5,40.3,43.4,35.7,41.8,51.1,33.3,46.7,41.6,42.7,37.2,30.5,33.5,31.4,33.4,34.3,32.7,38.2,31.3,38.3,40.6,41.3,35.8,39.7,33.5,39.0,34.1,42.9,44.8,42.8,30.8,42.2,36.0,37.4,31.5,33.2,35.9,35.4,33.0,33.6,32.9,29.7,30.7,25.6
325,42.6,41.2,41.7,46.6,37.6,39.6,40.1,36.7,35.5,34.2,37.1,37.0,37.7,34.5,39.2,36.2,35.9,40.0,37.0,36.1,36.3,35.5,39.2,34.2,40.7,39.6,35.9,37.3,33.2,39.8,36.3,37.1,31.0,31.0,28.5,29.4,49.8,41.8,48.0,40.5,44.1,47.6,40.1,32.0,42.6,44.6,38.2,43.9,53.2,35.5,49.5,43.9,45.5,39.1,31.6,34.4,32.4,34.4,35.7,33.5,39.1,32.7,39.4,42.6,43.0,37.1,41.6,35.1,40.6,35.4,45.9,47.3,44.9,32.2,44.2,38.0,38.5,32.7,34.8,38.3,37.6,36.0,34.6,34.0,31.5,32.1,27.1
326,44.1,41.8,42.0,48.4,39.2,41.1,41.7,38.1,36.4,35.3,38.1,38.2,38.7,35.5,40.6,37.2,37.0,40.3,37.8,36.6,37.4,36.6,40.7,35.5,42.5,41.0,37.1,38.6,34.2,40.7,37.5,38.2,32.5,32.1,29.6,30.4,50.9,42.1,49.7,42.0,45.9,47.9,42.0,33.2,44.3,45.0,39.8,45.1,53.9,37.0,51.3,45.4,47.2,39.8,32.3,35.0,33.0,35.1,36.9,34.0,39.6,33.9,39.9,43.8,44.7,37.9,42.9,36.3,41.8,36.5,47.7,48.9,46.0,33.3,45.4,39.3,39.3,33.4,36.0,39.7,39.1,38.0,35.3,34.5,32.9,33.2,28.1
327,43.2,41.3,42.4,49.2,39.9,41.9,42.5,38.8,36.7,35.7,38.3,38.8,39.0,36.1,41.4,37.7,37.3,40.1,38.0,36.7,37.9,37.0,41.4,36.3,43.6,41.6,37.6,39.2,34.8,41.2,38.1,38.5,33.2,32.7,30.0,31.0,51.3,41.2,50.5,42.6,46.8,47.6,43.2,33.5,44.4,45.0,40.6,45.1,54.4,37.7,52.3,46.1,48.4,39.7,32.6,35.2,33.0,35.3,37.2,34.0,39.4,34.5,40.0,44.1,45.8,38.0,43.4,36.8,42.1,36.9,48.3,49.6,45.9,34.1,45.8,40.0,39.4,33.7,36.5,40.5,40.0,39.2,35.4,34.4,33.5,33.8,28.6
328,43.0,39.5,39.9,49.3,39.8,42.0,42.3,38.5,36.2,35.4,38.0,38.8,38.4,35.9,41.1,37.3,37.0,39.0,37.4,36.0,37.7,36.8,41.2,36.1,43.4,41.7,37.4,38.8,34.5,40.8,37.9,38.0,33.1,32.4,29.8,30.4,50.3,39.3,50.6,41.8,47.0,45.8,43.4,32.7,43.2,43.5,40.2,43.9,53.1,37.5,52.3,45.6,48.4,37.7,31.9,34.2,32.4,34.5,37.2,33.0,38.5,34.4,39.1,43.4,46.0,37.3,43.1,36.5,41.6,36.3,47.8,49.7,45.1,33.7,44.9,39.7,39.0,33.1,36.0,40.8,39.8,39.1,35.0,33.8,33.6,33.4,28.3
329,37.6,35.4,34.5,47.9,38.1,40.3,40.7,36.9,34.6,33.8,36.3,37.8,36.5,34.6,39.5,35.9,35.2,36.8,35.6,34.5,35.8,35.1,39.5,34.6,42.0,39.9,36.0,37.0,32.7,39.1,36.5,36.0,31.3,30.7,28.5,29.2,46.2,35.5,49.1,38.9,45.4,40.1,41.9,30.4,39.1,39.0,38.0,39.7,47.4,35.9,50.5,43.2,46.9,33.0,30.7,32.6,31.0,33.0,36.1,31.4,37.2,33.5,37.2,39.5,44.6,35.2,40.9,35.1,39.9,34.5,45.7,48.7,40.8,31.6,40.6,37.6,37.5,31.8,34.5,39.1,38.2,37.3,33.5,32.5,32.2,31.7,26.5
330,32.7,32.5,30.4,43.2,34.3,37.5,37.1,33.2,33.1,31.8,34.7,36.0,34.5,32.6,36.4,34.0,32.1,35.6,33.9,33.3,32.8,32.5,36.0,31.6,36.6,35.5,34.4,33.9,30.0,36.5,34.0,33.9,28.0,27.9,26.6,26.4,41.1,32.7,44.2,34.6,42.5,35.9,36.8,26.4,36.1,35.2,34.6,35.7,42.9,31.5,45.5,40.7,41.3,29.9,28.9,31.3,29.0,31.1,34.3,30.7,36.5,31.6,36.0,35.8,42.7,33.5,37.3,33.4,37.4,32.9,39.6,43.0,35.3,28.2,36.9,32.7,36.1,30.6,31.9,34.3,34.1,33.6,30.7,31.4,29.3,29.5,23.9
331,29.5,31.2,28.1,38.8,32.3,35.5,35.0,30.6,32.3,30.6,33.9,34.5,33.4,31.2,34.4,32.8,29.7,35.1,32.9,32.6,30.9,31.4,34.1,30.3,33.7,32.8,33.4,31.8,28.6,35.1,32.2,32.8,26.4,26.0,25.3,24.8,38.6,31.2,40.4,32.3,40.2,34.2,33.5,24.9,33.7,32.0,32.0,33.5,39.5,28.9,41.1,39.1,36.0,28.4,28.2,30.7,28.2,29.8,33.0,30.1,36.0,30.2,35.0,33.4,41.3,32.4,35.9,32.4,36.2,31.7,36.5,37.5,32.5,26.2,34.8,30.7,35.3,29.7,30.5,30.8,31.8,30.8,29.9,30.6,27.5,28.0,22.6
332,27.9,30.2,26.8,36.1,30.6,34.4,33.6,29.1,31.4,29.7,33.2,33.5,32.4,30.2,33.1,32.1,28.4,34.6,32.2,32.2,29.8,30.4,32.9,29.4,32.3,31.2,32.3,30.5,27.2,34.3,30.7,32.1,25.4,24.9,24.2,23.6,36.6,30.0,38.0,30.4,38.8,33.0,31.6,23.8,31.9,30.6,30.0,32.1,37.2,27.6,38.8,37.7,33.6,27.4,27.7,29.9,27.4,29.4,32.2,29.8,35.5,29.5,34.3,31.7,40.1,31.7,34.8,31.6,35.2,30.9,34.7,35.1,30.4,25.0,33.3,29.1,34.4,29.0,29.5,29.0,30.4,28.8,29.7,30.0,26.2,27.0,21.5
333,26.0,29.6,25.6,34.0,29.7,33.3,32.4,27.9,30.5,29.0,32.5,32.2,31.7,29.6,32.3,31.3,27.5,34.2,31.7,31.8,28.8,29.5,32.2,28.4,31.2,30.3,31.2,29.6,26.2,33.3,29.6,31.7,24.6,24.2,23.5,22.9,35.4,29.1,36.3,28.9,37.4,32.2,30.1,23.4,30.0,29.9,28.2,30.7,35.4,26.6,36.8,36.2,32.0,26.5,27.5,29.5,27.0,29.0,31.5,29.5,35.3,29.0,33.9,30.0,39.1,30.9,33.9,30.8,34.5,30.2,33.4,33.6,29.0,24.0,32.0,28.0,33.8,28.5,28.8,28.0,29.3,27.3,29.3,29.2,25.3,25.8,20.9
334,24.4,29.4,25.0,32.6,29.1,32.5,31.5,27.1,29.9,28.3,31.7,31.4,31.4,28.8,31.6,30.8,26.8,33.6,31.2,31.4,28.1,29.1,31.4,27.8,30.3,29.5,30.6,28.8,25.4,32.8,28.8,31.0,24.0,23.4,23.0,22.2,34.3,28.6,35.2,28.0,36.1,31.8,29.1,22.9,28.5,29.3,26.7,29.7,34.0,25.8,35.3,35.0,30.8,25.6,27.1,29.1,26.7,28.7,31.0,29.3,34.9,28.6,33.4,28.9,38.3,30.4,33.2,30.1,33.7,29.7,32.0,32.1,27.5,23.5,30.7,26.8,33.5,28.2,28.0,27.2,28.5,26.2,29.1,28.7,24.6,25.1,20.5
335,23.3,28.7,24.3,31.5,28.5,31.7,30.9,26.6,29.3,27.8,31.3,30.7,30.8,28.2,30.9,30.3,26.2,33.2,30.8,30.9,27.6,28.4,30.8,27.1,29.2,28.9,29.9,28.3,25.0,32.2,28.1,30.3,23.4,22.9,22.4,21.7,33.2,28.4,33.8,27.4,35.4,31.5,28.1,22.1,27.3,28.6,25.6,28.8,32.6,25.1,34.0,33.7,29.4,24.9,26.9,28.6,26.5,28.5,30.6,28.8,34.6,28.0,33.1,28.1,37.7,30.2,32.4,29.5,33.1,29.1,31.0,31.0,26.1,22.6,29.6,25.9,33.0,27.6,27.5,26.6,27.8,25.5,28.9,28.1,24.0,24.6,20.1
336,22.2,28.4,24.0,30.8,27.7,30.9,30.2,26.3,28.8,27.4,30.9,30.0,30.2,27.8,30.3,29.8,25.8,32.8,30.2,30.5,27.2,27.7,30.3,26.5,28.9,28.3,29.4,27.8,24.6,31.5,27.7,29.7,23.1,22.4,22.0,21.3,32.4,28.0,33.1,26.9,34.4,30.9,27.4,21.7,26.1,28.1,24.6,27.9,31.4,24.1,32.9,32.7,28.1,24.3,26.7,28.4,26.2,28.3,30.4,28.5,34.3,27.4,32.7,27.0,37.2,29.7,32.0,29.0,32.4,28.6,29.8,29.8,24.9,22.1,28.7,25.2,32.4,27.1,27.0,26.0,27.1,24.6,28.7,27.6,23.6,24.0,19.9
337,21.8,27.9,23.8,29.9,27.2,30.1,29.5,26.0,28.2,26.8,30.3,29.5,29.4,27.4,29.5,29.1,25.3,32.5,29.7,30.3,26.8,27.2,29.9,25.9,28.3,27.8,28.8,27.6,24.2,31.1,27.3,29.4,22.5,21.8,21.5,21.0,31.8,27.4,32.2,26.2,33.3,30.8,26.8,20.9,25.2,27.5,23.7,27.4,30.6,23.5,32.0,31.7,27.5,23.6,26.2,28.2,26.0,27.9,29.9,28.2,33.9,27.0,32.4,26.3,36.8,29.7,31.4,28.5,31.8,28.0,28.5,29.4,23.8,21.7,28.0,24.5,32.1,26.5,26.7,25.4,26.3,23.8,28.6,27.1,23.1,23.7,19.5
338,21.2,27.4,23.4,29.3,26.5,29.6,29.1,25.6,27.9,26.4,29.8,29.0,28.9,26.8,29.2,28.8,25.1,32.3,29.2,29.7,26.4,27.0,29.3,25.4,27.6,27.5,28.5,27.3,24.0,30.7,26.8,28.9,22.1,21.4,21.0,20.3,31.2,27.2,31.5,25.7,32.6,30.6,26.0,20.4,24.8,27.3,22.9,26.8,29.8,22.8,31.3,31.1,26.4,23.5,26.1,28.0,25.5,27.5,29.7,28.1,33.7,26.8,32.1,25.7,36.4,29.3,30.9,28.1,31.3,27.5,27.5,28.5,23.5,21.1,27.3,24.0,31.8,26.2,26.4,25.2,25.6,23.1,28.3,26.9,22.7,23.3,19.1
339,20.8,27.2,23.1,28.6,26.2,29.2,28.7,25.3,27.6,26.2,29.4,28.7,28.7,26.5,28.7,28.6,24.8,32.1,28.8,29.2,26.0,26.6,28.8,24.7,27.1,26.9,27.9,26.7,23.8,30.4,26.5,28.6,22.0,21.2,20.9,20.2,30.6,26.8,30.8,25.2,31.8,30.4,25.2,20.0,24.1,26.4,22.4,26.2,29.2,22.3,30.6,30.7,25.6,23.1,25.9,27.9,25.6,27.4,29.3,27.9,33.4,26.5,31.9,25.1,36.1,29.1,30.4,27.7,30.8,27.1,26.3,27.6,23.0,20.8,26.7,23.0,31.4,25.8,26.1,24.6,25.1,22.7,28.1,26.5,22.4,23.1,18.8
340,20.4,27.0,22.6,28.2,25.8,28.8,28.3,24.9,27.3,25.8,29.0,28.3,28.2,26.2,28.2,28.1,24.6,32.0,28.5,28.9,25.8,26.2,28.4,24.4,26.6,26.6,27.6,26.3,23.6,29.9,26.1,28.3,21.4,20.7,20.3,19.9,30.0,26.5,30.1,24.7,30.9,30.1,24.7,19.6,23.5,25.8,21.7,25.7,28.5,21.9,29.8,30.0,24.9,22.6,25.6,27.6,25.2,27.1,29.2,27.7,33.1,26.4,31.7,24.4,35.8,28.7,30.1,27.2,30.3,26.8,25.2,27.1,22.6,20.2,26.2,22.4,30.9,25.5,25.8,24.4,24.9,22.2,27.9,26.3,22.1,22.7,18.5
341,20.3,26.8,22.5,27.8,25.4,28.3,28.0,24.6,27.0,25.6,28.7,27.9,28.0,25.9,27.8,27.8,24.4,31.8,28.2,28.7,25.5,26.0,28.3,24.0,25.9,26.3,27.4,26.0,23.3,29.5,26.0,28.1,21.0,20.5,20.1,19.7,29.6,26.3,30.0,23.9,30.1,29.9,24.3,19.5,23.1,25.8,21.3,25.1,28.0,21.8,29.3,29.6,24.3,22.3,25.3,27.4,24.9,27.0,29.0,27.4,33.0,26.3,31.6,24.1,35.5,28.6,29.9,26.9,29.9,26.5,24.5,26.5,21.8,19.9,25.6,22.1,30.5,25.3,25.5,23.9,24.6,21.7,27.7,25.9,21.6,22.2,18.3
342,19.7,26.0,22.3,27.6,25.0,28.0,27.7,24.6,26.7,25.3,28.5,27.8,27.8,25.7,27.3,27.5,24.3,31.8,27.8,28.5,25.4,25.5,27.9,23.7,25.7,26.0,27.1,25.8,23.1,29.4,25.5,27.8,20.7,20.2,19.9,19.6,29.3,26.2,29.6,23.4,29.4,29.8,23.9,19.3,22.8,25.2,21.0,24.8,27.7,21.4,28.9,29.2,23.8,21.9,25.0,27.2,24.6,26.8,28.8,27.2,32.7,26.1,31.4,23.5,35.3,28.4,29.7,26.7,29.6,26.3,24.2,26.0,21.7,19.6,25.1,21.7,30.3,25.0,25.5,23.5,24.1,21.3,27.2,25.5,21.2,22.0,18.1
343,19.5,26.2,22.2,27.2,25.0,27.8,27.5,24.3,26.2,25.0,28.4,27.4,27.5,25.6,27.1,27.3,24.2,31.8,27.6,28.2,25.3,25.6,27.8,23.4,25.4,25.7,27.0,25.6,23.0,29.1,25.4,27.4,20.3,20.1,19.7,19.0,29.0,25.9,29.3,22.9,28.8,29.5,23.4,19.2,22.3,24.8,20.5,24.5,27.1,21.0,28.2,29.0,23.3,21.6,24.6,27.2,24.7,26.4,28.7,27.1,32.5,25.9,31.2,23.1,35.2,28.3,29.2,26.5,29.3,26.1,23.5,26.1,21.8,19.3,24.9,21.4,30.1,24.9,25.3,23.2,24.0,21.0,27.0,25.2,20.9,22.0,18.0
344,21.8,27.3,24.1,26.9,25.2,27.7,27.4,24.3,26.2,25.0,28.6,27.4,27.9,25.3,27.0,27.4,24.2,31.8,27.9,28.9,25.1,25.6,28.0,23.2,25.1,25.4,27.0,25.6,23.0,29.2,25.2,28.0,19.9,20.1,19.7,19.2,31.4,26.8,28.7,24.1,29.4,32.3,23.0,18.9,24.2,26.8,21.2,26.5,29.8,20.7,28.3,29.5,23.7,22.8,24.6,27.1,24.5,26.4,28.6,27.3,32.8,25.8,31.4,24.1,35.0,28.2,29.2,26.4,29.8,26.5,24.1,25.6,23.8,19.0,26.8,21.3,30.5,25.1,25.1,22.8,23.7,20.6,26.8,25.6,20.5,21.7,18.0
345,26.9,31.0,30.3,29.4,27.1,29.6,29.6,26.6,27.8,26.6,30.4,28.8,30.0,26.7,29.2,29.0,26.7,33.8,30.0,30.7,27.3,27.5,30.1,24.7,27.3,27.9,28.2,27.6,25.0,31.3,27.1,29.7,21.2,21.7,20.8,20.9,37.0,30.6,31.6,28.4,32.2,37.9,25.4,21.7,28.4,32.4,24.5,31.5,37.7,23.1,33.5,32.5,29.0,26.9,25.2,28.4,25.4,27.5,28.8,28.4,33.9,26.0,33.0,29.1,35.9,30.0,31.6,27.6,32.2,28.5,29.6,28.8,29.4,22.4,31.8,25.2,32.5,26.7,26.8,24.8,25.5,22.2,27.8,27.2,21.6,23.4,19.4
346,32.0,34.9,35.4,35.0,30.1,32.3,32.5,29.7,30.1,28.6,32.2,31.2,32.3,28.6,31.9,30.9,29.3,35.8,32.0,32.4,29.7,29.9,32.8,27.5,31.3,31.1,30.1,30.2,27.4,33.7,29.6,31.7,24.1,24.3,22.8,23.2,42.0,34.9,36.7,32.3,35.7,42.1,29.6,25.3,32.7,37.6,28.1,35.6,43.8,26.9,39.1,35.7,33.9,31.4,26.9,30.1,27.7,29.7,30.5,29.8,35.2,27.6,35.0,33.8,37.5,32.1,34.4,29.6,34.7,30.6,34.7,35.3,34.8,26.1,36.3,29.2,34.3,28.4,29.0,28.7,29.0,25.5,30.0,29.3,24.3,26.0,21.6
347,36.6,38.1,38.7,40.2,32.9,35.2,35.4,32.3,32.1,30.7,34.1,33.4,34.3,30.7,34.7,32.6,31.8,37.5,33.9,33.9,32.1,31.8,35.2,29.9,35.2,34.4,32.3,33.0,29.4,36.1,32.1,33.7,26.8,26.8,24.7,25.8,45.2,38.0,41.4,35.8,38.8,44.9,33.9,28.5,36.9,41.3,32.1,39.0,48.0,30.4,43.0,38.8,38.8,34.8,28.9,31.9,29.8,31.7,32.5,31.3,36.7,29.4,36.6,37.7,39.4,33.9,37.2,31.6,37.0,32.3,39.3,41.0,39.5,29.2,39.8,33.1,35.9,30.0,31.2,32.5,32.5,29.5,31.8,31.0,27.1,28.4,23.7
348,40.1,40.2,40.8,43.8,35.4,37.3,37.9,34.6,33.8,32.4,35.7,35.3,36.1,32.6,37.2,34.2,34.0,38.9,35.8,35.1,34.2,33.5,37.4,32.3,38.4,37.1,34.1,35.2,31.5,37.9,34.4,35.4,29.0,29.0,26.7,27.6,47.9,40.2,45.0,38.5,41.8,46.7,37.5,30.7,40.3,43.5,35.6,41.7,50.9,33.3,46.5,41.7,42.6,37.4,30.4,33.4,31.3,33.4,34.2,32.6,38.0,31.3,38.1,40.7,41.4,35.6,39.7,33.2,38.9,34.1,42.9,44.8,43.0,31.3,42.2,35.9,37.4,31.5,33.0,35.8,35.3,32.9,33.5,32.7,29.5,30.5,25.5
349,42.7,41.5,41.8,46.5,37.5,39.5,39.9,36.5,35.1,33.9,37.0,36.8,37.5,34.3,39.0,36.0,35.7,39.8,36.9,36.0,36.0,35.2,39.0,34.0,40.5,39.3,35.6,37.1,33.0,39.5,36.0,36.9,30.9,30.8,28.3,29.3,49.9,42.0,47.9,40.6,44.2,47.7,40.1,32.3,42.6,44.7,38.1,43.8,53.0,35.5,49.3,43.9,45.4,39.2,31.5,34.3,32.3,34.5,35.6,33.3,38.9,32.7,39.2,42.7,43.2,36.9,41.7,34.8,40.4,35.3,45.7,47.3,45.1,32.7,44.2,37.9,38.5,32.6,34.6,38.1,37.5,36.0,34.5,33.7,31.4,32.0,26.9
350,44.2,42.1,42.0,48.4,39.0,41.0,41.5,37.8,36.0,35.1,37.9,37.9,38.4,35.3,40.4,37.0,36.7,40.2,37.7,36.5,37.1,36.3,40.6,35.3,42.4,40.7,36.9,38.4,34.0,40.4,37.2,38.0,32.3,31.9,29.4,30.3,51.0,42.4,49.6,42.2,45.9,48.0,42.0,33.4,44.3,45.1,39.8,45.0,53.8,36.9,51.2,45.4,47.1,39.9,32.3,34.8,33.0,35.1,36.8,33.9,39.4,33.9,39.7,43.8,44.9,37.7,43.0,36.0,41.5,36.4,47.6,48.9,46.2,33.8,45.4,39.2,39.3,33.4,35.8,39.6,39.0,38.0,35.1,34.3,32.8,33.1,27.9
351,43.5,41.5,42.6,49.3,39.7,41.8,42.3,38.7,36.4,35.5,38.2,38.6,38.8,35.9,41.2,37.5,37.0,40.0,37.9,36.7,37.7,36.7,41.2,36.1,43.4,41.4,37.5,39.0,34.6,40.8,37.9,38.2,33.0,32.5,29.8,30.8,51.5,41.4,50.4,42.8,46.9,47.6,43.2,33.7,44.4,45.1,40.5,45.1,54.3,37.6,52.2,46.1,48.3,39.8,32.5,35.0,33.0,35.3,37.3,33.9,39.2,34.5,39.8,44.2,46.1,37.9,43.5,36.5,41.8,36.7,48.2,49.5,46.2,34.6,45.7,40.0,39.4,33.6,36.3,40.5,39.9,39.2,35.3,34.2,33.4,33.6,28.4
352,43.2,39.7,40.2,49.3,39.6,41.9,42.2,38.4,36.0,35.3,37.8,38.5,38.2,35.8,40.9,37.1,36.9,38.9,37.2,36.1,37.5,36.5,40.9,35.9,43.4,41.5,37.2,38.6,34.3,40.5,37.8,37.7,32.9,32.2,29.7,30.3,50.4,39.5,50.5,42.0,47.0,45.8,43.5,33.0,43.3,43.7,40.2,43.9,53.0,37.4,52.1,45.5,48.4,38.0,31.8,34.1,32.4,34.6,37.3,33.0,38.3,34.4,38.9,43.4,46.3,37.2,43.3,36.3,41.4,36.1,47.7,49.6,45.2,34.2,44.8,39.6,39.0,33.0,35.8,40.8,39.6,39.1,34.9,33.7,33.5,33.3,28.1
353,37.8,35.5,34.8,48.0,38.0,40.3,40.6,36.7,34.5,33.8,36.2,37.5,36.4,34.5,39.4,35.7,35.1,36.7,35.6,34.6,35.7,35.0,39.4,34.4,42.0,39.8,35.9,36.8,32.7,38.9,36.4,35.9,31.2,30.5,28.4,28.9,46.3,35.7,49.1,39.1,45.6,40.1,42.0,30.8,39.1,39.2,38.1,39.8,47.5,35.8,50.4,43.1,46.9,33.2,30.7,32.5,31.0,33.1,36.1,31.3,37.1,33.6,36.9,39.6,44.9,35.0,41.0,35.0,39.7,34.4,45.7,48.7,41.0,32.1,40.7,37.6,37.5,31.7,34.4,39.2,38.2,37.4,33.4,32.3,32.0,31.7,26.4
354,32.7,32.5,30.5,43.3,34.3,37.5,37.1,33.1,33.0,31.8,34.7,35.8,34.3,32.5,36.3,33.9,32.1,35.5,33.9,33.5,32.7,32.5,35.9,31.5,36.7,35.5,34.4,33.8,30.0,36.4,33.9,33.8,28.0,27.8,26.4,26.3,41.3,32.8,44.3,34.8,42.7,35.8,37.0,26.7,36.1,35.2,34.6,35.9,43.1,31.5,45.5,40.6,41.3,30.0,28.8,31.2,29.0,31.1,34.4,30.6,36.3,31.7,35.7,35.9,42.9,33.3,37.4,33.3,37.4,32.9,39.6,43.1,35.4,28.8,37.0,32.7,36.1,30.6,31.9,34.5,34.1,33.7,30.6,31.3,29.2,29.4,23.8
355,29.5,31.1,28.2,38.9,32.3,35.4,35.0,30.5,32.2,30.6,33.8,34.4,33.3,31.2,34.4,32.8,29.7,34.9,32.9,32.9,30.8,31.4,33.9,30.2,33.8,32.7,33.2,31.7,28.6,35.0,32.0,32.7,26.4,25.9,25.2,24.7,38.8,31.3,40.3,32.4,40.3,34.2,33.6,25.1,33.7,32.0,32.1,33.6,39.7,28.8,41.0,39.0,36.0,28.5,28.1,30.5,28.2,29.8,33.1,30.0,35.7,30.2,34.7,33.6,41.4,32.1,35.9,32.3,36.1,31.7,36.4,37.4,32.5,26.8,34.9,30.6,35.4,29.7,30.6,30.9,31.9,30.9,29.8,30.5,27.4,27.9,22.4
356,27.7,30.0,26.7,36.1,30.7,34.3,33.5,29.0,31.3,29.6,33.2,33.3,32.4,30.2,33.0,32.1,28.4,34.4,32.3,32.4,29.8,30.4,32.8,29.3,32.4,31.2,32.2,30.4,27.1,34.2,30.5,32.1,25.4,24.9,24.2,23.5,36.9,30.0,37.9,30.4,38.9,33.0,31.7,24.1,31.9,30.4,30.0,32.2,37.2,27.4,38.7,37.5,33.5,27.4,27.7,29.7,27.4,29.4,32.2,29.7,35.3,29.5,34.0,31.8,40.1,31.3,34.8,31.5,35.2,31.0,34.7,35.0,30.4,25.5,33.3,29.1,34.5,29.1,29.6,29.1,30.6,28.9,29.5,29.8,26.2,26.9,21.4
357,25.8,29.5,25.5,33.9,29.8,33.2,32.3,27.9,30.4,28.8,32.5,32.1,31.7,29.5,32.2,31.3,27.6,33.9,31.8,32.0,28.8,29.6,31.9,28.3,31.2,30.3,31.1,29.5,26.2,33.2,29.5,31.7,24.5,24.1,23.4,22.8,35.6,29.1,36.2,28.9,37.6,32.1,30.1,23.8,30.0,29.8,28.2,30.9,35.4,26.5,36.6,36.1,31.9,26.5,27.4,29.3,27.0,29.1,31.5,29.4,35.0,28.9,33.5,30.0,39.1,30.5,33.8,30.7,34.5,30.3,33.3,33.5,28.9,24.6,32.0,27.9,33.9,28.6,28.7,28.1,29.5,27.3,29.1,29.1,25.3,25.9,20.9
358,24.3,29.3,24.9,32.5,29.1,32.4,31.5,27.0,29.9,28.2,31.7,31.3,31.3,28.6,31.5,30.7,26.8,33.3,31.3,31.5,28.0,29.0,31.1,27.7,30.2,29.5,30.5,28.7,25.4,32.8,28.7,31.0,23.9,23.3,22.8,22.1,34.5,28.6,35.1,27.9,36.3,31.6,29.1,23.3,28.4,29.3,26.7,29.8,33.9,25.8,35.1,34.8,30.6,25.6,27.0,28.9,26.7,28.7,31.0,29.2,34.7,28.5,33.1,29.0,38.2,30.1,33.1,29.9,33.6,29.7,32.0,31.9,27.4,24.0,30.7,26.8,33.6,28.3,27.9,27.3,28.5,26.2,28.8,28.6,24.5,25.1,20.5
359,23.2,28.6,24.1,31.4,28.4,31.6,30.9,26.4,29.4,27.8,31.3,30.6,30.8,28.1,30.8,30.1,26.3,32.9,30.9,31.1,27.5,28.4,30.7,27.1,29.1,28.9,29.7,28.2,25.0,32.2,28.0,30.3,23.4,22.8,22.2,21.6,33.3,28.3,33.7,27.3,35.5,31.4,28.1,22.5,27.2,28.5,25.5,28.8,32.6,25.1,33.8,33.6,29.3,24.9,26.8,28.5,26.4,28.5,30.6,28.7,34.4,27.9,32.8,28.2,37.6,29.8,32.3,29.3,33.1,29.2,30.9,30.9,25.9,23.1,29.6,25.8,33.1,27.7,27.5,26.6,27.8,25.3,28.7,27.9,24.0,24.5,20.2
360,22.0,28.3,23.9,30.7,27.5,30.8,30.1,26.2,28.9,27.3,30.9,30.0,30.2,27.6,30.2,29.7,25.7,32.6,30.2,30.6,27.1,27.7,30.2,26.4,28.8,28.2,29.2,27.7,24.6,31.4,27.5,29.7,23.2,22.3,21.8,21.2,32.5,27.9,33.0,26.8,34.5,30.8,27.3,22.0,26.0,27.9,24.6,28.0,31.4,24.1,32.7,32.6,28.0,24.2,26.5,28.2,26.1,28.2,30.4,28.4,34.0,27.4,32.5,27.1,37.1,29.4,31.9,28.8,32.5,28.7,29.6,29.8,24.8,22.6,28.7,25.1,32.5,27.2,27.0,25.9,27.0,24.4,28.6,27.4,23.6,24.0,20.0
361,21.6,27.7,23.8,29.7,27.0,30.0,29.4,25.9,28.2,26.7,30.3,29.6,29.5,27.2,29.4,29.0,25.3,32.2,29.7,30.4,26.7,27.2,29.8,25.9,28.1,27.6,28.7,27.5,24.1,31.0,27.0,29.3,22.5,21.8,21.4,20.9,31.8,27.4,32.1,26.2,33.4,30.6,26.6,21.2,25.1,27.2,23.8,27.5,30.6,23.4,31.9,31.6,27.4,23.6,26.0,28.0,25.8,27.8,29.9,28.0,33.6,26.9,32.2,26.3,36.7,29.4,31.4,28.3,31.8,28.1,28.3,29.2,23.7,22.3,27.9,24.4,32.2,26.7,26.6,25.4,26.2,23.7,28.5,26.9,23.1,23.6,19.6
362,21.1,27.3,23.3,29.1,26.4,29.5,29.0,25.5,27.9,26.3,29.8,29.0,29.1,26.7,29.0,28.7,24.9,32.1,29.2,29.8,26.3,27.0,29.1,25.3,27.5,27.3,28.3,27.2,23.9,30.7,26.6,28.9,22.1,21.5,20.9,20.2,31.2,27.0,31.4,25.7,32.7,30.4,25.7,20.7,24.8,27.1,23.0,26.8,29.8,22.8,31.3,31.0,26.3,23.5,25.9,27.8,25.4,27.4,29.7,27.9,33.5,26.7,31.9,25.6,36.2,29.1,30.9,27.9,31.3,27.5,27.3,28.4,23.3,21.6,27.1,24.0,31.9,26.4,26.3,25.1,25.5,23.0,28.2,26.7,22.7,23.2,19.1
363,20.7,27.1,23.1,28.4,26.0,29.1,28.6,25.2,27.6,26.1,29.5,28.6,28.9,26.3,28.5,28.5,24.6,32.0,28.8,29.4,25.9,26.5,28.6,24.7,26.9,26.7,27.8,26.6,23.6,30.3,26.3,28.5,22.0,21.2,20.8,20.1,30.6,26.6,30.7,25.2,31.9,30.2,25.0,20.3,24.0,26.2,22.5,26.2,29.1,22.2,30.6,30.6,25.5,23.1,25.7,27.7,25.4,27.3,29.3,27.7,33.1,26.4,31.7,24.9,35.8,28.9,30.4,27.5,30.8,27.2,26.1,27.6,22.7,21.2,26.5,23.0,31.5,26.0,25.9,24.5,25.0,22.6,27.9,26.3,22.4,23.0,18.9
364,20.4,26.7,22.5,28.0,25.6,28.6,28.1,24.7,27.3,25.7,29.1,28.2,28.3,26.0,28.1,28.0,24.4,31.8,28.5,29.0,25.6,26.2,28.2,24.3,26.4,26.4,27.5,26.2,23.4,29.8,25.9,28.2,21.4,20.8,20.3,19.7,30.1,26.3,30.0,24.7,31.0,29.9,24.6,19.9,23.6,25.6,21.9,25.6,28.3,21.9,29.8,29.9,24.8,22.6,25.4,27.4,25.1,27.0,29.2,27.5,32.9,26.3,31.6,24.2,35.6,28.5,30.0,27.1,30.2,26.9,25.1,27.0,22.3,20.6,26.0,22.3,31.0,25.7,25.6,24.3,24.7,22.1,27.7,26.0,22.0,22.6,18.5
365,20.3,26.6,22.4,27.7,25.2,28.1,27.7,24.5,26.9,25.5,28.8,27.8,28.0,25.7,27.6,27.7,24.3,31.6,28.3,28.8,25.4,25.9,28.1,23.9,25.8,26.1,27.3,25.9,23.2,29.3,25.8,27.9,20.9,20.5,20.1,19.5,29.7,26.0,29.9,24.0,30.1,29.8,24.2,19.8,23.2,25.6,21.5,25.1,27.8,21.7,29.3,29.5,24.3,22.3,25.2,27.2,24.8,26.9,28.9,27.2,32.8,26.2,31.4,23.9,35.2,28.3,29.8,26.8,29.8,26.6,24.5,26.5,21.5,20.4,25.5,22.1,30.7,25.5,25.3,23.8,24.4,21.5,27.4,25.6,21.4,22.1,18.3
366,19.6,25.7,22.2,27.4,24.7,27.9,27.4,24.3,26.6,25.2,28.5,27.6,27.8,25.5,27.2,27.4,24.1,31.6,27.9,28.6,25.3,25.5,27.8,23.6,25.5,25.7,27.0,25.7,23.0,29.2,25.3,27.6,20.5,20.2,19.8,19.4,29.3,25.9,29.5,23.5,29.4,29.5,23.6,19.6,22.6,25.0,21.2,24.7,27.6,21.3,28.9,29.0,23.8,21.8,24.9,27.0,24.6,26.8,28.6,27.0,32.6,26.0,31.2,23.3,35.0,28.2,29.5,26.7,29.5,26.4,24.2,26.0,21.3,20.1,24.9,21.6,30.4,25.1,25.3,23.4,23.8,21.2,27.0,25.2,21.0,22.0,18.1
367,19.5,26.0,22.1,27.0,24.8,27.7,27.2,24.1,26.2,24.9,28.3,27.2,27.5,25.4,26.9,27.2,24.0,31.6,27.7,28.4,25.1,25.6,27.6,23.2,25.2,25.4,27.0,25.5,22.8,28.9,25.1,27.3,20.1,20.0,19.5,18.9,29.0,25.8,29.1,22.9,28.9,29.3,23.2,19.5,22.1,24.5,20.6,24.5,26.9,20.9,28.3,28.7,23.2,21.5,24.5,26.9,24.6,26.4,28.6,26.8,32.4,25.9,31.0,22.9,34.9,28.2,29.1,26.4,29.2,26.1,23.4,26.0,21.3,19.8,24.7,21.3,30.2,24.9,25.2,23.0,23.7,21.0,26.7,24.9,20.7,21.9,18.0
368,21.8,27.0,23.9,26.7,24.9,27.4,27.1,24.1,26.2,24.9,28.5,27.2,27.9,25.2,26.8,27.3,24.0,31.6,27.9,29.0,24.9,25.6,27.7,23.0,24.9,25.1,26.9,25.5,22.9,29.0,25.1,27.8,19.7,20.0,19.5,19.1,31.3,26.6,28.6,24.2,29.4,32.1,22.8,19.4,23.9,26.5,21.3,26.5,29.7,20.7,28.3,29.3,23.7,22.7,24.5,26.9,24.4,26.4,28.5,27.0,32.7,25.7,31.3,23.9,34.7,28.0,29.0,26.3,29.8,26.5,24.1,25.4,23.3,19.5,26.6,21.2,30.6,25.2,25.0,22.7,23.4,20.5,26.5,25.3,20.3,21.6,17.9
369,26.9,30.9,29.9,29.2,26.9,29.4,29.3,26.4,27.8,26.5,30.4,28.6,30.0,26.6,28.9,29.0,26.5,33.7,30.0,30.8,27.1,27.4,29.9,24.5,27.1,27.6,28.1,27.4,24.9,31.1,26.9,29.5,21.1,21.5,20.6,20.7,37.0,30.4,31.5,28.4,32.3,37.7,25.2,22.1,28.1,32.1,24.7,31.5,37.6,23.0,33.5,32.2,29.0,26.9,25.0,28.1,25.3,27.5,28.7,28.2,33.8,25.9,32.9,29.1,35.8,29.8,31.4,27.5,32.1,28.5,29.7,28.6,29.2,22.9,31.7,25.0,32.6,26.7,26.7,24.7,25.3,22.2,27.6,26.9,21.4,23.2,19.4
370,31.9,34.7,35.1,34.8,29.9,32.0,32.2,29.4,30.0,28.4,32.1,31.0,32.1,28.5,31.6,30.9,29.1,35.8,31.9,32.5,29.5,29.7,32.6,27.2,31.2,30.8,29.9,30.0,27.2,33.5,29.4,31.5,24.0,24.1,22.6,23.0,42.0,34.7,36.6,32.3,35.7,41.8,29.5,25.7,32.6,37.4,28.2,35.5,43.6,26.8,39.0,35.5,34.0,31.4,26.8,29.9,27.7,29.7,30.5,29.6,35.1,27.5,34.9,33.8,37.4,32.0,34.3,29.5,34.6,30.6,34.7,35.2,34.7,26.6,36.2,29.2,34.3,28.3,28.8,28.6,28.8,25.5,29.7,29.0,24.2,25.8,21.5
371,36.4,37.9,38.5,40.0,32.6,34.9,35.1,32.0,31.9,30.5,33.9,33.3,34.1,30.5,34.4,32.5,31.6,37.5,33.8,33.9,31.9,31.7,34.9,29.6,35.0,34.2,32.1,32.7,29.2,35.8,31.9,33.5,26.7,26.6,24.5,25.6,45.2,37.8,41.3,35.8,38.9,44.4,33.9,28.8,36.9,41.0,32.2,38.9,47.9,30.4,43.0,38.6,38.8,34.9,28.8,31.7,29.8,31.7,32.3,31.1,36.6,29.4,36.5,37.7,39.4,33.8,37.1,31.3,36.8,32.1,39.4,40.9,39.5,29.7,39.6,32.8,35.8,29.8,30.9,32.5,32.3,29.5,31.6,30.8,27.1,28.2,23.5
372,39.9,39.9,40.7,43.7,35.1,37.0,37.6,34.4,33.6,32.3,35.4,35.1,35.9,32.3,36.9,34.1,33.7,38.9,35.7,35.1,33.9,33.3,37.1,32.0,38.2,36.9,33.9,34.9,31.3,37.7,34.1,35.2,28.9,28.8,26.5,27.4,47.9,39.9,45.0,38.5,41.9,46.4,37.5,31.0,40.3,43.2,35.8,41.6,50.8,33.3,46.4,41.5,42.7,37.5,30.3,33.2,31.3,33.4,34.0,32.4,38.0,31.3,38.0,40.8,41.5,35.6,39.7,33.1,38.7,33.8,43.1,44.6,42.9,31.9,42.1,35.7,37.3,31.3,32.7,35.7,35.1,33.0,33.3,32.4,29.4,30.3,25.3
373,42.6,41.2,41.7,46.4,37.1,39.2,39.6,36.2,35.0,33.7,36.8,36.5,37.2,33.9,38.7,35.8,35.4,39.8,36.7,36.0,35.7,35.0,38.7,33.7,40.4,39.0,35.4,36.8,32.7,39.3,35.7,36.6,30.7,30.5,28.0,29.0,50.1,41.7,47.9,40.7,44.2,47.5,40.1,32.6,42.7,44.5,38.3,43.7,52.8,35.5,49.2,43.8,45.4,39.3,31.4,34.2,32.3,34.5,35.4,33.2,38.9,32.7,39.1,42.8,43.3,36.9,41.6,34.6,40.2,35.0,45.9,47.1,45.0,33.2,44.1,37.8,38.4,32.4,34.3,38.1,37.3,36.0,34.4,33.5,31.3,31.8,26.7
374,44.0,41.9,41.7,48.3,38.7,40.7,41.2,37.6,35.9,34.9,37.6,37.7,38.1,35.0,40.1,36.9,36.5,40.2,37.5,36.4,36.8,36.2,40.2,35.1,42.2,40.4,36.6,38.1,33.8,40.2,36.9,37.7,32.1,31.7,29.2,30.0,51.0,42.2,49.5,42.3,46.0,47.8,42.0,33.7,44.3,44.8,39.9,44.9,53.8,36.9,50.9,45.3,47.1,40.0,32.2,34.7,32.9,35.1,36.6,33.8,39.3,33.9,39.7,44.0,45.1,37.7,43.1,35.8,41.4,36.1,47.6,48.7,46.2,34.3,45.3,39.0,39.1,33.1,35.4,39.5,38.7,38.0,35.1,34.0,32.7,32.8,27.7
375,43.4,41.3,42.4,49.2,39.5,41.5,42.0,38.4,36.2,35.3,37.9,38.3,38.5,35.5,40.9,37.3,36.7,40.1,37.7,36.6,37.4,36.5,40.8,35.8,43.3,41.0,37.2,38.7,34.3,40.7,37.6,37.9,32.8,32.2,29.5,30.5,51.5,41.2,50.3,42.8,47.0,47.5,43.2,34.0,44.3,44.9,40.7,45.1,54.1,37.6,51.9,46.1,48.3,39.8,32.4,34.9,33.0,35.3,37.1,33.8,39.2,34.5,39.8,44.4,46.3,37.9,43.7,36.3,41.7,36.4,48.3,49.3,46.0,35.1,45.7,39.8,39.3,33.3,35.9,40.4,39.7,39.2,35.3,33.9,33.2,33.3,28.1
376,43.3,39.6,40.1,49.3,39.4,41.6,41.9,38.1,35.8,35.1,37.6,38.3,38.0,35.4,40.7,37.0,36.7,39.0,37.0,35.9,37.2,36.3,40.7,35.6,43.4,41.3,37.0,38.3,34.1,40.4,37.5,37.5,32.7,31.9,29.4,29.9,50.4,39.3,50.4,42.2,47.2,45.7,43.5,33.2,43.1,43.5,40.4,43.9,52.9,37.3,51.9,45.6,48.4,38.0,31.7,34.0,32.3,34.6,37.1,32.9,38.3,34.5,38.9,43.6,46.5,37.2,43.5,36.1,41.3,35.9,47.8,49.5,45.1,34.7,44.8,39.4,38.8,32.8,35.5,40.7,39.4,39.2,34.9,33.5,33.3,33.0,27.9
377,37.8,35.3,34.6,48.0,37.8,40.1,40.4,36.5,34.3,33.5,36.0,37.3,36.2,34.2,39.2,35.6,34.9,36.8,35.4,34.4,35.5,34.8,39.2,34.2,41.9,39.6,35.7,36.6,32.4,38.7,36.1,35.7,31.2,30.2,28.2,28.7,46.4,35.6,49.0,39.3,45.7,40.0,42.0,31.0,39.2,39.0,38.2,39.8,47.5,35.8,50.3,43.2,46.9,33.4,30.6,32.3,31.0,33.1,36.0,31.2,36.9,33.7,37.0,39.8,45.1,34.9,41.2,34.9,39.7,34.2,45.8,48.7,41.0,32.6,40.7,37.4,37.3,31.6,34.2,39.2,38.1,37.5,33.4,32.1,32.0,31.4,26.2
378,32.6,32.2,30.4,43.3,34.2,37.3,36.9,32.8,32.8,31.5,34.5,35.6,34.1,32.3,36.1,33.8,31.9,35.5,33.7,33.3,32.4,32.4,35.7,31.3,36.7,35.4,34.2,33.5,29.7,36.2,33.7,33.4,28.0,27.5,26.2,26.1,41.3,32.5,44.3,34.9,42.8,35.7,37.0,27.0,36.0,34.9,34.9,35.9,43.0,31.4,45.4,40.7,41.3,30.0,28.7,31.1,28.9,31.1,34.3,30.4,36.2,31.6,35.7,36.0,43.0,33.2,37.4,33.1,37.2,32.7,39.7,43.1,35.3,29.2,37.0,32.6,35.9,30.5,31.7,34.5,34.0,33.8,30.5,31.1,29.1,29.1,23.6
379,29.4,30.9,28.0,38.9,32.1,35.2,34.8,30.2,32.0,30.3,33.6,34.1,33.0,30.9,34.2,32.6,29.4,34.9,32.7,32.7,30.5,31.3,33.6,29.8,33.6,32.5,33.0,31.5,28.3,34.7,31.7,32.4,26.3,25.6,24.9,24.5,38.7,31.0,40.2,32.4,40.4,34.0,33.5,25.4,33.6,31.6,32.3,33.7,39.7,28.7,41.0,39.1,36.0,28.5,28.0,30.3,28.0,29.7,33.0,29.8,35.6,30.2,34.6,33.7,41.6,32.0,35.9,32.1,35.8,31.6,36.6,37.3,32.3,27.2,34.9,30.4,35.1,29.6,30.2,30.8,31.8,30.9,29.7,30.3,27.3,27.7,22.2
380,27.6,29.8,26.5,36.0,30.4,34.1,33.2,28.7,31.1,29.3,33.0,33.0,32.1,29.9,32.8,31.8,28.1,34.4,32.1,32.2,29.4,30.2,32.4,28.9,32.2,30.9,31.9,30.1,26.8,33.8,30.1,31.7,25.2,24.6,24.0,23.2,36.8,29.8,37.8,30.3,39.1,32.9,31.6,24.4,31.8,30.2,30.1,32.3,37.2,27.3,38.7,37.6,33.5,27.4,27.5,29.6,27.3,29.4,32.0,29.5,35.2,29.4,33.8,31.8,40.1,31.2,34.8,31.2,34.9,30.8,34.7,34.8,30.3,25.9,33.3,28.7,34.3,28.9,29.3,29.1,30.4,28.9,29.4,29.7,26.1,26.7,21.2
381,25.7,29.3,25.3,33.8,29.6,33.0,32.1,27.7,30.2,28.5,32.3,31.8,31.4,29.1,32.0,31.0,27.2,33.8,31.6,31.8,28.4,29.3,31.6,28.1,31.0,30.0,30.8,29.1,25.9,32.9,29.1,31.3,24.4,23.8,23.2,22.5,35.5,28.9,36.1,28.8,37.7,32.0,29.9,23.9,29.9,29.5,28.3,30.9,35.3,26.3,36.6,36.1,31.9,26.4,27.2,29.1,26.8,28.9,31.3,29.2,34.9,28.9,33.3,30.0,39.1,30.4,33.8,30.4,34.3,30.1,33.3,33.2,28.8,24.9,31.9,27.6,33.6,28.4,28.4,28.1,29.2,27.3,28.9,28.9,25.1,25.6,20.6
382,24.2,29.1,24.6,32.4,28.8,32.1,31.2,26.8,29.6,27.9,31.5,31.0,31.1,28.3,31.2,30.4,26.5,33.3,31.0,31.4,27.6,28.7,30.7,27.5,30.1,29.3,30.1,28.3,25.1,32.4,28.3,30.6,23.7,23.0,22.5,21.9,34.5,28.4,35.0,27.8,36.4,31.5,28.8,23.5,28.2,29.0,26.8,29.8,34.0,25.6,35.1,34.8,30.6,25.5,26.9,28.7,26.4,28.5,30.8,29.0,34.6,28.5,32.9,29.0,38.3,30.0,33.1,29.5,33.4,29.5,32.0,31.7,27.2,24.4,30.7,26.5,33.3,28.1,27.6,27.2,28.3,26.1,28.7,28.5,24.3,24.8,20.2
383,23.1,28.5,23.9,31.3,28.2,31.3,30.6,26.2,29.1,27.5,31.1,30.3,30.5,27.7,30.6,29.9,25.9,32.9,30.6,30.9,27.1,28.1,30.3,26.9,29.0,28.6,29.4,27.9,24.7,31.8,27.6,29.9,23.2,22.5,21.9,21.4,33.3,28.1,33.7,27.2,35.5,31.3,27.8,22.7,27.1,28.2,25.7,28.8,32.7,25.0,33.8,33.6,29.3,24.8,26.6,28.3,26.2,28.2,30.4,28.5,34.3,27.9,32.6,28.2,37.6,29.7,32.3,29.0,32.9,29.0,30.8,30.5,25.8,23.5,29.6,25.5,32.8,27.6,27.2,26.4,27.6,25.3,28.4,27.9,23.7,24.3,19.9
384,21.8,28.2,23.7,30.6,27.2,30.6,29.8,25.9,28.6,27.0,30.7,29.7,29.9,27.3,29.9,29.4,25.4,32.5,30.0,30.5,26.7,27.4,29.9,26.1,28.6,28.1,28.9,27.4,24.2,31.0,27.1,29.4,22.9,22.0,21.6,20.9,32.5,27.8,32.9,26.7,34.6,30.7,27.0,22.2,25.9,27.6,24.7,28.0,31.5,24.0,32.7,32.7,28.1,24.2,26.3,28.0,25.9,27.9,30.3,28.2,33.9,27.3,32.4,27.1,37.1,29.3,31.8,28.5,32.2,28.4,29.6,29.4,24.6,23.0,28.7,24.8,32.2,27.1,26.7,25.8,26.9,24.4,28.5,27.3,23.3,23.7,19.8
385,21.5,27.6,23.7,29.5,26.7,29.7,29.1,25.6,27.9,26.4,30.0,29.2,29.3,26.9,29.2,28.8,25.0,32.1,29.4,30.2,26.3,26.9,29.5,25.5,27.9,27.5,28.4,27.2,23.8,30.6,26.7,29.0,22.3,21.5,21.2,20.6,31.8,27.3,32.0,26.1,33.5,30.5,26.3,21.5,25.0,26.9,23.9,27.4,30.6,23.3,31.8,31.6,27.4,23.7,25.8,27.8,25.6,27.6,29.8,27.8,33.5,26.9,32.1,26.4,36.6,29.2,31.4,28.0,31.6,27.8,28.3,28.9,23.5,22.6,27.8,24.1,31.8,26.5,26.3,25.2,26.1,23.6,28.2,26.8,22.9,23.3,19.5
386,21.0,27.2,23.2,28.9,26.0,29.3,28.8,25.1,27.6,26.0,29.6,28.7,28.9,26.4,28.8,28.4,24.6,32.0,28.9,29.6,26.0,26.7,28.8,25.1,27.3,27.1,28.0,26.9,23.5,30.3,26.4,28.5,22.0,21.1,20.7,19.9,31.2,26.9,31.3,25.6,32.7,30.3,25.4,21.0,24.6,26.8,23.1,26.7,29.7,22.7,31.2,30.8,26.3,23.5,25.7,27.5,25.2,27.2,29.5,27.7,33.3,26.7,31.8,25.7,36.1,28.8,30.8,27.6,31.0,27.3,27.3,28.1,23.1,22.0,27.1,23.6,31.5,26.2,25.9,25.0,25.4,22.9,28.0,26.6,22.6,22.9,18.9
387,20.7,26.9,23.0,28.3,25.7,28.9,28.4,24.7,27.3,25.7,29.3,28.3,28.6,26.0,28.4,28.1,24.3,31.9,28.6,29.2,25.6,26.2,28.3,24.4,26.7,26.6,27.5,26.3,23.2,29.9,26.0,28.1,21.8,20.9,20.6,19.7,30.6,26.5,30.6,25.1,31.9,30.0,24.7,20.6,23.9,26.1,22.7,26.0,29.0,22.2,30.5,30.4,25.5,23.1,25.4,27.5,25.2,27.1,29.1,27.6,33.0,26.4,31.6,25.0,35.8,28.6,30.4,27.2,30.5,27.0,26.1,27.3,22.5,21.5,26.5,22.7,31.1,25.9,25.5,24.3,24.9,22.5,27.7,26.3,22.2,22.7,18.6
388,20.4,26.6,22.5,28.0,25.3,28.4,27.9,24.3,26.9,25.4,28.9,27.9,28.1,25.6,27.9,27.7,24.1,31.7,28.3,28.8,25.3,25.9,28.0,24.1,26.1,26.2,27.2,25.9,23.0,29.5,25.6,27.8,21.2,20.5,20.1,19.5,30.1,26.2,29.9,24.5,30.9,29.7,24.3,20.1,23.5,25.3,22.1,25.5,28.2,21.8,29.7,29.8,24.8,22.6,25.2,27.2,24.9,26.9,28.9,27.5,32.7,26.3,31.4,24.2,35.5,28.3,30.0,26.7,29.9,26.7,25.1,26.8,22.0,20.9,26.0,22.1,30.6,25.5,25.3,24.2,24.5,22.0,27.5,25.9,21.8,22.2,18.3
389,20.3,26.5,22.3,27.7,24.9,27.9,27.5,24.1,26.6,25.1,28.6,27.5,27.8,25.4,27.4,27.3,24.0,31.5,28.0,28.7,25.2,25.6,27.8,23.6,25.6,25.9,26.9,25.8,22.8,29.1,25.5,27.5,20.8,20.4,19.8,19.2,29.7,25.9,29.7,23.9,30.2,29.5,23.8,20.0,22.9,25.3,21.7,25.0,27.6,21.6,29.3,29.4,24.4,22.3,25.0,27.1,24.6,26.7,28.7,27.2,32.6,26.2,31.2,23.9,35.1,28.1,29.8,26.4,29.5,26.4,24.5,26.2,21.2,20.6,25.4,21.8,30.3,25.3,25.0,23.7,24.2,21.5,27.2,25.5,21.3,21.8,18.1
390,19.8,25.7,22.1,27.4,24.5,27.7,27.3,24.0,26.2,24.9,28.3,27.2,27.5,25.2,27.0,27.0,23.8,31.5,27.6,28.5,25.0,25.3,27.5,23.3,25.3,25.5,26.7,25.5,22.7,29.0,25.0,27.2,20.4,20.0,19.6,19.2,29.2,25.9,29.3,23.4,29.5,29.2,23.3,19.8,22.3,24.6,21.4,24.6,27.3,21.2,28.9,28.9,23.8,21.9,24.7,26.9,24.4,26.6,28.4,27.0,32.4,26.0,31.0,23.2,34.9,28.0,29.5,26.3,29.2,26.1,24.2,25.8,21.1,20.4,24.9,21.4,30.0,25.0,25.0,23.4,23.7,21.2,26.9,25.1,21.0,21.6,17.9
391,19.4,26.0,22.0,27.1,24.6,27.5,27.0,23.8,25.8,24.6,28.1,26.8,27.3,25.1,26.7,26.9,23.7,31.4,27.3,28.3,24.9,25.3,27.4,23.0,25.0,25.2,26.6,25.3,22.5,28.7,24.8,26.9,20.1,19.8,19.4,18.7,28.8,25.7,28.9,22.9,28.9,29.0,23.0,19.7,21.9,24.1,20.9,24.4,26.7,20.8,28.2,28.7,23.1,21.7,24.3,26.9,24.3,26.3,28.4,26.8,32.2,25.9,30.8,22.8,34.8,28.0,29.1,26.1,28.9,25.9,23.5,25.8,20.9,20.2,24.6,21.0,29.9,24.8,24.8,23.1,23.6,21.0,26.5,24.8,20.7,21.5,17.9
392,21.8,27.1,23.9,26.7,24.7,27.2,26.9,23.7,25.9,24.6,28.4,26.9,27.7,24.9,26.6,27.0,23.7,31.4,27.7,29.0,24.6,25.3,27.4,22.8,24.7,24.9,26.6,25.2,22.6,28.8,24.8,27.4,19.6,19.9,19.4,18.8,31.1,26.6,28.3,24.2,29.4,31.8,22.7,19.6,23.7,26.2,21.5,26.6,29.6,20.5,28.3,29.3,23.7,22.9,24.3,26.9,24.2,26.2,28.3,27.0,32.6,25.8,31.0,23.9,34.6,27.8,29.0,25.9,29.5,26.3,24.1,25.2,23.1,19.9,26.5,20.9,30.3,25.1,24.7,22.8,23.4,20.6,26.3,25.2,20.3,21.2,17.8
393,26.9,30.8,29.8,29.3,26.8,29.2,29.1,26.1,27.6,26.2,30.2,28.4,29.7,26.2,28.8,28.7,26.2,33.7,29.8,30.7,26.8,27.1,29.7,24.3,27.0,27.5,27.8,27.3,24.6,30.8,26.6,29.1,21.1,21.4,20.5,20.5,36.8,30.4,31.3,28.4,32.2,37.5,25.1,22.3,27.9,31.9,24.9,31.4,37.6,22.8,33.4,32.3,29.1,27.0,24.9,28.1,25.2,27.4,28.5,28.2,33.7,25.9,32.7,29.0,35.8,29.6,31.5,27.2,31.9,28.3,29.6,28.4,29.1,23.3,31.7,24.7,32.3,26.5,26.4,24.7,25.4,22.3,27.4,26.8,21.4,22.9,19.2
394,31.9,34.6,35.0,34.9,29.8,31.9,32.2,29.2,29.8,28.2,31.9,30.8,31.9,28.2,31.5,30.7,28.8,35.8,31.8,32.4,29.3,29.5,32.4,27.0,31.1,30.7,29.7,30.0,27.0,33.3,29.2,31.2,24.0,23.9,22.5,23.0,41.7,34.8,36.4,32.3,35.6,41.7,29.6,25.9,32.4,37.4,28.3,35.5,43.7,26.8,38.9,35.6,34.1,31.4,26.6,29.8,27.5,29.6,30.2,29.6,35.1,27.5,34.7,33.8,37.4,31.8,34.3,29.3,34.5,30.4,34.6,35.1,34.8,27.0,36.2,29.0,34.0,28.1,28.6,28.6,28.8,25.7,29.6,29.0,24.2,25.5,21.4
395,36.4,37.8,38.5,40.1,32.6,34.8,35.1,31.9,31.8,30.3,33.8,33.1,33.9,30.4,34.4,32.4,31.5,37.6,33.8,33.8,31.8,31.5,34.9,29.5,35.1,34.2,31.9,32.8,29.1,35.6,31.7,33.3,26.8,26.6,24.4,25.5,45.0,38.0,41.2,35.8,38.9,44.4,34.0,29.1,36.8,41.0,32.3,38.8,48.0,30.4,42.9,38.8,38.8,35.0,28.7,31.7,29.7,31.7,32.1,31.0,36.6,29.4,36.3,37.8,39.5,33.7,37.2,31.2,36.7,32.0,39.3,40.8,39.6,29.9,39.7,32.8,35.6,29.7,30.7,32.6,32.3,29.6,31.5,30.8,27.1,27.9,23.5
396,39.9,39.9,40.6,43.8,35.2,37.1,37.6,34.3,33.3,32.1,35.3,35.0,35.7,32.2,36.9,34.0,33.7,39.0,35.6,34.9,33.8,33.3,37.1,32.0,38.3,37.0,33.7,35.0,31.2,37.6,33.9,35.0,29.0,29.0,26.5,27.5,47.8,40.2,44.9,38.5,41.9,46.5,37.6,31.2,40.4,43.3,35.8,41.7,50.9,33.3,46.3,41.6,42.5,37.6,30.2,33.2,31.2,33.4,33.8,32.4,37.9,31.3,37.9,40.9,41.7,35.5,39.8,33.0,38.7,33.8,43.0,44.6,43.0,32.2,42.2,35.7,37.1,31.1,32.6,35.8,35.2,33.2,33.3,32.4,29.5,30.1,25.4
397,42.7,41.3,41.6,46.5,37.2,39.3,39.7,36.2,34.7,33.6,36.6,36.4,37.0,33.9,38.8,35.7,35.4,39.9,36.6,35.7,35.7,34.9,38.7,33.8,40.4,39.1,35.2,36.9,32.6,39.3,35.6,36.4,30.7,30.6,28.1,29.1,50.0,41.8,47.8,40.8,44.2,47.6,40.3,32.8,42.8,44.6,38.3,43.8,52.9,35.4,49.0,44.0,45.2,39.4,31.2,34.2,32.2,34.4,35.2,33.2,38.8,32.7,39.1,42.9,43.6,36.9,41.8,34.6,40.3,35.0,45.8,47.1,45.3,33.6,44.2,37.7,38.3,32.2,34.2,38.2,37.4,36.2,34.3,33.4,31.4,31.6,26.8
398,44.2,41.9,41.7,48.4,38.9,40.8,41.3,37.5,35.7,34.8,37.5,37.6,38.0,35.0,40.2,36.8,36.5,40.3,37.4,36.2,36.8,36.2,40.3,35.1,42.4,40.5,36.5,38.2,33.7,40.2,36.9,37.6,32.2,31.8,29.3,30.0,50.9,42.3,49.5,42.4,46.0,47.9,42.2,34.0,44.5,44.9,39.9,45.0,53.9,36.9,50.9,45.5,47.0,40.2,32.1,34.8,32.8,35.0,36.5,33.8,39.3,33.9,39.7,44.1,45.5,37.8,43.3,35.8,41.5,36.0,47.5,48.6,46.4,34.7,45.4,39.0,39.0,33.0,35.4,39.7,38.8,38.2,35.1,34.0,32.7,32.7,27.8
399,43.6,41.3,42.4,49.3,39.6,41.7,42.2,38.4,36.1,35.2,37.9,38.3,38.4,35.5,41.1,37.3,36.8,40.1,37.7,36.4,37.4,36.6,41.0,36.0,43.4,41.1,37.1,38.8,34.2,40.8,37.5,37.9,32.8,32.3,29.6,30.6,51.4,41.3,50.3,43.0,47.0,47.6,43.4,34.2,44.5,45.1,40.7,45.1,54.2,37.6,51.9,46.3,48.3,39.9,32.3,35.1,33.0,35.3,37.0,33.9,39.2,34.6,39.8,44.5,46.7,37.9,44.0,36.2,41.8,36.4,48.1,49.3,46.1,35.5,45.8,39.8,39.2,33.2,35.9,40.6,39.8,39.4,35.4,33.9,33.3,33.2,28.2
400,43.5,39.6,40.1,49.3,39.5,41.8,42.1,38.2,35.7,35.0,37.6,38.3,38.0,35.5,40.8,37.0,36.7,39.1,37.0,35.8,37.3,36.3,40.8,35.8,43.6,41.4,36.9,38.4,34.0,40.5,37.5,37.5,32.8,32.0,29.5,30.1,50.3,39.5,50.5,42.3,47.2,45.8,43.6,33.5,43.3,43.8,40.4,44.0,53.0,37.3,51.8,45.8,48.4,38.2,31.7,34.1,32.3,34.7,37.0,33.0,38.3,34.6,38.9,43.8,47.0,37.3,43.8,36.1,41.4,35.9,47.7,49.5,45.2,35.1,45.0,39.4,38.8,32.7,35.6,40.8,39.6,39.4,35.1,33.4,33.4,33.0,28.0
401,38.1,35.4,34.7,48.1,38.0,40.3,40.6,36.6,34.2,33.5,36.0,37.3,36.2,34.3,39.4,35.6,35.0,36.8,35.4,34.3,35.6,34.8,39.4,34.5,42.1,39.7,35.7,36.8,32.5,38.9,36.2,35.7,31.3,30.4,28.3,28.8,46.4,35.9,49.1,39.5,45.9,40.3,42.3,31.3,39.4,39.3,38.3,40.0,47.6,35.8,50.3,43.4,46.9,33.7,30.6,32.3,31.0,33.2,36.0,31.2,36.9,33.8,36.9,40.1,45.5,35.0,41.5,34.9,39.8,34.3,45.7,48.6,41.3,33.1,40.9,37.4,37.2,31.5,34.3,39.4,38.3,37.8,33.5,32.1,32.1,31.5,26.4
402,32.6,32.3,30.4,43.3,34.3,37.5,37.1,33.1,32.6,31.5,34.5,35.6,34.1,32.3,36.4,33.7,32.0,35.5,33.7,33.1,32.6,32.5,35.9,31.6,36.8,35.6,34.2,33.8,29.8,36.3,33.8,33.4,28.2,27.8,26.4,26.3,41.2,32.6,44.4,35.0,42.9,35.9,37.1,27.3,36.1,35.2,34.9,36.1,43.0,31.4,45.5,40.8,41.2,30.3,28.7,30.9,28.9,31.2,34.2,30.4,36.1,31.8,35.6,36.2,43.3,33.3,37.6,33.2,37.2,32.7,39.7,43.1,35.5,29.7,37.0,32.6,35.8,30.4,31.7,34.8,34.2,34.1,30.7,31.0,29.3,29.2,23.8
403,29.3,30.9,28.0,38.9,32.3,35.4,34.9,30.5,31.8,30.3,33.6,34.1,33.0,31.0,34.4,32.6,29.7,34.9,32.6,32.5,30.7,31.3,33.9,30.1,33.6,32.7,33.1,31.6,28.5,34.7,31.9,32.3,26.5,25.9,25.2,24.8,38.6,31.1,40.2,32.4,40.6,34.2,33.6,25.7,33.7,31.7,32.3,33.8,39.6,28.7,41.1,39.1,36.0,28.8,28.0,30.3,28.0,29.8,32.9,29.8,35.5,30.3,34.5,33.8,41.8,32.1,36.0,32.1,35.8,31.6,36.4,37.3,32.3,27.7,34.9,30.4,35.0,29.5,30.4,31.0,31.9,31.1,29.9,30.2,27.4,27.8,22.5
404,27.6,29.8,26.6,35.9,30.6,34.3,33.4,29.0,30.9,29.4,32.9,33.0,32.1,30.0,33.0,31.7,28.4,34.2,32.0,32.0,29.7,30.3,32.7,29.2,32.2,31.1,32.0,30.4,27.1,33.9,30.5,31.7,25.4,24.9,24.2,23.6,36.6,29.9,37.7,30.4,39.2,32.9,31.6,24.6,31.8,30.3,30.1,32.3,37.2,27.3,38.7,37.7,33.4,27.6,27.5,29.5,27.4,29.5,32.0,29.4,35.1,29.5,33.7,31.9,40.3,31.2,34.9,31.3,34.8,30.9,34.6,34.7,30.4,26.3,33.3,28.7,34.2,28.8,29.5,29.3,30.5,29.1,29.5,29.5,26.3,26.8,21.4
405,25.8,29.2,25.5,33.8,29.8,33.1,32.2,28.0,30.0,28.6,32.2,31.8,31.4,29.3,32.2,31.0,27.6,33.6,31.5,31.6,28.7,29.4,31.8,28.3,31.0,30.1,31.0,29.3,26.2,33.0,29.4,31.2,24.6,24.1,23.4,22.8,35.3,28.9,35.9,28.9,37.8,32.0,29.9,24.2,30.0,29.5,28.4,31.0,35.2,26.3,36.6,36.2,31.9,26.6,27.2,29.0,26.8,29.1,31.2,29.2,34.8,29.0,33.2,30.1,39.3,30.3,33.9,30.4,34.1,30.1,33.1,33.0,28.9,25.4,32.0,27.5,33.5,28.3,28.6,28.3,29.4,27.6,29.1,28.8,25.2,25.7,20.9
406,24.4,29.1,24.7,32.3,29.0,32.2,31.3,27.1,29.5,28.0,31.5,31.0,31.0,28.5,31.4,30.4,26.7,33.2,30.9,31.2,27.8,28.8,31.0,27.7,30.0,29.4,30.3,28.5,25.5,32.5,28.6,30.6,24.0,23.3,22.8,22.2,34.3,28.3,34.8,28.0,36.5,31.5,28.8,23.7,28.4,28.9,26.8,29.9,33.9,25.5,35.3,34.8,30.6,25.7,26.9,28.6,26.4,28.7,30.7,29.0,34.5,28.5,32.8,29.1,38.4,29.9,33.2,29.6,33.3,29.5,31.8,31.5,27.4,24.8,30.7,26.4,33.2,27.9,27.8,27.3,28.5,26.3,28.8,28.4,24.5,25.1,20.4
407,23.2,28.4,24.0,31.2,28.5,31.5,30.6,26.5,29.0,27.7,31.0,30.3,30.4,27.9,30.8,30.0,26.1,32.7,30.5,30.8,27.3,28.3,30.5,27.1,28.9,28.8,29.6,28.1,24.9,31.9,27.9,29.9,23.3,22.7,22.2,21.6,33.1,28.0,33.5,27.4,35.6,31.3,27.7,23.0,27.2,28.2,25.7,28.9,32.6,24.8,33.9,33.6,29.2,24.9,26.6,28.2,26.2,28.3,30.3,28.5,34.2,28.0,32.5,28.2,37.8,29.6,32.4,29.0,32.9,29.0,30.6,30.3,26.0,23.9,29.6,25.5,32.7,27.5,27.4,26.6,27.7,25.4,28.6,27.7,23.9,24.5,20.1
408,22.0,28.1,23.8,30.4,27.6,30.8,29.9,26.2,28.5,27.1,30.6,29.8,29.8,27.4,30.1,29.5,25.6,32.3,29.8,30.4,26.9,27.7,30.1,26.3,28.6,28.2,29.1,27.6,24.5,31.1,27.4,29.4,23.1,22.3,21.7,21.2,32.3,27.7,32.7,26.8,34.6,30.5,27.0,22.6,25.9,27.6,24.8,28.0,31.5,23.9,32.8,32.7,27.9,24.3,26.3,27.8,25.9,28.1,30.1,28.2,33.9,27.4,32.2,27.1,37.2,29.2,31.9,28.6,32.1,28.5,29.5,29.2,24.8,23.5,28.7,24.8,32.1,27.0,26.8,25.9,26.9,24.5,28.5,27.2,23.5,23.9,20.0
409,21.6,27.6,23.8,29.4,26.9,29.9,29.2,25.7,27.9,26.6,29.9,29.2,29.1,27.0,29.3,28.9,25.2,31.8,29.3,30.1,26.5,27.0,29.6,25.7,28.0,27.6,28.5,27.3,24.1,30.8,26.9,29.0,22.5,21.8,21.4,20.8,31.6,27.2,31.8,26.1,33.6,30.4,26.3,21.8,25.1,26.9,24.0,27.5,30.4,23.2,31.9,31.6,27.3,23.8,25.9,27.7,25.6,27.6,29.6,27.8,33.4,26.9,31.9,26.3,36.7,29.2,31.4,28.2,31.6,27.9,28.2,28.6,23.7,23.2,27.8,24.1,31.7,26.5,26.5,25.3,26.1,23.8,28.3,26.7,23.1,23.5,19.6
410,21.1,27.1,23.2,28.7,26.2,29.4,28.8,25.2,27.5,26.2,29.5,28.7,28.8,26.5,29.0,28.4,24.9,31.7,28.8,29.5,26.1,26.8,28.9,25.2,27.3,27.2,28.2,27.0,23.8,30.4,26.5,28.6,22.0,21.3,20.9,20.1,31.0,26.8,31.1,25.6,32.6,30.2,25.5,21.4,24.8,26.8,23.1,26.7,29.7,22.6,31.3,30.8,26.1,23.6,25.7,27.4,25.2,27.4,29.4,27.7,33.3,26.6,31.6,25.7,36.2,28.7,30.9,27.7,30.9,27.4,27.3,27.7,23.3,22.4,27.1,23.6,31.4,26.2,26.0,25.0,25.5,23.0,28.0,26.5,22.7,23.1,19.2
411,20.8,26.8,23.0,28.2,25.8,29.0,28.4,24.8,27.2,25.9,29.2,28.4,28.6,26.1,28.5,28.2,24.5,31.5,28.5,29.1,25.7,26.2,28.6,24.5,26.7,26.6,27.6,26.4,23.6,30.0,26.2,28.2,21.8,21.2,20.8,19.9,30.4,26.5,30.4,25.1,31.9,29.9,24.7,21.0,24.0,26.1,22.7,26.1,29.0,22.2,30.6,30.4,25.5,23.1,25.4,27.3,25.2,27.3,28.9,27.5,32.9,26.4,31.3,24.9,35.9,28.4,30.4,27.3,30.4,27.1,26.2,27.1,22.6,22.0,26.6,22.7,31.0,25.9,25.7,24.3,24.9,22.6,27.7,26.2,22.3,22.9,18.9
412,20.5,26.4,22.5,27.8,25.4,28.5,28.0,24.3,26.7,25.5,28.8,27.9,28.1,25.7,28.0,27.8,24.3,31.3,28.2,28.7,25.4,26.0,28.2,24.2,26.1,26.2,27.2,25.9,23.5,29.6,25.7,27.9,21.2,20.7,20.2,19.7,29.9,26.2,29.8,24.5,31.0,29.5,24.4,20.5,23.5,25.3,22.2,25.5,28.2,21.8,29.8,29.9,24.8,22.5,25.2,27.0,24.8,26.9,28.7,27.4,32.7,26.3,31.1,24.2,35.5,28.1,30.0,26.8,29.9,26.9,25.1,26.5,22.1,21.4,26.0,22.1,30.5,25.5,25.3,24.1,24.5,22.1,27.4,25.8,21.9,22.3,18.5
413,20.2,26.4,22.3,27.6,25.0,28.0,27.5,24.1,26.4,25.3,28.6,27.5,27.9,25.5,27.4,27.4,24.1,31.2,27.9,28.5,25.2,25.7,28.1,23.7,25.6,25.9,27.0,25.7,23.1,29.1,25.6,27.7,20.8,20.5,19.9,19.3,29.6,25.9,29.5,24.0,30.2,29.4,23.9,20.4,23.0,25.3,21.7,24.9,27.6,21.5,29.4,29.4,24.3,22.3,25.0,26.8,24.5,26.7,28.5,27.0,32.6,26.2,30.9,23.9,35.1,27.8,29.7,26.5,29.6,26.5,24.4,25.9,21.2,21.2,25.3,21.8,30.2,25.3,25.1,23.7,24.1,21.6,27.2,25.4,21.4,21.9,18.2
414,19.7,25.6,22.2,27.3,24.6,27.6,27.2,23.9,26.0,24.9,28.3,27.3,27.6,25.3,27.0,27.1,23.9,31.1,27.6,28.3,25.0,25.3,27.7,23.3,25.4,25.4,26.7,25.5,23.0,29.0,25.0,27.3,20.4,20.0,19.7,19.2,29.1,25.9,29.0,23.4,29.5,29.1,23.3,20.2,22.3,24.6,21.5,24.7,27.4,21.0,28.9,28.9,23.7,21.9,24.7,26.7,24.4,26.6,28.2,26.9,32.4,26.0,30.7,23.2,35.0,27.7,29.5,26.3,29.3,26.3,24.1,25.6,21.1,20.9,24.8,21.2,30.0,24.9,25.1,23.4,23.7,21.2,26.8,25.0,21.0,21.7,17.9
415,19.4,25.9,22.1,26.9,24.6,27.4,26.9,23.7,25.6,24.6,28.1,26.9,27.3,25.2,26.6,26.9,23.7,31.0,27.3,28.1,24.8,25.4,27.5,23.0,25.0,25.1,26.6,25.2,22.6,28.6,24.8,26.9,20.2,19.8,19.4,18.7,28.7,25.7,28.6,23.0,29.0,28.8,23.0,20.1,21.9,23.9,21.0,24.4,26.8,20.6,28.2,28.6,23.0,21.6,24.3,26.6,24.3,26.3,28.2,26.6,32.2,25.8,30.5,22.7,34.8,27.7,29.1,26.1,28.9,26.1,23.2,25.6,20.9,20.7,24.5,20.8,29.8,24.7,24.9,23.1,23.5,21.1,26.5,24.8,20.8,21.5,17.8
416,21.7,27.0,24.1,26.6,24.7,27.1,26.8,23.6,25.7,24.6,28.4,26.9,27.7,24.9,26.6,27.0,23.7,31.1,27.7,28.8,24.5,25.4,27.5,22.8,24.7,24.8,26.5,25.1,22.5,28.7,24.7,27.4,19.7,19.9,19.3,18.8,31.0,26.6,28.1,24.3,29.5,31.7,22.6,20.0,23.7,26.2,21.6,26.6,29.8,20.4,28.3,29.3,23.7,22.9,24.3,26.6,24.1,26.2,28.1,26.8,32.6,25.7,30.7,23.8,34.6,27.6,29.1,25.9,29.5,26.4,23.9,25.0,23.1,20.5,26.4,20.7,30.3,24.9,24.7,22.8,23.3,20.7,26.3,25.1,20.4,21.2,17.7
417,27.0,30.8,29.9,29.2,26.9,29.1,29.2,26.1,27.4,26.2,30.1,28.4,29.7,26.3,28.8,28.8,26.2,33.4,29.8,30.6,26.8,27.3,29.8,24.4,27.0,27.5,27.8,27.2,24.7,30.8,26.6,29.1,21.2,21.4,20.5,20.6,36.8,30.4,31.2,28.6,32.3,37.5,25.2,22.7,28.0,32.0,25.0,31.5,37.8,22.7,33.6,32.3,29.1,27.1,24.9,28.0,25.2,27.4,28.3,28.1,33.7,25.9,32.5,29.0,35.8,29.4,31.6,27.2,31.9,28.3,29.5,28.2,29.3,23.9,31.6,24.7,32.2,26.4,26.4,24.8,25.4,22.4,27.3,26.8,21.6,23.0,19.1
418,32.1,34.6,35.0,35.0,29.9,31.9,32.2,29.2,29.6,28.2,31.8,30.8,31.9,28.3,31.6,30.7,28.9,35.6,31.7,32.2,29.3,29.5,32.4,27.2,31.2,30.8,29.8,30.0,27.1,33.2,29.2,31.1,24.1,24.0,22.5,23.0,41.7,34.8,36.4,32.5,35.8,41.7,29.7,26.3,32.5,37.5,28.5,35.7,43.9,26.7,39.1,35.6,34.1,31.6,26.6,29.7,27.5,29.6,30.1,29.6,35.0,27.5,34.4,33.9,37.6,31.6,34.4,29.3,34.4,30.4,34.7,35.0,34.9,27.5,36.2,29.0,33.9,27.9,28.6,28.8,29.0,25.8,29.6,28.8,24.5,25.5,21.4
419,36.6,37.8,38.4,40.3,32.8,34.9,35.1,32.0,31.6,30.3,33.6,33.0,33.7,30.4,34.4,32.4,31.5,37.4,33.6,33.6,31.9,31.5,34.9,29.7,35.3,34.3,31.9,32.8,29.1,35.6,31.7,33.1,27.0,26.7,24.4,25.5,45.1,38.0,41.2,36.0,39.1,44.4,34.3,29.5,36.9,41.1,32.5,39.0,48.1,30.3,43.1,38.7,38.8,35.1,28.7,31.5,29.7,31.7,32.0,31.0,36.6,29.4,36.1,37.9,39.7,33.6,37.3,31.2,36.7,32.0,39.4,40.8,39.7,30.4,39.7,32.8,35.5,29.3,30.8,32.8,32.5,29.8,31.5,30.6,27.4,27.9,23.5
420,40.1,39.8,40.5,44.1,35.4,37.3,37.7,34.4,33.2,32.1,35.1,34.8,35.5,32.2,37.0,34.0,33.7,38.8,35.4,34.8,33.9,33.2,37.1,32.1,38.5,37.1,33.8,35.1,31.2,37.5,34.0,34.8,29.1,29.0,26.4,27.6,47.9,40.2,44.9,38.8,42.0,46.4,37.9,31.6,40.6,43.4,35.9,41.8,51.0,33.3,46.5,41.6,42.6,37.7,30.3,33.1,31.2,33.3,33.8,32.2,38.0,31.4,37.6,41.1,41.8,35.4,39.9,33.0,38.6,33.7,43.1,44.7,43.0,32.7,42.2,35.6,37.0,30.8,32.6,36.0,35.3,33.4,33.3,32.1,29.7,30.2,25.4
421,43.0,41.3,41.6,46.7,37.4,39.4,39.8,36.2,34.6,33.6,36.4,36.2,36.8,33.9,39.0,35.6,35.4,39.8,36.4,35.6,35.8,34.8,38.8,33.9,40.8,39.3,35.3,36.9,32.6,39.2,35.6,36.3,30.9,30.6,28.1,29.1,50.0,41.8,47.8,40.9,44.4,47.6,40.6,33.2,43.0,44.8,38.4,43.9,53.0,35.5,49.3,44.0,45.4,39.6,31.3,34.1,32.2,34.4,35.3,33.1,39.0,32.8,38.8,43.0,43.9,36.9,42.0,34.6,40.2,34.9,45.9,47.2,45.2,34.0,44.3,37.6,38.1,31.9,34.2,38.4,37.6,36.4,34.4,33.2,31.6,31.6,26.8
422,44.5,41.9,41.8,48.6,39.1,40.9,41.4,37.6,35.5,34.8,37.3,37.4,37.8,35.0,40.4,36.6,36.5,40.2,37.2,36.0,36.9,36.1,40.3,35.2,42.7,40.8,36.5,38.2,33.7,40.1,37.0,37.4,32.3,31.8,29.3,30.0,50.9,42.3,49.6,42.6,46.2,47.9,42.5,34.3,44.7,45.2,40.1,45.1,54.0,37.0,51.1,45.6,47.2,40.3,32.1,34.8,32.9,35.1,36.6,33.7,39.4,33.9,39.6,44.3,45.7,37.9,43.5,35.8,41.4,35.9,47.6,48.7,46.3,35.1,45.5,39.0,38.9,32.5,35.5,39.9,39.0,38.5,35.3,33.7,32.9,32.7,27.7
423,44.1,41.3,42.5,49.4,39.9,41.8,42.3,38.5,35.9,35.3,37.6,38.1,38.2,35.6,41.3,37.1,36.8,40.1,37.5,36.1,37.5,36.4,41.1,36.0,43.6,41.4,37.1,38.8,34.3,40.6,37.6,37.7,32.9,32.3,29.6,30.6,51.5,41.4,50.4,43.2,47.2,47.5,43.7,34.6,44.8,45.4,40.9,45.3,54.3,37.5,52.1,46.4,48.5,40.1,32.4,35.0,33.0,35.4,37.1,33.8,39.4,34.7,39.7,44.7,47.0,38.0,44.1,36.2,41.8,36.3,48.2,49.4,46.1,35.9,46.0,39.8,39.1,32.8,36.0,40.9,40.0,39.7,35.6,33.7,33.4,33.3,28.1
424,43.9,39.7,40.2,49.5,39.8,42.0,42.3,38.3,35.5,35.1,37.3,38.1,37.7,35.5,41.1,36.7,36.8,39.1,36.9,35.5,37.4,36.1,41.0,35.9,43.8,41.6,37.0,38.5,34.1,40.4,37.6,37.3,32.8,32.0,29.4,30.1,50.5,39.6,50.6,42.6,47.4,45.9,43.9,33.9,43.7,43.9,40.7,44.2,53.1,37.3,52.1,45.9,48.6,38.5,31.8,34.1,32.4,34.8,37.1,33.0,38.5,34.7,38.8,44.1,47.2,37.4,44.0,36.1,41.5,35.8,47.8,49.6,45.3,35.6,45.1,39.4,38.5,32.3,35.6,41.1,39.8,39.7,35.2,33.2,33.5,33.0,27.9
425,38.5,35.4,35.0,48.2,38.2,40.6,40.9,36.8,34.0,33.6,35.8,37.0,35.9,34.3,39.6,35.4,35.1,36.8,35.1,33.9,35.7,34.7,39.6,34.6,42.3,40.0,35.8,36.8,32.6,38.8,36.4,35.5,31.4,30.4,28.2,28.8,46.6,36.0,49.2,39.8,46.2,40.4,42.5,31.7,39.7,39.5,38.6,40.1,47.8,35.8,50.6,43.6,47.1,33.9,30.6,32.3,31.1,33.3,36.0,31.2,37.0,33.9,36.8,40.3,45.7,35.1,41.7,34.9,39.7,34.2,45.9,48.7,41.4,33.7,41.2,37.4,36.9,31.1,34.3,39.7,38.5,38.1,33.7,31.9,32.2,31.5,26.4
426,32.9,32.3,30.5,43.5,34.6,37.7,37.3,33.2,32.4,31.5,34.2,35.3,33.8,32.3,36.6,33.5,32.0,35.4,33.5,32.8,32.7,32.3,36.0,31.8,37.0,35.9,34.2,33.8,29.8,36.1,33.9,33.1,28.3,27.9,26.3,26.2,41.3,32.7,44.5,35.3,43.2,35.8,37.4,27.7,36.2,35.3,35.2,36.2,43.0,31.4,45.7,41.0,41.5,30.5,28.8,30.9,29.0,31.2,34.2,30.4,36.2,31.9,35.4,36.3,43.5,33.4,37.6,33.2,37.1,32.7,39.8,43.3,35.7,30.2,37.2,32.6,35.4,30.1,31.7,35.1,34.4,34.4,30.7,30.8,29.4,29.3,23.8
427,29.6,30.9,28.3,39.2,32.5,35.6,35.1,30.6,31.5,30.3,33.4,33.8,32.8,31.0,34.6,32.4,29.7,34.8,32.3,32.1,30.8,31.1,34.0,30.2,33.7,32.7,33.1,31.6,28.4,34.5,31.9,32.1,26.6,26.0,25.1,24.6,38.6,31.2,40.2,32.5,40.9,34.1,33.7,26.1,33.8,31.9,32.6,33.9,39.7,28.6,41.3,39.2,36.0,29.1,28.1,30.2,28.0,29.9,32.8,29.8,35.6,30.3,34.3,33.8,42.0,32.1,36.1,32.1,35.6,31.5,36.5,37.4,32.6,28.2,35.0,30.3,34.5,29.1,30.4,31.1,32.0,31.4,29.8,30.0,27.5,27.8,22.4
428,27.7,30.0,26.8,36.1,30.7,34.4,33.5,29.0,30.7,29.4,32.7,32.7,31.8,30.0,33.2,31.5,28.4,34.0,31.7,31.6,29.8,30.1,32.8,29.2,32.2,31.1,32.0,30.4,27.1,33.6,30.5,31.3,25.5,24.9,24.1,23.5,36.7,30.0,37.7,30.5,39.4,32.9,31.6,25.1,32.0,30.4,30.4,32.5,37.3,27.1,38.8,37.7,33.4,28.0,27.5,29.5,27.4,29.4,31.9,29.4,35.2,29.5,33.5,31.8,40.4,31.2,34.9,31.2,34.6,30.7,34.6,34.8,30.6,26.8,33.4,28.6,33.7,28.4,29.4,29.3,30.5,29.5,29.5,29.3,26.4,26.8,21.3
429,26.0,29.2,25.8,33.8,29.8,33.2,32.4,28.1,29.8,28.6,31.9,31.5,31.0,29.2,32.4,30.8,27.5,33.4,31.1,31.2,28.7,29.2,32.0,28.3,31.0,30.0,31.0,29.3,26.1,32.7,29.4,30.8,24.7,24.1,23.4,22.7,35.3,29.0,35.9,28.9,38.0,31.9,30.0,24.6,30.2,29.6,28.6,31.2,35.3,26.1,36.7,36.1,31.8,27.0,27.1,29.0,26.8,29.0,31.1,29.1,34.9,28.9,33.0,30.0,39.4,30.3,34.0,30.3,33.8,30.0,33.0,33.1,29.0,25.9,32.1,27.4,33.0,27.9,28.5,28.3,29.3,27.9,29.1,28.5,25.3,25.8,20.8
430,24.7,29.1,25.0,32.4,29.0,32.3,31.4,27.0,29.3,28.0,31.1,30.7,30.7,28.4,31.6,30.2,26.6,33.0,30.5,30.8,27.8,28.6,31.1,27.7,30.0,29.4,30.3,28.6,25.3,32.3,28.6,30.2,24.1,23.3,22.8,22.1,34.3,28.4,34.7,28.1,36.8,31.4,28.9,24.1,28.5,28.9,27.1,30.0,33.9,25.3,35.3,34.9,30.6,26.0,26.9,28.5,26.4,28.6,30.6,28.9,34.5,28.5,32.6,28.9,38.5,29.8,33.3,29.5,33.0,29.3,31.7,31.5,27.5,25.3,30.8,26.2,32.7,27.5,27.8,27.4,28.4,26.7,28.7,28.1,24.6,25.0,20.4
431,23.6,28.4,24.3,31.3,28.4,31.6,30.7,26.5,28.8,27.6,30.6,30.1,30.0,27.8,30.9,29.8,26.0,32.4,30.0,30.3,27.2,28.1,30.7,27.1,28.9,28.8,29.5,28.1,24.8,31.7,27.8,29.5,23.6,22.8,22.2,21.6,33.3,28.0,33.5,27.5,35.8,31.1,27.7,23.3,27.4,28.2,26.0,28.9,32.7,24.7,34.0,33.6,29.1,25.2,26.6,28.1,26.2,28.3,30.1,28.4,34.3,27.8,32.3,28.0,37.8,29.5,32.4,28.9,32.5,28.8,30.5,30.3,26.1,24.4,29.6,25.3,32.1,27.0,27.3,26.8,27.7,25.8,28.5,27.5,24.1,24.4,20.1
432,22.3,28.0,24.1,30.4,27.7,30.9,29.9,26.1,28.3,27.1,30.2,29.5,29.4,27.4,30.2,29.3,25.5,32.1,29.4,29.9,26.8,27.5,30.2,26.4,28.6,28.2,29.0,27.6,24.4,30.9,27.3,29.0,23.3,22.4,21.8,21.1,32.3,27.6,32.7,27.0,34.7,30.4,27.0,22.8,26.1,27.5,25.0,28.1,31.6,23.8,32.9,32.7,27.8,24.6,26.2,27.7,25.9,28.0,29.9,28.1,33.9,27.3,32.0,27.0,37.2,29.1,32.0,28.5,31.8,28.2,29.3,29.3,24.9,23.9,28.7,24.6,31.5,26.5,26.7,26.2,27.0,24.9,28.4,26.9,23.7,23.8,20.1
433,21.8,27.6,24.1,29.3,27.0,29.9,29.2,25.6,27.7,26.5,29.5,28.9,28.7,26.9,29.3,28.7,25.0,31.6,28.9,29.6,26.3,26.8,29.7,25.8,28.0,27.6,28.5,27.2,24.0,30.6,26.9,28.7,22.7,22.0,21.4,20.8,31.5,27.2,31.7,26.2,33.7,30.3,26.4,22.0,25.1,26.8,24.2,27.6,30.5,23.2,32.0,31.6,27.1,24.0,25.9,27.6,25.5,27.5,29.4,27.8,33.4,26.8,31.7,26.3,36.8,29.0,31.5,28.1,31.3,27.6,28.0,28.6,23.8,23.6,27.8,24.0,31.2,26.1,26.4,25.6,26.3,24.2,28.2,26.4,23.3,23.4,19.8
434,21.3,27.2,23.4,28.7,26.3,29.4,28.8,25.2,27.3,26.2,29.1,28.4,28.3,26.4,29.0,28.2,24.7,31.5,28.4,29.0,26.0,26.6,29.0,25.3,27.3,27.2,28.1,27.0,23.7,30.2,26.4,28.3,22.3,21.6,21.0,20.1,30.9,26.8,31.0,25.6,32.7,30.0,25.6,21.7,24.8,26.6,23.3,26.8,29.8,22.6,31.3,30.8,26.0,23.7,25.7,27.3,25.1,27.2,29.2,27.6,33.3,26.6,31.5,25.7,36.2,28.5,31.0,27.6,30.7,27.0,27.1,27.7,23.3,23.0,27.2,23.5,30.9,25.7,26.0,25.2,25.7,23.4,27.9,26.1,23.0,23.1,19.3
435,21.0,26.9,23.1,28.2,26.0,29.0,28.3,24.8,26.8,25.8,28.8,28.0,28.1,26.1,28.4,28.0,24.4,31.3,28.1,28.6,25.5,26.1,28.6,24.6,26.8,26.6,27.5,26.3,23.6,29.8,26.0,27.8,22.2,21.5,20.9,20.0,30.3,26.5,30.4,25.1,31.9,29.7,24.9,21.3,24.2,26.0,22.9,26.2,29.1,22.1,30.6,30.4,25.4,23.3,25.4,27.2,25.2,27.1,28.7,27.5,32.9,26.3,31.2,24.9,35.8,28.2,30.5,27.2,30.2,26.8,26.0,27.0,22.7,22.6,26.6,22.5,30.5,25.3,25.6,24.6,25.2,23.0,27.6,25.8,22.5,22.8,19.1
436,20.7,26.4,22.7,27.9,25.6,28.5,27.9,24.4,26.3,25.4,28.4,27.5,27.6,25.6,27.9,27.6,24.2,31.2,27.7,28.2,25.3,25.8,28.2,24.3,26.2,26.2,27.2,25.8,23.3,29.4,25.7,27.6,21.5,21.1,20.3,19.8,29.8,26.3,29.7,24.5,31.0,29.4,24.6,21.0,23.6,25.1,22.3,25.6,28.4,21.7,29.8,29.8,24.7,22.8,25.1,26.9,24.8,26.7,28.6,27.3,32.7,26.2,31.0,24.2,35.5,27.9,30.1,26.7,29.7,26.4,24.9,26.5,21.9,22.0,26.0,22.0,30.0,25.0,25.3,24.3,24.6,22.4,27.3,25.4,22.2,22.4,18.7
437,20.5,26.4,22.4,27.7,25.3,28.0,27.5,24.2,26.0,25.1,28.1,27.2,27.3,25.4,27.4,27.2,24.0,31.0,27.5,28.0,25.1,25.5,28.0,23.9,25.8,25.8,26.9,25.6,23.1,28.9,25.4,27.3,21.1,20.8,20.1,19.5,29.4,26.0,29.4,24.0,30.3,29.2,24.2,20.9,23.0,24.9,21.9,25.1,27.6,21.4,29.4,29.4,24.3,22.5,24.9,26.8,24.4,26.6,28.4,26.9,32.6,26.1,30.9,23.8,35.1,27.7,29.8,26.4,29.4,26.1,24.2,26.0,21.2,21.7,25.2,21.6,29.7,24.7,25.0,24.0,24.3,21.8,27.2,24.9,21.7,22.0,18.5
438,20.0,25.7,22.2,27.3,24.8,27.6,27.2,23.9,25.7,24.8,27.8,26.9,27.0,25.2,27.0,26.9,23.8,30.9,27.1,27.8,24.9,25.1,27.9,23.6,25.6,25.5,26.7,25.4,23.0,28.8,24.9,26.9,20.7,20.4,19.8,19.3,29.0,25.9,29.0,23.5,29.5,28.9,23.6,20.6,22.3,24.3,21.6,24.8,27.4,20.9,29.0,28.9,23.6,22.1,24.5,26.7,24.3,26.4,28.1,26.8,32.4,25.9,30.7,23.0,34.9,27.5,29.4,26.2,29.1,25.8,23.9,25.6,21.0,21.3,24.7,21.1,29.4,24.4,25.0,23.6,23.8,21.5,26.8,24.5,21.3,21.8,18.2
439,19.6,26.0,22.2,27.0,24.7,27.5,27.0,23.7,25.3,24.5,27.6,26.6,26.7,25.1,26.7,26.7,23.7,30.8,26.8,27.5,24.7,25.2,27.6,23.1,25.1,25.1,26.6,25.1,22.7,28.4,24.7,26.6,20.6,20.1,19.6,18.9,28.7,25.8,28.6,23.0,29.0,28.5,23.2,20.5,22.0,23.6,21.1,24.5,26.8,20.4,28.2,28.5,23.0,21.9,24.3,26.6,24.2,26.1,28.1,26.5,32.2,25.7,30.5,22.5,34.7,27.5,29.0,25.9,28.7,25.6,23.0,25.6,20.7,21.1,24.3,20.6,29.3,24.1,24.9,23.4,23.7,21.3,26.5,24.3,21.1,21.6,18.1
440,21.9,27.2,24.3,26.7,24.8,27.2,26.8,23.6,25.4,24.6,27.9,26.6,27.2,24.8,26.7,26.8,23.7,30.9,27.2,28.3,24.6,25.2,27.5,23.0,24.8,24.8,26.5,25.0,22.5,28.6,24.6,27.1,20.1,20.2,19.5,19.0,31.1,26.8,28.1,24.3,29.6,31.5,22.8,20.5,23.8,26.1,21.8,26.8,29.9,20.2,28.3,29.2,23.7,23.3,24.2,26.6,24.1,26.1,28.0,26.8,32.5,25.6,30.6,23.7,34.5,27.5,29.0,25.9,29.3,26.0,23.8,25.0,23.1,20.9,26.3,20.5,29.9,24.4,24.7,23.0,23.5,20.9,26.3,24.6,20.7,21.3,18.0
441,27.2,31.1,30.3,29.5,27.0,29.2,29.3,26.3,27.1,26.2,29.7,28.1,29.4,26.2,28.9,28.5,26.3,33.2,29.4,30.1,26.9,27.0,29.8,24.7,27.2,27.7,27.8,27.3,24.7,30.8,26.7,28.9,21.6,21.8,20.7,20.7,36.8,30.6,31.3,28.7,32.5,37.3,25.4,23.3,28.0,32.1,25.2,31.7,38.0,22.5,33.7,32.2,29.1,27.6,24.9,28.0,25.1,27.3,28.2,28.0,33.6,25.8,32.4,29.0,35.8,29.3,31.6,27.2,31.8,28.0,29.4,28.2,29.3,24.3,31.7,24.6,31.8,25.9,26.4,25.1,25.7,22.7,27.3,26.2,21.9,23.1,19.5
442,32.3,34.9,35.4,35.3,30.2,32.1,32.5,29.5,29.3,28.3,31.6,30.6,31.6,28.4,31.9,30.5,29.0,35.4,31.4,31.8,29.5,29.4,32.5,27.5,31.5,31.1,29.8,30.2,27.2,33.2,29.4,30.9,24.7,24.4,22.8,23.2,41.6,35.1,36.4,32.6,35.9,41.5,30.0,26.7,32.7,37.6,28.7,35.8,44.1,26.6,39.1,35.6,34.1,32.2,26.6,29.7,27.4,29.6,30.0,29.6,35.1,27.4,34.4,34.0,37.6,31.6,34.3,29.3,34.4,30.2,34.6,35.0,35.0,27.8,36.3,28.9,33.6,27.4,28.7,29.2,29.3,26.3,29.6,28.3,25.0,25.7,21.7
443,36.8,38.2,38.9,40.5,33.2,35.2,35.5,32.3,31.3,30.5,33.4,32.7,33.5,30.6,34.8,32.3,31.7,37.2,33.4,33.3,32.1,31.4,35.0,30.0,35.6,34.7,32.1,33.1,29.3,35.6,32.0,33.0,27.6,27.2,24.8,25.8,45.0,38.3,41.2,36.2,39.3,44.2,34.6,29.9,37.1,41.2,32.7,39.1,48.2,30.3,43.2,38.8,38.8,35.8,28.8,31.5,29.7,31.7,32.0,31.1,36.7,29.4,35.9,38.1,39.7,33.6,37.3,31.3,36.8,31.8,39.4,40.8,39.8,30.7,39.9,32.7,35.2,29.0,30.9,33.3,32.9,30.3,31.6,30.0,28.0,28.1,24.0
444,40.3,40.2,41.0,44.2,35.8,37.7,38.1,34.8,33.0,32.3,34.9,34.6,35.3,32.4,37.4,34.0,34.0,38.7,35.2,34.5,34.2,33.3,37.3,32.5,38.8,37.5,33.9,35.4,31.4,37.6,34.3,34.7,29.9,29.6,26.9,27.9,47.7,40.5,44.9,38.9,42.1,46.3,38.3,32.0,40.7,43.5,36.1,42.0,51.1,33.2,46.6,41.7,42.7,38.4,30.3,33.0,31.3,33.3,33.8,32.3,38.1,31.4,37.5,41.2,41.8,35.4,39.9,33.2,38.7,33.5,43.1,44.6,43.1,33.0,42.5,35.6,36.8,30.5,32.8,36.6,35.9,34.1,33.4,31.6,30.4,30.4,25.9
445,43.1,41.7,42.2,46.8,37.9,39.8,40.2,36.6,34.5,33.8,36.2,36.2,36.6,34.2,39.4,35.7,35.7,39.6,36.2,35.3,36.1,34.9,39.0,34.4,41.2,39.7,35.5,37.3,32.8,39.5,35.9,36.3,31.7,31.2,28.5,29.5,50.0,42.2,47.8,41.1,44.5,47.4,40.9,33.6,43.2,45.0,38.5,44.1,53.1,35.4,49.4,44.2,45.4,40.3,31.4,34.1,32.3,34.5,35.3,33.2,39.1,32.8,38.7,43.2,43.9,36.9,42.1,34.9,40.3,34.7,46.0,47.1,45.2,34.2,44.6,37.7,37.9,31.5,34.5,38.9,38.1,37.2,34.5,32.7,32.2,31.9,27.4
446,44.6,42.4,42.4,48.7,39.7,41.4,41.9,38.2,35.5,35.1,37.1,37.4,37.6,35.3,40.8,36.7,36.9,40.1,37.1,35.7,37.2,36.2,40.5,35.7,43.1,41.3,36.8,38.5,34.0,40.4,37.3,37.4,33.0,32.5,29.8,30.6,50.9,42.8,49.5,42.7,46.3,47.8,42.9,34.7,44.9,45.4,40.3,45.3,54.1,37.0,51.2,45.8,47.3,41.0,32.3,34.8,33.0,35.2,36.6,33.7,39.5,33.9,39.4,44.6,45.7,37.9,43.6,36.1,41.5,35.7,47.6,48.7,46.5,35.3,45.9,39.1,38.6,32.2,35.8,40.5,39.6,39.2,35.5,33.2,33.6,33.1,28.3
447,44.2,41.9,43.1,49.7,40.5,42.3,42.8,39.0,35.9,35.6,37.5,38.1,38.0,35.9,41.7,37.2,37.3,40.0,37.3,35.9,38.0,36.6,41.5,36.6,44.1,42.0,37.4,39.2,34.7,40.8,38.0,37.8,33.6,33.0,30.2,31.1,51.4,41.9,50.3,43.4,47.4,47.4,44.2,35.0,45.0,45.6,41.2,45.5,54.5,37.6,52.2,46.6,48.5,40.8,32.6,35.1,33.2,35.5,37.0,33.9,39.5,34.6,39.6,45.1,47.1,38.0,44.3,36.6,41.9,36.1,48.3,49.4,46.4,36.2,46.3,39.9,38.9,32.4,36.4,41.6,40.5,40.5,35.9,33.2,34.1,33.7,28.7
448,44.0,40.2,40.9,49.8,40.5,42.5,42.9,38.9,35.5,35.5,37.2,38.1,37.6,36.0,41.7,36.9,37.4,39.0,36.8,35.2,37.9,36.4,41.4,36.5,44.4,42.2,37.4,39.1,34.5,40.6,38.1,37.4,33.5,32.5,29.9,30.6,50.4,40.1,50.5,42.8,47.6,45.8,44.4,34.3,43.9,44.1,40.9,44.5,53.4,37.4,52.2,46.1,48.7,39.1,32.0,34.2,32.6,34.9,37.1,33.1,38.6,34.7,38.8,44.4,47.3,37.4,44.1,36.5,41.6,35.8,47.9,49.7,45.6,35.9,45.5,39.5,38.4,32.1,36.2,41.8,40.3,40.5,35.4,32.6,34.1,33.5,28.4
449,38.7,35.8,35.5,48.5,39.0,41.2,41.5,37.4,34.0,34.1,35.7,37.1,35.9,34.9,40.3,35.5,35.7,36.8,35.0,33.6,36.3,35.0,39.9,35.2,42.9,40.7,36.2,37.4,33.0,39.0,36.9,35.7,32.0,31.0,28.7,29.2,46.6,36.5,49.2,40.0,46.4,40.5,43.1,32.2,40.0,39.8,38.9,40.5,48.1,35.9,50.7,43.9,47.3,34.5,30.8,32.4,31.2,33.3,36.0,31.4,37.1,34.0,36.9,40.8,45.9,35.3,41.9,35.4,40.0,34.2,46.0,48.7,41.8,34.0,41.5,37.6,36.8,30.9,34.8,40.5,39.0,38.9,34.0,31.3,32.9,32.0,26.8
450,33.1,32.6,31.0,43.9,35.1,38.4,37.8,33.7,32.4,31.9,34.2,35.4,33.8,32.8,37.1,33.7,32.4,35.5,33.4,32.5,33.2,32.5,36.3,32.2,37.5,36.4,34.6,34.3,30.2,36.3,34.4,33.3,28.9,28.5,26.7,26.7,41.4,33.1,44.6,35.4,43.5,35.8,38.0,28.1,36.4,35.5,35.5,36.5,43.2,31.6,45.9,41.1,41.7,31.0,28.9,31.1,29.1,31.1,34.3,30.4,36.3,31.9,35.5,36.6,43.5,33.6,37.6,33.6,37.2,32.5,40.0,43.5,35.9,30.5,37.5,32.7,35.2,29.9,32.2,35.6,34.8,35.1,30.9,30.2,30.0,29.7,24.1
451,29.7,31.1,28.6,39.4,32.9,36.2,35.6,30.9,31.5,30.7,33.4,33.8,32.7,31.4,35.1,32.6,30.1,34.8,32.2,31.8,31.1,31.4,34.2,30.7,34.3,33.2,33.4,32.2,28.7,34.7,32.3,32.1,27.1,26.5,25.4,25.0,38.6,31.6,40.2,32.7,41.2,34.1,34.1,26.4,34.0,32.1,32.8,34.2,40.0,28.7,41.5,39.4,36.2,29.6,28.1,30.4,28.1,29.8,32.9,29.9,35.7,30.3,34.4,34.0,41.9,32.3,36.1,32.4,35.7,31.4,36.4,37.4,32.7,28.5,35.3,30.3,34.3,29.0,30.8,31.7,32.5,32.0,30.0,29.4,28.0,28.1,22.7
452,27.9,30.1,27.2,36.3,31.1,35.0,33.9,29.3,30.8,29.7,32.6,32.7,31.7,30.3,33.6,31.7,28.5,34.0,31.6,31.2,30.1,30.3,33.0,29.7,32.7,31.4,32.2,30.8,27.4,33.7,30.7,31.4,26.0,25.3,24.4,23.8,36.7,30.3,37.7,30.5,39.6,32.9,32.1,25.5,32.1,30.5,30.6,32.7,37.5,27.3,39.1,37.8,33.6,28.5,27.6,29.7,27.4,29.4,31.9,29.5,35.3,29.4,33.7,32.0,40.4,31.4,35.0,31.5,34.8,30.6,34.5,34.8,30.6,27.3,33.7,28.7,33.6,28.3,29.7,29.8,30.9,30.0,29.7,28.6,26.8,27.1,21.8
453,26.2,29.4,26.1,34.2,30.2,33.6,32.7,28.3,29.9,29.0,31.9,31.6,30.9,29.5,32.8,31.0,27.6,33.5,31.0,30.9,29.0,29.5,32.1,28.8,31.4,30.3,31.3,29.7,26.3,32.8,29.6,30.9,25.1,24.5,23.7,23.0,35.3,29.3,35.9,29.0,38.2,31.9,30.5,24.9,30.4,29.6,28.9,31.4,35.5,26.2,37.0,36.2,32.1,27.5,27.1,29.2,26.8,29.0,31.1,29.2,34.9,28.9,33.2,30.2,39.3,30.6,34.1,30.6,33.9,29.8,33.0,33.2,29.0,26.3,32.3,27.5,32.9,27.8,28.9,28.8,29.7,28.4,29.3,27.8,25.8,26.1,21.1
454,24.9,29.2,25.2,32.7,29.4,32.7,31.7,27.3,29.4,28.3,31.0,30.8,30.5,28.7,31.9,30.3,26.6,33.1,30.3,30.5,27.9,28.8,31.3,28.2,30.4,29.7,30.5,28.9,25.4,32.4,28.8,30.2,24.6,23.6,23.1,22.5,34.3,28.5,34.7,28.1,36.9,31.4,29.3,24.3,28.7,28.9,27.3,30.3,34.1,25.4,35.5,35.0,30.7,26.4,26.8,28.7,26.3,28.5,30.6,29.0,34.6,28.3,32.8,29.1,38.4,30.1,33.3,29.8,33.0,29.2,31.7,31.6,27.5,25.5,31.0,26.2,32.5,27.4,28.1,27.9,28.8,27.1,28.9,27.3,25.2,25.3,20.7
455,23.9,28.5,24.6,31.7,28.8,31.9,30.9,26.8,28.9,27.7,30.4,30.1,29.9,28.0,31.2,29.8,26.1,32.6,29.8,30.0,27.3,28.2,30.8,27.7,29.4,29.1,29.6,28.4,24.9,31.8,28.0,29.6,24.0,23.1,22.5,21.8,33.3,28.2,33.5,27.5,35.9,31.1,28.2,23.5,27.6,28.2,26.2,29.2,32.9,24.7,34.1,33.7,29.2,25.7,26.5,28.4,26.0,28.2,30.2,28.6,34.3,27.8,32.5,28.1,37.8,29.9,32.4,29.1,32.6,28.7,30.6,30.5,26.2,24.7,29.9,25.3,32.0,26.8,27.5,27.3,28.1,26.2,28.7,26.7,24.6,24.7,20.5
456,22.6,28.1,24.4,30.8,28.0,31.2,30.2,26.4,28.4,27.2,30.0,29.5,29.3,27.6,30.6,29.4,25.4,32.2,29.1,29.5,26.9,27.6,30.3,27.0,29.1,28.4,29.2,27.9,24.5,31.0,27.4,29.0,23.8,22.7,22.1,21.4,32.4,27.8,32.7,27.1,34.8,30.3,27.4,23.0,26.4,27.6,25.2,28.3,31.8,23.9,33.0,32.8,27.9,25.0,26.2,28.1,25.8,28.0,29.9,28.3,33.9,27.3,32.3,27.1,37.2,29.4,32.0,28.6,31.8,28.1,29.4,29.4,24.9,24.1,29.0,24.7,31.2,26.4,26.9,26.7,27.4,25.3,28.7,26.2,24.2,24.1,20.4
457,22.1,27.7,24.4,29.7,27.4,30.3,29.4,25.9,27.8,26.7,29.4,28.8,28.6,27.0,29.7,28.7,25.1,31.8,28.5,29.2,26.5,26.9,29.8,26.4,28.5,27.9,28.6,27.5,24.1,30.5,27.0,28.7,23.2,22.4,21.8,21.1,31.5,27.4,31.7,26.3,33.8,30.2,26.8,22.3,25.4,26.8,24.4,27.9,30.7,23.4,32.1,31.7,27.3,24.5,26.0,27.9,25.5,27.5,29.5,28.0,33.5,26.8,32.0,26.4,36.7,29.2,31.6,28.3,31.3,27.6,28.2,28.7,23.8,23.9,28.1,24.1,30.9,25.9,26.5,26.1,26.8,24.6,28.3,25.6,23.9,23.7,20.1
458,21.5,27.3,23.6,29.1,26.7,29.8,29.1,25.5,27.3,26.3,29.0,28.3,28.2,26.6,29.4,28.3,24.8,31.7,28.2,28.6,26.1,26.6,29.0,25.8,27.9,27.5,28.2,27.2,23.9,30.1,26.5,28.2,22.8,21.9,21.4,20.5,31.0,27.1,31.0,25.8,32.8,30.0,26.2,21.8,25.1,26.6,23.4,27.1,30.0,22.7,31.4,30.9,26.2,24.0,25.7,27.7,25.1,27.1,29.2,27.9,33.3,26.5,31.9,25.7,36.1,28.7,31.1,27.7,30.7,27.0,27.2,27.7,23.5,23.2,27.4,23.7,30.6,25.6,26.1,25.7,26.2,23.8,28.1,25.4,23.5,23.4,19.7
459,21.2,27.1,23.5,28.5,26.3,29.4,28.6,25.1,26.8,25.9,28.7,27.9,28.0,26.2,28.9,28.1,24.4,31.6,27.9,28.2,25.7,26.2,28.7,25.2,27.4,27.0,27.6,26.6,23.7,29.7,26.2,27.7,22.7,21.9,21.3,20.3,30.4,26.7,30.4,25.2,32.0,29.8,25.4,21.6,24.4,26.0,23.0,26.5,29.4,22.2,30.6,30.4,25.5,23.4,25.4,27.6,25.1,27.1,28.7,27.7,33.0,26.2,31.6,25.0,35.8,28.5,30.6,27.4,30.2,26.8,26.1,27.1,22.8,22.9,26.9,22.7,30.2,25.2,25.7,25.1,25.7,23.4,27.8,25.0,23.0,23.1,19.5
460,20.9,26.6,23.0,28.3,26.0,28.9,28.2,24.7,26.4,25.6,28.3,27.4,27.6,25.8,28.4,27.6,24.2,31.4,27.6,27.8,25.5,25.8,28.3,24.9,26.8,26.6,27.3,26.1,23.6,29.3,25.8,27.4,22.0,21.4,20.8,20.1,29.9,26.4,29.8,24.6,31.0,29.5,25.0,21.3,23.8,25.0,22.5,25.8,28.6,21.8,30.0,29.9,24.8,23.0,25.1,27.3,24.8,26.7,28.6,27.5,32.8,26.1,31.4,24.4,35.4,28.1,30.1,26.9,29.7,26.4,25.0,26.5,21.9,22.3,26.2,22.2,29.8,24.8,25.4,24.9,25.2,22.9,27.5,24.6,22.7,22.7,19.1
461,20.8,26.6,22.8,28.0,25.7,28.4,27.8,24.4,26.0,25.3,28.0,27.0,27.2,25.6,27.9,27.3,24.1,31.3,27.3,27.6,25.3,25.4,28.1,24.4,26.4,26.2,27.1,26.0,23.3,28.8,25.6,27.2,21.6,21.2,20.5,19.9,29.5,26.2,29.6,24.2,30.2,29.2,24.6,21.2,23.3,24.8,22.0,25.4,27.9,21.5,29.4,29.5,24.4,22.8,24.9,27.1,24.4,26.6,28.4,27.2,32.7,26.0,31.3,23.9,35.0,27.9,29.9,26.6,29.4,26.0,24.1,26.0,21.2,21.9,25.4,21.7,29.4,24.5,25.2,24.5,24.9,22.3,27.3,24.2,22.3,22.4,18.8
462,20.3,25.9,22.5,27.6,25.2,28.0,27.5,24.2,25.7,25.0,27.7,26.8,26.9,25.4,27.4,26.9,23.9,31.2,26.9,27.4,25.1,25.0,28.0,24.1,26.0,25.8,26.9,25.8,23.2,28.7,25.0,26.9,21.2,20.8,20.2,19.6,29.1,26.1,29.1,23.6,29.5,29.0,24.0,20.9,22.6,24.3,21.7,25.0,27.7,21.0,29.1,29.0,23.7,22.6,24.6,27.0,24.3,26.4,28.2,27.0,32.5,25.9,31.1,23.1,34.9,27.8,29.5,26.4,29.0,25.7,23.8,25.7,21.1,21.6,24.9,21.3,29.1,24.3,25.3,24.0,24.4,21.8,27.0,23.8,21.9,22.2,18.7
463,19.8,26.0,22.5,27.2,25.1,27.9,27.3,24.0,25.4,24.8,27.5,26.5,26.6,25.3,27.1,26.8,23.8,31.0,26.6,27.2,25.0,25.2,27.7,23.6,25.6,25.6,26.8,25.6,22.9,28.3,24.9,26.5,21.1,20.5,20.0,19.2,28.7,26.0,28.7,23.1,29.0,28.6,23.6,20.8,22.3,23.5,21.3,24.6,27.1,20.5,28.4,28.7,23.1,22.4,24.3,26.9,24.2,26.1,28.2,26.8,32.3,25.7,30.8,22.7,34.6,27.7,29.2,26.2,28.6,25.6,22.9,25.7,20.9,21.3,24.6,20.8,29.0,24.0,25.2,23.8,24.3,21.7,26.7,23.5,21.6,22.0,18.6
464,22.2,27.4,24.6,27.0,25.3,27.7,27.2,24.0,25.5,24.9,27.9,26.5,27.2,25.2,27.1,27.0,23.9,31.2,27.1,28.0,24.9,25.4,27.7,23.6,25.3,25.4,26.8,25.5,22.7,28.6,24.9,27.0,20.7,20.6,19.9,19.3,31.1,27.0,28.2,24.4,29.6,31.7,23.1,20.8,24.1,26.1,22.0,27.0,30.2,20.2,28.4,29.4,23.8,23.8,24.3,27.0,24.1,26.1,28.1,27.0,32.6,25.7,31.0,24.0,34.5,27.7,29.2,26.2,29.3,26.0,23.8,25.1,23.3,21.3,26.6,20.6,29.6,24.3,25.0,23.5,24.1,21.4,26.5,23.9,21.3,21.7,18.4
465,27.6,31.3,30.8,29.9,27.6,29.8,29.8,26.7,27.4,26.6,29.7,28.1,29.4,26.6,29.5,28.8,26.7,33.4,29.4,29.8,27.4,27.3,30.1,25.3,27.8,28.3,28.2,27.8,25.0,30.8,27.1,28.8,22.3,22.4,21.2,21.2,36.9,31.1,31.5,28.7,32.4,37.5,25.8,23.5,28.5,32.3,25.5,31.9,38.3,22.6,33.9,32.4,29.3,28.1,25.0,28.2,25.2,27.3,28.3,28.3,33.7,25.9,32.8,29.2,35.7,29.4,31.8,27.6,31.8,28.1,29.4,28.3,29.6,24.6,31.9,24.7,31.6,25.8,26.9,25.6,26.4,23.1,27.5,25.6,22.6,23.7,20.0
466,32.7,35.1,35.9,35.7,30.9,32.8,33.2,30.1,29.6,28.7,31.6,30.7,31.5,28.9,32.6,30.8,29.6,35.5,31.4,31.5,30.1,29.7,32.9,28.2,32.2,31.8,30.3,30.9,27.6,33.4,30.0,31.0,25.5,25.0,23.4,23.9,41.8,35.4,36.7,32.6,35.9,41.8,30.5,27.0,33.2,38.0,28.9,35.9,44.4,26.6,39.3,35.7,34.3,32.8,26.8,29.9,27.5,29.6,30.1,29.8,35.2,27.5,34.6,34.2,37.5,31.7,34.5,29.7,34.4,30.1,34.6,35.3,35.3,28.1,36.5,29.1,33.4,27.4,29.2,29.9,30.1,26.8,29.8,27.7,25.6,26.3,22.3
467,37.3,38.4,39.5,41.1,34.0,35.9,36.3,33.0,31.8,31.0,33.3,32.9,33.5,31.1,35.6,32.7,32.3,37.2,33.5,33.1,32.8,31.8,35.5,30.9,36.3,35.6,32.6,33.8,29.8,36.0,32.6,33.2,28.3,27.9,25.4,26.5,45.2,38.7,41.6,36.2,39.3,44.5,35.2,30.1,37.6,41.8,32.8,39.2,48.5,30.4,43.3,39.0,38.9,36.5,28.9,31.7,29.9,31.9,32.0,31.2,36.8,29.4,36.2,38.3,39.6,33.6,37.5,31.9,36.7,31.9,39.5,41.2,40.2,30.9,40.1,33.0,35.1,29.0,31.5,34.0,33.6,31.0,31.7,29.5,28.7,28.8,24.5
468,40.8,40.6,41.6,44.8,36.8,38.6,38.9,35.6,33.6,32.9,34.9,34.9,35.3,33.0,38.3,34.4,34.6,38.8,35.2,34.3,35.0,33.8,38.0,33.3,39.7,38.5,34.5,36.2,32.0,38.1,34.9,35.0,30.7,30.3,27.5,28.6,47.9,41.0,45.4,39.0,42.2,46.6,39.1,32.3,41.3,44.0,36.2,42.2,51.4,33.3,46.7,41.9,42.8,39.2,30.6,33.2,31.5,33.6,33.7,32.4,38.4,31.4,37.8,41.4,41.7,35.4,40.0,33.7,38.9,33.5,43.3,45.1,43.6,33.2,42.7,35.9,36.7,30.5,33.5,37.4,36.7,34.8,33.6,31.1,31.2,31.2,26.4
469,43.8,42.2,42.9,47.6,38.9,40.8,41.1,37.6,35.0,34.5,36.2,36.5,36.7,34.8,40.4,36.2,36.4,39.7,36.3,35.1,37.0,35.4,39.8,35.3,42.2,40.7,36.2,38.2,33.5,40.0,36.7,36.6,32.5,32.0,29.2,30.2,50.2,42.6,48.3,41.2,44.5,47.8,41.8,33.8,43.9,45.6,38.7,44.3,53.3,35.5,49.5,44.4,45.5,41.1,31.7,34.3,32.5,34.8,35.3,33.4,39.1,32.9,38.9,43.4,43.8,36.9,42.1,35.5,40.6,34.8,46.1,47.6,45.8,34.5,44.8,37.9,37.9,31.6,35.2,39.8,38.8,38.0,34.7,32.2,33.1,32.8,28.0
470,45.3,42.9,43.1,49.5,40.7,42.4,42.8,39.2,36.1,35.8,37.1,37.7,37.8,36.1,41.8,37.3,37.7,40.2,37.1,35.5,38.1,36.7,41.4,36.6,44.1,42.3,37.6,39.5,34.9,41.0,38.2,37.9,34.1,33.3,30.5,31.3,51.3,43.2,50.0,42.8,46.4,48.2,43.8,35.0,45.4,46.0,40.5,45.5,54.3,37.0,51.3,46.0,47.4,41.8,32.6,35.0,33.3,35.5,36.6,33.9,39.7,34.0,39.6,44.7,45.7,37.8,43.7,36.8,41.8,35.8,47.7,49.3,47.0,35.6,46.1,39.3,38.6,32.4,36.6,41.5,40.4,40.0,35.6,32.7,34.5,34.0,29.0
471,44.9,42.3,43.6,50.4,41.6,43.3,43.8,40.0,36.6,36.4,37.6,38.5,38.2,36.8,42.7,37.8,38.2,40.1,37.4,35.7,38.9,37.2,42.4,37.6,45.1,43.0,38.3,40.2,35.5,41.5,39.0,38.2,34.6,33.8,30.9,31.8,51.8,42.7,50.9,43.5,47.5,47.9,45.1,35.3,45.7,46.3,41.5,45.7,54.7,37.7,52.3,46.7,48.6,41.5,32.9,35.3,33.4,35.7,37.1,34.1,39.6,34.8,39.8,45.3,47.1,38.0,44.4,37.4,42.3,36.2,48.3,50.0,47.2,36.5,46.5,40.1,38.8,32.6,37.2,42.5,41.4,41.3,36.1,32.7,35.1,34.6,29.3
472,44.7,40.7,41.6,50.7,41.6,43.5,43.9,39.9,36.2,36.4,37.4,38.6,37.9,36.9,42.7,37.5,38.2,39.2,36.9,35.1,38.8,37.1,42.3,37.6,45.3,43.3,38.3,40.1,35.4,41.3,39.0,38.0,34.5,33.5,30.7,31.4,50.8,40.9,51.0,42.9,47.8,46.3,45.3,34.8,44.7,44.8,41.2,44.7,53.7,37.7,52.3,46.3,48.8,39.9,32.2,34.5,32.8,35.2,37.2,33.3,38.8,34.9,39.0,44.6,47.4,37.5,44.2,37.3,42.0,36.0,48.0,50.2,46.3,36.2,45.7,39.8,38.3,32.3,37.0,42.5,41.1,41.3,35.6,32.2,35.1,34.4,29.2
473,39.4,36.3,36.2,49.3,40.0,42.2,42.5,38.4,34.7,34.9,35.9,37.6,36.2,35.7,41.3,36.2,36.6,37.0,35.1,33.4,37.2,35.7,40.8,36.2,43.9,41.8,37.1,38.4,33.9,39.6,37.9,36.1,33.0,31.9,29.6,30.0,47.1,37.1,49.8,40.2,46.6,41.1,43.9,32.7,40.8,40.4,39.3,40.7,48.5,36.1,50.8,44.1,47.5,35.3,31.1,32.6,31.4,33.6,36.1,31.6,37.4,34.2,37.0,41.1,45.9,35.4,42.0,36.2,40.4,34.4,46.1,49.3,42.6,34.4,41.9,37.8,36.7,31.1,35.7,41.3,40.0,39.7,34.2,31.0,33.8,33.0,27.6
474,33.6,33.1,31.5,44.7,36.0,39.3,38.7,34.6,33.1,32.7,34.3,35.9,34.0,33.6,38.0,34.3,33.2,35.7,33.5,32.2,34.0,33.2,37.1,33.1,38.3,37.4,35.4,35.2,31.0,36.9,35.3,33.6,29.7,29.3,27.5,27.4,41.8,33.7,45.3,35.7,43.7,36.3,38.7,28.6,37.0,36.0,35.9,36.8,43.5,31.8,46.1,41.3,42.0,31.6,29.1,31.3,29.4,31.4,34.4,30.7,36.5,32.0,35.7,37.0,43.6,33.8,37.7,34.4,37.5,32.7,40.2,44.0,36.5,30.9,37.8,32.9,35.1,30.0,33.0,36.4,35.6,35.8,31.1,29.9,30.8,30.5,24.9
475,30.4,31.5,29.2,40.1,33.7,37.0,36.4,31.8,32.2,31.5,33.4,34.3,32.9,32.1,36.0,33.2,30.9,35.0,32.2,31.5,31.9,32.0,34.9,31.5,34.9,34.0,34.2,33.0,29.5,35.1,33.2,32.5,27.9,27.4,26.1,25.6,38.9,32.2,40.8,33.0,41.4,34.5,34.8,26.9,34.6,32.6,33.1,34.4,40.2,28.8,41.7,39.6,36.4,30.1,28.4,30.7,28.3,30.1,33.0,30.1,35.9,30.4,34.7,34.4,42.0,32.5,36.1,33.2,36.1,31.6,36.5,38.0,33.2,28.9,35.5,30.6,34.1,29.2,31.6,32.2,33.1,32.7,30.1,29.0,28.8,28.8,23.3
476,28.4,30.5,27.6,37.0,32.0,35.8,34.7,30.2,31.5,30.5,32.7,33.2,31.8,31.1,34.6,32.4,29.3,34.3,31.6,30.9,30.9,31.0,33.7,30.5,33.3,32.2,33.0,31.6,28.2,34.1,31.5,31.8,26.8,26.1,25.2,24.4,37.1,30.9,38.3,30.8,39.9,33.2,32.7,26.0,32.7,30.9,31.0,32.9,37.7,27.3,39.2,38.1,33.8,28.9,27.8,30.0,27.6,29.6,32.1,29.8,35.5,29.6,34.0,32.3,40.4,31.6,35.2,32.2,35.2,30.8,34.6,35.3,31.1,27.7,33.9,28.9,33.5,28.5,30.5,30.2,31.6,30.6,29.8,28.2,27.5,27.8,22.3
477,26.7,29.8,26.6,34.8,31.1,34.5,33.5,29.1,30.7,29.8,32.0,32.0,31.1,30.3,33.7,31.6,28.4,33.7,31.1,30.6,29.8,30.2,32.9,29.6,32.0,31.1,32.1,30.5,27.2,33.2,30.4,31.3,25.9,25.2,24.4,23.7,35.7,29.9,36.5,29.2,38.4,32.3,31.0,25.4,31.0,30.1,29.2,31.6,35.8,26.2,37.1,36.4,32.3,28.0,27.3,29.5,27.0,29.2,31.3,29.4,35.2,29.0,33.5,30.5,39.3,30.8,34.2,31.4,34.3,30.1,33.2,33.7,29.5,26.7,32.7,27.6,32.8,28.0,29.7,29.2,30.3,29.0,29.5,27.5,26.6,26.8,21.7
478,25.4,29.6,25.7,33.3,30.2,33.5,32.4,28.1,30.3,29.1,31.1,31.2,30.7,29.5,32.8,31.0,27.4,33.4,30.4,30.2,28.7,29.6,32.2,28.9,31.0,30.5,31.3,29.8,26.3,32.8,29.6,30.7,25.3,24.2,23.8,23.1,34.8,29.1,35.3,28.3,37.1,31.8,29.9,24.8,29.2,29.5,27.7,30.6,34.3,25.4,35.5,35.2,31.0,26.8,27.0,28.9,26.4,28.8,30.8,29.2,34.8,28.6,33.1,29.4,38.4,30.3,33.5,30.6,33.4,29.4,31.8,32.1,28.1,25.9,31.3,26.4,32.5,27.5,28.9,28.3,29.3,27.6,29.1,26.9,25.9,26.0,21.3
479,24.3,28.8,25.1,32.2,29.6,32.7,31.6,27.4,29.7,28.6,30.6,30.5,30.1,28.8,32.1,30.5,26.8,32.8,29.9,29.9,28.1,28.9,31.6,28.4,30.1,29.8,30.4,29.3,25.8,32.2,28.8,30.0,24.7,23.8,23.2,22.5,33.7,28.7,34.0,27.8,36.1,31.6,28.7,24.0,28.2,28.8,26.6,29.5,33.1,24.7,34.2,33.9,29.4,26.0,26.7,28.7,26.3,28.3,30.4,28.8,34.5,28.0,32.8,28.4,37.8,30.1,32.6,30.0,32.9,29.0,30.6,31.0,26.7,25.1,30.2,25.4,31.9,27.0,28.3,27.8,28.6,26.7,28.8,26.4,25.4,25.4,21.2
480,23.1,28.4,24.8,31.4,28.7,32.0,30.8,27.1,29.2,28.0,30.2,30.0,29.5,28.5,31.4,30.1,26.2,32.5,29.2,29.4,27.7,28.3,31.1,27.7,29.7,29.1,30.0,28.8,25.3,31.5,28.2,29.5,24.4,23.4,22.9,22.0,32.8,28.3,33.1,27.4,35.1,30.9,28.0,23.5,27.1,28.2,25.7,28.7,32.0,23.8,33.0,32.9,28.2,25.4,26.5,28.3,26.0,28.1,30.1,28.5,34.1,27.5,32.6,27.4,37.2,29.6,32.1,29.5,32.2,28.3,29.4,29.9,25.5,24.5,29.3,24.7,31.2,26.5,27.8,27.2,27.9,25.7,28.7,25.9,25.0,24.8,21.0
481,22.6,28.1,24.7,30.4,28.1,31.0,30.1,26.6,28.7,27.5,29.5,29.4,28.8,27.9,30.6,29.5,25.8,32.2,28.6,29.1,27.1,27.7,30.6,27.1,29.1,28.5,29.5,28.4,24.8,31.0,27.7,29.2,23.9,23.0,22.5,21.8,32.0,27.9,32.2,26.5,34.0,30.8,27.4,22.8,25.9,27.4,24.8,28.2,31.0,23.3,32.2,31.8,27.5,24.9,26.2,28.1,25.6,27.6,29.7,28.3,33.6,27.0,32.2,26.7,36.7,29.3,31.7,29.1,31.7,27.7,28.2,29.1,24.5,24.1,28.5,24.1,31.0,26.1,27.4,26.6,27.3,25.0,28.5,25.3,24.6,24.4,20.8
482,21.9,27.8,24.0,29.8,27.3,30.5,29.7,26.1,28.2,27.1,29.2,28.9,28.5,27.4,30.2,29.0,25.4,32.0,28.3,28.5,26.8,27.3,29.8,26.5,28.5,28.1,29.0,28.0,24.5,30.7,27.2,28.7,23.4,22.6,22.1,21.2,31.5,27.6,31.5,26.1,33.0,30.7,26.7,22.3,25.6,27.1,23.8,27.3,30.2,22.8,31.5,31.0,26.3,24.4,25.9,27.8,25.3,27.3,29.4,28.1,33.5,26.8,32.1,25.9,36.2,28.8,31.2,28.6,31.0,27.2,27.2,28.2,24.0,23.6,27.7,23.7,30.7,25.8,26.9,26.3,26.8,24.2,28.2,25.0,24.2,24.0,20.4
483,21.6,27.5,23.9,29.2,26.9,30.1,29.3,25.7,27.8,26.7,28.9,28.5,28.2,27.0,29.7,28.8,25.0,31.8,28.0,28.2,26.4,26.9,29.4,25.9,28.0,27.5,28.4,27.4,24.4,30.2,26.8,28.2,23.2,22.5,22.0,21.0,30.9,27.2,31.0,25.5,32.3,30.3,26.0,22.1,25.0,26.6,23.4,26.7,29.6,22.2,30.7,30.4,25.6,23.9,25.5,27.7,25.3,27.2,28.9,27.9,33.2,26.4,31.8,25.3,35.8,28.6,30.6,28.3,30.5,27.0,26.1,27.7,23.2,23.2,27.2,22.8,30.3,25.5,26.5,25.7,26.3,23.7,27.8,24.7,23.7,23.7,20.0
484,21.3,27.1,23.5,29.0,26.6,29.6,28.9,25.2,27.2,26.4,28.6,28.0,27.9,26.6,29.2,28.4,24.9,31.7,27.7,27.8,26.2,26.5,29.0,25.5,27.5,27.2,28.1,26.9,24.1,29.8,26.5,27.9,22.6,22.0,21.4,20.7,30.4,26.9,30.4,25.0,31.3,30.0,25.6,21.8,24.4,25.6,22.9,26.0,28.8,21.9,30.1,29.9,24.9,23.5,25.2,27.4,24.9,26.8,28.7,27.7,33.0,26.3,31.5,24.6,35.4,28.3,30.2,27.7,30.0,26.7,25.0,27.1,22.4,22.7,26.5,22.3,29.8,25.1,26.3,25.5,25.7,23.3,27.6,24.3,23.3,23.3,19.6
485,21.2,26.9,23.1,28.6,26.3,29.1,28.4,25.0,26.9,26.1,28.3,27.7,27.7,26.3,28.6,28.0,24.7,31.5,27.5,27.6,26.0,26.1,28.8,25.0,27.0,26.8,27.8,26.8,24.0,29.4,26.2,27.7,22.2,21.8,21.1,20.4,30.0,26.6,30.2,24.5,30.5,29.7,25.1,21.7,23.8,25.5,22.4,25.6,28.1,21.5,29.6,29.5,24.3,23.2,25.1,27.3,24.5,26.8,28.5,27.4,32.9,26.2,31.4,24.1,35.1,28.1,29.9,27.4,29.8,26.3,24.2,26.6,21.6,22.3,25.7,21.9,29.5,24.9,26.0,25.1,25.3,22.7,27.5,23.8,22.8,23.0,19.3
486,20.7,26.2,23.0,28.2,25.8,28.6,28.1,24.7,26.6,25.7,28.0,27.4,27.4,26.1,28.2,27.7,24.5,31.5,27.2,27.4,25.8,25.7,28.6,24.7,26.7,26.4,27.6,26.5,23.7,29.3,25.6,27.4,21.7,21.3,20.7,20.1,29.6,26.4,29.7,23.9,29.8,29.5,24.3,21.4,23.1,24.9,22.0,25.3,27.9,21.1,29.2,29.0,23.6,23.0,24.7,27.1,24.4,26.6,28.3,27.2,32.7,26.0,31.3,23.4,34.9,27.9,29.6,27.2,29.4,26.1,23.7,26.2,21.6,21.8,25.2,21.4,29.2,24.6,26.0,24.6,24.9,22.2,27.1,23.4,22.4,22.8,19.1
487,20.1,26.4,22.9,27.7,25.7,28.6,28.0,24.6,26.2,25.5,27.8,27.1,27.1,26.0,27.8,27.5,24.4,31.3,26.9,27.2,25.6,25.8,28.3,24.3,26.2,26.0,27.5,26.3,23.5,28.9,25.5,27.0,21.6,21.0,20.6,19.7,29.2,26.3,29.2,23.4,29.4,29.1,23.9,21.2,22.8,24.1,21.6,24.9,27.2,20.6,28.6,28.7,23.1,22.9,24.5,27.1,24.4,26.3,28.2,26.9,32.4,25.9,31.0,22.9,34.7,27.8,29.3,27.0,29.0,25.9,22.9,26.2,21.3,21.6,24.8,20.9,29.1,24.3,25.9,24.2,24.8,22.1,26.8,23.2,22.2,22.5,19.0
488,22.7,27.7,25.2,27.5,25.9,28.3,27.8,24.6,26.3,25.5,28.2,27.1,27.6,25.9,27.9,27.7,24.4,31.5,27.5,28.0,25.5,26.0,28.4,24.2,25.8,25.9,27.4,26.1,23.3,29.1,25.4,27.5,21.2,21.1,20.4,19.8,31.6,27.3,28.8,24.7,29.9,32.2,23.5,21.2,24.6,26.6,22.4,27.3,30.5,20.2,28.6,29.5,23.9,24.3,24.4,27.2,24.2,26.3,28.1,27.2,32.8,25.8,31.3,24.3,34.5,27.9,29.3,26.9,29.7,26.4,23.8,25.6,23.8,21.6,26.9,20.7,29.8,24.7,25.7,23.9,24.6,21.7,26.6,23.6,21.8,22.3,18.8
489,28.0,31.6,31.2,30.4,28.3,30.5,30.5,27.3,28.3,27.3,30.1,28.8,29.9,27.4,30.2,29.5,27.3,33.6,29.7,29.9,28.1,28.1,30.9,26.0,28.3,28.9,28.8,28.6,25.6,31.4,27.8,29.4,22.9,22.9,21.7,21.7,37.3,31.5,32.1,28.9,32.6,38.0,26.3,24.0,29.0,32.8,25.9,32.2,38.6,22.8,34.1,32.5,29.4,28.7,25.2,28.4,25.4,27.6,28.3,28.4,33.9,26.1,33.1,29.6,35.8,29.6,31.8,28.3,32.3,28.5,29.6,28.8,30.0,25.1,32.2,24.9,31.9,26.2,27.6,26.1,26.9,23.6,27.7,25.3,23.1,24.2,20.4
490,33.2,35.4,36.5,36.4,31.7,33.6,33.9,30.8,30.5,29.4,32.0,31.3,32.1,29.6,33.4,31.5,30.2,35.7,31.8,31.7,30.9,30.5,33.8,28.9,32.7,32.5,31.0,31.7,28.2,34.1,30.7,31.6,26.0,25.6,23.9,24.4,42.1,35.8,37.3,32.8,36.1,42.2,31.1,27.4,33.6,38.4,29.3,36.1,44.7,26.7,39.6,35.9,34.5,33.3,26.9,30.1,27.7,29.9,30.2,30.0,35.5,27.7,34.9,34.5,37.6,31.9,34.5,30.5,35.0,30.6,34.9,35.8,35.8,28.5,36.7,29.1,33.8,27.9,29.9,30.5,30.6,27.4,29.9,27.4,26.3,26.8,22.7
491,37.8,38.7,39.9,41.7,34.8,36.7,37.1,33.8,32.6,31.7,33.8,33.6,34.1,32.0,36.4,33.4,33.1,37.4,34.0,33.3,33.6,32.6,36.4,31.5,36.9,36.4,33.4,34.7,30.3,36.6,33.4,33.8,28.9,28.5,25.9,27.0,45.6,39.2,42.2,36.3,39.6,44.9,35.9,30.5,38.2,42.1,33.3,39.5,48.8,30.5,43.6,39.2,39.1,37.0,29.0,32.0,30.1,32.1,32.0,31.5,37.0,29.6,36.4,38.7,39.7,33.8,37.5,32.7,37.5,32.4,39.7,41.8,40.7,31.3,40.4,33.1,35.6,29.5,32.3,34.6,34.2,31.6,31.8,29.3,29.4,29.4,24.9
492,41.4,40.8,41.9,45.4,37.6,39.4,39.8,36.4,34.4,33.7,35.4,35.5,35.9,33.9,39.1,35.2,35.4,39.0,35.7,34.6,35.8,34.6,38.9,34.0,40.4,39.3,35.3,37.1,32.7,38.8,35.7,35.6,31.2,30.9,28.0,29.1,48.4,41.3,45.9,39.2,42.4,47.0,39.8,32.7,41.9,44.3,36.6,42.3,51.6,33.5,47.1,42.1,43.1,39.6,30.7,33.5,31.7,33.8,33.9,32.6,38.6,31.6,38.0,41.8,41.9,35.6,40.1,34.5,39.6,34.0,43.5,45.7,44.1,33.7,42.9,36.0,37.2,31.0,34.3,37.9,37.3,35.4,33.7,30.9,31.8,31.8,26.9
493,44.3,42.3,43.1,48.1,39.7,41.6,42.0,38.4,35.9,35.3,36.7,37.2,37.3,35.6,41.2,37.0,37.2,39.9,36.8,35.5,37.8,36.2,40.6,35.9,42.8,41.5,37.0,39.0,34.3,40.7,37.4,37.3,33.0,32.5,29.6,30.6,50.5,43.0,48.8,41.4,44.8,48.1,42.5,34.3,44.4,45.9,39.1,44.5,53.5,35.6,49.8,44.6,45.8,41.5,31.8,34.6,32.7,35.0,35.4,33.6,39.4,33.1,39.2,43.8,44.0,37.2,42.1,36.4,41.2,35.3,46.2,48.1,46.2,35.0,45.0,38.1,38.4,32.1,36.1,40.4,39.5,38.5,34.8,32.1,33.6,33.4,28.3
494,45.6,43.0,43.3,50.0,41.5,43.2,43.6,39.9,37.0,36.6,37.7,38.4,38.4,36.8,42.6,38.0,38.5,40.4,37.7,35.9,38.9,37.5,42.2,37.4,44.8,43.1,38.4,40.3,35.6,41.7,38.9,38.5,34.5,33.9,30.9,31.8,51.6,43.5,50.5,43.1,46.6,48.6,44.4,35.5,45.9,46.3,40.9,45.6,54.5,37.1,51.6,46.2,47.7,42.2,32.7,35.3,33.4,35.7,36.8,34.2,39.9,34.2,39.9,45.1,46.0,38.1,43.8,37.6,42.4,36.3,47.8,49.7,47.4,36.1,46.3,39.4,39.1,32.8,37.4,42.1,41.1,40.4,35.7,32.6,35.0,34.6,29.3
495,45.1,42.4,43.8,50.8,42.3,44.1,44.6,40.7,37.4,37.2,38.2,39.1,38.8,37.6,43.5,38.5,39.0,40.4,37.9,36.1,39.7,37.9,43.2,38.3,45.7,43.8,39.0,41.0,36.1,42.2,39.7,38.9,35.0,34.4,31.3,32.2,52.0,43.0,51.3,43.8,47.7,48.3,45.6,35.7,46.2,46.5,41.8,45.9,54.8,37.8,52.6,46.9,49.0,41.8,33.0,35.5,33.5,36.0,37.3,34.3,39.9,35.0,40.1,45.6,47.4,38.3,44.6,38.2,42.9,36.7,48.4,50.4,47.6,37.0,46.8,40.3,39.4,33.1,38.0,43.1,42.1,41.7,36.3,32.7,35.5,35.2,29.7
496,45.0,40.8,41.9,51.1,42.3,44.2,44.7,40.6,37.0,37.1,37.9,39.2,38.4,37.6,43.4,38.3,39.0,39.6,37.4,35.4,39.5,37.8,43.0,38.3,45.8,44.0,39.0,40.8,35.9,41.9,39.7,38.6,34.9,34.0,31.1,31.9,51.1,41.2,51.4,43.2,48.1,46.7,45.7,35.2,45.2,45.0,41.6,44.9,53.8,37.8,52.6,46.6,49.2,40.2,32.4,34.7,33.0,35.4,37.3,33.6,39.1,35.2,39.3,45.0,47.7,37.8,44.4,38.1,42.6,36.5,48.2,50.5,46.7,36.7,46.0,40.0,38.9,32.7,37.8,43.0,41.7,41.6,35.8,32.2,35.5,35.0,29.5
497,39.8,36.4,36.4,49.8,40.8,42.9,43.2,39.1,35.5,35.7,36.4,38.2,36.7,36.4,42.0,36.9,37.4,37.5,35.6,33.7,37.9,36.4,41.5,36.9,44.4,42.5,37.8,39.1,34.4,40.3,38.5,36.7,33.4,32.4,30.0,30.4,47.4,37.5,50.2,40.5,46.8,41.5,44.4,33.1,41.2,40.8,39.7,41.0,48.8,36.2,51.0,44.4,47.8,35.6,31.2,32.9,31.6,33.7,36.3,31.8,37.6,34.5,37.4,41.5,46.3,35.7,42.3,37.1,41.0,34.9,46.3,49.7,43.1,34.9,42.3,38.2,37.2,31.5,36.4,41.8,40.6,40.0,34.4,31.0,34.2,33.6,27.9
498,33.9,33.2,31.7,45.2,36.7,40.0,39.4,35.3,33.8,33.4,34.8,36.5,34.5,34.3,38.6,34.9,34.0,36.0,33.9,32.5,34.6,34.0,37.8,33.7,38.9,38.1,36.1,35.8,31.5,37.4,36.0,34.2,30.1,29.7,27.8,27.9,42.0,33.8,45.7,35.8,43.9,36.5,39.2,29.2,37.4,36.3,36.1,37.0,43.7,31.9,46.3,41.6,42.4,31.9,29.3,31.6,29.6,31.6,34.6,30.9,36.8,32.3,36.0,37.4,43.9,34.1,38.0,35.1,38.1,33.1,40.4,44.5,36.8,31.4,38.2,33.2,35.5,30.4,33.7,36.9,36.2,36.2,31.3,29.9,31.1,31.1,25.3
499,30.8,31.5,29.4,40.5,34.3,37.6,37.0,32.5,32.8,32.2,33.8,34.8,33.3,32.8,36.6,33.9,31.6,35.3,32.6,31.8,32.5,32.8,35.6,32.0,35.3,34.6,34.8,33.6,29.9,35.7,33.7,33.0,28.2,27.8,26.5,26.0,39.1,32.3,41.1,33.1,41.5,34.6,35.2,27.5,35.0,32.7,33.4,34.7,40.4,28.8,42.0,39.9,36.6,30.3,28.5,30.8,28.5,30.3,33.2,30.2,36.2,30.6,35.1,34.8,42.3,32.8,36.3,33.9,36.7,32.0,36.6,38.4,33.5,29.4,35.8,30.6,34.6,29.5,32.3,32.5,33.7,32.9,30.2,29.0,29.1,29.4,23.7
500,28.6,30.4,27.6,37.4,32.6,36.3,35.1,30.7,32.2,31.2,33.1,33.7,32.3,31.8,35.1,33.0,30.0,34.7,32.0,31.2,31.4,31.8,34.3,31.0,33.6,32.8,33.6,32.2,28.5,34.7,32.0,32.3,27.0,26.4,25.6,24.8,37.3,31.0,38.6,30.9,40.0,33.3,33.0,26.5,33.0,31.1,31.2,33.2,37.8,27.2,39.5,38.4,34.1,29.0,28.0,30.1,27.8,29.8,32.2,29.9,35.8,29.7,34.4,32.6,40.7,31.8,35.4,32.9,35.7,31.1,34.7,35.6,31.4,28.1,34.2,29.0,33.9,28.9,31.1,30.5,32.1,30.8,29.9,28.2,27.8,28.3,22.7
501,26.9,29.8,26.7,35.2,31.6,35.0,33.9,29.6,31.3,30.3,32.4,32.5,31.6,30.9,34.1,32.2,28.9,34.1,31.4,30.9,30.3,30.9,33.4,30.1,32.3,31.6,32.6,31.1,27.6,33.7,30.9,31.7,26.2,25.6,24.8,24.1,35.8,30.0,36.8,29.3,38.5,32.4,31.3,25.9,31.4,30.3,29.4,31.9,35.8,26.1,37.3,36.8,32.6,28.0,27.6,29.6,27.2,29.4,31.4,29.5,35.5,29.1,33.9,30.9,39.6,31.0,34.5,32.1,34.8,30.4,33.2,33.9,29.8,27.2,33.0,27.6,33.3,28.4,30.3,29.3,30.7,29.1,29.6,27.4,26.8,27.3,22.0
502,25.6,29.5,25.8,33.6,30.6,34.0,32.9,28.6,30.9,29.6,31.5,31.8,31.1,30.0,33.3,31.5,27.9,33.6,30.7,30.5,29.2,30.3,32.6,29.3,31.3,30.9,31.8,30.3,26.7,33.4,30.0,31.1,25.5,24.5,24.1,23.4,34.8,29.2,35.5,28.3,37.2,31.9,30.1,25.3,29.3,29.5,27.8,30.8,34.4,25.3,35.7,35.5,31.2,26.9,27.2,29.1,26.6,28.9,30.9,29.3,35.0,28.5,33.5,29.8,38.7,30.6,33.7,31.2,34.0,29.7,31.9,32.3,28.1,26.4,31.6,26.4,32.9,28.0,29.4,28.4,29.7,27.7,29.1,26.9,26.2,26.4,21.5
503,24.4,28.7,25.1,32.4,29.9,33.2,32.1,27.9,30.3,29.0,31.0,31.1,30.5,29.3,32.5,31.1,27.2,33.2,30.3,30.1,28.5,29.5,32.0,28.8,30.2,30.1,30.9,29.7,26.2,32.8,29.2,30.5,24.9,24.1,23.4,22.8,33.8,28.8,34.2,27.8,36.2,31.7,28.8,24.5,28.2,28.9,26.8,29.8,33.2,24.6,34.4,34.2,29.6,26.0,26.9,28.8,26.4,28.5,30.4,28.9,34.7,28.0,33.1,28.8,38.0,30.4,32.9,30.5,33.4,29.4,30.7,31.1,26.8,25.5,30.5,25.4,32.3,27.5,28.7,27.9,28.8,26.7,28.9,26.3,25.6,25.8,21.3
504,23.2,28.4,24.7,31.5,28.8,32.4,31.2,27.5,29.8,28.4,30.7,30.5,30.0,28.9,31.8,30.6,26.6,32.9,29.6,29.7,28.1,28.9,31.5,27.9,29.7,29.3,30.4,29.2,25.6,32.0,28.6,29.9,24.6,23.6,23.0,22.2,32.8,28.4,33.4,27.3,35.1,30.9,28.0,24.0,27.2,28.3,25.8,29.0,32.2,23.8,33.1,33.3,28.4,25.3,26.6,28.4,26.1,28.3,30.1,28.6,34.3,27.5,32.9,27.8,37.4,29.9,32.4,30.0,32.7,28.7,29.5,30.0,25.6,25.0,29.7,24.7,31.6,27.0,28.2,27.2,28.0,25.7,28.7,25.7,25.2,25.1,21.2
505,22.7,28.0,24.5,30.5,28.3,31.4,30.4,26.9,29.2,27.8,30.0,29.8,29.3,28.3,30.9,29.9,26.2,32.5,29.1,29.4,27.5,28.2,30.9,27.3,29.1,28.6,29.8,28.7,25.1,31.5,28.0,29.6,24.0,23.2,22.7,21.9,32.1,27.9,32.4,26.4,34.0,30.8,27.3,23.3,26.1,27.4,25.0,28.5,31.2,23.3,32.3,32.1,27.6,24.8,26.4,28.2,25.8,27.8,29.7,28.4,33.8,26.9,32.6,27.0,37.0,29.6,32.0,29.6,32.2,28.2,28.2,29.1,24.6,24.6,29.0,24.1,31.4,26.6,27.7,26.5,27.5,25.0,28.5,25.2,24.7,24.7,20.8
506,22.0,27.6,23.8,30.0,27.4,30.8,29.9,26.4,28.8,27.4,29.7,29.4,29.0,27.7,30.5,29.4,25.8,32.4,28.7,28.9,27.1,27.7,30.1,26.6,28.5,28.3,29.4,28.3,24.7,31.1,27.5,29.1,23.6,22.7,22.2,21.2,31.5,27.7,31.6,26.0,33.0,30.8,26.6,22.8,25.7,27.2,24.0,27.5,30.5,22.7,31.6,31.3,26.5,24.2,26.0,27.9,25.5,27.4,29.4,28.2,33.7,26.7,32.4,26.4,36.4,29.1,31.5,29.1,31.4,27.6,27.2,28.4,24.2,24.0,28.2,23.6,31.1,26.4,27.2,26.2,26.9,24.2,28.2,24.9,24.3,24.2,20.5
507,21.6,27.5,23.6,29.4,27.0,30.4,29.4,25.8,28.3,27.0,29.4,28.9,28.7,27.3,29.9,29.1,25.4,32.2,28.5,28.6,26.7,27.2,29.7,26.0,28.0,27.6,28.8,27.7,24.5,30.6,27.1,28.6,23.3,22.5,22.0,20.9,30.9,27.3,31.1,25.5,32.2,30.3,25.9,22.6,25.0,26.7,23.5,26.9,29.9,22.3,30.9,30.8,25.8,23.7,25.7,27.8,25.5,27.3,28.9,28.1,33.4,26.4,32.1,25.7,36.1,28.8,31.0,28.7,30.9,27.5,26.2,27.8,23.2,23.7,27.7,22.8,30.7,26.1,26.8,25.6,26.2,23.7,27.9,24.5,23.7,23.8,20.1
508,21.3,27.1,23.2,29.1,26.6,29.8,28.9,25.3,27.7,26.6,29.0,28.4,28.3,26.9,29.4,28.6,25.1,32.1,28.1,28.1,26.5,26.7,29.3,25.5,27.4,27.3,28.4,27.1,24.2,30.1,26.7,28.3,22.7,22.1,21.4,20.6,30.3,27.0,30.6,24.9,31.2,30.0,25.4,22.3,24.4,25.7,23.0,26.3,29.1,22.0,30.2,30.2,25.0,23.4,25.4,27.6,25.1,26.8,28.8,27.9,33.3,26.4,31.9,25.1,35.7,28.5,30.6,28.1,30.4,27.1,25.1,27.2,22.3,23.1,27.3,22.3,30.2,25.6,26.4,25.2,25.6,23.2,27.6,24.0,23.3,23.3,19.7
509,21.1,26.9,23.0,28.7,26.3,29.2,28.4,24.9,27.3,26.2,28.7,28.0,28.1,26.5,28.8,28.3,24.9,31.9,27.8,27.9,26.2,26.3,29.0,25.0,26.9,26.8,28.0,26.9,23.9,29.7,26.4,28.0,22.2,21.8,21.2,20.4,29.9,26.8,30.4,24.4,30.4,29.6,24.9,22.1,23.7,25.5,22.5,25.8,28.4,21.6,29.7,29.9,24.4,23.2,25.2,27.5,24.7,26.8,28.6,27.7,33.2,26.3,31.8,24.7,35.4,28.3,30.3,27.7,30.1,26.7,24.2,26.7,21.7,22.7,26.3,21.9,29.8,25.4,26.0,25.0,25.3,22.6,27.5,23.6,22.9,23.0,19.4
510,20.5,26.3,22.8,28.2,25.8,28.7,28.1,24.7,27.0,25.8,28.3,27.7,27.7,26.3,28.2,27.9,24.6,31.9,27.5,27.8,25.8,25.9,28.8,24.7,26.6,26.3,27.7,26.6,23.6,29.5,25.7,27.5,21.8,21.4,20.8,20.3,29.6,26.5,29.9,23.7,29.7,29.5,24.1,21.8,23.0,25.0,22.1,25.4,28.1,21.1,29.2,29.3,23.7,23.1,24.9,27.4,24.6,26.6,28.3,27.4,33.0,26.2,31.7,23.9,35.2,28.2,30.0,27.4,29.6,26.4,23.7,26.4,21.6,22.3,25.8,21.4,29.5,25.1,26.1,24.5,24.8,22.2,27.2,23.2,22.4,22.8,19.3
511,20.0,26.4,22.9,27.8,25.6,28.4,27.8,24.5,26.6,25.5,28.1,27.3,27.3,26.2,27.7,27.6,24.4,31.7,27.2,27.5,25.6,25.9,28.5,24.3,26.1,25.8,27.5,26.2,23.4,29.1,25.5,27.2,21.7,21.1,20.7,19.8,29.2,26.5,29.4,23.2,29.3,29.1,23.7,21.6,22.7,24.2,21.6,25.1,27.5,20.8,28.6,29.1,23.2,23.0,24.6,27.4,24.5,26.4,28.2,27.2,32.7,26.0,31.5,23.4,35.0,28.2,29.7,27.2,29.3,26.2,22.9,26.2,21.3,22.1,25.4,21.0,29.4,24.7,25.9,24.2,24.7,22.0,26.8,23.0,22.3,22.6,19.1
512,22.7,27.8,25.2,27.5,25.9,28.2,27.6,24.5,26.7,25.6,28.5,27.4,27.8,26.0,27.7,27.8,24.4,32.0,27.7,28.4,25.4,26.2,28.4,24.2,25.7,25.8,27.4,26.0,23.4,29.3,25.4,27.7,21.4,21.2,20.6,19.9,31.6,27.5,29.0,24.7,29.9,32.2,23.2,21.6,24.7,26.8,22.5,27.6,30.9,20.3,28.7,29.9,24.0,24.5,24.6,27.5,24.3,26.4,28.2,27.5,33.1,26.0,31.7,24.8,34.8,28.2,29.7,27.1,29.9,26.6,23.8,25.6,23.8,22.0,27.5,20.8,30.1,25.0,25.6,23.8,24.6,21.8,26.6,23.4,22.0,22.4,18.8
513,28.1,31.7,31.3,30.5,28.4,30.3,30.5,27.4,28.6,27.4,30.4,29.1,30.1,27.5,30.2,29.6,27.4,34.1,30.0,30.2,28.2,28.3,30.9,26.1,28.2,29.0,29.0,28.6,25.8,31.7,27.8,29.6,23.1,23.1,21.8,21.8,37.2,31.7,32.3,29.0,32.7,38.1,26.0,24.4,29.0,32.9,26.0,32.5,38.7,22.9,34.3,32.9,29.6,28.9,25.3,28.7,25.6,27.7,28.4,28.8,34.3,26.2,33.5,30.1,36.2,29.9,32.3,28.5,32.5,28.7,29.6,28.8,30.2,25.5,32.7,25.0,32.1,26.5,27.6,26.2,27.0,23.7,27.9,25.1,23.3,24.4,20.5
514,33.3,35.5,36.5,36.4,31.9,33.6,34.0,31.0,30.9,29.7,32.2,31.5,32.3,29.8,33.4,31.7,30.4,36.2,32.1,31.9,31.1,30.7,33.9,29.1,32.7,32.7,31.2,31.8,28.4,34.4,30.8,31.8,26.2,25.8,24.1,24.5,42.1,35.9,37.5,32.9,36.2,42.3,30.9,27.8,33.8,38.5,29.4,36.3,44.7,26.7,39.7,36.3,34.6,33.4,27.1,30.4,27.8,30.0,30.3,30.4,35.7,27.8,35.3,35.1,37.9,32.2,35.0,30.7,35.2,30.8,34.9,35.8,36.1,29.0,37.2,29.2,33.9,28.2,30.1,30.5,30.8,27.5,30.1,27.3,26.4,27.0,22.9
515,37.9,38.8,40.1,41.7,35.1,36.8,37.2,34.1,33.0,32.0,34.0,33.9,34.4,32.2,36.6,33.6,33.3,37.9,34.2,33.5,33.9,32.8,36.6,31.8,37.0,36.5,33.5,34.9,30.5,36.9,33.7,34.0,29.1,28.6,26.0,27.2,45.6,39.4,42.3,36.5,39.6,45.0,36.0,30.8,38.4,42.3,33.4,39.7,48.7,30.5,43.8,39.6,39.3,37.2,29.2,32.3,30.2,32.2,32.1,31.8,37.3,29.9,36.9,39.1,40.1,34.1,38.0,32.9,37.7,32.7,39.7,41.8,40.9,31.7,40.9,33.1,35.7,29.8,32.6,34.8,34.4,31.8,32.0,29.2,29.6,29.6,25.0
516,41.5,41.0,42.0,45.6,38.0,39.6,40.0,36.6,34.8,33.9,35.7,35.8,36.2,34.1,39.3,35.4,35.6,39.3,36.0,34.7,36.1,34.8,39.2,34.2,40.6,39.6,35.5,37.4,32.9,39.0,35.9,35.9,31.4,31.0,28.0,29.2,48.4,41.5,46.1,39.3,42.4,47.1,39.8,33.0,42.1,44.3,36.7,42.6,51.6,33.5,47.2,42.6,43.2,39.8,30.8,33.6,31.8,33.9,34.0,32.9,38.9,31.8,38.3,42.1,42.2,35.9,40.6,34.8,39.8,34.4,43.5,45.8,44.2,34.1,43.4,36.2,37.3,31.3,34.5,38.1,37.6,35.7,33.8,30.9,32.0,31.9,26.9
517,44.4,42.4,43.3,48.3,40.1,41.9,42.3,38.6,36.1,35.5,37.0,37.4,37.6,35.8,41.5,37.2,37.4,40.2,37.1,35.6,38.1,36.4,41.0,36.3,43.0,41.9,37.2,39.3,34.4,40.8,37.7,37.5,33.2,32.6,29.6,30.7,50.5,43.1,49.0,41.5,44.8,48.3,42.6,34.6,44.6,45.9,39.2,44.7,53.5,35.5,50.0,45.1,46.0,41.7,32.0,34.8,32.8,35.0,35.6,33.8,39.7,33.3,39.5,44.2,44.4,37.4,42.6,36.6,41.4,35.6,46.2,48.2,46.4,35.4,45.4,38.2,38.5,32.4,36.3,40.6,39.8,38.8,35.0,32.1,33.9,33.5,28.3
518,45.5,43.1,43.4,50.1,41.9,43.5,44.0,40.2,37.2,36.8,38.0,38.5,38.6,37.1,43.0,38.2,38.7,40.7,37.9,36.1,39.1,37.7,42.6,37.7,45.0,43.5,38.5,40.7,35.7,41.8,39.1,38.7,34.6,33.9,30.9,31.9,51.7,43.6,50.6,43.1,46.6,48.7,44.6,35.8,46.1,46.3,41.0,45.9,54.6,37.1,51.8,46.6,47.9,42.4,32.9,35.5,33.5,35.8,37.0,34.4,40.2,34.5,40.2,45.5,46.3,38.4,44.2,37.8,42.6,36.6,47.8,49.8,47.4,36.5,46.8,39.6,39.3,33.0,37.6,42.3,41.5,40.6,35.9,32.6,35.2,34.8,29.3
519,45.3,42.6,43.9,51.0,42.7,44.4,45.0,41.0,37.6,37.3,38.4,39.2,39.0,37.7,43.8,38.7,39.2,40.7,38.1,36.3,39.9,38.1,43.5,38.6,46.0,44.2,39.1,41.3,36.2,42.3,39.9,39.1,35.2,34.5,31.4,32.3,52.1,43.1,51.6,43.8,47.7,48.4,45.8,36.1,46.3,46.5,41.9,46.2,54.9,37.9,52.8,47.4,49.2,42.0,33.1,35.7,33.7,36.1,37.6,34.6,40.2,35.4,40.4,46.1,47.8,38.6,45.0,38.4,43.0,36.9,48.4,50.5,47.7,37.3,47.2,40.6,39.6,33.2,38.2,43.4,42.5,41.9,36.5,32.7,35.7,35.3,29.7
520,45.2,41.0,42.0,51.2,42.6,44.7,45.1,40.9,37.2,37.2,38.1,39.3,38.6,37.8,43.8,38.4,39.2,40.0,37.6,35.6,39.8,38.0,43.4,38.6,46.1,44.4,39.1,41.1,36.0,42.1,39.9,38.7,35.0,34.1,31.2,32.0,51.2,41.3,51.7,43.3,48.1,46.8,46.0,35.6,45.3,45.1,41.7,45.2,54.1,37.9,52.8,47.0,49.4,40.5,32.5,34.9,33.2,35.6,37.6,33.9,39.5,35.5,39.7,45.5,48.0,38.2,44.8,38.2,42.7,36.7,48.2,50.7,46.9,37.0,46.5,40.3,39.2,32.9,38.0,43.4,42.1,41.9,36.0,32.2,35.7,35.1,29.5
521,40.0,36.7,36.5,49.9,41.1,43.4,43.6,39.4,35.6,35.8,36.5,38.3,36.8,36.6,42.4,37.1,37.6,37.9,35.8,34.0,38.1,36.6,41.9,37.2,44.7,42.9,38.0,39.4,34.6,40.5,38.7,36.8,33.6,32.6,30.0,30.6,47.7,37.7,50.3,40.7,46.9,41.7,44.5,33.6,41.3,40.9,39.8,41.4,49.2,36.4,51.3,44.8,48.1,35.9,31.4,33.1,31.8,34.0,36.7,32.2,38.1,34.8,37.7,42.0,46.7,36.2,42.7,37.3,41.1,35.0,46.5,49.8,43.3,35.4,42.9,38.5,37.5,31.7,36.6,42.2,41.0,40.4,34.7,30.9,34.5,33.8,28.0
522,33.9,33.4,31.7,45.3,37.0,40.4,39.7,35.5,34.0,33.5,34.9,36.6,34.5,34.4,38.9,35.1,34.2,36.5,34.0,32.6,34.8,34.2,38.2,33.9,39.1,38.5,36.2,36.1,31.7,37.6,36.1,34.3,30.3,29.9,27.8,28.1,42.2,34.1,45.8,36.0,44.0,36.6,39.4,29.8,37.5,36.4,36.3,37.4,44.0,32.1,46.7,42.0,42.8,32.1,29.5,31.8,29.8,31.9,35.0,31.2,37.2,32.6,36.4,38.0,44.3,34.5,38.4,35.3,38.2,33.3,40.6,44.6,37.1,31.8,38.7,33.5,35.7,30.5,33.9,37.3,36.6,36.4,31.6,29.8,31.3,31.3,25.4
523,30.8,31.6,29.3,40.5,34.5,37.9,37.2,32.7,32.9,32.3,33.9,35.0,33.4,33.0,36.7,34.0,31.8,35.8,32.7,31.9,32.7,32.9,35.7,32.2,35.4,34.8,35.0,33.8,30.1,35.7,33.9,33.1,28.2,27.9,26.6,26.1,39.3,32.6,41.1,33.2,41.8,34.6,35.3,28.0,35.1,32.8,33.7,35.1,40.8,29.1,42.3,40.4,36.9,30.4,28.8,31.2,28.7,30.6,33.6,30.6,36.6,30.9,35.5,35.3,42.6,33.1,36.8,34.0,36.7,32.1,36.8,38.5,33.8,29.9,36.4,30.8,34.7,29.7,32.4,32.6,33.9,33.1,30.4,29.0,29.3,29.5,23.8
524,28.5,30.4,27.5,37.4,32.7,36.5,35.3,30.8,32.3,31.3,33.2,33.8,32.4,31.9,35.2,33.1,30.1,35.1,32.1,31.2,31.5,31.9,34.4,31.1,33.6,33.0,33.8,32.3,28.7,34.7,32.2,32.4,27.0,26.4,25.7,25.0,37.4,31.3,38.7,31.1,40.2,33.4,33.0,27.0,33.2,31.1,31.4,33.6,38.1,27.6,39.8,38.8,34.3,29.1,28.2,30.5,28.1,30.0,32.5,30.3,36.2,30.0,34.8,33.2,41.0,32.2,35.8,33.0,35.7,31.1,34.9,35.6,31.7,28.6,34.7,29.3,33.9,29.1,31.3,30.5,32.2,30.9,30.1,28.2,27.8,28.3,22.9
525,26.9,29.9,26.7,35.1,31.7,35.1,33.9,29.6,31.4,30.4,32.4,32.6,31.6,31.0,34.2,32.3,28.9,34.6,31.5,30.9,30.3,31.0,33.5,30.2,32.3,31.7,32.7,31.2,27.7,33.8,31.0,31.7,26.2,25.5,24.9,24.3,35.9,30.3,36.8,29.5,38.7,32.5,31.4,26.5,31.4,30.2,29.6,32.3,36.1,26.5,37.6,37.2,32.8,28.2,27.8,30.1,27.4,29.7,31.7,29.8,35.9,29.4,34.4,31.5,39.9,31.4,34.8,32.2,34.9,30.4,33.3,34.0,30.1,27.6,33.5,28.0,33.3,28.5,30.3,29.4,30.8,29.2,29.7,27.4,26.8,27.3,22.1
526,25.6,29.5,25.9,33.5,30.7,34.0,32.9,28.6,30.9,29.6,31.5,31.8,31.2,30.0,33.3,31.6,27.9,34.2,30.7,30.5,29.1,30.4,32.6,29.3,31.2,30.9,31.9,30.3,26.8,33.4,30.0,31.1,25.5,24.5,24.2,23.6,34.9,29.5,35.4,28.5,37.4,31.9,30.1,25.9,29.4,29.6,28.0,31.2,34.8,25.7,36.0,35.9,31.6,27.2,27.5,29.5,26.9,29.2,31.1,29.6,35.5,28.8,34.1,30.2,39.0,31.0,34.1,31.3,34.0,29.7,32.1,32.4,28.3,26.8,32.1,26.7,32.8,28.1,29.4,28.5,29.8,27.9,29.3,26.8,26.1,26.4,21.7
527,24.6,28.8,25.2,32.4,29.9,33.2,32.0,27.8,30.3,29.0,31.1,31.1,30.6,29.3,32.5,31.1,27.3,33.8,30.3,30.2,28.4,29.4,32.0,28.7,30.2,30.0,30.9,29.7,26.2,32.8,29.2,30.5,24.9,24.1,23.5,22.9,33.9,29.0,34.2,27.9,36.2,31.7,28.8,25.2,28.3,28.9,27.0,30.1,33.6,24.9,34.7,34.6,30.0,26.2,27.1,29.2,26.7,28.8,30.7,29.2,35.2,28.3,33.6,29.2,38.3,30.7,33.3,30.6,33.4,29.3,31.1,31.1,27.1,26.0,31.0,25.7,32.3,27.5,28.7,27.9,28.8,26.8,29.1,26.3,25.6,25.8,21.4
528,23.3,28.5,24.8,31.4,28.8,32.3,31.1,27.4,29.8,28.3,30.6,30.5,30.0,28.8,31.7,30.5,26.6,33.5,29.6,29.7,28.0,28.9,31.5,27.9,29.7,29.2,30.4,29.1,25.6,31.9,28.6,29.9,24.6,23.7,23.0,22.3,32.9,28.7,33.4,27.5,35.2,31.0,28.0,24.6,27.4,28.4,26.0,29.4,32.6,24.1,33.4,33.7,28.8,25.6,26.8,28.7,26.4,28.6,30.5,28.9,34.7,27.8,33.5,28.3,37.7,30.2,32.7,30.0,32.7,28.7,29.8,30.0,25.9,25.4,30.2,25.0,31.6,27.0,28.1,27.2,28.0,25.8,28.9,25.7,25.1,25.1,21.2
529,22.9,28.2,24.5,30.5,28.2,31.4,30.3,26.8,29.2,27.8,30.0,29.8,29.3,28.2,30.8,29.9,26.1,33.1,29.1,29.2,27.4,28.1,30.8,27.3,29.0,28.6,29.8,28.6,25.1,31.4,27.9,29.5,24.0,23.2,22.6,21.9,32.3,28.1,32.5,26.6,34.1,30.9,27.2,24.0,26.2,27.6,25.2,28.9,31.6,23.4,32.6,32.6,27.9,25.0,26.6,28.5,26.1,28.0,29.9,28.6,34.3,27.3,33.1,27.6,37.2,29.9,32.3,29.6,32.1,28.2,28.5,29.1,25.0,25.1,29.5,24.4,31.3,26.6,27.6,26.6,27.5,25.1,28.7,25.2,24.8,24.6,20.9
530,22.1,27.6,23.9,30.0,27.3,30.7,29.8,26.3,28.7,27.3,29.7,29.4,29.0,27.7,30.4,29.4,25.7,33.0,28.7,28.8,27.0,27.6,30.0,26.5,28.5,28.2,29.4,28.2,24.7,30.9,27.4,28.9,23.6,22.7,22.2,21.2,31.7,28.0,31.7,26.2,33.1,30.8,26.6,23.4,25.8,27.4,24.3,27.9,31.0,23.1,31.9,31.8,26.9,24.5,26.3,28.3,25.8,27.7,29.8,28.4,34.2,27.1,33.0,26.8,36.7,29.3,31.8,29.0,31.3,27.5,27.5,28.4,24.6,24.5,28.8,24.0,31.0,26.3,27.1,26.2,26.9,24.4,28.5,24.9,24.3,24.2,20.6
531,21.7,27.5,23.6,29.5,26.9,30.3,29.3,25.8,28.1,26.9,29.3,28.8,28.5,27.3,29.8,29.0,25.3,32.8,28.4,28.5,26.5,27.1,29.5,25.9,27.9,27.5,28.8,27.6,24.5,30.3,27.0,28.4,23.4,22.5,22.0,20.9,31.0,27.5,31.1,25.7,32.3,30.3,25.9,23.2,25.2,26.9,23.7,27.3,30.3,22.6,31.1,31.3,26.1,24.0,25.9,28.2,25.7,27.5,29.3,28.3,33.9,26.8,32.6,26.2,36.3,29.0,31.3,28.6,30.8,27.3,26.5,27.9,23.5,24.1,28.3,23.1,30.6,26.0,26.7,25.7,26.2,23.8,28.0,24.5,23.8,23.7,20.2
532,21.5,27.1,23.3,29.0,26.5,29.7,28.8,25.2,27.5,26.6,28.8,28.3,28.2,26.9,29.3,28.5,25.1,32.7,28.0,28.0,26.4,26.6,29.2,25.5,27.3,27.2,28.3,27.0,24.1,29.8,26.7,28.0,22.8,22.2,21.3,20.6,30.6,27.2,30.6,25.0,31.3,30.1,25.4,22.9,24.7,25.9,23.2,26.7,29.5,22.3,30.4,30.7,25.2,23.7,25.6,27.9,25.4,27.0,29.2,28.1,33.8,26.7,32.4,25.7,35.9,28.7,30.8,28.1,30.3,26.9,25.3,27.3,22.6,23.5,27.8,22.6,30.1,25.5,26.3,25.4,25.6,23.4,27.7,24.0,23.4,23.2,19.8
533,21.2,27.0,23.3,28.7,26.2,29.1,28.3,24.8,27.1,26.2,28.5,27.8,28.0,26.5,28.6,28.2,24.9,32.5,27.7,27.8,26.0,26.2,28.8,25.0,26.9,26.7,27.9,26.8,23.8,29.4,26.3,27.7,22.4,21.9,21.1,20.3,30.1,27.0,30.3,24.5,30.6,29.7,24.8,22.6,23.9,25.7,22.7,26.2,28.8,21.8,30.0,30.3,24.6,23.5,25.5,27.9,25.0,27.0,29.0,28.0,33.8,26.6,32.3,25.2,35.6,28.6,30.5,27.7,29.9,26.5,24.5,26.8,21.9,23.1,26.9,22.2,29.7,25.2,25.9,25.1,25.3,22.8,27.7,23.7,23.0,22.9,19.6
534,20.7,26.4,23.0,28.1,25.7,28.6,28.0,24.6,26.7,25.8,28.2,27.6,27.6,26.2,28.1,27.8,24.5,32.5,27.3,27.6,25.7,25.8,28.6,24.7,26.6,26.1,27.6,26.5,23.4,29.2,25.6,27.3,22.1,21.5,20.9,20.3,29.8,26.7,29.7,23.8,29.9,29.7,24.0,22.3,23.3,25.2,22.3,25.7,28.5,21.4,29.6,29.7,24.0,23.3,25.2,27.8,24.9,26.9,28.7,27.8,33.6,26.4,32.2,24.4,35.4,28.5,30.1,27.4,29.5,26.2,24.0,26.5,21.9,22.7,26.5,21.7,29.4,24.8,26.0,24.6,24.8,22.4,27.5,23.3,22.6,22.7,19.5
535,20.2,26.5,23.1,27.7,25.7,28.4,27.7,24.4,26.3,25.4,27.9,27.2,27.1,26.1,27.6,27.5,24.3,32.3,26.9,27.3,25.5,25.8,28.3,24.3,26.1,25.7,27.5,26.1,23.2,28.8,25.4,26.9,21.9,21.3,20.8,19.8,29.3,26.7,29.4,23.3,29.5,29.3,23.6,22.1,23.0,24.4,21.9,25.5,27.9,21.0,29.0,29.5,23.5,23.2,24.9,27.8,24.7,26.6,28.6,27.6,33.3,26.4,32.0,23.9,35.2,28.5,29.9,27.2,29.0,26.0,23.2,26.3,21.5,22.6,26.0,21.2,29.2,24.5,25.8,24.3,24.7,22.2,27.2,23.1,22.5,22.5,19.3
536,23.0,28.0,25.5,27.5,25.9,28.2,27.6,24.5,26.5,25.5,28.2,27.2,27.6,25.9,27.7,27.7,24.4,32.6,27.5,28.2,25.4,26.1,28.3,24.3,25.7,25.7,27.4,26.0,23.3,29.1,25.4,27.5,21.6,21.4,20.7,20.1,31.8,27.7,29.0,24.9,30.1,32.6,23.2,22.1,25.0,27.1,22.8,28.0,31.4,20.6,29.0,30.3,24.3,24.9,24.8,27.9,24.6,26.6,28.6,27.8,33.6,26.3,32.2,25.3,35.1,28.6,29.9,27.1,29.8,26.4,24.1,25.7,24.1,22.5,28.0,21.1,29.9,24.9,25.6,24.0,24.7,22.0,27.0,23.6,22.2,22.4,19.0
537,28.4,32.0,31.6,30.6,28.5,30.4,30.5,27.4,28.5,27.4,30.2,29.0,29.9,27.5,30.3,29.5,27.5,34.6,29.8,30.1,28.2,28.3,30.8,26.3,28.3,29.0,29.0,28.6,25.7,31.5,27.8,29.5,23.3,23.3,21.9,22.0,37.5,32.0,32.4,29.2,32.9,38.4,26.1,24.8,29.4,33.1,26.3,32.8,39.0,23.1,34.6,33.3,29.9,29.2,25.5,29.1,25.8,27.9,28.9,29.1,34.8,26.5,34.0,30.5,36.4,30.4,32.6,28.5,32.5,28.5,30.0,29.0,30.5,26.0,33.2,25.2,32.0,26.4,27.6,26.4,27.1,24.0,28.3,25.3,23.6,24.4,20.7
538,33.5,36.0,36.8,36.5,32.1,33.8,34.2,31.1,30.8,29.7,32.2,31.5,32.2,29.8,33.6,31.6,30.5,36.7,32.0,31.8,31.2,30.7,33.9,29.3,32.8,32.9,31.2,31.9,28.3,34.3,30.9,31.8,26.4,25.9,24.2,24.7,42.4,36.4,37.8,33.1,36.4,42.7,31.1,28.2,34.2,38.8,29.7,36.6,44.9,26.9,40.1,36.7,35.0,33.6,27.3,30.8,28.0,30.2,30.8,30.7,36.3,28.2,35.8,35.5,38.2,32.6,35.3,30.8,35.2,30.8,35.3,36.1,36.3,29.4,37.6,29.5,33.9,28.2,30.2,30.9,31.0,27.8,30.4,27.4,26.7,27.0,23.0
539,38.2,39.3,40.3,41.9,35.4,37.0,37.4,34.3,33.0,32.0,34.1,33.9,34.4,32.3,36.8,33.6,33.5,38.3,34.2,33.5,34.1,32.9,36.8,32.1,37.2,36.8,33.7,35.1,30.5,37.0,33.8,34.0,29.3,28.8,26.1,27.3,46.0,39.9,42.6,36.7,39.8,45.4,36.1,31.2,38.8,42.6,33.7,39.8,48.8,30.7,44.1,39.9,39.6,37.3,29.4,32.6,30.4,32.4,32.6,32.1,37.9,30.2,37.3,39.4,40.4,34.5,38.3,33.0,37.7,32.8,40.0,42.1,41.3,32.2,41.3,33.4,35.8,29.9,32.7,35.2,34.7,32.2,32.4,29.4,29.8,29.7,25.2
540,41.9,41.4,42.3,45.8,38.4,39.9,40.3,36.9,34.8,34.0,35.8,35.8,36.3,34.3,39.6,35.5,35.8,39.8,36.1,34.7,36.3,34.9,39.4,34.6,40.8,39.9,35.7,37.6,32.9,39.1,36.1,36.0,31.6,31.2,28.1,29.4,49.0,42.0,46.4,39.5,42.7,47.5,40.0,33.3,42.5,44.7,37.0,42.7,51.7,33.7,47.5,42.9,43.5,39.9,31.1,34.0,32.1,34.1,34.5,33.3,39.5,32.3,38.6,42.5,42.5,36.3,40.9,35.0,39.9,34.5,43.8,46.2,44.6,34.6,43.7,36.5,37.4,31.4,34.7,38.5,37.9,36.1,34.1,31.1,32.3,32.1,27.0
541,44.8,42.9,43.5,48.6,40.6,42.2,42.6,39.1,36.2,35.7,37.2,37.6,37.7,36.0,41.8,37.3,37.7,40.6,37.2,35.6,38.4,36.6,41.3,36.6,43.2,42.2,37.4,39.6,34.5,41.1,38.0,37.6,33.4,32.9,29.8,30.9,51.1,43.5,49.3,41.6,45.0,48.7,42.8,35.0,45.1,46.4,39.5,44.8,53.6,35.7,50.2,45.4,46.3,41.7,32.3,35.1,33.1,35.2,36.0,34.2,40.2,33.8,39.9,44.5,44.7,37.8,42.9,36.7,41.5,35.8,46.5,48.7,46.8,35.9,45.7,38.5,38.6,32.5,36.5,40.9,40.2,39.1,35.3,32.3,34.2,33.8,28.5
542,45.9,43.4,43.6,50.4,42.3,43.9,44.4,40.6,37.3,37.0,38.1,38.7,38.7,37.4,43.3,38.4,39.0,41.1,38.1,36.2,39.5,38.0,42.9,38.1,45.2,43.8,38.8,41.0,35.8,42.0,39.5,38.9,34.8,34.2,31.1,32.1,52.3,44.0,51.0,43.4,46.8,49.1,44.8,36.1,46.6,46.8,41.3,46.0,54.6,37.3,52.0,47.0,48.2,42.5,33.2,35.8,33.8,36.1,37.3,34.7,40.8,35.0,40.6,45.9,46.6,38.8,44.6,38.1,42.7,36.7,48.1,50.3,47.8,36.9,47.0,39.9,39.4,33.2,37.9,42.6,41.8,40.9,36.3,32.9,35.5,35.1,29.5
543,45.5,42.9,44.0,51.3,43.0,44.8,45.4,41.4,37.8,37.6,38.6,39.5,39.2,38.1,44.2,38.9,39.6,41.0,38.2,36.3,40.3,38.4,43.8,39.0,46.2,44.5,39.5,41.7,36.3,42.6,40.3,39.3,35.4,34.7,31.6,32.5,52.7,43.5,51.9,44.1,47.9,48.9,46.1,36.4,46.8,47.1,42.2,46.3,54.9,38.1,53.0,47.8,49.4,42.2,33.4,36.0,33.9,36.4,37.9,34.9,40.8,35.8,40.7,46.5,48.0,39.0,45.4,38.7,43.1,37.1,48.7,50.9,48.1,37.7,47.5,40.8,39.7,33.4,38.6,43.7,42.7,42.2,36.9,32.9,35.9,35.7,29.9
544,45.6,41.3,42.1,51.6,43.0,45.1,45.5,41.3,37.3,37.5,38.3,39.6,38.8,38.1,44.2,38.7,39.6,40.3,37.8,35.7,40.2,38.3,43.8,39.0,46.3,44.7,39.5,41.6,36.2,42.3,40.3,39.0,35.2,34.4,31.4,32.3,51.8,41.7,52.0,43.6,48.4,47.4,46.2,36.0,45.8,45.7,42.1,45.4,54.1,38.2,53.0,47.4,49.7,40.7,32.8,35.2,33.5,35.9,38.0,34.3,40.1,36.0,40.1,45.9,48.3,38.6,45.3,38.6,42.9,36.9,48.5,51.1,47.3,37.5,46.8,40.5,39.2,33.1,38.4,43.7,42.4,42.0,36.5,32.4,35.9,35.5,29.7
545,40.5,37.0,36.7,50.4,41.6,43.9,44.0,39.8,35.8,36.2,36.8,38.7,37.1,37.0,42.8,37.4,38.0,38.3,35.9,34.1,38.5,36.9,42.3,37.6,44.9,43.3,38.4,39.8,34.8,40.8,39.1,37.1,33.8,32.9,30.3,30.9,48.3,38.0,50.6,41.0,47.2,42.2,44.8,34.1,41.8,41.6,40.2,41.7,49.4,36.7,51.5,45.2,48.4,36.2,31.7,33.4,32.2,34.3,37.1,32.5,38.6,35.3,38.2,42.5,47.0,36.6,43.2,37.6,41.4,35.2,46.8,50.1,43.8,35.9,43.2,38.7,37.5,31.9,37.1,42.6,41.3,40.6,35.1,31.1,34.8,34.1,28.3
546,34.4,33.8,31.9,45.7,37.4,40.8,40.1,36.0,34.1,33.8,35.0,36.8,34.7,34.8,39.3,35.4,34.5,37.0,34.1,32.6,35.2,34.5,38.5,34.3,39.5,38.9,36.6,36.4,31.9,37.9,36.5,34.5,30.5,30.2,28.2,28.4,42.6,34.4,46.2,36.2,44.3,37.1,39.7,30.3,37.9,36.8,36.6,37.6,44.1,32.5,47.0,42.4,43.2,32.4,29.8,32.1,30.2,32.2,35.4,31.4,37.8,33.2,36.9,38.4,44.5,34.9,38.7,35.7,38.4,33.4,41.0,45.1,37.5,32.3,39.0,33.8,35.7,30.7,34.2,37.7,36.9,36.8,31.9,30.1,31.6,31.6,25.7
547,31.1,32.0,29.4,40.9,34.9,38.3,37.6,33.1,33.1,32.6,34.0,35.2,33.6,33.3,37.1,34.3,32.2,36.3,32.8,31.9,33.0,33.2,36.0,32.5,35.6,35.3,35.3,34.1,30.2,35.9,34.3,33.2,28.5,28.2,26.9,26.4,39.7,33.0,41.5,33.5,42.0,35.0,35.5,28.5,35.4,33.3,34.0,35.3,40.9,29.5,42.6,40.7,37.3,30.7,29.1,31.5,29.1,30.9,34.0,30.9,37.2,31.4,35.9,35.8,42.8,33.4,36.9,34.3,36.9,32.1,37.1,38.8,34.2,30.3,36.7,31.2,34.7,29.8,32.8,33.1,34.1,33.4,30.7,29.2,29.6,29.8,24.0
548,28.7,30.9,27.7,37.8,33.0,36.7,35.6,31.1,32.5,31.6,33.3,34.0,32.6,32.2,35.4,33.4,30.4,35.6,32.2,31.2,31.8,32.2,34.6,31.3,33.8,33.4,34.1,32.6,28.8,34.9,32.5,32.5,27.3,26.8,25.9,25.3,37.9,31.6,38.9,31.3,40.4,33.8,33.3,27.5,33.4,31.4,31.7,33.8,38.3,28.0,40.1,39.1,34.7,29.4,28.5,30.9,28.4,30.3,32.9,30.6,36.7,30.4,35.2,33.7,41.1,32.6,35.8,33.3,36.0,31.2,35.1,35.8,32.1,28.9,35.0,29.7,34.0,29.2,31.6,30.9,32.4,31.2,30.4,28.4,28.1,28.6,23.1
549,27.2,30.3,26.9,35.4,31.9,35.3,34.2,29.9,31.6,30.7,32.6,32.9,31.8,31.3,34.4,32.6,29.2,35.2,31.6,30.8,30.5,31.2,33.7,30.4,32.4,32.0,33.0,31.4,28.0,34.0,31.3,31.9,26.5,25.9,25.1,24.5,36.3,30.6,37.1,29.9,38.9,32.9,31.7,26.9,31.7,30.6,29.9,32.4,36.4,27.0,37.9,37.5,33.2,28.5,28.1,30.4,27.7,30.0,32.1,30.0,36.4,29.8,34.8,31.9,40.0,31.7,34.8,32.5,35.0,30.6,33.6,34.2,30.5,27.9,33.8,28.4,33.4,28.7,30.6,29.7,30.9,29.4,30.0,27.6,27.1,27.6,22.5
550,25.9,29.9,26.1,33.7,30.9,34.2,33.1,28.9,31.1,30.0,31.7,32.1,31.4,30.4,33.4,31.9,28.2,34.8,30.9,30.5,29.4,30.7,32.8,29.5,31.3,31.1,32.2,30.5,27.1,33.6,30.4,31.3,25.9,24.8,24.5,23.8,35.3,29.9,35.7,28.9,37.6,32.3,30.3,26.4,29.7,30.1,28.3,31.4,35.0,26.1,36.2,36.2,32.0,27.5,27.8,29.8,27.3,29.5,31.5,29.8,36.1,29.2,34.5,30.7,39.0,31.2,34.1,31.6,34.2,29.9,32.4,32.5,28.7,27.2,32.4,27.1,32.9,28.2,29.8,28.8,29.9,28.1,29.7,26.9,26.5,26.7,22.0
551,25.0,29.1,25.4,32.6,30.1,33.5,32.2,28.0,30.6,29.3,31.3,31.4,30.8,29.7,32.6,31.4,27.7,34.4,30.4,30.1,28.7,29.8,32.2,29.0,30.4,30.2,31.3,29.9,26.4,33.0,29.5,30.7,25.2,24.4,23.8,23.2,34.3,29.2,34.5,28.3,36.4,32.0,29.0,25.7,28.6,29.4,27.3,30.3,33.7,25.3,34.9,34.8,30.4,26.6,27.5,29.6,27.1,29.1,31.0,29.4,35.7,28.7,34.0,29.7,38.3,31.0,33.2,31.0,33.6,29.6,31.4,31.3,27.4,26.4,31.3,26.1,32.4,27.7,29.1,28.2,29.0,26.9,29.4,26.3,25.8,26.1,21.7
552,23.7,28.7,25.0,31.7,29.0,32.6,31.4,27.6,30.0,28.6,30.9,30.8,30.2,29.1,31.8,30.8,26.9,34.1,29.8,29.7,28.2,29.2,31.6,28.1,29.9,29.5,30.7,29.3,25.8,32.0,28.9,30.1,24.9,24.0,23.3,22.5,33.3,28.9,33.6,27.9,35.3,31.4,28.2,25.1,27.6,28.7,26.4,29.5,32.8,24.4,33.7,33.9,29.2,25.8,27.2,29.1,26.8,28.9,30.8,29.1,35.2,28.3,33.9,28.7,37.7,30.6,32.6,30.4,32.8,29.0,30.2,30.2,26.2,25.9,30.4,25.4,31.7,27.1,28.5,27.6,28.2,26.0,29.2,25.7,25.3,25.3,21.5
553,23.1,28.5,24.6,30.7,28.4,31.6,30.6,27.0,29.4,28.1,30.2,30.1,29.6,28.6,31.0,30.2,26.4,33.7,29.3,29.2,27.6,28.6,30.9,27.6,29.2,28.9,30.2,28.8,25.3,31.5,28.2,29.7,24.3,23.5,22.9,22.2,32.7,28.3,32.6,27.0,34.2,31.3,27.4,24.5,26.3,28.0,25.6,28.9,31.8,23.7,32.9,32.7,28.3,25.2,27.0,28.9,26.5,28.3,30.2,28.9,34.9,27.7,33.5,28.0,37.2,30.2,32.1,29.9,32.2,28.4,28.8,29.3,25.4,25.6,29.6,24.8,31.4,26.7,28.0,26.9,27.7,25.3,29.0,25.2,25.0,24.9,21.1
554,22.4,27.9,24.0,30.2,27.6,31.0,30.0,26.6,28.9,27.6,29.9,29.7,29.1,28.1,30.6,29.7,26.0,33.5,28.9,28.8,27.3,28.0,30.2,26.9,28.7,28.5,29.7,28.3,24.9,31.0,27.7,29.2,23.8,23.1,22.4,21.4,32.0,28.1,31.9,26.5,33.3,31.1,26.8,24.0,25.9,27.7,24.7,28.0,31.2,23.4,32.2,31.9,27.2,24.8,26.7,28.7,26.2,28.0,30.1,28.7,34.8,27.6,33.4,27.1,36.7,29.7,31.7,29.3,31.4,27.7,27.7,28.5,24.8,24.9,28.8,24.3,31.0,26.4,27.4,26.5,27.1,24.6,28.8,24.9,24.5,24.5,20.8
555,21.9,27.7,23.7,29.6,27.2,30.6,29.5,26.0,28.3,27.3,29.5,29.1,28.7,27.6,30.0,29.3,25.7,33.4,28.5,28.5,26.9,27.5,29.7,26.2,28.0,27.7,29.1,27.8,24.7,30.5,27.3,28.7,23.6,22.9,22.1,21.0,31.4,27.6,31.3,26.0,32.5,30.7,26.1,23.6,25.4,27.2,24.1,27.4,30.5,22.9,31.3,31.3,26.4,24.3,26.3,28.6,26.1,27.8,29.6,28.5,34.5,27.2,33.1,26.5,36.2,29.4,31.1,29.0,30.9,27.6,26.6,28.0,23.9,24.5,28.3,23.4,30.6,26.1,27.0,26.0,26.4,24.1,28.3,24.5,24.0,24.1,20.4
556,21.7,27.3,23.4,29.1,26.8,29.9,29.0,25.5,27.7,26.9,29.0,28.5,28.4,27.2,29.5,28.9,25.4,33.3,28.2,28.1,26.7,27.1,29.4,25.7,27.5,27.4,28.7,27.2,24.5,30.0,27.0,28.3,23.0,22.5,21.5,20.8,31.0,27.3,30.8,25.4,31.5,30.5,25.6,23.3,24.8,26.2,23.6,26.7,29.7,22.6,30.8,30.7,25.6,23.9,26.0,28.5,25.8,27.3,29.5,28.4,34.4,27.1,32.9,25.9,35.8,29.1,30.6,28.5,30.4,27.1,25.6,27.5,23.1,24.0,27.6,22.8,30.1,25.7,26.6,25.7,25.8,23.6,28.0,24.0,23.5,23.5,20.0
557,21.4,27.1,23.4,28.8,26.5,29.3,28.5,25.1,27.3,26.6,28.7,28.0,28.1,26.8,28.9,28.4,25.3,33.1,27.9,27.9,26.4,26.7,29.1,25.3,27.0,26.9,28.4,27.1,24.1,29.6,26.6,28.0,22.5,22.1,21.3,20.4,30.5,27.1,30.6,24.8,30.8,30.0,25.0,22.9,24.1,25.9,23.0,26.2,29.1,22.1,30.3,30.2,25.0,23.7,25.8,28.3,25.3,27.3,29.2,28.4,34.3,26.9,32.7,25.4,35.6,29.0,30.3,28.1,30.1,26.7,24.8,27.0,22.5,23.5,26.9,22.4,29.8,25.4,26.3,25.5,25.4,23.0,28.0,23.6,23.1,23.3,19.8
558,20.8,26.6,23.1,28.2,25.9,28.9,28.3,24.8,27.0,26.1,28.4,27.8,27.8,26.6,28.4,28.2,24.9,33.0,27.5,27.7,26.0,26.3,28.8,25.0,26.7,26.4,28.1,26.8,23.8,29.4,26.0,27.6,22.2,21.7,21.1,20.5,30.2,26.8,29.9,24.1,30.1,30.0,24.2,22.6,23.5,25.3,22.6,25.7,28.8,21.6,29.8,29.6,24.4,23.5,25.5,28.3,25.2,27.2,28.9,28.3,34.1,26.8,32.7,24.7,35.4,28.9,30.0,27.8,29.7,26.4,24.3,26.7,22.3,23.1,26.5,21.9,29.5,25.1,26.3,24.9,25.0,22.6,27.8,23.3,22.7,23.0,19.7
559,20.3,26.6,23.3,27.9,25.9,28.7,28.0,24.6,26.6,25.7,28.1,27.4,27.3,26.4,27.9,27.8,24.8,32.8,27.1,27.4,25.7,26.3,28.5,24.6,26.2,25.9,27.9,26.4,23.6,29.0,25.8,27.2,22.1,21.5,21.0,20.0,29.8,26.8,29.6,23.7,29.7,29.5,23.7,22.4,23.2,24.6,22.1,25.4,28.1,21.2,29.2,29.4,23.9,23.3,25.3,28.3,25.1,26.9,28.8,28.1,33.8,26.7,32.5,24.0,35.2,28.8,29.7,27.5,29.2,26.3,23.5,26.4,21.9,23.0,26.1,21.4,29.3,24.8,26.1,24.6,24.9,22.4,27.5,23.0,22.6,22.8,19.5
560,23.2,28.1,25.7,27.7,26.1,28.4,27.8,24.7,26.8,25.8,28.4,27.5,27.9,26.3,27.9,27.9,24.8,33.1,27.7,28.3,25.8,26.5,28.5,24.6,25.8,26.0,27.8,26.2,23.6,29.3,25.7,27.8,21.8,21.6,20.9,20.3,32.3,27.8,29.1,25.3,30.3,32.9,23.3,22.5,25.3,27.2,23.1,28.1,31.7,20.8,29.2,30.2,24.7,25.0,25.2,28.4,24.9,26.9,28.7,28.2,34.0,26.6,32.7,25.5,35.1,28.9,29.7,27.4,30.0,26.7,24.3,25.8,24.5,23.0,28.2,21.2,30.1,25.2,25.9,24.3,24.8,22.2,27.3,23.5,22.4,22.7,19.3
561,28.7,32.2,31.8,30.8,28.8,30.6,30.8,27.8,28.8,27.7,30.4,29.3,30.3,27.8,30.5,29.7,27.7,35.1,30.1,30.3,28.5,28.7,31.1,26.6,28.5,29.3,29.4,28.8,26.0,31.9,28.2,29.8,23.5,23.5,22.2,22.3,38.0,32.2,32.6,29.7,33.2,38.6,26.3,25.4,29.6,33.2,26.6,33.0,39.2,23.3,34.8,33.3,30.3,29.4,25.8,29.6,26.2,28.2,29.1,29.5,35.2,26.9,34.5,30.8,36.5,30.7,32.5,28.8,32.7,28.9,30.3,29.2,30.9,26.4,33.3,25.4,32.1,26.7,28.0,26.7,27.3,24.2,28.5,25.3,23.8,24.7,21.0
562,33.8,36.1,36.9,36.7,32.4,34.0,34.4,31.4,31.2,30.0,32.4,31.8,32.4,30.1,33.8,31.9,30.8,37.2,32.2,32.0,31.5,31.1,34.2,29.5,33.0,33.2,31.6,32.3,28.6,34.7,31.4,32.1,26.6,26.3,24.5,25.0,42.9,36.4,38.0,33.6,36.8,42.9,31.2,28.6,34.4,38.8,30.1,36.8,45.0,27.1,40.4,36.7,35.5,33.8,27.6,31.2,28.3,30.4,31.0,31.1,36.7,28.6,36.3,35.8,38.3,32.9,35.3,31.0,35.5,31.1,35.6,36.4,36.7,29.9,37.9,29.6,34.1,28.5,30.4,31.2,31.2,28.0,30.8,27.3,26.9,27.4,23.3
563,38.5,39.4,40.3,41.9,35.7,37.3,37.7,34.7,33.4,32.4,34.4,34.2,34.6,32.6,37.1,34.0,33.9,38.8,34.5,33.7,34.4,33.2,37.1,32.3,37.4,37.1,34.0,35.4,30.9,37.3,34.2,34.4,29.5,29.1,26.5,27.7,46.6,39.9,42.8,37.2,40.3,45.6,36.3,31.5,39.0,42.7,34.1,39.9,48.9,30.9,44.4,40.1,40.1,37.5,29.7,33.0,30.7,32.6,32.9,32.5,38.2,30.7,37.7,39.8,40.5,34.9,38.3,33.3,38.0,33.0,40.4,42.4,41.6,32.7,41.4,33.5,36.0,30.2,33.0,35.4,34.8,32.4,32.7,29.3,30.1,30.1,25.5
564,42.2,41.5,42.3,45.9,38.8,40.2,40.6,37.3,35.2,34.4,36.1,36.2,36.5,34.6,39.9,35.8,36.2,40.2,36.4,35.0,36.7,35.2,39.7,34.9,41.0,40.2,36.1,38.0,33.3,39.4,36.5,36.5,31.9,31.5,28.5,29.7,49.5,42.0,46.6,40.0,43.1,47.7,40.2,33.6,42.7,44.9,37.5,42.8,51.7,33.9,47.7,43.1,43.9,40.0,31.4,34.4,32.4,34.4,34.8,33.6,39.9,32.8,39.0,42.8,42.6,36.7,40.9,35.3,40.1,34.7,44.2,46.4,44.8,35.0,43.8,36.6,37.7,31.7,35.0,38.6,38.1,36.3,34.4,31.0,32.6,32.5,27.4
565,45.0,43.0,43.6,48.8,41.0,42.5,42.9,39.4,36.6,36.1,37.4,37.8,37.9,36.4,42.2,37.6,38.0,41.0,37.5,35.8,38.8,36.9,41.5,36.8,43.4,42.5,37.8,40.0,34.8,41.2,38.5,38.0,33.7,33.2,30.1,31.3,51.6,43.6,49.5,42.1,45.5,48.9,43.0,35.2,45.2,46.6,39.9,44.9,53.6,36.0,50.3,45.6,46.7,41.9,32.6,35.4,33.4,35.6,36.3,34.6,40.6,34.4,40.3,44.8,44.9,38.3,43.0,37.1,41.8,36.0,46.9,48.9,46.9,36.3,45.8,38.7,38.8,32.7,36.9,41.1,40.3,39.3,35.6,32.2,34.4,34.2,28.8
566,45.9,43.5,43.7,50.6,42.7,44.1,44.6,41.0,37.6,37.4,38.4,38.9,38.8,37.7,43.6,38.7,39.5,41.5,38.3,36.4,39.9,38.3,43.1,38.4,45.4,44.1,39.1,41.4,36.2,42.3,39.9,39.1,35.1,34.4,31.3,32.5,52.8,44.0,51.2,43.9,47.3,49.3,45.0,36.4,46.7,47.0,41.8,46.1,54.6,37.7,52.1,47.3,48.7,42.6,33.5,36.2,34.1,36.4,37.5,35.1,41.2,35.6,41.0,46.2,46.8,39.2,44.8,38.4,43.0,36.9,48.5,50.4,47.9,37.4,47.2,40.2,39.6,33.3,38.2,42.8,41.9,41.1,36.5,32.8,35.8,35.5,29.9
567,45.9,42.9,44.1,51.4,43.3,45.0,45.6,41.6,38.1,38.0,38.9,39.7,39.3,38.4,44.4,39.1,39.9,41.5,38.5,36.6,40.7,38.7,44.0,39.3,46.3,44.8,39.9,42.1,36.7,42.7,40.7,39.6,35.7,35.0,32.0,32.9,53.0,43.5,52.2,44.5,48.4,49.0,46.3,36.8,47.0,47.2,42.7,46.5,55.0,38.4,53.1,48.2,49.8,42.3,33.7,36.3,34.3,36.7,38.2,35.3,41.2,36.4,41.1,46.8,48.3,39.5,45.7,39.0,43.3,37.3,49.0,51.1,48.2,38.2,47.6,41.0,40.0,33.4,38.9,43.9,42.9,42.4,37.2,32.8,36.2,36.1,30.3
568,45.8,41.2,42.2,51.8,43.3,45.3,45.7,41.6,37.6,37.9,38.6,39.7,39.0,38.4,44.5,38.9,39.9,40.8,38.1,36.0,40.6,38.6,44.0,39.3,46.4,45.0,39.9,41.9,36.6,42.5,40.7,39.2,35.5,34.7,31.8,32.7,52.3,41.6,52.3,44.1,48.8,47.5,46.4,36.4,46.0,45.8,42.5,45.6,54.2,38.5,53.1,47.8,50.1,40.9,33.2,35.6,33.9,36.3,38.3,34.7,40.5,36.7,40.5,46.2,48.6,39.1,45.6,38.9,43.1,37.1,48.8,51.2,47.3,38.0,46.9,40.8,39.5,33.2,38.7,43.9,42.5,42.2,36.8,32.4,36.2,35.9,30.2
569,40.8,37.0,36.9,50.5,41.9,44.1,44.3,40.3,36.1,36.5,37.0,38.8,37.3,37.4,43.1,37.6,38.4,38.7,36.2,34.3,39.0,37.2,42.6,38.0,45.1,43.6,38.7,40.2,35.2,41.0,39.6,37.3,34.2,33.3,30.8,31.4,48.7,37.9,51.0,41.5,47.6,42.5,45.1,34.6,41.9,41.8,40.7,42.0,49.5,37.1,51.7,45.6,48.8,36.3,32.0,33.7,32.6,34.6,37.4,32.8,39.0,36.0,38.6,43.0,47.3,37.0,43.6,38.0,41.6,35.4,47.1,50.2,43.9,36.3,43.5,39.0,37.8,32.0,37.4,42.8,41.5,40.8,35.4,31.1,35.1,34.5,28.7
570,34.7,33.7,31.9,45.9,37.8,41.1,40.4,36.4,34.4,34.2,35.2,37.0,34.9,35.2,39.5,35.6,34.9,37.4,34.3,32.8,35.6,34.8,38.8,34.7,39.6,39.2,36.9,36.8,32.3,38.1,36.9,34.7,30.8,30.5,28.6,28.8,43.0,34.3,46.6,36.7,44.8,37.2,39.9,30.8,38.0,37.0,37.0,37.8,44.3,32.8,47.3,42.7,43.7,32.5,30.2,32.4,30.5,32.5,35.7,31.7,38.2,33.8,37.2,38.7,44.8,35.2,38.9,36.0,38.7,33.5,41.4,45.3,37.6,32.7,39.2,34.1,36.0,30.7,34.7,37.8,37.1,37.0,32.3,30.0,31.8,32.0,26.1
571,31.3,32.0,29.4,41.1,35.1,38.5,37.8,33.3,33.3,33.0,34.2,35.3,33.7,33.7,37.3,34.6,32.6,36.6,33.0,32.1,33.4,33.6,36.2,32.7,35.7,35.5,35.6,34.4,30.6,36.2,34.7,33.4,28.7,28.5,27.3,26.8,40.1,32.9,41.6,33.9,42.4,35.1,35.8,28.9,35.6,33.5,34.4,35.4,41.2,29.8,42.9,41.0,37.7,30.8,29.5,31.8,29.4,31.3,34.3,31.1,37.6,31.9,36.3,36.1,43.0,33.8,37.1,34.7,37.2,32.3,37.4,39.1,34.3,30.6,36.9,31.4,34.9,29.9,33.1,33.1,34.3,33.6,31.0,29.1,29.7,30.1,24.4
572,29.0,30.8,27.8,38.0,33.3,36.9,35.8,31.3,32.7,32.0,33.4,34.2,32.8,32.7,35.7,33.7,30.9,35.9,32.3,31.4,32.2,32.5,34.9,31.6,33.9,33.5,34.4,32.9,29.2,35.1,32.9,32.8,27.4,26.9,26.2,25.5,38.4,31.6,39.0,31.7,40.8,33.9,33.5,28.0,33.6,31.5,32.1,34.0,38.4,28.1,40.3,39.4,35.1,29.4,28.9,31.1,28.8,30.7,33.2,30.9,37.0,31.0,35.5,33.9,41.3,32.9,35.9,33.7,36.2,31.4,35.4,36.1,32.2,29.3,35.2,30.0,34.1,29.3,32.0,31.0,32.6,31.3,30.7,28.2,28.3,28.9,23.5
573,27.5,30.2,26.9,35.6,32.2,35.5,34.4,29.9,32.0,31.1,32.7,33.2,32.0,31.7,34.6,32.9,29.6,35.5,31.7,30.9,30.9,31.6,33.9,30.6,32.5,32.1,33.4,31.7,28.3,34.3,31.6,32.0,26.6,26.0,25.4,24.7,36.7,30.6,37.2,30.3,39.2,32.9,31.8,27.5,31.8,30.7,30.2,32.6,36.5,27.1,38.2,37.8,33.6,28.5,28.5,30.7,28.1,30.4,32.4,30.3,36.7,30.2,35.1,32.2,40.1,32.0,35.0,32.9,35.2,30.8,33.9,34.5,30.6,28.4,34.0,28.7,33.5,28.8,31.0,29.8,31.0,29.5,30.4,27.4,27.2,27.9,22.8
574,26.3,29.8,26.2,33.9,31.1,34.4,33.3,29.0,31.4,30.3,31.9,32.4,31.5,30.8,33.5,32.2,28.6,35.1,31.0,30.6,29.7,31.0,33.0,29.7,31.5,31.2,32.5,30.8,27.3,33.8,30.7,31.6,26.0,25.0,24.8,24.1,35.7,29.8,35.8,29.4,37.9,32.3,30.5,27.0,29.9,30.1,28.7,31.5,35.0,26.3,36.5,36.4,32.4,27.6,28.2,30.1,27.7,29.9,31.8,30.1,36.4,29.6,34.7,30.9,39.2,31.5,34.1,32.0,34.3,30.2,32.8,32.8,28.9,27.6,32.6,27.4,33.0,28.3,30.2,28.9,30.0,28.1,30.0,26.8,26.6,27.0,22.3
575,25.3,29.1,25.5,32.7,30.3,33.7,32.3,28.1,30.9,29.6,31.5,31.7,30.9,30.0,32.7,31.7,28.0,34.7,30.6,30.3,28.9,30.1,32.4,29.2,30.6,30.4,31.6,30.2,26.5,33.1,29.8,30.9,25.4,24.6,24.1,23.4,34.7,29.1,34.5,28.7,36.7,32.0,29.2,26.4,28.9,29.4,27.6,30.4,33.8,25.4,35.2,35.1,30.9,26.6,27.8,29.8,27.5,29.4,31.3,29.7,36.0,29.1,34.3,29.9,38.4,31.2,33.3,31.3,33.8,29.8,31.8,31.5,27.6,26.9,31.5,26.3,32.5,27.8,29.4,28.3,29.1,26.9,29.7,26.3,26.0,26.3,21.9
576,23.9,28.7,25.0,31.7,29.2,32.8,31.5,27.6,30.3,28.9,31.0,31.1,30.3,29.4,32.0,31.1,27.1,34.5,30.0,29.8,28.4,29.5,31.8,28.3,30.1,29.6,31.0,29.5,25.9,32.2,29.0,30.4,24.9,24.1,23.5,22.8,33.5,28.8,33.7,28.3,35.6,31.4,28.4,25.7,27.8,28.6,26.7,29.7,32.8,24.6,33.9,34.1,29.7,25.8,27.5,29.3,27.1,29.1,31.0,29.3,35.6,28.7,34.1,28.9,37.8,30.8,32.7,30.7,33.1,29.2,30.6,30.4,26.4,26.3,30.5,25.7,31.8,27.2,28.8,27.6,28.4,26.1,29.5,25.7,25.4,25.6,21.6
577,23.4,28.4,24.6,30.7,28.7,31.8,30.7,27.1,29.7,28.4,30.4,30.4,29.7,28.8,31.1,30.5,26.6,34.0,29.4,29.3,27.7,28.9,31.2,27.7,29.3,29.0,30.4,29.0,25.4,31.7,28.4,30.0,24.3,23.6,23.0,22.3,32.9,28.3,32.7,27.4,34.5,31.4,27.6,25.1,26.6,27.9,25.9,29.2,31.9,23.9,33.1,33.0,28.7,25.2,27.3,29.1,26.8,28.5,30.5,29.2,35.2,28.1,33.7,28.2,37.3,30.4,32.2,30.2,32.6,28.6,29.3,29.4,25.4,26.0,29.7,25.0,31.5,26.9,28.3,27.0,27.8,25.3,29.1,25.2,25.0,25.2,21.3
578,22.7,27.8,24.0,30.2,27.8,31.2,30.2,26.6,29.2,27.8,30.1,29.9,29.3,28.4,30.7,29.9,26.2,33.8,29.0,28.9,27.4,28.2,30.5,27.0,28.7,28.6,30.0,28.5,24.9,31.3,27.9,29.4,23.8,23.2,22.6,21.6,32.1,28.1,32.0,26.8,33.5,31.2,27.0,24.5,26.2,27.6,24.9,28.2,31.3,23.7,32.4,32.2,27.7,24.7,27.0,28.9,26.5,28.3,30.1,28.9,35.0,27.9,33.6,27.4,36.7,29.8,31.8,29.6,31.8,27.9,28.1,28.6,24.9,25.3,29.1,24.5,31.2,26.6,27.7,26.6,27.2,24.6,29.0,25.0,24.5,24.7,20.9
579,22.2,27.6,23.6,29.6,27.4,30.7,29.7,26.0,28.6,27.5,29.7,29.3,28.9,28.0,30.2,29.6,25.9,33.6,28.7,28.6,27.0,27.8,29.9,26.3,28.1,27.8,29.4,27.9,24.7,30.7,27.5,28.9,23.5,22.8,22.2,21.2,31.4,27.6,31.4,26.3,32.7,30.6,26.2,24.1,25.5,27.0,24.3,27.6,30.6,23.3,31.6,31.6,26.8,24.3,26.6,28.8,26.4,28.0,29.8,28.7,34.7,27.6,33.2,26.8,36.3,29.5,31.2,29.3,31.2,27.7,27.1,28.1,24.0,25.0,28.6,23.7,30.8,26.3,27.3,26.0,26.5,24.0,28.5,24.6,23.8,24.2,20.4
580,21.9,27.2,23.4,29.1,27.1,30.1,29.1,25.5,28.0,27.1,29.3,28.7,28.5,27.5,29.6,29.2,25.6,33.5,28.4,28.2,26.9,27.4,29.5,25.8,27.5,27.5,29.0,27.4,24.5,30.3,27.2,28.6,22.8,22.4,21.6,20.9,31.0,27.2,30.9,25.6,31.7,30.4,25.6,23.8,24.9,26.1,23.9,26.9,29.9,22.9,31.0,30.9,26.0,23.9,26.4,28.6,26.1,27.5,29.6,28.6,34.6,27.4,33.0,26.2,35.8,29.2,30.7,28.7,30.6,27.3,26.0,27.5,23.1,24.5,27.9,23.2,30.4,25.8,26.9,25.7,25.9,23.6,28.1,24.2,23.4,23.7,20.1
581,21.5,27.0,23.3,28.8,26.6,29.5,28.6,25.0,27.6,26.8,28.9,28.3,28.2,27.1,29.0,28.8,25.5,33.3,28.0,28.0,26.6,27.0,29.2,25.3,27.1,26.9,28.6,27.3,24.1,29.9,26.8,28.3,22.5,22.0,21.4,20.6,30.5,27.0,30.6,24.9,30.9,30.0,25.0,23.5,24.3,25.8,23.3,26.4,29.2,22.4,30.5,30.4,25.3,23.7,26.1,28.4,25.7,27.6,29.4,28.5,34.4,27.3,32.8,25.7,35.6,29.2,30.4,28.3,30.3,26.9,25.1,27.0,22.5,24.0,27.3,22.7,30.0,25.6,26.6,25.4,25.4,23.0,28.1,23.8,23.0,23.4,19.8
582,20.9,26.6,23.0,28.1,26.1,29.0,28.4,24.8,27.2,26.3,28.5,28.0,27.9,26.8,28.5,28.5,25.1,33.2,27.7,27.9,26.1,26.7,28.9,25.0,26.8,26.4,28.3,26.9,23.8,29.7,26.1,27.8,22.2,21.6,21.1,20.5,30.2,26.8,30.0,24.3,30.3,29.9,24.2,23.2,23.6,25.2,22.9,25.8,28.9,22.0,30.0,29.8,24.7,23.5,25.8,28.3,25.5,27.5,29.1,28.3,34.3,27.2,32.8,25.0,35.4,29.1,30.1,27.9,29.9,26.6,24.6,26.7,22.4,23.6,26.9,22.3,29.7,25.3,26.5,24.8,25.0,22.6,27.9,23.5,22.7,23.1,19.6
583,20.4,26.6,23.1,27.9,25.8,28.8,28.1,24.5,26.9,25.9,28.3,27.7,27.5,26.7,27.9,28.1,24.9,32.9,27.3,27.5,25.8,26.6,28.7,24.6,26.2,25.9,28.1,26.4,23.6,29.3,25.9,27.5,22.1,21.3,21.0,20.1,29.8,26.7,29.6,23.9,29.8,29.4,23.7,23.0,23.4,24.4,22.3,25.5,28.3,21.5,29.4,29.6,24.2,23.3,25.6,28.3,25.3,27.2,29.0,28.1,34.0,27.0,32.6,24.3,35.2,28.9,29.8,27.7,29.5,26.5,23.8,26.3,22.0,23.4,26.5,21.8,29.5,25.0,26.3,24.4,24.8,22.3,27.6,23.3,22.6,22.9,19.4
584,23.3,28.0,25.6,27.7,26.1,28.5,27.9,24.6,27.1,26.0,28.6,27.8,28.1,26.5,28.0,28.2,24.9,33.2,27.9,28.5,25.8,26.7,28.6,24.6,25.8,26.0,28.0,26.3,23.5,29.6,25.8,28.0,21.8,21.5,20.9,20.3,32.4,27.8,29.2,25.4,30.5,32.8,23.4,23.1,25.4,27.0,23.3,28.3,32.0,21.2,29.5,30.5,25.0,25.0,25.4,28.4,25.1,27.2,28.9,28.2,34.2,26.8,32.8,25.8,35.1,29.1,29.7,27.5,30.3,27.0,24.6,25.9,24.7,23.4,28.6,21.6,30.3,25.4,26.2,24.2,24.8,22.2,27.4,23.9,22.4,22.8,19.3
585,28.7,32.1,31.6,30.8,28.8,30.7,30.9,27.6,29.1,27.9,30.7,29.6,30.6,28.1,30.6,30.1,27.9,35.3,30.4,30.5,28.7,29.0,31.3,26.6,28.5,29.3,29.6,28.9,26.0,32.3,28.3,30.3,23.6,23.5,22.2,22.3,38.0,32.1,32.6,29.9,33.4,38.5,26.3,25.8,29.7,33.0,26.8,33.2,39.4,23.8,35.1,33.6,30.6,29.3,26.1,29.7,26.4,28.5,29.3,29.6,35.4,27.2,34.6,31.2,36.5,31.0,32.7,28.9,33.1,29.2,30.5,29.1,30.9,26.9,33.7,25.7,32.4,27.0,28.2,26.6,27.3,24.2,28.7,25.6,23.8,24.9,20.9
586,33.8,35.8,36.7,36.5,32.3,34.1,34.4,31.2,31.6,30.3,32.8,32.2,32.7,30.4,33.8,32.3,31.0,37.4,32.6,32.3,31.7,31.3,34.4,29.4,32.9,33.1,31.8,32.4,28.6,35.1,31.5,32.5,26.6,26.3,24.6,25.0,42.9,36.2,37.8,33.8,37.0,42.7,31.2,29.0,34.5,38.5,30.3,37.0,45.2,27.4,40.5,37.0,35.7,33.7,27.8,31.4,28.5,30.7,31.2,31.2,37.0,29.0,36.5,36.2,38.4,33.3,35.5,31.2,36.0,31.4,35.7,36.2,36.6,30.2,38.1,29.8,34.4,28.8,30.7,31.1,31.1,27.9,30.9,27.7,26.9,27.5,23.3
587,38.4,39.0,40.0,41.7,35.7,37.3,37.7,34.6,33.8,32.7,34.7,34.6,34.9,32.9,37.1,34.3,34.1,39.1,34.8,34.0,34.7,33.5,37.3,32.3,37.2,37.1,34.3,35.6,31.0,37.7,34.4,34.8,29.6,29.2,26.6,27.7,46.5,39.5,42.5,37.4,40.4,45.4,36.2,31.8,39.0,42.3,34.3,40.1,49.0,31.1,44.5,40.4,40.3,37.4,29.9,33.2,30.9,32.8,33.1,32.6,38.5,31.1,38.0,40.2,40.7,35.3,38.5,33.4,38.5,33.4,40.5,42.1,41.4,33.0,41.7,33.8,36.4,30.5,33.3,35.3,34.8,32.2,32.8,29.6,30.1,30.2,25.6
588,42.1,41.0,41.9,45.7,38.7,40.2,40.6,37.3,35.6,34.7,36.4,36.6,36.8,34.9,40.0,36.1,36.5,40.6,36.8,35.4,37.0,35.5,39.8,34.9,40.8,40.1,36.4,38.1,33.5,39.8,36.8,36.9,31.8,31.6,28.7,29.9,49.5,41.6,46.3,40.1,43.3,47.4,40.1,33.9,42.6,44.4,37.7,43.0,51.8,34.2,47.7,43.4,44.2,39.9,31.5,34.6,32.6,34.6,35.1,33.8,40.1,33.2,39.4,43.2,42.8,37.1,41.1,35.5,40.6,35.1,44.3,46.1,44.5,35.3,44.1,36.8,38.1,32.0,35.3,38.6,38.0,36.2,34.6,31.3,32.6,32.7,27.4
589,44.9,42.3,43.1,48.6,40.9,42.5,42.9,39.5,36.9,36.4,37.7,38.2,38.2,36.7,42.2,37.9,38.3,41.4,37.8,36.2,39.1,37.2,41.7,36.8,43.1,42.5,38.1,40.1,35.1,41.7,38.7,38.4,33.7,33.2,30.3,31.4,51.5,43.0,49.2,42.2,45.6,48.6,42.8,35.6,44.9,46.1,40.2,45.0,53.6,36.3,50.3,45.8,47.0,41.7,32.8,35.8,33.6,35.7,36.6,34.8,40.8,34.9,40.6,45.2,45.1,38.7,43.2,37.2,42.3,36.3,46.9,48.5,46.5,36.7,46.1,38.9,39.3,33.1,37.2,41.0,40.2,39.1,35.8,32.5,34.4,34.4,28.9
590,45.7,42.8,43.2,50.4,42.6,44.1,44.6,41.0,38.0,37.7,38.7,39.3,39.1,38.0,43.6,39.0,39.7,41.8,38.7,36.8,40.1,38.6,43.3,38.4,45.1,44.0,39.5,41.5,36.5,42.7,40.2,39.5,35.1,34.5,31.5,32.8,52.6,43.4,51.0,43.9,47.3,49.1,44.8,36.8,46.3,46.6,42.0,46.2,54.8,37.9,52.1,47.5,48.9,42.4,33.7,36.5,34.3,36.7,37.8,35.3,41.4,36.0,41.4,46.5,47.0,39.7,45.0,38.5,43.5,37.2,48.5,50.1,47.4,37.7,47.5,40.3,40.1,33.7,38.5,42.6,41.8,40.9,36.8,33.2,35.7,35.8,30.0
591,45.6,42.2,43.7,51.2,43.3,45.0,45.5,41.6,38.5,38.3,39.2,40.1,39.6,38.7,44.4,39.5,40.1,41.9,38.8,37.0,41.0,39.0,44.2,39.3,46.0,44.7,40.2,42.1,37.0,43.2,41.0,40.0,35.6,35.0,32.1,33.1,52.8,42.9,52.0,44.5,48.4,48.6,46.1,37.1,46.6,46.8,42.9,46.6,55.0,38.7,53.1,48.4,50.0,42.0,33.8,36.7,34.5,36.9,38.5,35.6,41.5,36.8,41.6,47.1,48.4,40.0,45.8,39.1,43.8,37.7,49.0,50.8,47.8,38.5,47.9,41.1,40.5,33.8,39.2,43.7,42.9,42.2,37.5,33.2,36.1,36.3,30.5
592,45.6,40.6,41.8,51.5,43.2,45.2,45.6,41.6,38.0,38.2,38.9,40.1,39.3,38.7,44.4,39.3,40.2,41.1,38.5,36.4,40.8,38.9,44.1,39.3,46.1,44.9,40.2,42.0,36.9,42.9,41.0,39.6,35.5,34.7,32.0,32.9,52.1,41.0,52.1,44.1,48.8,47.1,46.1,36.8,45.7,45.4,42.7,45.7,54.3,38.8,53.1,47.9,50.3,40.6,33.4,35.9,34.1,36.4,38.6,34.9,40.7,37.0,41.0,46.6,48.8,39.5,45.9,39.1,43.4,37.5,48.8,50.9,46.9,38.3,47.3,40.8,39.9,33.5,39.0,43.7,42.4,42.0,37.0,32.8,36.1,36.2,30.3
593,40.7,36.4,36.5,50.3,41.9,44.1,44.2,40.3,36.5,36.8,37.4,39.2,37.6,37.7,43.1,38.0,38.7,39.0,36.6,34.7,39.3,37.5,42.7,37.9,44.7,43.5,39.0,40.3,35.5,41.4,39.8,37.7,34.1,33.3,30.9,31.5,48.6,37.3,50.8,41.6,47.7,42.3,44.7,35.0,41.8,41.5,40.9,42.1,49.8,37.4,51.6,45.9,48.9,36.1,32.3,34.0,32.8,34.9,37.7,33.0,39.2,36.4,39.0,43.4,47.6,37.4,43.9,38.2,42.0,35.7,47.2,49.8,43.6,36.7,43.9,39.1,38.2,32.3,37.7,42.6,41.4,40.6,35.7,31.6,35.0,34.8,28.9
594,34.7,33.1,31.6,45.7,37.8,41.1,40.5,36.4,34.7,34.5,35.4,37.3,35.0,35.5,39.5,35.9,35.1,37.5,34.5,33.1,35.8,35.1,39.0,34.7,39.5,39.2,37.2,36.8,32.7,38.4,37.2,34.9,30.8,30.6,28.7,29.0,43.1,33.8,46.5,36.8,44.8,37.2,39.6,31.2,37.8,36.7,37.2,38.0,44.4,33.2,47.3,43.0,44.0,32.2,30.4,32.6,30.7,32.7,36.0,31.8,38.3,34.2,37.5,39.1,45.0,35.6,39.0,36.2,39.0,33.7,41.7,45.2,37.4,33.0,39.5,34.3,36.3,31.0,34.9,37.7,37.0,36.8,32.5,30.4,31.7,32.2,26.3
595,31.4,31.4,29.2,40.9,35.2,38.5,37.9,33.5,33.6,33.3,34.4,35.6,33.8,34.0,37.3,34.9,32.9,36.6,33.2,32.4,33.7,33.7,36.5,32.8,35.5,35.5,35.9,34.6,30.9,36.4,34.9,33.7,28.6,28.6,27.4,26.9,40.3,32.4,41.6,34.0,42.5,35.0,35.6,29.3,35.4,33.2,34.6,35.6,41.3,30.0,42.9,41.2,38.1,30.5,29.6,31.9,29.6,31.5,34.5,31.3,37.7,32.3,36.4,36.4,43.1,34.0,37.1,34.8,37.5,32.4,37.6,39.1,34.1,30.8,37.1,31.6,35.1,30.1,33.4,33.0,34.3,33.4,31.2,29.5,29.7,30.4,24.5
596,28.9,30.2,27.5,37.9,33.4,36.9,35.9,31.5,33.0,32.3,33.5,34.4,32.9,32.9,35.7,33.9,31.2,36.0,32.4,31.6,32.4,32.7,35.1,31.7,33.6,33.6,34.7,33.0,29.5,35.4,33.1,33.0,27.4,27.0,26.3,25.7,38.5,31.1,39.0,31.8,40.8,33.8,33.3,28.4,33.4,31.3,32.4,34.2,38.7,28.3,40.3,39.5,35.4,29.1,29.0,31.1,28.9,30.9,33.3,30.9,37.2,31.3,35.5,34.2,41.4,33.2,35.9,33.9,36.5,31.5,35.5,36.1,32.0,29.5,35.4,30.0,34.3,29.4,32.3,31.0,32.6,31.1,30.9,28.6,28.2,29.1,23.6
597,27.4,29.6,26.6,35.4,32.3,35.5,34.5,30.1,32.2,31.5,32.8,33.4,32.0,32.0,34.5,33.2,29.9,35.4,31.8,31.2,31.1,31.8,34.1,30.6,32.3,32.1,33.7,31.8,28.5,34.6,31.8,32.3,26.5,26.1,25.5,24.9,36.8,30.0,37.0,30.4,39.3,32.6,31.5,27.9,31.7,30.4,30.5,32.8,36.8,27.2,38.2,38.0,33.8,28.2,28.7,30.7,28.3,30.5,32.5,30.3,36.8,30.6,35.2,32.5,40.2,32.2,35.0,33.1,35.5,30.8,34.0,34.4,30.4,28.5,34.1,28.7,33.7,28.9,31.3,29.7,31.1,29.3,30.5,27.8,27.1,28.2,22.9
598,26.2,29.2,25.8,33.7,31.2,34.4,33.4,29.2,31.6,30.6,32.0,32.6,31.6,31.0,33.5,32.5,28.9,35.0,31.1,30.8,29.9,31.2,33.2,29.7,31.2,31.2,32.7,31.0,27.6,34.1,30.9,31.8,25.8,25.1,24.8,24.3,35.8,29.2,35.7,29.5,38.0,32.0,30.3,27.2,29.7,29.8,29.0,31.6,35.2,26.2,36.5,36.6,32.6,27.2,28.3,30.2,27.9,30.0,31.9,30.1,36.5,29.9,34.8,31.2,39.2,31.6,34.1,32.2,34.6,30.2,33.0,32.7,28.8,27.7,32.8,27.4,33.1,28.3,30.4,28.8,29.9,27.9,30.1,27.1,26.4,27.2,22.4
599,25.2,28.4,25.1,32.4,30.2,33.6,32.3,28.3,31.1,29.9,31.6,31.9,31.0,30.3,32.7,32.0,28.2,34.6,30.6,30.5,29.1,30.4,32.5,29.1,30.3,30.4,31.8,30.3,26.8,33.4,29.9,31.2,25.1,24.7,24.1,23.5,34.7,28.6,34.4,28.8,36.8,31.6,28.9,26.7,28.6,29.1,27.9,30.5,34.0,25.5,35.2,35.2,31.2,26.2,27.9,29.9,27.6,29.6,31.4,29.7,36.1,29.4,34.3,30.1,38.4,31.3,33.3,31.5,34.1,29.8,31.8,31.3,27.4,27.0,31.7,26.3,32.6,27.9,29.6,28.1,29.0,26.6,29.9,26.5,25.8,26.5,22.0
600,23.8,28.1,24.7,31.3,29.1,32.7,31.5,27.6,30.6,29.1,31.0,31.3,30.4,29.6,31.9,31.4,27.3,34.3,30.0,29.9,28.5,29.8,31.9,28.2,29.8,29.6,31.1,29.6,26.1,32.4,29.0,30.6,24.7,24.0,23.5,22.8,33.5,28.2,33.5,28.4,35.7,31.0,28.0,25.9,27.6,28.3,26.9,29.7,33.0,24.7,33.9,34.3,29.9,25.4,27.6,29.4,27.3,29.2,31.1,29.4,35.7,29.0,34.0,29.2,37.8,30.8,32.6,30.8,33.4,29.2,30.7,30.2,26.3,26.5,30.7,25.7,31.9,27.2,29.0,27.3,28.2,25.8,29.6,25.9,25.2,25.8,21.6
601,23.2,27.8,24.2,30.4,28.5,31.7,30.7,27.0,30.0,28.5,30.4,30.6,29.7,29.0,31.0,30.8,26.7,33.9,29.4,29.4,27.7,29.1,31.2,27.6,29.0,28.9,30.4,28.9,25.5,31.9,28.4,30.1,24.1,23.5,22.9,22.3,32.7,27.6,32.5,27.4,34.6,30.9,27.1,25.4,26.4,27.5,26.1,29.2,32.0,24.0,33.1,33.1,28.9,24.8,27.4,29.1,27.0,28.7,30.5,29.2,35.3,28.4,33.7,28.5,37.2,30.4,32.2,30.2,32.9,28.6,29.3,29.2,25.2,26.0,29.8,25.1,31.6,26.9,28.4,26.6,27.6,25.0,29.2,25.4,24.7,25.3,21.2
602,22.6,27.2,23.5,29.7,27.6,31.1,30.1,26.6,29.4,27.9,30.1,30.1,29.3,28.4,30.5,30.1,26.3,33.7,29.0,28.9,27.4,28.3,30.5,26.8,28.4,28.5,30.0,28.4,25.0,31.4,27.9,29.6,23.5,23.0,22.4,21.6,31.9,27.5,31.8,26.8,33.5,30.7,26.5,24.8,26.0,27.3,25.1,28.2,31.4,23.8,32.3,32.2,27.8,24.4,26.9,28.9,26.7,28.4,30.1,29.0,35.1,28.2,33.5,27.6,36.7,29.8,31.7,29.6,32.1,27.8,28.2,28.3,24.7,25.4,29.2,24.5,31.2,26.6,27.8,26.2,27.0,24.3,29.0,25.1,24.2,24.7,20.7
603,22.1,26.9,23.2,29.2,27.2,30.6,29.5,25.9,28.8,27.5,29.7,29.5,28.9,28.0,29.9,29.7,25.9,33.4,28.6,28.6,27.0,27.9,29.9,26.1,27.8,27.6,29.3,27.9,24.8,30.8,27.4,29.0,23.1,22.8,22.1,21.1,31.2,27.0,31.0,26.3,32.8,30.1,25.9,24.4,25.3,26.7,24.5,27.5,30.8,23.3,31.6,31.6,26.9,23.9,26.6,28.7,26.5,28.1,29.7,28.7,34.9,27.8,33.2,27.0,36.3,29.4,31.2,29.2,31.5,27.7,27.1,27.8,23.8,25.1,28.6,23.7,30.9,26.3,27.3,25.6,26.3,23.6,28.6,24.6,23.6,24.2,20.3
604,21.8,26.5,22.9,28.7,26.8,29.9,28.9,25.4,28.2,27.1,29.2,28.8,28.5,27.6,29.4,29.2,25.6,33.3,28.3,28.3,26.8,27.4,29.4,25.6,27.2,27.2,28.9,27.4,24.4,30.4,27.0,28.7,22.6,22.3,21.5,20.8,30.7,26.7,30.5,25.6,31.8,29.8,25.2,24.1,24.7,25.8,24.1,26.9,30.0,22.9,31.0,30.9,26.1,23.5,26.4,28.5,26.2,27.7,29.6,28.6,34.6,27.6,32.9,26.3,35.8,29.1,30.7,28.6,30.8,27.3,26.0,27.2,23.0,24.6,27.9,23.1,30.5,25.8,26.9,25.2,25.5,23.2,28.3,24.2,23.1,23.7,19.9
605,21.4,26.4,22.8,28.3,26.3,29.3,28.4,24.9,27.8,26.7,28.8,28.3,28.1,27.1,28.8,28.7,25.4,33.1,28.0,28.1,26.4,27.0,29.0,25.1,26.7,26.7,28.5,27.2,24.0,30.1,26.6,28.3,22.3,21.8,21.2,20.5,30.3,26.5,30.3,24.9,31.0,29.4,24.6,23.7,24.1,25.5,23.5,26.4,29.3,22.4,30.5,30.3,25.4,23.2,26.2,28.3,25.7,27.7,29.3,28.4,34.5,27.4,32.7,25.8,35.6,29.1,30.5,28.1,30.4,26.8,25.1,26.7,22.3,24.2,27.3,22.8,30.1,25.5,26.5,25.0,25.1,22.6,28.3,23.8,22.7,23.4,19.6
606,20.8,26.0,22.6,27.7,25.7,28.9,28.3,24.6,27.4,26.2,28.5,28.0,27.8,26.8,28.3,28.4,25.0,32.9,27.6,27.9,26.0,26.6,28.7,24.8,26.3,26.1,28.1,26.7,23.7,29.9,25.9,27.8,21.9,21.3,20.9,20.3,30.0,26.3,29.6,24.3,30.2,29.3,23.9,23.5,23.5,24.9,23.1,25.7,29.0,22.0,29.9,29.8,24.7,23.0,25.8,28.2,25.6,27.6,29.0,28.3,34.3,27.3,32.6,25.1,35.3,29.0,30.1,27.7,30.0,26.6,24.6,26.3,22.0,23.7,26.9,22.3,29.8,25.2,26.4,24.4,24.6,22.2,28.1,23.5,22.3,23.0,19.3
607,20.3,26.1,22.6,27.4,25.5,28.6,27.8,24.3,26.9,25.8,28.2,27.7,27.4,26.6,27.6,28.1,24.8,32.7,27.2,27.6,25.7,26.5,28.5,24.4,25.8,25.6,27.9,26.2,23.4,29.4,25.8,27.5,21.7,21.0,20.8,19.9,29.6,26.2,29.2,24.0,29.7,28.8,23.3,23.2,23.2,24.2,22.6,25.5,28.4,21.5,29.3,29.6,24.2,22.8,25.6,28.1,25.4,27.3,28.8,28.0,34.0,27.1,32.3,24.4,35.2,28.8,29.7,27.4,29.7,26.4,23.8,25.9,21.6,23.6,26.5,21.8,29.6,25.0,26.3,24.0,24.4,21.9,27.8,23.3,22.3,22.8,19.1
608,23.2,27.5,25.2,27.1,25.7,28.2,27.7,24.3,27.2,25.9,28.6,27.7,28.0,26.5,27.7,28.2,24.8,33.1,27.8,28.6,25.6,26.6,28.4,24.3,25.4,25.7,27.8,26.1,23.4,29.7,25.6,28.1,21.5,21.1,20.6,20.0,32.2,27.2,28.7,25.5,30.4,32.3,23.1,23.3,25.2,26.8,23.5,28.4,32.1,21.1,29.4,30.5,25.1,24.5,25.4,28.3,25.2,27.4,28.8,28.1,34.2,27.0,32.5,26.1,35.1,29.0,29.6,27.3,30.5,26.9,24.6,25.4,24.4,23.6,28.7,21.7,30.4,25.3,26.1,23.8,24.3,21.8,27.5,23.9,22.0,22.7,19.0
609,28.5,31.5,31.2,30.3,28.5,30.5,30.7,27.4,29.2,27.8,30.6,29.5,30.5,28.1,30.3,30.0,27.8,35.2,30.3,30.6,28.5,28.8,31.2,26.2,28.4,29.1,29.5,28.7,25.8,32.3,28.2,30.3,23.3,23.2,22.0,22.0,37.7,31.6,32.2,30.0,33.4,37.9,26.0,26.1,29.3,32.6,27.1,33.2,39.5,23.8,35.0,33.6,30.8,28.9,26.1,29.7,26.5,28.6,29.3,29.6,35.5,27.4,34.5,31.3,36.5,31.0,32.7,28.8,33.2,29.1,30.5,28.7,30.4,27.0,33.9,25.8,32.5,26.9,28.2,26.2,26.9,23.8,28.7,25.7,23.6,24.7,20.7
610,33.5,35.1,36.2,36.0,32.1,33.9,34.2,30.9,31.7,30.2,32.8,32.1,32.7,30.4,33.6,32.3,30.9,37.4,32.5,32.4,31.6,31.3,34.3,29.1,32.8,32.8,31.7,32.2,28.5,35.0,31.4,32.6,26.3,26.0,24.4,24.8,42.5,35.6,37.4,33.8,37.0,42.1,30.9,29.1,34.2,38.1,30.5,36.9,45.2,27.4,40.4,37.0,35.9,33.4,27.9,31.5,28.6,30.8,31.2,31.3,37.0,29.2,36.5,36.4,38.5,33.4,35.6,31.1,35.9,31.4,35.8,35.8,36.1,30.3,38.4,29.9,34.5,28.8,30.6,30.7,30.9,27.5,31.0,27.9,26.7,27.3,23.2
611,38.1,38.4,39.4,41.2,35.5,37.1,37.5,34.4,34.0,32.6,34.7,34.6,35.0,32.8,36.9,34.4,33.9,39.2,34.8,34.1,34.6,33.5,37.2,32.1,37.0,36.8,34.2,35.4,30.9,37.6,34.3,34.8,29.4,29.1,26.5,27.6,46.1,39.0,42.0,37.4,40.4,44.7,35.9,31.9,38.6,41.9,34.5,40.0,49.0,31.1,44.4,40.4,40.5,37.1,29.9,33.3,31.0,32.9,33.1,32.7,38.6,31.3,38.2,40.4,40.8,35.4,38.8,33.4,38.4,33.4,40.6,41.6,40.8,33.1,41.9,33.7,36.5,30.5,33.2,35.0,34.5,31.9,33.0,29.8,29.8,30.0,25.5
612,41.7,40.4,41.5,45.2,38.5,40.0,40.4,37.2,35.7,34.6,36.4,36.6,36.8,34.9,39.7,36.2,36.4,40.6,36.8,35.5,36.9,35.5,39.7,34.7,40.4,39.8,36.3,37.9,33.4,39.7,36.7,36.9,31.7,31.4,28.6,29.8,49.0,41.0,45.8,40.2,43.3,46.7,39.8,34.1,42.1,44.0,37.9,43.0,51.7,34.2,47.6,43.3,44.3,39.6,31.6,34.7,32.7,34.7,35.1,33.9,40.2,33.4,39.6,43.3,43.0,37.4,41.3,35.4,40.6,35.1,44.3,45.6,43.9,35.3,44.3,36.8,38.2,32.1,35.3,38.3,37.8,36.0,34.8,31.5,32.4,32.5,27.3
613,44.5,41.8,42.7,48.1,40.8,42.3,42.7,39.3,37.1,36.4,37.8,38.2,38.2,36.7,41.9,37.9,38.3,41.5,37.9,36.4,39.0,37.2,41.6,36.7,42.8,42.2,38.1,39.9,35.1,41.6,38.6,38.4,33.5,33.1,30.2,31.3,51.1,42.5,48.7,42.2,45.5,47.9,42.4,35.7,44.5,45.8,40.3,45.0,53.6,36.2,50.2,45.8,47.1,41.5,32.9,35.9,33.8,35.9,36.6,34.9,41.0,35.1,40.9,45.2,45.3,39.0,43.5,37.3,42.2,36.4,46.8,48.0,45.8,36.8,46.2,38.9,39.4,33.2,37.2,40.8,40.2,38.9,35.8,32.6,34.2,34.3,28.8
614,45.0,42.3,42.7,49.9,42.5,43.9,44.3,40.8,38.2,37.7,38.8,39.3,39.2,38.0,43.4,39.0,39.7,41.9,38.8,37.1,40.0,38.5,43.1,38.3,44.8,43.8,39.5,41.3,36.5,42.6,40.1,39.5,35.0,34.4,31.4,32.8,52.2,42.9,50.4,43.9,47.3,48.4,44.4,37.0,45.8,46.2,42.1,46.2,54.8,37.8,52.0,47.4,48.9,41.9,33.8,36.7,34.4,36.8,37.9,35.5,41.6,36.3,41.7,46.4,47.2,39.9,45.3,38.6,43.4,37.3,48.4,49.5,46.7,37.9,47.4,40.2,40.2,33.8,38.5,42.5,41.8,40.7,36.9,33.3,35.6,35.6,29.9
615,45.1,41.7,43.3,50.7,43.2,44.8,45.3,41.6,38.6,38.3,39.3,40.0,39.6,38.7,44.2,39.4,40.2,42.0,39.0,37.2,41.0,38.8,44.1,39.2,45.7,44.4,40.2,42.1,36.9,43.1,40.9,39.9,35.5,34.9,32.1,33.1,52.5,42.3,51.4,44.4,48.4,48.1,45.7,37.3,46.0,46.5,42.9,46.5,55.0,38.6,52.9,48.2,50.1,41.7,34.0,36.8,34.6,37.1,38.6,35.7,41.7,37.2,41.8,47.0,48.7,40.3,46.2,39.2,43.8,37.7,49.0,50.3,46.9,38.6,47.8,40.9,40.6,33.9,39.2,43.5,42.8,42.0,37.5,33.4,36.1,36.2,30.5
616,45.2,40.1,41.5,51.0,43.2,45.1,45.4,41.6,38.2,38.3,39.0,40.1,39.3,38.8,44.3,39.3,40.3,41.4,38.7,36.7,40.8,38.7,44.0,39.3,45.8,44.7,40.3,41.9,36.8,42.8,41.0,39.6,35.4,34.7,32.0,32.8,51.8,40.5,51.6,44.1,48.8,46.7,45.7,37.0,45.3,45.1,42.8,45.7,54.3,38.7,52.9,47.8,50.3,40.5,33.6,36.1,34.2,36.7,38.7,35.1,40.9,37.4,41.1,46.5,49.1,39.9,46.2,39.2,43.5,37.6,48.8,50.5,46.1,38.4,47.0,40.6,40.0,33.5,39.1,43.3,42.5,41.8,37.1,32.9,36.1,36.1,30.3
617,40.6,36.0,36.3,49.9,41.9,44.0,44.1,40.4,36.6,36.9,37.5,39.2,37.7,37.8,43.0,38.0,38.8,39.3,36.7,35.0,39.4,37.4,42.6,38.0,44.4,43.4,39.1,40.3,35.5,41.3,39.8,37.7,34.1,33.4,31.0,31.6,48.4,36.9,50.4,41.6,47.7,42.0,44.4,35.2,41.4,41.3,41.1,42.2,49.9,37.4,51.4,45.8,49.0,35.9,32.4,34.2,33.0,35.1,37.8,33.2,39.3,36.7,39.1,43.4,47.9,37.7,44.2,38.3,42.0,35.9,47.2,49.3,43.1,36.9,43.8,38.9,38.4,32.3,37.8,42.6,41.5,40.5,35.7,31.6,35.0,34.8,29.0
618,34.6,32.8,31.4,45.4,37.9,41.0,40.4,36.4,34.8,34.5,35.5,37.4,35.0,35.7,39.3,35.9,35.3,37.6,34.6,33.3,35.8,34.9,38.9,34.7,39.3,39.1,37.3,36.8,32.7,38.4,37.2,34.9,30.8,30.6,28.8,29.0,43.0,33.4,46.2,36.9,44.8,36.8,39.4,31.5,37.3,36.4,37.3,38.0,44.6,33.2,47.2,42.9,44.2,32.1,30.5,32.6,30.9,32.9,36.1,31.9,38.4,34.4,37.6,39.1,45.3,35.7,39.2,36.3,39.0,33.7,41.7,44.9,36.8,33.2,39.4,34.4,36.5,30.9,34.9,37.8,37.0,36.8,32.6,30.4,31.8,32.2,26.4
619,31.2,31.0,29.0,40.8,35.2,38.4,37.7,33.5,33.7,33.3,34.4,35.6,33.7,34.1,37.1,34.8,32.9,36.7,33.3,32.5,33.6,33.6,36.3,32.7,35.3,35.3,36.0,34.5,30.8,36.2,34.9,33.5,28.6,28.7,27.5,27.1,40.1,31.9,41.3,34.0,42.6,34.6,35.4,29.6,35.0,32.9,34.8,35.7,41.6,29.9,42.9,41.1,38.3,30.3,29.8,31.9,29.7,31.7,34.6,31.4,37.8,32.5,36.5,36.4,43.4,34.1,37.4,34.9,37.5,32.4,37.6,38.9,33.7,31.0,37.0,31.6,35.2,30.0,33.4,33.1,34.2,33.3,31.3,29.5,29.7,30.5,24.5
620,28.6,29.8,27.2,37.6,33.4,36.7,35.8,31.5,33.0,32.3,33.5,34.4,32.7,33.0,35.5,33.9,31.2,36.0,32.5,31.6,32.3,32.6,34.9,31.6,33.5,33.5,34.7,33.0,29.4,35.1,33.1,32.9,27.4,27.1,26.3,25.8,38.4,30.6,38.7,31.8,40.8,33.3,33.1,28.7,33.0,30.9,32.5,34.2,38.9,28.3,40.3,39.5,35.6,28.9,29.2,31.2,29.0,31.1,33.3,31.0,37.2,31.4,35.5,34.2,41.5,33.2,36.0,33.8,36.4,31.4,35.7,35.9,31.6,29.7,35.2,30.0,34.3,29.3,32.3,31.0,32.6,31.0,30.9,28.5,28.3,29.2,23.6
621,27.1,29.2,26.4,35.1,32.3,35.4,34.4,30.1,32.3,31.5,32.8,33.3,31.9,32.0,34.4,33.1,29.9,35.4,31.8,31.2,31.1,31.7,33.8,30.6,32.1,32.0,33.7,31.8,28.5,34.4,31.8,32.2,26.6,26.1,25.6,24.9,36.6,29.7,36.9,30.4,39.3,32.2,31.3,28.1,31.3,30.1,30.7,32.8,37.0,27.1,38.2,37.9,34.0,28.0,28.8,30.7,28.4,30.7,32.5,30.4,36.9,30.7,35.1,32.5,40.3,32.2,35.1,33.0,35.3,30.8,34.1,34.2,29.9,28.7,34.0,28.5,33.7,28.7,31.3,29.7,31.1,29.3,30.6,27.8,27.1,28.2,22.9
622,26.0,28.8,25.5,33.4,31.3,34.3,33.3,29.2,31.7,30.6,32.0,32.5,31.5,31.1,33.4,32.4,28.9,35.0,31.0,30.7,30.1,31.2,33.0,29.7,31.1,31.2,32.7,30.9,27.5,33.8,30.8,31.6,25.8,25.1,24.8,24.3,35.6,28.9,35.5,29.5,38.0,31.5,30.0,27.4,29.4,29.5,29.2,31.7,35.4,26.2,36.5,36.5,32.8,27.1,28.5,30.2,28.0,30.1,31.9,30.1,36.5,30.0,34.6,31.2,39.4,31.6,34.1,32.2,34.5,30.1,33.1,32.5,28.2,27.9,32.6,27.3,33.1,28.2,30.4,28.8,30.0,27.9,30.1,27.1,26.5,27.2,22.3
623,25.0,28.0,24.8,32.2,30.3,33.6,32.3,28.3,31.2,29.8,31.6,31.7,30.9,30.3,32.7,31.9,28.3,34.5,30.6,30.4,29.2,30.4,32.4,29.1,30.1,30.4,31.8,30.3,26.7,33.1,30.0,31.1,25.2,24.8,24.2,23.5,34.5,28.2,34.1,28.8,36.7,31.2,28.7,26.9,28.2,28.8,28.1,30.5,34.2,25.5,35.2,35.2,31.4,26.1,28.0,29.9,27.7,29.7,31.4,29.6,36.0,29.5,34.2,30.0,38.6,31.2,33.2,31.5,33.9,29.7,31.8,31.1,26.8,27.1,31.6,26.3,32.6,27.7,29.7,28.1,29.1,26.6,29.9,26.5,25.9,26.4,22.0
624,23.6,27.7,24.3,31.0,29.2,32.6,31.5,27.7,30.6,29.1,30.9,31.1,30.3,29.7,31.9,31.3,27.3,34.2,30.0,29.9,28.6,29.7,31.8,28.3,29.5,29.6,31.1,29.5,26.0,32.3,29.1,30.5,24.8,24.1,23.6,22.9,33.2,27.8,33.2,28.2,35.6,30.5,27.7,26.1,27.4,27.9,27.1,29.8,33.2,24.7,34.0,34.2,30.2,25.3,27.7,29.4,27.4,29.3,31.1,29.3,35.6,29.0,33.9,29.1,38.0,30.8,32.6,30.8,33.2,29.1,30.7,30.0,25.8,26.7,30.6,25.7,31.9,27.2,29.0,27.4,28.3,25.7,29.6,25.9,25.3,25.6,21.6
625,23.0,27.4,23.8,30.1,28.7,31.8,30.8,27.1,29.9,28.5,30.3,30.4,29.5,29.0,31.1,30.7,26.8,33.8,29.4,29.4,27.8,29.1,31.2,27.6,28.7,28.9,30.4,29.0,25.6,31.8,28.4,30.1,24.1,23.6,23.0,22.4,32.3,27.1,32.2,27.3,34.5,30.4,26.9,25.7,26.1,27.3,26.3,29.2,32.2,23.9,33.1,33.0,29.1,24.6,27.4,29.1,27.0,28.7,30.5,29.1,35.2,28.5,33.5,28.4,37.4,30.3,32.2,30.2,32.7,28.5,29.3,29.1,24.7,26.1,29.5,25.1,31.5,26.8,28.4,26.7,27.7,24.9,29.2,25.3,24.8,25.2,21.2
626,22.4,26.7,23.1,29.4,27.8,31.2,30.1,26.5,29.4,27.9,30.0,29.9,29.1,28.5,30.6,30.1,26.4,33.5,29.0,28.9,27.5,28.3,30.5,26.8,28.2,28.6,30.0,28.5,25.0,31.3,27.9,29.5,23.5,23.1,22.5,21.7,31.5,27.1,31.4,26.7,33.4,30.1,26.3,25.1,25.6,27.0,25.3,28.2,31.4,23.8,32.4,32.1,28.1,24.2,27.0,28.8,26.7,28.4,30.1,28.9,35.0,28.2,33.4,27.5,36.8,29.7,31.8,29.6,31.9,27.8,28.2,28.1,24.2,25.5,28.9,24.5,31.2,26.5,27.8,26.3,27.2,24.2,29.0,25.1,24.2,24.6,20.8
627,21.9,26.5,22.6,28.9,27.4,30.6,29.6,26.0,28.7,27.5,29.6,29.3,28.7,28.0,30.0,29.7,26.1,33.3,28.6,28.7,27.1,27.9,30.0,26.2,27.5,27.9,29.4,28.0,24.7,30.8,27.5,28.9,23.1,22.9,22.2,21.2,30.8,26.6,30.7,26.1,32.7,29.6,25.6,24.8,24.9,26.4,24.8,27.5,30.7,23.3,31.6,31.4,27.2,23.7,26.6,28.7,26.5,28.1,29.7,28.6,34.7,27.9,33.1,26.8,36.5,29.4,31.2,29.1,31.3,27.6,27.2,27.5,23.2,25.3,28.4,23.7,30.9,26.2,27.4,25.7,26.4,23.6,28.6,24.6,23.6,24.1,20.4
628,21.6,26.1,22.5,28.4,26.9,30.0,29.1,25.5,28.2,27.1,29.1,28.6,28.3,27.6,29.4,29.1,25.7,33.1,28.2,28.4,26.9,27.5,29.4,25.7,27.0,27.3,28.9,27.4,24.4,30.4,27.1,28.6,22.5,22.4,21.7,20.9,30.4,26.4,30.2,25.5,31.7,29.4,25.0,24.3,24.5,25.5,24.3,26.8,29.9,22.8,31.0,30.7,26.3,23.3,26.3,28.5,26.2,27.6,29.5,28.5,34.5,27.7,32.8,26.1,36.0,29.1,30.8,28.5,30.7,27.2,26.1,26.9,22.4,24.9,27.7,23.1,30.5,25.7,26.9,25.2,25.7,23.1,28.4,24.1,23.1,23.6,20.0
629,21.1,25.9,22.4,28.0,26.5,29.4,28.5,24.9,27.7,26.7,28.7,28.1,27.8,27.2,28.8,28.7,25.4,32.9,27.8,28.2,26.5,27.1,28.9,25.1,26.4,26.8,28.5,27.1,24.1,30.1,26.7,28.2,22.2,21.9,21.4,20.6,30.0,26.2,29.8,24.8,30.9,29.0,24.4,24.0,23.8,25.3,23.7,26.3,29.3,22.3,30.5,30.2,25.5,23.0,26.2,28.2,25.7,27.7,29.3,28.3,34.3,27.4,32.5,25.6,35.7,29.0,30.5,28.1,30.3,26.7,25.2,26.4,21.9,24.4,27.2,22.7,30.0,25.5,26.6,24.9,25.2,22.4,28.3,23.8,22.6,23.3,19.7
630,20.6,25.7,22.2,27.3,25.9,29.0,28.3,24.7,27.3,26.3,28.4,27.8,27.5,26.9,28.4,28.5,25.0,32.8,27.5,27.9,26.1,26.6,28.7,24.8,26.1,26.2,28.1,26.8,23.8,29.8,26.0,27.7,21.9,21.4,21.0,20.5,29.6,25.9,29.2,24.2,30.2,29.0,23.7,23.8,23.3,24.8,23.3,25.6,28.9,21.9,29.9,29.6,24.9,22.9,25.8,28.2,25.6,27.6,29.0,28.3,34.1,27.3,32.5,24.9,35.4,28.9,30.0,27.7,30.0,26.4,24.7,25.9,21.6,24.0,26.8,22.3,29.7,25.1,26.5,24.3,24.7,22.1,28.2,23.3,22.3,23.0,19.4
631,20.0,25.7,22.2,26.9,25.7,28.7,27.9,24.3,26.9,25.8,28.1,27.5,27.1,26.6,27.7,28.0,24.8,32.6,27.2,27.7,25.7,26.4,28.5,24.4,25.5,25.7,27.9,26.2,23.5,29.3,25.8,27.5,21.8,21.2,20.9,20.1,29.3,25.8,28.7,23.8,29.7,28.5,23.0,23.4,22.9,24.2,22.8,25.4,28.4,21.3,29.3,29.4,24.5,22.7,25.6,28.1,25.4,27.4,28.8,28.0,33.8,27.2,32.3,24.3,35.2,28.8,29.7,27.4,29.6,26.3,23.9,25.6,21.1,23.9,26.4,21.8,29.5,24.9,26.3,23.9,24.4,21.8,27.8,23.2,22.3,22.8,19.1
632,23.0,27.2,25.0,26.6,25.8,28.4,27.8,24.4,27.2,25.9,28.5,27.6,27.7,26.5,27.7,28.2,24.8,33.0,27.8,28.7,25.7,26.7,28.4,24.3,25.2,25.8,27.8,26.1,23.5,29.7,25.8,28.0,21.6,21.3,20.8,20.2,31.8,26.9,28.3,25.4,30.4,31.9,22.9,23.5,24.9,26.7,23.8,28.3,32.2,21.0,29.5,30.4,25.3,24.5,25.5,28.4,25.2,27.5,28.8,28.1,34.0,27.0,32.4,25.9,35.1,29.0,29.7,27.3,30.4,26.8,24.8,25.1,24.0,24.0,28.7,21.7,30.4,25.2,26.1,23.7,24.3,21.6,27.6,23.8,22.1,22.7,19.0
633,28.3,31.2,31.0,29.9,28.6,30.6,30.8,27.4,29.2,27.9,30.6,29.5,30.3,28.1,30.4,30.0,27.9,35.2,30.3,30.7,28.7,28.8,31.2,26.3,28.2,29.2,29.5,28.7,25.9,32.2,28.3,30.3,23.4,23.4,22.2,22.2,37.3,31.3,31.8,30.0,33.4,37.4,25.8,26.4,29.1,32.4,27.2,33.3,39.5,23.8,35.0,33.5,31.0,28.9,26.2,29.8,26.7,28.6,29.3,29.7,35.4,27.5,34.5,31.3,36.6,31.1,32.7,28.8,33.1,29.0,30.6,28.5,30.0,27.4,33.9,25.7,32.5,26.9,28.2,26.2,26.9,23.7,28.8,25.7,23.6,24.8,20.8
634,33.3,34.8,35.9,35.8,32.1,33.9,34.3,31.0,31.7,30.2,32.7,32.0,32.6,30.4,33.7,32.3,31.0,37.3,32.5,32.6,31.7,31.3,34.3,29.2,32.6,32.9,31.8,32.2,28.6,34.9,31.4,32.5,26.4,26.1,24.5,24.8,42.0,35.3,37.0,33.8,36.9,41.5,30.8,29.4,33.9,37.8,30.7,36.9,45.2,27.5,40.4,36.8,36.1,33.3,28.0,31.6,28.8,30.9,31.3,31.5,36.9,29.3,36.6,36.4,38.7,33.5,35.8,31.1,35.8,31.2,35.8,35.5,35.6,30.6,38.4,29.8,34.6,28.8,30.7,30.6,30.9,27.4,31.2,27.8,26.6,27.3,23.3
635,37.9,38.0,39.1,40.9,35.5,37.2,37.5,34.5,34.1,32.6,34.7,34.5,35.0,32.9,37.0,34.3,34.0,39.1,34.9,34.3,34.6,33.4,37.2,32.1,36.9,36.8,34.2,35.4,30.9,37.5,34.3,34.7,29.3,29.1,26.6,27.5,45.7,38.6,41.6,37.3,40.3,44.0,35.8,32.1,38.3,41.4,34.7,40.0,48.9,31.0,44.3,40.4,40.5,37.1,30.1,33.6,31.2,33.1,33.2,32.9,38.6,31.5,38.2,40.5,41.1,35.6,39.0,33.4,38.4,33.3,40.5,41.3,40.3,33.4,42.0,33.6,36.6,30.6,33.2,34.8,34.5,31.8,33.1,29.7,29.8,30.0,25.6
636,41.6,40.0,41.2,44.9,38.6,40.1,40.4,37.3,35.8,34.7,36.4,36.6,36.8,35.0,39.8,36.1,36.5,40.6,36.8,35.7,36.9,35.5,39.7,34.7,40.2,39.8,36.4,37.9,33.4,39.6,36.7,36.8,31.7,31.4,28.7,29.8,48.6,40.6,45.3,40.0,43.2,46.1,39.6,34.2,41.8,43.6,38.0,42.9,51.7,34.2,47.5,43.4,44.2,39.7,31.7,35.0,32.8,34.8,35.2,34.2,40.3,33.6,39.6,43.4,43.4,37.6,41.6,35.5,40.5,35.0,44.1,45.1,43.3,35.6,44.4,36.7,38.3,32.2,35.3,38.2,37.7,36.0,34.9,31.4,32.3,32.5,27.4
637,44.3,41.4,42.3,47.8,40.8,42.3,42.6,39.4,37.2,36.4,37.8,38.2,38.2,36.7,42.0,37.9,38.3,41.4,37.9,36.7,39.0,37.1,41.6,36.8,42.6,42.1,38.2,39.8,35.0,41.5,38.7,38.3,33.5,33.1,30.3,31.5,50.6,42.0,48.2,42.0,45.5,47.3,42.3,35.8,44.1,45.5,40.3,44.9,53.7,36.3,50.1,45.9,47.0,41.5,33.0,36.2,33.9,36.0,36.8,35.1,41.1,35.4,41.0,45.4,45.7,39.2,43.8,37.3,42.1,36.4,46.6,47.5,45.3,37.2,46.3,38.8,39.5,33.2,37.3,40.7,40.1,39.0,36.1,32.5,34.1,34.3,28.9
638,44.7,41.8,42.5,49.5,42.5,43.9,44.3,40.9,38.3,37.7,38.8,39.3,39.2,38.0,43.4,38.9,39.8,42.0,38.9,37.3,40.0,38.5,43.1,38.3,44.7,43.7,39.5,41.3,36.5,42.5,40.1,39.4,34.9,34.4,31.5,32.8,51.7,42.4,49.9,43.7,47.2,48.0,44.4,37.1,45.5,46.0,42.0,46.1,54.9,37.8,51.9,47.6,48.8,42.1,33.9,36.9,34.6,37.0,38.1,35.8,41.7,36.7,41.7,46.6,47.5,40.1,45.6,38.5,43.3,37.3,48.1,49.0,46.1,38.2,47.5,40.2,40.3,33.9,38.5,42.5,41.8,40.8,37.1,33.2,35.4,35.7,30.0
639,44.8,41.2,43.0,50.4,43.2,44.8,45.3,41.6,38.8,38.3,39.3,40.1,39.7,38.7,44.2,39.4,40.3,42.1,39.0,37.5,41.0,38.8,44.0,39.3,45.7,44.5,40.3,42.0,37.0,43.1,41.0,39.9,35.4,35.0,32.2,33.2,52.1,41.8,51.0,44.2,48.3,47.6,45.7,37.5,45.8,46.1,42.8,46.5,55.2,38.5,52.8,48.3,50.0,41.6,34.1,37.1,34.9,37.2,38.9,35.9,41.8,37.5,41.9,47.1,49.0,40.5,46.5,39.1,43.7,37.7,48.6,49.8,46.4,38.9,47.9,40.9,40.7,34.0,39.2,43.5,42.8,42.0,37.7,33.3,36.1,36.3,30.6
640,45.2,39.6,41.2,50.7,43.2,45.1,45.4,41.6,38.4,38.3,39.0,40.2,39.4,38.8,44.3,39.3,40.3,41.5,38.7,37.0,40.8,38.7,43.9,39.4,45.8,44.7,40.3,41.9,36.9,42.9,41.1,39.6,35.4,34.8,32.1,32.9,51.3,40.0,51.1,43.9,48.7,46.3,45.7,37.2,45.1,44.8,42.7,45.7,54.5,38.6,52.8,47.9,50.2,40.5,33.8,36.3,34.5,36.9,39.0,35.3,41.0,37.7,41.3,46.7,49.4,40.2,46.5,39.1,43.4,37.6,48.4,50.1,45.7,38.8,47.2,40.6,40.2,33.6,39.1,43.5,42.7,41.9,37.2,32.8,36.0,36.3,30.4
641,40.7,35.8,36.3,49.7,41.9,44.0,44.1,40.5,36.8,37.0,37.6,39.3,37.7,37.9,42.9,38.0,38.9,39.3,36.7,35.2,39.5,37.4,42.5,38.2,44.5,43.3,39.2,40.3,35.7,41.3,39.9,37.8,34.2,33.5,31.1,31.7,48.0,36.6,49.9,41.5,47.6,41.8,44.4,35.5,41.3,41.1,41.1,42.4,50.2,37.3,51.4,46.0,48.9,36.1,32.6,34.4,33.3,35.5,38.1,33.4,39.4,37.1,39.3,43.7,48.3,38.0,44.5,38.2,42.0,35.9,46.9,48.9,42.8,37.2,44.0,39.0,38.5,32.4,37.9,42.6,41.6,40.6,36.0,31.5,35.0,35.0,29.1
642,34.7,32.5,31.3,45.4,38.0,41.0,40.4,36.5,34.9,34.6,35.5,37.5,35.1,35.7,39.4,35.8,35.4,37.6,34.7,33.6,35.9,35.0,38.7,34.9,39.4,39.1,37.4,36.8,32.9,38.4,37.4,35.0,30.9,30.8,29.0,29.2,42.7,33.2,45.9,36.8,44.8,36.6,39.5,31.8,37.2,36.4,37.3,38.2,44.8,33.2,47.2,43.1,44.3,32.2,30.8,32.9,31.2,33.2,36.4,32.0,38.5,34.8,37.7,39.4,45.6,35.9,39.5,36.2,39.1,33.8,41.6,44.7,36.7,33.5,39.5,34.4,36.6,31.0,35.0,37.9,37.1,36.8,32.8,30.3,31.9,32.5,26.5
643,31.4,30.6,29.0,40.8,35.4,38.4,37.7,33.6,33.8,33.4,34.4,35.7,33.7,34.1,37.1,34.7,33.0,36.7,33.4,32.7,33.7,33.6,36.2,32.9,35.5,35.3,36.1,34.5,31.0,36.2,35.1,33.6,28.7,28.8,27.6,27.3,39.9,31.6,41.0,33.9,42.6,34.5,35.5,29.8,34.9,32.8,34.8,35.9,41.9,29.9,43.0,41.3,38.3,30.5,30.0,32.1,30.1,32.0,34.8,31.5,37.9,32.8,36.6,36.6,43.6,34.3,37.6,34.8,37.5,32.4,37.6,38.8,33.5,31.3,37.1,31.4,35.4,30.1,33.4,33.2,34.3,33.4,31.4,29.4,29.8,30.7,24.6
644,28.8,29.5,27.3,37.7,33.5,36.7,35.8,31.7,33.1,32.4,33.5,34.4,32.7,33.0,35.5,33.8,31.1,36.1,32.6,31.8,32.3,32.7,34.7,31.8,33.6,33.4,34.8,33.0,29.6,35.1,33.3,33.0,27.5,27.2,26.5,26.0,38.1,30.3,38.5,31.7,40.8,33.1,33.2,28.8,33.0,30.9,32.6,34.3,39.2,28.2,40.3,39.6,35.6,29.1,29.4,31.4,29.3,31.4,33.6,31.1,37.3,31.8,35.7,34.4,41.8,33.4,36.3,33.7,36.5,31.4,35.5,35.8,31.5,29.9,35.3,29.9,34.5,29.4,32.3,31.2,32.7,31.1,31.1,28.5,28.4,29.3,23.7
645,27.3,29.0,26.4,35.1,32.5,35.4,34.5,30.4,32.4,31.6,32.8,33.3,31.9,32.0,34.4,33.1,29.9,35.4,31.9,31.4,31.2,31.8,33.7,30.9,32.2,32.0,33.8,31.8,28.6,34.5,32.0,32.4,26.7,26.2,25.7,25.1,36.4,29.3,36.6,30.3,39.3,31.9,31.4,28.3,31.3,30.1,30.7,32.8,37.2,27.2,38.2,38.1,34.0,28.2,29.0,30.8,28.7,31.0,32.7,30.5,37.0,30.9,35.3,32.7,40.6,32.4,35.3,32.9,35.4,30.8,34.0,34.0,29.8,28.9,34.2,28.5,33.8,28.7,31.3,29.8,31.3,29.4,30.8,27.7,27.2,28.4,22.9
646,26.1,28.5,25.5,33.5,31.4,34.4,33.4,29.5,31.8,30.7,32.0,32.4,31.5,31.1,33.5,32.5,29.0,35.2,31.1,30.8,30.2,31.3,33.0,29.9,31.2,31.3,32.9,30.9,27.8,33.8,31.0,31.7,25.9,25.2,25.0,24.5,35.3,28.7,35.2,29.4,38.0,31.3,30.2,27.5,29.5,29.6,29.2,31.8,35.6,26.2,36.5,36.7,32.8,27.2,28.6,30.3,28.3,30.4,32.2,30.2,36.6,30.3,34.8,31.4,39.6,31.8,34.3,32.2,34.6,30.1,33.0,32.4,28.2,27.9,32.7,27.2,33.2,28.2,30.5,29.0,30.0,28.0,30.4,27.0,26.6,27.4,22.4
647,25.1,27.7,24.9,32.4,30.5,33.7,32.4,28.6,31.3,30.0,31.6,31.8,30.9,30.4,32.7,32.0,28.3,34.7,30.7,30.5,29.3,30.5,32.3,29.4,30.3,30.6,32.0,30.3,27.0,33.1,30.1,31.2,25.3,24.9,24.3,23.7,34.3,28.0,34.0,28.6,36.7,30.9,28.8,27.0,28.3,28.8,28.1,30.6,34.4,25.5,35.1,35.3,31.4,26.2,28.2,30.0,28.0,29.9,31.7,29.7,36.1,29.7,34.3,30.3,38.8,31.4,33.5,31.4,34.0,29.7,31.7,30.9,26.8,27.2,31.8,26.2,32.7,27.7,29.8,28.4,29.2,26.7,30.1,26.4,25.9,26.6,22.1
648,23.7,27.6,24.3,31.2,29.6,32.7,31.7,28.0,30.8,29.2,31.0,31.2,30.2,29.8,32.0,31.4,27.4,34.3,30.1,30.1,28.8,29.9,31.7,28.3,29.7,29.7,31.4,29.6,26.3,32.3,29.3,30.7,24.8,24.3,23.6,23.0,33.0,27.5,33.2,28.1,35.5,30.3,27.9,26.2,27.4,27.9,27.0,29.8,33.3,24.7,33.8,34.3,30.2,25.5,27.9,29.5,27.6,29.5,31.3,29.4,35.7,29.2,34.0,29.3,38.2,30.9,32.9,30.8,33.3,29.1,30.7,29.9,25.7,26.8,30.8,25.6,32.0,27.2,29.1,27.6,28.4,25.9,29.9,25.8,25.2,25.8,21.7
649,23.1,27.1,23.8,30.2,29.0,31.9,31.0,27.3,30.2,28.6,30.4,30.4,29.5,29.1,31.2,30.9,27.0,33.9,29.5,29.5,28.1,29.3,31.2,27.6,28.8,29.0,30.7,29.1,25.9,31.8,28.7,30.2,24.1,23.7,23.1,22.4,32.2,26.9,32.1,27.3,34.5,30.1,26.9,25.9,26.2,27.2,26.3,29.3,32.3,23.8,33.0,33.1,29.1,24.7,27.6,29.2,27.3,29.0,30.7,29.2,35.3,28.7,33.6,28.5,37.5,30.4,32.4,30.2,32.8,28.5,29.2,28.8,24.6,26.2,29.7,24.9,31.7,26.8,28.6,26.8,27.7,25.1,29.4,25.3,24.7,25.4,21.3
650,22.5,26.5,23.0,29.4,28.0,31.3,30.3,26.8,29.6,28.0,30.0,29.9,29.1,28.7,30.8,30.3,26.6,33.6,29.1,29.0,27.8,28.5,30.5,26.8,28.3,28.6,30.2,28.6,25.3,31.3,28.2,29.6,23.5,23.2,22.6,21.8,31.4,26.8,31.3,26.6,33.3,29.8,26.3,25.3,25.6,26.9,25.3,28.3,31.5,23.6,32.3,32.2,28.1,24.3,27.2,29.0,26.9,28.6,30.3,29.0,35.0,28.5,33.4,27.7,37.0,29.8,32.0,29.6,32.0,27.8,28.1,27.8,24.1,25.5,29.0,24.3,31.3,26.5,27.9,26.4,27.1,24.3,29.1,25.0,24.1,24.8,20.9
651,22.0,26.2,22.6,29.0,27.5,30.8,29.7,26.1,29.0,27.7,29.6,29.4,28.8,28.2,30.2,29.8,26.3,33.4,28.7,28.8,27.4,28.1,30.0,26.2,27.5,27.9,29.7,28.0,25.0,30.9,27.8,29.1,23.1,22.9,22.3,21.2,30.7,26.3,30.6,26.0,32.5,29.3,25.6,24.9,25.0,26.3,24.8,27.6,30.6,23.2,31.5,31.4,27.2,23.7,26.7,28.7,26.7,28.2,30.0,28.7,34.8,28.2,33.2,26.9,36.6,29.5,31.3,29.2,31.4,27.7,27.1,27.2,23.1,25.2,28.5,23.6,31.0,26.3,27.6,25.8,26.3,23.7,28.8,24.4,23.6,24.2,20.5
652,21.6,25.7,22.4,28.3,27.0,30.1,29.1,25.6,28.4,27.2,29.2,28.7,28.4,27.8,29.6,29.3,26.0,33.1,28.3,28.6,27.0,27.7,29.5,25.7,27.0,27.3,29.1,27.5,24.6,30.4,27.3,28.8,22.5,22.5,21.7,20.8,30.3,26.1,30.0,25.4,31.6,29.1,24.9,24.4,24.4,25.4,24.4,26.9,29.9,22.8,30.9,30.7,26.2,23.2,26.5,28.5,26.4,27.8,29.8,28.5,34.6,27.9,32.9,26.2,36.1,29.2,30.8,28.6,30.9,27.2,26.1,26.7,22.4,24.9,27.9,23.0,30.7,25.9,27.2,25.3,25.6,23.2,28.6,24.0,23.0,23.7,20.0
653,21.1,25.5,22.1,28.0,26.5,29.5,28.4,24.9,28.0,26.9,28.9,28.3,28.0,27.3,28.9,28.9,25.6,32.8,28.0,28.3,26.6,27.4,29.0,25.1,26.4,26.7,28.7,27.2,24.2,30.2,26.7,28.5,22.2,22.0,21.4,20.6,29.9,25.9,29.7,24.7,30.7,28.7,24.4,24.0,23.7,25.2,23.7,26.3,29.3,22.3,30.4,30.1,25.4,22.9,26.3,28.3,25.9,27.9,29.5,28.3,34.4,27.6,32.6,25.7,35.8,29.1,30.5,28.2,30.4,26.8,25.2,26.2,21.8,24.4,27.3,22.6,30.3,25.7,26.8,24.9,25.2,22.4,28.5,23.6,22.6,23.4,19.7
654,20.6,25.2,22.0,27.3,25.9,28.9,28.2,24.6,27.6,26.3,28.6,28.0,27.7,27.0,28.3,28.6,25.0,32.7,27.7,28.1,26.0,26.9,28.7,24.8,26.0,26.0,28.3,26.8,23.8,29.9,26.0,28.1,21.8,21.5,21.0,20.4,29.4,25.5,29.0,24.1,30.1,28.6,23.6,23.7,23.2,24.7,23.3,25.6,28.8,21.9,29.8,29.5,24.9,22.8,25.9,28.1,25.8,27.8,29.2,28.3,34.2,27.5,32.6,25.0,35.5,29.0,30.1,27.8,30.1,26.5,24.6,25.8,21.4,24.0,27.0,22.3,29.9,25.4,26.6,24.2,24.5,22.0,28.4,23.2,22.2,23.0,19.4
655,20.1,25.2,21.9,26.9,25.7,28.6,27.7,24.2,27.2,25.8,28.3,27.7,27.3,26.6,27.6,28.2,24.7,32.5,27.5,28.0,25.6,26.6,28.5,24.3,25.4,25.6,28.0,26.2,23.5,29.4,25.8,27.9,21.6,21.2,20.8,20.1,29.1,25.4,28.4,23.7,29.6,28.2,23.0,23.4,22.8,24.1,22.8,25.4,28.4,21.3,29.2,29.4,24.4,22.5,25.7,28.1,25.5,27.6,29.0,28.0,33.9,27.3,32.4,24.4,35.3,28.8,29.8,27.4,29.7,26.5,23.8,25.4,21.0,23.9,26.5,21.8,29.7,25.2,26.2,23.8,24.2,21.7,28.1,23.1,22.1,22.7,19.1
656,23.0,26.7,24.6,26.6,25.7,28.3,27.6,24.2,27.5,25.9,28.8,27.8,28.0,26.5,27.6,28.4,24.8,32.9,28.0,29.1,25.7,26.8,28.4,24.2,25.0,25.7,27.8,25.9,23.5,29.7,25.8,28.4,21.4,21.2,20.7,20.1,31.7,26.6,28.1,25.3,30.3,31.6,22.7,23.6,24.8,26.6,23.9,28.5,32.4,21.0,29.5,30.4,25.4,24.4,25.5,28.3,25.5,27.8,29.0,28.1,34.1,27.2,32.5,26.2,35.2,29.0,29.8,27.2,30.6,27.1,24.6,25.0,23.9,24.1,29.0,21.7,30.6,25.5,26.1,23.7,24.1,21.5,27.8,23.8,21.9,22.7,18.8
657,28.1,30.7,30.5,29.9,28.4,30.5,30.7,27.4,29.5,27.9,30.9,29.8,30.5,28.2,30.3,30.2,27.9,35.2,30.5,31.1,28.7,28.9,31.2,26.2,28.0,29.1,29.6,28.6,25.9,32.3,28.3,30.6,23.2,23.3,22.1,22.2,37.1,31.0,31.5,30.0,33.4,37.1,25.7,26.5,29.0,32.3,27.3,33.5,39.8,23.9,35.2,33.5,31.0,28.7,26.3,29.8,26.9,28.9,29.5,29.7,35.6,27.7,34.5,31.6,36.7,31.3,32.9,28.7,33.2,29.2,30.6,28.4,29.7,27.5,34.2,25.8,32.8,27.2,28.2,26.1,26.7,23.6,29.1,25.7,23.5,24.7,20.6
658,33.0,34.4,35.4,35.6,31.9,33.8,34.1,30.9,32.1,30.2,33.0,32.3,32.9,30.5,33.6,32.4,31.0,37.4,32.8,33.0,31.6,31.3,34.3,29.0,32.4,32.7,31.8,32.1,28.5,35.0,31.4,32.8,26.1,26.0,24.3,24.7,41.8,35.0,36.7,33.7,36.9,41.1,30.6,29.4,33.6,37.4,30.8,37.2,45.5,27.7,40.5,37.0,36.1,32.9,28.0,31.6,29.0,31.1,31.5,31.5,37.1,29.6,36.6,36.8,38.8,33.7,36.1,31.0,35.9,31.4,35.8,35.3,35.3,30.7,38.6,30.0,34.9,29.0,30.7,30.6,30.6,27.2,31.4,27.9,26.4,27.2,23.1
659,37.5,37.6,38.5,40.6,35.3,37.1,37.4,34.4,34.5,32.6,34.9,34.8,35.3,32.9,36.8,34.3,34.0,39.2,35.1,34.6,34.5,33.5,37.1,31.9,36.6,36.6,34.3,35.3,30.8,37.6,34.3,35.0,29.1,28.9,26.4,27.4,45.4,38.2,41.2,37.2,40.3,43.5,35.6,32.2,38.0,41.0,34.7,40.1,49.1,31.2,44.5,40.6,40.6,36.7,30.2,33.6,31.4,33.3,33.4,32.9,38.8,31.8,38.4,40.9,41.3,35.7,39.2,33.3,38.5,33.4,40.5,40.9,39.8,33.5,42.2,33.7,36.8,30.8,33.3,34.7,34.3,31.6,33.5,29.9,29.5,29.9,25.3
660,41.2,39.6,40.6,44.6,38.3,39.8,40.2,37.1,36.1,34.6,36.7,36.8,37.1,34.9,39.5,36.2,36.4,40.7,37.0,36.0,36.8,35.5,39.6,34.5,40.0,39.6,36.4,37.8,33.2,39.6,36.7,36.9,31.5,31.2,28.5,29.6,48.3,40.3,44.8,39.9,43.2,45.7,39.4,34.4,41.4,43.2,37.9,43.0,52.0,34.4,47.7,43.6,44.3,39.3,32.0,35.0,33.1,35.1,35.5,34.1,40.5,34.0,39.7,43.8,43.6,37.8,41.8,35.4,40.6,35.2,44.2,44.5,42.8,35.8,44.7,36.9,38.5,32.3,35.3,38.1,37.4,35.8,35.3,31.5,32.0,32.4,27.1
661,43.8,40.9,41.7,47.3,40.5,42.1,42.4,39.3,37.4,36.4,38.0,38.3,38.5,36.7,41.7,37.8,38.3,41.5,38.2,36.8,38.9,37.0,41.5,36.4,42.3,41.9,38.2,39.7,34.9,41.4,38.6,38.5,33.3,32.9,30.1,31.3,50.3,41.6,47.6,41.9,45.4,46.8,42.0,36.0,43.8,45.1,40.3,45.1,54.0,36.5,50.3,46.1,47.1,41.1,33.3,36.3,34.2,36.3,37.1,35.1,41.5,35.8,41.1,45.7,46.1,39.4,44.0,37.1,42.1,36.5,46.6,46.8,44.8,37.4,46.6,38.9,39.7,33.4,37.2,40.5,39.8,38.7,36.4,32.7,33.8,34.2,28.7
662,44.3,41.2,42.0,49.0,42.3,43.7,44.1,40.7,38.5,37.7,39.0,39.3,39.4,38.0,43.2,38.9,39.7,42.2,39.0,37.5,40.0,38.4,43.0,38.0,44.3,43.4,39.5,41.2,36.4,42.4,40.1,39.5,34.7,34.2,31.4,32.7,51.4,42.1,49.3,43.6,47.2,47.5,43.9,37.2,45.1,45.6,42.1,46.3,55.1,38.0,52.0,47.8,49.0,41.7,34.1,37.0,34.9,37.4,38.4,35.7,42.1,37.1,41.9,46.9,47.9,40.4,45.9,38.4,43.3,37.4,48.1,48.5,45.7,38.5,47.8,40.4,40.5,34.0,38.5,42.4,41.5,40.5,37.5,33.5,35.2,35.6,29.8
663,44.2,40.8,42.4,49.9,42.9,44.6,45.0,41.5,38.9,38.3,39.4,40.1,39.8,38.7,44.0,39.4,40.3,42.3,39.2,37.6,41.0,38.7,43.9,39.1,45.3,44.2,40.3,41.9,37.0,42.8,41.0,39.8,35.2,34.8,32.1,33.1,51.8,41.6,50.5,44.2,48.3,47.1,45.1,37.7,45.4,45.8,42.9,46.7,55.4,38.7,53.0,48.5,50.1,41.5,34.3,37.2,35.1,37.6,39.2,36.0,42.2,37.9,42.1,47.4,49.4,40.8,46.8,39.1,43.6,37.8,48.7,49.4,46.0,39.2,48.2,41.1,40.8,34.0,39.2,43.4,42.6,41.7,38.0,33.6,35.8,36.3,30.4
664,44.8,39.1,40.8,50.2,42.9,44.9,45.2,41.5,38.5,38.3,39.1,40.2,39.4,38.8,44.1,39.3,40.3,41.7,38.8,37.1,40.8,38.7,43.7,39.2,45.4,44.3,40.3,41.8,36.9,42.6,41.1,39.5,35.2,34.6,32.0,32.8,51.0,39.7,50.6,43.9,48.6,45.9,45.2,37.5,44.7,44.4,42.8,45.9,54.7,38.8,52.9,48.2,50.4,40.3,34.1,36.5,34.8,37.3,39.3,35.4,41.5,38.2,41.5,47.0,49.7,40.4,46.8,39.0,43.4,37.6,48.5,49.5,45.2,39.1,47.5,40.7,40.3,33.6,39.1,43.2,42.5,41.6,37.5,33.1,35.9,36.3,30.2
665,40.4,35.5,36.0,49.1,41.7,43.8,43.9,40.4,37.0,36.9,37.6,39.3,37.8,37.8,42.7,38.0,38.8,39.6,36.8,35.4,39.4,37.4,42.3,38.0,44.2,43.0,39.1,40.1,35.7,41.1,39.9,37.7,34.0,33.4,31.1,31.7,47.7,36.3,49.5,41.6,47.5,41.5,44.1,35.8,41.0,40.9,41.2,42.6,50.4,37.6,51.6,46.3,49.2,35.9,32.9,34.5,33.6,35.8,38.5,33.5,39.8,37.5,39.4,44.1,48.6,38.3,44.9,38.1,42.0,36.0,47.0,48.5,42.5,37.6,44.4,39.2,38.6,32.4,37.8,42.5,41.4,40.5,36.3,31.8,34.9,35.0,29.0
666,34.5,32.2,31.2,45.1,37.8,40.7,40.2,36.4,35.0,34.5,35.5,37.5,35.1,35.6,39.1,35.8,35.3,37.8,34.7,33.7,35.9,35.0,38.6,34.7,39.2,38.9,37.3,36.6,32.8,38.2,37.3,35.0,30.8,30.6,28.9,29.2,42.4,33.0,45.6,36.8,44.8,36.3,39.4,32.1,36.9,36.2,37.5,38.4,45.0,33.5,47.5,43.3,44.6,32.0,31.0,33.0,31.4,33.5,36.7,32.1,38.8,35.1,37.8,39.6,46.0,36.0,39.8,36.0,39.0,33.8,41.8,44.4,36.5,33.9,39.7,34.7,36.7,31.1,34.9,37.8,37.0,36.7,33.1,30.5,31.8,32.4,26.4
667,31.2,30.3,28.8,40.5,35.2,38.1,37.5,33.5,33.9,33.2,34.4,35.8,33.7,34.0,36.9,34.7,32.8,36.9,33.4,32.9,33.6,33.6,35.9,32.7,35.3,34.9,35.9,34.3,30.8,36.0,34.9,33.6,28.7,28.7,27.5,27.1,39.6,31.4,40.8,34.0,42.5,34.3,35.3,30.0,34.6,32.7,35.0,36.1,42.0,30.1,43.2,41.5,38.6,30.3,30.2,32.1,30.2,32.3,35.1,31.5,38.2,33.1,36.8,36.7,44.0,34.5,37.8,34.6,37.4,32.4,37.7,38.5,33.5,31.4,37.2,31.6,35.5,30.1,33.3,33.1,34.1,33.3,31.7,29.7,29.7,30.6,24.6
668,28.7,29.3,27.1,37.4,33.3,36.4,35.7,31.6,33.2,32.3,33.5,34.5,32.8,32.9,35.2,33.8,31.0,36.2,32.4,32.0,32.2,32.6,34.5,31.6,33.2,33.1,34.7,32.8,29.6,35.0,33.2,33.1,27.5,27.0,26.4,25.8,37.8,30.0,38.3,31.8,40.8,32.9,33.1,29.0,32.7,30.7,32.8,34.5,39.2,28.3,40.4,39.8,35.9,29.0,29.5,31.4,29.5,31.5,33.8,31.1,37.6,32.0,35.8,34.5,42.1,33.6,36.5,33.5,36.4,31.4,35.6,35.5,31.4,30.0,35.5,29.9,34.5,29.4,32.1,31.2,32.5,31.0,31.4,28.8,28.3,29.2,23.6
669,27.2,28.6,26.2,34.9,32.3,35.2,34.3,30.2,32.5,31.5,32.8,33.4,32.1,31.9,34.2,33.0,29.8,35.6,31.9,31.5,31.1,31.8,33.5,30.8,31.9,31.8,33.8,31.6,28.6,34.3,32.0,32.4,26.6,26.1,25.7,25.0,36.1,29.1,36.5,30.3,39.3,31.7,31.3,28.5,31.1,30.0,31.0,33.0,37.3,27.2,38.3,38.3,34.2,28.1,29.2,30.8,28.9,31.0,33.0,30.5,37.2,31.2,35.4,32.8,40.8,32.7,35.5,32.8,35.3,30.9,34.1,33.8,29.7,29.0,34.3,28.6,33.9,28.8,31.2,29.8,31.0,29.3,31.1,28.0,27.1,28.3,22.8
670,26.1,28.1,25.4,33.2,31.3,34.1,33.3,29.4,31.8,30.6,32.1,32.5,31.5,31.0,33.3,32.4,28.8,35.3,31.1,31.0,30.2,31.3,32.8,29.9,31.0,31.1,32.8,30.8,27.8,33.7,31.0,31.8,25.8,25.2,24.9,24.4,35.1,28.4,35.1,29.3,38.0,31.1,30.0,27.7,29.3,29.5,29.4,31.8,35.7,26.3,36.5,36.9,33.0,27.1,28.7,30.4,28.4,30.5,32.4,30.3,36.8,30.4,34.9,31.5,39.8,31.9,34.6,32.0,34.5,30.2,33.1,32.1,28.1,28.1,32.8,27.2,33.3,28.2,30.4,28.9,29.9,27.9,30.7,27.4,26.5,27.3,22.3
671,25.0,27.4,24.8,32.1,30.4,33.5,32.2,28.6,31.3,29.9,31.6,31.8,30.9,30.3,32.5,31.9,28.2,34.8,30.7,30.7,29.1,30.6,32.0,29.3,30.2,30.3,31.9,30.2,27.0,33.0,30.1,31.2,25.1,24.7,24.2,23.6,34.1,27.7,33.9,28.6,36.7,30.6,28.7,27.1,28.2,28.7,28.2,30.7,34.5,25.4,35.1,35.5,31.5,26.1,28.3,30.2,28.1,30.0,31.9,29.9,36.4,29.9,34.4,30.3,39.0,31.5,33.7,31.2,33.9,29.7,31.8,30.6,26.6,27.2,31.9,26.2,32.8,27.8,29.6,28.2,29.0,26.6,30.5,26.8,25.8,26.5,21.9
672,23.6,27.2,24.2,30.9,29.5,32.5,31.5,27.9,30.7,29.2,31.0,31.1,30.3,29.6,31.8,31.3,27.2,34.5,30.0,30.3,28.7,29.9,31.5,28.3,29.6,29.5,31.3,29.5,26.2,32.1,29.3,30.7,24.6,24.0,23.5,22.9,32.8,27.2,32.9,28.1,35.5,29.9,27.8,26.3,27.3,27.9,27.1,30.0,33.3,24.6,33.8,34.4,30.4,25.4,27.9,29.7,27.7,29.5,31.5,29.6,36.0,29.4,34.2,29.3,38.4,31.0,33.0,30.6,33.3,29.1,30.7,29.6,25.5,26.8,30.9,25.5,32.1,27.2,28.9,27.5,28.3,25.8,30.2,26.2,25.1,25.7,21.5
673,22.9,26.8,23.5,29.9,28.9,31.8,30.8,27.2,30.1,28.5,30.4,30.4,29.5,29.0,31.0,30.8,26.8,34.0,29.4,29.6,27.9,29.2,30.9,27.6,28.7,28.8,30.7,28.9,25.9,31.6,28.7,30.1,24.0,23.5,22.9,22.2,31.8,26.6,31.8,27.3,34.5,29.8,26.9,26.0,26.1,27.1,26.4,29.3,32.3,23.8,32.9,33.2,29.2,24.6,27.6,29.4,27.4,29.0,30.9,29.4,35.6,28.8,33.7,28.6,37.7,30.5,32.5,30.0,32.8,28.5,29.3,28.6,24.3,26.1,29.8,24.7,31.7,26.9,28.4,26.8,27.7,25.0,29.7,25.7,24.6,25.2,21.1
674,22.3,26.1,22.8,29.1,28.0,31.1,30.1,26.6,29.5,27.9,30.0,29.9,29.2,28.5,30.6,30.2,26.4,33.7,29.1,29.2,27.6,28.3,30.2,26.8,28.2,28.5,30.2,28.4,25.3,31.1,28.1,29.5,23.4,23.0,22.5,21.6,31.1,26.5,30.9,26.5,33.3,29.6,26.3,25.3,25.5,26.8,25.4,28.4,31.5,23.7,32.2,32.3,28.1,24.2,27.3,29.1,27.1,28.7,30.5,29.1,35.3,28.6,33.6,27.7,37.0,29.9,32.1,29.4,32.0,27.9,28.2,27.6,23.8,25.5,29.2,24.0,31.3,26.5,27.8,26.4,27.0,24.3,29.4,25.3,24.0,24.6,20.7
675,21.8,25.7,22.4,28.7,27.5,30.6,29.6,25.9,28.9,27.5,29.6,29.4,28.8,28.0,29.9,29.7,26.0,33.6,28.8,29.0,27.1,28.0,29.7,26.2,27.5,27.7,29.6,27.8,24.9,30.7,27.6,29.0,23.0,22.8,22.1,21.0,30.4,26.0,30.3,26.0,32.5,29.2,25.7,24.9,24.8,26.2,24.8,27.7,30.7,23.2,31.5,31.5,27.2,23.7,26.8,28.9,26.8,28.4,30.1,28.9,35.1,28.3,33.4,27.0,36.6,29.6,31.4,28.9,31.4,27.7,27.2,27.1,22.9,25.2,28.7,23.4,31.0,26.3,27.4,25.8,26.2,23.6,29.1,24.9,23.4,24.0,20.3
676,21.4,25.5,22.2,28.2,27.0,29.9,29.0,25.4,28.3,27.1,29.2,28.7,28.4,27.6,29.4,29.2,25.6,33.3,28.3,28.6,26.8,27.6,29.2,25.6,27.0,27.1,29.0,27.3,24.5,30.3,27.2,28.8,22.4,22.4,21.5,20.7,30.0,25.8,29.8,25.3,31.6,29.1,24.9,24.5,24.3,25.3,24.3,27.0,30.0,22.8,30.8,30.8,26.2,23.2,26.6,28.7,26.5,27.9,29.9,28.6,34.9,28.1,33.1,26.3,36.1,29.4,31.0,28.3,30.8,27.2,26.0,26.5,22.3,24.9,28.2,22.9,30.8,25.9,26.9,25.3,25.5,23.0,28.9,24.4,22.8,23.4,19.8
677,20.8,25.2,21.9,27.8,26.5,29.3,28.3,24.8,27.8,26.7,28.9,28.3,28.0,27.2,28.7,28.7,25.3,33.0,28.0,28.4,26.4,27.2,28.7,25.1,26.4,26.5,28.6,27.0,24.0,30.0,26.5,28.4,22.1,21.8,21.2,20.4,29.5,25.7,29.5,24.6,30.8,28.6,24.3,24.1,23.6,25.0,23.6,26.4,29.4,22.2,30.4,30.1,25.4,22.9,26.5,28.4,26.1,28.0,29.7,28.4,34.7,27.8,32.8,25.8,35.8,29.3,30.6,27.9,30.4,26.8,25.1,26.1,21.8,24.4,27.6,22.5,30.3,25.7,26.5,24.8,25.1,22.4,28.7,24.0,22.4,23.1,19.5
678,20.4,25.0,21.7,27.2,25.9,28.7,27.9,24.5,27.4,26.1,28.6,28.0,27.7,26.8,28.2,28.5,24.8,32.8,27.7,28.2,25.8,26.7,28.5,24.7,25.9,25.8,28.1,26.6,23.7,29.8,25.8,28.0,21.8,21.3,20.8,20.2,29.1,25.3,28.8,24.1,30.1,28.6,23.5,23.8,23.1,24.7,23.2,25.8,28.9,21.8,29.7,29.6,24.8,22.6,26.1,28.3,26.0,28.0,29.5,28.4,34.5,27.6,32.9,25.2,35.6,29.1,30.1,27.5,30.0,26.5,24.5,25.6,21.4,24.0,27.3,22.2,30.0,25.4,26.4,24.1,24.5,22.0,28.5,23.7,22.1,22.8,19.2
679,19.8,25.0,21.7,26.9,25.6,28.4,27.5,24.1,27.0,25.6,28.2,27.6,27.3,26.4,27.4,28.0,24.4,32.6,27.4,28.0,25.4,26.4,28.3,24.3,25.3,25.4,27.8,26.0,23.3,29.3,25.7,27.8,21.6,21.1,20.7,19.9,28.8,25.2,28.3,23.7,29.5,28.2,22.9,23.4,22.7,24.0,22.7,25.6,28.6,21.2,29.1,29.5,24.3,22.5,26.0,28.1,25.8,27.7,29.3,28.0,34.2,27.4,32.6,24.6,35.4,28.9,29.9,27.1,29.7,26.5,23.8,25.2,20.8,23.9,26.9,21.8,29.7,25.2,25.9,23.7,24.2,21.7,28.3,23.6,22.0,22.5,18.9
680,22.8,26.4,24.5,26.5,25.6,28.1,27.4,24.1,27.3,25.7,28.7,27.7,28.0,26.3,27.4,28.2,24.5,33.0,28.0,29.1,25.5,26.6,28.2,24.1,25.0,25.5,27.7,25.8,23.4,29.6,25.6,28.3,21.4,21.1,20.6,19.9,31.4,26.5,28.0,25.5,30.4,31.8,22.5,23.6,24.9,26.6,23.9,28.6,32.8,20.9,29.5,30.4,25.4,24.4,25.8,28.4,25.7,27.9,29.2,28.2,34.4,27.3,32.7,26.5,35.3,29.2,29.9,27.0,30.6,27.1,24.5,25.0,23.8,24.1,29.4,21.7,30.7,25.5,25.8,23.5,24.1,21.5,28.0,24.3,21.8,22.5,18.7
681,28.1,30.5,30.4,29.8,28.3,30.3,30.6,27.3,29.4,27.7,30.8,29.7,30.5,28.0,30.2,30.1,27.7,35.3,30.5,31.1,28.5,28.8,31.0,26.2,28.0,29.0,29.5,28.5,25.8,32.3,28.1,30.6,23.2,23.2,22.0,22.0,36.7,30.8,31.4,30.1,33.5,37.4,25.6,26.7,29.1,32.3,27.4,33.8,40.2,24.0,35.3,33.7,31.0,28.6,26.5,29.9,27.2,29.2,29.8,29.8,35.9,27.9,34.8,31.9,36.9,31.5,33.1,28.5,33.3,29.2,30.6,28.4,29.8,27.6,34.6,25.9,32.8,27.2,28.1,26.0,26.7,23.6,29.3,26.2,23.4,24.6,20.6
682,33.1,34.2,35.3,35.7,31.8,33.8,34.1,30.8,32.0,30.1,32.9,32.2,32.7,30.4,33.5,32.3,30.9,37.5,32.7,33.0,31.5,31.2,34.1,29.0,32.5,32.8,31.8,32.0,28.4,35.1,31.3,32.8,26.1,25.9,24.3,24.6,41.5,34.8,36.5,33.9,37.1,41.3,30.6,29.7,33.8,37.4,30.9,37.5,45.9,27.8,40.8,37.3,36.3,32.9,28.3,31.8,29.4,31.5,31.8,31.7,37.4,29.9,36.8,37.1,39.1,33.9,36.2,30.8,36.0,31.3,35.8,35.3,35.3,31.0,39.0,30.2,34.9,29.0,30.6,30.5,30.6,27.3,31.7,28.3,26.4,27.1,23.1
683,37.6,37.4,38.4,40.6,35.2,37.0,37.4,34.3,34.3,32.5,34.8,34.7,35.1,32.8,36.8,34.2,33.9,39.4,35.0,34.6,34.4,33.4,37.1,31.9,36.7,36.7,34.2,35.2,30.7,37.7,34.2,34.9,29.1,28.8,26.4,27.3,45.2,38.0,41.0,37.4,40.5,43.6,35.6,32.4,38.3,40.9,34.9,40.5,49.6,31.5,44.9,41.0,40.8,36.6,30.5,33.8,31.8,33.8,33.7,33.2,39.1,32.1,38.5,41.2,41.5,36.0,39.4,33.2,38.5,33.3,40.7,40.9,39.8,33.7,42.6,34.1,36.8,30.8,33.2,34.7,34.3,31.6,33.7,30.3,29.5,29.8,25.3
684,41.4,39.4,40.5,44.6,38.3,39.8,40.1,37.0,36.0,34.6,36.5,36.7,36.9,34.9,39.5,36.1,36.3,40.9,36.9,36.0,36.7,35.4,39.4,34.4,40.1,39.7,36.4,37.8,33.1,39.8,36.5,36.9,31.5,31.1,28.5,29.6,48.1,40.2,44.5,40.2,43.4,45.7,39.4,34.7,41.5,43.1,38.1,43.3,52.4,34.7,48.2,44.1,44.6,39.2,32.3,35.2,33.4,35.6,35.7,34.4,40.8,34.3,39.8,44.1,43.9,38.1,42.0,35.3,40.7,35.0,44.5,44.5,42.8,36.0,45.2,37.2,38.5,32.3,35.3,38.1,37.5,35.8,35.5,31.9,31.9,32.3,27.1
685,43.8,40.6,41.6,47.2,40.6,42.1,42.4,39.3,37.3,36.4,37.9,38.2,38.4,36.6,41.7,37.8,38.2,41.7,38.1,36.9,38.7,37.0,41.5,36.4,42.5,42.0,38.2,39.7,34.9,41.5,38.5,38.4,33.4,32.8,30.1,31.2,50.1,41.5,47.4,42.1,45.5,46.8,42.1,36.3,43.8,45.0,40.6,45.4,54.4,36.8,50.7,46.6,47.4,40.9,33.6,36.6,34.6,36.8,37.4,35.4,41.7,36.1,41.3,46.1,46.4,39.8,44.3,37.0,42.3,36.4,46.9,46.8,44.8,37.7,47.0,39.4,39.7,33.3,37.2,40.5,39.9,38.6,36.7,33.1,33.8,34.1,28.6
686,44.1,41.0,41.8,48.9,42.3,43.8,44.1,40.8,38.5,37.6,38.9,39.2,39.3,37.9,43.2,38.8,39.6,42.4,38.9,37.6,39.9,38.4,42.9,38.0,44.4,43.5,39.4,41.1,36.4,42.5,40.0,39.4,34.7,34.1,31.4,32.6,51.2,42.0,49.1,43.8,47.3,47.5,43.9,37.6,45.2,45.7,42.4,46.6,55.5,38.5,52.4,48.3,49.5,41.5,34.5,37.3,35.3,37.8,38.7,36.0,42.4,37.4,42.1,47.3,48.3,40.7,46.2,38.2,43.5,37.3,48.4,48.5,45.8,38.7,48.3,40.8,40.6,33.9,38.4,42.3,41.6,40.5,37.8,33.8,35.2,35.6,29.7
687,44.3,40.6,42.2,49.7,42.9,44.7,45.1,41.5,39.0,38.2,39.4,40.1,39.7,38.6,44.0,39.3,40.2,42.5,39.1,37.8,40.9,38.7,43.8,39.0,45.4,44.3,40.2,41.9,36.9,42.9,40.9,39.8,35.2,34.8,32.1,33.0,51.8,41.5,50.2,44.3,48.4,47.2,45.1,38.1,45.5,45.8,43.3,46.9,55.8,39.2,53.4,49.1,50.7,41.3,34.7,37.5,35.5,38.1,39.5,36.2,42.5,38.3,42.3,47.8,49.7,41.2,47.1,38.9,43.9,37.7,49.0,49.4,46.3,39.5,48.7,41.6,41.0,34.0,39.2,43.3,42.7,41.7,38.3,33.9,35.8,36.2,30.4
688,44.8,38.9,40.6,50.1,43.0,45.0,45.3,41.5,38.6,38.1,39.1,40.2,39.4,38.7,44.1,39.2,40.2,41.9,38.9,37.3,40.7,38.7,43.7,39.2,45.5,44.4,40.2,41.8,36.9,42.8,41.0,39.5,35.2,34.5,32.0,32.8,50.9,39.7,50.4,44.1,48.8,45.9,45.2,37.9,44.8,44.5,43.2,46.1,55.0,39.3,53.3,48.7,50.9,40.2,34.4,36.7,35.2,37.8,39.7,35.7,41.8,38.5,41.8,47.4,50.0,40.8,47.1,38.8,43.6,37.6,48.9,49.6,45.4,39.4,47.9,41.2,40.5,33.6,39.0,43.1,42.5,41.6,37.8,33.3,35.9,36.2,30.2
689,40.4,35.4,35.9,48.9,41.7,43.8,44.0,40.4,37.0,36.8,37.7,39.4,37.8,37.8,42.8,38.0,38.8,39.8,36.9,35.6,39.4,37.4,42.3,38.0,44.1,43.2,39.0,40.2,35.7,41.4,39.9,37.8,34.0,33.3,31.0,31.6,47.8,36.3,49.4,41.8,47.7,41.6,44.0,36.2,40.9,40.8,41.6,42.9,50.9,38.0,52.0,46.8,49.7,35.9,33.3,34.8,34.0,36.3,38.9,33.8,40.1,37.9,39.7,44.5,49.0,38.6,45.2,37.9,42.2,36.0,47.4,48.5,42.5,38.0,44.9,39.7,38.8,32.5,37.8,42.4,41.5,40.5,36.6,32.1,34.8,34.9,29.0
690,34.4,32.0,31.0,44.9,37.7,40.8,40.3,36.4,35.0,34.4,35.5,37.6,35.1,35.5,39.2,35.8,35.2,38.0,34.8,33.9,35.9,35.1,38.6,34.7,39.2,39.0,37.2,36.7,32.7,38.3,37.3,35.2,30.7,30.5,28.8,29.1,42.2,32.9,45.5,37.0,45.0,36.2,39.3,32.4,36.6,36.1,37.8,38.7,45.4,34.0,47.8,43.8,45.2,31.9,31.4,33.2,31.9,34.0,37.1,32.2,39.1,35.6,38.0,40.0,46.4,36.3,40.2,35.8,39.1,33.7,42.2,44.5,36.5,34.1,40.2,35.2,36.9,31.0,34.8,37.7,37.0,36.7,33.6,30.8,31.8,32.3,26.3
691,31.1,30.0,28.6,40.3,35.2,38.1,37.6,33.5,33.9,33.0,34.4,35.7,33.7,33.9,36.8,34.7,32.8,37.1,33.4,33.0,33.5,33.7,35.9,32.6,35.1,34.8,35.8,34.3,30.6,36.1,34.8,33.7,28.5,28.6,27.5,27.0,39.4,31.2,40.7,34.1,42.6,34.2,35.0,30.3,34.3,32.5,35.3,36.4,42.5,30.6,43.6,41.9,39.0,30.1,30.6,32.3,30.6,32.6,35.5,31.7,38.5,33.5,36.9,37.1,44.3,34.9,38.3,34.4,37.5,32.4,37.9,38.6,33.4,31.5,37.8,32.0,35.5,30.0,33.1,33.1,34.0,33.3,32.1,30.0,29.7,30.5,24.5
692,28.6,29.0,26.9,37.2,33.3,36.4,35.6,31.5,33.2,32.1,33.5,34.5,32.8,32.8,35.2,33.7,30.9,36.4,32.4,32.1,32.1,32.5,34.4,31.5,33.1,33.1,34.6,32.8,29.3,35.1,33.2,33.1,27.3,26.9,26.3,25.7,37.6,29.9,38.2,31.7,40.9,32.8,32.9,29.4,32.4,30.6,33.0,34.7,39.5,28.8,40.9,40.2,36.3,28.8,29.9,31.6,29.9,31.9,34.2,31.3,37.8,32.3,36.0,34.8,42.4,34.0,36.7,33.3,36.4,31.4,35.8,35.5,31.2,30.0,35.9,30.3,34.6,29.4,31.9,31.1,32.4,31.0,31.8,29.1,28.1,29.1,23.5
693,27.0,28.5,26.1,34.7,32.3,35.2,34.3,30.1,32.4,31.3,32.8,33.4,32.0,31.8,34.1,32.9,29.7,35.8,31.8,31.6,31.1,31.7,33.5,30.7,31.7,31.8,33.6,31.6,28.4,34.4,31.9,32.4,26.4,25.8,25.5,24.8,36.0,28.9,36.3,30.2,39.3,31.6,31.2,28.8,30.8,29.8,31.3,33.2,37.7,27.7,38.7,38.6,34.5,27.9,29.7,31.0,29.3,31.4,33.3,30.7,37.5,31.5,35.6,33.1,41.2,33.0,35.8,32.5,35.4,30.8,34.3,33.7,29.4,29.1,34.7,28.9,34.0,28.7,31.0,29.7,30.9,29.3,31.5,28.3,26.9,28.2,22.6
694,25.9,28.0,25.3,32.9,31.2,34.1,33.3,29.3,31.8,30.4,32.0,32.4,31.5,30.9,33.2,32.2,28.7,35.5,31.1,31.0,30.1,31.1,32.7,29.8,30.9,31.0,32.7,30.8,27.6,33.7,30.9,31.8,25.6,24.9,24.7,24.2,34.9,28.2,35.0,29.2,38.1,30.9,29.8,27.9,29.1,29.3,29.8,32.0,36.1,26.6,36.8,37.3,33.3,26.9,29.1,30.5,28.7,30.9,32.8,30.4,37.1,30.8,35.1,31.8,40.1,32.2,34.9,31.8,34.5,30.0,33.3,32.0,27.9,28.1,33.2,27.6,33.3,28.1,30.3,28.7,29.8,27.7,31.1,27.7,26.3,27.2,22.0
695,24.9,27.3,24.8,31.7,30.3,33.5,32.2,28.4,31.2,29.8,31.6,31.6,30.9,30.1,32.5,31.8,28.1,35.1,30.5,30.8,29.1,30.3,32.0,29.2,30.0,30.2,31.8,30.1,26.8,33.0,30.0,31.2,25.0,24.4,23.9,23.3,33.9,27.6,33.7,28.5,36.6,30.4,28.5,27.4,27.9,28.5,28.6,30.9,34.9,25.7,35.3,35.8,31.9,25.9,28.7,30.2,28.5,30.4,32.3,30.0,36.6,30.3,34.7,30.6,39.3,31.8,34.0,31.0,34.0,29.6,32.1,30.3,26.4,27.4,32.3,26.6,32.8,27.7,29.5,28.0,28.9,26.6,30.8,27.1,25.6,26.3,21.6
696,23.4,27.0,24.2,30.6,29.4,32.5,31.5,27.7,30.6,29.0,31.0,30.9,30.2,29.5,31.7,31.1,27.1,34.7,29.9,30.3,28.6,29.7,31.3,28.1,29.5,29.4,31.2,29.4,26.0,32.1,29.2,30.7,24.5,23.7,23.1,22.5,32.7,27.1,32.7,28.0,35.4,29.7,27.5,26.6,27.2,27.7,27.5,30.2,33.7,25.0,34.1,34.7,30.7,25.3,28.4,29.8,28.1,30.0,31.9,29.7,36.2,29.8,34.4,29.7,38.6,31.3,33.2,30.4,33.2,29.0,30.9,29.3,25.3,26.9,31.3,25.9,32.2,27.1,28.8,27.3,28.2,25.6,30.6,26.5,24.9,25.5,21.2
697,22.7,26.6,23.5,29.6,28.8,31.7,30.7,27.1,30.0,28.4,30.4,30.2,29.4,28.9,31.0,30.6,26.5,34.3,29.3,29.6,27.8,29.0,30.8,27.4,28.6,28.7,30.5,28.8,25.5,31.5,28.5,30.0,23.8,23.2,22.6,21.8,31.7,26.6,31.6,27.3,34.4,29.5,26.6,26.3,26.0,27.0,26.7,29.6,32.8,24.0,33.2,33.5,29.3,24.5,28.1,29.5,27.8,29.4,31.4,29.5,35.9,29.3,34.0,28.9,37.9,30.7,32.7,29.8,32.8,28.4,29.5,28.2,24.2,26.2,30.2,25.1,31.7,26.7,28.3,26.6,27.5,24.9,30.1,26.0,24.4,25.0,20.8
698,22.0,26.0,22.9,28.8,27.9,31.1,30.0,26.5,29.3,27.7,29.9,29.6,29.1,28.4,30.5,30.0,26.1,33.9,29.0,29.2,27.4,28.1,30.1,26.6,28.1,28.3,30.0,28.3,24.9,31.0,27.9,29.4,23.2,22.7,22.1,21.2,30.9,26.6,30.7,26.5,33.3,29.3,26.1,25.6,25.3,26.7,25.8,28.6,31.9,24.0,32.3,32.6,28.3,24.2,27.7,29.3,27.5,29.2,30.9,29.2,35.6,29.1,33.8,28.0,37.3,30.1,32.3,29.1,32.0,27.8,28.4,27.3,23.6,25.5,29.6,24.4,31.3,26.4,27.6,26.2,26.9,24.1,29.7,25.6,23.8,24.4,20.4
699,21.4,25.7,22.4,28.4,27.4,30.5,29.4,25.8,28.8,27.3,29.5,29.1,28.7,27.8,29.8,29.5,25.7,33.7,28.6,29.0,26.9,27.8,29.6,26.0,27.4,27.6,29.5,27.7,24.6,30.6,27.4,28.9,22.7,22.4,21.8,20.7,30.2,26.0,30.1,26.1,32.4,29.0,25.5,25.1,24.6,26.0,25.2,27.9,31.2,23.7,31.6,31.8,27.3,23.7,27.3,29.0,27.2,28.9,30.5,28.9,35.4,28.7,33.6,27.2,36.9,29.8,31.5,28.7,31.4,27.6,27.4,26.8,22.6,25.3,29.1,23.8,31.0,26.1,27.2,25.6,26.1,23.5,29.5,25.1,23.2,23.7,20.0
700,21.1,25.5,22.2,27.9,26.9,29.7,28.8,25.2,28.2,26.8,29.1,28.4,28.3,27.5,29.2,29.0,25.3,33.4,28.2,28.7,26.6,27.4,29.1,25.5,26.7,26.9,28.9,27.2,24.1,30.2,27.0,28.6,22.3,22.0,21.2,20.3,29.8,25.8,29.6,25.4,31.6,28.8,24.8,24.6,24.2,25.2,24.6,27.2,30.4,23.1,31.0,31.0,26.4,23.2,27.0,28.8,26.9,28.4,30.3,28.7,35.2,28.5,33.3,26.5,36.3,29.5,31.1,28.1,30.8,27.0,26.2,26.2,22.0,24.9,28.5,23.3,30.8,25.7,26.7,25.1,25.4,22.9,29.2,24.7,22.6,23.1,19.5
701,20.5,25.3,21.9,27.5,26.4,29.2,28.1,24.6,27.7,26.4,28.7,28.0,27.9,27.0,28.5,28.6,25.0,33.1,27.8,28.4,26.2,27.0,28.6,24.9,26.3,26.3,28.4,26.9,23.7,30.0,26.3,28.3,21.9,21.5,20.8,20.0,29.4,25.7,29.2,24.7,30.7,28.5,24.1,24.4,23.3,25.0,23.9,26.7,29.8,22.6,30.5,30.4,25.5,22.8,26.9,28.6,26.5,28.5,30.1,28.6,35.1,28.2,32.9,26.1,36.0,29.4,30.7,27.7,30.3,26.6,25.2,25.9,21.6,24.4,28.0,22.8,30.3,25.5,26.4,24.7,25.0,22.2,29.1,24.3,22.3,22.8,19.2
702,20.0,25.1,21.7,26.9,25.8,28.6,27.8,24.2,27.3,25.8,28.5,27.7,27.6,26.7,28.0,28.3,24.5,32.9,27.6,28.1,25.5,26.5,28.4,24.6,25.8,25.7,27.9,26.4,23.4,29.7,25.6,27.9,21.7,20.9,20.5,19.8,28.9,25.3,28.5,24.2,30.1,28.4,23.4,24.0,22.9,24.6,23.5,26.1,29.3,22.0,29.8,29.8,24.9,22.5,26.5,28.4,26.5,28.4,29.8,28.5,34.8,27.9,33.0,25.5,35.8,29.2,30.3,27.3,30.0,26.3,24.6,25.4,21.2,24.0,27.7,22.5,29.9,25.2,26.2,23.9,24.4,21.9,28.9,23.9,22.0,22.4,18.9
703,19.5,25.0,21.7,26.6,25.5,28.3,27.3,23.8,26.9,25.4,28.0,27.3,27.1,26.2,27.2,27.9,24.1,32.8,27.2,28.0,25.1,26.3,28.1,24.2,25.3,25.2,27.7,25.8,23.0,29.2,25.5,27.7,21.5,20.7,20.4,19.5,28.7,25.2,28.0,23.8,29.6,28.1,22.7,23.6,22.6,23.9,23.1,25.8,29.1,21.4,29.4,29.7,24.4,22.4,26.5,28.3,26.2,28.2,29.6,28.1,34.5,27.7,32.8,24.8,35.6,29.0,30.0,26.9,29.7,26.2,23.9,25.0,20.7,23.9,27.2,22.1,29.7,25.0,25.8,23.6,24.1,21.5,28.6,23.8,21.9,22.2,18.6
704,22.7,26.4,24.5,26.3,25.5,27.9,27.3,23.9,27.3,25.5,28.6,27.5,27.9,26.1,27.3,28.2,24.3,33.2,28.0,29.1,25.3,26.4,28.1,24.1,24.9,25.4,27.6,25.6,23.2,29.6,25.4,28.3,21.4,20.7,20.3,19.5,31.4,26.5,27.8,25.7,30.6,31.9,22.4,23.9,24.7,26.7,24.2,28.9,33.3,21.2,29.7,30.7,25.6,24.2,26.2,28.6,26.1,28.4,29.6,28.3,34.8,27.6,32.9,26.8,35.6,29.3,30.1,26.8,30.6,26.9,24.8,24.9,23.6,24.3,29.9,22.1,30.7,25.4,25.7,23.4,24.0,21.3,28.3,24.5,21.7,22.2,18.4
705,28.0,30.6,30.4,29.7,28.3,30.3,30.6,27.2,29.6,27.6,30.7,29.6,30.4,28.0,30.1,30.1,27.6,35.5,30.4,31.1,28.4,28.8,30.9,26.2,28.0,29.0,29.5,28.4,25.6,32.4,28.0,30.6,23.2,23.0,21.8,21.7,36.7,30.9,31.3,30.4,33.8,37.5,25.5,26.9,29.0,32.3,27.7,34.1,40.6,24.3,35.6,34.0,31.3,28.5,27.0,30.2,27.7,29.7,30.3,30.0,36.3,28.2,34.9,32.3,37.2,31.7,33.3,28.4,33.3,29.1,30.9,28.4,29.6,27.8,35.1,26.3,32.8,27.1,28.0,25.9,26.6,23.4,29.7,26.5,23.4,24.4,20.3
706,33.1,34.2,35.2,35.6,31.9,33.8,34.1,30.8,32.2,30.1,32.8,32.2,32.8,30.4,33.6,32.4,30.9,37.6,32.7,33.1,31.5,31.3,34.1,29.0,32.5,32.8,31.8,32.0,28.3,35.3,31.3,32.8,26.2,25.7,24.0,24.4,41.5,34.8,36.4,34.2,37.4,41.5,30.5,30.0,33.8,37.4,31.3,37.8,46.3,28.2,41.1,37.6,36.6,32.7,28.8,32.2,29.8,32.0,32.2,31.9,37.9,30.3,36.9,37.6,39.3,34.2,36.6,30.8,36.0,31.2,36.2,35.3,35.2,31.2,39.5,30.6,34.9,29.0,30.6,30.5,30.6,27.2,32.1,28.5,26.4,27.0,22.9
707,37.6,37.3,38.2,40.7,35.4,37.1,37.5,34.4,34.6,32.7,34.8,34.8,35.1,33.0,36.9,34.4,34.0,39.5,35.0,34.7,34.5,33.5,37.1,32.1,36.7,36.8,34.3,35.3,30.7,37.9,34.3,35.1,29.2,28.7,26.3,27.1,45.3,38.0,41.0,37.8,40.8,43.8,35.6,32.7,38.2,40.9,35.4,40.8,49.9,31.9,45.2,41.3,41.2,36.5,30.9,34.1,32.2,34.3,34.1,33.6,39.5,32.6,38.7,41.7,41.8,36.4,39.7,33.3,38.6,33.3,41.0,41.1,39.8,34.0,43.2,34.5,36.9,30.7,33.3,34.7,34.3,31.6,34.1,30.4,29.5,29.8,25.2
708,41.3,39.4,40.3,44.7,38.5,39.9,40.2,37.2,36.4,34.8,36.6,36.9,37.0,35.1,39.6,36.3,36.4,41.0,36.9,36.1,36.9,35.6,39.5,34.7,40.2,39.8,36.5,37.9,33.3,40.0,36.8,37.1,31.6,31.1,28.4,29.5,48.2,40.2,44.6,40.5,43.6,45.9,39.4,34.9,41.5,43.2,38.6,43.5,52.8,35.1,48.5,44.5,45.0,39.1,32.7,35.6,33.9,36.1,36.2,34.7,41.2,34.7,40.1,44.6,44.2,38.5,42.5,35.5,40.9,35.0,44.9,44.7,42.7,36.3,45.7,37.6,38.6,32.3,35.5,38.1,37.6,35.7,35.9,32.1,32.0,32.4,27.1
709,43.8,40.4,41.4,47.4,40.7,42.2,42.5,39.4,37.7,36.6,38.1,38.4,38.6,36.9,41.8,37.9,38.5,41.9,38.2,37.0,39.0,37.2,41.6,36.6,42.7,42.1,38.4,39.8,35.1,41.9,38.8,38.7,33.6,32.9,30.1,31.2,50.4,41.4,47.6,42.4,45.8,47.0,42.2,36.6,43.7,45.1,41.0,45.6,54.8,37.1,51.0,47.1,47.9,40.9,34.0,36.9,35.0,37.3,37.9,35.7,42.2,36.6,41.5,46.6,46.7,40.3,44.7,37.2,42.6,36.5,47.3,47.1,44.7,37.9,47.6,39.9,39.9,33.3,37.4,40.5,40.1,38.6,37.2,33.2,33.9,34.2,28.7
710,43.9,40.8,41.6,49.0,42.4,43.9,44.3,41.0,38.9,37.9,39.2,39.5,39.6,38.2,43.3,39.1,39.9,42.5,39.1,37.7,40.1,38.6,43.0,38.2,44.5,43.6,39.7,41.3,36.5,42.8,40.3,39.8,35.0,34.3,31.4,32.6,51.5,41.8,49.3,44.0,47.6,47.8,44.0,38.0,45.1,45.8,42.8,46.8,55.9,38.8,52.7,48.7,50.0,41.5,35.0,37.6,35.7,38.4,39.2,36.3,42.9,37.8,42.4,47.8,48.6,41.2,46.6,38.5,43.8,37.5,48.8,48.8,45.7,39.0,48.8,41.3,40.7,33.9,38.7,42.4,41.8,40.5,38.4,33.9,35.3,35.7,29.9
711,44.1,40.5,42.0,49.8,43.1,44.8,45.2,41.8,39.4,38.5,39.7,40.4,40.1,38.9,44.2,39.6,40.6,42.6,39.3,37.9,41.2,39.0,44.0,39.3,45.6,44.4,40.5,42.1,37.1,43.3,41.2,40.1,35.5,34.9,32.2,33.1,52.1,41.4,50.5,44.6,48.7,47.5,45.2,38.5,45.4,45.9,43.6,47.1,56.2,39.6,53.6,49.5,51.2,41.3,35.2,37.8,36.0,38.6,40.0,36.6,42.9,38.8,42.6,48.3,50.0,41.7,47.5,39.2,44.3,38.0,49.4,49.4,46.1,39.8,49.2,41.9,41.1,34.0,39.4,43.2,42.8,41.7,38.8,34.0,36.0,36.4,30.6
712,44.8,38.8,40.5,50.2,43.2,45.1,45.4,41.8,39.1,38.4,39.4,40.5,39.7,39.0,44.2,39.5,40.5,42.0,39.1,37.4,41.0,39.0,43.9,39.5,45.6,44.6,40.5,42.0,37.1,43.2,41.3,39.9,35.4,34.8,32.1,33.0,51.3,39.6,50.5,44.3,49.1,46.3,44.8,38.3,44.7,44.6,43.6,46.3,55.5,39.7,53.6,49.1,51.4,40.1,34.9,37.1,35.7,38.3,40.2,36.0,42.2,39.0,42.0,47.9,50.3,41.2,47.5,39.1,44.0,37.9,49.3,49.7,45.4,39.7,48.5,41.5,40.6,33.7,39.3,43.0,42.7,41.5,38.4,33.5,36.0,36.4,30.4
713,40.5,35.4,35.8,49.1,41.9,44.0,44.1,40.7,37.5,37.1,37.8,39.7,38.1,38.1,42.9,38.3,39.1,40.0,37.1,35.7,39.7,37.6,42.6,38.3,44.4,43.4,39.3,40.5,35.8,41.7,40.2,38.2,34.2,33.7,31.3,31.9,48.2,36.3,49.7,42.3,48.0,42.1,44.0,36.6,40.9,41.0,42.0,43.2,51.5,38.4,52.2,47.2,50.1,35.9,33.8,35.2,34.5,36.8,39.5,34.1,40.4,38.4,40.0,45.0,49.3,39.0,45.7,38.2,42.6,36.3,47.8,48.9,42.4,38.3,45.5,40.0,38.9,32.5,38.1,42.4,41.5,40.6,37.1,32.3,35.0,35.2,29.2
714,34.6,32.1,31.0,45.2,37.9,41.0,40.4,36.7,35.4,34.6,35.6,37.8,35.3,35.7,39.4,36.0,35.4,38.1,34.8,33.8,36.1,35.4,38.8,35.0,39.4,39.2,37.4,36.9,32.9,38.6,37.5,35.4,30.9,30.9,29.1,29.4,42.5,32.8,45.9,37.3,45.3,36.7,39.5,32.8,36.7,36.3,38.3,38.9,45.8,34.3,48.1,44.2,45.7,31.9,32.0,33.5,32.4,34.5,37.6,32.5,39.4,36.0,38.2,40.5,46.8,36.6,40.6,36.0,39.5,33.9,42.6,44.9,36.6,34.3,40.7,35.6,37.0,31.0,35.0,37.9,37.2,36.8,34.0,31.0,32.0,32.6,26.6
715,31.4,30.1,28.7,40.4,35.4,38.3,37.7,33.7,34.2,33.2,34.4,35.9,33.8,34.0,37.1,34.8,32.8,37.2,33.5,32.9,33.7,33.9,36.1,32.9,35.2,35.0,35.9,34.6,30.7,36.4,35.0,33.9,28.7,28.9,27.8,27.2,39.6,31.1,41.1,34.4,42.9,34.5,35.1,30.7,34.4,32.8,35.6,36.6,43.0,31.0,43.9,42.3,39.5,30.2,31.1,32.5,31.1,33.1,35.9,31.9,38.7,33.9,37.2,37.4,44.7,35.1,38.5,34.6,37.8,32.4,38.3,38.9,33.5,31.7,38.1,32.3,35.7,30.0,33.2,33.2,34.2,33.4,32.4,30.2,29.9,30.8,24.7
716,28.9,29.1,27.1,37.4,33.5,36.6,35.9,31.8,33.4,32.3,33.5,34.6,32.9,32.9,35.5,33.8,31.0,36.6,32.4,32.0,32.3,32.7,34.6,31.8,33.3,33.4,34.8,33.0,29.5,35.3,33.3,33.3,27.5,27.2,26.6,26.1,37.9,29.8,38.7,32.1,41.1,33.0,32.9,29.7,32.6,30.8,33.4,34.8,40.0,29.2,41.1,40.6,36.8,29.0,30.3,31.8,30.4,32.3,34.5,31.5,38.1,32.7,36.2,35.2,42.8,34.2,37.0,33.5,36.7,31.4,36.1,36.0,31.4,30.2,36.4,30.6,34.7,29.3,32.0,31.2,32.5,31.1,32.2,29.3,28.2,29.4,23.7
717,27.4,28.4,26.3,34.8,32.5,35.4,34.5,30.3,32.6,31.5,32.8,33.5,32.1,32.0,34.4,33.0,29.7,36.0,31.8,31.5,31.4,31.9,33.8,31.0,31.9,32.1,33.9,31.8,28.7,34.5,32.1,32.5,26.6,26.1,25.8,25.1,36.2,28.8,36.7,30.5,39.6,31.9,31.2,29.1,31.0,29.9,31.7,33.3,38.1,28.0,38.9,39.1,34.9,28.0,30.1,31.1,29.8,31.9,33.7,30.9,37.7,31.9,35.7,33.6,41.5,33.1,36.0,32.7,35.6,30.8,34.7,34.1,29.6,29.3,35.1,29.2,34.0,28.6,31.2,29.8,31.1,29.5,31.9,28.6,27.1,28.5,22.8
718,26.2,27.9,25.6,33.0,31.4,34.4,33.6,29.7,31.9,30.7,32.1,32.5,31.5,31.1,33.5,32.4,28.9,35.7,31.1,30.9,30.4,31.3,33.1,30.2,31.0,31.2,33.0,31.0,27.9,33.7,31.2,31.9,25.9,25.2,25.1,24.5,35.1,28.1,35.3,29.6,38.3,31.2,30.0,28.2,29.5,29.3,30.1,32.2,36.5,27.0,37.0,37.6,33.7,27.1,29.6,30.5,29.2,31.3,33.1,30.5,37.2,31.2,35.2,32.2,40.5,32.3,35.1,32.1,34.8,30.0,33.6,32.2,28.1,28.2,33.6,27.9,33.4,28.0,30.5,28.8,30.0,28.0,31.4,27.9,26.5,27.5,22.3
719,25.2,27.2,25.0,31.8,30.6,33.8,32.5,28.8,31.3,30.1,31.6,31.7,30.9,30.3,32.7,32.0,28.3,35.2,30.5,30.6,29.5,30.5,32.3,29.5,30.1,30.4,32.2,30.3,27.1,33.1,30.2,31.3,25.2,24.7,24.4,23.7,34.1,27.5,34.1,28.8,36.8,30.6,28.6,27.6,28.3,28.7,29.0,31.1,35.3,26.0,35.6,36.2,32.3,26.1,29.2,30.3,29.0,30.9,32.6,30.2,36.8,30.7,34.8,31.0,39.6,31.9,34.2,31.4,34.3,29.6,32.4,30.6,26.6,27.5,32.7,26.9,32.8,27.6,29.8,28.2,29.1,26.8,31.2,27.3,25.7,26.7,21.8
720,23.8,26.9,24.3,30.7,29.7,32.7,31.8,28.1,30.7,29.4,31.1,31.0,30.2,29.8,32.0,31.4,27.4,34.8,29.9,30.3,28.9,29.9,31.7,28.5,29.6,29.7,31.6,29.7,26.3,32.2,29.5,30.7,24.7,24.0,23.5,22.8,33.0,26.8,32.9,28.3,35.6,29.8,27.7,26.8,27.5,27.9,27.9,30.3,34.0,25.4,34.3,35.1,31.0,25.5,28.9,29.9,28.6,30.4,32.3,29.9,36.3,30.2,34.3,30.0,38.9,31.4,33.4,30.8,33.4,29.1,31.3,29.6,25.5,27.0,31.6,26.2,32.2,27.1,29.2,27.5,28.4,25.9,30.8,26.7,25.1,25.8,21.3
721,23.1,26.5,23.6,29.7,29.2,32.0,31.1,27.5,30.1,28.7,30.5,30.2,29.4,29.3,31.2,30.9,26.9,34.4,29.3,29.6,28.1,29.2,31.2,27.7,28.8,29.0,30.9,29.0,25.9,31.7,28.9,30.1,23.9,23.5,23.0,22.2,32.0,26.4,31.8,27.5,34.6,29.7,26.9,26.6,26.3,27.2,27.1,29.6,33.0,24.3,33.3,33.8,29.6,24.7,28.7,29.6,28.3,29.9,31.7,29.7,36.0,29.7,33.9,29.1,38.3,30.8,32.9,30.1,32.9,28.5,29.9,28.5,24.4,26.2,30.7,25.5,31.7,26.7,28.6,26.8,27.8,25.1,30.4,26.2,24.6,25.4,21.0
722,22.4,25.8,23.0,29.0,28.3,31.4,30.3,26.9,29.5,28.0,30.1,29.7,29.0,28.7,30.8,30.3,26.5,34.0,29.0,29.2,27.7,28.4,30.5,26.9,28.3,28.6,30.4,28.5,25.3,31.2,28.3,29.5,23.2,22.9,22.5,21.5,31.2,26.4,30.8,26.7,33.4,29.5,26.4,25.9,25.5,26.7,26.1,28.7,32.2,24.2,32.4,32.9,28.6,24.4,28.3,29.3,28.0,29.7,31.3,29.3,35.7,29.5,33.8,28.3,37.7,30.2,32.6,29.5,32.2,27.8,28.7,27.6,23.8,25.5,30.1,24.8,31.3,26.4,27.9,26.4,27.1,24.4,30.0,25.8,24.0,24.7,20.6
723,21.8,25.5,22.5,28.6,27.7,30.8,29.8,26.1,29.0,27.6,29.6,29.4,28.7,28.1,30.1,29.8,26.1,33.8,28.7,28.9,27.3,28.1,29.9,26.3,27.5,27.9,29.9,28.0,24.9,30.8,27.8,29.1,22.9,22.6,22.1,21.0,30.5,25.9,30.3,26.3,32.5,29.2,25.8,25.4,24.8,26.1,25.5,27.9,31.4,24.0,31.8,32.1,27.6,23.8,27.8,29.1,27.7,29.3,30.8,29.1,35.5,29.1,33.6,27.5,37.3,29.9,31.8,29.0,31.6,27.6,27.7,27.1,22.9,25.3,29.5,24.1,31.0,26.1,27.5,25.8,26.3,23.7,29.8,25.3,23.3,24.0,20.1
724,21.4,25.3,22.4,28.2,27.2,30.1,29.2,25.5,28.4,27.2,29.2,28.6,28.4,27.8,29.5,29.3,25.7,33.5,28.3,28.6,27.0,27.7,29.5,25.7,26.8,27.2,29.3,27.4,24.4,30.4,27.4,28.8,22.5,22.2,21.4,20.6,30.1,25.7,29.7,25.6,31.7,28.9,25.0,24.8,24.4,25.3,24.9,27.3,30.6,23.3,31.1,31.3,26.7,23.4,27.5,28.9,27.5,28.9,30.7,28.8,35.3,28.9,33.2,26.8,36.7,29.7,31.3,28.5,31.1,27.0,26.4,26.4,22.3,25.0,29.0,23.5,30.8,25.7,27.0,25.3,25.7,23.2,29.5,24.8,22.8,23.4,19.6
725,20.7,25.0,22.0,27.8,26.7,29.5,28.5,24.8,28.0,26.7,28.9,28.3,28.0,27.3,28.8,28.8,25.3,33.2,27.9,28.3,26.5,27.3,28.9,25.2,26.3,26.6,28.8,27.1,23.9,30.2,26.6,28.5,22.2,21.6,21.0,20.2,29.6,25.5,29.4,24.9,30.9,28.6,24.4,24.6,23.6,25.1,24.2,26.7,30.0,22.9,30.7,30.8,25.8,23.0,27.3,28.6,27.0,28.9,30.4,28.7,35.1,28.5,32.9,26.4,36.4,29.5,30.9,28.0,30.6,26.6,25.5,26.0,22.0,24.6,28.5,23.0,30.4,25.5,26.6,24.9,25.3,22.6,29.4,24.4,22.5,23.0,19.3
726,20.4,25.0,21.8,27.2,26.1,28.9,28.1,24.5,27.6,26.1,28.6,27.9,27.7,26.9,28.2,28.6,24.8,33.0,27.7,28.1,25.8,26.8,28.6,24.8,26.0,26.0,28.2,26.6,23.7,30.0,26.0,28.2,22.0,21.0,20.7,20.0,29.2,25.2,28.7,24.4,30.3,28.5,23.7,24.2,23.1,24.7,23.8,26.1,29.5,22.3,29.9,30.2,25.2,22.7,27.0,28.4,26.9,28.9,30.1,28.6,34.8,28.2,32.9,25.9,36.2,29.2,30.5,27.5,30.2,26.3,24.8,25.6,21.6,24.2,28.1,22.7,30.0,25.3,26.5,24.1,24.7,22.1,29.2,24.1,22.3,22.6,19.0
727,19.9,24.9,21.7,26.9,25.8,28.6,27.6,24.1,27.2,25.7,28.2,27.6,27.4,26.5,27.6,28.2,24.4,32.9,27.3,28.0,25.5,26.6,28.5,24.4,25.4,25.6,28.0,26.0,23.2,29.5,25.8,27.9,21.8,20.8,20.6,19.7,29.0,25.1,28.1,24.0,29.7,28.2,22.9,23.9,23.0,24.1,23.4,25.7,29.3,21.7,29.5,30.2,24.7,22.5,26.9,28.3,26.7,28.6,30.0,28.2,34.5,28.0,32.7,25.4,36.0,29.0,30.2,27.1,29.9,26.4,24.1,25.2,21.1,24.1,27.6,22.3,29.7,25.1,26.0,23.8,24.4,21.7,28.9,24.0,22.2,22.4,18.7
728,23.1,26.3,24.7,26.6,25.7,28.3,27.7,24.1,27.7,25.8,28.9,27.8,28.2,26.4,27.7,28.5,24.7,33.3,28.2,29.2,25.7,26.7,28.4,24.3,25.1,25.8,27.9,25.9,23.4,29.9,25.7,28.6,21.6,20.9,20.4,19.7,31.8,26.5,27.9,26.1,30.7,31.9,22.7,24.1,25.1,26.9,24.6,29.0,33.5,21.5,29.9,31.2,25.9,24.4,26.7,28.6,26.6,28.9,29.9,28.3,34.8,27.9,32.9,27.4,36.0,29.4,30.4,27.0,30.9,27.1,25.0,25.1,23.9,24.5,30.4,22.3,30.8,25.5,26.0,23.5,24.2,21.4,28.6,24.7,22.0,22.4,18.5
729,28.4,30.5,30.4,30.0,28.6,30.7,30.9,27.4,29.9,28.0,31.0,29.8,30.7,28.3,30.5,30.4,28.0,35.5,30.6,31.2,28.7,29.1,31.3,26.5,28.2,29.3,29.8,28.7,25.9,32.7,28.3,30.9,23.4,23.1,21.9,21.9,37.0,30.9,31.5,30.8,34.1,37.4,25.7,27.2,29.3,32.5,28.1,34.3,40.9,24.8,35.9,34.5,31.6,28.6,27.4,30.4,28.2,30.2,30.6,30.2,36.2,28.6,34.9,32.9,37.5,31.9,33.7,28.7,33.6,29.3,31.1,28.7,29.7,28.0,35.6,26.8,33.0,27.3,28.3,26.1,26.9,23.6,30.0,26.7,23.7,24.6,20.4
730,33.4,34.2,35.2,35.8,32.2,34.1,34.5,31.1,32.5,30.4,33.1,32.5,33.1,30.8,33.9,32.6,31.2,37.6,33.0,33.2,31.8,31.6,34.4,29.3,32.6,33.1,32.1,32.3,28.6,35.6,31.6,33.3,26.4,25.9,24.2,24.6,41.7,34.7,36.6,34.7,37.7,41.3,30.8,30.3,34.0,37.4,31.7,38.0,46.6,28.7,41.4,38.1,37.0,32.7,29.2,32.4,30.3,32.6,32.6,32.2,37.9,30.8,37.0,38.1,39.7,34.5,37.0,31.0,36.3,31.5,36.4,35.5,35.1,31.4,40.1,31.0,35.1,29.3,30.9,30.6,30.8,27.3,32.5,28.7,26.6,27.3,23.0
731,37.9,37.3,38.1,40.7,35.7,37.4,37.7,34.6,35.0,33.0,35.2,35.1,35.5,33.3,37.2,34.6,34.3,39.5,35.4,34.9,34.8,33.8,37.4,32.4,36.8,37.0,34.7,35.6,31.0,38.2,34.6,35.5,29.3,28.8,26.4,27.3,45.5,37.9,41.0,38.2,41.1,43.8,35.7,33.0,38.3,40.9,35.7,41.1,50.2,32.3,45.4,41.9,41.6,36.3,31.3,34.4,32.7,34.8,34.6,33.9,39.5,33.1,38.9,42.3,42.1,36.8,40.2,33.6,38.9,33.6,41.3,41.2,39.6,34.3,43.8,35.1,37.2,31.1,33.6,34.7,34.5,31.5,34.6,30.6,29.6,30.0,25.3
732,41.6,39.3,40.1,44.7,38.7,40.1,40.4,37.3,36.7,35.0,37.1,37.2,37.4,35.4,39.8,36.5,36.8,41.1,37.3,36.4,37.2,35.9,39.8,34.9,40.2,40.0,36.8,38.2,33.5,40.3,37.1,37.4,31.7,31.1,28.5,29.6,48.5,40.1,44.6,40.9,43.9,45.8,39.4,35.3,41.4,43.2,39.0,43.9,53.1,35.5,48.8,45.1,45.4,38.9,33.3,36.0,34.4,36.7,36.8,35.1,41.2,35.3,40.2,45.2,44.5,38.9,42.9,35.8,41.2,35.4,45.2,44.8,42.5,36.6,46.4,38.1,39.0,32.6,35.8,38.0,37.6,35.6,36.4,32.2,32.0,32.5,27.1
733,44.0,40.5,41.1,47.3,40.9,42.4,42.6,39.6,38.1,36.8,38.5,38.7,39.0,37.2,42.0,38.1,38.7,42.0,38.6,37.4,39.2,37.5,42.0,36.8,42.7,42.2,38.6,40.1,35.3,42.1,39.1,39.0,33.6,32.9,30.2,31.3,50.4,41.4,47.5,42.8,46.1,47.0,42.1,37.0,43.7,45.1,41.4,46.0,55.1,37.5,51.3,47.6,48.3,40.5,34.6,37.4,35.6,37.9,38.4,36.1,42.3,37.2,41.7,47.1,46.9,40.6,45.1,37.5,42.9,37.0,47.6,47.0,44.4,38.3,48.2,40.4,40.2,33.6,37.7,40.4,40.1,38.5,37.7,33.4,33.9,34.3,28.7
734,43.9,40.8,41.5,48.9,42.6,44.0,44.4,41.1,39.2,38.1,39.6,39.9,40.0,38.4,43.4,39.2,40.2,42.6,39.5,38.1,40.3,38.7,43.4,38.4,44.5,43.7,39.9,41.5,36.7,43.1,40.5,40.1,35.0,34.3,31.4,32.7,51.8,41.7,49.3,44.3,47.9,47.7,43.9,38.4,45.0,45.9,43.2,47.1,56.3,39.3,53.0,49.1,50.4,41.1,35.7,38.1,36.3,39.0,39.7,36.7,43.0,38.4,42.6,48.4,48.8,41.6,46.9,38.6,44.2,37.9,49.1,48.6,45.3,39.5,49.4,41.8,41.1,34.2,38.9,42.2,41.8,40.3,38.7,34.1,35.3,35.8,29.9
735,44.1,40.6,41.8,49.7,43.2,44.9,45.3,41.9,39.7,38.7,40.1,40.7,40.5,39.1,44.3,39.7,40.7,42.7,39.7,38.2,41.4,39.2,44.3,39.4,45.4,44.4,40.7,42.3,37.2,43.5,41.4,40.4,35.5,35.0,32.3,33.2,52.4,41.5,50.5,44.9,49.0,47.5,45.1,39.0,45.4,45.9,44.0,47.5,56.6,40.1,54.0,49.7,51.5,41.0,35.8,38.3,36.6,39.2,40.6,37.0,43.1,39.4,42.7,48.8,50.3,42.1,47.7,39.4,44.6,38.4,49.7,49.2,45.9,40.3,49.8,42.4,41.5,34.3,39.7,42.8,42.8,41.5,39.2,34.2,35.9,36.5,30.5
736,44.8,38.9,40.4,50.0,43.3,45.2,45.5,42.0,39.4,38.5,39.8,40.8,40.1,39.2,44.4,39.6,40.7,42.1,39.4,37.8,41.2,39.2,44.1,39.6,45.5,44.6,40.7,42.1,37.2,43.4,41.5,40.2,35.3,34.8,32.2,33.0,51.5,39.7,50.5,44.7,49.5,46.3,44.8,38.8,44.8,44.6,44.0,46.7,55.8,40.2,53.9,49.3,51.7,39.9,35.5,37.5,36.3,38.9,40.7,36.5,42.3,39.6,42.2,48.4,50.6,41.6,47.7,39.3,44.3,38.3,49.7,49.7,45.2,40.2,49.0,42.0,41.0,34.0,39.5,42.9,42.5,41.2,38.8,33.7,36.0,36.5,30.3
737,40.8,35.6,35.9,49.0,41.9,44.1,44.2,40.9,37.7,37.3,38.2,40.0,38.5,38.2,43.0,38.4,39.3,40.2,37.3,36.1,39.9,37.8,42.8,38.4,44.3,43.4,39.5,40.7,36.0,42.0,40.4,38.4,34.1,33.7,31.3,31.9,48.6,36.4,49.8,42.7,48.4,42.3,43.9,37.2,41.1,41.2,42.5,43.6,51.9,39.0,52.4,47.4,50.6,35.8,34.3,35.6,35.1,37.4,40.0,34.5,40.6,39.0,40.2,45.6,49.6,39.5,46.0,38.4,42.9,36.5,48.2,48.9,42.4,38.8,46.1,40.6,39.4,32.8,38.2,42.2,41.5,40.3,37.5,32.5,35.0,35.2,29.1
738,34.9,32.2,31.1,45.2,38.1,41.1,40.6,37.0,35.7,34.8,35.9,38.1,35.7,35.9,39.5,36.2,35.6,38.2,35.1,34.2,36.4,35.6,39.1,35.2,39.5,39.3,37.6,37.2,33.0,39.0,37.7,35.8,30.9,30.9,29.1,29.4,43.0,33.0,46.1,37.8,45.7,36.7,39.5,33.2,36.8,36.6,38.7,39.3,46.2,35.0,48.4,44.5,46.2,31.9,32.5,33.8,33.0,35.0,38.1,32.8,39.4,36.6,38.3,41.0,47.0,37.0,40.9,36.2,39.9,34.1,43.1,45.1,36.7,34.8,41.2,36.2,37.4,31.1,35.2,37.8,37.2,36.6,34.4,31.2,32.0,32.7,26.6
739,31.6,30.2,28.9,40.4,35.6,38.5,37.9,34.0,34.4,33.3,34.7,36.3,34.3,34.2,37.2,35.1,33.0,37.3,33.9,33.2,33.9,34.1,36.4,33.1,35.3,35.2,36.1,34.8,30.8,36.7,35.2,34.2,28.7,29.0,27.8,27.4,40.0,31.2,41.3,34.9,43.3,34.7,35.2,31.0,34.5,33.3,36.0,37.0,43.3,31.6,44.3,42.6,40.0,30.2,31.7,32.8,31.7,33.7,36.4,32.2,38.7,34.4,37.3,37.9,44.8,35.5,38.8,34.8,38.2,32.7,38.6,39.2,33.6,32.0,38.7,32.8,36.1,30.2,33.4,33.1,34.3,33.3,32.7,30.4,30.0,30.9,24.8
740,29.0,29.3,27.3,37.5,33.7,36.7,36.0,32.1,33.7,32.4,33.8,34.9,33.2,33.1,35.5,34.1,31.2,36.7,32.7,32.2,32.6,32.9,34.9,32.0,33.3,33.5,35.0,33.2,29.6,35.6,33.6,33.6,27.5,27.3,26.6,26.2,38.3,29.9,38.9,32.6,41.5,33.2,33.1,29.9,32.6,31.1,33.7,35.3,40.3,29.8,41.4,40.8,37.2,29.0,30.9,32.0,31.0,32.8,34.9,31.8,38.1,33.2,36.4,35.7,43.0,34.5,37.2,33.7,37.1,31.6,36.4,36.3,31.6,30.6,36.8,31.2,35.1,29.5,32.2,31.1,32.5,31.0,32.4,29.4,28.2,29.5,23.8
741,27.6,28.7,26.5,34.9,32.7,35.5,34.7,30.6,32.9,31.7,32.9,33.8,32.4,32.2,34.5,33.2,30.1,36.1,32.1,31.7,31.7,32.2,34.0,31.1,31.9,32.2,34.1,32.0,28.7,34.9,32.5,32.8,26.5,26.2,25.8,25.2,36.7,29.0,36.9,31.0,39.8,31.9,31.4,29.4,31.1,30.2,32.0,33.6,38.5,28.6,39.2,39.3,35.2,28.0,30.7,31.4,30.3,32.4,34.1,31.2,37.8,32.3,35.9,34.0,41.6,33.5,36.2,32.9,36.0,31.0,35.0,34.4,30.0,29.6,35.5,29.8,34.4,28.8,31.3,29.7,31.2,29.3,32.2,28.7,27.1,28.6,22.9
742,26.4,28.1,25.9,33.0,31.7,34.5,33.8,29.9,32.2,31.0,32.3,32.8,31.8,31.4,33.7,32.6,29.2,35.7,31.3,31.1,30.7,31.5,33.3,30.2,31.1,31.4,33.2,31.2,28.0,34.0,31.5,32.1,25.9,25.3,25.1,24.7,35.4,28.4,35.6,30.1,38.5,31.2,30.2,28.5,29.6,29.5,30.3,32.5,36.6,27.4,37.3,37.8,34.1,27.1,30.1,30.9,29.8,31.9,33.4,30.8,37.2,31.5,35.3,32.6,40.5,32.6,35.3,32.3,35.1,30.2,33.9,32.5,28.3,28.5,34.0,28.4,33.8,28.2,30.8,28.7,30.1,27.9,31.6,28.0,26.5,27.7,22.4
743,25.4,27.3,25.2,31.9,30.7,33.9,32.7,29.1,31.6,30.3,31.9,32.0,31.2,30.6,32.9,32.1,28.7,35.2,30.7,30.8,29.8,30.8,32.6,29.6,30.2,30.6,32.4,30.5,27.3,33.3,30.6,31.5,25.2,24.8,24.4,23.8,34.4,27.6,34.4,29.2,37.1,30.8,28.8,27.9,28.4,29.0,29.2,31.3,35.3,26.5,35.8,36.4,32.6,26.1,29.6,30.6,29.6,31.4,33.0,30.5,36.8,31.0,34.9,31.3,39.6,32.2,34.4,31.6,34.4,29.8,32.7,31.0,26.9,27.8,33.1,27.5,33.2,27.7,30.1,28.2,29.2,26.8,31.5,27.4,25.7,26.9,21.9
744,24.0,26.9,24.4,30.8,29.9,32.9,31.9,28.4,31.0,29.6,31.4,31.3,30.5,30.1,32.2,31.6,27.8,34.9,30.2,30.4,29.3,30.2,32.0,28.6,29.6,29.7,31.9,29.9,26.5,32.5,29.8,31.0,24.7,24.1,23.5,23.0,33.2,27.0,33.1,28.7,36.0,30.1,27.8,27.2,27.5,28.1,28.1,30.5,34.1,25.9,34.5,35.3,31.3,25.5,29.3,30.2,29.0,30.9,32.6,30.2,36.3,30.5,34.5,30.3,38.9,31.7,33.5,31.0,33.7,29.3,31.5,30.0,25.9,27.3,31.9,26.7,32.5,27.2,29.4,27.5,28.4,25.8,31.1,26.8,25.1,26.0,21.3
745,23.2,26.5,23.8,29.8,29.4,32.2,31.2,27.7,30.3,28.9,30.8,30.5,29.7,29.5,31.4,31.1,27.3,34.5,29.6,29.8,28.4,29.5,31.5,27.8,28.9,29.1,31.1,29.2,26.1,32.0,29.2,30.4,23.9,23.6,23.0,22.2,32.3,26.5,32.0,27.8,34.9,29.9,27.0,26.9,26.4,27.4,27.2,29.7,33.1,24.9,33.6,34.0,30.0,24.6,29.1,29.9,28.7,30.4,32.1,29.9,36.0,30.0,34.1,29.4,38.2,31.0,32.9,30.3,33.1,28.7,30.1,28.9,24.8,26.6,30.9,26.0,32.0,26.8,28.8,26.8,27.9,25.0,30.7,26.2,24.6,25.5,21.0
746,22.5,25.7,23.0,29.1,28.5,31.5,30.5,27.2,29.7,28.1,30.3,30.0,29.2,28.9,30.9,30.5,26.8,34.1,29.2,29.4,28.0,28.6,30.8,27.0,28.4,28.7,30.6,28.7,25.4,31.5,28.5,29.8,23.3,23.1,22.5,21.6,31.5,26.4,31.1,27.0,33.7,29.7,26.6,26.2,25.6,26.9,26.3,28.8,32.2,24.7,32.6,33.2,28.9,24.3,28.7,29.7,28.4,30.1,31.6,29.6,35.7,29.7,33.9,28.5,37.7,30.5,32.6,29.7,32.4,28.1,29.0,27.9,24.2,25.9,30.3,25.3,31.6,26.5,28.2,26.3,27.1,24.4,30.3,25.8,23.9,24.8,20.7
747,21.8,25.4,22.4,28.6,27.9,30.9,29.9,26.4,29.2,27.8,29.8,29.7,28.9,28.3,30.3,30.0,26.4,33.9,28.9,29.1,27.5,28.3,30.2,26.4,27.6,28.0,30.1,28.2,25.1,31.1,28.0,29.3,22.9,22.6,22.0,21.1,30.7,25.8,30.5,26.7,32.9,29.4,26.0,25.7,24.9,26.2,25.7,28.1,31.6,24.5,32.0,32.3,27.9,23.8,28.2,29.5,28.1,29.7,31.2,29.4,35.5,29.3,33.7,27.7,37.2,30.2,31.8,29.2,31.9,27.9,28.0,27.4,23.2,25.7,29.7,24.6,31.3,26.2,27.8,25.8,26.4,23.7,30.0,25.2,23.3,24.2,20.1
748,21.5,25.2,22.3,28.2,27.4,30.2,29.3,25.8,28.6,27.3,29.4,28.9,28.7,28.0,29.6,29.5,26.0,33.5,28.5,28.7,27.2,27.8,29.7,25.9,27.0,27.3,29.5,27.6,24.6,30.6,27.5,29.1,22.5,22.2,21.3,20.6,30.3,25.7,30.0,26.0,31.9,29.1,25.3,25.2,24.5,25.5,25.1,27.5,30.8,23.8,31.4,31.5,27.0,23.3,27.9,29.3,27.8,29.2,31.0,29.1,35.3,29.1,33.4,26.9,36.7,30.0,31.3,28.7,31.4,27.3,26.6,26.8,22.7,25.3,29.1,24.0,31.0,25.8,27.2,25.3,25.8,23.1,29.8,24.8,22.8,23.6,19.5
749,20.8,24.8,22.0,27.8,26.9,29.6,28.5,25.1,28.2,26.9,29.1,28.6,28.2,27.5,28.9,29.0,25.6,33.4,28.1,28.4,26.7,27.6,29.1,25.3,26.5,26.7,29.0,27.3,24.1,30.4,26.8,28.8,22.1,21.6,21.0,20.2,29.9,25.5,29.6,25.3,31.1,28.7,24.6,24.8,23.7,25.3,24.4,27.0,30.2,23.4,30.8,31.0,26.1,22.9,27.7,29.1,27.4,29.2,30.8,29.0,35.1,28.8,33.1,26.5,36.4,29.7,30.9,28.2,30.9,26.8,25.8,26.4,22.3,24.9,28.6,23.5,30.6,25.6,26.8,24.9,25.4,22.5,29.8,24.4,22.4,23.2,19.2
750,20.4,24.8,21.7,27.3,26.3,29.0,28.2,24.8,27.8,26.3,28.8,28.2,28.0,27.1,28.4,28.8,25.1,33.1,27.9,28.2,26.0,27.0,28.9,24.8,26.2,26.2,28.4,26.8,23.7,30.1,26.2,28.4,21.9,21.1,20.6,20.0,29.5,25.0,28.9,24.8,30.5,28.7,23.9,24.5,23.3,24.9,24.0,26.3,29.7,22.8,30.1,30.4,25.5,22.6,27.3,28.8,27.3,29.1,30.5,28.7,34.8,28.5,33.2,26.0,36.2,29.5,30.5,27.7,30.5,26.5,25.2,25.9,21.8,24.5,28.2,23.1,30.2,25.3,26.7,24.1,24.7,22.0,29.5,24.0,22.1,22.8,18.9
751,20.0,24.6,21.6,26.9,25.9,28.7,27.8,24.4,27.4,25.8,28.4,27.9,27.6,26.6,27.7,28.4,24.7,33.1,27.5,28.0,25.7,26.8,28.7,24.5,25.6,25.8,28.2,26.3,23.3,29.7,26.0,28.2,21.6,20.7,20.4,19.7,29.3,25.0,28.4,24.3,30.0,28.3,23.0,24.2,23.1,24.3,23.6,26.0,29.4,22.1,29.7,30.3,25.0,22.3,27.3,28.7,27.1,28.9,30.2,28.4,34.5,28.3,33.0,25.5,36.0,29.3,30.2,27.3,30.2,26.5,24.3,25.5,21.3,24.4,27.7,22.8,29.9,25.2,26.2,23.7,24.5,21.5,29.3,23.9,22.1,22.5,18.5
752,23.2,26.2,24.6,26.6,25.9,28.5,27.9,24.4,27.8,26.0,29.0,28.1,28.4,26.6,27.9,28.7,25.0,33.5,28.4,29.2,25.9,27.0,28.7,24.3,25.2,26.1,28.1,26.1,23.6,30.1,25.9,28.8,21.5,20.8,20.3,19.7,32.2,26.5,28.2,26.6,31.1,32.1,22.7,24.4,25.2,27.0,24.9,29.2,33.9,22.0,30.1,31.4,26.2,24.2,27.1,29.0,27.0,29.2,30.2,28.6,34.8,28.1,33.2,27.6,35.9,29.8,30.4,27.2,31.2,27.3,25.5,25.4,24.2,24.8,30.6,22.8,31.0,25.5,26.2,23.4,24.3,21.2,28.9,24.7,21.8,22.4,18.3
753,28.5,30.4,30.4,30.1,28.7,30.8,31.0,27.6,30.0,28.0,31.0,30.0,30.8,28.5,30.6,30.5,28.2,35.6,30.6,31.2,28.8,29.2,31.5,26.5,28.3,29.4,29.9,28.8,26.0,32.9,28.4,31.0,23.2,23.0,21.7,21.7,37.2,30.9,31.8,31.4,34.5,37.4,25.8,27.5,29.3,32.6,28.4,34.6,41.2,25.4,36.1,34.7,31.8,28.4,27.9,30.7,28.6,30.6,30.9,30.4,36.2,28.9,35.1,33.3,37.5,32.4,33.8,28.8,33.8,29.4,31.6,29.0,29.8,28.3,35.9,27.4,33.1,27.3,28.5,26.0,26.8,23.4,30.4,26.6,23.5,24.5,20.2
754,33.6,34.2,35.2,35.8,32.2,34.1,34.4,31.1,32.6,30.4,33.1,32.6,33.1,30.8,33.9,32.6,31.3,37.6,32.9,33.2,31.8,31.6,34.5,29.2,32.6,33.1,32.1,32.3,28.5,35.7,31.6,33.3,26.1,25.8,24.0,24.4,41.9,34.7,36.8,35.2,38.2,41.2,30.7,30.7,34.0,37.4,32.1,38.2,46.8,29.2,41.7,38.4,37.2,32.5,29.6,32.8,30.8,33.0,33.0,32.4,37.9,31.2,37.2,38.6,39.8,35.0,37.2,31.1,36.5,31.6,36.9,35.7,35.1,31.9,40.4,31.4,35.2,29.2,30.9,30.4,30.6,27.1,32.9,28.5,26.3,27.1,22.7
755,38.0,37.3,38.0,40.6,35.5,37.2,37.6,34.6,34.9,32.8,35.1,35.1,35.5,33.3,37.1,34.5,34.3,39.5,35.3,34.9,34.7,33.7,37.4,32.1,36.7,36.8,34.6,35.4,30.8,38.3,34.6,35.4,29.0,28.6,26.1,27.0,45.5,37.8,41.1,38.7,41.6,43.6,35.5,33.4,38.4,40.8,36.2,41.3,50.4,32.8,45.8,42.1,41.9,36.1,31.8,34.7,33.3,35.3,35.0,34.2,39.6,33.5,39.1,42.7,42.3,37.2,40.4,33.5,39.0,33.7,41.8,41.2,39.5,34.8,44.1,35.4,37.2,31.1,33.6,34.4,34.2,31.4,35.0,30.4,29.4,29.8,25.0
756,41.6,39.2,40.0,44.5,38.4,39.9,40.3,37.1,36.6,34.9,37.0,37.1,37.3,35.3,39.6,36.3,36.6,41.0,37.1,36.3,37.1,35.6,39.7,34.7,40.1,39.7,36.7,38.0,33.2,40.3,36.9,37.3,31.4,30.8,28.1,29.3,48.5,40.0,44.5,41.4,44.4,45.6,39.3,35.8,41.4,43.1,39.4,44.0,53.4,36.0,49.2,45.3,45.8,38.6,33.8,36.3,35.0,37.3,37.2,35.4,41.2,35.7,40.5,45.5,44.6,39.3,43.1,35.7,41.2,35.4,45.7,44.7,42.3,37.1,46.7,38.5,38.9,32.5,35.7,37.8,37.3,35.4,36.7,32.1,31.7,32.2,26.7
757,44.0,40.3,41.0,47.1,40.5,42.0,42.4,39.3,37.9,36.6,38.4,38.6,38.9,37.0,41.7,37.8,38.5,42.0,38.4,37.3,38.9,37.2,41.8,36.5,42.5,41.8,38.5,39.8,35.0,42.0,38.9,38.8,33.2,32.6,29.8,30.9,50.6,41.3,47.5,43.2,46.7,46.9,41.9,37.6,43.5,45.0,41.8,46.1,55.3,38.1,51.7,47.8,48.8,40.3,35.2,37.7,36.2,38.6,38.9,36.5,42.3,37.5,41.9,47.4,47.0,40.9,45.3,37.3,42.9,36.9,48.1,47.0,44.2,38.8,48.6,40.8,40.1,33.5,37.6,40.2,39.8,38.2,37.9,33.2,33.5,34.0,28.3
758,43.8,40.7,41.4,48.7,42.2,43.7,44.1,40.9,39.0,37.8,39.4,39.6,39.8,38.2,43.2,38.9,39.9,42.7,39.2,38.0,40.2,38.4,43.2,38.0,44.2,43.3,39.7,41.2,36.4,43.0,40.3,39.9,34.6,33.9,31.0,32.3,52.0,41.6,49.2,44.7,48.4,47.6,43.7,38.9,44.8,45.8,43.6,47.3,56.4,39.8,53.4,49.3,50.8,40.9,36.2,38.3,36.9,39.6,40.2,37.0,43.0,38.9,42.8,48.7,49.0,41.8,47.0,38.4,44.0,37.7,49.7,48.6,45.1,40.0,49.8,42.2,40.9,34.0,38.7,41.9,41.5,40.0,39.0,33.9,34.9,35.5,29.5
759,43.9,40.5,41.6,49.6,42.9,44.5,45.0,41.6,39.4,38.4,39.9,40.5,40.2,38.9,43.9,39.4,40.5,42.7,39.4,38.1,41.2,38.9,44.1,39.1,45.1,44.1,40.5,42.0,37.0,43.4,41.2,40.1,35.2,34.6,31.9,32.8,52.6,41.6,50.5,45.3,49.5,47.6,44.8,39.6,45.2,45.9,44.5,47.7,56.9,40.6,54.4,49.9,52.0,40.8,36.3,38.5,37.1,39.8,41.0,37.3,43.1,39.8,42.9,49.2,50.4,42.3,47.9,39.1,44.5,38.1,50.2,49.2,45.9,40.7,50.1,42.8,41.4,34.2,39.4,42.6,42.6,41.2,39.4,34.0,35.6,36.2,30.1
760,44.8,38.9,40.3,50.0,43.0,44.9,45.2,41.7,39.1,38.3,39.5,40.6,39.8,38.9,44.1,39.3,40.5,42.1,39.2,37.7,40.9,38.8,43.9,39.2,45.2,44.4,40.5,41.9,37.0,43.2,41.3,40.0,35.1,34.4,31.8,32.7,51.8,39.8,50.5,45.0,49.9,46.4,44.6,39.3,44.6,44.6,44.5,46.9,56.1,40.8,54.3,49.5,52.3,39.7,35.9,37.8,36.8,39.4,41.1,36.8,42.4,40.1,42.4,48.7,50.8,41.8,47.9,39.1,44.2,38.1,50.3,49.6,45.2,40.7,49.4,42.5,40.8,33.8,39.2,42.6,42.3,40.9,39.0,33.5,35.7,36.2,30.0
761,40.9,35.7,35.9,48.9,41.8,43.8,44.0,40.6,37.5,37.0,38.0,39.7,38.3,38.0,42.8,38.2,39.1,40.3,37.1,36.0,39.7,37.5,42.5,38.1,44.0,43.2,39.2,40.5,35.8,41.9,40.2,38.3,33.9,33.3,30.9,31.6,48.9,36.3,49.8,43.0,48.9,42.4,43.7,37.7,41.0,41.3,43.0,43.9,52.3,39.6,52.8,47.7,51.1,35.7,34.8,35.9,35.6,37.9,40.4,34.9,40.7,39.4,40.4,46.0,49.7,39.7,46.1,38.1,42.9,36.5,48.8,49.1,42.4,39.4,46.5,41.1,39.2,32.6,38.0,42.0,41.4,40.1,37.7,32.4,34.8,34.9,28.8
762,35.0,32.3,31.2,45.2,38.0,40.9,40.4,36.8,35.5,34.6,35.8,37.9,35.6,35.7,39.4,36.0,35.5,38.4,35.0,34.1,36.2,35.2,38.9,34.9,39.4,39.1,37.4,37.0,32.8,38.9,37.5,35.6,30.7,30.6,28.7,29.1,43.1,33.0,46.2,38.1,46.2,36.8,39.5,33.7,36.7,36.6,39.2,39.5,46.5,35.6,48.8,44.7,46.9,31.7,33.0,34.1,33.4,35.6,38.5,33.0,39.6,37.0,38.5,41.4,47.2,37.2,41.2,35.9,39.9,34.1,43.7,45.4,36.7,35.3,41.6,36.7,37.3,31.0,34.9,37.7,37.1,36.4,34.6,31.1,31.8,32.4,26.2
763,31.8,30.4,28.9,40.4,35.4,38.3,37.8,33.8,34.3,33.1,34.6,36.1,34.2,34.0,37.0,34.8,32.8,37.5,33.8,33.2,33.7,33.8,36.2,32.8,35.1,35.1,35.9,34.6,30.5,36.7,35.0,34.1,28.4,28.7,27.3,27.1,40.1,31.3,41.5,35.2,43.7,34.7,35.2,31.4,34.5,33.4,36.5,37.1,43.6,32.1,44.6,42.8,40.5,30.1,32.1,33.0,32.1,34.2,36.8,32.4,38.9,34.8,37.4,38.3,45.1,35.8,39.0,34.5,38.3,32.8,39.2,39.2,33.8,32.4,39.0,33.2,36.0,30.1,33.1,33.0,34.1,33.1,32.9,30.2,29.8,30.6,24.3
764,29.2,29.4,27.2,37.4,33.7,36.6,36.0,31.9,33.6,32.2,33.7,34.8,33.2,32.8,35.4,33.8,31.0,36.7,32.6,32.2,32.3,32.6,34.7,31.7,33.1,33.4,34.8,33.0,29.3,35.5,33.3,33.5,27.3,27.0,26.2,25.8,38.4,30.0,39.0,32.9,41.8,33.2,33.0,30.3,32.6,31.2,34.0,35.4,40.7,30.2,41.8,41.0,37.7,28.8,31.3,32.2,31.4,33.3,35.3,32.0,38.1,33.5,36.4,36.0,43.2,34.9,37.5,33.4,37.2,31.5,36.9,36.3,31.6,31.0,37.2,31.5,35.1,29.4,31.9,31.0,32.4,30.8,32.5,29.3,28.0,29.2,23.3
765,27.7,28.8,26.4,34.8,32.7,35.4,34.6,30.5,32.7,31.5,32.9,33.7,32.3,31.9,34.3,33.0,29.9,36.1,32.0,31.7,31.4,31.9,33.9,30.8,31.8,32.2,33.8,31.8,28.4,34.8,32.3,32.7,26.3,25.9,25.4,24.8,36.8,29.0,37.0,31.2,40.2,31.9,31.4,29.7,31.1,30.2,32.3,33.7,38.8,29.0,39.5,39.5,35.7,27.9,31.1,31.6,30.7,32.8,34.5,31.4,37.8,32.6,35.9,34.4,41.8,33.7,36.4,32.6,36.1,30.9,35.5,34.4,30.1,30.0,35.8,30.1,34.4,28.7,31.0,29.6,31.1,29.2,32.4,28.5,26.9,28.3,22.4
766,26.3,28.1,25.8,33.0,31.6,34.4,33.7,29.8,32.1,30.7,32.2,32.7,31.8,31.1,33.5,32.4,29.1,35.7,31.2,31.1,30.6,31.2,33.2,30.0,31.0,31.3,32.9,31.1,27.6,33.9,31.4,32.0,25.6,25.0,24.7,24.3,35.6,28.4,35.5,30.3,38.8,31.2,30.1,28.9,29.6,29.6,30.6,32.5,36.9,27.8,37.5,38.1,34.6,27.0,30.4,31.1,30.1,32.3,33.8,31.1,37.3,31.8,35.4,32.9,40.8,33.0,35.5,32.0,35.2,30.2,34.4,32.6,28.4,28.9,34.4,28.8,33.7,28.1,30.5,28.7,30.1,27.8,31.8,27.8,26.3,27.3,22.0
767,25.3,27.4,25.1,31.7,30.7,33.7,32.6,29.0,31.4,30.0,31.7,31.8,31.2,30.3,32.7,31.8,28.6,35.2,30.7,30.7,29.7,30.4,32.5,29.3,30.1,30.5,32.2,30.4,27.1,33.2,30.5,31.3,25.0,24.6,24.0,23.4,34.6,27.7,34.4,29.4,37.3,30.7,28.8,28.3,28.4,29.0,29.5,31.4,35.7,26.9,36.0,36.7,33.1,26.0,30.0,30.8,29.9,31.8,33.3,30.7,36.8,31.3,34.9,31.7,39.9,32.5,34.5,31.3,34.4,29.7,33.2,31.0,27.0,28.1,33.5,27.8,33.1,27.6,29.8,28.1,29.1,26.7,31.7,27.2,25.5,26.6,21.5
768,23.9,26.9,24.3,30.7,29.8,32.7,31.9,28.3,30.8,29.3,31.3,31.1,30.5,29.9,32.0,31.3,27.8,34.9,30.1,30.3,29.1,29.8,31.9,28.3,29.5,29.7,31.6,29.7,26.2,32.3,29.6,30.7,24.5,23.9,23.2,22.7,33.4,27.1,33.1,28.9,36.2,30.1,27.7,27.5,27.6,28.2,28.4,30.6,34.4,26.3,34.8,35.6,31.8,25.4,29.7,30.4,29.3,31.4,33.0,30.4,36.4,30.8,34.5,30.7,39.1,31.9,33.7,30.7,33.7,29.2,32.0,30.0,26.0,27.6,32.3,26.9,32.4,27.1,29.2,27.5,28.4,25.8,31.4,26.6,24.9,25.7,20.9
769,23.1,26.5,23.6,29.6,29.4,32.0,31.1,27.7,30.1,28.6,30.7,30.3,29.7,29.3,31.2,30.8,27.2,34.6,29.4,29.7,28.3,29.2,31.4,27.6,28.8,29.0,30.9,29.1,25.8,31.9,29.1,30.0,23.8,23.4,22.8,22.0,32.5,26.6,32.1,28.1,35.1,29.9,26.9,27.3,26.5,27.5,27.5,29.8,33.5,25.2,33.8,34.3,30.5,24.6,29.4,30.1,29.0,30.8,32.5,30.1,36.0,30.3,34.1,29.7,38.4,31.2,33.1,30.0,33.1,28.6,30.5,29.0,24.8,26.8,31.3,26.3,31.9,26.7,28.6,26.7,27.9,25.0,30.9,26.0,24.3,25.2,20.6
770,22.5,25.7,23.0,28.9,28.6,31.3,30.4,27.1,29.5,27.8,30.1,29.9,29.1,28.7,30.7,30.3,26.7,34.1,29.1,29.3,27.9,28.4,30.7,26.8,28.3,28.7,30.3,28.6,25.1,31.4,28.4,29.6,23.2,22.9,22.2,21.4,31.6,26.4,31.2,27.2,34.0,29.7,26.4,26.5,25.6,27.0,26.6,29.0,32.5,25.1,32.8,33.5,29.4,24.3,29.0,29.9,28.8,30.4,32.0,29.8,35.7,30.1,33.9,28.8,37.7,30.7,32.7,29.4,32.4,28.0,29.2,28.0,24.3,26.2,30.7,25.6,31.5,26.3,28.0,26.3,27.1,24.3,30.6,25.6,23.7,24.5,20.3
771,21.8,25.4,22.4,28.4,27.9,30.7,29.8,26.5,29.0,27.5,29.7,29.5,28.7,28.1,30.0,29.7,26.3,34.0,28.7,29.0,27.4,28.1,30.1,26.2,27.5,28.0,29.8,28.1,24.7,30.9,27.9,29.1,22.8,22.5,21.7,20.8,30.9,25.9,30.5,26.9,33.1,29.4,25.8,26.0,24.9,26.3,26.0,28.3,31.9,24.8,32.2,32.7,28.3,23.7,28.6,29.6,28.4,30.0,31.6,29.5,35.6,29.6,33.8,28.0,37.2,30.4,31.9,29.0,31.8,27.7,28.3,27.4,23.4,25.9,30.0,25.0,31.2,26.0,27.6,25.8,26.3,23.7,30.3,25.0,23.2,23.9,19.7
772,21.6,25.1,22.2,28.1,27.4,30.1,29.3,25.8,28.4,26.9,29.2,28.7,28.5,27.8,29.4,29.2,25.8,33.5,28.3,28.7,27.1,27.6,29.6,25.7,26.8,27.3,29.3,27.6,24.2,30.5,27.5,28.7,22.4,22.1,21.0,20.3,30.4,25.7,30.0,26.3,32.2,29.1,25.1,25.4,24.5,25.6,25.4,27.7,31.0,24.0,31.5,31.8,27.4,23.2,28.3,29.4,28.2,29.6,31.4,29.3,35.3,29.5,33.5,27.2,36.7,30.1,31.4,28.4,31.2,27.1,26.9,26.9,22.9,25.4,29.4,24.2,30.9,25.6,27.1,25.4,25.7,23.0,30.2,24.6,22.7,23.3,19.2
773,20.9,24.7,21.8,27.7,26.8,29.5,28.5,25.2,28.0,26.7,28.8,28.4,28.0,27.3,28.8,28.8,25.5,33.4,28.0,28.4,26.6,27.4,29.0,25.1,26.4,26.7,28.8,27.2,23.8,30.3,26.7,28.4,22.0,21.5,20.7,20.0,30.0,25.4,29.6,25.5,31.3,28.8,24.5,25.0,23.7,25.5,24.7,27.2,30.4,23.6,30.9,31.3,26.4,22.8,28.1,29.1,27.8,29.6,31.1,29.1,35.2,29.2,33.2,26.8,36.5,29.9,31.0,28.0,30.7,26.6,26.2,26.5,22.4,25.0,28.9,23.8,30.5,25.4,26.7,24.9,25.4,22.5,30.1,24.2,22.4,23.0,18.9
774,20.4,24.8,21.6,27.3,26.2,28.9,28.2,24.8,27.6,26.1,28.6,28.0,27.7,26.9,28.3,28.6,25.1,33.1,27.7,28.1,26.0,26.8,28.8,24.7,25.9,26.1,28.3,26.8,23.4,30.0,26.2,28.0,21.8,21.0,20.3,19.8,29.7,25.0,29.0,25.0,30.8,28.7,23.8,24.7,23.4,25.1,24.3,26.5,29.9,23.1,30.3,30.7,25.8,22.4,27.6,28.8,27.7,29.5,30.9,28.8,34.8,28.8,33.2,26.3,36.3,29.6,30.6,27.5,30.2,26.3,25.4,25.8,22.0,24.7,28.5,23.4,30.0,25.0,26.5,24.1,24.7,22.0,29.8,23.8,22.0,22.6,18.7
775,19.9,24.6,21.5,26.9,25.9,28.6,27.8,24.5,27.2,25.6,28.2,27.7,27.4,26.4,27.7,28.2,24.8,33.1,27.3,28.0,25.7,26.6,28.6,24.4,25.4,25.7,28.0,26.2,23.1,29.6,26.0,27.8,21.5,20.8,20.3,19.5,29.3,24.9,28.4,24.5,30.1,28.3,23.0,24.4,23.1,24.7,23.9,26.2,29.6,22.4,29.8,30.6,25.3,22.1,27.6,28.8,27.5,29.3,30.7,28.5,34.5,28.6,33.1,25.8,36.1,29.4,30.2,27.1,30.0,26.2,24.7,25.5,21.5,24.6,28.0,23.2,29.7,24.8,26.1,23.7,24.4,21.4,29.7,23.6,22.0,22.3,18.3
776,23.3,26.1,24.6,26.6,25.8,28.5,28.0,24.5,27.7,25.8,28.8,27.9,28.2,26.5,27.8,28.4,25.0,33.7,28.2,29.1,26.0,26.7,28.7,24.2,25.0,26.1,28.0,26.1,23.4,30.1,25.9,28.4,21.4,20.8,20.1,19.5,32.4,26.5,28.2,26.8,31.2,32.3,22.6,24.6,25.2,27.2,25.2,29.5,34.1,22.2,30.2,31.7,26.6,24.0,27.4,29.1,27.4,29.6,30.6,28.7,34.8,28.5,33.3,28.1,36.0,30.0,30.5,27.1,31.0,27.0,25.8,25.5,24.4,25.0,31.1,23.2,30.8,25.3,26.1,23.4,24.2,21.1,29.2,24.4,21.7,22.3,18.3
777,28.5,30.4,30.3,30.0,28.6,30.7,30.9,27.6,29.8,27.8,30.8,29.9,30.6,28.3,30.5,30.2,28.1,35.8,30.4,31.1,28.7,29.0,31.4,26.3,28.1,29.3,29.7,28.8,25.7,32.8,28.4,30.6,23.1,23.0,21.6,21.6,37.5,30.8,31.9,31.6,34.8,37.5,25.7,27.8,29.3,32.6,28.8,34.8,41.4,25.8,36.4,35.1,32.3,28.1,28.3,30.8,29.1,31.1,31.2,30.6,36.3,29.3,35.3,33.8,37.6,32.6,34.0,28.6,33.7,29.2,32.0,29.2,30.0,28.6,36.4,27.8,33.0,27.1,28.3,25.9,26.7,23.3,30.7,26.3,23.3,24.4,20.2
778,33.5,34.1,34.9,35.7,32.0,33.9,34.2,31.0,32.4,30.1,32.9,32.5,33.0,30.5,33.7,32.4,31.1,37.8,32.7,33.1,31.6,31.3,34.4,28.9,32.4,33.0,31.9,32.1,28.2,35.6,31.5,33.0,25.9,25.7,23.8,24.3,42.1,34.5,36.8,35.5,38.6,41.1,30.5,31.0,34.0,37.5,32.6,38.4,47.0,29.6,42.0,38.7,37.7,32.2,30.0,33.0,31.3,33.6,33.4,32.7,38.0,31.7,37.5,39.0,39.9,35.2,37.4,30.8,36.4,31.4,37.3,35.8,35.2,32.2,40.8,31.8,35.0,29.2,30.7,30.2,30.4,26.9,33.1,28.2,26.1,26.9,22.6
779,37.9,37.2,37.7,40.4,35.2,37.0,37.3,34.3,34.8,32.5,35.0,35.0,35.4,32.9,36.8,34.2,34.1,39.6,35.1,34.8,34.4,33.4,37.3,31.8,36.4,36.5,34.3,35.1,30.5,38.1,34.4,35.2,28.6,28.3,25.9,26.8,45.7,37.6,41.0,39.0,42.0,43.5,35.2,33.6,38.3,40.9,36.7,41.4,50.7,33.2,46.1,42.4,42.4,35.6,32.1,35.0,33.7,35.8,35.4,34.4,39.7,33.9,39.4,43.1,42.4,37.5,40.7,33.2,38.9,33.4,42.2,41.1,39.5,35.2,44.5,35.8,37.1,30.9,33.3,34.1,33.9,31.2,35.2,30.1,29.0,29.6,24.8
780,41.6,39.0,39.7,44.3,38.1,39.5,39.9,36.9,36.5,34.6,36.9,37.0,37.2,35.0,39.3,36.0,36.4,41.2,37.0,36.2,36.8,35.2,39.6,34.4,39.6,39.3,36.4,37.7,33.0,40.1,36.7,37.2,31.0,30.4,27.8,28.9,48.8,39.7,44.4,41.7,44.8,45.5,38.9,36.1,41.3,43.1,40.0,44.1,53.6,36.4,49.5,45.6,46.3,38.1,34.0,36.6,35.4,37.7,37.6,35.7,41.3,36.1,40.7,45.8,44.9,39.6,43.3,35.3,41.0,35.2,46.2,44.6,42.2,37.5,47.0,38.9,38.8,32.4,35.5,37.4,36.9,35.1,36.9,31.8,31.3,32.0,26.5
781,43.9,40.1,40.8,46.9,40.1,41.7,42.0,39.1,37.7,36.4,38.3,38.4,38.8,36.8,41.4,37.5,38.3,42.1,38.4,37.3,38.7,36.9,41.7,36.2,42.0,41.4,38.3,39.5,34.8,41.9,38.7,38.6,32.9,32.3,29.4,30.6,50.7,41.0,47.3,43.5,47.1,46.9,41.5,37.9,43.4,44.9,42.3,46.2,55.5,38.4,52.0,48.0,49.3,39.8,35.5,37.9,36.7,39.0,39.3,36.7,42.4,38.0,42.2,47.8,47.3,41.2,45.6,37.0,42.7,36.7,48.6,46.8,44.0,39.3,48.8,41.2,40.0,33.3,37.3,39.7,39.4,37.8,38.1,32.9,33.1,33.7,28.0
782,43.7,40.4,41.1,48.5,41.8,43.4,43.7,40.5,38.8,37.6,39.4,39.4,39.7,38.0,42.8,38.6,39.7,42.8,39.2,38.0,40.0,38.1,43.1,37.7,43.7,42.8,39.5,40.9,36.2,42.8,40.1,39.7,34.2,33.5,30.6,31.9,52.1,41.4,49.0,45.0,48.8,47.7,43.3,39.3,44.7,45.7,44.1,47.4,56.6,40.3,53.7,49.4,51.3,40.4,36.6,38.6,37.3,40.0,40.6,37.3,43.1,39.3,43.1,49.0,49.3,42.1,47.3,38.1,43.8,37.5,50.1,48.5,44.9,40.5,50.0,42.5,40.8,33.9,38.5,41.4,41.1,39.6,39.2,33.7,34.5,35.2,29.2
783,43.6,40.3,41.4,49.4,42.4,44.1,44.6,41.3,39.2,38.2,39.8,40.2,40.1,38.7,43.5,39.2,40.3,42.9,39.4,38.1,40.9,38.7,43.9,38.8,44.6,43.6,40.3,41.6,36.7,43.3,41.0,39.9,34.8,34.3,31.4,32.4,52.7,41.3,50.3,45.7,49.9,47.6,44.5,39.9,44.9,45.8,45.0,47.8,57.1,41.1,54.6,49.9,52.5,40.3,36.7,38.8,37.6,40.3,41.4,37.6,43.1,40.2,43.3,49.4,50.8,42.6,48.1,38.9,44.3,38.0,50.7,49.1,45.7,41.2,50.3,43.2,41.3,34.0,39.2,42.0,42.1,40.7,39.6,33.8,35.2,35.8,29.9
784,44.6,38.7,40.0,49.7,42.5,44.5,44.8,41.3,38.9,38.0,39.5,40.3,39.7,38.7,43.6,39.1,40.2,42.4,39.1,37.7,40.6,38.7,43.7,38.8,44.7,43.8,40.2,41.5,36.7,43.2,41.0,39.9,34.6,34.1,31.4,32.3,51.9,39.5,50.3,45.5,50.3,46.4,44.2,39.8,44.3,44.5,45.0,47.0,56.4,41.2,54.5,49.5,52.8,39.3,36.3,38.1,37.2,39.9,41.5,37.1,42.5,40.5,42.7,48.9,51.1,42.1,48.1,38.8,44.0,38.0,50.7,49.6,45.0,41.2,49.6,42.8,40.8,33.6,39.0,42.1,41.8,40.4,39.2,33.3,35.2,35.8,29.7
785,40.8,35.5,35.7,48.6,41.3,43.3,43.6,40.2,37.5,36.8,37.9,39.6,38.2,37.8,42.4,38.0,38.9,40.6,37.1,36.0,39.4,37.3,42.4,37.6,43.5,42.7,39.0,40.1,35.5,41.9,39.9,38.2,33.5,33.0,30.6,31.3,49.0,36.0,49.6,43.4,49.4,42.5,43.3,38.1,40.8,41.2,43.6,44.1,52.7,40.0,53.1,47.6,51.6,35.4,35.2,36.1,36.1,38.4,40.8,35.2,40.8,39.9,40.7,46.3,50.1,40.1,46.4,37.9,42.7,36.3,49.3,49.0,42.3,39.9,46.7,41.4,39.2,32.4,37.8,41.5,40.9,39.6,38.0,32.2,34.3,34.6,28.6
786,35.0,32.1,31.0,45.1,37.6,40.6,40.1,36.6,35.4,34.3,35.7,37.8,35.5,35.5,39.0,35.9,35.3,38.5,34.9,34.1,36.0,35.0,38.9,34.5,39.1,38.8,37.1,36.7,32.6,38.9,37.2,35.6,30.3,30.4,28.4,28.9,43.2,32.6,46.2,38.4,46.6,36.9,39.2,34.0,36.6,36.6,39.7,39.8,46.8,36.1,49.2,44.7,47.4,31.4,33.4,34.3,33.9,36.1,38.9,33.2,39.7,37.5,38.7,41.7,47.5,37.5,41.4,35.6,39.9,33.9,44.2,45.4,36.7,35.7,41.9,37.1,37.3,30.8,34.8,37.4,36.8,36.1,34.9,30.8,31.4,32.0,26.0
787,31.8,30.1,28.7,40.2,35.2,38.0,37.6,33.6,34.3,32.9,34.5,36.0,34.1,33.8,36.6,34.7,32.6,37.5,33.7,33.1,33.4,33.6,36.1,32.4,34.8,34.9,35.6,34.3,30.4,36.7,34.8,34.0,28.1,28.4,27.1,27.0,40.2,31.0,41.4,35.5,44.1,34.7,35.0,31.6,34.4,33.2,36.9,37.4,44.0,32.6,44.8,42.8,41.0,29.6,32.4,33.2,32.5,34.7,37.2,32.6,38.9,35.2,37.6,38.6,45.3,36.1,39.3,34.3,38.3,32.5,39.6,39.3,33.7,32.7,39.2,33.6,36.0,29.9,32.9,32.7,33.8,32.8,33.1,30.0,29.4,30.3,24.2
788,29.3,29.2,27.0,37.3,33.5,36.2,35.8,31.7,33.5,31.9,33.6,34.8,33.1,32.6,35.0,33.7,30.8,36.8,32.5,32.2,32.1,32.5,34.6,31.3,32.9,33.2,34.5,32.7,29.1,35.5,33.1,33.4,27.0,26.8,26.0,25.7,38.5,29.7,38.9,33.3,42.1,33.2,32.9,30.5,32.4,31.1,34.3,35.7,40.9,30.7,42.0,41.1,38.1,28.4,31.6,32.3,31.7,33.9,35.7,32.2,38.2,33.9,36.5,36.4,43.4,35.1,37.7,33.1,37.2,31.3,37.4,36.4,31.5,31.3,37.3,31.9,35.1,29.2,31.6,30.7,32.1,30.5,32.8,29.1,27.7,29.0,23.1
789,27.7,28.7,26.2,34.7,32.5,35.1,34.4,30.3,32.6,31.2,32.8,33.7,32.4,31.7,34.0,32.8,29.6,36.1,32.0,31.6,31.3,31.7,33.7,30.5,31.6,32.0,33.5,31.5,28.3,34.8,32.1,32.6,25.9,25.7,25.1,24.7,37.0,28.8,37.0,31.7,40.5,31.8,31.3,30.0,31.0,30.2,32.5,34.0,39.1,29.5,39.7,39.6,36.1,27.5,31.5,31.8,31.2,33.2,34.9,31.6,37.9,33.0,35.9,34.7,42.0,34.0,36.4,32.4,36.1,30.8,36.0,34.4,30.1,30.2,36.0,30.5,34.3,28.6,30.8,29.3,30.8,28.9,32.5,28.3,26.5,28.0,22.2
790,26.3,28.0,25.6,33.0,31.4,34.1,33.5,29.7,31.9,30.4,32.1,32.7,31.8,30.9,33.1,32.2,29.0,35.7,31.1,31.1,30.4,31.0,33.0,29.6,30.8,31.1,32.7,30.8,27.6,33.9,31.2,31.9,25.2,24.8,24.5,24.1,35.7,28.0,35.5,30.6,39.0,31.0,30.0,29.1,29.6,29.7,30.8,32.8,37.4,28.3,37.8,38.1,35.0,26.6,30.7,31.2,30.6,32.7,34.2,31.3,37.4,32.2,35.3,33.2,40.9,33.1,35.5,31.7,35.3,30.1,34.8,32.6,28.6,29.1,34.5,29.2,33.7,28.0,30.3,28.4,29.8,27.5,32.0,27.6,25.9,27.1,21.8
791,25.3,27.2,24.9,31.7,30.3,33.4,32.5,28.8,31.2,29.7,31.7,31.8,31.2,30.1,32.3,31.7,28.4,35.3,30.7,30.7,29.5,30.3,32.3,28.9,29.9,30.3,31.9,30.1,27.0,33.1,30.3,31.3,24.6,24.3,23.8,23.3,34.6,27.4,34.4,29.7,37.6,30.6,28.6,28.5,28.3,29.1,29.7,31.6,36.1,27.4,36.3,36.7,33.6,25.6,30.3,30.9,30.3,32.2,33.7,30.8,36.9,31.7,34.8,32.1,39.9,32.7,34.5,31.0,34.5,29.7,33.6,31.0,27.1,28.3,33.6,28.2,33.2,27.5,29.7,27.7,28.8,26.4,31.8,27.0,25.2,26.4,21.3
792,23.9,26.6,24.0,30.7,29.4,32.4,31.7,28.1,30.6,29.0,31.2,31.0,30.5,29.7,31.6,31.1,27.6,34.9,30.1,30.3,28.9,29.6,31.7,27.9,29.3,29.5,31.3,29.4,26.1,32.2,29.5,30.6,24.1,23.6,22.9,22.5,33.4,26.7,33.1,29.0,36.4,30.1,27.7,27.7,27.5,28.3,28.6,30.8,34.7,26.7,35.0,35.6,32.3,25.0,30.1,30.5,29.8,31.8,33.4,30.6,36.5,31.2,34.4,31.1,39.2,32.2,33.6,30.4,33.8,29.1,32.4,29.9,26.1,27.9,32.5,27.4,32.5,27.0,29.1,27.1,28.1,25.5,31.5,26.4,24.5,25.5,20.6
793,23.2,26.0,23.4,29.7,29.1,31.7,30.9,27.5,30.0,28.3,30.6,30.3,29.7,29.1,30.9,30.6,27.1,34.6,29.4,29.8,28.1,29.1,31.1,27.1,28.5,28.9,30.7,28.8,25.7,31.7,28.9,29.9,23.4,23.1,22.5,21.8,32.5,26.2,32.1,28.3,35.4,29.8,26.8,27.6,26.4,27.5,27.7,30.0,33.9,25.5,34.0,34.3,30.9,24.1,29.8,30.2,29.5,31.3,32.9,30.2,36.1,30.6,34.0,30.0,38.3,31.4,33.0,29.7,33.1,28.6,30.9,28.9,24.9,27.1,31.5,26.7,32.0,26.6,28.5,26.4,27.5,24.6,31.1,26.0,23.9,25.0,20.3
794,22.5,25.3,22.8,28.9,28.3,31.0,30.2,26.9,29.4,27.5,30.1,29.8,29.1,28.5,30.4,30.1,26.6,34.0,29.1,29.3,27.7,28.2,30.5,26.4,28.0,28.5,30.1,28.2,25.0,31.2,28.3,29.4,22.8,22.6,21.8,21.2,31.6,26.1,31.2,27.5,34.2,29.5,26.4,26.7,25.4,27.1,26.8,29.1,32.9,25.4,33.1,33.5,29.8,23.8,29.3,29.8,29.2,31.0,32.3,29.9,35.8,30.3,33.8,29.0,37.7,30.8,32.7,29.1,32.4,27.9,29.6,28.0,24.3,26.4,30.9,26.1,31.5,26.2,27.8,25.9,26.8,23.9,30.7,25.5,23.3,24.3,19.9
795,21.9,25.0,22.2,28.4,27.7,30.4,29.6,26.2,28.9,27.2,29.6,29.4,28.7,27.8,29.7,29.5,26.2,33.9,28.6,29.0,27.3,28.0,29.8,25.8,27.2,27.7,29.6,27.8,24.6,30.7,27.7,28.9,22.4,22.1,21.4,20.6,30.8,25.6,30.5,27.1,33.4,29.3,25.7,26.2,24.8,26.4,26.2,28.4,32.2,25.1,32.5,32.5,28.7,23.2,28.9,29.6,28.8,30.5,31.8,29.6,35.7,29.9,33.7,28.2,37.1,30.5,31.8,28.6,31.7,27.6,28.6,27.4,23.4,26.2,30.0,25.4,31.2,25.9,27.3,25.4,25.9,23.2,30.5,25.0,22.7,23.7,19.4
796,21.6,24.8,22.0,28.0,27.0,29.7,29.0,25.5,28.4,26.7,29.1,28.6,28.4,27.5,29.1,29.0,25.6,33.5,28.3,28.7,26.9,27.4,29.4,25.3,26.6,27.0,29.1,27.3,24.0,30.3,27.3,28.6,21.9,21.7,20.7,20.1,30.4,25.3,30.0,26.5,32.4,29.1,24.9,25.6,24.4,25.9,25.7,27.9,31.4,24.3,31.8,31.8,27.7,22.6,28.6,29.3,28.5,30.2,31.6,29.2,35.4,29.7,33.4,27.3,36.6,30.2,31.2,28.1,31.1,27.0,27.3,26.9,22.8,25.7,29.6,24.6,30.9,25.5,26.8,24.9,25.3,22.6,30.3,24.6,22.3,23.0,18.9
797,20.7,24.4,21.6,27.5,26.4,29.2,28.3,25.0,27.9,26.4,28.7,28.2,27.9,27.0,28.5,28.5,25.5,33.4,27.9,28.4,26.4,27.2,28.8,24.7,26.1,26.4,28.6,27.0,23.6,30.0,26.6,28.1,21.6,21.1,20.3,19.7,30.0,25.1,29.6,25.7,31.4,28.8,24.2,25.2,23.6,25.7,25.0,27.4,30.8,24.0,31.2,31.2,26.7,22.3,28.4,29.1,28.1,30.0,31.3,29.1,35.2,29.3,33.1,26.9,36.3,30.0,30.9,27.7,30.6,26.5,26.5,26.4,22.4,25.3,29.0,24.2,30.4,25.3,26.4,24.4,25.0,22.0,30.2,24.1,21.9,22.7,18.6
798,20.3,24.6,21.5,27.1,25.8,28.6,27.9,24.6,27.5,25.8,28.5,27.8,27.7,26.6,28.0,28.3,24.9,33.1,27.6,28.0,25.7,26.6,28.5,24.2,25.6,25.8,28.0,26.5,23.1,29.7,26.0,27.8,21.4,20.6,19.9,19.4,29.7,24.7,28.9,25.2,31.0,28.7,23.4,24.8,23.3,25.3,24.5,26.7,30.3,23.5,30.5,30.6,26.3,21.9,28.0,28.7,28.0,30.0,31.0,28.9,34.8,29.0,33.0,26.5,36.1,29.7,30.5,27.2,30.1,26.2,25.7,25.7,21.9,25.0,28.6,23.8,30.0,24.9,26.2,23.7,24.3,21.6,29.9,23.8,21.5,22.3,18.2
799,19.8,24.4,21.3,26.7,25.4,28.3,27.4,24.2,27.1,25.3,28.1,27.5,27.4,26.1,27.3,27.9,24.5,33.1,27.3,27.9,25.4,26.4,28.3,23.9,25.0,25.3,27.7,25.9,22.8,29.3,25.7,27.6,21.0,20.3,19.8,19.1,29.2,24.7,28.4,24.6,30.4,28.4,22.6,24.6,22.9,24.8,24.1,26.3,30.0,22.8,30.1,30.5,25.7,21.7,27.9,28.6,27.8,29.8,30.8,28.5,34.5,28.8,32.9,26.0,35.9,29.5,30.1,26.8,29.8,26.1,24.9,25.4,21.4,24.9,28.1,23.6,29.7,24.7,25.8,23.1,24.0,21.0,29.7,23.7,21.5,22.0,17.8
800,23.2,25.9,24.3,26.4,25.4,28.1,27.6,24.1,27.6,25.4,28.7,27.7,28.1,26.2,27.4,28.1,24.7,33.7,28.1,29.0,25.6,26.4,28.4,23.7,24.6,25.7,27.6,25.8,23.1,29.8,25.6,28.2,20.9,20.3,19.7,19.1,32.3,26.3,28.2,27.1,31.5,32.4,22.3,24.8,25.1,27.1,25.6,29.7,34.6,22.7,30.7,31.6,27.1,23.6,27.7,29.1,27.7,30.1,30.6,28.8,34.9,28.6,33.2,28.4,36.0,30.1,30.4,26.7,30.9,26.9,26.2,25.5,24.4,25.4,31.3,23.7,30.7,25.1,25.8,22.9,23.6,20.7,29.2,24.5,21.2,21.9,17.8
801,28.3,30.1,29.8,29.8,28.1,30.3,30.5,27.1,29.7,27.4,30.6,29.7,30.4,27.9,30.0,30.0,27.7,36.0,30.2,30.9,28.2,28.7,31.1,25.8,27.6,28.8,29.4,28.4,25.3,32.4,28.0,30.3,22.7,22.4,21.2,21.2,37.4,30.5,31.8,31.9,35.1,37.4,25.4,28.1,29.1,32.5,29.1,35.1,41.7,26.2,36.9,35.1,32.6,27.6,28.5,30.8,29.5,31.6,31.4,30.7,36.4,29.5,35.4,34.0,37.6,32.9,34.0,28.3,33.4,28.9,32.4,29.3,29.9,29.0,36.6,28.2,32.9,26.9,27.9,25.5,26.2,22.9,30.7,26.5,22.9,23.9,19.8
802,33.2,33.8,34.3,35.3,31.4,33.3,33.6,30.4,32.4,29.7,32.7,32.2,32.7,30.1,33.0,32.1,30.6,38.0,32.5,32.9,31.1,31.0,34.0,28.3,31.7,32.4,31.5,31.5,27.8,35.2,30.9,32.6,25.3,25.1,23.3,23.9,42.0,34.2,36.7,35.8,38.8,40.9,30.1,31.3,33.6,37.4,32.9,38.6,47.3,30.0,42.4,38.7,38.1,31.5,30.2,33.1,31.6,34.0,33.6,32.8,38.1,31.9,37.7,39.2,39.9,35.5,37.5,30.4,36.0,31.1,37.7,35.7,34.8,32.6,40.9,32.2,34.8,28.9,30.2,29.7,29.8,26.4,33.2,28.4,25.5,26.4,22.1
803,37.5,36.9,37.0,39.9,34.6,36.3,36.6,33.7,34.7,32.0,34.7,34.7,35.1,32.5,36.1,33.8,33.5,40.0,34.9,34.6,33.9,33.0,36.8,31.2,35.7,35.8,33.8,34.5,30.0,37.7,33.8,34.9,27.9,27.6,25.4,26.3,45.7,37.4,40.9,39.2,42.3,43.3,34.6,34.0,38.0,40.7,37.1,41.5,50.8,33.5,46.5,42.5,42.9,34.9,32.3,35.2,33.9,36.1,35.8,34.6,39.8,34.3,39.6,43.2,42.5,37.9,40.7,32.7,38.5,33.1,42.7,41.0,39.0,35.5,44.5,36.2,36.8,30.6,32.8,33.5,33.3,30.5,35.3,30.2,28.3,29.0,24.2
804,41.1,38.7,39.1,43.8,37.4,38.8,39.2,36.3,36.3,34.1,36.6,36.7,36.9,34.6,38.6,35.7,35.8,41.5,36.7,36.0,36.2,34.8,39.1,33.7,38.9,38.5,36.0,37.1,32.5,39.6,36.1,36.8,30.3,29.7,27.3,28.4,48.7,39.5,44.2,42.0,45.1,45.3,38.3,36.3,40.9,42.9,40.4,44.2,53.7,36.7,49.8,45.7,46.8,37.4,34.3,36.9,35.7,38.0,38.0,36.0,41.5,36.5,41.1,46.0,45.1,39.9,43.4,34.9,40.6,34.9,46.5,44.4,41.8,37.8,47.1,39.1,38.5,32.1,35.0,36.7,36.3,34.3,37.0,31.9,30.6,31.4,25.8
805,43.4,39.8,40.2,46.4,39.5,41.0,41.3,38.5,37.4,36.0,38.0,38.1,38.5,36.3,40.7,37.1,37.8,42.5,38.1,37.1,38.0,36.5,41.2,35.5,41.4,40.7,37.8,38.9,34.3,41.4,38.1,38.2,32.2,31.5,28.8,30.0,50.7,40.7,47.1,43.8,47.4,46.6,40.9,38.1,43.0,44.6,42.7,46.2,55.6,38.6,52.2,48.0,49.8,39.1,35.7,38.3,36.9,39.3,39.7,37.0,42.6,38.4,42.6,47.9,47.5,41.6,45.5,36.5,42.2,36.4,48.9,46.5,43.5,39.6,48.8,41.4,39.6,33.1,36.8,39.0,38.8,37.0,38.3,33.0,32.4,33.2,27.4
806,43.2,40.1,40.5,48.0,41.2,42.8,43.0,39.9,38.5,37.1,39.1,39.0,39.4,37.5,42.2,38.2,39.2,43.2,38.9,37.8,39.4,37.7,42.6,37.1,43.1,42.2,39.0,40.3,35.7,42.3,39.5,39.2,33.6,32.8,30.0,31.3,52.0,41.1,48.8,45.3,49.1,47.4,42.8,39.5,44.4,45.4,44.5,47.5,56.7,40.4,53.9,49.4,51.8,39.7,36.8,39.0,37.5,40.3,41.0,37.6,43.3,39.7,43.5,49.1,49.5,42.5,47.4,37.6,43.4,37.2,50.3,48.2,44.5,40.9,50.1,42.6,40.5,33.7,38.0,40.7,40.5,38.8,39.3,33.8,33.8,34.6,28.6
807,43.1,40.0,40.9,48.7,41.8,43.5,43.9,40.6,39.0,37.8,39.4,39.8,39.7,38.2,42.8,38.8,39.8,43.3,39.2,38.0,40.3,38.3,43.3,38.1,43.8,43.0,39.8,41.0,36.2,42.8,40.4,39.5,34.0,33.6,30.8,31.8,52.7,41.0,50.0,46.0,50.2,47.3,43.8,40.2,44.5,45.5,45.4,47.9,57.2,41.2,54.8,50.1,52.9,39.6,36.8,39.2,37.8,40.6,41.8,37.9,43.4,40.6,43.7,49.6,50.9,43.1,48.3,38.4,43.9,37.6,50.9,48.6,45.2,41.6,50.4,43.3,41.0,33.8,38.8,41.1,41.5,39.9,39.7,33.9,34.5,35.3,29.3
808,44.2,38.4,39.5,49.2,41.8,43.9,44.1,40.7,38.7,37.6,39.1,39.9,39.4,38.2,43.0,38.7,39.7,42.8,38.8,37.6,40.1,38.2,43.1,38.2,44.1,43.0,39.8,40.9,36.2,42.8,40.4,39.5,34.1,33.6,30.9,31.8,52.0,39.2,50.0,45.8,50.6,46.2,43.6,40.0,43.9,44.3,45.4,47.0,56.5,41.3,54.7,49.6,53.1,38.7,36.5,38.5,37.4,40.2,42.0,37.4,42.7,40.9,43.2,49.0,51.3,42.6,48.3,38.3,43.6,37.6,51.0,49.3,44.5,41.7,49.7,42.9,40.5,33.4,38.6,41.3,41.0,39.7,39.3,33.4,34.6,35.3,29.2
809,40.5,35.4,35.3,48.1,40.7,42.7,42.9,39.7,37.2,36.3,37.6,39.2,37.9,37.3,41.8,37.6,38.4,41.0,36.8,36.0,39.0,36.9,41.9,37.1,43.0,42.1,38.6,39.6,35.1,41.6,39.4,37.8,33.1,32.6,30.1,30.8,49.0,35.8,49.3,43.7,49.7,42.4,42.8,38.4,40.5,41.1,43.9,44.2,52.9,40.1,53.3,47.8,52.0,35.0,35.4,36.5,36.3,38.8,41.3,35.5,41.0,40.2,41.1,46.4,50.3,40.5,46.6,37.4,42.3,36.0,49.5,48.7,41.9,40.4,47.0,41.5,39.0,32.2,37.3,40.8,40.3,39.0,38.1,32.4,33.8,34.1,28.1
810,34.8,32.0,30.7,44.7,37.2,39.9,39.6,36.2,35.2,33.9,35.3,37.4,35.3,35.0,38.5,35.4,35.0,38.8,34.7,34.0,35.6,34.7,38.5,34.1,38.7,38.4,36.7,36.2,32.2,38.6,36.7,35.2,30.0,29.9,28.0,28.5,43.3,32.5,46.0,38.8,46.9,36.8,38.8,34.4,36.4,36.4,40.0,39.8,47.0,36.3,49.5,44.9,47.9,31.1,33.6,34.5,34.1,36.5,39.3,33.4,39.8,37.9,39.0,41.8,47.8,37.7,41.7,35.2,39.5,33.7,44.6,45.3,36.5,36.2,41.9,37.3,37.0,30.6,34.4,36.9,36.4,35.6,35.1,30.9,31.1,31.7,25.7
811,31.8,30.1,28.5,39.9,34.8,37.4,37.2,33.3,34.0,32.5,34.1,35.7,33.9,33.4,36.1,34.3,32.4,37.7,33.4,33.0,33.2,33.2,35.8,32.0,34.4,34.6,35.3,33.9,30.1,36.4,34.5,33.7,27.8,28.0,26.6,26.5,40.2,30.8,41.1,35.8,44.3,34.6,34.7,31.9,34.2,33.1,37.3,37.5,43.9,32.7,45.0,43.0,41.5,29.2,32.7,33.4,32.8,35.0,37.4,32.7,39.0,35.5,37.7,38.7,45.5,36.3,39.5,33.9,38.0,32.2,40.0,39.1,33.6,33.2,39.3,33.8,35.8,29.6,32.5,32.4,33.4,32.4,33.1,30.0,29.0,30.0,23.8
812,29.3,29.3,26.9,37.2,33.2,35.8,35.5,31.5,33.2,31.6,33.2,34.4,32.9,32.3,34.6,33.3,30.7,36.9,32.3,32.1,31.9,32.0,34.3,31.0,32.6,33.1,34.2,32.4,28.7,35.3,32.9,33.0,26.6,26.5,25.6,25.2,38.6,29.6,38.6,33.6,42.4,33.0,32.5,30.8,32.3,31.1,34.6,35.7,41.0,30.8,42.1,41.2,38.5,28.1,31.8,32.5,32.0,34.2,36.0,32.3,38.3,34.1,36.6,36.4,43.7,35.2,37.8,32.8,36.8,31.1,37.8,36.2,31.5,31.6,37.3,32.0,34.8,28.9,31.4,30.5,31.8,30.2,32.8,29.1,27.4,28.6,22.7
813,27.7,28.8,26.1,34.5,32.2,34.8,34.2,30.2,32.3,30.9,32.5,33.4,32.2,31.4,33.6,32.5,29.5,36.2,31.7,31.5,31.1,31.3,33.4,30.1,31.3,32.0,33.3,31.2,28.0,34.5,31.9,32.2,25.6,25.4,24.8,24.3,37.0,28.7,36.8,32.0,40.8,31.8,31.0,30.3,30.9,30.2,32.8,34.0,39.0,29.5,39.8,39.7,36.4,27.1,31.7,31.9,31.3,33.5,35.1,31.7,37.9,33.3,35.9,34.8,42.2,34.1,36.5,32.0,35.7,30.6,36.4,34.2,30.1,30.6,35.9,30.6,34.1,28.3,30.5,29.1,30.6,28.7,32.4,28.4,26.2,27.8,21.9
814,26.3,28.0,25.6,32.8,31.2,33.8,33.4,29.5,31.6,30.2,32.0,32.4,31.6,30.6,32.8,31.9,28.8,35.7,30.9,30.8,30.2,30.6,32.7,29.3,30.4,31.1,32.5,30.5,27.4,33.6,31.0,31.5,24.9,24.6,24.1,23.7,35.7,28.0,35.3,30.9,39.3,31.0,29.7,29.4,29.5,29.7,31.1,32.7,37.4,28.4,38.0,38.2,35.4,26.3,30.9,31.3,30.8,32.9,34.4,31.4,37.5,32.5,35.3,33.3,41.1,33.2,35.6,31.3,34.9,29.9,35.1,32.5,28.7,29.5,34.4,29.4,33.4,27.7,30.0,28.1,29.6,27.4,32.0,27.6,25.6,26.8,21.6
815,25.2,27.2,24.8,31.6,30.2,33.1,32.3,28.7,30.9,29.5,31.5,31.5,31.1,29.9,32.1,31.3,28.2,35.3,30.5,30.5,29.4,29.9,32.1,28.5,29.5,30.2,31.7,29.9,26.7,32.8,30.1,30.9,24.3,24.1,23.5,23.1,34.6,27.3,34.2,30.0,37.9,30.6,28.4,28.8,28.3,29.2,30.0,31.5,36.0,27.5,36.5,36.8,33.9,25.2,30.5,31.0,30.5,32.5,33.9,30.9,36.9,31.9,34.8,32.1,40.1,32.7,34.6,30.7,34.1,29.4,33.8,31.0,27.3,28.7,33.5,28.4,32.9,27.3,29.4,27.4,28.6,26.3,31.9,27.0,24.9,26.1,21.1
816,24.0,26.5,24.0,30.5,29.3,32.2,31.6,28.1,30.4,28.8,31.0,30.8,30.4,29.4,31.3,30.8,27.6,34.9,30.0,30.1,28.7,29.3,31.5,27.4,29.0,29.5,31.2,29.1,25.9,31.9,29.3,30.3,23.8,23.4,22.7,22.3,33.5,26.6,33.0,29.1,36.7,30.0,27.5,28.0,27.4,28.4,28.9,30.7,34.7,26.7,35.2,35.6,32.6,24.6,30.2,30.5,30.0,32.0,33.5,30.6,36.6,31.4,34.4,31.0,39.3,32.1,33.6,30.1,33.5,28.8,32.6,29.9,26.1,28.3,32.4,27.5,32.3,26.8,28.8,26.9,27.9,25.3,31.5,26.4,24.2,25.3,20.5
817,23.2,25.9,23.3,29.5,28.8,31.4,30.8,27.3,29.7,28.2,30.4,30.0,29.6,28.9,30.6,30.3,27.0,34.6,29.3,29.6,28.0,28.7,30.9,26.7,28.3,28.9,30.4,28.6,25.5,31.5,28.8,29.6,23.1,22.9,22.3,21.6,32.6,26.0,31.9,28.5,35.6,29.8,26.8,27.9,26.4,27.6,27.9,29.9,33.8,25.5,34.2,34.2,31.2,23.8,29.9,30.2,29.7,31.6,33.1,30.3,36.3,30.8,34.0,29.9,38.5,31.4,32.9,29.4,32.8,28.3,31.1,28.9,25.0,27.4,31.4,26.8,31.8,26.4,28.3,26.2,27.3,24.5,31.1,25.9,23.6,24.8,20.1
818,22.7,25.2,22.7,28.8,28.1,30.7,30.1,26.8,29.2,27.3,29.8,29.5,29.0,28.3,30.0,29.8,26.6,34.1,29.0,29.1,27.6,28.0,30.3,26.0,27.8,28.4,29.9,28.0,24.8,30.9,28.2,29.1,22.4,22.4,21.7,21.0,31.6,25.9,31.0,27.6,34.4,29.5,26.3,26.9,25.5,27.1,27.0,29.0,32.9,25.4,33.2,33.4,30.0,23.5,29.4,29.9,29.4,31.1,32.5,29.9,36.0,30.5,33.7,29.1,37.8,30.8,32.6,28.8,32.1,27.6,29.7,28.0,24.3,26.8,30.8,26.1,31.3,26.0,27.6,25.7,26.5,23.8,30.7,25.4,23.0,24.1,19.8
819,22.0,24.8,22.0,28.3,27.5,30.1,29.4,26.1,28.7,27.0,29.3,29.2,28.6,27.6,29.4,29.3,26.1,33.9,28.5,28.9,27.1,27.7,29.7,25.5,27.0,27.7,29.4,27.5,24.4,30.5,27.6,28.6,22.0,21.9,21.2,20.5,30.9,25.4,30.3,27.2,33.6,29.3,25.7,26.4,24.8,26.4,26.4,28.3,32.1,25.0,32.6,32.5,28.8,22.9,29.0,29.6,29.0,30.7,32.0,29.7,35.8,30.0,33.5,28.1,37.3,30.5,31.7,28.4,31.4,27.3,28.7,27.4,23.3,26.5,29.9,25.4,31.1,25.7,27.1,25.2,25.7,23.1,30.5,24.8,22.4,23.5,19.3
820,21.6,24.5,21.8,27.9,26.9,29.5,28.9,25.4,28.1,26.5,28.9,28.4,28.2,27.3,28.8,28.8,25.6,33.5,28.1,28.6,26.7,27.3,29.3,24.9,26.4,26.9,28.9,27.0,23.9,30.1,27.2,28.3,21.6,21.5,20.5,20.0,30.4,25.2,29.8,26.5,32.6,29.1,24.9,25.8,24.5,25.8,25.8,27.8,31.3,24.2,31.8,31.7,27.8,22.4,28.7,29.4,28.7,30.4,31.6,29.3,35.5,29.8,33.3,27.2,36.7,30.2,31.2,27.9,30.8,26.7,27.4,27.0,22.7,26.0,29.4,24.6,30.7,25.3,26.6,24.7,25.0,22.4,30.3,24.5,22.0,22.9,18.8
821,20.7,24.3,21.3,27.5,26.2,28.9,28.1,24.8,27.7,26.2,28.5,28.0,27.8,26.8,28.2,28.3,25.5,33.3,27.7,28.3,26.2,27.0,28.6,24.3,25.9,26.4,28.4,26.7,23.4,29.9,26.5,27.9,21.2,20.9,20.1,19.6,30.0,24.9,29.4,25.7,31.7,28.8,24.2,25.4,23.6,25.7,25.1,27.2,30.7,23.9,31.2,31.1,26.8,22.0,28.5,29.1,28.4,30.2,31.4,29.2,35.3,29.5,32.9,26.8,36.5,29.9,30.8,27.5,30.3,26.3,26.6,26.5,22.3,25.6,28.8,24.1,30.3,25.1,26.2,24.1,24.6,21.8,30.2,23.9,21.6,22.5,18.5
822,20.2,24.4,21.2,27.1,25.6,28.4,27.8,24.5,27.3,25.6,28.2,27.6,27.5,26.4,27.7,28.1,24.8,33.1,27.5,27.9,25.6,26.6,28.3,23.8,25.4,25.7,27.9,26.2,23.0,29.6,25.9,27.5,21.1,20.4,19.8,19.4,29.8,24.6,28.8,25.2,31.2,28.6,23.4,25.0,23.3,25.3,24.6,26.6,30.2,23.3,30.5,30.6,26.3,21.5,28.1,28.8,28.1,30.2,31.1,29.0,34.9,29.1,32.8,26.4,36.2,29.7,30.4,27.0,29.9,26.0,25.7,25.8,21.8,25.1,28.5,23.7,29.9,24.7,26.0,23.5,24.0,21.4,29.9,23.6,21.2,22.0,18.0
823,19.8,24.3,21.0,26.6,25.2,28.0,27.3,24.0,27.0,25.0,27.9,27.3,27.2,25.9,27.0,27.7,24.4,33.1,27.1,27.8,25.2,26.3,28.2,23.5,24.8,25.1,27.5,25.6,22.6,29.3,25.6,27.3,20.7,20.2,19.7,19.0,29.3,24.6,28.2,24.7,30.6,28.2,22.5,24.7,22.8,24.8,24.1,26.2,29.9,22.7,30.1,30.4,25.6,21.3,27.9,28.6,28.0,30.1,30.9,28.6,34.6,28.9,32.8,25.8,36.1,29.4,30.0,26.6,29.7,25.9,24.9,25.4,21.3,25.1,28.0,23.5,29.4,24.5,25.5,23.0,23.6,20.8,29.6,23.4,21.1,21.7,17.6
824,23.1,25.7,24.1,26.3,25.2,27.8,27.5,23.9,27.5,25.1,28.6,27.6,28.0,26.0,27.1,28.0,24.6,33.7,28.1,28.9,25.4,26.4,28.3,23.4,24.4,25.5,27.4,25.5,23.0,29.7,25.4,28.1,20.5,20.1,19.6,19.0,32.4,26.2,28.2,27.2,31.8,32.2,22.2,24.9,25.0,27.2,25.6,29.7,34.7,22.6,30.7,31.6,27.1,23.3,27.8,29.1,27.8,30.3,30.7,28.9,35.0,28.7,33.2,28.4,36.2,30.1,30.3,26.5,30.7,26.8,26.3,25.5,24.3,25.6,31.4,23.6,30.7,25.0,25.6,22.7,23.3,20.5,29.3,24.2,20.9,21.6,17.7
825,28.0,30.1,29.4,29.7,27.8,29.9,30.1,26.8,29.6,27.1,30.6,29.6,30.3,27.6,29.6,29.8,27.5,36.1,30.2,30.9,27.9,28.5,30.9,25.4,27.3,28.5,29.1,28.0,25.1,32.3,27.7,30.2,22.3,22.1,21.0,21.1,37.4,30.4,31.8,32.1,35.4,37.2,25.3,28.3,28.8,32.5,29.1,35.1,41.8,26.2,36.9,35.2,32.7,27.3,28.6,31.0,29.7,31.8,31.6,31.0,36.6,29.6,35.4,34.3,37.8,33.1,34.1,28.1,33.3,28.8,32.4,29.3,29.8,29.3,36.7,28.3,32.8,26.8,27.7,25.3,25.9,22.6,30.9,26.2,22.5,23.6,19.6
826,32.9,33.8,34.0,35.0,31.0,32.8,33.2,30.0,32.2,29.4,32.6,32.1,32.6,29.7,32.5,31.8,30.3,38.2,32.5,32.9,30.7,30.8,33.7,27.8,31.3,31.8,31.1,31.0,27.6,35.1,30.6,32.5,24.9,24.8,23.1,23.6,41.9,34.1,36.4,36.0,39.0,40.8,29.8,31.5,33.3,37.2,32.9,38.7,47.3,30.0,42.5,38.9,38.2,31.3,30.4,33.4,31.9,34.2,33.9,33.1,38.3,32.1,37.8,39.5,40.1,35.8,37.6,30.1,35.9,31.0,37.7,35.6,34.7,32.9,41.1,32.2,34.8,28.8,29.9,29.4,29.4,26.1,33.4,28.1,25.1,26.1,21.8
827,37.2,36.8,36.7,39.5,34.1,35.7,36.0,33.1,34.5,31.7,34.8,34.6,35.0,32.1,35.4,33.6,33.2,40.2,34.9,34.6,33.4,32.8,36.4,30.6,35.1,35.2,33.4,34.0,29.8,37.5,33.4,34.7,27.5,27.3,25.2,26.0,45.5,37.2,40.5,39.4,42.4,43.0,34.1,34.2,37.7,40.4,37.1,41.7,50.9,33.6,46.5,42.7,43.0,34.7,32.4,35.5,34.2,36.3,36.2,34.9,40.1,34.5,39.8,43.5,42.8,38.2,41.0,32.4,38.3,33.1,42.6,40.6,38.9,35.9,44.8,36.2,36.8,30.6,32.4,33.1,32.8,30.1,35.6,29.9,27.8,28.6,23.9
828,40.8,38.6,38.8,43.4,36.8,38.1,38.6,35.7,36.1,33.8,36.6,36.5,36.9,34.2,37.9,35.3,35.4,41.8,36.7,36.1,35.8,34.5,38.6,33.1,38.3,37.9,35.6,36.4,32.1,39.3,35.8,36.6,29.9,29.3,27.0,28.1,48.6,39.3,43.9,42.0,45.2,45.0,37.7,36.5,40.6,42.6,40.4,44.4,53.8,36.8,49.9,45.9,46.9,37.1,34.4,37.2,35.9,38.2,38.4,36.3,41.6,36.7,41.4,46.3,45.4,40.4,43.6,34.5,40.3,34.8,46.4,44.0,41.6,38.2,47.4,39.2,38.5,32.1,34.6,36.2,35.8,33.9,37.3,31.6,30.2,31.0,25.6
829,43.1,39.6,39.9,46.0,38.9,40.3,40.7,37.9,37.2,35.6,38.0,37.8,38.4,35.9,40.0,36.7,37.4,42.8,38.1,37.2,37.6,36.1,40.6,35.0,40.7,40.1,37.4,38.3,33.9,40.9,37.7,37.9,31.8,31.1,28.5,29.6,50.3,40.4,46.7,43.8,47.5,46.4,40.3,38.3,42.6,44.3,42.8,46.3,55.8,38.8,52.3,48.2,49.9,38.8,35.9,38.6,37.1,39.5,40.1,37.3,42.9,38.7,42.9,48.1,47.8,42.0,45.8,36.1,41.9,36.4,48.8,46.3,43.4,40.1,49.1,41.5,39.7,33.1,36.4,38.5,38.3,36.6,38.6,32.7,32.0,32.8,27.1
830,42.8,40.1,40.1,47.7,40.6,42.1,42.4,39.3,38.3,36.7,39.1,38.8,39.2,37.0,41.5,37.8,38.7,43.5,38.9,38.0,38.9,37.3,42.0,36.5,42.5,41.5,38.6,39.6,35.3,41.9,39.0,38.9,33.2,32.5,29.7,30.9,51.7,40.9,48.5,45.3,49.2,47.2,42.3,39.8,44.1,45.1,44.6,47.7,56.9,40.6,54.0,49.6,51.8,39.4,36.9,39.3,37.7,40.6,41.4,37.8,43.7,40.0,43.8,49.4,49.8,43.0,47.7,37.2,43.0,37.2,50.3,48.0,44.3,41.3,50.3,42.8,40.5,33.6,37.5,40.2,40.0,38.5,39.7,33.5,33.4,34.2,28.3
831,42.7,39.9,40.6,48.5,41.2,42.8,43.3,40.1,38.7,37.3,39.4,39.6,39.6,37.7,42.2,38.4,39.3,43.6,39.2,38.2,39.8,37.9,42.8,37.6,43.3,42.4,39.4,40.4,35.9,42.5,40.0,39.2,33.6,33.2,30.6,31.6,52.6,40.6,49.7,45.9,50.3,47.2,43.3,40.5,44.1,45.2,45.5,48.1,57.4,41.4,54.9,50.3,52.9,39.5,37.0,39.5,38.0,40.9,42.2,38.2,43.7,40.8,44.0,49.9,51.2,43.5,48.5,37.9,43.5,37.6,51.0,48.4,44.9,42.0,50.7,43.5,40.9,33.7,38.3,40.7,41.1,39.7,40.1,33.7,34.1,34.9,29.0
832,43.8,38.4,39.2,48.9,41.3,43.3,43.5,40.2,38.4,37.2,39.1,39.7,39.2,37.8,42.4,38.3,39.3,43.1,38.8,37.8,39.6,37.9,42.6,37.7,43.6,42.4,39.4,40.3,35.9,42.4,40.0,39.2,33.7,33.3,30.6,31.6,51.9,39.0,49.8,45.8,50.7,46.0,43.2,40.2,43.6,44.1,45.5,47.2,56.7,41.4,54.9,49.9,53.2,38.5,36.7,38.8,37.6,40.5,42.4,37.7,43.0,41.1,43.5,49.3,51.6,43.0,48.6,37.9,43.3,37.5,51.0,49.1,44.2,42.0,50.1,43.0,40.5,33.3,38.1,41.1,40.8,39.4,39.7,33.2,34.2,34.9,28.9
833,40.4,35.4,35.2,48.0,40.3,42.2,42.4,39.3,37.0,36.0,37.6,39.0,37.8,36.8,41.3,37.2,38.0,41.3,36.8,36.1,38.6,36.5,41.4,36.7,42.6,41.5,38.2,39.1,34.8,41.3,39.0,37.6,32.7,32.3,29.8,30.6,49.0,35.7,49.1,43.8,49.7,42.3,42.5,38.7,40.4,41.0,44.0,44.5,53.2,40.3,53.5,48.1,52.1,34.9,35.6,36.8,36.6,39.1,41.7,35.8,41.3,40.5,41.4,46.8,50.6,40.9,46.9,37.0,42.0,36.0,49.6,48.5,41.7,40.7,47.3,41.7,39.0,32.2,36.9,40.5,40.0,38.8,38.5,32.2,33.5,33.8,27.9
834,34.7,32.0,30.6,44.6,36.9,39.6,39.2,35.8,34.9,33.5,35.4,37.1,35.2,34.7,38.0,35.1,34.7,39.0,34.8,34.1,35.3,34.4,38.1,33.8,38.5,38.0,36.4,35.9,31.9,38.4,36.3,35.0,29.7,29.7,27.8,28.3,43.3,32.5,45.8,38.8,47.0,36.8,38.7,34.6,36.3,36.4,40.1,40.0,47.2,36.6,49.7,45.2,48.1,31.0,33.8,34.7,34.4,36.8,39.6,33.7,40.1,38.1,39.2,42.0,48.1,38.0,42.0,34.8,39.3,33.7,44.8,45.3,36.4,36.5,42.2,37.5,37.1,30.5,34.0,36.8,36.3,35.4,35.4,30.7,30.8,31.4,25.6
835,31.6,30.2,28.4,39.8,34.6,37.0,36.8,32.9,33.7,32.1,34.2,35.4,33.8,33.0,35.7,33.9,31.9,37.8,33.4,33.1,32.8,32.8,35.3,31.7,34.2,34.2,34.9,33.5,29.8,36.2,34.1,33.5,27.5,27.7,26.5,26.3,40.2,30.7,41.0,35.7,44.3,34.6,34.5,32.0,34.0,33.1,37.3,37.6,44.2,33.0,45.2,43.2,41.7,29.2,32.8,33.5,33.0,35.1,37.7,32.9,39.2,35.8,37.9,38.9,45.8,36.5,39.7,33.5,37.8,32.3,40.0,39.1,33.4,33.4,39.5,33.9,35.9,29.5,32.1,32.3,33.2,32.3,33.3,29.8,28.7,29.7,23.8
836,29.3,29.3,26.7,37.0,32.8,35.4,35.0,31.1,32.9,31.1,33.3,34.2,32.9,31.9,34.1,32.9,30.3,37.0,32.1,32.1,31.4,31.6,33.8,30.7,32.4,32.6,33.9,32.0,28.4,35.1,32.5,32.7,26.4,26.2,25.4,25.1,38.5,29.5,38.4,33.5,42.4,33.1,32.3,30.9,32.1,31.0,34.7,35.8,41.1,31.0,42.3,41.4,38.6,28.0,31.9,32.7,32.1,34.3,36.2,32.6,38.4,34.3,36.6,36.5,43.9,35.4,37.9,32.4,36.6,31.2,37.8,36.1,31.3,31.9,37.5,32.1,34.9,28.8,31.0,30.4,31.5,30.1,32.9,28.9,27.1,28.3,22.7
837,27.6,28.7,25.9,34.4,31.8,34.3,33.8,29.7,32.0,30.5,32.5,33.1,32.1,31.0,33.1,32.1,29.0,36.2,31.6,31.5,30.6,30.8,32.8,29.7,31.1,31.4,32.9,30.8,27.6,34.2,31.5,31.9,25.2,25.2,24.5,24.1,36.9,28.6,36.7,31.9,40.9,31.7,30.8,30.3,30.6,30.1,32.8,34.1,39.2,29.6,40.0,40.0,36.5,27.0,31.8,32.1,31.5,33.6,35.4,32.0,38.1,33.4,35.9,34.8,42.4,34.3,36.6,31.6,35.5,30.6,36.3,34.2,30.0,30.8,36.1,30.7,34.1,28.2,30.0,28.9,30.3,28.6,32.5,28.1,26.0,27.5,21.9
838,26.3,27.9,25.4,32.7,30.9,33.3,33.0,29.0,31.2,29.8,31.9,32.0,31.5,30.2,32.3,31.5,28.4,35.7,30.9,30.9,29.8,30.1,32.1,29.0,30.2,30.5,32.1,30.0,27.0,33.4,30.7,31.1,24.6,24.3,23.9,23.5,35.5,27.8,35.2,30.8,39.4,30.9,29.5,29.5,29.4,29.5,31.2,32.8,37.5,28.4,38.2,38.4,35.3,26.2,31.1,31.5,30.9,33.0,34.6,31.6,37.7,32.6,35.3,33.2,41.3,33.3,35.7,30.9,34.7,29.8,35.0,32.4,28.4,29.7,34.6,29.5,33.4,27.7,29.5,28.1,29.4,27.3,32.1,27.4,25.3,26.6,21.5
839,25.2,27.1,24.7,31.5,29.9,32.7,32.1,28.3,30.5,29.1,31.4,31.2,30.9,29.4,31.6,30.9,27.8,35.4,30.5,30.6,29.0,29.5,31.5,28.1,29.3,29.8,31.3,29.3,26.3,32.6,29.7,30.5,24.1,23.8,23.2,22.8,34.5,27.2,34.1,29.9,37.9,30.5,28.2,28.9,28.1,29.0,30.0,31.6,36.1,27.6,36.7,37.0,34.0,25.2,30.7,31.1,30.6,32.7,34.1,31.1,37.1,32.1,34.7,32.2,40.3,32.8,34.8,30.3,33.9,29.3,33.8,30.9,27.2,28.8,33.8,28.5,33.0,27.3,29.0,27.3,28.4,26.2,32.1,26.7,24.7,25.9,20.9
840,24.0,26.4,24.0,30.3,28.9,31.8,31.2,27.6,30.0,28.4,30.8,30.5,30.2,29.0,30.8,30.4,27.2,35.0,29.9,30.2,28.3,28.9,30.9,27.0,28.8,29.0,30.8,28.6,25.5,31.7,28.9,29.9,23.6,23.1,22.3,22.1,33.4,26.4,32.8,28.9,36.7,29.9,27.3,28.1,27.1,28.2,28.9,30.8,34.8,26.9,35.4,35.8,32.7,24.6,30.3,30.7,30.1,32.2,33.7,30.9,36.7,31.6,34.3,31.1,39.5,32.3,33.8,29.7,33.2,28.8,32.7,29.8,26.1,28.5,32.6,27.8,32.3,26.7,28.3,26.8,27.6,25.3,31.7,26.1,23.9,25.0,20.4
841,23.2,25.8,23.3,29.2,28.5,31.1,30.4,26.9,29.3,27.7,30.2,29.7,29.4,28.4,30.2,29.9,26.6,34.6,29.2,29.7,27.6,28.3,30.4,26.4,28.1,28.5,30.0,28.1,25.2,31.2,28.4,29.2,22.8,22.6,21.9,21.3,32.4,25.9,31.7,28.4,35.6,29.5,26.6,27.9,26.3,27.5,28.0,30.0,33.8,25.7,34.3,34.4,31.2,23.6,30.0,30.3,29.8,31.8,33.2,30.5,36.4,31.1,33.9,29.9,38.6,31.5,33.0,29.0,32.6,28.2,31.2,28.8,24.8,27.6,31.6,26.9,31.8,26.3,27.8,26.1,27.0,24.4,31.2,25.5,23.3,24.5,19.9
842,22.7,25.0,22.6,28.5,27.9,30.4,29.8,26.4,28.8,27.0,29.7,29.1,28.8,27.9,29.6,29.4,26.2,34.1,28.9,29.2,27.2,27.6,29.8,25.7,27.6,28.0,29.6,27.5,24.5,30.6,27.8,28.8,22.2,22.0,21.3,20.7,31.4,25.7,30.9,27.5,34.4,29.2,26.0,26.9,25.3,26.9,27.0,29.1,33.0,25.5,33.3,33.6,30.0,23.3,29.6,30.1,29.5,31.3,32.7,30.2,36.1,30.8,33.6,29.2,37.9,31.0,32.7,28.4,32.0,27.6,29.7,27.8,24.1,26.9,31.1,26.2,31.3,25.8,27.1,25.5,26.2,23.7,30.8,25.0,22.7,23.9,19.6
843,22.1,24.6,22.0,28.1,27.3,29.8,29.1,25.7,28.4,26.7,29.2,28.8,28.4,27.3,29.0,28.9,25.8,33.9,28.4,28.9,26.8,27.3,29.3,25.1,26.9,27.4,29.1,27.1,24.0,30.1,27.3,28.4,21.8,21.5,20.9,20.2,30.7,25.2,30.1,27.1,33.6,29.1,25.5,26.5,24.6,26.2,26.4,28.4,32.1,25.0,32.8,32.6,28.8,22.7,29.2,29.8,29.3,30.9,32.2,30.0,35.9,30.3,33.5,28.2,37.4,30.6,31.8,28.0,31.2,27.2,28.8,27.2,23.2,26.6,30.1,25.5,31.0,25.4,26.7,25.0,25.4,23.0,30.6,24.5,22.2,23.2,19.1
844,21.6,24.4,21.6,27.7,26.7,29.1,28.5,25.1,27.8,26.1,28.8,27.9,28.1,26.9,28.4,28.3,25.3,33.5,28.0,28.6,26.4,26.9,28.9,24.6,26.1,26.6,28.6,26.7,23.5,29.7,26.9,28.1,21.4,21.1,20.3,19.8,30.3,25.0,29.5,26.5,32.6,28.9,24.8,25.8,24.3,25.7,25.8,27.9,31.3,24.2,31.9,31.8,27.9,22.2,28.9,29.6,29.0,30.6,31.8,29.6,35.6,30.0,33.3,27.3,36.8,30.3,31.2,27.5,30.6,26.6,27.4,26.8,22.4,26.1,29.5,24.7,30.7,25.1,26.2,24.5,24.7,22.3,30.3,24.1,21.7,22.5,18.6
845,20.7,24.1,21.2,27.3,26.0,28.6,27.9,24.5,27.3,25.8,28.3,27.6,27.5,26.5,27.8,27.9,25.2,33.3,27.6,28.3,25.9,26.6,28.3,24.1,25.6,26.1,28.1,26.4,23.0,29.5,26.2,27.6,21.0,20.6,19.9,19.5,29.8,24.6,29.2,25.7,31.6,28.6,24.1,25.5,23.4,25.4,25.1,27.3,30.6,23.9,31.2,31.3,27.0,21.8,28.7,29.3,28.6,30.4,31.6,29.4,35.4,29.7,33.0,26.9,36.5,30.0,30.8,27.1,30.1,26.1,26.7,26.4,22.1,25.7,29.0,24.3,30.3,24.8,25.9,23.9,24.4,21.8,30.2,23.6,21.3,22.2,18.4
846,20.2,24.2,21.0,27.0,25.3,28.1,27.6,24.2,26.8,25.2,27.9,27.2,27.2,26.1,27.3,27.7,24.5,33.0,27.3,27.9,25.2,26.3,28.0,23.5,25.2,25.4,27.6,25.8,22.6,29.2,25.6,27.2,20.9,20.2,19.6,19.2,29.6,24.4,28.7,25.2,31.2,28.3,23.4,25.0,23.1,25.1,24.7,26.6,30.1,23.4,30.6,30.7,26.4,21.3,28.4,29.0,28.4,30.5,31.4,29.2,35.1,29.3,32.9,26.5,36.2,29.7,30.4,26.6,29.7,25.8,25.9,25.7,21.4,25.3,28.6,23.8,29.9,24.3,25.7,23.3,23.8,21.3,30.0,23.2,21.1,21.7,17.9
847,19.7,24.1,20.9,26.6,24.9,27.7,27.0,23.7,26.6,24.7,27.7,26.9,26.9,25.6,26.7,27.4,24.1,33.0,26.9,27.7,24.9,25.9,27.8,23.2,24.6,25.1,27.2,25.3,22.3,28.9,25.3,27.0,20.5,20.0,19.5,18.9,29.1,24.4,28.1,24.7,30.5,28.0,22.5,24.8,22.6,24.6,24.2,26.3,29.9,22.7,30.1,30.6,25.8,21.1,28.1,28.9,28.1,30.3,31.2,28.9,34.8,29.1,32.8,25.9,36.0,29.5,30.0,26.2,29.4,25.7,25.0,25.3,21.0,25.4,28.1,23.6,29.3,24.2,25.3,22.8,23.4,20.7,29.7,23.1,20.9,21.5,17.5
848,23.1,25.6,24.0,26.2,24.9,27.5,27.3,23.7,27.2,24.9,28.4,27.3,27.8,25.6,26.7,27.6,24.4,33.7,27.9,28.9,25.1,26.1,27.9,23.1,24.3,25.3,27.2,25.2,22.7,29.4,25.2,27.8,20.3,20.0,19.4,18.9,32.3,26.1,28.0,27.4,31.8,32.1,22.2,25.1,25.0,27.1,25.7,30.0,34.9,22.7,30.8,31.8,27.4,23.1,27.9,29.3,28.1,30.5,31.0,29.2,35.2,28.8,33.3,28.6,36.1,30.2,30.4,26.2,30.5,26.6,26.5,25.3,24.2,25.9,31.6,23.7,30.6,24.7,25.3,22.5,23.1,20.4,29.3,24.0,20.7,21.4,17.6
849,28.2,30.0,29.3,29.6,27.5,29.5,29.8,26.5,29.3,26.8,30.4,29.3,30.1,27.3,29.2,29.4,27.2,36.3,30.0,30.9,27.6,28.1,30.5,25.1,27.1,28.3,28.9,27.6,24.9,32.1,27.5,29.9,22.0,22.0,20.9,21.0,37.3,30.2,31.6,32.2,35.3,37.0,25.3,28.6,28.8,32.4,29.2,35.3,42.0,26.4,37.0,35.4,33.0,27.0,28.8,31.2,29.9,32.1,31.9,31.3,36.8,29.8,35.7,34.6,37.9,33.3,34.3,27.8,33.1,28.6,32.6,29.3,29.6,29.5,37.0,28.5,32.7,26.6,27.3,25.0,25.7,22.5,31.1,25.9,22.3,23.5,19.5
850,33.1,33.6,33.7,34.8,30.6,32.4,32.8,29.6,31.9,29.1,32.5,31.8,32.4,29.4,32.1,31.5,30.0,38.5,32.3,32.9,30.4,30.4,33.2,27.5,31.1,31.5,30.9,30.5,27.3,34.8,30.3,32.3,24.7,24.6,22.9,23.5,41.8,33.9,36.2,36.1,39.0,40.5,29.7,31.7,33.3,37.1,33.0,38.9,47.5,30.2,42.6,39.1,38.5,31.0,30.6,33.7,32.2,34.4,34.3,33.4,38.6,32.4,38.1,39.7,40.2,36.0,38.0,29.8,35.6,30.8,38.0,35.4,34.5,33.3,41.4,32.5,34.7,28.7,29.6,29.1,29.1,25.9,33.7,27.8,24.8,25.9,21.8
851,37.3,36.7,36.5,39.2,33.6,35.2,35.6,32.7,34.2,31.4,34.6,34.3,34.8,31.8,35.0,33.2,32.8,40.5,34.7,34.6,33.1,32.4,35.9,30.3,34.7,34.7,33.1,33.5,29.6,37.2,33.1,34.5,27.2,27.0,25.1,26.0,45.4,37.0,40.3,39.5,42.4,42.8,33.8,34.4,37.6,40.3,37.2,41.8,51.1,33.8,46.6,42.9,43.2,34.4,32.7,35.9,34.4,36.7,36.6,35.2,40.5,34.8,40.3,43.8,42.9,38.6,41.4,32.0,38.1,32.9,42.9,40.4,38.7,36.2,45.0,36.6,36.7,30.5,32.0,32.8,32.5,29.9,35.8,29.7,27.5,28.4,23.8
852,40.7,38.5,38.6,43.0,36.3,37.6,38.0,35.3,35.7,33.4,36.4,36.1,36.7,33.8,37.4,34.9,35.1,42.2,36.5,36.0,35.4,34.1,38.1,32.8,37.8,37.4,35.3,35.9,31.8,39.0,35.4,36.4,29.6,29.1,26.9,28.0,48.4,39.2,43.6,42.1,45.3,44.8,37.3,36.8,40.6,42.5,40.6,44.6,54.1,37.0,50.0,46.2,47.1,36.8,34.7,37.6,36.2,38.5,38.9,36.7,42.0,37.1,41.8,46.5,45.6,40.8,44.0,34.1,40.0,34.7,46.7,43.7,41.4,38.5,47.6,39.5,38.3,31.9,34.2,35.9,35.4,33.6,37.5,31.3,29.8,30.7,25.5
853,43.1,39.6,39.8,45.6,38.4,39.8,40.1,37.4,36.8,35.2,37.9,37.5,38.2,35.5,39.5,36.3,37.0,43.4,37.9,37.1,37.1,35.7,40.2,34.6,40.1,39.5,37.1,37.8,33.5,40.6,37.3,37.7,31.5,30.9,28.4,29.5,50.2,40.1,46.5,43.9,47.6,46.2,39.9,38.6,42.6,44.3,43.0,46.6,56.1,39.1,52.4,48.5,50.1,38.5,36.2,39.1,37.5,39.8,40.6,37.7,43.4,39.0,43.3,48.4,48.1,42.5,46.3,35.7,41.7,36.2,49.1,46.0,43.1,40.4,49.5,41.7,39.4,33.0,36.0,38.1,37.8,36.3,38.9,32.4,31.6,32.5,27.0
854,43.0,40.0,40.0,47.3,39.9,41.6,41.8,38.8,37.8,36.3,38.9,38.4,39.0,36.6,40.9,37.4,38.3,44.0,38.6,38.0,38.5,36.9,41.5,36.1,41.9,41.0,38.2,39.1,34.8,41.5,38.6,38.7,32.9,32.1,29.6,30.8,51.7,40.8,48.2,45.4,49.3,47.1,41.9,40.0,44.1,45.2,44.8,48.0,57.2,40.9,54.1,50.0,52.1,39.1,37.2,39.8,38.1,40.9,41.9,38.4,44.1,40.4,44.3,49.6,50.0,43.4,48.0,36.8,42.8,37.0,50.6,47.7,44.1,41.6,50.6,43.1,40.3,33.5,37.1,39.8,39.4,38.2,40.0,33.2,33.0,33.9,28.2
855,43.1,40.0,40.4,48.2,40.6,42.3,42.6,39.6,38.2,36.9,39.1,39.2,39.3,37.2,41.6,38.0,38.9,44.2,39.0,38.2,39.3,37.5,42.3,37.0,42.7,41.7,38.9,39.9,35.6,42.1,39.5,39.0,33.3,32.9,30.4,31.5,52.6,40.6,49.4,46.1,50.4,47.0,43.0,40.7,44.1,45.3,45.7,48.4,57.7,41.7,55.0,50.6,53.2,39.3,37.3,40.0,38.4,41.2,42.7,38.7,44.2,41.2,44.5,50.1,51.4,44.0,48.9,37.5,43.3,37.4,51.2,48.1,44.8,42.3,51.0,43.7,40.7,33.5,37.8,40.2,40.5,39.3,40.4,33.4,33.7,34.5,28.8
856,44.0,38.4,39.1,48.6,40.7,42.8,42.9,39.7,38.0,36.7,38.9,39.4,39.0,37.3,41.8,37.9,38.8,43.6,38.6,37.8,39.1,37.4,42.1,37.1,43.2,41.8,38.9,39.8,35.5,42.1,39.6,39.0,33.3,33.0,30.4,31.4,51.9,39.0,49.6,46.0,50.8,45.9,42.9,40.5,43.7,44.2,45.6,47.6,57.0,41.9,54.9,50.2,53.5,38.3,37.2,39.3,38.1,40.9,42.9,38.2,43.5,41.5,44.0,49.6,51.8,43.5,48.9,37.4,43.1,37.3,51.2,48.8,44.1,42.4,50.5,43.2,40.2,33.2,37.6,40.7,40.2,39.1,40.1,32.9,33.9,34.5,28.7
857,40.6,35.4,35.3,47.6,39.7,41.7,41.9,38.7,36.6,35.5,37.5,38.7,37.6,36.4,40.7,36.8,37.6,41.8,36.7,36.1,38.1,36.1,40.9,36.2,42.2,40.9,37.7,38.6,34.4,41.0,38.5,37.5,32.4,31.9,29.5,30.4,49.1,35.7,48.9,44.0,49.9,42.3,42.2,39.0,40.6,41.2,44.2,44.9,53.6,40.7,53.7,48.5,52.4,34.8,36.1,37.3,37.0,39.5,42.2,36.3,41.8,40.9,42.0,47.1,50.8,41.4,47.3,36.4,41.8,35.8,49.9,48.3,41.7,41.1,47.7,41.9,38.8,32.1,36.4,40.1,39.4,38.5,38.9,31.9,33.1,33.4,27.7
858,35.0,32.1,30.7,44.4,36.6,39.1,38.8,35.3,34.5,33.1,35.2,36.9,35.0,34.3,37.6,34.7,34.3,39.2,34.7,34.1,34.9,34.0,37.7,33.4,38.3,37.6,35.9,35.4,31.7,38.1,35.8,34.9,29.3,29.4,27.6,28.0,43.4,32.5,45.7,39.1,47.2,36.8,38.5,35.0,36.4,36.6,40.3,40.4,47.6,37.2,50.0,45.4,48.4,30.9,34.2,35.2,34.7,37.1,40.1,34.0,40.5,38.6,39.6,42.3,48.3,38.3,42.3,34.3,39.1,33.5,45.2,45.2,36.6,36.9,42.5,37.9,36.9,30.4,33.6,36.6,35.9,35.2,35.9,30.5,30.5,31.0,25.2
859,31.7,30.3,28.6,39.7,34.2,36.6,36.4,32.4,33.3,31.7,34.0,35.2,33.6,32.6,35.3,33.4,31.5,38.0,33.3,33.0,32.4,32.4,34.9,31.2,33.9,33.9,34.5,33.1,29.5,36.0,33.7,33.2,27.1,27.3,26.1,26.0,40.3,30.7,40.9,36.0,44.6,34.6,34.3,32.3,34.3,33.3,37.5,37.8,44.4,33.4,45.4,43.4,42.0,29.0,33.2,33.9,33.4,35.5,38.2,33.3,39.5,36.2,38.1,39.0,46.0,36.7,40.0,33.0,37.5,32.1,40.3,39.0,33.5,33.8,39.7,34.2,35.7,29.3,31.7,32.1,32.8,32.0,33.8,29.6,28.3,29.3,23.4
860,29.6,29.4,26.9,36.9,32.4,35.0,34.8,30.6,32.4,30.7,33.1,33.9,32.7,31.5,33.7,32.4,29.8,37.0,32.0,32.1,31.1,31.0,33.5,30.2,32.1,32.3,33.4,31.6,28.1,34.8,32.1,32.5,26.0,25.8,25.0,24.7,38.7,29.5,38.3,33.8,42.6,33.1,32.2,31.2,32.3,31.2,34.9,36.0,41.4,31.4,42.5,41.6,38.8,27.8,32.3,33.0,32.5,34.6,36.7,32.9,38.7,34.6,36.7,36.7,44.1,35.7,38.1,31.9,36.3,31.1,38.2,36.2,31.5,32.2,37.7,32.5,34.7,28.6,30.5,30.2,31.2,29.9,33.4,28.7,26.7,27.9,22.3
861,27.8,28.7,26.0,34.4,31.5,34.0,33.6,29.3,31.5,30.1,32.3,32.7,31.8,30.6,32.7,31.6,28.7,36.2,31.5,31.5,30.2,30.4,32.5,29.3,30.8,31.2,32.4,30.3,27.3,34.0,31.1,31.7,24.9,24.7,24.1,23.7,37.0,28.7,36.7,32.2,41.0,31.7,30.6,30.5,30.7,30.3,33.0,34.3,39.5,30.0,40.2,40.2,36.7,26.9,32.1,32.4,31.8,33.9,35.8,32.3,38.2,33.7,36.0,34.8,42.6,34.5,36.7,31.1,35.2,30.5,36.6,34.2,30.0,31.1,36.3,31.1,33.9,27.9,29.6,28.9,30.0,28.4,32.9,28.0,25.5,27.0,21.5
862,26.5,28.0,25.5,32.7,30.5,33.0,32.7,28.5,30.8,29.3,31.6,31.6,31.1,29.8,31.9,31.0,28.0,35.7,30.6,30.9,29.3,29.5,31.7,28.5,30.0,30.2,31.6,29.6,26.5,33.0,30.3,30.8,24.2,24.0,23.5,23.1,35.7,27.9,35.2,31.1,39.5,31.0,29.3,29.8,29.5,29.8,31.4,32.9,37.7,28.8,38.4,38.5,35.6,26.1,31.4,31.8,31.2,33.4,35.0,31.9,37.7,32.9,35.3,33.3,41.5,33.4,35.8,30.4,34.3,29.7,35.3,32.5,28.6,29.9,34.8,29.9,33.1,27.3,29.1,28.0,29.1,27.1,32.4,27.3,24.9,26.2,21.1
863,25.5,27.1,24.8,31.4,29.5,32.4,31.7,27.8,30.1,28.6,31.1,30.8,30.5,29.0,31.2,30.4,27.4,35.3,30.2,30.4,28.6,29.1,31.1,27.6,29.1,29.5,30.9,28.9,25.9,32.3,29.3,30.3,23.7,23.4,22.8,22.4,34.6,27.3,34.1,30.1,38.1,30.6,28.1,29.2,28.3,29.3,30.2,31.7,36.3,27.9,36.8,37.1,34.2,25.2,31.0,31.3,31.0,33.0,34.5,31.3,37.2,32.3,34.8,32.1,40.5,32.9,34.9,29.8,33.6,29.1,34.1,30.9,27.4,29.2,33.9,28.9,32.8,26.8,28.6,27.2,28.1,26.1,32.4,26.5,24.3,25.4,20.6
864,24.1,26.5,24.1,30.3,28.7,31.5,30.9,27.1,29.5,28.0,30.4,30.0,29.8,28.5,30.5,29.9,26.8,34.9,29.6,30.0,27.8,28.5,30.5,26.8,28.7,28.8,30.3,28.2,25.1,31.3,28.4,29.6,23.3,22.8,21.9,21.7,33.6,26.6,32.8,29.2,37.0,29.9,27.3,28.4,27.3,28.5,29.1,30.9,34.9,27.2,35.6,35.9,32.9,24.6,30.7,30.9,30.5,32.6,34.0,31.1,36.8,31.8,34.2,31.1,39.6,32.4,33.9,29.1,32.9,28.5,32.9,29.9,26.2,28.8,32.7,28.1,32.1,26.3,27.9,26.7,27.5,25.1,32.0,25.9,23.6,24.5,20.0
865,23.4,25.9,23.4,29.2,28.3,30.7,30.1,26.5,28.8,27.3,29.9,29.2,28.9,28.0,29.8,29.4,26.2,34.4,28.8,29.5,27.1,27.8,30.0,26.1,28.0,28.3,29.6,27.7,24.7,30.8,27.9,28.9,22.6,22.3,21.5,21.0,32.5,26.0,31.7,28.6,35.9,29.6,26.6,28.2,26.4,27.8,28.1,30.1,33.9,26.0,34.5,34.5,31.4,23.8,30.3,30.5,30.1,32.1,33.6,30.7,36.4,31.3,33.9,29.9,38.7,31.7,33.1,28.4,32.3,27.9,31.5,28.9,24.9,27.9,31.6,27.3,31.5,25.8,27.4,26.1,26.8,24.3,31.5,25.4,23.1,24.0,19.6
866,23.0,25.2,22.8,28.5,27.7,30.0,29.6,26.0,28.3,26.6,29.2,28.6,28.3,27.4,29.2,28.9,25.7,34.0,28.5,28.9,26.8,27.2,29.5,25.5,27.5,27.7,29.1,27.1,24.1,30.1,27.3,28.4,21.9,21.8,20.9,20.5,31.6,25.8,30.9,27.8,34.6,29.3,26.1,27.2,25.5,27.2,27.2,29.3,33.0,25.8,33.5,33.7,30.2,23.5,29.9,30.2,29.8,31.6,33.0,30.3,36.1,30.9,33.5,29.1,38.0,31.1,32.7,27.9,31.6,27.3,30.0,27.8,24.2,27.2,31.1,26.6,31.0,25.3,26.8,25.5,26.0,23.7,31.0,24.8,22.5,23.4,19.2
867,22.4,24.7,22.2,28.0,27.1,29.5,28.9,25.5,27.8,26.2,28.7,28.3,27.9,26.8,28.6,28.3,25.4,33.7,28.0,28.6,26.3,26.9,29.0,25.0,26.8,27.2,28.6,26.7,23.7,29.8,26.9,28.0,21.6,21.3,20.7,20.0,31.0,25.3,30.1,27.2,33.7,29.2,25.4,26.9,24.8,26.4,26.6,28.5,32.1,25.4,32.9,32.7,29.0,22.9,29.5,30.0,29.6,31.3,32.5,30.0,35.9,30.4,33.4,28.1,37.4,30.7,31.9,27.4,30.8,26.8,28.9,27.2,23.3,26.9,30.1,25.8,30.7,24.8,26.3,25.0,25.3,23.0,30.9,24.3,22.0,22.8,18.9
868,22.0,24.4,21.8,27.6,26.6,28.8,28.3,24.9,27.2,25.7,28.3,27.3,27.6,26.5,28.1,27.8,25.0,33.3,27.6,28.3,25.9,26.5,28.6,24.5,26.1,26.4,28.1,26.3,23.2,29.4,26.5,27.7,21.2,20.9,20.1,19.6,30.5,25.1,29.5,26.6,32.8,29.0,24.8,26.1,24.4,26.0,25.9,28.0,31.3,24.5,32.0,31.8,28.1,22.4,29.2,29.7,29.3,31.0,32.1,29.7,35.5,30.1,33.1,27.2,36.8,30.4,31.2,26.9,30.3,26.2,27.6,26.8,22.6,26.5,29.5,25.0,30.3,24.4,25.9,24.6,24.7,22.4,30.6,24.0,21.5,22.2,18.5
869,21.0,24.1,21.4,27.2,25.9,28.3,27.7,24.4,26.8,25.4,27.8,27.0,27.0,26.1,27.6,27.4,24.8,33.1,27.1,27.9,25.5,26.2,28.0,24.0,25.8,26.0,27.7,26.1,22.9,29.1,25.8,27.2,20.9,20.5,19.7,19.3,30.0,24.7,29.2,25.9,31.8,28.7,24.2,25.8,23.6,25.9,25.3,27.4,30.7,24.2,31.4,31.3,27.2,21.9,29.0,29.4,28.9,30.8,31.8,29.6,35.3,29.8,32.8,26.7,36.5,30.1,30.8,26.6,29.8,25.7,26.8,26.4,22.2,26.0,29.0,24.6,29.9,24.1,25.5,24.0,24.3,21.9,30.5,23.4,21.2,21.9,18.2
870,20.4,24.3,21.2,27.0,25.3,27.9,27.5,24.1,26.3,24.8,27.4,26.6,26.7,25.7,27.1,27.1,24.2,32.8,26.8,27.4,25.0,25.9,27.7,23.5,25.3,25.4,27.2,25.6,22.5,29.0,25.4,26.9,20.8,20.1,19.4,19.0,29.7,24.5,28.7,25.5,31.4,28.4,23.6,25.4,23.3,25.4,24.9,26.8,30.1,23.7,30.7,30.7,26.6,21.3,28.7,29.1,28.7,30.9,31.6,29.4,35.0,29.4,32.6,26.3,36.2,29.8,30.4,26.2,29.3,25.3,26.1,25.8,21.5,25.5,28.7,24.2,29.5,23.6,25.3,23.3,23.7,21.4,30.3,23.1,21.0,21.5,17.8
871,19.9,24.2,21.0,26.6,24.9,27.6,27.0,23.7,26.0,24.5,27.2,26.3,26.4,25.3,26.6,26.9,23.8,32.8,26.5,27.2,24.7,25.6,27.6,23.3,24.7,25.0,26.9,25.2,22.1,28.6,25.1,26.6,20.5,19.9,19.4,18.8,29.2,24.5,28.1,24.9,30.7,28.1,22.7,25.2,22.8,25.0,24.4,26.4,29.9,23.0,30.3,30.6,26.0,21.1,28.5,29.0,28.5,30.7,31.4,29.0,34.8,29.1,32.6,25.7,36.0,29.4,30.0,25.7,29.1,25.2,25.2,25.3,21.1,25.7,28.1,24.0,28.9,23.5,24.9,22.9,23.4,20.8,30.0,23.0,20.8,21.3,17.4
872,23.4,25.8,24.1,26.4,24.8,27.4,27.2,23.7,26.6,24.7,28.0,26.8,27.3,25.4,26.7,27.2,24.3,33.5,27.5,28.5,25.0,25.7,27.8,23.1,24.4,25.2,27.0,25.1,22.6,29.1,25.1,27.5,20.3,19.9,19.3,18.8,32.5,26.3,28.0,27.6,31.9,32.3,22.5,25.5,25.2,27.5,26.0,30.2,35.0,23.0,31.0,31.8,27.7,23.0,28.3,29.4,28.5,31.0,31.2,29.5,35.2,28.9,33.1,28.7,36.2,30.2,30.4,25.8,30.2,26.3,26.8,25.3,24.4,26.2,31.7,24.1,30.2,24.1,25.1,22.7,23.1,20.4,29.7,23.9,20.6,21.3,17.6
873,28.4,30.2,29.4,29.9,27.5,29.5,29.8,26.5,28.7,26.7,30.0,28.8,29.7,27.1,29.2,29.1,27.1,36.3,29.7,30.5,27.6,27.8,30.4,25.1,27.3,28.2,28.7,27.6,24.7,31.8,27.5,29.6,22.1,22.0,20.9,21.0,37.6,30.5,31.6,32.5,35.6,37.2,25.5,28.9,28.9,32.9,29.5,35.5,42.2,26.8,37.2,35.4,33.3,27.0,29.3,31.5,30.5,32.6,32.2,31.6,36.9,29.9,35.6,34.7,38.0,33.5,34.3,27.5,32.7,28.2,33.0,29.4,29.7,29.8,37.1,28.8,32.4,26.1,27.2,25.2,25.7,22.5,31.5,25.8,22.3,23.4,19.5
874,33.2,33.8,33.8,35.0,30.6,32.4,32.7,29.6,31.3,29.0,32.1,31.4,32.0,29.3,32.1,31.2,30.0,38.4,32.0,32.6,30.3,30.2,33.1,27.5,31.2,31.5,30.8,30.5,27.2,34.4,30.3,32.0,24.8,24.7,23.0,23.6,42.1,34.2,36.3,36.4,39.3,40.8,29.9,32.0,33.4,37.6,33.4,39.1,47.7,30.7,42.8,39.2,38.7,31.0,31.1,34.0,32.8,34.9,34.7,33.8,38.8,32.6,38.1,39.9,40.3,36.4,38.1,29.7,35.3,30.4,38.4,35.7,34.5,33.6,41.4,32.9,34.4,28.2,29.5,29.1,29.3,25.8,34.1,27.7,24.9,25.9,21.8
875,37.4,36.8,36.5,39.4,33.6,35.3,35.5,32.7,33.7,31.4,34.3,34.0,34.4,31.7,35.0,33.0,32.8,40.6,34.4,34.3,33.0,32.3,35.8,30.3,34.9,34.8,33.2,33.5,29.6,36.9,33.1,34.3,27.3,27.2,25.3,26.1,45.8,37.4,40.4,39.7,42.7,43.1,34.0,34.7,37.8,40.8,37.6,42.0,51.3,34.3,46.9,42.9,43.5,34.3,33.1,36.3,34.9,37.1,37.0,35.7,40.7,35.1,40.4,44.0,43.1,38.9,41.6,32.0,37.8,32.5,43.3,40.6,38.8,36.5,45.0,36.9,36.4,30.1,31.9,32.8,32.6,29.8,36.2,29.5,27.6,28.5,24.0
876,40.9,38.7,38.6,43.2,36.3,37.6,38.1,35.3,35.4,33.5,36.1,36.0,36.4,33.7,37.4,34.8,35.1,42.3,36.2,35.8,35.4,34.1,38.0,32.8,37.9,37.4,35.3,35.9,31.8,38.8,35.5,36.2,29.7,29.4,27.2,28.1,48.8,39.5,43.7,42.5,45.6,45.1,37.4,37.1,40.9,43.1,41.1,44.8,54.3,37.6,50.2,46.2,47.4,36.8,35.1,38.1,36.6,38.9,39.3,37.2,42.2,37.5,42.0,46.7,45.8,41.2,44.2,34.2,39.8,34.3,47.0,43.9,41.5,38.9,47.7,39.9,38.1,31.6,34.1,35.8,35.4,33.5,38.0,31.1,29.9,30.9,25.8
877,43.3,39.8,39.9,45.7,38.4,39.8,40.2,37.5,36.6,35.3,37.6,37.5,38.0,35.5,39.5,36.3,37.0,43.5,37.7,37.0,37.1,35.7,40.0,34.6,40.2,39.6,37.2,37.7,33.6,40.4,37.4,37.6,31.6,31.2,28.7,29.8,50.7,40.4,46.7,44.3,47.9,46.6,40.0,38.9,42.8,44.9,43.4,46.8,56.2,39.7,52.7,48.5,50.4,38.5,36.6,39.6,37.9,40.2,41.1,38.3,43.6,39.5,43.6,48.6,48.2,42.9,46.5,35.8,41.5,35.9,49.5,46.2,43.4,40.7,49.5,42.1,39.2,32.7,36.0,38.1,37.8,36.2,39.3,32.1,31.7,32.7,27.3
878,43.6,40.3,40.2,47.5,40.0,41.6,41.8,38.8,37.8,36.4,38.7,38.5,38.9,36.7,40.9,37.4,38.3,44.2,38.4,37.8,38.5,36.9,41.4,36.1,42.0,41.0,38.3,39.1,35.0,41.5,38.7,38.7,33.0,32.5,30.0,31.0,52.2,41.0,48.4,45.8,49.7,47.5,42.0,40.4,44.4,45.7,45.2,48.1,57.4,41.4,54.3,50.1,52.5,39.2,37.6,40.3,38.5,41.2,42.4,38.9,44.4,40.9,44.5,49.7,50.2,43.9,48.2,36.9,42.7,36.8,51.0,47.9,44.6,42.0,50.7,43.4,40.0,33.4,37.1,39.7,39.5,38.2,40.4,33.0,33.1,34.1,28.6
879,43.4,40.1,40.5,48.5,40.7,42.4,42.6,39.7,38.2,37.1,39.1,39.4,39.3,37.3,41.7,38.1,39.0,44.4,38.9,38.1,39.4,37.5,42.2,37.2,42.9,41.7,39.1,39.8,35.7,42.1,39.6,39.1,33.5,33.3,30.8,31.8,53.2,40.8,49.6,46.5,50.7,47.5,43.2,41.1,44.4,45.8,46.1,48.5,57.8,42.1,55.1,50.7,53.6,39.4,37.7,40.5,38.8,41.6,43.2,39.2,44.4,41.8,44.8,50.2,51.6,44.4,49.1,37.6,43.3,37.3,51.7,48.4,45.0,42.7,51.1,44.0,40.4,33.5,37.8,40.2,40.6,39.3,40.8,33.2,33.8,34.8,29.2
880,44.3,38.6,39.3,48.9,40.8,42.7,42.8,39.7,38.0,36.9,38.9,39.6,39.0,37.4,41.8,38.0,38.9,43.8,38.6,37.7,39.2,37.5,42.0,37.3,43.3,41.8,39.1,39.8,35.7,42.1,39.7,39.1,33.6,33.3,30.8,31.6,52.5,39.3,49.8,46.4,51.2,46.4,43.0,40.9,44.0,44.6,46.1,47.7,57.1,42.3,55.1,50.4,53.8,38.5,37.5,39.8,38.5,41.3,43.3,38.7,43.7,42.1,44.3,49.7,52.0,43.8,49.1,37.5,43.1,37.4,51.6,49.1,44.4,42.8,50.5,43.6,40.0,33.2,37.7,40.7,40.3,38.9,40.4,32.8,34.1,34.8,29.1
881,41.0,35.7,35.6,47.9,39.8,41.6,41.8,38.7,36.7,35.7,37.5,38.9,37.8,36.5,40.7,37.0,37.7,42.0,36.7,35.9,38.2,36.2,40.9,36.3,42.4,41.0,37.9,38.6,34.6,41.2,38.7,37.7,32.6,32.3,30.0,30.7,49.8,36.1,49.2,44.5,50.3,42.9,42.5,39.4,40.9,41.6,44.7,45.1,53.8,41.1,53.8,48.7,52.7,35.0,36.5,37.7,37.3,39.9,42.7,36.8,42.0,41.4,42.2,47.3,51.0,41.7,47.4,36.6,41.9,35.9,50.3,48.7,42.0,41.6,47.9,42.3,38.6,32.2,36.5,40.2,39.6,38.6,39.3,31.8,33.2,33.7,28.1
882,35.5,32.4,31.1,44.9,36.7,39.1,38.8,35.5,34.5,33.2,35.3,37.1,35.2,34.4,37.7,34.8,34.4,39.3,34.8,34.1,35.0,34.1,37.7,33.6,38.6,37.7,36.1,35.5,31.8,38.3,36.0,34.9,29.6,29.7,28.0,28.3,44.0,32.8,46.1,39.6,47.6,37.4,38.9,35.4,36.8,37.0,40.8,40.4,47.7,37.6,50.2,45.6,48.8,31.0,34.5,35.5,35.1,37.5,40.6,34.4,40.6,39.1,39.7,42.3,48.6,38.6,42.5,34.5,39.2,33.6,45.7,45.7,37.1,37.4,42.6,38.3,36.8,30.5,33.7,36.7,36.1,35.3,36.3,30.4,30.8,31.3,25.6
883,32.2,30.7,28.9,40.2,34.3,36.7,36.5,32.6,33.3,31.9,34.2,35.4,33.8,32.7,35.4,33.6,31.7,38.0,33.4,32.9,32.6,32.5,35.1,31.4,34.3,34.0,34.7,33.2,29.6,36.3,33.8,33.3,27.3,27.6,26.5,26.4,40.8,30.9,41.3,36.4,44.9,35.1,34.6,32.7,34.7,33.9,37.9,37.9,44.6,33.6,45.6,43.5,42.3,29.2,33.5,34.1,33.7,35.8,38.5,33.7,39.6,36.6,38.1,38.9,46.2,37.0,40.1,33.2,37.6,32.2,40.7,39.5,34.0,34.2,39.7,34.6,35.6,29.5,31.7,32.3,33.0,32.1,34.0,29.4,28.4,29.7,23.7
884,30.0,29.6,27.2,37.4,32.5,35.2,34.9,30.7,32.5,30.9,33.2,34.1,32.8,31.6,33.9,32.5,30.0,36.9,32.0,32.1,31.2,31.2,33.6,30.4,32.5,32.5,33.6,31.7,28.2,35.0,32.3,32.6,26.1,26.1,25.3,25.0,39.3,29.7,38.7,34.1,43.0,33.6,32.5,31.5,32.6,31.8,35.3,36.0,41.6,31.5,42.7,41.8,39.2,28.0,32.6,33.2,32.8,34.9,37.0,33.1,38.8,34.9,36.7,36.7,44.4,35.8,38.3,32.1,36.4,31.1,38.5,36.7,31.9,32.7,37.7,32.7,34.6,28.7,30.6,30.4,31.4,30.0,33.5,28.6,26.9,28.3,22.6
885,28.2,28.9,26.4,34.9,31.6,34.1,33.7,29.4,31.6,30.3,32.4,33.0,31.9,30.7,32.9,31.8,28.8,36.1,31.5,31.5,30.3,30.5,32.7,29.5,31.2,31.3,32.7,30.4,27.4,34.1,31.3,31.9,25.0,25.0,24.5,24.0,37.6,28.9,37.2,32.5,41.3,32.2,30.9,30.9,31.2,30.8,33.4,34.3,39.6,30.0,40.4,40.3,37.0,26.9,32.4,32.4,32.1,34.2,36.1,32.6,38.4,34.1,35.9,34.7,42.8,34.6,36.9,31.3,35.3,30.6,37.0,34.7,30.4,31.5,36.2,31.2,33.8,28.0,29.8,29.1,30.2,28.4,33.0,27.8,25.7,27.4,21.7
886,27.0,28.2,25.6,33.3,30.7,33.2,32.9,28.5,30.9,29.6,31.8,31.9,31.3,30.0,32.1,31.1,28.2,35.5,30.7,30.9,29.5,29.7,32.0,28.7,30.3,30.4,31.8,29.8,26.7,33.1,30.4,31.1,24.3,24.3,23.8,23.4,36.3,28.1,35.7,31.5,39.9,31.4,29.7,30.2,29.9,30.3,31.8,32.8,37.8,28.9,38.5,38.7,35.8,26.1,31.7,31.8,31.5,33.7,35.4,32.2,37.9,33.3,35.2,33.2,41.6,33.5,35.9,30.6,34.5,29.8,35.7,33.0,29.1,30.3,34.7,30.0,33.2,27.5,29.3,28.0,29.2,27.2,32.5,27.2,25.0,26.5,21.3
887,25.9,27.2,25.0,32.0,29.7,32.6,31.9,28.0,30.2,28.9,31.3,31.0,30.7,29.2,31.5,30.6,27.6,35.1,30.3,30.5,28.8,29.3,31.4,27.8,29.4,29.8,31.1,29.1,26.1,32.5,29.5,30.5,23.8,23.6,23.1,22.6,35.3,27.5,34.5,30.5,38.5,31.0,28.5,29.6,28.7,29.8,30.6,31.7,36.3,28.1,37.0,37.2,34.4,25.2,31.3,31.4,31.3,33.3,34.8,31.6,37.3,32.7,34.6,32.0,40.6,32.9,35.0,30.0,33.8,29.3,34.4,31.4,27.8,29.5,33.8,29.1,32.8,27.0,28.8,27.3,28.3,26.2,32.4,26.5,24.4,25.8,20.8
888,24.5,26.5,24.2,30.9,28.9,31.6,31.1,27.3,29.7,28.3,30.7,30.3,30.0,28.8,30.7,30.1,27.0,34.6,29.7,30.1,28.1,28.7,30.8,27.0,29.0,29.1,30.6,28.4,25.4,31.6,28.6,29.8,23.4,22.9,22.2,21.9,34.2,26.7,33.3,29.6,37.3,30.3,27.7,28.8,27.6,29.0,29.5,30.9,34.8,27.2,35.7,35.9,33.1,24.6,30.9,31.0,30.7,32.9,34.3,31.4,36.9,32.2,34.1,30.8,39.7,32.5,34.0,29.4,33.1,28.7,33.2,30.5,26.6,29.1,32.7,28.3,32.2,26.4,28.2,26.8,27.7,25.1,32.0,25.9,23.7,24.9,20.3
889,23.7,25.9,23.5,29.8,28.5,30.9,30.4,26.8,29.0,27.7,30.1,29.5,29.2,28.3,30.1,29.7,26.5,34.2,29.0,29.7,27.4,28.1,30.4,26.4,28.4,28.6,29.8,28.0,25.0,31.1,28.2,29.2,22.6,22.4,21.8,21.2,33.1,26.2,32.2,29.0,36.2,30.0,27.0,28.5,26.7,28.1,28.5,29.9,33.8,26.2,34.7,34.5,31.6,23.8,30.6,30.6,30.4,32.4,33.8,31.0,36.6,31.6,33.7,29.6,38.8,31.8,33.2,28.7,32.4,28.1,31.9,29.4,25.2,28.1,31.6,27.4,31.7,25.9,27.7,26.1,27.0,24.2,31.6,25.3,23.1,24.4,19.8
890,23.3,25.2,22.8,29.0,28.0,30.3,29.9,26.3,28.5,26.9,29.5,29.0,28.6,27.8,29.5,29.2,26.0,33.8,28.7,29.2,27.1,27.6,29.9,25.8,27.9,28.1,29.4,27.5,24.5,30.5,27.7,28.7,22.0,21.9,21.2,20.7,31.9,26.0,31.4,28.1,34.9,29.6,26.5,27.6,25.7,27.6,27.6,29.1,32.8,25.8,33.7,33.6,30.4,23.4,30.2,30.3,30.0,32.0,33.2,30.6,36.2,31.3,33.3,28.9,38.0,31.2,32.8,28.2,31.8,27.6,30.4,28.3,24.4,27.5,31.1,26.7,31.1,25.4,27.1,25.6,26.2,23.6,31.1,24.8,22.5,23.7,19.4
891,22.7,24.7,22.2,28.5,27.4,29.7,29.3,25.7,28.2,26.5,29.0,28.6,28.3,27.2,28.9,28.7,25.7,33.4,28.2,28.8,26.7,27.3,29.5,25.2,27.2,27.6,28.9,27.1,24.0,30.1,27.3,28.4,21.6,21.4,20.9,20.2,31.4,25.4,30.6,27.6,34.1,29.4,25.8,27.2,25.1,26.7,27.0,28.3,31.8,25.4,33.1,32.6,29.3,22.9,29.7,30.0,29.8,31.6,32.7,30.3,36.0,30.8,33.1,27.9,37.5,30.8,32.0,27.8,31.1,27.1,29.3,27.7,23.6,27.2,30.0,25.9,30.7,25.0,26.7,25.0,25.5,23.0,31.1,24.3,22.0,23.2,19.1
892,22.2,24.3,21.9,28.1,26.9,29.1,28.7,25.1,27.6,26.1,28.6,27.7,28.0,26.9,28.5,28.2,25.3,33.0,27.8,28.4,26.3,26.9,29.0,24.7,26.4,26.8,28.5,26.7,23.5,29.8,26.8,28.0,21.3,21.0,20.3,19.8,30.8,25.1,29.9,27.0,33.2,29.2,25.1,26.5,24.6,26.2,26.3,27.8,31.0,24.6,32.2,31.8,28.4,22.4,29.4,29.9,29.5,31.2,32.2,30.0,35.6,30.5,32.9,26.9,36.9,30.5,31.4,27.3,30.5,26.5,28.0,27.4,22.9,26.7,29.5,25.0,30.4,24.7,26.2,24.6,24.9,22.3,30.8,23.9,21.5,22.6,18.6
893,21.3,24.0,21.4,27.6,26.0,28.7,28.1,24.5,27.1,25.8,28.1,27.5,27.3,26.5,28.0,27.8,25.1,32.8,27.4,28.2,25.8,26.6,28.4,24.1,26.0,26.4,28.1,26.4,23.2,29.6,26.2,27.6,20.9,20.5,19.9,19.6,30.3,24.8,29.6,26.4,32.2,29.0,24.5,26.2,23.9,25.9,25.7,27.4,30.4,24.3,31.4,31.3,27.4,22.0,29.3,29.5,29.1,31.2,31.9,29.8,35.3,30.2,32.6,26.5,36.6,30.2,31.0,26.9,30.1,26.1,27.1,26.9,22.4,26.2,29.0,24.7,30.0,24.4,25.9,24.0,24.4,21.8,30.7,23.4,21.2,22.2,18.3
894,20.6,24.2,21.3,27.4,25.5,28.2,27.8,24.2,26.7,25.2,27.8,27.0,27.0,26.2,27.5,27.5,24.5,32.5,27.2,27.7,25.3,26.2,28.2,23.6,25.6,25.8,27.6,25.9,22.8,29.5,25.7,27.4,20.8,20.1,19.5,19.1,30.1,24.6,29.2,25.9,31.8,28.5,23.8,25.8,23.5,25.5,25.2,26.7,29.8,23.8,30.7,30.7,26.8,21.4,29.0,29.2,28.9,31.2,31.8,29.6,35.0,29.7,32.5,26.1,36.3,29.9,30.7,26.6,29.6,25.7,26.4,26.2,21.8,25.8,28.5,24.2,29.6,24.0,25.6,23.4,23.7,21.4,30.4,23.1,21.0,21.8,17.8
895,20.1,24.1,21.0,27.1,25.0,27.8,27.4,23.8,26.4,24.8,27.5,26.8,26.8,25.7,26.9,27.3,24.1,32.5,26.9,27.6,24.9,26.0,28.0,23.3,25.0,25.3,27.2,25.4,22.3,29.1,25.4,27.1,20.5,19.8,19.5,18.9,29.6,24.5,28.5,25.3,31.0,28.2,23.0,25.5,23.0,25.1,24.7,26.5,29.6,23.1,30.2,30.7,26.2,21.1,28.7,29.1,28.8,31.0,31.6,29.1,34.8,29.5,32.4,25.6,36.1,29.5,30.2,26.2,29.5,25.6,25.4,25.9,21.4,25.9,28.1,24.1,29.1,23.8,25.2,23.0,23.3,20.8,30.2,23.0,20.8,21.5,17.5
896,23.6,25.7,24.2,26.7,25.0,27.8,27.5,23.9,27.1,25.0,28.4,27.3,27.8,25.8,27.0,27.7,24.6,33.4,27.9,28.8,25.2,26.2,28.3,23.3,24.6,25.5,27.3,25.4,22.8,29.6,25.3,28.0,20.3,20.0,19.4,18.9,32.9,26.3,28.3,28.1,32.4,32.3,22.7,25.9,25.3,27.6,26.4,30.3,34.9,23.1,31.0,31.9,27.9,23.2,28.7,29.6,28.8,31.3,31.4,29.7,35.3,29.2,33.0,28.8,36.3,30.4,30.7,26.2,30.6,26.6,27.2,25.7,24.6,26.4,31.8,24.2,30.5,24.5,25.5,22.8,23.1,20.4,29.8,23.8,20.7,21.5,17.8
897,28.5,30.0,29.4,30.2,27.8,29.8,30.1,26.8,29.2,27.1,30.4,29.4,30.1,27.6,29.6,29.6,27.5,36.2,30.0,30.8,27.9,28.2,30.9,25.3,27.6,28.6,29.2,28.0,25.1,32.3,27.8,30.0,22.2,22.0,21.0,21.1,37.8,30.5,31.9,33.0,36.1,37.1,25.8,29.3,29.1,33.0,29.9,35.7,42.3,27.1,37.4,35.6,33.5,27.2,29.7,31.6,30.8,33.0,32.4,31.8,37.0,30.3,35.6,35.0,38.1,33.7,34.7,28.0,33.1,28.6,33.3,29.7,29.7,30.2,37.4,29.2,32.6,26.4,27.6,25.4,25.9,22.6,31.7,25.8,22.5,23.7,19.7
898,33.3,33.7,33.7,35.3,30.9,32.7,33.0,29.9,31.8,29.4,32.5,32.0,32.4,29.8,32.4,31.6,30.4,38.4,32.3,32.8,30.6,30.6,33.6,27.8,31.4,31.8,31.2,30.9,27.6,34.8,30.7,32.4,24.9,24.9,23.2,23.8,42.3,34.2,36.4,36.9,39.7,40.5,30.2,32.4,33.5,37.6,33.9,39.3,47.9,30.9,42.9,39.4,38.8,31.0,31.5,34.2,33.2,35.4,34.9,34.0,38.9,32.9,38.2,40.3,40.6,36.5,38.5,30.1,35.7,30.7,38.7,35.8,34.5,33.9,41.7,33.2,34.6,28.5,29.9,29.3,29.4,26.0,34.4,27.6,25.0,26.3,22.1
899,37.6,36.6,36.2,39.6,33.8,35.6,35.9,33.0,34.1,31.8,34.5,34.5,34.8,32.1,35.4,33.4,33.2,40.7,34.6,34.6,33.3,32.7,36.1,30.4,35.1,35.1,33.6,33.8,30.0,37.1,33.5,34.6,27.4,27.3,25.4,26.2,45.8,37.2,40.4,40.2,43.1,42.9,34.3,35.1,37.8,40.7,38.1,42.3,51.5,34.6,47.0,43.2,43.6,34.2,33.6,36.5,35.4,37.6,37.3,35.9,40.8,35.4,40.5,44.3,43.4,39.3,41.9,32.4,38.1,32.8,43.6,40.6,38.7,36.9,45.4,37.3,36.6,30.4,32.3,32.8,32.7,29.9,36.5,29.4,27.7,28.8,24.2
900,40.9,38.4,38.3,43.3,36.4,37.8,38.3,35.4,35.7,33.9,36.4,36.4,36.7,34.1,37.7,35.1,35.4,42.5,36.5,36.0,35.7,34.3,38.3,32.8,38.0,37.6,35.7,36.2,32.2,39.0,35.8,36.5,29.7,29.4,27.3,28.4,48.8,39.2,43.7,42.9,45.9,44.9,37.7,37.5,40.9,43.0,41.5,45.1,54.5,37.9,50.3,46.4,47.6,36.7,35.6,38.3,37.1,39.5,39.6,37.4,42.4,37.9,42.3,47.1,46.1,41.5,44.5,34.5,40.1,34.6,47.3,43.8,41.5,39.2,48.0,40.2,38.2,31.9,34.5,35.9,35.5,33.4,38.3,31.0,29.9,31.1,25.9
901,43.2,39.4,39.6,45.8,38.4,39.9,40.4,37.5,37.0,35.6,37.9,37.8,38.3,35.8,39.8,36.6,37.3,43.7,38.0,37.1,37.3,35.8,40.3,34.7,40.4,39.7,37.5,38.0,33.9,40.6,37.6,37.8,31.6,31.3,28.9,29.9,50.7,40.0,46.5,44.7,48.3,46.4,40.2,39.4,42.8,44.8,43.9,47.2,56.5,40.0,52.7,48.8,50.6,38.3,37.0,39.9,38.5,40.8,41.4,38.5,43.8,39.8,43.8,48.9,48.5,43.2,46.7,36.1,41.8,36.2,49.7,46.1,43.4,41.1,49.8,42.4,39.4,33.0,36.3,38.0,37.8,36.1,39.6,32.1,31.7,32.8,27.5
902,43.5,39.9,39.9,47.4,40.0,41.8,41.9,38.8,38.2,36.7,38.9,38.8,39.2,36.9,41.1,37.7,38.5,44.5,38.7,37.9,38.7,37.1,41.6,36.1,42.1,41.0,38.6,39.2,35.2,41.7,38.9,38.8,32.9,32.6,30.1,31.2,52.2,40.7,48.3,46.2,50.0,47.3,42.2,40.8,44.4,45.6,45.6,48.4,57.7,41.8,54.4,50.3,52.7,39.0,38.1,40.6,39.1,41.8,42.7,39.2,44.6,41.3,44.8,50.1,50.4,44.1,48.4,37.2,43.0,37.2,51.2,47.8,44.6,42.5,51.0,43.7,40.2,33.7,37.3,39.6,39.5,38.0,40.7,32.9,32.9,34.1,28.5
903,43.7,39.9,40.2,48.5,40.8,42.4,42.7,39.6,38.5,37.3,39.3,39.6,39.6,37.5,41.8,38.3,39.0,44.7,39.2,38.3,39.4,37.7,42.4,37.1,42.9,41.9,39.2,39.9,35.8,42.3,39.6,39.3,33.4,33.3,30.9,31.9,53.2,40.5,49.4,46.8,51.1,47.3,43.2,41.5,44.5,45.7,46.5,48.9,58.2,42.5,55.2,51.0,53.9,39.2,38.2,40.8,39.3,42.1,43.6,39.5,44.5,42.1,45.1,50.6,51.8,44.7,49.1,37.8,43.5,37.6,51.9,48.4,45.1,43.1,51.4,44.3,40.5,33.8,37.9,40.1,40.6,39.1,41.1,33.2,33.6,34.8,29.3
904,44.3,38.5,39.1,48.9,40.8,42.7,42.9,39.6,38.5,37.0,39.1,39.8,39.3,37.4,41.8,38.2,38.9,44.2,38.8,37.9,39.2,37.6,42.2,37.2,43.3,41.8,39.1,39.7,35.8,42.3,39.6,39.2,33.4,33.3,30.8,31.7,52.4,39.1,49.7,46.7,51.5,46.2,43.0,41.2,44.0,44.6,46.4,48.0,57.4,42.7,55.1,50.7,54.1,38.2,38.0,40.1,39.0,41.8,43.7,39.1,43.9,42.4,44.6,50.1,52.1,44.1,49.2,37.6,43.3,37.6,51.9,49.1,44.4,43.2,51.0,43.9,40.1,33.5,37.7,40.6,40.3,38.9,40.8,32.8,33.7,34.8,29.1
905,40.9,35.7,35.6,47.9,39.8,41.6,41.8,38.7,37.0,35.7,37.8,39.1,38.0,36.6,40.7,37.2,37.7,42.4,36.9,36.2,38.2,36.4,41.0,36.2,42.3,40.9,38.0,38.6,34.7,41.3,38.7,37.9,32.4,32.3,30.0,30.8,50.0,36.0,49.1,44.8,50.6,42.9,42.4,39.7,41.0,41.6,45.0,45.4,54.2,41.6,53.9,49.0,53.0,34.8,36.9,38.1,37.8,40.5,43.1,37.3,42.2,41.8,42.5,47.7,51.2,42.1,47.5,36.7,42.0,36.2,50.5,48.7,42.1,42.1,48.4,42.6,38.8,32.4,36.5,40.0,39.6,38.5,39.7,31.8,33.1,33.7,28.0
906,35.6,32.3,31.1,45.0,36.6,39.1,38.8,35.5,34.8,33.3,35.6,37.3,35.4,34.5,37.6,34.9,34.5,39.5,35.0,34.4,35.1,34.2,37.8,33.5,38.7,37.7,36.1,35.5,31.9,38.5,36.1,35.1,29.5,29.7,27.9,28.3,44.2,32.6,46.1,39.9,47.9,37.3,39.0,35.8,36.8,37.1,41.1,40.8,47.9,38.0,50.3,45.9,49.1,30.8,34.9,35.9,35.6,38.0,41.0,34.8,40.9,39.5,39.9,42.7,48.8,38.9,42.8,34.5,39.4,33.9,45.9,45.8,37.1,37.9,43.0,38.6,37.0,30.7,33.7,36.6,36.0,35.2,36.7,30.4,30.6,31.3,25.6
907,32.4,30.6,29.0,40.3,34.3,36.6,36.5,32.5,33.5,31.8,34.3,35.6,33.9,32.7,35.3,33.6,31.6,38.1,33.5,33.2,32.6,32.5,35.1,31.3,34.3,33.9,34.7,33.1,29.6,36.5,33.8,33.5,27.2,27.5,26.4,26.4,41.0,30.8,41.3,36.7,45.3,35.1,34.6,33.0,34.7,33.9,38.2,38.2,44.8,33.9,45.7,43.9,42.6,28.9,33.8,34.5,34.1,36.2,38.9,34.0,39.8,37.1,38.3,39.2,46.4,37.3,40.4,33.2,37.7,32.5,40.9,39.6,34.0,34.6,40.0,34.9,35.8,29.6,31.7,32.2,33.0,32.0,34.3,29.4,28.3,29.6,23.8
908,30.2,29.4,27.1,37.4,32.6,35.1,34.9,30.8,32.6,30.8,33.4,34.2,32.9,31.5,33.8,32.4,29.9,37.0,32.1,32.4,31.2,31.2,33.7,30.4,32.5,32.5,33.6,31.6,28.2,35.2,32.2,32.7,26.0,26.0,25.2,25.0,39.4,29.6,38.8,34.4,43.2,33.6,32.5,31.9,32.7,31.9,35.6,36.3,41.8,31.8,42.8,42.1,39.3,27.7,33.0,33.5,33.1,35.3,37.4,33.4,38.9,35.4,36.9,36.9,44.6,36.0,38.6,32.1,36.5,31.3,38.8,36.8,32.0,33.1,37.9,32.9,34.8,28.8,30.6,30.3,31.3,29.9,33.8,28.6,26.8,28.3,22.5
909,28.4,28.7,26.3,35.0,31.6,34.1,33.7,29.4,31.7,30.2,32.5,33.0,31.9,30.6,32.9,31.7,28.7,36.1,31.6,31.8,30.3,30.5,32.7,29.4,31.2,31.4,32.6,30.4,27.3,34.3,31.2,32.0,24.8,24.9,24.4,23.9,37.7,28.8,37.2,32.7,41.6,32.2,30.9,31.2,31.2,30.8,33.8,34.4,39.7,30.3,40.6,40.7,37.3,26.6,32.7,32.7,32.4,34.5,36.5,32.9,38.5,34.5,35.9,34.9,43.0,34.8,37.2,31.2,35.4,30.7,37.1,34.8,30.5,31.8,36.5,31.3,34.0,28.1,29.7,29.0,30.2,28.3,33.4,27.8,25.5,27.3,21.5
910,27.1,27.9,25.5,33.4,30.7,33.2,33.0,28.6,31.0,29.4,31.8,31.8,31.3,29.9,32.1,31.0,28.1,35.5,30.8,31.0,29.5,29.7,32.0,28.7,30.3,30.5,31.8,29.7,26.7,33.3,30.3,31.1,24.1,24.1,23.6,23.3,36.3,28.0,35.7,31.6,40.2,31.4,29.7,30.4,30.0,30.1,32.1,33.0,38.0,29.2,38.7,39.1,36.0,25.7,32.1,32.1,31.8,34.0,35.8,32.5,37.9,33.7,35.3,33.5,41.9,33.7,36.2,30.5,34.6,29.8,35.9,33.1,29.1,30.7,35.0,30.2,33.4,27.5,29.1,27.9,29.2,27.1,32.9,27.2,24.7,26.4,21.1
911,26.0,26.9,24.7,32.1,29.8,32.5,32.1,28.1,30.3,28.8,31.3,30.9,30.8,29.2,31.5,30.5,27.5,35.1,30.3,30.6,28.8,29.2,31.4,27.7,29.4,30.0,31.0,29.1,26.0,32.6,29.4,30.6,23.6,23.5,23.0,22.6,35.4,27.4,34.6,30.7,38.8,30.9,28.4,29.8,28.8,29.6,30.8,31.9,36.4,28.4,37.0,37.5,34.5,24.8,31.6,31.6,31.6,33.7,35.1,32.0,37.4,33.1,34.7,32.3,40.9,33.0,35.3,29.9,33.9,29.3,34.5,31.6,27.9,29.7,34.0,29.3,32.9,26.9,28.7,27.2,28.3,26.2,32.7,26.5,24.2,25.7,20.6
912,24.5,26.4,24.0,31.0,29.0,31.6,31.2,27.4,29.8,28.2,30.7,30.2,30.0,28.7,30.7,30.1,27.0,34.6,29.7,30.2,28.1,28.7,30.9,26.9,29.0,29.2,30.5,28.4,25.3,31.8,28.5,29.9,23.1,22.8,22.1,21.9,34.3,26.5,33.4,29.8,37.5,30.2,27.6,28.9,27.7,28.8,29.6,31.0,34.9,27.5,35.7,36.3,33.3,24.3,31.2,31.2,31.1,33.2,34.6,31.7,37.0,32.6,34.1,31.1,39.9,32.5,34.4,29.3,33.2,28.7,33.3,30.6,26.6,29.4,33.0,28.5,32.4,26.3,28.0,26.7,27.7,25.0,32.4,26.0,23.6,24.8,20.1
913,23.8,25.7,23.3,29.9,28.5,31.0,30.5,26.8,29.1,27.5,30.1,29.4,29.2,28.2,30.1,29.6,26.4,34.2,29.0,29.6,27.4,28.0,30.4,26.2,28.4,28.6,29.7,28.0,24.9,31.2,28.1,29.2,22.4,22.2,21.6,21.1,33.2,26.0,32.3,29.0,36.5,29.8,26.9,28.7,26.8,28.0,28.6,30.1,33.8,26.5,34.7,34.9,31.7,23.6,30.9,30.7,30.7,32.8,34.2,31.3,36.6,32.0,33.7,29.8,39.1,31.8,33.7,28.6,32.5,28.1,32.0,29.5,25.2,28.2,32.0,27.5,31.8,25.8,27.6,26.0,27.0,24.1,32.0,25.4,23.0,24.3,19.6
914,23.4,25.0,22.6,29.1,28.0,30.4,30.0,26.3,28.7,26.9,29.4,28.9,28.6,27.7,29.5,29.1,26.0,33.6,28.7,29.1,27.0,27.6,29.9,25.7,27.8,28.1,29.3,27.5,24.3,30.6,27.6,28.8,21.8,21.6,21.0,20.6,32.1,25.8,31.5,28.3,35.2,29.4,26.4,27.8,25.8,27.5,27.7,29.3,32.8,26.0,33.7,33.9,30.5,23.2,30.5,30.4,30.3,32.3,33.6,30.7,36.2,31.7,33.2,29.1,38.3,31.3,33.3,28.1,31.9,27.5,30.5,28.5,24.4,27.7,31.4,26.8,31.2,25.3,27.0,25.4,26.2,23.4,31.5,24.8,22.3,23.6,19.2
915,22.7,24.7,22.0,28.5,27.5,29.7,29.4,25.8,28.2,26.4,28.9,28.6,28.3,27.0,28.9,28.6,25.6,33.3,28.2,28.7,26.6,27.2,29.5,25.2,27.1,27.7,28.7,27.0,23.9,30.2,27.2,28.3,21.4,21.1,20.7,20.1,31.5,25.3,30.7,27.8,34.3,29.2,25.7,27.4,25.1,26.6,27.1,28.5,31.8,25.6,33.1,32.9,29.4,22.7,30.0,30.0,30.0,31.9,33.0,30.5,35.9,31.1,33.0,28.1,37.8,30.8,32.4,27.6,31.2,27.0,29.5,27.9,23.4,27.5,30.3,26.2,30.9,24.9,26.5,24.8,25.6,22.8,31.5,24.3,21.8,23.0,18.9
916,22.1,24.3,21.7,28.1,26.9,29.1,28.7,25.1,27.7,25.9,28.5,27.7,28.0,26.7,28.4,28.1,25.2,32.8,27.7,28.3,26.2,26.8,29.0,24.6,26.3,27.0,28.3,26.7,23.4,29.8,26.7,28.0,21.0,20.7,20.1,19.7,30.9,25.0,30.0,27.2,33.5,29.0,25.0,26.7,24.6,26.2,26.4,28.0,31.0,24.6,32.2,32.1,28.4,22.2,29.8,29.8,29.8,31.5,32.6,30.1,35.6,30.9,32.7,27.1,37.1,30.5,31.9,27.0,30.6,26.5,28.1,27.5,22.6,26.9,29.9,25.1,30.5,24.6,26.1,24.3,24.8,22.1,31.2,24.0,21.3,22.4,18.4
917,21.3,24.0,21.2,27.7,26.1,28.6,28.2,24.6,27.2,25.5,28.0,27.4,27.4,26.3,27.9,27.7,25.0,32.6,27.4,28.0,25.6,26.4,28.4,24.0,25.9,26.5,27.8,26.3,23.0,29.6,26.0,27.5,20.6,20.3,19.7,19.4,30.3,24.7,29.6,26.5,32.4,28.8,24.3,26.5,23.9,26.0,25.8,27.6,30.4,24.5,31.5,31.7,27.4,21.7,29.6,29.5,29.4,31.5,32.3,29.9,35.3,30.7,32.5,26.8,36.8,30.2,31.4,26.7,30.1,26.0,27.3,27.0,22.2,26.5,29.3,24.8,30.1,24.3,25.8,23.7,24.3,21.7,31.1,23.5,21.0,21.9,18.0
918,20.6,24.1,21.1,27.4,25.5,28.2,27.8,24.2,26.7,25.0,27.7,27.0,27.0,26.0,27.3,27.3,24.4,32.3,27.1,27.6,25.1,26.0,28.2,23.3,25.4,25.8,27.3,25.7,22.5,29.5,25.6,27.2,20.5,19.8,19.3,19.0,30.1,24.4,29.2,26.0,32.0,28.2,23.7,26.0,23.4,25.6,25.4,26.9,29.8,23.9,30.8,31.1,26.8,21.3,29.4,29.1,29.3,31.5,32.2,29.6,35.0,30.2,32.3,26.2,36.5,30.0,31.1,26.3,29.6,25.6,26.5,26.3,21.7,26.1,28.8,24.4,29.7,23.8,25.5,23.2,23.6,21.2,30.8,23.2,20.7,21.5,17.6
919,20.1,24.0,20.9,27.0,25.0,27.8,27.4,23.7,26.4,24.6,27.5,26.7,26.8,25.6,26.9,27.1,24.0,32.3,26.8,27.4,24.8,25.7,28.0,23.1,24.7,25.3,27.0,25.3,22.1,29.1,25.2,26.9,20.2,19.6,19.2,18.7,29.4,24.5,28.5,25.3,31.1,28.0,22.8,25.7,23.0,25.1,24.9,26.7,29.7,23.3,30.2,31.1,26.2,20.9,29.1,29.0,29.1,31.3,32.0,29.2,34.8,29.9,32.2,25.8,36.3,29.6,30.6,25.9,29.4,25.5,25.4,25.9,21.4,26.1,28.4,24.2,29.1,23.6,25.1,22.8,23.1,20.6,30.5,23.1,20.5,21.3,17.2
920,23.7,25.8,24.1,26.7,25.0,27.8,27.6,23.8,27.1,24.8,28.4,27.2,27.7,25.7,27.0,27.5,24.5,33.3,27.8,28.6,25.1,25.9,28.3,23.0,24.5,25.5,27.2,25.3,22.6,29.5,25.2,27.8,20.1,19.7,19.1,18.6,32.9,26.4,28.4,28.3,32.6,32.1,22.5,26.2,25.4,27.8,26.7,30.6,35.2,23.3,31.2,32.4,28.1,23.2,29.0,29.6,29.1,31.6,31.7,29.8,35.4,29.6,32.9,29.2,36.5,30.5,31.2,26.1,30.5,26.6,27.4,25.7,24.8,26.8,32.2,24.3,30.5,24.3,25.4,22.6,22.9,20.3,30.2,24.0,20.4,21.3,17.5
921,28.6,30.1,29.3,30.2,27.7,29.8,30.2,26.6,29.1,27.0,30.2,29.3,29.9,27.4,29.6,29.4,27.4,36.2,29.9,30.6,27.8,28.0,30.8,25.1,27.5,28.5,29.0,27.9,24.8,32.0,27.6,29.8,22.1,21.8,20.8,20.9,37.9,30.4,32.0,33.1,36.3,37.0,25.7,29.7,29.2,33.4,30.3,35.9,42.6,27.4,37.6,36.0,33.6,27.2,30.1,31.8,31.2,33.4,32.8,32.1,37.1,30.7,35.5,35.4,38.5,33.9,35.2,27.7,33.0,28.5,33.6,29.7,29.8,30.6,37.7,29.4,32.5,26.1,27.4,25.3,25.7,22.6,32.2,26.0,22.4,23.5,19.5
922,33.4,33.7,33.5,35.2,30.8,32.7,33.1,29.8,31.5,29.2,32.2,31.8,32.3,29.6,32.5,31.4,30.2,38.4,32.1,32.6,30.4,30.3,33.5,27.7,31.4,31.7,31.0,30.7,27.3,34.5,30.4,32.1,24.9,24.7,22.9,23.7,42.3,34.2,36.4,37.1,39.9,40.5,30.2,32.8,33.5,37.8,34.3,39.5,48.2,31.3,43.1,39.8,39.0,31.1,31.8,34.4,33.6,35.8,35.4,34.3,39.1,33.4,38.1,40.6,40.9,36.9,39.0,29.9,35.4,30.5,39.0,35.7,34.5,34.3,42.1,33.6,34.6,28.3,29.7,29.2,29.3,26.1,34.8,27.9,25.0,26.1,21.9
923,37.6,36.7,36.2,39.6,33.7,35.6,35.9,32.8,33.8,31.6,34.3,34.2,34.6,31.9,35.4,33.1,32.9,40.7,34.4,34.4,33.1,32.3,36.0,30.4,35.0,35.0,33.3,33.6,29.7,36.8,33.2,34.4,27.4,27.2,25.3,26.1,45.9,37.3,40.4,40.4,43.3,42.9,34.4,35.6,37.9,40.9,38.6,42.5,51.8,35.0,47.2,43.6,43.9,34.3,34.0,36.8,35.8,38.0,37.8,36.2,41.0,36.0,40.5,44.7,43.8,39.6,42.3,32.1,37.8,32.6,43.9,40.4,38.7,37.3,45.8,37.6,36.5,30.1,32.1,32.8,32.7,30.0,36.9,29.7,27.6,28.6,24.0
924,40.9,38.5,38.3,43.3,36.3,37.8,38.4,35.3,35.4,33.6,36.1,36.1,36.6,33.8,37.7,34.9,35.2,42.6,36.3,35.9,35.4,33.9,38.3,32.8,38.1,37.6,35.4,36.0,31.9,38.8,35.5,36.2,29.8,29.4,27.2,28.2,48.8,39.3,43.6,43.1,46.1,45.0,37.7,38.0,40.8,43.2,42.0,45.3,54.8,38.1,50.5,46.7,47.9,36.7,36.0,38.6,37.5,39.9,40.1,37.7,42.7,38.4,42.4,47.5,46.6,41.8,45.0,34.2,39.8,34.4,47.6,43.6,41.6,39.8,48.4,40.6,38.0,31.6,34.2,36.0,35.6,33.5,38.6,31.3,29.9,30.9,25.8
925,43.2,39.5,39.6,45.8,38.3,40.0,40.5,37.3,36.7,35.3,37.7,37.6,38.2,35.5,39.8,36.3,37.0,43.9,37.7,37.0,37.0,35.5,40.3,34.7,40.4,39.7,37.2,37.9,33.6,40.4,37.4,37.6,31.7,31.3,28.8,29.9,50.8,40.2,46.5,44.9,48.4,46.5,40.3,39.9,42.9,45.0,44.4,47.4,56.8,40.3,53.0,49.0,50.9,38.3,37.4,40.1,38.8,41.2,41.9,38.8,44.1,40.3,44.0,49.2,48.9,43.5,47.1,35.8,41.6,36.0,50.1,46.0,43.6,41.7,50.1,42.8,39.2,32.7,36.0,38.1,37.9,36.1,40.0,32.3,31.7,32.6,27.4
926,43.8,40.1,40.0,47.2,39.9,41.8,42.0,38.5,37.9,36.4,38.7,38.7,39.2,36.7,41.1,37.5,38.2,44.7,38.5,37.8,38.3,36.8,41.6,36.1,42.2,41.0,38.4,39.0,34.8,41.6,38.6,38.6,33.0,32.6,30.0,31.1,52.3,40.8,48.3,46.4,50.2,47.5,42.2,41.3,44.5,45.9,46.1,48.7,58.0,42.0,54.7,50.5,53.1,39.0,38.4,40.9,39.4,42.1,43.2,39.5,44.9,41.7,45.0,50.4,50.8,44.5,48.7,36.9,42.7,36.9,51.6,47.8,44.8,43.1,51.3,43.9,40.0,33.5,37.1,39.6,39.6,38.0,41.0,33.1,32.9,33.9,28.5
927,43.8,40.2,40.3,48.5,40.7,42.4,42.8,39.5,38.3,36.9,39.1,39.5,39.6,37.3,41.8,38.1,38.8,45.0,39.0,38.1,39.1,37.4,42.3,37.1,43.0,41.8,39.0,39.8,35.5,42.3,39.4,39.1,33.5,33.3,30.9,31.8,53.3,40.7,49.4,47.1,51.3,47.5,43.2,42.0,44.6,46.0,47.0,49.1,58.4,42.7,55.4,51.1,54.2,39.2,38.5,41.1,39.6,42.5,44.1,39.8,44.9,42.5,45.3,50.9,52.2,45.0,49.5,37.5,43.3,37.4,52.2,48.4,45.3,43.7,51.7,44.5,40.4,33.7,37.6,40.1,40.7,39.1,41.4,33.4,33.6,34.6,29.3
928,44.4,38.8,39.2,48.8,40.8,42.7,42.9,39.5,38.2,36.7,38.9,39.7,39.2,37.2,41.8,38.1,38.7,44.5,38.6,37.7,38.9,37.4,42.2,37.2,43.4,41.8,38.9,39.6,35.5,42.3,39.4,39.1,33.5,33.4,30.8,31.7,52.6,39.4,49.7,47.0,51.7,46.5,43.0,41.7,44.1,44.9,46.9,48.3,57.6,43.0,55.4,50.7,54.4,38.4,38.3,40.4,39.3,42.2,44.2,39.5,44.2,42.9,44.9,50.3,52.5,44.5,49.5,37.4,43.2,37.5,52.2,49.3,44.6,43.8,51.2,44.2,40.0,33.4,37.5,40.6,40.4,38.8,41.1,33.1,33.8,34.6,29.1
929,41.1,36.1,35.7,47.9,39.8,41.7,41.9,38.5,36.9,35.5,37.6,39.0,37.9,36.4,40.7,37.1,37.6,42.7,36.7,36.1,38.1,36.3,41.0,36.3,42.4,41.0,37.8,38.5,34.4,41.3,38.5,37.9,32.6,32.4,30.0,30.8,50.3,36.3,49.0,45.1,50.9,43.2,42.5,40.2,41.2,42.0,45.4,45.6,54.5,41.8,54.1,49.1,53.3,35.1,37.2,38.5,38.1,40.9,43.5,37.6,42.5,42.2,42.8,48.0,51.6,42.5,47.9,36.5,41.9,36.1,50.9,49.0,42.4,42.6,48.6,42.9,38.7,32.3,36.3,40.0,39.6,38.5,40.0,32.1,33.2,33.5,28.1
930,35.7,32.6,31.1,45.1,36.7,39.1,38.9,35.4,34.7,33.0,35.4,37.2,35.3,34.3,37.7,34.8,34.3,39.7,34.9,34.3,35.0,34.1,37.9,33.5,38.8,37.8,36.0,35.4,31.6,38.5,35.9,35.1,29.7,29.8,28.0,28.4,44.5,33.0,46.1,40.2,48.2,37.6,39.1,36.4,37.0,37.4,41.6,41.0,48.2,38.4,50.6,46.0,49.5,30.9,35.2,36.3,35.9,38.3,41.5,35.2,41.1,40.0,40.2,43.0,49.2,39.3,43.1,34.3,39.3,33.8,46.4,46.1,37.4,38.4,43.3,39.0,36.9,30.5,33.5,36.9,36.2,35.3,37.0,30.7,30.8,31.3,25.6
931,32.5,30.8,29.1,40.4,34.3,36.7,36.5,32.5,33.4,31.6,34.2,35.5,33.8,32.5,35.3,33.4,31.4,38.2,33.4,33.1,32.4,32.3,35.0,31.3,34.3,34.0,34.5,33.0,29.3,36.5,33.6,33.5,27.3,27.6,26.4,26.4,41.2,31.0,41.4,37.0,45.5,35.3,34.6,33.5,34.7,34.3,38.6,38.4,45.1,34.3,46.0,44.0,43.2,29.0,34.1,34.8,34.3,36.5,39.3,34.4,40.0,37.5,38.5,39.5,46.7,37.7,40.7,33.0,37.6,32.4,41.3,39.8,34.2,35.2,40.3,35.1,35.6,29.4,31.5,32.3,33.1,32.1,34.6,29.7,28.5,29.6,23.8
932,30.3,29.7,27.2,37.4,32.6,35.2,34.9,30.7,32.4,30.6,33.2,34.1,32.8,31.2,33.8,32.3,29.7,37.1,32.0,32.3,31.0,30.9,33.5,30.3,32.5,32.5,33.4,31.5,28.0,35.3,32.0,32.6,26.1,26.1,25.2,25.0,39.6,29.9,38.9,34.7,43.5,33.7,32.4,32.3,32.8,32.4,36.0,36.4,42.2,32.2,43.2,42.3,39.8,27.7,33.2,33.9,33.3,35.5,37.8,33.7,39.2,35.8,37.1,37.3,45.0,36.3,38.9,31.9,36.3,31.1,39.1,36.9,32.2,33.6,38.2,33.2,34.7,28.6,30.4,30.3,31.3,30.0,34.0,28.9,26.9,28.3,22.5
933,28.4,29.0,26.4,35.0,31.5,34.1,33.8,29.4,31.4,29.9,32.3,32.8,31.8,30.3,32.8,31.4,28.5,36.2,31.5,31.6,30.1,30.2,32.5,29.4,31.1,31.4,32.4,30.3,27.1,34.3,31.0,31.8,25.0,24.9,24.4,23.9,37.8,29.0,37.3,33.0,42.0,32.3,30.9,31.5,31.3,31.1,34.2,34.6,40.1,30.7,40.8,40.8,37.6,26.7,33.0,33.0,32.7,34.8,36.9,33.2,38.7,34.9,36.1,35.4,43.3,35.1,37.6,31.0,35.3,30.4,37.4,34.9,30.6,32.2,36.8,31.6,33.9,27.9,29.5,29.0,30.1,28.4,33.6,28.1,25.6,27.2,21.4
934,27.1,28.2,25.6,33.5,30.6,33.2,33.0,28.5,30.7,29.2,31.6,31.6,31.1,29.6,32.1,30.8,27.8,35.6,30.7,30.9,29.3,29.4,31.8,28.7,30.2,30.5,31.6,29.6,26.5,33.3,30.1,31.0,24.3,24.2,23.6,23.2,36.5,28.2,35.8,31.8,40.5,31.5,29.5,30.7,30.1,30.5,32.4,33.1,38.4,29.6,38.9,39.2,36.3,25.8,32.2,32.4,32.0,34.2,36.2,32.8,38.1,34.1,35.5,33.7,42.2,34.0,36.5,30.3,34.5,29.5,36.2,33.3,29.3,31.1,35.3,30.5,33.2,27.2,28.9,27.9,29.1,27.1,33.1,27.4,24.7,26.3,21.1
935,26.0,27.2,24.8,32.2,29.7,32.5,32.1,28.0,29.9,28.6,31.1,30.7,30.6,28.9,31.4,30.2,27.2,35.1,30.2,30.5,28.6,29.0,31.3,27.7,29.4,29.9,30.8,28.9,25.9,32.6,29.2,30.5,23.7,23.5,23.0,22.5,35.5,27.6,34.7,30.8,39.1,31.0,28.3,30.1,28.9,30.0,31.2,32.0,36.8,28.8,37.3,37.7,34.9,25.0,31.9,32.0,31.8,33.9,35.6,32.3,37.6,33.5,34.9,32.5,41.2,33.3,35.6,29.6,33.8,29.0,34.7,31.8,28.0,30.1,34.3,29.5,32.8,26.6,28.4,27.3,28.2,26.3,33.1,26.7,24.2,25.6,20.5
936,24.6,26.6,24.1,31.1,29.0,31.6,31.2,27.4,29.4,28.0,30.4,29.9,29.9,28.5,30.6,29.8,26.7,34.6,29.6,30.0,28.0,28.5,30.8,26.9,28.9,29.2,30.3,28.2,25.2,31.7,28.4,29.7,23.2,22.8,22.1,21.9,34.4,26.7,33.5,29.8,37.8,30.3,27.5,29.2,27.8,29.2,30.0,31.1,35.2,27.8,36.0,36.4,33.6,24.5,31.4,31.5,31.3,33.5,35.1,32.0,37.1,32.9,34.4,31.3,40.2,32.9,34.7,29.1,33.1,28.4,33.5,30.9,26.7,29.7,33.4,28.7,32.2,26.0,27.8,26.8,27.5,25.1,32.7,26.2,23.6,24.8,20.1
937,23.9,26.0,23.6,30.1,28.4,31.0,30.5,26.8,28.8,27.3,29.8,29.1,29.0,27.9,30.0,29.3,26.2,34.3,28.8,29.5,27.3,27.7,30.3,26.3,28.4,28.6,29.5,27.8,24.7,31.2,28.0,29.0,22.5,22.2,21.6,21.1,33.2,26.1,32.5,29.1,36.7,30.0,26.9,29.0,27.0,28.4,28.9,30.2,34.1,26.7,35.0,35.0,32.0,23.8,31.1,31.1,30.9,33.1,34.6,31.6,36.8,32.4,33.9,30.0,39.2,32.1,33.9,28.4,32.4,27.8,32.2,29.8,25.4,28.6,32.5,27.8,31.7,25.5,27.3,26.1,26.9,24.2,32.4,25.6,23.0,24.2,19.6
938,23.5,25.3,22.9,29.2,28.0,30.3,30.0,26.2,28.3,26.7,29.2,28.6,28.4,27.4,29.5,28.9,25.8,33.7,28.5,29.0,26.9,27.3,29.7,25.7,27.8,28.1,29.1,27.4,24.2,30.6,27.5,28.6,21.9,21.7,21.1,20.5,32.3,25.9,31.7,28.5,35.4,29.6,26.3,28.1,25.9,27.8,28.1,29.3,33.0,26.2,34.1,34.1,30.7,23.4,30.7,30.7,30.5,32.6,34.0,31.1,36.4,32.0,33.5,29.2,38.5,31.6,33.4,27.8,31.7,27.3,30.8,28.8,24.5,28.1,31.8,27.1,31.1,25.0,26.7,25.5,26.1,23.5,31.8,25.0,22.4,23.5,19.2
939,22.8,24.9,22.4,28.7,27.3,29.7,29.4,25.7,27.9,26.2,28.7,28.3,28.0,26.7,28.9,28.3,25.4,33.4,28.0,28.5,26.5,26.9,29.4,25.2,27.2,27.7,28.5,26.9,23.8,30.2,27.1,28.2,21.6,21.2,20.7,20.0,31.7,25.5,30.9,28.0,34.7,29.4,25.7,27.7,25.2,26.9,27.4,28.6,32.0,25.6,33.3,33.0,29.6,22.9,30.3,30.4,30.3,32.3,33.4,30.8,36.1,31.4,33.3,28.2,37.9,31.1,32.6,27.3,31.0,26.8,29.7,28.1,23.5,27.7,30.7,26.3,30.7,24.5,26.2,24.9,25.4,23.0,31.8,24.5,22.0,22.9,18.9
940,22.2,24.6,22.0,28.2,26.8,29.1,28.8,25.1,27.3,25.8,28.3,27.4,27.8,26.4,28.4,27.8,25.1,33.1,27.5,28.2,26.1,26.4,28.9,24.6,26.4,27.0,28.2,26.5,23.2,29.8,26.6,27.8,21.2,20.8,20.1,19.6,31.2,25.2,30.3,27.3,33.8,29.2,25.0,27.0,24.8,26.6,26.7,28.1,31.3,24.8,32.4,32.3,28.7,22.5,30.0,30.2,29.9,31.9,32.9,30.4,35.8,31.2,33.0,27.2,37.2,30.8,31.9,26.8,30.5,26.3,28.5,27.7,22.8,27.1,30.3,25.3,30.3,24.2,25.9,24.3,24.8,22.3,31.5,24.2,21.4,22.3,18.4
941,21.4,24.2,21.5,27.8,26.1,28.6,28.3,24.6,26.8,25.4,27.8,27.2,27.2,26.0,27.9,27.4,24.9,32.8,27.2,27.8,25.5,26.0,28.4,24.0,25.9,26.6,27.7,26.1,22.9,29.4,26.0,27.4,20.8,20.4,19.7,19.4,30.6,24.9,29.7,26.7,32.6,28.9,24.3,26.7,23.9,26.4,26.2,27.7,30.6,24.6,31.7,31.9,27.7,22.1,29.8,29.8,29.6,31.8,32.7,30.2,35.5,30.9,32.7,26.9,36.9,30.4,31.6,26.5,30.0,25.8,27.5,27.1,22.5,26.6,29.6,24.9,29.9,23.9,25.6,23.8,24.3,21.9,31.4,23.6,21.1,21.9,18.0
942,20.8,24.4,21.3,27.5,25.5,28.3,27.9,24.2,26.4,24.9,27.5,26.7,26.8,25.8,27.4,27.1,24.3,32.5,26.9,27.4,25.1,25.7,28.2,23.4,25.5,25.9,27.2,25.7,22.5,29.3,25.6,27.1,20.7,20.0,19.4,19.0,30.3,24.6,29.4,26.2,32.3,28.4,23.7,26.1,23.5,26.0,25.7,27.1,30.1,24.0,31.1,31.2,27.1,21.6,29.7,29.5,29.5,31.8,32.5,30.0,35.2,30.5,32.5,26.3,36.6,30.1,31.1,26.1,29.6,25.4,26.6,26.4,21.9,26.3,29.1,24.5,29.5,23.5,25.3,23.3,23.6,21.5,31.1,23.2,20.9,21.5,17.6
943,20.2,24.2,21.2,27.1,25.1,27.9,27.4,23.8,26.0,24.6,27.3,26.3,26.6,25.4,27.0,26.9,23.9,32.5,26.6,27.2,24.8,25.4,28.0,23.2,24.8,25.5,26.9,25.3,22.1,29.0,25.2,26.8,20.4,19.8,19.3,18.7,29.7,24.7,28.7,25.6,31.4,28.3,22.8,25.8,23.2,25.6,25.2,26.9,29.8,23.6,30.5,31.2,26.5,21.3,29.3,29.4,29.3,31.6,32.4,29.5,35.0,30.1,32.4,26.0,36.4,29.7,30.7,25.8,29.3,25.2,25.7,26.0,21.6,26.4,28.6,24.1,28.9,23.2,24.9,22.9,23.1,20.9,30.9,23.1,20.6,21.2,17.3
944,24.0,26.2,24.5,26.8,25.1,27.9,27.7,24.0,26.8,24.9,28.2,26.9,27.6,25.6,27.2,27.3,24.5,33.5,27.6,28.5,25.1,25.8,28.3,23.2,24.6,25.7,27.1,25.4,22.7,29.5,25.3,27.8,20.3,19.9,19.2,18.7,33.2,26.8,28.6,28.7,32.9,32.5,22.5,26.4,25.7,28.4,27.0,30.9,35.4,23.5,31.4,32.5,28.4,23.7,29.3,30.0,29.3,32.0,32.0,30.2,35.6,29.9,33.1,29.5,36.7,30.7,31.4,26.0,30.4,26.3,27.8,25.8,25.0,27.1,32.5,24.5,30.3,24.1,25.3,22.8,22.9,20.6,30.6,24.1,20.6,21.4,17.6
945,29.0,30.5,29.8,30.4,27.9,30.0,30.3,26.8,29.0,27.0,30.2,29.1,29.8,27.3,29.7,29.3,27.4,36.5,29.8,30.4,27.8,28.0,30.9,25.3,27.7,28.7,29.0,28.0,24.9,32.0,27.6,29.7,22.3,22.1,20.9,21.0,38.2,30.9,32.2,33.5,36.6,37.3,25.9,30.1,29.5,34.1,30.7,36.2,42.9,27.6,37.9,36.2,34.0,27.7,30.4,32.2,31.5,33.7,33.2,32.6,37.4,31.0,35.8,35.7,38.7,34.1,35.4,27.7,32.8,28.3,34.1,29.9,30.0,31.0,38.0,29.6,32.4,26.1,27.4,25.5,25.9,23.0,32.6,26.0,22.6,23.6,19.6
946,33.8,34.2,34.0,35.5,31.0,32.9,33.2,29.9,31.4,29.2,32.2,31.7,32.3,29.6,32.6,31.3,30.3,38.7,32.0,32.5,30.4,30.2,33.6,27.9,31.7,31.9,31.0,30.8,27.4,34.5,30.4,32.1,25.1,24.9,23.1,23.8,42.7,34.8,36.7,37.5,40.2,40.9,30.5,33.1,33.9,38.5,34.8,39.7,48.3,31.6,43.4,40.0,39.4,31.6,32.2,34.9,34.0,36.2,35.8,34.9,39.4,33.7,38.5,40.9,41.1,37.2,39.2,29.9,35.3,30.4,39.4,36.0,34.8,34.9,42.4,33.9,34.4,28.2,29.7,29.6,29.6,26.6,35.2,27.9,25.2,26.1,22.0
947,38.1,37.3,36.8,40.0,34.0,35.8,36.1,32.9,33.7,31.6,34.3,34.1,34.7,31.9,35.6,33.1,32.9,41.1,34.3,34.3,33.1,32.2,36.2,30.7,35.4,35.3,33.4,33.7,29.8,36.9,33.2,34.4,27.7,27.4,25.4,26.2,46.2,37.9,40.8,40.8,43.6,43.5,34.7,36.0,38.3,41.6,39.0,42.8,51.9,35.4,47.4,43.7,44.3,34.8,34.4,37.3,36.1,38.4,38.2,36.8,41.4,36.3,40.9,45.0,44.0,40.0,42.6,32.1,37.6,32.5,44.3,40.9,39.1,37.9,46.0,37.9,36.3,30.1,32.1,33.4,33.1,30.6,37.3,29.8,27.9,28.7,24.2
948,41.5,39.3,38.9,43.7,36.5,38.1,38.6,35.3,35.4,33.6,36.1,36.1,36.7,33.8,38.0,34.9,35.2,42.9,36.3,35.8,35.4,33.9,38.4,33.1,38.5,37.9,35.4,36.0,31.9,39.0,35.5,36.3,30.1,29.7,27.4,28.4,49.1,40.0,44.1,43.4,46.4,45.6,38.2,38.4,41.3,44.0,42.5,45.6,54.9,38.6,50.7,46.8,48.3,37.3,36.4,39.1,37.9,40.3,40.4,38.3,43.1,38.7,42.8,47.8,46.9,42.2,45.3,34.2,39.8,34.3,48.0,44.1,42.1,40.3,48.6,40.9,37.9,31.7,34.2,36.5,36.0,34.1,38.9,31.4,30.2,30.9,25.9
949,43.9,40.2,40.3,46.2,38.5,40.2,40.7,37.5,36.8,35.3,37.7,37.6,38.4,35.5,40.0,36.3,37.0,44.2,37.7,37.0,37.0,35.5,40.4,35.0,40.9,40.0,37.2,38.0,33.7,40.6,37.4,37.6,32.0,31.6,29.0,30.0,51.2,40.8,46.9,45.3,48.8,47.2,40.8,40.3,43.5,45.7,44.8,47.6,56.9,40.7,53.2,49.2,51.2,38.9,37.7,40.6,39.1,41.6,42.3,39.4,44.5,40.7,44.4,49.5,49.3,43.9,47.4,35.8,41.5,36.1,50.5,46.5,44.3,42.2,50.3,43.2,39.1,32.9,36.0,38.7,38.4,36.8,40.4,32.4,32.1,32.7,27.6
950,44.5,40.8,40.7,47.7,40.2,42.1,42.4,38.7,38.0,36.4,38.9,38.7,39.4,36.6,41.5,37.5,38.2,45.1,38.6,37.8,38.4,36.8,41.8,36.5,42.7,41.5,38.4,39.2,34.9,41.7,38.6,38.8,33.5,32.9,30.3,31.3,52.7,41.4,48.7,46.8,50.6,48.1,42.7,41.8,45.2,46.6,46.5,48.8,58.2,42.3,54.9,50.6,53.4,39.6,38.8,41.3,39.8,42.5,43.5,40.1,45.3,42.1,45.4,50.6,51.2,44.9,49.0,36.9,42.7,37.1,52.1,48.4,45.6,43.6,51.5,44.3,39.8,33.7,37.1,40.3,40.1,38.6,41.2,33.2,33.4,34.0,28.7
951,44.4,40.9,41.0,49.0,41.2,42.8,43.2,39.8,38.4,37.0,39.3,39.6,39.8,37.3,42.2,38.2,38.9,45.4,39.1,38.1,39.1,37.4,42.5,37.5,43.6,42.3,39.0,40.0,35.6,42.4,39.4,39.2,34.0,33.7,31.1,32.0,53.7,41.3,49.9,47.6,51.7,48.2,43.7,42.5,45.4,46.7,47.4,49.3,58.7,43.1,55.7,51.2,54.5,39.9,38.9,41.5,40.0,42.9,44.4,40.3,45.3,43.1,45.7,51.1,52.5,45.5,49.8,37.6,43.3,37.6,52.7,49.0,46.1,44.3,51.9,44.9,40.2,33.9,37.6,40.8,41.2,39.7,41.6,33.5,34.2,34.7,29.5
952,45.1,39.6,40.0,49.4,41.3,43.1,43.4,39.8,38.3,36.7,39.0,39.8,39.4,37.3,42.2,38.2,38.8,45.0,38.8,37.7,39.1,37.4,42.4,37.6,44.0,42.3,39.0,39.9,35.6,42.4,39.5,39.2,34.0,33.8,31.1,32.0,53.1,40.1,50.2,47.4,52.2,47.2,43.6,42.3,44.8,45.7,47.4,48.4,57.9,43.3,55.6,50.8,54.7,39.2,38.7,40.9,39.7,42.6,44.5,40.0,44.7,43.4,45.3,50.5,52.9,45.0,49.8,37.5,43.3,37.6,52.6,49.8,45.4,44.4,51.4,44.6,39.9,33.6,37.6,41.3,41.1,39.5,41.4,33.2,34.3,34.8,29.4
953,41.8,36.9,36.5,48.4,40.3,42.1,42.4,38.9,37.0,35.7,37.7,39.2,38.2,36.5,41.2,37.2,37.7,43.2,36.8,36.2,38.1,36.3,41.3,36.8,43.0,41.4,37.9,38.8,34.6,41.5,38.6,38.0,33.1,32.8,30.3,31.1,50.8,37.1,49.6,45.6,51.4,43.8,43.1,40.8,42.0,42.7,46.0,45.9,54.9,42.2,54.4,49.2,53.7,35.9,37.6,39.0,38.6,41.3,43.8,38.2,43.0,42.8,43.3,48.3,51.9,43.0,48.1,36.6,42.0,36.3,51.3,49.7,43.2,43.2,48.9,43.3,38.7,32.4,36.4,40.8,40.3,39.3,40.3,32.2,33.8,33.8,28.4
954,36.4,33.3,31.8,45.7,37.2,39.6,39.4,35.8,34.8,33.2,35.6,37.3,35.6,34.4,38.1,34.9,34.5,40.2,34.9,34.3,35.3,34.2,38.2,34.0,39.5,38.4,36.1,35.8,31.9,38.7,36.1,35.3,30.2,30.3,28.3,28.8,44.9,33.6,46.7,40.7,48.7,38.2,39.8,37.0,37.6,38.1,42.1,41.3,48.6,38.8,51.0,46.1,49.9,31.5,35.6,36.7,36.3,38.7,41.9,35.6,41.5,40.5,40.5,43.2,49.6,39.7,43.5,34.4,39.4,33.9,46.8,46.7,38.1,39.1,43.6,39.4,36.9,30.6,33.8,37.6,36.8,36.1,37.3,30.8,31.5,31.5,25.9
955,33.2,31.6,29.7,41.0,34.8,37.1,36.9,32.8,33.6,31.8,34.3,35.7,34.0,32.7,35.7,33.6,31.6,38.7,33.5,33.1,32.7,32.5,35.3,31.7,34.9,34.5,34.7,33.4,29.6,36.7,33.9,33.6,27.8,28.0,26.7,26.7,41.7,31.6,41.9,37.5,46.1,35.8,35.2,33.9,35.4,34.9,39.0,38.7,45.4,34.6,46.4,44.1,43.5,29.5,34.4,35.3,34.7,36.9,39.7,34.7,40.4,38.0,38.8,39.7,47.0,38.1,41.0,33.1,37.7,32.5,41.6,40.3,34.8,35.9,40.5,35.5,35.6,29.5,31.8,32.9,33.6,32.7,34.7,29.8,29.0,29.7,24.1
956,31.1,30.4,27.8,37.9,33.1,35.6,35.3,31.1,32.5,30.7,33.3,34.3,33.0,31.5,34.3,32.4,29.9,37.5,32.0,32.3,31.3,31.1,33.8,30.7,33.0,33.0,33.6,31.8,28.2,35.5,32.3,32.7,26.5,26.5,25.6,25.3,40.1,30.4,39.4,35.1,44.0,34.3,32.9,32.7,33.4,33.1,36.4,36.5,42.5,32.5,43.6,42.4,40.1,28.2,33.6,34.3,33.7,35.9,38.1,34.1,39.5,36.2,37.4,37.4,45.2,36.6,39.2,32.0,36.4,31.2,39.6,37.4,32.7,34.2,38.4,33.6,34.7,28.7,30.6,30.8,31.8,30.6,34.2,28.9,27.3,28.5,22.8
957,29.1,29.6,27.0,35.5,31.9,34.5,34.2,29.8,31.6,30.1,32.4,32.9,32.0,30.6,33.3,31.6,28.8,36.7,31.6,31.6,30.4,30.5,32.9,29.8,31.7,31.9,32.6,30.7,27.4,34.5,31.3,31.9,25.4,25.3,24.7,24.1,38.3,29.5,37.9,33.5,42.5,32.9,31.5,31.9,31.9,31.8,34.6,34.7,40.4,31.0,41.2,40.9,38.0,27.3,33.3,33.4,33.0,35.2,37.2,33.6,39.0,35.2,36.5,35.4,43.6,35.3,37.8,31.2,35.4,30.6,37.8,35.4,31.1,32.8,36.9,32.1,33.9,28.0,29.7,29.5,30.6,29.0,33.8,28.2,26.1,27.5,21.7
958,27.7,28.8,26.2,34.0,31.0,33.7,33.3,28.9,30.9,29.4,31.8,31.8,31.3,29.9,32.5,31.0,28.1,36.0,30.8,30.9,29.6,29.7,32.2,29.0,30.8,31.0,31.8,30.0,26.7,33.6,30.4,31.2,24.8,24.5,23.9,23.5,37.0,28.8,36.4,32.3,41.0,32.1,30.0,31.3,30.7,31.1,32.8,33.2,38.6,30.0,39.4,39.3,36.8,26.5,32.6,32.8,32.3,34.6,36.5,33.2,38.3,34.5,35.9,33.7,42.4,34.2,36.6,30.5,34.6,29.7,36.6,33.7,29.7,31.7,35.4,30.9,33.3,27.4,29.2,28.5,29.6,27.8,33.3,27.4,25.3,26.6,21.3
959,26.6,28.0,25.4,32.8,30.2,32.8,32.6,28.4,30.1,28.8,31.2,31.0,30.7,29.1,31.8,30.4,27.5,35.6,30.3,30.4,28.9,29.2,31.7,28.2,29.9,30.4,31.1,29.3,26.2,32.8,29.6,30.6,24.3,23.9,23.3,22.9,36.1,28.1,35.2,31.3,39.5,31.6,28.9,30.5,29.5,30.6,31.6,32.2,37.0,29.0,37.8,37.8,35.3,25.6,32.1,32.3,32.0,34.1,35.8,32.7,37.8,33.8,35.3,32.6,41.4,33.6,35.7,29.8,33.8,29.1,35.2,32.3,28.6,30.7,34.3,29.9,32.9,26.8,28.7,27.9,28.7,26.8,33.2,26.7,24.8,25.9,20.7
960,25.3,27.2,24.6,31.8,29.4,32.1,31.6,27.8,29.7,28.3,30.6,30.3,30.1,28.7,31.1,30.0,26.9,35.1,29.7,30.0,28.3,28.7,31.2,27.3,29.4,29.6,30.6,28.6,25.5,32.0,28.8,30.0,23.8,23.3,22.5,22.2,35.1,27.2,34.0,30.2,38.2,30.9,28.1,29.8,28.4,29.7,30.3,31.2,35.4,28.0,36.4,36.4,34.0,25.0,31.6,31.8,31.5,33.6,35.4,32.4,37.3,33.2,34.8,31.2,40.3,33.1,34.8,29.3,33.1,28.5,33.9,31.3,27.4,30.2,33.3,29.0,32.3,26.2,28.1,27.4,28.1,25.7,33.0,26.2,24.2,25.1,20.3
961,24.4,26.7,24.2,30.8,28.9,31.4,30.9,27.2,29.0,27.7,30.0,29.5,29.3,28.2,30.5,29.5,26.5,34.7,29.0,29.5,27.6,28.0,30.7,26.7,28.9,29.1,29.8,28.3,25.1,31.4,28.4,29.2,23.1,22.7,22.1,21.5,33.9,26.7,33.2,29.5,37.1,30.5,27.5,29.5,27.5,28.9,29.3,30.2,34.2,26.8,35.3,35.0,32.4,24.4,31.3,31.4,31.1,33.2,34.9,31.9,37.0,32.7,34.3,29.8,39.4,32.2,33.9,28.7,32.5,28.0,32.6,30.3,26.1,29.2,32.7,28.1,31.7,25.7,27.6,26.7,27.4,24.9,32.6,25.6,23.7,24.6,20.0
962,23.9,26.0,23.5,29.9,28.4,30.8,30.5,26.7,28.5,27.1,29.4,29.0,28.7,27.7,30.0,29.1,26.2,34.1,28.6,29.0,27.3,27.6,30.2,26.2,28.3,28.6,29.5,27.8,24.6,30.8,27.9,28.9,22.6,22.3,21.6,21.1,33.0,26.4,32.4,28.9,35.9,30.1,26.9,28.6,26.4,28.2,28.4,29.4,33.1,26.4,34.5,34.1,31.2,23.9,30.9,31.0,30.7,32.7,34.3,31.4,36.6,32.2,33.8,29.2,38.6,31.7,33.4,28.1,31.9,27.5,31.2,29.3,25.2,28.6,31.9,27.4,31.1,25.3,27.1,26.0,26.7,24.2,32.0,25.0,23.0,23.9,19.6
963,23.3,25.6,23.0,29.3,27.8,30.2,29.8,26.3,28.1,26.6,28.9,28.7,28.4,27.1,29.4,28.6,25.8,33.8,28.2,28.5,26.9,27.3,29.8,25.6,27.7,28.3,29.0,27.4,24.2,30.4,27.6,28.5,22.2,21.7,21.2,20.5,32.3,26.0,31.6,28.3,35.0,29.9,26.2,28.1,25.8,27.4,27.8,28.7,32.1,25.8,33.7,33.0,30.0,23.4,30.5,30.8,30.4,32.3,33.7,31.2,36.2,31.7,33.6,28.1,37.9,31.2,32.5,27.6,31.2,27.0,30.2,28.6,24.3,28.3,30.8,26.6,30.7,24.8,26.6,25.4,26.0,23.6,31.9,24.5,22.6,23.4,19.3
964,22.7,25.2,22.6,28.7,27.3,29.6,29.2,25.7,27.5,26.2,28.6,27.8,28.2,26.8,28.9,28.1,25.6,33.5,27.7,28.2,26.5,26.8,29.4,25.0,27.0,27.6,28.6,27.0,23.8,29.9,27.1,28.1,21.8,21.4,20.6,20.2,31.8,25.6,31.0,27.6,34.1,29.8,25.6,27.4,25.3,26.8,27.0,28.1,31.4,24.9,32.8,32.3,29.1,22.9,30.2,30.5,30.1,32.0,33.2,30.7,35.9,31.5,33.3,27.0,37.2,31.0,31.9,27.2,30.7,26.6,29.0,28.3,23.6,27.6,30.3,25.6,30.3,24.6,26.3,24.9,25.4,22.9,31.6,24.1,22.0,22.8,18.9
965,21.8,24.7,22.2,28.2,26.7,29.2,28.8,25.2,27.0,25.9,28.2,27.5,27.6,26.5,28.4,27.7,25.4,33.1,27.5,27.9,26.1,26.4,29.0,24.5,26.6,27.1,28.3,26.6,23.4,29.6,26.6,27.7,21.3,21.1,20.2,20.0,31.3,25.3,30.3,27.1,33.0,29.5,24.9,27.1,24.5,26.7,26.5,27.7,30.7,24.7,32.0,31.8,28.1,22.6,30.0,30.2,29.7,31.8,33.0,30.5,35.6,31.2,33.0,26.8,36.9,30.6,31.4,26.9,30.3,26.1,28.0,27.5,23.2,27.1,29.5,25.2,30.0,24.2,26.0,24.3,24.8,22.4,31.6,23.6,21.6,22.4,18.6
966,21.2,24.8,21.9,27.9,26.2,28.8,28.4,24.8,26.6,25.4,27.9,27.1,27.2,26.2,27.9,27.4,24.9,32.9,27.2,27.4,25.6,26.1,28.8,23.9,26.0,26.6,27.8,26.1,23.0,29.6,26.1,27.4,21.2,20.7,19.9,19.6,30.9,25.0,30.0,26.7,32.7,29.0,24.1,26.4,24.0,26.3,26.0,27.2,30.1,24.2,31.4,31.3,27.5,22.1,29.8,29.8,29.6,31.8,32.8,30.3,35.3,30.7,32.8,26.2,36.6,30.2,31.0,26.6,29.8,25.8,27.0,26.9,22.6,26.8,29.0,24.7,29.6,23.8,25.8,23.8,24.1,22.0,31.2,23.2,21.4,22.1,18.2
967,20.7,24.7,21.8,27.5,25.7,28.4,28.0,24.4,26.4,25.1,27.7,26.8,27.0,25.8,27.5,27.2,24.5,32.9,26.9,27.3,25.3,25.9,28.6,23.7,25.4,26.1,27.5,25.8,22.7,29.2,25.7,27.1,20.9,20.4,19.9,19.2,30.3,25.1,29.3,25.9,31.8,28.9,23.3,26.2,23.7,25.9,25.5,27.0,29.9,23.9,30.8,31.2,26.8,21.8,29.5,29.8,29.5,31.7,32.6,29.8,35.1,30.4,32.8,26.0,36.4,29.9,30.5,26.2,29.5,25.5,26.1,26.6,22.2,26.8,28.5,24.3,29.1,23.6,25.4,23.4,23.6,21.5,31.0,23.0,21.1,21.8,17.9
968,24.8,26.7,25.2,27.3,25.7,28.5,28.3,24.7,27.1,25.5,28.6,27.4,28.0,26.0,27.8,27.8,25.1,33.9,28.0,28.7,25.8,26.3,29.0,23.7,25.1,26.4,27.7,25.9,23.4,29.8,25.8,28.1,20.9,20.6,19.8,19.3,33.9,27.2,29.2,29.2,33.4,33.1,22.9,26.9,26.4,28.9,27.4,31.1,35.7,23.8,31.8,32.6,28.9,24.3,29.4,30.4,29.5,32.1,32.3,30.6,35.8,30.2,33.5,29.7,36.7,31.0,31.5,26.4,30.6,26.7,28.4,26.5,25.7,27.5,32.7,24.7,30.5,24.5,25.8,23.3,23.4,21.1,30.7,24.1,21.1,22.0,18.2
969,29.8,31.0,30.4,31.0,28.5,30.6,30.9,27.5,29.3,27.6,30.5,29.5,30.3,27.7,30.4,29.7,28.0,36.9,30.2,30.6,28.3,28.5,31.6,26.0,28.2,29.4,29.5,28.5,25.6,32.4,28.2,30.0,22.9,22.8,21.6,21.6,39.0,31.3,32.9,34.1,37.1,38.0,26.4,30.6,30.3,34.6,31.1,36.4,43.1,27.9,38.3,36.3,34.4,28.3,30.6,32.6,31.7,33.9,33.5,33.0,37.5,31.3,36.3,35.9,38.7,34.4,35.5,28.2,33.1,28.7,34.6,30.6,30.8,31.6,38.2,30.0,32.6,26.5,27.9,26.2,26.5,23.6,32.8,26.1,23.1,24.2,20.2
970,34.7,34.7,34.6,36.2,31.6,33.5,33.9,30.7,31.7,29.7,32.5,32.0,32.7,30.0,33.3,31.7,30.8,39.2,32.5,32.7,30.9,30.6,34.2,28.5,32.2,32.6,31.5,31.3,28.0,35.0,31.0,32.4,25.7,25.7,23.7,24.5,43.5,35.2,37.5,38.0,40.6,41.5,31.1,33.7,34.7,39.1,35.3,40.0,48.5,31.9,43.8,40.2,39.9,32.2,32.5,35.3,34.2,36.4,36.1,35.3,39.6,34.1,38.9,41.2,41.2,37.6,39.3,30.3,35.6,30.8,40.0,36.7,35.6,35.5,42.5,34.3,34.7,28.7,30.2,30.2,30.3,27.2,35.4,28.0,25.8,26.9,22.5
971,39.0,37.6,37.2,40.7,34.6,36.5,36.8,33.7,33.9,32.2,34.6,34.5,35.0,32.4,36.3,33.5,33.5,41.4,34.6,34.5,33.6,32.6,36.7,31.3,36.0,36.1,33.9,34.3,30.4,37.3,33.8,34.7,28.2,28.1,26.0,26.9,46.9,38.2,41.5,41.2,44.1,44.1,35.3,36.5,39.1,42.1,39.6,43.1,52.0,35.8,47.9,43.9,44.8,35.2,34.7,37.8,36.4,38.6,38.5,37.2,41.6,36.7,41.3,45.3,44.2,40.5,42.7,32.6,37.9,32.9,44.9,41.5,39.8,38.5,46.2,38.3,36.6,30.5,32.6,34.1,33.8,31.2,37.5,29.9,28.4,29.5,24.7
972,42.3,39.4,39.3,44.3,37.2,38.8,39.4,36.1,35.6,34.2,36.4,36.4,36.9,34.3,38.8,35.3,35.7,43.4,36.5,36.0,35.9,34.3,38.9,33.8,39.3,38.7,35.9,36.7,32.5,39.3,36.1,36.6,30.5,30.4,28.0,29.1,49.8,40.2,44.7,43.8,46.9,46.3,38.8,39.0,42.1,44.4,43.0,45.8,55.1,38.9,51.1,47.1,48.8,37.6,36.6,39.6,38.1,40.5,40.8,38.8,43.3,39.2,43.2,48.1,47.0,42.7,45.5,34.7,40.0,34.6,48.6,44.7,42.9,41.0,48.8,41.3,38.1,32.1,34.7,37.2,36.7,34.6,39.1,31.5,30.8,31.7,26.5
973,44.6,40.5,40.6,46.9,39.2,41.0,41.6,38.2,37.0,35.8,38.0,37.9,38.6,36.0,40.8,36.7,37.6,44.7,37.9,37.2,37.6,35.9,40.9,35.7,41.6,40.7,37.8,38.7,34.3,40.9,38.0,37.9,32.5,32.2,29.5,30.7,51.8,41.0,47.5,45.7,49.3,47.8,41.4,40.9,44.3,46.2,45.4,47.8,57.2,41.1,53.6,49.5,51.8,39.1,37.9,41.2,39.3,41.8,42.7,40.0,44.8,41.2,44.9,49.9,49.5,44.5,47.6,36.3,41.8,36.3,51.1,47.1,45.0,42.7,50.6,43.5,39.3,33.2,36.5,39.4,39.0,37.1,40.6,32.5,32.6,33.4,28.1
974,45.6,41.0,41.0,48.4,40.9,43.0,43.2,39.4,38.2,37.0,39.1,39.1,39.6,37.2,42.3,37.9,38.8,45.6,38.8,37.9,39.0,37.3,42.3,37.1,43.4,42.2,38.9,39.9,35.5,42.0,39.2,39.0,33.8,33.5,30.8,31.9,53.4,41.6,49.3,47.2,51.1,48.6,43.4,42.4,46.0,47.0,47.0,49.1,58.4,42.8,55.2,50.9,53.9,39.9,38.9,41.9,40.0,42.7,43.9,40.7,45.6,42.7,45.8,51.1,51.4,45.4,49.2,37.4,42.9,37.4,52.5,49.0,46.3,44.2,51.8,44.7,40.0,34.0,37.6,40.8,40.7,39.0,41.4,33.4,33.8,34.7,29.1
975,45.4,41.0,41.4,49.7,41.8,43.6,44.0,40.4,38.6,37.5,39.5,39.9,40.0,37.8,43.0,38.6,39.5,45.8,39.2,38.3,39.6,38.2,43.1,38.1,44.3,43.0,39.5,40.7,36.2,42.8,39.9,39.4,34.3,34.2,31.6,32.6,54.3,41.5,50.5,48.0,52.2,48.7,44.4,43.1,46.2,47.1,48.0,49.5,58.8,43.6,56.0,51.4,54.9,40.2,39.1,42.1,40.2,43.1,44.7,40.9,45.6,43.6,46.3,51.6,52.7,46.0,49.9,38.1,43.5,37.9,53.0,49.6,46.8,44.9,52.3,45.3,40.4,34.2,38.1,41.2,41.8,40.0,41.8,33.7,34.6,35.4,29.9
976,45.8,39.8,40.3,50.1,41.9,43.8,44.2,40.4,38.6,37.3,39.2,40.1,39.7,37.8,42.9,38.6,39.4,45.3,38.9,37.9,39.6,38.1,43.0,38.2,44.6,42.9,39.4,40.4,36.2,42.8,40.1,39.4,34.3,34.3,31.6,32.5,53.7,40.3,50.8,47.8,52.6,47.7,44.1,42.8,45.6,46.0,47.9,48.7,58.1,43.8,55.9,51.1,55.2,39.3,38.9,41.5,39.9,42.8,44.9,40.5,45.0,43.9,45.8,51.0,53.0,45.4,49.9,38.0,43.5,37.9,53.1,50.3,46.0,44.9,51.9,45.0,40.1,33.9,38.1,41.8,41.6,39.8,41.6,33.4,34.6,35.4,29.8
977,42.4,37.1,36.9,49.1,40.9,42.8,43.1,39.4,37.4,36.2,38.0,39.5,38.5,37.0,41.9,37.6,38.3,43.5,37.0,36.4,38.6,37.0,41.8,37.3,43.6,42.1,38.4,39.4,35.2,41.9,39.2,38.3,33.3,33.3,30.8,31.7,51.4,37.4,50.2,46.0,51.8,44.4,43.6,41.4,42.6,43.2,46.5,46.2,55.2,42.6,54.7,49.5,54.1,36.0,37.9,39.6,38.8,41.6,44.2,38.8,43.3,43.4,43.8,48.7,52.0,43.4,48.3,37.1,42.3,36.6,51.7,50.2,43.7,43.8,49.4,43.7,38.9,32.8,37.0,41.1,40.8,39.5,40.6,32.4,34.0,34.4,28.7
978,37.0,33.5,32.1,46.3,37.8,40.3,40.1,36.4,35.2,33.8,35.9,37.8,36.0,34.9,38.8,35.4,35.1,40.5,35.2,34.6,35.8,35.0,38.7,34.5,40.1,39.1,36.7,36.4,32.4,39.2,36.6,35.8,30.5,30.7,28.8,29.3,45.3,33.8,47.3,41.2,49.2,38.7,40.3,37.5,38.3,38.5,42.6,41.6,48.8,39.2,51.3,46.4,50.4,31.6,35.8,37.3,36.6,39.1,42.4,36.0,41.8,41.1,41.0,43.7,49.8,40.1,43.7,34.9,39.7,34.3,47.4,47.3,38.7,39.7,44.1,39.9,37.2,31.0,34.3,37.9,37.4,36.4,37.6,30.9,31.7,32.0,26.3
979,33.8,31.7,30.0,41.4,35.2,37.8,37.6,33.3,33.9,32.3,34.7,36.1,34.5,33.1,36.4,34.1,32.1,38.8,33.7,33.4,33.2,33.2,35.8,32.1,35.4,35.1,35.2,34.0,30.1,37.2,34.4,34.1,27.9,28.3,27.1,27.0,42.2,31.9,42.4,38.0,46.5,36.3,35.5,34.4,36.1,35.4,39.6,39.0,45.7,35.0,46.8,44.4,44.0,29.6,34.6,35.7,34.9,37.1,40.2,35.0,40.7,38.5,39.2,40.1,47.1,38.4,41.0,33.6,38.0,32.9,42.1,40.9,35.2,36.3,40.9,35.9,35.9,29.9,32.3,33.1,34.0,32.9,34.9,29.8,29.1,30.2,24.5
980,31.7,30.4,28.1,38.4,33.5,36.2,35.8,31.4,32.8,31.1,33.7,34.7,33.5,31.9,34.8,32.9,30.3,37.6,32.4,32.5,31.7,31.8,34.3,30.9,33.4,33.5,34.1,32.2,28.7,36.0,32.7,33.2,26.6,26.8,25.9,25.7,40.5,30.6,39.9,35.5,44.5,34.8,33.3,33.1,34.1,33.4,36.9,36.8,42.8,32.8,43.9,42.6,40.5,28.4,33.8,34.7,34.0,36.1,38.5,34.4,39.7,36.7,37.8,37.7,45.5,36.8,39.3,32.5,36.8,31.6,39.9,37.8,33.2,34.5,38.8,33.9,35.1,29.2,31.0,30.9,32.1,30.7,34.4,29.0,27.4,28.8,23.1
981,29.6,29.6,27.3,35.9,32.2,35.0,34.6,30.1,32.0,30.4,32.9,33.4,32.5,30.9,33.7,32.1,29.1,36.8,32.0,31.8,30.7,31.0,33.3,30.0,32.0,32.3,33.0,31.0,27.8,34.9,31.6,32.4,25.5,25.6,25.0,24.5,38.7,29.7,38.3,33.8,42.9,33.5,31.9,32.3,32.5,32.2,34.9,34.9,40.6,31.4,41.5,41.1,38.3,27.5,33.5,33.7,33.2,35.4,37.6,33.8,39.1,35.7,36.7,35.8,43.7,35.6,37.8,31.5,35.7,31.0,38.1,35.9,31.5,33.1,37.3,32.4,34.2,28.6,30.0,29.7,30.8,29.1,33.9,28.2,26.3,27.9,22.1
982,28.2,28.8,26.6,34.4,31.2,34.1,33.7,29.2,31.3,29.6,32.2,32.3,31.7,30.2,32.9,31.4,28.4,36.1,31.2,31.2,29.8,30.2,32.6,29.2,31.1,31.4,32.1,30.3,27.1,34.0,30.7,31.7,24.9,24.8,24.3,23.9,37.4,28.9,36.8,32.6,41.4,32.6,30.4,31.7,31.2,31.5,33.1,33.4,38.7,30.2,39.7,39.5,37.0,26.6,32.7,33.0,32.4,34.8,36.9,33.4,38.5,34.9,36.1,34.0,42.5,34.3,36.7,30.8,35.0,30.1,36.9,34.1,30.0,32.0,35.8,31.1,33.7,27.9,29.4,28.7,29.8,27.9,33.5,27.4,25.4,27.0,21.6
983,27.1,27.9,25.7,33.1,30.4,33.2,32.8,28.6,30.4,29.0,31.7,31.4,31.2,29.4,32.2,30.7,27.8,35.7,30.7,30.7,29.2,29.7,32.0,28.3,30.2,30.7,31.3,29.6,26.5,33.2,29.8,31.1,24.3,24.1,23.6,23.3,36.5,28.3,35.6,31.5,39.9,32.0,29.2,30.9,29.9,30.8,31.8,32.3,37.1,29.3,38.2,37.9,35.5,25.7,32.2,32.5,32.2,34.3,36.2,32.8,38.0,34.2,35.5,32.8,41.4,33.7,35.8,30.1,34.2,29.5,35.5,32.7,28.9,31.0,34.7,30.1,33.2,27.3,28.9,28.0,29.0,27.0,33.4,26.7,24.9,26.3,21.0
984,25.9,27.2,25.0,32.0,29.6,32.4,31.8,27.9,30.0,28.6,31.1,30.7,30.5,29.0,31.3,30.4,27.2,35.2,30.1,30.3,28.5,29.1,31.5,27.6,29.7,29.8,30.9,28.8,25.9,32.4,29.0,30.4,23.9,23.5,22.8,22.5,35.5,27.4,34.4,30.6,38.6,31.2,28.4,30.2,28.8,30.1,30.6,31.3,35.4,28.3,36.8,36.6,34.2,25.1,31.7,31.8,31.6,33.8,35.8,32.5,37.5,33.6,34.9,31.4,40.3,33.2,34.8,29.6,33.5,29.0,34.2,31.7,27.7,30.4,33.7,29.2,32.6,26.7,28.3,27.4,28.3,25.9,33.2,26.1,24.3,25.5,20.6
985,24.9,26.7,24.5,31.1,29.1,31.7,31.2,27.4,29.3,27.9,30.5,30.0,29.8,28.4,30.6,29.9,26.8,34.8,29.4,29.8,27.8,28.4,31.0,27.0,29.2,29.3,30.2,28.4,25.3,31.7,28.6,29.6,23.2,22.9,22.4,21.8,34.4,26.8,33.5,29.8,37.5,30.7,27.9,29.7,28.0,29.2,29.4,30.3,34.3,27.1,35.7,35.2,32.6,24.6,31.4,31.5,31.2,33.4,35.2,32.1,37.2,33.0,34.5,30.0,39.4,32.4,33.9,29.0,32.9,28.4,32.9,30.7,26.4,29.5,33.0,28.2,32.0,26.3,27.8,26.9,27.6,25.1,32.8,25.6,23.9,25.0,20.2
986,24.4,26.1,23.7,30.2,28.6,31.0,30.7,26.9,28.8,27.3,29.9,29.4,29.1,27.9,30.1,29.4,26.3,34.2,29.1,29.3,27.5,28.0,30.4,26.4,28.7,28.8,29.8,28.0,24.9,31.1,28.0,29.3,22.7,22.4,21.9,21.2,33.4,26.6,32.7,29.2,36.2,30.3,27.3,28.8,26.9,28.5,28.6,29.5,33.2,26.7,34.7,34.2,31.4,24.1,31.0,31.0,30.8,32.8,34.7,31.6,36.6,32.5,34.0,29.4,38.6,31.9,33.4,28.4,32.2,27.9,31.4,29.6,25.5,29.0,32.3,27.6,31.5,25.7,27.3,26.2,26.8,24.4,32.3,24.9,23.3,24.4,19.8
987,23.6,25.6,23.2,29.6,28.1,30.4,30.1,26.5,28.4,26.8,29.4,29.1,28.9,27.3,29.6,28.8,25.9,33.8,28.6,28.8,27.2,27.6,30.0,25.8,28.1,28.3,29.3,27.5,24.6,30.6,27.8,28.9,22.3,21.8,21.3,20.7,32.7,26.2,32.0,28.6,35.4,30.0,26.6,28.3,26.3,27.7,27.9,28.8,32.3,26.1,33.9,33.1,30.2,23.5,30.6,30.9,30.6,32.5,34.1,31.3,36.3,32.0,33.8,28.4,37.8,31.3,32.6,27.9,31.6,27.3,30.4,29.0,24.6,28.6,31.1,27.0,31.0,25.2,26.8,25.7,26.2,23.8,32.2,24.5,22.8,23.7,19.5
988,23.1,25.2,22.8,28.9,27.6,29.8,29.4,26.0,27.7,26.5,29.1,28.3,28.7,27.0,29.0,28.4,25.8,33.5,28.2,28.4,26.8,27.1,29.6,25.3,27.3,27.7,28.9,27.2,24.1,30.2,27.3,28.5,21.9,21.6,20.7,20.3,32.3,25.8,31.2,27.9,34.5,29.8,25.9,27.6,25.6,27.1,27.1,28.3,31.5,25.3,33.0,32.5,29.2,23.0,30.4,30.6,30.2,32.2,33.6,30.8,35.9,31.7,33.4,27.4,37.2,30.9,31.8,27.4,31.1,26.9,29.1,28.6,23.9,27.8,30.7,26.0,30.7,24.9,26.5,25.1,25.6,23.0,31.8,24.2,22.2,23.2,19.0
989,22.2,24.8,22.4,28.5,26.9,29.5,29.0,25.5,27.3,26.2,28.6,28.0,28.1,26.6,28.6,28.0,25.6,33.2,27.9,28.1,26.3,26.7,29.2,24.8,26.9,27.2,28.5,26.9,23.7,29.9,26.8,28.1,21.4,21.2,20.4,20.1,31.7,25.5,30.6,27.4,33.4,29.4,25.1,27.3,24.9,26.9,26.6,27.9,30.9,25.1,32.2,32.0,28.3,22.7,30.1,30.3,29.9,32.1,33.3,30.6,35.7,31.4,33.1,27.2,36.8,30.6,31.5,27.1,30.6,26.5,28.1,27.9,23.5,27.2,29.8,25.5,30.4,24.6,26.2,24.5,25.1,22.6,31.7,23.6,21.9,22.7,18.7
990,21.5,25.0,22.1,28.2,26.4,29.0,28.6,25.1,26.9,25.7,28.3,27.5,27.7,26.4,28.1,27.6,25.0,32.9,27.6,27.7,25.9,26.5,29.1,24.1,26.3,26.8,28.0,26.4,23.2,29.8,26.4,27.8,21.2,20.8,20.0,19.7,31.3,25.2,30.2,26.9,32.9,28.8,24.4,26.7,24.4,26.5,26.2,27.3,30.2,24.5,31.6,31.4,27.5,22.1,30.0,29.9,29.8,32.0,33.0,30.3,35.3,30.9,32.9,26.6,36.5,30.1,30.9,26.9,30.1,26.1,27.1,27.2,22.8,27.0,29.3,25.1,30.0,24.1,26.0,24.0,24.3,22.1,31.3,23.3,21.6,22.3,18.4
991,21.0,24.9,22.1,27.9,25.9,28.6,28.2,24.6,26.6,25.4,28.1,27.2,27.6,26.0,27.7,27.5,24.7,32.8,27.2,27.5,25.5,26.4,28.9,23.9,25.7,26.3,27.7,26.0,22.9,29.4,26.0,27.5,20.9,20.5,20.0,19.3,30.7,25.3,29.5,26.3,32.0,28.8,23.6,26.4,24.1,26.1,25.6,27.1,30.0,24.2,31.0,31.4,26.9,22.0,29.7,29.8,29.7,31.9,32.8,29.9,35.1,30.6,32.8,26.4,36.2,29.8,30.4,26.4,29.8,26.0,26.1,26.7,22.5,27.0,28.8,24.7,29.6,24.0,25.6,23.6,23.7,21.6,31.1,23.1,21.2,22.0,18.1
992,25.2,26.9,25.4,27.7,25.9,28.7,28.6,25.0,27.4,25.8,29.1,27.8,28.6,26.4,28.0,28.1,25.4,34.0,28.5,28.9,26.0,26.7,29.3,24.0,25.5,26.5,28.0,26.2,23.7,30.1,26.1,28.5,20.9,20.8,20.0,19.5,34.2,27.4,29.4,29.7,33.8,33.3,23.3,27.2,26.9,29.1,27.7,31.3,35.9,24.2,32.0,32.9,29.0,24.5,29.5,30.5,29.7,32.2,32.5,30.8,35.9,30.3,33.6,30.2,36.6,31.1,31.4,26.7,31.0,27.2,28.6,26.6,26.0,27.8,33.1,25.2,31.0,24.9,26.1,23.5,23.6,21.3,30.8,24.2,21.2,22.3,18.4
993,30.4,31.2,30.7,31.4,28.8,30.7,31.2,27.8,29.5,28.0,31.0,29.9,30.8,28.1,30.7,30.0,28.3,37.1,30.6,31.0,28.7,29.0,31.9,26.3,28.6,29.7,29.9,28.9,26.0,32.8,28.6,30.3,23.1,23.1,21.8,21.7,39.3,31.6,33.2,34.6,37.5,38.1,26.8,31.0,30.8,34.8,31.4,36.6,43.3,28.2,38.7,36.5,34.7,28.5,30.8,32.8,32.0,34.3,33.7,33.2,37.7,31.5,36.5,36.2,38.7,34.6,35.5,28.5,33.4,29.2,35.0,30.8,31.1,32.0,38.5,30.5,33.0,26.9,28.2,26.5,26.8,23.9,33.0,26.3,23.4,24.6,20.4
994,35.2,34.9,34.8,36.5,32.1,33.9,34.2,31.1,32.0,30.2,32.9,32.5,33.1,30.3,33.7,32.1,31.3,39.3,32.8,33.0,31.3,31.1,34.6,28.9,32.6,33.0,32.0,31.8,28.4,35.3,31.4,32.7,26.0,26.0,24.0,24.8,43.8,35.4,37.7,38.5,41.1,41.6,31.5,34.1,35.1,39.2,35.7,40.2,48.7,32.3,44.1,40.4,40.3,32.3,32.7,35.6,34.5,36.7,36.4,35.5,39.7,34.4,39.1,41.4,41.2,37.9,39.2,30.6,35.9,31.3,40.6,36.8,35.8,35.9,42.8,34.7,35.0,29.0,30.7,30.6,30.6,27.5,35.6,28.2,26.2,27.3,22.7
995,39.4,37.9,37.5,41.0,35.1,36.8,37.2,34.1,34.1,32.6,34.9,34.9,35.4,32.7,36.7,33.9,33.9,41.7,34.9,34.8,34.0,33.2,37.2,31.8,36.4,36.5,34.3,34.8,30.8,37.6,34.2,35.0,28.5,28.5,26.4,27.4,47.2,38.5,41.8,41.8,44.6,44.3,35.7,37.0,39.4,42.2,40.1,43.3,52.2,36.4,48.2,44.1,45.3,35.4,34.9,38.0,36.6,38.9,38.8,37.5,41.7,37.0,41.6,45.4,44.1,40.8,42.7,32.9,38.2,33.2,45.5,41.5,39.9,38.9,46.4,38.8,36.8,30.8,33.0,34.5,34.3,31.5,37.6,30.2,28.8,29.9,24.9
996,42.6,39.7,39.5,44.6,37.7,39.3,39.9,36.5,35.9,34.6,36.7,36.7,37.2,34.6,39.2,35.7,36.1,43.6,36.8,36.3,36.4,34.7,39.4,34.2,39.7,39.1,36.3,37.2,33.0,39.6,36.5,36.8,30.8,30.9,28.4,29.5,50.1,40.5,45.0,44.3,47.3,46.5,39.3,39.5,42.4,44.5,43.5,46.0,55.2,39.4,51.4,47.2,49.4,37.6,36.8,40.0,38.3,40.7,41.1,39.0,43.3,39.5,43.6,48.2,47.0,43.0,45.4,34.9,40.2,34.9,49.3,44.8,43.0,41.4,49.1,41.9,38.4,32.3,35.0,37.5,37.3,34.8,39.2,31.8,31.2,32.1,26.7
997,44.8,40.7,40.8,47.2,39.8,41.5,42.1,38.6,37.2,36.3,38.2,38.2,38.9,36.4,41.3,37.2,38.0,45.0,38.2,37.3,38.1,36.4,41.4,36.1,42.2,41.3,38.1,39.2,34.7,41.2,38.4,38.1,32.8,32.7,29.9,31.1,52.2,41.4,47.8,46.2,49.7,48.0,41.9,41.5,44.7,46.3,46.0,48.0,57.3,41.5,53.9,49.5,52.4,39.1,38.1,41.4,39.5,42.1,42.9,40.3,44.8,41.5,45.2,50.0,49.6,44.8,47.5,36.6,42.0,36.6,51.7,47.3,45.3,43.2,50.8,44.0,39.5,33.4,36.9,39.8,39.6,37.4,40.6,32.8,33.0,33.8,28.4
998,46.0,41.4,41.2,48.8,41.5,43.5,43.8,39.8,38.4,37.5,39.3,39.4,39.9,37.6,42.8,38.4,39.2,45.9,39.0,38.0,39.5,37.7,42.7,37.6,44.0,42.8,39.3,40.4,35.9,42.3,39.7,39.2,34.2,33.9,31.2,32.3,53.8,41.9,49.6,47.8,51.6,48.8,43.8,42.9,46.4,47.2,47.7,49.2,58.5,43.3,55.5,50.9,54.5,40.1,39.1,42.2,40.2,42.9,44.0,40.9,45.6,42.9,46.2,51.1,51.5,45.7,49.1,37.8,43.2,37.6,53.2,49.2,46.6,44.6,52.0,45.1,40.1,34.2,38.0,41.2,41.2,39.3,41.4,33.7,34.2,35.1,29.4
999,46.0,41.4,41.6,50.1,42.4,44.1,44.5,40.9,38.8,38.0,39.7,40.2,40.3,38.3,43.6,39.0,39.9,46.1,39.4,38.3,40.1,38.5,43.5,38.6,44.8,43.6,39.9,41.2,36.6,43.1,40.4,39.7,34.7,34.6,32.0,33.0,54.8,41.9,50.8,48.6,52.7,48.9,44.7,43.6,46.6,47.3,48.6,49.6,58.9,44.1,56.3,51.4,55.4,40.1,39.3,42.3,40.4,43.3,44.8,41.2,45.7,43.9,46.6,51.7,52.8,46.3,49.8,38.5,43.8,38.1,53.6,49.8,47.1,45.4,52.4,45.7,40.5,34.4,38.6,41.6,42.3,40.3,41.8,33.9,35.0,35.9,30.2
1000,46.1,40.2,40.6,50.5,42.5,44.3,44.7,40.9,38.8,37.7,39.4,40.5,39.9,38.2,43.4,39.0,39.8,45.6,39.1,38.0,40.1,38.5,43.5,38.6,45.1,43.5,39.8,41.0,36.6,43.1,40.5,39.7,34.7,34.7,32.0,33.0,54.1,40.7,51.2,48.4,53.1,47.9,44.5,43.4,46.0,46.4,48.6,48.7,58.2,44.3,56.2,51.1,55.7,39.5,39.1,41.8,40.1,43.0,45.0,40.8,45.1,44.2,46.2,51.0,53.1,45.7,49.8,38.4,43.7,38.2,53.7,50.5,46.2,45.4,52.0,45.3,40.2,34.1,38.5,42.2,42.1,40.1,41.7,33.7,35.0,35.9,30.1
1001,42.8,37.6,37.1,49.5,41.5,43.4,43.7,39.9,37.6,36.7,38.2,39.9,38.8,37.4,42.4,38.0,38.7,43.8,37.4,36.5,39.2,37.6,42.3,37.7,44.1,42.7,38.8,39.9,35.6,42.2,39.6,38.6,33.7,33.6,31.1,32.1,52.0,37.8,50.6,46.5,52.3,44.8,44.0,41.8,43.1,43.6,47.2,46.3,55.3,43.2,54.9,49.5,54.6,36.2,38.1,39.9,39.0,41.7,44.4,39.0,43.5,43.7,44.2,48.7,52.1,43.7,48.3,37.5,42.5,36.9,52.3,50.4,44.0,44.3,49.6,44.0,39.1,33.0,37.5,41.4,41.3,39.8,40.6,32.6,34.4,34.8,29.0
1002,37.4,33.8,32.3,46.7,38.3,40.8,40.6,36.8,35.4,34.2,36.1,38.1,36.3,35.3,39.3,35.8,35.5,40.6,35.4,34.6,36.2,35.4,39.3,34.8,40.6,39.6,37.0,36.9,32.7,39.4,37.0,35.9,30.8,31.0,29.1,29.6,45.8,34.0,47.7,41.6,49.7,39.0,40.8,38.1,38.6,38.9,43.3,41.7,49.0,39.8,51.6,46.4,51.0,31.7,36.0,37.5,36.7,39.3,42.5,36.1,41.9,41.4,41.2,43.7,49.7,40.3,43.7,35.3,39.9,34.6,48.1,47.6,39.0,40.3,44.3,40.3,37.3,31.2,34.7,38.3,37.8,36.6,37.6,31.2,32.0,32.4,26.5
1003,34.1,32.1,30.3,41.8,35.6,38.2,38.1,33.6,34.0,32.7,34.9,36.3,34.7,33.5,36.8,34.4,32.4,38.9,33.9,33.4,33.6,33.5,36.3,32.4,35.7,35.6,35.6,34.4,30.5,37.3,34.7,34.2,28.1,28.6,27.3,27.1,42.6,32.1,42.7,38.3,46.9,36.6,35.9,34.9,36.4,35.7,40.2,39.1,45.8,35.6,47.1,44.4,44.6,29.6,34.6,35.9,34.9,37.3,40.3,35.0,40.6,38.7,39.2,40.2,47.2,38.5,41.0,33.9,38.1,33.1,42.7,41.1,35.6,36.8,41.1,36.2,36.1,30.0,32.6,33.3,34.3,33.0,34.8,30.1,29.3,30.5,24.6
1004,32.0,30.6,28.3,38.7,33.8,36.7,36.3,31.8,33.0,31.5,33.9,34.9,33.7,32.2,35.3,33.2,30.7,37.6,32.5,32.5,32.1,32.0,34.7,31.2,33.7,34.0,34.3,32.6,28.9,36.0,32.9,33.3,26.7,27.0,26.1,25.7,40.9,30.8,40.2,35.9,44.9,35.0,33.6,33.5,34.4,33.7,37.5,36.9,42.9,33.4,44.2,42.6,41.0,28.3,33.8,34.8,34.0,36.2,38.6,34.4,39.7,36.8,37.7,37.8,45.3,36.8,39.2,32.9,36.8,31.8,40.5,38.1,33.5,35.1,39.1,34.3,35.1,29.3,31.4,31.0,32.3,30.8,34.3,29.2,27.6,29.1,23.1
1005,30.0,29.7,27.5,36.3,32.5,35.4,35.1,30.4,32.1,30.7,33.0,33.6,32.6,31.3,34.1,32.4,29.5,36.8,32.1,31.8,31.0,31.3,33.7,30.2,32.3,32.7,33.2,31.4,28.1,35.0,31.8,32.4,25.6,25.9,25.2,24.6,39.1,29.7,38.6,34.2,43.3,33.7,32.1,32.6,32.9,32.3,35.5,35.1,40.7,31.8,41.9,41.1,38.8,27.4,33.6,33.8,33.2,35.4,37.6,33.7,39.0,35.8,36.7,35.9,43.6,35.4,37.7,31.9,35.7,31.1,38.7,36.2,31.8,33.6,37.6,32.8,34.3,28.7,30.3,29.8,31.0,29.2,33.8,28.3,26.4,28.2,22.1
1006,28.7,28.9,26.7,34.7,31.5,34.5,34.1,29.4,31.4,30.0,32.3,32.6,31.8,30.5,33.2,31.6,28.7,36.0,31.3,31.1,30.0,30.4,33.0,29.4,31.4,31.7,32.3,30.7,27.3,34.1,30.9,31.7,25.0,25.0,24.4,23.9,37.8,29.0,37.1,32.9,41.8,32.8,30.6,32.1,31.6,31.6,33.7,33.5,38.6,30.7,40.1,39.5,37.6,26.5,32.8,33.2,32.4,34.9,36.8,33.3,38.4,35.0,36.0,34.1,42.4,34.1,36.5,31.2,34.9,30.2,37.5,34.4,30.2,32.5,36.1,31.6,33.8,28.0,29.7,28.7,30.1,28.1,33.4,27.5,25.6,27.3,21.6
1007,27.6,28.0,25.9,33.3,30.7,33.5,33.2,28.8,30.5,29.3,31.8,31.6,31.3,29.7,32.4,31.0,28.1,35.5,30.8,30.6,29.4,29.8,32.5,28.5,30.4,31.0,31.6,29.8,26.7,33.3,30.0,31.1,24.4,24.3,23.7,23.3,36.9,28.3,36.0,31.9,40.2,32.2,29.5,31.3,30.3,31.0,32.4,32.4,37.1,29.7,38.6,37.9,36.0,25.6,32.2,32.6,32.1,34.3,36.1,32.8,37.8,34.2,35.4,33.0,41.3,33.5,35.6,30.4,34.2,29.6,36.1,33.1,29.1,31.5,35.0,30.6,33.2,27.4,29.2,28.1,29.2,27.1,33.3,26.8,25.1,26.6,21.0
1008,26.3,27.2,25.1,32.2,29.8,32.7,32.2,28.1,30.0,28.8,31.2,30.9,30.6,29.3,31.6,30.5,27.5,35.1,30.1,30.1,28.6,29.3,31.8,27.8,30.0,30.1,31.1,29.1,26.1,32.4,29.2,30.4,24.0,23.7,22.9,22.7,35.8,27.5,34.6,30.9,38.9,31.4,28.8,30.5,29.1,30.2,31.2,31.4,35.4,28.7,37.2,36.7,34.7,25.0,31.7,31.9,31.6,33.9,35.7,32.5,37.3,33.6,34.8,31.6,40.2,33.0,34.6,29.9,33.4,29.1,34.7,32.0,27.8,30.8,33.9,29.8,32.6,26.8,28.6,27.4,28.5,25.9,33.0,26.2,24.5,25.7,20.6
1009,25.2,26.8,24.6,31.3,29.4,32.0,31.5,27.6,29.4,28.2,30.6,30.1,30.0,28.6,30.9,30.0,26.9,34.7,29.4,29.7,27.9,28.6,31.3,27.4,29.5,29.7,30.4,28.7,25.5,31.8,28.7,29.6,23.4,23.1,22.6,22.0,34.7,26.8,33.9,30.2,37.8,31.0,28.2,30.2,28.2,29.3,30.0,30.3,34.2,27.6,36.1,35.3,33.1,24.6,31.5,31.5,31.2,33.4,35.2,32.1,36.9,33.0,34.4,30.2,39.3,32.2,33.7,29.3,32.8,28.5,33.4,31.0,26.6,29.9,33.2,28.8,32.0,26.3,28.1,26.9,27.9,25.1,32.7,25.6,24.2,25.2,20.2
1010,24.7,26.2,23.9,30.5,28.9,31.4,31.0,27.1,28.9,27.6,29.9,29.6,29.3,28.1,30.4,29.6,26.5,34.0,29.1,29.2,27.7,28.1,30.7,26.8,28.9,29.1,30.0,28.3,25.1,31.1,28.1,29.3,22.9,22.6,22.0,21.4,33.7,26.6,33.0,29.5,36.5,30.7,27.5,29.2,27.0,28.6,29.1,29.5,33.3,27.3,35.1,34.3,32.0,24.1,30.9,31.0,30.8,32.9,34.6,31.5,36.4,32.5,33.9,29.5,38.5,31.7,33.2,28.7,32.2,28.0,31.9,30.0,25.6,29.4,32.5,28.2,31.5,25.8,27.5,26.2,27.0,24.5,32.2,25.0,23.6,24.6,19.7
1011,23.8,25.8,23.4,29.9,28.4,30.8,30.4,26.9,28.4,27.1,29.5,29.3,29.0,27.6,29.9,29.1,26.1,33.5,28.7,28.7,27.3,27.8,30.3,26.2,28.3,28.7,29.6,27.8,24.8,30.6,27.9,29.0,22.5,22.0,21.5,20.8,33.0,26.2,32.3,29.0,35.8,30.3,26.8,28.7,26.4,27.8,28.4,28.8,32.4,26.6,34.3,33.2,30.8,23.7,30.6,30.9,30.6,32.7,33.9,31.3,36.1,31.9,33.5,28.6,37.7,31.1,32.4,28.2,31.5,27.4,30.8,29.4,24.7,29.0,31.4,27.5,31.0,25.3,27.0,25.7,26.4,23.8,32.1,24.6,23.1,24.0,19.4
1012,23.2,25.3,23.1,29.3,28.0,30.1,29.7,26.3,27.8,26.7,29.1,28.5,28.8,27.2,29.3,28.6,25.9,33.2,28.3,28.4,27.0,27.3,29.9,25.6,27.4,28.1,29.2,27.5,24.3,30.2,27.5,28.4,22.2,21.7,20.9,20.5,32.5,25.7,31.6,28.3,34.9,30.0,26.1,28.1,25.8,27.2,27.7,28.3,31.6,25.8,33.4,32.5,29.8,23.3,30.4,30.6,30.2,32.3,33.4,30.8,35.6,31.6,33.3,27.6,37.0,30.8,31.7,27.7,31.0,27.0,29.6,29.0,23.9,28.2,30.9,26.5,30.7,25.0,26.7,25.2,25.8,23.1,31.6,24.2,22.5,23.6,19.0
1013,22.4,25.0,22.7,28.8,27.2,29.8,29.4,25.9,27.4,26.4,28.6,28.1,28.2,26.8,28.9,28.2,25.8,33.0,27.9,28.0,26.7,26.9,29.5,25.1,27.0,27.4,28.8,27.2,23.9,29.8,27.2,27.9,21.7,21.3,20.5,20.2,32.0,25.4,31.0,27.7,33.8,29.7,25.3,27.8,25.1,27.0,27.1,28.0,31.0,25.6,32.6,32.0,29.0,22.9,30.1,30.4,29.9,32.1,33.1,30.6,35.4,31.3,33.0,27.3,36.6,30.4,31.3,27.4,30.5,26.6,28.5,28.1,23.5,27.7,30.0,26.0,30.3,24.6,26.4,24.6,25.3,22.7,31.5,23.6,22.2,23.1,18.6
1014,21.5,25.1,22.3,28.4,26.7,29.5,29.1,25.4,27.0,26.1,28.3,27.7,27.9,26.5,28.6,27.8,25.4,32.6,27.6,27.6,26.3,26.6,29.4,24.4,26.4,27.2,28.4,26.8,23.5,29.8,26.8,27.6,21.5,21.1,20.2,19.8,31.6,25.2,30.6,27.2,33.2,29.1,24.6,27.1,24.6,26.6,26.7,27.4,30.4,25.0,32.0,31.4,28.2,22.4,30.0,29.9,29.7,32.1,32.8,30.4,35.1,30.8,32.6,26.7,36.3,30.0,30.8,27.1,30.0,26.3,27.4,27.5,22.9,27.5,29.5,25.5,30.0,24.1,26.2,24.2,24.6,22.3,31.0,23.3,21.9,22.6,18.3
1015,21.2,25.1,22.5,28.0,26.3,29.0,28.7,24.9,26.7,25.7,28.2,27.4,27.8,26.3,28.1,27.7,25.0,32.6,27.2,27.4,26.0,26.5,29.1,24.2,25.9,26.7,28.1,26.4,23.2,29.6,26.4,27.3,21.2,20.8,20.1,19.4,30.9,25.3,29.9,26.7,32.4,29.0,23.8,26.9,24.3,26.1,26.1,27.1,30.1,24.8,31.4,31.4,27.5,22.3,29.6,29.8,29.6,32.0,32.6,30.0,34.9,30.4,32.5,26.6,36.0,29.7,30.2,26.8,29.7,26.1,26.6,27.0,22.5,27.6,29.0,25.1,29.5,23.9,26.0,23.8,24.0,21.8,30.8,23.1,21.5,22.2,18.0
1016,25.6,27.2,26.0,27.8,26.4,29.1,29.1,25.4,27.5,26.2,29.2,28.0,28.8,26.6,28.4,28.2,25.8,33.9,28.5,28.9,26.3,27.0,29.7,24.4,25.8,27.0,28.5,26.7,23.9,30.3,26.3,28.4,21.2,21.1,20.2,19.7,34.5,27.6,29.8,30.3,34.3,33.5,23.5,27.8,27.1,29.3,28.2,31.4,36.1,24.7,32.5,32.9,29.6,24.9,29.6,30.7,29.7,32.3,32.3,30.9,35.8,30.1,33.6,30.4,36.4,31.1,31.3,27.1,31.0,27.3,29.3,26.8,26.1,28.3,33.2,25.6,31.0,25.0,26.5,23.8,24.0,21.6,30.5,24.2,21.6,22.5,18.5
1017,30.8,31.6,31.2,31.7,29.3,31.2,31.7,28.2,29.7,28.4,31.1,30.1,31.1,28.5,31.1,30.3,28.7,37.0,30.7,30.9,29.1,29.3,32.4,26.8,29.0,30.2,30.3,29.3,26.3,32.9,29.0,30.3,23.5,23.5,22.1,22.0,39.6,31.9,33.6,35.1,37.9,38.3,27.2,31.5,31.0,35.0,32.0,36.6,43.4,28.6,39.0,36.6,35.3,28.9,30.8,32.9,32.0,34.4,33.7,33.4,37.5,31.4,36.6,36.3,38.6,34.8,35.5,28.9,33.4,29.4,35.7,31.1,31.3,32.5,38.5,30.8,33.0,27.0,28.6,26.9,27.3,24.3,32.8,26.3,23.8,25.0,20.6
1018,35.7,35.2,35.4,36.9,32.6,34.3,34.7,31.6,32.1,30.6,33.0,32.6,33.3,30.8,34.2,32.4,31.7,39.3,32.9,33.0,31.7,31.5,35.1,29.5,33.0,33.5,32.5,32.2,28.8,35.6,31.8,32.8,26.5,26.5,24.4,25.2,44.0,35.6,38.1,39.1,41.5,41.9,32.0,34.6,35.5,39.5,36.3,40.2,48.7,32.5,44.3,40.4,40.9,32.7,32.8,35.8,34.4,36.7,36.4,35.8,39.6,34.3,39.2,41.3,41.1,38.1,39.2,31.2,36.0,31.5,41.2,37.0,36.1,36.4,42.8,34.9,35.0,29.2,31.2,31.1,31.2,28.1,35.4,28.3,26.7,27.8,23.1
1019,39.9,38.2,38.1,41.5,35.7,37.4,37.7,34.6,34.3,33.0,35.1,35.0,35.5,33.2,37.2,34.4,34.4,41.8,35.0,34.8,34.5,33.7,37.7,32.4,36.8,37.1,34.7,35.2,31.4,38.0,34.7,35.1,29.1,29.1,26.9,27.9,47.6,38.8,42.2,42.3,45.0,44.7,36.3,37.4,39.8,42.6,40.7,43.3,52.2,36.6,48.3,44.0,45.8,35.7,34.9,38.3,36.5,38.8,38.8,37.8,41.6,37.0,41.8,45.2,44.1,41.1,42.6,33.5,38.3,33.5,46.1,42.0,40.3,39.3,46.4,39.0,36.9,31.1,33.4,35.0,35.0,31.9,37.4,30.3,29.4,30.5,25.4
1020,43.2,40.0,40.2,45.1,38.3,39.9,40.5,37.1,36.2,35.0,36.8,37.0,37.4,35.1,39.8,36.3,36.6,43.8,36.9,36.3,36.9,35.3,40.0,34.9,40.2,39.7,36.7,37.7,33.6,40.0,37.0,37.0,31.4,31.5,28.9,30.1,50.6,40.7,45.6,44.9,47.8,47.0,39.9,39.9,42.9,44.9,44.2,45.9,55.0,39.6,51.5,47.0,49.8,38.0,36.8,40.3,38.2,40.6,41.1,39.4,43.2,39.5,43.8,48.0,47.0,43.3,45.3,35.4,40.5,35.2,49.8,45.4,43.4,41.8,49.0,41.9,38.4,32.6,35.5,38.0,38.0,35.3,39.0,31.9,31.8,32.7,27.2
1021,45.4,41.1,41.5,47.7,40.4,42.2,42.7,39.2,37.6,36.8,38.3,38.6,39.1,36.9,42.0,37.8,38.5,45.2,38.3,37.5,38.6,37.1,42.0,36.8,42.8,41.9,38.6,39.6,35.4,41.8,38.9,38.3,33.5,33.3,30.6,31.6,52.7,41.7,48.4,46.8,50.2,48.7,42.5,41.9,45.2,46.8,46.6,47.9,57.1,41.7,53.8,49.3,52.7,39.6,38.1,41.7,39.5,41.9,42.9,40.7,44.7,41.5,45.4,49.8,49.5,45.0,47.4,37.1,42.3,36.9,52.2,48.0,45.7,43.5,50.7,44.0,39.6,33.8,37.4,40.4,40.3,37.9,40.4,32.8,33.7,34.4,29.0
1022,46.8,41.8,41.9,49.4,42.1,44.1,44.4,40.4,38.8,38.0,39.4,39.9,40.2,38.1,43.5,39.0,39.8,46.1,39.2,38.2,40.0,38.4,43.4,38.3,44.5,43.4,39.8,40.9,36.6,42.9,40.2,39.6,34.9,34.7,31.8,32.9,54.4,42.1,50.4,48.3,52.0,49.5,44.6,43.2,47.0,47.8,48.2,49.1,58.3,43.3,55.4,50.7,54.9,40.5,39.0,42.4,40.1,42.8,44.0,41.4,45.4,43.0,46.4,51.0,51.4,45.9,48.9,38.3,43.5,37.9,53.5,49.9,47.1,45.0,51.9,45.0,40.3,34.6,38.6,41.8,41.9,39.8,41.3,33.6,34.9,35.7,30.1
1023,47.0,41.8,42.3,50.8,43.0,44.8,45.1,41.5,39.3,38.6,39.9,40.8,40.7,38.9,44.2,39.7,40.5,46.3,39.7,38.5,40.6,39.3,44.2,39.3,45.4,44.2,40.4,41.8,37.2,43.8,41.0,40.2,35.3,35.3,32.6,33.7,55.3,42.1,51.6,49.1,53.1,49.7,45.4,43.9,47.3,47.9,49.0,49.4,58.8,44.1,56.0,51.2,55.7,40.6,39.2,42.6,40.3,43.1,44.7,41.6,45.5,43.9,46.8,51.6,52.7,46.4,49.7,39.0,44.1,38.5,53.9,50.6,47.6,45.6,52.3,45.6,40.8,34.9,39.2,42.3,43.1,40.8,41.7,33.9,35.7,36.5,30.8
1024,46.9,40.7,41.2,51.2,43.2,45.0,45.4,41.5,39.3,38.4,39.8,41.1,40.4,38.8,44.2,39.7,40.5,45.8,39.5,38.2,40.8,39.3,44.2,39.4,45.8,44.2,40.4,41.6,37.3,43.8,41.1,40.3,35.3,35.4,32.7,33.6,54.7,41.0,52.0,48.9,53.6,48.7,45.2,43.7,46.7,46.9,48.9,48.6,58.1,44.3,55.9,50.8,55.8,39.9,39.1,42.1,40.1,42.9,44.9,41.2,44.9,44.3,46.3,50.9,53.0,45.9,49.8,38.9,44.1,38.6,54.0,51.4,46.8,45.6,52.0,45.2,40.5,34.7,39.1,43.0,42.8,40.6,41.6,33.7,35.7,36.5,30.8
1025,43.7,38.1,37.8,50.2,42.2,44.1,44.4,40.6,38.2,37.3,38.7,40.5,39.3,38.0,43.2,38.8,39.4,44.0,37.8,36.7,39.8,38.2,43.1,38.4,44.7,43.4,39.5,40.6,36.2,43.0,40.3,39.1,34.3,34.4,31.8,32.7,52.7,38.2,51.3,47.0,52.8,45.6,44.7,42.2,43.8,44.2,47.5,46.2,55.2,43.2,54.7,49.2,54.6,36.7,38.0,40.3,38.9,41.7,44.4,39.4,43.3,43.8,44.4,48.7,52.0,43.9,48.2,38.0,42.9,37.4,52.5,51.2,44.7,44.5,49.6,43.9,39.4,33.6,38.1,42.1,41.9,40.3,40.5,32.7,35.1,35.4,29.7
1026,38.2,34.3,33.0,47.4,39.0,41.6,41.4,37.5,36.0,34.8,36.6,38.7,36.9,36.0,40.1,36.5,36.2,40.7,35.8,34.7,36.9,36.0,40.0,35.5,41.3,40.4,37.7,37.6,33.4,40.2,37.7,36.4,31.4,31.8,29.8,30.2,46.7,34.4,48.5,42.1,50.2,39.8,41.5,38.4,39.3,39.4,43.6,41.7,49.0,39.9,51.4,46.2,51.0,32.1,36.0,37.8,36.7,39.2,42.5,36.4,41.8,41.5,41.3,43.8,49.7,40.5,43.7,36.0,40.4,35.0,48.3,48.5,39.6,40.5,44.4,40.3,37.6,31.7,35.3,38.9,38.5,37.2,37.5,31.2,32.6,33.1,27.1
1027,34.9,32.5,30.8,42.5,36.2,39.1,38.9,34.2,34.6,33.4,35.1,36.9,35.2,34.2,37.6,35.0,33.1,38.9,34.3,33.5,34.2,34.0,37.0,33.0,36.3,36.5,36.2,35.0,31.1,38.1,35.3,34.7,28.7,29.2,28.0,27.8,43.3,32.5,43.5,38.9,47.4,37.3,36.5,35.3,37.1,36.1,40.5,39.0,45.9,35.6,47.0,44.2,44.9,30.0,34.6,36.2,35.0,37.3,40.3,35.2,40.5,38.7,39.3,40.3,47.1,38.6,40.9,34.6,38.6,33.5,43.0,42.0,36.2,37.1,41.3,36.2,36.3,30.5,33.2,33.8,34.9,33.5,34.6,30.0,29.9,31.2,25.1
1028,32.7,30.9,28.9,39.5,34.4,37.5,37.1,32.4,33.5,32.2,34.3,35.5,34.2,32.9,36.1,33.8,31.2,37.5,33.0,32.6,32.7,32.6,35.5,31.8,34.3,34.8,35.0,33.3,29.6,36.7,33.5,33.8,27.3,27.7,26.7,26.4,41.6,31.1,41.0,36.4,45.4,35.7,34.2,33.8,35.2,34.2,37.7,36.9,43.0,33.4,44.3,42.5,41.3,28.7,33.8,35.0,33.9,36.2,38.5,34.6,39.5,36.7,37.8,37.9,45.4,36.8,39.2,33.6,37.3,32.2,40.8,39.0,34.0,35.4,39.2,34.2,35.4,29.7,32.0,31.4,32.8,31.3,34.0,29.1,28.3,29.8,23.7
1029,30.6,30.0,28.1,37.0,33.2,36.2,35.8,31.1,32.7,31.4,33.4,34.2,33.1,31.9,34.9,33.1,30.1,36.7,32.5,31.9,31.7,31.8,34.5,30.8,33.0,33.4,33.9,32.1,28.7,35.7,32.4,32.9,26.2,26.5,25.8,25.3,39.9,30.0,39.3,34.7,43.9,34.2,32.7,32.8,33.6,32.8,35.7,35.0,40.7,31.9,42.0,41.0,39.0,27.8,33.4,34.1,33.1,35.4,37.5,33.9,38.8,35.6,36.6,36.0,43.6,35.3,37.6,32.6,36.3,31.5,39.0,37.0,32.3,33.9,37.8,32.7,34.6,29.1,31.0,30.1,31.6,29.6,33.5,28.3,27.0,28.9,22.7
1030,29.2,29.2,27.2,35.4,32.1,35.3,34.9,30.0,32.0,30.6,32.7,33.2,32.3,31.2,34.0,32.3,29.5,35.9,31.8,31.2,30.7,31.0,33.9,30.0,31.9,32.5,33.0,31.3,28.0,34.8,31.6,32.3,25.6,25.7,25.0,24.5,38.6,29.2,37.8,33.5,42.3,33.3,31.1,32.3,32.3,32.0,34.0,33.5,38.6,30.7,40.2,39.4,37.8,26.8,32.7,33.3,32.3,34.9,36.7,33.4,38.2,34.9,35.9,34.3,42.4,34.0,36.4,31.9,35.5,30.7,37.8,35.1,30.8,32.8,36.2,31.6,34.0,28.5,30.4,29.1,30.6,28.4,33.1,27.5,26.1,27.9,22.2
1031,28.1,28.3,26.3,34.0,31.3,34.3,33.9,29.5,31.2,30.0,32.1,32.2,31.8,30.4,33.3,31.6,28.9,35.4,31.2,30.7,30.1,30.4,33.4,29.1,31.0,31.8,32.2,30.5,27.4,34.0,30.7,31.6,24.9,24.9,24.3,24.0,37.6,28.5,36.6,32.3,40.7,32.7,30.0,31.6,30.9,31.3,32.6,32.3,37.2,29.8,38.7,37.9,36.2,25.9,32.1,32.7,32.0,34.3,36.0,32.8,37.5,34.1,35.3,33.0,41.2,33.3,35.6,31.1,34.8,30.1,36.5,33.8,29.6,31.7,35.1,30.6,33.6,27.9,29.9,28.5,29.6,27.5,32.9,26.8,25.6,27.3,21.6
1032,26.9,27.6,25.5,32.9,30.4,33.6,33.0,28.8,30.7,29.5,31.5,31.6,31.1,30.0,32.4,31.3,28.3,34.9,30.6,30.3,29.4,30.0,32.7,28.5,30.4,30.9,31.7,29.8,26.7,33.3,29.9,31.1,24.5,24.4,23.5,23.3,36.5,27.7,35.3,31.3,39.3,32.0,29.3,30.8,29.7,30.3,31.4,31.2,35.4,28.7,37.4,36.6,34.9,25.3,31.6,31.9,31.5,33.9,35.5,32.5,37.1,33.6,34.7,31.7,40.1,32.8,34.6,30.7,34.0,29.6,35.1,32.7,28.4,31.1,34.0,29.7,33.0,27.3,29.3,27.8,28.9,26.3,32.7,26.2,25.1,26.4,21.2
1033,25.7,26.9,25.0,32.0,29.9,32.8,32.3,28.3,30.1,28.9,30.9,30.8,30.5,29.4,31.7,30.8,27.7,34.4,30.1,29.9,28.7,29.4,32.3,28.0,30.0,30.4,31.0,29.5,26.1,32.7,29.5,30.4,23.8,23.7,23.2,22.7,35.5,27.0,34.6,30.7,38.2,31.5,28.7,30.4,28.7,29.5,30.2,30.2,34.2,27.7,36.2,35.3,33.3,24.8,31.4,31.4,31.1,33.4,35.1,32.0,36.7,32.9,34.3,30.4,39.2,32.0,33.7,30.1,33.4,29.1,33.7,31.7,27.3,30.2,33.3,28.8,32.4,26.9,28.8,27.2,28.3,25.5,32.3,25.6,24.6,25.9,20.8
1034,25.2,26.4,24.3,31.2,29.5,32.2,31.9,27.9,29.6,28.3,30.3,30.4,29.9,28.9,31.2,30.3,27.3,33.8,29.6,29.4,28.5,29.0,31.6,27.4,29.4,29.9,30.6,29.0,25.8,32.0,28.8,30.1,23.4,23.2,22.6,22.1,34.5,26.6,33.8,30.0,36.9,30.9,28.0,29.5,27.5,28.7,29.3,29.5,33.2,27.3,35.3,34.4,32.2,24.2,30.8,31.0,30.6,32.8,34.6,31.5,36.2,32.5,33.8,29.5,38.4,31.5,33.1,29.5,32.8,28.6,32.2,30.6,26.2,29.5,32.5,28.1,31.9,26.4,28.2,26.6,27.5,24.8,31.9,25.0,24.0,25.3,20.3
1035,24.3,25.9,23.8,30.4,28.9,31.6,31.2,27.6,29.2,27.8,29.9,30.0,29.6,28.3,30.7,29.8,27.0,33.3,29.2,29.0,28.1,28.6,31.2,26.8,28.7,29.4,30.2,28.6,25.4,31.5,28.6,29.8,23.0,22.6,22.1,21.5,33.7,26.2,33.0,29.4,36.1,30.5,27.2,29.0,26.9,28.0,28.6,28.7,32.3,26.7,34.4,33.3,31.1,23.7,30.5,30.9,30.4,32.6,33.9,31.2,35.9,31.8,33.4,28.7,37.6,30.8,32.3,29.0,32.2,28.0,31.1,30.0,25.2,29.2,31.5,27.5,31.5,25.9,27.8,26.1,26.9,24.1,31.8,24.5,23.6,24.7,20.0
1036,23.7,25.3,23.4,29.7,28.4,30.9,30.5,26.9,28.6,27.4,29.5,29.2,29.4,27.9,30.1,29.3,26.8,33.0,28.9,28.7,27.7,28.1,30.8,26.1,27.9,28.8,29.8,28.3,25.0,31.1,28.2,29.2,22.6,22.2,21.5,21.1,33.1,25.7,32.3,28.7,35.2,30.1,26.5,28.3,26.2,27.4,27.9,28.2,31.5,25.8,33.5,32.5,30.1,23.3,30.2,30.5,30.0,32.3,33.3,30.8,35.4,31.5,33.2,27.7,36.9,30.5,31.6,28.4,31.6,27.6,29.8,29.4,24.3,28.3,30.9,26.5,31.2,25.6,27.5,25.6,26.3,23.4,31.3,24.1,23.0,24.2,19.6
1037,22.8,24.9,23.0,29.2,27.8,30.6,30.2,26.5,28.1,27.1,29.1,28.8,28.9,27.5,29.7,28.9,26.6,32.8,28.6,28.4,27.3,27.7,30.4,25.7,27.4,28.1,29.4,27.9,24.6,30.7,27.8,28.8,22.1,21.9,21.1,20.9,32.7,25.3,31.6,28.0,34.0,29.8,25.8,28.0,25.5,27.1,27.3,27.9,30.9,25.6,32.7,32.0,29.2,22.9,30.0,30.3,29.7,32.1,32.9,30.5,35.2,31.1,32.8,27.4,36.6,30.1,31.2,28.1,31.2,27.3,28.8,28.5,23.8,27.8,30.0,25.9,30.9,25.2,27.2,25.0,25.8,22.9,31.2,23.6,22.6,23.7,19.2
1038,22.0,25.0,22.5,28.8,27.2,30.3,29.9,26.0,27.7,26.8,28.7,28.4,28.5,27.2,29.3,28.5,26.1,32.4,28.3,28.1,27.0,27.4,30.3,25.0,26.9,27.9,29.0,27.5,24.1,30.7,27.4,28.5,21.8,21.6,20.7,20.5,32.1,25.0,31.1,27.5,33.5,29.1,25.1,27.3,25.0,26.5,26.9,27.3,30.3,25.1,32.1,31.4,28.4,22.4,29.8,29.9,29.6,32.0,32.6,30.3,34.9,30.6,32.5,26.8,36.2,29.8,30.7,27.8,30.7,26.9,27.6,27.9,23.2,27.6,29.4,25.5,30.6,24.7,27.0,24.6,25.1,22.5,30.9,23.2,22.3,23.2,18.8
1039,21.6,25.0,22.6,28.4,26.7,29.7,29.4,25.5,27.4,26.4,28.8,28.2,28.4,27.0,28.8,28.4,25.7,32.4,27.9,27.9,26.6,27.3,30.1,24.7,26.3,27.3,28.7,27.1,23.8,30.4,27.0,28.0,21.5,21.3,20.5,20.1,31.4,25.2,30.3,27.0,32.7,29.1,24.3,27.0,24.6,26.1,26.3,27.0,29.9,24.9,31.5,31.4,27.7,22.3,29.4,29.8,29.5,31.9,32.4,29.9,34.6,30.3,32.4,26.6,36.0,29.5,30.2,27.5,30.4,26.7,26.8,27.4,22.7,27.7,28.9,25.0,30.2,24.5,26.7,24.1,24.5,22.0,30.6,23.1,21.9,22.8,18.4
1040,25.9,27.4,26.1,28.3,26.9,29.8,29.7,25.9,28.2,26.9,29.8,28.9,29.5,27.3,29.2,29.0,26.5,33.8,29.2,29.4,27.0,27.8,30.7,24.9,26.2,27.6,29.1,27.4,24.5,31.2,27.0,29.2,21.6,21.6,20.6,20.1,35.1,27.5,30.2,30.5,34.6,33.5,23.9,27.9,27.4,29.4,28.4,31.4,36.0,24.9,32.6,33.0,29.9,25.0,29.4,30.7,29.6,32.3,32.1,30.9,35.6,29.9,33.5,30.5,36.4,31.0,31.3,27.9,31.7,28.0,29.6,27.2,26.4,28.5,33.2,25.6,31.7,25.6,27.2,24.1,24.5,21.7,30.4,24.3,22.0,23.1,18.8
1041,31.1,31.7,31.3,32.1,29.8,31.8,32.3,28.8,30.4,29.1,31.8,31.0,31.9,29.1,31.7,31.0,29.4,37.1,31.4,31.5,29.7,30.2,33.3,27.3,29.3,30.7,30.9,30.0,27.0,33.8,29.6,31.1,23.9,23.9,22.6,22.5,40.3,31.9,34.0,35.4,38.2,38.2,27.6,31.7,31.3,35.0,32.2,36.5,43.3,28.7,39.0,36.5,35.6,29.0,30.7,33.0,31.8,34.3,33.5,33.5,37.4,31.3,36.7,36.5,38.6,34.8,35.5,29.6,34.1,30.1,35.9,31.4,31.5,32.8,38.5,30.7,33.7,27.7,29.4,27.3,27.8,24.5,32.6,26.3,24.2,25.6,20.9
1042,35.9,35.3,35.3,37.2,33.1,34.8,35.2,32.1,32.7,31.3,33.8,33.6,34.2,31.5,34.7,33.2,32.3,39.5,33.7,33.6,32.4,32.3,35.9,30.0,33.3,34.0,33.2,32.9,29.4,36.3,32.4,33.6,26.8,27.0,24.8,25.7,44.7,35.6,38.5,39.3,41.7,41.7,32.3,34.7,35.7,39.4,36.6,40.0,48.5,32.6,44.2,40.3,41.1,32.8,32.6,36.0,34.3,36.6,36.3,35.9,39.5,34.3,39.4,41.4,41.1,38.3,39.3,31.9,36.7,32.3,41.3,37.2,36.2,36.5,42.7,34.8,35.8,29.9,31.9,31.5,31.6,28.2,35.2,28.4,27.1,28.4,23.5
1043,40.0,38.3,37.9,41.7,36.2,37.7,38.0,35.1,34.8,33.6,35.9,35.8,36.4,33.8,37.6,35.2,35.0,42.0,35.9,35.5,35.1,34.5,38.4,32.9,37.1,37.5,35.4,35.8,32.0,38.7,35.3,36.1,29.5,29.6,27.4,28.3,48.2,38.7,42.5,42.5,45.2,44.6,36.6,37.5,40.0,42.7,40.8,43.0,52.0,36.6,48.1,43.8,46.0,35.8,34.8,38.5,36.4,38.7,38.7,37.9,41.5,37.1,42.0,45.2,44.1,41.4,42.7,34.2,39.1,34.4,46.1,42.1,40.4,39.5,46.2,38.7,37.7,31.8,34.1,35.3,35.4,32.1,37.3,30.4,29.8,31.0,25.8
1044,43.3,40.2,40.1,45.2,38.8,40.2,40.7,37.5,36.7,35.6,37.7,37.8,38.3,35.7,40.1,37.1,37.3,44.0,37.8,37.0,37.5,36.1,40.5,35.4,40.4,40.0,37.4,38.1,34.2,40.7,37.6,37.9,31.9,32.1,29.5,30.7,51.1,40.7,45.8,45.1,47.9,47.0,40.1,40.0,43.1,45.0,44.3,45.7,54.9,39.6,51.2,46.7,49.8,38.1,36.6,40.5,38.1,40.5,41.0,39.6,43.2,39.5,44.1,47.9,47.1,43.6,45.4,36.1,41.2,36.2,49.8,45.5,43.4,41.9,48.7,41.6,39.3,33.4,36.1,38.3,38.4,35.4,38.9,32.1,32.2,33.3,27.7
1045,45.6,41.2,41.4,47.9,40.9,42.4,43.0,39.6,38.1,37.3,39.2,39.4,40.0,37.4,42.2,38.4,39.1,45.5,39.3,38.2,39.2,37.7,42.5,37.3,43.1,42.3,39.2,40.1,35.9,42.4,39.5,39.2,33.9,34.0,31.1,32.3,53.2,41.6,48.5,47.1,50.4,48.7,42.7,41.9,45.4,46.9,46.6,47.7,56.9,41.6,53.5,49.0,52.7,39.6,38.0,41.8,39.3,41.8,42.8,40.9,44.7,41.6,45.7,49.7,49.5,45.2,47.4,37.7,43.0,37.8,52.2,48.1,45.7,43.6,50.5,43.7,40.4,34.6,37.9,40.6,40.6,38.0,40.3,33.0,34.1,35.0,29.4
1046,47.0,42.0,42.0,49.5,42.6,44.4,44.7,40.9,39.3,38.6,40.4,40.6,41.0,38.7,43.7,39.6,40.3,46.4,40.2,39.0,40.6,39.0,43.8,38.8,44.8,43.7,40.4,41.3,37.1,43.4,40.8,40.4,35.2,35.2,32.4,33.4,54.9,42.1,50.5,48.6,52.2,49.6,44.8,43.2,47.1,47.9,48.1,48.9,58.2,43.1,55.0,50.4,54.7,40.6,38.9,42.6,39.9,42.6,43.9,41.6,45.4,43.1,46.7,50.8,51.5,46.0,48.9,38.9,44.1,38.8,53.5,50.0,47.0,45.1,51.7,44.7,41.1,35.4,39.1,42.0,42.3,39.9,41.2,33.9,35.3,36.3,30.6
1047,47.2,42.0,42.3,50.9,43.5,45.0,45.4,42.0,39.7,39.1,40.8,41.4,41.5,39.4,44.5,40.2,41.1,46.6,40.7,39.3,41.2,39.8,44.6,39.8,45.6,44.6,41.0,42.1,37.8,44.2,41.5,40.9,35.7,35.9,33.2,34.3,55.7,42.1,51.9,49.3,53.3,49.8,45.6,43.9,47.4,48.1,48.9,49.3,58.6,44.0,55.7,50.9,55.6,40.6,39.1,42.9,40.2,42.9,44.7,41.8,45.6,44.1,47.1,51.4,52.8,46.5,49.7,39.6,44.8,39.4,54.0,50.8,47.5,45.7,52.2,45.4,41.5,35.7,39.7,42.6,43.3,40.8,41.6,34.3,36.0,37.0,31.3
1048,47.0,40.9,41.3,51.3,43.6,45.3,45.7,41.9,39.7,39.0,40.7,41.6,41.1,39.3,44.4,40.2,41.0,46.1,40.4,39.0,41.3,39.8,44.6,39.8,46.0,44.5,40.9,41.9,37.8,44.2,41.7,40.9,35.6,36.0,33.3,34.1,55.2,41.0,52.2,49.0,53.8,48.8,45.4,43.7,46.9,47.0,48.8,48.5,57.9,44.1,55.5,50.5,55.6,39.8,39.0,42.4,40.0,42.7,44.9,41.4,45.0,44.4,46.6,50.7,53.1,46.1,49.9,39.5,44.7,39.4,54.0,51.6,46.8,45.7,51.8,45.0,41.3,35.5,39.6,43.1,43.1,40.7,41.5,34.0,36.0,37.0,31.3
1049,43.9,38.3,38.0,50.3,42.6,44.4,44.7,41.0,38.6,37.9,39.4,41.0,39.9,38.5,43.5,39.2,40.0,44.2,38.7,37.5,40.4,38.8,43.5,38.8,45.0,43.7,40.0,41.0,36.8,43.3,40.9,39.7,34.6,34.8,32.4,33.3,53.2,38.2,51.5,47.1,53.0,45.8,45.0,42.2,44.1,44.4,47.4,46.2,55.1,43.1,54.4,49.0,54.5,36.7,38.0,40.6,38.9,41.6,44.3,39.7,43.4,43.9,44.7,48.6,52.0,44.1,48.3,38.6,43.4,38.0,52.5,51.4,44.7,44.6,49.5,43.7,40.1,34.3,38.6,42.2,42.2,40.3,40.4,33.0,35.4,35.9,30.2
1050,38.4,34.5,33.0,47.7,39.4,41.9,41.7,38.0,36.4,35.4,37.3,39.2,37.5,36.6,40.4,37.0,36.8,40.9,36.5,35.4,37.4,36.4,40.5,35.9,41.7,40.7,38.3,38.0,34.0,40.6,38.3,36.9,31.7,32.3,30.3,30.8,47.3,34.5,48.8,42.3,50.4,40.0,41.8,38.6,39.6,39.5,43.6,41.6,48.9,39.9,51.2,46.0,51.0,32.2,35.9,37.9,36.7,39.2,42.5,36.5,41.8,41.7,41.5,43.8,49.7,40.7,43.7,36.6,41.0,35.6,48.4,48.8,39.7,40.7,44.3,40.2,38.3,32.4,35.9,39.2,38.8,37.3,37.4,31.5,32.9,33.5,27.6
1051,35.1,32.7,30.8,42.8,36.5,39.3,39.2,34.6,35.0,33.9,35.8,37.4,35.9,34.7,37.8,35.4,33.6,38.9,35.0,34.1,34.7,34.3,37.4,33.3,36.6,36.8,36.8,35.4,31.7,38.5,35.7,35.3,28.9,29.7,28.4,28.4,43.9,32.5,43.6,39.0,47.6,37.3,36.8,35.4,37.3,36.4,40.5,38.9,45.9,35.6,46.8,43.9,45.0,30.1,34.5,36.3,34.9,37.3,40.2,35.3,40.4,38.7,39.4,40.3,47.1,38.6,40.8,35.2,39.2,34.2,43.1,42.2,36.3,37.3,41.2,36.0,37.1,31.2,33.8,34.0,35.2,33.5,34.5,30.3,30.1,31.6,25.6
1052,32.8,31.1,28.9,39.7,34.7,37.7,37.3,32.8,33.9,32.6,34.9,36.0,34.9,33.3,36.3,34.3,31.7,37.5,33.7,33.2,33.1,33.1,35.9,32.1,34.5,35.0,35.5,33.7,30.1,37.1,33.9,34.3,27.5,28.1,27.2,27.0,42.1,31.0,41.1,36.6,45.6,35.8,34.3,33.9,35.2,34.4,37.7,36.8,43.1,33.3,44.1,42.2,41.3,28.7,33.7,35.0,33.8,36.2,38.5,34.5,39.5,36.8,37.8,37.9,45.4,36.6,39.1,34.1,37.8,32.9,40.9,39.2,34.2,35.5,39.1,34.1,36.1,30.4,32.5,31.5,33.0,31.3,33.8,29.4,28.5,30.2,24.1
1053,30.7,30.0,28.0,37.2,33.4,36.4,36.1,31.4,33.1,31.8,34.0,34.7,33.8,32.3,35.1,33.6,30.7,36.6,33.1,32.5,32.1,32.4,34.8,30.9,33.1,33.6,34.3,32.4,29.2,36.1,32.8,33.3,26.3,26.9,26.2,25.8,40.3,30.0,39.5,35.0,44.0,34.3,32.7,32.8,33.6,32.9,35.7,35.0,40.8,31.8,41.8,40.8,39.1,27.7,33.1,34.1,33.0,35.4,37.4,33.9,38.7,35.6,36.6,36.0,43.5,35.2,37.6,33.0,36.7,32.1,39.0,37.2,32.5,34.1,37.6,32.5,35.3,29.7,31.5,30.3,31.8,29.6,33.2,28.5,27.1,29.3,23.0
1054,29.2,29.2,27.1,35.7,32.3,35.5,35.0,30.3,32.4,31.0,33.3,33.7,32.9,31.6,34.2,32.8,30.0,35.8,32.3,31.9,31.0,31.5,34.2,30.2,31.9,32.6,33.5,31.6,28.4,35.2,31.9,32.6,25.7,26.1,25.4,25.0,38.7,29.1,37.9,33.7,42.5,33.3,31.2,32.4,32.4,32.0,33.9,33.4,38.6,30.7,40.1,39.2,37.7,26.8,32.5,33.4,32.2,34.9,36.6,33.3,38.1,34.8,35.9,34.2,42.3,33.8,36.4,32.3,35.9,31.4,37.8,35.3,31.0,33.0,36.1,31.5,34.6,29.1,30.8,29.3,30.7,28.5,32.8,27.7,26.3,28.3,22.6
1055,28.1,28.3,26.2,34.3,31.4,34.4,34.0,29.8,31.6,30.3,32.6,32.8,32.3,30.7,33.4,32.1,29.3,35.2,31.8,31.3,30.4,31.0,33.6,29.2,31.0,31.8,32.6,30.8,27.8,34.5,31.0,32.0,25.0,25.2,24.7,24.4,37.8,28.4,36.8,32.5,41.0,32.7,30.0,31.6,31.0,31.3,32.5,32.2,37.0,29.9,38.6,37.6,36.2,25.9,31.9,32.6,31.9,34.2,35.8,32.7,37.5,34.0,35.1,32.9,41.1,33.1,35.5,31.5,35.2,30.7,36.4,34.1,29.9,31.9,34.9,30.5,34.1,28.4,30.3,28.6,29.7,27.6,32.7,27.0,25.7,27.6,21.9
1056,26.9,27.7,25.4,33.1,30.5,33.7,33.1,29.1,31.1,29.8,32.0,32.1,31.7,30.3,32.5,31.7,28.7,34.7,31.2,30.8,29.6,30.5,33.0,28.6,30.4,30.9,32.0,30.0,27.1,33.7,30.2,31.4,24.6,24.7,23.9,23.7,36.7,27.5,35.5,31.5,39.6,32.0,29.3,30.9,29.6,30.3,31.3,31.1,35.1,28.7,37.3,36.4,34.9,25.2,31.4,31.8,31.3,33.8,35.3,32.4,37.0,33.5,34.6,31.6,40.0,32.6,34.5,31.0,34.5,30.1,35.1,32.9,28.7,31.3,33.8,29.6,33.6,27.8,29.7,27.9,29.0,26.3,32.4,26.4,25.1,26.8,21.5
1057,25.8,26.9,24.7,32.1,29.9,32.9,32.4,28.5,30.5,29.2,31.5,31.4,31.2,29.6,31.8,31.2,28.1,34.3,30.6,30.5,29.0,29.8,32.5,28.1,30.0,30.4,31.3,29.7,26.5,33.1,29.7,30.8,23.9,23.9,23.5,23.1,35.7,26.8,34.7,30.8,38.4,31.6,28.7,30.5,28.8,29.5,30.1,30.1,33.9,27.7,36.1,35.1,33.5,24.7,31.2,31.3,30.9,33.4,34.9,31.9,36.5,32.8,34.1,30.3,39.1,31.8,33.6,30.4,33.8,29.6,33.7,31.9,27.6,30.4,33.0,28.6,33.0,27.5,29.1,27.2,28.4,25.5,32.1,25.8,24.7,26.1,21.1
1058,25.2,26.3,24.1,31.3,29.5,32.2,31.9,28.0,30.0,28.6,30.9,31.0,30.5,29.1,31.2,30.7,27.7,33.7,30.2,29.9,28.7,29.4,31.9,27.4,29.3,29.8,30.9,29.2,26.1,32.5,29.1,30.5,23.5,23.4,22.8,22.4,34.7,26.5,33.8,30.2,37.0,31.0,28.0,29.6,27.6,28.7,29.2,29.3,32.8,27.2,35.2,34.1,32.3,24.1,30.6,30.9,30.5,32.7,34.4,31.4,36.1,32.4,33.6,29.4,38.2,31.4,33.0,29.8,33.2,29.1,32.3,30.8,26.6,29.7,32.2,28.0,32.5,26.9,28.4,26.6,27.5,24.9,31.7,25.1,24.1,25.5,20.6
1059,24.4,25.8,23.6,30.5,28.9,31.6,31.2,27.6,29.5,28.1,30.5,30.6,30.2,28.5,30.7,30.2,27.3,33.2,29.8,29.6,28.3,29.0,31.4,26.8,28.6,29.3,30.4,28.8,25.7,31.9,28.8,30.2,23.1,22.7,22.3,21.8,33.9,26.1,33.0,29.6,36.3,30.5,27.2,29.3,26.9,27.9,28.5,28.5,31.9,26.5,34.3,33.0,31.2,23.6,30.3,30.7,30.2,32.5,33.7,31.1,35.7,31.7,33.2,28.5,37.4,30.6,32.2,29.2,32.5,28.6,31.1,30.0,25.6,29.3,31.2,27.4,32.1,26.3,28.1,26.1,26.9,24.2,31.6,24.7,23.6,24.9,20.1
1060,23.6,25.1,23.2,29.7,28.3,30.9,30.5,26.9,28.8,27.6,30.1,29.7,30.0,28.1,30.1,29.6,27.0,32.8,29.4,29.2,27.8,28.3,30.9,26.1,27.8,28.7,30.0,28.4,25.2,31.5,28.4,29.6,22.7,22.4,21.7,21.2,33.4,25.5,32.3,28.9,35.3,30.2,26.5,28.6,26.2,27.3,27.8,28.0,31.1,25.7,33.4,32.2,30.1,23.2,30.1,30.4,29.9,32.2,33.1,30.7,35.2,31.3,33.0,27.5,36.8,30.3,31.5,28.7,32.0,28.2,29.9,29.5,24.6,28.5,30.6,26.4,31.8,26.0,27.7,25.6,26.2,23.4,31.2,24.3,23.1,24.4,19.7
1061,22.9,24.8,22.8,29.3,27.6,30.6,30.2,26.4,28.3,27.3,29.7,29.3,29.4,27.7,29.7,29.2,26.7,32.6,29.1,28.9,27.4,28.0,30.5,25.6,27.4,28.0,29.6,28.0,24.7,31.0,28.0,29.0,22.2,22.0,21.3,21.0,33.0,25.2,31.7,28.1,34.2,29.8,25.7,28.2,25.6,27.0,27.3,27.6,30.5,25.4,32.5,31.7,29.2,22.8,29.8,30.1,29.5,32.0,32.8,30.3,34.9,31.0,32.6,27.1,36.5,29.9,31.0,28.3,31.5,27.8,28.9,28.7,24.2,27.9,29.6,25.9,31.4,25.6,27.3,25.0,25.6,23.0,31.0,23.7,22.7,23.9,19.4
1062,22.1,24.9,22.3,28.8,27.1,30.2,29.8,25.9,27.8,26.9,29.2,28.8,29.0,27.4,29.3,28.7,26.3,32.3,28.7,28.6,27.0,27.7,30.3,24.9,26.8,27.7,29.1,27.5,24.3,30.9,27.5,28.7,21.9,21.8,20.9,20.6,32.5,24.9,31.1,27.6,33.6,29.0,25.0,27.5,25.1,26.4,26.9,27.0,29.9,25.0,32.1,31.1,28.4,22.3,29.6,29.6,29.4,31.9,32.5,30.1,34.6,30.6,32.3,26.6,36.0,29.5,30.5,28.0,31.1,27.4,27.7,28.0,23.5,27.7,29.1,25.4,31.1,25.1,27.0,24.7,25.0,22.5,30.6,23.3,22.3,23.3,19.0
1063,21.6,24.9,22.4,28.4,26.6,29.6,29.2,25.5,27.5,26.5,29.3,28.6,28.8,27.1,28.7,28.6,25.9,32.2,28.4,28.4,26.7,27.5,30.1,24.6,26.2,27.2,28.8,27.1,24.0,30.6,27.1,28.2,21.5,21.4,20.7,20.3,31.8,25.0,30.4,27.1,32.9,29.0,24.3,27.2,24.6,26.1,26.3,26.8,29.5,24.9,31.4,31.1,27.8,22.3,29.2,29.5,29.3,31.8,32.3,29.7,34.4,30.2,32.2,26.4,35.8,29.2,29.9,27.6,30.7,27.2,26.8,27.5,23.1,27.9,28.6,24.9,30.6,24.9,26.7,24.2,24.4,22.0,30.3,23.3,21.9,22.9,18.7
1064,26.0,27.4,26.1,28.2,26.8,29.7,29.7,25.9,28.3,26.9,30.2,29.2,29.9,27.5,29.1,29.2,26.7,33.8,29.6,30.0,27.1,28.0,30.8,24.8,26.1,27.6,29.1,27.4,24.7,31.5,27.1,29.3,21.7,21.8,20.8,20.2,35.5,27.5,30.2,30.8,34.8,33.5,24.0,28.2,27.6,29.5,28.5,31.3,35.9,24.9,32.6,32.7,30.1,25.1,29.2,30.6,29.4,32.2,31.9,31.0,35.4,29.9,33.5,30.6,36.2,30.9,31.2,28.0,32.0,28.5,29.8,27.3,26.8,28.8,33.1,25.5,32.1,26.1,27.3,24.2,24.5,21.8,30.1,24.6,22.0,23.2,19.1
1065,31.1,31.8,31.3,32.1,29.8,31.8,32.3,28.8,30.4,29.2,32.2,31.2,32.2,29.2,31.7,31.2,29.5,37.2,31.8,32.1,29.8,30.3,33.4,27.3,29.4,30.7,31.0,30.1,27.2,34.0,29.7,31.3,24.0,24.2,22.8,22.7,40.7,31.8,34.1,35.6,38.3,38.1,27.7,32.0,31.4,35.2,32.3,36.4,43.2,28.8,39.1,36.3,35.7,29.2,30.6,33.0,31.7,34.3,33.4,33.5,37.2,31.3,36.8,36.5,38.5,34.8,35.5,29.7,34.5,30.5,36.1,31.5,31.8,33.1,38.3,30.6,34.1,28.1,29.4,27.5,27.9,24.6,32.5,26.7,24.4,25.7,21.2
1066,35.9,35.4,35.3,37.1,33.1,34.9,35.2,32.1,32.7,31.4,34.1,33.7,34.4,31.6,34.7,33.3,32.5,39.7,34.0,34.1,32.5,32.5,35.9,30.1,33.3,34.1,33.3,33.0,29.6,36.5,32.5,33.7,27.1,27.3,25.2,25.9,44.9,35.5,38.5,39.5,41.9,41.6,32.4,35.0,35.8,39.5,36.7,39.9,48.4,32.8,44.1,40.0,41.3,33.0,32.6,36.0,34.3,36.7,36.2,35.9,39.3,34.4,39.6,41.4,41.0,38.4,39.2,32.0,36.9,32.6,41.6,37.4,36.3,36.8,42.5,34.7,36.1,30.2,32.0,31.8,31.8,28.5,35.1,28.8,27.4,28.5,23.8
1067,40.0,38.4,37.9,41.6,36.3,37.8,38.1,35.2,34.7,33.7,36.2,35.9,36.6,33.9,37.7,35.3,35.1,42.1,36.1,35.9,35.2,34.7,38.4,33.1,37.1,37.6,35.5,35.9,32.2,38.8,35.4,36.1,29.7,30.0,27.8,28.7,48.4,38.6,42.5,42.7,45.3,44.5,36.6,37.8,39.9,42.7,40.9,43.0,51.9,36.7,48.1,43.5,46.1,36.0,34.7,38.6,36.4,38.8,38.7,38.0,41.4,37.1,42.2,45.1,44.0,41.4,42.6,34.2,39.3,34.7,46.3,42.1,40.5,39.7,46.0,38.6,38.0,32.2,34.1,35.6,35.6,32.5,37.2,30.7,30.1,31.1,26.1
1068,43.2,40.2,40.1,45.1,38.9,40.3,40.8,37.6,36.6,35.7,37.9,37.8,38.5,35.8,40.2,37.2,37.4,44.2,38.0,37.5,37.5,36.3,40.6,35.6,40.5,40.1,37.4,38.2,34.3,40.8,37.7,37.9,32.0,32.5,29.8,31.2,51.3,40.6,45.8,45.3,48.2,46.8,40.2,40.3,43.1,45.0,44.4,45.7,54.8,39.7,51.1,46.5,49.9,38.2,36.6,40.7,38.1,40.6,41.0,39.8,43.1,39.6,44.3,47.8,46.9,43.8,45.3,36.2,41.4,36.5,50.0,45.4,43.6,42.1,48.5,41.5,39.5,33.8,36.2,38.5,38.6,35.7,38.9,32.4,32.6,33.4,28.0
1069,45.5,41.3,41.5,47.7,41.1,42.5,43.1,39.7,38.0,37.4,39.3,39.4,40.1,37.5,42.3,38.5,39.2,45.7,39.5,38.6,39.3,37.8,42.6,37.5,43.1,42.4,39.2,40.2,36.1,42.4,39.6,39.2,34.1,34.3,31.5,32.7,53.4,41.5,48.5,47.3,50.7,48.5,42.6,42.3,45.3,46.9,46.7,47.6,56.7,41.7,53.4,48.7,52.8,39.7,38.0,42.0,39.4,41.9,42.8,41.2,44.6,41.7,45.9,49.5,49.4,45.4,47.4,37.8,43.1,38.0,52.4,48.0,45.8,43.9,50.3,43.5,40.7,35.0,38.0,40.8,40.9,38.3,40.2,33.4,34.5,35.2,29.8
1070,47.1,42.1,42.3,49.4,42.8,44.4,44.7,41.0,39.2,38.6,40.5,40.7,41.1,38.8,43.8,39.7,40.5,46.6,40.4,39.4,40.7,39.2,43.9,39.1,44.8,43.8,40.5,41.4,37.3,43.4,40.9,40.4,35.5,35.6,32.8,33.8,55.0,42.0,50.5,48.8,52.4,49.4,44.7,43.5,47.1,47.9,48.3,48.9,58.0,43.3,55.0,50.2,54.8,40.6,38.9,42.9,40.0,42.7,43.9,41.9,45.3,43.2,46.9,50.7,51.3,46.2,48.9,39.0,44.2,38.9,53.6,49.9,47.1,45.3,51.5,44.6,41.4,35.8,39.2,42.1,42.5,40.1,41.0,34.4,35.6,36.4,30.9
1071,47.3,42.1,42.5,50.8,43.6,45.1,45.5,42.1,39.6,39.3,41.0,41.5,41.5,39.5,44.6,40.3,41.2,46.8,40.9,39.7,41.3,39.9,44.7,40.0,45.6,44.6,41.0,42.2,38.0,44.2,41.6,41.0,36.0,36.2,33.6,34.7,55.8,42.0,51.9,49.5,53.5,49.6,45.5,44.2,47.5,48.1,49.1,49.2,58.4,44.1,55.6,50.6,55.7,40.6,39.1,43.2,40.2,43.1,44.7,42.1,45.5,44.2,47.3,51.3,52.7,46.8,49.7,39.7,44.8,39.5,54.2,51.0,47.7,46.1,52.0,45.3,41.8,36.1,39.8,42.9,43.5,41.0,41.5,34.7,36.4,37.2,31.7
1072,47.0,41.1,41.5,51.1,43.8,45.3,45.7,42.1,39.6,39.1,40.9,41.7,41.3,39.5,44.5,40.4,41.1,46.3,40.6,39.3,41.5,39.9,44.7,40.0,46.1,44.6,41.1,42.0,38.0,44.2,41.8,40.9,36.0,36.3,33.6,34.5,55.4,41.0,52.2,49.3,54.0,48.7,45.8,44.1,47.0,47.2,49.1,48.5,57.7,44.3,55.4,50.3,55.8,40.0,39.1,42.7,40.1,42.9,44.9,41.8,45.0,44.6,46.9,50.6,53.0,46.3,49.8,39.6,44.7,39.5,54.2,51.8,47.0,46.1,51.6,45.1,41.6,35.8,39.8,43.4,43.3,41.0,41.4,34.4,36.4,37.2,31.7
1073,44.1,38.5,38.2,50.3,42.8,44.4,44.8,41.1,38.5,38.1,39.7,41.2,40.1,38.7,43.5,39.4,40.2,44.4,39.0,37.9,40.5,38.9,43.6,39.0,45.0,43.8,40.2,41.1,37.0,43.3,41.0,39.7,34.9,35.2,32.7,33.7,53.5,38.3,51.5,47.3,53.2,45.8,45.1,42.7,44.3,44.6,47.7,46.2,55.0,43.3,54.4,48.8,54.7,36.9,38.0,40.9,38.9,41.8,44.3,40.0,43.5,44.0,45.0,48.5,52.0,44.4,48.2,38.8,43.5,38.2,52.7,51.5,45.0,45.0,49.4,43.8,40.4,34.7,38.7,42.5,42.6,40.5,40.3,33.4,35.7,36.1,30.6
1074,38.4,34.6,33.1,47.7,39.7,42.0,41.7,38.1,36.3,35.6,37.6,39.4,37.7,36.7,40.5,37.1,37.0,41.1,36.8,35.7,37.6,36.5,40.6,36.1,41.8,40.9,38.4,38.1,34.2,40.7,38.4,37.0,32.1,32.6,30.6,31.1,47.6,34.5,48.8,42.6,50.6,39.9,42.0,39.1,39.8,39.8,43.9,41.7,48.9,40.2,51.2,45.8,51.3,32.2,35.9,38.2,36.7,39.4,42.6,36.6,41.8,41.8,41.7,43.7,49.7,40.9,43.7,36.7,41.0,35.9,48.7,48.9,40.0,41.2,44.3,40.3,38.6,32.7,36.0,39.4,39.1,37.4,37.4,31.9,33.2,33.7,28.0
1075,35.1,32.8,30.7,43.1,36.6,39.3,39.2,34.8,34.9,34.0,36.1,37.6,36.1,34.8,37.8,35.6,33.7,39.1,35.2,34.4,34.7,34.4,37.4,33.5,36.6,36.8,36.9,35.4,31.8,38.5,35.9,35.3,29.2,29.9,28.7,28.6,44.1,32.5,43.6,39.3,47.9,37.3,37.0,35.8,37.4,36.6,40.8,39.0,45.8,35.8,46.9,43.8,45.2,30.0,34.4,36.4,34.8,37.3,40.3,35.4,40.5,38.9,39.4,40.2,47.0,38.7,40.8,35.3,39.2,34.5,43.4,42.3,36.5,37.6,41.2,36.2,37.2,31.5,33.8,34.1,35.3,33.7,34.3,30.7,30.2,31.7,25.9
1076,32.8,31.1,28.9,39.8,34.8,37.7,37.2,32.9,33.9,32.6,35.2,36.2,35.1,33.4,36.2,34.4,31.9,37.6,33.9,33.5,33.2,33.2,36.0,32.2,34.4,34.9,35.6,33.6,30.1,37.1,34.0,34.4,27.7,28.3,27.4,27.2,42.2,31.0,41.1,36.7,45.8,35.8,34.4,34.3,35.3,34.5,38.0,36.8,43.1,33.4,44.2,42.2,41.5,28.7,33.7,35.2,33.8,36.1,38.5,34.6,39.5,36.9,37.9,37.9,45.2,36.8,39.1,34.2,37.7,33.2,41.1,39.2,34.2,35.8,39.1,34.3,36.3,30.8,32.5,31.5,33.2,31.3,33.6,29.8,28.7,30.3,24.4
1077,30.7,30.1,27.9,37.3,33.4,36.3,35.9,31.3,33.0,31.8,34.3,34.9,34.1,32.4,35.0,33.6,30.8,36.7,33.3,32.8,32.0,32.4,34.8,31.0,33.2,33.5,34.3,32.4,29.1,36.1,32.9,33.4,26.5,27.1,26.4,25.9,40.3,30.0,39.4,35.1,44.2,34.4,32.8,33.2,33.6,32.9,35.9,35.1,40.8,31.9,42.0,40.6,39.3,27.7,33.0,34.1,32.9,35.3,37.5,33.9,38.8,35.7,36.7,35.9,43.4,35.3,37.6,33.1,36.7,32.5,39.2,37.2,32.6,34.3,37.6,32.7,35.4,30.1,31.5,30.2,31.8,29.7,33.0,28.9,27.2,29.3,23.2
1078,29.1,29.3,27.0,35.8,32.3,35.3,34.8,30.2,32.3,31.0,33.6,33.9,33.1,31.6,34.0,32.8,30.0,35.8,32.6,32.2,31.0,31.5,34.1,30.2,31.9,32.4,33.4,31.6,28.4,35.3,31.9,32.8,25.9,26.3,25.5,25.2,38.8,29.2,37.7,33.7,42.7,33.3,31.3,32.7,32.2,32.2,34.1,33.4,38.7,30.8,40.2,39.1,38.0,26.7,32.4,33.5,32.1,34.8,36.7,33.4,38.2,35.0,35.9,34.2,42.2,34.0,36.3,32.3,35.9,31.7,38.1,35.4,31.1,33.4,36.1,31.6,34.8,29.5,30.7,29.2,30.7,28.5,32.7,28.0,26.4,28.3,22.7
1079,28.0,28.5,26.2,34.3,31.3,34.2,33.8,29.6,31.4,30.2,32.9,32.9,32.6,30.8,33.2,32.1,29.3,35.2,32.1,31.6,30.3,30.9,33.5,29.2,30.9,31.7,32.5,30.7,27.8,34.5,31.0,32.1,25.1,25.4,24.8,24.5,37.8,28.4,36.6,32.7,41.2,32.7,30.1,31.9,30.8,31.3,32.8,32.2,37.1,30.0,38.7,37.5,36.5,25.8,31.8,32.8,31.8,34.1,35.8,32.8,37.6,34.1,35.1,32.9,41.0,33.2,35.5,31.5,35.2,31.0,36.7,34.1,29.9,32.2,34.9,30.6,34.3,28.8,30.2,28.5,29.7,27.5,32.6,27.4,25.9,27.6,22.0
1080,26.8,27.9,25.4,33.1,30.5,33.5,32.9,28.9,31.0,29.7,32.2,32.2,32.0,30.2,32.4,31.6,28.6,34.7,31.5,31.1,29.5,30.4,32.8,28.5,30.3,30.7,31.9,29.9,27.1,33.8,30.1,31.5,24.7,24.8,23.9,23.9,36.5,27.7,35.4,31.7,39.8,32.0,29.4,31.2,29.6,30.4,31.5,31.2,35.2,28.7,37.4,36.3,35.3,25.1,31.3,31.9,31.2,33.7,35.4,32.5,37.0,33.5,34.7,31.6,39.8,32.6,34.6,31.0,34.5,30.4,35.3,33.0,28.7,31.6,33.8,29.6,33.7,28.2,29.5,27.8,29.0,26.3,32.3,26.8,25.2,26.8,21.6
1081,25.6,27.1,24.8,32.2,29.8,32.7,32.2,28.3,30.3,29.1,31.7,31.5,31.4,29.5,31.7,31.2,28.0,34.2,30.9,30.7,28.8,29.7,32.2,28.0,29.8,30.2,31.3,29.6,26.4,33.1,29.6,30.9,24.0,24.0,23.5,23.1,35.6,27.0,34.6,31.0,38.6,31.6,28.7,30.8,28.7,29.6,30.4,30.2,33.9,27.8,36.3,35.0,33.8,24.5,31.1,31.5,30.7,33.3,34.9,32.0,36.6,32.9,34.1,30.3,38.9,31.8,33.5,30.3,33.8,29.9,33.9,32.0,27.6,30.7,33.1,28.7,33.3,27.7,29.0,27.1,28.3,25.5,32.0,26.1,24.7,26.2,21.1
1082,25.1,26.6,24.1,31.2,29.4,32.1,31.7,27.8,29.8,28.5,31.1,31.1,30.8,29.1,31.1,30.7,27.5,33.6,30.4,30.3,28.6,29.4,31.7,27.4,29.2,29.7,30.8,29.1,26.1,32.5,28.9,30.6,23.6,23.4,22.8,22.4,34.7,26.5,33.8,30.3,37.3,30.9,27.9,29.9,27.5,28.8,29.4,29.5,32.9,27.3,35.4,34.0,32.7,23.9,30.5,31.0,30.4,32.7,34.4,31.5,36.2,32.4,33.6,29.4,38.0,31.3,32.7,29.8,33.2,29.3,32.6,30.8,26.7,30.0,32.1,28.0,32.8,27.1,28.3,26.4,27.4,24.7,31.7,25.5,24.1,25.6,20.7
1083,24.4,26.0,23.7,30.4,28.8,31.5,31.0,27.4,29.3,28.0,30.6,30.5,30.3,28.5,30.6,30.1,27.1,33.1,30.0,29.9,28.1,28.9,31.3,26.7,28.5,29.2,30.2,28.6,25.6,31.9,28.7,30.3,23.2,22.8,22.3,21.8,33.9,26.1,33.0,29.7,36.5,30.5,27.1,29.5,26.9,28.1,28.8,28.8,32.1,26.5,34.5,32.9,31.6,23.5,30.2,30.8,30.1,32.5,33.6,31.2,35.8,31.7,33.1,28.5,37.1,30.6,31.9,29.1,32.6,28.8,31.4,30.1,25.8,29.6,31.1,27.5,32.4,26.6,27.9,25.9,26.8,24.1,31.6,25.0,23.6,25.0,20.2
1084,23.5,25.3,23.3,29.6,28.2,30.8,30.4,26.8,28.7,27.5,30.2,29.8,29.9,28.0,30.0,29.6,26.8,32.7,29.5,29.5,27.7,28.3,30.8,26.1,27.7,28.5,29.9,28.3,25.1,31.4,28.2,29.6,22.7,22.4,21.7,21.3,33.4,25.5,32.4,29.1,35.6,30.2,26.4,28.9,26.2,27.5,28.1,28.2,31.3,25.8,33.6,32.1,30.5,23.1,29.9,30.5,29.7,32.2,33.0,30.8,35.3,31.4,32.9,27.5,36.4,30.2,31.2,28.6,32.1,28.4,30.1,29.7,24.8,28.8,30.5,26.5,32.0,26.2,27.6,25.4,26.1,23.3,31.1,24.7,23.1,24.5,19.8
1085,22.8,25.0,22.8,29.1,27.5,30.5,30.0,26.3,28.1,27.1,29.7,29.3,29.4,27.6,29.6,29.2,26.5,32.5,29.2,29.1,27.3,27.9,30.5,25.5,27.3,27.9,29.5,27.9,24.7,31.0,27.8,29.1,22.1,22.0,21.3,21.1,33.1,25.2,31.8,28.3,34.5,29.8,25.7,28.4,25.6,27.0,27.6,27.8,30.7,25.5,32.7,31.6,29.5,22.6,29.6,30.2,29.4,32.0,32.7,30.4,35.0,31.1,32.6,27.1,36.2,29.8,30.7,28.2,31.6,28.0,29.1,28.8,24.3,28.1,29.5,25.9,31.5,25.8,27.2,24.8,25.5,22.8,30.9,24.1,22.7,23.9,19.4
1086,22.1,25.1,22.3,28.6,27.0,30.1,29.8,25.8,27.6,26.8,29.3,28.8,29.0,27.3,29.2,28.7,26.1,32.1,28.8,28.9,26.9,27.6,30.3,24.9,26.7,27.6,29.0,27.4,24.2,30.9,27.4,28.8,21.9,21.7,20.9,20.7,32.5,25.0,31.3,27.8,33.9,29.1,25.0,27.7,25.1,26.5,27.2,27.1,30.0,25.1,32.3,31.0,28.8,22.2,29.4,29.8,29.3,31.8,32.4,30.1,34.7,30.7,32.3,26.5,35.7,29.5,30.0,27.9,31.1,27.6,28.0,28.1,23.7,28.0,29.0,25.5,31.2,25.2,26.9,24.4,24.9,22.4,30.5,23.7,22.3,23.3,18.9
1087,21.7,25.0,22.6,28.3,26.6,29.5,29.1,25.4,27.3,26.4,29.3,28.6,28.8,27.0,28.6,28.5,25.7,32.0,28.5,28.6,26.5,27.3,30.0,24.6,26.1,27.1,28.7,26.9,24.0,30.5,26.9,28.2,21.4,21.4,20.7,20.3,31.9,25.1,30.6,27.4,33.1,29.2,24.3,27.4,24.7,26.2,26.6,27.1,29.8,25.0,31.5,30.8,28.1,22.2,29.1,29.6,29.2,31.8,32.2,29.6,34.4,30.3,32.2,26.1,35.4,29.3,29.5,27.6,30.7,27.3,27.1,27.6,23.2,28.1,28.5,25.0,30.8,25.0,26.6,24.0,24.3,21.9,30.1,23.7,21.8,22.9,18.7
1088,26.1,27.7,26.3,28.1,26.9,29.7,29.6,26.1,28.1,27.0,30.4,29.3,30.0,27.5,29.1,29.1,26.7,33.9,29.8,30.2,27.0,28.0,30.8,24.9,26.1,27.5,29.1,27.3,24.8,31.4,27.1,29.4,21.7,21.9,21.0,20.3,35.6,27.5,30.5,31.1,35.0,33.7,24.1,28.5,27.7,29.8,28.8,31.6,36.1,25.0,32.8,32.5,30.6,25.1,29.1,30.8,29.4,32.2,31.8,31.1,35.5,29.9,33.6,30.5,35.9,31.1,31.0,28.0,32.1,28.6,30.2,27.4,27.0,29.1,33.1,25.7,32.3,26.3,27.2,24.1,24.5,21.7,30.0,25.1,22.0,23.4,19.2
1089,31.3,32.0,31.6,32.3,29.9,31.8,32.3,29.0,30.3,29.3,32.4,31.4,32.4,29.3,31.7,31.2,29.6,37.4,32.0,32.4,29.9,30.4,33.5,27.4,29.4,30.8,31.1,30.0,27.3,34.0,29.8,31.3,24.2,24.4,23.0,23.0,40.7,31.9,34.4,35.8,38.5,38.5,27.8,32.2,31.6,35.4,32.6,36.5,43.3,28.8,39.1,36.0,36.0,29.3,30.5,33.1,31.7,34.3,33.4,33.7,37.4,31.5,37.0,36.5,38.2,35.0,35.2,29.8,34.5,30.6,36.4,31.8,32.1,33.4,38.3,30.6,34.3,28.3,29.5,27.5,28.0,24.6,32.4,27.1,24.5,26.0,21.4
1090,36.1,35.6,35.6,37.3,33.2,34.9,35.3,32.3,32.7,31.6,34.2,33.9,34.6,31.7,34.7,33.4,32.6,39.9,34.2,34.3,32.6,32.5,36.0,30.3,33.5,34.2,33.4,33.0,29.8,36.6,32.6,33.7,27.3,27.6,25.5,26.3,45.0,35.7,38.8,39.7,42.0,42.1,32.6,35.3,36.0,39.8,36.9,39.9,48.4,32.9,44.2,39.6,41.5,33.2,32.5,36.2,34.3,36.7,36.2,36.1,39.4,34.5,39.9,41.2,40.8,38.5,39.0,32.1,37.0,32.8,41.9,37.7,36.6,37.1,42.4,34.8,36.3,30.5,32.1,31.9,32.0,28.7,35.0,29.3,27.6,28.9,24.1
1091,40.2,38.6,38.3,41.8,36.5,38.0,38.2,35.4,34.7,33.9,36.4,36.0,36.8,34.0,37.8,35.4,35.3,42.4,36.3,36.2,35.4,34.8,38.6,33.3,37.2,37.7,35.6,36.0,32.5,38.9,35.5,36.2,30.0,30.4,28.1,29.1,48.6,38.7,42.8,42.9,45.5,44.9,36.8,38.2,40.1,42.9,41.2,42.8,51.8,36.8,48.0,43.1,46.4,36.3,34.7,38.7,36.3,38.7,38.7,38.0,41.5,37.2,42.6,44.9,43.8,41.5,42.5,34.3,39.3,34.8,46.5,42.4,40.7,40.1,45.7,38.6,38.2,32.4,34.3,35.8,35.9,32.7,37.1,31.3,30.4,31.5,26.5
1092,43.4,40.4,40.4,45.4,39.3,40.4,41.1,37.9,36.5,35.9,38.0,38.0,38.7,36.0,40.4,37.3,37.7,44.4,38.2,37.7,37.8,36.4,40.8,35.9,40.6,40.4,37.6,38.4,34.7,40.9,37.9,38.1,32.5,33.0,30.3,31.6,51.4,40.6,46.1,45.4,48.3,47.2,40.4,40.6,43.3,45.4,44.7,45.4,54.6,39.8,51.0,46.2,50.0,38.5,36.4,40.7,38.0,40.5,40.9,39.9,43.2,39.7,44.6,47.5,46.8,43.9,45.1,36.3,41.4,36.7,50.1,45.8,43.9,42.4,48.1,41.4,39.6,34.0,36.4,38.8,39.0,36.0,38.8,33.0,32.9,33.8,28.6
1093,45.7,41.5,42.0,48.1,41.5,42.7,43.4,40.0,37.9,37.7,39.5,39.6,40.3,37.8,42.5,38.7,39.5,45.9,39.7,38.8,39.6,38.0,42.7,38.0,43.3,42.7,39.5,40.4,36.4,42.6,39.9,39.5,34.5,34.9,32.0,33.2,53.5,41.5,48.8,47.3,50.7,48.8,42.9,42.5,45.6,47.2,46.9,47.3,56.5,41.8,53.1,48.4,52.8,40.1,37.8,42.1,39.2,41.8,42.7,41.3,44.6,41.7,46.2,49.3,49.2,45.5,47.2,38.0,43.1,38.2,52.4,48.4,46.3,44.1,49.9,43.4,40.9,35.3,38.3,41.2,41.1,38.6,40.2,34.0,34.9,35.6,30.4
1094,47.5,42.3,42.7,49.7,43.2,44.7,45.0,41.4,39.2,39.0,40.6,40.8,41.3,39.1,44.1,39.9,40.8,46.9,40.5,39.6,41.1,39.3,44.1,39.5,45.0,44.1,40.8,41.7,37.7,43.6,41.2,40.6,36.0,36.2,33.4,34.4,55.2,42.0,50.8,48.8,52.4,49.7,45.0,43.7,47.5,48.2,48.4,48.5,57.8,43.2,54.6,49.8,54.8,41.0,38.6,42.9,39.9,42.6,43.8,42.0,45.3,43.3,47.2,50.4,51.1,46.4,48.8,39.3,44.2,39.1,53.6,50.6,47.7,45.5,51.2,44.4,41.5,36.2,39.5,42.6,42.9,40.5,41.0,34.9,36.1,36.9,31.6
1095,47.8,42.2,42.9,51.2,44.0,45.4,45.8,42.5,39.7,39.6,41.2,41.6,41.7,39.8,44.9,40.6,41.6,47.1,41.1,39.9,41.7,40.1,45.0,40.4,46.0,45.0,41.4,42.6,38.4,44.5,42.0,41.3,36.5,36.9,34.2,35.4,56.0,41.9,52.1,49.5,53.5,50.0,45.9,44.4,47.9,48.4,49.2,48.9,58.1,44.0,55.2,50.4,55.7,41.1,39.0,43.2,40.1,43.0,44.5,42.2,45.5,44.1,47.7,50.9,52.5,46.9,49.5,40.0,44.9,39.7,54.2,51.7,48.2,46.3,51.7,45.1,41.9,36.4,40.1,43.5,43.9,41.4,41.4,35.3,37.0,37.7,32.5
1096,47.4,41.2,41.9,51.5,44.2,45.7,46.1,42.5,39.7,39.5,41.1,41.9,41.5,39.8,44.9,40.7,41.6,46.7,40.9,39.6,41.9,40.2,45.0,40.5,46.4,45.0,41.4,42.4,38.5,44.5,42.1,41.1,36.6,37.0,34.3,35.1,55.6,40.9,52.5,49.3,53.9,49.1,46.2,44.2,47.5,47.5,49.1,48.1,57.4,44.3,55.0,50.0,55.8,40.4,39.0,42.8,40.0,42.8,44.7,41.9,45.0,44.6,47.3,50.3,52.8,46.4,49.6,39.9,44.8,39.8,54.1,52.3,47.5,46.3,51.4,44.8,41.7,36.1,40.2,43.9,43.8,41.5,41.4,35.0,37.0,37.7,32.4
1097,44.5,38.6,38.6,50.7,43.2,44.8,45.1,41.5,38.7,38.5,40.0,41.4,40.4,39.1,43.9,39.7,40.6,44.8,39.3,38.1,40.9,39.3,43.9,39.5,45.3,44.2,40.6,41.4,37.6,43.6,41.3,40.0,35.6,35.9,33.4,34.4,53.7,38.3,51.8,47.2,53.0,46.3,45.5,42.9,44.8,44.9,47.7,45.9,54.8,43.2,54.0,48.6,54.7,37.3,38.0,41.1,38.8,41.8,44.1,40.1,43.5,44.0,45.4,48.3,51.8,44.5,48.1,39.1,43.6,38.5,52.6,52.0,45.5,45.2,49.2,43.5,40.5,35.0,39.1,43.0,43.0,40.9,40.3,33.9,36.3,36.7,31.3
1098,38.8,34.8,33.3,48.2,40.2,42.3,42.1,38.5,36.4,35.9,37.7,39.6,37.9,37.1,40.9,37.4,37.4,41.3,37.0,36.0,37.9,36.8,41.0,36.6,42.2,41.3,38.8,38.4,34.7,41.0,38.8,37.2,32.7,33.3,31.3,31.7,47.8,34.5,49.2,42.5,50.6,40.4,42.4,39.4,40.3,40.1,44.0,41.3,48.7,40.1,51.0,45.6,51.3,32.6,35.8,38.3,36.5,39.4,42.5,36.8,41.9,41.8,42.0,43.3,49.5,40.9,43.6,37.0,41.2,36.1,48.7,49.4,40.5,41.5,44.2,40.1,38.7,33.1,36.4,39.9,39.6,37.9,37.3,32.3,33.8,34.2,28.6
1099,35.6,32.9,30.9,43.5,37.0,39.6,39.4,35.1,35.0,34.3,36.2,37.8,36.2,35.1,38.1,35.8,34.1,39.2,35.3,34.7,35.0,34.6,37.8,33.9,37.2,37.2,37.3,35.7,32.2,38.7,36.2,35.5,29.6,30.4,29.1,29.0,44.3,32.4,44.0,39.3,47.9,37.6,37.4,36.1,37.9,36.8,40.9,38.6,45.6,35.6,46.7,43.6,45.3,30.2,34.3,36.6,34.7,37.3,40.2,35.4,40.5,38.9,39.6,39.9,46.8,38.7,40.6,35.6,39.3,34.6,43.5,42.8,36.9,38.0,41.0,36.0,37.3,31.8,34.2,34.5,35.7,34.0,34.2,31.1,30.7,32.1,26.4
1100,33.3,31.1,29.1,40.2,35.1,38.0,37.5,33.1,33.9,33.0,35.3,36.3,35.2,33.7,36.6,34.6,32.1,37.7,34.0,33.8,33.3,33.3,36.3,32.5,34.9,35.2,35.9,33.9,30.5,37.3,34.3,34.5,28.1,28.7,27.9,27.6,42.4,31.0,41.4,36.7,45.8,36.1,34.8,34.6,35.9,34.7,38.2,36.4,42.9,33.2,44.0,42.0,41.6,28.8,33.6,35.2,33.7,36.1,38.4,34.6,39.5,36.9,38.0,37.6,45.2,36.8,38.9,34.5,37.9,33.3,41.3,39.7,34.6,36.1,38.8,34.0,36.4,31.0,32.9,31.8,33.5,31.7,33.4,30.1,29.1,30.6,24.8
1101,31.2,30.2,28.0,37.8,33.6,36.6,36.2,31.6,33.0,32.1,34.3,34.9,34.1,32.7,35.3,33.8,30.9,36.7,33.4,33.0,32.2,32.5,35.2,31.3,33.6,33.8,34.6,32.8,29.4,36.3,33.0,33.7,26.9,27.5,26.8,26.4,40.5,29.9,39.7,35.1,44.2,34.7,33.1,33.4,34.2,33.1,36.2,34.8,40.7,31.8,41.9,40.4,39.5,27.8,32.9,34.1,32.8,35.3,37.4,33.9,38.8,35.7,36.7,35.6,43.3,35.2,37.4,33.4,36.9,32.6,39.3,37.7,32.8,34.6,37.4,32.4,35.5,30.4,31.8,30.4,32.2,30.0,32.8,29.1,27.6,29.6,23.5
1102,29.5,29.4,27.0,36.3,32.5,35.6,35.2,30.4,32.3,31.3,33.7,33.9,33.1,31.8,34.4,33.1,30.1,35.9,32.6,32.3,31.1,31.7,34.4,30.5,32.3,32.7,33.7,31.9,28.6,35.5,32.1,33.0,26.2,26.7,25.9,25.5,39.0,29.0,38.0,33.6,42.7,33.6,31.6,32.9,32.7,32.5,34.5,33.2,38.6,30.7,40.2,38.8,38.2,26.9,32.3,33.3,32.1,34.8,36.5,33.3,38.2,34.9,35.9,33.9,42.0,33.9,36.1,32.6,36.0,31.8,38.2,35.9,31.3,33.7,35.9,31.4,34.8,29.7,31.0,29.4,31.0,28.8,32.5,28.3,26.7,28.6,23.0
1103,28.3,28.5,26.3,34.7,31.6,34.5,34.1,29.9,31.5,30.6,32.8,33.0,32.5,31.1,33.6,32.3,29.4,35.3,32.1,31.7,30.5,31.2,33.8,29.6,31.3,32.0,32.7,31.0,28.0,34.8,31.2,32.2,25.4,25.7,25.1,24.9,38.1,28.3,36.9,32.5,41.1,32.9,30.4,32.2,31.3,31.5,33.1,31.9,37.1,29.9,38.7,37.2,36.6,26.0,31.7,32.6,31.7,34.1,35.7,32.7,37.6,34.1,35.1,32.8,40.9,33.0,35.4,31.7,35.3,31.0,36.9,34.6,30.0,32.4,34.7,30.5,34.3,29.0,30.3,28.7,30.0,27.8,32.3,27.6,26.2,27.9,22.3
1104,27.2,28.0,25.6,33.5,30.8,33.9,33.2,29.1,31.0,30.0,32.2,32.3,31.9,30.5,32.7,31.9,28.7,34.7,31.5,31.3,29.7,30.7,33.0,28.9,30.7,31.0,32.1,30.1,27.3,34.1,30.3,31.6,25.0,25.1,24.3,24.2,36.8,27.6,35.8,31.6,39.7,32.1,29.7,31.4,30.1,30.5,31.8,31.0,35.1,28.5,37.3,36.0,35.4,25.2,31.2,31.7,31.2,33.6,35.1,32.4,37.0,33.5,34.6,31.4,39.7,32.4,34.3,31.2,34.6,30.4,35.5,33.4,28.7,31.8,33.6,29.4,33.8,28.4,29.7,28.0,29.3,26.6,32.0,27.0,25.5,27.1,21.9
1105,26.0,27.2,24.9,32.7,30.2,33.1,32.5,28.6,30.4,29.4,31.6,31.6,31.4,29.8,32.0,31.4,28.2,34.1,30.9,30.9,29.1,30.0,32.5,28.4,30.2,30.5,31.5,29.8,26.7,33.4,29.8,31.1,24.3,24.3,23.8,23.5,35.8,26.9,34.9,31.0,38.5,31.8,29.0,30.9,29.1,29.6,30.6,30.1,33.8,27.7,36.2,34.8,33.9,24.6,30.9,31.3,30.7,33.3,34.7,31.8,36.6,32.8,34.0,30.1,38.8,31.5,33.3,30.6,34.0,29.9,34.1,32.3,27.7,30.9,32.8,28.5,33.4,28.0,29.2,27.4,28.6,25.8,31.7,26.4,25.0,26.4,21.4
1106,25.5,26.7,24.4,31.6,29.7,32.4,31.9,28.2,29.9,28.8,31.1,31.1,30.7,29.3,31.4,30.9,27.7,33.5,30.5,30.4,28.8,29.6,32.0,27.7,29.5,30.0,31.0,29.4,26.3,32.8,29.1,30.8,23.9,23.7,23.2,22.7,35.0,26.5,34.0,30.2,37.3,31.1,28.2,30.0,27.9,28.8,29.6,29.3,32.8,27.2,35.3,33.7,32.8,24.0,30.4,30.7,30.3,32.6,34.1,31.4,36.2,32.3,33.4,29.1,37.8,31.0,32.4,30.0,33.4,29.4,32.8,31.1,26.6,30.1,31.9,27.7,32.9,27.4,28.6,26.7,27.7,24.9,31.5,25.7,24.4,25.8,20.9
1107,24.7,26.0,23.9,30.9,29.1,31.8,31.3,27.8,29.4,28.3,30.6,30.5,30.3,28.7,30.9,30.3,27.2,33.0,30.2,30.0,28.3,29.2,31.6,27.1,28.8,29.5,30.5,28.9,25.9,32.3,28.9,30.5,23.5,23.1,22.7,22.2,34.3,26.0,33.3,29.6,36.4,30.7,27.4,29.6,27.2,28.2,28.9,28.6,31.9,26.3,34.4,32.7,31.6,23.5,30.0,30.5,30.1,32.4,33.3,31.0,35.7,31.7,32.9,28.4,37.0,30.3,31.7,29.4,32.7,28.8,31.5,30.4,25.8,29.6,31.0,27.2,32.4,26.8,28.2,26.2,27.1,24.3,31.4,25.3,23.9,25.2,20.6
1108,23.8,25.3,23.5,29.9,28.5,31.2,30.8,27.2,28.9,27.8,30.2,29.9,29.9,28.3,30.3,29.8,27.0,32.6,29.7,29.7,27.8,28.6,31.1,26.3,28.0,28.9,30.1,28.6,25.3,31.8,28.4,29.9,23.0,22.6,22.2,21.7,33.7,25.4,32.7,28.9,35.6,30.3,26.6,29.0,26.4,27.6,28.1,28.0,31.2,25.6,33.5,31.8,30.5,23.1,29.7,30.2,29.6,32.1,32.7,30.5,35.2,31.3,32.6,27.3,36.2,29.9,30.9,28.8,32.2,28.4,30.4,29.9,24.7,28.9,30.4,26.2,32.1,26.4,27.8,25.6,26.4,23.5,30.8,24.9,23.4,24.7,20.1
1109,23.0,25.1,23.0,29.3,27.8,30.9,30.4,26.7,28.3,27.4,29.8,29.4,29.5,27.9,29.9,29.4,26.6,32.3,29.3,29.4,27.5,28.2,30.8,25.9,27.5,28.2,29.7,28.1,24.9,31.3,28.0,29.3,22.5,22.3,21.8,21.4,33.3,25.1,32.1,28.1,34.5,29.9,25.9,28.5,25.7,27.1,27.6,27.6,30.6,25.3,32.6,31.2,29.6,22.6,29.4,29.8,29.2,31.9,32.4,30.0,34.9,30.9,32.3,27.1,36.0,29.5,30.4,28.4,31.7,28.2,29.3,29.0,24.3,28.2,29.4,25.7,31.7,26.0,27.5,24.9,25.8,22.9,30.6,24.4,23.0,24.1,19.8
1110,22.3,25.2,22.4,28.8,27.2,30.4,30.2,26.1,27.9,27.1,29.3,28.9,29.1,27.5,29.5,28.9,26.3,32.0,28.9,29.1,27.1,27.9,30.6,25.2,26.9,27.9,29.2,27.6,24.5,31.2,27.5,28.9,22.2,22.0,21.3,21.0,32.7,24.9,31.7,27.7,33.9,29.1,25.3,27.9,25.2,26.5,27.1,26.9,29.9,24.8,32.1,30.7,28.8,22.2,29.2,29.4,29.2,31.7,32.1,29.8,34.5,30.5,32.1,26.4,35.5,29.2,29.7,28.1,31.3,27.7,28.0,28.3,23.6,28.1,28.8,25.2,31.4,25.4,27.1,24.6,25.2,22.5,30.2,24.0,22.6,23.5,19.4
1111,21.8,25.3,22.6,28.4,26.8,29.8,29.5,25.7,27.5,26.6,29.4,28.7,28.9,27.3,28.9,28.7,25.9,31.8,28.6,29.0,26.7,27.6,30.3,24.8,26.3,27.3,29.0,27.1,24.2,30.8,27.2,28.4,21.9,21.7,21.1,20.6,32.1,24.9,30.9,27.3,33.0,29.3,24.6,27.5,24.9,26.2,26.5,26.8,29.7,24.8,31.4,30.5,28.1,22.2,28.9,29.2,29.1,31.7,32.0,29.4,34.2,30.1,31.9,26.0,35.1,28.8,29.2,27.8,31.0,27.5,27.2,27.8,23.2,28.2,28.5,24.8,31.0,25.3,26.9,24.1,24.5,22.1,29.8,24.0,22.1,23.1,19.2
1112,26.4,27.9,26.5,28.3,27.3,30.0,30.0,26.4,28.5,27.3,30.7,29.5,30.2,27.8,29.4,29.5,26.9,33.8,30.1,30.6,27.3,28.3,31.2,25.2,26.4,27.8,29.4,27.7,25.0,31.8,27.3,29.7,22.2,22.3,21.6,20.7,35.9,27.5,30.7,31.0,35.0,33.9,24.5,28.7,28.0,29.8,28.8,31.4,36.1,24.8,32.7,32.2,30.7,25.3,28.9,30.5,29.2,32.1,31.6,31.0,35.5,29.7,33.5,30.4,35.8,30.8,30.8,28.4,32.4,28.9,30.3,27.7,27.1,29.2,33.0,25.5,32.6,26.6,27.6,24.4,24.8,22.0,29.8,25.5,22.4,23.6,19.8
1113,31.5,32.0,31.8,32.6,30.3,32.2,32.7,29.4,30.7,29.8,32.8,31.7,32.8,29.7,32.2,31.6,30.0,37.5,32.5,32.8,30.4,30.9,33.9,27.9,29.8,31.2,31.5,30.5,27.8,34.4,30.3,31.8,24.8,24.9,23.7,23.6,41.1,31.8,34.5,35.7,38.5,38.6,28.1,32.4,31.8,35.5,32.6,36.2,43.3,28.6,39.0,35.7,36.2,29.5,30.4,33.1,31.5,34.2,33.3,33.7,37.4,31.4,37.1,36.3,38.0,34.9,35.0,30.3,34.8,31.0,36.5,32.1,32.2,33.5,38.1,30.4,34.6,28.7,29.9,27.8,28.4,24.9,32.2,27.6,25.0,26.4,22.0
1114,36.2,35.6,35.8,37.6,33.8,35.4,35.8,32.9,33.2,32.1,34.8,34.3,35.1,32.2,35.2,33.9,33.2,40.2,34.8,34.9,33.1,33.1,36.5,30.9,33.8,34.7,33.9,33.6,30.4,37.0,33.1,34.3,27.9,28.2,26.2,27.0,45.3,35.5,39.1,39.5,41.9,42.2,33.0,35.4,36.2,39.9,36.9,39.6,48.3,32.7,43.9,39.2,41.7,33.4,32.3,36.2,34.0,36.4,36.1,36.1,39.5,34.5,40.0,41.0,40.7,38.5,38.8,32.7,37.3,33.3,41.9,38.0,36.8,37.2,42.1,34.4,36.7,31.0,32.6,32.2,32.5,29.0,34.8,29.8,28.2,29.5,24.8
1115,40.2,38.5,38.4,42.1,37.1,38.5,38.8,36.1,35.2,34.5,36.9,36.6,37.4,34.6,38.4,36.1,35.8,42.8,37.0,36.8,36.0,35.4,39.2,34.0,37.5,38.2,36.2,36.6,33.1,39.4,36.2,36.8,30.7,31.2,28.9,29.8,49.0,38.6,43.1,42.7,45.3,45.1,37.2,38.2,40.2,42.9,41.1,42.6,51.7,36.6,47.7,42.7,46.4,36.4,34.5,38.8,36.1,38.5,38.6,38.1,41.6,37.3,42.8,44.6,43.7,41.6,42.3,35.0,39.6,35.4,46.5,42.8,40.7,40.0,45.3,38.2,38.6,33.0,34.9,36.2,36.4,33.0,37.0,31.8,31.0,32.2,27.2
1116,43.4,40.4,40.5,45.6,39.9,41.1,41.6,38.6,37.2,36.6,38.7,38.6,39.3,36.6,41.0,38.1,38.3,44.7,38.9,38.3,38.4,37.2,41.4,36.6,41.0,40.8,38.2,39.1,35.4,41.5,38.6,38.8,33.2,33.7,31.1,32.3,51.8,40.5,46.4,45.2,48.0,47.3,40.7,40.5,43.5,45.4,44.5,45.2,54.4,39.4,50.6,45.8,49.9,38.7,36.1,40.7,37.7,40.1,40.8,39.9,43.4,39.7,44.8,47.3,46.7,44.0,45.0,37.0,41.8,37.3,50.0,46.1,44.1,42.2,47.8,41.0,40.1,34.7,37.0,39.2,39.6,36.3,38.7,33.6,33.6,34.6,29.3
1117,45.7,41.5,42.0,48.3,42.1,43.4,43.9,40.7,38.6,38.4,40.2,40.3,41.0,38.4,43.1,39.5,40.1,46.3,40.5,39.5,40.3,38.8,43.4,38.6,43.6,43.1,40.2,41.1,37.1,43.2,40.6,40.1,35.2,35.7,32.8,34.0,53.7,41.4,49.1,47.1,50.4,48.9,43.2,42.4,45.8,47.2,46.7,47.1,56.4,41.4,52.6,48.1,52.7,40.2,37.5,42.2,38.8,41.4,42.6,41.3,44.7,41.8,46.4,49.1,49.2,45.6,47.1,38.7,43.5,38.8,52.2,48.8,46.4,44.0,49.6,42.9,41.4,36.0,38.9,41.6,41.7,39.0,40.1,34.7,35.6,36.5,31.2
1118,47.5,42.4,42.6,49.9,43.7,45.2,45.5,42.1,40.0,39.6,41.4,41.6,42.1,39.7,44.6,40.8,41.4,47.2,41.3,40.3,41.6,40.1,44.8,40.2,45.3,44.5,41.5,42.3,38.4,44.3,41.9,41.4,36.7,37.0,34.3,35.2,55.4,42.0,51.2,48.6,52.3,49.8,45.3,43.6,47.7,48.3,48.1,48.3,57.6,42.8,54.1,49.5,54.6,41.1,38.3,43.1,39.5,42.3,43.7,42.2,45.4,43.3,47.4,50.2,51.1,46.5,48.7,39.9,44.7,39.8,53.4,50.9,47.9,45.4,50.9,44.0,42.2,36.9,40.1,42.9,43.3,40.9,40.9,35.5,36.8,37.7,32.4
1119,47.9,42.4,42.9,51.2,44.5,45.9,46.2,43.0,40.5,40.3,41.9,42.5,42.5,40.5,45.4,41.4,42.3,47.4,41.8,40.7,42.3,40.9,45.6,41.0,46.3,45.4,42.1,43.1,39.1,45.1,42.6,42.1,37.3,37.7,35.0,36.2,56.2,41.7,52.4,49.3,53.3,49.9,46.0,44.1,48.1,48.4,48.9,48.6,57.8,43.6,54.7,50.0,55.4,41.2,38.8,43.3,39.8,42.7,44.4,42.3,45.7,44.3,47.9,50.7,52.3,46.9,49.5,40.6,45.4,40.4,54.0,52.0,48.4,46.2,51.4,44.6,42.6,37.1,40.8,43.8,44.3,41.8,41.3,35.9,37.7,38.6,33.3
1120,47.3,41.3,41.9,51.7,44.7,46.1,46.4,43.0,40.5,40.1,41.8,42.8,42.3,40.5,45.3,41.4,42.2,46.9,41.7,40.3,42.4,41.0,45.6,41.1,46.6,45.3,42.1,42.9,39.2,45.1,42.7,41.9,37.3,37.8,35.1,36.0,55.8,40.8,52.8,49.1,53.7,49.1,46.4,44.0,47.6,47.4,48.7,47.8,57.1,43.8,54.5,49.7,55.5,40.5,38.8,42.9,39.7,42.6,44.7,42.0,45.2,44.8,47.5,50.1,52.6,46.6,49.6,40.6,45.3,40.4,53.8,52.6,47.6,46.1,51.1,44.3,42.4,36.8,40.8,44.2,44.2,41.7,41.3,35.5,37.6,38.5,33.1
1121,44.4,38.7,38.6,50.9,43.6,45.1,45.4,42.0,39.5,39.2,40.7,42.2,41.2,39.7,44.2,40.5,41.2,44.9,40.1,39.0,41.5,40.1,44.5,40.0,45.4,44.5,41.3,41.9,38.3,44.2,41.9,40.9,36.2,36.7,34.2,35.2,53.9,38.3,52.0,47.1,52.8,46.4,45.6,42.8,45.0,44.9,47.3,45.6,54.6,42.8,53.5,48.3,54.2,37.5,37.8,41.2,38.6,41.7,44.1,40.2,43.6,44.2,45.6,48.1,51.7,44.7,48.1,39.8,44.1,39.2,52.3,52.2,45.6,45.0,49.0,43.0,41.3,35.7,39.8,43.3,43.3,41.2,40.2,34.5,36.9,37.5,32.1
1122,38.8,34.8,33.3,48.4,40.6,42.7,42.5,39.1,37.1,36.7,38.4,40.4,38.6,37.8,41.3,38.1,38.0,41.4,37.8,36.8,38.5,37.6,41.6,37.1,42.3,41.7,39.5,38.9,35.4,41.6,39.4,38.0,33.3,33.9,32.0,32.4,48.1,34.4,49.4,42.5,50.3,40.4,42.5,39.5,40.4,40.1,43.7,41.1,48.6,39.8,50.6,45.3,51.0,32.6,35.6,38.4,36.4,39.2,42.5,36.9,41.9,42.1,42.1,43.2,49.4,41.0,43.6,37.7,41.7,36.7,48.5,49.7,40.7,41.4,44.0,39.7,39.4,33.7,37.1,40.2,39.9,38.2,37.3,32.9,34.4,34.9,29.4
1123,35.6,32.8,30.9,43.7,37.3,40.0,39.8,35.5,35.7,35.0,36.9,38.4,36.8,35.7,38.5,36.5,34.7,39.3,36.0,35.3,35.6,35.4,38.4,34.4,37.3,37.5,37.8,36.2,32.9,39.3,36.8,36.1,30.1,31.0,29.8,29.6,44.6,32.2,44.2,39.2,47.7,37.6,37.5,36.1,37.9,36.8,40.7,38.4,45.4,35.2,46.3,43.3,45.1,30.2,34.1,36.6,34.6,37.0,40.2,35.4,40.5,39.1,39.8,39.7,46.7,38.7,40.5,36.3,39.8,35.1,43.3,43.1,37.0,37.9,40.7,35.6,37.9,32.4,34.8,34.8,35.9,34.2,33.9,31.6,31.2,32.8,27.0
1124,33.2,31.1,29.1,40.4,35.4,38.3,37.8,33.6,34.6,33.6,35.9,36.9,35.8,34.3,37.0,35.3,32.8,37.8,34.6,34.4,33.9,34.0,36.9,33.0,35.0,35.5,36.4,34.4,31.1,37.8,34.9,35.1,28.6,29.3,28.6,28.1,42.6,30.8,41.6,36.6,45.6,36.1,34.9,34.6,35.9,34.6,38.1,36.2,42.8,32.9,43.7,41.7,41.5,28.8,33.3,35.2,33.5,35.9,38.4,34.5,39.5,37.0,38.2,37.4,45.0,36.7,38.8,35.1,38.3,33.9,41.1,40.0,34.6,35.9,38.6,33.7,37.0,31.6,33.5,32.1,33.7,31.8,33.2,30.6,29.6,31.2,25.4
1125,31.1,30.1,27.9,38.0,33.9,37.0,36.5,32.0,33.8,32.7,34.9,35.5,34.7,33.2,35.6,34.5,31.5,36.8,34.0,33.7,32.7,33.2,35.7,31.8,33.7,34.0,35.2,33.2,30.0,36.8,33.5,34.2,27.4,28.0,27.4,26.9,40.6,29.7,39.9,35.0,44.1,34.8,33.2,33.3,34.1,33.0,36.1,34.6,40.5,31.5,41.7,40.1,39.4,27.9,32.7,33.9,32.7,35.1,37.3,33.8,38.7,35.8,36.8,35.4,43.2,35.1,37.4,34.0,37.3,33.1,39.2,38.0,32.8,34.4,37.2,32.2,36.1,30.9,32.4,30.7,32.3,30.2,32.5,29.6,28.1,30.2,24.1
1126,29.5,29.4,27.0,36.5,32.8,36.0,35.5,30.8,33.0,31.8,34.3,34.5,33.7,32.3,34.6,33.6,30.6,36.1,33.3,32.9,31.6,32.3,35.0,30.9,32.4,33.0,34.2,32.3,29.2,36.0,32.5,33.5,26.7,27.1,26.5,26.1,39.1,28.9,38.2,33.5,42.6,33.6,31.7,32.8,32.6,32.3,34.4,33.0,38.4,30.4,40.0,38.6,37.9,26.8,32.2,33.3,31.9,34.6,36.5,33.2,38.1,35.0,36.0,33.7,41.9,33.8,36.1,33.1,36.5,32.3,38.0,36.1,31.2,33.5,35.5,31.1,35.4,30.3,31.5,29.7,31.1,29.0,32.2,28.8,27.2,29.2,23.6
1127,28.3,28.5,26.2,34.9,31.8,34.8,34.4,30.2,32.1,31.1,33.4,33.5,33.1,31.6,33.8,32.9,29.8,35.4,32.6,32.3,30.9,31.8,34.3,30.0,31.4,32.2,33.2,31.3,28.5,35.3,31.6,32.8,25.8,26.1,25.7,25.4,38.1,28.2,37.0,32.4,41.0,32.8,30.6,32.1,31.2,31.2,33.0,31.7,36.8,29.6,38.5,37.0,36.4,25.9,31.5,32.5,31.5,33.9,35.6,32.7,37.5,34.1,35.1,32.5,40.8,32.9,35.3,32.3,35.8,31.5,36.7,34.9,30.0,32.3,34.3,30.2,34.9,29.6,30.8,29.0,30.1,27.9,32.0,28.0,26.6,28.4,22.9
1128,27.2,28.0,25.6,33.5,31.0,34.1,33.5,29.4,31.6,30.4,32.8,32.8,32.4,31.0,32.9,32.4,29.1,34.8,32.0,31.9,30.0,31.2,33.5,29.4,30.8,31.2,32.6,30.4,27.8,34.7,30.7,32.2,25.3,25.5,24.8,24.7,36.8,27.5,35.9,31.4,39.6,32.0,29.9,31.3,30.0,30.2,31.7,30.7,34.8,28.2,37.1,35.7,35.1,25.2,31.0,31.7,31.0,33.5,35.0,32.3,36.9,33.5,34.6,31.0,39.6,32.3,34.2,31.8,35.0,30.9,35.3,33.5,28.6,31.7,33.2,29.2,34.4,29.0,30.1,28.1,29.4,26.7,31.6,27.5,25.9,27.5,22.5
1129,25.9,27.2,24.9,32.6,30.3,33.4,32.8,28.9,31.0,29.8,32.2,32.1,31.9,30.2,32.2,31.9,28.5,34.2,31.5,31.5,29.4,30.5,32.9,28.9,30.3,30.6,32.0,30.2,27.2,34.0,30.1,31.7,24.6,24.7,24.2,23.9,35.9,26.7,34.9,30.8,38.5,31.7,29.2,30.8,29.0,29.3,30.4,29.8,33.5,27.5,36.0,34.5,33.7,24.7,30.7,31.1,30.5,33.1,34.5,31.7,36.5,32.7,34.0,29.8,38.7,31.5,33.1,31.1,34.3,30.3,33.9,32.4,27.6,30.8,32.3,28.2,33.9,28.5,29.6,27.6,28.7,25.9,31.5,26.8,25.4,26.8,21.9
1130,25.4,26.7,24.4,31.7,29.8,32.7,32.2,28.5,30.4,29.3,31.6,31.5,31.2,29.7,31.7,31.4,28.0,33.5,31.0,30.9,29.1,30.2,32.3,28.1,29.6,30.1,31.5,29.7,26.8,33.4,29.5,31.4,24.1,24.0,23.6,23.2,35.1,26.3,34.1,30.1,37.2,31.0,28.3,29.9,27.8,28.5,29.5,29.1,32.4,26.9,35.1,33.5,32.4,24.0,30.1,30.6,30.1,32.4,34.0,31.2,36.0,32.2,33.4,28.8,37.8,30.9,32.3,30.5,33.7,29.8,32.7,31.2,26.5,30.0,31.5,27.3,33.4,27.7,29.0,26.9,27.8,25.0,31.3,26.2,24.8,26.2,21.4
1131,24.6,26.0,23.8,31.0,29.2,32.1,31.6,28.0,30.0,28.7,31.1,31.0,30.7,29.1,31.2,30.8,27.6,33.0,30.6,30.6,28.6,29.6,31.9,27.4,29.0,29.7,30.9,29.2,26.3,32.8,29.2,31.1,23.7,23.4,23.2,22.6,34.3,25.8,33.5,29.3,36.3,30.5,27.4,29.5,27.1,27.9,28.8,28.4,31.6,26.1,34.1,32.4,31.4,23.6,29.7,30.4,29.8,32.1,33.2,30.9,35.5,31.5,32.9,28.1,36.9,30.3,31.5,29.8,33.1,29.2,31.4,30.3,25.5,29.6,30.6,26.9,32.9,27.2,28.5,26.3,27.3,24.3,31.1,25.8,24.2,25.6,21.0
1132,23.8,25.5,23.5,30.0,28.6,31.5,31.0,27.5,29.4,28.2,30.7,30.3,30.4,28.7,30.5,30.3,27.3,32.7,30.2,30.2,28.2,29.0,31.4,26.7,28.1,29.0,30.5,28.7,25.7,32.3,28.8,30.6,23.2,22.9,22.7,22.0,33.8,25.2,32.8,28.6,35.4,30.1,26.7,28.9,26.3,27.3,28.0,27.7,30.8,25.4,33.2,31.6,30.3,23.2,29.4,30.1,29.3,31.8,32.5,30.3,35.1,31.1,32.6,27.0,36.1,29.9,30.7,29.3,32.6,28.8,30.2,29.9,24.6,28.8,30.0,26.0,32.6,26.8,28.2,25.7,26.5,23.5,30.5,25.5,23.6,25.1,20.6
1133,23.0,25.2,23.1,29.4,27.9,31.1,30.6,27.0,28.8,27.7,30.2,29.8,29.9,28.2,30.0,29.8,26.9,32.4,29.8,29.8,27.8,28.6,31.1,26.1,27.6,28.4,30.0,28.3,25.3,31.7,28.3,30.0,22.7,22.6,22.2,21.8,33.3,24.9,32.3,27.9,34.4,29.8,25.9,28.4,25.6,26.9,27.4,27.2,30.1,25.1,32.3,30.9,29.3,22.7,29.1,29.8,28.9,31.7,32.2,29.9,34.8,30.7,32.4,26.7,35.9,29.5,30.2,28.8,32.3,28.5,29.0,29.0,24.1,28.2,29.0,25.5,32.2,26.5,27.8,25.0,25.9,23.0,30.3,24.9,23.1,24.4,20.1
1134,22.4,25.2,22.4,28.8,27.5,30.7,30.4,26.4,28.4,27.4,29.8,29.3,29.5,27.9,29.6,29.3,26.5,32.1,29.4,29.5,27.4,28.3,30.9,25.4,27.0,28.0,29.5,27.8,24.7,31.6,27.8,29.6,22.3,22.2,21.7,21.3,32.7,24.8,31.7,27.4,33.7,29.1,25.3,27.8,25.2,26.2,26.9,26.5,29.5,24.6,31.8,30.4,28.6,22.3,28.9,29.4,28.9,31.5,31.9,29.7,34.4,30.3,32.2,26.1,35.4,29.2,29.6,28.5,31.8,28.1,27.9,28.5,23.4,28.2,28.4,25.0,31.9,25.9,27.4,24.6,25.3,22.6,29.9,24.5,22.7,23.8,19.7
1135,22.0,25.2,22.6,28.4,27.0,30.1,29.7,26.0,28.1,27.0,29.8,29.1,29.3,27.6,29.1,29.1,26.1,31.9,29.1,29.4,27.0,28.0,30.6,25.0,26.3,27.5,29.3,27.4,24.4,31.3,27.5,29.1,21.9,21.9,21.4,21.0,32.3,24.9,31.0,27.1,33.0,29.3,24.5,27.4,24.8,25.9,26.3,26.5,29.3,24.6,31.1,30.2,27.9,22.4,28.5,29.2,28.7,31.4,31.8,29.3,34.1,29.9,32.0,25.7,35.0,28.8,29.1,28.2,31.5,27.9,27.0,27.8,23.1,28.2,28.1,24.5,31.5,25.8,27.2,24.2,24.6,22.1,29.5,24.5,22.2,23.4,19.4
1136,26.6,28.0,26.6,28.4,27.5,30.3,30.3,26.7,29.0,27.7,31.2,29.9,30.7,28.2,29.7,29.9,27.2,34.0,30.6,31.1,27.6,28.8,31.4,25.4,26.5,28.1,29.8,27.9,25.3,32.3,27.6,30.4,22.3,22.5,21.9,21.1,36.0,27.5,30.8,31.0,35.0,33.9,24.5,28.7,28.1,29.7,28.7,31.3,36.0,24.7,32.5,32.1,30.6,25.6,28.6,30.6,29.0,31.9,31.5,31.0,35.5,29.5,33.7,30.3,35.7,30.9,30.9,28.7,32.9,29.3,30.3,27.7,27.1,29.3,32.9,25.2,33.1,27.2,27.9,24.5,24.9,22.1,29.6,26.1,22.5,24.0,20.1
1137,31.6,32.2,32.0,32.7,30.6,32.6,33.1,29.8,31.2,30.2,33.3,32.2,33.3,30.1,32.5,32.0,30.4,37.7,33.1,33.3,30.8,31.3,34.2,28.2,30.0,31.6,32.0,30.8,28.2,34.9,30.6,32.5,25.0,25.2,24.1,24.0,41.2,31.9,34.7,35.6,38.4,38.7,28.2,32.4,32.0,35.5,32.5,36.1,43.1,28.6,38.8,35.6,36.1,29.9,30.2,33.2,31.3,34.0,33.2,33.7,37.3,31.4,37.2,36.2,38.0,35.0,35.1,30.7,35.3,31.5,36.3,32.3,32.1,33.6,37.9,30.1,35.2,29.3,30.3,28.0,28.6,25.1,32.1,28.3,25.2,26.8,22.4
1138,36.3,35.8,35.9,37.7,34.1,35.9,36.2,33.3,33.6,32.6,35.3,34.7,35.6,32.7,35.7,34.3,33.6,40.4,35.4,35.4,33.6,33.6,36.9,31.3,34.0,35.1,34.5,33.9,30.8,37.4,33.6,35.0,28.2,28.6,26.6,27.3,45.5,35.7,39.4,39.4,41.7,42.5,33.1,35.4,36.3,39.9,36.7,39.5,48.1,32.7,43.6,39.2,41.5,33.7,32.2,36.4,33.8,36.3,36.0,36.2,39.4,34.5,40.2,40.8,40.7,38.5,38.9,33.2,37.7,33.8,41.5,38.2,36.8,37.2,42.0,34.2,37.2,31.5,33.1,32.5,32.8,29.3,34.7,30.5,28.5,29.8,25.3
1139,40.3,38.7,38.5,42.1,37.5,38.9,39.2,36.4,35.6,35.1,37.4,37.0,37.8,35.1,38.8,36.6,36.4,43.0,37.5,37.3,36.5,36.0,39.5,34.3,37.7,38.6,36.7,37.0,33.6,39.8,36.6,37.3,31.1,31.6,29.3,30.2,49.2,38.7,43.5,42.5,45.1,45.4,37.4,38.2,40.3,42.9,40.9,42.5,51.5,36.5,47.3,42.8,46.1,36.8,34.4,38.9,35.9,38.4,38.6,38.2,41.6,37.4,42.9,44.5,43.8,41.7,42.4,35.6,40.1,35.8,46.1,43.1,41.0,40.0,45.3,38.0,39.2,33.6,35.4,36.5,36.7,33.3,36.9,32.6,31.4,32.6,27.7
1140,43.5,40.7,40.6,45.6,40.2,41.6,42.0,39.0,37.6,37.0,39.1,39.1,39.8,37.1,41.4,38.6,38.8,45.0,39.4,38.9,38.9,37.8,41.8,37.0,41.3,41.2,38.8,39.5,35.8,41.9,39.1,39.3,33.6,34.2,31.6,32.8,51.9,40.6,46.9,45.0,47.9,47.7,40.9,40.5,43.7,45.4,44.1,45.1,54.2,39.3,50.2,45.9,49.5,39.1,36.0,40.9,37.5,40.1,40.8,40.0,43.4,39.8,45.0,47.2,46.8,44.1,45.1,37.6,42.3,37.7,49.6,46.4,44.3,42.2,47.7,40.7,40.6,35.2,37.4,39.5,39.9,36.8,38.7,34.3,34.1,35.0,29.8
1141,45.7,41.8,42.0,48.4,42.5,43.8,44.3,41.1,39.2,38.8,40.6,40.8,41.4,38.9,43.5,40.0,40.6,46.4,40.9,40.0,40.7,39.4,43.8,39.0,43.9,43.5,40.6,41.5,37.6,43.7,41.0,40.6,35.7,36.2,33.5,34.6,53.9,41.6,49.5,47.0,50.2,49.1,43.5,42.5,46.0,47.2,46.4,47.0,56.2,41.2,52.2,48.2,52.1,40.5,37.4,42.3,38.6,41.3,42.6,41.4,44.7,41.9,46.6,49.0,49.2,45.7,47.1,39.2,44.0,39.2,51.9,49.2,46.9,44.0,49.5,42.6,41.9,36.5,39.3,41.9,41.9,39.4,40.2,35.4,36.1,36.9,31.6
1142,47.6,42.7,42.7,50.1,44.2,45.6,45.9,42.4,40.5,40.0,41.7,42.1,42.5,40.2,45.1,41.3,41.9,47.4,41.8,40.8,42.0,40.7,45.2,40.6,45.6,45.0,41.9,42.8,38.8,44.7,42.3,41.9,37.2,37.6,34.9,35.8,55.7,42.1,51.7,48.5,52.1,50.0,45.6,43.6,47.8,48.3,47.7,48.2,57.4,42.5,53.8,49.7,54.1,41.3,38.1,43.2,39.3,42.2,43.7,42.2,45.5,43.5,47.6,50.1,51.0,46.6,48.7,40.4,45.2,40.2,53.1,51.2,48.2,45.4,50.9,43.8,42.6,37.4,40.4,43.3,43.6,41.3,40.9,36.2,37.2,38.2,32.8
1143,47.9,42.7,43.0,51.5,45.0,46.4,46.7,43.5,41.0,40.7,42.3,42.9,43.0,40.9,45.8,41.9,42.7,47.6,42.3,41.1,42.7,41.4,46.0,41.5,46.6,45.8,42.4,43.6,39.5,45.6,43.0,42.5,37.8,38.2,35.6,36.8,56.5,41.9,52.9,49.2,53.2,50.2,46.3,44.2,48.4,48.4,48.5,48.5,57.7,43.4,54.4,50.2,55.0,41.4,38.6,43.5,39.7,42.6,44.4,42.4,45.8,44.5,48.0,50.7,52.2,46.9,49.5,41.0,45.8,40.9,53.6,52.3,48.8,46.1,51.4,44.3,43.0,37.7,41.2,44.2,44.6,42.1,41.3,36.6,38.1,39.1,33.7
1144,47.5,41.6,42.0,52.0,45.2,46.5,46.8,43.5,41.1,40.5,42.3,43.3,42.9,40.9,45.7,42.0,42.6,47.1,42.1,40.8,42.9,41.5,46.0,41.6,46.9,45.8,42.5,43.4,39.7,45.6,43.1,42.3,37.9,38.3,35.7,36.5,56.1,41.0,53.3,48.9,53.5,49.3,46.6,44.1,47.9,47.5,48.3,47.8,57.0,43.6,54.3,49.9,55.0,40.8,38.7,43.1,39.6,42.5,44.7,42.2,45.3,44.9,47.6,50.1,52.5,46.6,49.6,41.0,45.7,40.9,53.5,52.9,47.9,46.1,51.2,44.1,42.9,37.4,41.2,44.6,44.6,42.1,41.4,36.3,38.2,39.0,33.6
1145,44.7,39.0,38.8,51.3,44.1,45.6,45.9,42.5,40.0,39.6,41.3,42.8,41.7,40.1,44.7,41.0,41.6,45.2,40.7,39.5,42.0,40.5,45.0,40.6,45.8,45.1,41.6,42.4,38.7,44.7,42.4,41.4,36.8,37.2,34.8,35.8,54.3,38.5,52.4,47.0,52.6,46.7,45.9,42.9,45.4,45.1,47.0,45.7,54.5,42.7,53.2,48.5,53.8,37.7,37.7,41.4,38.6,41.6,44.2,40.4,43.7,44.5,45.7,48.3,51.6,44.7,48.2,40.2,44.6,39.7,52.0,52.5,46.0,45.0,49.2,42.9,41.8,36.3,40.2,43.7,43.8,41.5,40.2,35.2,37.5,38.0,32.6
1146,39.1,35.0,33.4,48.7,41.1,43.2,42.9,39.6,37.7,37.1,39.0,40.9,39.2,38.2,41.8,38.6,38.5,41.7,38.3,37.3,39.0,38.1,42.0,37.7,42.7,42.2,39.9,39.4,35.9,42.0,39.9,38.5,33.8,34.4,32.5,32.9,48.6,34.6,49.9,42.5,50.1,40.7,42.8,39.6,40.7,40.3,43.4,41.1,48.6,39.8,50.5,45.6,50.7,32.9,35.6,38.5,36.4,39.1,42.6,37.0,42.0,42.3,42.2,43.3,49.4,41.1,43.7,38.2,42.2,37.2,48.4,50.0,41.1,41.6,44.1,39.6,39.9,34.3,37.5,40.6,40.4,38.5,37.4,33.6,34.9,35.4,29.8
1147,35.9,33.0,31.0,44.0,37.8,40.4,40.1,35.9,36.2,35.3,37.4,38.9,37.3,36.1,38.9,36.9,35.1,39.6,36.6,35.8,36.1,35.8,38.9,34.8,37.6,37.9,38.2,36.6,33.3,39.6,37.2,36.7,30.5,31.4,30.2,30.0,44.9,32.3,44.6,39.0,47.5,37.8,37.7,36.2,38.1,37.0,40.5,38.3,45.4,35.1,46.2,43.5,44.9,30.5,33.9,36.7,34.5,37.0,40.3,35.5,40.5,39.3,39.8,39.7,46.7,38.7,40.5,36.7,40.2,35.7,43.1,43.4,37.2,38.0,40.8,35.4,38.4,33.1,35.1,35.2,36.3,34.5,33.8,32.3,31.6,33.1,27.3
1148,33.5,31.2,29.2,40.7,35.8,38.8,38.1,33.9,35.0,34.0,36.4,37.3,36.3,34.6,37.4,35.8,33.2,38.1,35.1,34.9,34.3,34.4,37.3,33.3,35.2,35.8,36.8,34.8,31.4,38.3,35.3,35.6,28.9,29.6,28.9,28.5,43.0,30.8,41.8,36.4,45.4,36.3,35.1,34.6,36.1,34.7,38.0,36.2,42.8,32.7,43.6,41.9,41.2,28.9,33.2,35.3,33.4,35.7,38.4,34.6,39.5,37.1,38.2,37.3,45.0,36.7,38.8,35.5,38.7,34.4,40.9,40.2,34.7,36.0,38.7,33.5,37.5,32.2,33.8,32.5,34.1,32.0,33.0,31.3,29.9,31.6,25.8
1149,31.4,30.2,28.0,38.3,34.2,37.4,36.8,32.3,34.2,33.1,35.5,35.9,35.2,33.6,36.0,34.9,31.9,37.1,34.5,34.2,33.1,33.6,36.1,32.2,33.9,34.3,35.5,33.6,30.2,37.2,33.8,34.7,27.7,28.3,27.7,27.2,40.9,29.8,40.1,34.7,43.9,34.9,33.4,33.2,34.2,33.0,35.9,34.5,40.4,31.3,41.5,40.3,39.1,28.0,32.5,34.0,32.5,35.0,37.3,33.9,38.7,35.9,36.9,35.3,43.1,35.1,37.5,34.4,37.6,33.6,39.0,38.3,32.8,34.5,37.3,32.0,36.7,31.5,32.7,31.0,32.6,30.3,32.4,30.3,28.4,30.4,24.5
1150,29.6,29.4,27.0,36.8,33.1,36.3,35.8,31.0,33.4,32.1,34.8,35.0,34.1,32.7,35.0,34.0,31.0,36.3,33.7,33.4,31.9,32.7,35.4,31.2,32.5,33.3,34.6,32.7,29.4,36.3,32.8,33.9,27.0,27.4,26.8,26.3,39.4,29.0,38.4,33.4,42.5,33.8,31.8,32.8,32.7,32.2,34.3,32.9,38.2,30.3,39.9,38.7,37.7,26.9,32.0,33.3,31.7,34.4,36.5,33.2,38.1,35.0,36.2,33.6,41.9,33.8,36.1,33.5,36.7,32.8,37.8,36.3,31.2,33.6,35.6,30.9,36.0,30.8,31.8,30.0,31.4,29.1,32.0,29.5,27.5,29.4,23.8
1151,28.4,28.5,26.2,35.1,32.1,35.1,34.7,30.5,32.5,31.4,33.9,34.0,33.4,31.9,34.1,33.3,30.1,35.5,33.1,32.8,31.2,32.0,34.7,30.4,31.5,32.4,33.6,31.7,28.7,35.7,31.9,33.2,26.0,26.3,26.0,25.7,38.3,28.3,37.2,32.2,40.9,32.9,30.7,32.0,31.2,31.1,32.7,31.6,36.6,29.4,38.3,37.1,36.1,26.1,31.4,32.6,31.4,33.7,35.6,32.7,37.5,34.1,35.2,32.4,40.8,32.8,35.4,32.6,36.0,31.9,36.5,35.1,29.9,32.3,34.4,30.0,35.5,30.0,31.1,29.2,30.4,28.0,31.9,28.8,26.8,28.6,23.1
1152,27.3,28.2,25.5,33.6,31.3,34.5,33.8,29.7,32.0,30.7,33.2,33.2,32.8,31.3,33.3,32.8,29.3,34.9,32.4,32.4,30.4,31.4,33.8,29.6,30.9,31.5,32.9,30.8,28.0,35.0,31.0,32.6,25.4,25.6,25.0,25.0,37.1,27.5,36.0,31.3,39.4,32.1,29.9,31.1,30.1,30.1,31.5,30.6,34.5,28.1,36.9,35.9,34.9,25.2,30.8,31.8,30.8,33.2,35.0,32.4,36.8,33.5,34.6,31.0,39.6,32.3,34.2,32.1,35.2,31.3,35.1,33.8,28.7,31.6,33.3,28.9,34.9,29.4,30.4,28.3,29.7,26.8,31.6,28.2,26.1,27.8,22.7
1153,25.9,27.4,24.9,32.7,30.6,33.7,33.1,29.1,31.3,30.1,32.6,32.5,32.3,30.4,32.6,32.3,28.8,34.4,31.9,32.0,29.7,30.7,33.2,29.1,30.5,30.9,32.2,30.5,27.4,34.3,30.4,32.1,24.7,24.9,24.4,24.1,36.3,26.8,35.1,30.6,38.3,31.8,29.3,30.7,29.1,29.3,30.2,29.7,33.2,27.4,35.8,34.6,33.5,24.7,30.5,31.2,30.4,32.9,34.5,31.8,36.4,32.7,34.0,29.8,38.7,31.4,33.2,31.4,34.5,30.7,33.6,32.5,27.6,30.7,32.3,28.0,34.4,28.9,29.8,27.7,28.9,26.0,31.4,27.5,25.5,27.1,22.2
1154,25.6,26.9,24.3,31.8,30.0,33.1,32.5,28.7,30.8,29.5,32.0,31.9,31.6,29.9,31.9,31.7,28.2,33.6,31.4,31.4,29.3,30.4,32.6,28.3,29.7,30.3,31.7,29.9,26.9,33.7,29.7,31.8,24.2,24.2,23.9,23.4,35.3,26.2,34.2,29.9,37.1,31.1,28.4,29.8,28.0,28.5,29.3,29.1,32.1,26.8,34.9,33.6,32.2,24.2,29.9,30.6,29.9,32.2,34.0,31.3,35.9,32.2,33.4,28.8,37.9,30.8,32.3,30.8,33.9,30.2,32.5,31.3,26.5,29.9,31.5,27.0,33.9,28.2,29.2,26.9,27.9,25.1,31.3,26.9,24.8,26.4,21.6
1155,24.7,26.1,23.8,31.0,29.4,32.5,31.9,28.2,30.3,28.9,31.5,31.3,31.1,29.4,31.4,31.0,27.7,33.1,31.0,31.0,28.7,29.7,32.2,27.6,29.1,29.9,31.1,29.3,26.4,33.1,29.4,31.5,23.7,23.5,23.4,22.9,34.5,25.8,33.7,29.2,36.1,30.6,27.5,29.4,27.2,27.6,28.6,28.3,31.2,26.1,33.9,32.6,31.2,23.8,29.6,30.4,29.6,32.0,33.2,30.9,35.5,31.5,32.9,28.1,37.1,30.2,31.5,30.1,33.4,29.5,31.2,30.4,25.5,29.4,30.7,26.7,33.3,27.7,28.7,26.3,27.4,24.4,31.1,26.5,24.3,25.7,21.2
1156,23.8,25.4,23.5,30.0,28.8,31.8,31.3,27.6,29.7,28.4,31.1,30.7,30.6,28.9,30.7,30.5,27.4,32.8,30.6,30.6,28.3,29.2,31.6,26.7,28.2,29.2,30.6,28.9,25.8,32.5,28.9,30.9,23.2,23.0,22.8,22.2,33.9,25.1,32.9,28.4,35.2,30.0,26.8,28.9,26.3,27.1,27.8,27.6,30.5,25.3,33.0,31.8,30.1,23.3,29.2,30.1,29.2,31.7,32.6,30.5,35.0,31.1,32.6,27.1,36.3,29.8,30.8,29.5,32.8,29.2,29.9,29.9,24.6,28.6,30.0,25.8,33.0,27.3,28.3,25.7,26.6,23.6,30.6,26.2,23.6,25.2,20.7
1157,23.1,25.2,23.2,29.3,28.1,31.5,31.0,27.0,29.1,27.8,30.5,30.1,30.1,28.4,30.3,30.1,27.0,32.5,30.2,30.1,27.9,28.7,31.3,26.2,27.6,28.6,30.1,28.4,25.4,32.1,28.4,30.3,22.6,22.7,22.4,22.0,33.3,24.8,32.4,27.7,34.2,29.7,26.0,28.4,25.6,26.7,27.2,27.1,29.8,24.9,32.1,31.2,29.1,22.8,29.0,29.8,28.8,31.6,32.3,30.0,34.8,30.8,32.4,26.7,36.0,29.4,30.3,29.0,32.4,28.9,28.8,29.1,24.1,28.1,29.0,25.3,32.5,27.0,28.0,25.0,25.9,23.1,30.3,25.6,23.2,24.6,20.2
1158,22.4,25.2,22.5,28.8,27.6,31.0,30.7,26.4,28.6,27.5,30.1,29.5,29.8,28.0,29.8,29.5,26.6,32.2,29.8,29.9,27.5,28.4,31.1,25.5,27.0,28.2,29.6,27.9,24.9,31.9,27.9,29.9,22.3,22.3,21.9,21.5,32.7,24.7,31.9,27.3,33.5,28.9,25.4,27.8,25.2,26.1,26.8,26.4,29.2,24.4,31.6,30.6,28.3,22.4,28.8,29.5,28.8,31.4,32.0,29.8,34.4,30.4,32.2,25.9,35.5,29.1,29.6,28.7,32.0,28.4,27.7,28.5,23.5,28.0,28.5,24.7,32.3,26.4,27.6,24.6,25.3,22.7,29.9,25.3,22.7,23.9,19.9
1159,22.0,25.1,22.7,28.4,27.2,30.4,30.1,26.0,28.2,27.1,30.2,29.3,29.5,27.7,29.3,29.3,26.2,31.9,29.5,29.8,27.1,28.0,30.7,25.1,26.4,27.7,29.4,27.4,24.5,31.6,27.5,29.4,21.9,22.0,21.7,21.2,32.4,24.8,31.2,26.9,32.8,29.2,24.7,27.4,24.9,25.7,26.2,26.5,29.1,24.4,30.8,30.5,27.7,22.4,28.5,29.3,28.6,31.3,31.9,29.3,34.1,30.0,32.0,25.7,35.2,28.8,29.2,28.3,31.7,28.2,26.8,27.9,23.1,28.1,28.3,24.3,31.8,26.2,27.3,24.2,24.6,22.3,29.5,25.2,22.2,23.5,19.6
1160,26.7,28.1,26.7,28.5,27.7,30.6,30.7,26.9,29.2,27.9,31.5,30.1,30.9,28.4,30.0,30.1,27.4,34.2,31.0,31.6,27.9,29.0,31.7,25.5,26.6,28.3,29.9,28.2,25.5,32.6,27.8,30.6,22.4,22.7,22.2,21.5,36.2,27.5,31.0,31.0,35.0,33.9,24.8,28.9,28.2,29.8,28.7,31.4,36.1,24.6,32.3,32.3,30.5,25.7,28.6,30.8,28.9,31.8,31.6,31.1,35.5,29.6,33.8,30.3,35.9,31.0,31.1,28.9,33.2,29.6,30.2,27.8,27.2,29.3,33.2,25.1,33.5,27.6,28.2,24.6,25.0,22.2,29.7,26.7,22.6,24.1,20.2
1161,31.7,32.3,32.1,32.8,30.8,33.0,33.5,30.1,31.4,30.4,33.7,32.4,33.6,30.4,33.0,32.3,30.7,37.9,33.5,33.8,31.0,31.6,34.6,28.3,30.3,31.8,32.1,31.2,28.3,35.3,30.8,32.8,25.1,25.5,24.3,24.3,41.4,32.0,35.0,35.7,38.4,38.7,28.5,32.5,32.1,35.5,32.4,36.2,43.3,28.6,38.7,35.8,36.1,30.0,30.2,33.4,31.3,34.0,33.4,33.9,37.4,31.5,37.3,36.3,38.2,35.1,35.2,30.9,35.7,31.8,36.3,32.4,32.1,33.7,38.2,29.9,35.6,29.7,30.6,28.2,28.7,25.4,32.3,28.9,25.4,27.0,22.5
1162,36.4,35.9,36.0,37.8,34.4,36.4,36.7,33.6,33.9,32.9,35.7,35.0,36.0,33.0,36.2,34.6,33.9,40.6,35.8,35.8,33.8,33.9,37.3,31.5,34.4,35.4,34.7,34.4,31.0,37.8,33.8,35.3,28.3,28.8,26.9,27.5,45.7,35.7,39.6,39.4,41.7,42.5,33.5,35.5,36.5,39.8,36.7,39.7,48.2,32.8,43.5,39.5,41.5,33.8,32.2,36.6,33.9,36.3,36.1,36.4,39.5,34.7,40.3,41.0,40.9,38.8,39.1,33.4,38.1,34.1,41.6,38.3,36.9,37.4,42.4,34.3,37.6,31.9,33.4,32.6,32.9,29.5,34.9,31.1,28.7,30.0,25.5
1163,40.4,38.7,38.6,42.2,37.8,39.5,39.7,36.7,35.9,35.3,37.8,37.3,38.2,35.4,39.3,36.9,36.7,43.2,37.9,37.7,36.8,36.3,39.9,34.5,38.1,38.9,37.0,37.4,33.8,40.2,36.9,37.6,31.2,31.8,29.5,30.4,49.3,38.6,43.6,42.5,45.0,45.4,37.7,38.2,40.5,42.9,40.9,42.7,51.7,36.7,47.2,43.0,46.1,36.7,34.5,39.2,36.1,38.6,38.6,38.4,41.6,37.6,43.1,44.7,43.9,41.9,42.5,35.8,40.5,36.2,46.2,43.1,41.1,40.1,45.7,38.0,39.6,34.0,35.8,36.6,36.8,33.5,37.1,33.1,31.5,32.8,27.9
1164,43.7,40.7,40.7,45.7,40.5,42.0,42.5,39.2,37.9,37.3,39.5,39.4,40.1,37.4,41.8,38.9,39.1,45.2,39.8,39.3,39.1,38.1,42.2,37.2,41.5,41.6,39.0,39.8,36.0,42.3,39.3,39.6,33.6,34.4,31.8,33.0,52.1,40.5,47.0,45.0,47.8,47.7,41.1,40.7,43.9,45.5,44.1,45.4,54.4,39.5,50.1,46.1,49.5,39.0,36.2,41.1,37.7,40.3,40.8,40.2,43.5,40.1,45.2,47.4,46.8,44.2,45.3,37.8,42.7,38.0,49.7,46.4,44.4,42.4,48.1,40.8,41.0,35.6,37.8,39.6,40.0,36.9,38.9,34.8,34.1,35.2,30.0
1165,45.9,41.7,42.0,48.4,42.7,44.2,44.7,41.3,39.5,39.1,40.9,41.1,41.7,39.1,43.8,40.3,40.9,46.7,41.3,40.4,41.0,39.7,44.2,39.2,44.1,43.7,40.8,41.8,37.8,44.0,41.2,40.9,35.6,36.3,33.6,34.6,54.0,41.5,49.6,47.0,50.3,49.2,43.5,42.6,46.2,47.4,46.3,47.3,56.4,41.5,52.1,48.4,52.1,40.5,37.5,42.5,38.8,41.6,42.6,41.7,44.8,42.2,46.8,49.3,49.3,45.8,47.3,39.5,44.3,39.5,51.9,49.2,47.1,44.2,49.9,42.8,42.3,36.9,39.6,41.9,41.9,39.5,40.3,35.8,36.0,37.1,31.8
1166,47.8,42.6,42.7,50.3,44.3,45.8,46.2,42.6,40.8,40.3,42.0,42.4,42.8,40.4,45.4,41.6,42.1,47.6,42.1,41.2,42.2,41.0,45.6,40.7,45.7,45.1,42.1,43.0,39.0,45.0,42.5,42.2,37.1,37.6,35.0,35.9,55.9,42.0,51.7,48.5,52.1,50.2,45.6,43.8,48.0,48.5,47.7,48.5,57.6,42.8,53.7,49.8,54.1,41.2,38.3,43.4,39.5,42.4,43.7,42.4,45.5,43.8,47.7,50.4,51.0,46.7,48.8,40.6,45.5,40.6,53.2,51.3,48.5,45.6,51.2,44.0,43.0,37.8,40.7,43.3,43.6,41.3,41.0,36.7,37.2,38.4,32.9
1167,48.0,42.7,42.8,51.8,45.1,46.6,47.0,43.6,41.4,40.9,42.6,43.3,43.3,41.2,46.1,42.2,42.9,47.8,42.6,41.4,42.9,41.7,46.4,41.6,46.8,46.0,42.7,43.9,39.8,45.9,43.2,42.8,37.8,38.2,35.7,36.7,56.7,41.9,53.0,49.1,53.2,50.4,46.4,44.4,48.5,48.7,48.5,48.8,57.9,43.8,54.4,50.3,54.9,41.4,38.8,43.7,39.9,42.9,44.4,42.7,45.8,44.8,48.1,50.9,52.3,47.0,49.6,41.3,46.1,41.2,53.7,52.4,49.1,46.4,51.7,44.5,43.3,38.0,41.5,44.4,44.6,42.1,41.4,37.0,38.0,39.2,33.8
1168,47.5,41.7,42.0,52.2,45.3,46.8,47.2,43.6,41.4,40.7,42.7,43.7,43.2,41.2,46.0,42.3,42.8,47.2,42.4,41.1,43.1,41.9,46.4,41.6,46.9,46.1,42.7,43.7,39.8,45.9,43.3,42.6,37.7,38.2,35.7,36.5,56.2,41.1,53.4,48.9,53.6,49.6,46.6,44.4,48.1,47.8,48.3,48.2,57.3,44.2,54.3,50.0,55.0,40.8,38.9,43.3,39.8,42.8,44.7,42.4,45.3,45.2,47.7,50.3,52.5,46.6,49.7,41.3,45.9,41.2,53.5,53.0,48.2,46.4,51.5,44.4,43.2,37.8,41.5,44.6,44.8,42.0,41.4,36.8,38.2,39.1,33.7
1169,44.9,39.1,38.9,51.5,44.2,45.9,46.2,42.6,40.4,39.8,41.6,43.2,42.0,40.4,45.0,41.4,41.9,45.3,41.1,39.8,42.1,41.0,45.3,40.6,45.8,45.2,41.8,42.7,38.9,45.0,42.5,41.6,36.7,37.2,34.8,35.8,54.6,38.6,52.7,47.1,52.7,47.0,45.9,43.2,45.6,45.3,47.1,46.1,54.9,43.3,53.2,48.6,53.9,37.8,38.0,41.6,38.9,41.9,44.3,40.6,43.8,44.8,45.9,48.5,51.6,44.8,48.3,40.4,44.8,40.0,52.0,52.7,46.3,45.3,49.5,43.2,42.1,36.7,40.5,43.8,43.8,41.4,40.4,35.7,37.5,38.1,32.7
1170,39.3,35.1,33.4,48.8,41.3,43.5,43.3,39.7,38.0,37.3,39.3,41.4,39.4,38.5,42.1,39.0,38.7,41.9,38.6,37.6,39.2,38.3,42.4,37.7,42.8,42.3,40.1,39.7,36.1,42.4,40.1,38.7,33.8,34.5,32.6,33.0,48.8,34.6,50.1,42.7,50.3,40.9,42.9,39.9,40.8,40.5,43.6,41.5,49.0,40.3,50.5,45.7,50.7,32.8,35.9,38.7,36.7,39.5,42.8,37.1,42.1,42.7,42.3,43.6,49.4,41.3,43.8,38.4,42.4,37.5,48.5,50.3,41.3,42.0,44.4,40.0,40.3,34.7,37.8,40.8,40.5,38.5,37.6,34.1,34.9,35.5,30.0
1171,35.9,33.0,31.0,44.1,37.9,40.6,40.4,36.0,36.5,35.5,37.7,39.3,37.5,36.3,39.1,37.3,35.3,39.8,36.9,36.1,36.2,36.1,39.2,34.8,37.6,38.0,38.4,36.9,33.4,39.9,37.3,36.9,30.5,31.5,30.4,30.3,45.0,32.3,44.9,39.2,47.7,38.0,37.8,36.4,38.3,37.2,40.6,38.6,45.8,35.4,46.2,43.6,45.1,30.4,34.2,36.8,34.8,37.3,40.5,35.6,40.6,39.6,40.0,39.9,46.7,38.9,40.6,36.9,40.4,36.0,43.2,43.9,37.4,38.2,41.0,35.7,38.7,33.4,35.3,35.2,36.3,34.5,33.9,32.9,31.6,33.3,27.4
1172,33.5,31.2,29.2,40.7,35.9,39.0,38.4,33.9,35.3,34.2,36.6,37.6,36.5,34.8,37.6,36.1,33.4,38.3,35.4,35.2,34.5,34.8,37.6,33.3,35.3,35.8,37.0,35.0,31.7,38.4,35.4,35.8,28.8,29.7,29.1,28.7,43.1,30.8,42.2,36.4,45.6,36.4,35.2,34.7,36.2,34.8,38.1,36.4,43.3,33.0,43.5,42.0,41.2,28.8,33.5,35.3,33.7,36.0,38.6,34.7,39.6,37.4,38.3,37.5,45.0,36.8,38.9,35.7,38.9,34.6,40.9,40.6,34.8,36.1,39.0,33.7,37.9,32.4,34.0,32.5,34.2,31.9,33.1,31.8,29.9,31.7,25.9
1173,31.4,30.1,27.9,38.3,34.4,37.5,37.0,32.3,34.4,33.2,35.6,36.1,35.3,33.8,36.1,35.2,32.2,37.2,34.7,34.5,33.1,33.9,36.5,32.2,33.9,34.4,35.7,33.7,30.5,37.5,33.9,35.0,27.6,28.4,27.9,27.5,41.0,29.7,40.4,34.8,44.1,34.9,33.5,33.3,34.2,33.0,35.9,34.7,40.9,31.7,41.4,40.4,39.1,27.9,32.8,34.1,32.8,35.3,37.4,33.9,38.8,36.2,37.0,35.5,43.1,35.3,37.6,34.6,37.8,33.8,39.0,38.5,32.8,34.6,37.5,32.3,37.0,31.8,32.9,30.9,32.6,30.2,32.5,30.8,28.3,30.6,24.6
1174,29.6,29.3,26.8,36.8,33.2,36.5,36.0,31.1,33.6,32.3,34.9,35.2,34.2,32.9,35.2,34.3,31.2,36.4,33.9,33.7,32.0,32.9,35.7,31.2,32.6,33.3,34.7,32.8,29.7,36.6,32.8,34.4,26.9,27.5,27.1,26.6,39.5,28.9,38.6,33.4,42.6,33.8,31.9,32.9,32.7,32.3,34.3,33.1,38.5,30.5,39.8,38.9,37.7,26.8,32.3,33.3,32.0,34.7,36.6,33.3,38.2,35.3,36.2,33.7,41.8,33.9,36.2,33.7,36.9,33.0,37.9,36.4,31.2,33.7,35.9,31.0,36.2,31.0,32.0,29.9,31.4,29.0,32.1,30.0,27.3,29.6,23.9
1175,28.4,28.3,26.0,35.1,32.1,35.3,34.9,30.5,32.8,31.5,34.1,34.2,33.5,32.1,34.2,33.5,30.4,35.6,33.3,33.0,31.3,32.3,34.9,30.4,31.6,32.5,33.8,31.8,28.9,35.9,32.0,33.5,25.9,26.5,26.2,25.9,38.4,28.1,37.4,32.3,41.0,32.9,30.7,32.1,31.2,31.1,32.7,31.7,36.9,29.7,38.3,37.3,36.1,25.9,31.6,32.6,31.6,33.9,35.8,32.8,37.6,34.3,35.3,32.4,40.7,32.9,35.5,32.9,36.2,32.1,36.6,35.0,30.0,32.3,34.7,30.2,35.7,30.2,31.3,29.1,30.4,27.8,32.0,29.3,26.7,28.8,23.1
1176,27.1,28.0,25.4,33.6,31.4,34.7,33.9,29.7,32.2,30.9,33.3,33.5,32.9,31.5,33.5,33.1,29.5,35.0,32.7,32.6,30.5,31.6,34.0,29.7,30.9,31.4,33.1,30.9,28.3,35.4,31.2,33.0,25.3,25.7,25.2,25.1,37.1,27.4,36.1,31.4,39.6,32.1,29.9,31.2,30.0,30.1,31.5,30.7,34.8,28.3,36.9,36.1,34.8,25.1,31.1,31.8,31.1,33.4,35.2,32.4,36.9,33.7,34.7,31.0,39.5,32.3,34.4,32.3,35.5,31.6,35.2,33.8,28.7,31.6,33.5,29.1,35.1,29.6,30.6,28.1,29.7,26.6,31.6,28.7,25.9,27.9,22.7
1177,25.8,27.3,24.7,32.7,30.6,33.9,33.3,29.2,31.6,30.3,32.8,32.9,32.4,30.6,32.8,32.6,29.0,34.5,32.2,32.2,29.8,31.1,33.4,29.2,30.4,30.9,32.4,30.6,27.6,34.6,30.6,32.5,24.6,24.8,24.6,24.3,36.2,26.7,35.3,30.7,38.4,31.7,29.2,30.7,29.0,29.4,30.3,29.9,33.5,27.6,35.8,34.8,33.5,24.6,30.7,31.2,30.6,33.1,34.6,31.9,36.4,32.8,34.1,29.9,38.7,31.4,33.3,31.7,34.8,30.9,33.7,32.4,27.7,30.7,32.5,28.1,34.6,29.1,30.1,27.4,28.9,25.7,31.5,28.0,25.4,27.2,22.2
1178,25.3,26.8,24.2,31.7,30.0,33.3,32.6,28.7,31.0,29.7,32.2,32.2,31.8,30.1,32.1,32.0,28.4,33.7,31.6,31.7,29.5,30.7,32.9,28.3,29.6,30.3,31.9,30.1,27.1,33.9,29.8,32.1,24.1,24.2,24.0,23.5,35.3,26.1,34.3,30.0,37.2,31.1,28.1,29.9,27.8,28.5,29.4,29.2,32.4,27.0,34.9,33.9,32.2,24.1,30.2,30.6,30.1,32.4,34.2,31.3,35.9,32.4,33.4,28.8,37.9,30.9,32.4,31.0,34.2,30.4,32.6,31.3,26.6,29.9,31.6,27.2,34.1,28.4,29.5,26.6,27.9,24.9,31.3,27.3,24.7,26.5,21.6
1179,24.5,26.1,23.7,30.8,29.3,32.6,32.1,28.2,30.5,29.1,31.7,31.5,31.2,29.6,31.6,31.3,28.0,33.1,31.2,31.2,28.9,30.0,32.4,27.6,28.9,29.8,31.2,29.5,26.5,33.4,29.5,31.8,23.6,23.5,23.5,22.9,34.4,25.7,33.7,29.2,36.2,30.5,27.3,29.4,27.0,27.7,28.5,28.4,31.5,26.3,33.9,32.9,31.2,23.6,29.8,30.4,29.9,32.2,33.4,30.9,35.5,31.7,32.9,28.2,37.0,30.3,31.7,30.3,33.6,29.8,31.3,30.4,25.8,29.4,30.8,26.8,33.5,27.9,29.0,26.0,27.4,24.2,31.2,27.0,24.2,25.8,21.1
1180,23.6,25.5,23.5,29.9,28.7,31.9,31.5,27.6,30.0,28.5,31.2,31.0,30.8,29.1,30.9,30.8,27.6,32.8,30.8,30.8,28.4,29.4,31.9,26.8,28.1,29.1,30.7,29.1,26.0,32.8,29.0,31.2,23.2,22.9,22.9,22.3,33.9,25.1,33.0,28.4,35.3,29.9,26.5,28.9,26.1,27.4,27.8,27.6,30.7,25.5,33.0,32.1,30.2,23.1,29.5,30.1,29.3,31.9,32.7,30.4,35.0,31.3,32.6,27.2,36.3,29.8,30.9,29.7,33.1,29.4,29.9,29.8,24.8,28.5,30.2,26.0,33.2,27.6,28.6,25.5,26.5,23.4,30.7,26.6,23.4,25.3,20.8
1181,22.9,25.1,23.1,29.2,28.0,31.6,31.0,27.0,29.4,28.0,30.7,30.4,30.3,28.6,30.4,30.4,27.2,32.5,30.4,30.3,28.0,28.9,31.5,26.2,27.4,28.5,30.3,28.5,25.6,32.3,28.5,30.6,22.6,22.6,22.5,22.1,33.3,24.9,32.5,27.8,34.3,29.6,25.8,28.4,25.4,26.9,27.2,27.1,29.9,25.0,32.2,31.5,29.3,22.6,29.2,29.8,29.0,31.8,32.4,30.0,34.8,31.0,32.4,26.7,36.0,29.4,30.5,29.2,32.6,29.1,28.8,29.0,24.2,28.1,29.2,25.5,32.6,27.2,28.2,24.8,25.8,22.9,30.4,26.1,23.0,24.6,20.2
1182,22.2,25.1,22.4,28.6,27.5,31.1,30.7,26.4,28.9,27.7,30.4,29.9,29.9,28.1,29.9,29.9,26.8,32.1,29.9,30.1,27.6,28.6,31.3,25.5,26.9,28.1,29.7,28.0,25.0,32.1,28.0,30.2,22.3,22.2,22.0,21.5,32.7,24.7,31.9,27.2,33.6,28.9,25.2,27.8,25.0,26.2,26.8,26.5,29.4,24.7,31.6,30.9,28.5,22.2,29.0,29.4,29.0,31.6,32.1,29.7,34.4,30.5,32.2,26.0,35.6,29.1,29.7,28.8,32.2,28.6,27.7,28.4,23.6,28.0,28.7,25.0,32.5,26.6,27.7,24.4,25.2,22.4,30.0,25.7,22.6,24.1,19.9
1183,21.9,25.1,22.6,28.3,27.1,30.5,30.1,25.9,28.5,27.3,30.3,29.7,29.6,27.9,29.4,29.5,26.4,31.8,29.6,30.0,27.2,28.2,30.9,25.0,26.2,27.6,29.5,27.5,24.7,31.8,27.6,29.7,21.9,21.8,21.7,21.2,32.5,24.8,31.1,26.9,32.9,29.3,24.4,27.4,24.9,25.9,26.1,26.7,29.3,24.6,30.9,30.7,27.8,22.3,28.7,29.2,28.9,31.5,31.9,29.2,34.1,30.1,32.0,25.9,35.2,28.8,29.3,28.5,31.8,28.4,26.8,27.8,23.3,28.1,28.6,24.4,32.2,26.5,27.5,24.0,24.5,22.0,29.5,25.7,22.1,23.6,19.6
1184,26.8,28.4,26.9,28.5,27.7,30.8,30.8,27.0,29.5,28.1,31.7,30.5,31.2,28.6,30.2,30.4,27.6,34.2,31.2,31.9,28.0,29.3,31.9,25.6,26.5,28.3,30.1,28.3,25.7,32.9,28.0,31.0,22.4,22.6,22.3,21.6,36.4,27.6,31.0,31.2,35.1,34.0,24.6,29.1,28.2,30.1,28.8,31.7,36.4,24.9,32.5,32.6,30.7,25.7,28.8,30.8,29.2,32.1,31.7,31.1,35.5,29.7,33.8,30.5,35.9,31.1,31.4,29.2,33.4,29.9,30.5,27.7,27.4,29.4,33.5,25.4,33.7,27.9,28.4,24.4,25.0,22.0,29.7,27.2,22.6,24.3,20.3
1185,32.0,32.6,32.4,33.0,30.9,33.2,33.8,30.2,31.8,30.8,33.9,32.8,33.9,30.7,33.3,32.7,31.0,37.9,33.7,34.0,31.3,32.0,34.9,28.6,30.4,32.0,32.4,31.5,28.6,35.6,31.1,33.1,25.3,25.6,24.5,24.5,41.7,32.2,35.1,35.9,38.5,38.9,28.6,32.8,32.3,35.9,32.7,36.4,43.5,28.9,39.0,36.0,36.5,29.9,30.5,33.5,31.5,34.3,33.4,33.9,37.4,31.8,37.3,36.5,38.3,35.3,35.4,31.2,35.9,32.1,36.7,32.5,32.3,33.9,38.5,30.3,35.9,30.1,30.9,28.2,28.8,25.3,32.3,29.3,25.5,27.2,22.6
1186,36.7,36.1,36.3,38.0,34.6,36.7,37.0,33.9,34.2,33.2,36.0,35.4,36.2,33.3,36.5,35.0,34.2,40.7,36.0,36.1,34.1,34.3,37.7,31.8,34.7,35.6,35.0,34.8,31.3,38.1,34.1,35.6,28.5,29.0,27.1,27.8,46.0,35.8,39.8,39.7,41.9,42.7,33.7,35.8,36.9,40.3,37.1,39.9,48.4,33.2,43.7,39.7,41.8,33.6,32.5,36.7,34.1,36.7,36.1,36.5,39.5,34.9,40.4,41.2,41.0,39.0,39.2,33.8,38.3,34.4,42.1,38.5,37.2,37.6,42.6,34.7,37.9,32.3,33.8,32.8,33.1,29.7,34.9,31.5,28.9,30.3,25.6
1187,40.8,38.9,38.9,42.4,38.1,39.9,40.0,37.1,36.3,35.7,38.1,37.7,38.5,35.8,39.6,37.4,37.1,43.2,38.2,38.0,37.1,36.8,40.4,34.8,38.4,39.2,37.4,37.8,34.1,40.5,37.2,38.0,31.5,32.0,29.8,30.7,49.7,38.7,43.9,42.9,45.3,45.7,38.1,38.5,40.8,43.4,41.3,42.9,51.9,37.0,47.5,43.1,46.5,36.6,34.7,39.2,36.3,38.9,38.6,38.5,41.7,37.8,43.1,44.8,44.0,42.0,42.4,36.2,40.7,36.5,46.7,43.3,41.3,40.4,45.9,38.5,39.9,34.4,36.2,36.9,37.1,33.7,37.1,33.4,31.8,33.1,28.1
1188,44.1,41.0,40.9,45.9,40.8,42.5,42.8,39.6,38.4,37.7,39.8,39.9,40.4,37.8,42.1,39.4,39.5,45.2,40.0,39.6,39.5,38.6,42.7,37.5,41.8,41.8,39.4,40.2,36.4,42.6,39.7,40.0,33.9,34.6,32.1,33.3,52.3,40.8,47.3,45.4,48.2,48.1,41.4,41.1,44.2,46.0,44.5,45.6,54.6,39.9,50.4,46.2,49.9,38.8,36.5,41.2,38.0,40.7,40.8,40.3,43.5,40.3,45.2,47.5,46.9,44.3,45.2,38.3,42.9,38.3,50.3,46.6,44.6,42.7,48.3,41.3,41.4,36.0,38.2,39.9,40.2,37.0,38.9,35.1,34.3,35.6,30.2
1189,46.2,42.1,42.3,48.6,43.0,44.6,45.1,41.7,39.9,39.5,41.3,41.6,42.1,39.6,44.1,40.8,41.3,46.7,41.6,40.7,41.4,40.2,44.7,39.6,44.4,44.0,41.2,42.3,38.2,44.4,41.7,41.3,35.9,36.6,33.9,35.0,54.5,41.8,49.9,47.3,50.6,49.7,43.9,43.1,46.6,47.9,46.8,47.5,56.5,41.9,52.4,48.4,52.7,40.4,37.8,42.6,39.1,41.9,42.6,41.7,44.8,42.4,46.7,49.4,49.3,45.8,47.2,39.9,44.6,39.8,52.4,49.5,47.3,44.5,50.1,43.3,42.6,37.3,40.0,42.2,42.2,39.6,40.3,36.2,36.3,37.4,32.0
1190,48.2,43.0,43.0,50.4,44.7,46.2,46.6,43.0,41.3,40.7,42.4,42.9,43.2,40.9,45.7,42.1,42.6,47.6,42.5,41.5,42.7,41.5,46.1,41.1,45.9,45.4,42.5,43.5,39.5,45.5,42.9,42.6,37.3,37.8,35.2,36.2,56.3,42.4,52.0,48.9,52.5,50.6,45.8,44.3,48.3,49.0,48.1,48.6,57.7,43.3,53.9,49.8,54.6,41.2,38.6,43.4,39.9,42.8,43.7,42.5,45.5,44.0,47.7,50.5,50.9,46.7,48.6,41.1,45.8,40.9,53.6,51.6,48.7,46.0,51.4,44.4,43.3,38.2,41.2,43.6,43.9,41.4,41.0,36.9,37.4,38.7,33.2
1191,48.5,43.2,43.1,51.9,45.4,46.9,47.3,44.0,41.8,41.3,43.0,43.7,43.8,41.7,46.4,42.7,43.3,47.8,43.0,41.7,43.3,42.2,46.9,41.9,47.1,46.4,43.1,44.3,40.1,46.2,43.6,43.1,38.1,38.5,36.0,37.0,56.9,42.3,53.4,49.5,53.6,50.7,46.7,44.8,49.0,49.2,48.9,48.9,58.0,44.2,54.5,50.2,55.4,41.4,39.1,43.8,40.2,43.2,44.4,42.8,45.8,45.0,48.1,50.9,52.1,47.0,49.3,41.8,46.4,41.6,54.1,52.7,49.4,46.8,51.8,44.9,43.7,38.4,42.0,44.7,44.9,42.1,41.4,37.3,38.3,39.5,34.0
1192,47.7,42.2,42.4,52.4,45.6,47.1,47.5,44.0,41.9,41.1,43.1,44.1,43.6,41.6,46.4,42.8,43.3,47.2,42.9,41.4,43.4,42.3,46.8,42.0,47.2,46.5,43.1,44.1,40.2,46.3,43.7,43.0,38.0,38.4,36.0,36.8,56.6,41.5,53.8,49.3,54.0,49.9,46.9,44.9,48.6,48.3,48.7,48.3,57.3,44.6,54.4,49.9,55.5,40.7,39.2,43.5,40.3,43.2,44.7,42.6,45.3,45.4,47.7,50.4,52.3,46.7,49.4,41.8,46.3,41.6,54.0,53.3,48.7,46.8,51.6,44.7,43.6,38.2,41.9,44.9,45.0,42.1,41.4,37.0,38.4,39.4,34.0
1193,45.3,39.6,39.3,51.8,44.6,46.2,46.6,42.9,40.8,40.2,42.0,43.7,42.4,40.8,45.4,41.9,42.3,45.3,41.5,40.1,42.5,41.4,45.8,40.9,46.1,45.5,42.2,43.2,39.3,45.4,42.9,42.0,36.9,37.4,35.1,36.1,55.0,39.1,53.0,47.5,53.1,47.5,46.2,43.7,46.0,45.8,47.5,46.2,54.9,43.7,53.4,48.4,54.3,37.7,38.3,41.8,39.3,42.3,44.3,40.7,43.8,45.0,45.9,48.5,51.3,44.9,47.9,40.8,45.2,40.5,52.5,53.1,46.7,45.7,49.6,43.6,42.5,37.1,40.9,44.0,44.1,41.5,40.3,35.9,37.8,38.4,33.0
1194,39.7,35.4,33.7,49.2,41.6,43.8,43.7,40.1,38.4,37.6,39.7,41.9,39.8,38.9,42.5,39.4,39.2,41.9,39.0,37.9,39.6,38.6,42.9,38.0,43.1,42.7,40.4,40.2,36.5,42.8,40.5,39.2,34.1,34.7,32.9,33.3,49.3,34.9,50.6,43.1,50.7,41.3,43.3,40.5,41.2,41.0,44.1,41.7,49.3,40.7,50.7,45.5,51.2,32.7,36.2,38.9,37.0,39.9,42.9,37.2,42.0,42.9,42.5,43.8,49.2,41.4,43.7,38.7,42.8,37.9,49.0,50.7,41.7,42.5,44.6,40.4,40.6,35.0,38.2,41.0,40.7,38.6,37.5,34.3,35.1,35.8,30.2
1195,36.2,33.2,31.2,44.4,38.1,40.9,40.7,36.2,36.9,35.7,38.0,39.7,37.8,36.6,39.4,37.7,35.7,39.6,37.2,36.4,36.5,36.5,39.7,35.0,37.8,38.4,38.6,37.2,33.7,40.2,37.5,37.3,30.7,31.6,30.6,30.5,45.3,32.5,45.3,39.6,48.2,38.3,38.2,36.9,38.6,37.6,40.9,38.8,46.1,35.9,46.4,43.5,45.5,30.3,34.5,37.0,35.0,37.7,40.5,35.7,40.5,39.7,40.0,40.1,46.6,39.0,40.5,37.2,40.6,36.2,43.7,44.2,37.8,38.7,41.2,36.2,39.0,33.7,35.6,35.3,36.5,34.4,33.9,33.1,31.7,33.4,27.6
1196,33.7,31.3,29.4,41.0,36.1,39.3,38.7,34.1,35.7,34.4,36.9,37.9,36.8,35.1,37.8,36.5,33.7,38.2,35.8,35.4,34.6,35.1,37.9,33.5,35.4,36.0,37.2,35.3,31.8,38.7,35.6,36.3,29.0,29.8,29.3,28.9,43.3,31.0,42.6,36.7,46.0,36.6,35.4,35.2,36.6,35.2,38.3,36.7,43.6,33.5,43.7,42.0,41.7,28.7,33.9,35.3,34.0,36.4,38.7,34.7,39.5,37.5,38.4,37.7,45.0,36.9,38.9,35.9,39.2,34.8,41.3,40.8,35.1,36.5,39.2,34.2,38.1,32.7,34.2,32.6,34.3,31.8,33.0,32.0,30.0,31.9,26.0
1197,31.5,30.2,28.1,38.5,34.6,37.8,37.2,32.4,34.8,33.4,35.9,36.4,35.6,33.9,36.4,35.5,32.4,37.2,35.0,34.7,33.3,34.1,36.8,32.3,34.0,34.6,35.9,34.0,30.6,37.7,34.0,35.4,27.8,28.4,28.0,27.6,41.1,29.8,40.7,34.9,44.4,35.2,33.7,33.7,34.6,33.3,36.1,34.9,41.2,32.2,41.6,40.4,39.6,27.7,33.1,34.0,33.2,35.6,37.5,33.9,38.7,36.3,37.1,35.8,43.1,35.4,37.6,34.8,38.0,34.1,39.5,38.8,33.0,35.0,37.7,32.8,37.2,32.1,33.1,31.0,32.7,30.1,32.5,31.1,28.4,30.7,24.7
1198,29.6,29.5,27.0,37.0,33.3,36.8,36.1,31.2,33.9,32.5,35.2,35.5,34.6,33.1,35.4,34.5,31.4,36.4,34.2,33.9,32.1,33.1,36.1,31.3,32.7,33.5,34.9,33.0,29.7,36.7,33.0,34.8,27.0,27.6,27.2,26.7,39.8,29.1,39.0,33.6,42.9,34.0,32.0,33.2,32.9,32.5,34.5,33.3,38.9,31.1,40.1,38.9,38.1,26.7,32.6,33.3,32.4,35.1,36.6,33.3,38.1,35.4,36.2,34.1,41.8,33.9,36.3,33.9,37.2,33.2,38.4,36.6,31.3,34.0,36.1,31.6,36.5,31.3,32.2,29.8,31.5,28.8,32.1,30.3,27.4,29.7,24.0
1199,28.4,28.6,26.2,35.3,32.3,35.6,35.0,30.6,33.0,31.7,34.4,34.5,33.9,32.2,34.4,33.8,30.6,35.5,33.6,33.2,31.3,32.5,35.2,30.5,31.6,32.7,34.0,32.0,28.9,36.1,32.1,33.9,26.0,26.5,26.3,26.0,38.6,28.3,37.7,32.6,41.3,33.1,30.8,32.4,31.5,31.3,32.8,31.9,37.2,30.1,38.4,37.3,36.5,25.8,32.0,32.6,31.9,34.3,35.9,32.7,37.5,34.4,35.3,32.8,40.7,32.9,35.5,33.0,36.5,32.4,37.0,35.2,30.0,32.7,34.9,30.7,35.8,30.5,31.4,29.0,30.5,27.7,31.8,29.5,26.7,28.8,23.2
1200,27.2,28.2,25.4,33.8,31.5,34.9,34.1,29.8,32.5,31.0,33.7,33.8,33.2,31.6,33.7,33.4,29.6,34.8,32.9,32.8,30.5,31.9,34.3,29.9,30.9,31.7,33.2,31.1,28.3,35.5,31.3,33.4,25.4,25.7,25.4,25.3,37.3,27.7,36.4,31.7,39.7,32.3,30.0,31.6,30.3,30.4,31.7,30.9,35.1,28.8,37.0,36.2,35.3,25.0,31.4,31.7,31.4,33.8,35.3,32.4,36.9,33.8,34.6,31.3,39.5,32.2,34.3,32.5,35.7,31.8,35.5,34.0,28.7,32.0,33.8,29.6,35.3,29.9,30.7,28.0,29.7,26.5,31.5,29.0,26.0,28.0,22.7
1201,25.8,27.5,24.7,32.8,30.8,34.1,33.5,29.3,31.8,30.4,33.1,33.2,32.8,30.7,32.9,32.8,29.1,34.4,32.4,32.3,29.9,31.3,33.8,29.3,30.3,31.1,32.5,30.7,27.6,34.9,30.6,32.8,24.7,24.9,24.7,24.5,36.6,26.8,35.6,31.0,38.5,31.9,29.2,31.1,29.2,29.6,30.5,30.1,33.9,28.0,35.9,35.0,33.9,24.5,31.0,31.1,30.9,33.4,34.8,31.7,36.3,33.0,34.0,30.3,38.7,31.4,33.2,31.8,35.0,31.2,34.1,32.6,27.7,31.0,32.7,28.7,34.7,29.4,30.2,27.4,29.0,25.6,31.5,28.3,25.4,27.2,22.3
1202,25.2,27.0,24.2,31.8,30.1,33.4,32.8,28.7,31.1,29.8,32.5,32.5,32.1,30.2,32.3,32.2,28.5,33.4,31.9,31.8,29.5,30.8,33.1,28.4,29.6,30.6,32.0,30.2,27.2,34.2,29.9,32.4,24.3,24.2,24.1,23.7,35.6,26.2,34.6,30.2,37.4,31.3,28.2,30.4,28.0,28.8,29.5,29.4,32.7,27.4,35.0,34.1,32.6,24.0,30.4,30.5,30.4,32.8,34.3,31.2,35.8,32.5,33.4,29.1,37.8,30.7,32.3,31.1,34.3,30.6,32.9,31.5,26.5,30.1,31.9,27.8,34.2,28.7,29.6,26.6,28.0,24.9,31.3,27.6,24.8,26.5,21.7
1203,24.4,26.2,23.7,30.9,29.5,32.8,32.2,28.3,30.7,29.2,32.0,31.8,31.5,29.6,31.8,31.6,28.1,32.9,31.5,31.3,29.0,30.1,32.6,27.7,28.8,30.0,31.3,29.6,26.7,33.8,29.6,32.0,23.8,23.6,23.5,23.0,34.7,25.8,33.9,29.4,36.4,30.7,27.3,29.8,27.2,28.0,28.7,28.7,31.9,26.8,34.0,33.0,31.6,23.6,30.1,30.3,30.1,32.5,33.5,30.7,35.4,31.8,32.9,28.5,37.0,30.1,31.7,30.4,33.8,30.0,31.6,30.6,25.7,29.7,31.1,27.4,33.6,28.2,29.1,26.0,27.4,24.1,31.1,27.3,24.3,25.9,21.2
1204,23.5,25.6,23.5,29.8,28.8,32.2,31.7,27.8,30.1,28.7,31.5,31.2,31.0,29.1,31.0,31.0,27.8,32.6,31.1,30.9,28.6,29.6,32.1,26.8,28.1,29.2,30.9,29.2,26.1,33.1,29.2,31.4,23.3,23.0,22.9,22.3,34.1,25.2,33.2,28.6,35.4,30.1,26.4,29.2,26.2,27.6,28.0,27.9,31.1,26.0,33.3,32.2,30.5,23.0,29.7,30.0,29.6,32.2,32.8,30.2,34.9,31.4,32.6,27.4,36.3,29.8,30.9,29.8,33.3,29.6,30.2,29.9,24.8,28.8,30.4,26.6,33.3,27.8,28.7,25.4,26.6,23.3,30.7,26.9,23.5,25.5,20.9
1205,22.7,25.2,23.1,29.2,28.1,31.8,31.2,27.1,29.6,28.2,31.0,30.7,30.6,28.7,30.5,30.6,27.3,32.4,30.6,30.5,28.2,29.1,31.7,26.3,27.5,28.6,30.4,28.7,25.7,32.7,28.7,30.9,22.6,22.6,22.6,22.1,33.6,25.0,32.7,27.9,34.4,29.8,25.7,28.7,25.5,27.1,27.3,27.4,30.3,25.5,32.5,31.5,29.7,22.5,29.5,29.6,29.2,32.1,32.5,29.7,34.7,31.0,32.3,27.1,35.9,29.3,30.4,29.3,32.9,29.4,29.1,29.0,24.2,28.5,29.4,26.2,32.8,27.5,28.3,24.7,25.8,22.8,30.5,26.4,23.0,24.7,20.3
1206,22.0,25.1,22.4,28.6,27.6,31.3,30.8,26.5,29.1,27.8,30.7,30.2,30.2,28.3,30.1,30.1,27.0,31.9,30.2,30.3,27.8,28.8,31.5,25.6,26.9,28.1,29.9,28.2,25.2,32.4,28.2,30.5,22.3,22.2,22.1,21.6,32.9,24.8,32.0,27.5,33.8,29.2,25.1,28.1,25.2,26.3,26.9,26.7,29.7,25.1,31.9,31.0,28.9,22.1,29.2,29.2,29.2,31.8,32.2,29.6,34.2,30.5,32.1,26.4,35.6,29.0,29.7,29.0,32.4,28.9,27.9,28.4,23.6,28.3,28.9,25.6,32.6,26.9,27.9,24.3,25.1,22.3,30.0,26.0,22.5,24.2,19.9
1207,21.7,25.1,22.6,28.3,27.2,30.6,30.2,26.0,28.8,27.4,30.6,30.0,30.0,28.0,29.5,29.8,26.6,31.7,29.9,30.3,27.4,28.4,31.1,25.1,26.3,27.7,29.6,27.7,24.8,32.1,27.8,30.0,21.9,21.8,21.8,21.2,32.8,24.9,31.3,27.1,33.0,29.5,24.4,27.7,25.0,26.0,26.3,26.9,29.5,25.0,31.3,30.8,28.2,22.2,28.9,29.1,29.1,31.7,31.9,29.0,33.9,30.1,31.9,26.2,35.2,28.7,29.2,28.7,32.1,28.6,27.0,27.9,23.3,28.3,28.8,25.1,32.4,26.7,27.6,23.9,24.4,21.9,29.5,26.0,22.1,23.7,19.6
1208,26.8,28.6,27.1,28.5,27.8,30.9,31.0,27.2,29.9,28.3,32.1,30.8,31.6,28.8,30.4,30.7,27.9,34.1,31.6,32.2,28.3,29.6,32.3,25.7,26.7,28.4,30.3,28.5,25.9,33.4,28.3,31.3,22.5,22.7,22.4,21.7,36.9,27.9,31.2,31.6,35.4,34.3,24.7,29.4,28.4,30.3,29.1,31.9,36.7,25.5,32.9,32.8,31.2,25.8,29.1,30.8,29.4,32.3,31.7,31.0,35.4,29.7,33.8,30.9,36.0,31.2,31.4,29.4,33.8,30.2,30.8,27.9,27.6,29.8,33.8,26.1,34.1,28.2,28.7,24.4,25.0,22.0,29.8,27.5,22.6,24.4,20.4
1209,32.0,32.9,32.7,33.2,31.1,33.5,34.0,30.5,32.2,31.0,34.3,33.3,34.3,31.0,33.5,33.1,31.3,37.9,34.2,34.4,31.5,32.4,35.3,28.8,30.7,32.2,32.6,31.8,28.8,36.0,31.3,33.5,25.5,25.7,24.7,24.7,42.2,32.5,35.4,36.3,38.9,39.3,28.8,33.3,32.7,36.4,33.1,36.5,43.6,29.5,39.4,36.2,36.9,30.1,30.7,33.6,31.8,34.6,33.5,33.9,37.4,31.8,37.3,36.8,38.3,35.3,35.3,31.5,36.4,32.5,37.1,32.8,32.6,34.4,38.7,30.9,36.3,30.4,31.2,28.4,29.0,25.4,32.4,29.6,25.7,27.5,22.8
1210,36.9,36.5,36.6,38.3,34.9,37.1,37.3,34.1,34.7,33.5,36.4,35.9,36.7,33.7,36.9,35.5,34.6,40.7,36.5,36.5,34.4,34.8,38.2,32.0,35.0,36.0,35.3,35.2,31.6,38.6,34.4,36.0,28.8,29.3,27.4,28.0,46.6,36.1,40.2,40.2,42.3,43.2,34.0,36.2,37.3,40.8,37.6,39.9,48.4,33.7,44.0,39.7,42.4,33.8,32.8,36.8,34.3,36.9,36.1,36.4,39.4,35.0,40.3,41.4,41.0,38.9,39.1,34.1,38.9,34.9,42.5,38.9,37.5,38.0,42.8,35.2,38.5,32.6,34.1,33.1,33.4,29.8,34.9,31.8,29.2,30.7,25.8
1211,41.0,39.3,39.2,42.9,38.4,40.3,40.4,37.4,36.9,36.0,38.6,38.3,39.1,36.1,40.0,37.9,37.4,43.2,38.7,38.5,37.5,37.3,41.0,35.2,38.9,39.6,37.6,38.3,34.5,41.0,37.5,38.4,31.8,32.3,30.0,31.0,50.3,39.0,44.3,43.4,45.7,46.2,38.5,39.0,41.2,43.9,41.8,42.9,51.8,37.5,47.7,43.0,47.0,36.8,35.0,39.3,36.6,39.2,38.6,38.5,41.5,37.9,43.0,45.0,43.9,42.0,42.4,36.5,41.4,36.9,47.1,43.8,41.7,40.8,46.0,38.8,40.4,34.7,36.6,37.1,37.4,33.9,37.1,33.8,32.2,33.4,28.3
1212,44.3,41.3,41.2,46.4,41.2,42.9,43.3,40.0,39.1,38.0,40.3,40.5,41.0,38.2,42.6,40.0,39.7,45.1,40.6,40.0,39.9,39.2,43.3,37.9,42.3,42.3,39.8,40.7,36.8,43.2,40.0,40.5,34.3,35.0,32.4,33.6,52.9,41.0,47.8,45.8,48.5,48.7,41.9,41.6,44.5,46.5,45.0,45.5,54.5,40.3,50.6,46.0,50.4,39.0,36.7,41.3,38.2,41.0,40.7,40.4,43.3,40.5,45.1,47.6,46.8,44.3,45.1,38.6,43.6,38.8,50.7,47.1,45.1,43.1,48.3,41.6,41.9,36.3,38.6,40.2,40.6,37.2,38.9,35.5,34.7,36.0,30.5
1213,46.3,42.5,42.5,49.0,43.5,45.1,45.6,42.1,40.7,39.9,41.8,42.2,42.7,39.9,44.7,41.4,41.6,46.6,42.2,41.2,41.8,40.8,45.3,40.0,45.0,44.4,41.6,42.7,38.6,45.0,42.0,41.9,36.3,37.0,34.2,35.3,55.0,42.3,50.5,47.7,51.0,50.2,44.3,43.5,47.0,48.4,47.2,47.3,56.4,42.3,52.5,48.3,53.1,40.7,38.0,42.7,39.3,42.2,42.6,41.8,44.6,42.6,46.8,49.4,49.1,45.8,47.1,40.3,45.2,40.4,52.8,50.1,47.7,44.9,50.1,43.5,43.2,37.7,40.4,42.6,42.7,39.8,40.2,36.6,36.7,37.8,32.4
1214,48.3,43.4,43.3,51.0,45.2,46.7,47.1,43.5,42.0,41.1,43.0,43.6,43.9,41.3,46.2,42.7,42.9,47.6,43.2,41.9,43.1,42.1,46.7,41.6,46.4,45.9,42.8,44.0,39.9,46.1,43.3,43.1,37.7,38.3,35.7,36.5,56.8,42.7,52.7,49.1,52.8,51.1,46.2,44.7,48.7,49.5,48.5,48.4,57.5,43.6,54.0,49.5,55.0,41.5,38.8,43.6,40.0,42.9,43.7,42.6,45.3,44.2,47.7,50.4,50.8,46.7,48.6,41.5,46.4,41.5,54.0,52.2,49.2,46.3,51.2,44.4,43.9,38.6,41.6,44.0,44.4,41.6,41.0,37.3,37.9,39.1,33.6
1215,48.7,43.5,43.4,52.4,46.0,47.4,47.8,44.5,42.6,41.8,43.7,44.4,44.4,42.1,46.9,43.3,43.7,47.7,43.6,42.1,43.8,42.7,47.5,42.4,47.6,46.9,43.6,44.8,40.6,46.8,44.0,43.7,38.5,39.0,36.5,37.4,57.4,42.6,54.1,49.8,53.9,51.3,47.0,45.3,49.3,49.7,49.3,48.7,57.7,44.5,54.6,49.9,55.8,41.6,39.3,43.9,40.3,43.3,44.4,42.9,45.6,45.2,48.2,50.8,51.9,47.0,49.2,42.2,47.0,42.3,54.5,53.4,49.8,47.2,51.7,45.0,44.3,38.9,42.5,45.0,45.4,42.4,41.3,37.7,38.9,40.0,34.5
1216,47.8,42.7,42.7,53.0,46.2,47.6,48.0,44.5,42.7,41.6,43.7,44.8,44.3,42.1,46.9,43.4,43.8,47.2,43.5,41.8,44.0,42.9,47.4,42.5,47.7,47.0,43.5,44.6,40.7,46.9,44.2,43.5,38.5,39.0,36.5,37.3,57.1,41.9,54.5,49.6,54.4,50.5,47.2,45.3,48.9,48.7,49.1,48.1,57.1,44.7,54.4,49.5,55.8,41.0,39.3,43.6,40.4,43.3,44.7,42.7,45.1,45.6,47.8,50.3,52.1,46.7,49.3,42.2,46.9,42.3,54.4,54.0,49.1,47.1,51.5,44.8,44.2,38.7,42.4,45.3,45.6,42.3,41.3,37.4,39.0,40.0,34.5
1217,45.5,40.2,39.6,52.4,45.1,46.8,47.1,43.4,41.6,40.7,42.6,44.3,43.1,41.3,45.8,42.5,42.8,45.3,42.2,40.6,43.1,42.0,46.4,41.4,46.5,46.0,42.7,43.7,39.9,45.9,43.4,42.6,37.4,38.0,35.7,36.6,55.5,39.5,53.7,47.8,53.5,48.1,46.6,44.2,46.4,46.2,47.8,46.1,54.8,43.9,53.3,48.1,54.5,38.0,38.4,42.1,39.5,42.4,44.2,40.9,43.7,45.2,46.1,48.5,51.2,44.9,47.9,41.3,45.8,41.1,52.8,53.8,47.1,46.1,49.6,43.6,43.1,37.6,41.4,44.4,44.5,41.9,40.2,36.3,38.3,38.9,33.5
1218,39.9,35.8,33.9,49.9,42.1,44.3,44.2,40.6,39.2,38.1,40.3,42.6,40.4,39.4,43.0,40.0,39.7,41.9,39.5,38.2,40.1,39.2,43.5,38.5,43.6,43.2,40.8,40.7,37.1,43.4,41.0,39.8,34.6,35.2,33.4,33.8,49.8,35.3,51.3,43.4,51.1,41.8,43.7,40.9,41.4,41.3,44.4,41.6,49.3,41.0,50.7,45.3,51.4,32.9,36.4,39.0,37.2,40.1,42.9,37.4,41.9,43.1,42.6,43.9,49.1,41.6,43.7,39.2,43.4,38.5,49.4,51.4,42.1,42.9,44.6,40.6,41.2,35.5,38.7,41.5,41.2,38.9,37.4,34.6,35.7,36.4,30.8
1219,36.4,33.6,31.3,45.0,38.6,41.4,41.2,36.7,37.6,36.1,38.5,40.4,38.4,37.1,39.7,38.2,36.2,39.7,37.8,36.8,37.0,36.9,40.3,35.5,38.3,38.8,39.1,37.6,34.2,40.7,38.0,37.9,31.1,32.1,31.1,31.1,45.8,32.8,45.9,39.8,48.5,38.7,38.5,37.3,38.8,37.9,41.3,38.7,46.2,36.1,46.5,43.3,46.0,30.4,34.6,37.1,35.2,37.8,40.5,35.8,40.4,39.9,40.1,40.3,46.5,39.2,40.5,37.7,41.2,36.7,44.1,44.9,38.3,39.0,41.3,36.4,39.6,34.2,36.1,35.8,36.8,34.7,33.7,33.4,32.2,33.9,28.1
1220,33.8,31.7,29.6,41.4,36.6,39.7,39.1,34.5,36.3,34.9,37.5,38.6,37.4,35.5,38.3,37.0,34.1,38.3,36.3,35.8,35.1,35.5,38.4,33.9,35.9,36.3,37.7,35.6,32.3,39.2,36.0,36.9,29.4,30.2,29.8,29.4,43.7,31.3,43.1,37.0,46.3,37.0,35.8,35.5,36.8,35.5,38.6,36.7,43.7,33.7,43.9,41.8,42.2,28.9,33.9,35.5,34.1,36.6,38.6,34.8,39.5,37.7,38.5,37.8,44.9,37.1,38.9,36.4,39.7,35.4,41.7,41.3,35.5,36.9,39.3,34.4,38.7,33.2,34.7,32.9,34.6,32.1,32.8,32.3,30.4,32.4,26.5
1221,31.8,30.5,28.3,38.9,35.0,38.2,37.7,32.9,35.4,33.8,36.5,37.1,36.2,34.3,36.8,36.0,32.7,37.2,35.6,35.0,33.8,34.6,37.3,32.7,34.4,35.0,36.4,34.4,31.2,38.3,34.5,36.0,28.2,28.9,28.5,28.1,41.5,30.0,41.1,35.2,44.7,35.5,34.0,33.9,34.9,33.5,36.4,34.8,41.3,32.4,41.7,40.2,40.0,27.9,33.3,34.2,33.3,35.8,37.5,34.1,38.7,36.5,37.1,35.9,43.0,35.5,37.6,35.3,38.6,34.6,39.9,39.2,33.4,35.3,37.7,33.0,37.8,32.6,33.5,31.2,33.0,30.4,32.3,31.3,28.9,31.1,25.2
1222,29.8,29.6,27.2,37.5,33.8,37.1,36.5,31.7,34.6,33.0,35.8,36.1,35.3,33.5,35.8,35.1,31.7,36.5,34.8,34.2,32.6,33.5,36.6,31.7,33.1,33.9,35.4,33.4,30.2,37.3,33.4,35.4,27.4,28.0,27.7,27.2,40.2,29.2,39.4,33.9,43.2,34.3,32.4,33.4,33.2,32.6,34.8,33.3,39.0,31.2,40.3,38.8,38.5,26.8,32.7,33.4,32.5,35.2,36.6,33.5,38.0,35.6,36.3,34.1,41.7,34.2,36.2,34.3,37.8,33.8,38.7,37.1,31.6,34.5,36.3,31.7,37.1,31.8,32.7,30.0,31.8,29.1,32.0,30.5,27.8,30.2,24.5
1223,28.5,28.7,26.3,35.7,32.7,36.0,35.5,31.1,33.7,32.2,35.1,35.1,34.6,32.7,34.8,34.3,30.9,35.7,34.2,33.6,31.8,33.0,35.8,30.9,32.0,33.1,34.5,32.4,29.4,36.6,32.6,34.4,26.4,27.0,26.8,26.6,39.0,28.4,38.2,32.9,41.6,33.4,31.2,32.6,31.7,31.3,33.2,31.9,37.3,30.3,38.5,37.2,36.9,26.0,32.0,32.7,32.0,34.3,35.9,32.9,37.5,34.7,35.4,32.9,40.6,33.1,35.4,33.5,37.1,32.9,37.4,35.6,30.2,33.0,35.0,30.9,36.4,31.0,31.9,29.4,30.8,27.9,31.7,29.7,27.1,29.4,23.7
1224,27.4,28.2,25.5,34.2,31.9,35.4,34.6,30.4,33.1,31.5,34.2,34.5,33.8,32.1,34.1,33.9,30.0,35.1,33.5,33.2,31.1,32.4,34.9,30.2,31.2,32.1,33.7,31.6,28.8,36.0,31.8,33.9,25.7,26.1,25.9,25.8,37.6,27.7,36.8,32.0,40.0,32.6,30.3,31.8,30.4,30.5,32.1,30.9,35.2,29.0,37.3,36.1,35.6,25.1,31.4,31.8,31.4,33.8,35.4,32.5,36.9,34.0,34.8,31.4,39.5,32.3,34.2,33.0,36.3,32.4,36.0,34.4,28.9,32.3,33.8,29.7,35.9,30.4,31.3,28.3,30.1,26.8,31.4,29.2,26.3,28.6,23.2
1225,26.0,27.5,24.7,33.2,31.3,34.6,34.0,29.9,32.4,30.9,33.7,33.8,33.4,31.3,33.4,33.4,29.6,34.5,32.9,32.8,30.5,31.9,34.4,29.6,30.7,31.6,33.1,31.2,28.3,35.4,31.2,33.3,25.0,25.3,25.2,25.0,36.9,26.9,36.1,31.2,38.7,32.1,29.5,31.3,29.4,29.8,30.8,30.1,34.0,28.3,36.1,34.9,34.3,24.6,31.0,31.1,30.9,33.4,34.9,31.8,36.4,33.2,34.1,30.4,38.6,31.5,33.1,32.3,35.6,31.7,34.5,33.0,27.9,31.3,32.6,28.8,35.4,29.9,30.7,27.6,29.3,25.8,31.4,28.5,25.7,27.8,22.7
1226,25.3,27.0,24.2,32.1,30.6,33.9,33.3,29.3,31.8,30.4,33.1,33.2,32.7,30.8,32.8,32.8,29.2,33.5,32.4,32.3,30.1,31.5,33.7,28.8,29.9,31.1,32.5,30.7,27.9,34.8,30.5,32.9,24.5,24.6,24.6,24.3,35.9,26.1,35.1,30.4,37.6,31.5,28.5,30.6,28.2,28.8,29.8,29.5,32.8,27.6,35.2,34.0,32.9,24.0,30.4,30.6,30.4,32.8,34.4,31.2,35.8,32.7,33.4,29.1,37.8,30.9,32.2,31.6,35.0,31.1,33.3,31.8,26.7,30.4,31.8,28.0,34.8,29.2,30.1,26.8,28.3,25.0,31.1,27.9,25.0,27.1,22.1
1227,24.4,26.2,23.7,31.3,29.9,33.3,32.8,28.8,31.3,29.8,32.5,32.5,32.1,30.2,32.3,32.2,28.8,33.0,31.9,31.8,29.6,30.8,33.1,28.0,29.2,30.5,32.0,30.2,27.3,34.4,30.2,32.5,24.0,24.0,24.0,23.6,35.0,25.8,34.3,29.6,36.7,30.9,27.6,30.0,27.3,28.0,28.9,28.7,32.0,26.9,34.2,33.0,31.8,23.5,30.1,30.3,30.1,32.6,33.6,30.8,35.4,32.0,33.0,28.6,37.0,30.2,31.6,31.0,34.5,30.5,32.0,30.9,25.8,29.9,31.1,27.5,34.2,28.8,29.7,26.2,27.7,24.2,31.0,27.6,24.5,26.5,21.6
1228,23.5,25.6,23.5,30.3,29.3,32.7,32.2,28.3,30.8,29.3,32.0,32.0,31.5,29.8,31.5,31.7,28.5,32.7,31.6,31.4,29.2,30.3,32.6,27.1,28.4,29.7,31.5,29.7,26.8,33.7,29.8,31.9,23.5,23.4,23.4,22.9,34.5,25.2,33.6,28.9,35.7,30.3,26.6,29.4,26.3,27.7,28.2,27.9,31.3,26.2,33.4,32.2,30.9,23.0,29.7,30.0,29.5,32.2,33.0,30.3,34.9,31.6,32.7,27.5,36.3,29.8,30.9,30.4,33.9,30.1,30.6,30.3,24.9,29.0,30.4,26.7,33.9,28.4,29.3,25.5,26.9,23.4,30.6,27.2,23.7,26.0,21.2
1229,22.7,25.3,23.1,29.7,28.6,32.3,31.7,27.7,30.3,28.8,31.5,31.4,31.1,29.3,31.0,31.4,28.0,32.4,31.1,30.9,28.8,29.9,32.2,26.6,27.8,29.1,31.0,29.2,26.4,33.3,29.3,31.4,22.8,23.0,23.0,22.6,33.9,25.0,33.0,28.1,34.7,30.0,26.0,28.8,25.5,27.1,27.6,27.4,30.4,25.8,32.7,31.5,30.0,22.5,29.4,29.5,29.2,32.1,32.7,29.7,34.7,31.2,32.4,27.1,35.9,29.3,30.4,30.0,33.4,29.9,29.6,29.4,24.3,28.7,29.4,26.3,33.4,28.1,28.9,24.8,26.1,22.9,30.3,26.7,23.3,25.3,20.7
1230,22.2,25.1,22.5,29.0,28.1,31.7,31.3,27.0,29.8,28.4,31.2,31.0,30.8,28.9,30.5,30.9,27.7,32.0,30.6,30.8,28.4,29.6,32.1,25.8,27.2,28.6,30.5,28.7,25.8,32.9,28.8,31.0,22.4,22.5,22.5,22.1,33.3,24.9,32.4,27.6,34.0,29.4,25.3,28.3,25.2,26.4,27.1,26.8,29.8,25.4,32.1,31.0,29.2,22.2,29.1,29.2,29.2,31.8,32.3,29.5,34.2,30.7,32.1,26.4,35.6,29.1,29.7,29.7,33.0,29.5,28.2,28.7,23.6,28.6,28.9,25.7,33.2,27.5,28.5,24.4,25.4,22.5,30.0,26.4,22.8,24.7,20.2
1231,21.9,25.1,22.8,28.7,27.6,31.1,30.7,26.6,29.5,28.0,31.2,30.8,30.6,28.6,29.9,30.5,27.3,31.7,30.4,30.8,28.0,29.2,31.7,25.3,26.6,28.1,30.2,28.2,25.4,32.6,28.4,30.5,22.0,22.1,22.1,21.7,33.3,24.9,31.7,27.3,33.2,29.8,24.6,27.9,25.1,26.1,26.5,27.0,29.6,25.2,31.4,30.8,28.5,22.3,28.9,29.0,29.0,31.6,32.0,29.0,33.9,30.3,31.9,26.3,35.2,28.8,29.3,29.3,32.6,29.2,27.4,28.2,23.3,28.6,28.9,25.2,33.0,27.4,28.2,23.9,24.7,22.0,29.4,26.3,22.3,24.2,20.0
1232,27.2,28.7,27.4,28.8,28.3,31.5,31.5,27.7,30.7,28.9,32.7,31.6,32.2,29.4,30.9,31.5,28.5,34.3,32.2,32.8,28.9,30.4,33.0,26.0,27.0,29.0,30.9,29.1,26.6,34.1,28.9,31.9,22.7,22.9,22.8,22.2,37.5,28.0,31.8,31.9,35.8,34.7,24.9,29.7,28.7,30.7,29.3,32.0,36.9,25.8,33.1,32.8,31.5,26.0,29.0,30.8,29.4,32.3,31.9,31.0,35.4,30.0,33.9,31.2,36.0,31.3,31.5,30.0,34.4,30.8,31.3,28.3,27.8,30.2,34.0,26.3,34.7,28.9,29.3,24.5,25.3,22.1,29.7,27.9,22.8,24.9,20.8
1233,32.5,33.0,33.0,33.5,31.5,34.0,34.5,31.0,33.0,31.6,34.9,33.9,34.9,31.6,34.0,33.8,31.9,38.1,34.7,35.0,32.1,33.2,35.9,29.1,31.1,32.7,33.1,32.3,29.4,36.6,31.9,34.0,25.7,26.0,25.0,25.1,42.8,32.6,36.0,36.7,39.3,39.6,29.0,33.6,33.2,36.5,33.3,36.6,43.7,29.8,39.4,36.2,37.2,30.3,30.7,33.6,31.8,34.6,33.6,33.9,37.4,32.2,37.5,37.0,38.4,35.4,35.4,32.1,37.0,33.1,37.5,33.3,32.9,34.8,38.9,31.0,36.9,31.0,31.8,28.5,29.3,25.7,32.4,30.0,25.9,27.9,23.2
1234,37.5,36.6,36.9,38.7,35.2,37.5,37.8,34.6,35.5,34.0,37.0,36.5,37.3,34.2,37.3,36.2,35.1,40.9,37.0,37.1,35.0,35.5,38.9,32.3,35.3,36.4,35.8,35.8,32.2,39.2,34.9,36.6,28.9,29.4,27.6,28.3,47.1,36.1,40.8,40.5,42.7,43.5,34.1,36.6,37.8,40.9,37.8,39.9,48.4,34.0,43.9,39.7,42.6,34.0,32.8,36.8,34.4,37.0,36.2,36.4,39.4,35.3,40.5,41.5,41.1,39.0,39.2,34.7,39.5,35.5,42.6,39.3,37.9,38.4,43.0,35.2,39.1,33.2,34.7,33.1,33.6,30.0,34.8,32.2,29.3,31.1,26.1
1235,41.6,39.3,39.6,43.3,38.7,40.8,40.8,37.9,37.7,36.5,39.1,38.9,39.6,36.7,40.4,38.6,37.9,43.4,39.2,39.1,38.0,38.0,41.7,35.4,39.1,39.9,38.2,38.8,34.9,41.6,38.0,39.0,31.9,32.5,30.2,31.1,50.7,38.9,44.8,43.6,46.0,46.5,38.5,39.4,41.6,43.9,41.9,42.9,51.7,37.6,47.4,43.0,47.3,36.9,35.1,39.3,36.8,39.3,38.7,38.5,41.6,38.2,43.1,45.1,43.9,42.1,42.4,37.1,41.9,37.5,47.2,44.2,42.0,41.1,46.2,38.8,41.0,35.3,37.2,37.2,37.5,34.0,37.1,34.2,32.3,33.7,28.5
1236,44.8,41.4,41.5,46.9,41.4,43.3,43.6,40.4,39.8,38.5,40.9,41.1,41.6,38.8,43.0,40.7,40.3,45.2,41.2,40.6,40.4,39.9,43.9,38.1,42.5,42.5,40.3,41.2,37.2,43.8,40.5,41.0,34.3,35.1,32.5,33.8,53.3,41.0,48.3,46.0,48.8,48.9,42.1,41.9,44.9,46.5,45.0,45.5,54.3,40.4,50.3,46.0,50.7,39.1,36.8,41.4,38.3,41.2,40.8,40.4,43.4,40.8,45.2,47.7,46.8,44.4,45.1,39.2,44.2,39.5,50.9,47.6,45.3,43.3,48.5,41.5,42.5,37.0,39.2,40.3,40.7,37.4,38.9,36.0,34.8,36.2,30.6
1237,46.6,42.5,42.8,49.6,43.8,45.4,45.9,42.4,41.4,40.3,42.4,42.8,43.2,40.5,45.0,42.1,42.1,46.7,42.7,41.7,42.3,41.4,45.9,40.2,45.2,44.6,42.1,43.1,39.0,45.6,42.5,42.3,36.3,37.0,34.3,35.3,55.4,42.2,50.9,47.8,51.2,50.3,44.6,43.9,47.4,48.3,47.2,47.2,56.3,42.4,52.2,48.2,53.2,40.8,38.2,42.8,39.4,42.3,42.7,41.8,44.7,42.9,46.9,49.5,49.1,45.9,47.1,40.8,45.7,41.0,52.9,50.6,47.9,45.1,50.2,43.3,43.8,38.4,40.9,42.8,42.8,40.0,40.2,37.1,36.8,38.0,32.5
1238,48.5,43.3,43.5,51.5,45.4,47.0,47.4,43.8,42.7,41.5,43.6,44.1,44.4,41.8,46.5,43.3,43.3,47.7,43.8,42.6,43.6,42.9,47.2,41.7,46.7,46.1,43.3,44.4,40.3,46.6,43.7,43.6,37.8,38.3,35.7,36.6,57.0,42.7,53.1,49.2,53.0,51.2,46.5,45.0,48.9,49.4,48.5,48.3,57.3,43.7,53.7,49.4,55.0,41.5,38.9,43.7,40.2,43.1,43.8,42.7,45.4,44.4,47.9,50.6,50.8,46.7,48.6,42.0,46.9,42.1,54.1,52.6,49.2,46.5,51.3,44.3,44.6,39.3,42.2,44.2,44.5,41.8,40.9,37.8,38.0,39.3,33.7
1239,48.9,43.5,43.6,52.8,46.2,47.8,48.2,44.7,43.3,42.1,44.2,44.9,44.9,42.6,47.3,43.9,44.1,47.8,44.2,42.7,44.2,43.3,48.0,42.5,47.8,47.1,44.0,45.2,41.0,47.3,44.4,44.1,38.6,38.9,36.5,37.4,57.6,42.6,54.5,49.8,54.1,51.3,47.3,45.6,49.5,49.7,49.2,48.6,57.6,44.6,54.4,49.8,55.8,41.5,39.4,44.1,40.5,43.5,44.4,43.0,45.7,45.3,48.3,51.0,51.9,47.0,49.2,42.7,47.5,42.9,54.5,53.8,49.9,47.3,51.8,44.8,45.0,39.5,43.0,45.1,45.4,42.6,41.4,38.2,39.0,40.2,34.6
1240,47.9,42.6,42.7,53.4,46.4,48.0,48.4,44.9,43.3,42.0,44.3,45.3,44.9,42.6,47.3,44.0,44.2,47.3,44.1,42.4,44.4,43.4,47.9,42.7,47.9,47.2,43.9,45.1,41.1,47.3,44.6,43.9,38.6,39.0,36.5,37.3,57.3,41.8,54.9,49.6,54.5,50.6,47.5,45.6,49.2,48.8,49.0,48.1,57.0,44.8,54.2,49.4,55.8,41.0,39.4,43.8,40.5,43.4,44.8,42.8,45.2,45.8,48.0,50.4,52.2,46.7,49.3,42.7,47.3,42.9,54.4,54.5,49.2,47.3,51.6,44.6,44.9,39.3,42.9,45.4,45.7,42.4,41.3,37.9,39.1,40.1,34.6
1241,45.7,40.1,39.7,52.8,45.4,47.2,47.5,43.7,42.3,41.2,43.2,44.8,43.7,41.8,46.3,43.1,43.3,45.4,42.8,41.3,43.6,42.6,47.0,41.6,46.7,46.3,43.1,44.2,40.2,46.3,43.8,43.1,37.5,38.0,35.7,36.6,55.6,39.4,54.1,47.8,53.5,48.2,46.7,44.5,46.6,46.3,47.8,46.1,54.8,44.0,53.1,47.9,54.5,38.1,38.6,42.3,39.6,42.6,44.3,41.0,43.8,45.3,46.3,48.6,51.3,45.0,47.9,41.8,46.4,41.7,52.8,54.0,47.3,46.3,49.6,43.5,43.9,38.2,42.0,44.5,44.6,42.0,40.3,36.8,38.4,39.1,33.6
1242,40.1,35.8,34.0,50.2,42.6,44.7,44.7,41.0,39.9,38.6,40.8,43.1,41.1,39.9,43.4,40.6,40.2,42.0,40.2,38.9,40.6,39.8,44.1,38.8,43.9,43.5,41.3,41.2,37.4,43.8,41.4,40.4,34.8,35.3,33.4,33.9,50.1,35.2,51.7,43.6,51.2,41.9,43.9,41.2,41.5,41.3,44.5,41.7,49.3,41.2,50.6,45.2,51.4,32.9,36.5,39.2,37.3,40.3,43.0,37.5,41.9,43.3,42.7,44.0,49.2,41.6,43.8,39.6,43.9,39.1,49.4,51.8,42.3,43.2,44.8,40.6,42.0,36.0,39.3,41.7,41.4,39.1,37.5,35.1,35.9,36.5,30.9
1243,36.6,33.4,31.3,45.1,39.0,41.8,41.5,37.0,38.3,36.6,39.1,40.8,39.1,37.6,40.0,38.8,36.5,39.7,38.4,37.5,37.4,37.6,40.9,35.7,38.5,39.1,39.5,38.1,34.6,41.1,38.4,38.5,31.3,32.3,31.1,31.2,46.0,32.8,46.3,39.9,48.6,38.7,38.8,37.5,38.8,37.9,41.4,38.8,46.2,36.4,46.5,43.2,46.2,30.4,34.7,37.3,35.3,38.0,40.7,35.9,40.5,40.1,40.2,40.5,46.6,39.2,40.5,38.1,41.7,37.4,44.2,45.2,38.3,39.2,41.5,36.5,40.5,34.7,36.6,36.0,37.0,34.9,33.9,33.8,32.4,34.0,28.2
1244,34.2,31.6,29.6,41.6,36.9,40.1,39.6,34.9,37.0,35.2,38.1,39.0,38.1,36.0,38.6,37.6,34.6,38.3,37.0,36.5,35.5,36.2,39.0,34.2,36.0,36.7,38.1,36.1,32.7,39.6,36.4,37.4,29.6,30.4,29.9,29.5,43.7,31.2,43.4,37.1,46.3,36.9,36.0,35.6,36.9,35.5,38.7,36.9,43.9,34.0,43.8,41.7,42.3,28.9,34.0,35.7,34.3,36.7,38.8,34.9,39.6,37.9,38.6,38.1,44.9,37.1,38.9,36.8,40.3,36.0,41.8,41.4,35.6,37.0,39.5,34.5,39.6,33.7,35.2,33.0,34.8,32.3,33.0,32.7,30.6,32.4,26.6
1245,32.2,30.4,28.3,39.0,35.3,38.6,38.1,33.2,36.1,34.2,37.1,37.5,36.8,34.8,37.1,36.7,33.2,37.3,36.3,35.7,34.3,35.2,37.8,32.9,34.6,35.3,36.7,34.8,31.6,38.6,34.8,36.5,28.5,29.0,28.6,28.3,41.6,30.0,41.4,35.3,44.8,35.5,34.2,34.0,34.9,33.6,36.5,35.0,41.5,32.7,41.7,40.1,40.0,27.9,33.3,34.4,33.5,35.9,37.6,34.1,38.7,36.7,37.2,36.2,43.1,35.6,37.6,35.7,39.2,35.2,39.9,39.3,33.4,35.4,38.0,33.1,38.7,33.0,33.9,31.4,33.2,30.6,32.5,31.7,29.1,31.3,25.4
1246,30.2,29.6,27.3,37.5,34.0,37.5,37.0,32.1,35.2,33.3,36.4,36.6,35.9,34.0,36.1,35.6,32.2,36.5,35.5,34.9,33.0,34.1,37.0,31.9,33.3,34.2,35.8,33.8,30.6,37.7,33.8,35.8,27.7,28.1,27.8,27.4,40.2,29.2,39.6,33.9,43.2,34.3,32.5,33.4,33.2,32.6,34.8,33.5,39.1,31.5,40.3,38.7,38.6,26.8,32.8,33.6,32.6,35.3,36.8,33.5,38.1,35.8,36.4,34.4,41.8,34.2,36.2,34.8,38.4,34.4,38.7,37.2,31.5,34.7,36.6,31.8,37.9,32.2,33.1,30.2,31.9,29.2,32.1,30.9,28.0,30.3,24.7
1247,28.8,28.7,26.3,35.7,33.0,36.4,35.9,31.4,34.2,32.5,35.6,35.6,35.2,33.1,35.0,34.8,31.3,35.8,34.8,34.2,32.2,33.6,36.1,31.1,32.1,33.3,34.8,32.7,29.7,37.0,32.9,34.8,26.5,27.2,26.9,26.8,38.9,28.3,38.4,32.8,41.6,33.4,31.2,32.7,31.7,31.3,33.1,32.0,37.4,30.6,38.5,37.2,37.0,26.1,32.1,32.8,32.1,34.5,36.0,32.9,37.5,34.8,35.5,33.2,40.8,33.2,35.5,33.9,37.7,33.6,37.4,35.7,30.1,33.2,35.3,30.9,37.2,31.5,32.3,29.5,30.9,27.9,31.8,30.1,27.3,29.5,23.9
1248,27.6,28.2,25.5,34.1,32.1,35.7,35.0,30.6,33.6,31.7,34.7,34.9,34.3,32.4,34.5,34.3,30.4,35.1,34.1,33.9,31.3,32.9,35.2,30.3,31.2,32.3,34.0,31.8,29.1,36.5,32.0,34.4,25.9,26.3,26.0,26.0,37.3,27.7,36.9,32.0,40.1,32.4,30.3,31.8,30.4,30.4,32.0,30.9,35.4,29.3,37.2,36.2,35.6,25.2,31.6,31.9,31.5,33.9,35.5,32.4,36.9,34.1,34.8,31.7,39.6,32.4,34.2,33.3,36.9,32.9,36.0,34.3,28.8,32.5,34.0,29.7,36.6,30.9,31.6,28.4,30.1,26.9,31.6,29.5,26.4,28.7,23.4
1249,26.2,27.6,24.9,33.1,31.4,34.8,34.2,30.1,32.9,31.1,34.1,34.2,33.9,31.6,33.6,33.8,30.0,34.6,33.5,33.4,30.7,32.3,34.6,29.7,30.6,31.7,33.4,31.4,28.5,35.8,31.5,33.8,25.2,25.5,25.4,25.2,36.7,26.9,36.2,31.2,38.8,32.0,29.5,31.3,29.3,29.7,30.7,30.3,34.1,28.5,36.0,35.0,34.2,24.7,31.1,31.2,31.1,33.5,34.9,31.8,36.3,33.3,34.1,30.7,38.8,31.5,33.2,32.6,36.2,32.3,34.5,32.9,27.7,31.5,32.8,28.9,36.1,30.5,31.0,27.7,29.3,26.0,31.5,28.8,25.8,27.9,22.9
1250,25.4,27.1,24.5,32.0,30.7,34.1,33.4,29.5,32.3,30.6,33.6,33.5,33.2,31.0,32.9,33.2,29.6,33.5,33.0,32.9,30.3,31.8,33.9,28.8,29.9,31.1,32.8,30.9,28.0,35.1,30.7,33.4,24.7,24.9,24.7,24.4,35.9,26.1,35.1,30.4,37.8,31.3,28.5,30.7,28.1,28.8,29.7,29.6,32.9,27.8,35.1,34.1,32.9,24.2,30.6,30.7,30.6,32.9,34.5,31.3,35.7,32.7,33.5,29.4,37.9,30.9,32.3,31.9,35.6,31.7,33.3,31.7,26.6,30.6,32.0,28.0,35.5,29.8,30.4,27.0,28.3,25.2,31.3,28.1,25.3,27.2,22.3
1251,24.4,26.3,23.8,31.2,30.0,33.5,32.9,29.0,31.7,30.0,33.0,32.8,32.6,30.5,32.4,32.5,29.1,33.1,32.5,32.4,29.8,31.1,33.2,28.2,29.2,30.6,32.2,30.3,27.5,34.7,30.4,32.8,24.2,24.3,24.2,23.8,34.8,25.8,34.3,29.6,36.7,30.8,27.6,30.1,27.2,27.9,28.9,28.9,32.1,27.0,34.1,33.1,31.9,23.6,30.3,30.4,30.2,32.7,33.7,30.8,35.3,32.0,33.1,28.8,37.0,30.2,31.6,31.2,35.0,31.1,31.9,30.8,25.7,29.9,31.3,27.5,35.0,29.4,29.9,26.3,27.7,24.4,31.1,27.8,24.7,26.6,21.8
1252,23.6,25.7,23.5,30.2,29.4,32.9,32.2,28.5,31.2,29.4,32.5,32.1,31.9,30.0,31.6,32.0,28.7,32.8,32.2,32.0,29.3,30.6,32.7,27.3,28.4,29.8,31.6,29.8,27.0,34.0,29.9,32.2,23.7,23.8,23.7,23.1,34.3,25.1,33.6,28.8,35.6,30.2,26.7,29.5,26.3,27.6,28.1,28.1,31.4,26.2,33.3,32.3,30.8,23.0,29.9,30.1,29.7,32.4,33.0,30.3,34.9,31.6,32.9,27.8,36.4,29.8,30.9,30.7,34.4,30.7,30.6,30.1,24.8,29.2,30.5,26.8,34.6,29.0,29.5,25.7,27.0,23.7,30.7,27.4,23.9,26.2,21.5
1253,22.8,25.4,23.1,29.5,28.7,32.4,31.7,27.9,30.6,29.0,32.0,31.6,31.5,29.5,31.0,31.6,28.2,32.5,31.6,31.5,28.9,30.2,32.3,26.8,27.9,29.1,31.2,29.2,26.6,33.4,29.5,31.7,23.0,23.3,23.3,22.8,33.8,25.0,33.0,28.0,34.7,29.9,26.0,28.9,25.5,27.1,27.5,27.4,30.5,25.9,32.6,31.6,30.0,22.5,29.5,29.6,29.3,32.3,32.8,29.7,34.6,31.1,32.6,27.3,36.0,29.3,30.5,30.2,33.9,30.3,29.5,29.1,24.2,28.9,29.6,26.3,34.0,28.6,29.1,24.9,26.3,23.2,30.4,26.9,23.5,25.5,21.0
1254,22.2,25.1,22.4,28.9,28.3,31.8,31.3,27.2,30.1,28.6,31.6,31.1,31.1,29.0,30.5,31.1,27.9,32.1,31.1,31.4,28.6,29.9,32.1,26.1,27.3,28.6,30.6,28.8,26.0,33.1,28.9,31.2,22.6,22.7,22.8,22.4,33.1,24.9,32.3,27.5,34.0,29.3,25.3,28.4,25.1,26.4,27.1,26.8,29.7,25.5,32.0,31.0,29.2,22.3,29.2,29.3,29.3,32.0,32.3,29.5,34.2,30.7,32.2,26.6,35.7,29.1,29.7,29.8,33.4,29.9,28.2,28.5,23.5,28.7,29.1,25.8,33.8,28.0,28.7,24.5,25.7,22.7,30.0,26.5,22.9,25.0,20.6
1255,22.0,25.2,22.9,28.5,27.8,31.2,30.7,26.9,29.8,28.2,31.6,31.0,30.8,28.7,30.1,30.7,27.5,31.8,30.9,31.4,28.2,29.4,31.7,25.6,26.7,28.3,30.4,28.4,25.7,32.8,28.6,30.8,22.2,22.3,22.4,22.0,33.4,24.9,31.6,27.2,33.3,29.8,24.6,28.0,25.1,26.3,26.5,27.0,29.6,25.4,31.4,30.7,28.4,22.4,28.9,29.0,29.1,31.8,32.1,29.0,33.9,30.3,32.0,26.5,35.2,28.8,29.3,29.4,33.0,29.7,27.4,28.0,23.2,28.6,29.0,25.2,33.6,27.9,28.4,24.0,25.0,22.2,29.4,26.5,22.5,24.4,20.3
1256,27.4,28.9,27.7,28.7,28.6,31.6,31.6,28.0,31.1,29.2,33.1,31.9,32.6,29.6,31.1,31.7,28.9,34.4,32.7,33.4,29.3,30.6,33.0,26.2,27.2,29.2,31.1,29.4,26.9,34.3,29.2,32.2,23.0,23.3,23.2,22.5,37.8,28.1,31.9,32.1,35.9,35.0,25.1,29.9,28.8,31.1,29.4,32.1,37.0,26.1,33.2,32.9,31.6,26.2,29.0,31.0,29.5,32.5,31.9,31.1,35.5,30.0,34.0,31.4,36.1,31.4,31.6,30.2,34.9,31.3,31.4,28.2,28.0,30.4,34.2,26.5,35.4,29.3,29.5,24.6,25.7,22.4,29.8,28.1,23.0,25.1,21.1
1257,32.8,33.1,33.3,33.6,31.8,34.2,34.7,31.3,33.4,31.8,35.4,34.1,35.3,31.8,34.2,34.0,32.2,38.2,35.3,35.7,32.4,33.4,36.1,29.2,31.3,32.9,33.4,32.5,29.7,36.8,32.2,34.3,26.1,26.4,25.4,25.5,43.2,32.7,36.2,36.9,39.4,40.0,29.3,33.9,33.3,37.0,33.3,36.6,43.7,30.0,39.6,36.3,37.4,30.5,30.8,33.8,31.9,34.7,33.7,34.1,37.5,32.3,37.6,37.2,38.4,35.5,35.5,32.3,37.5,33.6,37.6,33.6,33.2,35.2,39.1,31.1,37.5,31.5,32.0,28.7,29.6,25.9,32.5,30.3,26.1,28.2,23.5
1258,37.8,36.6,37.2,39.0,35.5,37.7,38.0,34.9,35.9,34.3,37.5,36.6,37.7,34.4,37.4,36.4,35.3,41.0,37.6,37.8,35.3,35.8,39.0,32.5,35.5,36.6,36.0,35.9,32.4,39.5,35.2,36.9,29.3,29.8,28.0,28.5,47.5,36.1,41.1,40.6,42.8,44.0,34.4,36.9,38.1,41.3,37.9,40.0,48.4,34.3,44.0,39.9,42.9,34.4,32.9,37.0,34.5,37.1,36.3,36.6,39.5,35.5,40.6,41.7,41.1,39.1,39.2,35.0,39.9,36.0,42.8,39.8,38.2,38.8,43.1,35.4,39.7,33.7,34.9,33.4,33.8,30.3,34.9,32.7,29.7,31.3,26.4
1259,41.9,39.4,40.0,43.6,39.0,41.0,41.0,38.1,38.0,36.7,39.7,39.1,40.0,36.9,40.5,38.9,38.1,43.6,39.8,39.7,38.2,38.3,41.8,35.7,39.3,40.0,38.4,39.0,35.2,41.9,38.2,39.3,32.4,32.9,30.6,31.4,51.1,39.0,45.3,43.8,46.2,46.9,38.8,39.7,41.8,44.3,42.0,43.0,51.7,37.9,47.5,43.2,47.5,37.3,35.2,39.6,36.9,39.5,38.8,38.7,41.7,38.5,43.3,45.3,44.0,42.0,42.4,37.3,42.3,38.0,47.4,44.7,42.4,41.6,46.3,38.9,41.6,35.8,37.4,37.4,37.8,34.4,37.2,34.6,32.7,34.0,28.9
1260,45.0,41.5,42.0,47.2,41.8,43.5,43.8,40.7,40.2,38.7,41.4,41.3,42.0,39.0,43.1,41.0,40.5,45.4,41.7,41.3,40.6,40.2,44.1,38.6,42.7,42.7,40.5,41.3,37.5,44.1,40.7,41.4,34.8,35.6,33.0,34.2,53.7,41.1,48.8,46.2,49.0,49.4,42.3,42.3,45.1,46.8,45.1,45.5,54.3,40.7,50.4,46.1,50.9,39.6,36.9,41.6,38.4,41.3,41.0,40.6,43.5,41.0,45.3,47.9,46.9,44.4,45.1,39.4,44.5,40.0,51.0,48.1,45.6,43.8,48.7,41.6,43.1,37.5,39.5,40.5,41.0,37.8,39.0,36.4,35.3,36.5,31.0
1261,47.0,42.8,43.2,49.9,44.2,45.7,46.0,42.8,41.8,40.5,42.9,43.0,43.6,40.7,45.1,42.4,42.3,46.9,43.3,42.3,42.6,41.9,46.1,40.6,45.3,44.8,42.3,43.3,39.3,45.9,42.8,42.7,36.8,37.5,34.8,35.8,55.7,42.4,51.5,48.0,51.4,50.8,44.7,44.3,47.5,48.4,47.3,47.2,56.3,42.7,52.3,48.2,53.4,41.2,38.3,43.0,39.5,42.4,42.8,42.1,44.7,43.1,46.9,49.6,49.3,45.9,47.2,41.0,46.1,41.5,53.1,51.0,48.1,45.5,50.4,43.5,44.4,38.9,41.2,43.1,43.0,40.5,40.4,37.5,37.2,38.4,32.8
1262,48.7,43.6,43.9,51.9,45.9,47.2,47.6,44.3,43.1,41.7,44.1,44.4,44.8,42.0,46.7,43.6,43.6,47.8,44.3,43.2,43.9,43.1,47.5,42.2,46.9,46.4,43.5,44.7,40.6,46.9,44.0,44.0,38.3,38.8,36.2,37.1,57.5,43.0,53.7,49.4,53.2,51.7,46.6,45.3,49.0,49.5,48.6,48.3,57.3,44.0,53.8,49.4,55.2,42.0,39.0,43.9,40.3,43.2,43.9,42.9,45.5,44.6,47.9,50.7,51.0,46.7,48.6,42.2,47.3,42.6,54.3,53.0,49.3,46.8,51.5,44.5,45.2,39.8,42.4,44.5,44.8,42.2,41.1,38.1,38.6,39.8,34.3
1263,49.1,43.8,44.0,53.0,46.7,48.1,48.5,45.2,43.7,42.5,44.7,45.3,45.3,42.8,47.6,44.2,44.5,47.9,44.7,43.3,44.7,43.7,48.2,43.0,48.0,47.5,44.3,45.5,41.4,47.7,44.9,44.5,39.1,39.5,36.9,37.8,57.9,43.0,55.0,50.0,54.3,51.7,47.4,46.0,49.7,49.8,49.4,48.6,57.6,45.0,54.5,49.7,56.0,42.0,39.5,44.3,40.6,43.6,44.6,43.2,45.8,45.5,48.4,51.1,52.1,47.1,49.3,43.0,47.9,43.3,54.7,54.2,50.1,47.7,51.9,45.0,45.6,40.0,43.3,45.5,45.7,43.1,41.4,38.5,39.6,40.7,35.0
1264,48.2,42.9,43.2,53.6,46.9,48.4,48.8,45.4,43.8,42.4,44.7,45.7,45.3,43.0,47.7,44.2,44.7,47.4,44.6,43.1,44.9,43.9,48.2,43.1,48.2,47.8,44.3,45.5,41.5,47.6,45.1,44.3,39.1,39.5,37.0,37.8,57.8,42.1,55.5,49.8,54.7,50.9,47.8,46.0,49.3,48.9,49.2,48.1,57.0,45.1,54.4,49.3,56.0,41.5,39.5,44.0,40.6,43.6,45.0,43.0,45.3,46.0,48.1,50.5,52.3,46.8,49.3,43.1,47.7,43.3,54.7,54.9,49.5,47.6,51.7,44.9,45.6,39.8,43.3,45.8,46.0,42.9,41.4,38.2,39.7,40.6,35.0
1265,46.2,40.4,40.2,53.0,45.9,47.6,47.9,44.2,42.8,41.6,43.6,45.2,44.1,42.3,46.7,43.4,43.8,45.5,43.3,41.9,44.1,42.9,47.4,42.1,47.1,46.7,43.6,44.7,40.7,46.7,44.3,43.5,38.0,38.5,36.1,37.0,55.9,39.6,54.7,48.1,53.8,48.5,47.0,44.9,46.9,46.6,48.1,46.2,54.8,44.4,53.3,47.8,54.7,38.6,38.6,42.5,39.7,42.8,44.6,41.2,44.0,45.6,46.4,48.8,51.5,45.1,48.0,42.3,46.8,42.1,53.2,54.4,47.5,46.6,49.7,43.8,44.5,38.7,42.5,45.0,45.0,42.5,40.3,37.1,39.0,39.6,34.1
1266,40.4,36.0,34.4,50.4,43.1,45.3,45.2,41.6,40.4,39.1,41.3,43.5,41.6,40.5,43.9,41.1,40.8,42.0,40.7,39.5,41.2,40.5,44.6,39.3,44.3,44.0,41.8,41.8,38.0,44.1,41.9,40.9,35.3,35.8,33.9,34.5,50.4,35.6,52.2,43.9,51.5,42.1,44.3,41.7,41.8,41.5,44.9,41.8,49.5,41.6,50.8,45.2,51.7,33.4,36.6,39.4,37.4,40.5,43.3,37.6,42.0,43.6,42.9,44.2,49.4,41.7,44.0,40.1,44.4,39.5,49.8,52.0,42.6,43.6,45.1,40.9,42.5,36.5,39.9,42.2,41.9,39.6,37.7,35.4,36.4,37.1,31.4
1267,36.8,33.6,31.6,45.3,39.4,42.2,42.0,37.6,38.8,37.0,39.6,41.2,39.5,38.1,40.5,39.2,37.0,39.8,38.9,38.0,37.9,38.2,41.3,36.2,38.7,39.5,40.0,38.7,35.1,41.4,38.9,38.8,31.7,32.6,31.5,31.6,46.4,33.0,46.6,40.1,48.9,38.8,39.2,37.8,39.0,38.0,41.6,38.9,46.5,36.7,46.7,43.2,46.5,30.7,34.7,37.5,35.3,38.1,40.9,36.0,40.5,40.3,40.3,40.7,46.7,39.3,40.6,38.6,42.2,37.8,44.4,45.4,38.6,39.5,41.8,36.8,41.0,35.2,37.1,36.3,37.3,35.4,33.9,34.1,32.8,34.6,28.6
1268,34.3,31.6,29.9,41.7,37.3,40.5,39.9,35.3,37.4,35.8,38.5,39.5,38.6,36.6,39.0,38.1,35.1,38.4,37.5,37.0,36.0,36.7,39.4,34.5,36.2,37.0,38.6,36.6,33.2,39.9,36.8,37.8,29.8,30.7,30.3,29.8,43.8,31.5,43.6,37.4,46.6,37.0,36.2,35.8,37.1,35.7,38.9,37.0,44.2,34.3,44.0,41.7,42.5,29.1,34.1,35.8,34.4,36.8,38.9,35.0,39.5,38.1,38.8,38.2,45.1,37.1,39.0,37.4,40.7,36.5,41.9,41.6,35.7,37.1,39.9,34.8,40.1,34.2,35.6,33.3,35.2,32.7,32.9,33.1,31.0,32.9,26.9
1269,32.2,30.5,28.6,39.1,35.6,39.0,38.4,33.5,36.6,34.7,37.5,37.9,37.3,35.3,37.4,37.2,33.6,37.3,36.7,36.2,34.7,35.6,38.2,33.2,34.8,35.5,37.2,35.2,32.0,38.9,35.3,36.9,28.6,29.3,28.9,28.6,41.8,30.2,41.5,35.5,45.1,35.5,34.4,34.2,35.1,33.8,36.5,35.2,41.8,32.9,41.9,40.1,40.2,28.2,33.4,34.5,33.5,36.0,37.7,34.2,38.8,36.9,37.3,36.4,43.2,35.7,37.7,36.2,39.6,35.6,40.1,39.5,33.4,35.7,38.3,33.4,39.1,33.5,34.3,31.6,33.5,31.0,32.4,32.1,29.3,31.6,25.7
1270,30.3,29.8,27.6,37.6,34.3,37.8,37.2,32.3,35.6,33.7,36.8,37.0,36.3,34.3,36.4,36.2,32.5,36.5,35.9,35.4,33.4,34.5,37.3,32.1,33.5,34.4,36.2,34.2,30.9,38.0,34.2,36.2,27.9,28.3,28.1,27.7,40.3,29.2,39.7,34.0,43.4,34.3,32.7,33.6,33.4,32.9,34.9,33.7,39.4,31.8,40.4,38.8,38.7,27.1,32.9,33.6,32.6,35.4,36.9,33.6,38.1,35.9,36.4,34.4,41.9,34.3,36.4,35.2,38.8,34.8,38.9,37.4,31.6,34.8,36.9,32.1,38.3,32.7,33.5,30.4,32.1,29.5,32.0,31.3,28.3,30.7,25.0
1271,29.0,28.9,26.6,35.9,33.1,36.7,36.0,31.6,34.7,32.9,36.0,36.0,35.5,33.5,35.3,35.3,31.6,35.7,35.2,34.7,32.4,33.9,36.3,31.3,32.4,33.4,35.2,33.0,30.1,37.3,33.3,35.1,26.8,27.3,27.1,27.0,38.9,28.4,38.4,33.0,41.8,33.4,31.5,32.9,31.8,31.6,33.2,32.2,37.8,30.8,38.6,37.3,37.1,26.3,32.1,32.9,32.1,34.5,36.1,33.0,37.5,34.9,35.5,33.2,40.9,33.3,35.5,34.3,38.0,33.9,37.6,35.8,30.1,33.4,35.6,31.2,37.6,32.0,32.6,29.7,31.0,28.2,31.8,30.5,27.5,29.8,24.2
1272,28.0,28.3,25.8,34.3,32.3,36.0,35.1,30.7,34.0,32.0,35.0,35.2,34.7,32.8,34.6,34.7,30.7,35.2,34.6,34.4,31.5,33.2,35.2,30.5,31.4,32.4,34.3,32.1,29.4,36.7,32.3,34.7,26.1,26.5,26.2,26.2,37.3,27.9,37.0,32.0,40.3,32.6,30.5,32.1,30.6,30.6,32.1,31.1,35.7,29.5,37.3,36.2,35.7,25.4,31.6,32.0,31.5,33.9,35.6,32.4,36.9,34.2,34.8,31.8,39.8,32.5,34.4,33.7,37.2,33.3,36.1,34.4,28.9,32.6,34.3,29.9,37.0,31.4,31.9,28.5,30.2,27.2,31.5,29.9,26.6,28.9,23.5
1273,26.5,27.8,25.1,33.2,31.5,35.0,34.2,30.1,33.3,31.4,34.6,34.5,34.3,31.8,33.6,34.1,30.1,34.6,33.9,34.0,30.9,32.6,34.7,29.8,30.8,31.8,33.6,31.6,28.7,35.9,31.7,34.1,25.4,25.7,25.6,25.3,36.7,27.1,36.2,31.3,39.0,32.1,29.7,31.6,29.5,29.9,30.9,30.4,34.4,28.7,36.1,35.1,34.3,24.8,31.2,31.3,31.1,33.6,35.0,31.8,36.3,33.4,34.1,30.8,38.9,31.7,33.3,33.0,36.5,32.7,34.6,32.9,27.8,31.8,33.1,29.2,36.5,31.0,31.2,27.9,29.4,26.3,31.4,29.3,26.0,28.1,23.0
1274,25.5,27.2,24.7,32.2,30.7,34.2,33.4,29.5,32.6,30.8,33.9,33.8,33.5,31.2,32.9,33.5,29.7,33.5,33.3,33.5,30.5,31.9,33.9,29.0,30.1,31.1,33.0,31.0,28.2,35.2,30.9,33.6,24.8,25.0,24.9,24.5,35.8,26.3,35.1,30.5,37.9,31.4,28.8,30.9,28.3,28.9,29.8,29.8,33.2,28.0,35.2,34.2,33.0,24.3,30.7,30.8,30.6,33.0,34.7,31.4,35.8,32.8,33.5,29.6,38.1,31.0,32.4,32.2,35.8,32.0,33.3,31.6,26.6,30.8,32.3,28.3,35.8,30.3,30.5,27.2,28.4,25.4,31.2,28.6,25.3,27.4,22.4
1275,24.6,26.4,24.0,31.3,30.0,33.6,33.0,28.9,32.1,30.1,33.3,33.1,32.9,30.7,32.5,32.8,29.2,33.1,32.8,33.0,29.9,31.2,33.2,28.2,29.3,30.6,32.4,30.4,27.6,34.8,30.5,33.1,24.4,24.4,24.3,23.8,34.7,25.9,34.3,29.6,36.9,31.0,27.9,30.3,27.3,28.2,28.9,29.1,32.5,27.3,34.2,33.3,31.9,23.7,30.4,30.6,30.3,32.8,33.8,30.9,35.3,32.1,33.1,29.0,37.1,30.3,31.7,31.5,35.2,31.5,31.9,30.8,25.7,30.1,31.6,27.8,35.3,29.9,30.1,26.4,27.8,24.6,31.1,28.3,24.9,26.8,21.9
1276,23.7,25.8,23.7,30.4,29.4,33.0,32.3,28.4,31.5,29.6,32.9,32.4,32.2,30.1,31.6,32.2,28.8,32.8,32.5,32.5,29.4,30.5,32.7,27.4,28.6,29.8,31.8,29.8,27.1,34.1,30.0,32.4,23.9,23.9,23.8,23.2,34.1,25.4,33.7,28.7,35.8,30.4,26.9,29.7,26.4,27.7,28.2,28.3,31.6,26.7,33.4,32.5,30.9,23.2,30.0,30.2,29.8,32.6,33.2,30.4,34.8,31.6,32.9,28.0,36.4,29.9,31.1,30.8,34.6,31.0,30.7,30.1,24.9,29.5,30.8,27.2,35.0,29.5,29.6,25.8,27.1,23.8,30.6,27.8,24.2,26.3,21.6
1277,22.9,25.5,23.2,29.7,28.8,32.6,31.8,27.8,30.9,29.1,32.3,31.8,31.7,29.6,31.1,31.7,28.2,32.6,31.9,32.0,28.9,30.3,32.3,26.9,28.1,29.1,31.3,29.2,26.6,33.6,29.5,31.9,23.2,23.4,23.3,22.8,33.6,25.2,33.1,28.0,34.9,30.0,26.3,29.1,25.6,27.2,27.5,27.6,30.7,26.2,32.7,31.8,30.2,22.7,29.7,29.9,29.5,32.4,32.9,29.9,34.6,31.2,32.6,27.6,36.0,29.3,30.6,30.4,34.1,30.8,29.5,29.2,24.2,29.1,29.9,26.7,34.3,29.1,29.1,25.0,26.4,23.3,30.3,27.3,23.7,25.6,21.1
1278,22.4,25.3,22.5,29.1,28.3,31.9,31.4,27.2,30.4,28.7,31.9,31.2,31.4,29.1,30.6,31.2,27.9,32.1,31.5,31.9,28.6,30.0,32.1,26.2,27.5,28.7,30.7,28.8,26.0,33.2,29.0,31.3,22.8,22.8,22.9,22.5,33.0,25.1,32.3,27.6,34.2,29.5,25.6,28.6,25.3,26.5,27.1,27.0,29.9,25.8,32.1,31.2,29.3,22.4,29.4,29.5,29.4,32.1,32.6,29.6,34.1,30.8,32.3,26.9,35.7,29.1,29.8,30.0,33.7,30.2,28.3,28.7,23.5,29.0,29.4,26.1,34.1,28.4,28.7,24.6,25.8,22.9,29.9,27.0,23.1,25.1,20.6
1279,22.1,25.4,23.1,28.7,27.8,31.3,30.7,26.9,30.0,28.3,31.9,31.1,31.1,28.8,30.1,30.9,27.5,31.9,31.2,31.8,28.2,29.5,31.8,25.7,27.0,28.3,30.4,28.4,25.8,32.9,28.6,30.9,22.4,22.4,22.6,22.1,33.5,25.2,31.7,27.4,33.5,30.1,25.0,28.2,25.3,26.4,26.5,27.2,29.7,25.6,31.5,30.8,28.5,22.6,29.1,29.2,29.2,32.0,32.2,29.2,33.9,30.4,32.1,26.8,35.3,28.9,29.4,29.5,33.3,30.0,27.6,28.1,23.2,28.9,29.4,25.6,33.9,28.3,28.4,24.1,25.1,22.4,29.3,26.9,22.7,24.5,20.3
1280,27.7,29.2,28.1,29.1,28.8,31.7,31.7,28.1,31.3,29.4,33.5,32.0,32.9,29.7,31.2,31.9,29.0,34.6,33.2,34.0,29.4,30.7,33.1,26.4,27.5,29.3,31.2,29.4,27.0,34.5,29.3,32.5,23.2,23.5,23.3,22.7,38.0,28.5,32.0,32.4,36.1,35.4,25.5,30.2,29.2,31.3,29.5,32.2,37.1,26.3,33.4,33.1,31.9,26.4,29.2,31.3,29.7,32.8,32.1,31.3,35.5,30.1,34.2,31.7,36.2,31.6,31.8,30.4,35.2,31.7,31.7,28.5,28.2,30.8,34.6,27.0,35.8,29.7,29.6,24.8,25.9,22.6,29.8,28.6,23.3,25.3,21.2
1281,33.1,33.4,33.7,34.0,32.1,34.4,34.9,31.6,33.7,32.0,35.8,34.3,35.6,32.1,34.3,34.2,32.4,38.3,35.8,36.3,32.6,33.6,36.3,29.5,31.8,33.2,33.6,32.8,29.9,37.1,32.4,34.7,26.2,26.6,25.6,25.7,43.4,33.1,36.5,37.3,39.7,40.4,29.8,34.2,33.8,37.2,33.5,36.8,43.7,30.2,39.9,36.4,37.7,30.8,31.0,34.0,32.1,35.1,33.9,34.2,37.5,32.4,37.8,37.4,38.5,35.7,35.8,32.6,37.9,34.0,37.9,34.1,33.5,35.5,39.3,31.5,38.0,32.0,32.3,29.0,29.9,26.2,32.5,30.7,26.4,28.4,23.6
1282,38.2,36.9,37.7,39.4,35.9,38.0,38.3,35.3,36.3,34.6,38.0,36.9,38.1,34.8,37.7,36.7,35.7,41.2,38.2,38.4,35.6,36.2,39.3,32.9,36.0,36.9,36.4,36.3,32.8,39.9,35.5,37.3,29.5,30.0,28.2,28.8,47.6,36.4,41.4,41.0,43.2,44.4,34.8,37.4,38.6,41.7,38.1,40.1,48.3,34.5,44.3,39.8,43.3,34.6,33.1,37.3,34.7,37.4,36.5,36.7,39.6,35.6,40.8,41.9,41.1,39.2,39.4,35.3,40.4,36.4,43.2,40.2,38.6,39.2,43.3,35.8,40.2,34.2,35.3,33.7,34.1,30.6,34.9,32.9,29.9,31.6,26.5
1283,42.3,39.7,40.4,44.0,39.4,41.4,41.4,38.6,38.6,37.1,40.2,39.5,40.4,37.3,40.9,39.3,38.6,43.7,40.3,40.2,38.6,38.8,42.2,36.1,39.7,40.4,38.8,39.3,35.6,42.3,38.6,39.7,32.5,33.2,30.8,31.7,51.2,39.1,45.7,44.1,46.5,47.2,39.1,40.1,42.3,44.6,42.2,43.1,51.7,38.2,47.8,43.1,47.9,37.6,35.4,39.8,37.1,39.8,39.0,38.8,41.7,38.6,43.5,45.3,44.0,42.2,42.6,37.7,42.8,38.4,47.7,45.1,42.7,42.0,46.4,39.2,42.1,36.3,37.8,37.7,38.1,34.7,37.1,34.8,33.0,34.4,29.0
1284,45.6,41.8,42.4,47.5,42.3,43.9,44.2,41.2,40.7,39.1,41.9,41.7,42.4,39.4,43.5,41.4,40.9,45.5,42.2,41.7,41.1,40.7,44.4,38.9,43.1,43.1,41.0,41.8,38.0,44.5,41.2,41.8,35.0,35.8,33.1,34.4,53.7,41.3,49.2,46.5,49.4,49.7,42.6,42.7,45.6,47.1,45.4,45.6,54.3,41.1,50.6,45.9,51.3,39.8,37.1,41.8,38.6,41.6,41.2,40.8,43.5,41.2,45.4,47.8,46.9,44.5,45.1,39.8,45.0,40.4,51.4,48.5,45.9,44.1,48.7,41.9,43.6,37.9,39.9,40.9,41.2,38.2,39.1,36.5,35.5,37.0,31.2
1285,47.4,43.0,43.5,50.2,44.6,46.1,46.4,43.3,42.4,41.0,43.3,43.5,44.0,41.1,45.5,42.9,42.8,47.0,43.7,42.7,43.1,42.5,46.5,41.0,45.7,45.3,42.8,43.8,39.8,46.2,43.3,43.2,37.0,37.7,34.9,36.0,55.8,42.7,51.9,48.4,51.8,51.1,45.1,44.7,48.0,48.8,47.5,47.3,56.2,43.0,52.5,48.0,53.7,41.5,38.5,43.2,39.7,42.7,43.0,42.3,44.7,43.3,47.0,49.6,49.3,46.0,47.2,41.4,46.6,42.0,53.4,51.3,48.3,45.8,50.4,43.7,44.9,39.3,41.6,43.4,43.3,40.8,40.5,37.5,37.5,38.8,33.0
1286,49.1,43.9,44.2,52.4,46.3,47.6,48.0,44.9,43.7,42.2,44.4,44.8,45.2,42.5,47.1,44.1,44.2,47.8,44.7,43.7,44.4,43.6,47.9,42.6,47.3,46.8,43.9,45.1,41.1,47.2,44.6,44.4,38.5,39.0,36.4,37.3,57.6,43.4,54.1,49.8,53.6,52.0,46.9,45.7,49.4,49.8,48.8,48.4,57.2,44.4,53.9,49.2,55.4,42.2,39.1,44.1,40.4,43.4,44.2,43.1,45.5,44.9,48.0,50.7,51.0,46.7,48.6,42.6,47.7,43.1,54.7,53.4,49.6,47.0,51.6,44.8,45.7,40.1,42.9,44.8,45.1,42.5,41.2,38.2,38.9,40.2,34.4
1287,49.4,44.1,44.4,53.4,47.1,48.5,48.9,45.8,44.4,43.0,45.0,45.8,45.7,43.3,48.0,44.6,45.1,47.9,45.1,43.7,45.2,44.2,48.6,43.4,48.3,47.9,44.7,46.0,41.8,48.0,45.5,44.9,39.3,39.7,37.1,38.0,58.1,43.4,55.4,50.4,54.7,51.9,47.8,46.4,50.1,50.1,49.6,48.7,57.5,45.4,54.6,49.5,56.3,42.3,39.6,44.5,40.8,43.8,44.8,43.5,45.8,45.8,48.5,51.1,52.0,47.1,49.2,43.4,48.3,43.7,55.1,54.6,50.4,47.9,52.0,45.3,46.0,40.3,43.8,45.8,46.0,43.5,41.6,38.5,39.9,41.1,35.2
1288,48.7,43.2,43.5,54.0,47.4,48.9,49.3,45.9,44.4,42.9,45.1,46.1,45.7,43.4,48.2,44.7,45.2,47.4,44.9,43.4,45.4,44.3,48.6,43.6,48.5,48.2,44.8,46.0,42.1,48.0,45.6,44.7,39.2,39.7,37.2,38.0,58.0,42.5,55.9,50.2,55.2,51.1,48.1,46.4,49.7,49.2,49.4,48.1,57.0,45.6,54.5,49.1,56.2,41.7,39.6,44.3,40.7,43.7,45.2,43.2,45.4,46.3,48.2,50.4,52.2,46.8,49.2,43.5,48.1,43.7,55.0,55.2,49.8,47.8,51.6,45.2,46.0,40.2,43.8,46.2,46.3,43.4,41.5,38.2,40.0,41.0,35.2
1289,46.7,40.7,40.6,53.4,46.3,48.1,48.4,44.7,43.4,42.1,44.0,45.6,44.5,42.7,47.2,43.8,44.3,45.6,43.7,42.3,44.6,43.4,47.7,42.5,47.5,47.2,44.0,45.2,41.2,47.0,44.8,43.9,38.2,38.7,36.4,37.3,56.1,40.0,55.1,48.4,54.3,48.7,47.3,45.3,47.3,46.9,48.3,46.3,54.7,44.7,53.4,47.6,54.9,38.9,38.8,42.7,39.9,42.9,44.8,41.3,43.9,45.8,46.5,48.7,51.3,45.2,47.9,42.7,47.2,42.5,53.5,54.7,47.9,46.9,49.8,44.1,44.9,39.0,42.9,45.3,45.4,42.8,40.5,37.1,39.2,40.0,34.3
1290,40.9,36.2,34.7,50.8,43.6,45.8,45.7,42.1,40.9,39.6,41.6,43.9,42.0,40.9,44.4,41.5,41.3,42.2,41.0,39.8,41.7,41.0,45.0,39.8,44.6,44.5,42.2,42.3,38.5,44.4,42.4,41.2,35.5,36.1,34.1,34.7,50.6,35.9,52.7,44.4,52.0,42.4,44.7,42.1,42.3,41.7,45.1,42.0,49.6,42.0,51.0,45.0,52.0,33.7,36.8,39.5,37.6,40.7,43.5,37.7,42.0,43.8,43.0,44.2,49.2,41.8,44.0,40.6,44.7,39.9,50.2,52.4,43.0,44.0,45.2,41.4,42.8,36.8,40.3,42.6,42.3,40.0,37.9,35.4,36.7,37.4,31.6
1291,37.2,33.8,31.9,45.6,39.8,42.7,42.4,38.1,39.2,37.4,39.8,41.6,39.9,38.5,40.9,39.5,37.5,39.9,39.2,38.2,38.4,38.6,41.7,36.6,39.2,40.0,40.4,39.1,35.5,41.5,39.3,39.1,31.9,32.8,31.7,31.8,46.5,33.3,47.1,40.5,49.2,39.1,39.6,38.2,39.4,38.3,41.9,39.0,46.5,37.1,46.8,43.0,46.7,30.9,34.9,37.6,35.5,38.3,41.1,36.1,40.4,40.4,40.5,40.7,46.7,39.3,40.6,39.0,42.5,38.1,44.7,45.8,38.9,39.9,41.9,37.2,41.2,35.5,37.4,36.8,37.7,35.8,34.1,34.1,33.1,34.8,28.7
1292,34.7,31.9,30.1,42.1,37.7,40.9,40.3,35.7,37.9,36.1,38.7,39.8,38.9,37.0,39.3,38.4,35.5,38.5,37.8,37.1,36.4,37.2,39.8,34.8,36.6,37.5,39.0,37.0,33.6,40.0,37.2,38.0,30.0,30.9,30.4,30.1,43.9,31.7,44.0,37.7,46.9,37.2,36.7,36.2,37.5,35.8,39.0,37.1,44.2,34.8,44.1,41.6,42.7,29.4,34.2,35.9,34.5,37.0,39.1,35.2,39.5,38.3,38.9,38.2,45.0,37.2,39.1,37.7,41.0,36.7,42.2,41.9,36.0,37.4,40.0,35.2,40.3,34.5,35.9,33.7,35.6,33.0,33.0,33.1,31.2,33.1,27.0
1293,32.7,30.7,28.8,39.5,36.1,39.4,38.8,33.9,37.0,35.0,37.7,38.2,37.6,35.7,37.7,37.5,34.1,37.5,36.9,36.3,35.1,36.0,38.6,33.4,35.2,36.0,37.5,35.5,32.3,39.0,35.6,37.1,28.8,29.5,29.0,28.9,41.9,30.4,41.9,35.8,45.3,35.8,34.8,34.5,35.5,34.0,36.7,35.3,41.9,33.3,42.0,40.0,40.4,28.4,33.6,34.6,33.7,36.3,37.9,34.2,38.6,37.1,37.5,36.4,43.2,35.9,37.8,36.5,39.8,35.8,40.4,39.8,33.7,36.0,38.3,33.7,39.2,33.8,34.6,31.9,33.9,31.3,32.4,32.2,29.6,31.9,25.7
1294,30.6,30.0,27.8,37.9,34.8,38.2,37.6,32.8,36.1,34.1,37.0,37.3,36.5,34.7,36.7,36.5,32.9,36.6,36.1,35.5,33.7,34.9,37.7,32.4,33.8,34.9,36.6,34.4,31.2,38.0,34.5,36.4,28.0,28.4,28.2,27.9,40.4,29.5,40.1,34.4,43.6,34.6,33.1,34.1,33.8,33.1,35.1,33.8,39.5,32.2,40.5,38.7,38.8,27.3,33.0,33.7,32.8,35.6,36.9,33.7,38.0,36.1,36.5,34.6,42.0,34.4,36.4,35.5,39.0,35.0,39.1,37.7,31.8,35.1,36.9,32.4,38.4,33.0,33.8,30.7,32.5,29.8,32.0,31.4,28.6,30.9,25.0
1295,29.3,29.1,26.8,36.1,33.6,37.1,36.4,32.1,35.2,33.2,36.1,36.3,35.6,33.9,35.6,35.5,32.0,35.8,35.3,34.8,32.8,34.1,36.7,31.5,32.6,33.9,35.6,33.3,30.4,37.5,33.5,35.3,26.9,27.4,27.1,27.2,39.0,28.7,38.7,33.3,42.1,33.7,31.9,33.4,32.2,31.8,33.3,32.4,37.9,31.1,38.7,37.2,37.2,26.4,32.3,32.9,32.3,34.8,36.1,33.0,37.4,35.1,35.5,33.4,40.9,33.3,35.5,34.6,38.2,34.1,37.7,36.0,30.4,33.8,35.7,31.6,37.7,32.3,32.9,29.9,31.4,28.5,31.8,30.6,27.6,30.0,24.2
1296,28.2,28.5,26.1,34.5,32.7,36.4,35.5,31.1,34.4,32.3,35.2,35.5,34.8,33.1,35.0,35.0,31.0,35.3,34.6,34.5,31.9,33.4,35.6,30.7,31.7,32.8,34.7,32.5,29.7,36.8,32.6,34.8,26.2,26.7,26.2,26.3,37.5,28.2,37.3,32.3,40.6,32.8,30.9,32.5,30.9,30.9,32.3,31.3,35.9,29.9,37.4,36.2,35.8,25.6,31.8,32.0,31.8,34.2,35.5,32.5,36.8,34.3,34.8,32.0,39.8,32.4,34.3,34.0,37.4,33.5,36.2,34.6,29.1,33.0,34.3,30.2,37.1,31.7,32.2,28.7,30.6,27.5,31.5,30.0,26.8,29.0,23.5
1297,26.7,28.1,25.3,33.3,31.9,35.3,34.7,30.6,33.7,31.7,34.7,34.9,34.4,32.2,34.0,34.4,30.5,34.6,34.0,34.0,31.2,32.9,35.0,30.0,31.2,32.2,34.0,31.8,28.9,36.0,32.0,34.2,25.5,25.8,25.7,25.4,36.9,27.6,36.3,31.5,39.2,32.2,30.1,32.1,29.8,30.1,31.1,30.6,34.5,29.2,36.2,35.0,34.5,24.9,31.4,31.3,31.3,33.8,35.1,31.8,36.2,33.5,34.2,31.0,38.9,31.7,33.4,33.2,36.6,32.9,34.6,33.1,28.1,32.1,33.0,29.6,36.6,31.2,31.5,28.0,29.7,26.5,31.5,29.3,26.2,28.2,23.1
1298,25.7,27.5,24.8,32.3,31.1,34.6,33.9,29.9,33.0,31.0,34.0,34.0,33.7,31.6,33.3,33.6,29.9,33.6,33.4,33.5,30.8,32.2,34.3,29.2,30.4,31.6,33.3,31.3,28.5,35.3,31.2,33.7,25.0,25.2,25.0,24.7,36.0,26.8,35.2,30.5,38.1,31.6,29.1,31.3,28.6,29.1,30.0,30.0,33.4,28.5,35.3,34.2,33.2,24.4,30.9,30.7,30.9,33.2,34.7,31.3,35.7,32.9,33.5,29.9,38.0,31.0,32.4,32.4,35.9,32.2,33.4,31.9,26.9,31.2,32.2,28.8,36.0,30.5,30.8,27.3,28.8,25.6,31.2,28.6,25.6,27.5,22.5
1299,24.8,26.7,24.1,31.5,30.5,34.0,33.4,29.2,32.4,30.4,33.4,33.3,33.0,31.0,32.8,32.9,29.5,33.1,32.8,33.0,30.1,31.4,33.6,28.5,29.6,31.0,32.7,30.7,27.8,34.8,30.7,33.1,24.5,24.6,24.5,24.1,35.0,26.3,34.5,29.8,37.0,31.2,28.2,30.7,27.6,28.3,29.1,29.3,32.7,27.8,34.4,33.3,32.1,23.7,30.5,30.5,30.5,33.0,33.9,30.8,35.2,32.2,33.0,29.1,37.1,30.4,31.7,31.8,35.3,31.7,31.8,31.1,26.0,30.4,31.5,28.2,35.4,30.1,30.4,26.6,28.2,24.7,31.1,28.3,25.1,27.0,22.0
1300,23.8,26.2,23.8,30.6,29.9,33.4,32.7,28.8,31.9,29.8,32.9,32.6,32.3,30.5,32.0,32.3,29.0,32.7,32.6,32.6,29.7,30.7,33.1,27.7,28.9,30.2,32.0,30.1,27.4,34.1,30.2,32.5,24.0,24.2,24.0,23.4,34.4,25.8,33.8,29.0,36.0,30.6,27.2,30.1,26.7,27.9,28.3,28.5,31.7,27.1,33.6,32.4,31.1,23.2,30.1,30.1,30.1,32.7,33.2,30.4,34.7,31.8,32.8,28.2,36.4,29.9,31.1,31.1,34.6,31.2,30.6,30.2,25.2,29.7,30.8,27.5,35.0,29.7,29.9,26.0,27.5,24.0,30.6,27.8,24.4,26.5,21.7
1301,23.1,25.9,23.4,29.9,29.2,32.9,32.2,28.2,31.2,29.4,32.4,32.0,32.0,29.9,31.4,31.9,28.5,32.5,32.0,32.2,29.2,30.4,32.6,27.2,28.5,29.5,31.6,29.5,26.9,33.7,29.7,32.0,23.3,23.6,23.5,23.1,33.8,25.5,33.2,28.2,35.1,30.3,26.6,29.6,25.9,27.1,27.6,27.8,30.8,26.6,33.0,31.7,30.4,22.6,29.7,29.7,29.7,32.6,32.9,29.7,34.4,31.3,32.5,27.7,36.0,29.3,30.6,30.6,34.1,30.9,29.5,29.4,24.5,29.4,29.7,27.1,34.5,29.2,29.4,25.1,26.8,23.4,30.3,27.3,23.9,25.8,21.2
1302,22.6,25.5,22.7,29.3,28.8,32.3,31.8,27.6,30.7,28.9,32.0,31.4,31.7,29.4,31.0,31.3,28.2,32.0,31.6,32.0,28.9,30.1,32.3,26.4,27.8,29.1,31.0,29.1,26.3,33.3,29.3,31.5,22.9,23.0,23.1,22.7,33.2,25.4,32.4,27.7,34.3,29.7,25.9,29.1,25.6,26.6,27.2,27.1,30.0,26.2,32.4,31.1,29.6,22.3,29.4,29.4,29.6,32.3,32.6,29.5,34.0,30.9,32.2,26.9,35.7,29.1,29.8,30.2,33.6,30.4,28.3,28.8,23.8,29.3,29.4,26.6,34.2,28.6,29.0,24.7,26.1,22.9,29.9,27.0,23.3,25.3,20.7
1303,22.5,25.6,23.3,28.9,28.3,31.7,31.2,27.3,30.3,28.5,32.0,31.2,31.3,29.0,30.5,31.0,27.8,31.7,31.3,32.0,28.5,29.6,32.0,26.0,27.2,28.7,30.6,28.7,26.0,33.0,28.9,31.0,22.5,22.6,22.7,22.4,33.6,25.4,31.8,27.5,33.7,30.3,25.3,28.7,25.7,26.6,26.7,27.5,29.9,25.9,31.7,30.8,28.8,22.6,29.2,29.1,29.4,32.1,32.2,29.1,33.8,30.4,32.0,26.8,35.3,28.8,29.5,29.7,33.4,30.2,27.5,28.3,23.5,29.1,29.4,26.1,34.1,28.5,28.6,24.2,25.4,22.3,29.3,27.0,22.9,24.8,20.5
1304,28.0,29.4,28.5,29.3,29.3,32.1,32.2,28.6,31.7,29.6,33.7,32.3,33.2,30.0,31.6,32.1,29.4,34.6,33.4,34.2,29.8,30.9,33.4,26.8,27.9,29.7,31.5,29.8,27.3,34.6,29.7,32.6,23.3,23.8,23.6,23.1,38.3,28.7,32.2,32.8,36.4,35.8,25.8,30.7,29.5,31.4,29.7,32.4,37.3,26.8,33.8,33.2,32.3,26.4,29.4,31.3,29.9,32.9,32.2,31.3,35.4,30.2,34.3,31.8,36.3,31.6,31.9,30.7,35.4,31.9,31.9,28.8,28.5,31.1,34.6,27.5,36.0,30.0,29.9,25.0,26.3,22.6,29.8,28.6,23.4,25.6,21.3
1305,33.4,33.5,34.2,34.4,32.6,34.8,35.4,32.1,34.0,32.3,35.9,34.5,35.9,32.4,34.8,34.4,32.8,38.4,35.9,36.5,33.0,33.7,36.6,29.9,32.1,33.6,33.9,33.1,30.2,37.3,32.8,34.8,26.4,26.9,25.9,26.0,43.6,33.2,36.8,37.7,40.0,40.8,30.0,34.7,34.2,37.4,33.7,36.8,43.8,30.8,40.1,36.5,38.1,30.8,31.1,34.1,32.3,35.2,34.1,34.3,37.4,32.7,37.9,37.5,38.4,35.8,35.8,32.9,38.1,34.2,38.1,34.5,33.9,36.0,39.4,32.1,38.2,32.2,32.6,29.2,30.3,26.2,32.6,30.7,26.6,28.8,23.8
1306,38.5,36.9,38.0,39.8,36.4,38.5,38.8,35.9,36.6,34.9,38.1,37.1,38.3,35.1,38.2,37.0,36.1,41.3,38.4,38.6,36.1,36.5,39.7,33.4,36.2,37.4,36.7,36.7,33.1,40.0,36.0,37.4,29.6,30.3,28.5,29.1,47.9,36.4,41.8,41.3,43.5,44.6,34.9,37.9,39.0,41.8,38.3,40.1,48.5,35.1,44.5,39.9,43.6,34.6,33.2,37.4,34.9,37.6,36.7,36.7,39.5,35.8,40.8,41.9,41.1,39.3,39.5,35.6,40.7,36.6,43.4,40.7,39.0,39.7,43.2,36.2,40.4,34.4,35.6,33.8,34.4,30.6,35.0,32.8,30.1,32.0,26.7
1307,42.6,39.7,40.6,44.3,39.9,41.8,41.9,39.3,38.9,37.4,40.3,39.7,40.6,37.7,41.3,39.5,39.0,43.8,40.5,40.5,39.1,39.1,42.6,36.5,39.8,40.8,39.1,39.8,35.9,42.5,39.1,39.8,32.7,33.4,31.0,32.0,51.4,39.1,46.2,44.5,46.8,47.4,39.2,40.6,42.8,44.7,42.5,43.1,51.7,38.6,48.0,43.1,48.2,37.6,35.5,39.8,37.3,39.9,39.2,38.9,41.6,38.8,43.6,45.2,44.0,42.2,42.5,38.0,43.1,38.7,48.0,45.6,43.0,42.4,46.3,39.6,42.3,36.5,38.2,37.8,38.3,34.6,37.1,34.6,33.2,34.8,29.2
1308,45.7,41.8,42.5,47.9,42.8,44.4,44.6,41.9,41.1,39.5,42.1,42.0,42.6,39.8,43.9,41.7,41.4,45.6,42.3,42.0,41.6,41.0,44.9,39.3,43.1,43.5,41.4,42.3,38.3,44.6,41.7,41.9,35.1,36.1,33.4,34.7,53.9,41.3,49.7,46.9,49.6,49.8,42.6,43.2,45.9,47.2,45.7,45.5,54.2,41.4,50.7,45.8,51.6,39.9,37.2,41.9,38.8,41.7,41.3,40.9,43.4,41.4,45.5,47.7,46.9,44.5,45.1,40.2,45.3,40.6,51.7,49.0,46.1,44.5,48.7,42.1,43.9,38.0,40.4,40.9,41.4,38.1,39.2,36.3,35.6,37.4,31.4
1309,47.4,43.0,43.6,50.5,45.1,46.5,46.8,44.0,42.9,41.4,43.5,43.7,44.1,41.6,46.0,43.2,43.3,47.0,43.8,42.9,43.6,43.0,47.0,41.4,45.7,45.5,43.1,44.3,40.1,46.4,43.8,43.4,37.1,37.9,35.2,36.3,56.1,42.8,52.4,48.8,52.0,51.1,45.3,45.1,48.2,48.8,47.8,47.2,56.1,43.3,52.5,47.7,54.0,41.6,38.7,43.3,40.0,42.9,43.1,42.4,44.6,43.5,47.1,49.4,49.2,46.0,47.1,41.8,46.8,42.1,53.7,51.6,48.4,46.2,50.3,43.9,45.1,39.4,42.1,43.4,43.4,40.8,40.6,37.3,37.5,39.3,33.2
1310,49.1,44.0,44.5,52.5,46.6,48.0,48.4,45.4,44.0,42.7,44.6,45.1,45.3,43.0,47.5,44.4,44.7,47.9,44.8,43.9,45.0,44.1,48.4,42.9,47.3,47.0,44.4,45.7,41.6,47.5,45.1,44.5,38.5,39.2,36.6,37.5,57.8,43.5,54.5,50.1,53.8,52.1,47.1,46.1,49.5,49.9,49.0,48.2,57.1,44.7,53.9,48.9,55.5,42.5,39.3,44.3,40.6,43.6,44.3,43.2,45.5,45.0,48.1,50.5,50.9,46.8,48.5,43.1,48.0,43.2,54.8,53.6,49.7,47.4,51.5,44.9,46.0,40.2,43.4,44.9,45.2,42.5,41.4,38.0,39.0,40.5,34.6
1311,49.5,44.3,44.5,53.5,47.4,48.9,49.3,46.2,44.7,43.4,45.1,46.0,45.8,43.8,48.4,45.0,45.6,48.0,45.2,43.9,45.8,44.6,49.1,43.6,48.4,48.1,45.2,46.5,42.2,48.3,46.0,45.2,39.4,40.0,37.4,38.3,58.2,43.4,55.6,50.6,54.9,51.9,47.9,46.8,50.1,50.1,49.8,48.6,57.4,45.3,54.5,49.2,56.4,42.4,39.7,44.7,41.0,44.0,45.0,43.6,45.8,45.9,48.6,51.0,52.0,47.2,49.1,43.8,48.6,43.9,55.3,54.7,50.4,48.2,51.9,45.4,46.3,40.5,44.3,45.6,46.1,43.6,41.8,38.3,40.0,41.4,35.4
1312,48.6,43.4,43.7,54.1,47.6,49.2,49.5,46.2,44.8,43.3,45.3,46.4,45.8,43.9,48.5,45.1,45.7,47.4,45.0,43.6,45.9,44.7,49.1,43.7,48.5,48.5,45.2,46.5,42.4,48.3,46.1,45.0,39.3,40.0,37.4,38.2,58.1,42.6,56.0,50.4,55.4,51.0,48.2,46.7,49.8,49.1,49.7,48.0,56.8,45.4,54.4,48.8,56.3,41.9,39.8,44.5,41.0,43.9,45.4,43.3,45.4,46.3,48.2,50.4,52.2,46.9,49.2,44.0,48.3,43.8,55.1,55.4,49.9,48.1,51.5,45.2,46.2,40.3,44.3,46.1,46.3,43.4,41.6,38.0,40.1,41.3,35.4
1313,46.7,41.0,40.9,53.5,46.5,48.4,48.6,45.1,43.8,42.5,44.2,45.9,44.7,43.2,47.5,44.2,44.8,45.7,43.8,42.4,45.0,43.8,48.2,42.7,47.5,47.4,44.5,45.6,41.5,47.4,45.2,44.2,38.4,38.9,36.6,37.5,56.2,40.2,55.2,48.6,54.5,48.8,47.4,45.7,47.4,46.9,48.5,46.3,54.7,44.9,53.3,47.4,55.0,39.1,39.0,42.9,40.1,43.2,44.9,41.5,44.0,45.9,46.6,48.6,51.4,45.2,47.9,43.1,47.5,42.8,53.6,54.8,48.1,47.2,49.7,44.2,45.1,39.2,43.4,45.3,45.4,43.0,40.7,37.0,39.3,40.3,34.5
1314,41.0,36.5,35.0,50.9,43.9,46.1,45.9,42.4,41.3,39.9,41.8,44.2,42.2,41.3,44.7,41.8,41.7,42.3,41.3,39.9,42.1,41.4,45.4,40.0,44.7,44.7,42.6,42.7,38.8,44.7,42.8,41.5,35.7,36.2,34.3,34.9,50.8,36.1,52.9,44.6,52.2,42.5,44.8,42.6,42.4,41.8,45.4,42.0,49.6,42.2,50.9,44.9,52.1,33.9,37.1,39.7,38.0,41.0,43.6,37.8,42.0,43.9,43.1,44.3,49.3,41.9,44.1,41.0,45.0,40.2,50.4,52.6,43.3,44.4,45.2,41.6,43.0,37.1,40.7,42.6,42.4,40.1,38.1,35.2,36.8,37.7,31.7
1315,37.3,33.9,32.1,45.8,40.0,42.9,42.7,38.4,39.5,37.6,40.0,41.9,40.1,38.9,41.2,39.8,37.7,39.9,39.4,38.3,38.7,38.9,42.0,36.8,39.2,40.2,40.7,39.3,35.7,41.8,39.6,39.3,32.0,33.0,31.9,32.0,46.5,33.4,47.3,40.7,49.4,39.2,39.7,38.6,39.5,38.3,42.1,39.0,46.6,37.4,46.8,42.8,46.9,31.1,35.2,37.7,35.9,38.6,41.2,36.1,40.5,40.5,40.5,40.7,46.7,39.4,40.6,39.4,42.7,38.3,45.0,46.0,39.1,40.2,41.9,37.4,41.4,35.8,37.6,36.9,37.7,35.9,34.3,34.0,33.1,35.0,28.8
1316,34.8,32.0,30.3,42.3,37.9,41.1,40.5,36.0,38.2,36.3,39.0,40.0,39.1,37.2,39.5,38.6,35.7,38.6,38.0,37.3,36.7,37.4,40.0,34.9,36.7,37.6,39.2,37.2,33.7,40.2,37.5,38.2,30.1,31.1,30.5,30.2,44.0,31.7,44.1,37.9,47.1,37.3,36.7,36.5,37.6,35.7,39.3,37.1,44.3,35.0,44.1,41.5,42.9,29.5,34.5,35.9,34.8,37.3,39.2,35.2,39.5,38.3,38.9,38.2,45.0,37.2,39.0,37.9,41.2,37.0,42.4,42.1,36.2,37.7,40.0,35.5,40.5,34.7,36.1,33.7,35.6,33.1,33.1,33.0,31.3,33.3,27.1
1317,32.8,30.9,28.9,39.7,36.2,39.5,39.0,34.1,37.2,35.1,38.0,38.5,37.8,35.9,37.9,37.7,34.3,37.5,37.2,36.6,35.3,36.2,38.8,33.6,35.3,36.1,37.7,35.7,32.4,39.2,35.9,37.3,28.9,29.6,29.1,28.9,42.1,30.5,42.0,35.9,45.5,35.9,34.8,34.9,35.7,34.0,36.9,35.4,42.0,33.6,42.0,39.9,40.5,28.4,33.8,34.7,34.0,36.5,37.9,34.3,38.6,37.1,37.4,36.4,43.3,35.9,37.7,36.8,40.0,36.1,40.5,39.9,33.9,36.4,38.4,34.0,39.4,33.9,34.8,31.9,34.0,31.4,32.5,32.1,29.6,31.9,25.8
1318,30.8,30.0,27.8,38.0,34.9,38.3,37.7,33.0,36.3,34.2,37.1,37.4,36.7,34.9,36.7,36.7,33.0,36.6,36.3,35.8,33.9,35.1,37.8,32.5,33.8,34.9,36.7,34.6,31.3,38.1,34.8,36.5,28.1,28.6,28.2,27.9,40.5,29.5,40.2,34.4,43.8,34.8,33.2,34.4,33.9,33.1,35.3,33.9,39.7,32.3,40.5,38.6,38.8,27.2,33.2,33.8,33.1,36.0,37.0,33.8,38.1,36.1,36.4,34.7,42.0,34.4,36.4,35.7,39.1,35.3,39.1,37.8,32.0,35.4,37.0,32.7,38.6,33.2,34.0,30.7,32.6,29.9,32.1,31.3,28.6,30.9,25.2
1319,29.5,29.2,26.9,36.2,33.7,37.2,36.4,32.3,35.4,33.4,36.2,36.4,35.9,34.0,35.6,35.7,32.1,35.7,35.5,35.1,32.9,34.2,36.8,31.5,32.6,33.9,35.7,33.4,30.4,37.5,33.7,35.4,26.9,27.5,27.2,27.2,39.1,28.8,38.9,33.4,42.2,33.8,32.0,33.7,32.4,31.8,33.5,32.5,37.9,31.3,38.8,37.2,37.2,26.4,32.6,32.9,32.6,35.1,36.2,33.1,37.5,35.1,35.4,33.5,41.0,33.4,35.5,34.7,38.3,34.4,37.8,36.2,30.5,34.1,35.8,31.8,37.9,32.5,33.1,29.9,31.5,28.6,31.9,30.5,27.7,29.9,24.4
1320,28.3,28.6,26.1,34.5,32.9,36.4,35.6,31.3,34.6,32.4,35.3,35.6,35.1,33.3,35.0,35.0,31.3,35.1,34.9,34.7,32.0,33.4,35.6,30.8,31.7,32.9,34.8,32.5,29.7,36.8,32.8,34.9,26.2,26.7,26.2,26.3,37.6,28.2,37.4,32.4,40.7,32.9,30.9,32.9,31.1,30.9,32.5,31.3,36.0,30.1,37.5,36.2,35.9,25.6,32.1,32.1,32.1,34.5,35.6,32.5,36.8,34.3,34.6,32.3,39.8,32.4,34.3,34.1,37.5,33.8,36.3,34.8,29.3,33.4,34.5,30.5,37.3,31.8,32.2,28.7,30.7,27.6,31.6,29.9,26.8,29.0,23.6
1321,27.0,28.1,25.2,33.5,32.0,35.4,34.7,30.7,33.8,31.7,34.8,34.9,34.5,32.3,34.0,34.4,30.6,34.5,34.1,34.2,31.3,32.9,35.0,30.0,31.2,32.3,34.1,31.8,28.9,36.0,32.0,34.3,25.4,25.8,25.7,25.4,36.8,27.6,36.4,31.6,39.3,32.3,30.1,32.4,29.9,30.3,31.4,30.7,34.6,29.5,36.3,35.1,34.6,24.9,31.6,31.3,31.6,34.1,35.1,31.9,36.2,33.5,33.9,31.3,38.9,31.8,33.4,33.3,36.6,33.1,34.8,33.2,28.1,32.4,33.1,29.9,36.8,31.4,31.6,28.1,29.8,26.5,31.6,29.3,26.1,28.2,23.1
1322,25.8,27.4,24.8,32.5,31.2,34.6,33.9,30.0,33.1,31.0,34.1,34.0,33.8,31.7,33.3,33.6,29.9,33.5,33.5,33.7,30.8,32.1,34.2,29.1,30.4,31.7,33.4,31.2,28.3,35.2,31.2,33.8,24.9,25.0,25.0,24.6,36.0,26.8,35.3,30.6,38.2,31.7,29.2,31.7,28.9,29.3,30.2,30.0,33.4,28.6,35.3,34.3,33.2,24.4,31.1,30.8,31.2,33.5,34.8,31.4,35.8,33.0,33.3,30.1,38.1,31.0,32.4,32.5,35.9,32.4,33.4,32.1,27.0,31.4,32.4,29.0,36.3,30.6,30.9,27.3,28.9,25.6,31.4,28.6,25.5,27.4,22.5
1323,25.0,26.7,24.0,31.7,30.5,34.0,33.4,29.2,32.4,30.4,33.4,33.2,33.1,31.0,32.8,32.9,29.5,33.0,33.0,33.2,30.1,31.3,33.6,28.4,29.6,31.0,32.7,30.6,27.6,34.7,30.7,33.0,24.4,24.4,24.4,24.0,34.9,26.4,34.5,29.9,37.2,31.3,28.2,31.1,27.8,28.5,29.3,29.3,32.7,27.9,34.5,33.4,32.1,23.8,30.7,30.5,30.8,33.3,34.0,30.9,35.3,32.3,32.9,29.3,37.2,30.3,31.8,31.8,35.2,31.8,31.8,31.2,25.9,30.6,31.6,28.3,35.6,30.1,30.4,26.6,28.2,24.6,31.2,28.3,24.9,26.8,22.1
1324,23.9,26.3,23.7,30.7,29.9,33.3,32.7,28.7,31.9,29.8,32.9,32.5,32.2,30.4,32.0,32.3,28.9,32.5,32.7,32.8,29.6,30.7,33.0,27.6,28.8,30.2,32.0,30.0,27.2,34.1,30.2,32.4,23.8,24.0,23.9,23.3,34.2,25.9,33.9,29.2,36.1,30.7,27.3,30.6,26.9,28.2,28.5,28.5,31.7,27.3,33.7,32.5,31.2,23.2,30.3,30.2,30.4,33.0,33.3,30.4,34.7,31.9,32.6,28.5,36.5,29.8,31.2,31.1,34.5,31.2,30.6,30.2,25.0,30.0,30.9,27.7,35.2,29.6,29.8,25.9,27.5,23.9,30.7,27.8,24.2,26.3,21.7
1325,23.2,26.1,23.2,30.1,29.1,32.8,32.1,28.1,31.1,29.3,32.2,31.8,31.7,29.9,31.4,31.8,28.4,32.3,32.0,32.3,29.1,30.3,32.4,27.1,28.4,29.5,31.5,29.4,26.7,33.6,29.7,31.8,23.3,23.4,23.4,22.9,33.7,25.7,33.3,28.3,35.2,30.3,26.6,30.1,26.0,27.4,27.9,27.8,30.9,26.8,33.1,31.8,30.4,22.6,30.0,29.8,30.0,32.9,33.1,29.8,34.4,31.4,32.3,27.8,36.1,29.3,30.7,30.6,34.0,30.8,29.6,29.5,24.2,29.8,29.9,27.2,34.6,29.1,29.3,25.1,26.7,23.4,30.4,27.4,23.9,25.6,21.2
1326,22.7,25.6,22.7,29.4,28.7,32.2,31.7,27.5,30.5,28.8,31.8,31.2,31.4,29.3,30.9,31.2,28.1,31.9,31.6,32.1,28.8,30.0,32.1,26.4,27.8,29.0,30.9,28.9,26.1,33.2,29.2,31.3,22.8,22.9,23.0,22.6,33.2,25.6,32.5,27.7,34.4,29.7,26.0,29.5,25.7,26.8,27.4,27.0,30.0,26.5,32.5,31.2,29.6,22.3,29.7,29.4,29.9,32.6,32.8,29.5,34.0,30.9,32.0,27.1,35.8,29.0,29.9,30.1,33.5,30.2,28.5,29.0,23.7,29.6,29.7,26.7,34.2,28.4,28.9,24.6,26.1,22.9,30.0,27.1,23.3,25.1,20.7
1327,22.7,25.7,23.4,29.0,28.2,31.6,31.1,27.2,30.2,28.3,31.8,31.0,31.0,28.9,30.3,30.9,27.7,31.6,31.2,32.2,28.4,29.4,31.8,25.9,27.2,28.5,30.5,28.5,25.9,32.9,28.9,30.8,22.4,22.4,22.6,22.3,33.5,25.6,31.9,27.7,33.8,30.4,25.3,29.2,25.8,26.8,26.9,27.6,29.8,26.1,31.9,30.9,28.9,22.6,29.4,29.1,29.7,32.4,32.3,29.2,33.8,30.5,31.9,27.0,35.4,28.7,29.7,29.6,33.3,30.0,27.5,28.4,23.4,29.4,29.7,26.3,34.1,28.2,28.5,24.2,25.5,22.3,29.5,27.1,22.9,24.6,20.3
1328,28.1,29.8,28.6,29.4,29.3,32.2,32.1,28.6,31.6,29.5,33.6,32.2,33.1,29.9,31.6,32.1,29.4,34.7,33.4,34.3,29.7,30.9,33.3,26.8,28.0,29.7,31.4,29.7,27.2,34.6,29.7,32.5,23.4,23.8,23.6,23.1,38.2,29.0,32.3,33.0,36.6,35.9,26.0,31.2,29.6,31.6,30.1,32.6,37.5,27.1,34.1,33.4,32.5,26.5,29.6,31.4,30.2,33.3,32.3,31.5,35.5,30.3,34.4,32.0,36.4,31.7,32.1,30.6,35.5,31.8,32.1,28.9,28.7,31.6,34.9,27.8,36.1,29.8,29.9,25.0,26.5,22.7,30.0,28.7,23.5,25.6,21.3
1329,33.5,34.0,34.3,34.5,32.6,34.8,35.4,32.1,34.1,32.2,35.9,34.5,35.8,32.3,34.7,34.5,32.8,38.5,35.9,36.6,33.0,33.7,36.6,29.9,32.1,33.6,33.8,33.1,30.2,37.3,32.8,34.8,26.4,26.9,25.8,26.2,43.5,33.4,36.9,37.9,40.2,41.0,30.3,35.0,34.3,37.5,34.1,36.9,44.0,31.0,40.3,36.7,38.4,31.0,31.4,34.3,32.6,35.6,34.2,34.5,37.6,32.9,37.9,37.6,38.6,36.0,36.0,32.8,38.2,34.1,38.4,34.7,34.0,36.4,39.4,32.2,38.3,32.1,32.6,29.3,30.4,26.3,32.8,30.7,26.7,28.7,23.9
1330,38.5,37.4,38.1,39.9,36.4,38.4,38.7,35.9,36.7,34.8,38.1,37.2,38.3,35.1,38.1,37.0,36.1,41.4,38.4,38.7,36.0,36.5,39.8,33.4,36.4,37.3,36.7,36.7,33.1,40.0,36.0,37.4,29.7,30.4,28.5,29.1,47.8,36.6,41.8,41.6,43.7,44.8,35.1,38.2,39.1,41.8,38.6,40.1,48.6,35.3,44.6,40.1,43.8,34.7,33.4,37.6,35.2,37.9,36.8,36.9,39.7,36.1,41.0,42.0,41.3,39.4,39.7,35.6,40.7,36.6,43.7,40.9,39.1,40.0,43.4,36.3,40.5,34.3,35.6,34.0,34.6,30.8,35.2,32.9,30.2,31.9,26.8
1331,42.6,40.1,40.7,44.3,39.9,41.7,41.7,39.2,39.1,37.3,40.3,39.8,40.7,37.6,41.1,39.6,39.0,44.0,40.6,40.6,39.1,39.2,42.6,36.5,39.9,40.6,39.1,39.7,35.8,42.4,39.1,39.8,32.8,33.5,31.0,32.0,51.2,39.3,46.2,44.8,47.1,47.5,39.3,41.0,42.9,44.7,42.8,43.1,51.9,38.5,48.0,43.2,48.4,37.7,35.7,40.0,37.6,40.2,39.3,39.0,41.8,39.1,43.7,45.3,44.2,42.3,42.6,37.9,43.1,38.8,48.3,45.8,43.2,42.7,46.4,39.6,42.4,36.4,38.1,37.8,38.3,34.8,37.4,34.7,33.2,34.7,29.2
1332,45.8,42.3,42.7,47.9,42.7,44.2,44.4,41.8,41.3,39.4,42.2,42.1,42.7,39.8,43.7,41.8,41.3,45.8,42.4,42.0,41.5,41.1,44.9,39.2,43.2,43.3,41.3,42.1,38.2,44.6,41.7,42.0,35.3,36.1,33.4,34.7,53.8,41.7,49.8,47.2,49.9,49.9,42.7,43.5,46.1,47.3,45.9,45.5,54.4,41.3,50.8,46.0,51.7,40.2,37.4,42.0,39.1,42.0,41.5,41.1,43.6,41.7,45.7,47.8,47.0,44.7,45.2,40.1,45.3,40.8,51.8,49.1,46.3,44.8,48.7,42.0,44.0,38.0,40.3,40.9,41.4,38.4,39.5,36.3,35.7,37.3,31.5
1333,47.5,43.5,43.8,50.5,45.0,46.3,46.6,43.8,43.0,41.3,43.6,43.9,44.3,41.5,45.7,43.3,43.2,47.3,44.0,42.9,43.5,43.0,46.8,41.3,45.8,45.3,43.0,44.0,40.0,46.4,43.7,43.5,37.3,37.9,35.2,36.2,55.9,43.1,52.5,49.1,52.3,51.2,45.4,45.3,48.2,48.9,48.0,47.2,56.3,43.3,52.5,47.9,54.1,42.0,38.9,43.5,40.3,43.1,43.2,42.5,44.7,43.8,47.3,49.5,49.4,46.1,47.2,41.7,46.9,42.3,53.8,51.8,48.5,46.6,50.5,43.8,45.1,39.5,42.0,43.3,43.5,41.2,40.9,37.4,37.7,39.1,33.3
1334,49.2,44.6,44.7,52.6,46.5,47.7,48.1,45.3,44.2,42.5,44.7,45.2,45.5,42.9,47.1,44.4,44.6,48.1,44.9,43.9,44.9,43.9,48.2,42.9,47.3,46.8,44.3,45.4,41.4,47.5,45.0,44.7,38.8,39.3,36.7,37.5,57.6,43.9,54.6,50.3,54.1,52.2,47.1,46.4,49.5,50.0,49.2,48.3,57.3,44.7,53.9,49.0,55.6,42.8,39.6,44.4,40.9,43.9,44.5,43.4,45.6,45.2,48.4,50.6,51.1,46.9,48.7,42.9,48.0,43.4,55.0,53.8,49.7,47.7,51.6,44.9,46.1,40.3,43.2,45.1,45.2,42.9,41.7,38.0,39.2,40.4,34.7
1335,49.6,44.9,44.8,53.6,47.3,48.7,49.0,46.1,44.9,43.3,45.2,46.1,45.9,43.7,48.1,44.9,45.5,48.2,45.3,44.0,45.7,44.4,48.9,43.6,48.4,47.8,45.1,46.2,42.1,48.2,45.9,45.3,39.7,40.1,37.4,38.3,58.1,43.8,55.7,51.0,55.2,52.0,48.0,47.0,50.2,50.2,49.9,48.6,57.6,45.4,54.6,49.4,56.6,42.9,39.9,44.9,41.2,44.2,45.2,43.8,45.9,46.2,48.8,51.1,52.2,47.3,49.3,43.7,48.7,44.1,55.5,55.0,50.5,48.4,52.0,45.4,46.4,40.6,44.1,45.9,46.1,44.0,42.1,38.3,40.3,41.2,35.5
1336,48.7,44.0,44.1,54.2,47.4,49.1,49.3,46.1,44.8,43.2,45.4,46.4,45.9,43.8,48.2,45.0,45.6,47.8,45.1,43.6,45.8,44.5,48.9,43.7,48.6,48.2,45.1,46.3,42.2,48.3,45.9,45.1,39.7,40.1,37.5,38.2,58.0,43.1,56.2,50.7,55.6,51.2,48.5,47.0,49.8,49.3,49.8,48.1,57.0,45.5,54.5,49.0,56.4,42.4,39.9,44.8,41.1,44.2,45.6,43.6,45.4,46.6,48.5,50.5,52.4,47.1,49.4,43.8,48.4,44.0,55.3,55.6,50.0,48.4,51.6,45.3,46.3,40.5,44.2,46.5,46.4,43.9,41.9,38.0,40.5,41.2,35.6
1337,46.9,41.6,41.4,53.7,46.4,48.2,48.4,45.0,43.9,42.3,44.3,46.0,44.8,43.1,47.2,44.2,44.7,46.1,44.0,42.5,44.9,43.6,48.0,42.7,47.6,47.2,44.4,45.4,41.4,47.3,45.1,44.3,38.9,39.1,36.7,37.5,56.2,40.7,55.4,48.9,54.8,49.0,47.7,46.0,47.7,47.1,48.7,46.4,54.9,45.0,53.4,47.7,55.1,39.7,39.2,43.2,40.4,43.4,45.1,41.9,44.1,46.2,46.9,48.8,51.7,45.5,48.1,43.0,47.5,42.9,53.8,55.0,48.2,47.6,49.9,44.2,45.2,39.4,43.3,45.7,45.4,43.3,40.9,37.1,39.8,40.3,34.7
1338,41.2,37.0,35.4,51.1,43.9,45.9,45.8,42.4,41.4,39.8,41.9,44.2,42.4,41.3,44.5,41.8,41.7,42.7,41.4,39.9,42.1,41.2,45.4,40.2,44.8,44.6,42.5,42.7,38.8,44.7,42.7,41.5,36.3,36.5,34.5,35.1,50.9,36.5,53.0,44.9,52.5,42.7,45.2,42.9,42.7,41.9,45.6,42.2,49.9,42.5,51.1,45.1,52.2,34.4,37.4,40.0,38.3,41.2,43.8,38.2,42.1,44.3,43.5,44.5,49.5,42.3,44.4,40.9,45.0,40.3,50.6,52.8,43.5,44.8,45.4,41.7,43.0,37.2,40.7,43.1,42.6,40.7,38.4,35.4,37.3,37.8,32.0
1339,37.4,34.4,32.4,46.0,40.1,42.8,42.6,38.6,39.5,37.6,40.1,41.9,40.2,38.8,41.0,39.7,37.9,40.2,39.5,38.3,38.8,38.8,42.0,36.9,39.4,40.1,40.6,39.3,35.9,41.9,39.7,39.3,32.5,33.3,32.1,32.3,46.6,33.7,47.4,40.9,49.7,39.4,40.1,38.9,39.7,38.3,42.3,39.1,46.8,37.6,46.9,43.1,47.0,31.5,35.4,38.0,36.1,38.8,41.3,36.4,40.6,40.7,40.8,40.8,46.9,39.7,40.9,39.3,42.7,38.5,45.1,46.3,39.4,40.6,42.1,37.6,41.4,35.9,37.6,37.3,37.9,36.5,34.5,34.2,33.7,35.1,29.0
1340,35.0,32.5,30.6,42.6,37.9,41.0,40.6,36.1,38.2,36.3,39.0,40.0,39.1,37.2,39.4,38.5,35.8,38.9,37.9,37.3,36.8,37.2,40.0,35.1,36.8,37.5,39.2,37.3,33.9,40.3,37.6,38.2,30.7,31.3,30.7,30.4,44.1,32.1,44.2,38.1,47.2,37.4,37.0,36.8,37.7,35.9,39.4,37.2,44.5,35.0,44.3,41.7,43.0,29.8,34.7,36.2,35.0,37.5,39.3,35.4,39.6,38.5,39.2,38.3,45.2,37.6,39.3,37.9,41.2,37.2,42.5,42.3,36.4,38.1,40.1,35.5,40.5,34.8,36.1,34.1,35.8,33.6,33.2,33.1,31.8,33.4,27.3
1341,33.1,31.4,29.2,40.0,36.4,39.5,39.0,34.3,37.3,35.2,37.9,38.5,37.7,35.9,37.9,37.6,34.4,37.7,37.1,36.5,35.4,36.1,38.8,33.7,35.5,36.1,37.7,35.7,32.5,39.1,36.0,37.2,29.4,29.9,29.4,29.2,42.0,30.8,42.1,36.0,45.7,36.0,35.0,35.2,35.7,34.2,37.0,35.5,42.2,33.6,42.1,40.1,40.6,28.7,34.0,35.0,34.1,36.7,38.0,34.6,38.7,37.3,37.7,36.4,43.5,36.2,37.9,36.7,40.0,36.2,40.6,39.9,34.1,36.6,38.5,34.0,39.4,33.9,34.9,32.2,34.1,31.8,32.6,32.3,30.1,32.1,26.1
1342,30.9,30.4,28.0,38.2,35.0,38.2,37.7,33.1,36.3,34.4,37.1,37.4,36.7,35.0,36.8,36.7,33.1,36.7,36.3,35.7,34.1,34.9,37.7,32.7,34.0,34.9,36.8,34.6,31.5,38.1,34.9,36.5,28.4,28.9,28.5,28.2,40.5,29.8,40.2,34.6,44.0,34.9,33.4,34.5,34.1,33.3,35.4,33.9,39.9,32.4,40.5,38.8,38.9,27.6,33.4,34.1,33.3,36.1,37.0,33.9,38.1,36.2,36.7,34.7,42.2,34.8,36.7,35.7,39.1,35.3,39.2,38.1,32.4,35.7,37.2,32.7,38.5,33.2,34.0,30.9,32.7,30.2,32.1,31.4,29.0,31.1,25.4
1343,29.6,29.6,27.1,36.5,33.9,37.2,36.5,32.4,35.4,33.5,36.2,36.3,35.8,34.1,35.6,35.7,32.3,35.9,35.4,35.1,33.0,34.1,36.8,31.7,32.9,34.0,35.8,33.4,30.6,37.5,33.9,35.3,27.3,27.8,27.5,27.5,39.1,29.0,38.9,33.6,42.4,33.8,32.2,33.8,32.6,31.9,33.7,32.6,38.2,31.4,38.7,37.4,37.3,26.7,32.8,33.3,32.8,35.3,36.3,33.4,37.5,35.1,35.6,33.5,41.1,33.7,35.8,34.8,38.3,34.5,37.8,36.4,30.9,34.4,36.0,31.8,37.8,32.6,33.2,30.0,31.6,28.9,32.0,30.6,28.0,30.1,24.7
1344,28.5,28.9,26.3,34.9,33.2,36.4,35.6,31.5,34.6,32.5,35.3,35.6,35.0,33.3,35.0,35.0,31.3,35.3,34.7,34.6,32.2,33.3,35.6,30.9,32.0,33.0,34.9,32.6,29.9,36.8,32.9,34.8,26.6,27.0,26.6,26.6,37.6,28.4,37.5,32.5,40.8,33.0,31.2,32.9,31.2,30.9,32.5,31.4,36.3,30.2,37.4,36.4,35.9,25.9,32.3,32.5,32.3,34.7,35.7,32.9,36.9,34.4,34.9,32.4,39.9,32.7,34.5,34.1,37.4,33.8,36.3,34.9,29.6,33.6,34.7,30.4,37.3,31.9,32.4,28.9,30.9,27.8,31.7,30.1,27.1,29.3,24.0
1345,27.2,28.4,25.5,33.7,32.3,35.5,34.7,31.0,33.9,31.9,34.7,34.9,34.5,32.4,34.0,34.4,30.8,34.7,34.1,34.2,31.5,32.7,35.0,30.2,31.4,32.4,34.1,31.9,29.2,36.0,32.2,34.2,25.7,26.2,26.0,25.8,36.8,27.9,36.6,31.7,39.4,32.4,30.3,32.5,30.1,30.3,31.4,30.7,34.9,29.5,36.2,35.3,34.6,25.2,31.8,31.8,31.8,34.3,35.1,32.3,36.3,33.6,34.1,31.4,39.0,32.1,33.6,33.3,36.5,33.2,34.7,33.3,28.5,32.7,33.3,29.9,36.8,31.4,31.7,28.2,29.9,26.8,31.6,29.4,26.3,28.4,23.5
1346,26.0,27.9,25.0,32.7,31.4,34.7,34.0,30.2,33.2,31.2,34.0,34.0,33.8,31.8,33.4,33.7,30.2,33.8,33.5,33.7,30.9,32.1,34.3,29.4,30.6,31.7,33.4,31.3,28.6,35.2,31.5,33.7,25.2,25.4,25.3,25.0,36.0,27.1,35.5,30.7,38.4,31.8,29.3,31.8,28.9,29.3,30.2,30.1,33.7,28.6,35.2,34.4,33.1,24.8,31.3,31.2,31.4,33.7,34.8,31.7,35.9,33.1,33.5,30.1,38.2,31.3,32.6,32.6,35.8,32.4,33.4,32.2,27.3,31.6,32.4,29.0,36.2,30.7,31.1,27.4,29.0,25.9,31.4,28.8,25.6,27.6,22.9
1347,25.2,27.0,24.2,31.9,30.6,34.1,33.4,29.4,32.6,30.6,33.4,33.3,33.0,31.2,32.9,33.0,29.8,33.3,33.0,33.2,30.2,31.3,33.7,28.6,29.8,31.0,32.8,30.7,27.9,34.8,30.9,32.9,24.7,24.8,24.8,24.4,35.0,26.6,34.7,29.8,37.2,31.4,28.2,31.3,27.9,28.5,29.3,29.3,32.9,27.9,34.4,33.5,32.0,24.1,30.9,30.8,31.0,33.5,34.0,31.2,35.4,32.4,33.0,29.3,37.3,30.6,32.0,31.9,35.1,32.0,31.7,31.3,26.2,30.8,31.7,28.2,35.5,30.3,30.6,26.7,28.2,25.0,31.3,28.4,25.1,27.1,22.5
1348,24.1,26.7,23.8,30.9,30.0,33.5,32.8,28.9,32.1,30.0,32.9,32.6,32.1,30.6,32.1,32.4,29.1,32.9,32.7,32.8,29.7,30.6,33.2,27.8,28.9,30.2,32.1,30.0,27.5,34.1,30.5,32.4,24.1,24.3,24.3,23.7,34.2,26.0,34.0,29.1,36.2,30.9,27.4,30.6,26.9,28.1,28.5,28.6,31.9,27.3,33.6,32.6,31.1,23.5,30.5,30.5,30.6,33.2,33.4,30.7,34.9,31.9,32.7,28.5,36.6,30.1,31.4,31.2,34.4,31.4,30.5,30.4,25.2,30.2,31.0,27.5,35.1,29.8,30.0,26.1,27.5,24.2,30.9,27.9,24.4,26.6,22.1
1349,23.5,26.5,23.4,30.1,29.3,32.8,32.1,28.2,31.4,29.5,32.3,31.9,31.7,30.0,31.4,31.9,28.6,32.7,32.0,32.3,29.3,30.4,32.5,27.2,28.5,29.5,31.6,29.4,27.0,33.5,29.8,31.8,23.5,23.8,23.8,23.4,33.6,25.8,33.5,28.2,35.2,30.5,26.7,30.2,26.2,27.3,27.8,27.8,30.9,26.8,33.1,31.9,30.3,22.8,30.1,30.0,30.1,33.0,33.1,30.1,34.5,31.5,32.5,27.8,36.2,29.5,30.8,30.7,33.9,31.0,29.6,29.6,24.4,30.0,30.0,27.1,34.5,29.3,29.5,25.3,26.8,23.7,30.5,27.5,24.0,26.0,21.6
1350,23.1,25.8,22.9,29.5,28.8,32.2,31.7,27.7,30.8,29.0,31.8,31.3,31.4,29.5,30.9,31.3,28.3,32.3,31.7,32.2,29.0,30.0,32.3,26.5,27.9,29.0,31.0,29.0,26.4,33.2,29.4,31.3,23.1,23.2,23.4,23.0,33.1,25.8,32.7,27.8,34.4,29.8,26.0,29.6,25.7,26.8,27.3,27.2,30.1,26.4,32.4,31.3,29.5,22.6,29.8,29.6,30.1,32.8,32.9,29.8,34.2,31.1,32.2,26.9,35.9,29.4,30.2,30.2,33.4,30.4,28.5,29.1,23.9,29.7,29.7,26.6,34.2,28.6,29.0,24.8,26.2,23.1,30.1,27.2,23.4,25.5,21.0
1351,23.1,26.0,23.6,29.0,28.3,31.7,31.1,27.3,30.5,28.5,31.8,31.1,31.1,29.1,30.4,31.0,27.9,32.0,31.3,32.3,28.5,29.4,31.9,26.0,27.3,28.5,30.7,28.6,26.2,32.9,29.0,30.9,22.7,22.8,23.0,22.7,33.5,25.8,32.1,27.7,33.9,30.8,25.3,29.3,26.0,26.8,26.9,27.8,30.0,26.0,31.9,31.0,28.8,22.9,29.5,29.3,29.8,32.5,32.4,29.4,34.0,30.7,32.2,26.8,35.6,29.1,30.0,29.8,33.2,30.1,27.5,28.5,23.7,29.6,29.8,26.1,34.0,28.4,28.7,24.4,25.6,22.5,29.6,27.2,23.0,24.9,20.7
1352,28.6,30.2,29.1,29.6,29.5,32.4,32.3,28.9,32.0,29.8,33.6,32.4,33.2,30.2,31.7,32.3,29.7,35.1,33.5,34.5,30.0,31.0,33.5,27.0,28.1,29.9,31.7,29.9,27.7,34.8,30.0,32.7,23.7,24.1,24.0,23.6,38.3,29.4,32.6,33.1,36.8,36.5,26.2,31.4,29.9,31.9,30.1,32.9,37.8,27.3,34.1,33.5,32.7,27.0,29.9,31.7,30.4,33.5,32.5,31.8,35.7,30.6,34.7,32.2,36.6,32.2,32.5,30.9,35.5,32.1,32.2,29.1,29.1,31.9,35.1,27.7,36.1,30.1,30.1,25.2,26.7,23.0,30.3,28.8,23.8,25.9,21.8
1353,33.9,34.5,34.8,34.9,32.9,35.2,35.6,32.5,34.4,32.5,35.9,34.8,35.9,32.6,35.0,34.7,33.1,38.9,36.0,36.7,33.3,33.9,36.8,30.2,32.5,33.9,34.0,33.3,30.5,37.4,33.1,35.0,26.8,27.2,26.2,26.6,43.6,33.8,37.2,38.0,40.3,41.6,30.6,35.3,34.7,37.8,34.2,37.2,44.3,31.2,40.4,36.9,38.6,31.5,31.6,34.8,32.9,35.8,34.4,34.8,37.8,33.2,38.3,37.9,38.8,36.3,36.3,33.1,38.3,34.3,38.4,35.2,34.5,36.7,39.7,32.2,38.4,32.3,32.9,29.7,30.7,26.7,33.1,30.8,27.0,29.1,24.3
1354,39.1,37.9,38.7,40.4,36.8,38.7,39.0,36.3,37.1,35.1,38.2,37.4,38.4,35.4,38.4,37.2,36.4,41.8,38.5,38.8,36.4,36.6,40.0,33.8,36.8,37.6,36.9,36.9,33.4,40.1,36.3,37.6,30.0,30.7,28.8,29.4,47.9,37.0,42.2,41.8,43.9,45.3,35.5,38.5,39.5,42.3,38.7,40.5,48.9,35.6,44.9,40.4,43.9,35.3,33.7,37.9,35.5,38.1,37.1,37.2,39.9,36.4,41.4,42.4,41.5,39.7,40.0,35.8,40.8,36.7,43.7,41.5,39.6,40.3,43.7,36.5,40.6,34.5,35.7,34.4,34.9,31.2,35.5,33.0,30.5,32.3,27.2
1355,43.2,40.6,41.3,44.7,40.3,42.1,42.0,39.7,39.4,37.6,40.4,40.0,40.7,37.9,41.4,39.8,39.4,44.4,40.7,40.7,39.5,39.3,42.8,36.9,40.4,41.0,39.4,40.0,36.2,42.6,39.4,40.0,33.3,33.8,31.3,32.3,51.4,39.8,46.6,45.0,47.3,48.0,39.7,41.2,43.5,45.2,42.9,43.5,52.2,38.7,48.3,43.7,48.4,38.4,36.0,40.4,37.9,40.5,39.7,39.5,42.0,39.4,44.2,45.7,44.4,42.7,42.9,38.4,43.2,38.9,48.4,46.3,43.7,43.0,46.7,39.8,42.4,36.6,38.4,38.3,38.7,35.5,37.8,34.7,33.6,35.1,29.6
1356,46.4,42.8,43.2,48.4,43.2,44.5,44.7,42.3,41.5,39.8,42.3,42.3,42.8,40.2,44.0,42.0,41.8,46.2,42.6,42.2,42.0,41.3,45.2,39.7,43.7,43.6,41.7,42.5,38.6,44.8,42.1,42.2,35.7,36.4,33.7,34.9,53.9,42.1,50.1,47.6,50.1,50.3,43.1,43.8,46.7,47.8,46.0,45.9,54.7,41.4,51.1,46.4,51.8,40.8,37.8,42.4,39.5,42.3,41.8,41.5,43.9,42.1,46.1,48.2,47.2,45.0,45.5,40.4,45.3,40.9,52.0,49.7,46.8,45.0,49.1,42.3,44.0,38.1,40.7,41.5,41.8,39.1,40.0,36.3,36.2,37.6,31.9
1357,48.4,44.0,44.4,51.0,45.4,46.6,46.9,44.4,43.3,41.7,43.7,44.1,44.3,41.9,46.0,43.5,43.7,47.7,44.0,43.1,44.0,43.2,47.2,41.8,46.1,45.7,43.4,44.4,40.4,46.6,44.2,43.7,37.8,38.3,35.5,36.5,56.0,43.5,52.9,49.4,52.5,51.7,45.8,45.5,48.9,49.3,48.2,47.6,56.5,43.7,52.9,48.4,54.2,42.7,39.4,43.9,40.7,43.5,43.7,42.9,45.0,44.2,47.7,49.9,49.6,46.4,47.5,42.1,47.0,42.4,54.0,52.3,49.1,46.8,50.9,44.2,45.2,39.6,42.4,43.9,43.9,41.9,41.5,37.4,38.2,39.5,33.7
1358,49.7,45.1,45.3,53.0,47.0,48.0,48.3,45.8,44.5,42.9,44.7,45.4,45.5,43.4,47.5,44.7,45.1,48.6,44.9,44.1,45.4,44.1,48.6,43.4,47.7,47.2,44.7,45.9,41.7,47.7,45.5,44.9,39.4,39.7,37.0,37.8,57.7,44.3,54.9,50.6,54.3,52.7,47.5,46.7,50.1,50.4,49.4,48.6,57.6,45.2,54.3,49.4,55.8,43.5,40.0,44.9,41.3,44.3,45.0,43.9,46.0,45.8,48.8,51.1,51.3,47.2,48.9,43.3,48.1,43.5,55.3,54.3,50.3,48.0,52.0,45.3,46.2,40.4,43.7,45.6,45.7,43.7,42.2,38.0,39.7,40.8,35.1
1359,50.2,45.4,45.4,54.0,47.7,48.9,49.3,46.5,45.2,43.7,45.3,46.3,45.9,44.1,48.4,45.3,46.0,48.7,45.4,44.3,46.2,44.8,49.3,44.1,48.7,48.2,45.5,46.7,42.5,48.4,46.4,45.5,40.3,40.5,37.8,38.7,58.2,44.2,56.1,51.3,55.4,52.6,48.5,47.3,50.8,50.7,50.1,49.0,57.9,45.8,55.0,49.8,56.8,43.8,40.4,45.4,41.7,44.7,45.8,44.3,46.2,46.7,49.2,51.6,52.4,47.7,49.6,44.1,48.8,44.1,55.8,55.5,51.1,48.8,52.4,45.9,46.5,40.8,44.6,46.6,46.6,44.8,42.7,38.3,40.8,41.6,35.9
1360,49.3,44.5,44.6,54.7,47.9,49.4,49.6,46.6,45.2,43.6,45.4,46.6,46.0,44.3,48.6,45.4,46.1,48.3,45.2,43.9,46.3,44.8,49.3,44.2,48.9,48.6,45.6,46.7,42.6,48.5,46.4,45.3,40.3,40.5,37.8,38.6,58.1,43.5,56.5,51.0,55.8,51.7,48.9,47.3,50.4,49.8,50.1,48.5,57.3,45.9,54.9,49.4,56.7,43.0,40.5,45.1,41.7,44.7,46.2,44.1,45.8,47.2,49.0,51.0,52.6,47.5,49.6,44.2,48.6,44.1,55.6,56.1,50.6,48.8,52.1,45.8,46.4,40.6,44.6,47.1,46.8,44.6,42.5,38.0,41.1,41.5,36.0
1361,47.5,42.2,41.9,54.1,46.9,48.5,48.8,45.5,44.3,42.8,44.3,46.3,44.9,43.6,47.6,44.6,45.2,46.6,44.0,42.8,45.4,43.9,48.5,43.2,47.9,47.6,44.8,45.9,41.8,47.6,45.6,44.5,39.5,39.5,37.1,37.9,56.3,41.2,55.8,49.3,55.1,49.5,48.1,46.4,48.2,47.6,48.9,46.8,55.3,45.5,53.9,48.1,55.4,40.4,39.7,43.6,40.9,44.0,45.6,42.4,44.4,46.7,47.4,49.4,51.9,45.9,48.4,43.5,47.7,43.1,54.2,55.5,48.8,48.0,50.4,44.8,45.4,39.6,43.7,46.3,45.9,44.1,41.6,37.0,40.4,40.6,35.2
1362,41.8,37.5,35.9,51.6,44.3,46.2,46.2,42.9,41.8,40.2,42.0,44.5,42.5,41.8,44.9,42.2,42.2,43.2,41.5,40.1,42.6,41.4,45.9,40.7,45.3,45.0,42.9,43.2,39.3,45.1,43.3,41.8,37.0,37.0,34.9,35.6,50.9,36.9,53.4,45.3,52.8,43.2,45.7,43.4,43.2,42.3,45.9,42.5,50.2,43.0,51.6,45.6,52.5,35.1,37.9,40.5,38.8,41.8,44.3,38.7,42.4,44.8,44.0,45.0,49.8,42.7,44.8,41.4,45.3,40.5,50.9,53.3,44.1,45.3,45.8,42.3,43.2,37.5,41.2,43.8,43.1,41.5,39.1,35.3,37.9,38.2,32.5
1363,37.9,34.7,32.7,46.4,40.4,43.1,42.9,38.9,39.9,37.9,40.2,42.2,40.3,39.3,41.4,40.1,38.3,40.6,39.6,38.5,39.2,39.1,42.4,37.3,39.8,40.4,41.0,39.7,36.3,42.2,40.2,39.6,33.1,33.7,32.6,32.8,46.6,34.0,47.8,41.2,50.0,39.7,40.5,39.2,40.1,38.7,42.5,39.5,47.1,37.9,47.3,43.5,47.3,32.1,35.9,38.4,36.6,39.2,41.8,36.9,40.9,41.3,41.3,41.3,47.2,40.2,41.2,39.7,42.9,38.7,45.4,46.7,39.9,41.0,42.5,38.0,41.5,36.1,38.0,38.0,38.3,37.2,34.9,34.1,34.2,35.4,29.5
1364,35.2,33.0,30.9,42.7,38.2,41.3,40.8,36.5,38.6,36.6,39.1,40.3,39.2,37.6,39.7,38.9,36.1,39.2,38.0,37.6,37.1,37.5,40.2,35.5,37.2,37.7,39.6,37.5,34.2,40.6,38.0,38.4,31.2,31.7,31.1,30.9,44.0,32.5,44.5,38.4,47.4,37.8,37.4,37.1,38.0,36.2,39.6,37.6,44.9,35.3,44.5,42.1,43.1,30.4,35.1,36.6,35.4,37.9,39.8,35.9,39.9,39.0,39.6,38.7,45.6,38.1,39.6,38.2,41.4,37.4,42.7,42.5,36.8,38.3,40.3,35.9,40.6,35.0,36.5,34.7,36.2,34.3,33.6,33.0,32.3,33.7,27.9
1365,33.3,31.8,29.5,40.1,36.6,39.8,39.2,34.6,37.6,35.4,38.1,38.8,37.9,36.2,38.1,37.9,34.7,38.1,37.2,36.8,35.6,36.3,39.0,34.1,35.7,36.4,38.1,35.9,32.9,39.4,36.5,37.4,29.9,30.2,29.7,29.7,42.0,31.3,42.4,36.2,45.8,36.3,35.3,35.5,36.0,34.4,37.1,35.8,42.5,33.9,42.2,40.5,40.6,29.2,34.4,35.4,34.5,37.1,38.5,35.1,39.0,37.8,38.1,36.7,43.9,36.7,38.3,37.0,40.2,36.4,40.8,40.1,34.5,36.8,38.8,34.3,39.5,34.1,35.2,32.7,34.5,32.4,33.0,32.2,30.5,32.2,26.6
1366,31.0,30.9,28.3,38.4,35.2,38.5,38.0,33.4,36.7,34.6,37.2,37.7,36.8,35.3,37.0,37.0,33.4,37.2,36.5,36.0,34.3,35.1,37.9,33.0,34.3,35.1,37.1,34.8,31.7,38.3,35.3,36.6,29.0,29.2,28.9,28.7,40.4,30.2,40.4,34.8,44.1,35.2,33.6,34.8,34.4,33.6,35.4,34.2,40.3,32.7,40.6,39.2,38.9,28.2,33.8,34.4,33.7,36.4,37.5,34.4,38.4,36.6,37.1,35.0,42.5,35.3,37.0,35.9,39.3,35.5,39.2,38.3,32.9,35.9,37.4,32.9,38.6,33.4,34.3,31.3,33.1,30.7,32.5,31.4,29.4,31.3,26.0
1367,29.8,30.1,27.4,36.6,34.1,37.5,36.7,32.6,35.8,33.7,36.3,36.6,36.0,34.4,35.9,36.0,32.5,36.4,35.5,35.4,33.3,34.3,36.9,32.1,33.1,34.2,36.1,33.6,30.8,37.6,34.2,35.6,27.8,28.2,28.0,27.9,38.9,29.5,39.1,33.7,42.6,34.2,32.4,34.0,32.7,32.2,33.6,32.9,38.6,31.6,38.7,37.9,37.3,27.3,33.2,33.6,33.2,35.6,36.8,33.8,37.9,35.7,36.1,33.7,41.5,34.1,36.1,35.0,38.4,34.7,37.8,36.6,31.3,34.6,36.3,31.9,37.9,32.7,33.5,30.4,32.0,29.3,32.4,30.6,28.4,30.2,25.3
1368,28.7,29.4,26.6,35.0,33.3,36.7,35.8,31.8,34.9,32.7,35.3,35.9,35.2,33.6,35.2,35.3,31.6,35.7,34.9,34.8,32.4,33.5,35.8,31.2,32.1,33.2,35.2,32.8,30.2,36.9,33.3,35.0,27.0,27.4,27.1,27.0,37.7,28.9,37.7,32.6,41.0,33.3,31.4,33.1,31.4,31.3,32.5,31.8,36.8,30.2,37.4,36.8,35.9,26.5,32.7,32.8,32.7,35.0,36.2,33.2,37.2,34.8,35.3,32.7,40.3,33.1,34.9,34.3,37.5,34.0,36.3,35.0,30.0,33.9,34.9,30.5,37.3,32.1,32.6,29.3,31.1,28.2,32.1,30.1,27.4,29.5,24.6
1369,27.4,28.9,25.8,33.8,32.4,35.7,34.9,31.1,34.2,32.1,34.8,35.2,34.5,32.7,34.2,34.7,31.0,35.1,34.2,34.4,31.7,32.9,35.1,30.4,31.6,32.5,34.4,32.1,29.5,36.1,32.4,34.4,26.1,26.6,26.6,26.3,36.8,28.3,36.8,31.7,39.6,32.8,30.5,32.6,30.4,30.8,31.3,31.1,35.4,29.7,36.3,35.6,34.7,25.7,32.2,32.1,32.2,34.7,35.6,32.7,36.6,34.0,34.4,31.7,39.4,32.4,33.9,33.5,36.7,33.3,34.7,33.3,28.8,32.8,33.6,30.0,36.8,31.5,31.9,28.6,30.2,27.3,32.0,29.4,26.7,28.6,24.1
1370,26.2,28.2,25.3,32.7,31.5,34.8,34.1,30.4,33.5,31.4,34.2,34.2,33.8,32.0,33.5,33.9,30.3,34.1,33.6,33.9,31.1,32.2,34.5,29.6,30.8,31.8,33.6,31.5,28.8,35.3,31.7,33.9,25.6,25.8,25.8,25.5,36.1,27.6,35.6,30.7,38.5,32.1,29.4,31.9,29.2,29.7,30.2,30.5,34.1,28.7,35.4,34.8,33.1,25.3,31.7,31.6,31.7,34.1,35.3,32.1,36.3,33.5,33.7,30.4,38.5,31.7,33.0,32.8,35.9,32.6,33.4,32.2,27.7,31.8,32.7,29.0,36.2,30.8,31.2,27.8,29.2,26.2,31.9,28.7,25.9,27.8,23.6
1371,25.4,27.4,24.5,31.8,30.7,34.2,33.6,29.6,32.9,30.7,33.5,33.5,33.1,31.3,33.0,33.2,29.8,33.7,33.1,33.3,30.4,31.7,33.8,28.9,30.1,31.1,32.9,30.8,28.2,34.9,31.1,33.1,25.0,25.2,25.2,24.9,35.0,27.0,34.8,29.8,37.3,31.7,28.4,31.4,28.2,28.8,29.2,29.6,33.2,28.0,34.5,33.9,31.9,24.5,31.3,31.1,31.3,33.8,34.6,31.5,35.7,32.9,33.2,29.6,37.7,30.9,32.3,32.0,35.2,32.1,31.8,31.4,26.6,31.0,32.0,28.3,35.5,30.4,30.7,27.1,28.5,25.3,31.8,28.3,25.4,27.3,23.1
1372,24.4,27.0,24.1,30.8,30.2,33.6,32.9,29.0,32.3,30.2,33.0,32.8,32.2,30.7,32.2,32.5,29.2,33.2,32.8,32.9,29.8,30.7,33.2,28.2,29.2,30.3,32.3,30.2,27.7,34.2,30.6,32.6,24.4,24.8,24.8,24.3,34.1,26.4,34.1,29.1,36.2,31.2,27.6,30.7,27.2,28.5,28.3,28.9,32.3,27.4,33.7,33.0,31.1,23.8,30.9,30.8,31.0,33.5,33.9,31.0,35.2,32.4,33.0,28.8,36.9,30.5,31.7,31.3,34.6,31.6,30.6,30.4,25.6,30.4,31.3,27.6,35.0,29.9,30.1,26.5,27.8,24.6,31.4,27.9,24.8,26.8,22.8
1373,23.8,26.8,23.6,30.1,29.6,32.8,32.2,28.3,31.6,29.6,32.4,32.1,31.7,30.2,31.5,32.0,28.6,33.0,32.2,32.4,29.3,30.3,32.6,27.5,28.8,29.7,31.8,29.6,27.2,33.6,30.0,32.1,23.8,24.2,24.3,23.9,33.5,26.3,33.6,28.3,35.3,30.7,27.0,30.2,26.4,27.7,27.7,28.1,31.3,26.8,33.2,32.3,30.2,23.2,30.6,30.2,30.5,33.4,33.7,30.5,34.9,31.9,32.7,28.1,36.5,29.9,31.2,30.8,34.0,31.1,29.6,29.7,24.7,30.2,30.4,27.1,34.5,29.5,29.6,25.7,27.1,24.0,31.1,27.4,24.4,26.1,22.2
1374,23.4,26.2,23.2,29.6,29.1,32.2,31.7,27.8,31.0,29.1,31.9,31.5,31.5,29.6,30.9,31.5,28.4,32.5,31.7,32.3,29.1,30.1,32.2,26.9,28.3,29.1,31.1,29.1,26.6,33.3,29.5,31.5,23.4,23.5,23.9,23.5,33.0,26.1,32.7,27.8,34.5,30.1,26.3,29.7,26.0,27.2,27.2,27.5,30.5,26.6,32.5,31.7,29.4,22.8,30.2,29.8,30.5,33.1,33.5,30.1,34.5,31.4,32.4,27.2,36.3,29.6,30.5,30.4,33.5,30.5,28.5,29.2,24.2,29.8,30.1,26.7,34.2,28.9,29.0,25.2,26.5,23.4,30.6,27.1,23.8,25.8,21.7
1375,23.5,26.5,23.9,29.1,28.6,31.8,31.2,27.5,30.7,28.7,31.9,31.3,31.1,29.2,30.5,31.2,28.0,32.2,31.4,32.4,28.6,29.5,31.9,26.3,27.7,28.7,30.8,28.7,26.4,32.9,29.1,31.1,23.0,23.1,23.5,23.2,33.6,26.2,32.1,27.8,34.0,31.2,25.6,29.3,26.4,27.4,26.8,28.3,30.4,26.1,31.9,31.4,28.7,23.3,30.0,29.7,30.2,33.0,33.0,29.8,34.4,31.1,32.4,27.2,35.9,29.4,30.4,29.9,33.2,30.2,27.4,28.7,24.1,29.6,30.3,26.2,34.0,28.6,28.8,24.7,25.9,22.8,30.2,27.2,23.3,25.3,21.4
1376,29.2,30.8,29.6,29.9,29.9,32.6,32.6,29.3,32.3,30.1,33.8,32.7,33.4,30.5,32.0,32.6,29.9,35.6,33.7,34.6,30.3,31.2,33.6,27.4,28.6,30.3,32.0,30.2,28.0,35.0,30.3,33.0,24.1,24.5,24.5,24.1,38.7,29.9,32.8,33.3,36.9,37.0,26.7,31.6,30.5,32.6,30.1,33.4,38.3,27.5,34.3,34.0,32.8,27.4,30.3,32.1,30.9,34.0,33.0,32.3,36.1,31.0,35.1,32.7,37.0,32.6,32.9,31.1,35.8,32.3,32.3,29.3,29.6,32.2,35.7,28.0,36.3,30.3,30.4,25.6,27.2,23.3,30.9,28.9,24.1,26.3,22.4
1377,34.6,35.0,35.5,35.4,33.5,35.7,36.0,33.0,34.9,32.8,36.2,35.1,36.2,33.0,35.4,35.0,33.5,39.3,36.3,36.9,33.8,34.3,37.1,30.7,33.0,34.3,34.4,33.8,31.0,37.8,33.5,35.4,27.3,27.7,26.8,27.2,44.1,34.3,37.6,38.3,40.6,42.2,31.1,35.6,35.4,38.4,34.2,37.8,44.8,31.6,40.7,37.4,38.7,32.2,32.2,35.3,33.5,36.4,35.0,35.4,38.3,33.7,38.7,38.4,39.2,36.7,36.7,33.4,38.6,34.6,38.6,35.6,35.0,37.0,40.3,32.6,38.7,32.6,33.2,30.1,31.2,27.1,33.7,30.8,27.5,29.5,25.0
1378,39.7,38.5,39.4,41.0,37.3,39.3,39.5,36.8,37.5,35.6,38.5,37.8,38.8,35.8,38.9,37.7,36.9,42.2,38.9,39.0,36.9,37.0,40.4,34.3,37.4,38.2,37.3,37.5,33.9,40.5,36.9,37.9,30.6,31.2,29.4,30.0,48.4,37.5,42.7,42.1,44.2,45.8,36.2,38.8,40.2,42.9,38.9,41.0,49.4,36.2,45.2,40.9,44.2,36.1,34.4,38.4,36.3,38.8,37.6,37.7,40.4,37.0,41.9,42.9,41.9,40.1,40.4,36.2,41.1,37.1,44.0,42.0,40.0,40.7,44.2,37.0,40.9,34.8,36.2,34.9,35.4,31.8,36.2,32.9,31.1,32.8,27.9
1379,43.9,41.2,42.0,45.5,40.8,42.7,42.6,40.2,39.9,38.2,40.8,40.4,41.2,38.4,42.0,40.2,40.0,44.8,41.2,41.0,40.1,39.7,43.3,37.4,41.2,41.6,40.0,40.7,36.7,43.0,40.0,40.5,33.8,34.4,31.8,32.9,51.8,40.3,47.2,45.4,47.6,48.5,40.5,41.6,44.1,45.8,43.1,44.0,52.7,39.3,48.7,44.2,48.8,39.1,36.7,40.9,38.7,41.2,40.3,40.0,42.6,40.1,44.6,46.2,44.7,43.0,43.4,38.8,43.6,39.4,48.9,46.8,44.2,43.4,47.2,40.4,42.7,36.9,39.0,38.9,39.2,36.2,38.5,34.6,34.2,35.6,30.2
1380,47.1,43.5,44.0,49.1,43.8,45.1,45.4,42.9,42.1,40.4,42.7,42.9,43.3,40.8,44.6,42.5,42.4,46.5,43.2,42.4,42.7,41.8,45.8,40.3,44.5,44.3,42.3,43.2,39.2,45.3,42.7,42.7,36.3,36.9,34.2,35.5,54.4,42.6,50.8,48.0,50.5,50.8,43.9,44.1,47.4,48.4,46.2,46.5,55.1,42.2,51.7,47.0,52.3,41.6,38.6,42.9,40.2,43.2,42.6,42.0,44.5,42.7,46.6,48.8,47.6,45.3,45.9,41.0,45.7,41.3,52.4,50.2,47.4,45.4,49.5,43.0,44.4,38.4,41.3,42.2,42.3,39.9,40.7,36.2,36.9,38.2,32.5
1381,49.0,44.7,45.1,51.7,46.1,47.3,47.5,45.0,43.9,42.3,44.2,44.6,44.8,42.5,46.6,44.1,44.4,48.1,44.6,43.4,44.7,43.7,47.9,42.5,46.9,46.4,44.1,45.2,41.0,47.1,44.9,44.3,38.4,38.9,36.1,37.1,56.5,44.1,53.5,49.8,52.9,52.2,46.6,46.0,49.5,50.0,48.4,48.1,56.9,44.5,53.5,48.9,54.7,43.5,40.1,44.4,41.5,44.3,44.4,43.4,45.6,44.9,48.2,50.5,49.9,46.8,47.9,42.7,47.4,42.9,54.5,52.8,49.7,47.2,51.4,44.9,45.5,39.9,43.1,44.7,44.5,42.7,42.1,37.4,38.9,40.1,34.3
1382,50.4,45.7,45.9,53.7,47.7,48.7,49.0,46.6,45.1,43.6,45.2,46.0,46.0,44.0,48.1,45.3,45.8,49.0,45.4,44.3,46.1,44.6,49.3,44.1,48.6,47.9,45.4,46.6,42.4,48.2,46.3,45.5,40.1,40.3,37.5,38.4,58.2,44.9,55.5,51.0,54.7,53.1,48.3,47.3,50.8,51.0,49.7,49.2,58.0,46.0,54.9,49.9,56.3,44.3,40.8,45.4,42.2,45.1,45.7,44.4,46.5,46.4,49.3,51.7,51.7,47.7,49.5,43.9,48.6,43.9,55.8,54.8,50.9,48.4,52.5,46.0,46.5,40.7,44.4,46.4,46.3,44.4,42.7,38.0,40.4,41.5,35.8
1383,50.8,46.1,46.1,54.7,48.5,49.6,50.0,47.3,45.8,44.4,45.8,46.8,46.4,44.8,49.1,45.9,46.8,49.2,45.8,44.5,47.0,45.3,50.0,44.9,49.6,48.9,46.3,47.5,43.2,48.9,47.2,46.0,41.0,41.1,38.4,39.3,58.7,44.9,56.7,51.7,55.8,53.0,49.4,47.9,51.4,51.3,50.6,49.6,58.3,46.7,55.7,50.3,57.3,44.6,41.2,45.9,42.5,45.5,46.5,44.8,46.8,47.4,49.7,52.1,52.7,48.1,50.1,44.7,49.4,44.6,56.4,56.0,51.7,49.3,52.9,46.6,46.9,41.0,45.3,47.3,47.2,45.6,43.3,38.3,41.5,42.3,36.5
1384,49.9,45.2,45.4,55.4,48.6,50.1,50.2,47.5,45.8,44.4,45.8,47.2,46.4,45.0,49.2,46.0,46.9,48.8,45.5,44.1,47.0,45.3,49.9,45.0,49.7,49.3,46.4,47.5,43.4,49.0,47.2,45.8,40.9,41.2,38.4,39.2,58.7,44.2,57.1,51.4,56.2,52.2,49.6,47.9,51.0,50.4,50.6,49.2,57.8,46.8,55.6,49.8,57.4,43.8,41.2,45.7,42.5,45.5,46.9,44.7,46.4,47.8,49.5,51.6,53.0,47.8,50.0,45.0,49.1,44.6,56.2,56.6,51.1,49.4,52.5,46.6,46.8,40.9,45.4,47.9,47.4,45.4,43.1,38.0,41.7,42.3,36.7
1385,48.0,42.9,42.7,54.8,47.6,49.1,49.4,46.4,44.9,43.5,44.7,46.8,45.3,44.3,48.2,45.2,45.9,47.1,44.4,43.1,46.2,44.5,49.1,44.0,48.7,48.3,45.6,46.7,42.5,48.1,46.4,45.0,40.2,40.2,37.7,38.5,56.7,41.9,56.4,49.8,55.4,49.9,48.8,47.0,48.9,48.2,49.5,47.4,55.7,46.4,54.6,48.5,56.1,41.2,40.4,44.2,41.7,44.7,46.3,43.0,45.0,47.5,47.9,50.0,52.3,46.3,48.9,44.2,48.2,43.5,54.8,55.9,49.3,48.6,50.8,45.5,45.7,39.8,44.4,47.1,46.5,44.9,42.3,37.0,41.1,41.4,35.9
1386,42.3,38.1,36.4,52.3,45.1,46.8,46.8,43.8,42.3,40.9,42.3,45.0,42.9,42.5,45.6,42.8,43.0,43.7,41.8,40.5,43.4,42.0,46.5,41.4,46.0,45.6,43.6,43.9,40.0,45.5,44.0,42.3,37.7,37.7,35.6,36.2,51.3,37.5,54.0,45.8,53.2,43.5,46.4,44.1,43.7,42.9,46.4,43.2,50.7,43.9,52.2,46.0,53.2,35.7,38.7,41.0,39.6,42.6,45.0,39.3,42.9,45.7,44.5,45.6,50.3,43.1,45.2,42.1,45.7,41.0,51.6,53.8,44.7,45.9,46.4,43.1,43.4,37.7,41.9,44.6,43.8,42.2,39.8,35.4,38.7,38.9,33.2
1387,38.2,35.2,33.2,47.0,41.1,43.6,43.3,39.7,40.3,38.6,40.6,42.6,40.6,40.0,41.9,40.7,39.0,40.9,39.8,38.8,39.9,39.6,42.9,37.9,40.4,40.9,41.7,40.2,36.9,42.5,40.9,40.0,33.7,34.3,33.1,33.2,46.9,34.5,48.2,41.6,50.4,39.8,41.2,39.7,40.5,39.2,42.9,40.0,47.5,38.7,47.9,44.0,47.8,32.6,36.6,38.9,37.3,39.9,42.5,37.3,41.4,42.1,41.6,41.8,47.6,40.5,41.7,40.3,43.3,39.0,45.9,47.2,40.2,41.6,42.9,38.7,41.7,36.4,38.8,38.7,38.8,37.9,35.6,34.1,34.9,35.8,30.1
1388,35.6,33.5,31.2,43.2,38.8,41.7,41.2,37.1,39.0,37.1,39.3,40.7,39.5,38.2,40.1,39.4,36.8,39.6,38.3,37.8,37.8,38.1,40.7,36.1,37.7,38.2,40.2,38.0,34.8,40.9,38.7,38.8,31.6,32.3,31.6,31.4,44.3,33.1,44.9,38.7,47.7,38.1,38.0,37.6,38.4,36.6,40.1,38.1,45.3,36.1,45.0,42.6,43.5,30.8,35.8,37.0,36.1,38.6,40.5,36.2,40.3,39.8,40.0,39.2,45.9,38.4,40.0,38.9,41.7,37.7,43.2,42.9,37.2,38.9,40.7,36.6,40.8,35.3,37.1,35.4,36.7,34.8,34.2,33.0,32.8,34.1,28.3
1389,33.6,32.3,29.8,40.5,37.2,40.2,39.6,35.3,38.0,36.0,38.3,39.1,38.1,36.7,38.6,38.4,35.2,38.4,37.5,37.1,36.2,36.9,39.4,34.6,36.2,36.9,38.6,36.4,33.4,39.6,37.0,37.7,30.3,30.7,30.2,30.1,42.1,31.8,42.8,36.4,46.0,36.6,35.8,36.0,36.4,34.9,37.6,36.3,42.9,34.6,42.7,40.9,41.1,29.6,35.1,35.8,35.3,37.8,39.1,35.4,39.5,38.5,38.4,37.1,44.2,37.0,38.7,37.5,40.3,36.7,41.3,40.3,34.8,37.4,39.1,35.0,39.7,34.4,35.8,33.3,35.0,32.9,33.6,32.1,31.0,32.7,27.1
1390,31.4,31.5,28.6,38.8,35.8,39.0,38.4,34.0,37.1,35.1,37.4,38.1,37.1,35.8,37.5,37.4,33.9,37.5,36.6,36.3,34.9,35.6,38.3,33.6,34.8,35.6,37.6,35.3,32.3,38.5,35.9,36.8,29.4,29.7,29.4,29.1,40.6,30.8,40.7,35.0,44.4,35.6,34.1,35.3,34.6,34.1,35.8,34.6,40.7,33.5,41.0,39.7,39.3,28.5,34.5,34.7,34.4,37.1,38.2,34.7,38.8,37.2,37.4,35.4,42.8,35.6,37.3,36.4,39.4,35.8,39.6,38.6,33.2,36.4,37.8,33.6,38.7,33.7,34.9,31.8,33.5,31.2,33.1,31.3,29.9,31.7,26.5
1391,30.1,30.6,27.6,37.0,34.6,37.9,37.1,33.2,36.1,34.2,36.6,36.9,36.2,34.8,36.3,36.4,33.1,36.7,35.7,35.6,33.9,34.7,37.2,32.6,33.5,34.6,36.6,34.1,31.3,37.7,34.8,35.9,28.3,28.7,28.4,28.4,39.1,30.0,39.4,33.9,42.9,34.6,32.9,34.5,33.1,32.8,34.0,33.3,38.9,32.3,39.1,38.3,37.7,27.7,33.9,33.8,33.9,36.3,37.5,34.1,38.3,36.2,36.4,34.2,41.8,34.5,36.4,35.5,38.5,35.0,38.1,36.9,31.6,35.2,36.6,32.6,37.9,33.1,34.0,30.9,32.5,29.7,33.0,30.5,28.9,30.7,25.9
1392,29.0,29.8,26.9,35.4,33.8,37.1,36.2,32.3,35.2,33.2,35.7,36.1,35.4,34.0,35.6,35.6,32.1,36.0,35.1,35.1,32.9,33.8,36.1,31.7,32.6,33.6,35.6,33.3,30.7,37.0,33.8,35.2,27.6,27.9,27.5,27.4,37.8,29.4,37.9,32.9,41.3,33.7,31.8,33.6,31.9,31.9,32.9,32.1,37.1,30.9,37.8,37.3,36.3,26.9,33.4,33.1,33.4,35.7,36.8,33.5,37.6,35.3,35.5,33.0,40.6,33.4,35.1,34.7,37.5,34.2,36.7,35.3,30.3,34.4,35.2,31.3,37.3,32.4,33.1,29.7,31.7,28.6,32.8,29.9,27.9,29.9,25.1
1393,27.7,29.3,26.1,34.3,33.0,36.1,35.2,31.6,34.5,32.5,35.2,35.4,34.7,33.1,34.6,35.0,31.5,35.4,34.4,34.6,32.2,33.2,35.4,30.9,32.0,32.9,34.8,32.5,30.0,36.2,32.9,34.5,26.7,27.1,26.9,26.6,36.9,28.9,37.0,31.9,39.9,33.1,30.9,33.2,30.9,31.4,31.7,31.4,35.8,30.3,36.7,36.0,35.0,26.2,32.9,32.4,32.9,35.3,36.2,32.9,37.1,34.5,34.7,32.0,39.6,32.8,34.2,33.9,36.7,33.4,35.2,33.7,29.0,33.3,34.0,30.6,36.9,31.8,32.4,28.9,30.6,27.6,32.6,29.3,27.2,29.0,24.5
1394,26.5,28.7,25.6,33.2,32.0,35.1,34.4,30.9,33.7,31.9,34.4,34.4,34.1,32.4,33.8,34.2,30.8,34.5,33.7,34.1,31.5,32.5,34.7,30.1,31.2,32.2,34.1,31.8,29.3,35.3,32.3,34.0,26.1,26.3,26.2,25.8,36.1,28.2,36.0,31.0,38.9,32.6,29.9,32.4,29.8,30.5,30.6,30.8,34.5,29.2,35.7,35.1,33.4,25.7,32.4,31.9,32.4,34.7,35.8,32.4,36.6,33.9,34.0,30.8,38.7,32.1,33.2,33.1,35.8,32.6,33.8,32.5,27.9,32.3,33.0,29.7,36.3,31.1,31.6,28.2,29.7,26.5,32.5,28.7,26.5,28.2,24.0
1395,25.7,27.9,24.8,32.3,31.2,34.5,33.9,30.1,33.1,31.1,33.7,33.7,33.3,31.7,33.3,33.4,30.3,33.9,33.1,33.6,30.8,31.9,34.0,29.3,30.5,31.5,33.4,31.2,28.6,34.9,31.5,33.2,25.5,25.7,25.6,25.3,35.2,27.6,35.1,30.0,37.7,32.2,28.8,31.9,28.6,29.5,29.6,30.0,33.5,28.6,34.9,34.3,32.2,24.9,32.0,31.4,32.0,34.4,35.1,31.9,36.1,33.2,33.6,30.0,37.9,31.4,32.6,32.4,35.2,32.2,32.1,31.8,26.9,31.5,32.4,28.9,35.6,30.7,31.0,27.4,29.0,25.7,32.4,28.2,26.0,27.7,23.7
1396,24.7,27.6,24.4,31.3,30.6,33.9,33.1,29.6,32.5,30.6,33.3,32.9,32.5,31.1,32.4,32.8,29.6,33.5,32.9,33.1,30.3,30.9,33.3,28.6,29.6,30.7,32.7,30.4,28.1,34.3,31.0,32.6,24.9,25.3,25.2,24.6,34.4,27.1,34.4,29.4,36.6,31.7,27.9,31.2,27.7,29.2,28.7,29.2,32.6,27.9,34.1,33.4,31.4,24.1,31.5,31.1,31.6,34.1,34.4,31.4,35.6,32.7,33.3,29.1,37.1,30.8,31.9,31.7,34.5,31.7,31.0,30.9,25.9,30.9,31.6,28.1,35.1,30.2,30.4,26.7,28.2,25.0,32.0,27.8,25.2,27.2,23.3
1397,24.1,27.5,24.0,30.6,30.0,33.2,32.5,28.8,31.8,30.0,32.6,32.2,31.9,30.5,31.8,32.3,29.0,33.2,32.2,32.7,29.7,30.6,32.8,27.9,29.2,30.1,32.2,29.8,27.6,33.6,30.4,32.1,24.3,24.7,24.7,24.2,33.7,26.8,33.9,28.7,35.7,31.3,27.3,30.7,26.9,28.5,28.1,28.5,31.6,27.3,33.6,32.7,30.6,23.5,31.2,30.5,31.2,34.0,34.2,30.8,35.1,32.2,33.1,28.3,36.7,30.2,31.4,31.2,34.0,31.2,30.0,30.2,25.2,30.7,30.7,27.8,34.4,29.7,29.9,25.9,27.4,24.4,31.6,27.3,24.8,26.6,22.8
1398,23.6,26.7,23.6,30.1,29.5,32.5,32.0,28.3,31.2,29.4,32.2,31.7,31.6,30.0,31.2,31.7,28.8,32.7,31.7,32.4,29.5,30.4,32.4,27.2,28.7,29.5,31.6,29.4,27.0,33.3,29.9,31.5,23.8,24.1,24.4,23.7,33.4,26.7,33.1,28.2,34.9,30.6,26.6,30.2,26.4,27.9,27.6,27.8,30.8,27.1,32.9,32.1,29.8,23.1,30.9,30.1,31.1,33.7,33.9,30.5,34.7,31.8,32.6,27.5,36.4,29.9,30.7,30.7,33.4,30.6,28.9,29.5,24.5,30.5,30.4,27.4,34.1,29.1,29.3,25.4,26.8,23.6,31.1,27.1,24.2,26.2,22.3
1399,23.8,26.9,24.5,29.5,29.1,32.1,31.6,28.0,30.9,29.1,32.0,31.4,31.3,29.6,30.8,31.4,28.3,32.5,31.5,32.6,28.9,29.7,32.0,26.7,28.1,29.1,31.2,29.0,26.8,32.9,29.5,31.2,23.4,23.6,24.1,23.4,34.0,26.9,32.5,28.1,34.5,31.8,25.9,29.9,26.9,28.1,27.1,28.7,30.8,26.7,32.3,31.8,29.1,23.7,30.6,30.0,30.8,33.5,33.4,30.2,34.6,31.4,32.6,27.5,36.0,29.7,30.5,30.2,33.2,30.3,27.8,28.9,24.6,30.3,30.6,26.9,34.0,29.0,29.1,25.0,26.2,23.0,30.6,27.1,23.8,25.7,22.0
1400,29.6,31.3,30.3,30.4,30.4,33.1,33.1,29.9,32.7,30.6,34.0,32.9,33.6,30.9,32.5,32.9,30.4,35.9,33.9,34.8,30.8,31.5,33.9,27.9,29.1,30.8,32.4,30.6,28.5,35.0,30.8,33.1,24.6,25.1,25.2,24.8,39.2,30.6,33.2,33.9,37.4,37.7,27.1,32.3,31.1,33.3,30.7,33.9,38.8,28.1,34.9,34.4,33.2,28.1,31.0,32.5,31.6,34.6,33.4,32.8,36.5,31.4,35.6,33.0,37.1,33.0,33.2,31.5,35.7,32.5,32.9,29.8,30.2,32.8,36.1,28.8,36.3,30.7,30.8,26.0,27.6,23.7,31.3,28.9,24.7,26.8,23.1
1401,35.2,35.6,36.3,36.1,34.1,36.3,36.7,33.6,35.2,33.4,36.5,35.4,36.5,33.5,36.0,35.4,34.0,39.7,36.6,37.1,34.3,34.6,37.4,31.3,33.7,34.9,34.9,34.3,31.5,37.9,34.1,35.5,27.9,28.4,27.5,27.9,44.5,35.0,38.3,38.9,41.1,42.9,31.8,36.3,36.0,39.2,34.8,38.2,45.2,32.3,41.3,37.7,39.3,32.8,32.9,35.8,34.3,37.1,35.5,35.9,38.7,34.1,39.2,38.8,39.3,37.1,37.1,33.9,38.6,34.9,39.3,36.3,35.6,37.7,40.6,33.4,38.8,32.9,33.7,30.6,31.8,27.7,34.3,30.9,28.1,30.1,25.8
1402,40.4,39.2,40.4,41.8,38.0,40.1,40.3,37.5,38.0,36.2,38.8,38.1,39.1,36.3,39.7,38.1,37.5,42.7,39.2,39.3,37.5,37.4,41.0,34.9,38.2,38.9,37.9,38.2,34.5,40.7,37.5,38.1,31.2,31.9,30.0,30.8,48.9,38.3,43.5,42.7,44.8,46.6,36.9,39.5,41.0,43.7,39.5,41.5,49.8,37.0,45.8,41.2,44.8,36.8,35.1,38.9,37.0,39.5,38.2,38.3,40.8,37.5,42.3,43.3,42.0,40.4,40.7,36.7,41.2,37.3,44.8,42.8,40.7,41.3,44.5,37.8,41.0,35.2,36.7,35.6,36.0,32.4,36.7,33.0,31.7,33.4,28.6
1403,44.7,41.8,43.1,46.3,41.5,43.6,43.5,41.0,40.5,38.9,41.0,40.9,41.5,39.0,42.9,40.7,40.7,45.3,41.5,41.3,40.8,40.1,44.1,38.1,42.0,42.3,40.6,41.4,37.4,43.3,40.7,40.7,34.4,35.0,32.5,33.7,52.4,41.0,48.1,46.0,48.2,49.4,41.3,42.3,44.9,46.6,43.7,44.5,53.0,40.0,49.3,44.5,49.4,39.9,37.4,41.4,39.4,41.9,40.9,40.5,43.0,40.6,45.1,46.5,44.9,43.3,43.6,39.3,43.7,39.7,49.7,47.6,44.8,44.1,47.5,41.1,42.8,37.2,39.6,39.6,39.9,36.8,39.1,34.7,34.8,36.2,31.0
1404,47.9,44.1,45.0,50.0,44.5,46.1,46.3,43.7,42.7,41.2,43.0,43.3,43.6,41.5,45.5,42.9,43.2,47.1,43.5,42.6,43.5,42.2,46.7,41.0,45.3,45.1,43.0,44.0,39.8,45.6,43.4,43.1,36.9,37.6,34.8,36.1,55.0,43.3,51.7,48.6,51.1,51.7,44.8,44.9,48.2,49.3,46.8,46.9,55.5,42.9,52.2,47.3,53.0,42.5,39.3,43.5,41.0,43.9,43.2,42.6,44.9,43.3,47.1,49.1,47.7,45.7,46.2,41.6,45.9,41.6,53.1,51.0,48.1,46.1,49.8,43.7,44.5,38.7,42.0,42.9,43.0,40.6,41.2,36.3,37.5,38.9,33.2
1405,50.0,45.3,46.1,52.7,46.8,48.3,48.5,45.9,44.6,43.1,44.6,45.1,45.1,43.3,47.6,44.7,45.2,48.6,44.8,43.6,45.6,44.4,48.8,43.2,47.7,47.2,44.8,46.2,41.7,47.6,45.7,44.7,39.0,39.6,36.7,37.7,57.0,44.8,54.5,50.3,53.5,53.1,47.5,46.8,50.4,50.8,49.1,48.5,57.3,45.3,54.1,49.2,55.4,44.4,40.7,45.0,42.3,45.1,44.9,44.0,46.0,45.4,48.7,50.7,50.1,47.2,48.2,43.5,47.5,43.2,55.1,53.6,50.4,48.0,51.7,45.5,45.6,40.2,43.8,45.4,45.2,43.5,42.7,37.5,39.4,40.7,35.0
1406,51.3,46.3,46.9,54.8,48.5,49.6,49.9,47.4,45.7,44.4,45.5,46.5,46.3,44.8,49.1,46.0,46.8,49.5,45.7,44.5,47.0,45.4,50.3,44.7,49.5,48.8,46.1,47.6,43.1,48.8,47.1,45.9,40.7,41.0,38.2,39.2,58.7,45.6,56.5,51.6,55.3,54.0,49.2,48.1,51.7,51.7,50.4,49.5,58.3,46.8,55.5,50.2,56.9,45.3,41.5,46.0,42.9,45.8,46.3,44.9,47.0,47.0,49.9,51.9,51.8,48.2,49.7,44.7,48.8,44.3,56.5,55.7,51.8,49.1,52.8,46.6,46.6,41.0,45.2,47.1,46.9,45.3,43.2,38.0,41.0,42.1,36.4
1407,51.7,46.7,47.0,55.7,49.2,50.6,50.9,48.1,46.5,45.2,46.1,47.5,46.9,45.6,50.0,46.6,47.7,49.7,46.1,44.7,47.9,46.1,50.9,45.5,50.4,49.8,47.1,48.4,43.9,49.5,48.0,46.5,41.6,41.8,39.1,40.0,59.2,45.6,57.6,52.3,56.4,53.8,50.3,48.7,52.3,51.9,51.2,49.9,58.6,47.4,56.2,50.6,57.9,45.5,41.9,46.5,43.3,46.2,47.0,45.4,47.3,48.0,50.2,52.4,52.9,48.6,50.3,45.6,49.5,44.9,57.0,56.7,52.5,50.0,53.1,47.2,46.9,41.3,46.1,48.1,47.8,46.5,43.8,38.3,42.1,42.9,37.2
1408,50.8,45.9,46.3,56.4,49.4,51.0,51.2,48.3,46.5,45.2,46.1,47.9,46.9,45.8,50.1,46.7,47.8,49.3,45.8,44.2,47.9,46.1,50.9,45.6,50.6,50.2,47.2,48.4,44.0,49.6,48.0,46.4,41.6,41.8,39.0,39.9,59.1,44.9,57.9,52.0,56.8,52.9,50.6,48.7,51.9,51.0,51.2,49.5,58.1,47.5,56.1,50.2,57.9,44.8,41.9,46.3,43.2,46.2,47.5,45.3,46.9,48.5,50.0,51.9,53.1,48.3,50.2,45.8,49.3,45.0,56.8,57.2,52.0,50.0,52.8,47.1,46.8,41.2,46.2,48.7,48.1,46.4,43.6,38.1,42.4,43.0,37.3
1409,48.9,43.6,43.6,55.8,48.4,50.1,50.3,47.2,45.5,44.2,45.1,47.4,45.9,45.2,49.2,45.9,46.8,47.7,44.6,43.1,47.0,45.3,50.0,44.7,49.6,49.1,46.4,47.6,43.2,48.8,47.2,45.6,40.9,41.0,38.4,39.1,57.2,42.7,57.2,50.5,56.0,50.7,49.7,47.8,49.9,48.9,50.1,47.7,56.0,47.0,55.1,48.8,56.6,42.2,41.1,44.8,42.4,45.3,46.9,43.6,45.5,48.2,48.5,50.3,52.4,46.8,49.0,45.0,48.5,44.0,55.4,56.7,50.3,49.3,51.1,45.9,45.8,40.2,45.3,48.0,47.2,45.9,42.8,37.2,41.8,42.1,36.6
1410,43.2,38.9,37.2,53.2,45.9,47.9,47.8,44.6,42.9,41.6,42.7,45.7,43.4,43.4,46.6,43.6,43.8,44.2,42.2,40.6,44.2,42.8,47.4,42.2,46.8,46.5,44.4,44.9,40.7,46.1,44.8,42.9,38.5,38.4,36.2,36.9,51.8,38.3,54.8,46.5,53.8,44.3,47.2,44.9,44.6,43.6,47.1,43.5,50.9,44.5,52.8,46.3,53.7,36.6,39.2,41.6,40.2,43.1,45.6,39.9,43.4,46.3,45.1,45.9,50.4,43.6,45.5,42.9,46.0,41.5,52.2,54.6,45.5,46.7,46.6,43.5,43.5,38.1,42.7,45.5,44.6,43.2,40.4,35.5,39.5,39.5,33.9
1411,39.0,35.9,34.0,47.8,41.9,44.5,44.3,40.5,40.9,39.3,41.0,43.3,41.0,40.8,42.9,41.3,39.7,41.3,40.1,38.9,40.7,40.3,43.8,38.6,41.2,41.8,42.4,41.1,37.5,43.1,41.6,40.4,34.4,35.0,33.8,33.7,47.4,35.5,49.2,42.2,50.9,40.7,42.0,40.6,41.4,39.9,43.5,40.2,47.7,39.3,48.4,44.3,48.3,33.4,37.1,39.5,37.9,40.4,43.1,37.8,41.8,42.8,42.3,42.0,47.7,41.0,41.9,41.1,43.5,39.4,46.4,48.0,40.9,42.4,43.1,39.2,41.8,36.7,39.6,39.5,39.6,38.7,36.0,34.2,35.7,36.4,30.7
1412,36.4,34.3,32.0,43.9,39.6,42.7,42.2,37.8,39.5,37.8,39.7,41.3,39.8,39.0,41.0,40.0,37.6,39.9,38.6,37.9,38.6,38.7,41.5,36.8,38.5,39.0,40.9,38.8,35.4,41.4,39.4,39.2,32.3,33.0,32.3,31.9,44.7,33.9,45.9,39.4,48.3,38.8,38.9,38.4,39.3,37.3,40.7,38.4,45.5,36.6,45.6,42.9,43.9,31.5,36.4,37.6,36.7,39.0,41.1,36.7,40.7,40.2,40.4,39.4,46.0,38.9,40.2,39.6,41.8,38.0,43.7,43.6,37.9,39.6,41.0,37.0,40.9,35.7,37.9,36.2,37.4,35.6,34.7,33.1,33.6,34.7,28.9
1413,34.4,33.0,30.6,41.3,38.0,41.1,40.4,36.0,38.6,36.6,38.6,39.7,38.5,37.5,39.5,39.0,36.0,38.7,37.7,37.2,37.0,37.4,40.2,35.4,37.0,37.7,39.4,37.2,34.1,40.1,37.8,38.2,31.1,31.5,30.8,30.7,42.7,32.6,43.6,37.1,46.5,37.3,36.8,36.7,37.3,35.7,38.2,36.4,43.1,35.1,43.2,41.3,41.6,30.3,35.6,36.2,35.8,38.3,39.6,35.8,39.8,38.9,38.8,37.3,44.4,37.4,38.8,38.3,40.6,37.0,41.9,41.1,35.5,38.1,39.3,35.6,39.7,34.8,36.7,33.9,35.7,33.6,34.1,32.2,31.8,33.3,27.8
1414,32.2,32.1,29.4,39.5,36.6,39.8,39.2,34.8,37.6,35.8,37.7,38.6,37.6,36.5,38.4,37.9,34.5,37.8,36.9,36.3,35.7,36.1,39.1,34.4,35.6,36.5,38.3,36.1,32.8,38.9,36.5,37.2,30.2,30.4,30.1,29.7,41.3,31.5,41.6,35.7,44.9,36.3,35.0,36.1,35.5,34.8,36.5,34.8,40.9,33.9,41.5,40.0,39.8,29.3,35.0,35.1,35.0,37.6,38.6,35.2,39.1,37.6,37.8,35.6,42.9,36.0,37.4,37.1,39.6,36.1,40.1,39.4,33.8,37.0,38.1,34.0,38.8,34.0,35.6,32.4,34.3,31.9,33.6,31.4,30.7,32.4,27.1
1415,30.9,31.2,28.4,37.8,35.4,38.8,38.0,34.0,36.6,34.9,37.0,37.4,36.6,35.6,37.2,37.0,33.8,37.0,36.0,35.7,34.7,35.3,38.1,33.4,34.4,35.5,37.3,34.9,32.0,38.1,35.4,36.4,29.0,29.4,29.1,29.0,39.6,30.7,40.2,34.5,43.4,35.3,33.7,35.2,34.0,33.5,34.7,33.4,39.2,32.7,39.6,38.7,38.2,28.6,34.4,34.2,34.4,36.8,37.9,34.5,38.6,36.5,36.7,34.4,41.9,34.9,36.5,36.2,38.7,35.3,38.7,37.7,32.1,35.8,36.9,33.0,38.1,33.4,34.7,31.5,33.3,30.5,33.5,30.6,29.7,31.4,26.4
1416,29.9,30.5,27.8,36.3,34.9,38.1,37.2,33.3,36.0,34.1,36.3,36.9,36.0,34.9,36.6,36.4,33.1,36.3,35.6,35.4,33.9,34.7,37.2,32.6,33.6,34.8,36.6,34.3,31.6,37.7,34.7,36.0,28.4,28.8,28.4,28.3,38.4,30.1,38.7,33.4,41.9,34.4,32.7,34.4,32.9,32.7,33.6,32.3,37.3,31.4,38.2,37.5,36.7,27.7,33.9,33.5,33.9,36.3,37.2,33.8,37.8,35.7,35.8,33.1,40.6,33.7,35.1,35.6,38.0,34.9,37.2,36.2,30.8,35.0,35.4,31.7,37.6,33.0,34.0,30.6,32.6,29.5,33.3,30.1,28.9,30.8,25.9
1417,28.6,30.1,27.1,35.3,34.0,37.1,36.3,32.6,35.3,33.5,35.7,36.2,35.3,34.0,35.6,35.7,32.3,35.6,34.9,34.9,33.2,34.1,36.5,31.8,32.9,34.1,35.7,33.5,30.9,36.8,33.9,35.2,27.6,27.9,27.8,27.5,37.5,29.7,37.9,32.4,40.4,33.7,31.8,33.9,31.7,32.1,32.4,31.7,36.0,30.8,37.0,36.3,35.4,26.9,33.3,32.7,33.5,35.7,36.7,33.4,37.4,34.9,35.0,32.1,39.6,33.0,34.3,34.8,37.1,34.0,35.6,34.5,29.5,33.9,34.2,31.1,37.2,32.3,33.3,29.9,31.6,28.5,33.1,29.6,28.1,29.9,25.3
1418,27.5,29.4,26.6,34.1,33.1,36.1,35.5,31.8,34.5,32.8,34.9,35.1,34.7,33.4,34.9,35.0,31.7,34.8,34.2,34.5,32.5,33.3,35.7,31.1,32.1,33.3,35.1,32.8,30.3,36.0,33.1,34.7,27.0,27.1,27.1,26.7,36.7,28.9,36.8,31.4,39.5,33.3,30.8,33.1,30.6,31.1,31.2,31.0,34.8,29.7,36.0,35.5,33.9,26.5,32.9,32.3,33.0,35.2,36.1,32.7,36.8,34.2,34.4,31.0,38.7,32.2,33.3,34.0,36.3,33.3,34.2,33.3,28.5,33.0,33.3,30.2,36.6,31.6,32.6,29.1,30.8,27.5,32.9,28.9,27.4,29.2,24.8
1419,26.6,28.7,25.7,33.2,32.3,35.6,35.0,31.1,33.9,32.0,34.2,34.4,33.9,32.7,34.3,34.2,31.1,34.1,33.6,33.9,31.7,32.8,35.0,30.3,31.6,32.6,34.3,32.0,29.7,35.5,32.5,33.9,26.4,26.6,26.5,26.2,35.8,28.2,36.0,30.4,38.2,33.0,29.6,32.5,29.5,30.2,30.3,30.2,33.7,29.1,35.2,34.6,32.6,25.7,32.4,31.8,32.5,34.8,35.4,32.1,36.3,33.5,34.0,30.1,37.9,31.5,32.6,33.2,35.6,32.8,32.6,32.6,27.5,32.3,32.6,29.3,35.9,31.1,32.0,28.3,30.0,26.5,32.8,28.5,26.9,28.6,24.5
1420,25.5,28.3,25.3,32.2,31.9,34.9,34.2,30.7,33.3,31.5,33.8,33.7,33.2,32.0,33.4,33.5,30.4,33.7,33.4,33.5,31.2,31.8,34.3,29.5,30.7,31.8,33.6,31.4,29.2,34.9,31.9,33.4,25.7,26.2,26.1,25.7,35.0,27.8,35.2,29.7,37.1,32.4,28.8,31.8,28.5,29.9,29.3,29.4,32.7,28.5,34.4,33.8,31.9,25.0,32.0,31.4,32.1,34.5,34.8,31.6,35.8,33.0,33.6,29.4,37.1,31.0,32.0,32.6,35.0,32.3,31.5,31.6,26.6,31.7,31.9,28.5,35.4,30.7,31.4,27.5,29.3,25.7,32.4,28.1,26.1,28.1,24.2
1421,24.9,28.1,24.9,31.4,31.2,34.2,33.6,30.1,32.6,30.9,33.2,33.0,32.6,31.4,32.8,33.0,29.9,33.3,32.8,33.0,30.7,31.5,33.7,28.9,30.2,31.2,33.2,30.8,28.7,34.3,31.3,32.8,25.0,25.7,25.6,25.2,34.2,27.5,34.6,29.1,36.2,32.0,28.2,31.4,27.6,29.2,28.6,28.6,31.7,27.8,33.8,33.0,31.0,24.2,31.7,30.8,31.7,34.4,34.5,31.1,35.3,32.5,33.4,28.5,36.6,30.3,31.5,32.1,34.4,31.7,30.5,30.9,25.7,31.4,31.0,28.2,34.8,30.2,30.8,26.7,28.4,25.1,32.0,27.6,25.5,27.5,23.7
1422,24.4,27.3,24.5,31.0,30.6,33.6,33.1,29.5,31.9,30.4,32.7,32.4,32.3,30.9,32.3,32.5,29.7,32.8,32.3,32.7,30.5,31.2,33.3,28.2,29.6,30.7,32.5,30.3,28.1,34.0,30.9,32.2,24.5,24.9,25.3,24.7,33.8,27.4,33.8,28.4,35.4,31.4,27.5,30.8,27.1,28.6,28.1,28.0,30.9,27.6,33.1,32.4,30.2,23.8,31.3,30.4,31.6,34.1,34.2,30.8,35.0,32.0,32.8,27.6,36.5,30.1,30.9,31.6,33.9,31.2,29.3,30.2,25.1,31.2,30.7,27.7,34.5,29.6,30.3,26.2,27.8,24.3,31.6,27.4,24.9,27.2,23.1
1423,24.8,27.7,25.3,30.4,30.2,33.2,32.7,29.2,31.7,30.0,32.6,32.1,32.0,30.6,31.9,32.3,29.4,32.7,32.0,33.0,30.0,30.7,33.0,27.6,29.0,30.2,32.1,30.0,27.8,33.7,30.5,32.0,24.2,24.6,24.9,24.5,34.6,27.5,33.2,28.5,34.9,32.5,26.8,30.5,27.6,28.9,27.6,28.9,30.9,27.1,32.5,32.2,29.4,24.4,31.1,30.5,31.3,33.8,33.7,30.6,34.9,31.6,33.0,27.9,36.0,30.0,30.7,31.1,33.6,31.0,28.2,29.6,25.2,30.9,31.1,27.2,34.5,29.5,30.2,25.8,27.3,23.7,31.2,27.5,24.5,26.7,22.8
1424,30.6,32.1,31.1,31.4,31.6,34.3,34.2,31.1,33.6,31.6,34.7,33.7,34.4,31.9,33.6,33.8,31.5,36.3,34.6,35.3,31.9,32.5,34.9,28.9,30.0,32.0,33.4,31.7,29.6,35.8,31.9,34.0,25.4,26.1,26.1,25.9,39.7,31.4,34.1,34.4,37.9,38.4,28.0,33.1,31.9,34.1,31.2,34.2,39.2,28.6,35.2,34.8,33.7,28.8,31.5,33.0,32.2,35.1,33.8,33.1,36.8,31.6,36.0,33.5,37.2,33.4,33.5,32.4,36.3,33.2,33.4,30.6,31.0,33.6,36.6,29.2,36.8,31.3,31.8,26.8,28.7,24.5,31.9,29.2,25.5,27.8,24.0
1425,36.1,36.3,37.0,37.2,35.2,37.3,37.7,34.7,36.1,34.4,37.2,36.2,37.2,34.5,37.1,36.3,35.1,40.1,37.3,37.5,35.4,35.6,38.4,32.1,34.5,36.0,35.9,35.3,32.6,38.7,35.1,36.4,28.7,29.2,28.3,28.9,45.1,35.6,39.1,39.5,41.6,43.6,32.6,36.9,37.0,39.9,35.4,38.6,45.6,32.8,41.7,38.2,39.8,33.5,33.5,36.3,34.9,37.6,35.9,36.2,39.0,34.5,39.6,39.2,39.5,37.6,37.4,34.9,39.3,35.7,39.8,37.2,36.4,38.5,41.1,33.8,39.3,33.5,34.7,31.5,32.8,28.5,34.9,31.4,28.8,31.2,26.7
1426,41.3,39.8,41.0,42.8,39.0,41.0,41.2,38.6,39.0,37.2,39.6,39.0,39.8,37.3,40.6,39.1,38.5,43.0,39.9,39.7,38.6,38.4,42.0,35.7,39.0,39.8,38.8,39.1,35.5,41.5,38.5,39.1,31.9,32.7,30.8,31.7,49.4,38.9,44.3,43.3,45.3,47.3,37.8,40.0,41.9,44.4,40.1,41.8,50.2,37.5,46.2,41.7,45.2,37.4,35.7,39.4,37.6,40.0,38.7,38.7,41.1,38.0,42.7,43.7,42.2,40.8,40.9,37.7,41.9,38.2,45.2,43.6,41.5,42.0,45.0,38.3,41.6,35.9,37.7,36.3,36.9,33.2,37.4,33.5,32.4,34.5,29.5
1427,45.6,42.4,43.8,47.1,42.3,44.4,44.4,42.0,41.6,39.8,41.8,41.8,42.4,40.0,43.7,41.6,41.6,45.6,42.2,41.7,41.8,41.1,45.0,38.8,42.8,43.2,41.6,42.4,38.4,44.2,41.7,41.7,35.0,35.7,33.2,34.4,52.9,41.5,48.9,46.5,48.6,50.2,42.1,42.8,45.9,47.3,44.2,44.8,53.4,40.6,49.7,45.0,49.8,40.6,38.1,41.9,40.0,42.4,41.4,40.9,43.3,41.1,45.4,46.9,45.0,43.8,43.7,40.3,44.5,40.6,50.1,48.3,45.4,44.8,47.9,41.6,43.5,37.9,40.6,40.3,40.6,37.6,39.6,35.2,35.3,37.2,31.8
1428,48.8,44.6,45.6,50.8,45.2,46.9,47.1,44.7,43.8,42.1,43.8,44.3,44.4,42.4,46.4,43.9,44.1,47.4,44.3,43.2,44.5,43.1,47.5,41.7,46.1,45.9,44.0,44.9,40.7,46.5,44.4,44.0,37.5,38.2,35.5,36.8,55.4,43.8,52.5,49.0,51.5,52.5,45.5,45.3,49.2,49.8,47.3,47.2,55.9,43.4,52.5,47.7,53.4,43.2,40.0,43.9,41.6,44.4,43.7,43.0,45.3,43.9,47.5,49.4,47.8,45.9,46.2,42.6,46.5,42.5,53.5,51.7,48.7,46.8,50.2,44.2,45.2,39.5,43.0,43.6,43.7,41.4,41.8,36.8,38.0,39.9,34.0
1429,50.9,45.8,46.7,53.4,47.6,49.0,49.3,46.9,45.6,44.1,45.3,46.1,46.0,44.2,48.4,45.7,46.1,49.0,45.6,44.1,46.5,45.3,49.5,43.9,48.5,47.9,45.8,47.0,42.6,48.4,46.6,45.6,39.6,40.2,37.4,38.4,57.6,45.3,55.2,50.7,53.9,53.7,48.3,47.2,51.4,51.3,49.6,48.8,57.7,45.9,54.4,49.6,55.8,45.2,41.4,45.4,42.9,45.6,45.5,44.3,46.4,46.1,49.1,51.0,50.2,47.4,48.2,44.4,48.3,44.1,55.4,54.3,51.0,48.6,52.0,45.9,46.4,41.0,44.8,46.1,45.9,44.2,43.2,37.9,40.1,41.6,35.7
1430,52.3,46.7,47.5,55.5,49.2,50.4,50.7,48.2,46.8,45.3,46.3,47.5,47.2,45.7,49.9,46.9,47.7,49.8,46.6,45.1,47.9,46.3,50.9,45.4,50.3,49.5,47.1,48.4,44.0,49.6,48.0,46.8,41.4,41.7,38.9,39.8,59.2,46.1,57.1,51.9,55.6,54.7,50.1,48.6,52.6,52.1,50.9,49.9,58.7,47.2,55.8,50.7,57.3,46.1,42.1,46.4,43.6,46.3,46.7,45.2,47.4,47.7,50.2,52.3,51.9,48.4,49.7,45.7,49.4,45.2,56.6,56.3,52.4,49.8,53.1,47.0,47.4,41.8,46.1,47.8,47.7,46.0,43.8,38.5,41.7,43.0,37.1
1431,52.6,47.2,47.7,56.5,49.9,51.3,51.6,48.9,47.6,46.1,46.8,48.4,47.8,46.5,50.8,47.5,48.5,50.1,46.9,45.3,48.7,47.0,51.6,46.2,51.2,50.6,48.0,49.2,44.7,50.4,48.8,47.4,42.3,42.6,39.7,40.7,59.6,46.2,58.2,52.7,56.7,54.3,51.1,49.1,53.2,52.3,51.5,50.3,59.1,47.9,56.4,51.1,58.2,46.4,42.5,46.8,43.9,46.7,47.5,45.7,47.6,48.6,50.6,52.7,52.9,48.8,50.3,46.5,50.2,45.8,57.1,57.3,53.0,50.6,53.5,47.5,47.7,42.1,47.0,48.9,48.6,47.2,44.4,38.8,42.8,43.8,38.0
1432,51.7,46.6,46.9,57.3,50.1,51.7,51.9,49.0,47.6,46.1,46.8,48.8,47.7,46.6,50.8,47.6,48.6,49.7,46.6,44.9,48.8,47.0,51.6,46.2,51.3,50.9,48.1,49.2,44.9,50.4,48.8,47.3,42.3,42.6,39.7,40.6,59.5,45.6,58.6,52.2,57.1,53.5,51.3,49.1,52.8,51.4,51.5,49.9,58.5,48.0,56.4,50.6,58.1,45.6,42.4,46.6,43.8,46.7,48.0,45.6,47.3,49.2,50.3,52.3,53.2,48.6,50.2,46.7,50.0,45.8,56.9,57.8,52.6,50.7,53.3,47.4,47.5,41.9,47.1,49.4,48.8,47.1,44.1,38.6,43.1,43.8,38.1
1433,49.7,44.3,44.4,56.6,49.0,50.7,51.0,47.9,46.6,45.1,45.9,48.4,46.8,46.0,49.9,46.8,47.7,48.2,45.4,43.8,47.8,46.2,50.8,45.3,50.2,49.8,47.3,48.3,44.0,49.6,48.0,46.5,41.7,41.8,39.1,39.9,57.6,43.4,57.8,50.8,56.3,51.2,50.4,48.3,50.7,49.2,50.4,48.2,56.5,47.5,55.3,49.2,56.8,43.1,41.7,45.2,43.1,45.9,47.4,44.1,45.9,48.8,48.9,50.8,52.4,47.2,49.2,45.9,49.2,44.9,55.4,57.3,50.9,50.0,51.6,46.3,46.5,40.9,46.1,48.7,47.8,46.7,43.3,37.7,42.6,42.9,37.4
1434,44.2,39.5,38.1,54.0,46.6,48.6,48.7,45.4,44.0,42.5,43.5,46.6,44.4,44.2,47.4,44.5,44.6,44.7,43.0,41.2,45.1,43.8,48.2,42.9,47.5,47.2,45.3,45.7,41.6,47.0,45.6,43.9,39.3,39.2,37.0,37.7,52.2,39.0,55.5,46.8,54.1,44.9,47.9,45.4,45.4,44.0,47.5,43.9,51.4,45.0,53.0,46.7,53.9,37.4,39.9,42.1,40.9,43.7,46.2,40.3,43.8,47.0,45.6,46.4,50.5,44.0,45.8,43.7,46.7,42.3,52.2,55.1,46.2,47.4,47.1,44.0,44.2,38.8,43.7,46.3,45.2,44.2,41.0,35.9,40.3,40.3,34.8
1435,39.9,36.6,34.8,48.5,42.7,45.3,45.1,41.2,42.0,40.2,41.7,44.2,41.9,41.6,43.6,42.3,40.6,41.7,40.8,39.5,41.6,41.1,44.6,39.3,41.9,42.7,43.4,41.9,38.4,43.9,42.4,41.3,35.1,35.9,34.5,34.4,47.8,36.1,49.9,42.5,51.2,41.2,42.7,41.0,42.3,40.2,43.8,40.5,48.1,39.8,48.6,44.6,48.6,34.2,37.8,40.0,38.5,41.0,43.6,38.2,42.2,43.4,42.7,42.4,47.9,41.3,42.1,42.0,44.2,40.2,46.5,48.7,41.6,43.0,43.5,39.5,42.5,37.4,40.5,40.3,40.3,39.6,36.6,34.6,36.5,37.2,31.6
1436,37.1,35.0,32.6,44.7,40.4,43.5,43.1,38.7,40.6,38.6,40.5,42.1,40.7,39.9,41.8,40.9,38.4,40.3,39.3,38.5,39.4,39.8,42.3,37.5,39.2,39.8,41.8,39.6,36.3,42.3,40.2,40.0,33.1,33.8,33.0,32.5,45.2,34.5,46.5,39.7,48.5,39.3,39.6,38.8,40.1,37.8,41.0,38.6,45.8,37.0,45.7,43.2,44.1,32.3,36.9,38.1,37.3,39.7,41.6,37.0,41.0,40.8,40.9,39.7,46.2,39.2,40.5,40.5,42.5,38.8,43.7,44.2,38.6,40.1,41.3,37.3,41.5,36.3,38.7,37.0,38.1,36.4,35.2,33.5,34.4,35.5,29.7
1437,35.0,33.6,31.3,42.0,38.8,41.9,41.3,36.9,39.6,37.4,39.4,40.5,39.3,38.4,40.3,39.9,36.8,39.1,38.5,37.6,37.8,38.4,41.0,36.1,37.6,38.5,40.3,38.0,35.1,40.9,38.5,39.0,31.8,32.3,31.6,31.4,43.1,33.3,44.3,37.3,46.8,37.7,37.5,37.1,38.1,36.2,38.5,36.6,43.3,35.5,43.4,41.6,41.8,31.0,36.1,36.7,36.3,38.9,40.2,36.2,40.1,39.5,39.3,37.6,44.6,37.7,39.1,39.2,41.3,37.7,41.9,41.7,36.3,38.5,39.6,35.8,40.4,35.4,37.5,34.8,36.4,34.4,34.6,32.6,32.7,34.1,28.6
1438,32.9,32.8,30.1,40.3,37.3,40.7,40.1,35.7,38.7,36.6,38.4,39.5,38.3,37.4,39.3,38.9,35.4,38.1,37.6,36.8,36.6,37.2,39.9,35.0,36.4,37.4,39.1,36.8,33.8,39.8,37.3,38.1,30.8,31.2,30.8,30.4,41.7,32.1,42.3,35.9,45.1,36.7,35.7,36.5,36.3,35.2,36.7,35.0,41.1,34.3,41.6,40.4,39.9,30.0,35.5,35.5,35.5,38.1,39.1,35.4,39.4,38.2,38.1,35.9,43.1,36.3,37.6,37.9,40.3,36.8,40.1,39.9,34.6,37.3,38.4,34.3,39.5,34.7,36.5,33.2,34.9,32.7,34.0,31.8,31.5,33.1,27.9
1439,31.8,31.7,28.9,38.6,36.2,39.7,38.9,34.8,37.7,35.6,37.7,38.3,37.4,36.4,38.0,37.9,34.6,37.2,36.7,36.1,35.5,36.2,39.0,34.0,35.2,36.4,38.1,35.8,32.8,39.0,36.2,37.2,29.7,30.2,29.9,29.7,40.1,31.2,40.8,34.7,43.5,35.7,34.5,35.6,34.8,34.0,34.8,33.6,39.2,33.0,39.7,39.0,38.3,29.2,34.9,34.5,35.0,37.3,38.3,34.7,38.8,37.1,37.1,34.5,42.0,35.1,36.7,37.0,39.4,36.1,38.7,38.2,32.8,36.1,37.1,33.3,38.7,34.1,35.6,32.4,34.0,31.3,34.0,31.0,30.5,32.1,27.2
1440,30.5,31.0,28.2,36.9,35.5,38.8,37.9,34.0,36.7,34.7,36.8,37.5,36.4,35.5,37.3,37.0,33.6,36.6,36.0,35.6,34.6,35.3,37.8,33.1,34.3,35.4,37.2,34.9,32.3,38.2,35.3,36.6,29.0,29.4,29.2,28.9,38.8,30.7,39.4,33.6,42.1,34.9,33.3,34.7,33.5,33.1,33.7,32.5,37.5,31.8,38.4,37.9,36.9,28.3,34.4,33.7,34.4,36.7,37.6,34.1,38.1,36.2,36.2,33.3,40.9,33.9,35.4,36.1,38.5,35.3,37.2,36.5,31.4,35.2,35.7,31.9,38.0,33.4,34.8,31.3,33.2,30.1,33.7,30.5,29.5,31.4,26.5
1441,29.3,30.5,27.5,35.8,34.6,37.8,37.0,33.4,36.0,34.1,36.2,36.7,35.8,34.6,36.3,36.3,32.9,35.9,35.4,35.2,33.8,34.6,37.2,32.4,33.6,34.7,36.3,34.1,31.5,37.4,34.5,35.8,28.2,28.5,28.5,28.1,37.9,30.3,38.5,32.5,40.6,34.2,32.4,34.2,32.3,32.5,32.4,31.8,36.1,31.1,37.2,36.7,35.5,27.5,33.8,32.9,34.0,36.2,37.1,33.6,37.7,35.3,35.4,32.3,39.9,33.3,34.6,35.2,37.6,34.4,35.7,34.8,30.0,34.1,34.3,31.3,37.5,32.8,34.0,30.4,32.2,29.1,33.6,29.9,28.7,30.6,25.9
1442,28.0,29.9,27.0,34.7,33.7,36.8,36.2,32.6,35.2,33.5,35.5,35.6,35.2,33.9,35.6,35.5,32.4,35.0,34.6,34.7,33.2,33.9,36.5,31.7,32.8,33.9,35.7,33.4,31.0,36.5,33.8,35.3,27.5,27.8,27.6,27.3,37.1,29.5,37.3,31.5,39.6,33.7,31.4,33.3,31.2,31.5,31.3,31.2,34.8,30.0,36.2,35.8,33.9,27.0,33.3,32.5,33.4,35.6,36.6,33.0,37.1,34.6,34.8,31.3,39.1,32.4,33.7,34.5,36.8,33.7,34.2,33.6,28.9,33.2,33.5,30.4,36.9,32.1,33.2,29.7,31.5,28.1,33.4,29.2,28.0,29.8,25.3
1443,27.1,29.3,26.2,33.8,32.9,36.3,35.8,31.9,34.5,32.7,34.8,35.0,34.4,33.3,35.0,34.8,31.8,34.3,34.0,34.2,32.5,33.4,35.7,30.9,32.2,33.3,35.0,32.7,30.4,36.1,33.1,34.4,26.9,27.1,27.1,26.7,36.1,28.9,36.5,30.5,38.3,33.4,30.2,32.7,30.0,30.5,30.3,30.3,33.7,29.4,35.3,34.9,32.7,26.3,32.9,31.9,32.9,35.2,35.9,32.3,36.7,33.9,34.3,30.4,38.3,31.7,33.0,33.8,36.2,33.3,32.6,32.9,27.9,32.5,32.7,29.5,36.2,31.7,32.7,28.9,30.7,27.1,33.2,28.7,27.4,29.3,25.1
1444,26.1,28.9,25.8,32.8,32.5,35.7,35.0,31.5,33.9,32.1,34.3,34.1,33.7,32.7,34.3,34.1,31.2,33.9,33.8,33.7,31.9,32.4,35.0,30.2,31.5,32.6,34.3,32.1,30.0,35.5,32.6,34.0,26.3,26.8,26.7,26.2,35.3,28.5,35.7,29.7,37.2,32.8,29.5,32.0,29.0,30.1,29.3,29.6,32.7,28.7,34.5,34.1,31.9,25.5,32.4,31.6,32.5,34.9,35.2,31.8,36.1,33.4,33.9,29.7,37.4,31.1,32.4,33.1,35.5,32.8,31.5,31.9,27.0,31.8,32.1,28.8,35.7,31.3,32.1,28.1,30.0,26.3,32.8,28.3,26.6,28.8,24.8
1445,25.4,28.7,25.5,32.1,31.9,35.0,34.4,30.8,33.2,31.6,33.7,33.5,33.0,32.1,33.6,33.6,30.6,33.5,33.3,33.3,31.4,32.1,34.4,29.5,30.9,32.0,33.9,31.5,29.4,34.9,32.0,33.4,25.6,26.3,26.2,25.8,34.5,28.1,35.1,29.0,36.3,32.4,28.8,31.5,28.3,29.5,28.6,28.8,31.6,28.1,33.9,33.3,31.1,24.8,32.1,31.0,32.1,34.8,34.9,31.2,35.7,32.9,33.6,28.8,37.0,30.4,31.9,32.8,35.0,32.2,30.4,31.3,26.1,31.5,31.2,28.4,35.1,30.8,31.6,27.3,29.1,25.5,32.4,27.8,26.1,28.2,24.3
1446,24.9,27.9,25.0,31.7,31.3,34.4,33.9,30.3,32.6,31.1,33.3,32.9,32.8,31.7,33.2,33.2,30.4,33.0,32.7,33.0,31.2,31.8,34.0,28.8,30.3,31.5,33.3,31.1,28.8,34.7,31.6,32.8,25.2,25.6,25.9,25.3,34.1,27.9,34.3,28.3,35.5,31.8,28.0,30.9,27.6,29.0,28.1,28.2,30.8,27.9,33.2,32.7,30.1,24.4,31.8,30.6,32.0,34.4,34.6,31.0,35.3,32.3,33.0,28.0,36.8,30.2,31.3,32.3,34.5,31.7,29.2,30.6,25.4,31.3,30.9,27.9,34.9,30.3,31.1,26.8,28.6,24.8,32.0,27.5,25.5,27.9,23.8
1447,25.4,28.4,25.9,31.1,30.8,34.0,33.6,29.9,32.4,30.7,33.3,32.6,32.6,31.3,32.9,33.0,30.1,32.9,32.6,33.3,30.7,31.4,33.8,28.2,29.6,31.0,32.8,30.8,28.6,34.3,31.2,32.6,24.9,25.3,25.6,25.1,35.0,28.1,33.7,28.5,35.0,33.0,27.3,30.6,28.3,29.3,27.6,29.2,30.9,27.4,32.7,32.6,29.4,25.0,31.5,30.7,31.7,34.3,34.0,30.9,35.2,32.0,33.2,28.4,36.4,30.2,31.1,31.8,34.2,31.6,28.1,30.0,25.7,31.0,31.5,27.5,34.9,30.2,30.9,26.3,27.9,24.2,31.6,27.7,25.2,27.4,23.6
1448,31.4,32.8,32.0,32.2,32.4,35.2,35.1,31.9,34.3,32.4,35.4,34.3,35.0,32.7,34.5,34.4,32.3,36.7,35.2,35.8,32.8,33.2,35.8,29.6,30.7,32.8,34.2,32.6,30.4,36.6,32.7,34.7,26.1,26.9,26.7,26.7,40.2,32.2,34.7,34.5,38.1,39.1,28.6,33.5,32.8,34.7,31.3,34.6,39.5,29.1,35.5,35.3,34.0,29.4,32.0,33.3,32.7,35.6,34.2,33.4,37.2,32.0,36.3,34.0,37.6,33.7,34.0,33.1,37.0,33.9,33.5,31.1,31.6,34.0,37.0,29.6,37.3,32.0,32.7,27.5,29.4,25.0,32.4,29.4,26.2,28.6,24.8
1449,37.1,37.2,38.0,38.0,36.0,38.3,38.7,35.5,36.8,35.1,37.8,36.8,37.9,35.3,38.1,37.0,35.9,40.4,37.9,38.0,36.2,36.3,39.3,32.9,35.4,36.8,36.7,36.3,33.4,39.5,35.9,37.1,29.3,30.0,29.0,29.6,45.7,36.5,39.8,39.7,41.8,44.4,33.4,37.4,37.9,40.5,35.6,39.0,46.0,33.4,42.1,38.7,40.0,34.3,34.0,36.7,35.5,38.1,36.4,36.5,39.3,35.0,39.9,39.7,39.9,37.9,37.9,35.6,40.0,36.4,40.0,37.8,37.1,38.9,41.6,34.2,39.9,34.2,35.5,32.3,33.6,29.2,35.4,31.6,29.5,32.0,27.5
1450,42.2,40.7,42.0,43.9,39.8,41.9,42.2,39.4,39.8,37.9,40.2,39.8,40.4,38.1,41.6,39.9,39.3,43.4,40.4,40.2,39.4,39.1,42.9,36.5,39.9,40.6,39.6,40.1,36.2,42.4,39.4,39.9,32.5,33.4,31.4,32.3,50.0,39.8,45.0,43.6,45.6,48.0,38.6,40.5,42.9,45.0,40.4,42.3,50.6,38.1,46.6,42.2,45.5,38.3,36.3,39.7,38.2,40.5,39.2,38.9,41.5,38.4,43.1,44.2,42.6,41.2,41.3,38.4,42.6,38.8,45.4,44.4,42.4,42.5,45.5,38.8,42.2,36.5,38.5,37.3,37.8,34.0,38.0,33.6,33.1,35.2,30.2
1451,46.6,43.4,44.7,48.2,43.1,45.3,45.3,42.8,42.4,40.5,42.4,42.6,43.0,40.8,44.7,42.4,42.5,46.0,42.7,42.3,42.7,41.9,45.9,39.7,43.8,44.0,42.3,43.3,39.1,45.1,42.5,42.5,35.7,36.3,33.8,35.1,53.4,42.5,49.6,46.8,48.9,50.8,43.1,43.3,46.9,48.0,44.4,45.3,53.9,41.2,50.2,45.6,50.2,41.5,38.7,42.3,40.5,43.1,41.9,41.3,43.7,41.7,45.8,47.4,45.3,44.1,44.0,41.1,45.1,41.2,50.4,49.0,46.4,45.3,48.4,42.1,44.1,38.5,41.4,41.3,41.5,38.5,40.1,35.4,36.1,37.9,32.5
1452,49.9,45.6,46.6,51.7,46.0,47.8,48.0,45.6,44.7,42.9,44.5,45.1,45.1,43.3,47.3,44.7,45.0,48.0,44.9,43.8,45.3,43.9,48.4,42.6,47.1,46.8,44.8,45.8,41.4,47.4,45.3,44.9,38.2,38.9,36.1,37.4,55.8,44.8,53.3,49.4,51.8,53.1,46.6,45.9,50.2,50.5,47.7,47.8,56.4,44.1,53.0,48.3,53.8,44.1,40.6,44.4,42.2,45.0,44.2,43.5,45.7,44.5,48.0,50.0,48.1,46.3,46.5,43.3,47.2,43.2,53.8,52.4,49.6,47.5,50.7,44.7,45.8,40.1,43.8,44.6,44.7,42.3,42.3,36.9,38.8,40.6,34.6
1453,51.9,46.9,47.7,54.3,48.4,49.8,50.1,47.7,46.5,44.8,46.0,46.9,46.7,45.1,49.3,46.5,46.9,49.5,46.2,44.6,47.3,46.1,50.4,44.7,49.6,48.9,46.7,47.9,43.3,49.4,47.4,46.6,40.5,40.8,38.0,39.1,58.1,46.2,56.0,51.1,54.2,54.5,49.4,47.7,52.4,52.0,50.0,49.4,58.1,46.6,54.8,50.3,56.1,46.0,42.0,45.9,43.5,46.2,46.0,44.8,46.9,46.7,49.6,51.5,50.4,47.8,48.5,45.2,49.0,44.8,55.7,55.0,52.0,49.3,52.5,46.6,47.0,41.5,45.6,47.1,47.1,45.1,43.8,38.1,40.9,42.3,36.4
1454,53.3,47.8,48.4,56.5,50.1,51.2,51.5,49.0,47.6,46.1,47.0,48.3,47.9,46.5,50.7,47.8,48.5,50.4,47.2,45.6,48.6,47.0,51.8,46.3,51.4,50.5,47.9,49.2,44.7,50.5,48.7,47.6,42.2,42.4,39.5,40.4,59.6,47.1,57.9,52.4,56.0,55.4,51.1,49.1,53.6,52.9,51.4,50.5,59.1,48.0,56.2,51.4,57.6,47.0,42.7,46.9,44.2,46.9,47.2,45.7,48.0,48.2,50.7,52.8,52.2,48.8,50.0,46.5,50.2,45.9,57.0,57.0,53.3,50.5,53.6,47.7,48.0,42.3,47.0,48.8,48.8,46.9,44.3,38.7,42.6,43.6,37.8
1455,53.5,48.3,48.6,57.4,50.9,52.1,52.5,49.7,48.4,46.8,47.6,49.2,48.5,47.3,51.7,48.3,49.2,50.7,47.6,45.9,49.4,47.9,52.5,47.1,52.3,51.6,48.8,50.0,45.3,51.3,49.5,48.2,43.0,43.3,40.4,41.2,60.0,47.2,59.0,53.1,57.1,55.2,52.1,49.7,54.2,53.2,52.0,50.9,59.6,48.5,56.8,51.7,58.5,47.2,43.1,47.4,44.5,47.2,48.0,46.2,48.2,49.2,51.0,53.3,53.3,49.3,50.7,47.3,51.0,46.5,57.5,57.9,54.0,51.2,54.2,48.2,48.4,42.7,47.8,49.9,49.6,48.1,45.0,38.9,43.6,44.4,38.7
1456,52.6,47.7,47.8,58.2,51.0,52.6,52.8,49.7,48.4,46.8,47.6,49.6,48.4,47.4,51.7,48.5,49.3,50.2,47.3,45.5,49.5,47.7,52.4,47.2,52.4,51.9,48.8,50.0,45.5,51.3,49.5,48.0,43.0,43.4,40.4,41.3,59.9,46.6,59.4,52.7,57.5,54.3,52.3,49.7,53.7,52.2,52.1,50.6,59.1,48.7,56.8,51.2,58.5,46.5,43.0,47.2,44.4,47.2,48.4,46.1,47.8,49.7,50.8,52.9,53.6,49.0,50.6,47.4,50.9,46.5,57.2,58.4,53.6,51.3,53.8,48.1,48.3,42.6,47.7,50.5,50.0,48.0,44.7,38.8,43.9,44.4,38.7
1457,50.6,45.4,45.3,57.5,50.0,51.6,51.9,48.7,47.4,45.7,46.7,49.2,47.5,46.8,50.8,47.6,48.4,48.8,46.1,44.5,48.6,46.9,51.6,46.3,51.4,50.8,48.0,49.2,44.6,50.5,48.7,47.2,42.4,42.5,39.8,40.6,58.1,44.4,58.5,51.4,56.9,51.9,51.3,48.9,51.6,50.0,51.0,48.9,57.1,48.2,55.7,49.9,57.1,43.9,42.3,45.8,43.7,46.4,47.9,44.6,46.5,49.3,49.4,51.4,52.9,47.6,49.6,46.6,50.0,45.6,55.7,57.9,51.8,50.6,52.2,47.1,47.3,41.7,46.9,49.7,49.0,47.7,44.0,37.8,43.4,43.6,38.1
1458,44.9,40.6,38.9,54.9,47.5,49.5,49.6,46.2,44.8,43.1,44.3,47.5,45.2,45.0,48.3,45.3,45.4,45.3,43.8,41.9,45.9,44.7,49.1,43.8,48.6,48.2,46.0,46.5,42.3,47.8,46.4,44.6,40.0,40.0,37.8,38.4,52.8,40.1,56.3,47.4,54.7,45.5,48.8,46.1,46.3,44.7,48.0,44.6,52.1,45.8,53.5,47.4,54.3,38.2,40.5,42.7,41.5,44.2,46.6,40.8,44.3,47.6,46.1,47.1,51.0,44.5,46.2,44.5,47.5,43.1,52.5,55.7,47.1,48.1,47.6,44.7,45.0,39.6,44.4,47.2,46.3,45.0,41.6,36.1,41.1,41.1,35.5
1459,40.5,37.4,35.6,49.3,43.5,46.2,46.0,42.0,42.8,40.8,42.6,45.0,42.8,42.4,44.4,43.0,41.4,42.2,41.6,40.2,42.3,41.9,45.3,40.1,42.7,43.5,44.0,42.7,39.1,44.8,43.2,42.1,35.8,36.5,35.3,35.0,48.3,37.0,50.6,42.9,51.7,41.8,43.4,41.6,42.9,41.0,44.3,41.1,48.6,40.5,49.0,45.3,49.0,34.9,38.3,40.5,39.0,41.4,44.1,38.6,42.6,44.0,43.2,43.0,48.3,41.7,42.5,42.7,45.0,41.0,46.8,49.2,42.4,43.5,44.0,40.1,43.3,38.1,41.2,41.2,41.1,40.4,37.2,34.8,37.2,38.0,32.2
1460,37.7,35.8,33.4,45.4,41.1,44.3,43.8,39.4,41.3,39.2,41.3,43.0,41.5,40.6,42.5,41.6,39.2,40.7,40.1,39.1,40.2,40.5,43.0,38.2,39.8,40.6,42.5,40.4,37.1,43.1,40.9,40.9,33.7,34.4,33.7,33.1,45.7,35.3,47.1,40.0,49.0,39.9,40.1,39.3,40.7,38.5,41.4,39.0,46.3,37.6,46.1,43.9,44.5,33.0,37.4,38.6,37.7,40.1,42.1,37.5,41.4,41.3,41.2,40.3,46.6,39.6,40.8,41.2,43.3,39.6,43.9,44.6,39.3,40.6,41.8,37.9,42.3,37.1,39.5,37.7,38.8,37.2,35.7,33.8,35.1,36.2,30.3
1461,35.7,34.3,32.0,42.7,39.5,42.6,42.0,37.5,40.4,38.0,40.2,41.5,40.2,39.1,40.9,40.7,37.6,39.6,39.4,38.4,38.6,39.1,41.7,36.7,38.1,39.2,41.0,38.7,35.8,41.7,39.3,39.8,32.5,32.9,32.3,31.9,43.6,34.0,44.8,37.7,47.2,38.3,38.0,37.6,38.7,36.9,38.9,37.1,43.8,36.1,43.7,42.2,42.1,31.7,36.6,37.2,36.7,39.3,40.7,36.6,40.4,40.0,39.6,38.0,45.0,38.1,39.5,39.8,42.1,38.5,42.1,42.1,36.9,39.0,40.2,36.3,41.2,36.2,38.2,35.4,37.0,35.1,35.0,32.9,33.3,34.8,29.2
1462,33.7,33.5,30.8,40.8,37.9,41.4,40.8,36.4,39.5,37.2,39.3,40.3,39.2,38.1,39.9,39.6,36.1,38.5,38.5,37.5,37.3,37.9,40.5,35.6,36.8,38.1,39.8,37.6,34.5,40.6,38.1,38.9,31.4,31.7,31.4,30.8,42.2,32.8,42.9,36.3,45.6,37.2,36.1,37.0,36.9,35.8,37.0,35.5,41.5,34.8,42.0,40.9,40.3,30.6,35.9,35.9,35.8,38.5,39.6,35.9,39.7,38.6,38.4,36.4,43.5,36.6,38.0,38.6,41.2,37.6,40.3,40.4,35.2,37.8,38.8,34.8,40.3,35.4,37.2,33.9,35.5,33.4,34.5,32.0,32.2,33.8,28.5
1463,32.5,32.3,29.6,39.1,36.8,40.3,39.5,35.4,38.4,36.2,38.6,39.1,38.3,37.1,38.6,38.6,35.5,37.6,37.5,36.9,36.2,36.9,39.6,34.5,35.6,37.0,38.8,36.5,33.6,39.8,36.9,38.1,30.4,30.7,30.5,30.2,40.5,31.9,41.4,35.1,44.1,36.2,34.8,36.0,35.4,34.6,35.1,34.0,39.5,33.5,39.9,39.5,38.7,29.7,35.3,34.9,35.3,37.7,38.9,35.0,39.1,37.6,37.3,34.9,42.3,35.4,37.1,37.6,40.3,36.9,38.9,38.6,33.5,36.6,37.5,33.7,39.5,34.8,36.3,32.9,34.5,32.0,34.5,31.2,31.1,32.8,27.8
1464,31.1,31.6,28.8,37.3,36.0,39.3,38.5,34.5,37.4,35.3,37.6,38.3,37.3,36.1,37.8,37.7,34.3,37.0,36.8,36.5,35.2,36.0,38.4,33.6,34.7,36.0,37.9,35.6,32.9,38.8,36.0,37.4,29.6,30.0,29.7,29.3,39.3,31.4,39.9,34.0,42.6,35.4,33.8,35.1,34.0,33.7,34.0,32.9,37.8,32.3,38.8,38.4,37.3,28.9,34.8,34.1,34.7,37.1,38.2,34.3,38.4,36.6,36.4,33.8,41.2,34.2,35.8,36.8,39.3,36.2,37.5,37.0,32.2,35.7,36.2,32.4,38.8,34.1,35.4,31.9,33.7,30.7,34.2,30.7,30.0,32.0,27.1
1465,29.8,31.2,28.1,36.2,35.0,38.4,37.5,33.8,36.7,34.7,37.1,37.5,36.7,35.2,36.8,36.9,33.6,36.3,36.2,36.0,34.4,35.2,37.8,32.9,34.0,35.2,37.0,34.7,32.2,38.0,35.2,36.6,28.8,29.0,29.1,28.5,38.4,30.9,39.1,32.9,41.0,34.7,32.8,34.7,32.8,33.2,32.7,32.2,36.3,31.5,37.6,37.2,35.9,28.1,34.2,33.2,34.3,36.5,37.6,33.8,37.9,35.8,35.6,32.8,40.2,33.5,35.0,35.9,38.4,35.2,36.0,35.3,30.8,34.5,34.8,31.7,38.3,33.5,34.6,30.9,32.8,29.7,34.0,30.1,29.2,31.2,26.5
1466,28.4,30.5,27.5,35.1,34.1,37.3,36.7,33.0,35.8,34.1,36.3,36.4,36.1,34.6,36.0,36.2,33.0,35.4,35.4,35.5,33.7,34.5,36.9,32.2,33.2,34.4,36.3,34.0,31.7,37.2,34.5,36.0,28.1,28.2,28.2,27.7,37.5,30.1,38.0,31.9,40.0,34.2,31.8,33.8,31.8,32.2,31.6,31.5,35.1,30.5,36.5,36.3,34.3,27.6,33.8,32.8,33.8,36.0,37.1,33.1,37.3,35.0,35.0,31.7,39.4,32.7,34.1,35.1,37.5,34.5,34.5,34.2,29.6,33.7,33.8,30.8,37.7,32.8,33.8,30.2,32.0,28.7,33.7,29.4,28.5,30.4,25.9
1467,27.6,29.9,26.6,34.2,33.2,36.7,36.1,32.2,35.1,33.3,35.6,35.8,35.3,33.9,35.4,35.5,32.4,34.6,34.8,35.0,33.0,34.0,36.2,31.4,32.5,33.6,35.6,33.3,31.0,36.6,33.7,35.2,27.4,27.5,27.6,27.1,36.4,29.5,37.1,31.0,38.8,33.9,30.6,33.1,30.5,31.1,30.6,30.7,33.9,29.8,35.6,35.4,33.1,26.9,33.3,32.2,33.3,35.6,36.4,32.5,36.8,34.3,34.6,30.8,38.6,31.9,33.3,34.5,36.9,34.1,32.8,33.4,28.6,32.9,33.1,29.8,37.1,32.4,33.2,29.4,31.1,27.7,33.6,28.9,28.0,29.7,25.6
1468,26.5,29.6,26.3,33.1,32.8,36.0,35.3,31.7,34.5,32.7,35.1,34.8,34.5,33.3,34.6,34.8,31.7,34.2,34.6,34.5,32.4,33.0,35.5,30.7,31.7,32.9,34.9,32.6,30.5,36.0,33.1,34.7,26.8,27.2,27.1,26.6,35.6,29.1,36.2,30.2,37.6,33.4,29.8,32.4,29.5,30.8,29.7,29.9,32.9,29.1,34.9,34.6,32.3,26.1,32.9,31.8,32.9,35.2,35.8,32.0,36.2,33.7,34.2,30.1,37.8,31.3,32.8,33.8,36.2,33.5,31.8,32.4,27.7,32.3,32.4,29.1,36.5,31.9,32.7,28.6,30.3,26.8,33.2,28.5,27.1,29.2,25.3
1469,25.9,29.2,26.0,32.5,32.1,35.3,34.7,31.0,33.8,32.2,34.4,34.2,33.8,32.7,33.9,34.3,31.2,33.8,34.0,34.0,31.8,32.7,34.8,30.0,31.1,32.3,34.4,31.9,29.8,35.4,32.5,34.1,26.0,26.6,26.6,26.1,34.8,28.8,35.5,29.5,36.8,33.0,29.2,32.0,28.8,30.0,29.0,29.2,31.9,28.4,34.2,33.8,31.5,25.4,32.6,31.3,32.5,35.1,35.5,31.5,35.7,33.2,33.8,29.1,37.3,30.7,32.2,33.4,35.7,32.9,30.7,31.7,26.8,32.0,31.7,28.7,36.0,31.5,32.1,27.8,29.5,26.1,32.9,28.0,26.6,28.7,24.7
1470,25.3,28.5,25.6,32.1,31.6,34.7,34.2,30.4,33.2,31.6,34.0,33.6,33.5,32.3,33.5,33.8,30.8,33.3,33.5,33.7,31.5,32.4,34.4,29.2,30.6,31.8,33.9,31.5,29.3,35.2,32.1,33.5,25.6,26.0,26.3,25.7,34.5,28.5,34.8,28.8,36.0,32.4,28.4,31.4,28.2,29.5,28.5,28.6,31.1,28.2,33.5,33.2,30.6,25.0,32.2,30.8,32.4,34.8,35.0,31.3,35.3,32.6,33.2,28.4,37.2,30.5,31.7,32.9,35.2,32.3,29.4,31.1,26.0,31.7,31.3,28.2,35.7,30.9,31.7,27.3,28.9,25.4,32.5,27.7,26.0,28.3,24.2
1471,25.9,29.0,26.7,31.6,31.0,34.3,33.8,30.0,33.0,31.2,34.0,33.3,33.3,31.9,33.1,33.6,30.5,33.3,33.3,34.0,31.0,32.0,34.2,28.6,29.9,31.3,33.4,31.2,29.0,34.8,31.6,33.2,25.3,25.6,26.0,25.4,35.5,28.7,34.2,29.0,35.6,33.7,27.7,31.0,28.9,29.9,28.1,29.7,31.2,27.8,33.0,33.1,30.0,25.8,31.9,30.9,32.1,34.7,34.5,31.1,35.4,32.3,33.4,28.8,36.8,30.6,31.5,32.4,34.8,32.2,28.4,30.5,26.2,31.4,31.9,27.8,35.8,30.9,31.4,26.9,28.3,24.9,32.0,27.9,25.6,27.8,24.0
1472,32.0,33.5,32.7,32.8,32.7,35.6,35.4,32.3,34.9,32.9,36.1,35.1,35.9,33.3,34.9,35.2,32.9,37.1,36.0,36.5,33.2,33.9,36.2,30.1,31.1,33.2,34.8,33.0,31.0,37.1,33.2,35.4,26.6,27.3,27.2,27.2,40.7,32.9,35.3,35.1,38.6,39.9,29.1,33.9,33.5,35.3,31.8,35.1,40.0,29.5,36.0,35.9,34.5,30.2,32.5,33.6,33.2,36.0,34.7,33.7,37.4,32.4,36.7,34.5,38.0,34.3,34.4,33.8,37.7,34.7,33.9,31.7,32.3,34.6,37.7,30.1,38.2,32.7,33.2,28.1,29.8,25.8,32.9,29.7,26.7,29.1,25.3
1473,37.8,38.0,38.7,38.6,36.4,38.7,39.0,35.9,37.5,35.7,38.6,37.6,38.7,35.8,38.4,37.8,36.4,40.9,38.7,38.8,36.6,37.0,39.7,33.5,35.9,37.3,37.3,36.7,33.9,40.2,36.4,37.9,29.9,30.5,29.6,30.2,46.1,37.2,40.5,40.2,42.3,44.9,34.0,37.9,38.7,41.2,36.1,39.6,46.5,33.9,42.7,39.3,40.5,35.1,34.5,37.1,36.1,38.7,37.0,36.8,39.5,35.4,40.4,40.3,40.2,38.4,38.2,36.2,40.7,37.2,40.4,38.4,37.9,39.6,42.2,34.7,40.8,35.0,36.0,33.0,34.1,30.0,36.0,31.8,30.1,32.5,28.1
1474,43.1,41.4,42.8,44.4,40.3,42.3,42.5,39.9,40.5,38.5,41.0,40.5,41.2,38.7,41.9,40.6,39.9,43.8,41.3,40.9,39.9,39.8,43.3,37.1,40.5,41.1,40.2,40.5,36.8,43.1,39.9,40.6,33.1,34.1,32.1,33.0,50.5,40.5,45.5,44.2,46.1,48.5,39.1,41.1,43.7,45.5,40.9,43.0,51.1,38.6,47.2,42.8,46.0,39.1,36.9,40.2,38.9,41.2,39.8,39.3,41.7,38.9,43.6,44.9,42.8,41.6,41.6,39.1,43.4,39.7,45.9,44.8,43.1,43.2,46.1,39.4,43.0,37.3,39.1,38.1,38.4,34.7,38.6,33.9,33.7,35.8,30.9
1475,47.3,44.1,45.6,48.7,43.6,45.7,45.7,43.3,43.2,41.2,43.2,43.4,43.9,41.5,45.1,43.1,43.1,46.4,43.6,43.1,43.3,42.7,46.3,40.3,44.4,44.6,43.0,43.8,39.8,45.7,43.1,43.3,36.2,37.0,34.5,35.8,53.7,43.2,50.1,47.4,49.5,51.3,43.7,43.9,47.8,48.6,45.0,46.0,54.4,41.9,50.7,46.2,50.7,42.4,39.4,42.8,41.3,43.8,42.5,41.8,43.9,42.1,46.4,48.0,45.6,44.5,44.3,41.8,45.9,42.1,50.9,49.4,47.2,46.1,49.0,42.8,44.9,39.3,42.0,42.1,42.2,39.3,40.8,35.7,36.7,38.6,33.3
1476,50.7,46.4,47.5,52.2,46.6,48.2,48.4,46.1,45.4,43.7,45.3,45.9,45.9,44.0,47.7,45.4,45.7,48.4,45.7,44.6,45.9,44.6,48.8,43.2,47.8,47.5,45.5,46.3,42.1,48.0,45.9,45.6,38.8,39.5,36.9,38.2,56.1,45.4,53.8,49.9,52.4,53.5,47.2,46.5,51.0,51.1,48.3,48.4,56.9,44.8,53.5,48.8,54.3,45.0,41.4,44.9,43.1,45.8,44.8,43.9,46.0,44.9,48.4,50.6,48.4,46.7,46.8,44.1,48.0,44.0,54.1,52.8,50.4,48.3,51.3,45.5,46.6,41.0,44.5,45.4,45.4,43.1,42.9,37.3,39.4,41.2,35.5
1477,52.7,47.7,48.6,54.8,49.0,50.3,50.6,48.3,47.3,45.6,46.9,47.7,47.5,45.8,49.7,47.3,47.6,49.9,47.1,45.5,48.0,46.8,50.8,45.4,50.2,49.5,47.5,48.4,44.1,50.0,48.0,47.3,41.0,41.4,38.8,39.8,58.4,47.0,56.5,51.7,54.7,54.8,50.0,48.3,53.2,52.6,50.6,50.0,58.7,47.5,55.5,50.9,56.7,47.0,42.9,46.5,44.4,47.1,46.6,45.3,47.3,47.2,50.1,52.1,50.7,48.2,48.9,46.0,49.8,45.7,56.1,55.3,52.6,50.1,53.1,47.3,47.8,42.5,46.3,47.8,47.8,46.0,44.4,38.4,41.5,42.9,37.2
1478,54.1,48.6,49.3,57.1,50.7,51.7,52.0,49.5,48.4,46.9,47.8,49.2,48.7,47.2,51.2,48.5,49.2,50.8,47.9,46.5,49.2,47.8,52.2,47.0,52.1,51.2,48.7,49.7,45.4,51.2,49.3,48.3,42.8,42.9,40.2,41.2,59.9,47.8,58.3,53.0,56.4,55.8,51.8,49.8,54.5,53.4,52.1,51.1,59.8,48.9,56.7,51.9,58.2,48.0,43.5,47.5,45.1,47.7,47.8,46.2,48.4,48.7,51.2,53.4,52.5,49.3,50.3,47.3,50.9,46.8,57.4,57.2,53.9,51.3,54.2,48.4,48.8,43.3,47.7,49.5,49.5,47.7,45.0,39.0,43.2,44.2,38.7
1479,54.3,49.1,49.5,58.0,51.5,52.7,53.1,50.3,49.1,47.6,48.4,50.1,49.3,48.0,52.2,49.1,49.9,51.2,48.5,46.7,50.0,48.6,52.9,47.8,53.0,52.2,49.6,50.5,46.1,51.9,50.1,48.9,43.6,43.9,41.2,41.9,60.3,47.9,59.4,53.7,57.5,55.5,53.0,50.5,55.0,53.6,52.7,51.6,60.2,49.4,57.4,52.3,59.2,48.3,43.9,48.1,45.4,48.1,48.7,46.8,48.6,49.7,51.6,53.8,53.5,49.8,50.9,48.1,51.8,47.5,57.9,58.2,54.6,52.0,54.7,49.0,49.1,43.7,48.4,50.7,50.3,49.0,45.7,39.3,44.2,45.0,39.5
1480,53.5,48.5,48.8,58.7,51.7,53.2,53.5,50.3,49.1,47.5,48.4,50.3,49.2,48.0,52.3,49.2,50.0,50.9,48.2,46.3,50.1,48.5,52.9,47.9,53.2,52.5,49.5,50.6,46.2,51.8,50.1,48.8,43.6,44.1,41.2,42.1,60.2,47.4,59.6,53.3,58.0,54.6,53.1,50.6,54.5,52.7,52.8,51.2,59.8,49.6,57.4,51.7,59.1,47.5,43.8,47.8,45.3,48.1,49.0,46.7,48.3,50.2,51.4,53.4,53.9,49.5,50.9,48.2,51.6,47.4,57.6,58.7,54.2,52.2,54.4,48.9,48.9,43.5,48.4,51.3,50.7,49.0,45.4,39.2,44.6,45.0,39.6
1481,51.5,46.3,46.2,58.1,50.7,52.4,52.7,49.4,48.0,46.4,47.4,49.9,48.3,47.4,51.5,48.3,49.0,49.4,46.9,45.2,49.2,47.6,52.1,47.0,52.3,51.4,48.7,49.8,45.3,51.0,49.3,47.9,43.1,43.2,40.6,41.4,58.4,45.2,58.9,51.9,57.3,52.4,52.3,49.7,52.4,50.5,51.6,49.5,57.8,49.1,56.3,50.4,57.8,45.0,43.1,46.5,44.5,47.2,48.5,45.3,46.9,49.9,50.1,51.9,53.2,48.2,49.9,47.3,50.7,46.4,56.2,58.2,52.5,51.6,52.7,47.9,47.9,42.6,47.5,50.6,49.8,48.6,44.7,38.3,44.1,44.2,39.0
1482,45.7,41.4,39.9,55.6,48.2,50.2,50.3,46.9,45.3,43.8,45.1,48.2,46.0,45.6,49.0,46.0,46.1,45.9,44.6,42.5,46.5,45.4,49.6,44.5,49.5,48.8,46.7,47.1,42.9,48.3,46.9,45.2,40.8,40.7,38.6,39.2,53.2,40.9,56.6,48.0,55.2,46.0,49.7,46.9,47.1,45.3,48.8,45.2,52.7,46.7,54.0,47.9,55.0,39.2,41.3,43.4,42.3,45.0,47.2,41.4,44.7,48.1,46.7,47.7,51.3,45.0,46.6,45.2,48.2,43.9,53.1,56.1,47.8,49.1,48.2,45.5,45.6,40.5,45.1,48.1,47.1,46.0,42.3,36.6,41.9,41.8,36.4
1483,41.2,38.2,36.4,50.0,44.1,46.7,46.6,42.6,43.2,41.4,43.2,45.7,43.4,43.0,45.1,43.6,41.9,42.7,42.3,40.8,42.9,42.4,45.8,40.8,43.5,44.1,44.7,43.3,39.7,45.2,43.7,42.6,36.4,37.2,36.0,35.7,48.6,37.7,50.9,43.6,52.3,42.3,44.3,42.2,43.6,41.5,44.9,41.7,49.3,41.3,49.6,45.7,49.7,35.7,39.0,41.1,39.8,42.2,44.6,39.1,42.9,44.5,43.6,43.5,48.6,42.2,42.7,43.4,45.6,41.7,47.3,49.6,43.1,44.3,44.7,40.9,43.9,38.9,41.9,42.0,41.9,41.3,37.9,35.3,37.9,38.7,32.9
1484,38.3,36.5,34.1,45.9,41.8,44.9,44.5,39.9,41.8,39.9,41.9,43.7,42.0,41.2,43.0,42.2,39.6,41.2,40.7,39.8,40.7,41.0,43.5,38.8,40.6,41.2,43.1,40.9,37.7,43.4,41.4,41.3,34.3,35.0,34.4,33.6,46.0,35.9,47.5,40.6,49.6,40.4,40.9,39.9,41.4,39.1,42.0,39.7,46.8,38.4,46.7,44.3,45.1,33.8,38.1,39.2,38.4,40.8,42.5,37.9,41.7,41.8,41.7,40.8,46.9,40.1,41.2,41.8,43.8,40.3,44.4,45.0,40.0,41.4,42.4,38.6,42.9,37.8,40.1,38.4,39.5,38.1,36.3,34.3,35.6,36.8,31.0
1485,36.3,34.9,32.7,43.2,40.1,43.2,42.6,38.0,40.9,38.6,40.8,42.0,40.6,39.7,41.5,41.2,38.0,40.0,39.9,39.0,39.0,39.7,42.1,37.3,38.8,39.9,41.6,39.2,36.4,42.0,39.8,40.2,33.0,33.5,33.0,32.5,44.0,34.6,45.2,38.2,47.7,38.8,38.8,38.2,39.5,37.4,39.4,37.6,44.4,36.9,44.3,42.6,42.7,32.4,37.2,37.8,37.3,39.9,41.1,37.0,40.8,40.3,40.0,38.5,45.3,38.6,39.8,40.5,42.6,39.0,42.5,42.5,37.5,39.8,40.7,37.0,41.7,36.9,38.8,36.0,37.7,35.9,35.4,33.3,33.9,35.4,29.8
1486,34.3,33.9,31.3,41.3,38.5,42.0,41.3,36.9,39.9,37.7,39.7,40.8,39.6,38.6,40.5,40.1,36.6,38.9,39.0,38.1,37.8,38.5,40.9,36.2,37.4,38.7,40.5,38.1,35.0,41.0,38.6,39.3,31.9,32.2,32.0,31.3,42.5,33.3,43.3,36.8,46.1,37.7,36.9,37.6,37.7,36.3,37.4,36.0,42.1,35.6,42.5,41.4,40.8,31.3,36.5,36.4,36.4,39.0,40.0,36.2,40.0,38.9,38.8,36.7,43.7,37.1,38.2,39.2,41.6,38.1,40.8,40.7,35.7,38.6,39.3,35.5,40.9,36.1,37.7,34.4,36.1,34.1,34.8,32.5,32.7,34.4,29.0
1487,33.1,32.8,30.1,39.6,37.4,40.9,40.1,35.9,38.9,36.8,39.0,39.5,38.7,37.6,39.2,39.1,36.0,37.9,37.9,37.5,36.7,37.5,39.9,35.1,36.3,37.6,39.5,37.0,34.0,40.2,37.4,38.5,30.8,31.1,31.1,30.7,41.0,32.5,41.8,35.7,44.6,36.7,35.5,36.6,36.1,35.2,35.6,34.6,40.1,34.2,40.5,39.9,39.2,30.4,35.9,35.3,35.9,38.3,39.2,35.3,39.4,37.9,37.7,35.2,42.5,35.9,37.4,38.3,40.7,37.4,39.5,38.9,34.0,37.4,37.9,34.4,40.0,35.4,36.9,33.5,35.1,32.6,34.8,31.6,31.6,33.3,28.3
1488,31.7,32.2,29.1,38.0,36.6,39.9,39.0,35.0,37.9,35.9,38.0,38.7,37.7,36.7,38.4,38.2,34.8,37.4,37.2,37.0,35.7,36.4,38.8,34.2,35.3,36.6,38.5,36.1,33.4,39.2,36.5,37.8,30.0,30.4,30.2,29.8,39.7,31.9,40.4,34.6,43.1,36.0,34.3,35.7,34.7,34.2,34.5,33.4,38.4,33.0,39.3,38.8,37.9,29.5,35.4,34.5,35.3,37.6,38.4,34.7,38.6,36.9,36.8,34.0,41.3,34.7,36.1,37.4,39.7,36.7,38.1,37.2,32.6,36.4,36.6,33.1,39.3,34.6,36.0,32.5,34.2,31.4,34.5,31.0,30.4,32.5,27.6
1489,30.4,31.7,28.5,36.8,35.5,39.0,38.0,34.2,37.0,35.3,37.4,37.9,37.1,35.8,37.4,37.4,34.1,36.6,36.6,36.4,34.9,35.6,38.2,33.5,34.4,35.7,37.5,35.2,32.6,38.4,35.7,36.9,29.2,29.3,29.6,29.0,38.7,31.4,39.6,33.4,41.5,35.2,33.3,35.3,33.5,33.7,33.3,32.7,36.8,32.2,38.1,37.6,36.5,28.6,34.8,33.7,34.8,37.0,37.9,34.1,38.1,36.1,36.0,33.0,40.4,34.0,35.2,36.5,38.8,35.7,36.6,35.6,31.1,35.3,35.3,32.2,38.7,34.0,35.1,31.4,33.3,30.3,34.3,30.5,29.7,31.7,27.0
1490,28.9,31.1,28.0,35.6,34.6,37.9,37.2,33.4,36.2,34.7,36.7,36.8,36.4,35.1,36.7,36.7,33.5,35.8,35.9,35.9,34.2,34.9,37.4,32.7,33.7,34.8,36.9,34.6,32.2,37.5,35.0,36.4,28.5,28.6,28.7,28.2,37.8,30.7,38.5,32.4,40.4,34.7,32.3,34.4,32.4,32.6,32.1,32.0,35.6,31.1,37.0,36.7,35.0,28.0,34.4,33.2,34.3,36.5,37.4,33.5,37.5,35.3,35.4,31.9,39.5,33.1,34.3,35.7,37.9,35.0,35.0,34.5,29.9,34.5,34.3,31.4,38.1,33.3,34.3,30.7,32.5,29.3,34.0,29.8,28.9,30.9,26.4
1491,27.9,30.4,27.1,34.6,33.7,37.3,36.6,32.6,35.5,33.9,36.0,36.2,35.7,34.4,36.0,36.0,32.9,34.9,35.1,35.4,33.6,34.5,36.6,31.8,32.9,34.1,36.2,33.8,31.5,36.9,34.3,35.5,27.9,27.9,28.1,27.6,36.9,30.0,37.6,31.6,39.3,34.4,31.1,33.8,31.0,31.6,31.1,31.1,34.4,30.2,36.2,35.8,33.8,27.3,33.9,32.6,33.8,36.1,36.8,32.8,37.0,34.6,34.9,31.0,38.7,32.4,33.6,35.1,37.2,34.5,33.2,33.9,29.0,33.7,33.5,30.4,37.5,32.8,33.7,29.8,31.6,28.2,33.8,29.3,28.4,30.3,26.1
1492,26.9,30.1,26.7,33.6,33.3,36.6,35.8,32.0,34.8,33.3,35.4,35.2,34.9,33.9,35.2,35.3,32.3,34.5,34.9,35.0,32.9,33.5,36.0,31.2,32.1,33.3,35.5,33.1,31.0,36.4,33.6,35.0,27.2,27.5,27.5,27.1,36.0,29.5,36.7,30.8,38.2,33.9,30.2,33.0,30.0,31.1,30.2,30.4,33.4,29.5,35.4,35.0,32.9,26.5,33.4,32.3,33.4,35.7,36.1,32.4,36.4,34.0,34.4,30.3,37.9,31.8,33.1,34.4,36.6,34.0,32.2,32.9,28.0,33.0,32.8,29.6,36.9,32.3,33.2,29.0,30.8,27.3,33.5,28.7,27.6,29.7,25.7
1493,26.3,29.7,26.4,33.0,32.6,35.9,35.1,31.3,34.2,32.8,34.8,34.6,34.2,33.2,34.5,34.8,31.6,34.1,34.4,34.5,32.3,33.1,35.3,30.4,31.5,32.7,35.0,32.4,30.4,35.8,33.0,34.4,26.5,26.9,27.0,26.6,35.4,29.3,35.9,30.0,37.3,33.4,29.6,32.6,29.3,30.5,29.5,29.8,32.4,28.9,34.8,34.2,32.1,25.8,33.1,31.7,33.1,35.5,35.8,31.9,35.9,33.5,34.1,29.4,37.4,31.2,32.4,34.0,35.9,33.3,31.2,32.3,27.1,32.6,32.2,29.2,36.4,31.9,32.6,28.2,29.9,26.6,33.1,28.2,27.0,29.2,25.2
1494,25.7,29.0,25.9,32.5,32.0,35.2,34.6,30.7,33.5,32.2,34.4,34.1,33.9,32.8,34.0,34.4,31.3,33.6,33.8,34.2,32.0,32.8,34.9,29.7,31.0,32.2,34.5,32.0,29.9,35.6,32.6,33.8,26.0,26.3,26.8,26.1,35.0,29.0,35.2,29.4,36.5,32.9,28.8,32.0,28.6,29.8,29.0,29.1,31.6,28.6,34.0,33.6,31.3,25.4,32.6,31.3,32.9,35.2,35.4,31.7,35.5,32.9,33.5,28.7,37.3,30.9,31.9,33.5,35.4,32.8,29.9,31.6,26.3,32.2,31.7,28.7,36.0,31.3,32.2,27.8,29.4,25.9,32.7,28.0,26.4,28.8,24.7
1495,26.5,29.6,27.2,32.1,31.4,34.7,34.2,30.4,33.3,31.8,34.5,33.7,33.7,32.4,33.5,34.2,31.0,33.6,33.7,34.5,31.5,32.4,34.6,29.1,30.3,31.7,34.0,31.6,29.6,35.2,32.1,33.6,25.7,26.0,26.5,25.9,35.9,29.2,34.5,29.6,36.1,34.3,28.3,31.6,29.4,30.5,28.7,30.3,31.8,28.3,33.5,33.6,30.6,26.3,32.4,31.5,32.5,35.0,34.7,31.6,35.5,32.5,33.6,29.2,36.9,31.0,31.7,33.1,35.2,32.7,28.8,31.0,26.8,32.0,32.5,28.3,36.2,31.3,31.9,27.2,28.8,25.3,32.3,28.2,26.1,28.4,24.5
1496,32.7,34.2,33.4,33.4,33.2,36.1,35.9,32.7,35.4,33.6,36.7,35.5,36.4,33.9,35.4,35.8,33.5,37.6,36.5,37.0,33.8,34.5,36.8,30.6,31.7,33.7,35.5,33.5,31.6,37.6,33.8,36.0,27.1,27.8,27.8,27.8,41.2,33.5,35.9,35.8,39.2,40.5,29.7,34.7,34.1,35.9,32.5,35.6,40.5,30.0,36.7,36.4,35.3,30.8,33.1,34.2,33.7,36.6,35.1,34.3,37.6,32.7,37.1,35.0,38.2,34.8,34.6,34.5,38.1,35.3,34.5,32.2,33.0,35.3,38.2,30.7,38.7,33.3,33.8,28.6,30.4,26.3,33.3,30.0,27.3,29.7,25.9
1497,38.6,38.5,39.4,39.2,36.9,39.2,39.5,36.4,38.1,36.4,39.2,38.2,39.3,36.5,39.0,38.5,37.0,41.3,39.2,39.3,37.2,37.7,40.3,34.1,36.5,37.9,38.0,37.2,34.6,40.8,37.0,38.5,30.5,31.1,30.2,30.8,46.5,37.8,41.0,40.8,42.9,45.4,34.7,38.6,39.5,41.7,36.8,40.1,47.0,34.5,43.3,39.7,41.2,35.8,35.1,37.6,36.7,39.2,37.5,37.4,39.8,35.8,40.8,40.9,40.4,39.0,38.4,36.9,41.3,37.8,41.2,39.0,38.7,40.3,42.7,35.4,41.3,35.6,36.7,33.6,34.7,30.5,36.5,32.2,30.7,33.2,28.7
1498,44.0,42.0,43.4,45.1,40.9,42.8,43.1,40.4,41.2,39.3,41.6,41.2,41.9,39.4,42.4,41.3,40.6,44.3,41.9,41.4,40.6,40.6,43.9,37.7,41.2,41.7,40.9,41.2,37.6,43.7,40.6,41.3,33.8,34.7,32.8,33.7,50.8,41.1,46.0,44.8,46.7,48.9,39.8,41.8,44.5,46.1,41.7,43.5,51.7,39.2,47.8,43.2,46.7,39.8,37.6,40.7,39.7,41.9,40.3,39.9,42.1,39.3,44.1,45.5,43.0,42.2,41.8,39.8,44.0,40.4,46.7,45.5,44.0,44.0,46.6,40.0,43.6,38.1,39.7,38.8,39.1,35.4,39.1,34.3,34.4,36.6,31.5
1499,48.3,44.7,46.3,49.6,44.2,46.4,46.3,44.0,43.8,42.0,43.9,44.1,44.6,42.2,45.7,43.9,43.8,46.9,44.2,43.7,44.0,43.5,47.0,41.0,45.2,45.3,43.8,44.4,40.5,46.4,43.8,44.0,37.0,37.7,35.3,36.5,54.1,43.8,50.6,48.0,50.0,51.8,44.5,44.6,48.6,49.2,45.8,46.5,55.0,42.5,51.4,46.5,51.4,43.1,40.1,43.3,42.1,44.4,43.0,42.4,44.3,42.6,46.9,48.6,45.8,45.1,44.6,42.6,46.6,42.9,51.7,50.0,48.0,46.8,49.5,43.4,45.4,40.2,42.8,42.9,42.9,40.1,41.3,36.0,37.5,39.4,34.0
1500,51.7,47.0,48.2,53.0,47.2,48.9,49.0,46.8,46.1,44.5,46.1,46.7,46.7,44.8,48.4,46.2,46.5,48.9,46.4,45.2,46.6,45.5,49.4,43.9,48.6,48.2,46.4,47.1,43.0,48.8,46.6,46.4,39.7,40.3,37.7,39.0,56.5,46.2,54.2,50.5,52.9,53.9,48.0,47.2,51.9,51.7,49.0,48.9,57.4,45.4,54.1,49.1,55.1,45.9,42.2,45.5,43.8,46.4,45.5,44.6,46.4,45.4,49.0,51.1,48.6,47.3,47.1,44.9,48.6,44.9,54.9,53.4,51.1,49.0,51.8,46.2,47.3,42.0,45.3,46.2,46.1,43.8,43.5,37.6,40.3,42.0,36.3
1501,53.6,48.4,49.4,55.6,49.6,51.0,51.3,49.0,48.0,46.5,47.6,48.6,48.3,46.6,50.5,48.1,48.4,50.4,47.8,46.1,48.7,47.7,51.5,46.1,51.1,50.3,48.4,49.1,45.0,50.7,48.7,48.2,42.0,42.3,39.6,40.7,58.8,47.8,56.9,52.3,55.3,55.4,50.8,49.0,54.1,53.3,51.4,50.4,59.2,48.1,56.0,51.2,57.5,47.8,43.7,47.1,45.2,47.8,47.2,45.9,47.8,47.6,50.6,52.6,51.0,48.8,49.2,46.8,50.4,46.6,56.9,55.8,53.3,50.8,53.5,48.0,48.5,43.5,47.1,48.6,48.5,46.8,45.1,38.8,42.5,43.8,38.1
1502,55.0,49.3,50.1,57.6,51.3,52.5,52.8,50.3,49.1,47.8,48.7,50.0,49.6,48.0,52.0,49.4,50.0,51.3,48.6,47.2,50.0,48.8,52.9,47.7,53.0,51.9,49.6,50.4,46.4,51.9,50.1,49.2,43.8,43.8,41.1,42.1,60.2,48.5,58.7,53.6,57.0,56.3,52.5,50.4,55.3,54.1,52.8,51.5,60.2,49.5,57.3,52.2,59.0,48.9,44.3,48.0,45.9,48.5,48.5,46.8,48.9,49.2,51.7,53.8,52.9,49.9,50.7,48.1,51.5,47.7,58.1,57.8,54.8,51.9,54.6,49.1,49.5,44.3,48.5,50.3,50.3,48.6,45.7,39.4,44.2,45.1,39.6
1503,55.3,49.7,50.4,58.6,52.2,53.4,53.8,51.0,49.9,48.5,49.3,51.0,50.2,48.8,53.0,49.9,50.8,51.6,49.1,47.5,50.8,49.6,53.6,48.6,53.8,53.0,50.5,51.3,47.0,52.6,50.9,49.8,44.6,44.8,42.1,42.8,60.6,48.7,59.8,54.2,58.1,56.0,53.6,51.2,55.8,54.3,53.4,52.0,60.6,50.0,57.9,52.6,59.9,49.2,44.7,48.6,46.2,48.8,49.4,47.5,49.1,50.2,52.1,54.3,53.9,50.3,51.3,48.9,52.4,48.4,58.6,58.8,55.3,52.7,55.1,49.7,49.9,44.7,49.3,51.3,51.1,49.8,46.4,39.7,45.2,45.8,40.3
1504,54.5,49.2,49.6,59.3,52.4,54.0,54.3,51.1,49.8,48.4,49.3,51.2,50.1,48.9,53.2,50.0,50.8,51.3,48.9,47.0,50.8,49.4,53.7,48.7,53.9,53.3,50.4,51.3,47.1,52.5,50.9,49.6,44.6,44.9,42.1,43.1,60.3,48.1,60.1,53.8,58.6,55.2,53.8,51.2,55.3,53.4,53.5,51.5,60.1,50.2,57.8,52.0,59.7,48.4,44.6,48.3,46.1,48.9,49.7,47.3,48.8,50.7,51.9,53.9,54.3,50.0,51.3,49.0,52.3,48.3,58.3,59.2,55.0,52.8,54.7,49.5,49.7,44.5,49.3,52.0,51.5,49.8,46.1,39.6,45.5,45.9,40.4
1505,52.3,47.1,47.1,58.7,51.5,53.1,53.4,50.1,48.7,47.3,48.2,50.7,49.1,48.3,52.3,49.2,49.8,49.9,47.6,46.0,49.9,48.5,52.9,47.8,53.0,52.2,49.6,50.6,46.3,51.6,50.1,48.7,44.0,44.0,41.5,42.3,58.6,46.1,59.4,52.5,57.9,52.9,53.0,50.3,53.2,51.3,52.4,49.8,58.2,49.7,56.8,50.7,58.4,45.9,43.9,47.0,45.3,48.0,49.2,45.9,47.4,50.4,50.6,52.4,53.7,48.6,50.3,48.2,51.3,47.3,56.8,58.9,53.4,52.2,53.1,48.5,48.7,43.5,48.4,51.2,50.5,49.4,45.4,38.7,45.0,45.1,39.8
1506,46.5,42.2,40.7,56.2,49.0,50.9,51.1,47.6,46.0,44.7,45.9,49.0,46.8,46.5,49.8,46.8,46.9,46.3,45.2,43.2,47.2,46.3,50.3,45.3,50.2,49.6,47.6,47.9,43.8,49.0,47.7,46.0,41.7,41.5,39.4,40.1,53.5,41.6,57.1,48.6,55.8,46.6,50.5,47.6,48.0,46.0,49.5,45.6,53.2,47.3,54.5,48.2,55.7,40.0,42.0,44.0,43.1,45.7,47.8,42.0,45.1,48.7,47.3,48.2,51.8,45.5,47.1,46.0,48.8,44.7,53.6,56.7,48.6,49.8,48.7,46.1,46.3,41.3,45.9,48.9,47.9,46.9,43.1,37.0,42.8,42.6,37.2
1507,41.9,38.9,37.0,50.5,44.9,47.5,47.4,43.4,43.8,42.2,43.9,46.4,44.2,43.8,45.9,44.4,42.5,43.1,43.0,41.3,43.5,43.2,46.5,41.5,44.3,44.9,45.5,44.1,40.6,45.8,44.4,43.1,37.3,37.9,36.9,36.4,49.0,38.4,51.5,44.2,52.7,42.8,45.0,42.9,44.4,42.2,45.6,42.0,49.7,42.0,50.2,46.0,50.4,36.5,39.8,41.6,40.6,42.9,45.2,39.6,43.4,45.0,44.2,43.8,49.1,42.7,43.2,44.2,46.2,42.4,47.9,50.2,43.9,45.1,45.1,41.5,44.5,39.6,42.6,42.7,42.5,42.2,38.6,35.7,38.7,39.5,33.7
1508,38.9,37.1,34.6,46.5,42.5,45.6,45.1,40.6,42.4,40.6,42.6,44.3,42.7,42.0,43.7,42.9,40.2,41.5,41.5,40.3,41.3,41.7,44.1,39.5,41.3,41.9,43.9,41.6,38.5,44.0,42.1,41.9,35.1,35.7,35.2,34.3,46.3,36.6,48.1,41.2,50.1,40.9,41.6,40.6,42.1,39.7,42.7,40.0,47.2,39.0,47.3,44.6,45.8,34.6,38.8,39.7,39.2,41.6,43.1,38.3,42.1,42.3,42.2,41.2,47.3,40.6,41.6,42.6,44.4,40.9,45.0,45.5,40.8,42.1,42.8,39.2,43.5,38.4,40.8,39.0,40.1,38.9,36.9,34.6,36.4,37.6,31.6
1509,36.9,35.6,33.3,43.8,40.8,43.9,43.3,38.7,41.5,39.3,41.4,42.7,41.2,40.4,42.2,41.9,38.7,40.3,40.6,39.4,39.7,40.4,42.7,37.9,39.5,40.5,42.3,39.9,37.1,42.7,40.4,40.9,33.8,34.2,33.7,33.1,44.3,35.3,45.7,38.8,48.2,39.3,39.4,39.0,40.2,38.1,40.2,37.9,44.9,37.5,44.8,42.9,43.4,33.3,38.1,38.3,38.1,40.7,41.6,37.5,41.2,40.7,40.6,39.0,45.8,39.1,40.2,41.2,43.3,39.6,43.1,43.0,38.3,40.4,41.1,37.6,42.2,37.4,39.5,36.7,38.4,36.7,35.9,33.6,34.7,36.1,30.5
1510,34.9,34.6,32.0,41.8,39.2,42.6,42.1,37.5,40.6,38.4,40.4,41.4,40.3,39.3,41.2,40.9,37.2,39.1,39.6,38.5,38.5,39.2,41.5,36.9,38.2,39.4,41.2,38.8,35.7,41.7,39.2,39.9,32.7,32.9,32.8,32.0,42.9,34.1,43.9,37.4,46.6,38.3,37.6,38.3,38.4,37.0,38.2,36.3,42.6,36.1,43.0,41.7,41.4,32.1,37.3,37.0,37.2,39.8,40.4,36.7,40.4,39.3,39.2,37.3,44.2,37.6,38.7,39.9,42.2,38.7,41.3,41.3,36.3,39.2,39.8,36.1,41.4,36.6,38.4,35.1,36.8,34.9,35.3,32.8,33.4,35.1,29.7
1511,33.7,33.5,30.8,40.1,38.1,41.6,40.8,36.5,39.6,37.5,39.6,40.2,39.3,38.4,39.9,39.8,36.6,38.2,38.5,37.9,37.4,38.1,40.7,35.7,37.0,38.4,40.2,37.8,34.8,40.8,38.1,39.1,31.6,31.9,32.0,31.4,41.5,33.2,42.3,36.2,45.1,37.3,36.2,37.3,36.9,35.9,36.4,34.9,40.4,34.7,41.1,40.2,39.9,31.1,36.6,35.9,36.6,39.0,39.7,35.8,39.7,38.3,38.1,35.6,42.9,36.4,37.7,39.0,41.3,38.0,40.0,39.5,34.6,38.1,38.3,35.0,40.6,36.0,37.6,34.1,35.8,33.4,35.2,31.9,32.3,34.0,29.1
1512,32.3,32.9,29.7,38.6,37.2,40.7,39.8,35.5,38.6,36.7,38.6,39.3,38.3,37.5,39.1,38.8,35.6,37.7,37.8,37.4,36.5,37.1,39.6,34.9,36.0,37.4,39.2,36.9,34.1,39.9,37.1,38.4,30.9,31.2,31.1,30.6,40.0,32.7,40.9,35.1,43.6,36.5,35.0,36.4,35.3,34.9,35.2,33.7,38.8,33.5,39.9,39.1,38.6,30.3,36.1,35.1,36.0,38.3,38.8,35.1,39.0,37.4,37.3,34.5,41.7,35.1,36.4,38.1,40.3,37.3,38.6,37.7,33.2,37.1,36.9,33.7,39.8,35.2,36.7,33.2,34.9,32.0,34.9,31.2,31.2,33.2,28.4
1513,31.0,32.5,29.1,37.3,36.1,39.8,38.8,34.8,37.8,36.0,38.0,38.5,37.7,36.6,38.1,38.1,34.8,36.8,37.1,36.9,35.6,36.3,39.0,34.2,35.2,36.6,38.3,36.0,33.3,39.0,36.4,37.6,30.1,30.2,30.4,29.8,39.1,32.3,40.1,33.9,42.1,35.7,34.0,36.0,34.1,34.3,34.0,33.0,37.1,32.7,38.7,37.9,37.3,29.4,35.4,34.2,35.5,37.6,38.3,34.5,38.5,36.6,36.4,33.5,40.7,34.4,35.5,37.3,39.3,36.4,37.1,36.1,31.8,35.9,35.7,32.7,39.3,34.5,35.9,32.1,34.0,30.9,34.6,30.7,30.5,32.4,27.8
1514,29.5,32.0,28.5,36.2,35.3,38.7,38.0,34.0,37.0,35.5,37.3,37.4,36.9,35.9,37.4,37.4,34.2,36.1,36.3,36.5,34.9,35.6,38.2,33.4,34.4,35.7,37.7,35.4,32.9,38.2,35.7,37.0,29.4,29.5,29.6,29.0,38.3,31.7,39.1,33.0,41.0,35.2,33.0,35.0,33.0,33.3,32.8,32.4,35.9,31.6,37.6,36.9,35.8,28.8,35.0,33.8,35.0,37.1,37.7,33.9,37.9,35.7,35.8,32.5,39.8,33.6,34.7,36.5,38.6,35.6,35.5,35.1,30.7,35.1,34.6,32.0,38.6,33.9,35.1,31.4,33.3,30.0,34.3,30.0,29.8,31.6,27.3
1515,28.5,31.3,27.7,35.2,34.4,38.1,37.4,33.4,36.2,34.7,36.5,36.8,36.2,35.3,36.7,36.7,33.6,35.3,35.7,36.0,34.3,35.2,37.5,32.5,33.6,34.9,37.0,34.6,32.3,37.7,35.0,36.2,28.8,28.7,28.9,28.3,37.5,31.0,38.1,32.1,39.9,34.9,31.8,34.4,31.6,32.3,31.9,31.4,34.7,30.8,36.7,36.0,34.5,28.1,34.5,33.2,34.4,36.7,37.1,33.2,37.3,34.9,35.4,31.5,39.0,32.8,33.9,35.9,37.9,35.2,33.8,34.4,29.8,34.3,33.8,31.0,37.9,33.5,34.5,30.6,32.4,28.8,34.1,29.4,29.3,31.0,27.0
1516,27.5,30.9,27.2,34.2,34.0,37.5,36.6,32.8,35.5,34.2,36.0,35.8,35.4,34.7,36.0,36.1,33.0,34.8,35.3,35.5,33.6,34.3,36.8,31.9,32.9,34.1,36.3,33.9,31.8,37.2,34.4,35.6,28.1,28.4,28.4,27.9,36.6,30.5,37.3,31.3,38.7,34.4,30.9,33.7,30.7,31.8,31.0,30.9,33.7,30.0,36.0,35.2,33.6,27.4,34.1,32.7,34.0,36.3,36.5,32.8,36.7,34.3,34.8,30.8,38.2,32.2,33.3,35.2,37.3,34.7,33.0,33.3,28.8,33.7,33.1,30.1,37.3,33.0,34.0,29.8,31.6,27.9,33.7,28.9,28.5,30.5,26.6
1517,26.9,30.4,27.0,33.6,33.3,36.6,36.0,32.1,34.9,33.7,35.5,35.2,34.8,34.1,35.3,35.6,32.4,34.4,34.9,35.0,33.1,34.0,36.2,31.2,32.3,33.6,35.8,33.3,31.2,36.7,33.8,35.1,27.5,27.8,27.9,27.3,36.0,30.2,36.4,30.5,37.9,34.0,30.3,33.2,29.9,31.2,30.3,30.2,32.7,29.4,35.4,34.4,32.9,26.7,33.6,32.3,33.7,36.1,36.1,32.2,36.1,33.7,34.5,29.8,37.7,31.6,32.7,34.8,36.6,34.0,31.8,32.7,28.0,33.2,32.4,29.7,36.8,32.5,33.5,29.0,30.8,27.2,33.2,28.4,27.9,30.0,26.1
1518,26.3,29.6,26.6,33.1,32.8,36.0,35.4,31.5,34.3,33.0,35.0,34.7,34.5,33.7,34.8,35.2,32.1,33.9,34.4,34.6,32.8,33.7,35.8,30.5,31.8,33.1,35.3,32.9,30.8,36.5,33.4,34.5,27.0,27.2,27.8,26.9,35.7,29.9,35.7,29.9,37.1,33.5,29.5,32.6,29.2,30.5,29.8,29.6,31.9,29.1,34.6,33.8,32.0,26.2,33.2,31.7,33.5,35.8,35.6,32.1,35.8,33.1,33.8,29.1,37.5,31.3,32.2,34.3,36.2,33.5,30.5,32.0,27.1,32.9,31.9,29.2,36.4,32.0,33.1,28.6,30.2,26.5,32.9,28.1,27.4,29.7,25.7
1519,27.3,30.4,27.9,32.6,32.2,35.6,35.1,31.2,34.2,32.7,35.1,34.4,34.4,33.4,34.4,35.0,31.8,34.0,34.4,35.1,32.3,33.2,35.6,30.0,31.2,32.6,34.9,32.6,30.5,36.2,33.0,34.4,26.7,26.9,27.5,26.7,36.5,30.1,35.1,30.3,36.6,34.9,28.9,32.2,30.2,31.3,29.5,30.9,32.4,28.8,34.1,33.9,31.4,27.2,32.9,32.0,33.1,35.5,35.0,32.1,35.9,32.7,34.1,29.7,37.2,31.4,32.0,34.0,36.0,33.5,29.6,31.4,27.7,32.5,32.9,28.8,36.7,32.0,32.8,28.0,29.7,26.0,32.5,28.4,27.0,29.2,25.5
1520,33.7,34.9,34.3,34.0,34.2,37.0,36.9,33.6,36.3,34.6,37.4,36.4,37.2,34.9,36.4,36.7,34.4,38.1,37.2,37.6,34.7,35.4,37.8,31.6,32.6,34.8,36.4,34.5,32.6,38.6,34.7,36.9,28.1,28.8,28.8,28.8,41.8,34.4,36.6,36.3,39.8,41.2,30.4,35.4,35.0,36.9,33.3,36.1,41.0,30.7,37.3,36.7,36.0,31.9,33.7,34.7,34.4,37.2,35.4,34.8,38.0,33.0,37.6,35.7,38.6,35.4,35.0,35.4,39.0,36.1,35.3,32.8,34.0,36.0,38.7,31.3,39.3,34.1,34.8,29.6,31.4,27.1,33.7,30.3,28.3,30.7,27.0
1521,39.9,39.3,40.4,40.1,37.9,40.2,40.5,37.3,39.0,37.4,40.0,39.1,40.1,37.5,39.9,39.4,38.0,41.8,40.0,40.1,38.2,38.7,41.3,35.1,37.5,38.9,39.0,38.2,35.6,41.7,38.0,39.3,31.5,32.1,31.2,31.8,47.0,38.6,41.7,41.3,43.5,46.3,35.6,39.3,40.5,42.7,37.6,40.6,47.4,35.1,43.8,40.1,41.8,36.8,35.8,38.2,37.4,39.9,37.9,37.9,40.2,36.2,41.4,41.5,40.7,39.5,38.9,37.9,42.1,38.7,41.8,39.8,39.7,41.1,43.2,36.1,41.9,36.5,37.7,34.6,35.8,31.5,36.8,32.6,31.7,34.1,29.8
1522,45.2,42.9,44.5,46.1,41.8,43.8,44.0,41.3,42.1,40.3,42.4,42.1,42.8,40.3,43.4,42.2,41.5,44.8,42.6,42.2,41.6,41.5,44.9,38.7,42.2,42.8,41.9,42.0,38.6,44.7,41.5,42.2,34.9,35.7,33.8,34.7,51.3,41.9,46.7,45.3,47.2,49.7,40.8,42.5,45.6,47.1,42.4,44.0,52.1,39.8,48.3,43.7,47.3,41.0,38.3,41.2,40.4,42.5,40.9,40.4,42.5,39.7,44.6,46.0,43.3,42.7,42.2,40.7,44.9,41.2,47.2,46.4,45.1,44.7,46.9,40.5,44.3,38.9,40.7,39.8,40.2,36.4,39.6,34.7,35.4,37.5,32.6
1523,49.5,45.5,47.5,50.7,45.2,47.3,47.2,44.9,44.7,43.0,44.8,45.0,45.5,43.2,46.6,44.8,44.8,47.4,45.0,44.5,44.8,44.4,47.9,41.9,46.2,46.2,44.8,45.3,41.4,47.3,44.8,44.9,38.1,38.7,36.3,37.4,54.5,44.7,51.3,48.6,50.6,52.6,45.4,45.4,49.6,50.2,46.4,47.0,55.3,43.2,51.8,47.1,51.9,44.4,40.8,43.8,42.7,45.0,43.6,42.9,44.8,43.0,47.4,49.1,46.2,45.5,44.9,43.5,47.5,43.8,52.1,51.0,49.0,47.6,49.9,43.9,46.2,41.0,43.7,44.0,44.1,41.3,41.9,36.4,38.5,40.3,35.1
1524,52.8,48.0,49.4,54.1,48.3,49.7,49.9,47.7,47.0,45.4,47.0,47.6,47.7,45.7,49.3,47.2,47.4,49.4,47.2,46.0,47.6,46.5,50.4,44.8,49.5,49.1,47.3,48.1,43.9,49.7,47.6,47.3,40.8,41.4,38.7,40.0,57.0,47.0,54.9,50.9,53.4,54.7,49.1,47.9,53.0,52.5,49.6,49.4,57.8,46.0,54.5,49.6,55.6,47.1,42.8,46.0,44.5,47.0,46.1,45.1,46.9,45.9,49.6,51.7,49.1,47.8,47.4,45.8,49.6,45.9,55.2,54.3,52.2,49.8,52.2,46.8,48.1,42.8,46.2,47.4,47.3,45.0,44.1,38.1,41.3,43.0,37.4
1525,54.8,49.4,50.7,56.6,50.7,51.8,52.2,50.0,48.9,47.5,48.6,49.6,49.3,47.7,51.4,49.1,49.5,50.9,48.6,47.0,49.7,48.7,52.4,47.2,52.1,51.3,49.3,50.1,46.0,51.7,49.8,49.1,43.2,43.4,40.6,41.7,59.2,48.6,57.6,52.7,55.7,56.2,51.9,49.8,55.1,54.1,52.0,50.8,59.6,48.7,56.4,51.7,57.9,49.1,44.3,47.6,45.8,48.3,47.9,46.4,48.2,48.2,51.1,53.1,51.5,49.3,49.5,47.8,51.3,47.7,57.2,56.7,54.4,51.6,54.0,48.6,49.4,44.4,48.2,49.9,49.6,48.1,45.7,39.3,43.6,44.7,39.3
1526,56.3,50.2,51.4,58.6,52.4,53.4,53.7,51.3,50.1,48.8,49.5,51.0,50.6,49.0,52.9,50.3,51.0,51.8,49.5,48.0,51.1,49.8,53.8,48.8,53.9,52.9,50.6,51.4,47.3,52.9,51.1,50.2,45.0,44.9,42.2,43.2,60.6,49.3,59.4,53.9,57.4,57.0,53.7,51.2,56.4,54.8,53.4,51.9,60.6,50.1,57.5,52.6,59.3,50.2,45.0,48.5,46.5,49.0,49.1,47.4,49.4,49.8,52.3,54.4,53.4,50.5,50.9,49.1,52.5,48.8,58.4,58.6,55.7,52.6,55.1,49.6,50.4,45.3,49.6,51.6,51.5,49.9,46.4,39.9,45.3,46.0,40.7
1527,56.6,50.7,51.6,59.5,53.2,54.2,54.6,52.1,50.8,49.4,50.3,52.0,51.2,49.8,53.9,50.9,51.8,52.3,50.1,48.4,51.8,50.5,54.5,49.7,54.9,53.9,51.4,52.2,47.9,53.5,51.9,50.8,45.8,45.9,43.2,43.9,61.0,49.6,60.5,54.5,58.4,56.7,54.8,51.9,57.0,55.0,53.9,52.3,61.1,50.5,58.2,52.9,60.2,50.5,45.3,49.1,46.9,49.4,50.0,48.1,49.6,50.8,52.7,54.8,54.4,50.9,51.7,49.9,53.3,49.4,58.8,59.6,56.3,53.4,55.6,50.2,50.8,45.7,50.3,52.7,52.4,51.2,47.1,40.2,46.4,46.9,41.5
1528,55.7,50.2,50.9,60.2,53.6,54.8,55.1,52.1,50.6,49.4,50.2,52.2,51.0,49.9,54.0,51.0,51.8,52.0,49.9,48.0,51.8,50.4,54.6,49.8,55.1,54.2,51.4,52.2,48.1,53.4,51.8,50.6,45.9,46.1,43.3,44.2,60.7,49.0,60.7,54.1,58.8,55.8,54.9,51.9,56.4,54.2,54.0,51.9,60.6,50.7,58.0,52.4,60.1,49.7,45.3,48.9,46.8,49.4,50.3,47.9,49.3,51.4,52.6,54.4,54.8,50.6,51.7,50.0,53.2,49.3,58.5,60.0,56.0,53.5,55.2,50.0,50.7,45.5,50.3,53.2,52.7,51.2,46.9,40.1,46.7,46.9,41.5
1529,53.5,48.1,48.3,59.5,52.6,54.0,54.2,51.3,49.6,48.3,49.2,51.7,50.1,49.3,53.1,50.1,50.8,50.5,48.6,46.9,51.0,49.5,53.8,48.9,54.2,53.2,50.7,51.4,47.3,52.5,51.2,49.6,45.3,45.2,42.6,43.5,59.0,47.0,60.0,52.8,58.2,53.6,54.2,51.1,54.3,52.1,52.9,50.2,58.6,50.3,57.0,51.0,58.8,47.1,44.5,47.6,46.0,48.6,49.7,46.5,47.9,51.0,51.3,52.9,54.2,49.3,50.7,49.2,52.2,48.3,57.1,59.6,54.3,52.9,53.6,48.9,49.6,44.5,49.4,52.5,51.8,50.7,46.1,39.2,46.2,46.2,41.0
1530,47.6,43.1,41.9,57.1,50.2,51.8,51.9,48.8,47.0,45.8,46.9,49.9,47.9,47.5,50.7,47.8,48.0,47.0,46.2,44.1,48.3,47.3,51.2,46.4,51.4,50.7,48.7,48.8,44.9,49.8,48.8,47.0,43.0,42.7,40.6,41.2,54.0,42.5,57.7,49.0,56.0,47.4,51.7,48.4,49.1,46.7,50.1,46.0,53.6,47.9,54.8,48.6,56.1,41.2,42.7,44.6,43.8,46.3,48.4,42.6,45.6,49.4,47.9,48.8,52.4,46.1,47.6,47.1,49.8,45.7,54.0,57.4,49.6,50.5,49.3,46.6,47.2,42.3,47.0,50.1,49.0,48.2,43.8,37.5,44.0,43.7,38.4
1531,43.1,39.8,38.0,51.4,46.0,48.4,48.2,44.5,44.8,43.3,44.9,47.5,45.2,44.9,46.8,45.4,43.6,43.6,44.1,42.2,44.6,44.2,47.4,42.6,45.4,45.9,46.6,45.0,41.6,46.7,45.5,44.2,38.4,39.0,38.0,37.5,49.5,39.3,52.1,44.4,53.0,43.4,46.1,43.6,45.5,42.9,46.2,42.4,50.2,42.6,50.5,46.4,50.8,37.5,40.3,42.2,41.1,43.4,45.8,40.1,43.8,45.7,44.7,44.4,49.6,43.2,43.5,45.2,47.1,43.4,48.2,50.8,44.9,45.8,45.7,42.0,45.5,40.6,43.6,44.0,43.6,43.4,39.2,36.1,39.9,40.6,34.9
1532,40.1,37.9,35.6,47.4,43.5,46.4,46.1,41.8,43.4,41.7,43.6,45.4,43.7,43.1,44.7,43.9,41.2,41.9,42.5,41.2,42.3,42.7,45.1,40.6,42.3,42.9,44.9,42.6,39.6,44.9,43.2,43.0,36.2,36.7,36.2,35.3,46.7,37.3,48.6,41.6,50.3,41.6,42.7,41.3,43.1,40.4,43.3,40.4,47.5,39.5,47.7,44.9,46.3,35.6,39.3,40.2,39.7,42.0,43.6,38.8,42.4,42.9,42.7,41.8,47.7,41.1,41.9,43.6,45.4,41.9,45.4,46.1,41.8,42.8,43.4,39.7,44.4,39.5,41.8,40.3,41.1,40.1,37.4,35.0,37.5,38.6,32.7
1533,38.1,36.4,34.2,44.8,41.8,44.9,44.3,39.7,42.5,40.3,42.4,43.8,42.2,41.5,43.2,43.0,39.7,40.7,41.5,40.4,40.7,41.4,43.6,39.0,40.6,41.6,43.4,40.9,38.1,43.5,41.4,41.8,34.8,35.2,34.7,34.1,44.8,36.0,46.2,39.2,48.5,40.0,40.3,39.7,41.2,38.9,40.8,38.3,45.1,37.9,45.3,43.3,43.9,34.3,38.6,38.7,38.6,41.1,42.1,37.9,41.4,41.3,41.0,39.6,46.2,39.3,40.5,42.3,44.3,40.5,43.5,43.6,39.4,41.1,41.7,38.0,43.2,38.4,40.5,37.9,39.5,37.7,36.3,34.1,35.7,37.1,31.6
1534,35.9,35.4,32.9,42.7,40.2,43.6,43.1,38.6,41.6,39.5,41.4,42.5,41.3,40.4,42.2,41.9,38.2,39.4,40.6,39.4,39.5,40.2,42.4,37.9,39.1,40.4,42.3,39.8,36.6,42.5,40.3,40.9,33.7,33.9,33.8,32.9,43.4,34.8,44.3,37.8,46.9,39.0,38.5,38.9,39.4,37.7,38.8,36.7,42.9,36.6,43.5,42.0,41.9,33.2,37.8,37.3,37.6,40.2,40.9,37.1,40.6,39.8,39.5,37.8,44.5,37.9,38.9,41.0,43.2,39.7,41.7,41.9,37.3,39.9,40.2,36.5,42.4,37.5,39.4,36.2,37.8,35.9,35.7,33.2,34.5,36.0,30.8
1535,34.7,34.4,31.7,41.0,39.1,42.4,41.8,37.6,40.6,38.5,40.5,41.2,40.4,39.4,41.0,40.8,37.6,38.5,39.4,38.9,38.4,39.2,41.5,36.8,38.0,39.3,41.2,38.7,35.8,41.6,39.1,40.0,32.6,32.8,32.9,32.3,41.9,34.0,42.8,36.5,45.3,37.9,37.2,38.1,37.8,36.6,37.1,35.4,40.8,35.1,41.5,40.5,40.4,32.1,37.1,36.2,37.0,39.3,40.0,36.2,39.9,38.7,38.5,36.2,43.3,36.7,37.9,40.1,42.3,39.0,40.2,40.2,35.5,38.7,38.8,35.3,41.6,36.7,38.6,35.2,36.8,34.5,35.6,32.4,33.4,35.0,30.1
1536,33.3,33.7,30.7,39.5,38.2,41.5,40.7,36.5,39.5,37.7,39.6,40.3,39.4,38.5,40.0,39.7,36.5,38.0,38.7,38.4,37.5,38.1,40.4,35.9,37.0,38.3,40.2,37.8,35.1,40.6,38.1,39.2,31.9,32.1,32.0,31.5,40.5,33.4,41.5,35.4,43.9,37.0,36.0,37.0,36.2,35.6,35.7,34.1,39.1,33.9,40.3,39.4,39.0,31.3,36.5,35.3,36.5,38.7,39.2,35.4,39.2,37.7,37.6,35.0,42.1,35.4,36.7,39.2,41.3,38.2,38.9,38.4,34.1,37.8,37.2,34.1,40.9,36.0,37.6,34.3,35.9,33.1,35.3,31.7,32.2,34.2,29.5
1537,32.1,33.2,30.0,38.2,37.1,40.6,39.6,35.8,38.6,37.0,39.0,39.4,38.7,37.6,38.9,39.0,35.7,37.3,38.1,37.9,36.6,37.2,39.9,35.2,36.1,37.4,39.3,36.9,34.3,39.8,37.3,38.4,31.0,31.1,31.3,30.6,39.6,33.0,40.6,34.2,42.3,36.2,34.9,36.6,35.0,34.9,34.5,33.4,37.4,33.1,39.1,38.2,37.7,30.4,35.8,34.5,35.9,38.0,38.6,34.8,38.6,36.8,36.7,33.9,41.0,34.7,35.7,38.3,40.2,37.3,37.4,36.8,32.6,36.6,36.1,33.0,40.3,35.3,36.7,33.1,34.9,32.0,35.0,31.1,31.4,33.3,28.8
1538,30.7,32.6,29.4,37.0,36.3,39.5,38.8,35.0,37.8,36.5,38.2,38.3,37.9,36.8,38.2,38.3,35.0,36.5,37.2,37.4,35.8,36.5,39.1,34.4,35.3,36.5,38.6,36.3,33.8,39.0,36.6,37.8,30.3,30.3,30.5,29.9,38.8,32.4,39.7,33.3,41.3,35.7,33.9,35.6,33.9,33.9,33.4,32.7,36.1,32.0,37.9,37.1,36.2,29.8,35.4,34.0,35.4,37.5,38.1,34.3,38.1,36.0,36.1,32.9,40.1,33.9,34.9,37.5,39.4,36.4,35.9,35.7,31.6,35.8,35.0,32.2,39.6,34.8,35.9,32.5,34.2,31.0,34.8,30.4,30.7,32.6,28.3
1539,29.6,32.0,28.6,36.1,35.3,38.9,38.1,34.3,37.1,35.6,37.4,37.7,37.1,36.2,37.5,37.6,34.4,35.7,36.5,36.9,35.1,36.1,38.4,33.4,34.5,35.8,38.0,35.5,33.2,38.4,35.8,36.9,29.7,29.6,29.9,29.2,38.0,31.6,38.7,32.4,40.2,35.4,32.7,35.0,32.5,32.9,32.5,31.8,34.9,31.2,37.0,36.2,34.9,29.2,35.0,33.4,34.9,37.0,37.4,33.6,37.5,35.2,35.6,31.8,39.3,33.2,34.2,36.9,38.7,35.9,34.0,34.9,30.6,34.9,34.2,31.3,38.9,34.3,35.3,31.6,33.2,29.8,34.6,29.9,30.1,32.0,27.9
1540,28.6,31.5,28.1,35.1,34.9,38.2,37.3,33.7,36.4,35.1,36.9,36.7,36.3,35.5,36.7,36.9,33.8,35.2,36.2,36.4,34.4,35.2,37.7,32.8,33.8,34.9,37.2,34.8,32.7,38.0,35.2,36.4,28.9,29.3,29.4,28.8,37.1,31.0,37.8,31.5,39.1,35.0,31.9,34.2,31.7,32.3,31.5,31.2,33.8,30.4,36.2,35.4,33.9,28.4,34.5,33.0,34.4,36.6,36.8,33.2,36.9,34.5,35.0,31.1,38.5,32.6,33.5,36.2,38.1,35.4,33.3,33.9,29.6,34.3,33.4,30.3,38.3,33.8,34.7,30.7,32.5,28.9,34.1,29.3,29.3,31.5,27.5
1541,27.9,31.0,27.7,34.4,34.2,37.4,36.8,32.9,35.7,34.6,36.3,36.0,35.5,34.9,36.0,36.5,33.1,34.8,35.7,35.9,33.8,34.8,37.0,32.1,33.2,34.5,36.7,34.1,32.0,37.4,34.6,35.8,28.3,28.6,28.8,28.2,36.4,30.6,36.9,30.8,38.3,34.4,31.3,33.7,30.9,31.7,30.9,30.5,32.9,29.7,35.6,34.6,33.2,27.7,34.1,32.5,34.1,36.4,36.4,32.6,36.3,34.0,34.7,30.1,38.1,31.9,32.8,35.7,37.5,34.7,32.1,33.3,28.7,33.7,32.8,29.9,37.8,33.3,34.1,29.9,31.7,28.2,33.6,28.8,28.8,31.0,27.1
1542,27.3,30.2,27.3,33.8,33.6,36.7,36.2,32.5,35.2,33.9,35.8,35.6,35.2,34.5,35.5,36.1,32.8,34.3,35.1,35.5,33.6,34.5,36.5,31.4,32.6,34.1,36.2,33.6,31.6,37.3,34.2,35.3,27.8,28.1,28.7,27.7,36.0,30.3,36.2,30.2,37.4,33.9,30.4,33.0,30.1,31.1,30.4,29.9,32.1,29.4,34.9,34.0,32.2,27.1,33.6,32.0,33.8,36.1,36.0,32.4,36.0,33.4,34.2,29.2,37.7,31.7,32.4,35.3,37.1,34.3,30.8,32.6,27.8,33.3,32.2,29.4,37.3,32.9,33.8,29.4,31.2,27.5,33.3,28.5,28.3,30.7,26.6
1543,28.4,31.1,28.7,33.2,33.1,36.3,35.9,32.2,35.0,33.6,35.9,35.2,35.2,34.1,35.2,35.9,32.5,34.6,35.1,35.9,33.1,34.0,36.4,30.9,32.1,33.6,35.8,33.3,31.5,36.9,33.8,35.2,27.5,27.8,28.5,27.5,36.8,30.7,35.6,30.6,37.0,35.4,29.8,32.8,31.1,31.8,30.1,31.3,32.9,29.2,34.4,34.2,31.6,28.1,33.3,32.4,33.4,35.9,35.4,32.5,36.1,33.0,34.5,30.0,37.4,31.9,32.2,34.9,37.0,34.2,29.9,32.0,28.5,33.0,33.2,29.0,37.5,32.9,33.6,28.9,30.7,27.0,32.8,28.8,27.9,30.2,26.5
1544,34.7,35.5,35.2,34.8,35.2,37.8,37.7,34.5,37.2,35.5,38.3,37.2,38.0,35.7,37.2,37.6,35.3,38.8,37.9,38.4,35.6,36.2,38.6,32.5,33.6,35.8,37.4,35.3,33.6,39.4,35.7,37.7,29.0,29.8,29.7,29.7,42.2,35.1,37.2,36.7,40.2,41.7,31.3,36.0,35.9,37.4,33.9,36.6,41.5,31.1,37.8,37.1,36.4,32.9,34.2,35.1,34.9,37.6,35.9,35.3,38.3,33.5,38.2,36.2,38.8,35.8,35.3,36.4,39.9,36.9,35.6,33.5,34.8,36.7,39.1,31.7,40.2,35.0,35.6,30.6,32.5,28.1,34.2,30.8,29.3,31.7,28.1
1545,40.7,39.8,41.2,40.8,38.9,40.9,41.3,38.2,39.8,38.3,40.8,39.9,40.9,38.3,40.7,40.2,38.9,42.4,40.7,40.9,39.1,39.4,42.1,35.9,38.3,39.8,39.9,38.9,36.5,42.5,38.9,40.2,32.4,33.0,32.2,32.8,47.3,39.1,42.3,41.7,43.9,46.7,36.4,40.0,41.2,43.0,38.2,41.1,47.9,35.8,44.2,40.5,42.2,37.9,36.4,38.7,38.0,40.4,38.5,38.5,40.5,36.6,42.0,42.0,41.0,39.9,39.2,38.8,42.9,39.5,42.1,40.4,40.3,41.8,43.6,36.4,42.8,37.4,38.5,35.6,36.8,32.5,37.5,33.0,32.7,35.1,30.9
1546,46.0,43.3,45.2,46.8,42.7,44.5,44.8,42.2,42.8,41.1,43.2,42.9,43.6,41.2,44.2,43.0,42.3,45.4,43.4,43.1,42.4,42.2,45.6,39.6,43.0,43.6,42.8,42.8,39.5,45.4,42.4,43.1,35.9,36.6,34.8,35.6,51.5,42.6,47.3,45.7,47.6,50.0,41.6,43.2,46.1,47.3,42.9,44.5,52.5,40.5,48.7,44.1,47.6,42.1,38.9,41.8,40.9,43.0,41.5,41.0,42.9,40.2,45.2,46.5,43.7,43.1,42.6,41.6,45.6,42.1,47.4,46.8,45.5,45.4,47.4,40.8,45.1,39.8,41.5,40.6,41.1,37.4,40.3,35.2,36.4,38.5,33.7
1547,50.2,46.0,48.1,51.3,46.1,47.9,48.0,45.7,45.4,43.8,45.6,45.7,46.3,44.0,47.4,45.5,45.6,48.0,45.8,45.2,45.6,45.1,48.5,42.9,47.0,47.0,45.6,46.1,42.3,48.0,45.6,45.6,39.1,39.7,37.3,38.5,54.7,45.3,51.7,48.9,51.0,52.9,46.2,46.0,50.1,50.4,46.8,47.5,55.7,43.6,52.3,47.6,52.2,45.4,41.5,44.4,43.3,45.5,44.4,43.5,45.3,43.5,48.0,49.7,46.5,45.9,45.3,44.3,48.2,44.6,52.2,51.4,49.5,48.2,50.3,44.2,47.0,41.9,44.5,44.9,44.9,42.3,42.6,36.9,39.6,41.3,36.3
1548,53.4,48.3,49.9,54.5,49.2,50.3,50.6,48.5,47.5,46.3,47.7,48.3,48.4,46.5,50.0,47.9,48.2,50.1,47.9,46.8,48.4,47.1,51.0,45.8,50.3,49.9,48.1,48.8,44.8,50.3,48.4,48.0,41.9,42.4,39.8,41.0,57.2,47.5,55.3,51.3,53.7,55.0,49.8,48.5,53.4,52.8,50.0,49.7,58.1,46.5,54.9,50.0,55.9,48.2,43.5,46.5,45.0,47.4,46.9,45.6,47.3,46.4,50.2,52.3,49.4,48.2,47.9,46.6,50.3,46.6,55.3,54.7,52.5,50.4,52.7,47.0,48.9,43.7,47.0,48.3,48.1,46.0,44.9,38.5,42.4,43.9,38.6
1549,55.4,49.7,51.2,57.1,51.5,52.5,52.9,50.8,49.4,48.3,49.2,50.2,50.0,48.4,52.1,49.8,50.2,51.6,49.2,47.8,50.4,49.4,52.9,48.1,52.8,52.0,50.1,50.8,46.8,52.2,50.5,49.8,44.3,44.4,41.7,42.7,59.5,49.1,58.0,53.2,56.0,56.4,52.6,50.4,55.5,54.3,52.4,51.3,60.1,49.1,56.7,52.2,58.2,50.1,45.0,48.1,46.4,48.7,48.6,46.9,48.8,48.7,51.7,53.6,51.9,49.8,50.0,48.5,52.1,48.4,57.4,57.0,54.7,52.2,54.4,48.8,50.1,45.3,48.9,50.7,50.4,49.1,46.5,39.8,44.7,45.7,40.4
1550,56.8,50.5,52.0,59.0,53.2,54.0,54.4,52.1,50.6,49.5,50.1,51.7,51.2,49.7,53.6,51.0,51.8,52.4,50.0,48.8,51.8,50.4,54.2,49.7,54.7,53.6,51.3,52.1,48.2,53.3,51.8,50.8,46.1,46.0,43.3,44.2,60.9,49.8,59.7,54.2,57.7,57.1,54.4,51.7,56.8,55.0,53.7,52.4,61.1,50.5,57.8,53.1,59.7,51.2,45.5,49.0,47.0,49.5,49.8,47.8,50.0,50.4,52.8,54.8,53.9,50.9,51.5,49.8,53.1,49.4,58.6,59.0,56.0,53.2,55.6,49.8,51.1,46.1,50.2,52.5,52.3,50.8,47.3,40.5,46.4,47.1,41.9
1551,57.2,51.0,52.1,60.0,54.0,54.8,55.3,52.9,51.3,50.2,50.8,52.6,51.7,50.5,54.6,51.5,52.6,52.9,50.6,49.0,52.5,51.1,55.0,50.6,55.5,54.6,52.2,53.0,48.8,54.0,52.7,51.3,46.9,47.1,44.3,44.8,61.3,50.0,60.8,55.0,58.7,56.9,55.4,52.4,57.3,55.2,54.2,52.8,61.6,50.9,58.4,53.6,60.5,51.4,46.0,49.6,47.4,49.8,50.7,48.5,50.2,51.5,53.3,55.3,54.9,51.3,52.3,50.6,53.9,50.0,59.1,60.0,56.7,53.9,56.2,50.5,51.5,46.5,51.0,53.5,53.1,52.1,48.0,40.8,47.4,47.9,42.6
1552,56.4,50.5,51.4,60.5,54.4,55.4,55.7,53.0,51.1,50.2,50.8,52.8,51.6,50.6,54.7,51.6,52.6,52.6,50.3,48.7,52.5,50.9,55.1,50.7,55.7,54.9,52.2,53.0,49.0,53.8,52.6,51.1,46.9,47.2,44.4,45.2,61.0,49.5,61.0,54.5,59.1,56.0,55.6,52.5,56.8,54.4,54.4,52.4,61.1,51.1,58.3,53.1,60.3,50.7,45.9,49.3,47.3,49.9,51.0,48.3,50.0,52.1,53.1,55.1,55.3,51.0,52.4,50.7,53.7,49.9,58.7,60.2,56.2,54.0,55.8,50.4,51.3,46.3,51.0,54.0,53.5,52.1,47.8,40.7,47.8,47.9,42.7
1553,54.1,48.5,48.9,59.8,53.4,54.6,54.9,52.2,50.0,49.2,49.7,52.2,50.7,50.0,53.8,50.7,51.6,51.2,49.0,47.6,51.7,50.1,54.3,49.9,54.8,53.9,51.5,52.1,48.2,52.8,51.9,50.2,46.3,46.3,43.7,44.5,59.3,47.5,60.3,53.2,58.5,53.8,54.8,51.6,54.8,52.3,53.3,50.7,59.2,50.6,57.3,51.7,59.0,48.2,45.2,48.1,46.5,49.1,50.4,46.9,48.5,51.7,51.8,53.6,54.7,49.7,51.4,50.0,52.7,48.9,57.3,59.8,54.6,53.5,54.3,49.2,50.3,45.3,50.1,53.3,52.5,51.6,47.1,39.8,47.3,47.2,42.1
1554,48.3,43.6,42.5,57.4,51.0,52.5,52.6,49.8,47.5,46.7,47.4,50.5,48.5,48.2,51.4,48.5,48.8,47.5,46.8,44.7,49.2,47.9,51.8,47.4,52.0,51.4,49.5,49.6,45.8,50.3,49.6,47.6,44.0,43.7,41.7,42.2,54.4,43.1,58.1,49.4,56.4,47.7,52.3,48.9,49.7,47.1,50.5,46.5,54.1,48.3,55.1,49.3,56.4,42.1,43.4,45.1,44.5,46.8,49.1,43.1,46.2,50.1,48.5,49.4,52.8,46.6,48.3,47.9,50.3,46.3,54.3,57.6,50.2,51.1,49.9,47.0,47.9,43.2,47.8,51.0,49.9,49.2,44.8,38.1,45.0,44.7,39.5
1555,43.6,40.3,38.5,51.8,46.8,49.0,48.9,45.4,45.3,44.1,45.4,48.1,45.9,45.7,47.5,46.1,44.4,44.1,44.6,42.9,45.4,44.8,48.0,43.5,46.0,46.7,47.3,45.7,42.4,47.1,46.3,44.8,39.4,40.0,39.0,38.5,50.0,39.8,52.4,44.9,53.3,43.7,46.6,44.2,45.9,43.2,46.6,42.8,50.5,43.0,50.9,47.0,51.1,38.3,41.0,42.7,41.7,43.9,46.4,40.6,44.3,46.5,45.2,44.9,50.0,43.6,44.0,46.0,47.7,44.1,48.5,51.2,45.4,46.3,46.3,42.2,46.1,41.4,44.4,44.9,44.3,44.4,40.1,36.7,40.9,41.5,35.8
1556,40.7,38.3,36.1,47.6,44.3,47.1,46.8,42.6,43.9,42.5,44.1,46.2,44.4,43.9,45.3,44.6,42.0,42.4,43.1,41.9,43.1,43.4,45.8,41.4,42.9,43.7,45.7,43.4,40.4,45.3,44.0,43.5,37.1,37.7,37.1,36.2,47.2,37.8,48.8,42.0,50.7,41.8,43.2,41.7,43.6,40.6,43.7,40.7,47.9,39.9,48.0,45.4,46.7,36.4,39.9,40.7,40.3,42.5,44.2,39.2,42.9,43.6,43.2,42.2,48.1,41.5,42.4,44.4,45.9,42.6,45.6,46.4,42.4,43.3,43.8,40.0,45.1,40.3,42.6,41.0,41.8,40.9,38.1,35.6,38.5,39.6,33.7
1557,38.7,36.8,34.7,45.0,42.5,45.5,45.0,40.7,43.1,41.2,43.0,44.5,42.9,42.3,43.9,43.7,40.6,41.2,42.1,41.0,41.5,42.1,44.3,39.9,41.1,42.2,44.2,41.7,38.9,44.0,42.3,42.4,35.7,36.1,35.5,34.8,45.2,36.5,46.5,39.7,48.9,40.3,40.8,40.2,41.6,39.1,41.3,38.6,45.3,38.2,45.7,43.8,44.2,35.1,39.1,39.2,39.1,41.5,42.8,38.3,42.0,41.9,41.5,39.9,46.6,39.7,40.9,43.1,44.8,41.3,43.7,43.8,39.9,41.4,42.2,38.3,43.9,39.2,41.4,38.6,40.2,38.6,36.9,34.7,36.6,38.0,32.4
1558,36.6,35.7,33.3,42.9,40.9,44.3,43.8,39.5,42.2,40.3,42.0,43.3,42.0,41.2,42.9,42.6,39.2,39.9,41.2,40.1,40.3,40.9,43.1,38.8,39.7,41.0,43.1,40.6,37.5,43.1,41.1,41.5,34.6,34.7,34.6,33.7,43.8,35.3,44.6,38.3,47.3,39.3,39.1,39.4,39.9,38.0,39.2,37.0,43.0,36.9,43.7,42.4,42.2,33.9,38.3,37.9,38.1,40.7,41.5,37.5,41.2,40.4,40.1,38.0,44.8,38.2,39.4,41.8,43.7,40.4,41.9,42.2,38.0,40.2,40.6,36.8,43.1,38.3,40.2,36.8,38.5,36.7,36.3,33.8,35.3,36.9,31.6
1559,35.3,34.8,32.2,41.2,39.8,43.1,42.4,38.4,41.2,39.4,41.2,41.9,41.0,40.2,41.7,41.5,38.5,38.9,40.2,39.7,39.3,39.8,42.2,37.6,38.5,40.0,42.1,39.6,36.7,42.2,39.9,40.6,33.3,33.6,33.7,33.0,42.3,34.5,43.1,37.0,45.8,38.2,37.7,38.4,38.3,37.0,37.4,35.6,40.9,35.3,41.8,40.9,40.6,32.8,37.6,36.7,37.5,39.8,40.6,36.6,40.4,39.4,39.0,36.4,43.5,37.1,38.4,40.9,42.8,39.7,40.5,40.5,36.1,39.0,39.2,35.5,42.4,37.6,39.4,35.8,37.5,35.2,36.3,33.0,34.1,35.9,30.9
1560,33.9,34.1,31.1,39.7,38.9,42.2,41.4,37.4,40.1,38.5,40.3,41.0,40.0,39.3,40.7,40.4,37.5,38.4,39.4,39.1,38.3,38.8,41.1,36.7,37.5,38.9,41.1,38.6,36.0,41.2,39.0,39.9,32.6,32.9,32.8,32.1,40.9,33.8,41.8,35.8,44.4,37.3,36.4,37.3,36.7,35.9,36.2,34.3,39.3,34.1,40.6,39.8,39.2,32.0,37.0,35.9,37.0,39.1,39.8,35.8,39.6,38.3,38.1,35.1,42.4,35.8,37.0,40.0,41.9,38.9,39.1,38.7,34.7,38.1,37.6,34.3,41.6,36.8,38.5,34.9,36.5,33.9,35.9,32.4,32.9,35.0,30.3
1561,32.6,33.6,30.4,38.4,37.8,41.2,40.2,36.5,39.3,37.8,39.7,40.2,39.4,38.4,39.5,39.7,36.6,37.7,38.8,38.5,37.4,37.9,40.4,35.9,36.6,38.0,40.1,37.7,35.1,40.4,38.1,39.1,31.7,32.0,32.1,31.3,39.9,33.4,40.9,34.6,42.9,36.5,35.4,36.9,35.5,35.2,34.9,33.6,37.5,33.3,39.3,38.5,37.9,31.1,36.4,35.0,36.4,38.5,39.2,35.2,39.1,37.4,37.3,34.1,41.3,35.2,36.1,39.1,40.8,38.0,37.6,37.2,33.1,36.9,36.6,33.2,41.1,36.1,37.6,33.8,35.5,32.7,35.7,31.7,32.1,34.2,29.5
1562,31.2,33.1,29.8,37.3,36.9,40.1,39.4,35.7,38.5,37.2,38.9,39.1,38.5,37.6,38.9,39.0,35.8,37.1,37.9,38.0,36.6,37.2,39.8,35.1,35.7,37.1,39.4,37.1,34.6,39.5,37.3,38.5,30.9,31.0,31.3,30.6,39.1,32.9,40.0,33.6,41.8,36.0,34.3,35.9,34.3,34.1,33.7,32.8,36.2,32.2,38.2,37.5,36.5,30.4,35.9,34.5,35.9,37.9,38.6,34.7,38.5,36.5,36.7,33.1,40.4,34.4,35.3,38.3,40.0,37.1,35.9,36.0,32.1,36.1,35.4,32.4,40.4,35.6,36.7,33.1,34.8,31.6,35.5,31.0,31.3,33.4,29.1
1563,30.1,32.5,28.9,36.4,35.9,39.5,38.7,34.9,37.7,36.4,38.1,38.4,37.8,36.9,38.1,38.4,35.1,36.2,37.3,37.6,35.8,36.9,39.0,34.1,34.9,36.4,38.7,36.2,33.9,38.9,36.5,37.6,30.2,30.3,30.6,29.7,38.3,32.1,39.1,32.7,40.7,35.7,33.1,35.2,32.9,33.1,32.8,31.9,35.0,31.3,37.3,36.6,35.2,29.7,35.4,33.9,35.4,37.4,38.0,34.0,37.9,35.7,36.2,32.0,39.6,33.7,34.6,37.6,39.4,36.7,34.2,35.3,31.1,35.3,34.6,31.5,39.7,35.1,36.1,32.3,33.8,30.5,35.2,30.4,30.7,32.7,28.7
1564,29.0,32.0,28.4,35.4,35.5,38.7,37.9,34.2,37.1,35.8,37.6,37.4,37.1,36.2,37.4,37.7,34.4,35.7,36.9,37.2,35.1,35.9,38.2,33.5,34.2,35.6,38.0,35.4,33.3,38.5,35.8,37.0,29.6,30.0,30.1,29.4,37.3,31.5,38.2,31.8,39.5,35.3,32.2,34.5,32.1,32.4,31.9,31.3,33.9,30.5,36.4,35.9,34.2,28.9,34.9,33.5,34.9,37.1,37.3,33.6,37.3,35.0,35.6,31.3,38.9,33.1,33.9,36.9,38.7,36.2,33.5,34.2,30.2,34.7,33.8,30.4,39.1,34.6,35.4,31.3,33.1,29.6,34.7,29.9,30.0,32.2,28.2
1565,28.4,31.4,28.0,34.7,34.8,37.9,37.3,33.4,36.4,35.2,37.0,36.8,36.4,35.6,36.6,37.1,33.8,35.3,36.5,36.7,34.5,35.5,37.6,32.7,33.6,35.0,37.4,34.7,32.6,38.0,35.2,36.6,28.9,29.3,29.5,28.8,36.6,31.0,37.3,31.0,38.7,34.7,31.6,34.0,31.3,31.8,31.3,30.7,33.0,29.8,35.8,35.1,33.4,28.2,34.6,33.1,34.5,36.8,37.0,33.1,36.7,34.5,35.3,30.3,38.4,32.4,33.2,36.4,38.1,35.5,32.2,33.6,29.2,34.0,33.2,29.9,38.6,34.2,34.8,30.5,32.3,28.8,34.2,29.4,29.4,31.6,27.7
1566,27.8,30.6,27.5,34.2,34.2,37.2,36.8,33.0,35.8,34.6,36.5,36.3,36.0,35.2,36.2,36.7,33.4,34.9,35.9,36.2,34.2,35.1,37.1,32.1,33.1,34.7,36.9,34.2,32.2,37.8,34.7,36.1,28.3,28.8,29.4,28.3,36.3,30.8,36.6,30.3,37.8,34.2,30.8,33.2,30.4,31.3,30.8,30.0,32.2,29.6,35.1,34.5,32.5,27.6,34.1,32.6,34.3,36.6,36.5,32.8,36.3,33.9,34.7,29.5,38.0,32.2,32.8,35.9,37.7,35.0,31.1,33.0,28.4,33.6,32.5,29.4,38.1,33.7,34.4,30.0,31.7,28.0,33.8,29.1,28.9,31.3,27.4
1567,29.0,31.6,29.1,33.6,33.6,36.8,36.5,32.7,35.6,34.3,36.7,36.0,36.0,34.8,35.9,36.6,33.1,35.1,35.9,36.7,33.7,34.6,36.9,31.5,32.3,34.2,36.5,33.9,32.0,37.4,34.4,36.0,28.1,28.5,29.1,28.1,37.2,31.2,35.9,31.0,37.4,35.9,30.1,33.0,31.6,32.3,30.5,31.6,33.4,29.4,34.6,34.7,31.9,28.7,33.9,32.9,33.9,36.4,35.9,32.9,36.4,33.5,35.1,30.4,37.6,32.4,32.6,35.5,37.6,35.1,30.1,32.3,29.1,33.2,33.8,29.0,38.3,33.7,34.2,29.5,31.2,27.5,33.4,29.5,28.5,30.8,27.2
1568,35.4,36.0,35.6,35.3,35.8,38.4,38.3,35.2,37.7,36.3,39.0,38.0,38.8,36.3,37.9,38.3,35.9,39.4,38.7,39.2,36.2,36.9,39.1,33.3,34.0,36.4,38.1,36.0,34.3,39.8,36.3,38.4,29.7,30.5,30.5,30.4,42.6,35.7,37.6,37.1,40.6,42.3,31.8,36.5,36.3,37.9,34.4,37.1,42.0,31.5,38.2,37.7,36.8,33.5,34.9,35.7,35.5,38.2,36.4,35.8,38.6,34.1,38.8,36.6,39.2,36.5,35.8,37.0,40.5,37.8,36.0,33.9,35.3,37.2,39.7,32.0,40.9,35.9,36.2,31.3,33.1,28.8,34.9,31.4,30.0,32.5,28.9
1569,41.4,40.4,41.7,41.3,39.6,41.5,41.9,38.9,40.4,39.0,41.5,40.6,41.6,38.9,41.3,40.9,39.6,43.0,41.4,41.6,39.8,40.1,42.6,36.7,38.9,40.5,40.7,39.7,37.2,42.9,39.6,40.8,33.3,33.8,33.0,33.5,47.7,39.7,42.8,42.1,44.3,47.3,37.0,40.4,41.6,43.4,38.7,41.7,48.6,36.3,44.7,41.0,42.6,38.6,37.1,39.2,38.7,41.1,39.1,39.0,40.8,37.3,42.5,42.5,41.4,40.5,39.7,39.5,43.4,40.3,42.4,40.9,41.0,42.2,44.2,36.8,43.4,38.2,39.1,36.3,37.5,33.3,38.1,33.7,33.5,36.0,31.7
1570,46.5,43.8,45.6,47.4,43.5,45.1,45.5,43.0,43.3,41.8,43.9,43.5,44.3,41.9,44.8,43.6,43.0,45.9,44.1,43.7,43.1,42.9,46.1,40.4,43.6,44.3,43.5,43.5,40.3,45.8,43.2,43.6,36.9,37.5,35.7,36.5,51.8,43.2,47.8,46.1,48.0,50.5,42.2,43.6,46.4,47.7,43.4,45.1,53.2,41.1,49.2,44.7,48.1,42.9,39.7,42.3,41.7,43.7,42.1,41.4,43.2,40.8,45.7,47.0,44.1,43.7,43.0,42.3,46.0,42.8,47.8,47.3,46.1,45.9,48.0,41.4,45.7,40.7,42.2,41.4,41.8,38.2,41.0,35.8,37.3,39.3,34.7
1571,50.6,46.5,48.5,51.7,46.9,48.5,48.7,46.5,45.8,44.6,46.2,46.3,46.9,44.7,48.1,46.1,46.3,48.5,46.4,45.7,46.4,45.7,48.9,43.7,47.5,47.8,46.4,46.8,43.2,48.4,46.3,46.1,40.1,40.6,38.3,39.4,55.0,45.8,52.2,49.2,51.3,53.3,46.8,46.5,50.5,50.8,47.3,48.1,56.4,44.3,52.8,48.2,52.6,46.2,42.3,44.9,44.0,46.2,44.9,43.9,45.5,44.2,48.5,50.1,47.0,46.4,45.7,45.1,48.6,45.3,52.6,51.8,49.9,48.7,50.9,44.8,47.5,42.7,45.2,45.7,45.6,43.2,43.3,37.5,40.5,42.2,37.2
1572,53.8,48.8,50.4,54.8,50.1,51.0,51.3,49.3,47.9,47.0,48.2,48.8,48.9,47.2,50.7,48.4,49.1,50.6,48.5,47.4,49.1,47.7,51.5,46.7,50.8,50.7,48.9,49.5,45.6,50.7,49.1,48.4,42.9,43.3,40.8,42.1,57.7,48.1,55.8,51.6,54.1,55.4,50.3,49.0,53.8,53.1,50.5,50.4,58.8,47.3,55.5,50.6,56.3,48.9,44.4,47.0,45.8,48.2,47.4,46.1,47.6,46.9,50.6,52.7,49.8,48.6,48.3,47.3,50.6,47.2,55.5,55.1,53.0,51.0,53.3,47.7,49.3,44.5,47.7,49.1,48.8,46.9,45.5,39.0,43.4,44.8,39.7
1573,55.9,50.3,51.7,57.5,52.3,53.1,53.5,51.6,49.8,49.0,49.7,50.7,50.4,49.1,52.8,50.3,51.1,52.1,49.7,48.4,51.2,49.9,53.4,48.9,53.2,52.8,50.9,51.5,47.6,52.6,51.3,50.2,45.3,45.4,42.8,43.9,60.0,49.7,58.5,53.6,56.4,56.8,53.1,50.9,55.8,54.6,52.8,51.9,60.7,50.0,57.3,52.7,58.7,50.9,45.8,48.5,47.2,49.5,49.0,47.3,49.0,49.2,52.1,54.2,52.2,50.1,50.3,49.3,52.4,48.9,57.6,57.5,55.1,52.8,55.0,49.5,50.5,46.0,49.6,51.4,51.1,49.9,47.2,40.3,45.7,46.6,41.6
1574,57.3,51.1,52.5,59.3,54.0,54.8,55.1,52.9,51.0,50.4,50.5,52.1,51.7,50.5,54.4,51.5,52.7,52.8,50.4,49.4,52.6,51.0,54.8,50.6,55.0,54.4,52.2,52.8,49.1,53.7,52.6,51.2,47.0,46.9,44.4,45.3,61.3,50.5,60.2,54.7,58.1,57.5,54.8,52.4,57.2,55.4,54.3,53.0,61.7,51.4,58.4,53.6,60.1,51.9,46.4,49.4,47.9,50.3,50.2,48.3,50.3,50.9,53.2,55.3,54.2,51.2,51.7,50.6,53.5,49.9,58.8,59.3,56.5,53.8,56.2,50.5,51.5,46.9,51.1,53.1,52.9,51.7,47.9,41.0,47.3,48.0,43.0
1575,57.6,51.5,52.7,60.3,54.7,55.5,56.0,53.6,51.7,51.1,51.3,53.0,52.2,51.3,55.3,52.1,53.4,53.3,51.1,49.7,53.3,51.8,55.6,51.5,55.8,55.4,53.0,53.8,49.8,54.3,53.4,51.8,47.8,48.0,45.3,46.0,61.8,50.7,61.1,55.4,59.1,57.2,55.9,53.0,57.9,55.6,54.8,53.5,62.2,51.7,59.0,54.1,61.0,52.2,46.7,50.0,48.3,50.6,51.1,48.9,50.5,51.9,53.5,55.9,55.2,51.6,52.6,51.4,54.2,50.6,59.3,60.3,57.2,54.6,56.7,51.2,51.8,47.3,51.8,54.2,53.8,52.9,48.6,41.3,48.3,48.8,43.7
1576,57.0,51.1,52.0,60.8,55.0,56.2,56.4,53.7,51.5,51.1,51.2,53.2,52.1,51.4,55.3,52.2,53.4,52.9,50.8,49.3,53.3,51.7,55.7,51.5,56.1,55.7,53.1,53.7,49.9,54.1,53.4,51.7,47.8,48.1,45.4,46.2,61.4,50.2,61.3,55.0,59.4,56.3,56.1,53.2,57.4,54.9,55.0,53.0,61.7,52.0,58.8,53.5,60.8,51.5,46.7,49.7,48.1,50.7,51.3,48.6,50.2,52.6,53.4,55.6,55.7,51.3,52.6,51.5,54.2,50.5,59.0,60.6,56.7,54.7,56.2,51.2,51.6,47.1,51.8,54.7,54.0,53.0,48.4,41.2,48.5,48.9,43.8
1577,54.7,49.1,49.6,60.0,54.1,55.3,55.6,53.0,50.5,50.1,50.2,52.8,51.2,50.7,54.5,51.3,52.5,51.5,49.5,48.2,52.5,50.9,54.8,50.7,55.3,54.6,52.4,52.9,49.1,53.2,52.7,50.7,47.2,47.2,44.8,45.5,59.8,48.1,60.7,53.6,58.8,54.1,55.3,52.3,55.3,52.8,53.9,51.3,59.8,51.5,58.0,52.2,59.6,49.1,46.0,48.4,47.3,49.9,50.8,47.3,48.7,52.2,52.1,54.0,55.0,50.0,51.7,50.8,53.1,49.5,57.6,60.2,55.2,54.1,54.7,50.1,50.6,46.1,50.9,54.0,53.2,52.4,47.6,40.3,48.1,48.1,43.2
1578,48.9,44.2,43.1,57.7,51.7,53.2,53.3,50.5,47.9,47.5,47.9,51.1,49.0,49.0,52.1,49.1,49.6,47.9,47.3,45.4,49.9,48.7,52.3,48.2,52.5,52.1,50.4,50.3,46.7,50.7,50.4,48.1,44.9,44.7,42.7,43.2,54.9,43.8,58.5,49.9,56.7,48.2,52.8,49.6,50.4,47.7,51.2,47.1,54.7,49.2,55.7,49.7,57.0,43.0,44.2,45.5,45.3,47.5,49.5,43.5,46.4,50.6,48.8,49.9,53.1,46.9,48.6,48.7,50.7,46.9,54.6,57.9,50.7,51.8,50.3,47.8,48.3,44.0,48.5,51.7,50.5,50.1,45.3,38.6,45.9,45.6,40.5
1579,44.2,40.7,39.1,52.2,47.4,49.6,49.6,46.2,45.8,44.9,45.9,48.7,46.2,46.4,48.2,46.7,45.1,44.5,45.1,43.4,46.1,45.6,48.4,44.2,46.5,47.4,48.1,46.4,43.1,47.4,47.1,45.2,40.3,40.8,40.0,39.2,50.3,40.4,52.8,45.4,53.8,43.9,47.3,44.9,46.5,43.7,47.2,43.4,51.0,43.8,51.4,47.4,51.7,39.0,41.8,43.0,42.5,44.6,46.9,40.9,44.6,47.0,45.5,45.4,50.3,43.9,44.3,46.7,48.1,44.6,48.8,51.6,45.9,46.9,46.7,42.9,46.4,42.1,45.1,45.7,44.9,45.3,40.6,37.2,41.8,42.4,36.7
1580,41.3,38.8,36.7,48.1,44.9,47.7,47.4,43.3,44.4,43.2,44.6,46.6,44.7,44.6,46.0,45.2,42.6,42.8,43.5,42.3,43.8,43.9,46.2,42.0,43.3,44.2,46.5,44.1,41.0,45.6,44.6,43.9,37.9,38.4,38.0,36.8,47.5,38.4,49.2,42.4,51.1,42.2,43.7,42.4,44.2,41.2,44.3,41.2,48.3,40.6,48.5,45.8,47.1,37.2,40.6,41.0,41.0,43.1,44.6,39.6,43.1,44.0,43.5,42.7,48.4,41.8,42.6,45.2,46.3,43.1,45.9,46.9,42.9,43.8,44.3,40.6,45.4,40.9,43.2,41.8,42.4,41.7,38.5,36.1,39.3,40.3,34.3
1581,39.3,37.3,35.2,45.5,43.0,46.1,45.5,41.3,43.5,41.9,43.5,45.0,43.3,42.9,44.4,44.2,41.0,41.5,42.5,41.5,42.1,42.6,44.7,40.5,41.6,42.7,44.9,42.3,39.5,44.3,42.9,42.8,36.4,36.8,36.3,35.4,45.6,37.2,46.9,40.1,49.3,40.7,41.4,40.7,42.2,39.7,41.9,39.1,45.8,39.0,46.2,44.2,44.6,35.9,39.8,39.5,39.8,42.2,43.2,38.7,42.2,42.2,41.8,40.5,46.9,40.0,41.2,43.8,45.1,41.8,44.1,44.2,40.3,42.0,42.6,38.9,44.2,39.8,41.9,39.4,40.7,39.3,37.4,35.2,37.4,38.7,33.0
1582,37.2,36.5,33.9,43.3,41.4,44.8,44.3,40.0,42.6,40.9,42.4,43.7,42.3,41.8,43.4,43.2,39.6,40.1,41.6,40.6,40.8,41.4,43.5,39.5,40.1,41.5,43.7,41.2,38.1,43.4,41.6,41.8,35.3,35.4,35.3,34.2,44.0,35.9,45.0,38.6,47.7,39.6,39.7,40.0,40.3,38.6,39.7,37.4,43.5,37.6,44.1,42.7,42.6,34.6,38.9,38.2,38.7,41.3,41.9,37.9,41.3,40.7,40.3,38.5,45.1,38.4,39.7,42.4,44.0,40.8,42.2,42.6,38.4,40.5,40.9,37.4,43.3,39.0,40.7,37.6,39.1,37.5,36.8,34.4,36.1,37.5,32.1
1583,35.9,35.4,32.8,41.5,40.3,43.6,42.9,39.0,41.6,40.0,41.5,42.4,41.3,40.8,42.2,42.1,38.9,39.1,40.5,40.1,39.7,40.3,42.6,38.3,39.0,40.5,42.7,40.1,37.2,42.5,40.4,41.0,34.1,34.1,34.4,33.6,42.5,35.2,43.5,37.2,46.1,38.5,38.3,38.9,38.8,37.6,37.9,36.0,41.4,35.9,42.2,41.2,40.9,33.4,38.2,37.0,38.1,40.4,40.9,36.9,40.7,39.6,39.2,36.7,43.8,37.3,38.7,41.5,43.1,40.1,40.7,40.9,36.7,39.6,39.4,36.0,42.5,38.2,39.9,36.5,38.1,36.0,36.6,33.6,34.9,36.5,31.5
1584,34.5,34.8,31.8,40.1,39.4,42.6,41.8,37.8,40.5,39.1,40.7,41.3,40.4,39.9,41.1,40.9,37.8,38.4,39.7,39.5,38.8,39.3,41.5,37.4,37.9,39.5,41.6,39.2,36.5,41.5,39.5,40.2,33.3,33.5,33.5,32.7,41.3,34.5,42.2,36.2,44.7,37.6,37.0,37.8,37.3,36.5,36.5,34.8,39.8,34.7,40.9,40.0,39.6,32.7,37.7,36.1,37.6,39.7,40.0,36.1,39.9,38.6,38.2,35.4,42.6,36.0,37.3,40.7,42.1,39.3,39.3,39.1,35.2,38.5,37.9,34.9,41.8,37.4,39.0,35.6,37.1,34.6,36.3,32.9,33.7,35.5,30.8
1585,33.2,34.1,31.0,38.9,38.2,41.7,40.7,37.0,39.7,38.4,40.0,40.5,39.7,38.9,40.0,40.2,36.9,37.8,39.2,38.9,37.8,38.4,40.8,36.7,37.0,38.5,40.6,38.1,35.6,40.7,38.5,39.5,32.5,32.5,32.8,31.8,40.2,34.1,41.2,35.0,43.3,36.9,35.9,37.4,36.0,35.7,35.3,34.0,37.9,33.9,39.6,38.7,38.3,31.7,37.1,35.2,37.0,39.0,39.4,35.5,39.3,37.6,37.4,34.4,41.5,35.4,36.4,39.6,41.1,38.4,37.8,37.6,33.6,37.4,36.9,33.6,41.2,36.7,38.0,34.5,36.1,33.4,36.0,32.2,32.8,34.7,30.2
1586,31.8,33.6,30.4,37.8,37.4,40.6,39.8,36.2,39.0,37.7,39.2,39.4,38.8,38.0,39.2,39.5,36.2,37.2,38.2,38.4,36.9,37.7,40.2,35.8,36.2,37.5,39.9,37.5,35.0,39.9,37.7,38.9,31.8,31.6,31.9,31.1,39.4,33.6,40.3,34.0,42.2,36.3,34.9,36.5,34.9,34.6,34.0,33.2,36.6,32.7,38.5,37.7,36.8,30.9,36.5,34.8,36.5,38.4,38.8,34.9,38.7,36.8,36.9,33.4,40.6,34.5,35.6,38.9,40.3,37.6,36.2,36.5,32.6,36.5,35.7,32.8,40.7,36.2,37.2,33.8,35.5,32.3,35.8,31.6,32.0,34.0,29.7
1587,30.8,32.9,29.5,36.7,36.4,39.9,39.1,35.4,38.2,36.9,38.4,38.7,38.1,37.4,38.4,38.8,35.5,36.3,37.6,37.9,36.2,37.3,39.4,34.8,35.4,36.8,39.2,36.6,34.2,39.2,36.8,38.0,31.0,30.8,31.3,30.2,38.6,32.7,39.3,33.0,41.0,36.0,33.7,35.8,33.5,33.6,33.2,32.2,35.3,31.8,37.6,36.8,35.5,30.4,36.0,34.2,35.9,37.9,38.2,34.2,38.2,36.0,36.3,32.2,39.8,33.8,34.8,38.1,39.7,37.1,34.4,35.6,31.5,35.7,34.8,31.9,39.9,35.6,36.5,32.9,34.5,31.2,35.5,31.0,31.4,33.3,29.3
1588,29.6,32.4,29.1,35.7,36.0,39.2,38.3,34.8,37.5,36.3,37.9,37.8,37.4,36.7,37.7,38.1,34.7,35.9,37.2,37.5,35.4,36.3,38.6,34.2,34.7,36.0,38.4,35.8,33.7,38.9,36.1,37.5,30.3,30.5,30.6,30.0,37.6,32.1,38.5,32.1,39.9,35.4,32.9,35.1,32.7,32.9,32.2,31.6,34.0,30.9,36.7,36.1,34.5,29.6,35.5,33.8,35.4,37.5,37.5,33.8,37.6,35.2,35.8,31.4,39.0,33.2,34.1,37.4,39.1,36.6,33.7,34.5,30.6,35.1,33.9,30.8,39.3,35.1,35.8,32.0,33.8,30.2,35.0,30.5,30.7,32.7,28.8
1589,28.9,31.8,28.6,35.0,35.3,38.4,37.8,34.0,36.9,35.7,37.3,37.1,36.7,36.0,37.1,37.5,34.0,35.5,36.8,37.0,34.9,35.8,38.0,33.4,34.1,35.5,37.9,35.2,33.0,38.4,35.5,37.0,29.6,29.9,30.1,29.4,36.9,31.6,37.6,31.3,39.0,35.0,32.2,34.5,31.9,32.2,31.6,31.0,33.2,30.1,36.1,35.3,33.6,28.8,35.1,33.3,35.0,37.2,37.1,33.3,37.0,34.8,35.5,30.4,38.6,32.6,33.5,36.9,38.5,36.0,32.4,33.9,29.7,34.4,33.2,30.2,38.8,34.6,35.2,31.2,32.9,29.5,34.5,30.0,30.1,32.1,28.4
1590,28.2,31.2,28.3,34.4,34.7,37.7,37.3,33.5,36.2,35.1,36.9,36.7,36.4,35.6,36.6,37.1,33.7,35.1,36.3,36.5,34.5,35.5,37.4,32.8,33.6,35.2,37.3,34.7,32.6,38.2,35.1,36.5,29.1,29.5,30.0,28.9,36.6,31.3,36.8,30.7,38.0,34.5,31.5,33.7,31.1,31.6,31.1,30.2,32.5,29.9,35.3,34.8,32.7,28.3,34.6,32.8,34.8,36.9,36.7,33.0,36.5,34.1,34.9,29.5,38.1,32.4,33.1,36.4,38.1,35.5,31.2,33.3,28.9,34.0,32.6,29.6,38.4,34.1,34.9,30.7,32.3,28.7,34.2,29.8,29.5,31.7,28.0
1591,29.8,32.1,29.9,33.9,34.2,37.4,36.9,33.1,36.1,34.8,37.1,36.3,36.5,35.2,36.4,36.9,33.4,35.4,36.3,37.1,34.1,35.0,37.2,32.2,32.8,34.7,37.0,34.3,32.3,37.9,34.7,36.5,28.8,29.2,29.8,28.7,37.6,31.8,36.1,31.5,37.9,36.5,30.8,33.5,32.3,32.7,30.9,31.9,33.8,29.5,34.9,35.0,32.2,29.4,34.4,33.2,34.4,36.8,36.1,33.2,36.7,33.7,35.4,30.6,37.8,32.7,32.9,36.0,38.0,35.5,30.2,32.6,29.7,33.6,34.1,29.2,38.7,34.2,34.7,30.2,31.9,28.2,33.8,30.1,29.1,31.4,27.8
1592,36.0,36.5,36.4,35.7,36.4,39.0,39.0,35.7,38.3,36.9,39.6,38.4,39.4,36.9,38.5,38.8,36.4,39.7,39.2,39.7,36.7,37.3,39.6,34.1,34.5,37.1,38.7,36.5,34.8,40.4,36.8,39.0,30.5,31.3,31.2,31.1,42.9,36.4,38.0,37.6,41.0,42.8,32.5,37.2,37.1,38.5,34.8,37.5,42.6,31.8,38.7,38.0,37.3,34.3,35.5,36.0,36.1,38.7,36.7,36.1,39.0,34.3,39.2,36.9,39.4,36.9,36.3,37.6,41.0,38.4,36.4,34.4,35.9,37.7,40.0,32.4,41.3,36.4,36.8,32.1,33.9,29.5,35.4,32.1,30.7,33.1,29.5
1593,42.0,40.8,42.5,41.9,40.3,42.1,42.6,39.6,41.0,39.7,42.2,41.1,42.3,39.6,42.0,41.4,40.1,43.3,42.1,42.2,40.4,40.5,43.2,37.5,39.5,41.2,41.3,40.3,37.8,43.4,40.2,41.4,34.1,34.6,33.9,34.3,47.9,40.3,43.2,42.6,44.7,47.7,37.7,41.1,42.3,43.9,39.3,42.2,49.2,36.9,45.3,41.4,43.2,39.4,37.7,39.5,39.3,41.6,39.5,39.2,41.2,37.6,42.9,42.7,41.7,40.9,40.2,40.1,43.9,41.0,42.9,41.4,41.7,42.8,44.6,37.4,43.9,38.9,39.8,37.1,38.3,34.1,38.7,34.3,34.4,36.7,32.4
1594,47.2,44.2,46.3,47.9,44.3,45.7,46.1,43.7,43.8,42.5,44.6,44.1,44.9,42.5,45.5,44.2,43.7,46.3,44.8,44.3,43.8,43.5,46.6,41.2,44.1,45.0,44.2,44.2,41.0,46.3,43.9,44.3,37.8,38.4,36.6,37.4,52.0,43.8,48.1,46.6,48.4,50.8,42.9,44.3,47.2,48.2,44.0,45.6,53.8,41.9,49.9,45.1,48.7,43.7,40.3,42.6,42.3,44.3,42.5,41.8,43.5,41.2,46.1,47.4,44.4,44.1,43.5,42.9,46.6,43.5,48.4,47.7,46.8,46.6,48.4,42.0,46.2,41.4,42.8,42.3,42.7,39.1,41.7,36.4,38.2,40.2,35.5
1595,51.3,47.0,49.2,52.1,47.7,49.0,49.3,47.2,46.4,45.2,46.9,46.9,47.6,45.3,48.7,46.7,47.0,48.9,47.1,46.3,47.1,46.2,49.5,44.5,48.1,48.5,47.1,47.5,43.9,48.9,47.1,46.8,41.1,41.6,39.2,40.4,55.2,46.4,52.4,49.8,51.8,53.7,47.4,47.1,51.3,51.3,48.0,48.6,57.0,45.2,53.5,48.5,53.2,47.0,42.9,45.3,44.6,46.8,45.4,44.3,45.7,44.5,48.9,50.6,47.4,46.9,46.2,45.7,49.2,46.0,53.2,52.0,50.6,49.4,51.2,45.5,48.0,43.5,45.8,46.6,46.5,44.1,44.1,38.0,41.5,43.2,38.1
1596,54.5,49.3,51.0,55.2,50.9,51.6,51.9,50.1,48.5,47.7,48.9,49.4,49.5,47.8,51.3,49.0,49.7,51.1,49.1,48.0,49.8,48.3,52.1,47.5,51.3,51.4,49.5,50.2,46.4,51.2,49.8,49.1,43.9,44.3,41.8,42.9,57.9,48.7,56.0,52.2,54.6,55.7,50.9,49.6,54.5,53.6,51.2,51.0,59.4,48.0,56.2,51.0,56.8,49.7,45.0,47.4,46.4,48.7,47.8,46.5,47.8,47.3,51.1,53.2,50.2,49.0,48.7,47.9,51.3,48.0,56.0,55.3,53.6,51.7,53.6,48.4,49.8,45.2,48.3,50.0,49.7,47.9,46.3,39.4,44.4,45.8,40.6
1597,56.5,50.8,52.4,57.7,53.0,53.7,54.1,52.4,50.4,49.7,50.3,51.3,51.1,49.7,53.4,50.9,51.7,52.5,50.3,49.0,51.9,50.4,54.0,49.8,53.9,53.5,51.5,52.2,48.4,53.1,51.9,50.8,46.4,46.4,43.8,44.9,60.1,50.4,58.6,54.1,56.9,57.1,53.7,51.5,56.5,55.1,53.5,52.6,61.4,50.7,57.9,53.2,59.3,51.7,46.4,48.9,47.7,50.0,49.5,47.7,49.3,49.6,52.5,54.7,52.6,50.5,50.7,49.9,53.1,49.6,58.1,57.6,55.6,53.5,55.5,50.1,50.9,46.7,50.2,52.3,52.0,50.9,47.8,40.7,46.6,47.6,42.5
1598,58.0,51.6,53.2,59.6,54.7,55.3,55.7,53.7,51.5,51.1,51.1,52.7,52.3,51.0,54.9,52.1,53.3,53.2,51.0,49.9,53.3,51.4,55.3,51.5,55.6,55.1,52.9,53.5,49.9,54.2,53.3,51.8,48.1,48.0,45.3,46.1,61.5,51.1,60.3,55.2,58.6,57.8,55.5,53.0,57.8,55.8,55.0,53.6,62.3,51.9,59.0,54.1,60.7,52.7,47.0,49.8,48.4,50.8,50.7,48.7,50.6,51.3,53.6,55.8,54.6,51.7,52.1,51.2,54.1,50.6,59.2,59.4,57.0,54.4,56.6,51.1,51.8,47.6,51.6,54.1,53.8,52.6,48.5,41.5,48.3,48.9,43.9
1599,58.3,52.1,53.4,60.6,55.5,56.0,56.5,54.5,52.2,51.8,51.8,53.6,52.8,51.8,55.8,52.6,54.1,53.7,51.7,50.2,54.0,52.4,56.1,52.3,56.5,56.0,53.7,54.4,50.5,54.7,54.1,52.5,48.8,49.1,46.3,47.0,62.1,51.4,61.3,55.9,59.5,57.5,56.6,53.7,58.5,56.0,55.5,54.1,62.9,52.4,59.6,54.6,61.5,53.1,47.3,50.4,48.9,51.2,51.6,49.3,50.8,52.4,53.9,56.4,55.5,52.0,52.9,52.0,54.8,51.2,59.9,60.5,57.7,55.2,57.2,51.8,52.3,48.0,52.4,55.2,54.7,53.8,49.3,41.7,49.3,49.8,44.7
1600,57.5,51.7,52.7,61.0,55.8,56.7,56.9,54.5,52.0,51.7,51.7,53.8,52.6,51.9,55.8,52.7,54.0,53.3,51.3,49.9,54.0,52.2,56.2,52.4,56.7,56.4,53.7,54.4,50.7,54.5,54.0,52.3,48.9,49.2,46.4,47.3,61.6,50.9,61.5,55.4,59.9,56.6,56.7,53.8,57.9,55.3,55.7,53.6,62.4,52.6,59.4,54.1,61.3,52.3,47.4,50.2,48.8,51.3,51.9,49.1,50.6,53.1,53.8,56.0,55.9,51.7,53.0,52.1,54.8,51.1,59.5,60.7,57.2,55.4,56.8,51.8,52.1,47.8,52.3,55.6,54.9,54.1,49.2,41.6,49.6,49.7,44.8
1601,55.3,49.8,50.3,60.4,54.9,55.8,56.1,53.9,51.0,50.7,50.7,53.3,51.8,51.3,55.0,51.8,53.1,51.9,50.1,48.8,53.1,51.4,55.3,51.6,56.0,55.4,53.0,53.5,49.9,53.6,53.4,51.2,48.3,48.4,45.8,46.6,60.1,48.9,60.8,54.2,59.3,54.4,56.1,52.9,56.0,53.1,54.6,51.9,60.5,52.1,58.5,52.7,60.1,50.0,46.8,48.9,48.1,50.6,51.3,47.8,49.1,52.7,52.6,54.5,55.3,50.3,52.0,51.4,53.5,50.1,58.1,60.3,55.7,54.8,55.3,50.6,51.1,46.8,51.5,54.9,54.0,53.4,48.3,40.6,49.2,49.0,44.2
1602,49.7,44.8,43.9,58.1,52.5,53.7,53.9,51.4,48.4,48.2,48.6,51.6,49.5,49.6,52.7,49.6,50.2,48.4,47.9,45.9,50.6,49.2,52.9,49.1,53.4,52.9,51.0,51.0,47.5,51.1,51.1,48.6,46.0,45.7,43.8,44.2,55.2,44.5,58.6,50.4,57.3,48.5,53.7,50.2,51.1,48.1,51.9,47.8,55.4,49.9,56.3,50.1,57.6,43.8,45.0,45.9,46.2,48.2,50.1,44.0,46.8,51.1,49.3,50.5,53.4,47.4,49.0,49.4,51.3,47.6,55.1,58.2,51.4,52.5,50.9,48.3,48.7,44.6,49.1,52.7,51.4,51.1,46.1,38.9,47.0,46.6,41.6
1603,44.9,41.2,39.7,52.8,48.2,50.1,50.1,46.9,46.2,45.4,46.5,49.2,46.7,47.0,48.8,47.1,45.8,44.9,45.7,43.9,46.8,46.0,48.9,45.1,47.3,48.1,48.8,47.0,43.8,47.8,47.8,45.5,41.3,41.7,40.9,40.0,50.6,41.0,53.1,45.9,54.2,44.2,48.0,45.4,47.1,44.1,47.7,43.9,51.6,44.4,52.0,47.8,52.2,39.8,42.5,43.4,43.3,45.3,47.5,41.3,44.9,47.6,46.0,45.9,50.5,44.4,44.6,47.3,48.5,45.1,49.3,51.8,46.4,47.4,47.1,43.3,46.8,42.7,45.6,46.6,45.8,46.0,41.2,37.6,42.8,43.2,37.6
1604,41.8,39.3,37.3,48.6,45.5,48.2,47.9,43.9,44.8,43.8,45.1,47.1,45.0,45.1,46.5,45.7,43.2,43.1,44.1,42.8,44.4,44.4,46.7,42.8,44.0,44.9,47.1,44.7,41.7,45.9,45.2,44.2,38.8,39.3,38.9,37.7,47.9,39.0,49.5,42.8,51.5,42.5,44.4,42.8,44.6,41.4,44.8,41.7,48.9,41.0,49.0,46.1,47.6,37.9,41.3,41.4,41.6,43.8,45.1,40.0,43.4,44.5,43.9,43.1,48.7,42.3,42.8,45.7,46.6,43.6,46.3,47.1,43.4,44.3,44.8,40.9,45.7,41.4,43.8,42.6,43.1,42.4,39.1,36.4,40.2,41.1,35.1
1605,39.7,37.7,35.8,45.9,43.7,46.7,46.1,42.0,43.9,42.5,43.8,45.4,43.6,43.5,45.0,44.7,41.7,41.8,43.0,42.0,42.7,43.1,45.1,41.3,42.3,43.3,45.6,42.9,40.1,44.7,43.5,43.1,37.3,37.7,37.0,36.1,46.0,37.7,47.1,40.4,49.7,41.0,42.1,41.2,42.7,40.0,42.3,39.5,46.2,39.3,46.5,44.4,45.0,36.6,40.4,39.8,40.3,42.8,43.7,39.0,42.4,42.7,42.2,40.9,47.1,40.3,41.3,44.4,45.5,42.2,44.3,44.5,40.8,42.4,43.1,39.3,44.6,40.3,42.6,40.0,41.4,40.1,38.0,35.5,38.3,39.4,33.8
1606,37.6,37.0,34.4,43.7,42.1,45.4,44.8,40.6,43.0,41.5,42.8,44.1,42.6,42.4,44.0,43.6,40.1,40.5,42.0,41.1,41.4,42.0,44.0,40.2,40.7,42.1,44.3,41.8,38.7,43.8,42.2,42.1,36.1,36.2,36.0,34.9,44.5,36.5,45.3,38.9,48.1,40.0,40.3,40.5,40.9,38.8,40.1,37.9,44.0,38.0,44.4,43.1,42.9,35.3,39.5,38.5,39.3,41.9,42.3,38.1,41.5,41.2,40.7,38.9,45.3,38.8,39.9,43.0,44.3,41.2,42.4,42.8,38.9,40.9,41.4,37.7,43.6,39.4,41.3,38.4,39.8,38.3,37.4,34.7,36.9,38.2,32.9
1607,36.3,35.9,33.3,41.9,40.9,44.1,43.4,39.6,42.0,40.5,41.9,42.8,41.6,41.4,42.8,42.5,39.4,39.4,40.9,40.6,40.4,40.8,43.0,39.0,39.6,41.0,43.2,40.7,37.9,42.8,41.0,41.3,34.8,34.8,35.1,34.3,43.0,35.7,43.7,37.5,46.5,38.9,38.8,39.2,39.2,37.8,38.3,36.5,41.8,36.2,42.5,41.6,41.2,34.2,38.8,37.3,38.7,41.0,41.4,37.2,41.0,40.1,39.5,37.2,43.9,37.6,38.8,41.9,43.4,40.4,40.8,41.1,37.1,40.0,39.8,36.4,42.8,38.5,40.5,37.2,38.8,36.7,37.2,33.9,35.6,37.2,32.2
1608,34.8,35.3,32.2,40.5,40.1,43.2,42.3,38.5,41.0,39.8,40.9,41.8,40.6,40.5,41.6,41.5,38.4,38.7,40.1,39.9,39.4,39.8,41.9,38.1,38.5,40.1,42.1,39.8,37.1,41.8,40.1,40.5,34.1,34.2,34.2,33.3,41.8,34.9,42.5,36.3,45.1,38.1,37.6,38.2,37.7,36.7,36.8,35.3,40.2,35.0,41.2,40.4,39.9,33.3,38.3,36.5,38.1,40.3,40.5,36.4,40.2,39.0,38.5,35.8,42.8,36.2,37.5,41.1,42.5,39.6,39.4,39.4,35.6,38.9,38.3,35.1,42.1,37.8,39.6,36.3,37.8,35.3,36.8,33.2,34.4,36.3,31.6
1609,33.5,34.6,31.5,39.2,38.9,42.2,41.1,37.6,40.1,39.0,40.3,40.9,39.9,39.5,40.7,40.6,37.5,38.0,39.5,39.3,38.4,38.9,41.2,37.3,37.6,39.1,41.2,38.7,36.2,41.1,39.1,39.8,33.2,33.1,33.5,32.4,40.7,34.5,41.6,35.1,43.6,37.3,36.5,37.8,36.4,36.0,35.5,34.4,38.2,34.1,39.9,39.1,38.5,32.3,37.7,35.6,37.6,39.5,39.8,35.8,39.6,38.0,37.7,34.8,41.6,35.6,36.5,40.1,41.4,38.7,37.9,38.0,34.0,37.7,37.4,33.9,41.5,37.0,38.6,35.1,36.8,34.1,36.6,32.5,33.6,35.5,30.9
1610,32.3,34.1,30.8,38.1,38.1,41.1,40.3,36.8,39.4,38.4,39.5,39.8,39.1,38.6,39.9,39.9,36.7,37.4,38.5,38.7,37.5,38.2,40.6,36.6,36.7,38.1,40.5,38.0,35.7,40.3,38.3,39.2,32.5,32.2,32.7,31.7,39.8,34.0,40.7,34.1,42.4,36.8,35.4,36.8,35.3,34.9,34.3,33.5,36.9,33.0,38.7,38.1,37.0,31.4,37.1,35.1,37.1,39.0,39.2,35.2,39.1,37.1,37.1,33.8,40.8,34.8,35.6,39.4,40.6,37.8,36.3,36.9,33.0,36.9,36.1,33.1,40.9,36.4,37.7,34.4,36.2,32.9,36.3,31.9,32.7,34.7,30.5
1611,31.2,33.4,30.0,37.0,37.1,40.4,39.6,36.0,38.6,37.5,38.8,39.1,38.3,37.9,39.1,39.3,36.0,36.6,37.9,38.2,36.7,37.8,39.8,35.5,35.9,37.3,39.8,37.2,34.8,39.6,37.4,38.4,31.7,31.4,32.0,30.8,39.0,33.2,39.8,33.1,41.2,36.4,34.2,36.1,34.0,33.9,33.3,32.5,35.5,32.1,37.8,37.2,35.6,30.8,36.6,34.5,36.5,38.5,38.6,34.5,38.5,36.3,36.6,32.5,40.0,34.1,34.8,38.7,40.0,37.4,34.5,36.1,32.0,36.0,35.2,32.2,40.2,35.9,37.0,33.6,35.2,31.8,36.0,31.3,32.1,34.0,30.0
1612,30.0,32.9,29.6,36.0,36.6,39.7,38.9,35.2,37.9,36.8,38.2,38.2,37.7,37.2,38.4,38.6,35.2,36.2,37.5,37.7,36.0,36.8,39.0,34.8,35.1,36.6,39.0,36.4,34.2,39.2,36.7,37.8,31.0,31.0,31.3,30.6,38.1,32.5,38.9,32.2,40.1,36.0,33.3,35.3,33.2,33.2,32.3,31.9,34.3,31.2,37.0,36.4,34.6,30.0,36.1,34.0,36.0,38.0,37.9,34.0,38.0,35.6,36.0,31.7,39.2,33.5,34.2,37.9,39.3,36.8,33.6,35.0,31.0,35.3,34.2,31.1,39.5,35.3,36.4,32.7,34.4,30.8,35.5,30.8,31.3,33.3,29.5
1613,29.4,32.3,29.1,35.3,35.9,38.9,38.3,34.5,37.3,36.2,37.5,37.5,36.9,36.5,37.7,38.0,34.5,35.7,37.1,37.2,35.4,36.3,38.4,34.1,34.5,36.1,38.4,35.8,33.5,38.7,36.0,37.3,30.3,30.5,30.8,30.0,37.5,32.0,38.0,31.3,39.2,35.6,32.7,34.8,32.3,32.6,31.8,31.3,33.6,30.4,36.2,35.6,33.7,29.2,35.6,33.5,35.6,37.8,37.5,33.5,37.3,35.1,35.7,30.7,38.8,32.9,33.5,37.3,38.7,36.2,32.4,34.4,30.1,34.6,33.5,30.5,39.0,34.8,35.7,31.9,33.6,30.0,34.9,30.3,30.7,32.7,29.1
1614,28.7,31.6,28.7,34.7,35.4,38.3,37.8,34.0,36.7,35.6,37.1,37.1,36.6,36.2,37.3,37.5,34.1,35.3,36.5,36.7,35.1,35.9,37.8,33.5,34.0,35.8,37.9,35.2,33.2,38.5,35.6,36.8,29.7,30.1,30.7,29.5,37.2,31.7,37.3,30.8,38.2,35.1,31.9,33.9,31.5,31.9,31.2,30.6,32.8,30.1,35.5,35.1,32.7,28.7,35.1,33.0,35.3,37.5,37.1,33.2,36.8,34.3,35.1,29.9,38.3,32.6,33.1,36.9,38.3,35.7,31.2,33.7,29.3,34.1,32.8,29.8,38.5,34.3,35.4,31.2,33.0,29.2,34.6,30.1,30.1,32.3,28.7
1615,30.5,32.7,30.5,34.2,34.9,37.9,37.5,33.7,36.5,35.3,37.4,36.7,36.7,35.8,37.0,37.4,33.9,35.8,36.6,37.3,34.7,35.5,37.7,32.8,33.3,35.3,37.6,35.0,32.9,38.3,35.3,36.8,29.3,29.8,30.4,29.4,38.1,32.3,36.6,31.7,38.1,37.1,31.2,33.8,32.8,33.1,31.1,32.5,34.3,29.7,35.0,35.3,32.3,29.9,34.9,33.5,34.9,37.3,36.5,33.5,37.0,34.0,35.6,31.0,38.0,33.1,32.9,36.6,38.3,35.8,30.2,33.0,30.4,33.9,34.5,29.5,38.8,34.5,35.2,30.7,32.6,28.6,34.2,30.5,29.6,32.0,28.5
1616,36.8,37.2,37.0,36.1,37.2,39.7,39.7,36.4,38.8,37.5,39.9,38.9,39.7,37.5,39.1,39.3,37.0,40.1,39.5,40.0,37.4,37.8,40.2,34.8,35.1,37.8,39.3,37.3,35.4,40.9,37.5,39.4,31.2,32.0,32.0,31.9,43.4,37.1,38.5,37.9,41.3,43.3,33.0,37.6,37.8,38.9,35.2,38.2,43.2,32.3,39.2,38.4,37.6,35.0,36.2,36.4,36.8,39.4,37.2,36.5,39.4,34.7,39.6,37.5,39.6,37.3,36.4,38.2,41.3,38.8,36.7,34.9,36.5,38.2,40.6,33.0,41.6,36.9,37.4,32.7,34.6,30.0,35.9,32.4,31.3,33.8,30.3
1617,42.8,41.7,43.2,42.5,41.0,42.8,43.2,40.3,41.5,40.3,42.4,41.7,42.7,40.2,42.7,42.0,40.7,43.6,42.4,42.5,41.1,41.2,43.8,38.3,40.0,41.9,42.0,41.0,38.5,44.0,40.8,41.8,34.8,35.3,34.6,35.1,48.3,41.2,43.7,42.9,45.1,48.2,38.2,41.7,43.0,44.5,39.7,42.8,49.9,37.4,45.9,41.8,43.6,40.1,38.4,40.0,40.1,42.3,39.9,39.7,41.6,38.0,43.3,43.4,41.9,41.4,40.3,40.7,44.2,41.4,43.2,41.9,42.3,43.5,45.2,38.0,44.2,39.5,40.4,37.8,39.0,34.7,39.2,34.6,35.1,37.5,33.3
1618,47.9,45.1,47.1,48.4,44.9,46.4,46.7,44.4,44.4,43.1,44.9,44.6,45.3,43.2,46.1,44.8,44.3,46.6,45.1,44.7,44.5,44.1,47.3,41.9,44.7,45.6,44.9,44.9,41.6,46.9,44.5,44.7,38.5,39.1,37.4,38.2,52.4,44.7,48.6,47.0,48.8,51.3,43.5,44.9,47.9,48.7,44.5,46.3,54.5,42.5,50.4,45.4,49.2,44.5,41.2,43.1,43.2,45.0,43.0,42.2,44.0,41.7,46.5,48.0,44.6,44.6,43.7,43.5,47.0,44.1,48.7,48.2,47.5,47.2,49.0,42.6,46.5,42.0,43.5,43.1,43.4,39.8,42.3,36.5,38.9,41.0,36.4
1619,52.1,47.9,49.9,52.7,48.5,49.6,49.9,47.9,47.0,45.9,47.2,47.4,48.0,45.9,49.4,47.3,47.7,49.3,47.5,46.7,47.8,46.9,50.2,45.3,48.7,49.1,47.7,48.1,44.7,49.5,47.8,47.3,41.7,42.3,40.1,41.2,55.6,47.4,52.8,50.1,52.3,54.2,48.1,47.7,52.1,51.8,48.6,49.2,57.6,45.8,54.1,48.8,53.7,47.9,43.8,45.8,45.5,47.6,45.9,44.8,46.2,45.1,49.3,51.2,47.6,47.4,46.5,46.3,49.7,46.5,53.6,52.5,51.3,50.0,51.8,46.1,48.2,44.1,46.5,47.4,47.2,44.9,44.8,38.2,42.2,43.9,39.1
1620,55.3,50.3,51.8,55.9,51.6,52.3,52.6,50.8,49.1,48.4,49.2,49.9,50.0,48.4,52.0,49.6,50.4,51.5,49.5,48.4,50.6,49.0,52.7,48.2,51.9,52.0,50.2,50.9,47.2,51.8,50.6,49.6,44.6,45.1,42.6,43.8,58.3,49.7,56.3,52.7,55.1,56.1,51.6,50.2,55.3,54.1,51.8,51.6,59.9,48.6,56.8,51.5,57.4,50.6,45.8,47.9,47.3,49.5,48.3,47.0,48.2,47.8,51.6,53.7,50.4,49.5,49.1,48.6,51.7,48.5,56.5,55.8,54.2,52.4,54.2,49.0,50.0,45.9,48.9,50.8,50.5,48.7,47.0,39.6,45.2,46.5,41.6
1621,57.4,51.8,53.1,58.4,53.8,54.3,54.7,53.1,51.0,50.5,50.8,51.9,51.6,50.4,54.1,51.5,52.5,53.0,50.9,49.5,52.7,51.1,54.7,50.5,54.6,54.2,52.2,52.9,49.2,53.6,52.7,51.3,47.2,47.3,44.6,45.8,60.6,51.3,59.0,54.7,57.4,57.6,54.5,52.1,57.3,55.8,54.2,53.2,62.0,51.4,58.5,53.8,59.8,52.5,47.2,49.5,48.6,50.9,50.0,48.3,49.7,50.1,53.0,55.2,52.8,51.0,51.0,50.5,53.5,50.1,58.6,58.2,56.4,54.2,56.0,50.7,51.2,47.4,51.0,53.1,52.8,51.7,48.6,40.9,47.5,48.3,43.6
1622,58.8,52.6,54.0,60.2,55.5,56.0,56.4,54.4,52.1,51.9,51.6,53.3,52.8,51.7,55.7,52.6,54.1,53.8,51.5,50.4,54.1,52.1,56.0,52.2,56.4,55.7,53.6,54.2,50.6,54.6,54.0,52.3,48.9,48.8,46.2,47.1,62.0,52.1,60.7,55.8,59.1,58.3,56.3,53.6,58.7,56.6,55.7,54.3,62.8,52.5,59.6,54.6,61.3,53.4,47.8,50.4,49.3,51.7,51.2,49.2,51.0,51.8,54.1,56.4,54.7,52.2,52.5,51.9,54.5,51.1,59.7,60.0,57.9,55.1,57.1,51.8,52.2,48.2,52.4,54.9,54.6,53.5,49.3,41.6,49.1,49.7,45.0
1623,59.1,53.1,54.3,61.3,56.3,56.7,57.2,55.2,52.8,52.5,52.4,54.1,53.3,52.6,56.5,53.2,54.9,54.2,52.2,50.8,54.8,52.9,56.8,53.0,57.2,56.7,54.4,55.1,51.3,55.2,54.9,52.9,49.7,49.9,47.2,47.9,62.6,52.4,61.7,56.5,60.1,58.2,57.3,54.3,59.3,56.8,56.2,54.7,63.4,53.0,60.2,55.1,62.1,53.9,48.2,51.0,49.8,52.1,52.0,49.8,51.3,52.9,54.5,56.9,55.7,52.5,53.4,52.7,55.2,51.7,60.4,61.1,58.6,55.9,57.7,52.4,52.6,48.7,53.1,56.0,55.3,54.7,50.0,41.9,50.1,50.5,45.8
1624,58.0,52.8,53.7,61.7,56.6,57.3,57.5,55.3,52.5,52.5,52.3,54.4,53.2,52.6,56.5,53.4,54.8,53.8,51.9,50.4,54.7,52.8,56.8,53.2,57.6,56.9,54.4,55.1,51.4,55.0,54.7,52.8,49.7,50.0,47.3,48.2,62.1,51.9,61.9,56.1,60.4,57.3,57.6,54.4,58.7,56.1,56.5,54.2,62.9,53.3,59.9,54.6,61.9,53.1,48.4,50.7,49.8,52.2,52.4,49.6,51.0,53.6,54.3,56.6,56.1,52.2,53.4,52.8,55.1,51.6,60.0,61.3,58.1,56.1,57.4,52.4,52.5,48.4,53.1,56.3,55.7,54.8,49.9,41.7,50.4,50.5,45.9
1625,56.0,50.8,51.3,61.1,55.6,56.5,56.8,54.7,51.5,51.4,51.3,53.8,52.3,52.0,55.6,52.4,53.8,52.4,50.7,49.2,53.8,52.0,56.0,52.4,56.9,56.0,53.7,54.2,50.6,54.1,54.1,51.6,49.2,49.2,46.8,47.5,60.6,50.0,61.2,54.9,59.9,55.2,57.0,53.6,56.8,54.0,55.3,52.6,61.0,52.9,59.1,53.2,60.7,50.8,47.7,49.5,49.1,51.5,51.9,48.3,49.5,53.2,53.1,55.1,55.5,50.8,52.5,52.1,53.9,50.6,58.6,60.9,56.7,55.5,55.9,51.3,51.5,47.4,52.2,55.6,54.8,54.3,49.1,40.7,50.0,49.8,45.3
1626,50.6,45.8,44.8,58.9,53.2,54.3,54.6,52.2,49.0,49.0,49.1,52.1,50.0,50.3,53.4,50.3,50.9,48.9,48.4,46.4,51.4,49.7,53.6,49.8,54.3,53.6,51.7,51.6,48.2,51.6,51.9,49.0,46.9,46.7,44.8,45.1,55.8,45.5,59.2,51.1,57.9,49.2,54.6,50.9,51.9,49.0,52.5,48.5,55.9,50.7,56.8,50.6,58.1,44.6,46.0,46.5,47.1,49.1,50.7,44.5,47.2,51.7,49.8,51.1,53.7,47.8,49.4,50.1,51.6,48.1,55.6,58.9,52.3,53.2,51.5,49.0,49.2,45.2,49.9,53.5,52.2,51.8,46.8,39.1,47.9,47.4,42.8
1627,45.6,42.1,40.3,53.5,49.0,50.8,50.7,47.7,46.7,46.2,47.0,49.7,47.1,47.6,49.5,47.7,46.6,45.3,46.2,44.4,47.5,46.6,49.6,45.8,48.2,48.9,49.5,47.7,44.7,48.3,48.5,45.9,42.3,42.7,42.0,41.0,51.0,41.9,53.7,46.5,54.8,44.8,48.9,46.0,47.9,44.8,48.3,44.5,52.1,45.1,52.5,48.3,52.7,40.6,43.4,43.9,44.2,46.2,48.0,41.8,45.3,48.2,46.4,46.5,50.8,44.7,44.9,48.0,48.8,45.6,49.8,52.5,47.2,48.1,47.6,43.9,47.3,43.2,46.5,47.5,46.6,46.9,41.9,37.7,43.7,44.0,38.7
1628,42.6,40.1,37.9,49.2,46.3,48.8,48.6,44.7,45.3,44.6,45.5,47.6,45.5,45.8,47.2,46.2,44.0,43.5,44.5,43.3,45.2,45.0,47.3,43.6,44.9,45.6,47.9,45.3,42.6,46.4,46.0,44.6,39.8,40.2,40.0,38.7,48.4,39.8,50.1,43.2,51.9,43.1,45.2,43.4,45.4,42.0,45.4,42.2,49.3,41.6,49.4,46.6,47.9,38.6,42.2,41.9,42.5,44.6,45.7,40.4,43.8,45.0,44.2,43.8,48.9,42.6,43.0,46.3,46.9,44.0,46.8,47.7,44.1,44.9,45.2,41.5,46.1,41.9,44.6,43.4,43.9,43.1,39.7,36.5,41.1,41.9,36.2
1629,40.4,38.5,36.3,46.6,44.4,47.3,46.8,42.8,44.4,43.3,44.3,45.9,44.0,44.2,45.7,45.2,42.4,42.2,43.4,42.5,43.5,43.8,45.8,42.1,43.0,44.0,46.4,43.5,41.1,45.1,44.4,43.5,38.2,38.8,38.2,37.2,46.5,38.5,47.7,40.8,50.1,41.6,43.0,41.7,43.5,40.6,42.8,40.0,46.6,39.9,46.9,44.8,45.3,37.3,41.3,40.2,41.2,43.5,44.2,39.4,42.9,43.1,42.5,41.5,47.3,40.6,41.5,45.0,45.8,42.7,44.7,45.0,41.6,42.9,43.6,39.8,44.9,40.7,43.3,40.8,42.2,40.8,38.6,35.5,39.2,40.3,34.8
1630,38.2,37.6,34.9,44.3,42.9,45.9,45.5,41.4,43.5,42.3,43.3,44.7,43.1,43.1,44.8,44.2,40.9,40.8,42.5,41.5,42.2,42.6,44.7,41.1,41.4,42.8,45.1,42.4,39.8,44.3,43.1,42.6,37.0,37.3,37.2,36.1,45.0,37.3,45.8,39.3,48.5,40.6,41.1,41.1,41.6,39.4,40.5,38.4,44.3,38.5,44.8,43.5,43.2,36.0,40.3,38.9,40.1,42.6,42.8,38.4,41.9,41.6,41.1,39.5,45.5,39.1,40.1,43.7,44.7,41.7,42.8,43.3,39.7,41.5,41.8,38.4,44.0,39.9,42.1,39.1,40.6,38.9,38.0,34.6,37.8,39.1,34.0
1631,36.7,36.5,33.8,42.6,41.8,44.7,44.1,40.4,42.6,41.4,42.3,43.3,42.2,42.1,43.5,43.2,40.2,39.7,41.4,40.9,41.2,41.5,43.7,39.9,40.3,41.7,44.0,41.4,38.9,43.3,41.9,41.8,35.8,36.0,36.3,35.3,43.5,36.5,44.3,37.8,46.9,39.7,39.5,39.8,39.9,38.4,38.7,36.9,42.0,36.8,42.9,42.0,41.6,34.8,39.6,37.6,39.5,41.7,41.9,37.6,41.3,40.5,39.9,37.7,44.1,37.7,39.0,42.7,43.8,40.9,41.2,41.6,37.8,40.5,40.2,37.0,43.1,39.0,41.3,38.0,39.6,37.3,37.7,33.8,36.6,38.1,33.3
1632,35.3,35.8,32.7,41.1,40.9,43.7,43.0,39.4,41.6,40.6,41.5,42.4,41.2,41.2,42.3,42.1,39.2,39.0,40.5,40.4,40.2,40.5,42.7,39.0,39.2,40.7,43.0,40.5,38.2,42.4,40.9,41.0,35.0,35.2,35.4,34.3,42.3,35.6,43.1,36.6,45.4,38.8,38.3,38.7,38.3,37.3,37.2,35.7,40.3,35.4,41.6,40.8,40.2,33.8,39.0,36.7,39.0,41.0,41.0,36.6,40.5,39.4,38.9,36.4,42.9,36.4,37.6,41.8,42.8,40.1,39.9,39.8,36.2,39.5,38.7,35.8,42.4,38.3,40.4,37.0,38.6,35.9,37.3,33.1,35.3,37.3,32.7
1633,33.9,35.2,32.1,39.8,39.7,42.9,41.8,38.5,40.8,39.9,40.8,41.5,40.6,40.3,41.4,41.4,38.4,38.3,40.0,39.7,39.3,39.7,41.9,38.2,38.2,39.7,42.0,39.5,37.3,41.7,40.0,40.3,34.1,34.1,34.6,33.5,41.2,35.1,42.1,35.6,44.0,38.1,37.1,38.2,37.0,36.6,35.9,34.7,38.4,34.7,40.2,39.5,38.9,32.7,38.4,35.8,38.4,40.2,40.3,36.0,39.9,38.5,38.0,35.3,41.7,35.7,36.6,40.9,41.8,39.2,38.3,38.5,34.6,38.2,37.6,34.4,41.8,37.5,39.4,35.8,37.6,34.7,37.0,32.5,34.4,36.5,32.0
1634,32.7,34.7,31.3,38.6,39.0,41.8,41.0,37.8,40.1,39.2,40.1,40.5,39.7,39.4,40.6,40.7,37.6,37.7,39.0,39.1,38.4,39.1,41.3,37.4,37.3,38.8,41.4,38.8,36.7,40.9,39.2,39.8,33.4,33.2,33.7,32.8,40.4,34.6,41.3,34.6,42.9,37.6,35.9,37.3,36.0,35.4,34.6,33.8,37.1,33.5,39.1,38.4,37.3,31.8,37.8,35.3,37.8,39.6,39.7,35.4,39.3,37.6,37.5,34.2,40.8,34.9,35.8,40.2,41.1,38.4,36.5,37.4,33.7,37.3,36.4,33.6,41.2,37.0,38.6,35.1,36.9,33.5,36.8,31.8,33.6,35.8,31.6
1635,31.6,34.0,30.5,37.5,37.9,41.2,40.3,36.9,39.2,38.4,39.4,39.7,39.0,38.7,39.8,40.1,36.9,36.8,38.5,38.6,37.7,38.7,40.5,36.4,36.5,38.0,40.7,38.0,35.9,40.3,38.3,39.0,32.5,32.3,33.0,31.9,39.6,33.8,40.4,33.5,41.6,37.2,34.7,36.6,34.6,34.5,33.6,32.8,35.6,32.6,38.2,37.5,36.0,31.3,37.3,34.7,37.3,39.1,39.1,34.7,38.8,36.8,36.9,32.9,40.1,34.2,34.9,39.5,40.5,37.9,34.8,36.7,32.5,36.4,35.5,32.8,40.5,36.4,37.9,34.2,35.9,32.4,36.4,31.2,32.9,35.0,31.1
1636,30.5,33.5,30.1,36.5,37.5,40.4,39.6,36.2,38.6,37.8,38.8,38.8,38.4,38.1,39.1,39.4,36.2,36.3,38.1,38.1,37.0,37.7,39.7,35.7,35.6,37.3,39.9,37.2,35.3,39.9,37.6,38.4,31.8,31.9,32.4,31.6,38.8,33.1,39.5,32.6,40.5,36.6,33.8,35.9,33.7,33.7,32.7,32.2,34.4,31.7,37.3,36.7,34.9,30.5,36.8,34.2,36.7,38.7,38.4,34.2,38.2,36.1,36.2,32.0,39.3,33.5,34.2,38.8,39.8,37.4,34.0,35.6,31.4,35.6,34.4,31.6,39.9,35.9,37.3,33.3,35.1,31.3,36.0,30.8,32.2,34.4,30.7
1637,29.8,32.9,29.7,35.7,36.8,39.6,39.1,35.4,38.0,37.1,38.2,38.3,37.6,37.4,38.5,38.9,35.5,35.8,37.7,37.5,36.4,37.2,39.1,34.9,35.0,36.9,39.4,36.6,34.6,39.4,37.0,37.9,31.1,31.4,31.9,31.0,38.2,32.6,38.7,31.7,39.6,36.3,33.2,35.3,32.9,33.2,32.1,31.6,33.8,30.9,36.5,35.9,34.0,29.7,36.3,33.7,36.3,38.4,37.9,33.7,37.5,35.5,35.9,31.0,38.9,33.0,33.5,38.2,39.2,36.7,32.7,34.9,30.6,35.0,33.7,31.0,39.4,35.4,36.6,32.5,34.3,30.5,35.4,30.2,31.5,33.7,30.2
1638,29.0,32.4,29.3,35.2,36.2,39.0,38.5,35.0,37.4,36.5,37.7,37.9,37.2,37.0,38.0,38.4,35.1,35.4,37.1,37.1,36.0,36.8,38.6,34.3,34.5,36.5,38.8,36.1,34.3,39.2,36.6,37.4,30.5,31.0,31.7,30.5,37.8,32.5,37.9,31.0,38.6,35.6,32.3,34.5,32.0,32.4,31.6,30.9,32.9,30.7,35.8,35.3,32.9,29.2,35.8,33.2,35.9,38.1,37.4,33.4,37.0,34.7,35.3,30.3,38.4,32.6,33.1,37.7,38.8,36.3,31.5,34.1,29.7,34.5,33.0,30.3,39.0,35.0,36.3,31.9,33.8,29.6,35.0,30.0,31.0,33.3,29.8
1639,31.0,33.6,31.2,34.6,35.8,38.7,38.3,34.6,37.3,36.3,38.0,37.4,37.4,36.6,37.8,38.3,34.9,35.9,37.2,37.8,35.6,36.5,38.5,33.7,33.8,36.1,38.5,35.9,34.0,39.0,36.3,37.5,30.1,30.7,31.5,30.3,38.8,33.1,37.2,32.1,38.6,37.9,31.6,34.4,33.4,33.8,31.5,32.9,34.7,30.2,35.3,35.6,32.6,30.6,35.5,33.7,35.6,37.9,36.9,33.7,37.3,34.4,35.9,31.5,38.1,33.2,32.9,37.5,38.8,36.4,30.6,33.4,31.0,34.3,35.0,30.0,39.4,35.2,36.1,31.3,33.4,29.1,34.5,30.4,30.5,33.0,29.6
1640,37.6,38.2,37.9,36.7,38.1,40.5,40.5,37.3,39.6,38.5,40.6,39.6,40.5,38.4,40.0,40.3,38.0,40.4,40.1,40.4,38.4,38.8,41.1,35.7,35.7,38.7,40.3,38.2,36.5,41.6,38.5,40.1,32.0,32.9,33.1,33.0,44.1,37.9,39.3,38.4,41.8,44.1,33.6,38.3,38.5,39.8,35.7,38.7,43.7,32.9,39.8,38.7,38.0,35.7,36.8,36.7,37.6,40.0,37.5,36.9,39.7,35.2,39.9,38.0,39.7,37.6,36.6,39.1,41.9,39.5,37.1,35.4,37.3,38.8,41.0,33.5,42.1,37.7,38.3,33.4,35.4,30.7,36.3,32.4,32.2,34.9,31.5
1641,43.7,42.7,44.1,43.2,41.9,43.6,44.0,41.2,42.3,41.2,43.0,42.5,43.4,41.0,43.5,42.9,41.7,43.8,43.0,43.0,42.0,42.1,44.7,39.1,40.6,42.7,42.9,41.9,39.5,44.7,41.8,42.5,35.6,36.3,35.7,36.2,49.0,42.2,44.5,43.4,45.6,49.0,38.9,42.3,43.7,45.3,40.3,43.4,50.4,38.1,46.5,42.1,44.2,40.9,39.1,40.4,40.8,43.0,40.2,40.1,41.8,38.5,43.6,43.9,42.1,41.7,40.5,41.6,44.8,42.1,43.7,42.5,43.0,44.1,45.6,38.6,44.7,40.2,41.3,38.5,39.8,35.4,39.7,34.6,35.9,38.5,34.5
1642,48.9,46.1,48.0,49.2,45.7,47.1,47.5,45.2,45.1,44.0,45.6,45.4,46.1,44.0,47.0,45.6,45.2,46.9,45.6,45.2,45.4,44.9,48.0,42.7,45.5,46.4,45.7,45.7,42.6,47.5,45.4,45.3,39.3,40.1,38.5,39.3,53.2,45.8,49.3,47.5,49.3,52.2,44.3,45.5,48.8,49.5,45.3,46.8,55.0,43.4,51.1,45.9,49.8,45.5,41.9,43.5,43.9,45.8,43.3,42.7,44.2,42.2,46.9,48.4,44.9,45.0,43.9,44.3,47.5,44.8,49.4,48.9,48.3,47.8,49.4,43.2,47.0,42.8,44.3,43.8,44.2,40.5,42.7,36.7,39.8,42.0,37.6
1643,53.1,48.9,51.0,53.5,49.3,50.3,50.7,48.7,47.6,46.8,47.9,48.1,48.6,46.8,50.2,48.1,48.5,49.6,48.0,47.3,48.7,47.6,50.9,46.2,49.6,49.9,48.6,49.0,45.7,50.1,48.6,47.8,42.6,43.3,41.3,42.3,56.4,48.5,53.6,50.7,52.8,55.0,48.9,48.3,52.9,52.7,49.3,49.8,58.2,46.6,54.8,49.4,54.4,48.9,44.5,46.2,46.2,48.2,46.1,45.2,46.4,45.5,49.7,51.6,47.9,47.9,46.6,47.2,50.2,47.2,54.3,53.3,52.1,50.6,52.2,46.9,48.7,44.9,47.3,48.2,48.0,45.6,45.2,38.4,43.0,44.9,40.4
1644,56.3,51.3,52.8,56.8,52.4,53.1,53.3,51.6,49.7,49.3,49.9,50.6,50.6,49.2,52.8,50.4,51.3,51.8,50.1,49.0,51.5,49.7,53.5,49.0,52.9,52.9,51.1,51.7,48.2,52.4,51.4,50.0,45.5,46.1,43.8,45.0,59.1,50.8,57.1,53.3,55.7,57.0,52.6,50.8,56.2,55.1,52.5,52.0,60.5,49.5,57.4,52.1,58.0,51.6,46.5,48.3,48.0,50.2,48.6,47.4,48.4,48.1,52.0,54.1,50.6,50.0,49.3,49.4,52.3,49.2,57.2,56.6,55.1,53.1,54.6,49.7,50.5,46.7,49.8,51.6,51.3,49.4,47.4,39.9,45.9,47.5,42.9
1645,58.4,52.8,54.1,59.2,54.7,55.1,55.6,53.7,51.5,51.3,51.4,52.5,52.3,51.2,54.9,52.3,53.3,53.3,51.4,50.1,53.5,51.7,55.4,51.4,55.6,55.0,53.1,53.7,50.2,54.2,53.5,51.9,48.1,48.4,45.9,46.9,61.2,52.3,59.7,55.3,58.0,58.4,55.5,52.8,58.3,56.7,54.9,53.6,62.5,52.2,59.2,54.3,60.5,53.5,48.0,49.9,49.3,51.6,50.3,48.6,49.9,50.5,53.4,55.6,53.0,51.4,51.2,51.3,54.1,50.9,59.4,59.1,57.3,54.9,56.4,51.4,51.8,48.3,51.8,54.1,53.8,52.5,48.9,41.2,48.3,49.3,44.9
1646,59.8,53.6,55.0,61.1,56.4,56.8,57.2,55.3,52.6,52.8,52.3,53.9,53.5,52.5,56.5,53.4,54.9,54.2,52.2,51.1,54.9,52.8,56.8,53.1,57.4,56.7,54.4,55.0,51.6,55.4,54.8,53.0,49.9,49.9,47.4,48.3,62.6,53.0,61.5,56.4,59.7,59.1,57.4,54.4,59.7,57.6,56.4,54.6,63.4,53.4,60.2,55.2,62.1,54.4,48.6,50.8,50.0,52.4,51.4,49.6,51.3,52.1,54.6,56.8,54.9,52.6,52.7,52.7,55.1,51.8,60.4,60.9,58.8,55.9,57.5,52.4,52.7,49.2,53.2,55.9,55.6,54.4,49.6,42.1,50.0,50.7,46.3
1647,60.2,54.0,55.3,62.2,57.2,57.5,57.9,56.1,53.3,53.4,53.1,54.8,54.0,53.4,57.3,54.1,55.7,54.7,52.9,51.5,55.6,53.7,57.6,53.9,58.2,57.6,55.2,55.9,52.3,56.0,55.7,53.6,50.7,50.9,48.4,49.1,63.2,53.3,62.6,57.1,60.7,59.1,58.4,55.0,60.4,57.9,57.0,55.1,63.9,53.7,60.8,55.6,62.8,54.9,49.0,51.4,50.6,52.8,52.3,50.2,51.6,53.3,54.9,57.3,55.9,52.9,53.7,53.5,55.8,52.5,61.0,61.9,59.6,56.8,58.0,53.1,53.2,49.7,53.9,57.0,56.3,55.6,50.4,42.3,51.1,51.6,47.1
1648,59.1,53.7,54.6,62.7,57.4,58.1,58.4,56.2,53.1,53.3,53.0,55.0,53.9,53.5,57.3,54.2,55.6,54.2,52.7,51.2,55.6,53.6,57.6,54.2,58.6,57.7,55.2,55.9,52.4,55.7,55.6,53.5,50.8,51.1,48.6,49.4,62.8,52.8,62.7,56.7,61.0,58.3,58.7,55.2,59.8,57.2,57.2,54.6,63.3,54.0,60.5,55.1,62.7,54.2,49.1,51.1,50.5,52.9,52.6,49.9,51.2,54.0,54.8,57.0,56.4,52.6,53.7,53.6,55.8,52.5,60.6,62.2,59.1,56.9,57.7,53.0,53.1,49.4,53.9,57.3,56.6,55.8,50.3,42.0,51.4,51.5,47.2
1649,57.1,51.7,52.3,62.1,56.5,57.3,57.6,55.6,52.1,52.4,52.1,54.5,53.1,52.8,56.5,53.2,54.7,52.8,51.5,50.1,54.7,52.8,56.8,53.3,57.9,56.9,54.5,55.0,51.6,54.8,54.9,52.3,50.2,50.3,48.0,48.7,61.5,50.8,62.0,55.5,60.5,56.2,58.1,54.3,58.0,55.1,56.0,53.0,61.5,53.5,59.6,53.7,61.4,51.8,48.5,49.9,49.8,52.1,52.2,48.6,49.8,53.5,53.5,55.6,55.7,51.2,52.7,52.9,54.6,51.5,59.2,61.9,57.5,56.3,56.2,51.9,52.1,48.4,53.0,56.5,55.7,55.3,49.4,41.1,51.0,50.8,46.6
1650,51.6,46.7,45.7,59.9,54.1,55.2,55.4,53.1,49.6,49.9,49.9,52.9,50.8,51.1,54.3,51.1,51.9,49.2,49.1,47.2,52.3,50.5,54.4,50.8,55.4,54.5,52.6,52.5,49.2,52.3,52.7,49.8,47.9,47.8,46.1,46.3,56.6,46.3,60.1,51.7,58.5,50.2,55.7,51.7,53.0,50.1,53.4,48.9,56.4,51.2,57.4,51.0,58.8,45.5,46.7,46.9,47.8,49.7,50.9,44.9,47.6,52.0,50.2,51.6,53.9,48.2,49.7,51.0,52.3,49.0,56.2,59.9,53.3,54.0,51.9,49.6,49.9,46.2,50.7,54.5,53.2,52.8,47.2,39.3,48.8,48.4,44.0
1651,46.5,42.8,41.2,54.5,49.8,51.7,51.6,48.6,47.3,47.1,47.8,50.5,47.8,48.5,50.3,48.5,47.5,45.6,46.9,45.1,48.4,47.4,50.4,46.7,49.2,49.8,50.4,48.6,45.7,49.0,49.5,46.7,43.3,43.8,43.2,42.3,51.9,42.6,54.6,47.1,55.4,45.7,49.9,46.7,48.8,45.7,49.1,44.8,52.5,45.6,53.1,48.8,53.4,41.4,44.1,44.1,44.9,46.7,48.3,42.1,45.6,48.6,46.5,46.9,50.9,44.9,45.0,48.8,49.4,46.4,50.3,53.5,48.0,48.8,48.0,44.3,48.0,44.0,47.4,48.4,47.6,47.8,42.3,37.9,44.6,45.0,39.9
1652,43.5,40.7,38.7,50.2,47.2,49.7,49.5,45.6,46.0,45.6,46.2,48.3,46.2,46.7,48.0,47.0,45.0,43.7,45.3,44.0,46.1,45.9,48.3,44.5,45.8,46.4,48.8,46.1,43.6,47.1,46.9,45.3,40.7,41.2,41.1,39.9,49.2,40.4,51.0,43.9,52.5,44.0,46.1,44.1,46.2,43.0,46.1,42.5,49.6,42.0,50.0,47.0,48.5,39.4,42.8,42.1,43.2,45.1,45.9,40.6,44.0,45.4,44.4,44.2,49.0,42.7,43.2,47.2,47.5,44.7,47.3,48.6,44.9,45.5,45.6,41.8,46.7,42.7,45.5,44.3,44.8,44.0,40.0,36.6,42.0,42.9,37.2
1653,41.3,39.2,37.2,47.5,45.3,48.2,47.7,43.7,45.1,44.2,44.9,46.6,44.7,45.1,46.5,46.0,43.3,42.3,44.0,43.1,44.4,44.6,46.8,43.0,43.9,44.8,47.3,44.4,42.2,45.8,45.3,44.3,39.1,39.8,39.3,38.3,47.1,39.1,48.6,41.4,50.7,42.4,43.9,42.3,44.3,41.4,43.5,40.3,46.9,40.2,47.5,45.3,45.9,38.1,41.9,40.3,41.7,43.9,44.4,39.7,43.1,43.3,42.6,41.9,47.4,40.6,41.7,46.0,46.4,43.4,45.3,45.8,42.4,43.6,43.8,40.1,45.5,41.6,44.2,41.7,43.0,41.7,38.8,35.6,40.1,41.3,35.9
1654,39.1,38.1,35.7,45.3,43.7,46.8,46.4,42.3,44.2,43.3,43.9,45.4,43.8,44.0,45.6,45.0,41.8,41.0,43.1,42.1,43.2,43.5,45.6,42.0,42.4,43.6,46.0,43.3,40.7,45.1,44.0,43.3,37.9,38.2,38.3,37.1,45.6,37.8,46.6,39.9,49.1,41.2,42.1,41.6,42.3,40.0,41.2,38.7,44.5,38.8,45.4,43.9,43.9,36.8,40.8,38.9,40.6,43.0,43.0,38.6,42.1,41.8,41.2,39.9,45.6,39.1,40.3,44.7,45.3,42.4,43.4,44.0,40.5,42.1,42.0,38.6,44.6,40.7,43.0,40.0,41.4,39.7,38.2,34.8,38.7,40.1,35.0
1655,37.6,37.1,34.5,43.4,42.7,45.6,44.9,41.3,43.3,42.3,43.0,44.1,42.9,43.0,44.4,44.0,41.3,39.8,42.1,41.5,42.2,42.4,44.6,40.8,41.2,42.5,45.0,42.3,40.0,44.1,42.9,42.5,36.6,36.9,37.3,36.3,44.2,36.9,45.1,38.4,47.4,40.3,40.4,40.2,40.6,39.1,39.3,37.1,42.4,37.0,43.4,42.4,42.2,35.6,40.0,37.7,39.9,42.1,42.1,37.7,41.4,40.6,40.0,38.1,44.2,37.7,39.2,43.7,44.4,41.6,41.8,42.4,38.6,41.1,40.4,37.3,43.8,39.8,42.2,38.8,40.4,38.1,37.8,33.9,37.4,39.2,34.3
1656,36.0,36.5,33.4,41.9,41.7,44.6,43.8,40.2,42.3,41.6,42.1,43.2,41.9,42.1,43.2,43.0,40.2,39.1,41.2,40.9,41.2,41.5,43.6,39.8,40.1,41.5,43.9,41.4,39.2,43.2,41.9,41.9,35.8,36.0,36.3,35.3,43.0,36.0,43.9,37.1,46.0,39.4,39.1,39.1,39.0,38.0,37.8,35.9,40.6,35.6,42.1,41.0,40.9,34.6,39.5,36.8,39.3,41.3,41.1,36.8,40.6,39.6,38.9,36.7,43.0,36.4,37.8,42.8,43.5,40.8,40.5,40.6,37.1,39.9,38.9,36.1,43.0,39.0,41.3,37.9,39.4,36.6,37.3,33.3,36.2,38.3,33.7
1657,34.6,35.6,32.8,40.5,40.6,43.8,42.7,39.3,41.5,40.9,41.6,42.3,41.4,41.2,42.2,42.3,39.4,38.3,40.7,40.2,40.3,40.7,42.8,39.1,39.0,40.6,43.0,40.4,38.3,42.5,41.0,41.2,34.9,35.0,35.5,34.5,41.9,35.5,42.9,36.2,44.5,38.7,37.9,38.7,37.7,37.3,36.3,34.9,38.7,34.9,40.7,39.7,39.5,33.5,38.8,35.8,38.7,40.6,40.4,36.2,40.1,38.6,38.0,35.6,41.8,35.6,36.8,41.8,42.5,39.9,39.0,39.1,35.4,38.7,37.7,34.6,42.4,38.2,40.4,36.6,38.4,35.4,37.1,32.7,35.3,37.4,33.1
1658,33.5,35.3,32.1,39.3,39.8,42.7,41.8,38.6,40.9,40.3,40.8,41.3,40.4,40.3,41.5,41.7,38.7,37.7,39.7,39.6,39.4,40.1,42.2,38.3,38.1,39.6,42.3,39.7,37.7,41.8,40.2,40.6,34.2,34.1,34.7,33.8,41.0,35.0,42.0,35.1,43.4,38.1,36.7,37.7,36.6,36.0,35.0,34.0,37.4,33.8,39.5,38.6,37.8,32.5,38.2,35.3,38.1,39.9,39.7,35.4,39.4,37.8,37.5,34.4,40.9,34.8,35.9,41.2,41.9,39.1,37.3,38.1,34.2,37.8,36.5,33.7,41.6,37.7,39.5,35.9,37.7,34.2,36.8,32.0,34.5,36.7,32.7
1659,32.3,34.5,31.2,38.2,38.7,42.0,41.1,37.8,40.1,39.4,40.0,40.7,39.7,39.7,40.6,41.1,37.9,36.8,39.1,39.0,38.7,39.7,41.4,37.3,37.2,38.8,41.6,38.9,36.9,41.1,39.3,40.0,33.4,33.3,34.0,33.0,40.2,34.2,41.2,34.0,42.2,37.7,35.5,37.0,35.2,35.1,34.1,33.0,35.9,32.8,38.6,37.7,36.5,32.0,37.6,34.7,37.6,39.5,39.1,34.9,38.8,37.0,36.8,33.1,40.2,34.1,35.0,40.5,41.3,38.5,35.5,37.4,33.2,36.9,35.6,32.9,41.1,37.1,38.9,34.9,36.6,33.2,36.5,31.4,33.8,36.0,32.2
1660,31.1,34.0,30.8,37.2,38.3,41.2,40.4,37.1,39.4,38.8,39.4,39.8,39.2,39.0,39.9,40.5,37.2,36.4,38.8,38.6,37.9,38.7,40.7,36.6,36.5,38.1,40.9,38.1,36.3,40.8,38.6,39.4,32.6,32.8,33.4,32.6,39.4,33.5,40.3,33.1,40.9,37.0,34.6,36.3,34.3,34.4,33.3,32.3,34.7,31.9,37.7,36.9,35.4,31.2,37.1,34.2,36.9,39.0,38.4,34.4,38.3,36.2,36.1,32.3,39.4,33.4,34.3,39.8,40.7,38.1,34.7,36.2,32.1,36.3,34.5,31.8,40.5,36.7,38.3,33.9,35.9,32.1,36.0,30.9,33.0,35.4,31.7
1661,30.4,33.3,30.4,36.4,37.6,40.4,39.9,36.4,38.9,38.1,38.8,39.2,38.4,38.4,39.3,39.9,36.6,35.9,38.4,38.0,37.3,38.2,40.1,35.8,35.8,37.7,40.3,37.6,35.7,40.3,38.0,38.9,31.9,32.3,32.9,32.0,38.7,32.9,39.4,32.2,40.1,36.7,34.0,35.7,33.5,33.8,32.6,31.7,34.0,31.1,36.8,36.0,34.5,30.4,36.6,33.6,36.5,38.7,37.9,33.9,37.7,35.6,35.7,31.2,39.0,32.9,33.5,39.1,40.1,37.5,33.3,35.6,31.3,35.5,33.8,31.0,39.9,36.3,37.7,33.2,35.1,31.3,35.3,30.4,32.3,34.8,31.2
1662,29.7,32.8,30.0,35.9,37.0,39.8,39.4,35.9,38.3,37.5,38.4,38.9,38.0,38.0,38.8,39.4,36.2,35.4,37.7,37.6,37.0,37.8,39.6,35.1,35.3,37.4,39.8,37.1,35.3,40.1,37.6,38.5,31.3,32.0,32.7,31.4,38.3,32.7,38.7,31.4,39.2,36.1,33.1,34.9,32.6,33.0,32.1,31.1,33.0,30.7,36.2,35.5,33.4,29.8,36.1,33.2,36.1,38.3,37.3,33.5,37.1,34.8,35.2,30.4,38.5,32.5,33.2,38.7,39.8,37.1,32.1,34.9,30.4,35.1,33.0,30.4,39.6,35.8,37.3,32.6,34.4,30.4,35.0,30.2,31.7,34.4,30.8
1663,31.8,34.0,31.9,35.3,36.6,39.5,39.1,35.5,38.2,37.3,38.8,38.4,38.3,37.6,38.6,39.3,36.0,36.1,38.0,38.3,36.7,37.5,39.4,34.5,34.6,36.9,39.6,36.8,35.0,40.0,37.3,38.6,30.9,31.6,32.4,31.3,39.5,33.4,38.0,32.6,39.1,38.6,32.4,34.9,34.1,34.4,32.1,33.2,35.1,30.4,35.7,35.8,33.1,31.3,35.7,33.8,35.8,38.2,36.8,34.0,37.4,34.5,35.8,31.8,38.1,33.3,33.0,38.4,39.8,37.3,31.4,34.2,31.8,34.9,35.2,30.0,40.1,36.1,37.1,32.0,34.1,29.9,34.5,30.7,31.3,34.1,30.6
1664,38.4,38.6,38.5,37.5,38.9,41.4,41.4,38.2,40.5,39.5,41.5,40.7,41.4,39.4,40.9,41.3,39.0,40.7,41.0,41.1,39.4,39.8,42.1,36.6,36.6,39.6,41.3,39.1,37.5,42.6,39.4,41.1,32.9,33.9,34.1,34.0,44.8,38.3,40.2,38.9,42.4,44.7,34.6,38.9,39.2,40.5,36.3,39.1,44.1,33.1,40.2,39.0,38.6,36.4,37.2,36.9,37.9,40.3,37.5,37.2,39.9,35.3,40.0,38.4,39.9,37.9,36.8,40.1,42.9,40.4,38.0,36.3,38.0,39.4,41.4,33.7,42.9,38.6,39.3,34.3,36.3,31.5,36.5,32.8,33.1,35.9,32.6
1665,44.5,43.1,44.5,44.0,42.7,44.5,44.8,42.1,43.2,42.3,43.9,43.6,44.3,42.0,44.4,43.9,42.6,44.2,43.9,43.9,42.9,43.1,45.6,39.9,41.5,43.5,43.9,42.7,40.5,45.7,42.7,43.5,36.5,37.2,36.7,37.1,49.7,42.6,45.3,44.0,46.1,49.6,39.8,42.8,44.5,46.0,41.0,43.8,50.8,38.4,46.9,42.5,44.7,41.5,39.6,40.7,41.2,43.4,40.3,40.5,42.1,38.8,43.8,44.3,42.3,42.1,40.8,42.6,45.8,43.1,44.4,43.2,43.6,44.6,46.0,38.8,45.6,41.1,42.2,39.3,40.6,36.2,39.9,35.1,36.8,39.5,35.6
1666,49.6,46.6,48.4,49.9,46.4,47.9,48.3,46.0,46.0,45.0,46.5,46.4,47.0,44.9,47.7,46.6,46.1,47.2,46.6,46.1,46.2,45.9,48.8,43.5,46.3,47.1,46.7,46.5,43.5,48.4,46.2,46.3,40.2,41.0,39.6,40.3,53.8,46.2,50.1,48.2,49.9,52.7,45.2,46.0,49.4,50.1,45.9,47.2,55.3,43.6,51.4,46.3,50.4,46.0,42.4,43.9,44.4,46.2,43.4,43.1,44.5,42.6,47.1,48.9,45.2,45.4,44.1,45.3,48.6,45.7,49.9,49.5,48.7,48.1,49.8,43.4,47.9,43.7,45.2,44.6,44.9,41.2,42.9,37.3,40.6,42.9,38.6
1667,53.7,49.4,51.4,54.2,49.9,51.0,51.4,49.4,48.4,47.7,48.8,49.1,49.5,47.7,50.9,49.0,49.3,49.9,49.0,48.2,49.5,48.5,51.7,46.9,50.4,50.6,49.5,49.7,46.6,51.0,49.4,48.8,43.5,44.2,42.4,43.2,57.0,48.9,54.1,51.3,53.4,55.6,49.7,48.8,53.4,53.3,49.9,50.2,58.5,46.8,55.1,49.8,54.8,49.4,45.1,46.6,46.7,48.6,46.4,45.7,46.7,45.9,50.0,52.1,48.2,48.3,47.0,48.1,51.2,48.0,54.7,53.9,52.5,50.9,52.6,47.0,49.7,45.8,48.2,48.8,48.8,46.3,45.4,39.1,43.8,45.8,41.5
1668,57.0,51.7,53.2,57.3,53.1,53.7,54.0,52.3,50.5,50.2,50.8,51.5,51.6,50.0,53.5,51.3,52.0,52.2,51.0,49.9,52.2,50.6,54.2,49.7,53.6,53.6,51.9,52.5,49.1,53.3,52.2,51.0,46.4,47.0,44.9,45.9,59.8,51.1,57.7,53.8,56.2,57.6,53.2,51.3,56.7,55.5,53.1,52.5,60.8,49.6,57.7,52.5,58.4,52.1,47.0,48.8,48.5,50.6,48.8,47.9,48.6,48.6,52.4,54.5,50.9,50.4,49.7,50.2,53.2,50.1,57.5,57.2,55.5,53.3,54.9,49.8,51.5,47.7,50.6,52.2,52.0,50.0,47.7,40.6,46.7,48.4,44.0
1669,59.1,53.3,54.5,59.7,55.3,55.8,56.1,54.4,52.2,52.1,52.3,53.4,53.2,52.0,55.5,53.1,54.1,53.7,52.3,51.0,54.3,52.3,56.1,52.1,56.3,55.7,53.9,54.4,51.1,55.1,54.2,52.7,48.9,49.2,46.9,47.9,62.0,52.6,60.3,55.7,58.4,58.9,56.0,53.2,58.8,57.1,55.4,54.0,62.9,52.4,59.4,54.8,60.9,53.9,48.4,50.3,49.7,51.9,50.5,49.1,50.2,50.9,53.9,56.1,53.4,51.9,51.6,52.1,54.9,51.8,59.5,59.5,57.7,55.2,56.7,51.5,52.7,49.3,52.5,54.7,54.4,53.0,49.1,41.9,49.1,50.2,46.0
1670,60.4,54.0,55.3,61.5,57.0,57.5,57.8,55.9,53.3,53.6,53.2,54.8,54.3,53.2,57.1,54.2,55.6,54.5,53.1,52.0,55.7,53.6,57.4,53.8,58.1,57.4,55.2,55.8,52.5,56.2,55.6,53.8,50.7,50.7,48.4,49.3,63.4,53.4,62.1,56.9,60.1,59.6,57.8,54.7,60.3,58.0,56.9,55.1,63.7,53.5,60.3,55.7,62.4,54.8,48.9,51.3,50.4,52.7,51.6,50.1,51.6,52.5,55.0,57.2,55.2,53.0,53.1,53.4,56.0,52.7,60.6,61.4,59.2,56.3,57.9,52.6,53.5,50.2,53.9,56.4,56.3,54.9,49.9,42.7,50.7,51.6,47.4
1671,60.7,54.4,55.6,62.7,57.8,58.2,58.6,56.8,54.0,54.2,54.0,55.6,54.9,54.2,57.9,54.8,56.4,55.0,53.8,52.4,56.3,54.4,58.2,54.6,58.9,58.4,56.0,56.6,53.1,56.8,56.4,54.4,51.4,51.8,49.4,50.1,63.9,53.6,63.1,57.6,61.1,59.5,58.9,55.4,61.0,58.2,57.3,55.5,64.2,54.3,60.9,56.1,63.1,55.2,49.4,51.8,50.9,53.0,52.5,50.7,51.8,53.7,55.4,57.7,56.2,53.3,54.1,54.3,56.6,53.3,61.2,62.3,59.9,57.2,58.4,53.3,54.1,50.6,54.7,57.6,57.0,56.0,50.6,43.0,51.7,52.4,48.2
1672,59.6,54.0,55.0,63.2,58.1,58.8,59.1,56.9,53.7,54.1,53.9,55.8,54.8,54.2,58.0,54.9,56.4,54.6,53.5,52.1,56.3,54.4,58.3,54.9,59.2,58.4,56.0,56.6,53.3,56.7,56.3,54.2,51.4,51.9,49.6,50.4,63.4,53.0,63.3,57.1,61.3,58.6,59.2,55.5,60.3,57.5,57.5,55.0,63.7,54.5,60.6,55.5,62.8,54.5,49.4,51.5,50.9,53.2,52.9,50.4,51.5,54.4,55.2,57.5,56.7,52.9,54.1,54.4,56.7,53.3,60.8,62.6,59.4,57.3,58.2,53.2,53.9,50.4,54.7,57.8,57.3,56.2,50.6,42.7,52.0,52.4,48.2
1673,57.6,52.0,52.7,62.6,57.2,58.0,58.3,56.3,52.7,53.2,52.9,55.3,53.9,53.6,57.2,54.0,55.5,53.2,52.4,51.0,55.4,53.6,57.5,54.0,58.5,57.6,55.3,55.7,52.5,55.7,55.7,53.1,50.8,51.1,49.0,49.7,62.0,51.0,62.5,55.8,60.7,56.6,58.6,54.7,58.4,55.4,56.3,53.4,61.9,53.9,59.7,54.0,61.6,52.2,48.7,50.3,50.1,52.4,52.5,49.2,50.1,54.0,54.0,56.1,56.0,51.7,53.1,53.7,55.4,52.4,59.4,62.3,57.8,56.7,56.6,52.1,53.0,49.4,53.9,57.0,56.4,55.6,49.8,41.6,51.5,51.7,47.6
1674,52.3,47.1,46.3,60.5,54.8,55.8,56.1,53.9,50.3,50.8,50.8,53.7,51.6,51.9,54.9,51.9,52.7,49.5,50.0,48.1,53.1,51.3,55.1,51.5,56.0,55.2,53.5,53.3,50.1,53.2,53.5,50.6,48.6,48.6,47.1,47.3,57.2,46.6,60.6,52.1,58.7,50.7,56.3,52.0,53.5,50.6,53.7,49.3,56.8,51.5,57.5,51.4,58.9,46.1,47.0,47.3,48.2,50.0,51.3,45.4,47.8,52.6,50.6,52.1,54.2,48.7,50.1,51.8,53.1,49.9,56.4,60.3,53.7,54.4,52.3,49.8,50.8,47.2,51.5,55.0,53.8,53.3,47.5,39.8,49.4,49.3,45.0
1675,47.2,43.2,41.8,55.2,50.6,52.3,52.3,49.5,48.0,48.0,48.6,51.2,48.7,49.3,51.0,49.4,48.5,45.8,47.8,45.9,49.3,48.3,51.2,47.5,50.0,50.5,51.3,49.4,46.6,49.9,50.2,47.5,44.0,44.6,44.2,43.2,52.3,43.0,55.2,47.5,55.7,46.2,50.6,47.1,49.4,46.2,49.4,45.1,52.9,45.9,53.2,49.0,53.7,41.9,44.5,44.5,45.3,47.1,48.6,42.4,45.8,49.2,47.0,47.2,51.2,45.2,45.4,49.7,50.3,47.3,50.5,54.0,48.5,49.1,48.3,44.5,48.8,45.0,48.3,49.1,48.3,48.3,42.5,38.4,45.3,45.9,40.9
1676,44.1,41.1,39.2,50.8,48.0,50.4,50.2,46.5,46.7,46.4,47.0,49.1,47.0,47.6,48.7,47.8,45.9,43.7,46.2,44.8,46.9,46.8,49.2,45.2,46.5,47.2,49.7,46.9,44.4,47.9,47.7,46.1,41.3,42.0,41.9,40.9,49.6,40.8,51.5,44.2,52.7,44.4,46.8,44.3,46.8,43.4,46.4,42.9,50.0,42.2,50.1,47.3,48.7,39.9,43.1,42.4,43.4,45.4,46.3,41.0,44.2,45.8,44.8,44.5,49.4,43.0,43.5,48.1,48.4,45.6,47.5,49.1,45.4,46.0,45.9,41.9,47.6,43.6,46.4,45.0,45.4,44.5,40.1,37.1,42.7,43.8,38.2
1677,42.1,39.6,37.7,48.1,46.1,48.9,48.5,44.5,45.8,45.1,45.7,47.4,45.5,46.0,47.2,46.9,44.3,42.3,44.9,44.0,45.3,45.5,47.8,43.7,44.5,45.6,48.2,45.2,42.9,46.7,46.1,45.1,39.8,40.6,40.2,39.2,47.4,39.5,49.0,41.7,50.9,42.8,44.5,42.5,44.8,41.8,43.8,40.7,47.3,40.4,47.6,45.5,46.1,38.6,42.1,40.6,41.9,44.2,44.6,40.1,43.2,43.6,42.8,42.1,47.7,40.8,42.0,46.9,47.2,44.3,45.5,46.4,42.9,44.0,44.1,40.3,46.5,42.5,45.2,42.4,43.7,42.2,38.8,36.1,40.8,42.2,36.8
1678,39.9,38.5,36.3,45.9,44.5,47.6,47.2,43.2,44.9,44.1,44.7,46.2,44.7,44.9,46.3,45.8,42.8,41.0,44.0,43.1,44.1,44.3,46.5,42.6,43.1,44.4,46.9,44.1,41.6,46.0,44.9,44.1,38.6,38.9,39.2,38.0,46.0,38.2,47.1,40.2,49.3,41.6,42.7,41.8,42.7,40.3,41.5,39.0,44.9,38.9,45.5,44.1,44.1,37.3,41.0,39.2,40.9,43.2,43.2,39.0,42.1,42.1,41.4,40.1,45.8,39.4,40.5,45.6,46.2,43.3,43.6,44.6,40.9,42.5,42.3,38.7,45.5,41.7,43.9,40.7,42.2,40.2,38.3,35.2,39.4,41.0,35.9
1679,38.2,37.4,35.1,44.1,43.4,46.4,45.8,42.0,44.1,43.2,43.8,45.0,43.8,43.9,45.1,44.8,42.2,39.8,43.0,42.4,43.1,43.3,45.5,41.5,41.9,43.3,45.9,43.1,40.8,45.0,43.8,43.4,37.3,37.7,38.2,37.2,44.6,37.3,45.5,38.7,47.6,40.7,41.0,40.4,41.0,39.4,39.5,37.4,42.9,37.2,43.5,42.6,42.5,36.1,40.2,37.9,40.1,42.3,42.3,38.0,41.5,41.0,40.2,38.3,44.5,37.9,39.4,44.6,45.3,42.5,42.0,42.9,39.1,41.3,40.5,37.5,44.6,40.7,43.1,39.4,41.2,38.7,37.8,34.3,38.2,40.0,35.2
1680,36.7,36.7,33.9,42.6,42.4,45.4,44.7,40.9,43.1,42.4,43.0,44.0,42.8,43.0,44.0,43.9,41.2,39.1,42.2,41.7,42.0,42.3,44.6,40.5,40.7,42.4,44.8,42.2,40.1,44.1,42.7,42.7,36.6,36.9,37.3,36.1,43.3,36.3,44.3,37.4,46.3,39.8,39.7,39.2,39.4,38.3,38.0,36.3,41.0,35.7,42.1,41.2,41.1,35.0,39.7,37.0,39.5,41.6,41.3,37.1,40.6,39.8,39.1,36.8,43.2,36.5,38.1,43.6,44.5,41.7,40.6,41.0,37.4,40.2,39.0,36.2,43.9,39.9,42.2,38.4,40.1,37.2,37.3,33.7,36.9,39.1,34.6
1681,35.1,35.9,33.2,41.0,41.4,44.6,43.6,40.1,42.3,41.7,42.5,43.1,42.3,42.0,43.1,43.1,40.2,38.4,41.7,41.0,41.0,41.6,43.8,39.9,39.7,41.5,43.8,41.2,39.3,43.5,41.8,42.1,35.7,35.8,36.4,35.4,42.3,35.7,43.3,36.4,44.8,39.0,38.5,38.8,38.0,37.4,36.4,35.3,39.0,35.0,40.7,39.9,39.7,33.9,39.1,36.0,38.9,40.8,40.6,36.4,40.1,38.9,38.1,35.7,42.0,35.6,37.1,42.7,43.5,40.8,39.1,39.6,35.7,39.0,37.8,34.7,43.2,39.1,41.2,37.2,39.1,36.0,37.1,33.0,36.1,38.4,34.0
1682,34.1,35.5,32.5,39.9,40.6,43.6,42.7,39.4,41.7,41.1,41.7,42.2,41.4,41.2,42.4,42.5,39.6,37.7,40.7,40.4,40.2,40.9,43.1,39.1,38.8,40.4,43.1,40.6,38.7,42.8,41.0,41.4,35.0,35.0,35.6,34.7,41.3,35.2,42.5,35.5,43.7,38.4,37.4,37.8,36.9,36.2,35.2,34.4,37.6,33.8,39.7,38.7,38.0,32.9,38.4,35.4,38.3,40.1,39.9,35.7,39.3,38.1,37.6,34.6,41.1,34.9,36.1,42.0,42.9,40.0,37.5,38.6,34.5,38.1,36.6,33.8,42.5,38.5,40.4,36.5,38.4,34.8,36.8,32.3,35.3,37.7,33.6
1683,32.9,34.7,31.7,38.8,39.5,42.8,42.1,38.7,40.9,40.3,40.9,41.6,40.6,40.5,41.5,42.0,38.9,36.8,40.0,39.9,39.6,40.5,42.3,38.1,37.9,39.7,42.5,39.7,37.9,42.1,40.2,40.9,34.2,34.2,34.9,33.9,40.6,34.3,41.6,34.2,42.5,37.9,36.1,37.1,35.6,35.2,34.2,33.4,36.1,33.0,38.7,37.9,36.7,32.5,37.8,34.8,37.7,39.6,39.3,35.0,38.8,37.1,36.9,33.4,40.4,34.2,35.2,41.3,42.3,39.4,35.8,37.9,33.5,37.2,35.6,33.0,42.0,37.9,39.7,35.6,37.4,33.9,36.4,31.6,34.6,37.0,33.1
1684,31.8,34.0,31.2,37.8,39.1,42.2,41.3,37.9,40.2,39.6,40.3,40.7,40.1,39.9,40.8,41.2,38.2,36.5,39.6,39.4,38.8,39.5,41.6,37.3,37.1,39.0,41.8,39.0,37.3,41.7,39.5,40.2,33.5,33.7,34.3,33.6,39.9,33.6,40.8,33.3,41.3,37.3,35.2,36.4,34.6,34.4,33.4,32.7,34.9,31.9,37.8,37.1,35.6,31.7,37.3,34.3,37.1,39.1,38.5,34.5,38.3,36.3,36.2,32.4,39.7,33.6,34.4,40.6,41.7,39.0,35.0,36.8,32.5,36.5,34.6,31.8,41.4,37.4,39.1,34.7,36.6,32.7,36.0,31.2,33.8,36.4,32.7
1685,31.0,33.2,30.8,37.0,38.4,41.3,40.9,37.2,39.7,39.0,39.7,40.1,39.4,39.3,40.2,40.8,37.6,35.9,39.3,38.8,38.3,39.1,41.2,36.6,36.4,38.5,41.2,38.5,36.7,41.3,38.9,39.7,32.7,33.3,33.8,33.0,39.2,33.0,40.0,32.4,40.4,37.0,34.6,35.8,33.9,34.0,32.7,32.1,34.3,31.2,37.0,36.2,34.8,30.9,36.8,33.8,36.7,38.9,38.0,34.0,37.6,35.7,35.8,31.4,39.1,33.1,33.7,40.0,41.2,38.4,33.5,36.0,31.6,35.8,34.0,31.1,40.8,37.0,38.6,34.0,35.7,31.9,35.3,30.6,33.1,35.7,32.1
1686,30.2,32.8,30.3,36.4,37.9,40.7,40.3,36.8,39.1,38.4,39.3,39.8,38.9,38.9,39.7,40.4,37.2,35.4,38.6,38.4,37.9,38.7,40.5,35.9,35.8,38.2,40.7,38.0,36.3,41.0,38.5,39.4,32.1,33.0,33.6,32.5,38.7,32.6,39.2,31.6,39.5,36.5,33.7,35.0,33.0,33.1,32.2,31.4,33.3,30.8,36.3,35.6,33.6,30.3,36.3,33.3,36.2,38.4,37.4,33.7,37.1,34.9,35.2,30.6,38.7,32.7,33.3,39.6,40.8,38.0,32.3,35.3,30.6,35.3,33.1,30.4,40.5,36.6,38.3,33.4,35.1,31.0,35.0,30.4,32.5,35.3,31.8
1687,32.4,34.1,32.3,35.8,37.4,40.3,40.0,36.4,39.1,38.3,39.8,39.4,39.3,38.6,39.5,40.2,37.1,36.2,39.0,39.2,37.6,38.5,40.4,35.3,35.2,37.8,40.5,37.8,36.0,40.9,38.3,39.5,31.7,32.6,33.4,32.4,39.9,33.4,38.4,32.9,39.5,38.9,33.1,35.0,34.4,34.6,32.2,33.7,35.8,30.4,35.8,36.0,33.4,31.8,36.0,34.0,35.9,38.3,36.9,34.2,37.5,34.6,36.0,32.2,38.4,33.5,33.2,39.4,40.8,38.3,31.6,34.7,32.1,35.2,35.5,30.0,41.0,37.0,38.1,32.7,34.8,30.5,34.5,31.0,32.0,35.1,31.5
1688,38.9,38.6,38.7,38.1,39.7,42.1,42.2,39.1,41.3,40.4,42.4,41.6,42.3,40.3,41.7,42.1,40.0,40.9,41.9,42.1,40.3,40.7,43.0,37.3,37.2,40.4,42.2,40.1,38.5,43.5,40.4,42.0,33.5,34.8,35.0,34.9,45.3,38.2,40.7,39.2,42.7,44.8,35.2,39.2,39.5,40.6,36.5,39.6,44.6,33.4,40.4,39.1,38.9,36.8,37.4,37.3,38.3,40.6,37.7,37.5,40.0,35.5,40.3,38.9,40.3,38.3,37.1,41.0,43.8,41.3,38.2,36.8,38.2,39.8,41.8,34.0,43.7,39.5,40.3,35.0,36.9,32.2,36.6,33.1,33.7,36.9,33.5
1689,44.8,43.0,44.5,44.4,43.3,45.2,45.6,42.8,44.0,43.1,44.9,44.4,45.3,42.9,45.1,44.7,43.5,44.4,44.8,44.8,43.7,44.0,46.5,40.6,42.0,44.2,44.7,43.6,41.4,46.5,43.5,44.3,37.0,38.0,37.5,38.0,50.0,42.4,45.7,44.1,46.3,49.6,40.2,43.1,44.8,46.1,41.2,44.2,51.2,38.9,47.0,42.7,45.0,41.8,40.0,41.1,41.6,43.7,40.7,40.8,42.3,39.1,44.1,44.8,42.6,42.6,41.1,43.4,46.6,44.0,44.6,43.6,43.7,45.0,46.4,39.1,46.4,42.1,43.1,39.8,41.1,36.7,40.1,35.5,37.3,40.4,36.5
1690,49.8,46.5,48.4,50.1,46.9,48.5,49.0,46.6,46.7,45.7,47.4,47.2,47.9,45.7,48.4,47.3,46.8,47.5,47.5,47.1,47.0,46.7,49.5,43.9,46.5,47.7,47.5,47.2,44.3,49.2,47.0,47.0,40.6,41.5,40.3,41.1,54.0,46.1,50.3,48.2,50.1,52.6,45.4,46.3,49.6,50.1,46.1,47.6,55.6,44.1,51.5,46.6,50.5,46.2,42.8,44.3,44.8,46.6,43.8,43.5,44.7,42.9,47.5,49.3,45.5,45.9,44.5,46.0,49.3,46.6,50.0,49.6,48.7,48.5,50.1,43.8,48.7,44.7,46.0,44.9,45.2,41.7,43.2,37.6,41.0,43.7,39.4
1691,53.9,49.3,51.3,54.2,50.3,51.6,52.0,49.9,49.1,48.4,49.7,49.7,50.4,48.3,51.6,49.7,50.0,50.2,49.7,49.2,50.1,49.2,52.2,47.2,50.5,51.1,50.2,50.3,47.3,51.7,50.1,49.5,43.7,44.6,42.9,43.9,57.1,48.7,54.2,51.3,53.5,55.4,49.8,49.0,53.5,53.2,50.0,50.6,58.9,47.5,55.2,50.1,54.9,49.6,45.4,47.1,47.0,49.0,46.8,46.1,47.0,46.2,50.4,52.5,48.5,48.8,47.3,48.8,51.9,48.9,54.7,53.8,52.3,51.3,52.9,47.5,50.6,46.8,48.8,49.0,49.0,46.5,45.8,39.5,44.1,46.5,42.1
1692,57.0,51.5,53.2,57.3,53.3,54.2,54.6,52.6,51.0,50.7,51.6,52.1,52.3,50.7,54.1,51.9,52.6,52.5,51.8,50.8,52.6,51.4,54.7,49.9,53.6,53.9,52.6,52.9,49.7,53.9,52.7,51.6,46.6,47.3,45.4,46.5,59.8,50.9,57.6,53.8,56.3,57.4,53.3,51.5,56.7,55.5,53.2,52.8,61.1,50.3,57.8,52.9,58.5,52.2,47.3,49.2,48.8,50.8,49.3,48.3,49.0,48.9,52.7,54.9,51.2,50.8,49.9,50.9,53.9,50.9,57.5,57.0,55.3,53.7,55.3,50.2,52.3,48.7,51.2,52.2,52.1,50.1,48.1,41.0,46.9,49.0,44.6
1693,59.0,53.1,54.5,59.6,55.5,56.2,56.6,54.6,52.7,52.7,53.1,53.9,53.8,52.5,56.0,53.7,54.6,54.0,53.2,52.0,54.6,52.9,56.6,52.2,56.2,56.0,54.4,54.9,51.7,55.7,54.6,53.2,49.1,49.6,47.4,48.4,61.9,52.5,60.1,55.6,58.4,58.7,56.0,53.5,58.7,57.1,55.5,54.4,63.1,52.9,59.4,55.2,61.0,54.0,48.7,50.9,50.1,52.2,50.9,49.6,50.6,51.3,54.2,56.4,53.7,52.3,51.9,52.7,55.6,52.5,59.5,59.4,57.6,55.4,57.1,51.9,53.5,50.2,53.0,54.7,54.4,53.0,49.5,42.3,49.2,50.7,46.6
1694,60.4,53.9,55.3,61.4,57.1,57.8,58.2,56.1,53.8,54.0,53.9,55.3,54.9,53.7,57.5,54.8,56.0,54.8,54.0,52.9,55.9,54.2,57.9,53.8,58.0,57.6,55.6,56.1,53.0,56.7,55.8,54.3,50.7,51.0,49.0,49.8,63.3,53.3,61.9,56.8,60.0,59.4,57.8,54.9,60.2,57.9,57.0,55.4,64.0,54.0,60.4,56.0,62.6,54.7,49.3,51.8,50.8,53.1,52.0,50.5,52.0,52.9,55.3,57.6,55.6,53.4,53.4,53.9,56.6,53.4,60.5,61.1,59.1,56.6,58.2,53.0,54.3,51.1,54.3,56.4,56.2,54.8,50.3,43.1,50.7,52.1,48.0
1695,60.6,54.3,55.5,62.5,57.9,58.4,58.9,56.9,54.4,54.5,54.6,56.1,55.5,54.5,58.2,55.3,56.7,55.4,54.6,53.3,56.5,54.9,58.6,54.7,58.8,58.5,56.3,56.9,53.6,57.3,56.7,54.8,51.3,52.0,49.9,50.6,63.9,53.6,62.9,57.3,60.9,59.3,58.8,55.6,60.9,58.1,57.5,55.8,64.5,54.7,60.9,56.4,63.2,55.1,49.8,52.3,51.4,53.4,52.9,51.1,52.3,54.1,55.7,58.1,56.6,53.6,54.4,54.7,57.2,54.0,61.1,62.1,59.9,57.6,58.7,53.7,54.9,51.5,55.0,57.5,56.9,55.7,51.1,43.4,51.7,52.9,48.8
1696,59.7,53.9,54.9,62.9,58.2,58.8,59.3,57.0,54.2,54.5,54.6,56.3,55.4,54.5,58.2,55.4,56.7,54.9,54.3,52.9,56.5,54.9,58.7,55.0,59.1,58.6,56.4,56.8,53.7,57.1,56.5,54.6,51.4,52.1,50.1,50.9,63.4,53.0,63.0,56.9,61.1,58.4,59.1,55.8,60.2,57.4,57.6,55.3,63.9,55.0,60.6,55.9,62.9,54.4,49.9,51.9,51.4,53.5,53.2,50.8,51.9,54.8,55.6,57.9,57.0,53.3,54.4,54.7,57.3,54.0,60.8,62.3,59.4,57.6,58.5,53.6,54.7,51.3,55.0,57.7,57.3,56.1,51.1,43.1,51.9,52.8,48.8
1697,57.8,52.0,52.7,62.4,57.3,58.2,58.5,56.4,53.2,53.6,53.6,55.7,54.5,53.9,57.4,54.4,55.8,53.5,53.1,51.8,55.7,54.0,57.9,54.1,58.5,57.8,55.7,56.0,52.9,56.1,55.9,53.5,50.8,51.4,49.5,50.2,61.9,51.1,62.2,55.7,60.6,56.4,58.5,54.9,58.5,55.5,56.5,53.7,62.1,54.3,59.7,54.3,61.7,52.2,49.2,50.8,50.6,52.8,52.8,49.6,50.6,54.4,54.4,56.5,56.3,52.0,53.4,54.0,56.0,53.0,59.3,62.1,57.9,57.0,57.1,52.5,53.8,50.2,54.2,56.9,56.4,55.6,50.2,42.0,51.5,52.1,48.1
1698,52.4,47.3,46.4,60.3,55.0,56.1,56.4,54.2,50.8,51.3,51.5,54.1,52.3,52.3,55.3,52.3,53.1,49.9,50.7,48.9,53.4,51.8,55.5,51.7,56.1,55.5,53.9,53.6,50.6,53.6,53.9,51.1,48.7,48.9,47.6,47.9,57.2,46.8,60.4,52.0,58.6,50.6,56.3,52.3,53.7,50.7,53.9,49.7,57.2,51.9,57.6,51.7,59.1,46.2,47.5,47.8,48.7,50.4,51.7,46.0,48.3,53.0,50.9,52.5,54.5,49.1,50.5,52.2,53.8,50.6,56.4,60.1,53.9,54.8,52.8,50.1,51.5,48.0,52.0,55.0,54.0,53.1,48.0,40.2,49.5,49.8,45.7
1699,47.3,43.5,41.8,55.1,51.0,52.7,52.6,49.8,48.6,48.4,49.3,51.8,49.3,49.8,51.3,49.9,48.9,46.1,48.7,46.8,49.6,48.8,51.6,47.7,50.1,50.9,51.7,49.7,47.1,50.3,50.6,48.1,44.2,44.9,44.7,43.8,52.4,43.2,55.1,47.4,55.6,46.2,50.7,47.4,49.5,46.4,49.6,45.5,53.2,46.4,53.3,49.4,53.9,41.9,45.0,44.9,45.7,47.5,49.1,42.8,46.2,49.6,47.3,47.7,51.6,45.6,45.7,50.1,50.9,48.0,50.6,53.9,48.8,49.4,48.7,44.9,49.6,45.8,48.7,49.1,48.5,48.3,43.1,38.7,45.4,46.4,41.5
1700,44.2,41.3,39.3,50.8,48.3,50.7,50.6,46.8,47.2,46.9,47.7,49.7,47.6,48.0,49.1,48.4,46.4,44.0,47.0,45.6,47.3,47.3,49.6,45.4,46.7,47.6,50.0,47.3,45.0,48.4,48.2,46.7,41.5,42.3,42.5,41.4,49.6,41.0,51.4,44.1,52.7,44.4,46.8,44.7,46.9,43.5,46.5,43.2,50.3,42.7,50.2,47.6,49.1,39.9,43.6,42.7,43.9,45.8,46.7,41.4,44.5,46.2,45.1,44.8,49.7,43.4,43.8,48.5,49.0,46.3,47.5,49.1,45.7,46.4,46.4,42.4,48.3,44.4,46.9,44.9,45.6,44.4,40.4,37.4,42.8,44.3,38.8
1701,42.1,39.8,37.7,48.0,46.3,49.2,48.8,44.9,46.3,45.6,46.4,47.9,46.1,46.5,47.6,47.4,44.8,42.5,45.7,44.8,45.7,46.0,48.2,43.9,44.5,46.0,48.6,45.6,43.4,47.3,46.5,45.7,40.0,41.0,40.7,39.7,47.6,39.6,49.0,41.8,50.9,42.8,44.6,42.9,44.9,41.9,44.0,41.0,47.6,40.9,47.7,45.9,46.2,38.7,42.6,40.8,42.4,44.6,45.0,40.4,43.5,44.0,43.1,42.5,48.0,41.1,42.3,47.3,47.8,45.0,45.6,46.5,43.2,44.5,44.5,40.6,47.2,43.3,45.6,42.3,43.9,42.1,39.2,36.4,40.9,42.7,37.3
1702,40.0,38.8,36.4,45.9,44.8,47.9,47.5,43.6,45.4,44.6,45.4,46.7,45.3,45.3,46.8,46.3,43.3,41.1,44.7,43.9,44.5,44.9,47.0,42.8,43.1,44.8,47.4,44.6,42.1,46.5,45.3,44.6,38.8,39.3,39.7,38.5,46.2,38.3,47.1,40.2,49.4,41.6,42.8,42.2,42.8,40.4,41.6,39.4,45.1,39.3,45.6,44.5,44.3,37.4,41.5,39.4,41.4,43.7,43.5,39.4,42.4,42.4,41.8,40.5,46.2,39.6,40.8,46.0,46.8,44.0,43.7,44.6,41.2,42.8,42.7,39.0,46.2,42.4,44.4,40.6,42.4,40.3,38.6,35.5,39.6,41.4,36.4
1703,38.4,37.6,35.2,44.0,43.7,46.7,46.1,42.5,44.6,43.7,44.6,45.5,44.5,44.4,45.6,45.3,42.6,40.0,43.8,43.1,43.6,43.8,46.0,41.8,42.0,43.7,46.3,43.5,41.3,45.6,44.2,43.9,37.6,37.9,38.6,37.6,44.6,37.4,45.5,38.7,47.6,40.8,41.1,40.8,41.2,39.6,39.8,37.8,43.0,37.6,43.7,42.9,42.6,36.2,40.7,38.1,40.6,42.7,42.6,38.3,41.8,41.2,40.4,38.7,44.8,38.1,39.7,45.1,45.9,43.2,42.0,42.8,39.2,41.8,40.8,37.9,45.3,41.4,43.5,39.4,41.3,38.7,38.2,34.7,38.3,40.5,35.6
1704,36.9,36.9,34.0,42.4,42.7,45.7,45.1,41.3,43.7,42.9,43.8,44.6,43.5,43.4,44.4,44.4,41.6,39.2,43.0,42.5,42.5,42.9,45.1,40.9,40.8,42.7,45.3,42.7,40.6,44.7,43.1,43.3,36.7,37.2,37.6,36.6,43.3,36.4,44.4,37.5,46.3,39.8,39.7,39.7,39.6,38.6,38.2,36.6,41.0,36.2,42.3,41.6,41.3,35.2,40.1,37.1,39.9,42.0,41.6,37.3,40.9,40.1,39.3,37.2,43.6,36.8,38.4,44.1,45.1,42.4,40.7,41.2,37.6,40.5,39.3,36.7,44.5,40.5,42.6,38.5,40.3,37.3,37.5,34.0,37.1,39.5,34.9
1705,35.3,36.0,33.4,41.0,41.6,44.8,43.9,40.5,42.9,42.2,43.2,43.7,43.0,42.5,43.5,43.6,40.7,38.6,42.4,41.8,41.5,42.1,44.2,40.2,39.8,41.8,44.3,41.7,39.8,44.0,42.2,42.7,35.9,36.0,36.8,35.7,42.4,35.7,43.3,36.5,44.9,39.1,38.6,39.2,38.3,37.7,36.6,35.8,39.1,35.4,41.0,40.3,39.8,34.1,39.5,36.2,39.3,41.2,41.0,36.6,40.3,39.1,38.3,36.1,42.4,35.9,37.3,43.1,44.1,41.5,39.2,39.8,35.9,39.4,38.2,35.2,43.9,39.8,41.7,37.3,39.4,36.1,37.4,33.3,36.3,38.8,34.2
1706,34.2,35.7,32.6,39.9,40.8,43.9,43.0,39.8,42.3,41.6,42.4,42.9,42.1,41.6,42.8,43.0,40.1,37.9,41.5,41.2,40.7,41.5,43.6,39.4,38.9,40.8,43.6,41.1,39.2,43.3,41.5,41.9,35.2,35.2,35.8,35.1,41.4,35.3,42.5,35.7,43.7,38.5,37.5,38.2,37.2,36.5,35.4,34.8,37.7,34.3,39.8,39.1,38.1,33.1,38.8,35.5,38.8,40.5,40.2,35.8,39.5,38.3,37.7,34.9,41.5,35.1,36.3,42.5,43.5,40.8,37.5,38.8,34.7,38.5,37.0,34.2,43.1,39.3,40.8,36.6,38.8,34.9,37.1,32.5,35.5,38.1,33.8
1707,33.1,35.0,31.8,38.8,39.8,43.1,42.4,39.0,41.5,40.8,41.6,42.2,41.3,40.9,41.9,42.5,39.4,36.9,40.7,40.6,40.0,41.0,42.8,38.3,38.0,40.1,43.0,40.2,38.4,42.6,40.6,41.4,34.5,34.4,35.1,34.2,40.8,34.5,41.7,34.5,42.6,38.1,36.3,37.5,35.8,35.5,34.4,33.8,36.3,33.5,38.9,38.3,36.9,32.6,38.2,35.0,38.1,39.9,39.5,35.2,38.9,37.3,37.1,33.7,40.7,34.4,35.4,41.8,43.0,40.1,35.9,38.0,33.6,37.5,36.0,33.4,42.6,38.6,40.2,35.8,37.8,34.0,36.7,31.9,34.9,37.3,33.3
1708,31.9,34.2,31.4,37.9,39.5,42.5,41.8,38.3,40.8,40.0,41.1,41.3,40.8,40.3,41.2,41.8,38.7,36.6,40.4,40.1,39.3,40.1,42.1,37.6,37.2,39.5,42.3,39.5,37.7,42.3,39.9,40.7,33.8,33.8,34.5,33.8,40.1,33.8,40.8,33.5,41.4,37.5,35.5,36.8,34.9,34.7,33.6,33.1,35.1,32.5,38.0,37.4,35.7,31.9,37.6,34.5,37.4,39.5,38.8,34.7,38.4,36.5,36.5,32.7,40.0,33.7,34.7,41.1,42.3,39.7,35.0,36.8,32.5,36.8,35.1,32.3,42.1,38.1,39.6,34.8,37.0,32.9,36.2,31.4,34.1,36.6,32.9
1709,31.2,33.4,31.0,37.1,38.7,41.8,41.3,37.6,40.3,39.3,40.4,40.7,40.1,39.7,40.7,41.3,38.1,35.9,40.0,39.6,38.7,39.6,41.6,36.9,36.5,38.9,41.6,38.9,37.1,41.8,39.3,40.3,33.1,33.5,34.0,33.2,39.4,33.2,40.0,32.6,40.5,37.3,34.8,36.2,34.0,34.2,33.0,32.5,34.5,31.7,37.2,36.6,34.9,31.1,37.1,33.9,37.0,39.1,38.3,34.2,37.8,36.0,36.0,31.8,39.5,33.2,34.0,40.5,41.9,39.1,33.6,36.1,31.7,36.1,34.4,31.7,41.5,37.7,39.0,34.1,36.1,32.1,35.5,30.9,33.3,36.0,32.3
1710,30.3,33.0,30.5,36.5,38.2,41.1,40.7,37.2,39.7,38.9,40.1,40.4,39.6,39.3,40.1,40.8,37.7,35.4,39.4,39.1,38.3,39.2,41.0,36.3,36.0,38.6,41.1,38.5,36.7,41.6,38.8,39.9,32.4,33.1,33.9,32.7,39.0,32.9,39.3,31.8,39.6,36.8,33.9,35.3,33.2,33.2,32.4,31.7,33.5,31.2,36.6,36.0,33.8,30.5,36.5,33.4,36.6,38.7,37.7,33.8,37.3,35.2,35.4,31.0,39.0,32.8,33.6,40.1,41.5,38.7,32.5,35.4,30.7,35.6,33.5,30.9,41.1,37.3,38.7,33.5,35.5,31.3,35.1,30.6,32.8,35.6,32.0
1711,32.7,34.4,32.6,36.0,37.8,40.7,40.4,36.9,39.7,38.7,40.5,40.0,40.1,39.0,39.9,40.7,37.5,36.4,39.7,40.0,38.1,39.0,40.9,35.6,35.4,38.2,41.0,38.3,36.5,41.5,38.7,40.0,32.0,32.9,33.6,32.6,40.2,33.7,38.5,33.2,39.7,39.2,33.3,35.4,34.6,34.9,32.6,34.1,36.2,30.9,36.1,36.5,33.7,32.2,36.3,34.3,36.3,38.6,37.2,34.5,37.7,34.8,36.4,32.6,38.7,33.7,33.5,39.8,41.6,39.0,31.9,34.8,32.4,35.6,36.1,30.5,41.7,37.6,38.5,32.9,35.2,30.8,34.6,31.3,32.4,35.3,31.8
1712,39.2,38.8,39.0,38.3,40.1,42.4,42.6,39.5,41.8,40.8,43.1,42.1,43.0,40.7,42.1,42.6,40.5,41.2,42.6,42.9,40.7,41.3,43.5,37.7,37.5,40.8,42.6,40.5,38.9,44.1,40.8,42.4,34.0,35.2,35.3,35.3,45.5,38.5,40.9,39.4,42.9,45.1,35.5,39.5,39.7,41.0,36.9,40.0,45.0,34.0,40.9,39.6,39.3,37.1,37.8,37.6,38.7,40.9,38.1,38.0,40.3,35.9,40.6,39.3,40.6,38.7,37.5,41.4,44.5,41.9,38.6,37.1,38.6,40.3,42.3,34.6,44.4,40.1,40.7,35.3,37.4,32.5,37.0,33.6,34.3,37.3,33.9
1713,45.1,43.2,44.7,44.6,43.7,45.4,45.9,43.2,44.4,43.5,45.5,44.9,45.9,43.2,45.5,45.1,43.9,44.7,45.4,45.6,44.0,44.2,46.8,41.0,42.2,44.6,45.1,43.9,41.8,46.9,43.9,44.8,37.5,38.4,38.0,38.5,50.2,42.7,45.9,44.3,46.6,49.8,40.5,43.5,44.9,46.4,41.6,44.5,51.6,39.5,47.5,43.1,45.3,42.1,40.4,41.5,42.1,44.1,41.1,41.3,42.6,39.4,44.5,45.2,43.0,43.0,41.5,43.8,47.3,44.6,44.8,43.7,44.0,45.5,46.9,39.7,47.1,42.7,43.5,40.1,41.5,37.0,40.6,36.0,37.8,40.7,36.9
1714,50.1,46.7,48.5,50.2,47.3,48.8,49.3,46.9,47.1,46.1,48.0,47.7,48.5,46.0,48.7,47.7,47.1,47.9,48.1,47.8,47.3,47.0,49.8,44.3,46.8,48.1,47.8,47.4,44.7,49.6,47.2,47.5,41.0,41.9,40.9,41.7,54.3,46.4,50.5,48.3,50.2,52.9,45.6,46.8,49.8,50.4,46.5,47.9,56.0,44.6,52.0,46.9,50.9,46.4,43.3,44.8,45.2,46.9,44.2,44.1,45.1,43.2,47.9,49.7,45.9,46.4,44.9,46.3,49.9,47.3,50.3,49.8,49.0,49.0,50.5,44.3,49.3,45.3,46.4,45.2,45.6,42.0,43.6,38.2,41.4,44.1,40.0
1715,54.1,49.6,51.4,54.4,50.6,51.8,52.2,50.1,49.4,48.7,50.2,50.2,50.9,48.6,51.8,50.1,50.3,50.4,50.4,49.9,50.3,49.5,52.4,47.5,50.7,51.3,50.4,50.6,47.7,52.1,50.4,49.9,44.1,45.1,43.6,44.5,57.4,49.0,54.3,51.3,53.6,55.7,50.1,49.5,53.7,53.6,50.4,50.9,59.2,48.2,55.5,50.4,55.4,49.8,45.8,47.6,47.4,49.4,47.1,46.6,47.4,46.5,50.7,52.8,48.8,49.3,47.7,49.0,52.5,49.5,55.0,54.0,52.7,51.9,53.4,47.9,51.2,47.5,49.1,49.3,49.3,46.8,46.2,40.0,44.4,46.9,42.8
1716,57.3,51.7,53.2,57.5,53.5,54.4,54.7,52.8,51.3,51.1,52.2,52.4,52.8,51.0,54.3,52.3,52.9,52.8,52.4,51.6,52.8,51.7,54.9,50.2,53.8,54.1,52.9,53.2,50.1,54.2,53.0,52.0,47.0,47.8,46.1,47.2,60.0,51.2,57.8,53.8,56.4,57.6,53.5,52.0,56.8,55.8,53.6,53.0,61.5,51.0,57.9,53.2,59.0,52.3,47.7,49.7,49.2,51.3,49.6,48.7,49.5,49.2,53.1,55.3,51.5,51.3,50.3,51.3,54.5,51.6,57.8,57.2,55.6,54.3,55.7,50.6,52.9,49.4,51.5,52.4,52.4,50.3,48.4,41.6,47.2,49.5,45.3
1717,59.3,53.3,54.6,59.8,55.7,56.4,56.8,54.8,53.0,53.0,53.7,54.3,54.4,52.7,56.2,54.0,54.8,54.3,53.9,52.7,54.8,53.3,56.7,52.4,56.3,56.2,54.7,55.1,52.1,56.0,54.8,53.6,49.4,50.0,48.0,49.0,62.2,52.7,60.3,55.6,58.5,58.8,56.2,54.0,59.0,57.4,55.9,54.6,63.5,53.3,59.5,55.4,61.4,54.1,49.1,51.4,50.4,52.6,51.3,49.9,51.0,51.5,54.6,56.7,53.9,52.8,52.2,53.0,56.2,53.1,59.8,59.6,57.8,55.9,57.3,52.2,54.0,51.0,53.3,54.7,54.7,53.1,49.9,42.9,49.4,51.2,47.3
1718,60.7,54.1,55.6,61.6,57.3,58.0,58.3,56.3,54.1,54.2,54.6,55.7,55.5,53.9,57.7,55.0,56.2,55.1,54.7,53.6,56.2,54.6,58.0,54.1,58.1,57.7,56.0,56.3,53.4,56.9,56.1,54.6,51.0,51.5,49.6,50.4,63.6,53.5,62.0,56.8,60.1,59.6,58.0,55.3,60.4,58.2,57.4,55.6,64.3,54.4,60.5,56.2,63.0,55.0,49.6,52.3,51.2,53.4,52.3,50.9,52.4,53.2,55.8,57.8,55.8,53.7,53.7,54.2,57.1,54.1,60.7,61.2,59.4,57.2,58.4,53.2,54.9,51.8,54.6,56.4,56.4,54.9,50.8,43.7,51.0,52.6,48.6
1719,60.9,54.5,55.8,62.7,58.1,58.6,59.0,57.2,54.7,54.8,55.3,56.5,56.1,54.7,58.4,55.6,56.9,55.6,55.2,54.0,56.7,55.3,58.8,54.9,59.0,58.7,56.6,57.1,54.0,57.6,56.9,55.2,51.7,52.4,50.4,51.1,64.1,53.8,63.0,57.4,61.0,59.6,59.0,56.0,61.1,58.4,57.9,56.1,64.8,55.1,60.9,56.6,63.5,55.3,50.1,52.7,51.8,53.8,53.2,51.4,52.7,54.4,56.2,58.3,56.8,54.0,54.6,55.0,57.7,54.6,61.3,62.3,60.2,58.0,58.8,54.0,55.4,52.2,55.3,57.5,57.1,55.8,51.5,44.1,51.9,53.4,49.4
1720,60.0,54.1,55.2,63.1,58.4,59.0,59.4,57.2,54.5,54.8,55.2,56.6,55.9,54.8,58.4,55.7,56.9,55.2,55.0,53.7,56.7,55.3,58.8,55.2,59.3,58.8,56.7,57.1,54.1,57.4,56.8,55.0,51.7,52.5,50.6,51.5,63.6,53.2,63.2,57.0,61.3,58.7,59.4,56.2,60.5,57.6,57.9,55.6,64.2,55.3,60.7,56.0,63.2,54.7,50.2,52.3,51.7,53.9,53.5,51.1,52.4,55.1,56.0,58.0,57.2,53.6,54.6,54.9,57.7,54.6,60.9,62.5,59.7,58.0,58.7,53.8,55.2,52.0,55.3,57.7,57.4,56.2,51.5,43.7,52.1,53.3,49.4
1721,58.1,52.2,53.1,62.5,57.6,58.4,58.7,56.7,53.4,53.9,54.3,56.0,55.1,54.2,57.6,54.8,56.1,53.8,53.8,52.5,56.0,54.3,58.1,54.4,58.7,58.0,56.0,56.2,53.4,56.3,56.2,53.9,51.1,51.8,50.0,50.8,62.2,51.3,62.5,55.8,60.7,56.7,58.7,55.4,58.8,55.7,56.8,54.0,62.3,54.6,59.8,54.5,61.9,52.6,49.6,51.2,51.0,53.1,53.2,49.9,51.0,54.8,54.8,56.7,56.6,52.4,53.6,54.3,56.5,53.6,59.5,62.3,58.3,57.4,57.2,52.6,54.3,50.9,54.5,56.9,56.6,55.7,50.6,42.6,51.7,52.6,48.8
1722,52.9,47.7,46.9,60.5,55.4,56.3,56.6,54.5,51.1,51.7,52.2,54.5,52.9,52.6,55.6,52.7,53.6,50.2,51.4,49.7,53.7,52.2,55.8,52.0,56.4,55.7,54.3,53.9,51.1,53.9,54.2,51.5,49.1,49.4,48.2,48.5,57.5,47.1,60.6,52.2,58.8,51.0,56.5,52.7,54.1,51.0,54.3,50.0,57.5,52.2,57.8,51.9,59.4,46.6,47.9,48.2,49.2,50.8,52.0,46.4,48.7,53.3,51.4,52.8,54.7,49.4,50.7,52.6,54.3,51.3,56.6,60.4,54.3,55.2,53.0,50.3,52.1,48.7,52.4,55.1,54.2,53.4,48.4,40.8,49.8,50.3,46.4
1723,47.7,43.9,42.2,55.4,51.3,53.0,52.9,50.2,49.0,48.8,50.0,52.2,49.9,50.2,51.7,50.3,49.3,46.5,49.3,47.5,50.0,49.2,51.9,48.0,50.4,51.3,52.1,50.1,47.5,50.7,51.1,48.5,44.6,45.5,45.3,44.4,52.8,43.6,55.5,47.7,55.8,46.5,50.9,47.9,49.7,46.7,50.0,45.7,53.5,46.8,53.5,49.5,54.3,42.3,45.4,45.2,46.2,47.9,49.4,43.2,46.6,49.9,47.7,47.9,51.8,45.9,45.9,50.5,51.4,48.6,50.9,54.3,49.2,49.9,49.0,45.2,50.1,46.5,49.1,49.3,48.8,48.6,43.6,39.3,45.8,47.0,42.2
1724,44.6,41.8,39.7,51.1,48.7,51.1,50.9,47.2,47.6,47.4,48.4,50.1,48.3,48.4,49.5,48.8,46.8,44.4,47.7,46.3,47.7,47.7,49.9,45.7,46.9,48.0,50.5,47.7,45.4,48.8,48.6,47.1,41.9,42.8,43.2,42.0,50.1,41.3,51.7,44.3,53.0,44.6,47.1,45.2,47.2,43.7,47.0,43.5,50.6,42.9,50.4,47.8,49.5,40.3,44.1,43.0,44.4,46.3,47.0,41.7,44.8,46.5,45.5,45.1,49.8,43.7,44.1,49.0,49.6,46.9,47.7,49.5,46.0,46.8,46.8,42.7,48.9,45.1,47.3,45.2,45.9,44.7,40.8,38.0,43.2,44.8,39.4
1725,42.4,40.0,38.2,48.2,46.7,49.4,49.1,45.3,46.7,46.1,47.0,48.3,46.8,46.9,47.9,47.9,45.2,42.8,46.4,45.5,46.1,46.4,48.5,44.3,44.8,46.3,49.1,46.1,43.9,47.7,46.9,46.1,40.3,41.5,41.3,40.3,47.8,39.9,49.4,42.0,51.3,43.1,44.9,43.4,45.3,42.0,44.4,41.3,48.0,41.2,48.1,46.1,46.7,39.1,43.0,41.1,42.8,45.1,45.3,40.8,43.9,44.3,43.5,42.9,48.2,41.4,42.6,47.8,48.4,45.7,45.8,46.8,43.5,45.0,44.8,40.9,47.8,43.9,46.0,42.6,44.3,42.4,39.5,37.0,41.3,43.3,37.9
1726,40.1,39.0,36.7,46.1,45.2,48.2,47.9,44.0,45.8,45.1,46.1,47.2,46.0,45.8,47.1,46.8,43.8,41.4,45.4,44.5,44.9,45.3,47.4,43.1,43.4,45.1,47.9,45.1,42.6,46.9,45.7,45.2,39.2,39.9,40.3,39.1,46.4,38.6,47.6,40.5,49.6,41.9,43.1,42.6,43.1,40.4,42.0,39.7,45.4,39.7,46.1,44.6,44.8,37.8,42.0,39.7,41.9,44.2,43.8,39.7,42.7,42.7,42.1,40.8,46.4,40.0,41.1,46.5,47.3,44.6,44.0,44.9,41.4,43.3,43.0,39.4,46.9,43.0,44.9,41.0,42.7,40.6,38.9,36.1,40.0,42.1,37.0
1727,38.5,37.8,35.6,44.3,44.1,47.0,46.5,42.9,45.1,44.2,45.2,46.2,45.1,44.8,45.9,45.9,43.2,40.2,44.5,43.8,44.0,44.2,46.4,42.1,42.3,44.0,46.8,44.0,41.8,46.0,44.6,44.4,37.9,38.4,39.1,38.1,45.0,37.6,45.8,39.0,47.8,40.9,41.5,41.3,41.4,39.5,40.1,38.1,43.3,37.9,44.2,43.1,43.1,36.5,41.1,38.4,41.0,43.2,42.8,38.5,42.1,41.5,40.7,39.0,45.0,38.4,39.9,45.6,46.6,43.8,42.4,43.1,39.4,42.2,41.1,38.3,46.0,42.1,44.0,39.8,41.7,39.1,38.4,35.2,38.7,41.0,36.1
1728,36.8,37.0,34.3,42.8,43.0,46.0,45.4,41.7,44.1,43.4,44.5,45.2,44.2,43.9,44.7,44.9,42.1,39.4,43.6,43.2,43.0,43.3,45.5,41.3,41.1,43.0,45.7,43.2,41.1,45.1,43.6,43.8,37.0,37.5,38.1,37.0,43.8,36.6,44.6,37.8,46.6,40.0,40.2,40.1,39.6,38.5,38.5,36.9,41.3,36.7,42.7,41.6,41.7,35.4,40.6,37.4,40.3,42.4,41.9,37.6,41.2,40.4,39.6,37.5,43.7,37.1,38.6,44.6,45.8,43.1,40.9,41.5,37.9,40.9,39.4,37.1,45.2,41.3,43.1,38.9,40.7,37.7,37.8,34.5,37.5,40.0,35.4
1729,35.3,36.1,33.6,41.3,41.9,45.1,44.3,40.9,43.4,42.7,43.9,44.3,43.7,43.0,43.9,44.2,41.2,38.7,43.0,42.5,42.0,42.5,44.7,40.5,40.1,42.2,44.8,42.1,40.2,44.5,42.7,43.3,36.3,36.3,37.2,36.1,42.8,35.9,43.6,36.9,45.2,39.2,39.0,39.6,38.3,37.6,36.9,36.0,39.3,35.7,41.3,40.4,40.2,34.3,39.9,36.5,39.7,41.6,41.1,36.9,40.5,39.5,38.7,36.3,42.6,36.2,37.5,43.7,44.7,42.2,39.5,40.0,36.1,39.8,38.4,35.6,44.6,40.5,42.2,37.8,39.7,36.4,37.6,33.9,36.7,39.3,34.7
1730,34.3,35.8,32.7,40.2,41.2,44.2,43.4,40.1,42.8,42.0,43.1,43.4,42.8,42.1,43.1,43.6,40.5,38.1,42.1,41.9,41.1,41.9,44.0,39.7,39.2,41.2,44.1,41.5,39.7,43.8,41.9,42.5,35.6,35.6,36.3,35.5,41.8,35.3,42.7,36.0,44.0,38.7,37.9,38.6,37.2,36.3,35.7,35.0,38.0,34.6,40.2,39.3,38.5,33.1,39.2,35.7,39.1,40.9,40.4,36.1,39.8,38.5,38.1,35.1,41.6,35.4,36.6,43.0,44.1,41.4,37.9,39.1,34.7,39.0,37.3,34.6,43.8,40.0,41.4,37.0,39.1,35.3,37.2,33.1,35.8,38.6,34.2
1731,33.1,35.0,32.0,39.2,40.3,43.4,42.8,39.4,42.0,41.2,42.3,42.7,42.0,41.5,42.3,43.0,39.8,37.2,41.4,41.3,40.4,41.2,43.3,38.6,38.3,40.4,43.5,40.6,38.7,43.1,41.1,41.9,34.9,34.8,35.6,34.6,41.2,34.6,41.9,34.8,43.0,38.2,36.8,37.8,35.7,35.4,34.7,34.0,36.5,33.9,39.2,38.4,37.3,32.7,38.6,35.2,38.5,40.3,39.7,35.5,39.2,37.5,37.5,33.9,40.9,34.5,35.7,42.3,43.5,40.8,36.3,38.3,33.7,37.9,36.2,33.8,43.3,39.3,40.7,36.1,38.2,34.4,36.8,32.5,35.2,37.8,33.7
1732,31.8,34.2,31.5,38.2,39.8,42.8,42.1,38.7,41.3,40.5,41.7,41.8,41.5,40.8,41.6,42.3,39.1,36.8,41.0,40.8,39.7,40.6,42.6,37.9,37.5,39.8,42.8,40.0,38.2,42.7,40.4,41.2,34.2,34.2,35.0,34.2,40.6,34.0,41.1,33.7,41.7,37.6,35.9,37.2,34.9,34.4,33.9,33.3,35.3,32.8,38.2,37.6,36.0,32.0,38.0,34.7,37.7,39.8,39.0,35.0,38.6,36.7,36.8,32.9,40.2,33.9,34.9,41.7,42.9,40.3,35.4,37.1,32.5,37.2,35.2,32.7,42.9,38.7,40.0,35.1,37.3,33.3,36.3,32.0,34.5,37.2,33.3
1733,31.2,33.4,31.0,37.4,39.1,42.1,41.7,38.0,40.8,39.8,41.1,41.2,40.7,40.1,41.1,41.9,38.5,36.1,40.7,40.3,39.2,40.2,42.1,37.3,36.7,39.3,42.1,39.4,37.6,42.3,39.8,40.8,33.4,33.9,34.5,33.7,39.9,33.2,40.3,32.8,40.8,37.3,35.1,36.6,34.1,34.0,33.3,32.7,34.6,32.1,37.4,36.7,35.2,31.2,37.4,34.1,37.3,39.4,38.5,34.5,38.0,36.1,36.3,32.1,39.7,33.4,34.2,41.0,42.5,39.7,34.0,36.3,31.7,36.5,34.4,32.0,42.2,38.3,39.4,34.4,36.4,32.4,35.6,31.4,33.7,36.5,32.7
1734,30.4,33.0,30.5,36.8,38.6,41.5,41.0,37.7,40.2,39.4,40.7,40.9,40.2,39.8,40.5,41.4,38.1,35.7,40.1,39.9,38.8,39.7,41.5,36.6,36.3,39.0,41.6,38.9,37.2,42.1,39.4,40.5,32.8,33.7,34.3,33.2,39.6,33.0,39.6,32.0,39.9,37.0,34.2,35.7,33.2,33.0,32.7,31.9,33.5,31.4,36.7,36.1,34.1,30.7,36.8,33.6,36.8,39.0,37.9,34.0,37.5,35.4,35.8,31.2,39.2,33.0,33.9,40.6,42.1,39.3,32.9,35.5,30.8,35.9,33.6,31.1,41.9,37.9,39.2,33.8,35.8,31.6,35.3,31.2,33.2,36.0,32.4
1735,32.9,34.6,32.9,36.2,38.1,41.1,40.8,37.4,40.2,39.2,41.2,40.5,40.8,39.5,40.3,41.3,38.0,36.9,40.4,40.8,38.6,39.6,41.5,35.9,35.6,38.6,41.5,38.8,37.0,42.0,39.2,40.7,32.3,33.3,34.1,33.2,40.8,33.9,38.9,33.6,40.0,39.6,33.5,35.9,34.7,34.9,33.1,34.4,36.4,31.1,36.2,36.7,34.1,32.5,36.6,34.6,36.6,38.8,37.4,34.8,38.0,35.0,36.8,32.9,39.0,34.1,33.9,40.4,42.3,39.7,32.4,34.9,32.8,35.9,36.3,30.9,42.5,38.3,39.0,33.1,35.5,31.1,34.7,31.9,32.7,35.9,32.2
1736,39.4,39.1,39.3,38.6,40.4,42.8,43.0,40.0,42.3,41.3,43.8,42.7,43.7,41.2,42.5,43.2,41.1,41.6,43.3,43.7,41.3,41.8,44.0,38.1,37.9,41.2,43.1,41.0,39.5,44.6,41.4,43.0,34.4,35.7,35.8,35.8,46.0,38.8,41.3,39.8,43.3,45.4,35.8,40.0,39.9,41.0,37.4,40.3,45.2,34.4,41.2,39.9,39.8,37.3,38.2,38.0,39.1,41.2,38.4,38.4,40.5,36.2,41.1,39.8,40.9,39.1,37.9,41.9,45.2,42.6,39.2,37.5,38.8,40.8,42.4,35.0,45.2,40.9,41.2,35.7,37.7,32.9,37.4,34.1,34.7,37.8,34.3
1737,45.3,43.5,45.0,44.7,44.0,45.8,46.3,43.6,45.0,44.0,46.2,45.5,46.5,43.7,45.8,45.6,44.4,45.0,46.1,46.4,44.5,44.8,47.2,41.3,42.4,44.9,45.6,44.3,42.3,47.3,44.3,45.3,37.9,38.9,38.4,39.0,50.6,43.0,46.2,44.7,47.0,50.0,40.8,44.0,45.1,46.5,42.1,44.7,51.8,39.8,47.7,43.5,45.9,42.2,40.8,41.8,42.4,44.4,41.4,41.6,42.9,39.8,44.9,45.6,43.3,43.4,41.8,44.3,47.9,45.3,45.4,44.2,44.3,46.0,47.1,40.1,47.8,43.4,44.0,40.5,41.8,37.4,40.9,36.5,38.2,41.2,37.3
1738,50.3,46.9,48.6,50.2,47.6,49.1,49.6,47.2,47.5,46.5,48.7,48.1,49.1,46.4,49.0,48.1,47.5,48.1,48.9,48.6,47.7,47.6,50.1,44.7,47.0,48.4,48.2,47.8,45.2,49.9,47.6,48.0,41.4,42.3,41.2,42.0,54.6,46.7,50.6,48.6,50.7,53.1,45.8,47.3,50.0,50.5,47.1,48.2,56.2,44.8,52.2,47.4,51.4,46.6,43.6,45.3,45.6,47.3,44.5,44.4,45.3,43.6,48.2,50.1,46.2,46.8,45.1,46.8,50.4,48.0,50.8,50.0,49.4,49.5,50.8,44.6,50.0,46.1,46.8,45.6,45.9,42.3,43.9,38.7,41.7,44.5,40.3
1739,54.4,49.8,51.5,54.3,50.8,52.1,52.5,50.5,49.8,49.1,50.9,50.6,51.5,48.9,52.1,50.4,50.6,50.7,51.0,50.7,50.6,50.0,52.7,47.9,50.7,51.6,50.8,50.9,48.1,52.3,50.6,50.3,44.4,45.4,44.0,44.8,57.6,49.3,54.4,51.7,54.0,55.8,50.1,50.0,53.9,53.6,51.0,51.0,59.4,48.5,55.7,50.9,55.8,50.0,46.2,48.0,47.8,49.7,47.4,46.9,47.6,47.0,51.1,53.2,49.1,49.6,47.9,49.4,52.9,50.2,55.3,54.1,53.0,52.3,53.7,48.3,51.9,48.3,49.5,49.6,49.6,47.1,46.5,40.5,44.8,47.3,43.1
1740,57.5,52.1,53.4,57.4,53.8,54.6,54.9,53.0,51.6,51.4,52.7,52.8,53.4,51.2,54.5,52.6,53.1,53.1,52.9,52.4,53.0,52.0,55.0,50.5,53.8,54.3,53.1,53.4,50.5,54.3,53.2,52.3,47.3,48.1,46.4,47.5,60.3,51.5,57.9,54.1,56.8,57.6,53.5,52.5,56.9,55.9,54.1,53.3,61.7,51.3,58.1,53.6,59.3,52.6,48.2,50.1,49.7,51.7,49.9,49.1,49.6,49.6,53.4,55.6,51.7,51.6,50.5,51.5,54.8,52.2,58.0,57.3,55.9,54.8,56.0,50.9,53.5,50.2,51.7,52.6,52.8,50.5,48.9,42.0,47.5,49.8,45.7
1741,59.4,53.7,54.8,59.6,55.9,56.5,56.9,55.1,53.3,53.2,54.2,54.6,54.9,52.9,56.4,54.2,55.0,54.6,54.4,53.6,55.0,53.6,56.8,52.7,56.3,56.4,54.9,55.3,52.4,56.0,55.0,53.8,49.7,50.3,48.4,49.4,62.3,53.1,60.2,56.0,58.9,58.8,56.1,54.4,59.2,57.4,56.4,54.9,63.6,53.6,59.5,55.7,61.8,54.3,49.6,51.7,50.9,53.0,51.7,50.3,51.3,52.0,54.9,57.0,54.2,53.1,52.4,53.1,56.4,53.7,59.9,59.6,58.1,56.4,57.6,52.5,54.7,51.7,53.5,55.0,55.0,53.3,50.4,43.4,49.8,51.6,47.6
1742,60.8,54.4,55.7,61.4,57.5,58.1,58.4,56.5,54.4,54.4,55.1,55.9,55.9,54.1,57.8,55.2,56.2,55.4,55.2,54.5,56.3,54.8,58.0,54.4,58.0,57.9,56.1,56.5,53.7,56.9,56.2,54.8,51.2,51.7,49.9,50.8,63.7,53.9,62.0,57.2,60.4,59.6,58.0,55.7,60.7,58.3,57.8,55.9,64.6,54.5,60.5,56.6,63.3,55.2,50.1,52.6,51.6,53.8,52.7,51.3,52.6,53.5,56.0,58.1,56.1,54.0,53.9,54.3,57.3,54.7,60.9,61.2,59.6,57.6,58.7,53.5,55.4,52.6,54.7,56.7,56.6,55.2,51.3,44.2,51.4,52.9,49.0
1743,61.0,54.9,55.9,62.5,58.3,58.6,59.1,57.4,54.9,55.0,55.8,56.7,56.5,54.9,58.4,55.7,57.0,55.8,55.8,54.8,56.8,55.4,58.7,55.2,58.9,58.8,56.7,57.2,54.3,57.5,57.1,55.3,52.0,52.7,50.7,51.5,64.1,54.1,62.9,57.8,61.3,59.5,58.8,56.4,61.4,58.5,58.3,56.3,65.0,55.3,60.9,56.9,63.8,55.6,50.6,53.1,52.2,54.2,53.5,51.8,52.9,54.8,56.4,58.6,57.1,54.2,54.9,55.1,57.8,55.2,61.5,62.3,60.4,58.5,59.2,54.2,55.9,53.0,55.4,57.7,57.4,56.1,52.0,44.5,52.3,53.7,49.7
1744,60.1,54.4,55.3,62.9,58.6,59.0,59.4,57.4,54.6,55.0,55.8,56.8,56.4,54.9,58.4,55.8,57.0,55.4,55.6,54.5,56.9,55.4,58.8,55.5,59.2,58.9,56.7,57.2,54.4,57.3,57.0,55.2,52.1,52.8,51.0,51.8,63.6,53.5,63.1,57.3,61.6,58.7,59.3,56.5,60.9,57.6,58.3,55.8,64.4,55.5,60.7,56.4,63.4,55.0,50.8,52.6,52.2,54.3,53.7,51.4,52.6,55.5,56.2,58.3,57.5,53.8,54.8,55.1,57.8,55.2,61.1,62.5,59.8,58.5,59.1,54.0,55.7,52.8,55.4,57.9,57.7,56.4,51.9,44.1,52.5,53.6,49.7
1745,58.2,52.6,53.2,62.4,57.8,58.4,58.8,56.8,53.6,54.1,54.9,56.3,55.6,54.4,57.7,54.9,56.2,54.0,54.4,53.3,56.1,54.5,58.1,54.7,58.6,58.1,56.1,56.3,53.6,56.3,56.4,54.1,51.5,52.1,50.4,51.2,62.3,51.7,62.4,56.0,61.0,56.8,58.7,55.7,59.2,55.8,57.2,54.2,62.6,54.8,59.8,54.9,62.1,53.0,50.3,51.5,51.6,53.7,53.5,50.2,51.2,55.1,55.0,57.0,56.7,52.6,53.9,54.4,56.6,54.2,59.6,62.3,58.4,57.9,57.6,53.0,54.9,51.7,54.6,57.1,56.8,56.0,51.0,43.0,52.0,53.0,49.1
1746,53.2,48.0,47.2,60.4,55.6,56.4,56.7,54.7,51.4,51.9,52.8,54.8,53.4,52.8,55.6,52.9,53.7,50.6,52.0,50.4,53.9,52.4,55.8,52.3,56.4,55.9,54.5,54.0,51.4,53.9,54.4,51.8,49.4,49.7,48.6,48.9,57.7,47.5,60.6,52.4,59.2,51.1,56.6,53.1,54.5,51.2,54.7,50.4,57.9,52.5,57.8,52.3,59.6,47.0,48.6,48.6,49.8,51.4,52.3,46.7,48.9,53.6,51.7,53.2,54.9,49.8,51.0,52.8,54.4,51.8,56.8,60.3,54.5,55.7,53.4,50.6,52.7,49.4,52.5,55.4,54.6,53.8,48.9,41.2,50.1,50.7,46.8
1747,48.1,44.3,42.5,55.3,51.5,53.1,53.1,50.5,49.3,49.0,50.5,52.5,50.4,50.3,51.8,50.5,49.6,46.9,49.9,48.1,50.3,49.4,52.1,48.3,50.5,51.5,52.2,50.4,47.9,50.7,51.3,48.8,45.0,45.7,45.7,44.8,53.0,43.9,55.5,47.9,56.1,46.5,51.0,48.3,50.1,46.8,50.4,46.1,53.8,47.2,53.6,49.8,54.6,42.7,46.1,45.6,46.9,48.6,49.7,43.5,46.8,50.3,48.1,48.3,51.9,46.2,46.1,50.7,51.7,49.2,51.1,54.3,49.4,50.3,49.4,45.5,50.8,47.0,49.3,49.6,49.1,49.0,44.0,39.7,46.3,47.5,42.7
1748,45.0,42.1,40.0,51.1,49.0,51.2,51.0,47.4,47.9,47.6,48.9,50.5,48.7,48.6,49.6,49.0,47.1,44.6,48.2,47.0,47.9,47.9,50.0,46.0,47.0,48.1,50.7,48.0,45.7,48.8,48.8,47.4,42.4,43.1,43.5,42.4,50.2,41.7,51.6,44.4,53.4,44.6,47.2,45.4,47.6,43.9,47.3,43.9,51.0,43.4,50.5,48.0,49.8,40.7,44.6,43.4,45.0,47.0,47.2,42.1,45.1,46.8,45.9,45.4,50.0,44.0,44.2,49.1,49.9,47.4,48.0,49.5,46.3,47.2,47.1,43.0,49.4,45.6,47.5,45.5,46.3,45.1,41.1,38.4,43.7,45.3,39.9
1749,42.7,40.4,38.4,48.3,47.0,49.6,49.2,45.5,46.9,46.3,47.5,48.7,47.2,47.1,48.0,48.0,45.4,43.1,46.8,46.1,46.2,46.6,48.7,44.5,44.8,46.4,49.3,46.3,44.1,47.7,47.1,46.4,40.7,41.8,41.7,40.7,48.2,40.3,49.4,42.2,51.6,43.1,44.9,43.7,45.6,42.2,44.6,41.7,48.4,41.6,48.2,46.4,47.0,39.5,43.6,41.5,43.4,45.7,45.6,41.1,44.1,44.6,43.9,43.3,48.3,41.7,42.8,47.9,48.7,46.2,46.0,46.9,43.7,45.3,45.2,41.2,48.4,44.4,46.2,43.1,44.5,42.8,39.9,37.5,41.8,43.6,38.3
1750,40.6,39.3,37.0,46.2,45.4,48.3,48.0,44.2,46.0,45.3,46.5,47.6,46.4,45.9,47.2,47.0,44.0,41.6,45.8,45.1,45.0,45.6,47.5,43.3,43.5,45.2,48.0,45.2,42.8,46.9,45.8,45.5,39.6,40.1,40.6,39.5,46.6,38.9,47.5,40.7,49.9,41.9,43.3,42.8,43.5,40.6,42.2,40.1,45.9,40.1,46.1,44.9,45.1,38.1,42.5,40.1,42.4,44.7,44.1,40.0,43.0,43.1,42.4,41.3,46.5,40.2,41.3,46.7,47.7,45.0,44.1,44.9,41.5,43.6,43.3,39.8,47.5,43.5,45.0,41.4,43.0,40.9,39.2,36.6,40.5,42.4,37.3
1751,39.0,38.2,35.9,44.4,44.2,47.1,46.6,43.0,45.3,44.4,45.6,46.5,45.5,45.0,46.0,46.1,43.3,40.4,45.0,44.3,44.1,44.5,46.5,42.2,42.5,44.1,46.9,44.2,42.0,46.1,44.7,44.6,38.4,38.7,39.4,38.4,45.1,38.0,45.9,39.3,48.1,41.0,41.7,41.5,41.7,39.7,40.3,38.5,43.7,38.4,44.3,43.4,43.4,36.8,41.7,38.8,41.5,43.8,43.1,38.8,42.3,41.9,41.0,39.5,45.2,38.7,40.2,45.7,46.9,44.2,42.5,43.1,39.6,42.6,41.4,38.6,46.6,42.4,44.1,40.2,41.9,39.4,38.7,35.7,39.1,41.2,36.4
1752,37.3,37.5,34.6,42.9,43.1,46.1,45.4,41.8,44.4,43.5,44.9,45.5,44.6,44.0,44.8,45.2,42.2,39.6,44.0,43.6,43.1,43.5,45.7,41.5,41.3,43.1,45.9,43.3,41.3,45.3,43.7,44.1,37.5,37.8,38.5,37.3,44.2,36.9,44.7,38.0,46.8,40.1,40.3,40.4,39.9,38.5,38.7,37.2,41.7,37.2,42.9,41.8,42.1,35.7,41.1,37.8,40.9,42.9,42.1,37.9,41.3,40.7,39.8,37.9,43.9,37.2,38.9,44.8,46.1,43.5,41.0,41.5,37.9,41.3,39.8,37.5,45.8,41.5,43.3,39.2,40.8,38.1,38.0,35.0,37.9,40.2,35.7
1753,35.8,36.5,34.0,41.5,42.0,45.2,44.4,41.0,43.6,42.9,44.2,44.6,44.1,43.2,43.9,44.4,41.4,39.0,43.5,42.9,42.2,42.7,44.7,40.6,40.3,42.2,45.0,42.3,40.4,44.6,42.8,43.5,36.7,36.7,37.6,36.5,43.1,36.1,43.7,37.0,45.3,39.4,39.1,39.9,38.5,37.6,37.1,36.3,39.6,36.2,41.6,40.6,40.6,34.6,40.4,36.8,40.2,42.2,41.3,37.2,40.6,39.8,38.9,36.6,42.8,36.4,37.7,43.8,45.0,42.7,39.6,40.1,36.3,40.3,38.7,36.1,45.0,40.7,42.3,38.1,39.9,36.8,37.9,34.4,37.0,39.5,35.1
1754,34.7,36.2,33.1,40.4,41.3,44.3,43.5,40.2,43.0,42.2,43.5,43.6,43.1,42.3,43.2,43.7,40.6,38.2,42.6,42.3,41.3,42.1,44.2,39.8,39.3,41.2,44.3,41.6,39.8,43.9,42.0,42.7,36.0,35.8,36.7,35.9,42.1,35.6,42.8,36.2,44.2,38.9,38.1,39.0,37.4,36.4,35.9,35.2,38.2,35.0,40.5,39.4,38.9,33.5,39.7,36.0,39.6,41.4,40.6,36.4,39.9,38.8,38.3,35.4,41.9,35.5,36.8,43.2,44.4,41.9,38.0,39.2,35.0,39.5,37.5,35.0,44.2,40.2,41.5,37.3,39.2,35.7,37.4,33.6,36.2,38.8,34.6
1755,33.5,35.4,32.3,39.3,40.3,43.5,42.9,39.4,42.2,41.3,42.7,42.9,42.2,41.6,42.4,43.2,39.9,37.4,41.8,41.7,40.5,41.5,43.4,38.7,38.4,40.4,43.6,40.8,38.9,43.1,41.1,42.1,35.2,35.1,36.0,35.0,41.5,34.9,42.0,35.0,43.1,38.3,37.0,38.1,36.0,35.5,34.9,34.2,36.8,34.3,39.5,38.6,37.6,33.1,39.0,35.3,38.9,40.9,39.9,35.7,39.3,37.8,37.6,34.1,41.1,34.6,35.8,42.5,43.8,41.2,36.5,38.4,33.9,38.3,36.5,34.2,43.7,39.4,40.9,36.4,38.2,34.7,37.1,33.0,35.6,38.0,34.0
1756,32.2,34.5,31.9,38.4,39.9,42.9,42.2,38.7,41.5,40.6,41.9,42.0,41.6,40.9,41.7,42.5,39.2,37.1,41.4,41.2,39.8,40.8,42.7,38.0,37.6,39.8,42.9,40.1,38.3,42.7,40.4,41.4,34.5,34.4,35.3,34.6,40.9,34.2,41.2,33.9,41.9,37.7,36.1,37.5,35.2,34.5,34.2,33.5,35.5,33.3,38.5,37.7,36.3,32.4,38.4,34.9,38.1,40.3,39.2,35.2,38.7,37.0,37.0,33.1,40.4,34.0,35.0,41.8,43.1,40.6,35.5,37.3,32.6,37.7,35.5,33.2,43.3,38.8,40.2,35.5,37.4,33.7,36.6,32.5,34.8,37.3,33.5
1757,31.6,33.8,31.4,37.5,39.2,42.2,41.8,38.0,41.0,39.9,41.3,41.4,40.9,40.2,41.2,42.0,38.6,36.5,41.0,40.6,39.2,40.3,42.2,37.4,36.9,39.3,42.2,39.6,37.7,42.4,39.8,40.9,33.9,34.0,34.8,34.0,40.2,33.5,40.4,33.0,41.0,37.5,35.3,36.9,34.4,34.1,33.6,32.9,34.7,32.5,37.7,36.9,35.5,31.7,37.8,34.3,37.7,40.0,38.7,34.6,38.2,36.4,36.5,32.3,40.0,33.6,34.4,41.1,42.7,40.0,34.1,36.5,31.9,36.9,34.5,32.5,42.7,38.4,39.5,34.7,36.7,32.9,35.9,31.9,34.1,36.7,33.0
1758,30.7,33.3,30.9,37.0,38.7,41.6,41.2,37.7,40.4,39.4,40.9,41.0,40.4,39.9,40.6,41.6,38.2,36.0,40.3,40.2,38.8,39.8,41.7,36.7,36.4,39.0,41.6,39.1,37.2,42.1,39.4,40.6,33.3,33.8,34.6,33.5,39.8,33.3,39.6,32.3,40.2,37.2,34.5,36.1,33.5,33.1,32.9,32.1,33.6,31.9,36.9,36.2,34.4,31.2,37.2,33.8,37.2,39.5,38.2,34.2,37.7,35.6,36.0,31.3,39.4,33.2,34.0,40.7,42.4,39.5,33.0,35.7,31.1,36.3,33.7,31.6,42.3,37.9,39.3,34.1,36.1,32.0,35.6,31.6,33.6,36.2,32.6
1759,33.4,35.1,33.4,36.3,38.2,41.2,40.9,37.5,40.5,39.3,41.5,40.7,41.1,39.6,40.4,41.5,38.1,37.2,40.7,41.2,38.7,39.7,41.6,36.0,35.9,38.7,41.6,38.9,37.1,42.1,39.3,40.8,32.8,33.5,34.4,33.5,41.0,34.3,38.9,33.8,40.3,39.9,33.7,36.2,35.3,35.2,33.4,34.7,36.7,31.5,36.4,37.0,34.4,33.2,36.9,34.8,37.0,39.3,37.6,35.1,38.2,35.2,37.1,33.2,39.2,34.3,34.0,40.4,42.6,40.0,32.6,35.2,33.0,36.4,36.6,31.3,42.9,38.5,39.2,33.6,35.7,31.5,35.0,32.4,33.1,36.1,32.5
1760,39.9,39.7,39.7,38.9,40.7,43.0,43.2,40.2,42.5,41.5,44.1,42.8,44.0,41.4,42.7,43.4,41.1,42.0,43.5,44.1,41.4,42.0,44.2,38.3,38.3,41.4,43.2,41.1,39.7,44.7,41.5,43.1,35.0,36.0,36.1,36.2,46.2,39.2,41.4,40.0,43.5,45.5,36.2,40.4,40.3,41.4,37.7,40.7,45.5,34.9,41.5,40.2,40.2,38.0,38.6,38.3,39.4,41.7,38.7,38.6,40.8,36.5,41.3,40.2,41.1,39.4,38.2,42.1,45.5,42.8,39.3,37.8,39.1,41.3,42.7,35.5,45.5,41.1,41.4,36.2,38.1,33.5,37.7,34.5,35.2,38.1,34.8
1761,45.6,44.1,45.4,44.9,44.2,46.1,46.5,43.8,45.2,44.1,46.4,45.6,46.7,44.0,46.0,45.7,44.5,45.3,46.3,46.7,44.6,45.0,47.4,41.6,42.8,45.1,45.7,44.5,42.5,47.5,44.5,45.5,38.5,39.3,38.7,39.4,50.6,43.5,46.2,44.9,47.2,50.1,41.1,44.4,45.6,46.8,42.4,45.1,52.1,40.3,48.1,43.9,46.2,43.0,41.2,42.1,42.8,44.9,41.7,41.8,43.1,40.2,45.1,46.0,43.5,43.7,42.1,44.5,48.2,45.4,45.5,44.3,44.6,46.6,47.4,40.7,48.1,43.7,44.2,40.9,42.3,37.9,41.2,36.8,38.8,41.5,37.8
1762,50.7,47.6,48.9,50.3,47.9,49.3,49.7,47.4,47.7,46.7,48.8,48.2,49.1,46.7,49.2,48.3,47.7,48.4,49.0,49.0,47.8,47.7,50.3,45.1,47.3,48.6,48.4,48.0,45.5,50.0,47.8,48.1,42.0,42.8,41.7,42.5,54.5,47.1,50.6,48.8,50.9,53.1,46.1,47.7,50.5,50.7,47.4,48.5,56.6,45.3,52.6,47.8,51.7,47.3,44.1,45.5,45.9,47.7,44.8,44.6,45.6,44.1,48.3,50.4,46.4,47.1,45.4,47.0,50.7,48.1,51.0,49.9,49.7,50.1,51.1,45.1,50.3,46.4,47.0,46.0,46.3,42.9,44.2,39.0,42.3,44.9,40.8
1763,54.8,50.6,51.7,54.4,51.2,52.2,52.6,50.7,50.0,49.4,51.0,50.7,51.5,49.2,52.2,50.6,50.8,51.0,51.1,51.0,50.8,50.1,52.7,48.3,51.1,51.8,51.0,51.0,48.5,52.4,50.8,50.4,45.1,45.9,44.5,45.3,57.5,49.8,54.3,51.8,54.2,55.7,50.4,50.5,54.4,53.9,51.4,51.4,59.8,49.0,56.1,51.2,56.2,50.6,46.6,48.3,48.1,50.1,47.7,47.2,47.9,47.4,51.2,53.6,49.4,49.9,48.2,49.6,53.1,50.3,55.4,54.1,53.5,53.0,54.0,48.8,52.1,48.5,49.7,50.1,50.0,47.7,46.8,40.8,45.4,47.7,43.7
1764,57.9,52.7,53.7,57.4,54.1,54.7,55.0,53.3,51.8,51.7,52.8,52.9,53.3,51.5,54.6,52.7,53.4,53.3,53.0,52.7,53.2,52.2,55.1,51.0,54.0,54.6,53.3,53.5,51.0,54.4,53.4,52.4,48.0,48.6,47.0,48.0,60.1,52.0,57.7,54.4,56.9,57.6,53.7,53.0,57.5,56.1,54.5,53.5,62.0,51.7,58.4,53.9,59.7,53.2,48.5,50.3,50.0,52.1,50.2,49.3,49.9,49.9,53.6,55.9,52.0,51.9,50.8,51.8,55.0,52.3,58.1,57.2,56.4,55.4,56.3,51.4,53.7,50.5,52.0,53.1,53.1,51.1,49.1,42.3,48.2,50.3,46.4
1765,59.9,54.5,55.1,59.8,56.3,56.6,57.0,55.3,53.5,53.5,54.2,54.8,54.9,53.1,56.5,54.4,55.2,54.8,54.5,53.8,55.1,53.7,56.8,53.2,56.5,56.6,55.1,55.4,52.8,56.1,55.2,53.9,50.3,50.9,49.0,50.0,62.2,53.7,60.1,56.3,59.1,58.8,56.3,54.9,59.8,57.7,56.8,55.2,64.0,53.9,59.9,55.9,62.2,54.8,49.9,52.0,51.1,53.2,52.0,50.6,51.5,52.3,55.0,57.4,54.4,53.4,52.6,53.4,56.7,53.8,60.1,59.6,58.5,57.0,57.9,53.0,54.8,51.9,53.7,55.5,55.3,53.8,50.6,43.6,50.4,52.1,48.4
1766,61.2,55.2,56.0,61.5,57.8,58.2,58.5,56.9,54.7,54.7,55.2,56.1,56.0,54.3,57.9,55.4,56.4,55.6,55.3,54.7,56.4,54.9,58.0,54.8,58.2,58.1,56.3,56.6,54.1,57.1,56.4,55.0,51.8,52.4,50.6,51.4,63.6,54.6,61.9,57.4,60.6,59.6,58.2,56.2,61.2,58.6,58.2,56.2,64.9,54.9,60.8,56.8,63.7,55.6,50.4,52.9,51.8,54.0,53.0,51.6,52.8,53.9,56.2,58.5,56.2,54.2,54.0,54.5,57.6,54.7,61.0,61.1,60.0,58.2,59.0,53.9,55.6,52.8,54.9,57.2,57.1,55.7,51.6,44.4,52.0,53.4,49.8
1767,61.4,55.6,56.3,62.6,58.7,58.7,59.1,57.7,55.2,55.3,55.9,56.9,56.6,55.0,58.5,55.9,57.1,56.1,55.9,55.0,56.9,55.6,58.7,55.6,59.1,59.0,56.9,57.3,54.8,57.6,57.3,55.5,52.6,53.3,51.4,52.1,64.1,54.7,62.8,58.1,61.5,59.6,59.1,56.8,61.9,58.8,58.8,56.6,65.3,55.6,61.2,57.0,64.2,56.0,50.8,53.3,52.4,54.4,53.8,52.1,53.0,55.2,56.6,58.9,57.2,54.5,54.9,55.3,58.1,55.3,61.7,62.3,60.7,59.0,59.4,54.6,56.1,53.2,55.6,58.1,57.9,56.6,52.2,44.8,52.9,54.3,50.5
1768,60.6,55.0,55.7,63.0,58.8,59.0,59.5,57.7,54.9,55.1,55.9,57.0,56.5,55.0,58.5,56.0,57.1,55.6,55.7,54.8,57.0,55.6,58.8,55.9,59.5,59.1,56.9,57.3,54.9,57.4,57.2,55.4,52.7,53.3,51.7,52.5,63.5,53.9,63.0,57.6,61.9,58.8,59.6,56.9,61.4,57.9,58.8,56.1,64.7,55.8,61.0,56.5,63.8,55.4,51.0,52.9,52.3,54.5,54.0,51.7,52.6,55.8,56.4,58.7,57.6,54.1,54.9,55.2,58.1,55.4,61.3,62.5,60.1,58.9,59.3,54.4,55.9,53.0,55.5,58.3,58.1,56.9,52.1,44.3,53.1,54.2,50.5
1769,58.7,53.2,53.7,62.5,58.1,58.4,58.8,57.2,54.0,54.4,55.0,56.5,55.7,54.5,57.7,55.1,56.3,54.3,54.5,53.6,56.3,54.6,58.1,55.1,59.0,58.4,56.2,56.4,54.2,56.4,56.7,54.4,52.1,52.7,51.1,51.8,62.3,52.0,62.4,56.3,61.4,57.0,59.0,56.0,59.7,56.1,57.7,54.5,62.9,55.2,60.1,55.1,62.6,53.4,50.5,51.8,51.8,53.8,53.8,50.5,51.3,55.4,55.1,57.3,57.0,52.9,53.9,54.6,56.9,54.4,60.0,62.3,58.6,58.3,57.9,53.3,55.1,52.0,54.8,57.5,57.3,56.4,51.3,43.2,52.6,53.6,49.8
1770,53.7,48.7,47.8,60.6,55.9,56.4,56.8,55.1,51.7,52.3,53.0,55.1,53.6,52.9,55.7,53.2,54.0,50.8,52.2,50.8,54.2,52.6,55.9,52.7,56.8,56.2,54.6,54.2,51.9,54.1,54.8,52.0,50.0,50.3,49.2,49.5,57.9,47.9,60.6,52.9,59.5,51.5,57.0,53.4,55.2,51.6,55.1,50.6,58.2,52.8,58.1,52.4,60.0,47.6,48.8,48.9,50.1,51.6,52.5,47.1,49.1,53.9,51.9,53.5,55.1,50.1,51.0,52.9,54.8,52.0,57.2,60.3,54.9,56.1,53.8,50.9,53.0,49.8,52.7,55.8,55.0,54.2,49.1,41.4,50.7,51.3,47.5
1771,48.6,44.9,43.0,55.7,51.9,53.2,53.2,50.9,49.6,49.3,50.7,52.7,50.5,50.5,52.0,50.7,49.8,47.1,50.1,48.4,50.6,49.6,52.2,48.7,50.9,51.8,52.5,50.6,48.5,50.9,51.7,49.0,45.6,46.3,46.2,45.4,53.0,44.2,55.5,48.4,56.5,46.8,51.4,48.5,50.6,47.2,50.9,46.4,54.1,47.5,53.9,49.9,55.1,43.2,46.3,45.9,47.1,48.8,49.9,43.9,47.0,50.6,48.3,48.6,52.1,46.5,46.2,50.8,52.0,49.3,51.6,54.6,49.9,50.7,49.6,45.8,51.0,47.4,49.5,50.2,49.5,49.5,44.3,39.9,46.8,48.0,43.3
1772,45.5,42.7,40.5,51.5,49.4,51.3,51.2,47.8,48.2,48.0,49.1,50.7,48.9,48.8,49.8,49.3,47.3,44.9,48.5,47.3,48.3,48.1,50.2,46.4,47.4,48.4,51.0,48.3,46.2,49.0,49.2,47.8,42.9,43.6,44.1,42.9,50.3,42.1,51.7,44.7,53.8,45.0,47.5,45.6,48.1,44.3,47.6,44.2,51.3,43.6,50.8,48.2,50.3,41.1,44.9,43.7,45.2,47.2,47.4,42.4,45.3,47.2,46.2,45.7,50.1,44.3,44.3,49.3,50.3,47.6,48.4,49.8,46.7,47.7,47.3,43.2,49.7,45.9,47.8,46.0,46.8,45.6,41.2,38.6,44.2,45.8,40.5
1773,43.2,41.0,38.9,48.8,47.4,49.7,49.5,45.9,47.2,46.7,47.7,48.8,47.4,47.4,48.2,48.3,45.8,43.3,47.0,46.4,46.6,46.8,48.9,44.9,45.2,46.8,49.6,46.6,44.6,47.9,47.5,46.7,41.3,42.4,42.3,41.3,48.2,40.6,49.5,42.5,52.0,43.5,45.3,43.9,46.2,42.6,44.9,42.0,48.7,41.8,48.3,46.5,47.5,39.9,43.8,41.9,43.6,45.9,45.8,41.4,44.4,44.9,44.2,43.6,48.4,42.1,42.9,48.2,49.1,46.4,46.3,47.2,44.1,45.7,45.5,41.3,48.6,44.6,46.5,43.6,45.0,43.3,40.0,37.7,42.4,44.2,38.8
1774,41.1,39.9,37.5,46.6,45.8,48.5,48.2,44.7,46.3,45.8,46.8,47.8,46.6,46.2,47.5,47.4,44.4,41.8,46.0,45.5,45.5,45.8,47.7,43.7,43.8,45.5,48.4,45.6,43.3,47.2,46.3,45.7,40.1,40.8,41.2,40.1,46.9,39.3,47.7,40.9,50.2,42.3,43.7,43.1,44.0,41.0,42.5,40.3,46.3,40.2,46.2,45.1,45.5,38.5,42.7,40.4,42.6,44.9,44.4,40.3,43.2,43.4,42.7,41.5,46.7,40.7,41.4,47.0,48.0,45.3,44.5,45.1,41.9,44.0,43.5,39.8,47.8,43.6,45.4,42.1,43.4,41.4,39.4,36.8,41.1,43.0,37.8
1775,39.5,38.8,36.4,44.8,44.6,47.3,46.9,43.6,45.6,44.8,45.9,46.7,45.7,45.3,46.3,46.4,43.7,40.7,45.2,44.7,44.5,44.8,46.8,42.6,42.8,44.4,47.3,44.6,42.5,46.3,45.2,44.8,38.8,39.4,40.0,38.9,45.4,38.4,46.2,39.5,48.4,41.3,42.1,41.8,42.3,40.0,40.5,38.7,44.1,38.4,44.4,43.6,43.7,37.1,41.9,39.1,41.6,43.9,43.3,39.2,42.4,42.1,41.3,39.8,45.4,39.1,40.2,46.1,47.2,44.4,42.8,43.5,40.1,42.9,41.6,38.7,46.9,42.6,44.5,40.9,42.3,39.9,38.8,35.9,39.6,41.8,36.9
1776,37.9,37.8,35.0,43.3,43.4,46.3,45.7,42.3,44.7,44.0,45.1,45.7,44.9,44.4,45.1,45.6,42.7,39.8,44.3,44.0,43.6,43.9,45.9,41.8,41.6,43.4,46.3,43.7,41.8,45.6,44.3,44.3,37.8,38.4,39.0,37.8,44.6,37.2,45.0,38.3,47.0,40.4,40.8,40.5,40.4,39.0,38.8,37.4,42.1,37.1,43.0,42.0,42.5,36.1,41.3,38.1,41.0,43.1,42.3,38.3,41.5,41.0,40.1,38.2,44.1,37.7,38.8,45.2,46.5,43.6,41.3,41.8,38.4,41.7,39.9,37.6,46.1,41.7,43.7,39.8,41.3,38.6,38.2,35.2,38.4,40.8,36.2
1777,36.3,36.9,34.3,42.0,42.4,45.5,44.7,41.6,44.0,43.3,44.5,44.8,44.4,43.6,44.2,44.8,41.9,39.2,43.7,43.3,42.7,43.2,45.0,41.0,40.6,42.6,45.4,42.7,40.9,44.9,43.4,43.7,37.0,37.3,38.0,36.9,43.5,36.4,43.9,37.3,45.6,39.7,39.5,40.0,39.1,37.9,37.3,36.5,40.1,36.1,41.6,40.7,40.9,35.0,40.6,37.2,40.3,42.4,41.6,37.5,40.8,40.0,39.1,36.9,42.9,36.8,37.7,44.3,45.4,42.9,39.9,40.5,36.8,40.6,38.8,36.1,45.3,40.9,42.8,38.7,40.3,37.3,37.9,34.6,37.4,40.0,35.5
1778,35.2,36.4,33.4,40.8,41.7,44.6,43.9,40.8,43.4,42.6,43.7,43.9,43.4,42.7,43.5,44.1,41.2,38.4,42.8,42.6,41.9,42.5,44.5,40.1,39.7,41.6,44.7,42.1,40.3,44.2,42.6,42.9,36.4,36.4,37.1,36.3,42.4,35.8,43.1,36.4,44.4,39.1,38.4,39.1,37.9,36.8,36.0,35.4,38.7,35.0,40.6,39.5,39.2,33.9,39.9,36.3,39.7,41.5,40.8,36.8,40.0,39.1,38.5,35.6,42.0,36.0,36.8,43.7,44.7,42.1,38.2,39.6,35.4,39.8,37.7,35.0,44.6,40.4,42.0,37.8,39.7,36.2,37.5,33.8,36.6,39.3,35.0
1779,34.0,35.7,32.6,39.7,40.7,43.9,43.3,40.0,42.6,41.8,42.9,43.2,42.4,42.1,42.7,43.5,40.6,37.6,42.0,42.0,41.2,41.9,43.8,39.1,38.8,40.9,44.1,41.3,39.4,43.5,41.7,42.4,35.6,35.6,36.4,35.5,41.8,35.2,42.3,35.2,43.4,38.4,37.4,38.2,36.4,35.7,34.9,34.5,37.2,34.2,39.6,38.7,37.8,33.5,39.2,35.7,39.1,41.0,40.1,36.0,39.4,38.0,37.7,34.2,41.2,35.0,35.9,43.0,44.1,41.4,36.7,38.7,34.1,38.6,36.6,34.3,44.1,39.7,41.4,36.9,38.7,35.2,37.2,33.2,36.0,38.5,34.4
1780,32.8,34.8,32.1,38.9,40.2,43.4,42.7,39.2,41.9,41.2,42.1,42.3,41.8,41.4,42.1,43.0,39.8,37.2,41.6,41.4,40.4,41.4,43.1,38.4,38.0,40.3,43.4,40.6,38.7,43.1,41.0,41.7,35.0,35.0,35.7,35.0,41.2,34.4,41.5,34.1,42.1,37.8,36.5,37.6,35.6,34.7,34.2,33.7,35.9,33.2,38.6,37.8,36.4,32.7,38.6,35.1,38.3,40.5,39.4,35.5,38.9,37.2,37.1,33.3,40.6,34.4,35.0,42.3,43.4,40.9,35.7,37.7,32.9,37.9,35.5,33.3,43.6,39.1,40.8,36.0,37.8,34.1,36.6,32.7,35.3,37.8,34.0
1781,32.1,34.0,31.6,38.0,39.6,42.7,42.2,38.5,41.4,40.5,41.6,41.8,41.2,40.7,41.6,42.5,39.2,36.6,41.2,40.9,39.8,40.9,42.7,37.7,37.3,39.8,42.7,40.0,38.1,42.8,40.3,41.3,34.3,34.5,35.2,34.4,40.5,33.7,40.7,33.2,41.2,37.6,35.7,36.9,34.8,34.2,33.6,33.1,35.2,32.4,37.8,36.9,35.6,32.1,37.9,34.5,37.9,40.1,38.8,34.9,38.3,36.6,36.7,32.5,40.1,34.0,34.4,41.6,43.1,40.3,34.3,36.8,32.1,37.2,34.7,32.6,42.9,38.7,40.1,35.2,37.1,33.3,36.0,32.1,34.5,37.2,33.4
1782,31.1,33.6,31.0,37.4,39.1,42.1,41.6,38.2,40.9,40.0,41.2,41.4,40.7,40.4,41.0,42.0,38.7,36.1,40.6,40.5,39.4,40.4,42.1,37.0,36.8,39.4,42.1,39.5,37.7,42.4,39.9,41.0,33.7,34.4,35.0,33.9,40.2,33.4,39.9,32.5,40.4,37.3,34.9,36.2,34.0,33.1,33.0,32.3,34.0,31.8,37.1,36.2,34.5,31.5,37.4,34.0,37.3,39.7,38.3,34.5,37.8,35.8,36.2,31.4,39.5,33.5,34.0,41.2,42.7,39.8,33.1,36.0,31.2,36.4,33.8,31.7,42.6,38.2,39.9,34.6,36.5,32.5,35.6,31.9,34.1,36.7,33.1
1783,33.9,35.4,33.7,36.8,38.6,41.7,41.4,38.0,41.0,39.9,41.8,41.2,41.4,40.2,40.9,42.0,38.6,37.5,41.0,41.6,39.3,40.3,42.1,36.4,36.3,39.1,42.1,39.4,37.6,42.5,39.8,41.3,33.2,34.1,34.8,33.8,41.2,34.7,39.2,34.1,40.5,40.1,34.2,36.3,35.8,35.3,33.5,35.0,37.4,31.4,36.6,37.1,34.6,33.6,37.1,35.1,37.1,39.5,37.7,35.5,38.4,35.4,37.4,33.5,39.3,34.7,34.1,41.0,43.0,40.3,32.8,35.4,33.3,36.6,36.8,31.4,43.2,38.8,39.7,34.0,36.1,32.0,35.1,32.7,33.6,36.5,33.0
1784,40.3,40.1,40.0,39.4,41.1,43.4,43.7,40.7,43.1,42.0,44.4,43.3,44.3,41.9,43.2,43.9,41.7,42.4,43.9,44.4,42.0,42.6,44.8,38.8,38.8,41.8,43.7,41.7,40.2,45.1,42.0,43.6,35.4,36.6,36.6,36.7,46.4,39.4,41.8,40.3,43.7,45.7,36.8,40.6,40.7,41.5,37.9,40.9,45.9,35.0,41.8,40.3,40.5,38.3,38.8,38.7,39.7,41.9,38.9,39.0,41.0,36.8,41.7,40.5,41.3,39.9,38.3,42.6,45.9,43.1,39.7,38.2,39.4,41.7,43.0,35.7,45.9,41.4,41.9,36.7,38.5,33.9,37.9,34.7,35.7,38.7,35.3
1785,46.0,44.5,45.6,45.3,44.7,46.5,46.9,44.4,45.7,44.6,46.7,46.1,47.1,44.4,46.4,46.2,45.0,45.6,46.7,47.1,45.1,45.5,47.9,42.1,43.3,45.6,46.2,45.0,43.0,47.8,45.0,45.9,38.8,40.0,39.2,39.9,50.9,43.8,46.6,45.1,47.4,50.2,41.6,44.7,45.8,46.9,42.7,45.3,52.4,40.5,48.3,44.0,46.5,43.1,41.4,42.5,43.0,45.1,41.9,42.3,43.3,40.5,45.4,46.2,43.7,44.0,42.3,44.9,48.5,45.8,45.7,44.6,44.8,46.8,47.6,41.0,48.5,44.1,44.7,41.3,42.6,38.2,41.4,37.0,39.2,42.0,38.3
1786,50.9,48.0,49.0,50.6,48.3,49.6,50.1,47.9,48.1,47.1,49.2,48.7,49.6,47.1,49.6,48.7,48.1,48.8,49.4,49.4,48.2,48.2,50.7,45.7,47.8,49.1,48.9,48.4,46.0,50.4,48.2,48.5,42.4,43.4,42.1,42.9,54.8,47.4,50.9,49.0,51.1,53.2,46.5,47.9,50.8,50.8,47.7,48.7,56.7,45.6,52.7,47.9,52.0,47.3,44.3,46.0,46.1,47.9,45.0,45.1,45.8,44.4,48.7,50.6,46.7,47.5,45.7,47.4,51.1,48.5,51.2,50.1,49.9,50.3,51.2,45.3,50.6,46.6,47.5,46.3,46.7,43.0,44.5,39.0,42.7,45.4,41.2
1787,55.0,50.9,51.8,54.6,51.6,52.6,53.0,51.2,50.3,49.8,51.4,51.1,51.9,49.6,52.6,51.0,51.2,51.3,51.5,51.3,51.1,50.6,53.1,48.8,51.4,52.3,51.4,51.4,48.9,52.8,51.2,50.8,45.4,46.4,44.9,45.8,57.7,50.0,54.6,52.0,54.4,55.6,50.7,50.6,54.5,53.9,51.7,51.6,59.9,49.2,56.2,51.3,56.5,50.5,46.8,48.7,48.3,50.2,48.0,47.6,48.2,47.6,51.6,53.7,49.7,50.2,48.4,50.0,53.5,50.7,55.6,54.3,53.5,53.2,54.1,49.0,52.5,48.8,50.1,50.3,50.3,47.8,47.2,40.9,45.8,48.2,44.1
1788,58.1,53.1,53.8,57.6,54.5,55.1,55.4,53.7,52.2,52.0,53.2,53.3,53.7,51.8,55.0,53.1,53.7,53.6,53.4,53.1,53.5,52.7,55.6,51.4,54.2,55.0,53.7,53.9,51.4,54.8,53.8,52.8,48.3,49.1,47.4,48.4,60.3,52.3,58.0,54.6,57.1,57.6,53.9,53.1,57.6,56.2,54.7,53.8,62.1,52.0,58.5,54.0,59.9,53.0,48.6,50.8,50.1,52.1,50.4,49.7,50.2,50.3,53.9,56.0,52.3,52.3,51.0,52.1,55.5,52.6,58.2,57.3,56.4,55.7,56.4,51.5,54.0,50.8,52.3,53.2,53.5,51.2,49.4,42.3,48.5,50.6,46.7
1789,60.0,54.8,55.2,59.9,56.6,57.0,57.4,55.7,53.8,53.8,54.6,55.1,55.2,53.4,56.9,54.7,55.5,55.1,54.8,54.3,55.4,54.2,57.1,53.5,56.7,57.0,55.4,55.7,53.2,56.4,55.5,54.2,50.6,51.3,49.4,50.4,62.4,53.9,60.3,56.5,59.2,58.8,56.5,55.1,59.9,57.7,56.9,55.5,64.0,54.1,60.0,56.0,62.3,54.6,50.0,52.4,51.2,53.3,52.3,51.0,51.7,52.6,55.4,57.5,54.7,53.6,52.8,53.7,57.1,54.1,60.3,59.6,58.5,57.3,58.1,53.1,55.1,52.3,53.9,55.6,55.6,53.8,50.9,43.6,50.6,52.4,48.7
1790,61.2,55.5,56.0,61.5,58.1,58.5,58.9,57.2,55.0,55.0,55.5,56.4,56.2,54.5,58.2,55.7,56.6,55.9,55.6,55.1,56.7,55.4,58.3,55.1,58.3,58.4,56.6,56.9,54.5,57.4,56.7,55.3,51.9,52.7,50.9,51.8,63.8,54.7,62.2,57.5,60.8,59.6,58.3,56.4,61.3,58.7,58.3,56.5,65.0,55.2,60.9,56.9,63.9,55.4,50.5,53.3,51.9,54.1,53.3,52.0,53.0,54.2,56.5,58.6,56.4,54.5,54.3,54.8,58.0,55.1,61.3,61.2,60.0,58.4,59.1,54.1,55.9,53.1,55.1,57.3,57.4,55.6,51.9,44.3,52.1,53.7,50.1
1791,61.5,55.9,56.2,62.6,59.0,59.1,59.5,58.0,55.4,55.6,56.2,57.2,56.8,55.2,58.9,56.3,57.4,56.3,56.2,55.3,57.2,55.9,59.1,56.0,59.3,59.3,57.1,57.6,55.2,57.9,57.5,55.8,52.7,53.4,51.7,52.4,64.4,54.8,63.1,58.2,61.7,59.6,59.1,57.1,61.8,59.0,59.0,56.8,65.5,55.9,61.4,57.1,64.3,55.8,51.0,53.7,52.5,54.4,54.1,52.5,53.3,55.5,56.9,59.1,57.5,54.7,55.1,55.5,58.4,55.5,61.9,62.4,60.6,59.1,59.5,54.9,56.4,53.6,55.8,58.2,58.2,56.5,52.4,44.6,53.0,54.6,50.8
1792,60.5,55.2,55.6,62.9,59.2,59.4,59.9,57.9,55.2,55.4,56.1,57.3,56.7,55.2,58.9,56.2,57.4,55.9,55.9,55.0,57.2,56.0,59.1,56.2,59.6,59.5,57.1,57.6,55.2,57.6,57.4,55.7,52.8,53.4,52.0,52.7,63.7,54.0,63.3,57.8,62.1,58.8,59.7,57.1,61.3,58.0,59.0,56.3,64.7,56.2,61.1,56.6,64.0,55.2,51.3,53.3,52.5,54.6,54.3,52.1,52.9,56.1,56.7,58.8,57.8,54.4,55.1,55.4,58.4,55.6,61.7,62.5,60.0,59.0,59.5,54.6,56.3,53.3,55.7,58.4,58.4,56.8,52.4,44.1,53.2,54.5,50.8
1793,58.6,53.4,53.6,62.5,58.5,58.8,59.2,57.5,54.2,54.7,55.2,56.7,55.9,54.7,58.2,55.4,56.5,54.5,54.7,53.9,56.5,55.0,58.4,55.4,59.1,58.7,56.4,56.7,54.5,56.6,56.9,54.6,52.1,52.8,51.3,52.0,62.5,52.1,62.6,56.5,61.5,57.0,59.1,56.2,59.6,56.3,57.9,54.7,63.0,55.5,60.3,55.3,62.8,53.3,50.7,52.2,52.0,54.0,54.0,50.9,51.6,55.7,55.5,57.5,57.2,53.2,54.0,54.8,57.3,54.6,60.4,62.2,58.7,58.4,58.0,53.6,55.4,52.2,55.0,57.6,57.6,56.2,51.6,43.1,52.6,53.9,50.1
1794,53.7,48.9,47.8,60.6,56.4,56.9,57.2,55.4,52.0,52.6,53.2,55.3,53.7,53.2,56.1,53.4,54.2,51.1,52.4,51.1,54.4,53.0,56.3,53.0,57.0,56.6,54.8,54.5,52.2,54.3,55.0,52.3,50.1,50.5,49.4,49.7,58.2,48.0,60.8,53.1,59.8,51.6,57.1,53.5,55.2,51.7,55.4,50.9,58.3,53.2,58.3,52.6,60.3,47.7,49.1,49.4,50.3,51.9,52.8,47.6,49.4,54.3,52.3,53.8,55.3,50.4,51.2,53.2,55.1,52.3,57.5,60.4,54.9,56.2,54.0,51.2,53.3,50.1,53.0,55.9,55.2,54.0,49.4,41.3,50.7,51.7,47.8
1795,48.6,45.1,43.0,55.8,52.3,53.6,53.6,51.3,49.8,49.6,50.9,53.0,50.8,50.7,52.4,51.0,50.2,47.4,50.3,48.7,50.8,50.1,52.7,49.0,51.2,52.2,52.6,51.0,48.8,51.3,52.1,49.3,45.7,46.6,46.5,45.8,53.2,44.3,55.8,48.5,56.8,46.9,51.6,48.7,50.5,47.3,51.1,46.6,54.2,47.9,54.1,50.1,55.3,43.2,46.6,46.4,47.3,49.1,50.2,44.2,47.3,51.0,48.7,48.8,52.3,46.8,46.4,51.1,52.3,49.6,51.9,54.6,49.9,50.9,49.8,46.2,51.3,47.6,49.8,50.4,49.8,49.4,44.5,39.8,46.9,48.3,43.7
1796,45.6,42.8,40.6,51.6,49.7,51.7,51.6,48.2,48.4,48.3,49.4,51.0,49.1,49.1,50.2,49.6,47.8,45.1,48.7,47.6,48.6,48.5,50.7,46.7,47.5,48.8,51.2,48.7,46.6,49.4,49.6,48.0,43.0,43.9,44.5,43.4,50.4,42.2,51.8,44.9,53.9,45.0,47.6,45.7,48.0,44.3,47.7,44.4,51.4,43.9,50.9,48.3,50.5,41.1,45.0,44.1,45.4,47.4,47.7,42.7,45.5,47.5,46.5,45.9,50.3,44.6,44.5,49.6,50.6,47.9,48.8,49.8,46.7,47.9,47.5,43.5,49.9,46.2,48.2,46.2,47.0,45.5,41.2,38.5,44.2,46.1,40.9
1797,43.4,41.1,38.9,48.8,47.7,50.2,49.9,46.3,47.4,47.1,48.0,49.1,47.6,47.7,48.6,48.6,46.2,43.5,47.2,46.8,47.0,47.3,49.4,45.1,45.4,47.1,49.9,47.1,45.0,48.3,47.9,46.9,41.4,42.7,42.7,41.7,48.4,40.6,49.5,42.7,52.2,43.5,45.3,44.0,46.1,42.6,44.9,42.2,49.0,42.1,48.5,46.7,47.6,40.0,44.1,42.2,43.9,46.2,46.0,41.7,44.5,45.1,44.5,43.7,48.6,42.4,43.1,48.4,49.4,46.7,46.6,47.2,44.0,46.0,45.6,41.6,48.9,44.9,46.8,43.7,45.2,43.2,40.1,37.6,42.5,44.4,39.3
1798,41.2,39.8,37.4,46.6,46.2,48.8,48.6,45.0,46.5,46.1,47.0,48.0,46.9,46.6,47.8,47.6,44.9,42.1,46.2,45.9,45.8,46.2,48.2,43.9,43.9,45.7,48.7,45.9,43.6,47.6,46.8,45.9,40.2,41.0,41.5,40.5,46.9,39.2,47.8,41.0,50.3,42.3,43.7,43.2,44.0,41.1,42.6,40.5,46.4,40.4,46.4,45.2,45.6,38.6,43.1,40.8,42.8,45.1,44.6,40.7,43.3,43.5,43.0,41.6,46.9,41.0,41.7,47.3,48.2,45.5,44.7,45.1,41.8,44.3,43.7,40.1,47.9,43.9,45.7,42.2,43.6,41.4,39.5,36.6,41.1,43.3,38.2
1799,39.5,38.7,36.3,44.7,44.9,47.7,47.2,43.9,45.9,45.1,46.1,46.9,46.0,45.6,46.6,46.6,44.1,41.0,45.4,45.1,44.9,45.1,47.1,42.9,42.9,44.7,47.7,44.9,42.8,46.7,45.6,45.0,38.9,39.7,40.2,39.2,45.5,38.2,46.1,39.6,48.6,41.3,42.1,41.9,42.1,40.1,40.6,38.9,44.3,38.6,44.6,43.7,43.8,37.3,42.2,39.5,41.9,44.1,43.5,39.5,42.6,42.2,41.6,39.9,45.6,39.4,40.4,46.5,47.5,44.7,42.9,43.5,40.0,43.2,41.8,38.9,47.1,42.8,44.9,40.8,42.5,39.8,38.8,35.7,39.7,42.1,37.3
1800,37.9,37.6,35.1,43.3,43.7,46.6,46.0,42.6,45.0,44.3,45.3,46.0,45.2,44.7,45.3,45.9,43.2,40.1,44.4,44.4,43.9,44.3,46.2,42.0,41.7,43.7,46.7,44.0,42.1,45.9,44.6,44.4,37.8,38.7,39.2,38.2,44.7,37.0,44.9,38.3,47.2,40.3,40.8,40.7,40.3,39.0,38.9,37.6,42.3,37.4,43.1,42.2,42.6,36.1,41.5,38.4,41.2,43.3,42.6,38.6,41.7,41.1,40.4,38.2,44.3,38.1,39.0,45.5,46.7,43.9,41.4,41.9,38.3,42.1,40.0,37.8,46.3,42.0,44.0,39.8,41.4,38.6,38.2,35.0,38.4,41.1,36.6
1801,36.3,36.8,34.3,41.9,42.7,45.6,44.9,41.9,44.3,43.7,44.6,45.1,44.6,43.8,44.4,45.1,42.3,39.5,43.8,43.6,43.0,43.6,45.3,41.2,40.7,42.8,45.8,42.9,41.2,45.2,43.7,44.0,37.1,37.5,38.3,37.2,43.5,36.2,43.8,37.4,45.7,39.5,39.6,40.1,38.9,37.8,37.4,36.7,40.2,36.2,41.8,40.8,41.1,35.1,40.8,37.5,40.5,42.6,41.8,37.8,40.9,40.2,39.5,36.8,43.1,37.2,37.9,44.6,45.7,43.1,40.0,40.5,36.6,41.0,38.9,36.3,45.6,41.1,43.1,38.7,40.4,37.4,38.0,34.4,37.5,40.3,35.8
1802,35.2,36.3,33.4,40.7,42.0,44.7,44.0,41.1,43.7,42.9,43.8,44.3,43.6,43.0,43.7,44.4,41.7,38.8,42.9,42.9,42.1,42.9,44.8,40.3,39.7,41.8,45.0,42.3,40.6,44.5,42.9,43.2,36.5,36.7,37.5,36.6,42.4,35.6,43.0,36.5,44.5,39.0,38.4,39.3,37.7,36.7,36.2,35.6,38.7,35.1,40.8,39.6,39.4,34.0,40.1,36.7,39.9,41.7,41.0,37.1,40.2,39.2,38.8,35.5,42.2,36.4,37.0,43.9,45.0,42.3,38.4,39.5,35.2,40.1,37.7,35.1,44.8,40.6,42.3,37.9,39.7,36.2,37.6,33.6,36.7,39.6,35.3
1803,34.0,35.5,32.5,39.7,40.9,44.0,43.5,40.2,43.0,42.1,43.1,43.5,42.7,42.4,42.9,43.8,40.9,37.9,42.2,42.2,41.4,42.3,44.1,39.2,38.8,41.0,44.4,41.4,39.7,43.8,41.9,42.6,35.7,36.0,36.7,35.8,41.9,35.0,42.2,35.3,43.4,38.3,37.5,38.4,36.3,35.6,35.1,34.6,37.3,34.4,39.7,38.8,38.0,33.5,39.4,36.1,39.3,41.2,40.4,36.3,39.5,38.2,38.1,34.1,41.4,35.4,36.1,43.2,44.3,41.6,36.8,38.6,34.0,39.0,36.6,34.4,44.3,39.9,41.7,37.0,38.8,35.2,37.2,33.2,36.1,38.8,34.7
1804,32.8,34.8,32.0,38.8,40.4,43.5,42.8,39.4,42.2,41.4,42.3,42.7,42.1,41.6,42.2,43.2,40.1,37.5,41.8,41.7,40.7,41.7,43.4,38.4,37.9,40.4,43.6,40.8,39.0,43.4,41.2,41.9,35.1,35.2,36.0,35.3,41.3,34.3,41.4,34.2,42.2,37.7,36.4,37.8,35.5,34.6,34.4,33.8,36.0,33.3,38.7,37.8,36.6,32.6,38.8,35.5,38.5,40.7,39.6,35.9,38.9,37.4,37.6,33.1,40.9,34.8,35.2,42.6,43.6,41.1,35.9,37.6,32.7,38.2,35.4,33.3,43.9,39.2,41.0,36.1,37.9,34.2,36.7,32.6,35.4,38.1,34.2
1805,32.1,34.0,31.5,37.8,39.8,42.7,42.3,38.7,41.7,40.7,41.7,42.1,41.4,40.9,41.6,42.7,39.5,36.9,41.4,41.1,40.1,41.1,43.0,37.8,37.3,39.9,42.9,40.2,38.4,43.0,40.6,41.4,34.4,34.8,35.5,34.8,40.6,33.5,40.5,33.4,41.4,37.4,35.7,37.1,34.6,34.1,33.8,33.1,35.3,32.5,37.8,37.0,35.6,32.0,38.1,34.9,38.0,40.3,39.1,35.3,38.4,36.8,37.1,32.2,40.3,34.5,34.6,41.8,43.2,40.5,34.5,36.7,32.0,37.5,34.6,32.6,43.2,38.8,40.4,35.3,37.2,33.4,36.1,32.1,34.6,37.4,33.7
1806,31.1,33.4,31.0,37.3,39.3,42.1,41.6,38.5,41.1,40.2,41.3,41.8,40.9,40.6,41.0,42.2,39.1,36.4,40.8,40.7,39.7,40.6,42.4,37.1,36.8,39.5,42.4,39.6,38.0,42.7,40.2,41.1,33.8,34.7,35.3,34.3,40.1,33.3,39.8,32.7,40.6,37.2,34.8,36.3,33.9,33.0,33.1,32.4,34.2,31.8,37.1,36.4,34.5,31.5,37.6,34.4,37.5,39.9,38.6,34.9,37.9,36.0,36.6,31.2,39.7,34.0,34.2,41.3,42.8,40.0,33.4,35.9,31.1,36.7,33.8,31.7,42.8,38.4,40.0,34.7,36.6,32.6,35.7,31.8,34.2,36.9,33.3
1807,34.1,35.4,33.7,36.5,38.9,41.7,41.4,38.3,41.2,40.1,42.0,41.5,41.6,40.3,40.8,42.1,39.0,37.9,41.2,41.8,39.6,40.5,42.2,36.6,36.3,39.2,42.3,39.5,37.9,42.8,40.0,41.4,33.2,34.4,35.1,34.2,41.3,34.6,39.0,34.4,40.8,40.1,34.1,36.6,35.7,35.4,33.8,35.3,37.9,31.4,36.6,37.3,34.8,33.7,37.3,35.6,37.3,39.7,38.0,36.0,38.6,35.6,37.9,33.4,39.6,35.3,34.4,41.1,43.2,40.5,33.2,35.3,33.4,37.0,37.0,31.4,43.4,39.0,39.9,34.2,36.2,32.1,35.3,32.7,33.6,36.8,33.2
1808,40.3,40.2,39.8,39.2,41.3,43.4,43.7,40.8,43.2,42.1,44.5,43.6,44.4,41.9,43.1,44.1,41.8,42.7,44.1,44.6,42.2,42.8,44.8,38.9,38.8,41.9,43.8,41.7,40.3,45.3,42.2,43.7,35.5,36.8,36.9,36.9,46.5,39.4,41.7,40.7,44.1,45.5,36.7,40.9,40.6,41.5,38.2,41.3,46.3,35.2,42.1,40.6,40.8,38.4,39.0,39.2,39.9,42.2,39.2,39.5,41.2,37.0,42.1,40.7,41.5,40.4,38.6,42.7,46.0,43.3,40.2,38.1,39.4,42.2,43.3,35.9,46.1,41.6,42.0,36.8,38.6,34.1,38.3,34.7,35.7,38.9,35.5
1809,45.9,44.5,45.4,45.1,44.8,46.4,46.9,44.4,45.9,44.7,46.8,46.3,47.2,44.4,46.4,46.4,45.1,45.9,46.8,47.2,45.2,45.6,47.9,42.2,43.3,45.6,46.2,44.9,43.0,48.0,45.0,46.0,38.8,40.1,39.4,40.0,51.0,43.7,46.5,45.4,47.7,50.0,41.4,44.9,45.7,47.0,43.1,45.6,52.7,40.8,48.5,44.4,46.8,43.1,41.7,43.0,43.3,45.4,42.3,42.7,43.6,40.9,45.7,46.5,44.0,44.4,42.5,45.0,48.7,45.9,46.1,44.4,44.8,47.2,47.9,41.2,48.5,44.2,44.7,41.3,42.6,38.2,41.8,37.0,39.1,42.1,38.4
1810,50.8,48.0,48.9,50.2,48.4,49.6,50.1,47.9,48.1,47.1,49.2,48.7,49.7,46.9,49.6,48.8,48.1,49.0,49.5,49.5,48.2,48.3,50.6,45.6,47.6,49.2,48.8,48.2,45.9,50.4,48.1,48.5,42.3,43.3,42.2,43.0,54.8,47.3,50.7,49.3,51.4,53.0,46.3,48.1,50.6,50.8,48.1,49.0,57.0,45.9,53.0,48.3,52.4,47.2,44.5,46.4,46.4,48.3,45.4,45.5,46.0,44.7,49.0,51.0,46.9,47.8,45.8,47.4,51.3,48.6,51.6,49.8,49.8,50.6,51.6,45.6,50.7,46.8,47.4,46.0,46.6,43.0,44.8,39.0,42.5,45.3,41.3
1811,54.8,50.8,51.6,54.2,51.5,52.6,53.0,51.1,50.4,49.7,51.4,51.1,51.9,49.4,52.6,51.0,51.0,51.5,51.5,51.4,51.0,50.6,53.1,48.6,51.1,52.3,51.3,51.3,48.8,52.7,51.1,50.8,45.3,46.3,44.9,45.8,57.8,49.9,54.4,52.3,54.7,55.5,50.4,50.9,54.3,53.9,52.1,51.8,60.1,49.6,56.4,51.6,56.8,50.3,47.0,49.0,48.5,50.5,48.4,48.0,48.4,47.9,51.8,54.1,50.0,50.6,48.6,49.9,53.6,50.7,55.9,54.0,53.5,53.5,54.5,49.3,52.5,49.0,49.9,50.0,50.1,47.6,47.5,40.8,45.6,48.1,44.1
1812,57.9,53.0,53.6,57.3,54.4,55.1,55.4,53.4,52.1,51.8,53.1,53.2,53.6,51.5,55.1,53.0,53.4,53.9,53.4,53.1,53.4,52.6,55.5,51.1,54.0,54.9,53.5,53.7,51.2,54.6,53.5,52.6,48.1,49.0,47.4,48.3,60.5,52.1,57.7,54.9,57.4,57.4,53.7,53.3,57.4,56.3,55.1,54.0,62.5,52.3,58.8,54.3,60.3,52.9,48.8,51.1,50.3,52.4,50.7,50.0,50.3,50.5,54.2,56.4,52.6,52.5,51.1,51.9,55.5,52.6,58.6,57.1,56.3,55.9,56.8,51.8,53.9,50.9,52.0,53.0,53.2,51.0,49.7,42.3,48.2,50.6,46.6
1813,59.8,54.6,55.0,59.5,56.3,57.0,57.4,55.4,53.7,53.5,54.4,54.9,55.0,53.0,56.9,54.5,55.2,55.2,54.7,54.2,55.1,53.9,57.1,53.2,56.4,56.9,55.1,55.6,53.0,56.1,55.3,53.9,50.3,51.1,49.3,50.3,62.6,53.8,60.0,56.8,59.6,58.6,56.2,55.4,59.7,57.8,57.3,55.7,64.4,54.5,60.3,56.2,62.7,54.6,50.2,52.7,51.5,53.6,52.5,51.3,51.8,52.8,55.6,57.8,54.9,53.9,53.0,53.4,57.1,54.1,60.6,59.4,58.3,57.5,58.5,53.5,55.0,52.4,53.7,55.4,55.4,53.7,51.2,43.5,50.4,52.4,48.6
1814,61.1,55.3,55.9,61.2,57.8,58.5,58.8,56.9,54.8,54.7,55.3,56.1,55.9,54.2,58.2,55.4,56.4,56.0,55.4,55.0,56.6,55.1,58.3,54.8,58.0,58.3,56.2,56.8,54.4,57.1,56.5,55.0,51.7,52.5,50.9,51.7,64.1,54.5,62.0,57.9,61.1,59.5,58.0,56.7,61.2,58.8,58.7,56.7,65.4,55.5,61.2,57.1,64.3,55.3,50.8,53.5,52.1,54.4,53.5,52.3,53.0,54.4,56.8,58.9,56.6,54.7,54.5,54.4,57.9,54.9,61.6,61.0,59.8,58.6,59.5,54.5,55.7,53.2,54.8,57.1,57.1,55.5,52.2,44.3,51.9,53.6,50.0
1815,61.4,55.7,56.1,62.3,58.7,59.0,59.4,57.7,55.3,55.3,55.9,57.0,56.5,55.0,58.8,56.0,57.2,56.5,55.9,55.2,57.2,55.7,58.9,55.6,59.1,59.1,56.8,57.5,55.1,57.6,57.4,55.5,52.6,53.2,51.6,52.3,64.6,54.6,62.9,58.6,62.1,59.5,58.9,57.3,61.7,59.1,59.3,57.0,65.8,56.4,61.7,57.3,64.8,55.7,51.3,53.9,52.8,54.8,54.3,52.7,53.4,55.7,57.1,59.4,57.7,55.0,55.3,55.1,58.3,55.4,62.3,62.2,60.5,59.4,59.9,55.2,56.2,53.5,55.6,58.0,57.9,56.5,52.7,44.6,52.8,54.5,50.7
1816,60.5,55.0,55.5,62.7,59.0,59.3,59.7,57.7,55.1,55.3,55.7,57.0,56.4,55.0,58.7,56.0,57.2,56.0,55.5,54.9,57.2,55.7,59.0,55.9,59.3,59.3,56.9,57.5,55.1,57.5,57.3,55.4,52.7,53.2,51.9,52.6,64.0,53.8,63.2,58.2,62.5,58.8,59.4,57.3,61.3,58.1,59.3,56.5,65.1,56.6,61.4,56.9,64.4,55.1,51.6,53.5,52.8,54.9,54.5,52.3,53.0,56.4,57.0,59.2,57.9,54.6,55.2,55.1,58.3,55.4,62.1,62.5,59.9,59.3,59.9,55.0,56.0,53.3,55.6,58.2,58.1,56.7,52.7,44.1,53.0,54.5,50.8
1817,58.6,53.2,53.5,62.2,58.3,58.7,59.1,57.3,54.1,54.6,54.9,56.5,55.7,54.5,58.0,55.1,56.5,54.7,54.4,53.7,56.4,54.8,58.3,55.1,58.9,58.6,56.3,56.6,54.4,56.4,56.8,54.3,52.1,52.6,51.2,51.9,62.8,51.9,62.5,57.0,62.0,57.0,59.0,56.3,59.6,56.4,58.3,54.9,63.2,56.0,60.6,55.4,63.2,53.3,51.0,52.5,52.3,54.3,54.3,51.2,51.8,56.0,55.8,57.9,57.2,53.4,54.1,54.6,57.2,54.5,60.8,62.3,58.6,58.7,58.4,53.9,55.1,52.3,54.8,57.5,57.2,56.1,51.9,43.0,52.5,53.8,50.1
1818,54.0,48.9,47.9,60.5,56.1,56.8,57.2,55.3,51.9,52.6,52.9,55.0,53.5,53.0,56.0,53.3,54.2,51.3,52.1,51.0,54.3,52.8,56.1,52.8,56.8,56.4,54.7,54.5,52.2,54.2,55.0,52.0,50.1,50.4,49.4,49.6,58.5,47.9,60.7,53.6,60.2,51.8,57.0,53.8,55.3,51.8,55.8,51.2,58.6,53.7,58.7,52.8,60.7,47.8,49.4,49.7,50.6,52.2,53.1,48.0,49.6,54.5,52.6,54.1,55.3,50.7,51.3,53.1,55.1,52.2,58.0,60.5,55.0,56.6,54.5,51.6,53.0,50.0,52.9,55.9,55.0,53.9,49.7,41.2,50.7,51.7,47.8
1819,48.9,45.0,43.0,55.8,52.2,53.6,53.6,51.3,49.7,49.6,50.6,52.8,50.6,50.6,52.3,50.9,50.2,47.6,50.1,48.6,50.9,50.0,52.6,48.9,51.2,52.2,52.6,50.9,48.9,51.1,52.0,49.0,45.9,46.6,46.6,45.8,53.5,44.3,55.7,49.0,57.2,47.1,51.7,48.9,50.7,47.4,51.4,46.8,54.6,48.4,54.4,50.2,55.8,43.4,46.9,46.6,47.7,49.5,50.5,44.6,47.5,51.3,49.0,49.1,52.3,47.1,46.5,51.0,52.3,49.6,52.3,54.9,49.9,51.3,50.2,46.6,51.0,47.7,49.7,50.6,49.9,49.5,44.8,39.8,46.9,48.3,43.9
1820,45.9,42.8,40.6,51.7,49.7,51.6,51.5,48.1,48.4,48.3,49.2,50.8,49.0,49.0,50.1,49.5,47.7,45.3,48.5,47.5,48.7,48.4,50.6,46.7,47.6,48.7,51.2,48.7,46.7,49.3,49.6,47.8,43.2,44.1,44.6,43.6,50.7,42.2,51.8,45.3,54.4,45.1,47.7,45.9,48.2,44.4,48.0,44.7,51.8,44.4,51.2,48.5,50.7,41.2,45.3,44.3,45.7,47.7,48.0,43.0,45.8,47.8,46.8,46.2,50.3,44.8,44.7,49.5,50.5,47.8,49.1,50.0,46.8,48.2,47.8,43.9,49.6,46.2,48.1,46.3,47.1,45.6,41.5,38.5,44.3,46.1,41.2
1821,43.6,41.1,38.9,48.9,47.7,50.1,49.9,46.3,47.4,47.2,47.8,49.0,47.5,47.6,48.5,48.5,46.1,43.6,47.0,46.6,47.0,47.3,49.3,45.1,45.5,47.0,49.9,47.0,45.1,48.1,47.9,46.7,41.6,42.8,42.8,41.9,48.6,40.6,49.5,43.1,52.6,43.6,45.5,44.2,46.3,42.7,45.1,42.5,49.4,42.5,48.7,46.8,47.8,40.1,44.4,42.5,44.2,46.5,46.3,42.0,44.7,45.4,44.7,44.0,48.7,42.7,43.2,48.4,49.2,46.7,46.9,47.4,44.2,46.4,45.9,42.1,48.6,44.9,46.8,43.9,45.4,43.2,40.3,37.5,42.5,44.5,39.5
1822,41.3,39.9,37.4,46.8,46.2,48.8,48.5,45.0,46.5,46.2,46.8,47.9,46.8,46.5,47.7,47.6,44.8,42.2,46.0,45.8,45.9,46.2,48.0,44.0,44.1,45.7,48.7,45.9,43.6,47.3,46.7,45.8,40.4,41.3,41.7,40.7,47.1,39.2,47.8,41.3,50.8,42.3,43.9,43.4,44.1,41.0,42.8,40.8,46.8,40.8,46.7,45.4,45.7,38.8,43.4,41.2,43.1,45.4,44.8,41.0,43.5,43.8,43.2,41.9,47.0,41.3,41.7,47.3,48.1,45.5,44.9,45.4,41.9,44.7,44.0,40.4,47.7,43.9,45.7,42.3,43.9,41.4,39.8,36.5,41.2,43.3,38.4
1823,39.6,38.8,36.4,44.9,45.0,47.7,47.2,44.0,45.9,45.3,45.9,46.9,45.9,45.7,46.6,46.7,44.1,41.2,45.2,44.9,45.0,45.2,47.0,43.0,43.0,44.7,47.7,44.9,42.8,46.4,45.5,44.8,39.1,39.9,40.4,39.5,45.7,38.3,46.2,39.9,48.9,41.4,42.3,42.2,42.3,40.0,40.8,39.2,44.7,39.0,44.9,43.9,43.8,37.5,42.4,39.8,42.2,44.4,43.7,39.9,42.8,42.5,41.9,40.3,45.7,39.8,40.6,46.5,47.3,44.6,43.2,43.7,40.1,43.5,42.1,39.3,46.8,42.8,44.9,41.0,42.7,39.9,39.1,35.7,39.8,42.2,37.6
1824,38.0,37.7,35.2,43.6,43.8,46.6,46.0,42.7,45.0,44.4,45.2,46.0,45.1,44.8,45.3,45.9,43.2,40.3,44.3,44.3,44.0,44.4,46.2,42.2,41.8,43.8,46.7,44.0,42.2,45.7,44.6,44.3,38.0,38.9,39.6,38.5,44.9,37.0,44.9,38.5,47.5,40.4,41.1,41.0,40.5,39.0,39.0,37.8,42.6,37.7,43.3,42.4,42.8,36.3,41.8,38.7,41.5,43.6,42.7,39.0,41.9,41.3,40.8,38.5,44.4,38.4,39.2,45.6,46.5,43.8,41.5,42.0,38.3,42.5,40.3,38.1,46.1,42.1,44.0,40.0,41.6,38.8,38.5,35.0,38.6,41.2,36.9
1825,36.4,37.0,34.4,42.3,42.8,45.7,45.0,42.0,44.4,43.8,44.5,45.1,44.5,43.9,44.5,45.2,42.4,39.7,43.7,43.5,43.2,43.7,45.3,41.3,40.9,42.9,45.9,43.0,41.3,45.1,43.8,43.9,37.3,37.9,38.6,37.6,43.7,36.2,43.8,37.5,46.0,39.5,39.8,40.4,39.0,37.8,37.6,36.9,40.6,36.6,41.9,41.0,41.2,35.3,41.1,37.8,40.7,42.9,41.9,38.1,41.1,40.3,39.9,37.1,43.2,37.6,38.0,44.6,45.6,43.1,40.1,40.8,36.8,41.3,39.1,36.7,45.4,41.3,43.2,38.9,40.6,37.5,38.3,34.3,37.7,40.5,36.1
1826,35.3,36.4,33.4,41.1,42.2,44.9,44.2,41.3,43.8,43.1,43.7,44.3,43.6,43.1,43.8,44.4,41.8,39.0,42.8,42.8,42.3,43.0,44.8,40.4,39.9,42.0,45.1,42.3,40.8,44.3,43.0,43.1,36.6,37.0,37.9,37.1,42.5,35.7,43.0,36.6,44.7,39.1,38.6,39.6,37.9,36.6,36.2,35.7,39.2,35.5,40.9,39.8,39.5,34.1,40.3,37.0,40.2,42.0,41.1,37.5,40.4,39.5,39.2,35.8,42.4,36.7,37.2,44.0,44.9,42.3,38.5,39.7,35.5,40.4,37.9,35.6,44.6,40.7,42.4,38.1,40.0,36.3,37.9,33.6,36.9,39.8,35.7
1827,34.1,35.6,32.7,39.9,41.2,44.2,43.7,40.6,43.1,42.3,43.1,43.5,42.7,42.4,43.0,43.9,41.1,38.2,42.1,42.2,41.6,42.4,44.1,39.4,39.0,41.3,44.5,41.5,39.9,43.6,42.0,42.5,35.9,36.4,37.1,36.4,42.0,35.1,42.2,35.4,43.6,38.4,37.7,38.6,36.5,35.6,35.1,34.8,37.7,34.7,39.9,38.9,38.0,33.6,39.7,36.4,39.6,41.5,40.5,36.8,39.7,38.4,38.5,34.3,41.5,35.7,36.4,43.3,44.2,41.6,37.0,38.9,34.2,39.3,36.7,34.8,44.1,40.0,41.8,37.2,39.1,35.4,37.5,33.1,36.2,39.1,35.1
1828,33.0,34.8,32.1,39.1,40.8,43.7,43.0,39.8,42.4,41.6,42.4,42.8,42.1,41.7,42.4,43.3,40.3,37.7,41.8,41.6,41.0,41.8,43.4,38.7,38.1,40.7,43.7,40.9,39.3,43.2,41.4,41.9,35.3,35.6,36.5,35.8,41.4,34.4,41.4,34.3,42.4,37.7,36.7,38.1,35.7,34.5,34.4,34.0,36.4,33.7,38.8,38.0,36.7,32.8,39.1,35.8,38.8,41.1,39.8,36.4,39.3,37.7,37.9,33.4,41.0,35.1,35.5,42.6,43.5,41.2,36.1,37.8,32.8,38.4,35.6,33.8,43.6,39.3,41.1,36.3,38.2,34.4,36.9,32.6,35.5,38.5,34.7
1829,32.3,34.1,31.6,38.1,40.1,42.9,42.6,39.1,41.9,41.0,41.8,42.2,41.4,41.1,41.9,42.8,39.8,37.2,41.4,41.0,40.4,41.2,43.0,38.1,37.5,40.2,43.1,40.4,38.8,42.9,40.9,41.4,34.6,35.2,36.0,35.4,40.8,33.5,40.7,33.4,41.5,37.4,35.9,37.3,34.8,34.1,33.7,33.3,35.8,33.0,38.0,37.2,35.7,32.2,38.3,35.2,38.3,40.7,39.3,35.8,38.7,37.1,37.4,32.4,40.5,34.8,34.9,41.9,43.1,40.6,34.6,36.9,32.1,37.8,34.7,33.0,43.0,38.9,40.5,35.6,37.5,33.6,36.3,32.1,34.8,37.8,34.2
1830,31.4,33.5,31.1,37.5,39.6,42.4,41.9,38.9,41.3,40.5,41.4,41.8,41.0,40.7,41.3,42.2,39.4,36.7,40.8,40.6,40.1,40.7,42.5,37.4,37.1,39.8,42.5,39.9,38.3,42.6,40.5,41.2,34.0,35.1,35.8,34.8,40.3,33.3,40.0,32.6,40.7,37.1,35.0,36.6,34.0,33.0,33.1,32.5,34.6,32.2,37.3,36.5,34.5,31.7,37.9,34.8,37.8,40.3,38.8,35.3,38.2,36.3,37.0,31.4,39.9,34.2,34.5,41.4,42.7,40.2,33.5,36.1,31.2,37.0,34.0,32.3,42.6,38.5,40.1,34.9,36.8,32.8,36.0,31.8,34.4,37.3,33.8
1831,34.5,35.6,33.9,36.7,39.2,42.0,41.7,38.7,41.4,40.4,42.1,41.7,41.8,40.5,41.1,42.3,39.4,38.2,41.3,41.9,40.1,40.7,42.4,36.9,36.6,39.5,42.5,39.8,38.3,42.8,40.4,41.5,33.5,34.9,35.6,34.8,41.6,34.8,39.2,34.6,40.9,40.4,34.4,37.0,36.1,35.7,34.0,35.6,38.5,31.8,36.9,37.5,35.0,33.8,37.5,36.0,37.6,40.1,38.2,36.5,38.9,35.9,38.3,33.9,39.8,35.6,34.7,41.3,43.3,40.7,33.4,35.5,33.7,37.4,37.4,32.0,43.3,39.2,40.1,34.4,36.5,32.2,35.6,32.8,33.9,37.3,33.7
1832,40.7,40.4,40.0,39.6,41.7,43.9,44.1,41.3,43.4,42.5,44.6,43.7,44.5,42.2,43.5,44.2,42.2,42.9,44.2,44.6,42.6,43.0,45.0,39.3,39.2,42.3,44.1,42.1,40.7,45.4,42.5,43.7,35.8,37.3,37.4,37.5,46.8,39.5,42.1,41.0,44.3,45.8,37.0,41.3,40.9,41.8,38.5,41.6,46.7,35.9,42.6,40.8,41.1,38.5,39.3,39.6,40.2,42.6,39.5,40.0,41.5,37.4,42.3,41.1,41.7,40.6,38.8,42.9,46.1,43.4,40.5,38.5,39.6,42.7,43.6,36.6,46.0,41.7,42.3,37.3,39.0,34.3,38.6,34.8,36.1,39.4,36.0
1833,46.2,44.7,45.4,45.4,45.1,46.8,47.3,44.8,46.0,44.9,46.8,46.4,47.2,44.6,46.8,46.5,45.4,46.0,46.9,47.2,45.5,45.8,48.2,42.5,43.6,46.0,46.4,45.2,43.4,48.0,45.3,46.0,39.0,40.4,39.8,40.4,51.4,43.8,46.8,45.8,48.1,50.3,41.7,45.3,45.9,47.2,43.5,45.9,53.0,41.5,49.0,44.8,47.3,43.2,42.0,43.4,43.6,45.6,42.4,43.2,43.8,41.2,46.0,46.8,44.2,44.7,42.7,45.2,48.7,45.9,46.6,44.8,45.0,47.7,48.2,41.9,48.5,44.3,44.9,41.6,43.0,38.5,42.0,37.0,39.4,42.5,38.8
1834,51.0,48.2,48.8,50.6,48.7,50.0,50.5,48.2,48.3,47.2,49.2,48.8,49.7,47.1,50.0,48.9,48.3,49.2,49.5,49.5,48.5,48.4,50.9,45.9,47.9,49.5,49.0,48.5,46.2,50.4,48.3,48.4,42.4,43.7,42.6,43.3,55.2,47.5,51.1,49.7,51.8,53.4,46.6,48.5,50.8,51.1,48.7,49.2,57.3,46.6,53.4,48.7,52.9,47.1,44.8,46.8,46.6,48.5,45.5,45.9,46.2,45.0,49.1,51.2,47.1,48.1,45.9,47.5,51.2,48.5,52.1,50.3,50.0,51.1,51.8,46.2,50.6,46.8,47.6,46.1,46.8,43.2,45.1,39.1,42.7,45.6,41.6
1835,55.0,51.0,51.5,54.6,51.8,52.9,53.3,51.3,50.5,49.8,51.3,51.1,51.9,49.5,53.0,51.1,51.2,51.6,51.5,51.3,51.1,50.6,53.4,48.8,51.3,52.5,51.4,51.5,49.0,52.8,51.3,50.6,45.4,46.6,45.2,46.1,58.3,50.1,54.8,52.8,55.0,55.8,50.6,51.3,54.4,54.2,52.7,52.0,60.4,50.1,56.8,52.0,57.4,50.2,47.1,49.4,48.6,50.7,48.5,48.4,48.5,48.3,51.9,54.3,50.1,50.8,48.6,49.9,53.5,50.7,56.4,54.4,53.6,54.0,54.8,49.8,52.4,48.9,50.1,50.0,50.3,47.7,47.8,40.8,45.7,48.3,44.4
1836,58.0,53.2,53.4,57.8,54.6,55.4,55.7,53.7,52.2,51.9,53.0,53.1,53.5,51.6,55.4,53.0,53.5,53.9,53.2,53.0,53.5,52.6,55.6,51.3,54.1,55.1,53.5,53.9,51.3,54.4,53.7,52.5,48.1,49.2,47.5,48.5,61.0,52.3,58.2,55.4,57.8,57.8,53.8,53.8,57.5,56.5,55.6,54.2,62.7,52.7,59.2,54.5,60.8,52.6,48.8,51.4,50.4,52.5,50.9,50.3,50.3,50.7,54.3,56.6,52.6,52.7,51.1,51.9,55.4,52.5,59.1,57.5,56.3,56.4,57.1,52.2,53.8,50.8,52.1,52.9,53.3,51.0,50.0,42.2,48.2,50.7,46.9
1837,60.0,54.8,54.9,60.0,56.5,57.2,57.6,55.6,53.7,53.6,54.3,54.7,54.9,53.1,57.1,54.5,55.4,55.3,54.6,54.2,55.2,53.9,57.3,53.4,56.6,57.1,55.1,55.7,53.1,55.8,55.4,53.8,50.3,51.3,49.5,50.4,63.0,53.9,60.5,57.3,60.0,59.0,56.3,55.8,59.7,58.1,57.8,55.8,64.6,54.8,60.6,56.4,63.3,54.3,50.2,53.0,51.6,53.6,52.6,51.6,51.8,53.0,55.7,58.0,54.8,54.1,52.9,53.4,56.9,53.9,61.1,59.7,58.5,58.0,58.7,53.9,54.9,52.3,53.8,55.3,55.3,53.7,51.4,43.4,50.4,52.5,48.8
1838,61.2,55.6,55.8,61.6,57.9,58.6,59.0,57.0,54.8,54.7,55.2,56.0,55.8,54.2,58.4,55.4,56.5,56.1,55.3,54.9,56.7,55.1,58.4,54.9,58.2,58.4,56.2,56.9,54.5,56.8,56.6,54.9,51.6,52.7,51.0,51.8,64.5,54.7,62.5,58.3,61.6,59.9,58.1,57.0,61.2,59.1,59.2,56.8,65.6,55.8,61.5,57.2,64.8,55.1,50.9,53.7,52.2,54.4,53.6,52.5,52.9,54.4,56.8,59.2,56.5,54.8,54.3,54.4,57.8,54.8,62.1,61.4,59.9,59.1,59.7,54.8,55.7,53.1,54.9,57.0,57.0,55.4,52.4,44.1,51.8,53.8,50.1
1839,61.5,55.9,56.0,62.8,58.8,59.2,59.5,57.8,55.3,55.3,55.8,56.7,56.4,55.0,59.0,55.9,57.3,56.5,55.8,55.1,57.2,55.6,59.0,55.7,59.2,59.1,56.8,57.6,55.1,57.4,57.5,55.4,52.5,53.4,51.7,52.4,65.1,54.8,63.5,58.9,62.6,60.0,59.0,57.6,61.8,59.4,59.8,57.1,66.0,56.6,62.0,57.4,65.2,55.6,51.4,54.2,52.9,54.8,54.3,53.0,53.3,55.7,57.2,59.6,57.5,55.1,55.1,55.1,58.1,55.2,62.8,62.8,60.6,59.8,60.0,55.5,56.2,53.4,55.6,57.9,57.9,56.3,52.9,44.4,52.7,54.7,50.8
1840,60.6,55.1,55.4,63.1,59.0,59.3,59.7,57.7,55.1,55.2,55.6,56.9,56.3,55.0,58.8,55.9,57.3,56.0,55.4,54.8,57.2,55.6,59.1,55.9,59.4,59.3,56.8,57.5,55.1,57.3,57.4,55.2,52.6,53.3,52.0,52.6,64.4,54.0,63.8,58.5,62.9,59.2,59.5,57.6,61.4,58.5,59.8,56.6,65.1,56.8,61.7,56.9,64.8,55.1,51.7,53.7,52.9,55.0,54.5,52.6,52.9,56.3,57.1,59.3,57.7,54.8,55.0,55.1,58.1,55.3,62.6,63.0,60.1,59.7,59.9,55.3,56.0,53.2,55.6,58.1,58.1,56.6,52.8,43.9,52.9,54.7,50.9
1841,58.8,53.4,53.5,62.6,58.2,58.7,59.1,57.3,54.2,54.6,54.8,56.4,55.5,54.5,58.0,55.1,56.6,54.7,54.3,53.6,56.5,54.8,58.4,55.1,58.9,58.6,56.3,56.6,54.5,56.3,56.9,54.2,51.9,52.7,51.4,51.9,63.2,52.0,63.1,57.4,62.5,57.4,59.0,56.7,59.8,56.7,58.8,55.1,63.3,56.1,60.9,55.4,63.6,53.2,51.1,52.8,52.3,54.4,54.2,51.5,51.7,56.0,55.8,58.0,56.9,53.6,53.9,54.7,57.0,54.4,61.2,62.8,58.7,59.0,58.5,54.2,55.2,52.2,54.9,57.4,57.2,56.0,52.0,42.8,52.4,54.0,50.2
1842,54.3,49.2,47.9,60.8,56.2,56.9,57.3,55.4,52.1,52.7,52.9,55.0,53.4,53.1,56.1,53.3,54.3,51.4,52.0,51.0,54.4,52.9,56.3,52.9,56.9,56.5,54.8,54.6,52.4,54.1,55.1,52.0,50.0,50.6,49.7,49.8,58.9,48.1,61.3,54.0,60.7,52.3,57.1,54.1,55.5,52.2,56.3,51.3,58.7,53.9,59.0,52.7,61.1,47.8,49.6,50.0,50.7,52.4,53.1,48.3,49.5,54.5,52.8,54.3,55.1,50.9,51.1,53.2,55.0,52.2,58.4,60.9,55.2,57.0,54.6,51.9,53.0,50.0,53.0,55.9,55.0,53.9,49.8,41.0,50.6,51.9,48.1
1843,49.2,45.2,43.0,56.2,52.3,53.7,53.7,51.4,50.0,49.8,50.7,52.9,50.6,50.7,52.3,51.0,50.4,47.6,50.1,48.7,51.1,50.2,52.7,49.0,51.3,52.3,52.7,51.0,49.0,51.1,52.2,49.1,45.9,46.9,46.9,46.1,53.8,44.5,56.3,49.4,57.6,47.4,51.9,49.3,50.9,47.6,51.9,47.0,54.7,48.7,54.9,50.3,56.3,43.4,47.1,46.9,47.8,49.7,50.5,44.8,47.5,51.4,49.1,49.3,52.2,47.3,46.5,51.1,52.2,49.6,52.8,55.4,50.1,51.8,50.3,47.0,51.0,47.7,49.8,50.7,49.9,49.5,45.0,39.6,47.0,48.5,44.2
1844,46.3,43.0,40.7,52.1,49.8,51.7,51.6,48.3,48.6,48.5,49.2,50.8,49.1,49.2,50.2,49.6,47.9,45.3,48.5,47.5,48.9,48.6,50.7,46.8,47.7,48.8,51.3,48.8,46.8,49.4,49.8,47.8,43.3,44.3,44.8,44.0,51.1,42.4,52.3,45.7,54.8,45.5,47.9,46.3,48.4,44.7,48.5,44.9,52.0,44.7,51.6,48.5,51.2,41.2,45.5,44.6,45.9,48.0,48.0,43.3,45.8,47.9,47.0,46.4,50.2,44.9,44.6,49.6,50.4,47.9,49.5,50.4,47.0,48.7,48.0,44.2,49.6,46.2,48.2,46.4,47.1,45.6,41.6,38.2,44.5,46.4,41.4
1845,44.0,41.3,39.0,49.3,47.9,50.2,49.9,46.5,47.6,47.3,47.9,49.0,47.7,47.8,48.6,48.7,46.2,43.7,47.1,46.6,47.2,47.4,49.5,45.3,45.6,47.1,50.0,47.1,45.3,48.2,48.1,46.7,41.7,43.0,43.1,42.2,49.0,40.8,50.0,43.4,53.0,43.9,45.6,44.5,46.5,43.0,45.7,42.7,49.5,42.7,49.1,46.9,48.2,40.1,44.6,42.7,44.4,46.7,46.3,42.3,44.8,45.5,44.9,44.3,48.6,42.8,43.0,48.5,49.2,46.8,47.3,47.9,44.4,46.8,46.1,42.5,48.6,44.9,46.9,44.0,45.4,43.2,40.6,37.3,42.7,44.8,39.8
1846,41.8,40.1,37.6,47.1,46.4,48.9,48.7,45.1,46.7,46.4,46.9,48.0,46.9,46.7,47.8,47.7,45.0,42.3,46.1,45.8,46.0,46.4,48.2,44.1,44.3,45.8,48.8,46.0,43.9,47.4,46.9,45.8,40.6,41.5,42.0,41.1,47.4,39.4,48.2,41.6,51.1,42.7,44.1,43.8,44.3,41.3,43.3,41.0,47.0,41.0,47.0,45.4,46.1,38.8,43.5,41.3,43.2,45.6,44.8,41.2,43.6,43.9,43.5,42.3,46.9,41.3,41.6,47.5,48.1,45.6,45.3,45.8,42.2,45.1,44.2,40.9,47.7,44.0,45.9,42.3,44.0,41.4,39.9,36.3,41.3,43.6,38.7
1847,40.0,38.9,36.7,45.3,45.1,47.8,47.4,44.1,46.2,45.5,46.1,47.1,46.0,45.8,46.6,46.8,44.2,41.2,45.4,45.0,45.1,45.3,47.1,43.0,43.2,44.8,47.8,45.0,43.1,46.5,45.7,44.9,39.3,40.2,40.7,39.7,46.1,38.4,46.6,40.1,49.3,41.7,42.5,42.5,42.6,40.2,41.3,39.4,44.9,39.3,45.3,44.0,44.2,37.6,42.6,40.0,42.3,44.6,43.7,40.0,42.9,42.6,42.2,40.6,45.7,39.8,40.4,46.6,47.4,44.8,43.5,44.2,40.3,43.9,42.3,39.7,46.8,43.0,45.0,41.1,42.8,40.0,39.2,35.5,40.0,42.5,37.8
1848,38.4,37.8,35.5,44.0,44.0,46.8,46.1,42.9,45.4,44.6,45.3,46.1,45.3,44.9,45.4,46.1,43.4,40.3,44.4,44.3,44.2,44.7,46.3,42.2,42.1,43.9,46.8,44.1,42.5,45.8,44.7,44.3,38.3,39.3,39.9,38.8,45.3,37.2,45.3,38.8,47.7,40.7,41.3,41.3,40.8,39.2,39.5,38.1,42.8,38.0,43.6,42.4,43.2,36.3,41.9,38.8,41.6,43.7,42.7,39.2,41.9,41.4,40.9,38.8,44.5,38.4,39.1,45.7,46.6,44.0,41.8,42.6,38.6,42.8,40.5,38.5,46.0,42.2,44.2,40.0,41.7,38.9,38.7,34.8,38.8,41.5,37.1
1849,36.8,37.0,34.7,42.7,43.1,45.8,45.1,42.2,44.7,44.0,44.6,45.3,44.7,44.0,44.5,45.3,42.5,39.7,43.8,43.6,43.3,44.0,45.4,41.3,41.2,43.1,46.0,43.1,41.6,45.2,43.9,43.9,37.5,38.3,39.0,38.0,44.2,36.2,44.2,37.8,46.4,39.7,40.0,40.7,39.3,38.0,38.0,37.1,40.9,36.8,42.3,41.1,41.6,35.4,41.2,38.0,40.9,43.1,41.9,38.3,41.2,40.5,40.1,37.5,43.3,37.4,37.9,44.8,45.6,43.3,40.5,41.3,37.2,41.7,39.4,37.2,45.3,41.4,43.3,39.0,40.7,37.7,38.4,34.1,37.9,40.8,36.3
1850,35.6,36.6,33.7,41.4,42.4,45.0,44.3,41.4,44.2,43.2,43.8,44.5,43.9,43.2,43.9,44.6,41.9,39.1,42.9,42.9,42.5,43.2,44.9,40.5,40.2,42.2,45.2,42.4,41.1,44.4,43.1,43.2,36.9,37.4,38.0,37.4,43.1,35.8,43.4,36.9,45.1,39.3,38.9,40.0,38.2,37.1,36.7,36.0,39.4,35.7,41.3,39.8,39.9,34.3,40.5,37.2,40.3,42.2,41.1,37.6,40.6,39.6,39.4,36.1,42.5,36.6,37.2,44.1,44.9,42.5,38.9,40.2,35.7,40.8,38.1,36.0,44.6,40.8,42.6,38.2,40.1,36.4,37.8,33.4,37.1,40.1,35.9
1851,34.5,35.8,32.9,40.3,41.5,44.3,43.9,40.7,43.5,42.5,43.3,43.7,42.9,42.6,43.2,44.0,41.3,38.2,42.3,42.2,41.7,42.6,44.2,39.5,39.3,41.6,44.6,41.7,40.1,43.8,42.1,42.6,36.2,36.9,37.3,36.6,42.3,35.2,42.6,35.7,44.0,38.6,38.0,39.1,36.9,36.0,35.5,35.1,37.9,34.9,40.2,39.0,38.5,33.7,39.8,36.5,39.7,41.7,40.4,36.8,39.9,38.6,38.7,34.6,41.6,35.6,36.3,43.4,44.3,41.8,37.5,39.2,34.4,39.7,36.9,35.1,44.1,40.1,42.0,37.4,39.3,35.6,37.4,32.9,36.5,39.4,35.4
1852,33.4,35.0,32.4,39.5,41.0,43.8,43.3,40.0,42.7,41.7,42.5,43.0,42.3,41.9,42.6,43.3,40.5,37.7,41.9,41.6,41.2,42.1,43.5,38.9,38.5,41.0,43.8,41.0,39.5,43.3,41.5,42.0,35.5,36.2,36.8,36.1,41.8,34.6,41.9,34.6,42.7,38.0,37.1,38.5,36.1,34.9,34.8,34.2,36.7,33.9,39.2,38.1,37.2,32.9,39.3,35.8,38.9,41.3,39.8,36.3,39.4,37.8,38.0,33.7,41.1,34.9,35.5,42.7,43.6,41.3,36.6,38.1,33.1,38.8,35.8,34.1,43.7,39.5,41.3,36.5,38.4,34.6,36.9,32.4,35.7,38.7,35.0
1853,32.6,34.3,31.9,38.4,40.4,43.1,42.8,39.4,42.2,41.1,41.9,42.5,41.7,41.2,42.0,42.8,39.9,37.1,41.5,41.1,40.5,41.5,43.2,38.3,37.9,40.5,43.2,40.5,39.0,43.0,41.0,41.5,34.9,35.8,36.4,35.7,41.2,33.7,41.1,33.7,41.8,37.7,36.3,37.7,35.2,34.5,34.1,33.5,36.0,33.1,38.4,37.3,36.1,32.3,38.5,35.2,38.4,40.9,39.2,35.8,38.9,37.1,37.5,32.7,40.6,34.7,34.9,42.0,43.2,40.7,35.1,37.1,32.4,38.2,34.8,33.3,43.0,39.0,40.7,35.8,37.8,33.8,36.3,32.0,35.1,38.0,34.5
1854,31.7,33.7,31.4,37.8,39.9,42.6,42.1,39.3,41.5,40.6,41.5,42.1,41.2,40.8,41.4,42.3,39.5,36.7,40.9,40.7,40.3,41.0,42.7,37.7,37.4,40.1,42.7,40.1,38.6,42.7,40.6,41.3,34.2,35.7,36.2,35.3,40.6,33.5,40.3,32.9,41.0,37.3,35.4,36.9,34.5,33.4,33.4,32.7,34.8,32.4,37.6,36.6,35.0,31.8,38.0,34.8,38.0,40.4,38.8,35.2,38.3,36.5,37.1,31.7,40.0,34.2,34.5,41.6,42.9,40.4,34.0,36.4,31.6,37.4,34.0,32.5,42.6,38.6,40.3,35.2,37.2,33.0,35.9,31.7,34.7,37.5,34.2
1855,34.9,35.8,34.2,37.1,39.6,42.3,42.0,39.1,41.8,40.7,42.3,41.9,42.1,40.7,41.3,42.4,39.6,38.4,41.5,42.1,40.3,41.1,42.6,37.3,36.9,39.8,42.7,40.1,38.7,42.9,40.6,41.6,33.8,35.4,36.0,35.3,42.0,35.0,39.6,35.0,41.4,40.7,34.7,37.4,36.5,36.1,34.5,35.8,38.9,31.9,37.3,37.7,35.5,34.1,37.7,36.1,37.8,40.3,38.2,36.6,39.1,36.0,38.6,34.3,40.0,35.7,34.8,41.4,43.4,41.0,34.0,35.7,34.1,37.8,37.6,32.2,43.5,39.4,40.3,34.7,36.8,32.4,35.5,32.7,34.2,37.6,34.1
1856,41.0,40.5,40.1,39.9,42.1,44.2,44.4,41.7,43.8,42.7,44.7,44.0,44.7,42.4,43.8,44.4,42.5,43.1,44.4,44.8,42.9,43.2,45.3,39.7,39.5,42.7,44.3,42.4,41.1,45.6,42.8,43.8,36.1,37.9,37.8,37.9,47.3,39.7,42.4,41.5,44.8,46.2,37.4,41.7,41.2,42.3,38.9,41.7,47.0,36.1,43.1,41.0,41.7,38.8,39.4,39.8,40.4,42.7,39.5,40.1,41.7,37.6,42.6,41.4,41.9,40.8,38.9,43.1,46.2,43.7,41.2,38.9,39.9,43.1,43.7,36.9,46.2,41.9,42.6,37.5,39.4,34.6,38.6,34.8,36.4,39.7,36.4
1857,46.4,44.9,45.6,45.7,45.5,47.2,47.6,45.2,46.3,45.1,46.9,46.7,47.4,44.9,47.2,46.8,45.6,46.2,47.0,47.5,45.8,46.0,48.4,42.9,43.9,46.3,46.6,45.5,43.7,48.1,45.6,46.1,39.3,41.0,40.2,40.8,51.9,44.1,47.1,46.2,48.6,50.8,42.0,45.7,46.2,47.7,44.0,45.9,53.2,41.6,49.3,44.9,47.9,43.3,42.1,43.7,43.7,45.6,42.4,43.4,43.9,41.4,46.2,46.9,44.3,44.8,42.7,45.4,48.8,46.2,47.2,45.1,45.1,48.0,48.3,42.1,48.7,44.4,45.2,41.9,43.3,38.8,42.0,37.0,39.7,42.9,39.2
1858,51.2,48.4,49.0,50.8,49.1,50.3,50.8,48.5,48.6,47.4,49.3,49.0,49.8,47.4,50.3,49.1,48.6,49.3,49.6,49.7,48.8,48.6,51.2,46.3,48.1,49.7,49.2,48.7,46.5,50.6,48.6,48.6,42.7,44.1,43.0,43.7,55.7,47.7,51.5,50.1,52.3,53.9,46.8,48.8,51.0,51.5,49.0,49.2,57.3,46.6,53.6,48.8,53.5,47.2,44.8,47.0,46.6,48.4,45.4,46.1,46.3,45.2,49.3,51.2,47.2,48.2,45.9,47.7,51.3,48.7,52.7,50.5,50.2,51.3,51.8,46.3,50.8,46.9,47.8,46.4,47.0,43.5,45.0,39.0,43.0,46.0,42.1
1859,55.2,51.2,51.8,54.8,52.1,53.1,53.6,51.7,50.8,50.0,51.4,51.3,51.9,49.7,53.2,51.2,51.4,51.8,51.5,51.5,51.4,50.7,53.6,49.3,51.4,52.7,51.5,51.7,49.3,53.0,51.5,50.8,45.7,47.0,45.6,46.4,58.8,50.2,55.3,53.2,55.5,56.3,50.8,51.5,54.6,54.6,52.9,52.0,60.5,50.0,57.0,52.1,57.8,50.3,47.1,49.6,48.5,50.6,48.4,48.6,48.7,48.3,52.1,54.3,50.1,51.0,48.6,50.1,53.6,50.8,56.8,54.7,53.8,54.2,54.8,49.8,52.6,49.0,50.2,50.2,50.5,47.8,47.6,40.7,46.0,48.7,44.8
1860,58.2,53.2,53.8,58.1,54.8,55.5,55.9,53.9,52.4,52.0,53.1,53.3,53.6,51.6,55.5,53.1,53.7,54.0,53.3,53.3,53.8,52.6,55.8,51.8,54.2,55.2,53.6,54.0,51.5,54.6,53.9,52.6,48.3,49.5,47.9,48.8,61.5,52.3,58.7,55.8,58.3,58.3,53.9,54.1,57.7,56.8,55.8,54.1,62.7,52.5,59.3,54.5,61.1,52.7,48.7,51.6,50.3,52.4,50.7,50.5,50.4,50.7,54.4,56.6,52.5,52.8,51.0,52.0,55.6,52.5,59.5,58.0,56.5,56.5,57.0,52.2,54.0,50.8,52.2,53.1,53.5,51.2,49.8,42.1,48.4,51.1,47.2
1861,60.3,54.8,55.1,60.4,56.7,57.3,57.7,55.8,53.9,53.7,54.3,54.8,55.0,53.1,57.2,54.5,55.5,55.4,54.6,54.4,55.4,53.9,57.4,53.7,56.7,57.1,55.2,55.8,53.3,56.0,55.6,53.9,50.5,51.7,49.8,50.8,63.5,53.8,61.1,57.6,60.4,59.6,56.5,56.0,60.0,58.4,57.9,55.8,64.6,54.6,60.7,56.3,63.6,54.4,50.0,53.2,51.4,53.5,52.4,51.9,51.8,53.0,55.9,58.0,54.7,54.3,52.8,53.5,57.2,53.9,61.4,60.3,58.6,58.1,58.6,53.8,55.1,52.2,53.9,55.5,55.5,53.8,51.2,43.2,50.5,52.9,49.2
1862,61.4,55.5,56.0,62.1,58.0,58.7,59.0,57.2,54.9,54.7,55.2,56.0,55.8,54.3,58.4,55.4,56.6,56.2,55.4,55.1,56.8,55.0,58.5,55.1,58.4,58.4,56.3,56.9,54.6,57.0,56.8,54.9,51.7,53.0,51.3,52.2,65.1,54.6,63.2,58.6,62.0,60.5,58.4,57.2,61.4,59.3,59.3,56.8,65.6,55.7,61.7,57.1,65.0,55.2,50.7,54.1,52.0,54.2,53.4,52.7,53.0,54.4,57.0,59.1,56.2,54.9,54.1,54.5,58.1,54.8,62.5,61.9,60.0,59.2,59.7,54.7,55.8,53.0,55.0,57.2,57.2,55.5,52.2,43.9,52.0,54.1,50.5
1863,61.8,55.9,56.1,63.2,58.9,59.3,59.6,58.0,55.4,55.4,55.8,56.8,56.3,55.0,59.0,55.9,57.4,56.6,55.9,55.3,57.4,55.6,59.0,55.8,59.4,59.1,56.8,57.6,55.3,57.6,57.6,55.5,52.6,53.6,52.0,52.7,65.6,54.7,64.2,59.2,63.0,60.4,59.3,57.7,61.9,59.6,60.0,57.1,66.0,56.5,62.1,57.3,65.5,55.6,51.2,54.4,52.6,54.6,54.0,53.2,53.4,55.6,57.4,59.6,57.2,55.3,54.8,55.1,58.4,55.2,63.1,63.4,60.6,59.8,59.9,55.4,56.3,53.4,55.7,58.2,58.0,56.5,52.7,44.2,52.8,55.0,51.3
1864,60.8,55.0,55.5,63.6,59.0,59.3,59.8,57.8,55.2,55.3,55.6,56.9,56.3,55.0,58.8,55.9,57.3,56.1,55.5,55.0,57.4,55.5,59.1,56.0,59.7,59.3,56.8,57.6,55.2,57.5,57.5,55.3,52.7,53.5,52.3,52.8,65.1,53.9,64.5,58.8,63.3,59.7,59.8,57.8,61.5,58.5,59.9,56.6,65.2,56.8,61.9,56.8,65.1,55.1,51.4,54.0,52.7,54.7,54.2,52.9,53.0,56.2,57.3,59.2,57.5,54.9,54.7,55.1,58.4,55.3,62.8,63.6,60.0,59.8,59.9,55.1,56.1,53.2,55.7,58.2,58.2,56.7,52.7,43.6,53.0,54.9,51.3
1865,59.0,53.4,53.6,63.1,58.2,58.7,59.1,57.3,54.4,54.6,54.8,56.4,55.5,54.5,58.1,55.2,56.7,54.8,54.4,53.8,56.6,54.7,58.4,55.2,59.1,58.5,56.3,56.7,54.5,56.6,56.9,54.3,52.0,52.9,51.6,52.1,63.8,51.9,63.7,57.7,62.7,57.8,59.3,56.8,60.0,56.7,58.9,55.1,63.4,56.0,61.0,55.2,63.8,53.3,50.9,53.1,52.1,54.2,54.0,51.8,51.9,55.9,56.0,57.9,56.7,53.8,53.6,54.6,57.3,54.4,61.4,63.3,58.6,59.0,58.5,54.1,55.3,52.3,54.9,57.5,57.3,56.1,51.8,42.5,52.5,54.1,50.6
1866,54.6,49.2,48.1,61.3,56.2,57.0,57.3,55.5,52.4,52.7,52.9,55.1,53.4,53.1,56.1,53.4,54.5,51.6,52.1,51.1,54.6,52.9,56.4,53.1,57.1,56.5,54.9,54.7,52.5,54.4,55.2,52.2,50.0,50.9,50.0,50.1,59.5,48.1,61.9,54.4,61.0,52.7,57.3,54.3,55.7,52.4,56.4,51.4,58.8,53.8,59.1,52.6,61.2,48.1,49.3,50.4,50.6,52.2,52.9,48.7,49.7,54.4,53.0,54.3,54.8,51.2,50.9,53.2,55.3,52.3,58.6,61.4,55.3,57.0,54.7,51.8,53.2,50.1,53.1,55.9,55.1,54.0,49.6,40.7,50.7,52.1,48.5
1867,49.6,45.4,43.4,56.7,52.5,53.8,53.8,51.6,50.2,49.9,50.7,53.0,50.7,50.9,52.5,51.2,50.7,47.8,50.1,48.8,51.4,50.3,53.0,49.3,51.7,52.5,52.8,51.1,49.2,51.4,52.4,49.3,46.1,47.3,47.3,46.6,54.3,44.6,57.0,49.7,58.0,47.8,52.3,49.5,51.0,47.8,52.0,47.2,54.8,48.7,54.9,50.1,56.4,43.7,47.0,47.3,47.7,49.6,50.4,45.1,47.6,51.4,49.3,49.4,52.0,47.5,46.4,51.2,52.5,49.7,53.1,56.0,50.3,51.8,50.3,46.9,51.1,47.8,50.0,50.9,50.3,49.7,44.9,39.2,47.2,48.7,44.7
1868,46.6,43.1,41.1,52.6,50.0,51.9,51.9,48.6,48.9,48.7,49.2,51.0,49.1,49.4,50.4,49.8,48.3,45.5,48.6,47.6,49.2,48.8,51.1,47.0,48.1,49.2,51.4,49.0,47.0,49.7,50.1,48.0,43.6,44.7,45.2,44.5,51.6,42.5,52.9,46.1,55.1,45.8,48.2,46.5,48.7,44.9,48.6,45.1,52.2,44.6,51.6,48.4,51.3,41.6,45.3,45.0,45.8,47.8,48.0,43.6,45.9,48.0,47.2,46.5,50.1,45.2,44.5,49.8,50.7,48.0,49.7,51.0,47.2,48.7,47.9,44.2,49.7,46.4,48.5,46.6,47.4,45.8,41.5,37.9,44.8,46.6,42.0
1869,44.3,41.4,39.5,49.8,48.2,50.5,50.2,46.9,47.8,47.6,47.9,49.2,47.8,48.1,48.9,48.9,46.6,43.9,47.1,46.7,47.5,47.6,49.8,45.5,45.9,47.5,50.3,47.4,45.6,48.4,48.4,46.9,42.0,43.4,43.5,42.8,49.4,41.0,50.6,43.8,53.3,44.2,46.0,44.6,46.7,43.2,45.8,42.9,49.7,42.6,49.2,46.8,48.3,40.3,44.4,43.1,44.3,46.5,46.2,42.6,44.8,45.5,45.2,44.4,48.4,43.0,43.0,48.7,49.4,46.9,47.5,48.5,44.5,46.9,46.0,42.4,48.7,45.2,47.2,44.2,45.8,43.4,40.5,37.1,43.0,45.1,40.3
1870,42.1,40.2,38.1,47.6,46.7,49.2,48.9,45.5,46.9,46.7,47.0,48.3,47.0,47.0,48.1,47.9,45.4,42.6,46.1,45.9,46.3,46.6,48.6,44.4,44.6,46.2,49.0,46.3,44.3,47.7,47.2,46.0,40.9,42.0,42.3,41.6,47.8,39.5,48.8,41.9,51.5,42.9,44.4,43.8,44.6,41.4,43.5,41.2,47.3,41.0,47.0,45.4,46.2,39.0,43.3,41.6,43.1,45.4,44.7,41.5,43.7,43.9,43.7,42.4,46.8,41.5,41.5,47.7,48.3,45.7,45.5,46.3,42.5,45.2,44.1,40.8,47.7,44.3,46.2,42.6,44.3,41.6,39.9,36.2,41.6,44.0,39.2
1871,40.2,39.0,37.2,45.8,45.5,48.1,47.6,44.5,46.5,45.7,46.1,47.3,46.2,46.0,46.9,47.1,44.5,41.5,45.4,45.1,45.4,45.6,47.5,43.3,43.5,45.2,48.0,45.3,43.5,46.8,46.0,45.1,39.6,40.7,41.1,40.3,46.4,38.4,47.1,40.4,49.6,42.0,42.8,42.5,42.9,40.2,41.4,39.5,45.2,39.3,45.2,44.0,44.3,37.8,42.4,40.2,42.2,44.5,43.6,40.3,43.0,42.5,42.4,40.7,45.7,39.9,40.4,46.9,47.5,45.0,43.7,44.6,40.5,44.0,42.3,39.7,46.8,43.2,45.3,41.4,43.1,40.2,39.2,35.3,40.3,42.8,38.4
1872,38.6,37.9,36.0,44.4,44.4,47.0,46.4,43.4,45.6,44.8,45.4,46.4,45.4,45.1,45.7,46.3,43.7,40.5,44.5,44.3,44.4,44.9,46.6,42.4,42.4,44.2,47.0,44.4,42.9,46.1,45.0,44.6,38.6,39.6,40.3,39.3,45.7,37.1,45.9,38.9,48.0,40.9,41.6,41.4,41.1,39.2,39.5,38.2,43.0,38.0,43.6,42.5,43.2,36.5,41.8,39.0,41.5,43.6,42.6,39.3,42.0,41.3,41.1,38.9,44.4,38.5,39.0,45.9,46.9,44.2,41.9,43.1,38.8,42.9,40.5,38.5,46.0,42.4,44.5,40.3,42.1,39.2,38.6,34.6,39.1,41.8,37.6
1873,37.0,37.0,35.1,43.2,43.6,46.0,45.4,42.6,44.9,44.1,44.8,45.6,44.8,44.2,44.8,45.7,42.9,39.9,43.9,43.6,43.6,44.3,45.8,41.6,41.5,43.4,46.2,43.4,42.0,45.5,44.2,44.2,37.8,38.7,39.4,38.3,44.4,36.2,44.7,37.9,46.6,39.9,40.4,40.8,39.6,38.2,38.1,37.2,41.1,36.8,42.3,41.1,41.6,35.6,41.1,38.1,40.8,42.9,41.8,38.5,41.3,40.5,40.3,37.4,43.3,37.5,37.9,45.0,45.9,43.5,40.5,41.7,37.3,41.8,39.4,37.3,45.3,41.7,43.6,39.4,41.1,37.9,38.3,34.0,38.2,41.1,36.8
1874,36.0,36.4,34.1,41.9,42.9,45.3,44.6,41.9,44.4,43.4,44.0,44.8,44.1,43.4,44.2,44.9,42.3,39.3,43.0,42.9,42.8,43.6,45.3,40.8,40.5,42.6,45.4,42.7,41.5,44.8,43.4,43.4,37.2,37.8,38.4,37.7,43.2,35.7,43.7,37.0,45.3,39.5,39.3,40.0,38.5,37.3,36.8,36.0,39.6,35.7,41.3,40.0,39.8,34.4,40.3,37.3,40.1,42.1,41.1,37.8,40.7,39.6,39.6,36.0,42.5,36.6,37.2,44.2,45.2,42.7,38.9,40.6,35.8,40.8,38.2,36.0,44.7,41.1,42.8,38.6,40.4,36.7,37.8,33.3,37.5,40.4,36.3
1875,34.9,35.7,33.3,40.7,42.0,44.6,44.2,41.1,43.7,42.7,43.4,44.1,43.2,42.8,43.5,44.3,41.7,38.4,42.5,42.4,42.1,42.9,44.5,40.0,39.6,41.9,44.8,42.0,40.5,44.2,42.6,42.9,36.5,37.3,37.7,37.1,42.4,35.0,42.9,35.9,44.2,38.8,38.3,39.1,37.2,36.1,35.5,35.1,38.2,34.9,40.3,39.2,38.5,33.8,39.6,36.6,39.6,41.6,40.5,37.0,39.9,38.6,38.8,34.6,41.7,35.6,36.3,43.6,44.6,42.0,37.5,39.7,34.4,39.8,36.9,35.1,44.3,40.4,42.3,37.7,39.7,35.9,37.4,32.8,36.8,39.7,35.7
1876,33.8,34.9,32.6,40.0,41.5,44.0,43.6,40.5,43.0,42.0,42.7,43.4,42.6,42.1,42.8,43.6,41.0,38.0,42.1,41.7,41.6,42.3,43.9,39.3,38.7,41.4,44.1,41.4,40.0,43.7,41.9,42.3,35.7,36.6,37.2,36.6,41.9,34.4,42.3,34.8,43.0,38.2,37.4,38.6,36.3,35.0,34.8,34.2,36.9,34.0,39.2,38.2,37.2,32.9,39.1,36.0,38.8,41.2,39.8,36.6,39.5,37.9,38.2,33.6,41.2,35.0,35.5,42.9,43.9,41.5,36.5,38.7,33.2,38.8,35.8,34.2,43.8,39.7,41.6,36.9,38.9,34.9,36.9,32.4,36.0,39.1,35.4
1877,33.0,34.3,32.1,38.9,40.9,43.4,43.0,39.9,42.4,41.4,42.1,42.9,42.0,41.5,42.3,43.1,40.4,37.4,41.7,41.2,40.9,41.7,43.5,38.7,38.2,40.8,43.5,40.9,39.4,43.3,41.4,41.9,35.1,36.2,36.8,36.2,41.5,33.6,41.4,33.9,42.0,37.9,36.5,37.7,35.4,34.5,34.1,33.5,36.2,33.2,38.4,37.4,36.0,32.4,38.3,35.3,38.3,40.8,39.2,36.0,39.0,37.2,37.7,32.7,40.6,34.8,34.9,42.2,43.5,41.0,35.1,37.6,32.4,38.3,34.8,33.4,43.2,39.2,41.1,36.2,38.2,34.1,36.3,31.9,35.4,38.4,34.8
1878,32.0,33.7,31.6,38.3,40.4,42.9,42.5,39.8,41.7,41.0,41.7,42.4,41.5,41.1,41.8,42.5,40.0,36.9,41.1,40.8,40.7,41.3,43.0,38.1,37.6,40.5,43.0,40.4,39.0,43.0,41.0,41.6,34.4,36.1,36.4,35.7,40.8,33.3,40.6,33.0,41.2,37.5,35.6,37.0,34.8,33.3,33.4,32.7,34.9,32.5,37.7,36.7,34.9,31.9,37.8,34.9,37.8,40.3,38.8,35.3,38.4,36.6,37.4,31.7,40.1,34.3,34.5,41.8,43.1,40.6,34.0,36.8,31.5,37.4,34.0,32.5,42.9,38.7,40.6,35.5,37.6,33.2,36.0,31.6,34.8,38.0,34.4
1879,35.3,35.7,34.5,37.5,40.1,42.6,42.3,39.7,42.0,41.0,42.5,42.3,42.3,40.9,41.7,42.7,40.1,38.7,41.8,42.3,40.7,41.4,43.0,37.6,37.1,40.2,43.0,40.4,39.1,43.3,41.0,42.0,34.0,35.8,36.3,35.7,42.4,35.0,39.8,35.3,41.7,41.0,35.0,37.6,36.8,36.2,34.6,35.9,39.2,32.0,37.4,37.9,35.6,34.3,37.6,36.3,37.7,40.3,38.2,36.8,39.3,36.1,39.0,34.5,40.1,36.0,34.9,41.7,43.8,41.2,34.1,36.2,34.1,37.9,37.7,32.3,43.8,39.6,40.7,35.0,37.2,32.7,35.6,32.8,34.3,38.0,34.4
1880,41.0,40.5,40.1,40.4,42.4,44.4,44.6,42.1,43.9,43.0,45.0,44.3,45.0,42.7,44.1,44.6,42.8,43.3,44.8,45.1,43.2,43.4,45.6,40.0,39.8,43.0,44.5,42.6,41.4,45.9,43.1,44.1,36.3,38.2,38.0,38.2,47.7,39.6,42.7,41.8,45.1,46.4,37.7,41.9,41.3,42.4,39.1,41.8,47.3,36.2,43.3,41.2,41.9,38.8,39.4,40.1,40.3,42.7,39.6,40.4,41.8,37.8,42.9,41.5,42.0,41.0,39.1,43.3,46.6,43.9,41.4,39.3,39.8,43.3,43.8,37.0,46.5,42.1,42.9,37.8,39.7,34.9,38.7,34.8,36.6,40.1,36.7
1881,46.3,44.8,45.3,45.8,45.7,47.3,47.8,45.4,46.4,45.2,47.2,46.9,47.6,45.0,47.3,46.9,45.8,46.4,47.4,47.8,45.9,46.1,48.6,43.1,44.0,46.4,46.7,45.6,44.0,48.4,45.8,46.4,39.4,41.2,40.4,41.1,52.2,44.0,47.4,46.6,48.9,50.7,42.1,45.8,46.2,47.7,44.2,45.9,53.3,41.8,49.5,45.1,48.2,43.3,42.0,43.9,43.6,45.6,42.4,43.7,44.0,41.5,46.4,47.0,44.5,45.1,42.8,45.4,49.1,46.4,47.4,45.3,45.1,48.1,48.3,42.2,49.1,44.6,45.3,42.0,43.4,38.9,42.1,37.0,39.9,43.1,39.5
1882,51.0,48.3,48.8,50.6,49.1,50.3,50.8,48.6,48.6,47.5,49.5,49.2,50.0,47.4,50.3,49.2,48.6,49.5,49.9,50.1,48.8,48.6,51.3,46.5,47.9,49.7,49.2,48.7,46.6,50.7,48.7,48.8,42.7,44.3,43.2,43.9,56.0,47.6,51.7,50.4,52.5,53.9,46.7,48.9,50.9,51.4,49.3,49.1,57.3,46.7,53.8,48.9,53.7,47.1,44.7,47.3,46.5,48.3,45.4,46.5,46.4,45.4,49.6,51.2,47.3,48.4,46.0,47.7,51.6,48.9,52.9,50.5,50.0,51.3,51.8,46.5,51.3,47.1,47.8,46.3,47.0,43.4,45.0,39.0,43.0,46.2,42.4
1883,54.9,51.0,51.5,54.5,51.9,53.1,53.5,51.7,50.7,49.9,51.6,51.4,52.0,49.6,53.0,51.3,51.3,51.9,51.8,51.9,51.4,50.7,53.6,49.3,51.2,52.5,51.4,51.6,49.3,53.0,51.5,50.9,45.5,47.1,45.8,46.6,59.0,50.2,55.4,53.4,55.7,56.3,50.6,51.6,54.5,54.4,53.1,51.9,60.4,50.0,57.1,52.1,58.1,50.1,47.0,49.9,48.4,50.5,48.3,49.0,48.7,48.5,52.3,54.2,50.2,51.2,48.6,50.0,53.9,50.9,57.0,54.6,53.6,54.2,54.7,49.8,53.0,49.2,50.2,49.9,50.3,47.7,47.6,40.8,45.8,48.8,45.0
1884,57.9,53.1,53.4,57.8,54.5,55.3,55.7,53.9,52.4,51.9,53.3,53.3,53.6,51.5,55.3,53.1,53.6,54.1,53.5,53.7,53.6,52.5,55.9,51.6,54.0,54.9,53.4,53.7,51.5,54.6,53.8,52.7,48.1,49.5,48.1,49.0,61.7,52.3,58.8,55.9,58.5,58.3,53.7,54.1,57.5,56.7,56.1,54.0,62.7,52.5,59.5,54.5,61.5,52.6,48.6,52.0,50.1,52.3,50.6,50.8,50.5,50.8,54.6,56.4,52.6,53.1,51.0,51.9,55.7,52.6,59.7,57.8,56.3,56.5,56.9,52.1,54.3,50.9,52.1,52.7,53.2,51.0,49.7,42.2,48.3,51.1,47.4
1885,60.0,54.6,54.7,60.1,56.3,57.1,57.4,55.6,53.8,53.5,54.5,54.8,55.0,52.9,56.9,54.5,55.3,55.6,54.8,54.8,55.1,53.8,57.4,53.5,56.4,56.7,55.0,55.5,53.2,56.1,55.4,54.0,50.2,51.6,49.9,50.9,63.7,53.8,61.1,57.8,60.6,59.5,56.3,56.1,59.8,58.2,58.2,55.7,64.6,54.5,60.9,56.2,63.9,54.3,49.9,53.6,51.2,53.3,52.3,52.2,51.9,53.0,56.1,57.9,54.7,54.5,52.8,53.3,57.2,53.9,61.6,60.2,58.4,58.2,58.5,53.7,55.3,52.3,53.7,55.1,55.3,53.6,51.1,43.4,50.3,53.0,49.3
1886,61.1,55.5,55.7,61.8,57.6,58.4,58.7,56.9,54.8,54.5,55.4,56.0,55.7,54.0,58.1,55.3,56.4,56.3,55.6,55.5,56.4,54.9,58.5,54.8,58.1,58.0,56.0,56.6,54.5,57.1,56.5,54.9,51.5,52.9,51.3,52.2,65.3,54.6,63.2,58.8,62.2,60.5,58.1,57.4,61.2,59.2,59.5,56.8,65.6,55.5,61.8,57.1,65.3,55.1,50.6,54.4,51.9,54.1,53.3,53.0,53.0,54.4,57.2,59.0,56.2,55.1,54.1,54.2,58.1,54.8,62.6,61.9,59.9,59.2,59.6,54.6,56.1,53.0,54.7,56.8,56.9,55.4,52.1,44.1,51.7,54.0,50.6
1887,61.4,55.9,55.9,63.0,58.5,58.9,59.3,57.6,55.3,55.2,55.8,56.8,56.3,54.7,58.7,55.9,57.0,56.7,56.0,55.7,57.0,55.4,58.9,55.5,59.1,58.8,56.5,57.3,55.1,57.7,57.2,55.5,52.3,53.5,52.0,52.7,65.8,54.6,64.2,59.4,63.2,60.4,59.1,57.8,61.7,59.5,60.2,57.0,66.0,56.3,62.2,57.2,65.7,55.6,51.0,54.7,52.5,54.4,53.9,53.5,53.5,55.7,57.6,59.5,57.2,55.5,54.7,54.9,58.5,55.1,63.2,63.3,60.5,59.8,59.9,55.1,56.5,53.3,55.4,57.9,57.6,56.3,52.6,44.4,52.5,54.8,51.4
1888,60.6,55.0,55.3,63.4,58.5,59.0,59.5,57.5,55.1,55.0,55.6,56.8,56.2,54.7,58.5,55.8,56.9,56.2,55.6,55.3,56.9,55.3,58.9,55.8,59.4,58.9,56.6,57.2,55.0,57.5,57.1,55.3,52.5,53.4,52.4,52.9,65.4,53.9,64.6,59.0,63.6,59.7,59.6,57.8,61.3,58.4,60.1,56.5,65.1,56.6,61.9,56.7,65.3,55.1,51.3,54.3,52.5,54.6,54.1,53.2,53.1,56.2,57.5,59.2,57.4,55.2,54.6,54.9,58.5,55.3,63.0,63.6,60.0,59.7,59.8,54.9,56.3,53.2,55.3,58.0,57.8,56.6,52.5,43.7,52.7,54.7,51.5
1889,58.9,53.3,53.5,63.0,57.8,58.5,58.8,56.9,54.2,54.4,54.8,56.4,55.5,54.1,57.8,55.1,56.3,54.9,54.6,54.1,56.2,54.6,58.2,55.0,58.9,58.2,55.9,56.3,54.3,56.6,56.5,54.4,51.8,52.8,51.7,52.2,64.1,51.9,63.8,57.9,63.1,57.8,59.1,56.8,59.9,56.7,59.1,55.0,63.3,55.8,61.1,55.2,64.0,53.3,50.7,53.3,52.0,54.1,53.9,52.1,52.0,55.9,56.3,57.9,56.5,54.0,53.6,54.3,57.5,54.4,61.5,63.3,58.7,59.0,58.4,53.9,55.4,52.2,54.6,57.3,56.9,56.1,51.6,42.6,52.2,54.0,50.7
1890,54.6,49.2,48.1,61.2,55.9,56.8,57.1,55.1,52.3,52.5,53.0,55.1,53.5,52.8,55.9,53.3,54.2,51.7,52.3,51.4,54.3,52.8,56.2,53.0,57.0,56.2,54.6,54.4,52.3,54.4,54.9,52.3,49.9,50.9,50.1,50.2,59.9,48.2,62.0,54.6,61.4,52.8,57.2,54.3,55.7,52.5,56.7,51.5,58.9,53.7,59.1,52.5,61.4,48.2,49.3,50.7,50.5,52.2,52.8,49.1,49.9,54.5,53.3,54.3,54.7,51.4,50.9,52.9,55.4,52.4,58.7,61.4,55.3,57.0,54.7,51.7,53.4,50.2,52.8,55.8,55.0,54.0,49.5,40.8,50.5,52.0,48.7
1891,49.5,45.4,43.4,56.7,52.4,53.7,53.7,51.5,50.1,49.8,50.8,52.9,50.8,50.6,52.3,51.0,50.6,48.1,50.2,49.1,51.2,50.1,52.8,49.2,51.6,52.4,52.6,51.0,49.3,51.5,52.2,49.3,46.1,47.3,47.5,46.7,54.6,44.7,57.2,50.0,58.3,47.9,52.2,49.5,51.0,48.0,52.3,47.3,54.8,48.7,54.9,50.0,56.6,43.8,47.0,47.6,47.6,49.5,50.4,45.5,47.8,51.4,49.6,49.4,52.0,47.9,46.5,51.0,52.7,49.8,53.4,56.1,50.3,51.9,50.2,46.9,51.3,47.9,49.9,50.8,50.2,49.7,45.0,39.3,47.2,48.7,44.9
1892,46.7,43.2,41.1,52.7,50.0,51.7,51.7,48.5,48.8,48.6,49.3,51.0,49.3,49.2,50.3,49.7,48.3,45.9,48.7,47.8,49.2,48.6,51.0,46.9,47.9,49.2,51.3,48.9,47.1,49.8,49.9,48.0,43.5,44.8,45.4,44.6,51.9,42.6,53.1,46.3,55.4,45.8,48.2,46.5,48.6,45.0,48.9,45.1,52.3,44.5,51.6,48.3,51.5,41.6,45.3,45.2,45.8,47.8,48.0,44.0,46.2,48.1,47.5,46.6,50.0,45.4,44.6,49.7,50.9,48.2,49.9,51.1,47.1,48.8,47.8,44.1,49.8,46.4,48.4,46.6,47.4,45.8,41.6,37.9,44.8,46.6,42.3
1893,44.3,41.4,39.5,49.9,48.1,50.3,50.1,46.9,47.7,47.6,48.0,49.1,48.0,47.9,48.8,48.8,46.7,44.2,47.3,46.9,47.5,47.6,49.7,45.4,45.8,47.5,50.2,47.3,45.7,48.5,48.3,46.9,42.1,43.5,43.7,42.9,49.7,41.2,50.7,44.1,53.6,44.3,46.0,44.6,46.7,43.3,46.1,42.9,49.9,42.7,49.1,46.8,48.4,40.3,44.4,43.5,44.3,46.5,46.2,42.9,45.1,45.6,45.6,44.4,48.4,43.4,43.0,48.6,49.6,47.1,47.6,48.6,44.5,47.0,46.0,42.3,48.8,45.3,47.2,44.2,45.7,43.4,40.6,37.1,43.0,45.1,40.6
1894,42.2,40.2,38.1,47.8,46.7,49.1,48.8,45.5,46.9,46.6,47.1,48.3,47.1,46.9,48.0,47.9,45.5,42.9,46.3,46.1,46.3,46.6,48.5,44.3,44.6,46.2,49.0,46.2,44.4,47.8,47.1,46.1,40.9,42.1,42.5,41.8,48.0,39.6,49.1,42.0,51.7,42.9,44.5,43.8,44.6,41.5,43.7,41.4,47.4,41.0,46.9,45.4,46.2,39.0,43.3,42.0,43.1,45.4,44.8,41.8,43.9,44.0,44.1,42.4,46.8,41.9,41.6,47.6,48.5,45.9,45.6,46.5,42.5,45.2,44.2,40.8,47.8,44.4,46.2,42.7,44.3,41.6,39.9,36.1,41.7,44.0,39.4
1895,40.3,39.0,37.2,46.0,45.4,48.1,47.6,44.5,46.4,45.7,46.2,47.3,46.3,45.9,46.8,47.2,44.6,41.8,45.6,45.2,45.4,45.6,47.5,43.3,43.5,45.2,48.0,45.2,43.5,46.9,46.0,45.2,39.6,40.8,41.2,40.5,46.6,38.5,47.4,40.4,50.0,42.0,42.8,42.5,42.8,40.3,41.5,39.6,45.4,39.3,45.2,44.0,44.2,37.8,42.4,40.6,42.3,44.6,43.7,40.6,43.3,42.7,42.8,40.7,45.6,40.2,40.5,46.8,47.7,45.1,43.8,44.8,40.5,44.1,42.2,39.7,46.9,43.5,45.3,41.4,43.1,40.2,39.2,35.3,40.3,42.8,38.5
1896,38.7,37.9,36.0,44.5,44.4,47.0,46.4,43.4,45.7,44.8,45.6,46.5,45.6,45.1,45.7,46.4,43.8,40.9,44.7,44.5,44.5,45.1,46.7,42.4,42.4,44.3,47.0,44.4,42.9,46.2,45.0,44.7,38.6,39.8,40.4,39.5,45.9,37.3,46.1,39.0,48.3,41.0,41.6,41.4,41.1,39.3,39.6,38.3,43.2,37.9,43.5,42.5,43.2,36.6,41.8,39.4,41.6,43.7,42.7,39.6,42.3,41.5,41.5,39.1,44.4,38.9,39.1,45.8,47.0,44.3,42.0,43.3,38.9,42.8,40.5,38.5,46.2,42.7,44.5,40.3,42.0,39.2,38.6,34.6,39.1,41.9,37.7
1897,37.1,37.1,35.1,43.3,43.6,46.0,45.5,42.6,45.1,44.2,44.9,45.8,45.0,44.2,44.9,45.8,43.0,40.2,44.1,43.8,43.7,44.5,45.8,41.6,41.6,43.5,46.3,43.4,42.1,45.6,44.2,44.3,37.8,38.8,39.5,38.5,44.6,36.3,44.9,37.9,46.9,40.1,40.4,40.9,39.6,38.3,38.1,37.3,41.3,36.9,42.3,41.2,41.6,35.6,41.0,38.5,40.9,43.0,42.0,38.8,41.7,40.7,40.7,37.5,43.3,37.8,38.0,45.0,46.0,43.7,40.6,41.9,37.4,41.7,39.3,37.4,45.5,42.0,43.7,39.4,41.1,38.0,38.3,34.0,38.3,41.3,36.9
1898,36.0,36.5,34.0,42.0,42.8,45.3,44.7,42.0,44.5,43.5,44.2,45.0,44.3,43.5,44.2,45.0,42.5,39.5,43.3,43.2,42.9,43.7,45.3,40.8,40.6,42.6,45.5,42.7,41.6,45.0,43.5,43.6,37.3,38.0,38.6,37.9,43.5,35.7,44.0,37.1,45.5,39.7,39.4,40.1,38.6,37.3,36.8,36.1,39.7,35.8,41.4,40.1,39.8,34.4,40.3,37.7,40.2,42.2,41.2,38.0,40.9,39.8,40.0,36.1,42.5,36.9,37.2,44.3,45.3,42.9,39.0,40.9,35.8,40.8,38.0,36.2,44.9,41.3,43.0,38.6,40.4,36.7,37.8,33.4,37.5,40.5,36.5
1899,34.9,35.7,33.3,40.9,42.0,44.7,44.3,41.2,43.8,42.8,43.6,44.5,43.5,42.9,43.6,44.4,41.9,38.7,42.7,42.7,42.2,43.0,44.6,40.0,39.6,41.9,44.9,42.1,40.7,44.3,42.7,43.1,36.5,37.4,37.9,37.3,42.7,35.1,43.2,36.0,44.4,39.0,38.4,39.1,37.2,36.1,35.6,35.2,38.4,35.0,40.4,39.3,38.6,33.8,39.7,37.0,39.7,41.8,40.6,37.3,40.2,38.8,39.2,34.7,41.7,35.9,36.3,43.6,44.7,42.3,37.7,40.0,34.5,39.8,36.8,35.2,44.5,40.6,42.5,37.8,39.8,35.9,37.4,32.9,36.8,39.9,35.8
1900,33.8,34.9,32.7,40.1,41.5,44.1,43.7,40.6,43.1,42.2,43.0,43.7,43.0,42.3,43.0,43.8,41.4,38.3,42.4,42.0,41.8,42.5,44.0,39.3,38.8,41.5,44.2,41.4,40.2,43.8,42.1,42.6,35.9,36.7,37.4,36.8,42.2,34.5,42.5,34.9,43.2,38.5,37.5,38.5,36.3,35.1,34.9,34.3,37.1,34.0,39.3,38.3,37.2,33.1,39.1,36.3,38.9,41.3,39.9,36.8,39.8,38.1,38.6,33.7,41.1,35.3,35.6,43.0,44.0,41.8,36.7,39.0,33.3,38.9,35.7,34.3,44.0,39.9,41.9,36.9,38.9,35.0,37.0,32.5,36.1,39.3,35.5
1901,33.1,34.3,32.3,39.1,40.9,43.6,43.2,40.1,42.6,41.6,42.5,43.2,42.4,41.7,42.6,43.3,40.8,37.7,42.0,41.5,41.2,42.0,43.6,38.7,38.3,41.0,43.7,41.0,39.6,43.5,41.6,42.2,35.2,36.4,37.0,36.4,41.7,33.7,41.7,34.1,42.2,38.2,36.6,37.7,35.5,34.7,34.1,33.6,36.4,33.3,38.4,37.5,36.1,32.5,38.3,35.7,38.4,41.0,39.3,36.3,39.3,37.5,38.1,32.9,40.6,35.1,35.0,42.4,43.6,41.3,35.3,37.9,32.5,38.5,34.7,33.5,43.4,39.4,41.5,36.3,38.3,34.2,36.4,32.0,35.5,38.6,34.9
1902,32.2,33.9,31.9,38.5,40.5,43.1,42.6,40.0,41.9,41.2,42.0,42.7,41.9,41.3,42.0,42.7,40.3,37.2,41.5,41.1,41.0,41.5,43.2,38.1,37.8,40.6,43.2,40.6,39.2,43.2,41.2,41.9,34.5,36.2,36.6,36.0,41.0,33.4,40.9,33.1,41.4,37.8,35.7,37.1,34.8,33.4,33.4,32.7,35.1,32.5,37.7,36.7,35.0,32.1,37.8,35.3,38.0,40.5,38.9,35.6,38.7,36.8,37.7,31.8,40.0,34.5,34.5,41.9,43.3,40.9,34.3,37.1,31.6,37.6,34.1,32.7,43.1,38.9,40.9,35.7,37.6,33.3,36.1,31.7,34.8,38.0,34.6
1903,35.6,35.9,34.9,37.7,40.3,42.8,42.5,39.9,42.3,41.2,42.9,42.7,42.7,41.3,41.8,42.9,40.6,39.0,42.2,42.7,41.1,41.7,43.2,37.7,37.2,40.4,43.3,40.6,39.4,43.5,41.2,42.3,34.1,35.9,36.5,36.1,42.7,35.1,40.2,35.5,41.9,41.4,35.1,37.8,37.0,36.4,34.7,36.1,39.6,32.1,37.5,38.0,35.8,34.6,37.6,36.8,37.9,40.4,38.3,37.2,39.7,36.3,39.4,34.8,40.2,36.3,35.1,41.9,44.0,41.6,34.4,36.5,34.3,38.2,37.9,32.5,44.1,39.8,41.0,35.2,37.3,32.8,35.8,33.0,34.4,38.2,34.5
1904,41.3,40.6,40.2,40.6,42.7,44.7,44.8,42.4,44.1,43.2,45.3,44.6,45.3,43.0,44.3,44.9,43.2,43.5,45.1,45.5,43.5,43.7,45.8,40.2,40.0,43.1,44.8,42.9,41.6,46.1,43.4,44.3,36.4,38.4,38.3,38.6,48.0,39.7,43.1,42.1,45.3,46.8,37.9,42.0,41.6,42.6,39.2,42.0,47.5,36.4,43.5,41.2,42.1,39.1,39.3,40.5,40.4,42.7,39.8,40.8,42.2,38.1,43.3,41.6,42.1,41.5,39.3,43.5,46.7,44.2,41.7,39.7,40.2,43.5,43.9,37.3,46.8,42.3,43.2,38.0,39.9,35.2,38.9,35.0,36.8,40.3,36.9
1905,46.5,45.0,45.4,46.0,46.0,47.5,47.9,45.7,46.6,45.5,47.4,47.1,47.8,45.3,47.4,47.1,46.1,46.6,47.6,48.0,46.2,46.3,48.8,43.3,44.2,46.5,47.0,45.9,44.3,48.5,46.1,46.6,39.6,41.5,40.6,41.3,52.6,44.2,47.7,46.8,49.1,51.2,42.3,46.0,46.4,47.9,44.3,46.0,53.5,42.0,49.6,45.1,48.4,43.5,41.9,44.3,43.6,45.6,42.6,43.9,44.3,41.9,46.8,47.1,44.6,45.4,43.0,45.6,49.3,46.6,47.5,45.7,45.4,48.2,48.3,42.5,49.3,44.8,45.6,42.1,43.6,39.2,42.2,37.3,39.9,43.3,39.8
1906,51.2,48.5,48.9,50.8,49.3,50.4,50.9,48.8,48.8,47.7,49.6,49.4,50.1,47.4,50.4,49.4,48.8,49.7,50.0,50.3,49.0,48.8,51.5,46.5,48.1,49.8,49.4,48.9,46.9,50.9,48.9,48.9,42.7,44.5,43.4,44.1,56.5,47.7,51.9,50.7,52.8,54.3,46.9,49.1,51.2,51.7,49.4,49.2,57.5,46.7,53.9,48.9,54.0,47.3,44.6,47.6,46.5,48.3,45.6,46.8,46.7,45.7,49.9,51.3,47.4,48.8,46.1,47.9,51.8,49.1,53.2,50.9,50.4,51.5,51.8,46.7,51.4,47.2,48.0,46.4,47.2,43.7,45.0,39.3,43.1,46.3,42.6
1907,55.1,51.2,51.6,54.7,52.0,53.1,53.5,51.8,50.9,50.1,51.8,51.5,52.1,49.6,53.1,51.5,51.4,52.0,51.8,52.1,51.5,50.8,53.8,49.3,51.3,52.6,51.6,51.6,49.6,53.1,51.6,51.0,45.5,47.1,46.0,46.8,59.6,50.2,55.7,53.6,56.0,56.7,50.6,51.8,54.8,54.8,53.3,51.9,60.5,50.3,57.1,52.0,58.3,50.3,46.9,50.3,48.4,50.5,48.4,49.3,48.9,48.7,52.5,54.2,50.4,51.5,48.7,50.2,53.9,51.0,57.2,55.1,53.9,54.3,54.7,50.0,53.1,49.3,50.3,50.0,50.4,47.9,47.6,41.0,45.8,49.0,45.2
1908,58.2,53.3,53.5,58.1,54.5,55.4,55.7,54.0,52.6,52.0,53.4,53.4,53.7,51.5,55.3,53.3,53.6,54.2,53.6,53.9,53.8,52.7,56.0,51.7,54.1,55.0,53.5,53.8,51.8,54.8,53.9,52.8,48.1,49.6,48.2,49.1,62.3,52.3,59.1,56.2,58.7,58.7,53.7,54.2,57.7,57.0,56.3,53.9,62.7,52.6,59.4,54.5,61.6,52.6,48.4,52.3,50.0,52.2,50.7,51.1,50.6,51.1,54.8,56.3,52.7,53.4,51.1,52.0,55.8,52.7,59.9,58.2,56.7,56.7,56.8,52.3,54.4,51.1,52.2,52.8,53.3,51.3,49.7,42.5,48.3,51.3,47.5
1909,60.2,54.9,54.8,60.4,56.3,57.2,57.5,55.6,54.1,53.6,54.6,54.9,55.1,52.9,56.9,54.7,55.3,55.6,54.9,55.0,55.2,54.0,57.5,53.5,56.5,56.8,55.1,55.5,53.3,56.3,55.5,54.2,50.2,51.6,50.1,51.1,64.3,54.0,61.4,58.0,60.8,59.9,56.3,56.1,60.0,58.5,58.3,55.6,64.6,54.6,60.9,56.1,64.0,54.3,49.7,53.8,51.1,53.3,52.3,52.5,52.0,53.2,56.2,57.8,54.8,54.8,52.9,53.4,57.3,54.0,61.7,60.6,58.8,58.3,58.4,53.9,55.4,52.5,53.8,55.2,55.3,53.8,51.1,43.6,50.3,53.1,49.5
1910,61.2,55.6,55.7,62.1,57.6,58.5,58.8,56.9,55.1,54.6,55.6,56.2,55.8,54.1,58.2,55.5,56.4,56.5,55.7,55.7,56.4,55.1,58.7,54.8,58.3,58.1,56.1,56.7,54.7,57.3,56.6,55.1,51.4,52.9,51.5,52.4,65.9,54.7,63.5,59.0,62.3,60.9,58.2,57.4,61.6,59.6,59.7,56.7,65.5,55.6,61.9,57.1,65.4,55.2,50.4,54.6,51.7,54.0,53.3,53.4,53.0,54.5,57.4,59.0,56.2,55.4,54.1,54.3,58.3,55.0,62.7,62.3,60.3,59.3,59.5,54.7,56.2,53.2,54.8,56.9,56.9,55.5,52.0,44.3,51.7,54.1,50.8
1911,61.7,56.0,55.9,63.2,58.5,59.1,59.4,57.6,55.6,55.2,56.0,57.0,56.4,54.8,58.8,56.0,57.0,56.8,56.2,55.9,57.0,55.6,59.1,55.6,59.3,58.8,56.6,57.3,55.3,58.0,57.2,55.7,52.3,53.5,52.2,52.9,66.3,54.8,64.6,59.5,63.5,60.9,59.2,57.9,62.0,59.9,60.4,57.0,65.9,56.4,62.3,57.1,65.8,55.6,50.8,54.9,52.3,54.4,54.0,53.8,53.4,55.7,57.8,59.4,57.2,55.8,54.7,54.9,58.7,55.3,63.3,63.7,60.9,59.9,59.8,55.3,56.7,53.5,55.4,58.0,57.7,56.4,52.5,44.5,52.6,55.0,51.7
1912,60.8,55.1,55.4,63.7,58.6,59.2,59.7,57.5,55.4,55.1,55.8,57.0,56.4,54.8,58.6,55.9,57.0,56.3,55.9,55.5,57.1,55.5,59.1,55.8,59.6,59.0,56.6,57.2,55.1,57.9,57.2,55.5,52.4,53.5,52.5,53.0,65.9,54.0,64.9,59.1,63.8,60.3,59.8,57.8,61.6,58.8,60.3,56.5,65.1,56.6,62.1,56.5,65.5,55.2,51.2,54.5,52.4,54.5,54.2,53.5,53.1,56.2,57.7,59.1,57.4,55.4,54.5,54.9,58.8,55.4,63.0,64.0,60.3,59.8,59.6,55.0,56.4,53.4,55.3,58.1,57.9,56.7,52.4,43.8,52.8,54.8,51.7
1913,59.1,53.4,53.6,63.3,57.8,58.7,59.0,56.9,54.5,54.4,55.1,56.6,55.7,54.2,58.0,55.2,56.4,55.1,54.9,54.4,56.3,54.8,58.5,55.0,59.1,58.3,56.0,56.4,54.4,57.0,56.6,54.6,51.8,52.8,51.8,52.3,64.6,52.0,64.2,58.0,63.2,58.3,59.3,56.9,60.1,57.1,59.3,54.9,63.2,55.9,61.2,55.0,64.2,53.5,50.6,53.5,51.9,54.1,54.0,52.4,52.0,55.9,56.5,57.9,56.6,54.3,53.4,54.4,57.7,54.6,61.7,63.7,58.9,59.1,58.2,54.0,55.5,52.4,54.6,57.4,57.0,56.2,51.4,42.8,52.2,54.1,50.9
1914,54.9,49.3,48.3,61.5,55.9,57.1,57.3,55.2,52.6,52.6,53.2,55.2,53.7,52.9,56.1,53.5,54.3,51.9,52.6,51.8,54.3,53.1,56.5,53.0,57.2,56.4,54.7,54.5,52.5,54.8,55.0,52.5,50.0,50.9,50.2,50.3,60.4,48.2,62.4,54.9,61.6,53.2,57.5,54.4,55.9,52.8,56.9,51.5,58.9,53.8,59.3,52.4,61.6,48.6,49.1,51.0,50.5,52.2,52.9,49.4,49.9,54.5,53.5,54.4,54.8,51.8,50.8,53.1,55.6,52.6,58.9,61.8,55.5,57.1,54.6,51.8,53.6,50.4,52.9,55.9,55.0,54.2,49.4,41.0,50.6,52.2,48.9
1915,49.8,45.4,43.6,57.1,52.5,54.0,53.9,51.6,50.4,50.0,51.0,53.1,51.0,50.8,52.6,51.3,50.8,48.3,50.5,49.4,51.4,50.5,53.1,49.3,51.9,52.6,52.8,51.1,49.6,51.8,52.3,49.5,46.3,47.6,47.6,46.9,54.9,44.8,57.6,50.1,58.6,48.1,52.6,49.7,51.2,48.1,52.4,47.4,54.9,48.8,55.0,49.9,56.8,44.3,46.8,47.8,47.6,49.5,50.5,45.8,47.8,51.6,49.8,49.6,52.0,48.2,46.5,51.1,52.9,50.0,53.6,56.5,50.5,52.0,50.3,47.1,51.5,48.1,50.1,51.1,50.5,50.0,45.0,39.4,47.4,48.8,45.2
1916,46.9,43.3,41.4,53.1,50.2,52.0,52.0,48.7,49.1,48.8,49.6,51.1,49.5,49.4,50.5,50.0,48.5,46.1,48.9,48.0,49.3,48.9,51.3,47.1,48.3,49.4,51.4,49.0,47.4,50.1,50.1,48.2,43.7,45.0,45.6,44.8,52.2,42.7,53.5,46.4,55.6,46.0,48.6,46.6,48.8,45.3,49.0,45.2,52.3,44.6,51.6,48.2,51.7,42.0,45.2,45.5,45.8,47.8,48.1,44.3,46.2,48.2,47.7,46.8,50.1,45.7,44.5,49.8,51.1,48.4,50.1,51.5,47.2,49.0,47.9,44.2,50.0,46.6,48.6,47.0,47.6,46.1,41.7,38.1,44.9,46.8,42.5
1917,44.5,41.4,39.8,50.2,48.3,50.6,50.4,47.1,48.0,47.8,48.3,49.4,48.2,48.1,49.0,49.0,46.8,44.4,47.5,47.1,47.7,47.8,50.1,45.6,46.1,47.8,50.3,47.5,46.0,48.8,48.4,47.2,42.3,43.8,44.0,43.2,49.9,41.2,51.1,44.2,53.7,44.5,46.4,44.7,46.9,43.5,46.3,43.2,50.0,42.8,49.2,46.7,48.5,40.7,44.3,43.7,44.3,46.5,46.2,43.2,45.1,45.7,45.8,44.7,48.4,43.7,43.0,48.7,49.8,47.3,47.8,48.9,44.8,47.3,46.0,42.3,49.0,45.4,47.4,44.7,45.9,43.7,40.7,37.2,43.2,45.3,40.9
1918,42.4,40.2,38.4,48.2,47.0,49.4,49.1,45.6,47.2,46.8,47.2,48.4,47.3,47.1,48.2,48.1,45.7,43.1,46.6,46.3,46.5,46.8,48.8,44.4,44.9,46.5,49.1,46.3,44.6,48.0,47.3,46.3,41.1,42.4,42.8,42.0,48.3,39.6,49.3,42.1,51.8,43.0,44.8,43.9,44.8,41.6,43.8,41.6,47.6,41.1,47.0,45.4,46.3,39.3,43.2,42.2,43.2,45.4,44.8,42.1,43.9,44.2,44.2,42.8,46.9,42.3,41.5,47.8,48.7,46.1,45.7,46.8,42.6,45.4,44.3,40.8,48.0,44.5,46.4,43.1,44.6,42.0,40.0,36.3,41.9,44.2,39.6
1919,40.6,39.0,37.5,46.4,45.6,48.3,47.9,44.7,46.7,45.8,46.4,47.4,46.4,46.1,47.1,47.3,44.8,42.1,45.8,45.3,45.5,45.9,47.8,43.4,43.8,45.5,48.1,45.4,43.8,47.2,46.1,45.4,39.9,41.1,41.5,40.7,46.9,38.5,47.7,40.5,50.1,42.1,43.2,42.6,43.1,40.2,41.7,39.8,45.6,39.4,45.2,44.0,44.5,38.1,42.3,40.9,42.2,44.5,43.7,40.9,43.3,42.8,42.9,41.0,45.8,40.6,40.5,46.9,47.9,45.3,44.0,45.2,40.6,44.3,42.2,39.7,47.0,43.6,45.6,41.8,43.3,40.6,39.2,35.5,40.6,43.0,38.7
1920,38.9,37.9,36.3,44.9,44.6,47.2,46.8,43.6,45.9,45.0,45.8,46.6,45.8,45.2,45.9,46.5,44.0,41.1,44.9,44.6,44.7,45.3,47.0,42.6,42.8,44.5,47.2,44.5,43.2,46.4,45.1,44.9,38.9,40.0,40.6,39.8,46.1,37.2,46.4,39.1,48.4,41.2,42.1,41.5,41.3,39.3,39.8,38.5,43.3,38.1,43.6,42.5,43.4,36.9,41.6,39.7,41.5,43.6,42.7,40.0,42.4,41.5,41.6,39.4,44.5,39.2,39.1,46.0,47.1,44.6,42.1,43.6,39.0,43.0,40.5,38.5,46.3,42.8,44.7,40.7,42.4,39.5,38.6,34.8,39.5,42.1,37.9
1921,37.3,37.1,35.4,43.7,43.9,46.3,45.8,42.9,45.3,44.3,45.1,45.9,45.1,44.4,45.1,45.8,43.2,40.4,44.3,44.0,43.8,44.7,46.2,41.8,41.9,43.8,46.4,43.6,42.4,45.8,44.3,44.5,38.1,39.0,39.7,38.8,44.9,36.3,45.2,38.0,47.0,40.3,40.8,41.1,39.7,38.3,38.3,37.4,41.4,37.1,42.4,41.3,41.8,35.9,40.9,38.8,40.9,43.0,42.0,39.2,41.7,40.8,40.8,37.7,43.4,38.0,38.1,45.1,46.2,43.9,40.8,42.3,37.5,41.9,39.3,37.4,45.6,42.0,43.9,39.7,41.4,38.3,38.2,34.2,38.7,41.4,37.1
1922,36.3,36.5,34.4,42.4,43.2,45.6,45.0,42.3,44.7,43.6,44.3,45.1,44.4,43.7,44.4,45.1,42.7,39.7,43.5,43.3,43.1,44.0,45.6,41.0,41.0,43.0,45.6,42.9,41.8,45.2,43.7,43.8,37.6,38.3,38.8,38.1,43.7,35.8,44.2,37.1,45.5,39.8,39.8,40.3,38.7,37.4,37.0,36.2,39.8,35.9,41.6,40.2,40.0,34.7,40.2,37.9,40.2,42.2,41.2,38.4,41.0,40.0,40.0,36.3,42.6,37.1,37.2,44.4,45.5,43.2,39.4,41.2,36.0,41.1,37.9,36.2,45.0,41.3,43.2,38.9,40.7,37.1,37.7,33.5,37.9,40.6,36.6
1923,35.2,35.8,33.7,41.3,42.4,45.0,44.7,41.6,44.0,42.9,43.7,44.5,43.6,43.1,43.9,44.5,42.1,38.8,42.8,42.8,42.5,43.2,44.9,40.3,40.0,42.3,45.0,42.3,40.9,44.5,42.9,43.3,36.9,37.7,38.0,37.7,42.8,35.2,43.5,36.1,44.3,39.2,38.8,39.3,37.3,36.2,35.8,35.3,38.4,35.1,40.5,39.3,38.8,34.2,39.6,37.3,39.6,41.7,40.6,37.6,40.3,39.0,39.3,34.9,41.8,36.0,36.3,43.7,44.9,42.4,38.0,40.3,34.6,40.0,36.7,35.2,44.6,40.6,42.7,38.1,40.1,36.3,37.3,33.0,37.2,40.0,36.0
1924,34.3,35.1,33.1,40.4,41.9,44.5,44.1,41.0,43.3,42.3,43.1,43.9,43.0,42.5,43.3,43.9,41.6,38.4,42.5,42.1,42.1,42.6,44.3,39.5,39.1,41.8,44.4,41.7,40.4,44.0,42.3,42.8,36.2,37.0,37.6,37.1,42.3,34.5,42.8,35.1,43.3,38.6,37.9,38.8,36.5,35.2,35.0,34.4,37.2,34.1,39.5,38.4,37.4,33.4,39.0,36.6,38.8,41.3,40.0,37.1,39.9,38.3,38.6,33.8,41.2,35.5,35.6,43.1,44.2,42.0,36.9,39.3,33.5,39.0,35.7,34.4,44.1,39.9,42.1,37.1,39.3,35.3,36.8,32.6,36.4,39.5,35.6
1925,33.5,34.5,32.8,39.4,41.3,43.8,43.6,40.5,42.8,41.8,42.5,43.3,42.4,41.9,42.8,43.4,41.0,37.8,42.1,41.6,41.5,42.1,44.0,39.0,38.6,41.3,43.8,41.2,39.9,43.7,41.9,42.3,35.6,36.7,37.2,36.7,41.8,33.8,42.0,34.2,42.3,38.3,36.9,38.0,35.8,34.9,34.2,33.7,36.3,33.4,38.5,37.5,36.3,32.8,38.2,36.0,38.4,41.0,39.3,36.6,39.4,37.7,38.2,33.0,40.7,35.3,35.0,42.5,43.7,41.4,35.5,38.1,32.7,38.5,34.6,33.6,43.5,39.4,41.7,36.6,38.6,34.5,36.2,32.1,35.8,38.8,35.1
1926,32.6,34.1,32.4,38.8,40.8,43.4,43.0,40.4,42.1,41.3,42.1,42.8,41.9,41.5,42.2,42.8,40.6,37.3,41.6,41.3,41.3,41.7,43.6,38.3,38.1,40.9,43.3,40.9,39.4,43.5,41.5,41.9,34.9,36.6,36.9,36.3,41.0,33.5,41.2,33.2,41.6,37.9,36.1,37.4,35.1,33.7,33.5,32.7,35.1,32.6,37.8,36.8,35.1,32.5,37.7,35.5,37.9,40.4,39.0,35.9,38.8,37.1,37.8,31.9,40.2,34.7,34.5,42.0,43.4,41.0,34.4,37.3,31.7,37.7,34.0,32.8,43.1,39.0,41.2,36.0,38.0,33.7,35.9,31.9,35.2,38.3,34.7
1927,36.0,36.2,35.4,38.1,40.6,43.2,42.9,40.3,42.5,41.5,42.9,42.8,42.8,41.5,42.1,43.1,40.9,39.3,42.3,42.8,41.4,42.0,43.7,38.0,37.7,40.7,43.4,40.9,39.7,43.8,41.6,42.4,34.5,36.4,36.8,36.4,42.9,35.2,40.5,35.8,42.1,41.5,35.5,38.1,37.3,36.7,34.9,36.2,39.7,32.1,37.6,38.1,36.1,35.1,37.4,37.1,37.7,40.3,38.4,37.7,39.9,36.6,39.5,35.0,40.4,36.6,35.3,42.0,44.2,41.7,34.8,36.7,34.7,38.4,37.9,32.7,44.3,39.9,41.3,35.5,37.7,33.1,35.7,33.2,34.8,38.4,34.8
1928,41.6,40.7,40.6,41.0,43.0,45.0,45.2,42.7,44.4,43.5,45.4,44.8,45.4,43.3,44.6,45.1,43.5,43.8,45.2,45.6,43.9,44.0,46.2,40.5,40.3,43.4,44.9,43.2,41.9,46.4,43.7,44.4,36.8,38.8,38.6,38.9,48.2,39.7,43.4,42.4,45.5,46.8,38.3,42.3,41.9,42.7,39.5,42.2,47.7,36.6,43.8,41.3,42.5,39.5,39.1,40.9,40.3,42.6,39.9,41.2,42.4,38.4,43.6,41.8,42.3,41.9,39.5,43.7,46.9,44.3,42.0,40.0,40.5,43.8,43.8,37.5,47.0,42.4,43.5,38.3,40.3,35.6,38.9,35.3,37.2,40.6,37.3
1929,46.9,44.9,45.6,46.3,46.2,47.8,48.2,46.0,46.9,45.8,47.5,47.3,47.9,45.6,47.8,47.4,46.4,46.9,47.8,48.2,46.5,46.5,49.2,43.7,44.4,46.8,47.2,46.1,44.6,48.9,46.4,46.7,39.8,41.9,41.0,41.7,52.7,44.2,47.9,47.0,49.3,51.1,42.6,46.2,46.7,48.0,44.7,46.1,53.6,42.1,49.8,45.2,48.7,43.8,41.8,44.8,43.4,45.5,42.7,44.5,44.7,42.2,47.1,47.2,44.8,45.9,43.1,45.9,49.5,46.7,48.0,46.0,45.6,48.4,48.2,42.6,49.5,44.8,45.9,42.5,44.0,39.6,42.2,37.5,40.3,43.6,40.2
1930,51.5,48.5,49.1,50.9,49.5,50.7,51.2,49.0,49.1,48.0,49.7,49.6,50.3,47.7,50.6,49.7,49.2,50.0,50.1,50.5,49.4,49.1,51.8,46.9,48.2,50.1,49.7,49.0,47.2,51.2,49.2,49.2,42.9,44.8,43.8,44.4,56.7,47.8,52.1,51.0,53.1,54.3,47.0,49.3,51.5,51.8,49.8,49.2,57.5,46.8,54.0,49.0,54.2,47.6,44.4,48.1,46.2,48.1,45.6,47.3,47.1,46.0,50.3,51.3,47.6,49.2,46.3,48.2,52.0,49.1,53.6,51.1,50.5,51.6,51.7,46.8,51.6,47.2,48.3,46.8,47.5,44.1,45.0,39.6,43.3,46.6,43.0
1931,55.4,51.2,51.9,54.8,52.2,53.3,53.7,52.1,51.2,50.3,51.9,51.8,52.3,49.9,53.3,51.8,51.7,52.3,52.0,52.4,51.8,51.1,54.2,49.7,51.4,52.8,51.8,51.8,49.9,53.5,51.9,51.3,45.8,47.4,46.3,47.0,59.8,50.3,55.8,53.9,56.2,56.7,50.8,51.9,55.0,54.8,53.6,51.9,60.6,50.3,57.2,52.1,58.5,50.6,46.6,50.7,48.1,50.3,48.4,49.8,49.2,49.0,52.9,54.2,50.6,52.0,48.9,50.4,54.2,51.1,57.5,55.2,54.1,54.3,54.5,50.0,53.3,49.3,50.5,50.3,50.6,48.2,47.4,41.3,46.0,49.2,45.5
1932,58.5,53.3,53.8,58.2,54.6,55.6,56.0,54.2,53.0,52.2,53.6,53.7,53.9,51.7,55.5,53.6,53.9,54.5,53.8,54.0,54.0,53.0,56.3,52.0,54.3,55.1,53.7,53.9,52.0,55.2,54.1,53.1,48.3,49.8,48.4,49.3,62.4,52.3,59.1,56.4,59.1,58.8,53.9,54.3,58.0,57.2,56.6,53.9,62.8,52.4,59.4,54.5,61.8,52.9,48.1,52.7,49.8,52.0,50.7,51.6,51.0,51.4,55.2,56.3,52.9,53.8,51.2,52.2,56.0,52.8,60.2,58.3,56.9,56.6,56.7,52.2,54.7,51.1,52.4,52.9,53.5,51.6,49.5,42.7,48.5,51.5,47.8
1933,60.4,54.8,55.1,60.5,56.5,57.3,57.7,55.8,54.4,53.8,54.8,55.2,55.3,53.1,57.1,54.9,55.6,55.9,55.1,55.1,55.4,54.3,57.8,53.8,56.7,56.9,55.3,55.7,53.6,56.6,55.7,54.5,50.4,51.8,50.3,51.2,64.4,53.9,61.5,58.2,61.2,60.0,56.5,56.1,60.3,58.7,58.5,55.6,64.6,54.4,60.9,56.1,64.1,54.4,49.5,54.2,50.9,53.1,52.3,53.0,52.3,53.4,56.5,57.8,55.0,55.2,53.0,53.6,57.5,54.2,62.0,60.7,59.0,58.3,58.3,53.8,55.7,52.5,54.0,55.3,55.5,54.0,50.9,43.8,50.5,53.3,49.7
1934,61.4,55.6,55.9,62.3,57.7,58.6,59.0,57.1,55.4,54.8,55.8,56.4,56.1,54.4,58.3,55.8,56.7,56.8,56.0,55.9,56.6,55.4,58.9,55.1,58.4,58.2,56.3,56.9,54.8,57.7,56.8,55.4,51.7,53.2,51.7,52.6,66.0,54.6,63.6,59.2,62.7,61.1,58.4,57.3,61.7,59.6,59.9,56.7,65.6,55.4,61.9,57.3,65.5,55.4,50.1,55.0,51.5,53.9,53.4,53.8,53.2,54.7,57.7,59.0,56.4,55.8,54.2,54.6,58.5,55.1,63.0,62.5,60.5,59.2,59.4,54.6,56.5,53.2,55.1,57.0,57.1,55.8,51.8,44.5,51.9,54.3,51.0
1935,61.9,56.0,56.1,63.4,58.6,59.3,59.5,57.8,55.9,55.4,56.2,57.3,56.6,55.0,58.9,56.3,57.3,57.1,56.3,56.1,57.2,55.9,59.4,55.8,59.5,58.9,56.8,57.6,55.4,58.2,57.4,55.9,52.6,53.8,52.4,53.1,66.5,54.7,64.8,59.8,63.8,61.1,59.4,57.8,62.1,59.9,60.5,57.0,66.0,56.1,62.3,57.3,65.8,55.9,50.6,55.3,52.0,54.2,54.1,54.3,53.7,55.9,58.2,59.4,57.4,56.2,54.8,55.1,58.9,55.5,63.6,63.9,61.0,59.8,59.7,55.1,57.0,53.6,55.6,58.1,57.8,56.7,52.3,44.7,52.8,55.1,51.9
1936,61.1,55.0,55.6,63.9,58.7,59.3,59.7,57.7,55.7,55.3,56.0,57.3,56.6,55.0,58.7,56.2,57.2,56.6,56.1,55.7,57.3,55.7,59.4,56.0,59.7,59.0,56.8,57.5,55.2,58.2,57.4,55.8,52.7,53.8,52.8,53.3,66.1,53.9,65.1,59.4,64.1,60.6,59.9,57.7,61.7,58.8,60.4,56.4,65.1,56.3,62.1,56.6,65.6,55.5,50.8,54.9,52.0,54.3,54.3,54.0,53.5,56.4,58.1,59.1,57.6,55.8,54.6,55.1,58.8,55.6,63.3,64.3,60.5,59.7,59.6,54.9,56.7,53.4,55.5,58.2,58.0,57.0,52.2,44.0,53.0,55.0,52.0
1937,59.4,53.3,53.9,63.5,57.9,58.8,59.1,57.1,54.9,54.6,55.2,56.8,55.9,54.4,58.0,55.5,56.5,55.4,55.1,54.6,56.5,55.1,58.7,55.2,59.2,58.4,56.1,56.5,54.6,57.3,56.9,54.8,52.0,53.1,52.1,52.5,64.9,51.9,64.4,58.4,63.6,58.5,59.4,56.7,60.4,57.2,59.3,54.9,63.3,55.6,61.2,55.1,64.2,53.8,50.2,53.9,51.6,53.8,54.1,52.9,52.4,56.2,56.9,57.9,56.7,54.7,53.5,54.6,57.9,54.8,61.9,64.0,59.1,59.0,58.2,53.9,55.9,52.5,54.8,57.6,57.1,56.4,51.4,42.9,52.4,54.4,51.2
1938,55.2,49.3,48.7,61.8,56.0,57.2,57.4,55.4,52.9,52.8,53.4,55.5,54.0,53.1,56.3,53.9,54.5,52.3,52.9,52.0,54.6,53.5,56.7,53.3,57.3,56.5,54.9,54.7,52.8,55.1,55.3,52.8,50.3,51.3,50.6,50.7,60.8,48.2,62.7,55.2,61.9,53.6,57.6,54.3,56.2,53.1,56.9,51.6,59.0,53.6,59.3,52.5,61.7,49.0,48.8,51.4,50.2,52.1,53.0,49.8,50.2,54.8,53.9,54.5,55.0,52.2,50.9,53.3,55.9,52.8,59.2,62.2,55.8,57.0,54.7,51.6,53.8,50.6,53.2,56.0,55.2,54.5,49.5,41.1,50.8,52.5,49.3
1939,50.1,45.5,44.0,57.4,52.8,54.2,54.1,51.8,50.7,50.3,51.2,53.4,51.4,51.0,52.8,51.6,51.1,48.6,50.8,49.7,51.6,50.8,53.5,49.6,52.2,52.9,53.0,51.4,49.9,52.2,52.6,49.7,46.7,48.0,48.0,47.5,55.2,44.8,57.9,50.4,58.9,48.5,52.8,49.6,51.5,48.4,52.5,47.6,55.0,48.8,55.0,49.9,56.9,44.6,46.6,48.2,47.5,49.5,50.6,46.1,48.2,51.8,50.2,49.6,52.2,48.6,46.7,51.3,53.1,50.3,53.9,56.9,50.8,52.2,50.3,47.0,51.7,48.3,50.4,51.3,50.8,50.3,45.1,39.5,47.7,49.1,45.8
1940,47.3,43.3,41.8,53.4,50.5,52.2,52.2,49.1,49.4,49.1,49.8,51.4,49.7,49.6,50.7,50.2,48.9,46.2,49.2,48.3,49.7,49.3,51.7,47.5,48.5,49.8,51.7,49.3,47.8,50.5,50.4,48.4,44.2,45.6,46.1,45.4,52.6,42.7,53.9,46.6,56.0,46.4,48.9,46.5,49.0,45.4,49.1,45.3,52.4,44.5,51.7,48.3,51.9,42.3,45.0,45.8,45.7,47.8,48.2,44.5,46.5,48.4,47.9,46.9,50.2,46.0,44.7,50.0,51.4,48.6,50.2,51.9,47.5,49.0,47.9,44.1,50.2,46.9,48.9,47.2,47.9,46.5,41.7,38.2,45.3,47.2,43.2
1941,44.9,41.4,40.2,50.7,48.8,50.8,50.7,47.5,48.4,48.1,48.4,49.6,48.4,48.4,49.2,49.3,47.3,44.6,47.8,47.4,48.1,48.2,50.4,46.0,46.4,48.2,50.6,47.9,46.5,49.2,48.8,47.4,42.8,44.4,44.6,43.9,50.2,41.1,51.4,44.3,54.0,44.9,46.6,44.6,47.1,43.6,46.3,43.2,50.1,42.7,49.2,46.9,48.6,40.8,44.2,44.0,44.2,46.5,46.3,43.4,45.3,45.9,46.0,44.8,48.5,44.0,43.1,49.0,50.0,47.5,47.9,49.4,45.0,47.3,46.0,42.3,49.3,45.6,47.7,45.0,46.4,44.1,40.7,37.3,43.6,45.8,41.6
1942,42.8,40.0,38.7,48.7,47.4,49.6,49.5,46.1,47.6,47.1,47.4,48.7,47.6,47.3,48.4,48.4,46.1,43.3,46.7,46.5,47.0,47.2,49.2,44.8,45.2,47.0,49.4,46.7,45.2,48.4,47.7,46.6,41.6,43.1,43.4,42.8,48.5,39.6,49.6,42.4,52.1,43.3,45.1,43.8,45.0,41.6,43.9,41.6,47.7,40.9,47.2,45.5,46.4,39.5,43.1,42.5,43.2,45.4,44.9,42.3,44.1,44.3,44.4,42.8,47.0,42.5,41.6,48.0,49.0,46.4,45.9,47.2,43.1,45.5,44.3,40.8,48.3,44.8,46.7,43.4,45.0,42.4,40.0,36.4,42.3,44.7,40.3
1943,41.0,39.0,37.8,46.8,46.1,48.6,48.3,45.2,47.0,46.2,46.7,47.7,46.7,46.4,47.3,47.6,45.3,42.2,46.0,45.6,46.0,46.2,48.3,43.8,44.1,46.0,48.4,45.7,44.3,47.5,46.6,45.8,40.4,41.9,42.1,41.5,47.2,38.5,48.0,40.7,50.4,42.4,43.5,42.6,43.2,40.3,41.7,39.9,45.7,39.3,45.3,44.2,44.6,38.3,42.3,41.1,42.3,44.5,43.7,41.2,43.5,43.0,43.2,41.1,45.9,40.8,40.6,47.1,48.1,45.6,44.2,45.6,40.9,44.3,42.3,39.7,47.2,43.9,45.9,42.1,43.7,40.9,39.2,35.6,41.1,43.5,39.4
1944,39.1,37.9,36.5,45.3,45.1,47.6,47.3,44.2,46.3,45.4,46.0,46.9,46.0,45.5,46.3,46.8,44.6,41.3,45.2,44.8,45.2,45.6,47.5,43.0,43.1,45.0,47.6,44.9,43.8,46.8,45.6,45.2,39.4,40.8,41.3,40.6,46.4,37.2,46.7,39.1,48.6,41.5,42.4,41.5,41.5,39.3,39.8,38.5,43.3,37.9,43.8,42.7,43.5,37.1,41.6,39.9,41.6,43.7,42.8,40.3,42.4,41.7,41.9,39.4,44.6,39.3,39.1,46.2,47.3,44.9,42.3,44.0,39.4,43.1,40.6,38.5,46.6,43.0,45.0,41.0,42.8,39.9,38.7,34.9,40.0,42.6,38.8
1945,37.6,37.1,35.6,44.1,44.4,46.7,46.3,43.5,45.6,44.7,45.3,46.2,45.4,44.7,45.5,46.1,43.7,40.6,44.6,44.3,44.4,45.0,46.6,42.3,42.4,44.3,46.8,44.1,43.0,46.2,44.9,44.9,38.7,39.9,40.4,39.6,45.2,36.3,45.5,38.1,47.1,40.5,41.1,41.0,40.0,38.3,38.2,37.4,41.5,36.9,42.5,41.5,41.9,36.0,40.9,39.0,40.9,43.1,42.0,39.5,41.8,40.9,41.1,37.8,43.6,38.1,38.1,45.4,46.5,44.1,40.9,42.6,37.8,42.0,39.4,37.4,45.8,42.4,44.3,40.1,41.9,38.7,38.2,34.3,39.2,41.9,37.9
1946,36.6,36.6,34.8,42.8,43.7,46.0,45.6,42.9,45.0,44.0,44.6,45.5,44.7,44.1,44.9,45.4,43.2,39.8,43.8,43.6,43.7,44.3,46.0,41.5,41.3,43.5,46.1,43.4,42.4,45.5,44.2,44.2,38.1,39.1,39.5,38.9,44.0,35.7,44.5,37.2,45.7,40.1,40.1,40.1,38.9,37.5,37.0,36.2,40.0,35.8,41.7,40.3,40.0,34.9,40.2,38.1,40.3,42.3,41.3,38.6,41.1,40.1,40.2,36.4,42.7,37.3,37.2,44.7,45.7,43.4,39.5,41.5,36.3,41.2,38.1,36.1,45.2,41.6,43.6,39.3,41.2,37.5,37.7,33.6,38.5,41.1,37.4
1947,35.4,35.8,34.0,41.7,42.9,45.5,45.3,42.1,44.4,43.4,44.0,44.9,43.9,43.4,44.4,44.9,42.6,39.0,43.1,43.0,43.0,43.7,45.4,40.7,40.3,42.8,45.4,42.8,41.6,44.9,43.5,43.7,37.5,38.6,38.7,38.5,43.1,35.2,43.9,36.3,44.5,39.4,39.1,39.2,37.5,36.4,35.8,35.3,38.5,34.9,40.6,39.4,38.8,34.3,39.6,37.3,39.7,41.9,40.6,37.8,40.4,39.0,39.4,35.0,41.9,36.2,36.3,44.0,45.2,42.8,38.1,40.6,34.9,40.0,36.8,35.1,44.9,40.9,43.1,38.5,40.4,36.6,37.4,33.1,37.7,40.6,36.8
1948,34.5,35.2,33.4,40.8,42.4,45.0,44.7,41.6,43.7,42.8,43.4,44.3,43.4,42.9,43.7,44.3,42.2,38.5,42.8,42.4,42.7,43.1,44.8,39.9,39.5,42.3,44.8,42.2,41.1,44.3,42.9,43.2,36.8,37.8,38.3,37.9,42.5,34.5,43.2,35.3,43.5,38.9,38.2,38.7,36.7,35.4,35.0,34.4,37.4,34.1,39.6,38.4,37.3,33.6,39.0,36.7,38.9,41.4,40.0,37.3,39.9,38.4,38.8,34.1,41.3,35.5,35.6,43.5,44.5,42.3,37.0,39.7,33.7,39.1,35.9,34.4,44.4,40.1,42.5,37.5,39.6,35.5,36.8,32.7,36.9,40.1,36.4
1949,33.7,34.5,33.0,39.7,41.7,44.3,44.1,41.1,43.2,42.3,42.9,43.7,42.7,42.3,43.3,43.8,41.6,37.9,42.4,41.9,42.1,42.6,44.5,39.4,38.9,41.8,44.3,41.7,40.7,44.0,42.6,42.7,36.1,37.4,37.9,37.4,42.1,33.8,42.3,34.3,42.5,38.5,37.2,37.9,36.0,35.0,34.2,33.7,36.6,33.3,38.6,37.6,36.2,33.1,38.3,36.0,38.4,41.1,39.4,36.7,39.4,37.7,38.3,33.2,40.7,35.3,34.9,42.9,44.1,41.7,35.6,38.5,32.9,38.6,34.9,33.6,43.9,39.7,42.1,36.9,39.0,34.7,36.2,32.2,36.3,39.5,35.8
1950,32.9,34.0,32.5,39.1,41.2,43.9,43.5,41.0,42.5,41.8,42.5,43.2,42.3,42.0,42.7,43.3,41.2,37.5,41.9,41.5,41.9,42.1,44.1,38.7,38.4,41.3,43.8,41.4,40.2,43.8,42.2,42.3,35.4,37.2,37.5,37.0,41.3,33.4,41.6,33.4,41.8,38.1,36.3,37.3,35.3,33.9,33.5,32.8,35.4,32.6,37.9,36.9,35.2,32.7,37.8,35.6,38.0,40.6,39.0,36.1,38.9,37.0,37.9,32.2,40.2,34.7,34.3,42.4,43.8,41.3,34.4,37.7,31.8,37.8,34.1,32.8,43.5,39.3,41.7,36.3,38.4,34.0,35.8,31.9,35.8,39.0,35.4
1951,36.4,36.2,35.6,38.4,41.1,43.7,43.5,40.9,43.0,42.0,43.4,43.3,43.2,41.9,42.6,43.6,41.6,39.6,42.8,43.2,42.0,42.5,44.2,38.4,38.0,41.1,43.9,41.4,40.5,44.2,42.2,42.8,35.1,37.1,37.5,37.3,43.2,35.3,40.9,36.1,42.3,41.8,35.8,38.2,37.5,36.9,35.0,36.5,40.2,32.3,37.9,38.2,36.3,35.4,37.6,37.3,37.9,40.5,38.3,38.0,40.1,36.6,39.8,35.4,40.5,36.9,35.2,42.5,44.6,42.2,35.1,37.1,35.0,38.6,38.2,32.8,44.7,40.4,41.8,35.9,38.1,33.4,35.7,33.4,35.4,39.1,35.5
1952,41.9,40.7,40.8,41.5,43.5,45.6,45.7,43.3,44.9,44.0,45.8,45.3,45.9,43.7,45.0,45.5,44.1,44.1,45.6,46.0,44.5,44.6,46.7,41.0,40.8,43.9,45.4,43.7,42.7,46.7,44.3,44.8,37.4,39.5,39.3,39.7,48.5,39.8,43.8,42.7,45.7,47.0,38.7,42.3,42.0,42.8,39.6,42.3,48.0,36.7,44.0,41.5,42.7,39.7,39.2,41.4,40.5,42.8,39.9,41.7,42.5,38.5,43.9,42.1,42.4,42.2,39.4,44.2,47.3,44.6,42.1,40.6,40.7,44.1,44.0,37.7,47.4,42.9,43.9,38.8,40.8,36.0,38.9,35.6,37.8,41.2,38.0
1953,47.1,45.0,45.6,46.7,46.7,48.3,48.7,46.5,47.3,46.3,47.9,47.8,48.4,46.0,48.2,47.8,47.0,47.2,48.2,48.5,47.0,47.1,49.6,44.2,44.8,47.2,47.6,46.5,45.1,49.2,47.0,47.2,40.4,42.6,41.7,42.4,53.1,44.2,48.3,47.2,49.5,51.2,43.0,46.2,46.8,48.1,44.8,46.1,53.8,42.1,49.9,45.3,48.9,44.0,41.7,45.3,43.5,45.6,42.8,44.9,44.8,42.5,47.5,47.5,44.9,46.3,43.0,46.3,49.8,47.1,48.1,46.4,45.6,48.6,48.3,42.8,50.0,45.3,46.3,42.8,44.4,39.9,42.2,37.8,40.8,44.1,40.9
1954,51.5,48.6,49.0,51.2,49.9,51.1,51.6,49.5,49.5,48.5,50.1,50.0,50.7,48.1,51.0,50.0,49.7,50.3,50.5,50.9,49.8,49.5,52.2,47.4,48.6,50.4,50.0,49.4,47.6,51.5,49.6,49.5,43.4,45.5,44.5,45.3,57.0,47.7,52.4,51.0,53.2,54.5,47.4,49.3,51.4,51.8,49.8,49.3,57.6,46.8,54.0,49.1,54.4,47.7,44.4,48.6,46.2,48.1,45.7,47.8,47.3,46.2,50.6,51.4,47.7,49.7,46.3,48.5,52.3,49.5,53.6,51.5,50.4,51.7,51.7,46.9,52.1,47.6,48.7,47.1,47.8,44.3,44.9,39.9,43.8,47.0,43.7
1955,55.3,51.3,51.8,54.9,52.5,53.6,54.0,52.5,51.6,50.7,52.3,52.1,52.6,50.3,53.6,52.1,52.1,52.5,52.4,52.8,52.1,51.5,54.5,50.1,51.8,53.0,52.2,52.1,50.3,53.8,52.3,51.6,46.2,48.1,46.9,47.8,60.1,50.3,56.1,53.9,56.3,56.9,51.1,51.9,54.9,54.8,53.6,51.9,60.6,50.3,57.2,52.3,58.7,50.6,46.5,51.2,48.1,50.3,48.5,50.3,49.6,49.3,53.2,54.3,50.7,52.5,48.9,50.7,54.3,51.5,57.5,55.5,54.0,54.4,54.5,50.1,53.9,49.6,50.9,50.6,50.9,48.3,47.3,41.7,46.4,49.7,46.2
1956,58.4,53.4,53.6,58.3,54.9,55.8,56.2,54.6,53.3,52.6,53.9,54.0,54.3,52.1,55.8,53.9,54.3,54.7,54.2,54.5,54.3,53.3,56.6,52.3,54.6,55.4,54.1,54.2,52.4,55.4,54.5,53.4,48.7,50.4,49.1,50.0,62.7,52.3,59.5,56.4,59.1,58.8,54.1,54.3,57.9,57.1,56.6,53.9,62.8,52.5,59.4,54.6,61.8,52.9,48.0,53.2,49.7,51.9,50.7,52.1,51.3,51.6,55.5,56.4,53.0,54.3,51.3,52.5,56.1,53.2,60.1,58.6,56.8,56.7,56.7,52.3,55.2,51.4,52.8,53.1,53.7,51.6,49.4,43.1,48.8,51.9,48.5
1957,60.4,54.9,54.9,60.6,56.7,57.6,57.9,56.1,54.7,54.2,55.2,55.5,55.6,53.5,57.3,55.2,55.9,56.2,55.5,55.7,55.7,54.7,58.1,54.1,57.0,57.1,55.6,55.9,54.0,56.9,56.0,54.7,50.7,52.3,51.0,51.8,64.7,53.8,61.8,58.2,61.2,60.0,56.6,56.1,60.2,58.7,58.5,55.6,64.6,54.4,60.8,56.2,64.2,54.4,49.2,54.6,50.8,53.0,52.4,53.5,52.6,53.6,57.0,57.9,55.1,55.7,53.1,53.9,57.5,54.5,61.9,61.0,59.0,58.3,58.3,53.9,56.2,52.8,54.4,55.4,55.7,54.0,50.8,44.2,50.8,53.7,50.4
1958,61.3,55.7,55.9,62.4,57.9,58.8,59.2,57.3,55.7,55.1,56.1,56.7,56.3,54.7,58.6,56.1,57.1,57.1,56.2,56.4,56.8,55.6,59.2,55.3,58.6,58.4,56.6,57.1,55.1,57.9,57.1,55.6,51.9,53.7,52.4,53.1,66.2,54.5,64.0,59.3,62.7,61.1,58.4,57.4,61.6,59.6,59.9,56.6,65.5,55.6,61.8,57.3,65.5,55.4,49.9,55.4,51.3,53.7,53.5,54.3,53.5,55.0,58.1,59.0,56.6,56.1,54.5,54.8,58.5,55.4,62.9,62.6,60.5,59.3,59.5,54.7,57.0,53.6,55.4,57.0,57.2,55.7,51.9,45.0,52.1,54.7,51.7
1959,61.8,55.9,56.1,63.5,58.7,59.5,59.8,58.0,56.1,55.7,56.5,57.5,56.8,55.3,59.2,56.6,57.6,57.4,56.6,56.5,57.5,56.1,59.6,56.1,59.5,59.1,57.1,57.7,55.8,58.6,57.7,56.1,52.8,54.2,53.1,53.7,66.7,54.7,65.1,59.9,63.9,61.1,59.3,57.9,62.1,59.9,60.5,56.9,65.9,56.0,62.3,57.3,65.9,55.8,50.4,55.8,51.9,54.0,54.2,54.7,53.9,56.0,58.6,59.4,57.7,56.5,55.1,55.4,58.9,55.8,63.5,64.1,61.1,59.8,59.7,55.2,57.4,54.0,56.0,58.0,57.9,56.4,52.4,45.2,53.0,55.5,52.6
1960,61.1,55.0,55.6,63.9,58.8,59.6,60.0,57.9,55.9,55.6,56.3,57.5,56.8,55.3,59.1,56.5,57.5,56.9,56.4,56.1,57.5,56.0,59.7,56.2,59.8,59.1,57.1,57.6,55.6,58.5,57.6,55.9,52.9,54.2,53.4,53.8,66.5,53.8,65.4,59.6,64.3,60.7,59.8,57.7,61.7,58.9,60.4,56.3,65.0,56.2,62.1,56.6,65.6,55.5,50.6,55.4,51.9,54.1,54.4,54.4,53.7,56.6,58.5,59.1,57.9,56.2,54.9,55.4,58.8,55.9,63.2,64.5,60.6,59.8,59.6,54.9,57.1,53.8,55.9,58.1,58.1,56.8,52.2,44.6,53.2,55.4,52.6
1961,59.5,53.4,53.8,63.5,58.0,59.1,59.3,57.3,55.1,54.9,55.6,57.1,56.2,54.7,58.4,55.8,56.9,55.8,55.4,54.9,56.7,55.4,59.0,55.3,59.2,58.5,56.4,56.8,55.0,57.6,57.1,55.1,52.1,53.5,52.7,53.0,65.3,51.8,64.7,58.5,63.8,58.7,59.3,56.7,60.3,57.3,59.4,54.9,63.2,55.5,61.2,55.2,64.2,53.7,50.1,54.4,51.4,53.7,54.2,53.3,52.7,56.4,57.3,58.0,57.0,55.1,53.8,54.9,58.0,55.1,62.0,64.1,59.2,59.1,58.2,53.9,56.2,52.9,55.2,57.5,57.2,56.2,51.4,43.5,52.5,54.7,51.8
1962,55.3,49.5,48.8,61.8,56.2,57.5,57.7,55.7,53.2,53.2,53.7,55.8,54.3,53.4,56.6,54.2,54.9,52.7,53.2,52.4,54.9,53.9,56.9,53.5,57.2,56.6,55.2,55.0,53.2,55.5,55.6,53.1,50.4,51.7,51.2,51.2,61.1,48.2,62.9,55.4,62.0,53.9,57.5,54.4,56.3,53.1,57.0,51.7,59.0,53.5,59.3,52.7,61.7,49.1,48.8,51.8,50.2,52.1,53.1,50.3,50.5,55.0,54.3,54.6,55.3,52.6,51.2,53.6,56.0,53.1,59.2,62.3,55.9,57.1,54.8,51.6,54.2,50.9,53.5,56.0,55.3,54.2,49.5,41.7,50.9,52.8,50.0
1963,50.3,45.7,44.1,57.5,53.0,54.5,54.4,52.2,51.1,50.7,51.6,53.7,51.7,51.4,53.1,51.9,51.5,48.9,51.1,50.0,52.0,51.2,53.8,49.9,52.2,53.0,53.3,51.7,50.4,52.6,52.9,50.2,46.9,48.5,48.7,48.1,55.4,44.9,58.2,50.5,59.0,48.8,52.8,49.8,51.6,48.6,52.7,47.6,54.9,48.7,55.1,50.1,57.0,44.7,46.5,48.6,47.5,49.4,50.7,46.4,48.5,52.1,50.5,49.8,52.5,48.9,46.9,51.6,53.4,50.7,54.0,57.2,51.0,52.4,50.5,47.0,52.0,48.7,50.8,51.4,50.9,50.3,45.2,40.0,47.8,49.6,46.5
1964,47.4,43.6,41.9,53.6,50.8,52.5,52.4,49.5,49.9,49.5,50.1,51.7,50.2,50.0,51.0,50.6,49.3,46.5,49.4,48.6,50.1,49.6,52.0,47.7,48.6,50.0,52.0,49.6,48.4,50.9,50.9,48.8,44.5,46.1,46.8,46.0,52.7,42.8,54.1,46.9,56.2,46.6,48.9,46.8,49.2,45.6,49.3,45.4,52.4,44.5,51.7,48.5,52.0,42.4,45.0,46.2,45.7,47.8,48.4,44.9,46.7,48.6,48.1,47.0,50.4,46.3,44.8,50.3,51.7,49.1,50.4,52.2,47.7,49.2,48.1,44.2,50.6,47.3,49.3,47.4,48.1,46.6,41.6,38.6,45.5,47.8,43.9
1965,45.0,41.7,40.4,50.9,49.2,51.1,50.9,47.8,48.8,48.5,48.8,50.0,48.9,48.8,49.5,49.6,47.7,44.8,48.1,47.6,48.5,48.5,50.7,46.3,46.4,48.5,50.9,48.2,47.0,49.6,49.2,47.8,43.1,44.8,45.3,44.7,50.4,41.2,51.6,44.5,54.3,45.1,46.7,44.9,47.3,43.7,46.5,43.4,50.2,42.6,49.3,47.1,48.7,41.0,44.1,44.3,44.3,46.5,46.4,43.7,45.6,46.1,46.3,44.9,48.8,44.2,43.3,49.3,50.3,48.0,48.1,49.7,45.2,47.5,46.0,42.3,49.6,46.1,48.1,45.2,46.6,44.1,40.6,37.8,43.9,46.4,42.3
1966,42.9,40.2,38.9,49.0,47.7,49.9,49.8,46.6,48.0,47.6,47.8,49.1,48.0,47.7,48.7,48.7,46.7,43.5,47.1,46.8,47.4,47.5,49.5,45.2,45.3,47.4,49.8,47.0,45.8,48.7,48.2,47.1,42.0,43.7,44.1,43.4,48.6,39.8,49.9,42.7,52.4,43.5,45.2,43.9,45.3,41.7,44.2,41.6,47.8,40.9,47.3,45.7,46.6,39.7,43.1,42.8,43.2,45.3,45.0,42.6,44.4,44.5,44.6,43.0,47.2,42.6,41.8,48.4,49.2,46.8,45.9,47.5,43.3,45.8,44.3,40.9,48.7,45.3,47.1,43.7,45.2,42.5,39.9,36.8,42.6,45.3,41.0
1967,41.2,39.2,37.9,47.2,46.5,48.9,48.6,45.6,47.4,46.7,47.1,48.1,47.1,46.8,47.6,48.0,45.8,42.4,46.4,45.9,46.4,46.6,48.7,44.2,44.2,46.3,48.9,46.1,44.9,47.9,47.1,46.2,40.8,42.5,42.8,42.2,47.3,38.6,48.3,41.0,50.6,42.5,43.7,42.8,43.5,40.4,42.0,39.9,45.8,39.2,45.6,44.3,44.7,38.5,42.2,41.3,42.3,44.5,43.8,41.4,43.6,43.1,43.3,41.3,46.0,41.1,40.7,47.6,48.4,46.1,44.4,46.0,41.3,44.5,42.3,39.8,47.7,44.4,46.3,42.4,44.0,41.2,39.2,36.0,41.4,44.1,40.1
1968,39.3,38.0,36.7,45.6,45.4,47.9,47.6,44.6,46.6,45.9,46.5,47.3,46.6,45.9,46.7,47.2,45.1,41.5,45.6,45.2,45.6,46.0,47.9,43.4,43.2,45.3,48.0,45.3,44.4,47.2,46.1,45.7,39.8,41.4,42.0,41.3,46.5,37.2,46.9,39.5,48.8,41.5,42.5,41.7,41.7,39.4,40.0,38.5,43.4,37.9,44.0,42.9,43.6,37.3,41.6,40.2,41.6,43.7,42.9,40.5,42.6,41.7,42.0,39.6,44.7,39.6,39.2,46.6,47.6,45.4,42.5,44.4,39.8,43.3,40.6,38.5,46.9,43.5,45.5,41.4,43.1,40.1,38.7,35.3,40.3,43.1,39.4
1969,37.7,37.2,35.8,44.4,44.6,47.1,46.8,44.0,46.1,45.2,45.8,46.6,45.9,45.2,45.9,46.5,44.3,40.7,45.0,44.6,44.8,45.4,47.0,42.7,42.5,44.6,47.3,44.4,43.6,46.6,45.4,45.2,39.1,40.6,41.1,40.2,45.4,36.4,45.7,38.5,47.3,40.5,41.3,41.2,40.2,38.4,38.5,37.4,41.6,36.9,42.7,41.6,42.0,36.3,40.9,39.1,40.9,43.1,42.1,39.6,41.9,40.9,41.2,37.9,43.8,38.3,38.1,45.9,46.9,44.6,41.2,42.8,38.2,42.1,39.3,37.5,46.2,42.9,44.8,40.4,42.2,39.0,38.2,34.8,39.5,42.5,38.5
1970,36.6,36.6,34.8,43.2,44.0,46.4,46.0,43.3,45.4,44.5,45.1,45.9,45.2,44.6,45.2,45.8,43.8,39.9,44.2,43.9,44.1,44.8,46.5,41.8,41.6,43.9,46.5,43.8,43.0,46.0,44.7,44.5,38.5,39.8,40.2,39.6,44.1,35.8,44.7,37.5,45.9,40.1,40.3,40.3,39.2,37.7,37.4,36.2,40.1,35.8,41.9,40.4,40.2,35.1,40.2,38.3,40.2,42.2,41.3,38.8,41.2,40.1,40.4,36.5,42.9,37.3,37.2,45.1,46.2,43.9,39.8,41.7,36.7,41.3,38.1,36.2,45.6,42.2,44.1,39.6,41.5,37.8,37.8,34.1,38.8,41.7,38.0
1971,35.5,35.8,34.2,41.9,43.2,45.9,45.7,42.7,44.8,43.9,44.5,45.4,44.6,44.0,44.8,45.3,43.2,39.1,43.6,43.4,43.6,44.2,45.9,41.1,40.6,43.2,45.9,43.2,42.1,45.3,44.1,44.1,37.9,39.3,39.4,39.2,43.2,35.3,44.0,36.6,44.7,39.4,39.4,39.3,37.7,36.5,36.1,35.4,38.6,35.0,40.9,39.6,38.9,34.6,39.6,37.5,39.6,41.8,40.6,38.0,40.5,39.1,39.6,35.1,42.0,36.2,36.3,44.5,45.6,43.2,38.4,40.7,35.2,40.3,36.8,35.2,45.3,41.4,43.7,38.9,40.7,36.9,37.4,33.5,38.1,41.2,37.3
1972,34.5,35.3,33.4,41.0,42.7,45.4,45.1,42.2,44.1,43.4,44.0,44.8,44.0,43.5,44.1,44.8,42.7,38.6,43.3,42.7,43.3,43.6,45.4,40.3,39.7,42.7,45.3,42.7,41.7,44.8,43.5,43.7,37.1,38.5,39.0,38.5,42.6,34.6,43.3,35.6,43.6,38.8,38.5,38.7,36.7,35.5,35.3,34.4,37.5,34.0,39.7,38.6,37.5,34.0,38.9,36.8,38.8,41.4,40.0,37.5,40.0,38.4,38.9,34.2,41.4,35.6,35.6,44.0,44.9,42.8,37.3,39.7,34.1,39.3,36.0,34.3,44.9,40.7,43.1,37.9,39.9,35.9,36.8,33.0,37.4,40.6,36.9
1973,33.7,34.5,33.1,40.0,42.1,44.7,44.5,41.7,43.7,42.9,43.5,44.3,43.4,42.9,43.7,44.3,42.2,38.0,42.9,42.3,42.7,43.2,45.1,39.8,39.2,42.2,44.8,42.2,41.3,44.5,43.2,43.2,36.5,38.0,38.6,38.1,42.1,34.0,42.5,34.7,42.6,38.5,37.4,38.0,36.1,35.1,34.5,33.7,36.7,33.3,38.8,37.7,36.3,33.4,38.2,36.2,38.4,41.1,39.3,36.8,39.6,37.9,38.5,33.2,40.8,35.4,34.9,43.4,44.6,42.2,35.9,38.6,33.1,38.8,35.0,33.6,44.5,40.3,42.7,37.3,39.3,35.1,36.3,32.7,36.8,40.1,36.4
1974,32.9,34.1,32.6,39.3,41.4,44.3,43.9,41.6,43.1,42.4,43.1,43.9,43.0,42.6,43.1,43.8,41.9,37.5,42.5,42.0,42.5,42.7,44.7,39.1,38.6,41.7,44.3,41.9,40.8,44.3,42.8,42.9,35.9,37.9,38.1,37.7,41.2,33.5,41.8,33.7,42.0,38.2,36.5,37.5,35.3,34.1,33.8,32.9,35.6,32.6,38.0,37.0,35.3,32.9,37.8,35.8,38.0,40.5,39.0,36.1,39.0,37.2,38.1,32.1,40.3,34.8,34.4,43.1,44.2,41.9,34.6,37.8,32.0,38.0,34.3,32.8,44.1,40.0,42.3,36.7,38.7,34.4,35.9,32.4,36.3,39.6,35.9
1975,36.6,36.3,35.8,38.6,41.4,44.2,43.9,41.5,43.7,42.6,44.1,44.1,44.1,42.6,43.0,44.2,42.2,39.9,43.4,43.8,42.7,43.2,44.8,39.0,38.2,41.5,44.5,41.9,41.2,44.7,42.9,43.4,35.6,37.7,38.1,37.8,43.5,35.4,41.1,36.4,42.7,42.1,36.1,38.4,37.7,37.2,35.5,36.6,40.5,32.4,38.1,38.4,36.6,35.6,37.6,37.7,37.9,40.5,38.4,38.4,40.3,36.7,40.2,35.6,40.6,37.2,35.4,43.2,45.1,42.9,35.5,37.2,35.4,38.9,38.5,32.8,45.3,41.1,42.4,36.4,38.4,33.9,35.8,33.9,36.0,39.8,36.0
1976,42.1,40.7,40.9,41.8,43.8,46.0,46.1,44.0,45.5,44.7,46.4,46.0,46.6,44.4,45.5,46.2,44.8,44.4,46.3,46.4,45.1,45.2,47.2,41.5,41.3,44.3,46.1,44.2,43.4,47.3,45.0,45.4,37.9,40.2,40.0,40.4,48.9,39.8,44.1,42.9,46.0,47.3,39.1,42.5,42.1,43.0,39.9,42.4,48.2,36.8,44.3,41.7,43.0,39.9,39.2,41.7,40.5,42.8,40.1,42.0,42.7,38.8,44.3,42.4,42.5,42.5,39.6,44.9,47.9,45.3,42.4,40.9,41.0,44.3,44.1,37.8,48.0,43.5,44.6,39.3,41.2,36.5,39.1,36.2,38.3,42.0,38.6
1977,47.2,44.9,45.5,46.9,47.1,48.6,49.1,47.0,47.9,47.0,48.5,48.4,49.1,46.6,48.5,48.4,47.7,47.6,48.8,49.0,47.7,47.7,50.0,44.7,45.2,47.6,48.3,47.0,45.9,49.7,47.6,47.7,40.8,43.2,42.3,43.0,53.5,44.1,48.6,47.4,49.7,51.4,43.4,46.4,46.8,48.2,45.0,46.2,53.9,42.3,50.1,45.4,49.2,44.0,41.7,45.6,43.5,45.6,43.1,45.3,45.1,42.7,47.9,47.6,45.1,46.6,43.2,47.0,50.3,47.8,48.3,46.8,45.8,48.7,48.3,42.9,50.5,45.9,47.0,43.3,44.8,40.3,42.4,38.6,41.2,44.8,41.5
1978,51.5,48.4,48.9,51.4,50.3,51.5,51.9,50.0,50.1,49.2,50.8,50.7,51.4,48.7,51.4,50.6,50.3,50.6,51.1,51.3,50.3,50.0,52.6,47.9,49.0,50.8,50.7,49.9,48.4,52.0,50.2,50.1,43.7,46.1,45.1,45.7,57.4,47.6,52.8,51.1,53.3,54.5,47.7,49.3,51.4,52.0,50.0,49.4,57.7,46.9,54.1,49.3,54.6,47.6,44.4,48.9,46.1,48.1,46.0,48.2,47.6,46.5,51.1,51.5,47.9,50.0,46.5,49.1,52.7,50.2,53.7,51.7,50.4,51.8,51.7,47.0,52.6,48.1,49.3,47.3,48.2,44.5,45.0,40.6,44.1,47.7,44.3
1979,55.2,51.1,51.7,55.0,52.8,54.0,54.4,52.8,52.1,51.4,52.9,52.7,53.3,50.9,53.9,52.6,52.7,52.9,52.9,53.2,52.6,52.0,54.8,50.4,52.0,53.4,52.8,52.5,50.9,54.1,52.8,52.1,46.5,48.5,47.5,48.3,60.5,50.1,56.4,54.1,56.4,56.9,51.3,52.0,54.8,54.9,53.7,51.9,60.7,50.3,57.3,52.5,58.8,50.5,46.4,51.5,48.0,50.2,48.7,50.6,49.8,49.6,53.6,54.4,50.8,52.8,49.0,51.3,54.8,52.1,57.5,55.6,54.0,54.4,54.5,50.1,54.5,50.2,51.5,50.7,51.2,48.4,47.5,42.4,46.6,50.2,46.7
1980,58.3,53.1,53.5,58.2,55.2,56.1,56.6,54.9,53.8,53.2,54.5,54.6,54.9,52.6,56.1,54.4,54.7,55.0,54.8,54.9,54.6,53.8,56.9,52.6,54.7,55.7,54.6,54.4,53.0,55.8,54.8,53.8,48.8,50.8,49.6,50.4,63.1,52.1,59.8,56.4,59.2,58.8,54.2,54.3,57.8,57.2,56.5,53.9,62.9,52.5,59.4,54.8,61.9,52.7,47.9,53.5,49.6,51.8,50.9,52.4,51.5,51.9,55.8,56.5,53.2,54.7,51.3,53.0,56.6,53.8,60.1,58.8,56.8,56.7,56.7,52.3,55.8,52.0,53.3,53.1,53.9,51.6,49.6,43.9,48.9,52.4,48.8
1981,60.3,54.6,54.9,60.5,56.9,57.9,58.3,56.3,55.1,54.6,55.8,56.0,56.2,53.8,57.6,55.7,56.2,56.4,56.0,56.1,55.9,55.3,58.3,54.4,57.0,57.4,56.0,56.1,54.4,57.2,56.2,55.1,50.7,52.5,51.3,52.1,65.0,53.7,62.1,58.2,61.3,60.0,56.6,56.1,60.0,58.7,58.3,55.6,64.6,54.4,60.8,56.3,64.3,54.3,49.0,54.9,50.6,52.9,52.6,53.8,52.8,54.0,57.3,57.9,55.3,56.0,53.3,54.3,58.1,55.1,61.9,61.1,58.9,58.4,58.2,53.9,56.8,53.3,54.7,55.4,55.8,53.9,51.0,45.0,50.9,54.1,50.7
1982,61.3,55.3,55.7,62.4,58.0,59.1,59.4,57.4,56.1,55.4,56.8,57.2,56.9,55.0,58.8,56.6,57.3,57.3,56.8,56.8,56.9,56.1,59.4,55.5,58.6,58.6,56.9,57.2,55.5,58.3,57.3,56.1,52.0,53.9,52.6,53.4,66.5,54.4,64.2,59.3,62.8,61.2,58.3,57.4,61.5,59.6,59.8,56.6,65.6,55.6,61.8,57.3,65.6,55.4,49.8,55.7,51.2,53.6,53.7,54.6,53.6,55.2,58.4,59.1,56.8,56.5,54.5,55.2,59.0,56.0,62.9,62.7,60.5,59.4,59.5,54.7,57.5,54.0,55.7,57.0,57.3,55.6,52.1,45.7,52.2,55.0,51.9
1983,61.8,55.6,55.9,63.5,58.8,59.8,60.1,58.1,56.5,56.0,57.1,58.0,57.4,55.5,59.5,57.0,57.8,57.6,57.2,56.9,57.5,56.5,59.9,56.2,59.6,59.3,57.3,57.8,56.1,58.9,57.8,56.5,52.8,54.4,53.3,53.8,66.9,54.4,65.4,59.9,63.9,61.2,59.4,57.8,62.0,59.8,60.4,56.9,66.0,55.9,62.2,57.4,65.9,55.7,50.3,56.1,51.8,54.0,54.5,55.0,53.9,56.3,58.8,59.4,57.8,56.8,55.1,55.7,59.4,56.4,63.5,64.1,61.0,59.9,59.6,55.1,58.0,54.4,56.2,58.0,58.1,56.3,52.5,46.0,53.1,55.7,52.7
1984,61.3,54.7,55.4,63.8,58.9,59.8,60.3,57.9,56.3,55.8,56.9,58.0,57.3,55.5,59.3,56.9,57.6,57.2,56.9,56.5,57.5,56.4,59.9,56.3,59.8,59.4,57.3,57.7,55.8,58.8,57.8,56.4,52.9,54.3,53.5,53.9,66.7,53.5,65.6,59.5,64.2,60.7,59.7,57.7,61.7,58.8,60.3,56.3,65.2,56.1,62.1,56.7,65.6,55.4,50.6,55.7,51.9,54.1,54.6,54.7,53.7,56.8,58.8,59.1,58.0,56.5,54.9,55.7,59.4,56.4,63.2,64.5,60.6,59.8,59.5,54.8,57.7,54.2,56.1,58.2,58.2,56.9,52.3,45.2,53.2,55.6,52.7
1985,59.7,53.1,53.7,63.4,58.1,59.3,59.6,57.4,55.4,55.1,56.0,57.5,56.7,54.9,58.6,56.2,57.0,56.1,55.9,55.3,56.9,55.8,59.2,55.5,59.2,58.7,56.6,56.9,55.2,57.9,57.2,55.5,52.3,53.7,52.8,53.1,65.5,51.6,64.9,58.4,63.8,58.7,59.2,56.8,60.4,57.2,59.4,54.9,63.4,55.3,61.1,55.3,64.2,53.6,50.0,54.7,51.4,53.7,54.3,53.7,52.8,56.5,57.6,57.9,57.1,55.4,53.8,55.2,58.5,55.6,62.0,64.1,59.1,59.1,58.1,53.8,56.8,53.4,55.4,57.7,57.3,56.2,51.5,44.2,52.6,54.8,52.0
1986,55.4,49.3,48.8,61.7,56.3,57.7,58.0,55.8,53.6,53.4,54.2,56.3,54.9,53.6,56.8,54.6,55.0,53.0,53.7,52.9,55.0,54.2,57.1,53.6,57.2,56.9,55.4,55.2,53.5,55.8,55.7,53.5,50.6,51.9,51.3,51.3,61.4,48.1,63.2,55.3,62.0,54.1,57.5,54.5,56.3,53.2,57.1,51.8,59.1,53.3,59.2,52.7,61.7,49.2,48.7,52.2,50.1,52.1,53.2,50.7,50.6,55.1,54.6,54.6,55.4,53.0,51.2,53.9,56.6,53.7,59.3,62.3,56.0,57.1,54.8,51.5,54.7,51.4,53.7,56.0,55.4,54.4,49.5,42.3,51.1,53.0,50.1
1987,50.5,45.5,44.1,57.6,53.2,54.7,54.7,52.2,51.4,50.8,52.1,54.2,52.2,51.6,53.4,52.3,51.7,49.1,51.6,50.5,52.2,51.5,54.1,50.1,52.2,53.2,53.5,51.8,50.6,53.0,53.1,50.7,47.0,48.6,48.8,48.2,55.7,44.8,58.6,50.6,59.0,49.0,52.8,50.0,51.7,48.7,52.8,47.7,54.9,48.8,55.1,50.1,57.2,44.8,46.5,48.9,47.5,49.5,50.8,46.7,48.5,52.2,50.7,49.8,52.6,49.3,46.9,51.9,53.9,51.2,54.2,57.4,51.1,52.5,50.4,47.0,52.5,49.2,50.9,51.6,51.1,50.4,45.3,40.6,48.0,49.9,46.6
1988,47.6,43.4,41.9,53.8,50.9,52.7,52.6,49.6,50.2,49.6,50.6,52.1,50.6,50.1,51.2,51.0,49.3,46.7,49.9,49.1,50.1,49.9,52.2,47.9,48.5,50.1,52.2,49.8,48.5,51.2,51.0,49.2,44.6,46.3,46.9,46.1,53.0,42.7,54.3,47.0,56.4,46.6,48.9,47.0,49.2,45.8,49.3,45.5,52.5,44.5,51.8,48.5,52.4,42.4,44.9,46.4,45.7,47.8,48.5,45.1,46.7,48.7,48.3,47.0,50.5,46.6,44.9,50.6,52.1,49.6,50.6,52.3,47.7,49.5,48.0,44.1,51.1,47.8,49.4,47.6,48.2,46.7,41.7,39.2,45.6,47.9,44.0
1989,45.2,41.5,40.4,51.1,49.2,51.3,51.1,47.8,49.0,48.6,49.3,50.4,49.4,48.9,49.7,50.0,47.7,44.9,48.6,48.0,48.5,48.8,50.8,46.4,46.5,48.7,51.0,48.3,47.0,49.9,49.3,48.3,43.1,44.9,45.4,44.7,50.6,41.1,51.9,44.6,54.4,45.2,46.8,45.1,47.2,43.8,46.6,43.4,50.3,42.7,49.4,47.1,49.1,41.1,44.1,44.6,44.3,46.6,46.4,43.9,45.6,46.2,46.4,44.9,48.9,44.4,43.4,49.5,50.7,48.5,48.3,49.8,45.4,47.7,46.0,42.3,50.1,46.6,48.3,45.5,46.7,44.3,40.6,38.3,44.0,46.5,42.4
1990,43.2,40.2,39.0,49.1,47.7,50.1,49.9,46.5,48.2,47.6,48.2,49.4,48.4,47.8,48.8,49.0,46.7,43.5,47.5,47.2,47.5,47.8,49.6,45.2,45.4,47.5,49.9,47.1,45.8,48.9,48.2,47.4,42.0,43.7,44.1,43.4,48.7,39.7,50.1,42.8,52.5,43.5,45.2,44.0,45.2,41.9,44.3,41.6,47.8,41.0,47.4,45.7,46.9,39.8,43.1,43.0,43.2,45.4,45.0,42.8,44.3,44.5,44.6,43.0,47.4,42.9,41.9,48.5,49.6,47.3,46.1,47.7,43.4,46.1,44.3,40.8,49.2,45.6,47.2,43.9,45.4,42.7,39.9,37.4,42.7,45.3,41.0
1991,41.5,39.1,38.0,47.3,46.5,49.0,48.8,45.6,47.5,46.7,47.5,48.4,47.4,46.9,47.8,48.2,45.8,42.4,46.8,46.4,46.4,46.9,48.8,44.2,44.3,46.4,48.9,46.2,44.9,48.1,47.2,46.5,40.8,42.6,42.9,42.2,47.4,38.4,48.5,41.1,50.8,42.5,43.7,42.9,43.5,40.5,42.1,40.0,45.8,39.3,45.7,44.3,45.1,38.6,42.2,41.5,42.2,44.5,43.8,41.6,43.5,43.2,43.3,41.2,46.2,41.3,40.7,47.7,48.7,46.4,44.5,46.2,41.3,44.7,42.3,39.8,48.1,44.8,46.4,42.6,44.2,41.4,39.2,36.7,41.5,44.1,40.2
1992,39.6,37.9,36.7,45.7,45.5,48.1,47.7,44.6,46.7,45.9,46.8,47.5,46.7,46.0,46.9,47.3,45.2,41.5,45.9,45.6,45.6,46.2,47.9,43.4,43.3,45.6,48.1,45.3,44.4,47.3,46.2,46.0,39.9,41.5,42.1,41.4,46.7,37.0,47.1,39.7,49.0,41.6,42.6,41.9,41.7,39.4,40.2,38.6,43.5,38.1,44.2,42.9,44.0,37.5,41.5,40.2,41.5,43.6,42.8,40.8,42.5,41.8,41.9,39.5,44.8,39.8,39.3,46.7,47.9,45.7,42.7,44.5,40.0,43.6,40.6,38.6,47.4,43.8,45.5,41.5,43.2,40.3,38.6,36.0,40.4,43.2,39.4
1993,37.9,37.1,35.7,44.5,44.8,47.2,46.9,43.9,46.1,45.2,46.1,46.8,46.0,45.3,46.1,46.6,44.3,40.7,45.2,45.0,44.8,45.5,47.1,42.7,42.7,44.8,47.4,44.5,43.6,46.7,45.5,45.4,39.1,40.7,41.2,40.3,45.5,36.3,45.8,38.6,47.5,40.6,41.4,41.3,40.2,38.5,38.7,37.5,41.7,37.0,42.9,41.6,42.5,36.5,40.7,39.2,40.8,43.1,42.1,39.9,41.8,40.9,41.2,37.7,43.9,38.5,38.1,46.0,47.1,44.8,41.5,43.0,38.3,42.5,39.3,37.5,46.6,43.1,44.9,40.5,42.4,39.1,38.1,35.4,39.6,42.5,38.5
1994,36.8,36.6,34.9,43.3,44.1,46.5,46.2,43.3,45.4,44.5,45.2,46.1,45.3,44.7,45.4,45.9,43.8,39.9,44.4,44.3,44.2,44.9,46.6,41.9,41.6,44.2,46.6,43.9,43.0,46.0,44.8,44.7,38.6,39.9,40.3,39.7,44.3,35.7,44.8,37.6,46.0,40.1,40.4,40.5,39.2,37.8,37.5,36.3,40.1,36.0,42.1,40.5,40.7,35.4,40.1,38.4,40.1,42.2,41.2,39.1,41.2,40.0,40.3,36.3,42.9,37.5,37.2,45.3,46.4,44.1,40.0,41.9,36.8,41.7,38.0,36.2,45.9,42.4,44.2,39.8,41.7,38.0,37.8,34.7,38.9,41.7,38.0
1995,35.6,35.8,34.1,42.1,43.3,46.0,45.9,42.7,44.9,43.9,44.6,45.5,44.7,44.0,45.0,45.4,43.2,39.1,43.8,43.7,43.6,44.2,46.0,41.1,40.7,43.5,46.0,43.3,42.2,45.4,44.1,44.2,37.9,39.5,39.5,39.2,43.3,35.3,44.1,36.7,44.9,39.4,39.5,39.5,37.7,36.5,36.2,35.5,38.6,35.1,41.1,39.6,39.4,34.8,39.4,37.6,39.4,41.7,40.4,38.1,40.5,39.0,39.5,35.1,42.0,36.3,36.3,44.6,45.8,43.4,38.8,40.7,35.5,40.6,36.7,35.2,45.5,41.6,43.8,39.0,40.8,37.2,37.3,34.2,38.2,41.2,37.3
1996,34.6,35.3,33.5,41.2,42.8,45.6,45.3,42.2,44.2,43.4,44.1,44.8,44.1,43.5,44.3,44.8,42.7,38.7,43.4,43.0,43.3,43.6,45.5,40.3,39.9,43.0,45.3,42.8,41.7,44.9,43.5,43.7,37.1,38.6,39.0,38.6,42.7,34.5,43.4,35.7,43.9,38.9,38.7,38.9,36.7,35.6,35.5,34.5,37.6,34.1,39.9,38.6,37.9,34.1,38.7,36.9,38.7,41.2,39.8,37.7,40.0,38.4,38.9,34.1,41.5,35.7,35.7,44.1,45.2,42.9,37.6,39.9,34.3,39.6,35.9,34.3,45.0,41.0,43.2,38.0,40.1,36.1,36.7,33.7,37.4,40.6,36.9
1997,33.8,34.4,33.1,40.2,42.1,44.9,44.7,41.7,43.7,42.9,43.6,44.3,43.5,42.9,43.9,44.4,42.2,38.0,42.9,42.6,42.7,43.2,45.2,39.7,39.4,42.5,44.8,42.3,41.3,44.5,43.1,43.3,36.5,38.1,38.6,38.2,42.1,33.9,42.4,34.9,42.8,38.5,37.6,38.1,36.1,35.3,34.7,33.7,36.6,33.3,39.0,37.8,36.7,33.6,38.1,36.3,38.3,40.9,39.2,37.0,39.5,37.8,38.4,33.1,40.9,35.5,35.0,43.5,44.8,42.3,36.2,38.7,33.4,39.0,34.9,33.6,44.6,40.5,42.7,37.5,39.4,35.3,36.2,33.3,36.8,40.1,36.3
1998,33.2,33.9,32.7,39.4,41.5,44.5,44.1,41.5,43.1,42.4,43.2,43.9,43.1,42.6,43.2,43.9,41.8,37.6,42.6,42.2,42.4,42.7,44.8,39.1,38.9,41.9,44.4,42.0,40.8,44.3,42.8,42.9,35.9,37.9,38.2,37.7,41.2,33.4,41.7,33.9,42.1,38.3,36.8,37.6,35.4,34.1,34.0,32.9,35.7,32.5,38.2,37.0,35.6,33.1,37.6,35.9,37.8,40.4,38.9,36.3,39.0,37.0,38.1,32.1,40.3,35.0,34.4,43.1,44.4,41.9,34.9,38.0,32.2,38.1,34.2,32.9,44.2,40.1,42.3,36.8,38.8,34.7,35.8,33.0,36.3,39.6,35.9
1999,37.0,36.4,36.1,38.8,41.5,44.4,44.1,41.5,43.7,42.7,44.3,44.2,44.2,42.7,43.2,44.4,42.2,40.2,43.7,44.1,42.7,43.3,44.9,39.0,38.5,41.7,44.6,42.0,41.2,44.8,42.9,43.5,35.7,37.9,38.3,38.0,43.6,35.5,41.1,36.8,42.9,42.2,36.5,38.5,37.8,37.4,35.7,36.8,40.9,32.5,38.3,38.6,37.0,35.9,37.4,37.9,37.8,40.4,38.4,38.7,40.3,36.6,40.4,35.8,40.7,37.5,35.5,43.3,45.3,43.1,35.9,37.4,35.6,39.1,38.6,32.8,45.5,41.3,42.5,36.6,38.6,34.2,35.9,34.7,36.1,39.8,36.1
2000,42.3,40.7,41.0,42.1,44.0,46.3,46.3,44.1,45.7,44.8,46.7,46.2,46.9,44.5,45.7,46.3,45.0,44.7,46.6,46.8,45.2,45.4,47.4,41.6,41.6,44.5,46.2,44.4,43.5,47.5,45.1,45.6,38.2,40.5,40.2,40.6,48.9,39.8,44.2,43.2,46.3,47.3,39.5,42.7,42.3,43.1,40.1,42.5,48.5,37.0,44.4,41.9,43.4,40.1,39.0,42.0,40.4,42.7,40.2,42.3,42.8,38.8,44.6,42.6,42.7,42.9,39.7,45.0,48.1,45.6,42.7,41.2,41.0,44.6,44.2,37.9,48.3,43.8,44.8,39.6,41.5,36.8,39.1,36.9,38.5,42.1,38.8
2001,47.4,44.9,45.6,47.2,47.3,48.9,49.3,47.2,48.1,47.1,48.9,48.7,49.4,46.8,48.8,48.7,47.9,47.9,49.1,49.3,47.8,47.8,50.2,44.9,45.5,47.9,48.4,47.3,46.0,50.0,47.8,48.0,41.1,43.4,42.5,43.2,53.6,44.0,48.7,47.6,50.0,51.3,43.7,46.5,47.1,48.2,45.2,46.2,54.1,42.3,50.1,45.6,49.5,44.3,41.5,45.9,43.3,45.5,43.1,45.6,45.2,42.9,48.1,47.7,45.3,47.0,43.4,47.2,50.6,48.1,48.5,47.0,45.9,48.8,48.4,42.9,50.8,46.2,47.2,43.6,45.1,40.6,42.4,39.3,41.5,45.0,41.7
2002,51.7,48.4,48.9,51.5,50.5,51.7,52.2,50.3,50.4,49.4,51.1,51.0,51.7,49.0,51.6,50.9,50.6,50.9,51.5,51.7,50.5,50.4,52.9,48.1,49.1,51.1,50.9,50.2,48.6,52.3,50.4,50.5,44.1,46.4,45.3,45.9,57.5,47.5,52.9,51.2,53.5,54.4,48.0,49.4,51.5,51.9,50.1,49.4,57.9,46.8,54.1,49.4,54.7,47.8,44.3,49.2,46.0,47.9,46.1,48.5,47.7,46.6,51.4,51.5,48.1,50.4,46.7,49.4,53.1,50.5,53.8,51.8,50.5,51.9,51.7,46.9,53.0,48.5,49.6,47.6,48.5,44.8,45.1,41.3,44.4,47.9,44.5
2003,55.2,51.1,51.7,55.1,53.0,54.2,54.6,53.1,52.4,51.6,53.3,53.2,53.7,51.1,54.1,53.0,52.9,53.1,53.4,53.5,52.8,52.4,55.2,50.6,52.1,53.7,53.0,52.7,51.1,54.5,53.0,52.6,46.9,48.9,47.7,48.5,60.5,50.0,56.6,54.0,56.4,56.7,51.5,52.0,54.8,54.7,53.7,51.9,60.8,50.1,57.1,52.6,58.9,50.7,46.3,51.8,47.8,50.0,48.7,50.8,50.0,49.7,53.8,54.4,51.0,53.1,49.2,51.5,55.2,52.4,57.5,55.7,54.0,54.4,54.5,50.0,54.8,50.5,51.7,50.9,51.5,48.8,47.5,43.1,47.0,50.4,46.9
2004,58.2,53.0,53.5,58.4,55.4,56.3,56.7,55.1,54.2,53.4,54.9,55.0,55.3,52.9,56.3,54.7,55.0,55.2,55.2,55.2,54.8,54.2,57.1,52.8,54.8,55.9,54.8,54.6,53.1,56.1,55.0,54.4,49.2,51.1,49.8,50.7,63.1,52.0,59.9,56.4,59.1,58.6,54.3,54.3,57.8,56.9,56.4,54.1,63.1,52.1,59.3,54.8,61.9,52.9,47.7,53.7,49.3,51.6,50.9,52.6,51.7,52.1,56.1,56.5,53.4,55.0,51.5,53.3,57.0,54.1,60.0,58.6,56.7,56.6,56.7,52.2,56.1,52.3,53.5,53.4,54.1,52.0,49.5,44.5,49.4,52.6,49.1
2005,60.3,54.5,54.9,60.7,57.1,58.0,58.4,56.7,55.6,54.8,56.2,56.5,56.6,54.1,57.7,56.1,56.4,56.7,56.4,56.3,56.1,55.6,58.5,54.6,57.1,57.6,56.2,56.3,54.6,57.5,56.4,55.6,51.2,52.9,51.6,52.4,65.0,53.6,62.2,58.0,61.2,59.9,56.7,56.1,59.9,58.4,58.2,55.8,64.8,54.0,60.7,56.3,64.2,54.5,48.7,55.1,50.3,52.6,52.6,54.0,53.0,54.1,57.6,57.9,55.4,56.4,53.4,54.6,58.5,55.4,61.7,60.9,58.8,58.2,58.3,53.7,57.2,53.6,55.0,55.6,56.0,54.3,51.0,45.6,51.3,54.3,51.1
2006,61.3,55.3,55.8,62.5,58.1,59.2,59.6,57.7,56.6,55.6,57.2,57.7,57.4,55.2,59.0,56.9,57.6,57.6,57.2,57.1,57.1,56.4,59.5,55.7,58.6,58.8,57.2,57.5,55.8,58.5,57.5,56.6,52.3,54.2,53.0,53.6,66.4,54.3,64.3,59.1,62.6,61.0,58.4,57.3,61.3,59.3,59.7,56.8,65.8,55.2,61.7,57.4,65.5,55.5,49.4,55.9,50.9,53.3,53.7,54.9,53.8,55.3,58.7,59.1,57.0,56.8,54.6,55.5,59.4,56.4,62.8,62.6,60.3,59.3,59.5,54.4,58.0,54.3,55.9,57.2,57.4,55.9,52.1,46.2,52.5,55.2,52.2
2007,61.7,55.4,56.0,63.6,58.9,59.9,60.3,58.4,57.0,56.2,57.5,58.5,57.9,55.8,59.6,57.4,58.0,57.9,57.6,57.2,57.8,56.8,60.0,56.4,59.7,59.5,57.6,58.1,56.3,59.0,58.0,57.0,53.2,54.7,53.6,54.1,66.9,54.3,65.4,59.7,63.7,61.0,59.5,57.8,61.7,59.5,60.3,57.1,66.2,55.7,62.1,57.5,65.8,55.8,50.0,56.3,51.5,53.7,54.4,55.3,54.1,56.3,59.0,59.3,58.0,57.1,55.2,56.0,59.9,56.8,63.3,63.9,60.8,59.7,59.6,54.9,58.4,54.7,56.4,58.2,58.3,56.6,52.4,46.5,53.4,56.0,53.1
2008,61.2,54.6,55.5,63.9,59.1,59.9,60.4,58.1,56.7,56.1,57.3,58.5,57.8,55.7,59.4,57.2,57.8,57.4,57.3,56.8,57.8,56.8,60.0,56.5,59.8,59.5,57.5,58.0,56.1,59.0,58.1,56.8,53.3,54.6,53.9,54.2,66.5,53.3,65.6,59.2,64.0,60.5,59.8,57.6,61.4,58.5,60.2,56.5,65.3,55.8,61.9,56.8,65.5,55.5,50.3,56.0,51.6,53.8,54.5,55.1,53.9,56.8,59.0,59.1,58.1,56.8,55.0,56.0,59.8,56.8,63.1,64.3,60.3,59.7,59.6,54.6,58.1,54.5,56.3,58.4,58.4,57.2,52.2,45.8,53.5,55.9,53.0
2009,59.5,52.9,53.7,63.4,58.3,59.4,59.7,57.7,55.9,55.4,56.4,58.0,57.1,55.2,58.7,56.5,57.2,56.3,56.2,55.7,57.1,56.1,59.3,55.7,59.2,58.9,56.9,57.1,55.5,58.2,57.5,55.9,52.6,54.0,53.2,53.5,65.3,51.5,65.0,58.1,63.6,58.5,59.2,56.6,60.1,56.9,59.2,55.1,63.5,55.3,61.1,55.4,64.1,53.8,49.8,55.0,51.1,53.4,54.3,54.1,53.0,56.7,57.9,57.9,57.2,55.7,53.9,55.5,58.9,56.0,61.8,63.9,58.9,59.0,58.2,53.6,57.2,53.7,55.6,57.9,57.5,56.5,51.4,44.7,53.0,55.1,52.4
2010,55.4,49.3,48.9,61.8,56.5,57.8,58.1,56.0,54.0,53.7,54.6,56.7,55.3,53.9,57.0,55.0,55.3,53.3,54.1,53.2,55.3,54.5,57.3,53.9,57.3,57.1,55.7,55.4,53.8,56.1,56.0,53.8,50.9,52.2,51.7,51.7,61.3,48.1,63.2,55.2,61.8,54.0,57.6,54.5,56.3,53.0,56.9,52.1,59.4,53.4,59.1,52.8,61.6,49.4,48.5,52.5,50.0,51.9,53.2,51.0,50.8,55.3,55.0,54.7,55.5,53.4,51.4,54.1,57.0,54.0,59.1,62.2,55.9,57.1,55.0,51.4,55.1,51.7,54.0,56.3,55.7,54.7,49.5,42.8,51.4,53.3,50.5
2011,50.4,45.5,44.1,57.6,53.4,54.9,54.8,52.5,51.8,51.1,52.4,54.6,52.6,51.8,53.6,52.6,51.9,49.3,52.0,50.8,52.4,51.8,54.3,50.4,52.4,53.4,53.8,52.0,50.8,53.2,53.3,51.0,47.3,49.0,49.2,48.6,55.6,44.8,58.6,50.4,58.9,48.9,53.0,50.0,51.7,48.6,52.6,48.0,55.3,48.9,55.1,50.2,57.2,45.0,46.4,49.2,47.4,49.4,50.9,46.9,48.7,52.4,51.1,50.0,52.8,49.7,47.1,52.2,54.4,51.6,54.2,57.4,51.1,52.5,50.6,47.1,52.9,49.5,51.2,51.8,51.3,50.8,45.4,41.2,48.4,50.2,47.0
2012,47.5,43.4,42.0,53.8,51.1,52.9,52.8,49.8,50.4,49.8,50.9,52.5,51.0,50.3,51.5,51.3,49.5,46.9,50.3,49.3,50.3,50.1,52.3,48.2,48.6,50.3,52.4,50.1,48.7,51.5,51.2,49.5,44.9,46.6,47.3,46.4,52.9,42.7,54.4,46.8,56.3,46.5,48.9,47.0,49.2,45.5,49.2,45.8,52.7,44.7,51.7,48.6,52.4,42.6,44.8,46.7,45.5,47.7,48.5,45.3,46.8,48.9,48.5,47.2,50.7,47.0,45.1,50.8,52.6,50.0,50.5,52.3,47.7,49.5,48.2,44.1,51.4,48.1,49.7,47.8,48.5,47.1,41.7,39.8,45.9,48.2,44.4
2013,45.3,41.5,40.4,51.2,49.4,51.5,51.3,48.1,49.3,48.8,49.6,50.7,49.7,49.1,50.0,50.2,47.9,45.1,49.0,48.3,48.7,49.0,51.0,46.7,46.6,49.0,51.3,48.6,47.3,50.1,49.5,48.6,43.4,45.2,45.8,45.0,50.5,41.1,51.9,44.5,54.3,45.1,46.9,45.2,47.2,43.7,46.5,43.7,50.5,42.9,49.3,47.2,49.1,41.2,43.9,44.9,44.2,46.5,46.6,44.1,45.7,46.3,46.7,45.1,49.0,44.8,43.5,49.7,51.2,48.8,48.2,49.8,45.3,47.8,46.2,42.4,50.5,46.8,48.5,45.6,46.9,44.6,40.7,38.9,44.3,46.8,42.7
2014,43.2,40.2,39.0,49.2,47.9,50.3,50.1,46.8,48.4,47.8,48.6,49.7,48.7,48.0,49.0,49.3,46.9,43.7,47.9,47.5,47.7,48.0,49.8,45.6,45.5,47.8,50.1,47.4,46.0,49.1,48.4,47.6,42.3,44.0,44.4,43.7,48.5,39.7,50.1,42.7,52.4,43.5,45.3,44.1,45.2,41.7,44.1,41.9,48.3,41.2,47.4,45.7,46.8,39.9,43.0,43.2,43.1,45.3,45.2,43.0,44.4,44.7,44.9,43.2,47.5,43.3,42.1,48.8,49.9,47.6,46.0,47.7,43.1,46.2,44.7,40.9,49.5,45.9,47.5,44.1,45.7,42.9,39.8,38.0,43.0,45.6,41.3
2015,41.4,39.0,37.9,47.4,46.7,49.2,49.0,45.8,47.6,46.8,47.8,48.6,47.7,47.1,48.0,48.5,46.1,42.7,47.1,46.7,46.6,47.1,49.0,44.6,44.4,46.8,49.2,46.5,45.2,48.4,47.4,46.8,41.1,42.8,43.2,42.4,47.3,38.5,48.6,40.9,50.7,42.4,43.8,43.0,43.5,40.3,42.0,40.2,46.1,39.5,45.6,44.4,45.0,38.7,42.2,41.6,42.1,44.5,43.9,41.8,43.6,43.4,43.5,41.4,46.3,41.7,40.8,47.9,49.1,46.7,44.4,46.1,41.1,44.8,42.6,39.8,48.4,45.0,46.6,42.8,44.4,41.5,39.2,37.3,41.8,44.4,40.4
2016,39.5,37.8,36.7,45.9,45.7,48.3,47.9,44.9,46.9,46.2,47.1,47.8,47.0,46.2,47.1,47.6,45.4,41.7,46.3,45.8,45.9,46.3,48.0,43.7,43.4,45.8,48.4,45.6,44.6,47.5,46.4,46.2,40.3,41.8,42.4,41.5,46.4,37.1,47.1,39.5,48.8,41.5,42.7,42.0,41.7,39.3,40.1,38.8,43.8,38.2,44.1,43.1,43.9,37.6,41.4,40.4,41.4,43.6,42.9,41.0,42.5,42.0,42.1,39.6,45.0,40.0,39.3,47.0,48.3,46.0,42.6,44.5,39.7,43.7,40.8,38.6,47.7,44.1,45.8,41.8,43.5,40.5,38.6,36.5,40.7,43.5,39.6
2017,37.8,37.0,35.7,44.7,44.9,47.5,47.1,44.2,46.3,45.5,46.3,47.0,46.3,45.5,46.3,46.9,44.6,40.9,45.5,45.2,45.1,45.7,47.2,43.0,42.8,45.0,47.6,44.8,43.9,47.0,45.8,45.6,39.5,41.0,41.6,40.4,45.2,36.3,45.8,38.4,47.3,40.4,41.5,41.4,40.2,38.3,38.6,37.7,41.9,37.1,42.8,41.8,42.4,36.6,40.7,39.4,40.8,43.0,42.2,40.0,41.9,41.0,41.4,37.9,44.0,38.9,38.2,46.3,47.5,45.1,41.3,43.1,38.1,42.6,39.6,37.5,46.9,43.3,45.1,40.8,42.7,39.3,38.1,35.9,39.8,42.8,38.8
2018,36.8,36.4,34.8,43.4,44.3,46.8,46.4,43.6,45.7,44.7,45.5,46.4,45.6,44.9,45.7,46.1,44.0,40.2,44.7,44.5,44.4,45.1,46.8,42.2,41.8,44.3,46.9,44.2,43.2,46.3,45.0,45.0,38.9,40.2,40.6,39.9,44.2,35.6,44.8,37.4,45.8,39.9,40.5,40.5,39.2,37.7,37.5,36.5,40.3,36.1,42.0,40.6,40.6,35.5,40.0,38.6,40.1,42.2,41.3,39.3,41.2,40.0,40.5,36.4,43.1,37.8,37.3,45.5,46.7,44.4,39.8,41.9,36.8,41.8,38.2,36.3,46.3,42.6,44.5,40.1,41.9,38.2,37.9,35.3,39.2,42.0,38.2
2019,35.7,35.7,34.1,42.2,43.5,46.3,46.0,42.9,45.1,44.1,44.9,45.8,44.9,44.3,45.3,45.6,43.4,39.3,44.1,44.0,43.8,44.5,46.2,41.4,40.9,43.7,46.3,43.6,42.3,45.7,44.3,44.4,38.2,39.8,39.8,39.5,43.1,35.2,44.0,36.6,44.8,39.4,39.5,39.5,37.6,36.5,36.2,35.7,38.8,35.2,41.0,39.7,39.3,34.9,39.4,37.8,39.5,41.7,40.5,38.2,40.5,39.0,39.8,35.2,42.2,36.8,36.5,44.9,46.2,43.7,38.6,40.6,35.5,40.7,36.9,35.3,45.8,41.9,44.0,39.3,41.1,37.3,37.3,34.7,38.5,41.5,37.5
2020,34.7,35.1,33.6,41.2,42.9,45.8,45.5,42.5,44.4,43.6,44.3,45.0,44.3,43.7,44.6,45.1,42.9,38.8,43.7,43.3,43.5,43.8,45.7,40.6,40.0,43.1,45.6,43.1,41.9,45.2,43.7,43.9,37.4,38.9,39.3,38.9,42.5,34.5,43.3,35.6,43.8,38.9,38.7,38.8,36.7,35.5,35.4,34.6,37.8,34.2,39.8,38.7,37.8,34.2,38.7,37.1,38.7,41.2,39.9,37.8,40.0,38.4,39.2,34.2,41.7,36.1,35.7,44.4,45.5,43.1,37.5,39.9,34.4,39.5,36.1,34.4,45.3,41.1,43.4,38.4,40.4,36.2,36.8,34.3,37.7,40.8,37.2
2021,33.9,34.4,33.1,40.2,42.4,45.1,44.8,42.0,43.9,43.1,43.9,44.6,43.7,43.2,44.1,44.6,42.4,38.2,43.1,42.8,42.9,43.4,45.4,40.0,39.5,42.6,45.1,42.6,41.5,44.8,43.3,43.5,36.8,38.5,38.9,38.5,42.0,33.9,42.4,34.8,42.7,38.6,37.6,38.0,36.1,35.3,34.7,33.9,36.8,33.4,38.9,37.9,36.6,33.6,38.1,36.5,38.4,40.9,39.3,37.1,39.5,37.8,38.7,33.3,41.0,35.8,35.1,43.8,45.0,42.6,36.1,38.7,33.4,38.9,35.1,33.7,44.8,40.7,43.0,37.8,39.7,35.3,36.4,33.9,37.1,40.3,36.6
2022,33.2,33.9,32.7,39.4,41.7,44.6,44.2,41.8,43.4,42.7,43.4,44.1,43.3,42.8,43.4,44.2,42.0,37.9,42.8,42.4,42.6,42.9,45.0,39.4,39.0,42.0,44.6,42.2,41.0,44.6,43.0,43.1,36.1,38.2,38.5,38.0,41.0,33.5,41.7,33.9,41.9,38.4,36.8,37.5,35.4,34.1,33.9,33.0,36.0,32.7,38.2,37.3,35.6,33.1,37.6,36.2,38.0,40.4,39.0,36.6,39.0,37.1,38.4,32.3,40.4,35.2,34.5,43.4,44.6,42.2,34.7,37.8,32.3,38.1,34.4,33.0,44.4,40.3,42.5,37.1,39.1,34.7,36.0,33.6,36.6,39.8,36.2
2023,37.1,36.5,36.1,38.8,41.7,44.6,44.3,41.9,44.1,43.1,44.6,44.5,44.5,43.0,43.4,44.7,42.5,40.6,43.9,44.5,42.9,43.6,45.2,39.3,38.6,41.9,44.9,42.3,41.5,45.2,43.2,43.8,36.0,38.3,38.7,38.4,43.6,35.6,41.1,37.0,42.8,42.5,36.6,38.5,37.9,37.5,35.8,37.1,41.3,32.7,38.4,38.8,37.1,36.1,37.5,38.2,38.0,40.5,38.4,39.0,40.4,36.6,40.8,36.2,40.9,38.0,35.8,43.6,45.7,43.5,35.9,37.2,35.8,39.2,38.9,33.0,45.9,41.7,42.8,36.8,38.9,34.2,36.0,35.2,36.4,40.1,36.5
2024,42.4,40.8,41.0,42.2,44.3,46.5,46.5,44.5,46.1,45.3,47.1,46.5,47.4,44.9,46.0,46.7,45.4,45.0,46.9,47.2,45.6,45.8,47.7,42.0,41.8,44.8,46.6,44.7,43.8,47.9,45.4,46.0,38.5,40.8,40.6,40.9,49.1,39.9,44.4,43.4,46.3,47.6,39.6,42.7,42.4,43.2,40.2,42.7,48.8,37.3,44.7,42.2,43.6,40.4,39.2,42.3,40.6,42.9,40.3,42.5,42.9,38.9,45.1,42.9,42.8,43.3,40.0,45.4,48.5,46.1,42.8,41.3,41.1,44.7,44.4,38.2,48.7,44.2,45.2,39.8,41.9,37.0,39.3,37.4,38.8,42.5,39.1
2025,47.4,45.0,45.6,47.3,47.6,49.3,49.5,47.5,48.6,47.5,49.4,49.1,49.9,47.2,49.1,49.1,48.2,48.2,49.6,49.7,48.2,48.4,50.5,45.3,45.6,48.1,48.8,47.7,46.3,50.4,48.1,48.5,41.4,43.8,42.9,43.6,53.8,44.0,49.0,47.7,50.0,51.5,43.7,46.5,47.0,48.3,45.3,46.4,54.3,42.6,50.4,45.9,49.7,44.4,41.7,46.2,43.4,45.6,43.2,45.8,45.3,43.0,48.5,48.0,45.4,47.2,43.5,47.6,51.0,48.6,48.6,47.3,46.0,48.9,48.7,43.1,51.3,46.7,47.6,43.9,45.5,40.8,42.5,39.7,41.8,45.4,42.0
2026,51.7,48.4,49.0,51.7,50.8,52.0,52.4,50.6,50.9,49.8,51.7,51.5,52.3,49.4,52.0,51.4,50.9,51.1,52.0,52.0,50.9,50.9,53.2,48.4,49.2,51.4,51.2,50.6,48.8,52.8,50.7,50.9,44.4,46.8,45.7,46.3,57.8,47.4,53.2,51.2,53.5,54.6,48.1,49.4,51.6,51.9,50.1,49.7,58.1,46.9,54.4,49.7,55.1,47.9,44.3,49.4,46.0,48.0,46.1,48.6,47.9,46.7,51.6,51.7,48.2,50.5,46.7,49.8,53.5,50.9,54.0,52.2,50.5,52.0,52.0,47.0,53.4,49.0,50.1,47.8,48.8,45.1,45.1,41.7,44.7,48.3,44.8
2027,55.3,51.0,51.8,55.3,53.4,54.6,54.9,53.4,53.1,51.9,53.8,53.7,54.2,51.5,54.5,53.5,53.2,53.3,53.9,53.9,53.0,52.8,55.6,50.9,52.2,54.0,53.3,53.2,51.4,55.0,53.3,53.1,47.1,49.1,48.1,48.9,60.7,49.9,56.9,54.0,56.4,57.0,51.6,52.0,55.0,54.8,53.7,52.2,61.0,50.1,57.3,52.7,59.2,50.7,46.2,51.9,47.8,50.0,48.8,51.0,50.2,49.8,54.1,54.5,51.1,53.2,49.2,51.9,55.6,53.0,57.6,56.0,54.0,54.6,54.7,50.2,55.3,51.1,52.1,51.1,51.7,49.0,47.5,43.4,47.3,50.8,47.2
2028,58.3,52.9,53.6,58.6,55.6,56.6,57.1,55.4,54.9,53.7,55.5,55.6,55.9,53.2,56.6,55.2,55.3,55.4,55.7,55.6,55.2,54.6,57.5,53.1,54.9,56.2,55.2,55.0,53.4,56.6,55.3,54.9,49.4,51.3,50.1,51.0,63.3,51.8,60.2,56.4,59.2,58.9,54.5,54.3,57.9,57.0,56.5,54.3,63.3,52.3,59.5,55.0,62.2,52.9,47.6,53.8,49.2,51.5,50.9,52.7,51.9,52.1,56.3,56.6,53.5,55.0,51.5,53.7,57.4,54.8,60.2,58.9,56.8,56.7,56.8,52.4,56.7,52.9,53.9,53.6,54.3,52.2,49.4,44.8,49.7,52.9,49.3
2029,60.4,54.4,54.9,60.9,57.4,58.4,58.8,57.0,56.1,55.2,56.8,57.1,57.3,54.5,58.2,56.6,56.8,56.9,57.1,56.8,56.4,56.1,58.9,54.8,57.2,57.9,56.5,56.7,54.9,57.9,56.7,56.2,51.3,53.0,51.9,52.7,65.2,53.5,62.6,58.1,61.4,60.1,56.9,56.0,60.1,58.6,58.3,55.9,65.0,54.2,60.9,56.5,64.4,54.4,48.6,55.2,50.2,52.5,52.5,54.1,53.2,54.1,57.8,58.0,55.5,56.4,53.4,54.9,59.0,56.1,62.0,61.3,58.9,58.4,58.4,53.8,57.8,54.2,55.4,55.8,56.2,54.5,50.9,45.9,51.5,54.6,51.3
2030,61.5,55.2,55.8,62.8,58.4,59.6,60.0,58.1,57.2,56.0,57.8,58.2,58.0,55.7,59.4,57.4,58.0,57.7,57.8,57.7,57.5,56.9,59.9,56.0,58.8,59.1,57.5,57.9,56.1,58.9,57.9,57.2,52.5,54.4,53.2,53.8,66.6,54.1,64.7,59.2,62.8,61.3,58.7,57.3,61.5,59.4,59.8,57.0,66.0,55.5,62.0,57.5,65.7,55.5,49.4,56.0,50.8,53.3,53.7,54.9,53.9,55.2,58.7,59.1,57.0,56.9,54.6,55.9,59.9,57.1,63.0,62.9,60.4,59.4,59.6,54.5,58.6,55.0,56.4,57.4,57.6,56.1,52.0,46.6,52.8,55.5,52.4
2031,61.9,55.4,56.0,63.9,59.2,60.3,60.6,58.7,57.6,56.6,58.1,59.0,58.5,56.2,60.0,57.9,58.4,58.0,58.3,57.8,58.2,57.3,60.5,56.7,59.9,59.7,58.0,58.5,56.7,59.4,58.3,57.5,53.4,54.9,53.9,54.4,67.2,54.2,65.8,59.7,63.8,61.4,59.8,57.8,61.8,59.7,60.4,57.2,66.4,55.9,62.4,57.7,66.1,55.8,49.9,56.4,51.3,53.6,54.3,55.4,54.2,56.3,59.2,59.4,58.0,57.2,55.2,56.4,60.3,57.5,63.6,64.3,60.9,59.8,59.8,55.0,59.0,55.3,56.9,58.5,58.5,56.8,52.3,46.8,53.6,56.3,53.2
2032,61.3,54.5,55.5,64.2,59.3,60.3,60.8,58.4,57.4,56.5,57.9,59.0,58.4,56.1,59.9,57.7,58.3,57.6,58.0,57.5,58.2,57.2,60.5,56.8,60.1,59.8,58.0,58.4,56.5,59.2,58.5,57.3,53.5,54.8,54.1,54.4,66.8,53.3,66.0,59.3,64.2,61.0,60.1,57.6,61.5,58.7,60.2,56.7,65.5,56.0,62.1,57.0,65.8,55.5,50.2,56.2,51.5,53.7,54.5,55.2,54.0,56.7,59.2,59.2,58.1,57.0,54.9,56.4,60.2,57.4,63.3,64.8,60.4,59.8,59.7,54.7,58.6,55.1,56.7,58.7,58.6,57.4,52.0,46.1,53.8,56.3,53.2
2033,59.6,53.0,53.7,63.8,58.5,59.8,60.0,57.9,56.5,55.8,56.9,58.5,57.7,55.6,59.1,57.0,57.6,56.5,56.8,56.2,57.5,56.6,59.7,56.0,59.4,59.1,57.3,57.5,55.9,58.5,57.9,56.4,52.7,54.2,53.4,53.7,65.6,51.5,65.5,58.3,63.8,59.0,59.5,56.7,60.3,57.1,59.3,55.2,63.7,55.4,61.3,55.6,64.4,53.8,49.8,55.2,51.1,53.4,54.2,54.2,53.1,56.5,58.0,58.1,57.2,55.9,53.8,55.9,59.4,56.6,62.1,64.4,59.1,59.1,58.4,53.8,57.8,54.2,56.0,58.2,57.8,56.6,51.2,45.1,53.2,55.5,52.6
2034,55.6,49.4,49.0,62.1,56.8,58.2,58.4,56.3,54.6,54.2,55.1,57.2,55.8,54.3,57.4,55.5,55.8,53.6,54.7,53.7,55.7,55.0,57.8,54.1,57.5,57.3,56.2,55.8,54.3,56.5,56.4,54.3,51.0,52.5,51.9,51.9,61.6,48.2,63.6,55.4,62.1,54.5,57.7,54.5,56.3,53.3,57.0,52.2,59.7,53.7,59.4,53.0,62.0,49.5,48.5,52.8,49.9,51.9,53.1,51.3,50.9,55.1,55.3,54.9,55.4,53.5,51.3,54.6,57.5,54.6,59.3,62.6,56.0,57.2,55.2,51.6,55.6,52.2,54.5,56.5,55.9,54.8,49.5,43.2,51.6,53.7,50.8
2035,50.3,45.6,44.1,57.9,53.5,55.3,55.2,52.7,52.3,51.5,52.9,55.0,53.1,52.3,53.9,53.1,52.3,49.6,52.5,51.2,52.7,52.2,54.7,50.6,52.6,53.6,54.3,52.4,51.3,53.6,53.7,51.5,47.5,49.2,49.4,48.8,55.8,44.8,59.0,50.7,59.2,49.1,53.2,50.3,51.7,48.8,52.8,48.2,55.5,49.2,55.4,50.4,57.5,45.0,46.3,49.4,47.3,49.3,50.8,47.3,48.8,52.3,51.4,50.2,52.8,49.9,47.1,52.6,54.8,52.1,54.5,57.9,51.2,52.8,50.8,47.4,53.3,50.0,51.6,52.1,51.6,50.9,45.4,41.5,48.6,50.5,47.3
2036,47.5,43.4,41.9,54.0,51.2,53.2,53.0,49.9,51.0,50.3,51.4,53.1,51.5,50.7,51.8,51.7,49.9,47.1,50.8,49.7,50.5,50.5,52.7,48.4,48.8,50.5,52.9,50.4,49.1,51.9,51.5,50.1,45.1,46.8,47.5,46.5,53.1,42.7,54.7,47.1,56.5,46.7,49.1,47.3,49.1,45.7,49.4,45.9,53.0,44.9,52.1,48.8,52.7,42.6,44.6,46.9,45.4,47.7,48.5,45.5,46.9,48.9,48.7,47.4,50.6,47.3,45.0,51.3,53.1,50.4,50.7,52.6,47.8,49.8,48.3,44.4,51.9,48.6,50.1,48.0,48.6,47.1,41.7,40.2,46.1,48.5,44.5
2037,45.2,41.4,40.3,51.2,49.5,51.8,51.5,48.3,49.8,49.3,50.2,51.3,50.3,49.5,50.3,50.6,48.2,45.4,49.5,48.7,48.9,49.4,51.3,46.9,46.8,49.1,51.7,48.9,47.8,50.5,49.8,49.1,43.5,45.4,46.0,45.1,50.8,41.1,52.1,44.8,54.5,45.1,46.9,45.4,47.2,43.7,46.7,43.9,50.8,43.1,49.7,47.4,49.4,41.2,43.7,45.1,44.1,46.4,46.6,44.3,45.9,46.3,47.0,45.3,49.0,45.0,43.4,50.1,51.7,49.2,48.5,50.0,45.4,48.0,46.3,42.6,51.0,47.3,48.9,45.8,47.0,44.7,40.8,39.2,44.4,47.0,42.8
2038,43.1,40.1,38.8,49.2,48.0,50.6,50.3,47.0,49.0,48.2,49.1,50.2,49.3,48.4,49.3,49.7,47.1,44.0,48.3,47.8,47.9,48.4,50.1,45.8,45.6,47.9,50.5,47.6,46.3,49.6,48.6,48.2,42.4,44.2,44.6,43.8,48.6,39.7,50.3,42.9,52.6,43.6,45.3,44.3,45.3,41.8,44.4,42.0,48.5,41.4,47.7,45.9,47.2,39.9,42.8,43.5,42.9,45.1,45.2,43.2,44.7,44.7,45.2,43.3,47.5,43.4,42.0,49.2,50.4,48.1,46.3,47.8,43.2,46.4,44.6,41.2,50.0,46.3,47.9,44.1,45.7,42.9,39.8,38.3,43.1,45.9,41.4
2039,41.4,38.9,37.8,47.4,46.8,49.4,49.1,46.0,48.1,47.2,48.3,49.1,48.2,47.5,48.2,48.9,46.2,43.1,47.6,47.1,46.8,47.5,49.3,44.7,44.4,46.9,49.5,46.7,45.5,48.8,47.6,47.3,41.2,42.9,43.4,42.7,47.4,38.4,48.9,41.2,50.9,42.5,43.8,43.2,43.5,40.5,42.3,40.4,46.4,39.7,46.0,44.5,45.3,38.6,42.0,41.9,42.0,44.3,43.9,42.1,43.8,43.3,43.8,41.3,46.4,42.0,40.9,48.3,49.6,47.2,44.7,46.2,41.3,45.1,42.6,40.0,48.9,45.5,47.0,42.9,44.4,41.5,39.2,37.6,41.9,44.7,40.6
2040,39.6,37.8,36.6,45.8,45.8,48.4,48.0,45.1,47.4,46.5,47.6,48.3,47.6,46.5,47.3,48.0,45.6,42.1,46.7,46.3,46.1,46.7,48.3,43.9,43.4,45.8,48.7,45.9,44.9,48.0,46.7,46.7,40.4,42.0,42.6,41.7,46.6,37.1,47.3,39.8,49.0,41.6,42.7,42.2,41.7,39.4,40.4,38.9,44.1,38.4,44.6,43.2,44.2,37.5,41.2,40.6,41.3,43.5,42.9,41.2,42.8,42.0,42.5,39.7,45.0,40.3,39.3,47.3,48.7,46.5,43.0,44.5,39.9,43.9,40.8,38.8,48.3,44.5,46.1,41.9,43.5,40.5,38.6,36.9,40.8,43.8,39.8
2041,38.0,37.0,35.6,44.6,45.0,47.6,47.2,44.5,46.7,45.7,46.7,47.5,46.7,45.8,46.4,47.3,44.8,41.2,45.9,45.6,45.3,46.1,47.5,43.2,42.8,45.0,47.9,45.0,44.1,47.4,46.0,46.2,39.6,41.1,41.7,40.7,45.3,36.3,46.0,38.6,47.5,40.5,41.4,41.6,40.2,38.4,39.0,37.7,42.2,37.2,43.2,41.8,42.7,36.5,40.5,39.6,40.7,42.9,42.1,40.2,42.1,41.0,41.8,37.9,44.0,39.1,38.2,46.6,47.9,45.6,41.6,43.2,38.4,42.8,39.6,37.7,47.5,43.8,45.4,40.9,42.7,39.3,38.2,36.2,39.9,43.0,38.9
2042,36.9,36.4,34.9,43.3,44.4,46.9,46.6,43.8,46.0,45.0,46.0,46.7,46.0,45.2,45.8,46.6,44.2,40.5,45.2,45.0,44.7,45.5,47.1,42.3,41.8,44.4,47.2,44.5,43.4,46.7,45.2,45.5,39.0,40.4,40.8,40.1,44.4,35.6,45.0,37.6,46.0,40.0,40.4,40.6,39.2,37.9,37.8,36.5,40.6,36.1,42.3,40.8,41.0,35.4,39.9,38.9,40.0,42.2,41.3,39.4,41.5,40.0,40.9,36.5,43.1,38.1,37.3,45.8,47.2,44.9,40.2,41.9,37.1,41.9,38.3,36.5,46.8,43.1,44.7,40.1,42.0,38.2,37.9,35.7,39.2,42.1,38.3
2043,35.8,35.6,34.2,42.3,43.7,46.5,46.2,43.1,45.5,44.4,45.3,46.1,45.3,44.6,45.5,46.1,43.6,39.7,44.6,44.5,44.0,44.8,46.5,41.5,40.8,43.8,46.5,43.8,42.6,46.1,44.4,44.9,38.3,40.0,40.0,39.7,43.2,35.3,44.1,36.8,44.9,39.4,39.4,39.6,37.7,36.7,36.6,35.6,39.0,35.2,41.3,39.8,39.7,34.9,39.3,38.0,39.4,41.6,40.6,38.5,40.8,39.1,40.1,35.2,42.3,37.0,36.5,45.2,46.6,44.2,38.9,40.6,35.7,40.8,36.8,35.4,46.3,42.3,44.3,39.4,41.2,37.2,37.4,35.1,38.5,41.7,37.6
2044,34.8,35.1,33.6,41.1,43.0,46.0,45.6,42.7,44.8,43.9,44.8,45.4,44.8,44.0,44.8,45.6,43.2,39.1,44.2,43.7,43.7,44.2,46.0,40.7,40.0,43.2,45.8,43.3,42.1,45.6,43.9,44.5,37.5,39.1,39.5,39.1,42.5,34.5,43.4,35.8,44.0,38.9,38.6,38.9,36.7,35.7,35.7,34.6,38.0,34.2,40.1,38.8,38.3,34.2,38.5,37.3,38.6,41.1,39.9,38.0,40.2,38.4,39.6,34.3,41.7,36.2,35.8,44.7,45.9,43.6,37.7,39.9,34.5,39.7,36.0,34.5,45.8,41.7,43.7,38.4,40.4,36.2,36.8,34.6,37.8,41.0,37.2
2045,34.0,34.3,33.2,40.1,42.5,45.3,44.9,42.2,44.3,43.4,44.4,45.0,44.1,43.4,44.3,45.0,42.6,38.5,43.6,43.3,43.1,43.7,45.7,40.1,39.5,42.7,45.3,42.8,41.7,45.3,43.5,44.0,36.8,38.5,39.1,38.6,42.0,33.9,42.4,35.1,42.8,38.5,37.5,38.0,36.1,35.3,34.9,33.9,36.9,33.4,39.1,38.1,37.0,33.6,38.0,36.7,38.2,40.8,39.3,37.4,39.7,37.9,39.1,33.4,41.0,35.8,35.2,44.1,45.5,43.0,36.4,38.7,33.5,39.1,35.0,33.7,45.4,41.2,43.2,37.8,39.8,35.3,36.4,34.3,37.1,40.5,36.7
2046,33.3,33.9,32.9,39.3,41.8,44.8,44.3,42.0,43.7,42.9,43.9,44.6,43.7,43.1,43.6,44.5,42.2,38.3,43.2,42.9,42.8,43.2,45.4,39.5,39.0,42.1,44.9,42.5,41.2,45.1,43.2,43.6,36.1,38.3,38.7,38.1,41.0,33.6,41.7,34.1,42.0,38.4,36.7,37.6,35.4,34.2,34.2,33.1,36.2,32.7,38.3,37.4,36.0,33.2,37.5,36.4,37.8,40.4,39.1,36.8,39.2,37.1,38.8,32.4,40.4,35.3,34.5,43.6,45.1,42.7,35.0,37.8,32.4,38.1,34.5,33.0,44.9,40.8,42.7,37.0,39.2,34.6,36.0,34.0,36.6,40.0,36.2
2047,37.3,36.6,36.2,38.8,41.8,44.8,44.4,42.1,44.6,43.3,45.1,45.0,45.1,43.2,43.6,45.1,42.7,41.1,44.5,45.1,43.2,43.9,45.6,39.5,38.6,42.0,45.1,42.5,41.7,45.7,43.4,44.4,36.1,38.4,38.9,38.5,43.8,35.7,41.1,37.5,43.1,42.7,36.6,38.8,38.1,37.8,36.2,37.2,41.6,32.7,38.6,39.0,37.7,36.2,37.5,38.6,37.9,40.6,38.5,39.2,40.7,36.7,41.4,36.4,40.9,38.3,36.0,43.9,46.3,44.0,36.4,37.2,36.0,39.3,39.2,33.1,46.4,42.3,43.1,36.8,39.0,34.2,36.1,35.7,36.4,40.3,36.6
2048,42.5,40.8,41.0,42.3,44.5,46.7,46.7,44.6,46.6,45.5,47.6,47.1,47.9,45.2,46.2,47.1,45.6,45.4,47.5,47.8,45.8,46.1,48.1,42.2,41.8,44.9,46.9,45.0,44.1,48.4,45.7,46.6,38.6,41.0,40.8,41.1,49.3,40.1,44.4,43.8,46.6,47.8,39.7,42.8,42.5,43.4,40.5,42.9,49.1,37.3,45.1,42.4,44.2,40.5,39.2,42.7,40.6,42.9,40.5,42.8,43.2,39.1,45.5,43.0,42.9,43.6,40.1,45.7,49.1,46.7,43.3,41.4,41.3,44.8,44.6,38.2,49.2,44.8,45.4,40.0,42.0,37.0,39.4,37.9,39.0,42.7,39.4
2049,47.5,45.1,45.5,47.4,47.7,49.4,49.6,47.7,49.0,47.8,49.9,49.6,50.4,47.5,49.2,49.5,48.5,48.5,50.1,50.2,48.4,48.7,50.8,45.5,45.8,48.3,49.1,47.9,46.6,51.0,48.4,49.1,41.6,44.1,43.2,43.8,54.1,44.0,49.1,48.0,50.3,51.7,43.9,46.5,47.0,48.3,45.6,46.6,54.6,42.7,50.7,46.1,50.3,44.5,41.6,46.5,43.4,45.5,43.3,46.1,45.6,43.2,48.9,48.1,45.5,47.4,43.6,47.9,51.6,49.2,49.0,47.5,46.0,48.9,48.9,43.2,51.8,47.2,47.9,44.0,45.7,41.0,42.6,40.2,42.0,45.6,42.3
2050,51.8,48.4,48.9,51.8,51.0,52.1,52.5,50.8,51.4,50.0,52.2,52.1,52.8,49.6,52.1,51.7,51.1,51.4,52.5,52.6,51.1,51.1,53.5,48.7,49.4,51.5,51.5,50.8,49.1,53.4,51.0,51.6,44.6,47.1,45.9,46.5,58.1,47.4,53.5,51.6,53.8,54.8,48.2,49.4,51.6,51.9,50.4,49.8,58.3,46.9,54.7,49.9,55.5,47.9,44.3,49.7,46.0,47.9,46.2,48.9,48.2,46.9,52.0,51.9,48.3,50.6,46.8,50.1,54.1,51.4,54.4,52.4,50.5,52.0,52.1,47.0,53.9,49.4,50.3,48.0,48.9,45.3,45.2,42.2,44.9,48.5,45.1
2051,55.3,50.9,51.8,55.5,53.6,54.7,55.0,53.6,53.5,52.2,54.4,54.2,54.7,51.7,54.5,53.8,53.5,53.6,54.4,54.5,53.2,53.1,55.9,51.2,52.4,54.1,53.6,53.4,51.6,55.6,53.4,53.8,47.3,49.5,48.4,49.2,61.1,49.9,57.3,54.4,56.7,57.2,51.7,52.0,55.0,54.7,53.9,52.3,61.1,50.0,57.7,52.9,59.6,50.6,46.2,52.1,47.8,50.0,48.8,51.2,50.5,49.9,54.4,54.6,51.1,53.3,49.2,52.1,56.2,53.4,57.9,56.3,54.1,54.6,54.8,50.2,55.8,51.5,52.4,51.3,51.9,49.2,47.5,44.0,47.5,51.1,47.4
2052,58.3,52.9,53.6,58.8,55.9,56.8,57.1,55.7,55.3,54.0,56.0,56.0,56.5,53.5,56.7,55.5,55.6,55.6,56.1,56.2,55.4,54.8,57.8,53.3,55.1,56.5,55.4,55.3,53.6,57.0,55.5,55.5,49.6,51.6,50.3,51.3,63.7,51.9,60.6,56.6,59.5,59.1,54.6,54.3,57.9,57.0,56.7,54.4,63.4,52.2,59.8,55.2,62.6,52.8,47.6,54.0,49.2,51.5,50.9,53.0,52.1,52.3,56.5,56.6,53.5,55.2,51.5,53.9,58.0,55.3,60.5,59.3,56.9,56.6,56.9,52.4,57.2,53.3,54.2,53.7,54.5,52.3,49.5,45.4,49.9,53.1,49.5
2053,60.5,54.3,55.0,61.2,57.7,58.5,58.9,57.3,56.5,55.5,57.3,57.5,57.9,54.7,58.4,56.8,57.0,57.1,57.4,57.4,56.7,56.3,59.3,55.2,57.4,58.2,56.8,56.9,55.2,58.3,57.0,56.8,51.4,53.3,52.0,52.8,65.5,53.5,63.0,58.4,61.7,60.4,56.9,56.1,60.1,58.6,58.5,56.0,65.1,54.1,61.2,56.6,64.8,54.4,48.5,55.3,50.1,52.5,52.5,54.3,53.4,54.2,58.0,58.1,55.5,56.5,53.4,55.2,59.6,56.7,62.3,61.6,59.0,58.4,58.5,53.8,58.4,54.6,55.7,55.9,56.4,54.5,51.0,46.5,51.7,54.8,51.4
2054,61.6,55.1,55.8,63.1,58.8,59.8,60.2,58.4,57.6,56.3,58.4,58.6,58.6,56.0,59.7,57.7,58.2,57.9,58.3,58.2,57.8,57.1,60.2,56.3,59.0,59.5,57.9,58.1,56.3,59.3,58.1,57.7,52.6,54.6,53.3,54.0,66.9,54.1,65.1,59.5,63.1,61.6,58.8,57.4,61.5,59.5,60.0,57.1,66.1,55.4,62.3,57.7,66.1,55.5,49.3,56.1,50.7,53.3,53.8,55.1,54.1,55.4,58.9,59.2,56.9,57.0,54.6,56.2,60.6,57.6,63.5,63.3,60.5,59.4,59.7,54.6,59.2,55.4,56.7,57.5,57.9,56.1,52.1,47.2,53.0,55.7,52.5
2055,62.0,55.3,56.1,64.2,59.6,60.6,60.9,59.1,57.9,56.9,58.6,59.4,59.0,56.6,60.3,58.2,58.7,58.1,58.8,58.3,58.4,57.5,60.8,57.1,60.2,60.1,58.3,58.8,56.8,59.7,58.6,57.9,53.5,55.1,54.0,54.5,67.5,54.1,66.3,60.1,64.2,61.7,59.9,57.9,61.8,59.9,60.6,57.3,66.5,55.9,62.8,57.8,66.5,55.9,49.8,56.5,51.2,53.6,54.4,55.5,54.4,56.4,59.3,59.5,57.9,57.3,55.2,56.7,61.0,58.0,64.0,64.7,60.9,59.8,59.9,55.0,59.5,55.8,57.3,58.6,58.7,57.0,52.4,47.5,53.8,56.5,53.3
2056,61.3,54.5,55.6,64.4,59.6,60.6,61.1,58.8,57.7,56.7,58.4,59.4,58.8,56.4,60.2,58.0,58.5,57.7,58.5,58.0,58.5,57.4,60.7,57.0,60.3,60.1,58.2,58.7,56.7,59.6,58.7,57.8,53.6,55.0,54.2,54.5,67.2,53.3,66.5,59.7,64.6,61.2,60.2,57.6,61.6,59.0,60.5,56.7,65.7,56.0,62.5,57.1,66.1,55.6,50.2,56.2,51.5,53.8,54.6,55.4,54.2,56.8,59.3,59.3,57.9,57.0,54.9,56.8,60.7,58.0,63.7,65.1,60.5,59.7,59.8,54.7,59.1,55.5,57.0,58.7,58.8,57.4,52.1,46.7,54.0,56.4,53.2
2057,59.6,52.9,53.8,64.0,58.8,60.2,60.3,58.2,56.8,56.0,57.5,58.9,58.1,55.8,59.5,57.3,57.8,56.5,57.3,56.8,57.8,56.9,59.9,56.2,59.5,59.5,57.6,57.9,56.0,58.9,58.2,56.8,52.9,54.4,53.4,53.7,66.0,51.6,66.0,58.7,64.2,59.2,59.6,56.7,60.3,57.3,59.4,55.3,63.8,55.4,61.7,55.7,64.8,53.9,49.8,55.3,51.1,53.4,54.3,54.3,53.2,56.6,58.1,58.2,57.1,55.9,53.8,56.2,59.8,57.1,62.5,64.7,59.1,59.1,58.4,53.8,58.2,54.6,56.3,58.3,57.9,56.7,51.3,45.7,53.3,55.6,52.6
2058,55.7,49.3,49.2,62.3,57.0,58.5,58.7,56.5,54.9,54.3,55.6,57.5,56.2,54.5,57.7,55.8,56.0,53.7,55.2,54.3,55.9,55.2,58.0,54.4,57.5,57.6,56.4,56.1,54.4,57.0,56.6,54.7,51.2,52.6,52.0,52.0,62.1,48.3,64.1,55.9,62.5,54.7,57.8,54.6,56.4,53.4,57.2,52.3,59.8,53.7,59.6,53.2,62.3,49.7,48.5,53.0,49.9,52.0,53.2,51.5,51.1,55.2,55.5,55.1,55.3,53.6,51.3,54.9,58.0,55.1,59.8,62.9,56.0,57.2,55.4,51.6,56.1,52.6,54.7,56.6,56.0,54.9,49.6,43.8,51.8,53.8,50.8
2059,50.5,45.6,44.3,58.1,53.7,55.6,55.5,52.9,52.5,51.6,53.4,55.4,53.5,52.5,54.2,53.3,52.4,49.8,52.9,51.8,52.9,52.4,55.0,50.9,52.7,53.8,54.5,52.7,51.3,54.0,53.7,51.9,47.6,49.3,49.5,48.9,56.2,44.8,59.4,51.1,59.6,49.2,53.3,50.4,51.7,48.9,52.9,48.4,55.6,49.3,55.7,50.5,57.8,45.2,46.3,49.7,47.3,49.4,51.0,47.5,49.0,52.5,51.7,50.4,52.8,50.0,47.1,52.8,55.3,52.5,55.0,58.2,51.1,52.9,51.0,47.5,53.8,50.3,51.8,52.3,51.8,51.1,45.6,42.1,48.7,50.6,47.3
2060,47.6,43.3,42.1,54.1,51.4,53.4,53.2,50.1,51.2,50.3,51.9,53.4,51.9,50.8,51.9,51.9,49.9,47.3,51.2,50.2,50.5,50.7,53.0,48.5,48.9,50.6,52.9,50.5,49.1,52.2,51.6,50.5,45.2,46.9,47.6,46.5,53.5,42.7,55.1,47.5,57.0,46.7,49.1,47.3,49.1,45.8,49.6,46.0,53.1,44.9,52.3,48.8,52.9,42.8,44.6,47.3,45.4,47.7,48.6,45.7,47.2,49.1,49.0,47.4,50.5,47.4,44.9,51.3,53.5,50.8,51.2,52.7,47.8,49.8,48.3,44.4,52.3,48.9,50.1,48.2,48.8,47.3,41.8,40.7,46.2,48.5,44.6
2061,45.3,41.2,40.4,51.3,49.7,51.9,51.7,48.3,49.9,49.3,50.6,51.6,50.7,49.6,50.4,50.8,48.2,45.7,49.9,49.1,48.9,49.5,51.6,47.1,46.9,49.2,51.7,49.0,47.8,50.8,49.8,49.4,43.6,45.5,46.0,45.1,51.1,41.1,52.4,45.2,54.9,45.2,46.9,45.4,47.2,43.8,46.8,44.0,51.0,43.1,50.0,47.5,49.7,41.4,43.7,45.5,44.1,46.4,46.7,44.6,46.1,46.4,47.4,45.4,49.0,45.3,43.4,50.1,52.1,49.5,48.9,50.1,45.4,48.0,46.5,42.7,51.4,47.7,48.9,45.9,47.1,44.8,40.7,39.8,44.5,47.1,42.9
2062,43.3,40.0,39.0,49.3,48.1,50.7,50.5,47.1,49.2,48.2,49.5,50.5,49.6,48.5,49.3,49.8,47.1,44.4,48.7,48.3,47.9,48.4,50.2,45.9,45.6,48.0,50.5,47.7,46.3,49.8,48.7,48.5,42.5,44.3,44.7,43.9,48.8,39.8,50.6,43.2,52.9,43.6,45.4,44.4,45.4,41.9,44.5,42.1,48.9,41.4,48.1,46.0,47.5,40.0,42.8,43.9,42.9,45.1,45.3,43.4,44.8,44.9,45.5,43.3,47.5,43.7,42.1,49.2,50.8,48.4,46.6,47.9,43.2,46.5,44.7,41.4,50.5,46.6,47.9,44.2,45.7,43.1,39.9,38.8,43.2,45.9,41.5
2063,41.5,38.8,37.9,47.6,46.9,49.5,49.3,46.0,48.2,47.3,48.7,49.3,48.5,47.5,48.2,48.9,46.2,43.4,47.9,47.5,46.8,47.5,49.4,44.8,44.5,46.9,49.5,46.9,45.4,49.0,47.6,47.6,41.4,43.0,43.5,42.7,47.6,38.5,49.0,41.5,51.3,42.6,43.8,43.4,43.6,40.6,42.4,40.3,46.7,39.6,46.4,44.7,45.7,38.7,41.9,42.1,41.9,44.3,44.0,42.3,44.0,43.6,44.1,41.4,46.4,42.2,40.8,48.2,49.9,47.5,45.1,46.3,41.3,45.1,42.6,40.1,49.4,45.7,47.0,43.0,44.5,41.8,39.3,38.1,42.0,44.6,40.6
2064,39.8,37.8,36.8,45.9,45.9,48.5,48.2,45.1,47.5,46.6,47.8,48.4,47.8,46.6,47.3,48.0,45.6,42.4,47.0,46.7,46.1,46.7,48.4,43.9,43.4,45.9,48.6,46.0,44.8,48.2,46.7,46.9,40.7,42.1,42.6,41.8,46.7,37.2,47.4,40.1,49.2,41.7,42.8,42.3,41.8,39.4,40.5,38.8,44.3,38.3,44.9,43.3,44.5,37.6,41.3,41.0,41.3,43.4,42.9,41.4,43.0,42.2,42.8,39.7,45.0,40.6,39.4,47.3,49.1,46.7,43.4,44.5,39.9,43.9,40.9,38.7,48.7,44.8,46.2,42.0,43.6,40.7,38.8,37.4,40.9,43.8,39.9
2065,38.2,37.0,35.8,44.7,45.1,47.7,47.3,44.6,46.7,45.8,47.0,47.5,46.9,45.9,46.4,47.3,44.7,41.5,46.1,46.1,45.3,46.1,47.6,43.2,42.9,45.1,47.9,45.1,44.1,47.5,46.0,46.3,39.9,41.4,41.8,40.8,45.4,36.4,46.0,38.9,47.7,40.6,41.6,41.7,40.3,38.5,39.1,37.6,42.4,37.2,43.5,42.0,43.0,36.6,40.5,39.9,40.7,42.8,42.1,40.3,42.3,41.1,42.2,37.9,43.9,39.4,38.2,46.6,48.2,45.9,42.1,43.2,38.4,42.8,39.6,37.6,47.8,44.0,45.4,41.0,42.7,39.5,38.4,36.8,40.1,43.0,39.1
2066,37.1,36.4,35.1,43.5,44.4,47.0,46.7,43.9,46.0,45.0,46.2,46.7,46.1,45.2,45.8,46.5,44.2,40.9,45.3,45.4,44.7,45.5,47.2,42.3,41.9,44.5,47.1,44.5,43.4,46.8,45.3,45.7,39.2,40.6,40.9,40.2,44.4,35.7,45.1,37.8,46.2,40.0,40.5,40.9,39.3,37.8,37.9,36.4,40.8,36.1,42.5,40.8,41.4,35.6,39.9,39.1,40.0,42.2,41.4,39.7,41.7,40.1,41.3,36.5,43.0,38.4,37.4,45.8,47.4,45.1,40.6,41.9,37.1,41.9,38.3,36.4,47.1,43.2,44.7,40.2,42.0,38.3,38.2,36.3,39.4,42.1,38.5
2067,36.0,35.6,34.4,42.4,43.7,46.6,46.3,43.2,45.4,44.4,45.5,46.1,45.4,44.6,45.5,46.0,43.7,40.0,44.8,44.9,44.1,44.8,46.5,41.6,40.9,43.9,46.5,43.9,42.6,46.2,44.5,45.0,38.4,40.2,40.2,39.8,43.2,35.4,44.2,37.1,45.1,39.4,39.5,39.7,37.8,36.8,36.7,35.6,39.1,35.1,41.4,39.9,40.0,35.0,39.3,38.3,39.5,41.6,40.7,38.7,41.0,39.2,40.5,35.3,42.2,37.3,36.5,45.2,46.8,44.4,39.3,40.6,35.7,40.9,36.7,35.3,46.6,42.5,44.3,39.4,41.1,37.3,37.6,35.8,38.6,41.7,37.8
2068,35.0,35.0,33.9,41.2,43.1,46.0,45.7,42.7,44.8,43.9,45.0,45.4,44.8,44.1,44.7,45.5,43.3,39.4,44.3,44.1,43.7,44.1,46.1,40.8,40.1,43.3,45.8,43.4,42.1,45.6,43.9,44.5,37.6,39.3,39.7,39.3,42.5,34.6,43.5,36.0,44.2,38.9,38.7,38.9,36.8,35.7,35.9,34.5,38.1,34.0,40.2,38.9,38.6,34.4,38.6,37.5,38.7,41.2,40.0,38.3,40.5,38.6,39.9,34.4,41.7,36.5,35.8,44.6,46.1,43.8,38.1,39.9,34.7,39.7,35.9,34.2,45.9,41.8,43.7,38.5,40.4,36.4,37.0,35.3,37.9,41.0,37.4
2069,34.2,34.2,33.4,40.3,42.5,45.3,44.9,42.3,44.3,43.4,44.5,45.0,44.2,43.5,44.3,45.0,42.6,38.8,43.8,43.6,43.1,43.7,45.7,40.1,39.5,42.8,45.3,42.8,41.7,45.3,43.5,44.0,36.9,38.8,39.3,38.8,42.0,34.0,42.6,35.2,43.0,38.6,37.7,38.1,36.1,35.4,35.1,33.9,37.1,33.2,39.2,38.1,37.3,33.9,38.0,37.0,38.3,40.9,39.4,37.6,40.0,38.0,39.3,33.2,41.0,36.1,35.2,44.1,45.6,43.1,36.8,38.8,33.7,39.2,35.0,33.5,45.6,41.3,43.2,37.9,39.8,35.5,36.7,34.9,37.3,40.6,36.9
2070,33.5,33.9,33.1,39.4,41.8,44.8,44.4,41.9,43.7,42.9,44.0,44.5,43.7,43.1,43.7,44.5,42.2,38.6,43.4,43.3,42.8,43.3,45.4,39.5,39.1,42.2,44.8,42.5,41.2,45.0,43.2,43.5,36.3,38.6,39.0,38.3,41.0,33.5,41.9,34.2,42.3,38.5,36.9,37.8,35.6,34.4,34.4,33.1,36.4,32.6,38.4,37.5,36.3,33.5,37.6,36.7,37.9,40.5,39.2,37.1,39.4,37.3,39.1,32.4,40.4,35.5,34.6,43.6,45.1,42.8,35.2,37.9,32.6,38.3,34.5,32.8,45.1,40.9,42.7,37.1,39.1,34.7,36.3,34.6,36.7,40.1,36.5
2071,37.7,36.6,36.5,39.0,41.9,44.9,44.5,42.2,44.6,43.3,45.3,45.1,45.2,43.3,43.8,45.1,42.9,41.5,44.6,45.4,43.2,44.0,45.7,39.6,38.8,42.2,45.1,42.5,41.8,45.8,43.4,44.4,36.3,38.7,39.2,38.8,44.0,35.9,41.3,37.8,43.4,42.8,36.8,39.1,38.4,38.0,36.5,37.5,42.0,32.7,38.8,39.2,38.0,36.5,37.6,38.9,37.9,40.8,38.6,39.5,41.0,36.9,41.7,36.6,41.0,38.6,36.1,43.9,46.3,44.2,36.9,37.3,36.3,39.5,39.3,32.9,46.7,42.4,43.1,37.0,39.0,34.3,36.4,36.3,36.6,40.5,36.9
2072,42.8,40.9,41.2,42.6,44.6,46.8,46.8,44.8,46.7,45.6,47.8,47.2,48.0,45.3,46.3,47.2,45.7,45.6,47.7,48.1,45.8,46.2,48.2,42.3,42.0,45.1,46.9,45.1,44.2,48.6,45.8,46.7,38.8,41.3,41.1,41.4,49.5,40.2,44.7,44.0,46.9,47.8,40.0,43.1,42.8,43.5,40.8,43.1,49.4,37.4,45.4,42.6,44.5,40.6,39.3,42.9,40.7,43.1,40.6,42.9,43.4,39.4,45.8,43.2,42.9,43.7,40.2,45.7,49.1,46.8,43.7,41.6,41.4,45.0,44.7,38.2,49.4,44.9,45.5,40.2,42.1,37.3,39.8,38.4,39.1,42.9,39.7
2073,47.7,45.1,45.7,47.5,47.8,49.6,49.8,47.8,49.2,47.9,50.0,49.7,50.5,47.5,49.4,49.6,48.6,48.7,50.3,50.4,48.4,48.8,50.9,45.6,46.0,48.4,49.1,48.1,46.7,51.1,48.5,49.2,41.7,44.4,43.4,44.0,54.3,44.2,49.3,48.2,50.6,51.7,44.1,46.8,47.2,48.5,45.9,46.8,54.8,42.8,50.9,46.3,50.6,44.6,41.8,46.7,43.6,45.8,43.4,46.1,45.7,43.5,49.2,48.3,45.7,47.5,43.6,47.9,51.7,49.3,49.5,47.7,46.2,49.1,48.9,43.3,51.9,47.4,48.0,44.2,45.8,41.3,42.8,40.6,42.1,45.8,42.6
2074,51.8,48.4,49.1,51.8,51.1,52.2,52.6,50.8,51.5,50.1,52.3,52.1,52.8,49.7,52.2,51.8,51.3,51.5,52.6,52.8,51.2,51.2,53.6,48.8,49.5,51.6,51.5,51.0,49.2,53.4,51.2,51.6,44.8,47.3,46.1,46.7,58.2,47.6,53.7,51.8,54.1,54.9,48.4,49.6,51.7,52.1,50.6,50.1,58.6,47.1,54.9,50.0,55.8,48.1,44.4,49.8,46.2,48.2,46.4,48.9,48.2,47.1,52.1,52.0,48.4,50.7,46.8,50.2,54.2,51.5,54.7,52.5,50.6,52.1,52.1,47.2,54.0,49.5,50.3,48.0,49.1,45.5,45.5,42.6,45.0,48.6,45.4
2075,55.3,51.0,52.0,55.4,53.7,54.8,55.2,53.7,53.7,52.2,54.4,54.2,54.8,51.8,54.7,53.8,53.5,53.7,54.5,54.6,53.3,53.2,56.0,51.3,52.5,54.3,53.6,53.5,51.7,55.6,53.5,53.8,47.5,49.7,48.5,49.3,61.2,50.0,57.5,54.7,57.0,57.3,51.8,52.2,55.1,54.9,54.1,52.5,61.4,50.2,57.9,53.0,59.8,50.9,46.4,52.1,48.0,50.2,48.9,51.2,50.4,50.1,54.5,54.7,51.2,53.3,49.2,52.2,56.3,53.5,58.2,56.3,54.1,54.7,54.8,50.4,55.9,51.5,52.5,51.4,52.0,49.4,47.8,44.2,47.7,51.1,47.7
2076,58.4,53.0,53.8,58.7,56.1,56.9,57.3,55.8,55.4,54.0,56.1,56.1,56.5,53.5,56.9,55.5,55.6,55.7,56.2,56.3,55.5,54.8,57.9,53.5,55.2,56.7,55.4,55.4,53.7,57.1,55.5,55.6,49.8,51.8,50.5,51.4,63.9,52.0,60.8,56.9,59.7,59.3,54.6,54.4,58.0,57.1,56.9,54.8,63.6,52.4,60.0,55.3,62.8,53.1,47.8,54.1,49.5,51.7,51.1,53.0,51.9,52.4,56.6,56.7,53.5,55.2,51.4,53.9,58.1,55.3,60.8,59.3,57.0,56.7,56.9,52.6,57.3,53.3,54.2,53.8,54.5,52.5,49.7,45.6,50.0,53.2,49.8
2077,60.5,54.5,55.1,61.1,57.8,58.7,59.1,57.4,56.7,55.5,57.4,57.6,57.9,54.9,58.5,56.8,57.1,57.1,57.5,57.5,56.9,56.3,59.5,55.3,57.4,58.4,56.8,57.0,55.3,58.4,57.1,56.9,51.6,53.5,52.2,53.0,65.7,53.6,63.1,58.6,61.9,60.7,56.9,56.2,60.3,58.8,58.7,56.4,65.4,54.2,61.5,56.7,65.1,54.6,48.7,55.3,50.4,52.7,52.6,54.3,53.3,54.3,57.9,58.1,55.5,56.5,53.3,55.2,59.7,56.8,62.5,61.7,59.1,58.5,58.6,54.0,58.6,54.7,55.8,56.0,56.5,54.7,51.2,46.6,51.9,54.9,51.7
2078,61.7,55.3,56.0,63.0,58.9,60.0,60.4,58.5,57.7,56.5,58.4,58.7,58.6,56.2,59.9,57.8,58.4,57.8,58.3,58.2,57.9,57.2,60.3,56.5,59.0,59.6,58.0,58.2,56.4,59.4,58.2,57.8,52.8,54.8,53.5,54.2,67.1,54.3,65.3,59.9,63.4,61.7,58.7,57.5,61.7,59.8,60.2,57.4,66.3,55.5,62.5,57.9,66.3,55.7,49.5,56.0,50.9,53.5,53.8,55.1,54.0,55.4,58.8,59.3,56.9,57.0,54.6,56.3,60.7,57.6,63.7,63.6,60.6,59.6,59.8,54.7,59.3,55.4,56.8,57.7,57.9,56.3,52.2,47.3,53.2,55.9,52.9
2079,62.0,55.4,56.2,64.1,59.6,60.8,61.2,59.3,58.1,57.1,58.6,59.4,59.0,56.7,60.5,58.2,58.8,58.0,58.8,58.3,58.6,57.6,60.9,57.2,60.1,60.3,58.4,58.9,57.0,59.9,58.7,58.0,53.7,55.3,54.3,54.7,67.6,54.4,66.4,60.4,64.5,61.8,59.9,58.0,62.0,60.0,60.8,57.7,66.7,55.9,63.1,58.0,66.7,56.0,50.0,56.4,51.4,53.8,54.4,55.5,54.2,56.4,59.2,59.7,57.9,57.3,55.1,56.8,61.0,58.1,64.3,64.8,61.0,60.0,60.1,55.0,59.7,55.8,57.4,58.7,58.8,57.1,52.5,47.4,54.0,56.6,53.6
2080,61.4,54.7,55.7,64.4,59.7,60.8,61.3,59.0,57.9,56.8,58.4,59.5,58.9,56.6,60.4,58.1,58.6,57.7,58.5,58.1,58.7,57.5,60.9,57.2,60.3,60.2,58.4,58.8,56.8,59.8,58.8,57.9,53.7,55.3,54.5,54.8,67.4,53.5,66.7,60.0,64.9,61.4,60.2,57.8,61.7,59.1,60.7,57.1,66.0,56.1,62.8,57.3,66.4,55.7,50.3,56.2,51.6,53.9,54.5,55.4,54.0,56.8,59.3,59.5,58.0,57.1,54.9,56.9,60.8,58.0,63.9,65.2,60.6,59.9,59.9,54.8,59.3,55.6,57.2,58.9,58.9,57.6,52.2,46.7,54.1,56.6,53.5
2081,59.8,53.2,54.0,64.0,58.9,60.3,60.4,58.4,57.1,56.2,57.5,59.0,58.2,56.0,59.6,57.4,58.0,56.5,57.4,56.8,58.0,57.0,60.1,56.4,59.5,59.6,57.7,58.0,56.2,59.0,58.3,56.9,53.0,54.7,53.7,54.0,66.2,51.8,66.1,59.0,64.5,59.3,59.6,56.9,60.5,57.4,59.6,55.7,64.1,55.5,62.0,55.8,65.0,54.1,49.9,55.3,51.2,53.6,54.3,54.3,53.1,56.6,58.1,58.4,57.1,56.0,53.8,56.3,59.9,57.2,62.7,64.8,59.2,59.3,58.6,54.0,58.3,54.8,56.4,58.5,58.1,56.9,51.4,45.7,53.5,55.8,52.9
2082,55.9,49.6,49.4,62.3,57.1,58.6,58.9,56.7,55.2,54.5,55.7,57.7,56.3,54.7,57.8,55.9,56.1,53.8,55.3,54.3,56.1,55.3,58.2,54.5,57.6,57.7,56.5,56.3,54.6,57.2,56.7,54.9,51.3,52.9,52.3,52.2,62.4,48.6,64.2,56.3,62.8,55.0,57.9,54.8,56.7,53.7,57.4,52.8,60.1,53.9,59.9,53.3,62.5,50.0,48.7,53.1,50.1,52.2,53.2,51.6,51.0,55.3,55.6,55.3,55.3,53.8,51.3,55.0,58.1,55.2,60.1,63.0,56.3,57.5,55.6,51.9,56.2,52.8,54.9,56.8,56.2,55.1,49.7,43.8,52.0,54.0,51.1
2083,50.6,45.7,44.4,58.2,53.9,55.7,55.6,53.1,52.8,51.8,53.4,55.6,53.6,52.6,54.3,53.5,52.6,49.9,53.0,51.8,53.0,52.6,55.1,51.1,52.8,53.9,54.6,52.8,51.5,54.2,53.8,52.0,47.9,49.6,49.8,49.1,56.5,45.0,59.6,51.4,59.9,49.3,53.5,50.7,52.0,49.1,53.2,48.7,55.8,49.5,56.0,50.7,58.1,45.3,46.5,49.9,47.5,49.7,51.1,47.7,48.9,52.5,51.7,50.6,52.9,50.2,47.1,52.9,55.4,52.7,55.3,58.5,51.4,53.2,51.2,47.7,53.9,50.5,51.9,52.6,52.0,51.4,45.7,42.1,49.0,50.8,47.6
2084,48.0,43.4,42.2,54.3,51.5,53.4,53.3,50.2,51.5,50.3,52.0,53.5,52.0,50.9,51.9,52.0,50.0,47.5,51.2,50.2,50.6,50.8,53.1,48.7,48.9,50.6,53.0,50.6,49.3,52.3,51.6,50.6,45.5,47.1,47.7,46.7,53.6,43.0,55.2,47.8,57.2,46.8,49.3,47.5,49.3,46.1,49.8,46.2,53.3,45.2,52.6,48.9,53.1,42.9,44.7,47.4,45.5,47.9,48.7,45.8,47.1,49.1,49.1,47.7,50.5,47.6,44.9,51.4,53.6,51.0,51.5,52.8,48.0,50.0,48.5,44.6,52.3,49.0,50.2,48.4,48.8,47.6,41.9,40.8,46.5,48.6,44.8
2085,45.8,41.5,40.5,51.5,49.8,51.9,51.8,48.4,50.2,49.4,50.6,51.7,50.7,49.6,50.3,50.9,48.2,45.9,49.9,49.2,49.1,49.6,51.6,47.2,46.9,49.2,51.8,48.9,47.8,50.9,49.8,49.5,43.9,45.6,46.2,45.3,51.3,41.4,52.4,45.5,55.2,45.2,47.1,45.6,47.5,44.1,47.0,44.2,51.2,43.2,50.2,47.6,49.9,41.5,43.8,45.7,44.3,46.5,46.8,44.7,46.0,46.4,47.6,45.5,49.0,45.5,43.4,50.2,52.2,49.7,49.0,50.4,45.5,48.3,46.6,42.9,51.4,47.7,48.9,46.1,47.1,45.1,40.7,39.9,44.8,47.1,43.1
2086,43.8,40.2,39.2,49.5,48.1,50.7,50.5,47.0,49.3,48.2,49.5,50.4,49.6,48.5,49.3,49.8,47.0,44.6,48.7,48.4,48.0,48.4,50.2,46.0,45.7,48.0,50.6,47.7,46.3,49.9,48.6,48.5,42.8,44.4,44.9,44.0,49.0,40.1,50.5,43.5,53.1,43.6,45.5,44.6,45.7,42.2,44.7,42.3,49.1,41.5,48.2,46.1,47.6,40.1,42.9,44.1,43.0,45.3,45.4,43.6,44.8,44.9,45.7,43.5,47.5,43.8,42.1,49.2,50.9,48.5,46.7,48.2,43.4,46.7,44.8,41.5,50.4,46.7,47.9,44.5,45.8,43.3,39.9,39.0,43.4,45.9,41.7
2087,42.1,39.1,38.2,47.7,47.0,49.5,49.2,45.9,48.3,47.3,48.6,49.2,48.5,47.5,48.2,48.9,46.1,43.7,47.8,47.6,46.8,47.5,49.3,44.9,44.4,46.8,49.5,46.8,45.4,49.1,47.6,47.6,41.7,43.3,43.7,42.8,47.6,38.9,49.0,41.7,51.6,42.7,43.9,43.6,44.1,41.0,42.6,40.5,47.1,39.8,46.5,44.7,45.8,38.9,42.1,42.4,42.0,44.5,44.1,42.5,44.0,43.6,44.3,41.5,46.4,42.3,40.9,48.3,50.0,47.6,45.2,46.6,41.6,45.3,42.8,40.3,49.4,45.8,46.9,43.2,44.5,41.9,39.3,38.3,42.3,44.7,40.8
2088,40.4,38.1,37.1,46.0,46.0,48.5,48.2,45.1,47.6,46.5,47.8,48.4,47.7,46.5,47.3,48.0,45.4,42.6,47.1,46.8,46.0,46.6,48.3,44.0,43.5,45.9,48.6,46.0,44.7,48.2,46.6,46.9,40.9,42.4,42.8,41.9,46.6,37.5,47.4,40.3,49.5,41.8,42.9,42.6,42.3,39.9,40.6,39.1,44.6,38.4,45.0,43.4,44.7,37.9,41.3,41.2,41.4,43.6,43.0,41.5,43.0,42.2,43.0,39.8,45.1,40.8,39.4,47.3,49.0,46.8,43.5,44.7,40.1,44.2,41.0,38.9,48.7,44.7,46.2,42.1,43.6,40.8,38.9,37.5,41.2,43.8,40.0
2089,38.9,37.3,36.1,44.8,45.2,47.7,47.3,44.5,46.8,45.7,46.9,47.5,46.8,45.8,46.4,47.2,44.5,41.7,46.1,46.2,45.2,46.1,47.5,43.3,42.9,45.2,47.9,45.0,44.0,47.5,45.9,46.3,40.1,41.6,42.0,41.0,45.4,36.7,46.0,38.9,48.0,40.6,41.6,41.9,40.9,38.8,39.3,37.8,42.7,37.3,43.6,42.0,43.1,37.0,40.7,40.1,40.7,43.0,42.2,40.5,42.4,41.2,42.4,38.1,44.0,39.6,38.3,46.6,48.2,46.0,42.2,43.4,38.7,43.0,39.8,37.7,47.8,44.0,45.3,41.1,42.8,39.7,38.4,36.9,40.3,43.0,39.2
2090,37.6,36.7,35.5,43.6,44.4,47.1,46.7,43.9,46.0,45.0,46.1,46.7,46.0,45.2,45.8,46.5,44.1,41.0,45.2,45.5,44.7,45.4,47.1,42.4,42.0,44.6,47.1,44.4,43.4,46.8,45.2,45.7,39.4,40.8,41.1,40.3,44.3,36.1,45.1,38.0,46.4,40.1,40.7,41.2,39.8,38.2,37.9,36.7,41.0,36.3,42.6,40.8,41.5,36.0,40.0,39.4,40.1,42.3,41.5,39.8,41.8,40.3,41.5,36.7,43.0,38.6,37.3,45.8,47.4,45.1,40.6,42.1,37.4,42.0,38.3,36.5,47.0,43.2,44.7,40.3,42.1,38.5,38.2,36.4,39.5,42.2,38.7
2091,36.7,36.0,34.7,42.6,43.6,46.6,46.3,43.2,45.4,44.4,45.4,46.0,45.2,44.5,45.5,45.9,43.6,40.3,44.7,44.9,44.1,44.8,46.5,41.7,41.0,44.1,46.4,43.9,42.6,46.2,44.4,45.1,38.6,40.3,40.3,39.9,43.1,35.7,44.2,37.1,45.3,39.6,39.7,40.0,38.3,37.3,36.7,35.8,39.3,35.2,41.4,39.9,40.1,35.4,39.3,38.6,39.5,41.8,40.7,38.8,41.1,39.4,40.6,35.3,42.3,37.6,36.6,45.2,46.9,44.4,39.3,40.7,36.1,41.0,36.6,35.4,46.5,42.4,44.3,39.6,41.3,37.5,37.6,35.9,38.8,41.7,38.0
2092,35.6,35.4,34.2,41.4,43.1,46.1,45.7,42.7,44.8,43.9,44.9,45.4,44.6,44.0,44.8,45.4,43.2,39.6,44.3,44.1,43.7,44.1,46.1,40.9,40.3,43.4,45.7,43.3,42.0,45.6,43.9,44.5,37.8,39.5,39.8,39.3,42.4,34.9,43.6,36.1,44.4,39.1,38.8,39.2,37.3,36.2,35.9,34.7,38.3,34.2,40.2,38.9,38.7,34.7,38.6,37.8,38.8,41.2,40.0,38.4,40.6,38.8,40.1,34.2,41.8,36.9,35.9,44.6,46.1,43.8,38.1,40.0,35.0,39.9,35.7,34.3,45.8,41.8,43.7,38.8,40.6,36.5,37.1,35.5,38.1,41.0,37.6
2093,34.7,34.6,33.8,40.4,42.5,45.4,45.0,42.3,44.3,43.4,44.5,44.9,44.0,43.4,44.4,44.8,42.6,39.1,43.7,43.6,43.1,43.6,45.7,40.3,39.8,42.9,45.2,42.8,41.6,45.3,43.5,44.0,37.2,39.0,39.4,38.8,41.9,34.3,42.7,35.2,43.3,38.8,37.9,38.3,36.5,35.7,35.1,34.0,37.2,33.5,39.3,38.2,37.4,34.2,38.1,37.2,38.4,41.0,39.5,37.8,40.1,38.2,39.6,33.1,41.0,36.4,35.3,44.0,45.5,43.2,36.7,39.0,34.0,39.2,34.8,33.6,45.5,41.2,43.2,38.2,39.9,35.7,36.7,35.1,37.5,40.6,37.1
2094,34.0,34.3,33.5,39.7,41.9,44.9,44.5,41.9,43.8,42.9,43.9,44.5,43.6,43.0,43.8,44.4,42.3,38.8,43.4,43.3,42.8,43.2,45.4,39.7,39.3,42.3,44.8,42.5,41.2,45.0,43.1,43.5,36.5,38.7,39.0,38.4,40.9,33.9,41.9,34.2,42.4,38.5,37.2,37.9,36.0,34.9,34.5,33.3,36.7,32.8,38.5,37.6,36.4,33.8,37.6,37.0,38.0,40.6,39.2,37.4,39.6,37.5,39.4,32.3,40.5,35.9,34.6,43.6,45.0,42.8,35.3,38.2,33.0,38.3,34.3,33.0,45.1,40.9,42.7,37.5,39.3,35.0,36.4,34.9,36.9,40.1,36.6
2095,38.3,37.0,36.9,39.3,42.1,45.1,44.7,42.3,44.7,43.3,45.3,45.1,45.1,43.3,44.0,45.1,42.9,41.8,44.8,45.5,43.2,44.0,45.8,39.8,39.1,42.4,45.0,42.7,41.8,45.8,43.5,44.5,36.7,38.9,39.4,38.9,44.2,36.2,41.3,38.1,43.7,43.0,37.2,39.4,38.9,38.6,36.7,37.8,42.4,33.0,39.0,39.3,38.3,36.9,37.7,39.3,38.0,41.0,38.7,39.8,41.2,37.1,42.1,36.7,41.1,39.0,36.2,43.9,46.4,44.3,37.1,37.6,36.8,39.7,39.5,33.0,46.7,42.5,43.2,37.5,39.3,34.7,36.6,36.6,36.8,40.5,37.2
2096,43.3,41.3,41.6,43.1,44.9,47.1,47.1,45.0,46.8,45.7,47.9,47.2,48.0,45.4,46.6,47.2,45.8,45.9,47.8,48.2,45.9,46.2,48.3,42.6,42.4,45.4,47.0,45.2,44.3,48.6,45.8,46.8,39.2,41.6,41.4,41.6,49.8,40.6,44.9,44.3,47.3,48.1,40.4,43.4,43.3,44.2,41.0,43.4,49.8,37.8,45.7,42.7,44.8,41.1,39.5,43.2,40.9,43.3,40.7,43.2,43.6,39.6,46.1,43.4,43.1,44.0,40.4,45.8,49.2,47.0,43.9,42.1,41.9,45.4,44.9,38.5,49.5,45.0,45.6,40.8,42.5,37.7,39.9,38.8,39.4,43.0,40.1
2097,48.2,45.5,46.0,48.1,48.2,49.9,50.1,48.1,49.2,48.0,50.1,49.7,50.6,47.6,49.7,49.7,48.6,49.0,50.4,50.5,48.6,48.7,51.1,46.0,46.3,48.8,49.2,48.3,46.8,51.3,48.6,49.3,42.1,44.7,43.8,44.3,54.6,44.5,49.7,48.5,50.9,52.0,44.5,47.0,47.7,49.0,46.1,47.1,55.1,43.2,51.2,46.4,50.9,45.0,42.0,47.0,43.8,45.9,43.6,46.4,45.9,43.7,49.5,48.6,45.8,47.7,43.8,48.0,51.8,49.3,49.7,48.1,46.7,49.4,49.2,43.5,52.1,47.5,48.1,44.6,46.2,41.7,42.9,41.0,42.4,46.0,43.1
2098,52.3,48.7,49.3,52.3,51.5,52.5,52.9,51.2,51.7,50.3,52.3,52.3,52.9,49.8,52.5,51.8,51.4,51.8,52.5,52.8,51.4,51.1,53.8,49.2,49.8,52.0,51.7,51.3,49.4,53.5,51.4,51.8,45.2,47.8,46.6,47.1,58.6,47.9,54.1,52.1,54.4,55.2,48.7,49.9,52.1,52.6,50.8,50.3,58.9,47.5,55.2,50.1,56.1,48.4,44.6,50.0,46.2,48.3,46.5,49.2,48.4,47.3,52.5,52.2,48.5,50.9,46.9,50.2,54.4,51.5,54.9,52.9,51.1,52.5,52.4,47.5,54.2,49.7,50.4,48.3,49.4,45.9,45.5,42.9,45.5,48.9,45.9
2099,55.7,51.3,52.2,55.9,54.1,55.1,55.4,54.0,53.9,52.4,54.5,54.3,54.8,52.0,55.0,53.9,53.8,54.0,54.6,54.7,53.6,53.1,56.3,51.6,52.8,54.6,53.8,53.8,52.0,55.8,53.8,53.9,48.0,50.3,49.0,49.7,61.6,50.4,57.9,55.0,57.2,57.7,52.2,52.5,55.5,55.3,54.3,52.9,61.7,50.5,58.2,53.0,60.1,51.1,46.4,52.4,48.1,50.3,49.0,51.4,50.6,50.3,54.8,54.9,51.3,53.5,49.3,52.3,56.5,53.5,58.4,56.8,54.6,55.0,55.1,50.6,56.1,51.6,52.7,51.6,52.4,49.7,47.8,44.6,48.1,51.4,48.3
2100,58.8,53.2,54.0,59.2,56.4,57.2,57.6,56.2,55.6,54.2,56.1,56.3,56.6,53.6,57.2,55.6,55.9,56.0,56.2,56.3,55.9,54.9,58.1,53.8,55.6,57.0,55.7,55.7,54.1,57.2,55.9,55.7,50.2,52.4,51.0,51.9,64.1,52.3,61.2,57.1,60.0,59.7,55.0,54.8,58.5,57.5,57.1,55.0,64.0,52.6,60.3,55.4,62.9,53.3,47.7,54.3,49.4,51.7,51.1,53.2,52.1,52.6,56.9,56.9,53.7,55.4,51.5,54.0,58.3,55.4,60.9,59.8,57.4,57.0,57.2,52.9,57.4,53.4,54.5,54.0,54.9,52.8,49.6,45.9,50.4,53.5,50.5
2101,61.0,54.7,55.4,61.7,58.1,59.0,59.4,57.8,56.8,55.8,57.5,57.7,58.0,55.1,58.8,57.0,57.4,57.4,57.5,57.5,57.2,56.4,59.7,55.7,57.8,58.7,57.2,57.3,55.6,58.4,57.4,57.1,52.1,54.0,52.8,53.5,66.0,53.8,63.6,58.8,62.2,61.1,57.3,56.4,60.6,59.2,58.9,56.6,65.8,54.5,61.8,56.9,65.2,54.8,48.6,55.5,50.3,52.8,52.6,54.5,53.5,54.4,58.2,58.2,55.6,56.7,53.5,55.5,59.9,56.8,62.7,62.3,59.5,58.8,58.8,54.3,58.7,54.7,56.0,56.3,56.8,55.0,51.1,46.9,52.3,55.3,52.4
2102,62.1,55.5,56.3,63.6,59.2,60.3,60.7,58.9,57.8,56.8,58.5,58.7,58.7,56.4,60.2,57.9,58.7,58.1,58.3,58.3,58.3,57.3,60.6,56.8,59.5,60.0,58.3,58.6,56.7,59.5,58.5,57.9,53.3,55.4,54.1,54.7,67.5,54.6,65.6,60.1,63.6,62.2,59.1,57.7,62.0,60.1,60.5,57.7,66.7,55.8,62.8,57.9,66.5,55.9,49.5,56.2,50.9,53.5,53.8,55.3,54.2,55.5,59.1,59.4,56.9,57.2,54.7,56.6,60.8,57.7,63.9,64.1,61.0,59.9,60.0,55.0,59.4,55.5,57.1,57.9,58.2,56.6,52.1,47.5,53.5,56.2,53.5
2103,62.4,55.6,56.5,64.7,59.9,61.1,61.5,59.6,58.3,57.3,58.7,59.5,59.1,57.0,60.8,58.4,59.1,58.4,58.9,58.4,59.0,57.7,61.3,57.5,60.6,60.6,58.7,59.2,57.3,60.0,59.0,58.2,54.1,55.9,54.8,55.2,68.1,54.7,66.8,60.6,64.7,62.3,60.4,58.1,62.3,60.3,61.0,57.9,67.0,56.2,63.4,58.1,66.9,56.2,50.0,56.6,51.4,53.8,54.5,55.6,54.4,56.5,59.5,59.8,57.9,57.5,55.1,57.1,61.2,58.2,64.5,65.2,61.3,60.2,60.3,55.3,59.8,55.9,57.8,58.9,59.1,57.3,52.4,47.7,54.4,56.9,54.3
2104,61.7,54.9,56.0,64.9,60.0,61.1,61.6,59.3,58.1,57.1,58.5,59.6,58.9,56.8,60.8,58.2,59.0,57.9,58.5,58.2,59.0,57.7,61.2,57.5,60.7,60.5,58.7,59.1,57.2,60.0,59.1,57.9,54.2,55.8,55.0,55.3,67.8,53.7,67.1,60.3,65.1,61.9,60.7,58.0,62.0,59.6,60.9,57.3,66.2,56.4,63.1,57.3,66.6,55.9,50.3,56.4,51.6,53.9,54.6,55.5,54.3,56.9,59.5,59.6,58.0,57.3,54.9,57.2,61.0,58.1,64.1,65.7,61.0,60.1,60.1,55.0,59.5,55.7,57.5,59.1,59.2,57.8,52.2,47.0,54.5,56.9,54.1
2105,60.1,53.3,54.3,64.5,59.3,60.6,60.8,58.8,57.2,56.5,57.6,59.1,58.2,56.2,60.0,57.6,58.3,56.8,57.5,57.0,58.3,57.2,60.4,56.6,60.0,59.9,58.0,58.3,56.6,59.2,58.6,57.0,53.4,55.1,54.2,54.4,66.7,52.0,66.5,59.3,64.7,59.9,60.0,57.1,60.6,57.8,59.8,55.9,64.4,55.7,62.2,55.9,65.2,54.3,49.8,55.5,51.1,53.6,54.5,54.5,53.4,56.7,58.4,58.5,57.1,56.1,53.9,56.6,60.1,57.3,62.9,65.3,59.6,59.5,58.8,54.1,58.5,54.8,56.8,58.8,58.3,57.0,51.4,45.9,53.9,56.0,53.5
2106,56.1,49.8,49.8,62.7,57.4,59.0,59.2,57.0,55.4,54.8,55.8,57.8,56.4,55.0,58.2,56.1,56.5,54.0,55.3,54.6,56.4,55.6,58.5,54.9,58.0,58.0,56.8,56.6,55.0,57.4,57.0,55.0,51.7,53.4,52.8,52.7,62.9,48.8,64.6,56.6,63.0,55.5,58.2,55.1,56.9,53.9,57.7,53.0,60.4,54.2,60.1,53.5,62.8,50.2,48.7,53.4,50.0,52.2,53.4,51.9,51.4,55.5,55.8,55.5,55.5,54.0,51.5,55.2,58.3,55.4,60.2,63.5,56.6,57.8,55.9,52.0,56.3,52.9,55.2,57.0,56.5,55.2,49.7,44.0,52.4,54.3,51.8
2107,50.9,45.9,44.8,58.6,54.2,56.0,55.9,53.5,52.9,52.1,53.6,55.7,53.7,52.8,54.7,53.7,52.9,50.2,53.1,52.1,53.4,52.7,55.4,51.4,53.4,54.4,54.9,53.2,51.9,54.4,54.2,52.1,48.4,50.1,50.3,49.7,56.8,45.2,60.1,51.7,60.1,49.7,53.9,51.0,52.2,49.3,53.5,49.0,56.1,49.6,56.3,50.8,58.4,45.5,46.4,50.1,47.4,49.6,51.3,47.9,49.2,52.8,51.9,50.9,53.0,50.5,47.3,53.1,55.5,52.8,55.5,59.0,51.8,53.5,51.4,47.9,54.0,50.6,52.2,52.9,52.4,51.6,45.9,42.3,49.3,51.1,48.2
2108,48.2,43.6,42.5,54.6,51.8,53.8,53.6,50.6,51.6,50.6,52.1,53.6,52.1,51.2,52.4,52.2,50.4,47.9,51.3,50.4,51.0,51.0,53.4,49.1,49.4,51.1,53.4,50.9,49.8,52.6,52.1,50.6,45.9,47.7,48.2,47.2,53.9,43.2,55.6,48.3,57.4,47.1,49.7,47.8,49.5,46.4,50.2,46.5,53.7,45.3,52.8,49.1,53.5,43.1,44.6,47.7,45.5,47.8,48.9,46.2,47.4,49.4,49.3,47.9,50.7,47.8,45.1,51.8,53.7,51.1,51.6,53.3,48.4,50.3,48.7,44.7,52.4,49.1,50.5,48.7,49.1,47.8,42.1,41.0,46.8,48.9,45.3
2109,46.2,41.6,40.8,51.8,50.1,52.3,52.2,48.8,50.4,49.7,50.7,51.9,50.9,50.0,50.8,51.1,48.7,46.3,50.1,49.3,49.5,49.8,52.0,47.7,47.3,49.7,52.2,49.4,48.3,51.3,50.3,49.6,44.3,46.1,46.6,45.7,51.6,41.6,52.7,45.8,55.3,45.5,47.6,45.9,47.7,44.4,47.4,44.4,51.6,43.3,50.4,47.7,50.1,41.6,43.7,46.0,44.2,46.5,47.0,45.0,46.3,46.7,47.8,45.7,49.2,45.7,43.4,50.6,52.4,49.8,49.2,50.7,46.0,48.4,46.8,43.0,51.5,47.9,49.3,46.4,47.5,45.2,40.8,40.1,45.1,47.4,43.6
2110,44.0,40.4,39.5,49.7,48.6,51.1,50.9,47.5,49.6,48.6,49.6,50.6,49.7,48.9,49.7,50.1,47.4,44.9,49.0,48.6,48.4,48.8,50.6,46.5,46.1,48.4,51.0,48.1,46.8,50.3,49.1,48.6,43.1,44.9,45.4,44.4,49.3,40.2,50.8,43.7,53.4,43.9,45.9,44.8,46.0,42.4,45.0,42.4,49.5,41.5,48.5,46.2,47.8,40.5,42.9,44.5,42.9,45.3,45.6,43.9,45.1,45.1,46.0,43.5,47.7,44.0,42.2,49.6,51.1,48.7,46.9,48.6,43.7,46.9,45.1,41.6,50.5,46.9,48.2,44.7,46.2,43.5,40.0,39.2,43.7,46.2,42.2
2111,42.4,39.2,38.5,47.9,47.5,49.9,49.6,46.5,48.6,47.7,48.8,49.5,48.6,47.9,48.6,49.2,46.5,44.0,48.0,47.8,47.2,47.8,49.6,45.4,44.7,47.3,50.0,47.2,45.9,49.5,48.0,47.8,42.0,43.7,44.2,43.3,47.8,39.0,49.2,41.9,51.8,42.9,44.2,43.8,44.2,41.2,42.9,40.8,47.4,39.9,46.7,44.8,46.0,39.2,42.0,42.6,42.0,44.4,44.3,42.8,44.3,43.8,44.7,41.6,46.6,42.5,41.0,48.7,50.2,47.8,45.4,46.8,41.9,45.4,43.0,40.4,49.4,46.1,47.3,43.5,45.0,42.2,39.5,38.4,42.6,45.2,41.3
2112,40.7,38.1,37.5,46.3,46.5,48.9,48.6,45.7,47.8,46.9,48.0,48.6,47.9,46.9,47.7,48.3,45.9,43.0,47.3,47.1,46.4,47.0,48.7,44.5,43.8,46.4,49.0,46.3,45.2,48.6,46.9,47.1,41.3,42.9,43.3,42.4,46.7,37.7,47.8,40.6,49.6,42.0,43.3,42.8,42.6,40.2,40.8,39.4,45.0,38.5,45.2,43.5,44.8,38.3,41.3,41.5,41.4,43.5,43.2,41.9,43.3,42.4,43.4,39.9,45.3,41.1,39.6,47.7,49.3,47.0,43.8,45.0,40.6,44.3,41.1,38.9,48.7,45.0,46.5,42.5,44.2,41.1,39.1,37.7,41.6,44.3,40.5
2113,39.1,37.3,36.3,45.0,45.7,48.1,47.7,45.1,47.1,46.1,47.0,47.8,46.9,46.1,46.9,47.6,44.9,42.0,46.3,46.4,45.6,46.4,48.0,43.8,43.3,45.6,48.3,45.5,44.5,47.9,46.3,46.6,40.4,42.1,42.4,41.5,45.5,36.8,46.3,39.1,48.2,40.8,42.0,42.0,41.1,39.0,39.4,38.1,43.0,37.3,43.9,42.2,43.2,37.3,40.6,40.4,40.7,43.0,42.4,40.8,42.7,41.4,42.7,38.2,44.2,39.8,38.5,46.9,48.5,46.1,42.4,43.7,39.1,43.1,39.9,37.6,47.8,44.3,45.7,41.5,43.4,40.0,38.6,37.0,40.7,43.5,39.7
2114,37.9,36.8,35.7,43.9,44.9,47.4,47.0,44.6,46.3,45.5,46.3,47.0,46.2,45.6,46.2,46.8,44.6,41.4,45.4,45.8,45.2,45.8,47.5,43.0,42.4,45.1,47.5,44.9,43.9,47.2,45.7,46.0,39.7,41.3,41.6,40.9,44.4,36.2,45.5,38.0,46.5,40.2,41.0,41.2,40.0,38.3,38.0,37.0,41.3,36.3,42.8,41.1,41.6,36.3,40.0,39.7,40.1,42.3,41.7,40.1,42.1,40.5,41.8,36.8,43.3,38.8,37.6,46.2,47.7,45.3,40.8,42.3,37.7,42.1,38.5,36.5,47.1,43.5,45.1,40.7,42.6,38.9,38.5,36.5,39.9,42.8,39.2
2115,36.9,36.0,34.9,42.9,44.2,47.0,46.7,43.9,45.8,44.9,45.6,46.4,45.5,45.0,45.9,46.3,44.1,40.5,44.9,45.2,44.7,45.1,46.9,42.3,41.4,44.6,46.8,44.3,43.2,46.5,44.9,45.4,38.9,40.8,40.8,40.4,43.2,35.7,44.5,37.2,45.4,39.7,40.0,40.2,38.5,37.3,36.7,36.0,39.6,35.1,41.6,40.1,40.2,35.7,39.3,38.9,39.6,41.8,41.0,39.1,41.4,39.7,41.0,35.5,42.6,37.9,36.9,45.6,47.2,44.6,39.4,40.9,36.3,41.0,36.7,35.3,46.6,42.7,44.7,40.1,41.8,37.9,37.8,36.0,39.2,42.3,38.5
2116,35.9,35.4,34.4,41.8,43.6,46.5,46.1,43.3,45.1,44.4,45.1,45.8,44.9,44.5,45.2,45.8,43.8,39.9,44.5,44.4,44.3,44.4,46.6,41.5,40.7,43.9,46.2,43.8,42.7,46.0,44.5,44.9,38.1,40.1,40.3,39.8,42.5,34.9,43.9,36.2,44.5,39.2,39.1,39.4,37.4,36.4,35.9,35.0,38.5,34.1,40.4,39.1,38.9,34.9,38.6,38.1,38.8,41.3,40.2,38.7,40.9,39.0,40.4,34.4,42.1,37.2,36.2,45.0,46.4,44.1,38.2,40.3,35.3,39.9,35.9,34.2,45.9,42.1,44.2,39.2,41.2,37.0,37.3,35.5,38.5,41.6,38.1
2117,34.8,34.6,33.9,40.8,43.1,45.8,45.4,42.9,44.6,43.9,44.7,45.3,44.4,43.9,44.8,45.2,43.2,39.4,44.0,43.9,43.7,44.0,46.2,40.9,40.2,43.4,45.8,43.3,42.3,45.6,44.1,44.4,37.5,39.6,39.9,39.3,41.9,34.3,42.8,35.3,43.4,38.9,38.2,38.5,36.6,35.8,35.1,34.3,37.5,33.4,39.5,38.3,37.5,34.3,38.1,37.5,38.4,40.9,39.7,38.1,40.4,38.5,39.9,33.2,41.3,36.7,35.6,44.5,45.8,43.6,36.9,39.3,34.2,39.3,35.1,33.5,45.6,41.6,43.8,38.6,40.4,36.1,37.0,35.2,37.8,41.2,37.6
2118,34.2,34.3,33.6,40.0,42.4,45.3,44.9,42.5,44.1,43.4,44.2,44.9,43.9,43.5,44.2,44.8,42.9,39.1,43.7,43.6,43.4,43.6,45.9,40.3,39.7,42.8,45.4,43.0,41.8,45.4,43.7,43.9,36.9,39.3,39.4,38.9,41.1,33.9,42.2,34.3,42.5,38.6,37.5,38.1,36.0,35.0,34.5,33.6,37.0,32.8,38.7,37.8,36.5,33.8,37.6,37.4,38.0,40.6,39.4,37.6,39.9,37.6,39.8,32.5,40.8,36.1,34.9,44.1,45.3,43.2,35.4,38.5,33.1,38.4,34.6,32.9,45.2,41.3,43.2,37.9,39.8,35.4,36.6,35.0,37.3,40.7,37.1
2119,38.6,37.2,37.2,39.7,42.7,45.5,45.1,42.9,45.1,43.9,45.7,45.5,45.5,43.8,44.4,45.5,43.5,42.2,45.2,45.9,43.9,44.5,46.3,40.5,39.4,42.9,45.7,43.2,42.5,46.3,44.0,44.9,37.0,39.5,39.9,39.4,44.5,36.5,41.7,38.4,43.9,43.3,37.5,39.7,39.0,38.7,36.9,38.2,42.9,33.1,39.4,39.6,38.6,37.0,37.7,39.8,38.0,41.0,38.9,40.2,41.6,37.3,42.5,37.1,41.5,39.4,36.6,44.5,46.8,44.8,37.5,37.8,37.1,40.0,40.0,33.0,47.0,43.0,43.8,37.9,39.8,35.1,36.9,36.8,37.2,41.1,37.7
2120,43.7,41.4,41.9,43.5,45.4,47.5,47.5,45.6,47.3,46.2,48.3,47.7,48.4,45.8,47.0,47.6,46.4,46.2,48.3,48.6,46.4,46.6,48.8,43.2,42.8,45.8,47.5,45.8,44.8,49.0,46.4,47.3,39.6,42.1,41.9,42.1,50.1,40.7,45.3,44.6,47.5,48.4,40.8,43.7,43.5,44.3,41.3,43.7,50.2,37.9,46.1,43.0,45.2,41.2,39.5,43.7,41.0,43.4,41.0,43.6,43.9,39.9,46.5,43.7,43.5,44.4,40.8,46.3,49.6,47.5,44.3,42.4,42.2,45.6,45.4,38.6,49.9,45.5,46.1,41.2,43.0,38.2,40.2,39.0,39.8,43.5,40.6
2121,48.6,45.5,46.2,48.4,48.6,50.1,50.4,48.6,49.7,48.4,50.6,50.2,51.1,48.0,50.0,50.1,49.2,49.3,50.9,51.0,49.0,49.2,51.5,46.5,46.7,49.2,49.7,48.8,47.4,51.6,49.1,49.8,42.5,45.2,44.3,44.8,55.0,44.5,50.1,48.8,51.2,52.2,44.9,47.2,47.9,49.1,46.5,47.4,55.5,43.4,51.5,46.7,51.3,45.1,42.0,47.4,43.9,45.9,43.8,46.8,46.3,44.0,49.9,48.9,46.3,48.1,44.2,48.4,52.2,49.9,50.1,48.5,46.9,49.4,49.6,43.7,52.6,48.0,48.5,45.1,46.7,42.2,43.2,41.3,42.8,46.5,43.5
2122,52.6,48.7,49.6,52.6,51.9,52.7,53.2,51.7,52.1,50.6,52.8,52.7,53.4,50.1,52.7,52.2,51.9,52.1,53.0,53.3,51.9,51.5,54.2,49.5,50.1,52.3,52.1,51.7,49.9,53.8,51.8,52.3,45.6,48.2,47.0,47.5,59.0,47.9,54.5,52.4,54.7,55.4,49.0,50.0,52.3,52.7,51.1,50.7,59.3,47.7,55.5,50.4,56.4,48.4,44.6,50.4,46.3,48.4,46.7,49.5,48.8,47.5,52.9,52.6,48.9,51.3,47.3,50.6,54.8,52.0,55.2,53.3,51.3,52.5,52.8,47.7,54.6,50.1,50.8,48.7,49.9,46.2,45.8,43.2,45.8,49.3,46.3
2123,56.0,51.2,52.4,56.2,54.5,55.3,55.7,54.4,54.3,52.7,54.9,54.8,55.3,52.2,55.2,54.3,54.1,54.3,55.0,55.1,54.1,53.5,56.6,52.0,53.0,54.9,54.1,54.2,52.3,56.1,54.3,54.4,48.2,50.7,49.4,50.1,62.0,50.3,58.2,55.2,57.5,57.9,52.5,52.6,55.7,55.3,54.6,53.3,62.1,50.8,58.5,53.4,60.4,51.0,46.5,52.7,48.1,50.4,49.2,51.7,51.0,50.5,55.1,55.3,51.7,53.9,49.7,52.5,56.8,54.0,58.7,57.0,54.7,55.0,55.4,50.9,56.5,52.1,53.0,51.8,52.9,50.0,48.1,44.9,48.4,51.8,48.6
2124,59.0,53.1,54.0,59.5,56.8,57.4,57.9,56.6,56.0,54.5,56.6,56.6,57.1,53.9,57.4,55.9,56.3,56.3,56.6,56.7,56.3,55.2,58.4,54.2,55.8,57.2,55.9,56.0,54.3,57.5,56.2,56.1,50.5,52.7,51.4,52.2,64.5,52.2,61.4,57.4,60.2,59.9,55.3,54.8,58.4,57.5,57.4,55.4,64.4,52.9,60.7,55.7,63.3,53.2,47.8,54.6,49.5,51.8,51.3,53.4,52.5,52.8,57.2,57.3,54.1,55.7,51.9,54.3,58.6,55.8,61.3,60.1,57.4,57.1,57.6,53.2,57.8,53.8,54.8,54.2,55.3,52.9,49.9,46.2,50.7,53.8,50.8
2125,61.0,54.5,55.5,61.9,58.4,59.2,59.6,58.1,57.2,56.1,57.9,58.0,58.4,55.4,59.0,57.3,57.7,57.7,57.9,57.9,57.6,56.7,60.0,56.0,58.1,58.9,57.4,57.7,55.9,58.7,57.8,57.4,52.3,54.3,53.0,53.8,66.4,53.7,63.8,59.0,62.4,61.2,57.5,56.4,60.5,59.1,59.1,57.0,66.2,54.9,62.2,57.2,65.5,54.8,48.8,55.8,50.4,53.0,52.7,54.8,53.9,54.5,58.6,58.7,56.1,57.0,53.8,55.7,60.0,57.2,63.0,62.4,59.5,58.8,59.2,54.6,59.1,55.2,56.3,56.4,57.1,55.1,51.4,47.2,52.5,55.5,52.7
2126,62.1,55.3,56.4,63.7,59.4,60.5,61.0,59.3,58.1,57.1,58.8,59.1,59.1,56.7,60.3,58.2,59.1,58.5,58.7,58.7,58.6,57.5,61.0,57.1,59.6,60.2,58.5,58.8,56.9,59.7,58.9,58.1,53.5,55.6,54.4,54.9,67.8,54.4,65.8,60.3,63.7,62.2,59.3,57.7,61.9,60.1,60.6,58.0,67.1,56.3,63.2,58.2,66.8,55.9,49.6,56.6,51.1,53.8,54.0,55.5,54.6,55.7,59.4,59.9,57.4,57.6,55.1,56.8,61.0,58.0,64.2,64.3,61.0,59.9,60.4,55.4,59.8,55.9,57.4,58.0,58.5,56.6,52.3,47.8,53.7,56.6,53.8
2127,62.4,55.5,56.6,64.8,60.1,61.3,61.7,59.9,58.5,57.6,59.0,59.7,59.4,57.2,61.0,58.6,59.4,58.7,59.2,58.8,59.2,58.0,61.6,57.8,60.8,60.9,59.0,59.5,57.6,60.2,59.3,58.3,54.4,56.1,55.1,55.4,68.3,54.5,66.9,60.7,64.9,62.3,60.6,58.2,62.1,60.3,61.2,58.4,67.5,56.8,63.7,58.5,67.2,56.3,50.2,56.9,51.6,54.2,54.7,55.9,54.8,56.7,59.9,60.1,58.4,57.9,55.5,57.4,61.3,58.5,64.8,65.3,61.3,60.3,60.8,55.7,60.2,56.3,58.0,59.0,59.3,57.3,52.8,47.9,54.6,57.2,54.6
2128,61.7,54.8,56.2,65.1,60.2,61.4,61.9,59.6,58.3,57.4,58.8,59.8,59.2,57.1,60.9,58.5,59.2,58.3,58.9,58.5,59.3,57.9,61.5,57.7,60.9,60.7,58.9,59.3,57.5,60.2,59.4,58.1,54.3,56.1,55.2,55.5,68.0,53.7,67.2,60.4,65.2,61.9,60.7,58.2,61.8,59.5,61.1,57.8,66.7,56.9,63.5,57.7,66.9,56.0,50.5,56.8,51.9,54.3,54.9,55.8,54.8,57.1,59.9,60.0,58.4,57.7,55.3,57.5,61.1,58.5,64.4,65.7,61.0,60.4,60.5,55.4,59.8,56.1,57.7,59.2,59.4,57.7,52.6,47.2,54.7,57.2,54.4
2129,60.2,53.3,54.5,64.6,59.5,60.9,60.9,59.0,57.4,56.7,57.9,59.3,58.6,56.5,60.1,57.8,58.6,57.1,57.8,57.3,58.5,57.5,60.7,56.8,60.0,60.0,58.2,58.5,56.9,59.4,58.8,57.2,53.6,55.4,54.5,54.7,66.9,52.1,66.6,59.3,64.8,59.9,60.0,57.3,60.5,57.7,60.1,56.4,64.9,56.2,62.6,56.2,65.6,54.4,50.1,55.9,51.4,53.8,54.7,54.9,53.9,57.0,58.8,58.9,57.4,56.5,54.3,56.8,60.2,57.7,63.2,65.3,59.7,59.8,59.2,54.6,58.8,55.3,57.0,58.8,58.6,57.1,51.8,46.2,54.1,56.2,53.8
2130,56.3,49.8,50.0,62.8,57.6,59.3,59.4,57.2,55.6,55.1,56.1,58.1,56.8,55.2,58.3,56.3,56.7,54.4,55.7,54.9,56.6,55.8,58.8,55.1,58.1,58.3,57.0,56.8,55.3,57.6,57.3,55.2,51.9,53.6,53.0,53.0,63.0,48.9,64.7,56.7,63.1,55.6,58.3,55.4,56.8,53.9,57.9,53.6,61.0,54.7,60.6,53.9,63.2,50.3,48.9,53.7,50.3,52.5,53.7,52.4,51.9,55.8,56.2,56.0,55.8,54.5,51.9,55.5,58.4,55.8,60.6,63.5,56.7,58.0,56.4,52.6,56.6,53.3,55.4,57.1,56.7,55.3,50.1,44.4,52.5,54.5,52.1
2131,50.9,45.8,44.9,58.7,54.3,56.3,56.2,53.7,53.2,52.3,53.9,55.9,54.1,53.1,54.8,53.8,53.1,50.5,53.4,52.4,53.6,53.0,55.7,51.6,53.5,54.6,55.2,53.3,52.2,54.6,54.3,52.3,48.5,50.3,50.5,50.0,57.1,45.4,60.2,51.7,60.3,49.7,54.0,51.4,52.2,49.3,53.7,49.6,56.7,50.1,56.7,51.2,58.7,45.6,46.7,50.5,47.8,49.9,51.7,48.3,49.6,53.2,52.2,51.3,53.4,50.9,47.7,53.4,55.7,53.2,55.8,59.1,51.9,53.9,51.9,48.4,54.3,51.0,52.4,53.0,52.5,51.7,46.3,42.7,49.5,51.3,48.4
2132,48.1,43.5,42.5,54.6,51.8,54.1,53.7,50.8,51.9,50.9,52.3,53.8,52.5,51.3,52.4,52.3,50.6,48.1,51.7,50.7,51.1,51.3,53.5,49.2,49.4,51.2,53.6,51.0,50.0,52.7,52.2,50.8,46.0,47.8,48.3,47.4,54.0,43.2,55.7,48.3,57.5,47.1,49.6,48.1,49.6,46.3,50.5,46.9,54.4,45.7,53.2,49.5,53.7,43.2,44.9,48.1,45.9,48.1,49.2,46.6,47.8,49.7,49.5,48.3,51.0,48.2,45.6,51.9,53.9,51.5,51.8,53.3,48.6,50.5,49.2,45.2,52.7,49.5,50.6,48.7,49.2,47.9,42.4,41.3,46.9,49.1,45.4
2133,46.2,41.6,40.8,51.7,50.1,52.5,52.2,48.9,50.7,49.9,51.1,52.1,51.2,50.1,50.9,51.2,48.7,46.5,50.5,49.6,49.6,50.0,52.0,47.8,47.3,49.7,52.3,49.4,48.6,51.4,50.4,49.8,44.4,46.1,46.7,45.9,51.7,41.6,52.7,45.7,55.4,45.5,47.6,46.2,47.7,44.3,47.8,44.9,52.0,43.7,50.8,48.1,50.3,41.8,44.0,46.3,44.6,46.8,47.4,45.4,46.6,47.0,48.0,46.1,49.6,46.1,43.8,50.7,52.5,50.2,49.5,50.7,46.2,48.6,47.3,43.5,51.9,48.3,49.4,46.4,47.5,45.3,41.0,40.3,45.2,47.5,43.7
2134,44.1,40.4,39.6,49.8,48.5,51.2,50.9,47.4,49.8,48.8,50.0,50.9,50.1,49.0,49.6,50.1,47.4,45.2,49.4,48.8,48.4,48.9,50.7,46.6,46.0,48.5,51.2,48.1,46.9,50.4,49.1,48.8,43.2,44.9,45.5,44.5,49.2,40.3,50.8,43.6,53.6,44.0,45.9,44.9,45.9,42.3,45.4,42.9,50.0,42.0,48.9,46.6,48.1,40.5,43.1,44.7,43.2,45.6,45.8,44.2,45.4,45.3,46.3,44.0,48.1,44.3,42.6,49.7,51.2,49.1,47.1,48.5,44.0,47.1,45.6,42.1,50.8,47.4,48.3,44.7,46.2,43.6,40.2,39.4,43.8,46.3,42.3
2135,42.4,39.1,38.6,48.0,47.5,50.0,49.6,46.4,48.9,47.8,49.1,49.8,49.0,48.0,48.5,49.3,46.4,44.4,48.4,48.1,47.2,48.0,49.7,45.5,44.8,47.3,50.1,47.2,46.1,49.6,48.0,48.0,42.1,43.7,44.3,43.4,47.8,39.0,49.2,41.9,52.0,42.9,44.3,44.0,44.2,41.0,43.4,41.2,47.8,40.2,47.1,45.2,46.3,39.4,42.3,42.9,42.3,44.8,44.6,43.1,44.5,44.0,44.9,42.0,46.9,42.8,41.4,48.7,50.3,48.2,45.7,46.7,42.0,45.6,43.6,40.9,49.7,46.5,47.4,43.4,44.9,42.3,39.7,38.7,42.7,45.2,41.4
2136,40.7,38.1,37.6,46.3,46.5,49.1,48.6,45.6,48.1,47.0,48.4,49.0,48.2,47.0,47.7,48.4,45.8,43.3,47.7,47.3,46.4,47.1,48.7,44.6,43.8,46.4,49.1,46.3,45.3,48.6,46.9,47.3,41.4,42.9,43.4,42.5,46.6,37.7,47.7,40.7,49.8,42.1,43.2,42.9,42.6,40.0,41.2,39.8,45.3,38.8,45.5,43.9,45.0,38.4,41.5,41.8,41.7,43.9,43.4,42.2,43.6,42.6,43.6,40.3,45.7,41.4,40.0,47.8,49.4,47.5,44.0,45.0,40.7,44.4,41.7,39.3,49.1,45.4,46.6,42.5,44.1,41.1,39.2,38.0,41.8,44.3,40.5
2137,39.0,37.2,36.5,44.9,45.7,48.2,47.7,45.0,47.3,46.2,47.5,48.0,47.3,46.2,46.9,47.7,44.8,42.3,46.7,46.7,45.5,46.5,47.9,44.0,43.3,45.6,48.4,45.5,44.6,47.9,46.2,46.9,40.5,42.1,42.6,41.6,45.5,36.9,46.4,39.2,48.5,40.8,42.0,42.2,41.1,39.0,39.8,38.4,43.3,37.6,44.2,42.6,43.4,37.5,40.8,40.6,41.0,43.3,42.7,41.0,42.9,41.6,42.9,38.7,44.6,40.1,39.0,47.0,48.5,46.6,42.6,43.7,39.2,43.2,40.5,38.0,48.2,44.7,45.7,41.6,43.4,40.0,38.9,37.3,41.0,43.6,39.8
2138,37.8,36.8,35.7,43.8,44.9,47.6,47.1,44.6,46.4,45.5,46.7,47.3,46.5,45.7,46.1,46.9,44.5,41.6,45.8,46.1,45.1,45.9,47.6,43.2,42.5,45.1,47.4,44.9,43.8,47.2,45.6,46.2,39.9,41.4,41.8,40.9,44.5,36.2,45.5,38.1,46.8,40.4,41.1,41.4,40.1,38.2,38.4,37.3,41.5,36.6,43.2,41.5,41.8,36.4,40.2,39.8,40.4,42.6,42.0,40.3,42.4,40.7,42.1,37.2,43.6,39.1,38.1,46.3,47.8,45.7,41.0,42.4,37.8,42.2,39.0,36.8,47.3,43.9,45.1,40.9,42.6,38.9,38.7,36.8,40.1,42.8,39.2
2139,36.9,36.0,35.1,42.8,44.1,47.0,46.6,44.0,45.8,44.9,45.9,46.6,45.8,45.0,46.0,46.4,44.0,40.8,45.3,45.5,44.5,45.1,46.9,42.5,41.5,44.6,46.8,44.4,43.1,46.6,44.9,45.6,39.1,40.9,41.0,40.4,43.2,35.7,44.5,37.3,45.6,39.9,40.1,40.4,38.5,37.4,37.0,36.3,39.9,35.4,41.9,40.5,40.4,35.8,39.5,39.1,39.8,42.1,41.3,39.4,41.7,40.0,41.3,36.0,43.0,38.2,37.3,45.6,47.3,45.0,39.7,40.9,36.5,41.0,37.3,35.7,46.8,43.1,44.8,40.2,41.8,38.0,38.0,36.2,39.4,42.3,38.5
2140,35.9,35.3,34.5,41.8,43.6,46.5,46.1,43.4,45.2,44.4,45.5,45.9,45.2,44.5,45.2,45.7,43.7,40.2,44.8,44.7,44.2,44.4,46.5,41.7,40.7,43.9,46.2,43.8,42.7,46.0,44.5,45.0,38.2,40.2,40.4,39.8,42.4,34.9,43.8,36.3,44.7,39.3,39.2,39.5,37.4,36.5,36.3,35.3,38.6,34.5,40.8,39.5,39.1,35.1,38.8,38.4,39.0,41.6,40.6,38.9,41.1,39.2,40.6,34.9,42.4,37.4,36.7,45.0,46.5,44.4,38.4,40.2,35.4,40.0,36.5,34.6,46.2,42.5,44.2,39.3,41.2,37.0,37.6,35.7,38.6,41.6,38.2
2141,34.9,34.6,34.0,40.8,43.0,45.9,45.4,42.9,44.7,43.9,45.0,45.4,44.7,43.9,44.8,45.1,43.1,39.6,44.3,44.3,43.7,44.0,46.1,41.0,40.2,43.5,45.7,43.4,42.2,45.7,44.1,44.5,37.6,39.6,40.0,39.3,41.8,34.4,42.8,35.3,43.6,39.0,38.3,38.7,36.7,35.8,35.5,34.5,37.7,33.7,39.9,38.8,37.7,34.4,38.5,37.8,38.7,41.3,40.0,38.3,40.6,38.7,40.1,33.7,41.7,37.0,36.0,44.5,45.9,43.8,37.0,39.3,34.3,39.4,35.6,33.8,46.0,41.9,43.7,38.7,40.5,36.2,37.3,35.4,37.9,41.2,37.6
2142,34.3,34.2,33.8,40.0,42.4,45.3,44.9,42.6,44.2,43.4,44.5,45.0,44.2,43.4,44.2,44.7,42.8,39.4,44.0,43.9,43.4,43.5,45.8,40.5,39.7,42.9,45.3,43.0,41.8,45.5,43.7,44.0,37.0,39.4,39.6,39.0,41.1,34.0,42.1,34.3,42.6,38.6,37.5,38.2,36.1,35.2,34.8,33.9,37.1,33.1,39.0,38.3,36.7,34.0,37.9,37.7,38.3,40.9,39.8,37.9,40.1,37.8,40.1,33.1,41.2,36.6,35.3,44.1,45.4,43.5,35.7,38.5,33.2,38.5,35.1,33.2,45.5,41.6,43.2,38.0,39.9,35.6,36.9,35.2,37.4,40.7,37.1
2143,38.8,37.2,37.3,39.7,42.7,45.5,45.2,43.0,45.2,44.0,46.0,45.7,45.8,43.9,44.5,45.5,43.6,42.7,45.6,46.4,43.9,44.4,46.4,40.8,39.5,43.0,45.7,43.3,42.5,46.5,44.1,45.1,37.3,39.7,40.1,39.6,44.9,36.5,41.7,38.7,44.2,43.5,37.6,40.0,39.2,38.9,37.3,38.7,43.3,33.5,39.8,40.1,39.1,37.2,38.1,40.2,38.5,41.5,39.4,40.6,42.0,37.6,43.0,37.8,42.0,40.0,37.1,44.5,47.0,45.2,38.0,37.9,37.3,40.2,40.6,33.5,47.4,43.4,43.8,38.0,40.0,35.2,37.3,37.2,37.5,41.2,37.9
2144,43.9,41.3,42.0,43.6,45.6,47.6,47.6,45.7,47.4,46.4,48.6,47.8,48.8,46.0,47.2,47.7,46.6,46.6,48.7,49.1,46.5,46.7,48.9,43.5,42.8,45.9,47.7,46.0,45.0,49.3,46.5,47.6,39.9,42.3,42.2,42.3,50.6,40.9,45.5,44.9,47.8,48.7,40.9,44.0,43.7,44.5,41.7,44.2,50.6,38.5,46.7,43.5,45.7,41.5,39.9,44.1,41.5,43.9,41.5,44.0,44.3,40.3,46.9,44.4,44.0,44.9,41.2,46.5,49.9,47.8,44.8,42.6,42.4,45.8,45.9,39.3,50.2,45.9,46.3,41.4,43.2,38.4,40.6,39.6,40.1,43.7,40.8
2145,48.9,45.5,46.4,48.6,48.8,50.2,50.4,48.8,49.8,48.7,51.0,50.4,51.4,48.3,50.1,50.2,49.4,49.6,51.3,51.4,49.2,49.3,51.6,46.7,46.7,49.2,50.0,49.0,47.6,51.8,49.3,50.1,42.8,45.4,44.6,45.0,55.4,44.6,50.3,49.1,51.5,52.5,45.1,47.6,48.2,49.4,46.9,48.0,55.8,44.1,52.2,47.2,51.9,45.3,42.4,47.8,44.4,46.5,44.3,47.1,46.8,44.4,50.3,49.5,46.7,48.5,44.6,48.7,52.5,50.3,50.8,48.8,47.2,49.8,50.0,44.4,52.9,48.4,48.7,45.3,46.9,42.5,43.6,41.9,43.1,46.7,43.8
2146,52.9,48.6,49.8,52.9,52.0,52.9,53.3,51.9,52.3,50.9,53.2,52.9,53.8,50.4,52.9,52.4,52.1,52.4,53.4,53.7,52.1,51.6,54.4,49.6,50.2,52.4,52.3,51.9,50.1,54.1,52.1,52.5,46.0,48.5,47.3,47.8,59.5,48.0,54.8,52.7,55.0,55.7,49.1,50.6,52.5,53.0,51.6,51.2,59.6,48.3,56.2,50.9,57.1,48.6,45.0,50.8,46.8,49.0,47.2,49.9,49.3,48.0,53.2,53.2,49.3,51.7,47.6,50.9,55.0,52.4,55.9,53.6,51.7,53.0,53.3,48.5,55.0,50.6,51.1,49.0,50.1,46.5,46.2,43.9,46.2,49.6,46.7
2147,56.2,51.1,52.6,56.4,54.6,55.5,55.8,54.6,54.5,53.0,55.3,55.0,55.6,52.5,55.3,54.5,54.4,54.7,55.3,55.5,54.3,53.7,56.8,52.0,53.2,55.1,54.4,54.4,52.5,56.3,54.5,54.5,48.7,50.9,49.8,50.4,62.4,50.5,58.5,55.6,57.9,58.3,52.6,53.2,56.1,55.7,55.1,53.7,62.5,51.4,59.2,53.8,61.0,51.3,46.9,53.1,48.6,51.0,49.6,52.0,51.5,50.9,55.5,55.9,52.0,54.2,50.0,52.8,57.0,54.3,59.3,57.4,55.1,55.5,55.9,51.6,56.9,52.5,53.3,52.1,53.0,50.2,48.6,45.5,48.7,52.0,49.0
2148,59.2,53.2,54.2,59.8,56.8,57.6,58.1,56.7,56.2,54.8,56.9,56.8,57.4,54.2,57.5,56.1,56.6,56.7,57.0,57.1,56.5,55.4,58.7,54.2,56.0,57.4,56.2,56.2,54.5,57.8,56.5,56.2,50.8,52.9,51.7,52.4,64.9,52.5,61.7,57.8,60.7,60.1,55.5,55.4,58.7,57.8,58.0,55.9,64.7,53.6,61.4,56.1,64.0,53.5,48.2,54.9,49.9,52.4,51.8,53.8,53.0,53.2,57.6,57.9,54.3,56.1,52.1,54.6,58.8,56.2,62.0,60.4,57.8,57.5,58.1,53.9,58.2,54.2,55.1,54.5,55.3,53.1,50.4,46.9,50.9,54.1,51.2
2149,61.3,54.6,55.7,62.2,58.4,59.3,59.8,58.2,57.4,56.4,58.2,58.3,58.7,55.7,59.1,57.5,57.9,58.2,58.2,58.3,57.7,56.9,60.3,55.9,58.2,59.0,57.7,57.9,56.1,59.0,58.0,57.7,52.6,54.7,53.3,54.1,66.8,54.0,64.1,59.5,62.9,61.5,57.7,57.0,60.8,59.5,59.8,57.5,66.5,55.6,62.9,57.6,66.2,55.1,49.2,56.2,50.8,53.6,53.2,55.1,54.5,55.0,59.0,59.3,56.3,57.4,54.1,56.0,60.3,57.6,63.7,62.7,59.9,59.2,59.6,55.4,59.4,55.6,56.6,56.6,57.2,55.3,51.8,47.8,52.8,55.8,53.1
2150,62.5,55.5,56.7,64.1,59.5,60.6,61.1,59.2,58.3,57.3,59.2,59.3,59.5,56.9,60.5,58.4,59.3,58.9,59.0,59.0,58.8,57.8,61.2,57.1,59.8,60.3,58.8,59.0,57.1,60.1,59.0,58.5,53.9,55.9,54.7,55.2,68.1,54.7,66.0,60.9,64.4,62.5,59.5,58.3,62.2,60.5,61.4,58.4,67.3,56.9,63.9,58.5,67.5,56.3,50.1,57.0,51.7,54.3,54.4,55.9,55.2,56.2,59.9,60.3,57.6,58.0,55.3,57.1,61.4,58.5,65.0,64.5,61.4,60.5,60.9,56.2,60.1,56.4,57.6,58.2,58.5,56.8,52.8,48.4,54.0,56.8,54.2
2151,62.7,55.6,57.0,65.2,60.1,61.4,61.8,60.0,58.7,57.8,59.4,60.0,59.9,57.4,61.0,58.9,59.6,59.1,59.6,59.2,59.4,58.3,61.9,57.8,61.0,60.9,59.2,59.7,57.8,60.6,59.4,58.7,54.7,56.5,55.4,55.7,68.7,54.9,67.1,61.4,65.5,62.7,60.8,58.8,62.6,60.7,61.9,58.8,67.7,57.4,64.4,58.7,68.0,56.6,50.6,57.4,52.1,54.8,55.1,56.2,55.4,57.1,60.4,60.5,58.6,58.3,55.8,57.6,61.7,59.0,65.5,65.6,61.8,60.9,61.2,56.4,60.4,56.9,58.3,59.2,59.3,57.6,53.2,48.5,54.8,57.4,55.0
2152,62.1,55.0,56.6,65.5,60.2,61.4,61.9,59.8,58.6,57.6,59.3,60.1,59.8,57.3,61.0,58.8,59.4,58.7,59.3,58.8,59.4,58.2,61.7,57.7,61.1,60.8,59.2,59.5,57.7,60.6,59.5,58.5,54.6,56.5,55.5,55.8,68.5,54.1,67.4,61.2,65.9,62.3,61.0,58.8,62.4,60.0,61.9,58.1,66.9,57.5,64.2,58.0,67.7,56.4,51.0,57.3,52.4,54.9,55.4,56.3,55.4,57.5,60.4,60.3,58.6,58.1,55.5,57.7,61.5,59.0,65.1,66.1,61.6,60.9,60.9,56.1,59.9,56.6,58.0,59.4,59.5,58.0,53.0,47.8,55.0,57.3,54.8
2153,60.7,53.5,55.0,65.0,59.5,61.0,61.1,59.0,57.8,56.9,58.4,59.7,59.1,56.7,60.2,58.1,58.8,57.5,58.3,57.7,58.7,57.7,60.9,56.9,60.2,60.0,58.4,58.7,57.1,59.8,59.0,57.6,53.9,55.8,54.9,55.0,67.3,52.5,66.8,60.1,65.6,60.3,60.3,58.0,61.1,58.2,60.8,56.8,65.1,56.7,63.3,56.4,66.3,54.9,50.5,56.3,51.9,54.4,55.2,55.3,54.5,57.3,59.2,59.2,57.7,57.0,54.5,57.0,60.6,58.2,63.9,65.7,60.2,60.4,59.5,55.2,59.0,55.8,57.2,59.0,58.7,57.4,52.2,46.8,54.3,56.4,54.1
2154,56.8,50.0,50.4,63.2,57.6,59.4,59.5,57.3,55.9,55.3,56.6,58.5,57.3,55.5,58.4,56.6,56.9,54.8,56.3,55.3,56.8,56.0,59.0,55.2,58.3,58.4,57.3,57.0,55.5,58.0,57.4,55.7,52.3,54.0,53.5,53.4,63.5,49.3,65.0,57.4,63.8,56.0,58.7,56.1,57.3,54.4,58.7,54.0,61.2,55.2,61.2,54.1,63.9,50.8,49.4,54.1,50.8,53.1,54.1,52.8,52.5,56.1,56.6,56.3,56.1,54.9,52.2,55.7,58.8,56.4,61.4,64.0,57.2,58.7,56.7,53.1,56.9,53.8,55.6,57.3,56.9,55.8,50.6,45.1,52.8,54.7,52.5
2155,51.3,46.1,45.1,59.0,54.3,56.4,56.3,53.9,53.5,52.4,54.4,56.3,54.5,53.3,54.9,54.1,53.3,50.9,54.0,52.8,53.8,53.2,55.8,51.7,53.7,54.7,55.4,53.5,52.3,54.9,54.4,52.6,48.8,50.6,50.8,50.3,57.6,45.7,60.5,52.4,61.0,49.9,54.3,52.0,52.7,49.7,54.5,49.9,56.9,50.7,57.3,51.4,59.5,45.9,47.2,50.8,48.3,50.4,52.1,48.7,50.2,53.5,52.5,51.8,53.6,51.3,47.9,53.5,55.9,53.7,56.5,59.6,52.4,54.4,52.2,48.9,54.5,51.4,52.5,53.2,52.6,52.0,46.8,43.3,49.7,51.6,48.6
2156,48.4,43.7,42.7,54.9,51.8,54.2,53.8,50.8,52.1,50.9,52.7,54.2,52.9,51.5,52.5,52.5,50.5,48.6,52.1,51.1,51.1,51.4,53.6,49.3,49.6,51.2,53.7,51.1,50.0,52.8,52.2,51.3,46.3,48.0,48.5,47.6,54.6,43.7,55.9,48.9,58.2,47.3,50.0,48.7,50.0,46.7,51.3,47.3,54.6,46.2,53.9,49.7,54.5,43.6,45.5,48.3,46.3,48.6,49.6,47.0,48.3,50.0,49.8,48.7,51.3,48.6,45.7,52.1,54.1,52.0,52.5,53.6,49.0,51.1,49.5,45.7,52.9,49.9,50.7,48.7,49.3,48.1,43.0,41.9,47.0,49.3,45.5
2157,46.4,41.9,41.0,52.1,50.1,52.6,52.3,48.9,50.8,49.9,51.4,52.4,51.6,50.1,50.9,51.3,48.6,46.9,50.9,50.0,49.6,50.0,52.1,47.9,47.5,49.6,52.4,49.5,48.4,51.5,50.3,50.1,44.5,46.3,46.9,46.0,52.2,42.1,53.0,46.4,56.1,45.7,47.9,46.8,48.1,44.6,48.5,45.2,52.2,44.1,51.4,48.3,51.1,42.0,44.4,46.5,44.9,47.3,47.8,45.7,47.0,47.3,48.3,46.4,49.8,46.5,44.0,50.8,52.7,50.6,50.2,50.9,46.6,49.0,47.6,44.1,52.1,48.7,49.4,46.4,47.5,45.6,41.5,40.9,45.2,47.6,43.7
2158,44.3,40.8,39.9,50.1,48.5,51.3,51.0,47.4,49.9,48.7,50.3,51.1,50.4,49.1,49.6,50.3,47.3,45.6,49.7,49.2,48.4,49.0,50.7,46.7,46.2,48.4,51.2,48.1,46.9,50.6,49.0,49.1,43.4,44.9,45.6,44.6,49.7,40.8,50.9,44.3,54.3,44.2,46.1,45.5,46.3,42.5,46.0,43.2,50.3,42.4,49.6,46.7,48.8,40.8,43.5,44.8,43.7,46.0,46.2,44.5,45.9,45.5,46.6,44.3,48.3,44.7,42.7,49.7,51.4,49.5,47.8,48.7,44.4,47.5,46.0,42.7,51.1,47.6,48.3,44.7,46.3,43.8,40.6,40.0,43.9,46.4,42.3
2159,42.6,39.6,38.9,48.3,47.4,50.0,49.6,46.3,49.0,47.9,49.5,50.1,49.3,48.0,48.5,49.4,46.3,44.7,48.8,48.4,47.2,48.1,49.7,45.6,44.9,47.1,50.1,47.2,46.0,49.7,48.0,48.3,42.3,43.7,44.4,43.5,48.3,39.6,49.4,42.6,52.6,43.1,44.6,44.5,44.5,41.4,44.0,41.5,48.2,40.7,47.6,45.4,47.0,39.7,42.7,43.2,42.8,45.2,45.0,43.6,44.9,44.2,45.2,42.3,47.1,43.2,41.6,48.8,50.5,48.5,46.4,46.9,42.5,46.0,43.9,41.4,49.9,46.8,47.3,43.5,45.0,42.6,40.0,39.3,42.9,45.2,41.4
2160,41.0,38.6,37.9,46.6,46.5,49.1,48.6,45.5,48.1,47.0,48.7,49.2,48.5,47.1,47.7,48.5,45.6,43.7,48.0,47.6,46.3,47.2,48.7,44.7,43.9,46.3,49.2,46.4,45.2,48.8,46.8,47.5,41.6,42.8,43.5,42.5,47.0,38.3,47.9,41.2,50.4,42.4,43.3,43.5,42.9,40.4,41.9,40.0,45.6,39.3,46.1,44.1,45.7,38.7,42.0,42.1,42.1,44.3,43.8,42.6,44.0,42.9,43.9,40.8,45.8,41.8,40.2,47.9,49.6,47.7,44.7,45.2,41.0,44.9,42.1,39.9,49.4,45.7,46.6,42.6,44.2,41.3,39.7,38.5,41.9,44.3,40.5
2161,39.3,37.7,36.8,45.2,45.7,48.3,47.7,44.9,47.3,46.1,47.7,48.2,47.5,46.3,47.0,47.8,44.7,42.5,47.1,47.0,45.4,46.5,47.9,44.1,43.4,45.5,48.4,45.5,44.5,48.1,46.1,47.0,40.6,42.0,42.6,41.7,45.8,37.5,46.7,39.7,49.1,41.1,42.1,42.8,41.6,39.4,40.4,38.6,43.7,38.0,44.8,42.8,44.0,37.8,41.2,40.9,41.3,43.6,43.1,41.5,43.3,41.9,43.2,39.1,44.7,40.4,39.1,47.1,48.7,46.8,43.3,43.8,39.6,43.7,40.9,38.6,48.5,44.9,45.7,41.7,43.5,40.2,39.3,37.8,41.1,43.6,39.8
2162,38.1,37.3,36.1,44.0,44.8,47.6,47.0,44.4,46.5,45.4,47.0,47.4,46.7,45.7,46.2,47.0,44.3,41.8,46.1,46.4,45.0,45.9,47.5,43.3,42.6,45.0,47.5,45.0,43.8,47.3,45.6,46.4,40.0,41.4,41.9,41.0,44.8,36.7,45.7,38.6,47.5,40.6,41.2,42.0,40.4,38.6,39.0,37.5,41.9,37.0,43.7,41.7,42.5,36.8,40.5,40.0,40.7,43.0,42.3,40.7,42.7,41.0,42.3,37.7,43.8,39.4,38.2,46.4,48.0,46.0,41.8,42.5,38.2,42.6,39.4,37.4,47.5,44.1,45.1,40.9,42.7,39.2,39.2,37.3,40.2,42.8,39.2
2163,37.2,36.3,35.4,43.1,44.2,47.1,46.6,43.8,45.8,44.9,46.2,46.7,46.0,45.1,46.0,46.5,43.8,41.1,45.5,45.9,44.4,45.2,46.8,42.6,41.7,44.6,46.9,44.5,43.0,46.7,44.8,45.8,39.2,40.9,41.1,40.5,43.5,36.2,44.7,37.8,46.3,40.1,40.3,40.9,38.9,37.9,37.6,36.5,40.3,35.9,42.5,40.6,41.1,36.2,39.9,39.2,40.2,42.4,41.6,39.7,42.1,40.2,41.5,36.4,43.1,38.5,37.5,45.7,47.4,45.3,40.4,41.0,36.9,41.4,37.8,36.3,46.9,43.3,44.7,40.3,41.8,38.2,38.4,36.7,39.5,42.2,38.6
2164,36.2,35.6,34.8,41.9,43.5,46.6,46.0,43.3,45.2,44.4,45.7,46.0,45.4,44.5,45.3,45.8,43.5,40.4,45.0,45.1,44.1,44.5,46.5,41.8,41.0,43.9,46.3,43.9,42.7,46.2,44.5,45.2,38.4,40.2,40.5,39.9,42.7,35.5,44.1,36.8,45.3,39.6,39.4,40.0,37.8,37.0,36.9,35.5,39.0,35.0,41.4,39.7,39.6,35.5,39.1,38.4,39.4,41.9,40.9,39.2,41.5,39.6,40.8,35.3,42.5,37.8,36.8,45.1,46.6,44.7,39.1,40.3,35.7,40.5,36.9,35.2,46.4,42.7,44.1,39.4,41.3,37.3,38.0,36.3,38.9,41.6,38.2
2165,35.2,34.8,34.3,41.0,43.0,45.9,45.4,42.8,44.7,43.9,45.3,45.5,44.8,43.9,44.9,45.2,43.0,39.8,44.5,44.6,43.5,44.0,46.0,41.2,40.4,43.4,45.8,43.5,42.2,45.8,44.1,44.6,37.8,39.7,40.1,39.5,42.2,34.9,43.1,35.7,44.1,39.4,38.6,39.2,37.0,36.3,36.1,34.8,37.9,34.1,40.5,39.0,38.4,34.8,38.8,37.8,39.0,41.5,40.4,38.6,41.0,39.0,40.3,34.2,41.8,37.2,36.1,44.6,46.1,44.0,37.8,39.4,34.6,39.8,36.0,34.4,46.2,42.1,43.7,38.9,40.5,36.4,37.6,35.9,38.1,41.2,37.6
2166,34.6,34.6,34.2,40.2,42.3,45.4,45.0,42.4,44.3,43.4,44.7,45.1,44.3,43.5,44.4,44.8,42.7,39.7,44.2,44.3,43.2,43.6,45.8,40.6,39.9,42.8,45.3,43.0,41.8,45.6,43.6,44.1,37.3,39.4,39.8,39.0,41.6,34.4,42.4,34.8,43.2,39.1,38.0,38.7,36.5,35.8,35.3,34.3,37.4,33.5,39.7,38.4,37.4,34.4,38.2,37.8,38.6,41.2,40.1,38.2,40.5,38.2,40.3,33.6,41.3,36.9,35.4,44.2,45.6,43.7,36.3,38.6,33.6,38.9,35.5,33.6,45.8,41.8,43.2,38.2,40.0,35.8,37.1,35.8,37.6,40.7,37.2
2167,39.3,37.6,37.9,40.0,42.8,45.7,45.4,43.0,45.4,44.2,46.4,45.9,46.1,44.0,44.7,45.7,43.6,43.1,45.9,46.7,43.9,44.5,46.5,40.9,39.8,43.1,45.9,43.5,42.7,46.6,44.2,45.5,37.7,39.9,40.3,39.8,45.6,37.2,42.0,39.4,44.8,44.2,38.1,40.6,39.6,39.7,37.9,39.1,43.6,34.1,40.5,40.3,39.9,37.9,38.4,40.5,38.8,41.8,39.7,41.0,42.4,38.0,43.4,38.5,42.1,40.4,37.4,44.6,47.3,45.5,38.9,38.1,37.9,40.7,41.0,34.1,47.7,43.6,43.9,38.2,40.2,35.6,37.6,37.8,37.8,41.3,38.2
2168,44.4,41.7,42.8,44.1,45.8,47.9,47.9,46.0,47.7,46.8,49.1,48.2,49.3,46.3,47.5,48.0,46.8,46.9,49.0,49.6,46.7,46.9,49.2,43.9,43.3,46.2,48.0,46.3,45.3,49.6,46.8,48.0,40.5,42.7,42.6,42.7,51.3,41.6,45.9,45.6,48.4,49.4,41.5,44.7,44.3,45.4,42.4,44.5,50.8,39.0,47.3,43.7,46.4,42.1,40.2,44.4,41.9,44.3,41.8,44.4,44.7,40.7,47.3,44.8,44.2,45.3,41.5,46.8,50.2,48.3,45.6,43.0,43.1,46.4,46.2,39.9,50.6,46.2,46.6,41.8,43.6,38.9,40.9,40.1,40.7,44.0,41.3
2169,49.5,46.0,47.1,49.2,49.2,50.7,50.8,49.3,50.2,49.1,51.5,50.8,51.9,48.7,50.6,50.6,49.8,49.9,51.8,51.9,49.6,49.6,52.1,47.1,47.2,49.6,50.4,49.4,48.1,52.2,49.7,50.5,43.6,46.0,45.2,45.6,56.1,45.3,50.9,49.8,52.1,53.3,45.8,48.2,48.8,50.2,47.6,48.2,55.9,44.5,52.6,47.4,52.6,46.0,42.7,48.1,44.7,46.8,44.6,47.5,47.1,44.8,50.6,49.8,47.0,49.0,44.9,49.1,52.8,50.8,51.6,49.6,47.9,50.4,50.2,44.9,53.4,48.9,49.2,45.9,47.4,43.1,43.8,42.4,43.8,47.2,44.4
2170,53.6,49.2,50.5,53.6,52.4,53.4,53.7,52.5,52.7,51.5,53.7,53.4,54.3,50.9,53.4,52.8,52.7,52.7,54.0,54.3,52.7,52.0,54.9,50.2,50.7,52.9,52.9,52.5,50.7,54.5,52.6,52.9,46.7,49.1,48.0,48.4,60.3,48.7,55.5,53.3,55.7,56.4,49.8,51.2,53.2,53.8,52.2,51.4,59.7,48.6,56.6,51.0,57.7,49.3,45.3,51.1,47.0,49.3,47.4,50.3,49.6,48.4,53.5,53.4,49.5,52.2,47.9,51.4,55.3,52.9,56.7,54.4,52.3,53.5,53.3,48.8,55.5,51.1,51.6,49.6,50.6,47.2,46.4,44.3,46.9,50.2,47.5
2171,57.0,51.8,53.4,57.2,55.1,56.0,56.3,55.2,54.9,53.6,55.9,55.4,56.2,53.1,55.9,55.0,55.0,54.9,56.0,56.1,54.9,54.1,57.3,52.6,53.8,55.6,55.0,54.9,53.2,56.8,55.2,55.0,49.5,51.7,50.5,51.0,63.1,51.3,59.3,56.2,58.5,59.0,53.3,53.9,56.8,56.5,55.7,53.9,62.5,51.6,59.6,53.9,61.6,52.1,47.2,53.5,48.9,51.3,49.8,52.5,51.8,51.3,55.8,55.9,52.3,54.6,50.3,53.4,57.5,54.9,60.0,58.2,55.8,55.9,55.9,51.9,57.4,53.0,53.9,52.7,53.5,50.8,48.7,45.9,49.4,52.7,49.8
2172,60.1,53.8,55.1,60.4,57.4,58.1,58.6,57.4,56.8,55.4,57.6,57.4,58.0,54.8,58.1,56.7,57.2,56.9,57.6,57.7,57.0,56.0,59.2,54.8,56.5,57.8,56.8,56.9,55.2,58.4,57.1,56.8,51.6,53.7,52.4,53.2,65.7,53.3,62.5,58.4,61.4,60.9,56.2,56.0,59.5,58.5,58.6,56.0,64.6,53.8,61.7,56.2,64.5,54.2,48.5,55.4,50.2,52.7,52.0,54.2,53.4,53.6,57.9,58.0,54.6,56.5,52.4,55.2,59.3,56.7,62.7,61.1,58.6,57.9,58.1,54.2,58.8,54.7,55.8,55.0,55.9,53.7,50.5,47.2,51.7,54.8,52.0
2173,62.1,55.3,56.5,63.0,59.0,59.9,60.4,58.9,58.1,57.1,58.9,59.0,59.4,56.4,59.7,58.2,58.5,58.4,58.9,58.9,58.5,57.7,60.9,56.6,58.8,59.6,58.4,58.6,56.8,59.7,58.7,58.3,53.4,55.4,54.1,54.8,67.4,54.8,64.9,60.1,63.6,62.4,58.3,57.6,61.7,60.2,60.4,57.5,66.3,55.8,63.1,57.6,66.7,55.9,49.5,56.7,51.2,53.9,53.5,55.6,54.9,55.4,59.4,59.4,56.5,57.8,54.3,56.7,60.8,58.2,64.4,63.3,60.7,59.7,59.6,55.6,60.0,56.2,57.3,57.2,57.7,55.9,51.9,48.2,53.5,56.4,53.9
2174,63.3,56.3,57.6,64.9,60.1,61.3,61.7,60.0,59.0,58.1,59.9,60.1,60.3,57.6,61.2,59.1,60.0,59.3,59.8,59.7,59.5,58.6,61.9,57.9,60.5,60.9,59.5,59.9,57.8,60.7,59.7,59.2,54.7,56.7,55.4,55.9,68.7,55.6,66.8,61.5,65.0,63.2,60.2,58.8,63.1,61.2,62.0,58.4,67.1,57.1,64.1,58.6,68.0,57.0,50.4,57.4,51.9,54.6,54.7,56.3,55.7,56.5,60.3,60.4,57.9,58.4,55.5,57.8,61.9,59.2,65.6,65.1,62.2,60.9,60.9,56.3,60.7,57.0,58.4,58.8,59.1,57.5,52.8,48.8,54.7,57.5,55.0
2175,63.6,56.4,57.9,66.0,60.7,62.0,62.4,60.7,59.4,58.6,60.2,60.7,60.7,58.2,61.7,59.7,60.3,59.5,60.4,59.8,60.0,59.1,62.5,58.5,61.7,61.6,60.0,60.4,58.5,61.2,60.2,59.5,55.5,57.2,56.1,56.4,69.2,55.9,67.9,62.0,66.2,63.3,61.6,59.3,63.5,61.4,62.5,58.7,67.4,57.6,64.5,58.9,68.4,57.4,50.8,57.8,52.4,55.0,55.4,56.6,55.9,57.5,60.7,60.7,58.8,58.7,56.0,58.5,62.3,59.8,66.0,66.2,62.6,61.3,61.2,56.5,61.0,57.6,59.0,59.9,59.9,58.2,53.3,48.8,55.5,58.0,55.8
2176,63.0,55.8,57.5,66.2,60.8,62.1,62.6,60.5,59.3,58.3,60.2,60.9,60.6,58.1,61.8,59.7,60.1,59.0,60.2,59.5,60.0,59.0,62.4,58.5,61.9,61.4,60.0,60.2,58.5,61.1,60.2,59.2,55.4,57.3,56.2,56.5,68.9,55.0,68.1,61.7,66.5,62.9,61.8,59.3,63.2,60.7,62.3,58.1,66.7,57.6,64.3,58.1,68.0,57.1,51.2,57.7,52.6,55.1,55.6,56.6,55.8,57.8,60.7,60.4,58.8,58.4,55.8,58.5,62.1,59.8,65.6,66.6,62.4,61.3,60.9,56.1,60.6,57.4,58.7,60.1,60.1,58.7,53.1,48.2,55.7,58.0,55.6
2177,61.6,54.4,55.9,65.8,60.1,61.7,61.8,59.8,58.5,57.6,59.2,60.5,60.0,57.5,60.9,58.9,59.4,57.8,59.2,58.3,59.4,58.5,61.6,57.7,60.9,60.7,59.2,59.5,57.8,60.4,59.7,58.3,54.7,56.6,55.6,55.7,67.8,53.4,67.5,60.6,66.1,61.0,61.1,58.4,61.9,58.9,61.3,56.7,65.0,56.8,63.3,56.5,66.5,55.6,50.7,56.7,52.0,54.6,55.5,55.7,55.0,57.6,59.5,59.2,57.9,57.3,54.7,57.8,61.2,59.0,64.3,66.2,61.0,60.7,59.6,55.2,59.7,56.5,58.0,59.7,59.4,58.2,52.3,47.1,55.0,57.1,54.8
2178,57.6,50.9,51.3,64.0,58.3,60.1,60.1,58.0,56.5,56.1,57.4,59.2,58.0,56.2,59.1,57.3,57.6,55.1,57.1,56.0,57.6,56.7,59.7,55.9,59.0,59.0,58.0,57.7,56.2,58.6,58.2,56.4,53.0,54.7,54.2,54.1,64.0,50.2,65.8,57.9,64.3,56.7,59.5,56.5,58.2,55.2,59.1,53.9,61.2,55.2,61.2,54.2,64.0,51.4,49.6,54.5,51.1,53.3,54.5,53.2,52.9,56.5,57.0,56.5,56.4,55.3,52.4,56.4,59.4,57.1,61.8,64.5,58.0,59.1,56.8,53.1,57.6,54.4,56.4,58.0,57.5,56.5,50.6,45.3,53.5,55.4,53.2
2179,51.9,46.9,45.9,59.7,55.0,57.1,57.0,54.4,54.0,53.1,55.0,56.9,55.0,54.0,55.7,54.6,53.9,51.2,54.6,53.2,54.3,53.8,56.4,52.4,54.4,55.3,56.1,54.3,52.9,55.5,55.1,53.2,49.5,51.3,51.4,51.0,58.0,46.4,61.2,53.0,61.5,50.5,55.0,52.5,53.5,50.4,54.9,49.9,56.8,50.8,57.4,51.5,59.7,46.4,47.4,51.2,48.5,50.6,52.5,49.1,50.6,53.9,52.9,52.0,53.9,51.6,48.1,54.2,56.4,54.3,57.0,60.1,53.2,54.8,52.4,49.0,55.1,51.9,53.1,53.8,53.3,52.7,47.1,43.6,50.4,52.2,49.2
2180,49.1,44.3,43.5,55.5,52.4,54.8,54.4,51.4,52.6,51.5,53.2,54.7,53.3,52.1,53.2,53.0,50.9,48.8,52.7,51.6,51.6,51.9,54.2,49.8,50.2,51.8,54.3,51.8,50.5,53.4,52.7,51.6,46.8,48.6,49.1,48.0,54.9,44.4,56.6,49.6,58.8,47.8,50.7,49.2,50.7,47.4,51.7,47.3,54.4,46.3,54.1,49.7,55.0,44.0,45.6,48.7,46.5,48.8,49.9,47.3,48.6,50.2,50.1,48.9,51.4,48.9,45.9,52.7,54.6,52.4,52.9,54.1,49.8,51.3,49.7,45.7,53.5,50.2,51.2,49.3,49.9,48.7,43.2,42.2,47.7,49.8,45.9
2181,47.1,42.4,41.7,52.6,50.6,53.2,52.8,49.4,51.2,50.5,51.8,52.8,51.8,50.7,51.5,51.8,49.0,47.2,51.3,50.4,50.0,50.5,52.6,48.5,48.1,50.3,53.0,50.1,48.9,52.0,50.8,50.5,45.0,46.8,47.3,46.5,52.6,42.7,53.7,47.0,56.7,46.2,48.5,47.2,48.9,45.4,49.0,45.2,52.1,44.3,51.6,48.3,51.5,42.5,44.5,46.9,45.2,47.5,48.0,46.1,47.4,47.5,48.6,46.8,49.9,46.7,44.2,51.4,53.1,50.9,50.6,51.3,47.2,49.3,47.7,44.1,52.6,49.0,49.9,47.0,48.0,46.2,41.7,41.3,45.8,48.1,44.0
2182,44.9,41.3,40.6,50.5,49.0,51.8,51.6,47.8,50.4,49.3,50.7,51.4,50.6,49.6,50.3,50.8,47.6,45.8,50.0,49.5,48.7,49.3,51.3,47.3,46.8,49.0,51.7,48.6,47.4,51.0,49.5,49.5,43.9,45.3,45.9,45.0,50.2,41.4,51.4,45.0,54.7,44.7,46.8,45.9,46.9,43.4,46.6,43.2,50.3,42.6,49.8,46.8,49.3,41.2,43.6,45.2,43.9,46.1,46.4,44.9,46.3,45.8,46.9,44.5,48.5,44.8,42.9,50.3,51.7,49.7,48.2,48.9,45.0,47.8,46.0,42.8,51.5,47.9,48.8,45.2,46.7,44.4,40.8,40.3,44.4,46.8,42.6
2183,43.0,40.2,39.5,48.9,47.9,50.6,50.2,46.8,49.3,48.3,49.7,50.3,49.5,48.5,49.2,49.8,46.6,44.8,49.0,48.8,47.5,48.5,50.3,46.2,45.6,47.7,50.6,47.7,46.4,50.2,48.4,48.6,42.8,44.0,44.7,43.8,48.6,40.1,49.9,43.2,53.1,43.6,45.2,44.9,45.0,42.1,44.5,41.5,48.2,40.9,47.8,45.4,47.4,40.1,42.8,43.5,42.9,45.4,45.1,44.0,45.2,44.4,45.5,42.5,47.2,43.4,41.7,49.3,50.8,48.7,46.8,47.2,43.0,46.3,43.9,41.4,50.3,47.0,47.8,44.0,45.6,43.0,40.2,39.6,43.3,45.6,41.6
2184,41.5,39.1,38.4,47.0,47.0,49.7,49.2,45.9,48.5,47.5,48.8,49.3,48.6,47.6,48.4,48.9,45.9,43.8,48.2,47.9,46.7,47.5,49.3,45.2,44.6,46.9,49.6,46.9,45.6,49.2,47.2,47.8,41.9,43.1,43.8,42.7,47.5,38.8,48.4,41.8,50.9,42.8,43.9,43.8,43.5,41.1,42.5,40.0,45.6,39.3,46.3,44.2,46.0,39.1,42.1,42.5,42.3,44.4,43.9,43.0,44.3,43.1,44.2,40.9,45.9,41.9,40.2,48.4,49.9,47.9,45.1,45.4,41.6,45.1,42.2,39.9,49.6,45.9,47.0,43.1,44.8,41.8,39.8,38.8,42.3,44.7,40.6
2185,39.8,38.1,37.2,45.6,46.2,48.8,48.3,45.3,47.7,46.6,47.8,48.3,47.6,46.7,47.7,48.1,45.0,42.6,47.2,47.2,45.7,46.8,48.4,44.6,44.1,46.1,48.8,46.0,44.8,48.5,46.5,47.3,41.0,42.3,43.0,41.9,46.3,37.9,47.2,40.4,49.5,41.7,42.7,43.1,42.0,40.0,41.0,38.6,43.7,38.0,45.1,42.9,44.3,38.1,41.4,41.3,41.6,43.8,43.2,41.9,43.6,42.2,43.4,39.3,44.8,40.4,39.1,47.6,49.1,47.0,43.7,44.0,40.1,43.9,41.0,38.6,48.6,45.1,46.1,42.2,44.1,40.6,39.3,38.1,41.5,43.9,39.8
2186,38.7,37.6,36.5,44.5,45.4,48.2,47.6,44.8,46.7,45.9,47.1,47.5,46.7,46.2,46.9,47.4,44.6,41.9,46.2,46.6,45.3,46.2,48.0,43.9,43.3,45.6,47.9,45.5,44.0,47.7,45.9,46.6,40.3,41.6,42.1,41.3,45.4,37.1,46.2,39.2,48.0,41.2,41.8,42.3,40.9,39.3,39.6,37.5,41.8,37.0,44.0,41.8,42.8,37.1,40.7,40.3,41.0,43.1,42.4,41.0,43.0,41.2,42.5,37.9,43.7,39.4,38.1,46.8,48.3,46.1,42.1,42.8,38.6,42.8,39.5,37.4,47.7,44.3,45.5,41.4,43.2,39.7,39.2,37.5,40.6,43.0,39.3
2187,37.6,36.8,35.8,43.6,44.7,47.7,47.2,44.2,46.1,45.3,46.3,46.9,46.0,45.5,46.6,46.8,44.0,41.1,45.7,46.0,44.7,45.5,47.3,43.1,42.3,45.1,47.3,45.0,43.3,47.1,45.2,46.0,39.5,41.2,41.3,40.6,44.0,36.6,45.2,38.4,46.8,40.5,40.8,41.2,39.3,38.6,38.3,36.5,40.2,35.9,42.7,40.8,41.5,36.5,40.0,39.5,40.3,42.5,41.6,40.0,42.4,40.4,41.6,36.6,43.1,38.5,37.4,46.2,47.7,45.4,40.8,41.3,37.3,41.7,37.9,36.3,47.1,43.6,45.1,40.7,42.3,38.6,38.5,37.0,39.9,42.4,38.6
2188,36.6,36.0,35.2,42.5,44.0,47.1,46.5,43.7,45.5,44.8,45.8,46.2,45.4,45.0,45.8,46.2,43.7,40.4,45.1,45.2,44.3,44.8,47.0,42.4,41.6,44.4,46.7,44.4,42.9,46.6,44.8,45.4,38.8,40.5,40.8,40.0,43.2,35.9,44.6,37.4,45.9,40.1,39.9,40.3,38.2,37.6,37.5,35.5,38.9,35.0,41.6,39.8,40.0,35.7,39.3,38.6,39.6,42.0,40.9,39.3,41.7,39.7,40.9,35.5,42.4,37.8,36.7,45.5,46.9,44.8,39.5,40.6,36.2,40.8,37.1,35.2,46.6,42.9,44.5,39.9,41.8,37.7,38.0,36.5,39.3,41.8,38.2
2189,35.6,35.3,34.7,41.5,43.5,46.5,45.9,43.2,45.0,44.2,45.3,45.7,44.9,44.3,45.5,45.6,43.2,39.8,44.6,44.7,43.9,44.4,46.6,41.7,41.0,44.0,46.1,43.9,42.5,46.2,44.3,44.8,38.2,40.0,40.4,39.6,42.6,35.3,43.6,36.3,44.7,39.8,38.9,39.5,37.4,36.9,36.7,34.8,37.8,34.1,40.7,39.1,38.7,35.0,38.9,38.0,39.2,41.7,40.3,38.7,41.2,39.1,40.3,34.5,41.7,37.2,36.0,45.0,46.3,44.2,38.2,39.7,35.1,40.0,36.2,34.3,46.3,42.3,44.0,39.3,41.1,36.8,37.5,36.1,38.6,41.4,37.7
2190,35.1,35.1,34.6,40.7,42.8,45.9,45.5,42.9,44.5,43.8,44.8,45.3,44.3,43.9,44.9,45.1,42.9,39.7,44.3,44.4,43.4,43.9,46.3,41.1,40.5,43.3,45.7,43.5,42.1,46.0,43.9,44.4,37.7,39.6,39.9,39.2,42.0,34.8,42.9,35.4,43.7,39.7,38.4,39.0,37.0,36.4,35.9,34.4,37.5,33.5,39.8,38.6,37.8,34.7,38.3,38.0,38.8,41.3,40.0,38.4,40.8,38.3,40.4,33.8,41.2,36.9,35.2,44.6,45.8,43.8,36.8,38.8,34.2,39.2,35.7,33.5,45.9,42.0,43.5,38.6,40.5,36.1,37.1,36.1,38.1,40.9,37.2
2191,39.9,38.2,38.5,40.5,43.4,46.3,46.0,43.5,45.8,44.6,46.6,46.1,46.4,44.5,45.3,46.1,44.0,43.4,46.2,47.1,44.3,44.9,47.2,41.4,40.4,43.8,46.3,44.1,43.0,47.1,44.6,45.9,38.2,40.2,40.6,40.1,46.2,37.7,42.6,40.2,45.4,44.7,38.6,41.0,40.2,40.2,38.6,39.2,43.7,34.2,40.7,40.4,40.4,38.3,38.6,40.8,39.1,42.0,39.7,41.3,42.8,38.2,43.7,38.8,42.1,40.8,37.5,45.1,47.6,45.9,39.5,38.4,38.5,41.1,41.2,34.0,48.0,43.9,44.4,38.7,40.8,36.0,37.6,38.1,38.3,41.7,38.3
2192,45.0,42.2,43.5,44.7,46.5,48.4,48.5,46.6,48.3,47.3,49.5,48.6,49.7,46.9,48.2,48.6,47.4,47.3,49.4,50.0,47.4,47.4,49.9,44.4,43.9,46.9,48.5,47.0,45.9,50.1,47.5,48.6,41.0,43.1,42.9,43.2,51.8,42.1,46.4,46.1,48.9,49.9,42.0,44.9,44.8,45.9,42.9,44.6,50.8,39.1,47.4,43.8,46.8,42.5,40.4,44.8,42.2,44.4,41.9,44.7,45.1,41.1,47.7,45.0,44.3,45.7,41.8,47.4,50.7,48.7,46.1,43.5,43.7,46.7,46.3,39.8,51.1,46.7,47.2,42.3,44.2,39.3,41.0,40.5,41.1,44.5,41.6
2193,50.0,46.3,47.9,49.7,49.9,51.3,51.4,50.0,50.9,49.8,52.0,51.4,52.6,49.5,51.1,51.2,50.6,50.3,52.2,52.4,50.4,50.2,52.8,47.7,47.8,50.3,51.2,50.2,48.8,52.9,50.5,51.1,44.2,46.5,45.7,46.0,56.4,45.6,51.3,50.2,52.5,53.7,46.3,48.4,49.5,50.6,48.0,48.2,55.9,44.4,52.7,47.5,52.8,46.5,42.9,48.6,45.0,47.0,44.8,47.9,47.6,45.2,51.1,49.9,47.1,49.4,45.3,49.8,53.4,51.3,51.9,50.0,48.5,50.6,50.2,44.8,54.0,49.4,49.9,46.4,48.0,43.6,43.8,42.8,44.3,47.8,44.9
2194,54.1,49.6,51.3,54.1,53.1,53.9,54.3,53.2,53.4,52.3,54.4,54.1,54.9,51.7,53.9,53.5,53.5,53.1,54.5,54.8,53.3,52.7,55.6,50.8,51.3,53.5,53.6,53.2,51.5,55.3,53.4,53.8,47.3,49.7,48.5,49.0,60.5,49.0,55.8,53.6,56.0,56.7,50.3,51.4,53.8,54.2,52.4,51.3,59.6,48.5,56.7,51.0,57.8,49.8,45.5,51.5,47.2,49.5,47.7,50.7,50.2,48.7,54.0,53.5,49.8,52.6,48.3,52.1,56.0,53.5,56.9,54.8,52.9,53.7,53.3,48.7,56.1,51.7,52.4,50.1,51.3,47.7,46.4,44.7,47.3,50.9,48.1
2195,57.5,52.3,54.2,57.6,55.8,56.6,56.9,55.9,55.7,54.4,56.6,56.2,56.9,53.8,56.6,55.6,55.8,55.4,56.6,56.7,55.7,54.9,58.0,53.2,54.3,56.3,55.7,55.7,53.9,57.5,55.9,55.8,50.0,52.3,51.1,51.7,63.3,51.6,59.5,56.4,58.8,59.3,53.7,54.1,57.4,56.8,55.9,53.8,62.4,51.6,59.6,54.0,61.6,52.6,47.4,54.0,49.1,51.5,50.0,52.8,52.4,51.7,56.3,56.0,52.6,55.0,50.9,54.1,58.2,55.6,60.1,58.4,56.3,56.1,55.9,51.9,58.1,53.7,54.6,53.2,54.1,51.3,48.7,46.4,49.9,53.5,50.4
2196,60.6,54.2,55.7,60.8,58.0,58.8,59.2,58.1,57.6,56.2,58.3,58.2,58.8,55.5,58.7,57.4,58.0,57.3,58.3,58.3,57.8,56.8,59.9,55.4,57.0,58.5,57.6,57.6,56.0,59.2,57.9,57.6,52.2,54.3,53.1,53.8,65.9,53.7,62.7,58.6,61.6,61.2,56.6,56.1,60.1,58.7,58.8,56.0,64.5,53.9,61.7,56.3,64.5,54.7,48.7,55.8,50.3,52.9,52.2,54.6,53.9,54.0,58.4,58.0,55.1,57.0,53.0,55.9,60.1,57.4,62.5,61.3,59.1,58.1,58.1,54.1,59.5,55.5,56.5,55.6,56.5,54.2,50.5,47.8,52.2,55.5,52.7
2197,62.6,55.6,57.1,63.2,59.7,60.6,61.0,59.6,58.9,57.8,59.7,59.8,60.2,57.0,60.5,59.0,59.3,58.8,59.6,59.5,59.2,58.4,61.6,57.2,59.2,60.2,59.0,59.4,57.5,60.5,59.4,59.1,53.9,56.0,54.7,55.5,67.6,55.1,65.1,60.3,63.8,62.6,58.8,57.7,62.2,60.4,60.5,57.5,66.2,55.9,63.1,57.7,66.6,56.3,49.6,57.0,51.3,54.0,53.6,55.9,55.5,55.8,59.9,59.4,57.1,58.2,54.9,57.3,61.6,59.0,64.3,63.6,61.2,59.8,59.7,55.6,60.7,56.9,58.0,57.8,58.4,56.4,52.0,48.7,54.0,57.1,54.5
2198,63.8,56.6,58.1,65.1,60.7,62.0,62.4,60.6,59.8,58.8,60.7,60.9,61.1,58.3,61.9,59.9,60.7,59.8,60.5,60.3,60.2,59.3,62.6,58.4,60.8,61.5,60.2,60.7,58.6,61.5,60.4,60.0,55.2,57.3,56.0,56.6,68.9,55.9,66.9,61.6,65.1,63.4,60.6,58.9,63.6,61.4,62.1,58.4,67.1,57.1,64.1,58.8,67.9,57.5,50.5,57.9,52.1,54.8,55.0,56.8,56.3,57.0,60.8,60.5,58.5,58.9,56.1,58.5,62.7,59.9,65.5,65.4,62.7,61.0,60.9,56.3,61.4,57.7,59.0,59.5,59.8,57.9,53.0,49.4,55.2,58.0,55.6
2199,64.0,56.7,58.3,66.1,61.3,62.6,63.1,61.3,60.2,59.3,61.0,61.6,61.5,58.8,62.3,60.4,61.0,60.0,61.0,60.5,60.8,59.7,63.2,59.1,62.0,62.2,60.7,61.2,59.2,62.0,60.9,60.2,56.0,57.8,56.7,57.0,69.3,56.1,67.9,62.1,66.2,63.6,61.9,59.5,63.9,61.6,62.5,58.7,67.3,57.7,64.5,59.1,68.4,57.7,50.9,58.2,52.5,55.1,55.8,57.0,56.5,58.0,61.2,60.8,59.5,59.1,56.7,59.1,63.1,60.5,66.0,66.4,63.0,61.5,61.3,56.5,61.8,58.2,59.7,60.6,60.6,58.7,53.5,49.4,56.1,58.6,56.4
2200,63.4,56.2,57.9,66.4,61.4,62.8,63.2,61.1,60.0,59.0,60.9,61.7,61.4,58.8,62.4,60.3,60.8,59.6,60.8,60.2,60.7,59.7,63.1,59.1,62.2,62.1,60.6,61.0,59.2,61.9,60.9,60.1,56.0,57.8,56.8,57.1,69.0,55.2,68.2,61.9,66.4,63.2,62.2,59.4,63.6,60.8,62.4,58.1,66.7,57.6,64.3,58.3,68.1,57.5,51.3,58.1,52.6,55.1,56.1,57.1,56.4,58.3,61.2,60.5,59.5,58.9,56.4,59.2,62.9,60.5,65.5,66.6,62.8,61.5,61.0,56.3,61.3,58.1,59.4,60.8,60.7,59.1,53.4,48.7,56.3,58.5,56.2
2201,61.9,54.7,56.3,66.0,60.7,62.3,62.3,60.4,59.2,58.3,60.0,61.3,60.7,58.1,61.5,59.5,60.0,58.3,59.9,59.0,60.1,59.1,62.3,58.2,61.3,61.3,59.8,60.3,58.5,61.2,60.3,59.1,55.3,57.1,56.2,56.1,67.9,53.6,67.6,60.7,66.1,61.3,61.5,58.7,62.3,59.1,61.3,56.8,65.0,56.7,63.4,56.7,66.6,56.0,50.8,57.1,52.2,54.6,56.0,56.0,55.6,58.1,60.1,59.4,58.6,57.8,55.4,58.4,62.1,59.8,64.3,66.3,61.3,61.0,59.7,55.3,60.4,57.2,58.7,60.2,60.0,58.6,52.6,47.6,55.6,57.6,55.3
2202,58.0,51.3,51.8,64.2,58.8,60.7,60.7,58.7,57.1,56.7,58.1,59.9,58.8,56.8,59.7,57.9,58.3,55.6,57.7,56.6,58.3,57.3,60.4,56.5,59.4,59.6,58.6,58.3,56.8,59.4,58.8,57.1,53.6,55.3,54.7,54.5,64.2,50.5,65.9,58.1,64.4,57.1,59.9,56.7,58.6,55.4,59.2,54.0,61.2,55.2,61.3,54.4,64.1,51.9,49.7,55.0,51.2,53.3,55.0,53.6,53.5,57.0,57.5,56.7,57.0,55.8,53.0,57.1,60.2,57.8,61.8,64.7,58.3,59.3,57.0,53.0,58.2,55.1,57.0,58.4,58.1,57.0,51.0,45.8,54.1,55.9,53.7
2203,52.2,47.2,46.4,60.0,55.5,57.6,57.5,55.2,54.6,53.8,55.6,57.6,55.7,54.6,56.3,55.3,54.6,51.6,55.3,53.8,55.0,54.4,57.1,53.0,54.9,55.9,56.7,54.9,53.5,56.2,55.7,54.0,50.1,51.8,51.9,51.6,58.3,46.7,61.4,53.1,61.5,50.8,55.5,52.8,53.9,50.7,55.1,50.0,56.8,50.8,57.4,51.7,59.8,46.8,47.5,51.6,48.6,50.6,52.9,49.6,51.1,54.4,53.3,52.2,54.4,52.1,48.5,54.8,57.2,54.9,57.1,60.4,53.6,55.0,52.5,48.9,55.7,52.5,53.8,54.3,53.9,53.2,47.4,44.0,51.0,52.6,49.7
2204,49.3,44.7,43.8,55.7,52.9,55.2,54.9,52.1,53.2,52.1,53.9,55.4,53.9,52.7,53.7,53.6,51.6,49.1,53.3,52.1,52.2,52.5,54.8,50.3,50.7,52.4,55.0,52.4,51.1,54.0,53.3,52.4,47.3,49.1,49.5,48.5,55.1,44.7,56.7,49.7,58.7,48.1,51.0,49.3,51.0,47.6,51.8,47.3,54.5,46.2,54.1,50.0,55.0,44.4,45.7,49.0,46.7,48.8,50.4,47.7,49.0,50.6,50.4,49.1,51.9,49.3,46.3,53.3,55.3,52.9,53.0,54.2,50.1,51.6,49.8,45.6,54.1,50.8,51.9,49.7,50.4,49.1,43.4,42.7,48.1,50.2,46.4
2205,47.2,42.9,42.1,52.8,51.0,53.7,53.4,50.1,51.8,51.1,52.5,53.5,52.5,51.3,52.1,52.4,49.8,47.4,51.9,50.9,50.7,51.0,53.3,49.0,48.5,50.8,53.7,50.7,49.5,52.7,51.5,51.3,45.5,47.3,47.7,46.9,52.8,43.0,53.8,47.2,56.7,46.4,48.9,47.3,49.2,45.6,49.1,45.2,52.3,44.2,51.6,48.5,51.6,42.8,44.6,47.1,45.2,47.5,48.4,46.5,47.7,48.0,48.8,46.9,50.4,47.2,44.7,52.0,53.9,51.5,50.7,51.4,47.5,49.4,47.8,43.8,53.1,49.6,50.6,47.4,48.5,46.7,41.8,41.6,46.2,48.6,44.5
2206,45.0,41.8,40.9,50.7,49.4,52.3,52.1,48.5,50.9,49.8,51.3,52.1,51.3,50.2,50.8,51.3,48.4,46.0,50.6,49.9,49.5,49.9,51.9,47.8,47.2,49.5,52.4,49.2,48.0,51.6,50.2,50.2,44.3,45.8,46.4,45.5,50.4,41.6,51.6,45.2,54.8,44.9,47.0,46.0,47.1,43.6,46.7,43.1,50.4,42.5,49.7,47.0,49.4,41.6,43.7,45.5,44.0,46.2,46.8,45.2,46.5,46.1,47.1,44.6,48.9,45.3,43.3,50.9,52.4,50.3,48.2,49.1,45.4,47.9,46.1,42.6,52.0,48.4,49.5,45.7,47.2,44.8,41.0,40.7,44.9,47.3,43.1
2207,43.3,40.7,39.7,49.0,48.4,51.1,50.7,47.4,49.8,48.9,50.2,51.0,50.1,49.1,49.7,50.4,47.4,45.2,49.5,49.2,48.3,49.1,50.9,46.7,45.9,48.2,51.2,48.3,47.1,50.9,49.1,49.3,43.1,44.5,45.2,44.5,48.7,40.3,50.1,43.3,53.1,43.8,45.5,45.0,45.3,42.3,44.5,41.4,48.3,40.7,47.7,45.6,47.4,40.5,43.0,43.7,43.1,45.5,45.4,44.3,45.4,44.7,45.7,42.5,47.6,43.9,42.1,49.9,51.4,49.3,46.8,47.3,43.4,46.4,44.0,41.2,50.8,47.6,48.4,44.6,46.0,43.4,40.3,39.9,43.8,46.1,42.2
2208,41.7,39.5,38.7,47.2,47.5,50.1,49.6,46.5,49.0,48.1,49.4,50.0,49.3,48.2,48.9,49.5,46.7,44.1,48.8,48.3,47.4,48.1,49.9,45.8,45.0,47.3,50.2,47.4,46.2,49.8,48.0,48.6,42.3,43.6,44.3,43.2,47.5,39.1,48.6,41.9,50.9,43.0,44.2,43.8,43.7,41.3,42.5,39.9,45.7,39.3,46.2,44.4,45.9,39.6,42.3,42.7,42.5,44.5,44.3,43.4,44.6,43.4,44.4,40.9,46.3,42.4,40.7,49.0,50.5,48.5,45.1,45.6,42.0,45.1,42.3,39.7,50.2,46.5,47.6,43.6,45.2,42.1,39.9,39.2,42.8,45.2,41.2
2209,40.0,38.5,37.5,45.8,46.6,49.2,48.7,45.8,48.1,47.2,48.5,49.0,48.3,47.3,48.1,48.7,45.7,42.9,47.8,47.6,46.5,47.5,49.0,45.2,44.4,46.6,49.4,46.6,45.4,49.1,47.2,47.9,41.4,42.7,43.4,42.4,46.2,38.2,47.4,40.5,49.5,41.9,43.1,43.1,42.3,40.2,41.0,38.6,43.7,38.0,44.9,43.2,44.2,38.6,41.6,41.5,41.7,44.0,43.5,42.4,43.8,42.5,43.6,39.4,45.1,40.8,39.6,48.1,49.7,47.6,43.7,44.2,40.4,43.9,41.1,38.4,49.2,45.7,46.7,42.7,44.5,41.0,39.5,38.5,42.0,44.4,40.4
2210,38.8,37.8,36.8,44.8,45.9,48.6,48.0,45.4,47.1,46.5,47.7,48.2,47.4,46.7,47.3,48.0,45.3,42.1,46.8,47.0,45.9,46.7,48.6,44.4,43.6,46.0,48.5,46.0,44.6,48.4,46.5,47.2,40.6,42.1,42.7,41.8,45.3,37.4,46.3,39.3,48.0,41.4,42.1,42.3,41.1,39.3,39.6,37.5,42.0,36.9,43.8,42.0,42.7,37.6,40.8,40.6,41.0,43.2,42.7,41.5,43.2,41.4,42.8,38.0,44.0,40.0,38.5,47.4,49.0,46.7,42.1,43.0,39.0,42.9,39.6,37.3,48.3,44.9,46.0,41.9,43.7,40.1,39.4,37.9,41.1,43.6,39.8
2211,37.9,36.9,36.1,43.9,45.1,48.1,47.5,44.8,46.5,45.9,46.9,47.6,46.7,46.0,47.0,47.5,44.6,41.4,46.3,46.4,45.2,46.0,47.8,43.6,42.7,45.5,47.9,45.4,43.9,47.8,45.7,46.7,39.8,41.5,41.8,41.1,44.0,36.7,45.3,38.5,46.8,40.7,41.1,41.2,39.6,38.8,38.1,36.5,40.3,35.8,42.4,40.9,41.3,36.9,40.2,39.8,40.4,42.6,42.0,40.4,42.5,40.6,41.9,36.7,43.3,39.1,37.8,46.7,48.4,46.0,40.8,41.5,37.7,41.7,38.0,36.2,47.7,44.2,45.6,41.1,42.8,39.0,38.8,37.3,40.3,43.0,39.0
2212,36.9,36.1,35.4,42.8,44.5,47.5,46.9,44.2,45.9,45.3,46.4,46.9,46.1,45.4,46.3,46.8,44.2,40.7,45.8,45.7,44.8,45.3,47.5,42.8,41.9,44.8,47.2,44.9,43.5,47.2,45.3,46.0,39.1,40.8,41.2,40.5,43.1,35.9,44.6,37.3,46.0,40.2,40.2,40.2,38.6,37.8,37.4,35.5,39.0,34.9,41.4,39.9,39.8,36.1,39.4,38.9,39.7,42.1,41.2,39.8,41.9,39.9,41.2,35.6,42.7,38.4,37.0,46.1,47.6,45.5,39.3,40.8,36.5,40.9,37.1,35.1,47.2,43.5,44.9,40.2,42.3,38.1,38.3,36.9,39.7,42.4,38.6
2213,36.0,35.4,34.9,41.9,44.0,46.9,46.3,43.7,45.3,44.7,46.0,46.3,45.6,44.8,45.9,46.2,43.6,40.1,45.3,45.2,44.4,44.9,47.0,42.1,41.4,44.4,46.7,44.4,43.0,46.8,44.8,45.5,38.5,40.3,40.8,40.0,42.5,35.3,43.7,36.3,44.8,40.0,39.2,39.4,37.7,36.9,36.5,34.8,38.0,34.0,40.5,39.2,38.5,35.3,39.0,38.3,39.3,41.8,40.6,39.2,41.4,39.2,40.7,34.5,41.9,37.7,36.3,45.6,47.0,44.9,38.0,39.8,35.4,40.0,36.2,34.2,46.9,43.0,44.4,39.6,41.6,37.2,37.9,36.5,38.9,41.9,38.0
2214,35.5,35.2,34.9,41.0,43.2,46.3,45.9,43.2,45.0,44.2,45.5,45.9,45.1,44.3,45.3,45.8,43.4,40.0,45.0,45.0,43.9,44.4,46.7,41.5,40.9,43.7,46.2,44.0,42.4,46.5,44.4,45.0,38.0,39.8,40.3,39.6,42.0,34.8,42.9,35.4,43.7,39.8,38.7,39.0,37.2,36.5,35.7,34.6,37.6,33.4,39.6,38.7,37.6,35.0,38.4,38.4,38.8,41.5,40.3,38.9,41.1,38.4,40.7,33.8,41.4,37.4,35.5,45.1,46.5,44.5,36.6,38.9,34.5,39.1,35.9,33.4,46.5,42.7,43.9,38.9,40.9,36.5,37.4,36.5,38.3,41.4,37.4
2215,40.4,38.4,38.8,40.9,43.8,46.8,46.4,44.0,46.4,45.1,47.4,46.9,47.2,45.0,45.9,46.8,44.6,43.8,47.0,47.7,44.9,45.4,47.6,41.9,40.8,44.2,46.8,44.6,43.6,47.8,45.1,46.6,38.5,40.5,41.0,40.5,46.2,37.9,42.7,40.4,45.5,45.0,38.9,41.1,40.5,40.6,38.5,39.6,44.0,34.3,40.7,40.7,40.3,38.7,38.7,41.3,39.2,42.2,40.0,41.9,43.2,38.4,44.0,39.0,42.3,41.4,37.8,45.7,48.4,46.6,39.4,38.5,38.9,41.3,41.5,34.0,48.7,44.5,44.9,39.1,41.1,36.3,38.0,38.6,38.6,42.2,38.7
2216,45.6,42.5,43.8,45.1,47.0,48.8,48.9,47.1,48.9,47.9,50.2,49.4,50.5,47.4,48.6,49.2,48.0,47.7,50.2,50.6,48.0,48.0,50.4,44.8,44.2,47.3,49.0,47.6,46.4,50.7,48.0,49.3,41.4,43.5,43.4,43.6,51.9,42.3,46.7,46.3,49.0,50.1,42.3,45.1,45.1,46.0,42.9,45.0,51.1,39.2,47.4,44.1,46.7,42.9,40.7,45.3,42.4,44.8,42.3,45.2,45.4,41.4,48.1,45.3,44.6,46.3,42.2,47.9,51.4,49.5,46.0,43.8,44.0,46.9,46.6,40.0,51.8,47.3,47.8,42.8,44.6,39.7,41.4,41.1,41.5,45.1,42.1
2217,50.5,46.6,48.0,50.1,50.3,51.7,51.8,50.5,51.5,50.4,52.8,52.1,53.3,50.0,51.5,51.8,51.1,50.7,53.0,53.1,50.9,50.8,53.3,48.1,48.2,50.7,51.7,50.8,49.4,53.5,51.1,51.8,44.5,46.9,46.2,46.6,56.5,45.7,51.7,50.3,52.6,53.8,46.8,48.6,49.8,50.6,48.0,48.6,56.2,44.6,52.8,47.8,52.8,46.8,43.2,49.0,45.3,47.4,45.3,48.4,48.0,45.6,51.5,50.2,47.5,50.0,45.7,50.4,54.2,52.0,51.9,50.4,48.7,51.0,50.5,45.1,54.6,50.0,50.5,46.9,48.4,43.9,44.3,43.4,44.6,48.3,45.3
2218,54.4,49.8,51.5,54.6,53.5,54.3,54.7,53.7,53.9,52.9,55.2,54.8,55.7,52.2,54.3,54.1,54.0,53.5,55.3,55.4,53.9,53.3,56.1,51.1,51.8,53.9,54.2,53.8,52.1,55.8,53.9,54.4,47.7,50.1,49.0,49.5,60.5,49.0,56.1,53.7,56.1,56.6,50.7,51.6,54.0,54.1,52.5,51.8,59.9,48.9,56.7,51.4,57.8,50.2,45.8,52.0,47.6,49.9,48.1,51.2,50.6,49.1,54.4,53.8,50.2,53.1,48.8,52.7,56.7,54.2,56.8,55.0,52.9,54.0,53.7,49.1,56.8,52.3,53.0,50.5,51.7,48.1,46.9,45.3,47.6,51.4,48.5
2219,57.7,52.5,54.3,58.0,56.3,57.0,57.4,56.4,56.2,55.0,57.4,56.9,57.6,54.4,57.0,56.2,56.4,55.8,57.4,57.4,56.2,55.5,58.5,53.5,54.9,56.7,56.3,56.3,54.5,58.0,56.4,56.6,50.3,52.7,51.5,52.1,63.3,51.8,59.7,56.5,58.8,59.2,54.2,54.3,57.5,56.7,56.1,54.2,62.7,52.0,59.6,54.3,61.6,52.9,47.8,54.5,49.6,51.9,50.5,53.3,52.8,52.1,56.8,56.4,53.1,55.5,51.4,54.8,58.9,56.3,60.0,58.6,56.3,56.5,56.3,52.2,58.8,54.3,55.2,53.6,54.6,51.6,49.3,47.0,50.2,54.0,50.8
2220,60.7,54.5,55.7,61.1,58.5,59.2,59.7,58.6,58.1,56.8,59.1,58.8,59.5,56.1,59.2,58.0,58.5,57.7,59.2,58.9,58.3,57.3,60.4,55.7,57.6,59.1,58.2,58.2,56.6,59.6,58.3,58.3,52.4,54.7,53.5,54.1,65.8,53.8,62.9,58.7,61.6,61.0,57.1,56.4,60.1,58.6,59.0,56.4,64.9,54.5,61.7,56.6,64.5,54.9,49.1,56.2,50.8,53.3,52.7,55.1,54.4,54.5,58.9,58.4,55.6,57.5,53.5,56.5,60.7,58.2,62.4,61.3,59.1,58.5,58.4,54.4,60.2,56.1,57.1,56.0,56.9,54.5,51.2,48.4,52.5,56.0,53.0
2221,62.7,56.0,57.2,63.4,60.3,61.1,61.6,60.1,59.4,58.4,60.4,60.5,60.9,57.7,61.1,59.6,59.8,59.3,60.4,60.2,59.8,59.0,62.2,57.5,59.7,60.8,59.7,60.0,58.1,60.9,59.9,59.8,54.2,56.4,55.0,55.8,67.6,55.4,65.3,60.5,63.8,62.4,59.0,58.0,62.2,60.4,60.7,58.0,66.6,56.5,63.2,58.1,66.6,56.6,50.1,57.5,51.8,54.5,54.2,56.4,56.0,56.4,60.4,59.8,57.7,58.8,55.5,58.0,62.2,59.7,64.2,63.5,61.2,60.3,60.1,56.0,61.3,57.5,58.6,58.2,58.9,56.7,52.7,49.4,54.3,57.5,54.8
2222,63.8,57.0,58.1,65.3,61.4,62.5,63.0,61.2,60.4,59.4,61.5,61.6,61.9,58.9,62.4,60.6,61.3,60.3,61.3,61.0,60.8,59.9,63.2,58.9,61.3,62.2,60.8,61.3,59.2,61.8,61.0,60.7,55.5,57.6,56.4,56.8,68.9,56.2,67.0,61.8,65.1,63.3,60.8,59.2,63.5,61.4,62.3,58.8,67.4,57.8,64.2,59.2,68.1,57.6,51.0,58.3,52.6,55.2,55.6,57.3,56.8,57.5,61.3,60.9,59.1,59.4,56.6,59.1,63.3,60.7,65.5,65.2,62.7,61.5,61.3,56.8,62.1,58.4,59.7,59.9,60.3,58.2,53.7,50.1,55.5,58.5,55.9
2223,64.0,57.1,58.4,66.3,62.0,63.2,63.7,61.9,60.9,59.9,61.8,62.3,62.3,59.5,63.0,61.1,61.6,60.5,61.8,61.2,61.4,60.3,63.8,59.6,62.5,62.9,61.3,61.9,59.8,62.3,61.6,60.9,56.3,58.1,57.0,57.3,69.3,56.4,68.0,62.3,66.2,63.6,62.0,59.8,64.0,61.7,62.7,59.1,67.6,58.3,64.6,59.5,68.5,57.9,51.5,58.7,53.0,55.6,56.4,57.5,57.0,58.6,61.7,61.2,60.0,59.6,57.2,59.8,63.7,61.3,66.0,66.2,63.2,62.0,61.7,57.1,62.4,58.9,60.4,60.9,61.2,58.9,54.1,50.2,56.3,59.2,56.7
2224,63.4,56.6,58.0,66.5,62.1,63.4,63.8,61.8,60.7,59.7,61.6,62.4,62.2,59.4,63.0,60.9,61.5,60.2,61.5,60.9,61.4,60.3,63.7,59.6,62.6,62.8,61.3,61.7,59.9,62.2,61.6,60.7,56.3,58.2,57.1,57.4,69.0,55.5,68.1,61.9,66.4,63.1,62.3,59.7,63.7,61.0,62.6,58.5,67.0,58.2,64.4,58.8,68.1,57.6,51.9,58.6,53.2,55.7,56.7,57.5,56.9,58.9,61.7,60.9,60.0,59.4,56.9,59.8,63.4,61.2,65.6,66.5,63.0,62.0,61.4,56.9,62.0,58.7,60.1,61.1,61.3,59.3,54.0,49.5,56.6,59.1,56.5
2225,61.9,55.0,56.4,66.0,61.4,62.9,62.9,61.1,59.8,59.0,60.7,61.9,61.5,58.8,62.1,60.1,60.8,58.9,60.6,59.7,60.8,59.8,62.9,58.8,61.7,62.0,60.5,60.9,59.2,61.6,61.0,59.7,55.6,57.5,56.5,56.5,67.8,53.9,67.6,60.7,66.1,61.3,61.7,59.0,62.3,59.3,61.5,57.2,65.3,57.4,63.5,57.3,66.8,56.1,51.4,57.5,52.8,55.2,56.6,56.5,56.0,58.6,60.7,59.9,59.1,58.3,55.8,59.1,62.5,60.5,64.5,66.2,61.5,61.5,60.1,55.8,61.0,57.8,59.4,60.5,60.6,58.8,53.2,48.4,55.9,58.2,55.7
2226,58.0,51.6,51.9,64.3,59.5,61.2,61.3,59.3,57.8,57.4,58.9,60.6,59.6,57.5,60.3,58.6,58.9,56.3,58.5,57.4,58.9,57.9,61.0,57.0,59.8,60.3,59.3,58.9,57.4,59.8,59.5,57.7,54.0,55.7,55.1,55.0,64.1,50.8,65.9,58.1,64.4,57.3,60.1,57.1,58.7,55.6,59.5,54.4,61.6,55.8,61.4,55.0,64.4,52.0,50.3,55.4,51.8,53.9,55.6,54.1,53.9,57.6,58.1,57.3,57.5,56.3,53.5,57.8,60.6,58.5,62.0,64.8,58.5,59.8,57.4,53.6,58.9,55.8,57.7,58.8,58.6,57.1,51.6,46.7,54.4,56.5,54.1
2227,52.2,47.5,46.3,60.2,56.1,58.2,58.1,55.8,55.2,54.3,56.4,58.2,56.4,55.1,56.8,55.8,55.1,52.2,56.0,54.6,55.5,54.9,57.5,53.4,55.1,56.5,57.4,55.5,54.0,56.6,56.3,54.5,50.4,52.0,52.2,51.8,58.3,46.9,61.4,53.2,61.5,51.0,55.7,53.1,54.0,50.9,55.4,50.4,57.1,51.4,57.6,52.2,60.1,46.9,48.1,51.9,49.2,51.2,53.5,50.0,51.6,55.0,53.9,52.8,54.8,52.5,49.0,55.4,57.6,55.6,57.3,60.5,53.8,55.6,52.9,49.4,56.4,53.1,54.3,54.6,54.2,53.3,48.1,44.8,51.3,53.2,50.0
2228,49.4,44.9,43.8,55.7,53.4,55.6,55.4,52.5,53.7,52.5,54.5,56.1,54.5,53.1,54.2,54.1,52.0,49.5,54.0,52.9,52.7,53.0,55.1,50.7,50.8,52.8,55.5,52.9,51.6,54.3,53.8,52.9,47.4,49.3,49.7,48.6,55.1,44.9,56.8,49.8,58.9,48.2,51.1,49.6,51.0,47.9,52.1,47.6,54.8,46.8,54.3,50.4,55.1,44.4,46.2,49.3,47.2,49.3,50.9,48.1,49.5,51.1,50.9,49.6,52.3,49.7,46.7,53.8,55.7,53.6,53.1,54.2,50.3,52.0,50.2,46.0,54.7,51.4,52.2,49.9,50.6,49.3,44.0,43.4,48.4,50.7,46.5
2229,47.4,43.0,42.0,52.8,51.4,54.1,53.8,50.4,52.3,51.5,53.1,54.1,53.1,51.7,52.5,52.9,50.1,47.8,52.5,51.7,51.0,51.6,53.5,49.4,48.6,51.2,54.1,51.1,49.8,53.0,51.9,51.8,45.5,47.4,47.9,47.1,52.9,43.1,53.8,47.3,56.8,46.5,49.0,47.7,49.2,45.8,49.3,45.5,52.5,44.6,51.7,49.0,51.7,42.9,45.1,47.5,45.7,47.9,48.9,46.8,48.1,48.4,49.1,47.4,50.7,47.6,45.2,52.5,54.3,52.1,50.8,51.5,47.8,49.8,48.3,44.3,53.7,50.0,50.9,47.6,48.7,46.9,42.3,42.4,46.4,49.0,44.6
2230,45.2,42.0,40.9,50.8,49.7,52.7,52.5,48.7,51.4,50.3,51.9,52.7,52.0,50.6,51.2,51.8,48.7,46.4,51.2,50.7,49.9,50.4,52.1,48.1,47.2,49.7,52.9,49.7,48.3,51.9,50.6,50.7,44.4,45.8,46.6,45.6,50.3,41.8,51.6,45.2,54.9,45.0,47.1,46.3,47.1,43.9,46.8,43.5,50.7,42.9,49.9,47.5,49.4,41.7,44.2,45.8,44.5,46.6,47.3,45.6,46.9,46.6,47.5,45.1,49.2,45.6,43.8,51.3,52.9,51.0,48.4,49.1,45.5,48.2,46.5,42.9,52.6,48.9,49.8,45.9,47.3,45.1,41.5,41.3,45.0,47.6,43.1
2231,43.5,40.9,39.7,49.0,48.7,51.4,50.9,47.6,50.3,49.4,50.9,51.5,50.9,49.5,50.0,50.8,47.6,45.6,50.1,49.9,48.6,49.5,51.1,46.9,46.0,48.4,51.6,48.7,47.4,51.1,49.4,49.8,43.2,44.5,45.3,44.5,48.7,40.6,50.2,43.5,53.1,43.9,45.6,45.3,45.3,42.6,44.7,41.8,48.5,41.1,47.8,46.1,47.5,40.6,43.4,44.1,43.6,45.9,46.0,44.8,45.7,45.3,46.0,42.9,47.8,44.2,42.4,50.3,51.9,50.0,46.9,47.4,43.5,46.8,44.4,41.6,51.5,48.0,48.8,44.7,46.2,43.7,40.8,40.6,43.9,46.3,42.1
2232,41.9,39.7,38.7,47.3,47.7,50.2,49.8,46.7,49.4,48.5,50.1,50.5,50.0,48.7,49.0,49.9,46.9,44.5,49.4,49.0,47.7,48.4,50.1,46.0,45.0,47.5,50.6,47.8,46.3,50.0,48.3,49.0,42.3,43.6,44.4,43.2,47.5,39.3,48.6,42.1,51.0,43.1,44.3,44.1,43.7,41.5,42.7,40.2,46.1,39.6,46.3,44.8,45.9,39.8,42.8,43.0,43.0,45.0,44.8,43.8,44.9,43.9,44.9,41.3,46.5,42.7,41.1,49.3,51.0,49.1,45.3,45.7,42.0,45.5,42.8,40.1,50.8,46.9,47.9,43.8,45.4,42.3,40.4,39.9,42.9,45.4,41.1
2233,40.2,38.7,37.6,46.0,46.8,49.4,48.8,46.0,48.5,47.6,49.1,49.5,48.9,47.7,48.3,49.1,46.0,43.2,48.4,48.3,46.7,47.7,49.2,45.4,44.5,46.7,49.7,46.9,45.6,49.2,47.5,48.4,41.4,42.7,43.4,42.4,46.3,38.4,47.4,40.9,49.6,42.0,43.2,43.3,42.3,40.4,41.2,39.0,44.1,38.3,45.0,43.6,44.2,38.7,42.1,41.8,42.2,44.4,44.0,42.9,44.1,42.9,43.9,39.9,45.3,41.2,40.0,48.4,50.1,48.1,43.9,44.4,40.4,44.3,41.6,38.8,49.9,46.1,47.0,42.8,44.6,41.3,40.1,39.2,42.1,44.5,40.3
2234,38.9,38.0,36.9,44.9,46.0,48.7,48.1,45.5,47.5,46.8,48.3,48.7,47.9,47.1,47.4,48.3,45.5,42.4,47.4,47.6,46.1,46.9,48.7,44.6,43.7,46.1,48.9,46.2,44.7,48.4,46.8,47.7,40.6,42.0,42.7,41.7,45.4,37.5,46.3,39.5,48.0,41.5,42.2,42.6,41.1,39.4,39.7,37.8,42.4,37.2,43.9,42.5,42.8,37.7,41.3,40.9,41.6,43.6,43.1,41.9,43.5,41.9,43.1,38.5,44.3,40.2,38.9,47.7,49.3,47.2,42.2,43.1,39.1,43.3,40.1,37.6,48.9,45.3,46.3,42.0,43.8,40.3,39.9,38.6,41.1,43.7,39.6
2235,38.0,37.1,36.1,44.0,45.2,48.2,47.6,44.9,46.9,46.2,47.4,47.9,47.2,46.3,47.1,47.8,44.7,41.7,46.8,47.0,45.4,46.3,48.0,43.8,42.8,45.6,48.2,45.6,44.0,47.8,45.9,47.1,39.7,41.5,41.9,41.1,44.1,37.0,45.3,38.6,46.9,40.8,41.2,41.5,39.6,38.8,38.2,36.9,40.7,36.1,42.6,41.3,41.3,36.9,40.7,40.0,40.9,43.0,42.4,40.8,42.8,41.0,42.1,37.3,43.6,39.3,38.2,47.0,48.7,46.5,41.0,41.6,37.8,42.1,38.6,36.6,48.3,44.5,45.8,41.1,42.8,39.2,39.3,38.1,40.4,43.1,38.9
2236,37.0,36.4,35.6,42.9,44.6,47.6,47.0,44.3,46.2,45.6,46.8,47.2,46.5,45.7,46.4,47.1,44.3,40.9,46.3,46.3,44.9,45.6,47.6,42.9,42.0,44.9,47.5,44.9,43.5,47.2,45.4,46.3,39.1,40.8,41.2,40.4,43.2,36.2,44.6,37.4,46.0,40.2,40.3,40.5,38.6,37.9,37.5,36.0,39.4,35.0,41.6,40.3,39.8,36.1,39.9,39.1,40.2,42.5,41.5,40.1,42.2,40.2,41.4,36.1,42.9,38.5,37.4,46.3,47.9,45.9,39.5,40.8,36.6,41.2,37.7,35.4,47.7,43.9,45.1,40.3,42.3,38.3,38.7,37.6,39.7,42.4,38.5
2237,36.1,35.7,35.1,41.9,44.0,46.9,46.4,43.6,45.7,44.9,46.4,46.6,46.0,45.0,45.9,46.5,43.7,40.3,45.7,45.8,44.4,45.1,47.0,42.2,41.5,44.4,46.9,44.5,43.1,46.8,44.9,45.7,38.5,40.2,40.8,39.9,42.4,35.5,43.7,36.3,44.9,40.0,39.3,39.8,37.8,37.0,36.6,35.3,38.4,34.3,40.7,39.6,38.6,35.4,39.5,38.5,39.8,42.2,40.9,39.5,41.7,39.6,40.8,35.0,42.2,37.7,36.7,45.8,47.3,45.3,38.0,39.9,35.6,40.3,36.8,34.4,47.4,43.4,44.6,39.7,41.6,37.4,38.4,37.2,38.9,41.8,37.9
2238,35.7,35.5,35.1,41.1,43.3,46.4,46.0,43.2,45.3,44.4,46.0,46.2,45.5,44.5,45.4,46.1,43.4,40.2,45.5,45.5,43.9,44.6,46.7,41.4,41.0,43.7,46.4,44.1,42.5,46.5,44.5,45.3,38.0,39.7,40.3,39.5,42.2,35.1,43.0,35.5,43.9,39.9,38.9,39.2,37.3,36.7,35.8,35.2,38.1,33.6,39.7,39.2,37.6,35.2,38.8,38.7,39.3,41.9,40.6,39.3,41.4,38.7,40.8,34.4,41.6,37.5,35.9,45.2,46.7,45.0,36.5,38.9,34.8,39.5,36.5,33.7,47.0,43.1,44.0,39.0,40.9,36.6,37.9,37.2,38.4,41.3,37.4
2239,40.7,39.0,39.2,41.0,43.9,46.9,46.5,44.0,46.8,45.4,47.9,47.2,47.7,45.2,46.0,47.1,44.7,44.1,47.6,48.3,45.0,45.6,47.7,42.0,41.1,44.3,47.0,44.7,43.7,47.8,45.2,46.9,38.7,40.6,41.1,40.6,46.5,38.3,42.9,40.8,45.7,45.1,39.2,41.5,40.8,40.9,38.8,40.1,44.5,34.6,40.9,41.1,40.6,39.0,39.3,41.6,39.8,42.7,40.4,42.2,43.5,38.8,44.2,39.6,42.5,41.8,38.3,45.9,48.6,47.2,39.7,38.6,39.3,41.8,42.1,34.5,49.2,45.0,45.1,39.3,41.3,36.5,38.6,39.3,38.8,42.2,38.8
2240,46.0,43.1,44.3,45.4,47.2,49.0,49.2,47.3,49.3,48.2,50.7,49.8,51.0,47.7,48.9,49.6,48.2,48.0,50.6,51.2,48.2,48.3,50.5,45.0,44.6,47.6,49.3,47.9,46.7,50.8,48.2,49.6,41.7,43.7,43.7,43.8,52.2,42.7,46.9,46.5,49.2,50.3,42.7,45.5,45.4,46.3,43.1,45.4,51.5,39.8,47.7,44.5,47.0,43.3,41.1,45.6,43.1,45.4,42.8,45.6,45.7,41.9,48.3,45.9,44.9,46.7,42.6,48.2,51.6,50.0,46.2,44.1,44.4,47.4,47.0,40.6,52.2,47.8,48.0,43.1,44.9,40.1,42.1,41.8,41.8,45.3,42.3
2241,50.9,47.2,48.7,50.6,50.6,52.1,52.2,50.8,51.9,50.8,53.2,52.5,53.9,50.3,51.9,52.2,51.5,50.9,53.4,53.6,51.4,51.1,53.5,48.5,48.7,51.2,52.1,51.2,49.7,53.6,51.4,52.2,45.0,47.3,46.5,46.9,56.8,46.1,52.0,50.5,52.7,54.2,47.3,49.0,50.2,51.0,48.3,49.0,56.5,45.1,53.0,48.2,53.0,47.2,43.8,49.4,45.9,48.0,45.9,48.8,48.3,46.1,51.8,50.7,47.7,50.3,46.0,50.8,54.4,52.6,52.2,50.7,49.1,51.4,50.9,45.6,55.0,50.5,50.8,47.4,48.9,44.3,44.9,44.1,45.1,48.7,45.7
2242,54.8,50.4,52.0,55.2,53.9,54.7,55.2,54.2,54.4,53.4,55.7,55.1,56.2,52.7,54.8,54.4,54.6,53.8,55.7,55.9,54.4,53.6,56.4,51.6,52.3,54.5,54.8,54.2,52.6,56.0,54.4,54.7,48.2,50.6,49.4,49.9,60.7,49.4,56.5,53.9,56.3,57.1,51.3,52.0,54.4,54.4,52.8,52.2,60.3,49.3,57.0,51.6,58.1,50.6,46.4,52.3,48.3,50.5,48.6,51.6,50.9,49.6,54.7,54.2,50.5,53.4,49.1,53.1,56.9,54.8,57.1,55.4,53.4,54.5,54.0,49.6,57.1,52.9,53.5,51.0,52.3,48.5,47.5,46.1,48.1,51.9,48.9
2243,58.1,53.1,54.7,58.6,56.8,57.4,57.9,56.9,56.6,55.6,57.8,57.3,58.1,54.9,57.6,56.6,57.0,56.1,57.8,57.8,56.8,55.9,58.8,54.1,55.5,57.3,56.9,56.8,55.1,58.1,56.9,56.8,51.0,53.2,51.9,52.6,63.6,52.1,60.2,56.7,59.1,59.6,54.8,54.8,57.9,57.0,56.4,54.6,63.1,52.6,59.8,54.5,61.9,53.1,48.3,54.7,50.2,52.5,50.9,53.6,53.2,52.6,57.1,56.7,53.2,55.9,51.7,55.3,59.0,56.8,60.3,59.0,56.8,57.0,56.5,52.8,59.0,54.9,55.7,54.2,55.3,52.1,49.9,47.8,50.8,54.5,51.3
2244,61.1,55.1,56.2,61.6,59.2,59.8,60.3,59.2,58.4,57.4,59.5,59.2,60.0,56.7,59.8,58.4,59.1,58.0,59.5,59.3,59.0,57.6,60.7,56.3,58.2,59.8,58.8,58.9,57.1,59.8,58.9,58.6,53.2,55.3,53.9,54.6,66.0,54.2,63.3,59.0,61.9,61.4,57.6,56.8,60.6,59.0,59.1,56.8,65.2,55.0,61.9,56.9,64.7,55.2,49.6,56.5,51.4,53.9,53.0,55.4,54.9,55.0,59.2,58.6,55.7,57.8,53.7,57.1,60.8,58.7,62.8,61.8,59.5,59.0,58.7,54.9,60.4,56.7,57.7,56.6,57.6,54.9,51.7,49.2,53.2,56.5,53.6
2245,63.2,56.6,57.7,64.0,61.0,61.7,62.2,60.8,59.8,58.9,60.8,60.8,61.4,58.2,61.7,59.9,60.4,59.6,60.7,60.5,60.4,59.3,62.5,58.2,60.3,61.5,60.2,60.7,58.7,61.1,60.5,60.0,55.0,57.1,55.6,56.4,67.8,55.8,65.7,60.7,64.1,62.8,59.5,58.3,62.7,60.7,60.9,58.3,66.8,56.9,63.3,58.4,66.8,56.8,50.6,57.8,52.4,55.1,54.6,56.8,56.4,56.8,60.7,60.1,57.9,59.0,55.7,58.5,62.4,60.2,64.6,64.0,61.7,60.8,60.2,56.4,61.6,58.1,59.1,58.8,59.7,57.1,53.2,50.1,55.1,58.1,55.5
2246,64.3,57.6,58.5,65.9,62.1,63.1,63.7,61.9,60.8,60.0,61.9,61.9,62.4,59.5,63.2,60.9,61.9,60.6,61.7,61.3,61.5,60.2,63.5,59.6,61.9,62.9,61.4,62.0,59.8,62.0,61.6,61.0,56.2,58.3,57.0,57.5,69.0,56.7,67.3,62.0,65.4,63.7,61.4,59.6,64.0,61.7,62.4,59.1,67.7,58.3,64.3,59.5,68.3,57.9,51.4,58.6,53.2,55.8,55.9,57.6,57.2,58.0,61.6,61.3,59.2,59.6,56.8,59.7,63.6,61.2,65.9,65.6,63.1,62.1,61.5,57.3,62.3,59.0,60.3,60.5,61.1,58.6,54.2,50.7,56.2,59.1,56.6
2247,64.4,57.6,58.9,66.8,62.8,64.0,64.4,62.6,61.2,60.5,62.2,62.6,62.7,60.0,63.7,61.5,62.3,60.8,62.1,61.4,62.2,60.8,64.2,60.3,63.1,63.7,61.9,62.6,60.4,62.5,62.3,61.1,57.0,58.8,57.7,58.0,69.4,56.8,68.3,62.5,66.4,63.9,62.5,60.2,64.4,61.9,62.9,59.4,67.9,58.8,64.7,59.8,68.7,58.2,51.9,59.0,53.6,56.2,56.7,57.8,57.3,58.9,62.0,61.5,60.2,59.8,57.4,60.4,63.9,61.8,66.3,66.5,63.6,62.5,61.9,57.5,62.6,59.6,61.0,61.5,61.9,59.3,54.5,50.8,57.1,59.8,57.4
2248,63.8,57.2,58.4,67.0,62.9,64.1,64.5,62.5,61.1,60.4,62.0,62.7,62.6,60.0,63.8,61.4,62.2,60.4,61.9,61.2,62.2,60.9,64.1,60.3,63.2,63.6,61.9,62.4,60.6,62.5,62.4,60.9,57.0,58.9,57.8,58.1,69.1,56.0,68.5,62.1,66.6,63.4,62.8,60.2,64.1,61.3,62.8,58.8,67.2,58.6,64.6,59.1,68.3,58.0,52.2,58.8,53.7,56.2,57.0,57.8,57.1,59.2,62.0,61.2,60.1,59.5,57.1,60.4,63.6,61.7,65.9,66.9,63.4,62.4,61.6,57.3,62.2,59.4,60.7,61.6,62.0,59.7,54.4,50.2,57.2,59.8,57.2
2249,62.3,55.6,56.8,66.5,62.2,63.5,63.6,61.8,60.2,59.6,61.1,62.3,61.9,59.4,62.8,60.7,61.5,59.2,60.8,60.1,61.5,60.2,63.4,59.5,62.2,62.7,61.2,61.7,59.9,61.9,61.8,60.0,56.3,58.2,57.2,57.1,67.9,54.4,67.9,60.9,66.3,61.6,62.2,59.4,62.8,59.6,61.7,57.4,65.5,57.8,63.7,57.5,67.0,56.5,51.8,57.8,53.2,55.6,56.8,56.7,56.3,59.0,60.9,60.2,59.2,58.5,55.9,59.7,62.8,61.0,64.8,66.6,61.9,62.0,60.4,56.2,61.3,58.5,60.0,61.0,61.2,59.2,53.6,49.1,56.6,58.9,56.3
2250,58.5,52.1,52.4,64.8,60.2,61.8,61.9,60.1,58.2,58.0,59.2,61.0,59.9,58.1,61.0,59.1,59.6,56.6,58.7,57.8,59.6,58.3,61.5,57.6,60.3,60.9,59.9,59.6,58.1,60.2,60.2,58.0,54.5,56.3,55.7,55.6,64.2,51.3,66.2,58.3,64.6,57.7,60.5,57.6,59.2,55.9,59.7,54.7,61.8,56.3,61.7,55.2,64.6,52.4,50.7,55.7,52.2,54.4,55.9,54.3,54.2,57.9,58.3,57.6,57.6,56.5,53.6,58.4,60.9,58.9,62.3,65.1,59.0,60.4,57.7,54.0,59.2,56.4,58.3,59.2,59.2,57.6,52.0,47.3,55.0,57.2,54.7
2251,52.8,47.9,46.8,60.5,56.6,58.8,58.7,56.4,55.6,54.8,56.7,58.7,56.6,55.7,57.4,56.3,55.6,52.3,56.3,54.9,56.1,55.4,58.0,54.0,55.7,57.1,58.0,56.1,54.6,56.9,56.9,54.8,51.0,52.6,52.7,52.4,58.4,47.4,61.7,53.4,61.8,51.4,56.2,53.5,54.5,51.2,55.5,50.7,57.4,51.9,58.0,52.5,60.3,47.3,48.5,52.2,49.7,51.7,53.8,50.3,51.9,55.2,54.1,53.1,54.9,52.7,49.1,55.9,57.8,56.0,57.6,60.8,54.2,56.1,53.2,49.9,56.6,53.5,54.9,55.1,54.8,53.8,48.6,45.5,51.8,53.8,50.5
2252,49.8,45.4,44.2,56.1,53.9,56.2,56.0,53.0,54.0,53.0,54.7,56.4,54.6,53.6,54.8,54.5,52.4,49.7,54.2,53.1,53.2,53.5,55.6,51.2,51.3,53.3,56.1,53.5,52.1,54.6,54.3,53.1,48.0,49.8,50.1,49.1,55.2,45.3,57.0,50.1,59.1,48.6,51.5,50.0,51.5,48.3,52.2,47.9,55.0,47.3,54.6,50.6,55.4,44.8,46.7,49.6,47.7,49.8,51.2,48.3,49.7,51.3,51.1,49.9,52.4,49.9,46.8,54.3,55.9,53.8,53.5,54.5,50.7,52.4,50.5,46.4,54.9,51.7,52.6,50.3,51.1,49.8,44.4,44.1,48.9,51.2,46.9
2253,47.8,43.6,42.5,53.0,51.9,54.7,54.3,51.0,52.6,52.0,53.2,54.4,53.2,52.2,53.0,53.2,50.4,47.9,52.6,51.9,51.5,51.9,54.0,49.8,49.0,51.6,54.6,51.6,50.3,53.3,52.4,52.1,46.1,47.9,48.3,47.5,53.0,43.5,54.1,47.4,56.9,46.8,49.3,48.1,49.6,46.1,49.4,45.8,52.8,45.0,52.0,49.2,52.0,43.2,45.5,47.6,46.1,48.5,49.2,47.0,48.2,48.7,49.3,47.6,50.8,47.8,45.3,52.9,54.4,52.3,51.0,51.7,48.1,50.3,48.5,44.7,53.8,50.3,51.3,47.9,49.0,47.3,42.7,43.0,46.9,49.4,44.9
2254,45.6,42.3,41.3,51.1,50.2,53.2,53.0,49.2,51.6,50.7,52.0,52.9,52.1,51.0,51.6,52.1,49.0,46.5,51.2,50.9,50.3,50.7,52.5,48.5,47.6,50.1,53.3,50.1,48.7,52.1,51.0,50.9,44.9,46.3,47.0,45.9,50.5,42.2,51.9,45.4,55.1,45.4,47.4,46.8,47.5,44.2,46.9,43.7,50.9,43.4,50.2,47.7,49.8,42.0,44.6,45.9,44.9,47.1,47.4,45.8,47.0,46.9,47.6,45.4,49.3,45.8,43.9,51.8,52.9,51.1,48.7,49.4,45.9,48.9,46.7,43.4,52.7,49.2,50.2,46.2,47.8,45.5,41.8,41.9,45.6,48.0,43.4
2255,43.9,41.2,40.0,49.3,49.2,51.8,51.4,48.1,50.5,49.7,51.0,51.7,51.0,49.8,50.4,51.0,48.0,45.6,50.2,50.1,48.9,49.7,51.5,47.4,46.4,48.8,52.0,49.0,47.8,51.4,49.8,50.0,43.8,45.0,45.8,44.8,49.0,40.8,50.5,43.8,53.2,44.2,45.9,45.8,45.8,42.9,44.8,42.0,48.7,41.6,48.2,46.3,47.9,40.9,43.8,44.2,44.0,46.3,46.1,44.9,45.8,45.5,46.2,43.3,47.9,44.4,42.5,50.7,52.0,50.1,47.2,47.7,43.8,47.3,44.6,42.0,51.5,48.2,49.1,45.1,46.6,44.1,41.1,41.2,44.4,46.7,42.4
2256,42.3,40.0,39.0,47.6,48.1,50.7,50.1,47.2,49.6,48.8,50.2,50.7,50.1,49.0,49.5,50.1,47.2,44.5,49.5,49.1,48.0,48.7,50.4,46.5,45.4,47.8,51.0,48.2,46.6,50.3,48.6,49.2,42.9,44.1,44.8,43.6,47.8,39.5,48.9,42.4,51.1,43.4,44.6,44.6,44.3,41.8,42.9,40.5,46.2,40.1,46.8,45.0,46.4,40.1,43.2,43.1,43.4,45.5,44.9,44.0,45.0,44.1,45.0,41.5,46.6,42.9,41.2,49.7,51.0,49.2,45.6,46.1,42.3,46.1,43.0,40.5,50.8,47.0,48.2,44.2,45.9,42.7,40.7,40.4,43.4,45.8,41.5
2257,40.6,39.1,37.9,46.3,47.2,49.8,49.2,46.5,48.6,47.8,49.2,49.5,49.0,48.0,48.7,49.3,46.2,43.3,48.5,48.3,47.0,47.9,49.4,45.8,44.8,47.1,50.1,47.2,45.9,49.4,47.8,48.6,41.9,43.2,43.8,42.8,46.6,38.6,47.8,41.2,49.7,42.3,43.5,43.8,42.8,40.7,41.5,39.2,44.3,38.7,45.4,43.7,44.7,39.0,42.4,41.9,42.5,44.9,44.1,43.0,44.2,43.0,44.0,40.1,45.4,41.3,40.0,48.7,50.2,48.2,44.2,44.7,40.8,45.0,41.9,39.2,49.8,46.3,47.2,43.2,45.1,41.7,40.4,39.8,42.6,44.9,40.7
2258,39.3,38.3,37.2,45.3,46.4,49.1,48.5,46.0,47.6,47.1,48.3,48.8,48.0,47.3,47.8,48.5,45.6,42.5,47.5,47.6,46.4,47.1,48.9,45.1,44.0,46.5,49.2,46.5,45.1,48.6,47.1,47.8,41.1,42.5,43.1,42.2,45.7,37.7,46.7,39.9,48.1,41.8,42.4,43.0,41.6,39.7,40.0,38.1,42.6,37.6,44.3,42.5,43.1,38.0,41.7,41.0,41.9,44.0,43.2,42.0,43.5,42.0,43.2,38.6,44.4,40.4,39.0,48.0,49.4,47.3,42.6,43.4,39.3,43.9,40.3,38.0,48.9,45.4,46.6,42.4,44.3,40.7,40.1,39.2,41.6,44.1,40.0
2259,38.5,37.3,36.4,44.3,45.6,48.5,47.9,45.3,47.0,46.4,47.5,47.9,47.3,46.6,47.4,47.9,44.8,41.6,46.9,46.9,45.7,46.4,48.2,44.2,43.1,46.0,48.5,45.9,44.4,47.9,46.2,47.2,40.2,42.0,42.3,41.5,44.4,37.2,45.7,39.0,47.1,41.1,41.4,42.1,40.1,39.2,38.4,37.0,40.8,36.4,43.0,41.4,41.7,37.3,41.0,40.0,41.2,43.4,42.4,40.9,42.8,41.1,42.2,37.4,43.7,39.4,38.2,47.3,48.7,46.6,41.3,41.9,37.9,42.6,38.7,36.9,48.2,44.7,46.0,41.5,43.3,39.7,39.4,38.7,40.9,43.4,39.3
2260,37.4,36.6,36.0,43.2,44.9,47.9,47.3,44.7,46.3,45.9,46.9,47.2,46.5,45.9,46.7,47.2,44.4,40.8,46.3,46.2,45.1,45.7,47.7,43.4,42.3,45.2,47.8,45.2,43.9,47.4,45.7,46.4,39.5,41.4,41.7,40.7,43.4,36.3,44.9,37.7,46.1,40.4,40.5,41.1,39.0,38.2,37.7,36.2,39.5,35.4,42.0,40.5,40.3,36.4,40.2,39.2,40.5,42.8,41.5,40.2,42.1,40.4,41.5,36.3,43.0,38.6,37.4,46.6,47.9,46.0,39.9,41.1,36.8,41.7,37.8,35.6,47.6,44.1,45.4,40.7,42.8,38.7,38.9,38.1,40.2,42.8,39.0
2261,36.5,36.0,35.4,42.3,44.4,47.2,46.6,44.0,45.7,45.2,46.4,46.6,46.0,45.2,46.1,46.5,43.8,40.2,45.7,45.7,44.6,45.2,47.2,42.6,41.7,44.7,47.2,44.7,43.4,46.9,45.3,45.8,39.0,40.8,41.2,40.4,42.7,35.7,44.0,36.6,45.0,40.1,39.6,40.4,38.2,37.3,36.8,35.5,38.6,34.7,41.1,39.8,39.0,35.7,39.6,38.5,40.1,42.5,40.9,39.5,41.6,39.7,40.9,35.1,42.3,37.7,36.7,46.1,47.3,45.4,38.5,40.2,35.7,40.9,37.0,34.7,47.4,43.5,44.8,40.1,42.1,37.7,38.5,37.6,39.4,42.2,38.3
2262,36.2,35.8,35.5,41.4,43.6,46.7,46.2,43.5,45.3,44.6,46.0,46.2,45.4,44.7,45.6,46.2,43.5,40.1,45.5,45.6,44.1,44.7,46.9,41.9,41.2,44.0,46.7,44.3,42.9,46.6,44.7,45.4,38.5,40.2,40.7,39.9,42.5,35.3,43.3,35.9,44.0,40.2,39.1,39.6,37.7,37.1,36.1,35.5,38.4,33.9,40.2,39.4,38.1,35.5,39.1,38.7,39.5,42.2,40.5,39.3,41.4,38.8,40.9,34.6,41.8,37.7,35.9,45.5,46.7,45.1,37.0,39.2,35.0,40.0,36.7,33.9,47.0,43.3,44.3,39.5,41.3,37.0,37.9,37.8,38.9,41.8,37.8
2263,41.2,39.3,39.6,41.4,44.3,47.1,46.9,44.5,46.8,45.7,48.1,47.4,47.9,45.4,46.4,47.3,44.9,44.2,47.8,48.5,45.3,45.8,48.0,42.5,41.4,44.7,47.4,45.0,44.1,48.0,45.6,47.2,39.2,41.2,41.6,41.0,46.9,38.7,43.3,41.2,46.0,45.4,39.5,42.0,41.3,41.4,39.2,40.4,44.9,35.1,41.4,41.4,41.2,39.3,39.5,41.8,40.0,43.1,40.4,42.4,43.7,38.9,44.5,39.9,42.7,42.0,38.4,46.2,48.8,47.5,40.3,39.0,39.5,42.3,42.4,34.8,49.3,45.3,45.4,39.8,41.7,37.0,38.7,39.9,39.3,42.7,39.3
2264,46.6,43.5,44.9,46.0,47.6,49.5,49.7,47.8,49.5,48.6,51.0,50.1,51.4,48.0,49.3,50.0,48.6,48.2,50.9,51.5,48.6,48.7,50.8,45.6,45.0,48.1,49.7,48.2,47.2,51.1,48.6,50.0,42.2,44.3,44.2,44.3,52.5,43.1,47.4,46.9,49.5,50.5,43.2,46.0,45.9,46.8,43.6,45.6,51.7,40.3,48.1,44.7,47.6,43.6,41.5,45.8,43.4,45.8,42.9,45.8,45.9,42.1,48.6,46.2,45.0,46.9,42.7,48.5,51.9,50.5,46.8,44.5,44.6,48.0,47.2,40.9,52.5,48.1,48.4,43.6,45.5,40.5,42.3,42.4,42.2,45.8,42.8
2265,51.4,47.5,49.1,51.2,51.1,52.6,52.8,51.4,52.2,51.2,53.7,52.9,54.3,50.7,52.5,52.6,51.9,51.2,53.8,54.0,51.8,51.5,53.8,49.0,49.1,51.7,52.5,51.6,50.2,54.0,51.8,52.6,45.4,47.8,47.0,47.4,57.0,46.3,52.5,50.8,53.1,54.3,47.8,49.4,50.7,51.3,48.7,49.3,56.7,45.5,53.3,48.5,53.5,47.4,44.2,49.6,46.3,48.4,46.0,49.0,48.5,46.3,52.1,50.8,47.9,50.6,46.1,51.1,54.8,53.1,52.7,51.1,49.2,51.9,51.1,46.0,55.3,51.0,51.2,48.0,49.4,44.8,45.2,44.8,45.6,49.2,46.2
2266,55.3,50.7,52.4,55.7,54.4,55.2,55.7,54.7,54.7,53.8,56.2,55.6,56.8,53.1,55.4,54.9,55.0,54.0,56.2,56.3,54.8,54.0,56.7,52.2,52.8,55.0,55.2,54.7,52.9,56.3,54.8,55.2,48.7,51.1,49.9,50.4,60.8,49.6,57.0,54.2,56.5,57.1,51.8,52.4,54.9,54.7,53.1,52.4,60.3,49.7,57.3,51.9,58.6,50.8,46.7,52.6,48.6,50.9,48.8,51.8,51.1,49.8,55.0,54.3,50.7,53.7,49.2,53.5,57.1,55.3,57.5,55.7,53.6,54.9,54.2,49.9,57.5,53.5,53.9,51.5,52.8,48.9,47.8,46.8,48.6,52.4,49.4
2267,58.7,53.3,55.1,59.1,57.4,57.9,58.3,57.4,57.0,56.0,58.3,57.8,58.7,55.4,58.0,57.0,57.4,56.4,58.4,58.2,57.2,56.3,59.2,54.6,56.0,57.8,57.4,57.4,55.4,58.5,57.3,57.4,51.5,53.7,52.4,53.0,63.6,52.3,60.6,57.0,59.3,59.6,55.4,55.1,58.3,57.2,56.7,54.9,63.2,52.9,60.1,54.8,62.3,53.3,48.6,55.0,50.6,52.8,51.0,53.9,53.4,52.8,57.4,56.9,53.4,56.2,51.8,55.7,59.4,57.4,60.6,59.3,57.0,57.4,56.7,53.0,59.4,55.5,56.1,54.7,55.8,52.4,50.1,48.5,51.3,54.9,51.8
2268,61.6,55.2,56.5,62.1,59.6,60.2,60.7,59.7,58.8,57.8,60.0,59.7,60.6,57.1,60.2,58.8,59.5,58.3,60.0,59.7,59.3,58.1,61.1,56.8,58.7,60.2,59.2,59.3,57.4,60.1,59.3,59.2,53.7,55.7,54.3,55.0,65.9,54.3,63.7,59.3,62.1,61.4,58.2,57.2,61.0,59.1,59.4,57.1,65.3,55.3,62.1,57.1,65.1,55.5,50.0,56.8,51.8,54.2,53.2,55.7,55.2,55.2,59.5,58.9,56.0,58.1,53.9,57.4,61.2,59.3,63.0,61.9,59.7,59.4,58.9,55.1,60.8,57.3,58.1,57.1,58.1,55.2,51.9,49.8,53.6,56.9,54.0
2269,63.6,56.6,58.0,64.4,61.5,62.1,62.7,61.2,60.1,59.3,61.4,61.3,61.9,58.7,62.1,60.4,60.8,60.0,61.2,60.9,60.8,59.7,62.9,58.7,60.8,62.0,60.6,61.1,59.0,61.4,60.9,60.5,55.4,57.5,55.9,56.7,67.6,55.9,66.0,60.9,64.2,62.8,60.1,58.7,63.0,60.9,61.2,58.6,67.0,57.1,63.5,58.6,67.1,57.1,50.9,58.1,52.7,55.3,54.8,57.0,56.8,57.0,61.1,60.4,58.2,59.3,55.8,58.9,62.9,60.8,64.8,64.1,61.8,61.2,60.5,56.6,62.0,58.7,59.5,59.3,60.2,57.4,53.3,50.7,55.5,58.4,55.8
2270,64.7,57.7,58.9,66.3,62.6,63.6,64.2,62.4,61.2,60.4,62.4,62.4,62.9,59.8,63.6,61.3,62.2,60.9,62.2,61.7,62.0,60.7,63.9,60.0,62.4,63.4,61.8,62.4,60.1,62.3,62.1,61.5,56.7,58.7,57.3,57.8,68.9,56.8,67.6,62.2,65.6,63.7,61.9,60.0,64.3,61.8,62.7,59.4,67.8,58.4,64.4,59.8,68.6,58.1,51.7,58.9,53.4,56.0,56.2,57.8,57.5,58.3,62.1,61.5,59.6,60.0,57.1,60.1,64.0,61.7,66.1,65.7,63.1,62.5,61.7,57.5,62.7,59.5,60.6,60.9,61.5,58.8,54.3,51.2,56.6,59.4,56.9
2271,64.8,57.8,59.3,67.2,63.3,64.4,64.8,63.1,61.6,60.8,62.7,63.1,63.3,60.4,64.1,62.0,62.7,61.1,62.7,61.8,62.6,61.3,64.6,60.7,63.6,64.1,62.3,63.0,60.7,62.9,62.7,61.6,57.5,59.2,58.0,58.3,69.2,56.9,68.5,62.7,66.6,63.9,63.0,60.5,64.7,62.0,63.1,59.6,68.0,59.1,64.7,60.1,68.9,58.3,52.2,59.3,53.8,56.4,57.0,58.0,57.6,59.2,62.4,61.7,60.5,60.1,57.8,60.7,64.3,62.3,66.5,66.6,63.6,62.9,62.1,57.7,63.1,60.0,61.4,61.9,62.4,59.6,54.7,51.3,57.5,60.1,57.7
2272,64.2,57.5,58.6,67.4,63.4,64.5,64.9,62.9,61.5,60.7,62.5,63.2,63.2,60.4,64.2,62.0,62.6,60.7,62.4,61.6,62.6,61.4,64.5,60.7,63.6,64.0,62.2,62.9,60.9,62.9,62.7,61.4,57.6,59.3,58.1,58.4,68.9,56.1,68.7,62.2,66.7,63.3,63.2,60.5,64.4,61.3,63.1,59.0,67.3,58.8,64.6,59.4,68.5,58.0,52.4,59.1,53.9,56.4,57.2,58.1,57.5,59.5,62.3,61.5,60.4,59.8,57.5,60.7,64.1,62.3,66.1,66.9,63.4,62.8,61.9,57.4,62.7,59.9,61.1,62.1,62.5,60.0,54.6,50.7,57.6,60.1,57.6
2273,62.6,55.8,56.9,66.9,62.8,63.8,63.9,62.3,60.6,59.9,61.6,62.9,62.4,59.8,63.1,61.2,61.8,59.5,61.3,60.5,61.9,60.7,63.7,59.9,62.7,63.1,61.6,62.2,60.2,62.3,62.1,60.5,56.8,58.6,57.5,57.5,67.6,54.6,68.0,61.1,66.4,61.6,62.5,59.8,63.1,59.5,62.0,57.7,65.6,57.9,63.7,57.9,67.2,56.6,52.0,58.1,53.4,55.8,57.0,57.0,56.6,59.3,61.2,60.4,59.5,58.8,56.3,60.1,63.3,61.5,65.0,66.7,62.0,62.3,60.7,56.3,61.8,59.0,60.4,61.3,61.8,59.4,53.9,49.6,57.0,59.2,56.7
2274,58.8,52.4,52.7,65.2,60.7,62.1,62.3,60.5,58.6,58.3,59.7,61.5,60.4,58.5,61.3,59.5,60.0,56.9,59.1,58.2,60.0,58.7,61.9,58.0,60.7,61.3,60.3,60.1,58.4,60.5,60.6,58.5,54.9,56.7,56.1,56.0,64.1,51.5,66.3,58.4,64.8,57.8,60.9,57.9,59.6,55.9,59.9,55.0,62.1,56.4,61.6,55.6,64.7,52.5,51.0,56.0,52.5,54.7,56.1,54.6,54.5,58.2,58.6,57.9,57.9,56.8,53.9,58.8,61.4,59.4,62.5,65.2,59.1,60.7,58.1,54.1,59.6,56.9,58.7,59.6,59.8,57.8,52.2,47.8,55.3,57.5,55.2
2275,53.1,48.2,47.1,61.0,57.1,59.2,59.1,56.8,55.9,55.1,57.0,59.1,57.0,56.0,57.9,56.7,56.0,52.6,56.6,55.2,56.5,55.7,58.3,54.4,56.1,57.5,58.3,56.6,54.9,57.3,57.3,55.3,51.5,53.1,53.2,52.9,58.5,47.5,62.0,53.6,61.9,51.7,56.5,53.8,54.9,51.3,55.8,50.8,57.6,52.1,58.0,52.8,60.5,47.3,48.8,52.5,50.0,51.9,54.1,50.5,52.1,55.6,54.3,53.3,55.3,53.0,49.4,56.3,58.2,56.4,57.8,61.1,54.5,56.5,53.4,50.1,57.0,54.0,55.2,55.5,55.2,54.0,48.8,46.0,52.1,54.2,50.9
2276,50.2,45.5,44.5,56.4,54.5,56.5,56.3,53.4,54.2,53.3,55.1,56.7,55.0,53.9,55.2,54.8,52.7,49.9,54.5,53.4,53.6,53.7,55.9,51.7,51.6,53.8,56.5,53.9,52.4,54.8,54.6,53.5,48.4,50.2,50.5,49.5,55.3,45.4,57.4,50.4,59.2,48.9,51.9,50.2,51.8,48.4,52.4,48.1,55.2,47.4,54.6,50.9,55.6,44.9,46.9,49.8,47.9,50.0,51.5,48.6,49.9,51.6,51.3,50.0,52.7,50.2,47.0,54.7,56.2,54.2,53.6,54.9,51.1,52.7,50.7,46.5,55.1,52.2,53.0,50.6,51.5,50.0,44.5,44.5,49.2,51.5,47.4
2277,48.2,43.8,42.6,53.4,52.4,55.1,54.7,51.3,52.7,52.3,53.6,54.7,53.6,52.5,53.4,53.6,50.7,48.1,52.9,52.2,51.9,52.3,54.3,50.3,49.4,52.0,55.0,52.0,50.6,53.5,52.8,52.3,46.4,48.2,48.8,48.0,53.0,43.5,54.4,47.6,57.1,47.1,49.7,48.3,49.9,46.4,49.5,45.9,52.9,45.0,52.0,49.5,52.2,43.3,45.7,47.8,46.2,48.7,49.4,47.2,48.4,48.9,49.6,47.6,51.1,47.9,45.4,53.4,54.7,52.6,51.2,52.2,48.4,50.4,48.7,44.9,53.9,50.8,51.6,48.2,49.5,47.6,42.7,43.4,47.2,49.8,45.4
2278,46.0,42.5,41.4,51.4,50.6,53.5,53.3,49.6,51.8,51.0,52.3,53.2,52.4,51.3,52.0,52.4,49.3,46.7,51.5,51.1,50.7,51.1,52.8,48.9,48.0,50.6,53.7,50.5,49.0,52.4,51.4,51.2,45.2,46.7,47.4,46.4,50.6,42.3,52.2,45.6,55.3,45.7,47.8,46.9,47.9,44.6,47.1,43.9,51.0,43.4,50.2,47.9,49.9,42.1,44.8,46.0,45.0,47.3,47.6,45.9,47.2,47.2,47.8,45.4,49.5,45.8,44.0,52.2,53.3,51.4,48.8,49.8,46.2,49.0,46.9,43.5,52.8,49.6,50.5,46.5,48.1,45.6,41.9,42.3,45.8,48.3,43.9
2279,44.3,41.3,40.2,49.7,49.5,52.2,51.8,48.5,50.8,50.0,51.2,51.9,51.2,50.2,50.8,51.4,48.3,45.7,50.4,50.4,49.4,50.2,51.8,47.8,46.8,49.3,52.5,49.4,48.1,51.7,50.2,50.3,44.1,45.3,46.2,45.2,49.1,40.9,50.9,44.1,53.4,44.6,46.2,45.9,46.2,43.3,45.1,42.2,48.8,41.6,48.3,46.5,48.0,41.0,44.0,44.3,44.2,46.5,46.3,45.1,45.9,45.7,46.4,43.3,48.1,44.4,42.5,51.1,52.3,50.4,47.3,48.0,44.1,47.5,44.8,42.2,51.6,48.5,49.4,45.4,47.0,44.2,41.2,41.6,44.7,47.1,42.9
2280,42.8,40.1,39.2,48.0,48.4,51.1,50.5,47.5,49.9,49.1,50.3,50.9,50.3,49.3,49.8,50.5,47.5,44.6,49.7,49.4,48.4,49.1,50.7,46.9,45.8,48.3,51.4,48.5,46.9,50.6,49.1,49.5,43.1,44.4,45.2,44.0,48.1,39.6,49.3,42.7,51.3,43.7,44.9,44.7,44.6,42.2,43.1,40.6,46.4,40.1,46.8,45.2,46.4,40.1,43.3,43.1,43.5,45.6,45.1,44.1,45.1,44.3,45.1,41.5,46.8,42.8,41.2,50.1,51.3,49.4,45.7,46.4,42.6,46.3,43.1,40.5,50.9,47.4,48.6,44.4,46.3,42.8,40.8,40.8,43.6,46.1,41.9
2281,41.0,39.1,38.0,46.7,47.5,50.2,49.7,46.8,48.8,48.1,49.3,49.8,49.1,48.4,49.0,49.7,46.5,43.3,48.6,48.5,47.4,48.3,49.8,46.2,45.1,47.5,50.5,47.6,46.1,49.8,48.2,48.9,42.2,43.5,44.2,43.2,46.9,38.7,48.2,41.3,49.9,42.5,43.7,43.7,43.2,41.0,41.6,39.4,44.5,38.7,45.5,43.9,44.8,39.1,42.5,41.9,42.6,45.0,44.2,43.1,44.4,43.2,44.1,40.1,45.5,41.2,40.1,49.1,50.4,48.4,44.3,45.0,41.1,45.1,42.0,39.3,49.9,46.7,47.6,43.5,45.5,41.8,40.4,40.1,42.8,45.2,41.1
2282,39.6,38.3,37.3,45.7,46.7,49.5,48.9,46.2,47.9,47.4,48.4,49.0,48.1,47.7,48.2,48.8,45.9,42.6,47.6,47.8,46.8,47.4,49.2,45.4,44.3,46.8,49.6,46.8,45.3,48.9,47.5,48.1,41.3,42.7,43.5,42.6,46.0,37.7,47.1,40.1,48.4,42.0,42.7,43.0,41.9,40.0,40.0,38.2,42.7,37.6,44.3,42.6,43.2,38.1,41.8,41.0,42.1,44.1,43.4,42.1,43.6,42.1,43.3,38.6,44.5,40.3,39.1,48.4,49.7,47.5,42.7,43.7,39.7,44.0,40.4,38.1,48.9,45.9,46.9,42.6,44.6,40.7,40.2,39.6,41.8,44.4,40.4
2283,38.7,37.3,36.5,44.6,45.9,48.8,48.3,45.6,47.2,46.8,47.6,48.3,47.5,47.0,47.7,48.3,45.1,41.6,47.1,47.1,46.0,46.7,48.5,44.6,43.3,46.3,49.0,46.1,44.6,48.3,46.6,47.5,40.4,42.3,42.7,41.8,44.7,37.2,46.0,39.2,47.3,41.3,41.6,42.0,40.5,39.4,38.4,37.1,41.0,36.5,43.0,41.4,41.8,37.4,41.2,40.1,41.4,43.5,42.6,40.9,42.9,41.2,42.3,37.5,43.7,39.4,38.3,47.7,49.0,46.8,41.3,42.2,38.4,42.8,38.8,37.0,48.3,45.1,46.4,41.7,43.7,39.7,39.5,39.1,41.1,43.7,39.7
2284,37.5,36.6,36.0,43.6,45.2,48.2,47.6,45.1,46.5,46.2,47.0,47.6,46.8,46.3,46.9,47.6,44.7,40.8,46.5,46.4,45.5,46.0,48.0,43.8,42.5,45.5,48.2,45.5,44.1,47.7,46.2,46.7,39.7,41.6,42.0,41.1,43.6,36.4,45.3,37.9,46.3,40.6,40.7,41.0,39.3,38.4,37.6,36.3,39.6,35.4,42.0,40.6,40.3,36.4,40.3,39.1,40.7,42.9,41.7,40.2,42.3,40.4,41.5,36.3,43.1,38.5,37.4,47.0,48.2,46.2,40.0,41.3,37.1,41.8,37.9,35.8,47.8,44.5,45.8,40.9,43.1,38.8,39.0,38.5,40.4,43.1,39.3
2285,36.7,36.0,35.4,42.7,44.6,47.6,47.0,44.4,45.9,45.6,46.6,46.9,46.3,45.6,46.5,46.9,44.1,40.1,45.9,45.9,44.9,45.5,47.4,43.0,41.9,45.0,47.6,44.9,43.6,47.2,45.6,46.1,39.2,41.0,41.6,40.7,42.9,35.7,44.4,36.8,45.2,40.3,39.8,40.3,38.5,37.5,36.7,35.6,38.6,34.7,41.2,39.8,39.1,35.7,39.8,38.5,40.3,42.6,41.1,39.5,41.7,39.6,40.9,35.1,42.4,37.5,36.8,46.5,47.5,45.6,38.5,40.5,36.1,40.9,37.0,34.8,47.5,44.0,45.1,40.2,42.2,37.8,38.7,38.1,39.6,42.5,38.7
2286,36.4,35.8,35.5,41.7,43.9,47.0,46.6,43.8,45.5,45.0,46.3,46.4,45.7,45.0,46.0,46.5,43.8,40.1,45.7,45.7,44.4,45.0,47.2,42.2,41.3,44.3,47.0,44.5,43.2,46.9,45.1,45.7,38.7,40.5,41.0,40.2,42.8,35.3,43.6,36.1,44.1,40.5,39.3,39.6,38.0,37.2,36.0,35.7,38.5,33.9,40.2,39.5,38.2,35.6,39.2,38.8,39.7,42.2,40.7,39.4,41.5,38.7,41.0,34.7,41.7,37.5,36.0,45.9,47.0,45.3,37.2,39.5,35.3,40.0,37.0,34.1,47.1,43.7,44.6,39.5,41.5,37.1,38.1,38.2,39.0,42.0,38.2
2287,41.4,39.5,39.7,41.7,44.7,47.5,47.3,44.9,47.1,46.2,48.5,47.6,48.2,45.8,46.8,47.7,45.3,44.3,48.1,48.9,45.7,46.2,48.3,42.8,41.6,45.1,47.8,45.3,44.5,48.3,46.0,47.5,39.5,41.5,41.9,41.5,47.2,38.8,43.5,41.4,46.1,45.7,39.7,42.0,41.6,41.5,39.2,40.7,45.3,35.3,41.5,41.6,41.4,39.3,39.7,42.0,40.4,43.3,40.6,42.6,43.8,38.8,44.6,40.2,42.8,42.1,38.6,46.6,49.2,47.9,40.5,39.3,40.0,42.6,42.6,35.1,49.6,45.8,45.8,39.9,41.9,37.1,38.9,40.4,39.6,43.0,39.8
2288,46.8,43.7,44.9,46.3,48.0,49.9,50.1,48.3,49.9,49.1,51.4,50.5,51.8,48.5,49.8,50.4,49.1,48.3,51.4,52.0,49.1,49.1,51.2,45.9,45.2,48.5,50.1,48.6,47.7,51.4,49.0,50.4,42.5,44.8,44.6,44.8,52.6,43.3,47.7,46.9,49.5,50.6,43.4,46.1,46.1,46.9,43.7,45.9,52.0,40.6,48.3,45.0,47.7,43.6,41.8,46.0,43.8,46.1,43.1,45.9,46.1,42.2,48.7,46.5,45.1,47.0,42.8,49.0,52.3,50.9,46.9,44.9,44.8,48.2,47.6,41.3,52.8,48.7,48.8,43.9,45.7,40.6,42.5,42.9,42.5,46.2,43.3
2289,51.4,47.7,49.1,51.4,51.5,53.0,53.2,51.9,52.6,51.7,54.1,53.4,54.8,51.1,52.9,53.0,52.4,51.3,54.4,54.5,52.3,51.9,54.2,49.3,49.3,52.1,52.9,52.1,50.7,54.3,52.3,53.0,45.8,48.3,47.5,47.9,57.1,46.5,52.7,50.8,53.1,54.3,47.9,49.6,50.9,51.3,48.7,49.6,56.8,45.9,53.5,48.7,53.7,47.5,44.5,49.7,46.7,48.8,46.3,49.1,48.8,46.5,52.2,51.1,48.0,50.7,46.4,51.6,55.1,53.6,52.7,51.2,49.4,52.2,51.4,46.3,55.8,51.7,51.6,48.2,49.6,44.8,45.4,45.4,45.9,49.7,46.7
2290,55.2,50.8,52.4,55.8,54.8,55.6,56.1,55.3,55.0,54.3,56.7,56.0,57.3,53.5,55.9,55.3,55.4,54.1,56.8,56.9,55.3,54.4,57.1,52.4,53.0,55.3,55.6,55.2,53.4,56.6,55.3,55.6,49.0,51.5,50.3,50.9,60.7,49.6,57.1,54.2,56.5,57.0,51.8,52.5,54.9,54.7,53.2,52.7,60.5,50.1,57.5,52.2,58.8,50.8,47.1,52.7,49.0,51.3,49.1,51.9,51.3,50.0,55.1,54.6,50.9,53.7,49.4,53.9,57.5,55.9,57.4,55.7,53.7,55.2,54.6,50.2,57.9,54.1,54.3,51.6,53.0,48.9,48.1,47.3,48.9,52.8,49.9
2291,58.6,53.4,54.9,59.2,57.7,58.3,58.7,57.9,57.3,56.4,58.8,58.2,59.1,55.8,58.5,57.3,57.8,56.5,58.9,58.8,57.7,56.7,59.5,54.8,56.1,58.1,57.9,57.9,55.9,58.6,57.8,57.7,51.8,54.1,52.9,53.5,63.4,52.4,60.7,57.0,59.3,59.5,55.3,55.3,58.3,57.2,56.8,55.3,63.4,53.3,60.3,55.1,62.5,53.3,49.1,55.0,51.0,53.2,51.4,54.0,53.7,53.1,57.5,57.2,53.6,56.2,52.1,56.1,59.7,57.9,60.6,59.2,57.0,57.7,57.1,53.3,59.8,56.1,56.6,54.7,56.0,52.4,50.5,49.0,51.5,55.3,52.3
2292,61.5,55.2,56.4,62.0,60.0,60.5,61.1,60.0,59.0,58.2,60.5,60.0,61.0,57.5,60.6,59.1,59.8,58.5,60.5,60.3,59.7,58.4,61.4,56.9,58.7,60.4,59.6,59.7,57.9,60.2,59.8,59.5,53.9,56.3,54.8,55.5,65.8,54.3,63.7,59.3,62.0,61.2,58.1,57.4,60.9,59.0,59.4,57.4,65.5,55.7,62.3,57.5,65.3,55.4,50.5,56.8,52.3,54.6,53.6,55.7,55.4,55.5,59.6,59.2,56.2,58.1,54.2,57.8,61.5,59.8,63.1,61.8,59.6,59.7,59.2,55.4,61.3,57.9,58.5,57.2,58.3,55.1,52.2,50.3,53.8,57.4,54.5
2293,63.5,56.5,57.8,64.3,61.8,62.4,62.9,61.6,60.4,59.7,61.7,61.6,62.3,59.0,62.4,60.6,61.1,60.0,61.6,61.5,61.3,60.0,63.2,58.9,60.8,62.2,61.0,61.4,59.4,61.6,61.3,60.7,55.5,58.0,56.4,57.1,67.3,55.8,65.9,60.9,64.1,62.5,60.0,59.0,63.0,60.7,61.3,58.9,67.1,57.6,63.6,58.9,67.2,57.0,51.4,58.1,53.2,55.7,55.2,57.0,57.0,57.3,61.2,60.6,58.5,59.4,56.2,59.3,63.1,61.3,64.9,63.9,61.7,61.4,60.7,56.9,62.4,59.3,59.9,59.4,60.4,57.3,53.7,51.3,55.6,58.8,56.3
2294,64.7,57.6,58.7,66.1,62.9,63.7,64.3,62.7,61.4,60.7,62.7,62.6,63.3,60.1,63.8,61.6,62.6,61.0,62.6,62.2,62.3,60.9,64.0,60.2,62.4,63.6,62.1,62.6,60.5,62.5,62.4,61.7,56.8,59.0,57.8,58.1,68.5,56.7,67.5,62.2,65.5,63.3,61.8,60.3,64.2,61.7,62.7,59.7,68.0,58.9,64.5,59.9,68.7,58.0,52.2,58.9,53.9,56.5,56.5,57.8,57.7,58.6,62.2,61.8,59.8,60.1,57.5,60.3,64.2,62.2,66.2,65.5,62.9,62.8,62.0,57.8,63.1,60.1,60.9,61.0,61.7,58.7,54.7,51.9,56.8,59.8,57.3
2295,64.8,57.7,59.1,66.9,63.6,64.5,65.0,63.4,61.8,61.1,63.0,63.3,63.6,60.7,64.3,62.2,62.9,61.2,63.0,62.3,62.9,61.5,64.7,60.8,63.5,64.3,62.6,63.1,61.0,62.9,63.0,61.8,57.7,59.5,58.4,58.7,68.8,56.8,68.2,62.5,66.4,63.6,62.9,60.8,64.7,61.9,63.2,59.9,68.2,59.7,64.9,60.3,69.1,58.2,52.7,59.3,54.3,56.9,57.3,58.0,57.8,59.5,62.5,62.0,60.8,60.2,58.1,61.0,64.5,62.7,66.5,66.3,63.4,63.3,62.4,58.1,63.4,60.6,61.7,61.8,62.5,59.5,55.1,52.0,57.6,60.4,58.0
2296,64.1,57.4,58.3,67.2,63.6,64.6,65.0,63.1,61.7,61.0,62.9,63.5,63.6,60.6,64.3,62.1,62.8,60.8,62.7,62.1,62.8,61.5,64.5,60.8,63.5,64.2,62.5,63.0,61.2,62.9,63.0,61.6,57.7,59.6,58.4,58.6,68.4,56.1,68.3,62.1,66.6,63.0,63.2,60.8,64.3,61.1,63.2,59.3,67.5,59.4,64.7,59.7,68.6,57.9,53.0,59.2,54.4,56.9,57.5,58.1,57.7,59.7,62.5,61.8,60.6,59.9,57.8,61.0,64.1,62.7,66.1,66.5,63.2,63.2,62.2,57.8,63.1,60.5,61.3,62.0,62.6,59.8,55.1,51.4,57.7,60.4,57.8
2297,62.5,55.8,56.7,66.7,63.0,64.0,64.1,62.5,60.7,60.2,62.0,63.1,62.8,60.0,63.3,61.3,62.0,59.6,61.6,61.0,62.1,60.8,63.8,60.0,62.6,63.3,61.8,62.3,60.5,62.3,62.4,60.7,57.0,58.8,57.8,57.7,67.2,54.5,67.6,60.9,66.2,61.3,62.5,60.2,62.9,59.2,62.2,58.0,65.8,58.4,63.9,58.2,67.4,56.5,52.5,58.2,53.9,56.2,57.4,57.0,56.8,59.6,61.4,60.7,59.8,58.9,56.6,60.3,63.4,61.8,65.1,66.3,61.8,62.7,61.0,56.7,62.1,59.5,60.5,61.3,61.8,59.3,54.3,50.4,57.1,59.5,56.9
2298,58.8,52.5,52.6,65.0,60.9,62.3,62.4,60.7,58.8,58.5,60.1,61.8,60.8,58.7,61.4,59.6,60.2,57.0,59.5,58.7,60.3,58.8,62.0,58.2,60.7,61.5,60.5,60.2,58.7,60.6,60.8,58.7,55.1,56.9,56.3,56.2,63.8,51.6,65.9,58.3,64.6,57.6,60.9,58.2,59.5,55.8,60.1,55.3,62.3,57.0,61.8,55.8,65.0,52.4,51.4,56.1,52.9,55.0,56.4,54.7,54.7,58.5,58.8,58.2,58.0,56.8,54.1,59.0,61.5,59.8,62.6,64.8,59.1,61.1,58.4,54.5,59.9,57.4,58.9,59.6,59.9,57.7,52.6,48.6,55.5,57.8,55.4
2299,53.1,48.3,46.9,60.9,57.3,59.3,59.2,57.0,56.1,55.3,57.3,59.3,57.3,56.2,57.9,56.8,56.3,52.7,57.0,55.7,56.8,55.9,58.4,54.5,56.1,57.6,58.5,56.8,55.2,57.4,57.5,55.6,51.6,53.2,53.4,53.1,58.2,47.6,61.7,53.6,61.8,51.6,56.6,54.2,54.8,51.2,56.0,51.0,57.8,52.6,58.3,53.1,60.8,47.3,49.1,52.6,50.2,52.1,54.4,50.6,52.3,55.8,54.5,53.6,55.3,53.1,49.6,56.6,58.4,56.8,57.9,60.9,54.4,56.9,53.7,50.5,57.3,54.5,55.4,55.5,55.3,54.0,49.1,46.6,52.2,54.4,51.2
2300,50.1,45.6,44.2,56.3,54.5,56.5,56.4,53.5,54.4,53.4,55.4,56.9,55.4,54.1,55.3,55.0,52.9,50.1,55.0,53.9,53.8,53.9,56.0,51.7,51.6,53.8,56.6,54.0,52.5,54.9,54.8,53.8,48.4,50.3,50.6,49.6,55.0,45.4,57.1,50.4,59.1,48.8,51.8,50.6,51.8,48.4,52.6,48.3,55.4,47.7,54.9,51.2,55.8,44.7,47.0,49.9,48.1,50.2,51.8,48.6,50.1,51.8,51.5,50.2,52.6,50.4,47.2,54.9,56.4,54.6,53.9,54.6,51.0,53.0,51.0,46.8,55.4,52.6,53.1,50.6,51.5,50.0,44.7,45.1,49.2,51.6,47.5
2301,48.0,44.0,42.5,53.3,52.3,55.1,54.8,51.4,52.9,52.4,54.0,54.9,54.0,52.7,53.6,53.7,51.0,48.2,53.3,52.5,52.1,52.4,54.3,50.2,49.4,52.0,55.3,52.1,50.7,53.7,53.0,52.5,46.4,48.2,48.9,48.0,52.8,43.6,54.2,47.6,57.1,46.9,49.7,48.6,49.8,46.4,49.7,46.2,53.1,45.3,52.3,49.7,52.4,43.2,45.8,47.9,46.4,48.8,49.7,47.3,48.6,49.1,49.7,48.0,51.1,48.1,45.5,53.5,55.0,53.0,51.3,52.0,48.4,50.7,49.1,45.2,54.2,51.3,51.7,48.1,49.4,47.4,42.9,44.0,47.2,49.8,45.4
2302,45.9,42.7,41.3,51.2,50.6,53.6,53.4,49.7,51.9,51.1,52.7,53.5,52.7,51.5,52.2,52.6,49.5,46.7,51.9,51.6,50.8,51.3,52.9,48.9,48.0,50.5,54.0,50.6,49.1,52.6,51.5,51.5,45.1,46.6,47.5,46.3,50.5,42.3,52.0,45.7,55.3,45.6,47.7,47.2,47.9,44.6,47.3,44.2,51.2,43.7,50.4,48.1,50.1,42.0,44.9,46.1,45.1,47.4,47.9,46.0,47.4,47.4,48.0,45.6,49.5,46.0,44.1,52.4,53.5,51.8,48.9,49.6,46.1,49.3,47.1,43.7,53.1,50.0,50.7,46.4,48.1,45.5,42.1,42.8,45.8,48.4,43.9
2303,44.3,41.4,40.1,49.5,49.5,52.3,51.8,48.5,50.9,50.1,51.6,52.3,51.5,50.4,50.9,51.6,48.4,45.8,50.8,50.7,49.5,50.4,51.9,47.8,46.7,49.2,52.6,49.5,48.0,51.9,50.3,50.5,44.0,45.2,46.2,45.0,49.0,41.0,50.6,44.1,53.5,44.4,46.1,46.2,46.2,43.3,45.3,42.5,48.9,41.9,48.5,46.7,48.1,41.0,44.1,44.3,44.3,46.5,46.6,45.2,46.1,45.9,46.4,43.5,48.1,44.5,42.6,51.3,52.5,50.7,47.4,47.8,44.1,47.8,45.0,42.4,52.0,49.0,49.5,45.3,46.9,44.1,41.5,42.1,44.6,47.1,42.8
2304,42.8,40.1,39.1,47.9,48.4,51.1,50.5,47.5,50.0,49.1,50.7,51.3,50.6,49.5,49.8,50.8,47.6,44.6,50.0,49.8,48.5,49.3,50.8,46.9,45.7,48.3,51.6,48.5,46.8,50.7,49.2,49.8,43.0,44.3,45.2,43.8,47.8,39.6,49.1,42.8,51.4,43.6,44.8,44.9,44.6,42.1,43.3,40.7,46.6,40.3,46.9,45.3,46.7,40.1,43.4,43.2,43.6,45.7,45.4,44.2,45.4,44.5,45.2,41.7,46.8,43.1,41.3,50.3,51.6,49.7,45.8,46.3,42.4,46.4,43.4,40.8,51.2,47.9,48.7,44.3,46.2,42.7,41.1,41.3,43.5,46.2,41.7
2305,41.0,39.1,38.0,46.7,47.5,50.2,49.7,46.8,49.0,48.2,49.7,50.1,49.5,48.5,49.1,49.9,46.6,43.4,48.9,48.9,47.5,48.5,49.8,46.2,45.0,47.5,50.7,47.6,46.0,49.9,48.3,49.0,42.0,43.3,44.2,43.0,46.7,38.6,48.1,41.3,50.0,42.4,43.7,44.0,43.1,41.0,41.9,39.5,44.8,38.8,45.6,44.0,45.1,39.1,42.6,42.0,42.7,45.1,44.5,43.2,44.6,43.4,44.2,40.2,45.6,41.5,40.3,49.3,50.6,48.8,44.4,44.9,41.0,45.3,42.0,39.5,50.2,47.1,47.7,43.3,45.4,41.6,40.6,40.6,42.7,45.2,40.9
2306,39.7,38.4,37.1,45.7,46.7,49.5,48.8,46.2,48.0,47.5,48.8,49.3,48.5,47.7,48.2,49.0,46.0,42.7,48.0,48.2,46.8,47.6,49.2,45.3,44.2,46.8,49.7,46.8,45.3,49.1,47.6,48.3,41.1,42.5,43.3,42.4,45.9,37.8,46.9,40.2,48.4,41.9,42.7,43.2,41.8,39.9,40.4,38.4,42.8,37.6,44.4,42.8,43.5,38.2,41.8,41.1,42.1,44.2,43.6,42.3,43.9,42.2,43.5,38.8,44.5,40.5,39.2,48.5,49.8,47.9,42.8,43.6,39.5,44.1,40.5,38.4,49.2,46.3,46.9,42.3,44.6,40.6,40.4,40.0,41.6,44.5,40.1
2307,38.7,37.3,36.4,44.7,45.8,48.7,48.2,45.6,47.4,46.9,48.0,48.5,47.8,47.1,47.6,48.4,45.2,41.6,47.5,47.6,46.0,46.9,48.5,44.5,43.3,46.3,49.1,46.1,44.6,48.4,46.7,47.6,40.2,42.1,42.6,41.6,44.7,37.1,45.9,39.2,47.3,41.2,41.7,42.2,40.3,39.3,38.7,37.4,41.2,36.6,43.1,41.6,42.1,37.4,41.2,40.2,41.5,43.5,42.8,41.1,43.1,41.4,42.4,37.7,43.8,39.7,38.4,47.8,49.1,47.2,41.5,42.2,38.3,42.9,38.8,37.3,48.5,45.6,46.4,41.4,43.7,39.6,39.7,39.5,40.9,43.7,39.5
2308,37.6,36.6,35.9,43.7,45.1,48.1,47.6,45.0,46.7,46.3,47.3,47.8,47.0,46.4,46.9,47.7,44.8,40.8,46.9,46.8,45.5,46.1,48.0,43.8,42.5,45.5,48.3,45.4,44.0,47.8,46.2,46.9,39.5,41.4,41.9,40.9,43.6,36.3,45.3,37.9,46.3,40.6,40.8,41.2,39.2,38.2,38.0,36.5,39.8,35.5,42.1,40.7,40.6,36.4,40.3,39.2,40.7,42.9,41.9,40.4,42.5,40.5,41.6,36.5,43.1,38.7,37.5,47.1,48.3,46.6,40.1,41.3,37.1,41.9,38.0,36.0,48.0,45.0,45.8,40.7,43.1,38.8,39.2,38.9,40.2,43.1,39.2
2309,36.7,36.0,35.4,42.8,44.6,47.5,46.8,44.3,46.0,45.6,46.9,47.2,46.6,45.6,46.4,46.9,44.1,40.1,46.3,46.3,44.9,45.6,47.4,42.9,41.9,44.9,47.7,44.9,43.4,47.3,45.6,46.2,38.9,40.8,41.4,40.4,42.8,35.6,44.4,36.8,45.3,40.3,39.9,40.4,38.4,37.2,37.1,35.7,38.8,34.9,41.3,39.9,39.2,35.7,39.8,38.6,40.3,42.6,41.3,39.7,41.9,39.7,41.0,35.2,42.4,37.8,36.8,46.5,47.7,46.0,38.6,40.5,36.1,41.0,37.1,35.0,47.6,44.3,45.2,40.0,42.3,37.9,38.8,38.5,39.4,42.5,38.5
2310,36.5,35.9,35.6,41.8,43.9,47.0,46.5,43.7,45.7,45.0,46.5,46.6,46.0,45.0,45.9,46.6,43.7,40.1,46.1,46.2,44.4,45.1,47.1,42.2,41.4,44.2,47.1,44.4,43.0,46.9,45.0,45.8,38.4,40.3,41.0,40.0,42.9,35.3,43.5,36.1,44.3,40.5,39.4,39.7,38.0,37.0,36.4,35.9,38.6,34.0,40.4,39.6,38.3,35.6,39.2,39.0,39.7,42.3,40.8,39.7,41.7,38.9,41.1,34.8,41.8,37.8,36.1,45.9,47.1,45.7,37.3,39.4,35.5,40.3,37.1,34.3,47.4,44.0,44.6,39.3,41.4,37.1,38.2,38.7,38.8,42.0,38.1
2311,41.5,39.7,39.8,41.9,44.7,47.5,47.3,44.9,47.3,46.2,48.7,47.8,48.5,45.9,46.8,47.9,45.4,44.4,48.5,49.3,45.7,46.4,48.3,42.8,41.7,45.1,47.8,45.3,44.5,48.4,46.0,47.7,39.5,41.3,41.9,41.5,47.4,39.0,43.5,41.6,46.3,45.6,39.9,42.3,41.6,41.6,39.6,41.1,45.5,35.5,41.7,41.8,41.7,39.4,39.8,42.2,40.6,43.4,40.8,42.8,44.0,39.0,44.7,40.4,42.9,42.4,38.8,46.6,49.4,48.2,40.7,39.4,40.0,42.9,42.8,35.6,49.9,46.2,45.9,39.9,41.9,37.2,39.1,41.0,39.5,43.1,39.8
2312,46.8,44.0,44.9,46.4,48.1,49.9,50.1,48.4,50.1,49.1,51.6,50.7,52.0,48.6,49.8,50.5,49.1,48.3,51.6,52.4,49.1,49.2,51.2,45.9,45.3,48.6,50.2,48.6,47.6,51.4,49.1,50.5,42.5,44.6,44.6,44.8,52.6,43.5,47.7,47.0,49.7,50.5,43.5,46.4,46.1,46.9,44.0,46.2,52.2,41.0,48.5,45.2,47.9,43.7,42.0,46.1,44.0,46.3,43.3,46.1,46.3,42.5,48.7,46.7,45.2,47.1,43.0,49.1,52.3,51.2,47.2,44.9,44.8,48.6,47.8,41.7,53.0,49.0,48.9,43.9,45.7,40.8,42.7,43.7,42.4,46.3,43.3
2313,51.4,48.0,49.2,51.5,51.5,53.0,53.2,51.9,52.8,51.8,54.3,53.6,55.0,51.2,52.9,53.1,52.5,51.3,54.5,54.9,52.4,52.1,54.2,49.3,49.3,52.2,53.0,52.1,50.7,54.3,52.4,53.1,45.8,48.2,47.5,48.0,57.0,46.8,52.7,51.0,53.2,54.4,48.0,49.8,50.9,51.3,49.1,49.8,57.1,46.2,53.8,48.9,54.0,47.5,44.8,49.8,46.9,49.0,46.5,49.3,48.9,46.7,52.2,51.3,48.1,50.8,46.5,51.7,55.2,53.8,52.9,51.2,49.5,52.5,51.6,46.6,55.9,51.8,51.7,48.3,49.7,45.0,45.5,46.1,45.9,49.7,46.7
2314,55.3,51.1,52.5,55.9,54.8,55.7,56.2,55.3,55.2,54.3,56.8,56.2,57.4,53.6,55.9,55.3,55.4,54.1,56.9,57.1,55.4,54.6,57.0,52.4,52.9,55.4,55.8,55.3,53.5,56.6,55.4,55.6,49.0,51.5,50.3,50.8,60.6,49.9,57.1,54.3,56.7,57.0,51.9,52.8,54.9,54.7,53.5,52.9,60.7,50.4,57.7,52.3,59.0,50.8,47.4,52.7,49.3,51.6,49.3,52.0,51.3,50.3,55.1,54.8,50.9,53.8,49.5,54.1,57.5,56.0,57.7,55.7,53.8,55.5,54.7,50.4,58.1,54.1,54.3,51.7,53.1,49.0,48.1,48.0,48.9,52.9,49.9
2315,58.7,53.7,55.0,59.3,57.7,58.3,58.8,57.9,57.5,56.5,58.9,58.3,59.2,55.8,58.5,57.4,57.9,56.6,58.9,59.0,57.8,56.7,59.4,54.8,56.0,58.1,57.9,57.9,55.9,58.6,57.9,57.7,51.8,54.1,52.8,53.5,63.4,52.6,60.8,57.1,59.5,59.4,55.4,55.5,58.4,57.3,57.0,55.4,63.6,53.6,60.5,55.1,62.7,53.3,49.3,55.0,51.2,53.5,51.6,53.9,53.7,53.3,57.6,57.3,53.6,56.2,52.1,56.2,59.7,58.1,60.8,59.2,57.2,58.0,57.2,53.5,59.9,56.3,56.6,54.8,56.1,52.5,50.6,49.7,51.5,55.3,52.3
2316,61.6,55.6,56.5,62.3,60.0,60.6,61.1,60.0,59.2,58.2,60.5,60.1,61.0,57.5,60.7,59.2,59.9,58.5,60.5,60.4,59.7,58.4,61.4,57.0,58.7,60.5,59.7,59.8,57.9,60.2,59.8,59.4,53.8,56.1,54.7,55.4,65.8,54.6,63.7,59.5,62.2,61.2,58.1,57.7,61.0,59.2,59.6,57.6,65.7,55.9,62.5,57.4,65.5,55.5,50.7,56.8,52.5,54.8,53.8,55.7,55.4,55.6,59.6,59.3,56.2,58.1,54.1,57.9,61.5,59.9,63.4,61.8,59.8,60.0,59.3,55.5,61.3,58.1,58.5,57.3,58.4,55.3,52.3,51.1,53.7,57.3,54.5
2317,63.5,56.9,58.0,64.5,61.8,62.5,62.9,61.6,60.6,59.7,61.7,61.6,62.3,59.1,62.4,60.6,61.2,60.1,61.7,61.6,61.4,60.0,63.2,58.9,60.8,62.3,61.0,61.5,59.4,61.6,61.4,60.7,55.5,57.7,56.2,57.0,67.4,56.2,66.0,61.1,64.3,62.6,60.0,59.2,63.1,60.9,61.6,59.0,67.3,57.7,63.8,58.8,67.5,57.1,51.7,58.1,53.5,56.0,55.4,56.9,57.1,57.5,61.3,60.6,58.3,59.3,56.1,59.4,63.1,61.3,65.1,63.9,62.0,61.7,60.7,57.1,62.5,59.4,59.9,59.4,60.4,57.5,53.9,52.1,55.6,58.8,56.1
2318,64.8,58.1,58.9,66.2,63.0,63.8,64.4,62.8,61.6,60.7,62.8,62.7,63.3,60.2,63.8,61.5,62.6,61.0,62.7,62.3,62.4,60.9,64.1,60.2,62.4,63.7,62.2,62.7,60.5,62.4,62.5,61.7,56.8,58.8,57.6,58.0,68.5,57.1,67.5,62.4,65.7,63.6,61.9,60.4,64.4,61.9,63.0,59.7,68.2,59.0,64.7,59.9,68.9,58.2,52.5,58.9,54.2,56.6,56.6,57.7,57.8,58.7,62.2,61.7,59.6,60.0,57.3,60.4,64.2,62.2,66.4,65.7,63.2,63.0,61.9,58.0,63.1,60.2,60.9,61.2,61.7,59.0,54.8,52.6,56.8,59.8,57.1
2319,64.8,58.2,59.4,67.2,63.7,64.5,65.0,63.4,62.0,61.1,63.0,63.3,63.7,60.7,64.3,62.3,62.9,61.3,63.0,62.4,63.0,61.5,64.8,60.8,63.6,64.4,62.6,63.2,61.0,62.9,63.1,61.9,57.7,59.3,58.2,58.4,68.8,57.2,68.2,62.6,66.6,63.9,63.0,61.0,64.9,62.2,63.5,60.0,68.3,59.9,65.0,60.2,69.3,58.4,52.8,59.3,54.5,57.1,57.4,58.0,57.9,59.6,62.5,61.9,60.4,60.2,57.9,61.1,64.5,62.7,66.8,66.4,63.7,63.5,62.3,58.2,63.4,60.7,61.7,62.1,62.6,59.8,55.3,52.6,57.7,60.4,57.7
2320,64.2,57.8,58.5,67.4,63.7,64.6,65.0,63.2,61.9,61.0,62.9,63.5,63.6,60.7,64.3,62.2,62.9,60.9,62.7,62.2,62.9,61.5,64.6,60.8,63.6,64.3,62.5,63.1,61.2,62.9,63.1,61.7,57.8,59.4,58.2,58.5,68.4,56.4,68.4,62.2,66.8,63.2,63.3,61.1,64.6,61.4,63.4,59.4,67.6,59.5,64.9,59.6,68.8,58.1,53.0,59.2,54.5,57.0,57.5,58.1,57.7,59.7,62.5,61.8,60.3,59.8,57.5,61.0,64.2,62.7,66.4,66.8,63.6,63.5,62.1,58.0,63.1,60.5,61.4,62.3,62.7,60.1,55.2,51.9,57.8,60.4,57.7
2321,62.6,56.3,57.1,66.9,63.1,64.0,64.1,62.5,61.0,60.2,62.0,63.2,62.9,60.1,63.3,61.4,62.1,59.6,61.6,61.2,62.2,60.8,63.8,60.0,62.7,63.4,61.9,62.3,60.5,62.3,62.4,60.7,57.1,58.8,57.7,57.6,67.1,54.9,67.7,61.1,66.4,61.6,62.6,60.5,63.2,59.5,62.4,58.0,65.9,58.5,63.9,58.0,67.5,56.9,52.5,58.2,53.9,56.2,57.3,57.0,56.8,59.5,61.4,60.7,59.4,58.8,56.2,60.4,63.4,61.9,65.3,66.5,62.2,63.0,60.9,56.9,62.1,59.5,60.6,61.5,62.0,59.6,54.4,50.9,57.2,59.5,56.8
2322,59.0,52.9,53.0,65.2,61.0,62.3,62.4,60.6,59.0,58.6,60.1,61.9,60.8,58.8,61.4,59.7,60.3,57.0,59.5,58.9,60.3,58.8,62.0,58.3,60.8,61.6,60.6,60.2,58.6,60.6,60.8,58.8,55.3,56.9,56.3,56.2,63.8,52.1,66.0,58.6,64.9,57.9,60.9,58.6,59.9,56.1,60.4,55.3,62.4,57.1,61.9,55.7,65.1,52.8,51.4,56.1,52.9,55.1,56.3,54.7,54.8,58.3,58.8,58.2,57.6,56.7,53.8,59.1,61.5,60.0,62.8,65.0,59.5,61.5,58.3,54.8,60.0,57.5,58.9,59.9,60.1,58.1,52.7,49.1,55.7,57.8,55.4
2323,53.3,48.6,47.2,61.1,57.4,59.4,59.2,57.1,56.3,55.4,57.3,59.4,57.4,56.3,58.0,56.9,56.3,52.8,57.0,55.9,56.8,55.8,58.4,54.6,56.3,57.7,58.5,56.8,55.1,57.4,57.5,55.6,51.9,53.3,53.4,53.1,58.1,47.9,61.9,53.9,62.0,51.8,56.7,54.6,55.1,51.4,56.3,51.1,57.9,52.8,58.4,53.0,60.9,47.6,49.1,52.6,50.3,52.2,54.3,50.7,52.3,55.7,54.5,53.6,55.0,53.0,49.4,56.7,58.4,56.9,58.2,61.1,54.8,57.3,53.6,50.7,57.3,54.5,55.4,55.8,55.5,54.4,49.2,47.1,52.5,54.4,51.2
2324,50.3,45.8,44.4,56.4,54.5,56.5,56.4,53.5,54.6,53.4,55.5,57.0,55.4,54.2,55.3,55.0,52.7,50.1,54.9,54.1,53.7,53.8,56.0,51.8,51.7,53.8,56.7,53.9,52.3,54.9,54.7,53.7,48.7,50.3,50.6,49.6,54.9,45.6,57.2,50.6,59.2,48.9,51.9,50.9,52.0,48.7,52.9,48.3,55.5,47.9,55.1,51.0,55.9,45.0,47.1,49.9,48.1,50.3,51.7,48.6,50.2,51.7,51.6,50.1,52.4,50.3,47.1,55.0,56.3,54.6,54.1,54.9,51.3,53.3,50.8,47.1,55.4,52.7,53.1,50.8,51.6,50.3,44.8,45.6,49.5,51.6,47.5
2325,48.3,44.2,42.6,53.3,52.3,55.1,54.8,51.4,53.0,52.3,54.0,55.0,54.0,52.6,53.6,53.7,50.8,48.2,53.3,52.7,51.9,52.4,54.3,50.3,49.5,51.9,55.2,52.1,50.5,53.6,52.8,52.5,46.6,48.3,48.8,47.8,52.7,43.7,54.3,47.9,57.2,47.0,49.7,48.9,50.0,46.6,50.0,46.2,53.2,45.5,52.5,49.6,52.6,43.4,45.9,47.9,46.5,48.9,49.6,47.3,48.6,49.1,49.7,47.8,50.9,48.1,45.4,53.5,54.9,53.0,51.5,52.2,48.6,51.1,48.9,45.4,54.2,51.3,51.6,48.3,49.5,47.7,43.0,44.4,47.4,49.8,45.3
2326,46.1,42.9,41.6,51.3,50.6,53.6,53.4,49.7,52.0,51.0,52.7,53.5,52.7,51.4,52.1,52.6,49.3,46.8,51.8,51.7,50.7,51.1,52.9,48.8,48.1,50.5,54.0,50.6,48.9,52.4,51.4,51.4,45.3,46.6,47.4,46.3,50.3,42.4,52.1,45.9,55.4,45.7,47.7,47.4,48.1,44.8,47.6,44.2,51.3,43.9,50.6,48.0,50.2,42.2,45.0,46.1,45.2,47.5,47.8,46.1,47.5,47.3,48.1,45.4,49.3,46.1,43.9,52.3,53.4,51.9,49.2,49.7,46.2,49.5,47.0,44.0,53.1,50.1,50.5,46.6,48.2,45.8,42.1,43.2,45.9,48.4,43.7
2327,44.4,41.6,40.4,49.6,49.5,52.2,51.8,48.5,51.0,50.0,51.6,52.2,51.6,50.3,50.8,51.5,48.2,46.0,50.8,50.8,49.4,50.2,51.8,47.8,46.7,49.3,52.7,49.5,47.8,51.7,50.2,50.4,44.1,45.2,46.2,44.9,48.8,41.2,50.7,44.4,53.6,44.6,46.1,46.5,46.3,43.6,45.5,42.5,49.1,42.1,48.6,46.6,48.3,41.2,44.2,44.4,44.4,46.7,46.6,45.3,46.1,45.9,46.5,43.3,47.9,44.5,42.6,51.2,52.4,50.8,47.5,47.8,44.1,48.1,44.9,42.7,51.9,49.0,49.4,45.4,47.0,44.3,41.4,42.4,44.7,47.1,42.6
2328,43.0,40.3,39.3,48.0,48.5,51.1,50.5,47.6,50.1,49.0,50.6,51.2,50.5,49.4,49.8,50.7,47.3,44.8,49.9,49.8,48.4,49.1,50.7,46.8,45.7,48.3,51.5,48.5,46.6,50.5,49.2,49.7,43.1,44.2,45.1,43.7,47.7,39.8,49.3,43.0,51.6,43.7,44.8,45.2,44.8,42.4,43.7,40.8,46.7,40.4,47.0,45.2,46.9,40.2,43.5,43.3,43.7,45.8,45.3,44.3,45.4,44.5,45.4,41.7,46.7,43.0,41.3,50.2,51.5,49.8,46.0,46.4,42.3,46.7,43.3,41.1,51.2,47.8,48.5,44.3,46.3,42.9,40.9,41.6,43.6,46.1,41.6
2329,41.2,39.3,38.1,46.8,47.6,50.2,49.6,46.7,49.1,48.1,49.6,50.1,49.4,48.4,49.0,49.8,46.4,43.6,48.8,49.0,47.5,48.3,49.8,46.2,45.0,47.6,50.6,47.6,45.9,49.7,48.2,49.0,42.2,43.2,44.1,42.9,46.7,38.9,48.3,41.6,50.2,42.6,43.7,44.2,43.4,41.3,42.2,39.6,44.9,39.0,45.7,43.9,45.3,39.2,42.7,42.2,42.9,45.2,44.4,43.4,44.5,43.4,44.4,40.2,45.4,41.6,40.3,49.2,50.5,48.8,44.6,45.1,41.0,45.6,42.0,39.7,50.1,47.1,47.5,43.3,45.5,41.8,40.5,40.9,42.9,45.1,40.7
2330,39.9,38.6,37.4,45.7,46.7,49.5,48.8,46.2,48.1,47.4,48.6,49.3,48.3,47.6,48.1,48.8,45.8,42.9,47.9,48.3,46.8,47.4,49.0,45.3,44.2,46.8,49.7,46.8,45.1,48.9,47.5,48.3,41.3,42.3,43.2,42.2,45.9,38.1,47.0,40.4,48.7,42.1,42.7,43.4,42.0,40.2,40.6,38.5,42.9,37.8,44.4,42.7,43.8,38.3,41.9,41.2,42.2,44.3,43.6,42.4,43.9,42.3,43.6,38.9,44.4,40.5,39.2,48.5,49.6,48.0,42.9,43.8,39.5,44.3,40.4,38.6,49.1,46.3,46.8,42.3,44.6,40.7,40.3,40.3,41.8,44.3,40.0
2331,39.0,37.5,36.6,44.8,45.9,48.7,48.1,45.5,47.3,46.8,47.8,48.4,47.6,46.9,47.6,48.2,45.0,41.8,47.3,47.6,46.0,46.6,48.3,44.5,43.4,46.3,49.0,46.1,44.4,48.2,46.6,47.5,40.3,42.0,42.5,41.5,44.7,37.3,46.0,39.4,47.7,41.4,41.7,42.4,40.6,39.7,39.0,37.4,41.3,36.7,43.1,41.5,42.3,37.4,41.3,40.3,41.6,43.6,42.8,41.3,43.1,41.5,42.6,37.8,43.7,39.9,38.5,47.8,48.9,47.2,41.6,42.4,38.3,43.3,38.8,37.5,48.4,45.5,46.3,41.4,43.7,39.7,39.6,39.8,41.1,43.5,39.3
2332,38.0,36.8,36.1,43.8,45.2,48.0,47.5,44.9,46.7,46.1,47.2,47.7,46.8,46.2,46.8,47.5,44.6,41.0,46.8,46.9,45.3,45.9,47.8,43.8,42.7,45.5,48.3,45.3,43.8,47.7,46.1,46.7,39.7,41.3,41.9,40.8,43.5,36.5,45.3,38.1,46.5,40.7,40.9,41.4,39.6,38.6,38.2,36.5,39.9,35.7,42.1,40.6,40.8,36.4,40.4,39.4,40.9,43.0,41.9,40.6,42.5,40.6,41.8,36.5,42.9,38.9,37.5,47.0,48.1,46.6,40.3,41.5,37.2,42.2,37.9,36.2,47.8,44.9,45.6,40.7,43.1,38.9,39.1,39.2,40.3,42.9,39.0
2333,37.1,36.2,35.6,43.0,44.6,47.4,46.8,44.2,46.0,45.6,46.7,46.9,46.3,45.4,46.3,46.8,43.9,40.3,46.1,46.4,44.7,45.3,47.2,43.0,42.0,44.9,47.6,44.7,43.2,47.1,45.5,46.0,39.1,40.7,41.3,40.3,42.8,35.9,44.5,37.0,45.5,40.4,40.0,40.6,38.8,37.5,37.3,35.8,38.8,35.1,41.3,39.8,39.4,35.7,39.8,38.8,40.4,42.7,41.2,39.9,41.9,39.8,41.1,35.2,42.3,37.9,36.8,46.4,47.4,46.0,38.8,40.8,36.3,41.3,37.0,35.2,47.4,44.3,45.0,40.0,42.3,38.0,38.7,38.7,39.6,42.3,38.3
2334,36.9,36.3,35.9,42.2,43.9,46.9,46.5,43.6,45.6,44.9,46.4,46.3,45.7,44.8,45.8,46.4,43.5,40.3,45.9,46.3,44.2,44.9,46.9,42.3,41.5,44.2,46.9,44.3,42.8,46.7,44.8,45.6,38.6,40.2,40.9,39.8,43.0,35.5,43.6,36.4,44.4,40.7,39.5,39.8,38.5,37.3,36.5,36.1,38.6,34.1,40.5,39.6,38.6,35.8,39.2,39.1,39.8,42.4,40.7,40.1,41.8,39.0,41.1,34.9,41.7,38.0,36.1,45.7,46.9,45.7,37.5,39.7,35.7,40.6,37.1,34.5,47.2,44.0,44.4,39.3,41.5,37.1,38.2,39.0,39.0,41.8,38.1
2335,41.9,40.2,40.3,42.4,44.9,47.5,47.3,45.1,47.4,46.2,48.7,47.6,48.4,45.7,46.8,47.8,45.3,44.6,48.4,49.4,45.7,46.3,48.3,43.0,41.8,45.3,47.7,45.3,44.4,48.3,46.0,47.7,39.7,41.5,42.0,41.6,47.4,39.4,43.7,42.0,46.5,45.8,40.0,42.5,42.1,42.0,39.9,41.2,45.6,35.7,41.9,41.8,42.1,39.7,39.8,42.4,40.6,43.5,40.7,43.0,44.2,39.2,44.9,40.6,42.9,42.6,38.9,46.5,49.3,48.3,41.1,39.8,40.3,43.3,42.8,35.9,49.8,46.2,45.8,40.0,42.1,37.3,39.1,41.4,39.7,43.0,40.0
2336,47.2,44.5,45.3,46.8,48.3,50.0,50.3,48.5,50.2,49.1,51.7,50.6,52.0,48.5,50.0,50.5,49.1,48.4,51.7,52.7,49.2,49.1,51.3,46.1,45.3,48.7,50.2,48.7,47.6,51.4,49.1,50.5,42.8,44.9,44.8,45.0,52.6,43.9,47.9,47.3,50.0,50.7,43.6,46.6,46.7,47.3,44.3,46.1,52.2,41.2,48.7,45.2,48.2,44.0,42.0,46.3,43.9,46.3,43.3,46.2,46.4,42.7,48.9,46.7,45.2,47.3,43.1,49.0,52.3,51.3,47.5,45.3,45.1,48.9,47.8,41.8,53.1,49.1,48.9,44.0,45.9,41.0,42.6,44.1,42.6,46.3,43.5
2337,51.7,48.5,49.7,51.9,51.7,53.3,53.4,52.1,53.0,51.8,54.4,53.6,55.0,51.2,53.1,53.1,52.5,51.3,54.7,55.1,52.4,52.0,54.3,49.6,49.4,52.3,53.0,52.2,50.7,54.3,52.4,53.2,46.1,48.5,47.7,48.2,56.9,47.1,52.8,51.2,53.5,54.7,48.2,49.8,51.4,51.5,49.3,49.7,57.0,46.3,53.7,49.0,54.2,47.9,44.6,49.9,46.8,48.8,46.4,49.3,48.9,46.8,52.3,51.3,48.1,50.9,46.6,51.6,55.2,53.9,53.3,51.4,49.8,52.8,51.5,46.7,56.1,52.0,51.7,48.6,49.9,45.4,45.4,46.5,46.1,49.8,47.0
2338,55.7,51.5,52.9,56.2,55.0,55.8,56.3,55.5,55.4,54.3,56.9,56.2,57.4,53.5,56.1,55.3,55.5,54.1,57.0,57.4,55.4,54.5,57.1,52.6,53.1,55.6,55.8,55.4,53.5,56.6,55.4,55.7,49.3,51.8,50.5,51.1,60.6,50.2,57.3,54.6,56.9,57.4,52.0,52.9,55.4,55.0,53.7,52.8,60.7,50.4,57.7,52.4,59.2,51.2,47.2,52.7,49.1,51.4,49.1,52.0,51.3,50.3,55.1,54.8,50.8,53.8,49.4,54.0,57.5,56.1,58.1,55.9,54.2,55.7,54.6,50.4,58.2,54.3,54.3,52.1,53.3,49.5,48.1,48.4,49.2,52.9,50.2
2339,59.1,54.1,55.4,59.7,58.0,58.4,58.9,58.1,57.6,56.5,58.9,58.3,59.3,55.8,58.7,57.4,58.0,56.6,59.1,59.2,57.9,56.6,59.5,55.1,56.2,58.2,58.0,58.0,55.9,58.5,58.0,57.7,52.2,54.3,53.0,53.7,63.5,52.9,60.9,57.4,59.7,59.8,55.5,55.6,58.9,57.6,57.3,55.4,63.6,53.6,60.5,55.1,62.9,53.7,49.1,55.1,51.0,53.3,51.5,54.0,53.7,53.2,57.6,57.2,53.5,56.1,52.0,56.2,59.6,58.2,61.2,59.5,57.6,58.1,57.1,53.4,60.0,56.5,56.6,55.1,56.4,53.0,50.4,50.1,51.9,55.5,52.6
2340,62.0,56.1,56.9,62.7,60.2,60.7,61.2,60.3,59.3,58.3,60.6,60.1,61.1,57.6,60.9,59.2,59.9,58.5,60.6,60.7,59.9,58.3,61.4,57.3,58.9,60.6,59.7,60.0,57.8,60.2,60.0,59.4,54.3,56.3,54.9,55.6,65.8,54.9,63.9,59.7,62.5,61.6,58.4,57.7,61.6,59.5,59.9,57.4,65.7,56.0,62.5,57.4,65.5,55.9,50.5,56.8,52.3,54.6,53.7,55.7,55.4,55.6,59.7,59.2,56.0,58.0,54.1,57.9,61.4,59.9,63.6,62.1,60.2,60.1,59.2,55.4,61.4,58.3,58.6,57.7,58.7,55.7,52.1,51.5,54.1,57.5,54.7
2341,63.9,57.4,58.4,65.0,62.1,62.5,63.0,61.9,60.8,59.8,61.7,61.6,62.4,59.1,62.6,60.6,61.3,60.1,61.7,61.8,61.6,59.9,63.3,59.2,61.1,62.4,61.1,61.7,59.5,61.5,61.6,60.8,55.9,58.0,56.5,57.2,67.4,56.4,66.1,61.4,64.6,63.0,60.4,59.2,63.7,61.2,61.9,58.9,67.4,57.7,63.8,58.8,67.5,57.6,51.5,58.1,53.3,55.8,55.3,56.9,56.9,57.4,61.3,60.5,58.1,59.2,56.0,59.4,63.1,61.4,65.3,64.2,62.4,61.8,60.7,57.0,62.6,59.6,60.0,59.9,60.7,57.9,53.7,52.5,56.0,59.1,56.4
2342,65.2,58.6,59.2,66.7,63.3,64.0,64.5,63.1,61.7,60.9,62.8,62.7,63.3,60.3,64.0,61.6,62.7,61.1,62.8,62.5,62.7,60.9,64.1,60.5,62.7,63.9,62.3,62.9,60.6,62.5,62.7,61.7,57.2,59.2,57.9,58.3,68.6,57.3,67.6,62.7,66.0,64.0,62.3,60.4,65.0,62.2,63.2,59.8,68.2,59.0,64.6,59.9,68.9,58.5,52.2,58.9,54.0,56.4,56.6,57.7,57.7,58.7,62.3,61.7,59.4,60.0,57.2,60.5,64.2,62.3,66.7,66.0,63.6,63.0,61.8,57.9,63.3,60.4,61.0,61.5,62.0,59.4,54.7,53.0,57.3,60.1,57.5
2343,65.3,58.6,59.8,67.6,64.0,64.7,65.2,63.8,62.2,61.3,63.1,63.4,63.7,60.9,64.4,62.3,63.1,61.2,63.0,62.7,63.2,61.6,64.8,61.1,63.9,64.5,62.8,63.4,61.2,63.0,63.3,61.9,58.1,59.8,58.6,58.9,69.0,57.4,68.3,62.9,66.9,64.2,63.4,61.0,65.4,62.5,63.6,59.9,68.3,59.8,65.0,60.2,69.2,58.7,52.6,59.3,54.2,56.8,57.3,57.9,58.0,59.5,62.5,61.9,60.3,60.2,57.8,61.2,64.5,62.8,67.1,66.9,64.1,63.5,62.3,58.2,63.5,60.9,61.8,62.4,62.8,60.2,55.2,52.9,58.1,60.7,58.2
2344,64.5,58.3,58.9,67.9,63.9,64.8,65.1,63.6,62.1,61.3,63.0,63.6,63.7,60.8,64.5,62.3,63.1,60.8,62.8,62.4,63.2,61.6,64.7,61.1,63.9,64.4,62.7,63.3,61.4,63.0,63.3,61.8,58.2,59.9,58.7,58.9,68.5,56.6,68.5,62.5,67.1,63.6,63.7,61.0,65.1,61.7,63.6,59.3,67.5,59.4,64.8,59.7,68.7,58.4,52.8,59.1,54.3,56.8,57.5,58.1,57.8,59.6,62.4,61.7,60.2,59.8,57.5,61.2,64.2,62.8,66.6,67.2,63.9,63.5,62.0,57.9,63.1,60.7,61.6,62.6,62.9,60.4,55.1,52.3,58.2,60.7,58.3
2345,62.9,56.7,57.4,67.4,63.3,64.1,64.2,62.8,61.2,60.5,62.1,63.3,62.9,60.3,63.4,61.5,62.3,59.6,61.7,61.5,62.4,60.9,64.0,60.2,63.0,63.6,62.2,62.6,60.8,62.4,62.7,60.8,57.6,59.2,58.2,58.0,67.2,55.1,67.8,61.4,66.7,61.9,63.0,60.4,63.7,59.7,62.4,57.9,65.8,58.5,63.9,58.0,67.5,57.2,52.4,58.2,53.7,56.0,57.3,57.0,56.9,59.4,61.3,60.7,59.4,58.8,56.2,60.7,63.4,62.0,65.5,66.9,62.4,62.9,60.9,56.9,62.1,59.7,60.8,61.8,62.2,60.0,54.3,51.3,57.5,59.9,57.4
2346,59.5,53.4,53.3,65.6,61.3,62.5,62.6,60.9,59.3,58.9,60.2,62.0,60.9,59.0,61.6,59.9,60.6,57.1,59.7,59.2,60.6,59.0,62.2,58.5,61.2,61.7,60.8,60.5,58.9,60.7,61.1,58.9,55.7,57.3,56.7,56.6,64.0,52.3,66.2,58.9,65.2,58.2,61.4,58.5,60.3,56.4,60.4,55.2,62.4,57.0,61.9,55.7,65.1,53.2,51.2,56.2,52.8,54.8,56.4,54.8,55.0,58.3,58.8,58.2,57.6,56.8,53.9,59.4,61.6,60.1,62.9,65.4,59.7,61.5,58.4,54.7,60.1,57.7,59.2,60.2,60.3,58.5,52.7,49.5,56.0,58.2,55.9
2347,53.7,49.0,47.7,61.6,57.8,59.6,59.5,57.5,56.6,55.8,57.5,59.5,57.5,56.6,58.2,57.1,56.7,52.9,57.1,56.1,57.1,56.1,58.6,55.0,56.8,58.0,58.8,57.1,55.4,57.6,57.8,55.7,52.4,53.8,53.9,53.6,58.3,48.2,62.1,54.1,62.4,52.2,57.2,54.5,55.5,51.6,56.3,51.1,58.0,52.7,58.4,53.1,60.9,48.0,49.0,52.7,50.1,52.0,54.4,50.8,52.5,55.7,54.6,53.6,54.9,53.1,49.5,56.9,58.5,56.9,58.3,61.6,55.1,57.4,53.7,50.7,57.4,54.7,55.8,56.2,55.9,54.8,49.3,47.5,53.0,54.8,51.7
2348,50.6,46.3,44.7,56.8,54.9,56.8,56.7,54.0,54.8,53.7,55.5,57.2,55.5,54.5,55.5,55.3,53.2,50.2,55.0,54.1,54.2,54.1,56.3,52.1,52.2,54.3,57.1,54.3,52.7,55.1,55.1,53.9,49.2,50.8,51.1,50.1,55.0,45.9,57.5,50.9,59.5,49.3,52.3,50.9,52.4,48.9,53.0,48.4,55.6,47.9,55.0,51.1,55.8,45.3,47.0,50.1,48.0,50.2,51.8,48.8,50.4,51.7,51.8,50.3,52.3,50.4,47.1,55.2,56.4,54.7,54.1,55.3,51.6,53.3,50.9,47.1,55.6,52.9,53.4,51.2,52.1,50.7,44.9,46.0,49.9,52.0,48.1
2349,48.6,44.6,42.9,53.8,52.8,55.3,55.1,52.0,53.3,52.8,54.1,55.2,54.1,52.9,53.9,54.0,51.3,48.4,53.4,52.8,52.4,52.6,54.6,50.7,49.9,52.4,55.6,52.5,50.9,53.8,53.2,52.7,47.1,48.8,49.3,48.4,52.9,44.0,54.5,48.3,57.5,47.3,50.1,48.8,50.4,46.8,50.0,46.2,53.4,45.5,52.4,49.7,52.5,43.7,45.8,48.0,46.4,48.8,49.7,47.4,48.8,49.1,49.8,47.9,50.8,48.2,45.3,53.8,55.0,53.1,51.6,52.6,49.0,51.0,49.0,45.4,54.3,51.6,51.9,48.7,50.0,48.1,43.1,44.7,47.9,50.2,45.8
2350,46.3,43.1,41.9,51.8,51.1,53.9,53.7,50.3,52.4,51.5,52.7,53.8,52.8,51.8,52.5,52.9,49.8,47.0,51.9,51.8,51.2,51.5,53.3,49.4,48.5,51.0,54.4,51.0,49.3,52.7,51.8,51.6,45.8,47.2,47.9,46.8,50.6,42.5,52.4,46.1,55.6,45.9,48.1,47.3,48.4,44.9,47.6,44.3,51.5,43.8,50.5,48.1,50.1,42.6,44.9,46.3,45.2,47.4,47.9,46.2,47.7,47.3,48.3,45.5,49.2,46.1,43.9,52.6,53.6,52.0,49.2,50.1,46.6,49.3,47.1,44.0,53.1,50.3,50.9,47.0,48.7,46.2,42.2,43.4,46.5,48.8,44.3
2351,44.6,41.9,40.7,50.0,50.0,52.6,52.2,49.1,51.4,50.4,51.6,52.5,51.7,50.7,51.2,51.8,48.7,46.1,50.9,51.0,50.0,50.6,52.2,48.3,47.2,49.7,53.0,50.0,48.3,51.9,50.6,50.6,44.6,45.7,46.7,45.5,49.2,41.3,50.9,44.6,53.8,44.9,46.5,46.4,46.7,43.7,45.5,42.7,49.3,42.0,48.5,46.6,48.1,41.6,44.2,44.5,44.4,46.6,46.6,45.4,46.3,45.9,46.7,43.5,47.9,44.6,42.5,51.6,52.6,51.0,47.6,48.3,44.5,48.0,45.0,42.6,52.0,49.3,49.8,45.9,47.5,44.7,41.5,42.6,45.2,47.6,43.2
2352,43.3,40.5,39.7,48.5,48.9,51.4,50.9,48.1,50.5,49.4,50.7,51.5,50.7,49.7,50.2,51.0,47.8,44.9,50.1,50.0,48.9,49.4,51.2,47.4,46.2,48.8,51.9,49.0,47.1,50.9,49.6,49.9,43.6,44.7,45.6,44.3,47.9,40.0,49.6,43.3,51.7,43.8,45.2,45.1,45.3,42.6,43.6,40.9,46.9,40.3,46.8,45.3,46.8,40.5,43.5,43.5,43.7,45.8,45.4,44.4,45.5,44.6,45.6,41.9,46.7,43.1,41.2,50.6,51.7,50.0,46.0,46.7,42.7,46.5,43.4,41.0,51.2,48.2,48.9,44.9,46.7,43.4,41.1,41.8,44.1,46.6,42.2
2353,41.5,39.5,38.5,47.3,48.0,50.5,49.9,47.4,49.5,48.6,49.7,50.4,49.6,48.8,49.4,50.1,46.9,43.7,49.1,49.2,48.0,48.6,50.2,46.7,45.4,48.0,50.9,48.0,46.3,50.0,48.7,49.2,42.6,43.8,44.6,43.5,46.9,39.1,48.6,41.7,50.4,42.8,44.2,44.1,43.8,41.4,42.2,39.6,45.1,38.9,45.6,44.0,45.2,39.6,42.8,42.4,42.9,45.2,44.4,43.5,44.6,43.5,44.5,40.5,45.4,41.7,40.3,49.6,50.8,49.1,44.5,45.3,41.4,45.5,42.1,39.6,50.2,47.4,47.9,43.9,45.9,42.3,40.6,41.1,43.4,45.6,41.3
2354,40.2,38.7,37.7,46.2,47.1,49.7,49.0,46.7,48.5,47.9,48.9,49.6,48.6,48.0,48.5,49.3,46.3,42.9,48.2,48.6,47.3,47.6,49.5,45.8,44.7,47.2,50.0,47.1,45.5,49.2,48.0,48.5,41.7,42.9,43.8,42.8,46.1,38.2,47.3,40.5,48.8,42.3,43.1,43.4,42.4,40.3,40.6,38.5,43.2,37.8,44.3,42.8,43.7,38.6,41.9,41.4,42.3,44.3,43.6,42.4,44.0,42.4,43.8,39.1,44.3,40.6,39.3,48.8,49.9,48.3,42.8,44.0,40.0,44.1,40.5,38.5,49.3,46.6,47.2,42.8,45.1,41.1,40.4,40.4,42.3,44.8,40.6
2355,39.3,37.5,37.1,45.3,46.3,48.9,48.4,46.1,47.8,47.3,48.1,48.8,47.9,47.4,47.9,48.6,45.6,41.9,47.6,47.9,46.5,46.9,48.7,45.0,43.8,46.6,49.4,46.5,44.8,48.6,47.2,47.8,40.9,42.5,43.0,41.9,44.8,37.2,46.3,39.4,47.6,41.6,42.1,42.3,41.0,39.9,38.9,37.5,41.5,36.7,42.9,41.5,42.1,37.7,41.4,40.4,41.7,43.7,42.7,41.4,43.2,41.5,42.7,38.0,43.6,40.0,38.6,48.1,49.1,47.5,41.5,42.8,38.6,43.2,38.8,37.4,48.6,45.9,46.7,41.9,44.2,40.1,39.7,39.9,41.6,44.0,39.9
2356,38.4,36.8,36.4,44.3,45.7,48.3,47.8,45.5,47.2,46.7,47.5,48.1,47.2,46.6,47.1,47.9,45.1,41.0,47.1,47.2,45.9,46.2,48.1,44.3,43.1,45.8,48.7,45.8,44.2,48.0,46.6,47.0,40.2,41.9,42.4,41.2,43.7,36.5,45.7,38.1,46.4,40.9,41.2,41.3,39.9,38.8,38.1,36.7,40.2,35.7,42.0,40.7,40.7,36.8,40.5,39.5,40.9,43.1,41.9,40.6,42.6,40.6,41.8,36.7,42.9,39.0,37.5,47.4,48.3,46.9,40.3,41.8,37.5,42.2,37.9,36.1,48.1,45.2,46.1,41.2,43.5,39.3,39.2,39.3,40.9,43.5,39.6
2357,37.5,36.3,35.9,43.4,45.1,47.7,47.1,44.7,46.5,46.1,47.1,47.3,46.7,45.9,46.6,47.2,44.4,40.3,46.6,46.7,45.2,45.7,47.5,43.5,42.4,45.2,48.0,45.2,43.6,47.5,46.0,46.3,39.6,41.3,41.9,40.8,43.0,35.9,44.9,36.9,45.3,40.6,40.4,40.5,39.1,37.6,37.1,35.9,39.0,35.1,41.2,39.9,39.4,36.1,39.9,38.8,40.5,42.8,41.3,39.9,41.9,39.9,41.2,35.4,42.2,38.0,36.9,46.8,47.6,46.4,38.8,41.0,36.5,41.3,37.1,35.2,47.7,44.6,45.4,40.5,42.8,38.4,38.7,38.7,40.1,42.8,38.9
2358,37.3,36.3,36.3,42.5,44.4,47.2,46.8,44.2,46.1,45.4,46.8,46.8,46.2,45.2,46.1,46.8,44.1,40.4,46.4,46.7,44.8,45.3,47.2,42.8,41.8,44.6,47.4,44.8,43.2,47.0,45.4,46.1,39.1,40.8,41.4,40.4,43.2,35.6,44.1,36.3,44.4,40.9,39.8,39.9,38.8,37.5,36.4,36.3,39.0,34.2,40.3,39.7,38.6,36.2,39.3,39.2,39.9,42.4,40.7,40.1,42.0,39.1,41.2,35.2,41.7,38.2,36.2,46.2,47.2,46.2,37.5,40.0,36.0,40.6,37.2,34.5,47.5,44.4,44.9,39.8,42.0,37.5,38.1,39.2,39.5,42.3,38.6
2359,42.3,40.4,40.5,42.8,45.4,47.9,47.7,45.6,48.0,46.7,49.1,48.1,48.9,46.3,47.2,48.2,45.9,44.7,48.8,49.8,46.2,46.6,48.7,43.5,42.2,45.7,48.2,45.8,44.8,48.7,46.5,48.2,40.3,42.0,42.5,42.1,47.8,39.5,44.2,42.2,46.6,46.0,40.3,42.7,42.5,42.2,40.0,41.5,46.0,35.8,42.0,41.9,42.1,40.1,40.0,42.6,40.9,43.6,40.8,43.2,44.4,39.4,45.1,40.9,43.0,42.8,39.1,47.0,49.6,48.8,41.3,40.0,40.6,43.5,43.0,36.0,50.2,46.6,46.4,40.5,42.6,37.8,39.2,41.5,40.2,43.6,40.6
2360,47.4,44.5,45.4,47.2,48.8,50.4,50.7,49.0,50.7,49.6,52.1,51.1,52.4,49.0,50.4,51.0,49.6,48.5,52.1,53.0,49.7,49.5,51.6,46.6,45.7,49.2,50.6,49.1,48.0,51.7,49.6,50.9,43.3,45.3,45.2,45.5,53.0,43.8,48.3,47.5,50.0,51.0,44.0,46.6,46.9,47.4,44.5,46.3,52.4,41.3,48.8,45.4,48.3,44.2,42.2,46.5,44.2,46.4,43.4,46.4,46.6,42.9,49.0,46.9,45.3,47.5,43.3,49.4,52.6,51.7,47.6,45.7,45.5,49.0,48.0,41.9,53.4,49.5,49.3,44.5,46.3,41.5,42.8,44.3,43.0,46.8,44.1
2361,51.9,48.3,49.6,52.3,52.2,53.6,53.8,52.5,53.5,52.3,54.8,54.0,55.4,51.6,53.5,53.6,53.0,51.5,55.0,55.5,52.9,52.4,54.7,50.0,49.8,52.8,53.4,52.6,51.1,54.5,52.9,53.5,46.5,48.9,48.2,48.6,57.2,47.0,53.2,51.4,53.5,54.9,48.5,49.8,51.5,51.5,49.5,49.8,57.2,46.4,53.8,49.1,54.2,48.0,44.9,50.1,47.0,49.0,46.5,49.5,49.1,47.0,52.5,51.5,48.2,51.0,46.8,52.1,55.4,54.3,53.5,51.8,50.1,52.9,51.7,46.7,56.4,52.4,52.1,48.9,50.3,45.9,45.5,46.8,46.5,50.2,47.5
2362,55.7,51.4,52.8,56.6,55.4,56.2,56.7,55.9,55.8,54.7,57.3,56.7,57.8,54.0,56.5,55.7,55.9,54.3,57.3,57.7,55.9,54.8,57.4,53.1,53.5,56.0,56.2,55.7,53.9,56.8,55.9,56.1,49.7,52.1,51.0,51.5,60.9,50.0,57.7,54.8,57.1,57.6,52.3,52.9,55.4,55.1,53.8,53.0,60.8,50.4,57.7,52.5,59.3,51.2,47.4,53.0,49.3,51.6,49.2,52.2,51.5,50.5,55.3,54.9,51.0,54.0,49.6,54.4,57.7,56.5,58.1,56.2,54.3,55.8,54.7,50.4,58.5,54.6,54.7,52.4,53.7,49.8,48.2,48.7,49.5,53.3,50.7
2363,59.1,54.0,55.3,60.0,58.4,58.8,59.3,58.4,58.0,56.9,59.2,58.7,59.7,56.2,59.1,57.8,58.4,56.8,59.3,59.5,58.3,56.9,59.8,55.5,56.6,58.7,58.3,58.4,56.3,58.8,58.4,58.1,52.5,54.7,53.5,54.1,63.8,52.7,61.2,57.7,59.9,60.0,55.7,55.5,58.9,57.6,57.4,55.5,63.6,53.7,60.6,55.2,62.9,53.6,49.3,55.3,51.3,53.5,51.7,54.2,53.9,53.4,57.8,57.4,53.7,56.3,52.3,56.6,59.8,58.6,61.2,59.8,57.7,58.2,57.2,53.3,60.3,56.8,57.0,55.4,56.7,53.2,50.5,50.4,52.2,55.9,53.0
2364,62.0,55.9,56.8,62.9,60.6,61.1,61.6,60.7,59.6,58.7,60.9,60.5,61.4,57.9,61.3,59.5,60.3,58.8,60.9,61.0,60.2,58.6,61.7,57.7,59.3,61.0,60.1,60.4,58.2,60.5,60.3,59.7,54.5,56.6,55.3,56.0,66.2,54.6,64.2,60.0,62.7,61.9,58.5,57.7,61.6,59.6,60.1,57.6,65.7,56.0,62.5,57.5,65.6,55.7,50.8,57.1,52.6,54.9,53.9,55.9,55.6,55.8,59.9,59.4,56.2,58.2,54.3,58.3,61.6,60.3,63.6,62.5,60.4,60.2,59.3,55.4,61.6,58.5,58.9,57.8,59.0,55.8,52.2,51.7,54.3,57.9,55.1
2365,64.0,57.2,58.1,65.2,62.4,62.9,63.5,62.2,61.1,60.2,62.0,62.0,62.7,59.5,63.0,61.0,61.6,60.4,61.9,62.1,61.9,60.1,63.6,59.6,61.3,62.9,61.5,62.0,59.8,61.9,61.9,61.1,56.1,58.3,56.8,57.4,67.8,56.2,66.4,61.8,64.8,63.2,60.5,59.2,63.7,61.3,62.1,59.0,67.4,57.8,63.8,58.9,67.5,57.3,51.9,58.4,53.6,56.1,55.5,57.2,57.2,57.6,61.5,60.7,58.3,59.4,56.2,59.8,63.3,61.7,65.3,64.8,62.6,61.9,60.8,57.1,62.7,59.8,60.3,60.1,61.0,57.9,53.8,52.8,56.1,59.4,56.7
2366,65.1,58.3,59.0,66.8,63.7,64.4,65.0,63.4,62.0,61.3,63.1,63.1,63.6,60.6,64.4,61.9,63.0,61.3,63.0,62.7,63.1,61.2,64.6,60.8,62.9,64.3,62.7,63.2,60.9,62.8,63.0,61.9,57.3,59.5,58.2,58.6,69.0,57.1,67.8,63.1,66.3,64.2,62.4,60.3,65.2,62.3,63.3,59.8,68.2,59.1,64.6,59.9,68.9,58.3,52.6,59.2,54.4,56.7,56.8,58.0,57.9,58.9,62.5,61.9,59.6,60.2,57.4,60.8,64.4,62.6,66.7,66.4,63.7,63.1,61.9,57.9,63.4,60.7,61.4,61.7,62.3,59.2,54.8,53.3,57.4,60.5,57.8
2367,65.2,58.5,59.6,67.8,64.3,65.1,65.6,64.1,62.5,61.6,63.3,63.7,63.9,61.2,64.9,62.7,63.4,61.4,63.2,62.8,63.5,61.9,65.2,61.4,64.1,64.9,63.2,63.7,61.5,63.4,63.7,62.3,58.2,60.0,58.8,59.1,69.3,57.2,68.6,63.2,67.2,64.4,63.5,60.9,65.4,62.5,63.6,60.0,68.3,59.8,65.0,60.2,69.2,58.5,53.0,59.6,54.6,57.2,57.7,58.2,58.2,59.8,62.8,62.1,60.5,60.4,58.0,61.6,64.8,63.1,67.1,67.3,64.1,63.6,62.4,58.1,63.6,61.2,62.2,62.5,63.0,60.1,55.3,53.2,58.2,61.0,58.4
2368,64.4,58.0,58.7,68.0,64.2,65.2,65.5,63.8,62.3,61.6,63.2,63.9,63.9,61.2,64.9,62.7,63.4,61.0,63.0,62.6,63.5,61.9,65.1,61.4,64.1,64.8,63.1,63.7,61.7,63.4,63.6,62.1,58.4,60.2,58.9,59.2,68.9,56.4,68.7,62.9,67.4,63.8,63.8,60.9,65.1,61.7,63.6,59.4,67.5,59.5,64.7,59.7,68.7,58.2,53.2,59.4,54.7,57.1,57.9,58.3,58.1,60.0,62.7,61.9,60.5,60.0,57.8,61.6,64.6,63.1,66.6,67.5,63.8,63.5,62.1,57.9,63.3,61.0,61.9,62.6,63.0,60.3,55.2,52.7,58.4,61.0,58.4
2369,62.9,56.5,57.3,67.5,63.5,64.6,64.7,63.1,61.5,60.8,62.4,63.6,63.3,60.7,63.9,62.0,62.7,59.8,62.1,61.7,62.7,61.3,64.4,60.5,63.1,63.9,62.5,63.0,61.1,62.8,63.0,61.2,57.7,59.4,58.4,58.2,67.6,54.9,68.0,61.8,67.0,62.1,63.2,60.4,63.6,59.7,62.5,58.0,65.8,58.5,63.9,58.1,67.5,57.1,52.7,58.5,54.1,56.3,57.7,57.2,57.2,59.7,61.5,60.9,59.7,59.0,56.5,61.0,63.8,62.3,65.5,67.1,62.4,63.0,61.0,56.8,62.3,60.1,61.2,61.8,62.3,59.8,54.5,51.7,57.7,60.2,57.6
2370,59.5,53.3,53.3,65.7,61.5,62.9,63.0,61.2,59.7,59.2,60.5,62.4,61.3,59.4,62.0,60.3,60.9,57.3,60.1,59.5,61.0,59.4,62.6,58.8,61.3,62.0,61.2,60.8,59.2,61.1,61.4,59.3,55.8,57.5,56.9,56.8,64.5,52.1,66.4,59.2,65.4,58.4,61.4,58.4,60.3,56.3,60.5,55.3,62.4,57.0,61.9,55.9,65.1,53.2,51.5,56.5,53.1,55.1,56.8,55.1,55.3,58.6,59.1,58.4,57.9,57.0,54.2,59.8,61.9,60.4,63.0,65.6,59.6,61.5,58.6,54.7,60.4,58.1,59.6,60.2,60.4,58.4,52.9,49.9,56.2,58.5,56.1
2371,53.8,49.0,47.8,61.7,58.0,60.0,59.8,57.7,57.0,56.2,57.8,59.9,57.8,57.0,58.6,57.5,57.1,53.2,57.4,56.4,57.5,56.5,59.0,55.2,56.8,58.2,59.2,57.5,55.7,57.9,58.2,56.0,52.6,54.0,54.1,53.7,58.7,48.1,62.4,54.4,62.6,52.3,57.3,54.6,55.5,51.7,56.4,51.2,57.9,52.8,58.4,53.2,60.9,48.1,49.2,53.1,50.4,52.4,54.8,51.2,52.9,56.1,54.9,53.7,55.2,53.4,49.7,57.3,58.6,57.3,58.4,61.8,55.0,57.5,53.8,50.8,57.7,55.1,56.2,56.3,56.1,54.8,49.5,47.9,53.1,55.1,52.0
2372,50.7,46.4,44.9,56.9,55.1,57.0,56.9,54.2,55.2,54.1,55.8,57.5,55.7,54.9,55.8,55.6,53.6,50.4,55.3,54.4,54.5,54.4,56.6,52.3,52.5,54.4,57.4,54.6,53.0,55.4,55.4,54.1,49.3,51.0,51.2,50.3,55.4,45.8,57.8,51.1,59.8,49.5,52.5,50.9,52.5,49.0,53.1,48.6,55.7,47.9,55.0,51.2,55.9,45.4,47.2,50.4,48.3,50.5,52.2,49.1,50.7,51.9,52.1,50.3,52.6,50.6,47.2,55.6,56.5,54.9,54.2,55.6,51.5,53.4,51.0,47.1,55.8,53.2,53.7,51.3,52.2,50.6,45.1,46.4,50.1,52.4,48.3
2373,48.7,44.7,43.2,54.0,53.1,55.5,55.3,52.2,53.7,53.1,54.4,55.5,54.4,53.2,54.1,54.3,51.6,48.6,53.6,53.1,52.7,52.9,54.9,50.9,50.2,52.5,55.9,52.7,51.2,54.0,53.5,52.9,47.3,49.0,49.5,48.7,53.2,44.0,54.9,48.6,57.7,47.6,50.3,48.9,50.5,46.8,50.2,46.3,53.3,45.4,52.4,49.8,52.5,43.8,46.1,48.4,46.7,49.0,49.9,47.8,49.1,49.3,50.0,48.0,51.0,48.4,45.5,54.1,55.1,53.4,51.7,52.8,49.0,51.1,49.1,45.5,54.5,51.9,52.2,48.9,50.2,48.2,43.3,45.1,48.1,50.5,46.0
2374,46.6,43.2,42.2,52.0,51.3,54.1,53.9,50.5,52.7,51.8,53.0,54.1,53.0,52.1,52.7,53.1,50.1,47.2,52.1,52.1,51.4,51.7,53.6,49.5,48.8,51.2,54.7,51.2,49.6,52.9,52.1,51.9,45.9,47.4,48.1,46.8,50.9,42.6,52.7,46.3,55.9,46.1,48.3,47.4,48.5,45.0,47.8,44.5,51.5,43.7,50.5,48.2,50.1,42.8,45.2,46.6,45.5,47.6,48.0,46.6,48.0,47.4,48.4,45.6,49.4,46.3,44.1,52.9,53.7,52.3,49.3,50.4,46.8,49.5,47.1,44.1,53.3,50.6,51.2,47.1,48.8,46.4,42.5,43.8,46.6,49.1,44.6
2375,44.9,42.0,41.0,50.2,50.1,52.8,52.4,49.3,51.8,50.7,51.8,52.8,51.9,50.9,51.4,52.0,48.9,46.2,50.9,51.3,50.1,50.9,52.5,48.4,47.4,49.9,53.3,50.1,48.5,52.0,50.8,50.9,44.8,46.1,47.0,45.6,49.4,41.4,51.2,44.9,54.1,45.0,46.7,46.5,46.8,43.8,45.7,42.8,49.3,42.0,48.5,46.7,48.3,41.8,44.4,44.8,44.7,46.8,46.8,45.8,46.6,45.9,46.9,43.6,47.9,44.7,42.7,51.9,52.7,51.3,47.7,48.7,44.8,48.0,45.1,42.6,52.1,49.7,50.0,46.0,47.7,44.8,41.7,43.0,45.4,47.9,43.5
2376,43.6,40.7,40.0,48.7,49.1,51.6,51.1,48.3,50.8,49.6,50.9,51.7,50.9,49.9,50.4,51.3,47.9,44.9,50.3,50.3,49.0,49.7,51.5,47.5,46.5,48.9,52.1,49.1,47.2,51.0,49.8,50.1,43.7,45.0,45.9,44.6,48.3,40.1,49.8,43.5,52.1,44.0,45.4,45.1,45.5,42.6,43.8,41.1,46.9,40.2,46.9,45.4,46.9,40.8,43.7,43.8,44.0,45.9,45.5,44.7,45.8,44.6,45.8,41.9,46.8,43.3,41.3,50.8,51.8,50.3,46.1,47.0,43.1,46.6,43.5,41.1,51.4,48.5,49.1,44.9,46.9,43.5,41.3,42.2,44.3,46.8,42.5
2377,41.8,39.8,38.8,47.5,48.1,50.7,50.2,47.5,49.8,48.7,49.9,50.7,49.7,49.0,49.6,50.3,46.9,43.8,49.2,49.5,48.1,48.9,50.5,46.8,45.6,48.2,51.2,48.2,46.4,50.2,48.8,49.5,42.7,44.1,44.8,43.8,47.2,39.3,48.9,42.0,50.7,43.1,44.3,44.2,44.2,41.4,42.3,39.8,45.2,38.9,45.6,44.1,45.3,39.9,43.0,42.6,43.2,45.4,44.5,43.7,44.9,43.5,44.7,40.5,45.5,41.7,40.3,49.7,50.9,49.4,44.6,45.6,41.7,45.5,42.2,39.7,50.3,47.8,48.0,43.9,46.0,42.4,40.8,41.5,43.6,45.8,41.6
2378,40.6,39.0,38.1,46.4,47.3,50.0,49.3,46.9,48.8,48.0,49.1,49.8,48.7,48.1,48.7,49.5,46.4,43.0,48.3,48.8,47.4,47.8,49.7,45.9,44.9,47.5,50.2,47.4,45.6,49.4,48.1,48.7,41.9,43.1,44.0,43.0,46.2,38.4,47.6,40.8,49.1,42.7,43.3,43.4,42.8,40.4,40.7,38.7,43.2,37.7,44.3,42.8,43.8,38.9,42.1,41.6,42.5,44.5,43.7,42.7,44.2,42.4,43.9,39.2,44.4,40.7,39.3,48.9,50.0,48.5,43.0,44.3,40.3,44.2,40.6,38.6,49.4,47.0,47.3,42.9,45.2,41.3,40.5,40.8,42.5,45.0,40.8
2379,39.7,37.8,37.4,45.5,46.4,49.2,48.7,46.3,48.1,47.5,48.3,49.0,48.0,47.5,48.1,48.7,45.7,42.0,47.8,48.2,46.7,47.1,48.9,45.1,44.0,46.9,49.6,46.7,44.9,48.7,47.3,48.0,41.1,42.7,43.2,42.1,45.0,37.4,46.5,39.7,47.7,41.9,42.4,42.5,41.5,40.0,39.1,37.6,41.6,36.6,43.0,41.6,42.3,38.0,41.5,40.6,41.8,43.8,42.9,41.7,43.5,41.5,42.8,38.0,43.7,40.0,38.5,48.2,49.2,47.8,41.7,43.1,39.0,43.2,39.0,37.4,48.7,46.3,46.9,41.9,44.4,40.3,39.8,40.3,41.8,44.2,40.2
2380,38.8,37.1,36.6,44.5,45.8,48.6,48.1,45.7,47.4,46.9,47.7,48.3,47.4,46.8,47.4,48.0,45.2,41.1,47.3,47.5,46.0,46.4,48.3,44.5,43.3,46.2,48.9,45.9,44.4,48.2,46.7,47.2,40.5,42.1,42.6,41.4,43.9,36.7,45.9,38.4,46.6,41.3,41.4,41.6,40.4,39.0,38.3,36.8,40.2,35.7,42.0,40.7,40.8,37.0,40.7,39.7,41.1,43.2,42.0,40.8,42.9,40.7,41.9,36.7,43.0,39.0,37.6,47.6,48.4,47.2,40.4,42.1,37.9,42.3,37.9,36.3,48.2,45.6,46.3,41.3,43.7,39.6,39.3,39.7,41.1,43.7,39.8
2381,37.9,36.6,36.3,43.6,45.2,48.0,47.5,44.9,46.7,46.2,47.3,47.5,46.9,46.0,46.9,47.3,44.6,40.4,46.8,47.0,45.4,45.8,47.7,43.7,42.6,45.6,48.2,45.4,43.8,47.7,46.1,46.6,39.8,41.5,42.0,40.9,43.1,36.1,45.1,37.0,45.6,40.8,40.6,40.8,39.5,37.7,37.4,36.0,39.1,35.1,41.2,39.9,39.4,36.4,40.1,39.0,40.6,42.9,41.4,40.0,42.1,39.9,41.3,35.2,42.3,38.1,36.9,46.9,47.8,46.6,39.0,41.2,37.0,41.4,37.1,35.3,47.9,45.0,45.6,40.5,42.9,38.7,38.8,39.2,40.3,43.0,39.0
2382,37.8,36.6,36.6,42.8,44.5,47.5,47.1,44.3,46.4,45.5,47.0,46.9,46.4,45.4,46.5,46.9,44.2,40.5,46.7,47.1,44.9,45.4,47.4,43.0,42.0,44.9,47.5,45.0,43.4,47.3,45.5,46.3,39.4,41.0,41.6,40.5,43.5,35.8,44.4,36.6,44.7,41.2,40.0,40.0,39.3,37.7,36.7,36.5,39.0,34.2,40.3,39.7,38.6,36.6,39.4,39.5,40.0,42.5,40.8,40.2,42.3,39.1,41.5,35.2,41.8,38.4,36.2,46.3,47.4,46.4,37.7,40.4,36.5,40.8,37.3,34.5,47.7,44.8,45.1,39.9,42.1,37.9,38.2,39.6,39.7,42.5,38.8
2383,42.7,40.7,40.9,43.1,45.6,48.2,48.1,45.8,48.2,46.9,49.4,48.4,49.2,46.5,47.5,48.5,46.2,44.9,49.2,50.2,46.5,46.8,48.9,43.7,42.5,46.1,48.5,46.1,45.1,49.0,46.8,48.5,40.5,42.3,42.7,42.3,48.1,39.8,44.5,42.4,46.9,46.2,40.6,42.9,43.0,42.3,40.3,41.7,46.3,36.0,42.2,42.0,42.2,40.3,40.1,42.9,41.0,43.7,41.0,43.6,44.8,39.5,45.4,41.1,43.2,43.2,39.3,47.1,50.0,49.1,41.6,40.5,41.0,43.8,43.2,36.2,50.5,47.0,46.6,40.7,42.8,38.2,39.4,42.1,40.4,43.8,40.8
2384,47.7,44.9,45.7,47.5,49.0,50.7,51.0,49.2,51.0,49.8,52.5,51.4,52.6,49.2,50.7,51.2,49.9,48.8,52.5,53.4,50.0,49.7,51.9,46.8,46.0,49.5,50.9,49.4,48.3,52.0,49.9,51.2,43.5,45.6,45.5,45.7,53.2,44.1,48.5,47.5,50.2,50.9,44.3,46.8,47.3,47.4,44.7,46.5,52.7,41.5,48.9,45.5,48.4,44.2,42.3,46.9,44.3,46.5,43.8,46.7,47.0,43.2,49.3,47.1,45.6,47.9,43.6,49.7,52.9,52.0,47.7,46.0,45.8,49.3,48.1,42.0,53.8,50.0,49.6,44.7,46.5,41.8,43.1,45.0,43.2,47.1,44.4
2385,52.1,48.6,49.8,52.6,52.4,53.8,54.1,52.8,53.8,52.6,55.2,54.3,55.7,51.9,53.8,53.9,53.3,51.8,55.4,55.9,53.2,52.6,55.0,50.2,50.0,53.1,53.8,52.9,51.4,54.9,53.2,53.9,46.7,49.1,48.5,48.8,57.4,47.3,53.2,51.4,53.6,54.7,48.7,49.9,51.8,51.4,49.6,50.0,57.4,46.5,53.8,49.3,54.3,48.0,45.0,50.6,47.2,49.1,47.0,49.8,49.5,47.4,52.8,51.7,48.5,51.4,47.2,52.4,55.8,54.6,53.5,51.9,50.3,53.0,51.8,46.8,56.7,52.8,52.5,49.1,50.4,46.0,45.9,47.5,46.6,50.5,47.8
2386,55.8,51.7,52.9,56.7,55.7,56.5,57.0,56.1,56.1,55.1,57.6,56.9,58.1,54.3,56.7,56.0,56.3,54.6,57.7,58.2,56.3,55.1,57.7,53.3,53.7,56.2,56.6,56.0,54.2,57.2,56.3,56.4,49.8,52.3,51.2,51.7,61.0,50.3,57.6,54.7,57.1,57.4,52.4,52.9,55.5,54.9,53.9,53.1,61.1,50.5,57.7,52.7,59.2,51.2,47.6,53.3,49.5,51.7,49.8,52.6,51.9,50.9,55.6,55.1,51.3,54.3,50.1,54.8,58.1,56.9,57.9,56.1,54.4,56.0,54.9,50.5,58.8,55.0,55.1,52.5,53.8,49.9,48.6,49.4,49.6,53.7,51.0
2387,59.2,54.2,55.3,60.1,58.6,59.1,59.6,58.6,58.3,57.3,59.6,59.0,60.0,56.5,59.4,58.1,58.8,57.1,59.6,60.0,58.7,57.3,60.1,55.7,56.8,58.8,58.7,58.6,56.6,59.1,58.7,58.4,52.6,54.9,53.7,54.3,63.8,52.9,61.1,57.6,59.9,59.8,55.8,55.6,59.0,57.4,57.5,55.6,63.9,53.8,60.6,55.6,62.9,53.7,49.5,55.6,51.5,53.7,52.2,54.6,54.2,53.8,58.1,57.8,54.1,56.7,52.8,56.9,60.2,58.9,61.0,59.7,57.8,58.4,57.5,53.4,60.6,57.1,57.3,55.4,56.9,53.1,50.9,51.0,52.3,56.3,53.4
2388,62.0,56.1,56.7,62.9,60.8,61.4,61.8,60.8,59.9,59.0,61.2,60.8,61.7,58.3,61.5,59.9,60.7,59.1,61.2,61.5,60.6,58.9,62.1,57.9,59.4,61.2,60.4,60.6,58.5,60.9,60.6,60.0,54.7,56.8,55.6,56.1,66.2,54.9,64.0,60.0,62.7,61.6,58.6,57.8,61.6,59.4,60.1,57.7,66.0,56.1,62.6,57.8,65.5,55.8,51.1,57.5,52.9,55.1,54.4,56.3,56.0,56.2,60.2,59.7,56.6,58.6,54.8,58.6,62.0,60.6,63.5,62.3,60.3,60.4,59.6,55.5,61.9,58.9,59.3,57.8,59.2,55.8,52.7,52.4,54.4,58.3,55.5
2389,64.0,57.3,58.1,65.1,62.6,63.0,63.6,62.4,61.5,60.5,62.4,62.3,63.0,59.8,63.1,61.3,62.0,60.6,62.2,62.6,62.2,60.5,63.9,59.8,61.4,63.0,61.8,62.3,60.1,62.3,62.2,61.4,56.3,58.6,57.1,57.6,67.8,56.3,66.1,61.6,64.7,62.9,60.5,59.3,63.7,61.1,62.1,59.1,67.7,57.9,63.9,59.2,67.4,57.5,52.2,58.8,54.0,56.3,56.0,57.5,57.5,58.1,61.8,61.1,58.7,59.7,56.7,60.1,63.6,62.0,65.2,64.6,62.4,62.1,61.1,57.2,63.0,60.1,60.7,60.1,61.1,57.9,54.3,53.4,56.3,59.7,57.1
2390,65.1,58.4,59.1,66.7,63.9,64.4,65.0,63.5,62.5,61.6,63.4,63.4,63.9,60.9,64.5,62.2,63.4,61.6,63.3,63.0,63.3,61.5,64.8,61.0,62.9,64.4,63.0,63.4,61.2,63.2,63.3,62.3,57.6,59.8,58.5,58.9,68.9,57.2,67.5,62.8,66.1,63.9,62.4,60.4,65.1,62.0,63.3,60.1,68.5,59.1,64.7,60.3,68.9,58.4,52.9,59.6,54.7,56.9,57.3,58.4,58.3,59.5,62.8,62.3,60.0,60.5,57.8,61.1,64.7,62.9,66.6,66.2,63.5,63.3,62.3,58.1,63.7,61.0,61.7,61.7,62.4,59.2,55.4,53.8,57.6,60.8,58.2
2391,65.1,58.6,59.6,67.6,64.5,65.1,65.6,64.2,62.9,61.9,63.7,64.1,64.3,61.5,64.9,63.0,63.7,61.8,63.5,63.2,63.7,62.2,65.3,61.6,64.0,65.1,63.5,63.8,61.7,63.7,63.9,62.7,58.4,60.3,59.2,59.4,69.3,57.3,68.3,63.0,67.0,64.1,63.3,60.9,65.3,62.1,63.7,60.3,68.5,59.8,65.2,60.6,69.2,58.6,53.4,60.0,55.1,57.4,58.3,58.6,58.8,60.3,63.1,62.5,60.8,60.8,58.4,61.8,65.1,63.5,67.0,67.0,63.9,63.8,62.7,58.3,63.9,61.5,62.4,62.5,63.1,60.1,56.0,53.7,58.4,61.3,58.9
2392,64.5,58.2,58.7,67.9,64.5,65.2,65.6,64.0,62.8,61.8,63.6,64.3,64.4,61.4,64.9,63.0,63.7,61.3,63.3,62.9,63.7,62.2,65.3,61.6,63.9,64.9,63.3,63.8,61.9,63.8,63.8,62.5,58.6,60.4,59.3,59.5,68.8,56.5,68.4,62.7,67.2,63.6,63.6,61.0,65.0,61.4,63.7,59.7,67.8,59.6,64.9,60.0,68.7,58.4,53.6,59.7,55.1,57.4,58.5,58.6,58.6,60.5,63.0,62.4,60.7,60.3,58.1,61.8,64.9,63.5,66.6,67.2,63.6,63.7,62.5,58.1,63.6,61.3,62.1,62.6,63.1,60.2,56.0,53.1,58.5,61.2,58.9
2393,63.0,56.7,57.4,67.3,63.8,64.6,64.8,63.3,61.8,61.0,62.9,64.0,63.7,60.9,63.9,62.2,62.9,60.2,62.5,62.1,62.8,61.6,64.5,60.7,63.0,64.1,62.8,63.1,61.2,63.2,63.1,61.7,58.0,59.7,58.8,58.6,67.6,55.1,67.6,61.6,66.8,61.9,63.0,60.4,63.5,59.4,62.6,58.4,66.1,58.7,64.1,58.4,67.6,57.3,53.1,58.8,54.5,56.7,58.3,57.6,57.8,60.3,62.0,61.3,60.0,59.3,56.8,61.2,64.1,62.8,65.5,66.8,62.2,63.1,61.4,57.0,62.6,60.4,61.4,61.8,62.5,59.8,55.2,52.2,57.9,60.4,58.0
2394,59.4,53.5,53.5,65.6,61.8,63.0,63.2,61.5,60.0,59.4,61.0,62.8,61.7,59.6,62.2,60.5,61.1,57.7,60.5,59.9,61.1,59.7,62.6,59.1,61.3,62.3,61.4,61.0,59.4,61.5,61.6,59.7,56.2,57.9,57.3,57.2,64.4,52.3,66.1,59.0,65.3,58.3,61.3,58.5,60.3,56.1,60.6,55.7,62.7,57.2,62.1,56.1,65.3,53.4,52.0,56.9,53.5,55.5,57.4,55.5,55.8,59.3,59.4,58.9,58.3,57.4,54.6,60.0,62.2,60.8,63.1,65.4,59.5,61.6,59.0,54.9,60.7,58.5,59.8,60.3,60.6,58.5,53.5,50.4,56.5,58.8,56.6
2395,54.0,49.3,48.0,61.7,58.4,60.2,60.0,58.0,57.4,56.4,58.2,60.4,58.3,57.2,58.8,57.7,57.3,53.5,57.8,56.8,57.7,56.8,59.1,55.6,56.9,58.5,59.3,57.7,55.9,58.3,58.3,56.4,53.0,54.4,54.6,54.2,58.7,48.3,62.2,54.3,62.5,52.4,57.3,54.7,55.6,51.5,56.5,51.6,58.2,53.0,58.6,53.4,61.1,48.4,49.7,53.5,50.9,52.8,55.5,51.6,53.3,56.7,55.2,54.2,55.6,53.8,50.1,57.5,59.0,57.7,58.5,61.7,55.0,57.6,54.3,51.0,58.0,55.5,56.4,56.5,56.4,54.9,50.1,48.3,53.4,55.4,52.6
2396,50.9,46.6,45.1,57.0,55.5,57.2,57.2,54.5,55.6,54.2,56.1,57.9,56.1,55.0,55.9,55.9,53.7,50.8,55.6,54.8,54.8,54.6,56.6,52.7,52.6,54.8,57.6,54.7,53.2,55.8,55.6,54.4,49.6,51.5,51.7,50.7,55.4,46.1,57.7,51.1,59.7,49.5,52.6,51.0,52.6,48.9,53.2,48.9,55.9,48.2,55.1,51.5,56.1,45.6,47.7,50.8,48.8,50.9,52.8,49.4,51.2,52.5,52.4,50.8,52.9,50.9,47.6,55.8,56.8,55.3,54.3,55.6,51.6,53.5,51.4,47.3,56.0,53.5,53.9,51.5,52.6,50.9,45.6,46.8,50.4,52.7,48.9
2397,48.9,45.0,43.4,54.1,53.4,55.7,55.5,52.5,54.0,53.2,54.7,55.8,54.7,53.3,54.3,54.5,51.8,48.9,53.9,53.4,52.9,53.1,55.0,51.2,50.4,52.9,56.1,52.9,51.5,54.4,53.7,53.2,47.7,49.5,50.0,49.1,53.1,44.2,54.8,48.5,57.7,47.6,50.5,48.9,50.6,46.9,50.2,46.6,53.5,45.6,52.5,50.1,52.5,44.1,46.6,48.7,47.2,49.6,50.4,48.1,49.4,49.9,50.2,48.4,51.3,48.9,46.0,54.3,55.4,53.8,51.7,52.7,49.0,51.2,49.4,45.6,54.7,52.1,52.3,49.2,50.6,48.4,43.7,45.5,48.5,50.9,46.5
2398,46.6,43.4,42.5,52.0,51.7,54.3,54.1,50.7,53.0,51.9,53.2,54.4,53.3,52.1,52.9,53.3,50.3,47.5,52.4,52.4,51.6,52.0,53.7,49.8,49.0,51.5,54.8,51.4,49.9,53.2,52.3,52.1,46.3,47.8,48.6,47.3,50.8,42.7,52.6,46.3,55.8,46.2,48.5,47.3,48.6,44.9,47.8,44.8,51.6,43.8,50.6,48.4,50.1,43.1,45.8,46.9,46.0,48.1,48.5,46.9,48.2,48.0,48.8,46.0,49.7,46.7,44.5,53.1,54.0,52.7,49.4,50.4,46.8,49.5,47.5,44.2,53.4,50.8,51.3,47.5,49.2,46.7,43.0,44.2,47.0,49.4,45.0
2399,45.0,42.2,41.3,50.3,50.4,53.0,52.6,49.6,52.1,50.8,52.0,53.1,52.1,51.1,51.6,52.2,49.1,46.4,51.2,51.5,50.4,51.0,52.6,48.7,47.6,50.2,53.6,50.3,48.8,52.3,51.1,51.1,45.1,46.4,47.4,46.1,49.2,41.6,51.0,44.8,54.0,45.0,47.0,46.4,46.9,43.8,45.6,43.2,49.4,42.1,48.6,47.0,48.2,42.1,44.9,45.2,45.2,47.3,47.3,46.1,46.8,46.5,47.2,44.0,48.2,45.0,43.0,52.1,53.0,51.6,47.7,48.7,44.8,48.0,45.6,42.8,52.2,49.8,50.2,46.3,48.0,45.1,42.2,43.4,45.7,48.2,43.9
2400,43.6,40.8,40.3,48.8,49.3,51.7,51.3,48.5,51.2,49.8,51.2,52.1,51.0,50.1,50.5,51.4,48.1,45.1,50.5,50.6,49.3,49.8,51.6,47.8,46.7,49.2,52.4,49.3,47.5,51.3,50.0,50.3,43.9,45.4,46.3,45.0,48.1,40.2,49.8,43.5,52.0,44.0,45.6,45.1,45.7,42.7,43.7,41.4,47.1,40.4,46.9,45.7,47.0,41.1,44.2,44.1,44.4,46.5,46.0,45.0,46.0,45.1,46.1,42.3,47.1,43.7,41.6,51.0,52.1,50.6,46.0,47.0,43.1,46.7,44.0,41.2,51.4,48.7,49.2,45.3,47.2,43.8,41.8,42.5,44.6,47.1,43.0
2401,41.9,39.9,39.1,47.7,48.3,50.8,50.3,47.7,50.3,49.0,50.1,51.1,49.8,49.2,49.7,50.5,47.1,44.0,49.6,49.7,48.4,49.0,50.6,47.0,45.8,48.4,51.4,48.4,46.6,50.5,49.0,49.7,43.0,44.5,45.3,44.2,47.1,39.4,48.9,41.9,50.6,43.1,44.5,44.2,44.3,41.4,42.1,40.1,45.2,39.2,45.6,44.4,45.3,40.1,43.5,42.9,43.6,45.9,45.0,44.1,45.2,44.1,44.9,40.9,45.7,42.1,40.6,49.9,51.1,49.6,44.6,45.6,41.7,45.6,42.6,39.9,50.4,48.0,48.3,44.2,46.3,42.7,41.3,41.8,43.8,46.1,42.1
2402,40.7,39.2,38.3,46.5,47.5,50.1,49.4,47.1,49.2,48.3,49.3,50.3,48.9,48.4,48.7,49.6,46.6,43.1,48.5,49.1,47.6,47.9,49.7,46.0,45.0,47.6,50.4,47.5,45.8,49.6,48.2,48.9,42.1,43.5,44.4,43.4,46.0,38.5,47.5,40.8,49.1,42.7,43.5,43.5,43.0,40.4,40.7,39.1,43.3,38.0,44.3,43.1,43.6,39.2,42.6,41.9,43.0,44.9,44.0,43.0,44.5,42.9,44.2,39.5,44.6,41.0,39.7,49.1,50.2,48.9,42.9,44.3,40.3,44.3,41.1,38.8,49.5,47.3,47.6,43.1,45.4,41.6,40.9,41.1,42.7,45.3,41.2
2403,39.7,38.2,37.6,45.5,46.6,49.3,48.8,46.4,48.4,47.7,48.5,49.3,48.2,47.7,48.1,48.8,45.8,42.1,48.0,48.3,46.9,47.2,48.9,45.3,44.3,47.1,49.8,46.8,45.2,48.9,47.5,48.2,41.3,43.1,43.7,42.5,44.9,37.6,46.6,39.6,47.7,42.0,42.7,42.6,41.6,39.8,39.0,37.9,41.7,37.0,43.0,41.9,42.1,38.2,42.0,40.9,42.3,44.3,43.3,41.9,43.8,42.0,43.1,38.3,43.9,40.2,38.8,48.4,49.5,48.1,41.6,43.2,39.0,43.3,39.7,37.6,48.8,46.6,47.1,42.1,44.5,40.6,40.3,40.5,42.0,44.5,40.6
2404,38.9,37.4,36.7,44.6,46.0,48.7,48.2,45.8,47.7,47.1,47.8,48.6,47.5,47.0,47.4,48.1,45.4,41.2,47.5,47.7,46.2,46.5,48.3,44.6,43.6,46.3,49.1,46.1,44.6,48.4,46.9,47.4,40.7,42.5,43.0,41.7,43.8,36.9,45.9,38.3,46.5,41.4,41.7,41.6,40.5,39.0,38.3,37.1,40.4,36.1,42.0,41.0,40.6,37.2,41.2,39.9,41.6,43.7,42.4,41.1,43.2,41.1,42.2,36.9,43.2,39.3,37.8,47.7,48.6,47.4,40.3,42.2,37.9,42.4,38.4,36.5,48.3,45.8,46.5,41.5,43.8,39.9,39.8,40.0,41.3,43.9,40.1
2405,37.9,36.9,36.3,43.8,45.4,48.1,47.6,45.0,47.0,46.4,47.4,47.7,47.1,46.2,46.9,47.4,44.7,40.6,46.9,47.1,45.5,46.0,47.7,43.9,42.8,45.7,48.3,45.5,44.0,47.9,46.2,46.7,40.1,41.9,42.4,41.3,42.9,36.3,45.1,36.9,45.5,40.9,40.9,40.9,39.6,37.7,37.3,36.3,39.2,35.5,41.2,40.2,39.2,36.6,40.6,39.3,41.2,43.4,41.7,40.2,42.4,40.3,41.6,35.5,42.5,38.5,37.1,47.1,48.0,46.9,38.9,41.3,37.1,41.5,37.5,35.6,47.9,45.1,45.7,40.7,43.0,39.0,39.3,39.4,40.5,43.2,39.4
2406,37.8,36.9,36.8,43.0,44.7,47.6,47.2,44.5,46.6,45.7,47.2,47.0,46.5,45.6,46.6,47.1,44.3,40.7,46.9,47.3,45.1,45.6,47.3,43.2,42.3,45.1,47.7,45.1,43.6,47.4,45.7,46.5,39.7,41.3,42.0,40.9,43.5,36.0,44.4,36.5,44.7,41.4,40.3,40.2,39.5,37.8,36.5,36.9,39.2,34.6,40.3,40.0,38.4,36.8,39.9,39.8,40.5,43.1,41.2,40.6,42.7,39.5,41.7,35.6,42.1,38.9,36.4,46.5,47.5,46.6,37.6,40.5,36.6,41.1,37.8,34.9,47.8,44.9,45.2,40.1,42.3,38.2,38.7,39.9,40.0,42.8,39.2
2407,42.9,41.1,41.3,43.3,45.8,48.4,48.3,46.0,48.4,47.2,49.7,48.5,49.4,46.6,47.7,48.7,46.4,45.2,49.4,50.5,46.8,47.0,49.0,44.0,42.8,46.3,48.7,46.3,45.3,49.2,47.0,48.7,40.9,42.6,43.1,42.8,48.2,40.1,44.7,42.3,46.9,46.4,40.8,43.1,43.2,42.5,40.3,42.2,46.7,36.5,42.4,42.4,42.3,40.6,40.7,43.4,41.6,44.3,41.4,44.1,45.1,40.0,45.8,41.6,43.6,43.7,39.8,47.3,50.2,49.4,41.7,40.8,41.2,44.3,43.7,36.7,50.7,47.3,46.8,40.9,43.0,38.6,40.0,42.5,40.8,44.2,41.3
2408,48.1,45.3,46.2,47.8,49.3,51.0,51.3,49.4,51.3,50.1,52.8,51.6,52.9,49.4,50.9,51.5,50.1,49.1,52.7,53.6,50.3,50.0,52.1,47.2,46.4,49.8,51.2,49.6,48.6,52.1,50.1,51.5,43.9,45.9,45.9,46.1,53.3,44.5,48.8,47.5,50.2,51.1,44.6,47.1,47.5,47.6,44.8,46.9,53.0,42.1,49.1,45.9,48.5,44.7,42.9,47.4,44.9,47.0,44.2,47.2,47.3,43.8,49.6,47.7,45.9,48.3,44.0,49.9,53.2,52.2,47.9,46.3,46.1,49.8,48.5,42.6,54.2,50.3,49.8,45.1,46.9,42.2,43.6,45.4,43.6,47.4,44.9
2409,52.5,49.1,50.3,52.9,52.7,54.1,54.4,53.1,54.2,52.9,55.5,54.6,56.0,52.2,54.1,54.2,53.6,52.1,55.7,56.2,53.5,52.8,55.2,50.5,50.4,53.4,54.1,53.2,51.6,54.9,53.5,54.1,47.1,49.4,48.9,49.2,57.5,47.8,53.5,51.5,53.7,55.0,49.1,50.2,52.1,51.8,49.8,50.4,57.8,47.0,54.1,49.8,54.4,48.6,45.5,50.9,47.6,49.5,47.4,50.2,49.8,47.9,53.1,52.2,48.9,51.8,47.6,52.6,56.1,54.9,53.6,52.2,50.6,53.6,52.1,47.5,57.1,53.2,52.7,49.5,50.9,46.4,46.4,47.9,47.0,50.9,48.3
2410,56.3,52.2,53.4,57.1,56.0,56.8,57.3,56.4,56.5,55.3,57.9,57.2,58.5,54.5,57.0,56.4,56.5,55.0,58.0,58.6,56.5,55.4,58.0,53.6,54.1,56.6,56.8,56.3,54.5,57.2,56.5,56.6,50.2,52.6,51.6,52.1,61.1,50.8,57.9,54.8,57.2,57.7,52.8,53.3,55.9,55.4,54.2,53.4,61.4,51.1,57.9,53.1,59.4,51.8,48.0,53.6,49.9,52.1,50.1,52.9,52.2,51.4,56.0,55.6,51.7,54.8,50.5,55.0,58.3,57.3,58.1,56.4,54.7,56.5,55.2,51.1,59.3,55.4,55.4,53.0,54.4,50.3,49.0,49.7,50.0,54.0,51.5
2411,59.6,54.8,55.8,60.5,59.0,59.4,59.9,58.9,58.6,57.6,59.9,59.3,60.3,56.8,59.7,58.4,59.0,57.4,59.9,60.4,59.0,57.5,60.3,56.1,57.3,59.3,58.9,58.9,56.9,59.2,59.0,58.6,53.1,55.2,54.1,54.6,64.1,53.5,61.3,57.7,60.0,60.1,56.2,56.0,59.3,57.9,57.8,56.0,64.2,54.4,60.8,56.0,63.1,54.2,49.9,56.0,51.8,54.0,52.6,54.9,54.5,54.3,58.5,58.2,54.5,57.1,53.2,57.1,60.3,59.3,61.2,60.0,58.2,59.0,57.8,54.0,61.0,57.6,57.6,55.9,57.3,53.5,51.3,51.3,52.8,56.6,53.8
2412,62.4,56.8,57.2,63.4,61.1,61.7,62.2,61.1,60.2,59.3,61.5,61.2,62.0,58.5,61.8,60.2,61.0,59.4,61.5,61.9,60.9,59.2,62.3,58.4,59.8,61.6,60.7,60.9,58.8,61.0,61.0,60.2,55.2,57.2,56.0,56.4,66.5,55.5,64.2,60.2,62.8,62.0,59.0,58.2,62.1,59.9,60.4,58.1,66.3,56.8,62.7,58.1,65.6,56.3,51.5,57.8,53.2,55.4,54.8,56.7,56.3,56.6,60.6,60.2,57.0,59.0,55.2,58.8,62.0,60.9,63.6,62.6,60.7,61.1,59.9,56.0,62.4,59.3,59.5,58.4,59.6,56.2,53.0,52.7,54.9,58.6,55.8
2413,64.4,58.0,58.6,65.5,63.0,63.5,64.0,62.8,61.8,60.7,62.7,62.6,63.3,60.1,63.4,61.6,62.3,60.9,62.5,63.0,62.5,60.8,64.1,60.2,61.9,63.4,62.1,62.6,60.5,62.5,62.5,61.6,56.9,59.0,57.5,58.1,68.1,56.9,66.4,61.8,64.9,63.3,61.0,59.6,64.1,61.6,62.4,59.5,68.0,58.4,64.1,59.5,67.6,58.0,52.5,59.1,54.3,56.6,56.4,57.9,57.9,58.5,62.2,61.6,59.2,60.1,57.1,60.4,63.6,62.3,65.4,64.9,62.9,62.7,61.4,57.7,63.3,60.4,61.0,60.6,61.5,58.3,54.7,53.6,56.8,60.1,57.5
2414,65.4,59.1,59.6,67.1,64.2,64.8,65.3,63.9,62.7,61.8,63.7,63.7,64.2,61.2,64.8,62.5,63.7,61.9,63.6,63.6,63.6,61.8,65.0,61.4,63.5,64.8,63.2,63.7,61.5,63.4,63.6,62.6,58.2,60.2,58.9,59.2,69.3,57.8,67.7,63.0,66.3,64.3,62.8,60.8,65.6,62.4,63.6,60.4,68.8,59.7,64.9,60.5,69.0,59.0,53.3,60.0,55.1,57.2,57.7,58.7,58.7,59.9,63.2,62.7,60.4,60.9,58.3,61.4,64.7,63.1,66.8,66.5,64.0,63.9,62.6,58.5,63.9,61.3,62.0,62.2,62.8,59.7,55.6,54.0,58.1,61.2,58.6
2415,65.6,59.2,60.1,68.0,64.9,65.5,65.9,64.5,63.1,62.2,63.9,64.4,64.5,61.7,65.2,63.3,64.1,62.1,63.8,63.7,64.1,62.5,65.6,62.0,64.4,65.5,63.7,64.2,62.1,63.9,64.3,63.0,59.1,60.7,59.6,59.9,69.6,57.9,68.5,63.3,67.3,64.6,63.7,61.3,65.9,62.5,64.1,60.6,68.9,60.3,65.4,60.8,69.4,59.1,53.7,60.4,55.4,57.7,58.6,59.0,59.1,60.7,63.6,63.0,61.3,61.2,58.9,62.1,65.1,63.7,67.1,67.4,64.4,64.4,63.0,58.8,64.2,61.8,62.7,62.9,63.6,60.6,56.2,53.9,59.0,61.7,59.4
2416,65.0,58.7,59.2,68.3,64.8,65.6,65.9,64.4,63.0,62.2,63.8,64.6,64.6,61.7,65.2,63.3,64.1,61.8,63.5,63.3,64.0,62.5,65.5,62.0,64.4,65.3,63.6,64.1,62.3,64.0,64.2,62.8,59.3,60.9,59.8,60.0,69.2,57.1,68.7,63.0,67.3,64.1,64.0,61.4,65.6,61.8,64.0,60.1,68.1,60.0,65.1,60.3,68.9,58.9,53.9,60.2,55.4,57.7,58.8,59.1,58.9,61.0,63.5,62.8,61.3,60.8,58.6,62.1,64.9,63.7,66.8,67.7,64.1,64.4,62.8,58.5,64.0,61.5,62.5,63.1,63.5,60.7,56.2,53.3,59.1,61.7,59.4
2417,63.5,57.3,57.9,67.8,64.2,65.0,65.1,63.7,62.0,61.4,63.0,64.3,63.9,61.2,64.2,62.5,63.3,60.6,62.7,62.4,63.2,61.9,64.8,61.1,63.5,64.4,63.1,63.4,61.7,63.4,63.5,61.9,58.7,60.2,59.3,59.1,68.0,55.6,67.9,61.8,66.9,62.5,63.5,60.9,64.1,60.0,63.0,58.7,66.5,59.1,64.3,58.7,67.8,57.7,53.4,59.3,54.9,56.9,58.7,58.1,58.1,60.7,62.4,61.7,60.5,59.9,57.3,61.5,64.2,63.0,65.7,67.3,62.8,63.7,61.7,57.4,63.0,60.6,61.8,62.3,62.9,60.3,55.4,52.3,58.6,60.9,58.6
2418,60.0,54.2,53.9,66.2,62.1,63.4,63.5,61.9,60.3,59.8,61.2,63.1,62.0,59.9,62.5,60.9,61.5,58.1,60.7,60.2,61.5,60.0,63.0,59.5,61.8,62.6,61.8,61.3,59.9,61.7,62.0,59.9,56.8,58.4,57.9,57.8,64.9,52.8,66.4,59.3,65.5,58.9,61.7,59.0,60.8,56.6,61.0,56.1,63.1,57.5,62.5,56.5,65.5,53.9,52.3,57.4,53.9,55.8,57.8,56.0,56.2,59.7,59.9,59.2,58.9,57.9,55.1,60.4,62.3,61.0,63.3,65.9,60.0,62.1,59.4,55.3,60.9,58.7,60.1,60.8,61.1,59.0,53.8,50.6,57.2,59.3,57.2
2419,54.5,49.9,48.5,62.3,58.8,60.5,60.3,58.5,57.6,56.9,58.4,60.7,58.5,57.6,59.1,58.0,57.8,53.9,58.0,57.1,58.2,57.1,59.5,56.0,57.5,58.9,59.7,58.1,56.5,58.6,58.9,56.6,53.6,55.0,55.2,54.7,59.0,48.8,62.6,54.7,62.7,53.0,57.8,55.1,56.2,52.0,57.0,52.0,58.5,53.4,58.9,53.8,61.4,48.9,50.1,53.9,51.3,53.1,55.8,52.0,53.6,57.2,55.5,54.5,56.1,54.2,50.6,58.0,59.1,57.9,58.7,62.2,55.5,58.2,54.5,51.4,58.1,55.7,56.8,57.0,56.8,55.5,50.4,48.5,54.0,56.0,53.1
2420,51.4,47.3,45.5,57.6,55.9,57.6,57.6,55.0,55.9,54.7,56.3,58.3,56.3,55.4,56.3,56.2,54.2,51.0,55.7,55.0,55.3,55.0,57.0,53.1,53.1,55.2,58.0,55.2,53.8,56.0,56.1,54.6,50.2,52.0,52.3,51.3,55.6,46.6,58.0,51.5,59.9,50.1,53.0,51.4,53.1,49.3,53.6,49.3,56.2,48.5,55.4,51.8,56.4,46.2,48.1,51.1,49.1,51.2,53.2,49.7,51.4,52.8,52.6,51.2,53.3,51.1,47.9,56.3,57.0,55.5,54.5,56.2,52.1,54.0,51.7,47.6,56.0,53.7,54.4,52.0,53.1,51.4,46.0,47.0,50.9,53.2,49.4
2421,49.3,45.6,44.0,54.6,53.7,56.2,55.9,53.0,54.4,53.7,54.9,56.2,54.9,53.8,54.7,54.9,52.3,49.0,54.0,53.6,53.4,53.4,55.4,51.7,50.9,53.2,56.6,53.4,52.0,54.7,54.2,53.5,48.2,50.1,50.6,49.6,53.4,44.7,55.1,48.9,58.0,48.2,51.0,49.3,51.1,47.3,50.7,47.0,53.7,45.8,52.7,50.4,52.8,44.6,46.9,48.9,47.5,49.8,50.7,48.4,49.6,50.1,50.3,48.9,51.6,49.0,46.2,54.8,55.5,54.1,51.9,53.3,49.5,51.7,49.7,45.9,54.7,52.3,52.8,49.7,51.1,49.0,44.0,45.7,49.0,51.4,47.1
2422,47.0,44.0,42.9,52.6,52.1,54.7,54.5,51.2,53.3,52.4,53.5,54.8,53.6,52.6,53.2,53.7,50.8,47.6,52.6,52.5,52.2,52.4,54.2,50.4,49.5,52.0,55.4,51.9,50.5,53.5,52.8,52.4,46.8,48.5,49.2,47.9,51.3,43.2,53.0,46.7,56.2,46.8,49.0,47.7,49.0,45.4,48.3,45.2,51.9,44.0,50.7,48.7,50.3,43.6,46.1,47.1,46.3,48.4,48.8,47.2,48.5,48.2,49.0,46.5,49.9,46.8,44.7,53.6,54.2,52.9,49.6,51.0,47.3,50.0,47.7,44.4,53.4,51.1,51.8,48.0,49.7,47.2,43.1,44.5,47.5,50.0,45.6
2423,45.4,42.8,41.7,50.9,50.8,53.4,52.9,50.1,52.5,51.3,52.3,53.5,52.4,51.6,51.9,52.6,49.6,46.4,51.4,51.6,50.9,51.5,53.0,49.2,48.1,50.7,54.1,50.7,49.4,52.7,51.6,51.4,45.5,47.2,48.0,46.7,49.7,42.0,51.5,45.2,54.4,45.6,47.5,46.7,47.4,44.2,46.1,43.5,49.6,42.3,48.6,47.2,48.4,42.6,45.2,45.3,45.5,47.6,47.5,46.3,47.0,46.6,47.4,44.3,48.4,45.2,43.2,52.6,53.1,51.8,47.9,49.3,45.2,48.5,46.0,42.9,52.2,50.2,50.7,46.8,48.5,45.7,42.3,43.7,46.2,48.8,44.5
2424,44.0,41.4,40.7,49.4,49.8,52.2,51.7,49.0,51.6,50.3,51.4,52.5,51.2,50.6,50.8,51.8,48.7,45.2,50.7,50.7,49.9,50.3,52.0,48.3,47.2,49.7,52.9,49.7,48.2,51.7,50.5,50.7,44.3,46.0,47.0,45.6,48.7,40.7,50.3,43.8,52.5,44.6,46.0,45.5,46.1,43.0,44.2,41.8,47.2,40.7,47.0,45.9,47.1,41.6,44.4,44.2,44.7,46.8,46.2,45.2,46.1,45.2,46.2,42.7,47.2,43.7,41.7,51.5,52.3,50.9,46.2,47.6,43.6,47.2,44.4,41.4,51.4,49.0,49.8,45.7,47.6,44.3,41.9,42.8,45.1,47.7,43.6
2425,42.3,40.5,39.5,48.1,48.8,51.3,50.7,48.1,50.8,49.5,50.3,51.5,50.1,49.7,50.1,50.9,47.7,44.0,49.8,49.8,48.9,49.5,51.0,47.5,46.3,48.9,52.0,48.8,47.3,50.9,49.5,50.0,43.4,45.1,45.9,44.7,47.5,39.8,49.5,42.2,51.1,43.6,44.9,44.6,44.7,41.8,42.7,40.5,45.4,39.5,45.7,44.6,45.4,40.7,43.8,43.0,44.0,46.2,45.2,44.3,45.3,44.1,45.0,41.2,45.9,42.0,40.7,50.5,51.3,49.9,44.7,46.2,42.1,46.0,42.9,40.2,50.5,48.3,48.8,44.6,46.8,43.3,41.4,42.1,44.3,46.7,42.5
2426,41.1,39.8,38.8,46.9,47.9,50.5,49.9,47.5,49.7,48.8,49.5,50.8,49.2,48.9,49.2,50.1,47.1,43.1,48.8,49.2,48.1,48.5,50.0,46.5,45.5,48.0,51.0,47.9,46.5,49.9,48.8,49.3,42.5,44.0,45.0,44.1,46.6,39.0,48.1,41.1,49.5,43.3,43.9,43.6,43.4,40.8,41.2,39.3,43.5,38.2,44.5,43.3,43.7,39.7,42.9,42.0,43.3,45.2,44.1,43.1,44.5,43.0,44.2,39.8,44.8,40.9,39.7,49.6,50.4,49.1,43.0,44.8,40.8,44.8,41.3,39.1,49.7,47.7,48.1,43.5,45.8,42.1,40.9,41.3,43.3,45.9,41.8
2427,40.2,38.7,38.1,45.9,47.1,49.7,49.2,46.9,48.8,48.2,48.7,49.8,48.6,48.2,48.5,49.3,46.3,42.1,48.3,48.5,47.4,47.7,49.3,45.8,44.7,47.4,50.4,47.2,45.8,49.3,48.0,48.6,41.8,43.6,44.2,43.1,45.5,38.0,47.1,40.0,48.1,42.5,43.1,42.9,42.0,40.3,39.4,38.2,41.8,37.2,43.2,42.1,42.3,38.8,42.4,40.9,42.6,44.6,43.3,42.1,43.9,42.1,43.1,38.5,44.0,40.1,38.8,49.0,49.7,48.4,41.7,43.8,39.5,43.8,39.9,38.0,48.9,47.0,47.6,42.6,45.0,41.2,40.3,40.8,42.5,45.1,41.1
2428,39.4,37.9,37.1,45.0,46.4,49.2,48.6,46.3,48.2,47.6,48.0,49.1,47.9,47.5,47.8,48.5,45.8,41.2,47.7,47.8,46.7,47.1,48.7,45.1,44.0,46.7,49.6,46.5,45.2,48.8,47.4,47.9,41.2,43.0,43.5,42.3,44.3,37.3,46.4,38.7,46.9,41.9,42.1,42.0,41.0,39.4,38.6,37.4,40.5,36.3,42.3,41.2,40.8,37.8,41.6,39.9,41.9,44.0,42.5,41.3,43.2,41.1,42.1,37.1,43.3,39.2,37.8,48.2,48.9,47.8,40.5,42.8,38.3,42.8,38.6,36.8,48.5,46.2,47.0,42.0,44.2,40.4,39.7,40.2,41.7,44.5,40.6
2429,38.4,37.5,36.8,44.2,45.8,48.6,48.0,45.4,47.5,46.9,47.7,48.2,47.5,46.7,47.3,47.9,45.2,40.5,47.2,47.2,46.0,46.5,48.1,44.3,43.3,46.1,48.8,46.0,44.6,48.3,46.8,47.3,40.6,42.3,42.9,41.9,43.5,36.7,45.5,37.3,45.9,41.4,41.3,41.2,40.1,38.2,37.6,36.5,39.3,35.6,41.5,40.4,39.3,37.1,40.9,39.3,41.5,43.7,41.7,40.3,42.5,40.3,41.5,35.7,42.6,38.4,36.9,47.5,48.4,47.3,39.0,41.8,37.6,41.9,37.6,35.9,48.1,45.6,46.2,41.3,43.5,39.6,39.3,39.7,41.0,43.7,39.8
2430,38.4,37.5,37.3,43.5,45.1,48.1,47.6,44.9,47.0,46.2,47.6,47.5,47.1,46.0,46.9,47.5,44.8,40.8,47.3,47.4,45.6,46.1,47.8,43.7,42.7,45.4,48.2,45.5,44.1,47.9,46.2,47.2,40.2,41.8,42.4,41.4,44.1,36.5,44.8,37.0,45.0,41.9,40.7,40.5,40.1,38.3,36.8,37.3,39.3,34.8,40.6,40.2,38.5,37.4,40.3,40.0,40.9,43.3,41.2,40.9,42.8,39.5,41.8,35.9,42.1,39.0,36.3,46.9,48.0,47.1,37.9,41.1,37.2,41.5,38.1,35.2,48.1,45.4,45.7,40.7,42.8,38.8,38.6,40.3,40.4,43.4,39.6
2431,43.6,41.7,42.0,43.8,46.4,48.8,48.8,46.6,49.0,47.8,50.2,49.1,50.0,47.2,48.1,49.2,47.0,45.5,49.9,50.6,47.4,47.6,49.6,44.5,43.3,46.8,49.2,46.8,45.9,49.7,47.6,49.4,41.5,43.2,43.6,43.4,48.8,40.6,45.2,42.9,47.3,47.0,41.4,43.4,43.9,43.1,40.7,42.6,47.1,36.9,42.8,42.7,42.6,41.3,41.1,43.7,42.1,44.6,41.5,44.5,45.4,40.1,46.1,42.1,43.7,44.1,39.9,47.9,50.7,49.9,42.0,41.4,41.9,44.8,44.0,37.3,51.0,47.9,47.4,41.6,43.7,39.3,40.2,42.9,41.4,44.8,41.9
2432,48.7,46.0,46.8,48.4,49.9,51.5,51.8,50.0,51.8,50.7,53.3,52.2,53.4,50.0,51.3,52.1,50.7,49.4,53.3,53.9,50.9,50.6,52.7,47.8,47.0,50.3,51.7,50.2,49.2,52.7,50.8,52.1,44.5,46.5,46.4,46.8,53.9,45.0,49.3,47.9,50.6,51.7,45.2,47.4,48.2,48.2,45.3,47.3,53.4,42.5,49.6,46.3,48.9,45.4,43.3,47.7,45.2,47.2,44.4,47.7,47.6,44.0,50.0,48.2,46.1,48.7,44.2,50.5,53.7,52.8,48.3,47.0,46.7,50.2,48.9,43.0,54.5,50.9,50.5,45.7,47.6,42.8,43.8,45.9,44.3,48.1,45.4
2433,53.1,49.6,50.8,53.5,53.4,54.7,54.9,53.7,54.7,53.5,56.1,55.2,56.6,52.8,54.6,54.8,54.2,52.5,56.3,56.6,54.2,53.4,55.7,51.2,50.9,54.0,54.7,53.8,52.3,55.5,54.0,54.8,47.7,50.0,49.4,49.8,58.1,48.3,54.0,51.9,54.0,55.5,49.7,50.5,52.7,52.3,50.2,50.7,58.1,47.5,54.5,50.1,54.8,49.1,45.8,51.4,47.9,49.7,47.6,50.7,50.2,48.1,53.4,52.7,49.1,52.3,48.0,53.2,56.6,55.5,54.0,52.8,51.3,54.0,52.5,47.8,57.6,53.9,53.3,50.1,51.5,47.0,46.5,48.4,47.6,51.5,48.8
2434,57.0,52.7,53.8,57.7,56.7,57.4,57.9,57.1,57.0,56.0,58.5,57.8,59.1,55.2,57.6,57.0,57.2,55.4,58.7,59.1,57.2,56.1,58.5,54.3,54.7,57.2,57.4,56.9,55.2,57.8,57.1,57.3,50.8,53.2,52.2,52.7,61.7,51.2,58.4,55.2,57.5,58.2,53.4,53.5,56.5,55.8,54.5,53.7,61.7,51.5,58.3,53.5,59.7,52.2,48.3,54.2,50.1,52.3,50.3,53.5,52.7,51.7,56.4,56.1,52.0,55.3,50.9,55.6,58.8,58.0,58.4,57.0,55.3,56.9,55.6,51.4,59.7,56.1,56.0,53.6,55.0,50.9,49.2,50.4,50.6,54.7,52.0
2435,60.2,55.2,56.1,61.1,59.6,60.0,60.5,59.6,59.2,58.2,60.6,60.0,61.0,57.4,60.3,59.0,59.7,57.9,60.5,60.9,59.7,58.2,60.9,56.7,57.8,59.9,59.6,59.5,57.6,59.8,59.7,59.3,53.5,55.8,54.7,55.2,64.6,53.8,61.8,58.1,60.4,60.6,56.8,56.3,59.9,58.3,58.1,56.2,64.5,54.8,61.1,56.4,63.4,54.5,50.1,56.6,52.1,54.2,52.9,55.5,55.1,54.7,59.0,58.7,54.9,57.7,53.8,57.7,60.8,60.0,61.5,60.5,58.7,59.4,58.2,54.2,61.6,58.2,58.2,56.5,57.9,54.1,51.4,52.0,53.3,57.3,54.3
2436,62.9,57.1,57.6,63.9,61.7,62.3,62.8,61.7,60.9,60.0,62.2,61.9,62.7,59.1,62.3,60.9,61.6,60.0,62.2,62.5,61.5,59.9,62.9,58.9,60.4,62.2,61.3,61.5,59.4,61.7,61.6,60.9,55.6,57.7,56.5,57.0,67.0,55.7,64.6,60.6,63.1,62.5,59.6,58.4,62.5,60.3,60.7,58.3,66.7,57.0,63.1,58.6,65.9,56.7,51.7,58.4,53.3,55.5,55.1,57.3,57.0,57.1,61.1,60.6,57.5,59.6,55.8,59.4,62.5,61.6,63.9,63.0,61.1,61.4,60.2,56.3,62.9,60.0,60.2,59.0,60.2,56.7,53.2,53.4,55.5,59.2,56.2
2437,64.9,58.4,58.9,66.0,63.5,64.0,64.5,63.3,62.4,61.3,63.4,63.4,64.0,60.7,63.9,62.3,62.9,61.6,63.2,63.6,63.1,61.5,64.6,60.7,62.5,63.9,62.7,63.2,61.1,63.1,63.1,62.4,57.3,59.4,58.0,58.6,68.5,57.1,66.7,62.2,65.2,63.8,61.6,59.8,64.5,61.8,62.7,59.7,68.3,58.7,64.4,60.0,67.8,58.3,52.7,59.8,54.4,56.7,56.8,58.6,58.6,59.0,62.8,62.1,59.7,60.8,57.8,61.0,64.0,63.0,65.7,65.3,63.3,63.1,61.7,58.0,63.8,61.1,61.5,61.1,62.1,58.7,54.8,54.5,57.3,60.7,57.9
2438,65.8,59.4,59.8,67.6,64.7,65.3,65.7,64.3,63.4,62.4,64.4,64.5,64.9,61.7,65.3,63.1,64.2,62.6,64.3,64.2,64.1,62.4,65.6,61.9,63.9,65.3,63.8,64.2,62.1,64.0,64.1,63.3,58.5,60.6,59.3,59.7,69.7,58.0,68.1,63.2,66.6,64.7,63.3,61.0,65.9,62.5,63.9,60.6,69.2,59.9,65.2,61.0,69.2,59.3,53.5,60.7,55.2,57.4,58.2,59.5,59.4,60.5,63.9,63.1,61.0,61.6,58.9,62.0,65.1,63.9,67.1,66.9,64.4,64.2,63.0,58.9,64.4,62.1,62.6,62.7,63.4,60.1,55.9,54.9,58.5,61.7,58.9
2439,65.9,59.5,60.3,68.5,65.3,65.9,66.4,64.9,63.7,62.7,64.7,65.1,65.0,62.2,65.6,63.9,64.6,62.9,64.5,64.3,64.5,63.2,66.1,62.5,64.9,65.9,64.3,64.6,62.6,64.5,64.7,63.8,59.3,61.1,60.0,60.3,70.0,58.1,68.9,63.5,67.5,64.9,64.2,61.6,66.3,62.8,64.3,60.8,69.3,60.5,65.6,61.3,69.6,59.5,53.9,61.2,55.6,57.9,59.1,59.8,59.9,61.4,64.3,63.4,61.9,61.8,59.6,62.6,65.5,64.4,67.4,67.8,64.8,64.7,63.4,59.2,64.7,62.4,63.2,63.4,64.1,60.9,56.5,54.7,59.3,62.2,59.6
2440,65.2,59.0,59.3,68.8,65.3,66.0,66.3,64.8,63.6,62.7,64.5,65.2,65.3,62.2,65.7,63.9,64.5,62.4,64.1,64.0,64.4,63.1,66.0,62.4,64.9,65.8,64.1,64.5,62.9,64.5,64.6,63.5,59.6,61.2,60.2,60.4,69.6,57.3,69.1,63.1,67.5,64.3,64.5,61.7,65.9,62.1,64.3,60.3,68.5,60.2,65.4,60.8,69.1,59.2,54.2,60.9,55.6,58.0,59.4,59.9,59.7,61.6,64.2,63.2,61.8,61.4,59.3,62.6,65.4,64.4,67.0,68.1,64.4,64.7,63.2,58.9,64.5,62.2,63.0,63.5,64.0,61.1,56.5,54.1,59.5,62.2,59.7
2441,63.7,57.5,58.0,68.3,64.7,65.4,65.6,64.1,62.6,61.9,63.7,64.9,64.6,61.7,64.7,63.1,63.7,61.4,63.3,63.2,63.6,62.4,65.3,61.6,63.9,64.9,63.6,63.9,62.2,63.9,63.9,62.6,58.9,60.5,59.7,59.5,68.4,55.7,68.2,62.0,67.1,62.7,64.0,61.1,64.3,60.2,63.3,59.0,66.9,59.3,64.6,59.3,68.1,58.0,53.6,60.0,55.2,57.2,59.2,58.9,58.9,61.4,63.2,62.1,61.1,60.5,58.0,62.0,64.7,63.7,66.0,67.6,63.1,64.0,62.2,57.8,63.5,61.3,62.2,62.6,63.3,60.6,55.8,53.1,58.9,61.4,58.8
2442,60.2,54.4,54.1,66.6,62.6,63.8,64.0,62.4,60.8,60.4,61.9,63.7,62.5,60.4,63.0,61.4,62.0,58.8,61.3,61.0,61.9,60.6,63.5,59.9,62.2,63.1,62.3,61.7,60.4,62.1,62.4,60.5,57.1,58.7,58.3,58.2,65.3,53.0,66.8,59.5,65.7,59.1,62.2,59.2,61.1,56.9,61.3,56.4,63.5,57.7,62.8,57.0,65.8,54.3,52.6,58.1,54.2,56.0,58.3,56.6,57.0,60.3,60.6,59.7,59.4,58.5,55.7,60.9,62.8,61.7,63.5,66.2,60.3,62.4,59.8,55.7,61.5,59.4,60.6,61.1,61.4,59.3,54.2,51.3,57.4,59.8,57.5
2443,54.8,50.1,48.8,62.7,59.2,61.0,60.8,58.9,58.1,57.4,59.0,61.2,59.1,58.1,59.6,58.6,58.3,54.4,58.7,57.9,58.7,57.6,60.0,56.4,58.0,59.4,60.2,58.6,57.0,59.1,59.3,57.1,54.0,55.4,55.5,55.2,59.4,48.9,62.9,54.8,62.9,53.3,58.2,55.3,56.5,52.3,57.2,52.3,58.9,53.7,59.2,54.2,61.8,49.3,50.4,54.5,51.5,53.4,56.3,52.6,54.3,57.8,56.1,55.0,56.5,54.7,51.1,58.5,59.5,58.5,59.0,62.4,55.8,58.5,54.9,51.8,58.6,56.3,57.4,57.3,57.2,55.8,50.8,49.3,54.4,56.5,53.6
2444,51.5,47.4,45.9,58.0,56.3,58.1,58.0,55.5,56.2,55.2,56.8,58.8,56.8,55.9,56.7,56.7,54.7,51.3,56.4,55.7,55.8,55.5,57.5,53.5,53.6,55.6,58.5,55.7,54.3,56.4,56.5,55.1,50.5,52.5,52.6,51.7,56.0,46.6,58.3,51.6,60.2,50.4,53.5,51.6,53.3,49.4,53.9,49.7,56.7,48.7,55.6,52.3,56.7,46.5,48.3,51.7,49.4,51.4,53.7,50.3,52.0,53.3,53.1,51.6,53.7,51.4,48.4,56.7,57.3,56.1,54.7,56.4,52.3,54.3,52.0,47.9,56.5,54.3,54.8,52.3,53.5,51.7,46.4,47.7,51.2,53.7,49.8
2445,49.5,45.8,44.3,55.0,54.1,56.7,56.3,53.4,54.8,54.1,55.5,56.7,55.4,54.2,55.1,55.3,52.7,49.3,54.6,54.2,53.8,53.9,55.8,52.0,51.3,53.6,57.1,54.0,52.5,55.0,54.7,53.9,48.4,50.5,51.0,50.0,53.8,44.8,55.4,49.0,58.2,48.5,51.3,49.5,51.3,47.5,51.0,47.4,54.0,45.9,53.0,50.8,53.0,44.8,47.1,49.5,47.7,50.0,51.1,48.9,50.1,50.5,50.8,49.2,52.0,49.3,46.6,55.3,55.9,54.7,52.1,53.5,49.8,51.9,49.9,46.2,55.1,52.9,53.3,50.0,51.5,49.3,44.3,46.4,49.3,52.0,47.6
2446,47.2,44.2,43.1,52.9,52.5,55.2,54.8,51.6,53.8,52.8,54.0,55.3,54.0,53.1,53.7,54.1,51.3,47.9,53.2,53.0,52.6,52.9,54.6,50.7,49.8,52.3,55.8,52.4,51.0,53.9,53.2,52.8,47.0,49.0,49.5,48.2,51.7,43.4,53.3,46.8,56.4,47.1,49.3,47.9,49.2,45.6,48.6,45.5,52.2,44.3,50.8,49.1,50.5,43.8,46.2,47.5,46.4,48.5,49.1,47.6,48.9,48.5,49.2,46.6,50.2,47.1,45.0,54.0,54.5,53.5,49.8,51.2,47.7,50.3,47.9,44.6,53.8,51.7,52.2,48.2,50.1,47.5,43.3,45.2,47.8,50.5,46.1
2447,45.5,43.1,41.9,51.2,51.2,53.9,53.4,50.5,52.9,51.7,52.7,54.0,52.8,52.0,52.4,53.0,50.0,46.6,52.0,52.1,51.3,51.9,53.4,49.5,48.5,51.2,54.5,51.1,49.8,53.0,52.0,51.8,45.8,47.4,48.4,47.1,50.2,42.1,51.8,45.5,54.6,45.8,47.8,46.9,47.5,44.4,46.4,43.8,49.9,42.4,48.8,47.6,48.6,42.9,45.4,45.7,45.6,47.7,47.7,46.7,47.5,46.9,47.6,44.5,48.7,45.4,43.4,53.0,53.4,52.3,48.2,49.5,45.6,48.8,46.1,43.0,52.6,50.7,51.1,47.0,48.9,45.9,42.6,44.3,46.5,49.2,44.9
2448,44.2,41.6,40.9,49.8,50.1,52.6,52.0,49.3,52.0,50.7,51.8,52.9,51.6,51.1,51.2,52.2,49.1,45.3,51.2,51.2,50.3,50.7,52.4,48.6,47.5,50.1,53.3,50.1,48.6,52.0,50.9,51.0,44.6,46.3,47.3,46.0,49.1,40.9,50.7,44.0,52.8,44.9,46.3,45.6,46.3,43.2,44.5,42.1,47.5,40.8,47.1,46.3,47.2,41.8,44.6,44.6,44.9,46.8,46.5,45.7,46.5,45.5,46.5,42.9,47.4,43.9,41.9,51.9,52.5,51.3,46.4,47.9,43.9,47.3,44.5,41.6,51.8,49.6,50.1,45.9,47.9,44.6,42.1,43.5,45.3,48.2,44.1
2449,42.4,40.7,39.8,48.5,49.1,51.7,51.1,48.5,51.2,49.9,50.7,51.9,50.5,50.1,50.4,51.3,48.1,44.2,50.2,50.3,49.3,49.9,51.3,47.8,46.6,49.1,52.4,49.2,47.6,51.2,49.9,50.4,43.8,45.5,46.3,45.1,48.0,40.0,49.8,42.6,51.3,43.9,45.2,44.6,44.9,42.1,43.0,40.8,45.7,39.7,45.8,44.9,45.5,40.9,43.9,43.3,44.1,46.2,45.4,44.7,45.6,44.4,45.2,41.3,46.1,42.2,40.9,50.9,51.6,50.4,44.8,46.4,42.4,46.2,43.0,40.4,50.8,48.9,49.2,44.8,47.0,43.6,41.6,42.7,44.6,47.1,43.1
2450,41.3,39.9,39.0,47.3,48.3,50.9,50.2,47.8,50.1,49.2,49.8,51.1,49.5,49.3,49.5,50.4,47.4,43.2,49.2,49.6,48.4,48.8,50.4,46.8,45.8,48.3,51.4,48.3,46.7,50.3,49.0,49.5,42.9,44.4,45.4,44.5,47.0,39.2,48.4,41.4,49.7,43.6,44.2,43.7,43.5,41.0,41.4,39.7,43.8,38.2,44.6,43.6,43.9,39.8,43.0,42.3,43.4,45.3,44.3,43.5,44.9,43.2,44.3,39.9,45.0,41.0,39.9,50.0,50.6,49.6,43.2,45.2,41.3,45.0,41.4,39.0,50.1,48.2,48.5,43.7,46.1,42.4,41.1,42.0,43.6,46.3,42.2
2451,40.3,38.8,38.2,46.3,47.4,50.1,49.5,47.1,49.2,48.6,49.1,50.1,48.9,48.6,48.8,49.7,46.5,42.1,48.7,48.9,47.7,48.1,49.6,46.0,45.0,47.7,50.7,47.6,46.1,49.7,48.3,48.9,42.2,44.0,44.6,43.6,45.9,38.2,47.4,40.2,48.3,42.8,43.3,42.9,42.2,40.3,39.8,38.6,42.1,37.2,43.4,42.4,42.4,39.0,42.6,41.1,42.8,44.6,43.5,42.5,44.1,42.2,43.2,38.6,44.1,40.2,38.9,49.3,50.0,48.9,41.9,44.2,40.0,44.0,40.1,37.9,49.3,47.4,48.0,42.8,45.2,41.5,40.5,41.4,42.9,45.4,41.6
2452,39.6,38.0,37.3,45.4,46.7,49.5,49.0,46.5,48.5,48.0,48.4,49.3,48.3,47.9,48.1,48.8,46.1,41.3,48.1,48.4,47.0,47.4,48.9,45.4,44.2,47.0,50.0,46.9,45.5,49.1,47.7,48.2,41.6,43.4,44.0,42.9,44.7,37.5,46.7,38.9,47.1,42.2,42.3,42.0,41.2,39.4,38.7,37.7,40.9,36.3,42.5,41.5,40.9,38.0,41.8,40.1,42.1,44.1,42.7,41.5,43.5,41.2,42.2,37.3,43.4,39.2,37.8,48.6,49.2,48.2,40.7,43.1,38.9,42.9,38.8,36.8,48.9,46.7,47.3,42.2,44.5,40.8,40.0,40.8,42.1,44.8,41.0
2453,38.6,37.5,36.9,44.7,46.0,48.8,48.3,45.7,47.8,47.3,48.1,48.4,47.8,47.1,47.5,48.2,45.4,40.6,47.7,47.7,46.3,46.8,48.4,44.6,43.4,46.3,49.1,46.2,44.9,48.6,47.0,47.6,40.9,42.7,43.4,42.4,44.0,36.8,45.8,37.5,46.1,41.6,41.5,41.2,40.4,38.3,37.7,36.8,39.7,35.6,41.7,40.6,39.4,37.4,41.0,39.4,41.7,43.8,41.9,40.5,42.7,40.4,41.5,35.9,42.7,38.4,37.0,47.9,48.6,47.7,39.2,42.2,38.1,42.0,37.9,35.7,48.5,46.0,46.6,41.5,43.8,39.9,39.5,40.2,41.3,44.1,40.3
2454,38.8,37.6,37.5,43.8,45.3,48.3,47.8,45.2,47.3,46.6,48.0,47.8,47.5,46.4,47.1,47.8,45.0,41.0,47.7,48.0,45.9,46.4,48.1,44.0,42.9,45.7,48.5,45.8,44.5,48.2,46.5,47.4,40.5,42.1,42.9,41.8,44.6,36.6,45.1,37.3,45.2,42.2,40.9,40.6,40.5,38.4,37.0,37.7,39.7,34.6,40.7,40.5,38.6,37.8,40.4,40.2,41.0,43.4,41.3,41.2,43.2,39.6,41.9,36.2,42.2,39.1,36.3,47.3,48.3,47.6,38.1,41.3,37.7,41.6,38.5,35.0,48.4,45.9,46.1,40.9,43.1,39.1,38.8,40.9,40.8,43.7,40.1
2455,43.9,41.8,42.3,44.2,46.7,49.1,49.1,46.9,49.3,48.2,50.7,49.4,50.4,47.6,48.4,49.6,47.4,45.9,50.4,51.3,47.8,48.1,50.0,44.9,43.6,47.1,49.6,47.2,46.4,50.1,47.9,49.8,41.9,43.7,44.1,44.0,49.2,40.8,45.6,43.2,47.5,47.3,41.7,43.6,44.3,43.2,41.0,43.0,47.6,36.9,43.2,43.0,42.9,41.6,41.3,44.1,42.4,44.8,41.8,44.9,45.8,40.2,46.4,42.6,43.9,44.4,40.1,48.3,51.1,50.4,42.4,41.7,42.4,45.1,44.4,37.5,51.4,48.4,47.7,41.9,44.0,39.7,40.5,43.6,41.8,45.3,42.4
2456,48.9,46.1,47.1,48.7,50.3,51.8,52.1,50.4,52.2,51.2,53.7,52.6,53.9,50.5,51.7,52.5,51.2,49.8,53.8,54.5,51.3,51.0,53.1,48.2,47.3,50.7,52.2,50.6,49.7,53.1,51.2,52.5,45.0,47.0,46.9,47.3,54.2,45.0,49.7,48.3,50.8,51.9,45.5,47.5,48.4,48.2,45.6,47.7,54.0,42.6,50.0,46.6,49.2,45.7,43.5,48.2,45.5,47.5,44.8,48.2,48.1,44.3,50.4,48.6,46.3,49.1,44.5,51.0,54.1,53.3,48.6,47.3,47.1,50.5,49.3,43.3,54.9,51.4,50.9,46.0,47.9,43.2,44.2,46.6,44.7,48.7,45.8
2457,53.2,49.6,50.9,53.7,53.8,55.0,55.2,54.2,55.1,54.0,56.5,55.7,57.0,53.2,54.9,55.2,54.6,52.9,56.8,57.2,54.6,54.0,56.2,51.5,51.2,54.3,55.1,54.2,52.8,55.9,54.5,55.2,48.1,50.4,49.9,50.3,58.3,48.2,54.2,52.2,54.3,55.6,50.0,50.6,52.9,52.2,50.6,51.1,58.6,47.6,54.9,50.5,55.1,49.4,46.1,51.9,48.2,50.1,48.1,51.3,50.7,48.5,53.9,53.2,49.3,52.7,48.3,53.7,56.9,56.0,54.3,52.9,51.5,54.3,52.9,48.0,58.0,54.3,53.7,50.4,51.8,47.4,47.0,49.1,48.1,52.1,49.1
2458,56.9,52.7,53.8,57.8,57.0,57.8,58.2,57.4,57.4,56.4,59.0,58.2,59.5,55.6,57.8,57.5,57.6,55.8,59.2,59.7,57.6,56.6,58.9,54.6,54.9,57.5,57.8,57.2,55.6,58.3,57.6,57.7,51.1,53.6,52.6,53.0,61.8,51.1,58.4,55.5,57.7,58.2,53.5,53.6,56.5,55.7,54.8,54.2,62.1,51.7,58.6,53.9,60.1,52.5,48.7,54.7,50.6,52.6,50.9,54.1,53.2,52.1,56.9,56.5,52.4,55.8,51.3,56.0,59.2,58.4,58.7,57.0,55.4,57.1,55.9,51.7,60.1,56.6,56.5,53.9,55.3,51.2,49.7,51.1,50.9,55.2,52.2
2459,60.1,55.2,56.1,61.2,59.9,60.3,60.8,59.9,59.5,58.6,61.0,60.4,61.4,57.8,60.6,59.6,60.1,58.4,60.9,61.6,60.0,58.6,61.4,57.0,58.0,60.2,60.0,59.8,58.0,60.3,60.0,59.7,53.8,56.1,55.0,55.5,64.6,53.6,61.8,58.3,60.6,60.6,56.9,56.4,59.8,58.3,58.4,56.6,64.9,55.1,61.4,56.8,63.7,54.7,50.5,57.1,52.4,54.5,53.5,56.1,55.7,55.1,59.6,59.1,55.3,58.2,54.2,58.2,61.2,60.4,61.7,60.6,58.7,59.7,58.5,54.5,62.0,58.6,58.6,56.8,58.1,54.3,52.0,52.7,53.6,57.7,54.4
2460,62.7,57.1,57.6,63.9,61.9,62.6,63.1,61.9,61.2,60.3,62.6,62.2,63.1,59.6,62.6,61.3,62.0,60.5,62.6,63.1,61.8,60.4,63.3,59.2,60.5,62.4,61.7,61.9,59.8,62.2,61.9,61.3,55.9,58.0,56.8,57.2,67.1,55.6,64.6,60.9,63.4,62.4,59.6,58.5,62.4,60.2,61.0,58.8,67.1,57.4,63.4,59.0,66.2,56.9,52.1,59.0,53.7,55.8,55.6,58.0,57.6,57.5,61.7,61.0,57.9,60.1,56.3,59.9,62.9,62.0,64.1,63.1,61.1,61.7,60.6,56.5,63.3,60.3,60.6,59.3,60.3,56.9,53.9,54.1,55.8,59.6,56.3
2461,64.7,58.4,58.8,65.9,63.7,64.2,64.8,63.5,62.7,61.7,63.8,63.8,64.4,61.1,64.2,62.7,63.3,62.1,63.6,64.0,63.4,61.9,65.0,60.9,62.6,64.1,63.0,63.5,61.5,63.7,63.4,62.8,57.5,59.6,58.2,58.9,68.6,56.9,66.7,62.4,65.4,63.7,61.6,60.0,64.4,61.8,63.0,60.2,68.7,59.0,64.8,60.5,68.0,58.5,53.1,60.4,54.8,57.0,57.4,59.2,59.2,59.6,63.5,62.5,60.2,61.3,58.3,61.4,64.5,63.4,65.9,65.2,63.2,63.4,62.1,58.3,64.2,61.5,62.0,61.2,62.3,58.8,55.5,55.2,57.5,61.0,58.0
2462,65.7,59.5,59.8,67.5,64.9,65.6,66.0,64.5,63.7,62.7,64.8,65.0,65.3,62.1,65.5,63.6,64.6,63.3,64.7,64.6,64.5,62.9,66.0,62.1,63.9,65.5,64.1,64.4,62.5,64.6,64.4,63.8,58.7,60.8,59.6,60.0,69.7,57.9,68.0,63.5,66.8,64.5,63.4,61.3,65.8,62.5,64.2,61.0,69.5,60.2,65.6,61.6,69.5,59.4,53.9,61.3,55.6,57.7,58.8,60.1,60.1,61.1,64.6,63.6,61.7,62.2,59.5,62.3,65.6,64.3,67.3,66.8,64.2,64.5,63.3,59.2,64.9,62.5,63.0,62.8,63.5,60.2,56.6,55.5,58.8,62.1,59.0
2463,65.8,59.6,60.3,68.3,65.6,66.3,66.7,65.1,64.1,63.1,65.0,65.6,65.5,62.6,66.0,64.3,64.9,63.5,64.9,64.7,64.8,63.7,66.5,62.7,64.9,66.1,64.7,64.9,62.9,65.0,65.0,64.2,59.5,61.3,60.3,60.5,70.0,58.0,68.9,63.7,67.8,64.6,64.1,61.9,66.0,62.7,64.6,61.2,69.7,60.8,66.0,61.9,69.9,59.6,54.4,61.8,56.0,58.2,59.7,60.5,60.5,61.9,65.0,63.9,62.5,62.5,60.2,63.0,66.0,64.7,67.6,67.7,64.6,65.1,63.9,59.5,65.1,62.8,63.6,63.5,64.2,61.1,57.2,55.4,59.5,62.5,59.7
2464,65.2,59.1,59.4,68.7,65.5,66.3,66.7,65.0,63.9,63.0,64.9,65.7,65.6,62.6,66.0,64.3,64.8,63.1,64.6,64.4,64.7,63.6,66.5,62.7,64.9,66.0,64.5,64.8,63.1,65.0,64.9,64.0,59.7,61.3,60.4,60.5,69.5,57.2,69.2,63.4,67.8,64.1,64.4,62.0,65.7,61.9,64.6,60.7,68.9,60.6,65.8,61.4,69.4,59.4,54.6,61.6,56.0,58.3,60.0,60.6,60.4,62.1,65.0,63.8,62.5,62.1,59.9,63.0,65.9,64.8,67.3,68.0,64.3,65.1,63.7,59.3,64.8,62.6,63.3,63.6,64.2,61.3,57.1,54.8,59.6,62.4,59.8
2465,63.7,57.6,58.1,68.2,64.8,65.8,66.0,64.3,63.0,62.2,64.1,65.4,65.0,62.1,65.0,63.6,64.0,62.0,63.7,63.5,63.9,62.9,65.7,61.9,64.0,65.2,64.0,64.2,62.5,64.4,64.1,63.1,59.1,60.6,59.9,59.7,68.4,55.7,68.2,62.3,67.4,62.4,63.9,61.4,64.2,60.2,63.6,59.4,67.3,59.8,65.0,59.9,68.4,58.3,54.1,60.8,55.7,57.6,59.8,59.6,59.6,61.9,63.9,62.7,61.7,61.2,58.6,62.5,65.1,64.1,66.3,67.5,63.0,64.3,62.7,58.3,63.9,61.6,62.5,62.8,63.5,60.9,56.4,53.8,59.1,61.7,58.9
2466,60.3,54.6,54.4,66.5,62.9,64.2,64.4,62.6,61.2,60.7,62.3,64.2,62.9,60.8,63.3,61.8,62.3,59.4,61.7,61.4,62.2,61.0,63.9,60.2,62.3,63.4,62.6,62.0,60.8,62.6,62.7,61.0,57.3,58.9,58.5,58.4,65.4,53.1,66.7,59.8,66.0,59.0,62.2,59.5,61.1,56.9,61.6,56.8,64.1,58.1,63.2,57.6,66.2,54.6,53.2,58.8,54.7,56.5,58.9,57.3,57.6,60.9,61.3,60.3,60.0,59.2,56.4,61.3,63.2,62.1,63.9,66.1,60.4,62.7,60.3,56.2,61.8,59.8,60.9,61.3,61.6,59.6,54.8,51.9,57.7,60.1,57.5
2467,54.9,50.4,49.0,62.8,59.6,61.3,61.1,59.1,58.4,57.7,59.4,61.7,59.5,58.5,59.9,58.9,58.5,54.8,59.1,58.2,58.9,58.0,60.4,56.8,58.1,59.7,60.6,58.9,57.3,59.5,59.6,57.5,54.2,55.6,55.7,55.4,59.6,49.0,62.9,55.1,63.2,53.3,58.4,55.7,56.6,52.3,57.5,52.6,59.3,54.2,59.7,54.8,62.1,49.5,50.8,55.1,52.0,53.8,56.8,53.1,55.0,58.4,56.8,55.4,57.1,55.3,51.6,58.9,59.9,58.9,59.3,62.3,55.9,58.8,55.3,52.2,58.9,56.7,57.6,57.5,57.5,56.1,51.4,49.8,54.6,56.8,53.7
2468,51.7,47.6,46.0,58.1,56.6,58.4,58.3,55.6,56.4,55.5,57.1,59.1,56.9,56.2,57.0,57.0,54.8,51.6,56.7,56.0,55.9,55.7,57.7,53.7,53.7,55.7,58.8,55.9,54.5,56.7,56.7,55.4,50.6,52.7,52.8,51.9,56.0,46.7,58.2,51.9,60.5,50.4,53.6,51.9,53.4,49.4,54.1,49.9,57.0,49.1,56.0,52.8,57.0,46.7,48.8,52.3,49.8,51.8,54.1,50.8,52.6,53.8,53.6,51.9,54.2,52.0,48.8,57.0,57.7,56.4,55.0,56.4,52.4,54.5,52.4,48.3,56.8,54.6,54.9,52.4,53.7,51.9,46.8,48.2,51.4,54.0,50.0
2469,49.4,45.9,44.5,55.1,54.4,56.9,56.4,53.5,54.9,54.3,55.7,56.9,55.4,54.5,55.3,55.6,52.7,49.6,54.8,54.5,54.0,54.1,56.0,52.1,51.4,53.6,57.3,54.1,52.6,55.2,54.8,54.1,48.6,50.7,51.2,50.2,53.9,44.9,55.4,49.2,58.5,48.5,51.4,49.7,51.4,47.4,51.2,47.7,54.3,46.3,53.4,51.3,53.2,45.2,47.5,49.9,48.0,50.2,51.5,49.4,50.6,50.8,51.1,49.6,52.4,49.8,47.0,55.5,56.1,54.9,52.3,53.6,49.9,52.2,50.1,46.5,55.3,53.1,53.4,50.1,51.7,49.5,44.6,46.9,49.5,52.1,47.7
2470,47.3,44.4,43.2,53.0,52.7,55.4,55.0,51.6,53.8,53.0,54.2,55.4,54.1,53.3,53.9,54.3,51.3,48.2,53.4,53.3,52.7,53.0,54.7,50.9,50.0,52.5,56.0,52.6,51.1,54.1,53.4,53.0,47.2,49.2,49.6,48.4,51.8,43.5,53.5,47.1,56.7,47.2,49.4,48.1,49.3,45.5,48.9,45.8,52.4,44.6,51.2,49.5,50.7,44.0,46.6,47.9,46.8,48.8,49.4,48.1,49.3,48.8,49.4,46.9,50.6,47.6,45.3,54.3,54.7,53.7,50.1,51.3,47.9,50.5,48.1,44.9,54.0,51.9,52.3,48.3,50.2,47.7,43.6,45.7,47.9,50.6,46.2
2471,45.6,43.3,42.0,51.3,51.3,54.1,53.6,50.5,52.9,51.9,52.8,54.0,52.8,52.2,52.6,53.2,50.0,47.0,52.2,52.3,51.5,52.0,53.5,49.6,48.6,51.3,54.6,51.3,50.0,53.1,52.1,52.0,45.9,47.5,48.5,47.2,50.4,42.3,51.9,45.8,54.9,46.0,47.9,47.1,47.7,44.5,46.6,44.1,50.1,42.8,49.2,48.0,48.8,43.1,45.7,46.1,46.0,48.0,47.9,47.3,47.8,47.0,47.9,44.7,48.9,46.0,43.7,53.3,53.7,52.5,48.4,49.6,45.7,49.0,46.3,43.2,52.8,50.9,51.2,47.1,48.9,46.0,42.8,44.8,46.6,49.3,45.0
2472,44.2,41.9,41.0,49.8,50.2,52.8,52.3,49.4,52.1,50.8,51.8,52.9,51.6,51.3,51.4,52.3,49.1,45.7,51.3,51.4,50.4,50.8,52.7,48.7,47.6,50.2,53.5,50.3,48.7,52.2,51.1,51.2,44.7,46.4,47.5,46.1,49.2,41.2,50.7,44.2,53.0,45.0,46.4,45.7,46.4,43.3,44.8,42.3,47.7,41.1,47.5,46.6,47.5,42.0,44.9,44.9,45.3,47.1,46.7,46.2,46.9,45.6,46.8,43.2,47.6,44.4,42.0,52.1,52.7,51.5,46.6,48.0,44.1,47.6,44.7,41.9,51.9,49.9,50.3,45.9,47.9,44.7,42.3,44.0,45.4,48.2,44.2
2473,42.5,41.0,39.9,48.6,49.2,52.0,51.3,48.4,51.3,50.1,50.8,51.9,50.5,50.3,50.7,51.3,48.1,44.5,50.4,50.5,49.4,50.0,51.5,47.8,46.6,49.2,52.6,49.4,47.7,51.3,50.1,50.5,44.0,45.5,46.5,45.2,48.2,40.3,49.8,42.8,51.5,44.1,45.3,44.8,45.0,42.2,43.3,40.9,45.8,39.9,46.1,45.2,45.8,41.0,44.3,43.6,44.4,46.4,45.7,45.2,46.0,44.5,45.4,41.5,46.3,42.7,40.9,51.1,51.8,50.5,45.0,46.4,42.5,46.5,43.1,40.5,50.9,49.1,49.3,44.8,47.0,43.6,41.8,43.3,44.7,47.1,43.2
2474,41.4,40.2,39.2,47.4,48.4,51.1,50.4,47.7,50.1,49.3,49.9,51.1,49.5,49.5,49.8,50.4,47.4,43.5,49.4,49.9,48.5,48.9,50.5,46.8,45.8,48.4,51.5,48.5,46.7,50.4,49.1,49.6,43.1,44.6,45.6,44.6,47.2,39.4,48.4,41.7,50.0,43.8,44.3,43.8,43.7,41.2,41.8,39.8,43.9,38.3,44.8,43.9,44.2,40.0,43.4,42.6,43.7,45.5,44.6,44.0,45.1,43.3,44.6,40.0,45.1,41.5,39.9,50.2,50.8,49.8,43.4,45.2,41.4,45.2,41.6,39.2,50.2,48.4,48.6,43.8,46.0,42.5,41.2,42.5,43.8,46.3,42.4
2475,40.4,39.0,38.5,46.2,47.5,50.3,49.7,47.0,49.2,48.7,49.2,50.0,48.9,48.7,49.1,49.7,46.5,42.4,48.9,49.2,47.7,48.2,49.7,46.1,45.0,47.7,50.8,47.7,46.0,49.8,48.4,49.0,42.4,44.1,44.8,43.7,46.0,38.4,47.5,40.4,48.6,43.0,43.5,43.0,42.4,40.5,40.2,38.7,42.2,37.3,43.6,42.6,42.6,39.2,42.9,41.3,43.1,44.8,43.7,42.9,44.5,42.3,43.4,38.8,44.2,40.5,39.0,49.5,50.1,49.0,42.1,44.2,40.3,44.3,40.2,38.0,49.4,47.6,48.1,42.8,45.2,41.5,40.7,42.0,43.0,45.4,41.7
2476,39.7,38.3,37.5,45.4,46.8,49.7,49.2,46.4,48.5,48.0,48.5,49.2,48.2,48.0,48.3,48.9,46.0,41.5,48.3,48.6,47.0,47.5,49.0,45.4,44.3,47.0,50.1,47.0,45.4,49.3,47.7,48.2,41.8,43.5,44.2,43.0,44.9,37.8,46.7,39.0,47.5,42.3,42.5,42.0,41.4,39.6,39.1,37.8,41.0,36.4,42.7,41.7,41.1,38.3,42.1,40.3,42.4,44.3,42.9,41.9,43.8,41.4,42.3,37.4,43.4,39.5,37.9,48.8,49.3,48.3,40.8,43.2,39.2,43.1,39.0,36.9,49.0,46.8,47.4,42.2,44.5,40.8,40.1,41.4,42.2,44.9,41.1
2477,38.8,37.9,37.1,44.7,46.1,49.0,48.4,45.6,47.8,47.3,48.1,48.3,47.7,47.2,47.7,48.2,45.4,40.7,47.7,47.9,46.3,46.9,48.4,44.7,43.5,46.3,49.2,46.3,44.9,48.7,47.1,47.6,41.1,42.9,43.6,42.6,44.1,37.0,45.9,37.6,46.4,41.8,41.7,41.3,40.6,38.5,38.0,36.9,39.8,35.7,41.8,40.9,39.6,37.7,41.4,39.6,41.9,44.0,42.1,40.9,42.9,40.5,41.6,36.0,42.8,38.7,37.1,48.0,48.7,47.8,39.4,42.2,38.4,42.2,38.2,35.8,48.5,46.1,46.6,41.5,43.8,40.0,39.6,40.8,41.5,44.1,40.4
2478,39.2,38.1,37.9,43.8,45.4,48.4,47.9,45.2,47.4,46.7,48.1,47.8,47.4,46.6,47.2,47.9,44.9,41.3,47.8,48.3,45.9,46.5,48.2,44.1,43.1,45.7,48.7,45.9,44.5,48.4,46.6,47.5,40.7,42.3,43.2,42.1,44.8,36.9,45.1,37.5,45.6,42.6,41.1,40.6,40.9,38.7,37.4,38.0,39.8,34.6,40.8,40.7,38.8,38.2,40.7,40.5,41.3,43.6,41.5,41.7,43.5,39.7,42.1,36.5,42.3,39.5,36.4,47.4,48.4,47.6,38.3,41.4,38.0,41.8,38.9,35.1,48.5,46.0,46.1,40.9,43.1,39.1,39.0,41.6,40.9,43.8,40.3
2479,44.3,42.2,42.8,44.4,46.9,49.3,49.3,47.1,49.4,48.5,50.9,49.5,50.6,47.8,48.6,49.8,47.5,46.2,50.6,51.5,48.0,48.3,50.1,45.2,43.8,47.3,49.8,47.3,46.6,50.3,48.1,50.0,42.2,44.0,44.5,44.4,49.5,41.1,45.7,43.6,48.0,47.6,42.0,43.8,44.6,43.8,41.5,43.3,48.0,37.1,43.5,43.3,43.2,42.1,41.7,44.4,42.8,45.1,42.1,45.5,46.1,40.5,46.7,42.9,44.0,44.8,40.4,48.5,51.3,50.6,42.7,42.0,42.9,45.4,44.7,37.7,51.6,48.7,47.9,42.1,44.2,39.8,40.8,44.3,42.1,45.5,42.7
2480,49.3,46.4,47.6,49.0,50.5,52.1,52.4,50.7,52.4,51.5,54.0,52.8,54.1,50.8,52.0,52.8,51.4,50.2,54.1,54.8,51.6,51.3,53.3,48.5,47.6,51.0,52.5,50.8,50.0,53.4,51.5,52.7,45.3,47.3,47.4,47.7,54.5,45.3,49.9,48.7,51.2,52.3,45.9,47.7,48.8,48.7,46.0,48.0,54.4,42.9,50.4,47.0,49.6,46.2,44.0,48.6,46.0,47.9,45.1,48.7,48.5,44.7,50.8,48.9,46.5,49.6,44.8,51.3,54.4,53.6,49.0,47.6,47.5,50.9,49.6,43.5,55.1,51.8,51.2,46.3,48.1,43.4,44.7,47.3,45.0,49.0,46.3
2481,53.6,50.0,51.5,54.1,54.1,55.4,55.6,54.5,55.4,54.3,56.8,56.0,57.3,53.6,55.3,55.6,55.0,53.2,57.1,57.5,55.0,54.4,56.5,51.8,51.5,54.7,55.5,54.5,53.2,56.3,54.8,55.5,48.6,50.8,50.3,50.7,58.7,48.5,54.5,52.7,54.7,56.1,50.4,50.9,53.3,52.8,51.0,51.5,59.1,48.0,55.2,50.9,55.5,50.0,46.7,52.4,48.8,50.6,48.5,51.7,51.2,48.9,54.2,53.6,49.5,53.2,48.6,54.1,57.3,56.3,54.6,53.1,51.9,54.7,53.3,48.4,58.2,54.7,54.1,50.7,52.1,47.7,47.5,49.9,48.4,52.5,49.6
2482,57.3,53.1,54.3,58.2,57.4,58.2,58.6,57.8,57.7,56.9,59.3,58.6,59.8,56.0,58.3,57.9,58.0,56.1,59.5,60.0,57.9,57.1,59.3,55.0,55.3,57.9,58.2,57.6,56.0,58.8,57.9,58.0,51.5,54.0,53.0,53.4,62.2,51.5,58.6,55.9,58.1,58.7,54.0,53.9,56.9,56.2,55.2,54.7,62.6,52.1,59.0,54.3,60.4,53.1,49.4,55.2,51.2,53.2,51.4,54.6,53.7,52.6,57.2,56.9,52.6,56.2,51.6,56.4,59.5,58.8,59.1,57.3,55.8,57.6,56.4,52.0,60.4,57.0,56.9,54.4,55.7,51.6,50.2,51.9,51.4,55.6,52.7
2483,60.5,55.7,56.7,61.5,60.2,60.7,61.2,60.2,59.9,59.0,61.3,60.9,61.7,58.3,61.0,60.0,60.5,58.7,61.2,61.8,60.4,59.0,61.7,57.4,58.5,60.6,60.4,60.2,58.4,60.7,60.3,60.1,54.4,56.4,55.5,55.9,65.1,54.0,62.2,58.7,61.0,61.0,57.3,56.8,60.1,58.8,58.8,57.1,65.4,55.5,61.7,57.3,64.0,55.4,51.2,57.6,53.1,55.1,54.0,56.7,56.1,55.6,60.0,59.6,55.4,58.6,54.5,58.7,61.7,60.8,62.1,60.9,59.1,60.2,59.0,54.8,62.3,59.0,59.1,57.3,58.5,54.8,52.5,53.6,54.1,58.2,55.1
2484,63.1,57.5,58.1,64.3,62.3,63.0,63.4,62.3,61.6,60.8,63.0,62.7,63.5,60.0,63.0,61.7,62.3,60.8,63.0,63.3,62.2,60.8,63.7,59.6,61.0,62.7,62.1,62.2,60.2,62.6,62.3,61.7,56.5,58.4,57.3,57.7,67.5,56.0,65.0,61.2,63.7,62.9,60.0,59.0,62.9,60.7,61.4,59.2,67.7,57.8,63.6,59.6,66.5,57.5,52.8,59.5,54.5,56.5,56.2,58.5,58.0,58.1,62.0,61.5,58.1,60.5,56.7,60.4,63.4,62.4,64.5,63.5,61.5,62.2,61.1,56.9,63.7,60.7,61.0,59.9,60.7,57.5,54.4,55.0,56.3,60.0,56.9
2485,65.1,58.8,59.4,66.4,64.1,64.5,65.1,63.8,63.2,62.1,64.2,64.2,64.8,61.5,64.6,63.1,63.6,62.4,64.0,64.3,63.7,62.3,65.4,61.3,63.0,64.5,63.5,63.8,62.0,64.1,63.8,63.2,58.2,60.1,58.7,59.3,69.1,57.4,67.2,62.9,65.7,64.1,62.1,60.6,64.9,62.2,63.4,60.5,69.1,59.3,65.0,61.0,68.4,59.0,53.8,60.8,55.5,57.6,58.1,59.7,59.6,60.2,63.8,63.0,60.4,61.7,58.6,61.9,65.0,63.9,66.2,65.8,63.6,64.0,62.6,58.6,64.5,62.0,62.4,61.9,62.7,59.4,56.1,56.1,58.1,61.4,58.5
2486,66.1,59.9,60.3,67.9,65.4,65.9,66.4,64.9,64.2,63.1,65.2,65.4,65.7,62.5,65.9,64.1,64.9,63.5,65.2,64.8,64.8,63.4,66.3,62.5,64.4,65.9,64.5,64.8,63.0,65.0,64.8,64.3,59.4,61.3,60.0,60.4,70.2,58.3,68.5,64.0,67.2,65.0,63.8,61.7,66.2,62.9,64.6,61.4,70.0,60.6,65.8,62.1,69.9,60.0,54.5,61.7,56.2,58.3,59.5,60.6,60.6,61.6,64.9,64.1,61.9,62.4,59.9,62.8,66.1,64.8,67.6,67.3,64.6,65.0,63.8,59.6,65.3,62.9,63.4,63.4,64.0,60.9,57.3,56.5,59.4,62.5,59.5
2487,66.2,60.0,60.8,68.8,66.0,66.6,67.0,65.5,64.5,63.5,65.5,66.0,65.9,63.1,66.4,64.8,65.3,63.8,65.3,65.0,65.2,64.2,66.8,63.3,65.3,66.5,65.1,65.3,63.4,65.4,65.4,64.7,60.2,61.9,60.8,61.0,70.6,58.3,69.3,64.2,68.1,65.2,64.5,62.4,66.5,63.2,65.0,61.6,70.1,61.1,66.2,62.4,70.2,60.2,55.0,62.2,56.6,58.7,60.4,61.0,61.0,62.5,65.3,64.5,62.7,62.8,60.6,63.5,66.4,65.2,67.9,68.4,65.1,65.7,64.4,59.8,65.5,63.2,64.0,64.3,64.8,61.9,57.8,56.4,60.2,62.9,60.2
2488,65.6,59.5,59.8,69.1,66.0,66.7,67.0,65.4,64.4,63.5,65.3,66.1,66.0,63.1,66.4,64.8,65.3,63.4,65.0,64.7,65.2,64.1,66.8,63.3,65.3,66.5,65.0,65.2,63.6,65.4,65.3,64.4,60.5,61.9,60.9,60.9,70.2,57.6,69.6,63.8,68.2,64.6,64.9,62.5,66.1,62.5,65.0,61.1,69.3,60.9,66.0,61.9,69.7,59.9,55.2,62.0,56.7,58.8,60.6,61.0,60.8,62.7,65.2,64.3,62.8,62.4,60.4,63.5,66.3,65.2,67.6,68.5,64.8,65.6,64.3,59.6,65.2,63.1,63.8,64.3,64.8,62.0,57.8,55.7,60.3,62.9,60.3
2489,64.0,58.0,58.5,68.5,65.3,66.2,66.4,64.8,63.4,62.8,64.5,65.8,65.4,62.6,65.5,64.1,64.5,62.3,64.1,63.9,64.4,63.4,66.0,62.5,64.5,65.7,64.6,64.6,63.1,64.8,64.7,63.5,59.8,61.2,60.4,60.2,69.1,56.1,68.7,62.7,67.9,62.9,64.5,61.9,64.7,60.7,64.0,59.8,67.7,60.2,65.3,60.3,68.7,58.8,54.7,61.1,56.3,58.2,60.5,60.0,59.9,62.5,64.2,63.2,62.0,61.5,59.0,63.0,65.6,64.5,66.6,68.1,63.5,64.8,63.2,58.6,64.3,62.1,63.0,63.5,64.1,61.6,57.1,54.7,59.8,62.2,59.5
2490,60.7,55.0,54.8,67.0,63.5,64.6,64.8,63.2,61.6,61.3,62.7,64.6,63.3,61.3,63.8,62.3,62.9,59.7,62.2,61.7,62.8,61.6,64.3,60.9,62.9,63.9,63.2,62.6,61.4,63.0,63.3,61.4,58.1,59.5,59.0,58.9,66.1,53.5,67.2,60.3,66.4,59.5,62.7,60.0,61.5,57.5,62.0,57.3,64.5,58.6,63.5,58.0,66.4,55.3,53.8,59.2,55.3,57.1,59.5,57.7,58.0,61.5,61.6,60.8,60.3,59.5,56.6,61.8,63.6,62.6,64.2,66.6,60.9,63.2,60.8,56.6,62.2,60.2,61.5,62.0,62.3,60.3,55.5,52.7,58.4,60.7,58.1
2491,55.3,50.7,49.4,63.3,60.2,61.8,61.5,59.7,58.8,58.3,59.7,62.1,59.7,59.0,60.4,59.5,59.0,55.1,59.5,58.5,59.4,58.5,60.7,57.5,58.6,60.2,61.2,59.4,57.9,59.9,60.2,57.9,55.0,56.3,56.3,56.0,60.1,49.3,63.4,55.7,63.7,53.8,59.0,56.1,56.9,52.9,57.9,53.1,59.7,54.7,60.0,55.2,62.5,50.1,51.4,55.4,52.6,54.3,57.4,53.5,55.4,58.9,57.1,55.9,57.3,55.6,51.9,59.5,60.3,59.3,59.7,62.9,56.4,59.2,55.8,52.6,59.2,57.1,58.2,58.2,58.1,56.8,52.1,50.6,55.4,57.4,54.4
2492,52.2,47.9,46.5,58.7,57.2,58.8,58.7,56.2,56.8,56.0,57.4,59.5,57.1,56.7,57.5,57.4,55.1,51.9,56.9,56.2,56.5,56.1,58.0,54.3,54.3,56.2,59.4,56.4,54.9,57.1,57.2,55.7,51.2,53.3,53.4,52.6,56.5,47.0,58.7,52.3,61.0,50.8,54.3,52.3,53.8,49.9,54.5,50.3,57.3,49.4,56.3,53.2,57.4,47.3,49.3,52.6,50.3,52.2,54.7,51.1,52.9,54.3,53.8,52.5,54.4,52.4,49.0,57.6,57.9,56.7,55.3,56.9,52.8,55.0,52.8,48.6,57.0,55.0,55.5,53.0,54.3,52.6,47.3,48.9,52.1,54.6,50.8
2493,49.9,46.1,44.9,55.7,54.9,57.4,57.0,54.0,55.2,54.8,56.0,57.2,55.6,55.0,55.8,56.0,53.1,49.8,55.1,54.7,54.5,54.5,56.3,52.8,52.0,54.2,57.9,54.6,53.1,55.5,55.3,54.4,49.1,51.3,51.8,50.8,54.3,45.2,55.9,49.7,58.8,49.0,52.1,50.0,51.7,47.9,51.4,48.1,54.6,46.5,53.6,51.6,53.4,45.6,47.9,50.2,48.4,50.7,52.0,49.7,50.9,51.2,51.4,50.1,52.5,50.0,47.2,56.0,56.4,55.2,52.6,54.1,50.3,52.5,50.6,46.8,55.4,53.4,53.9,50.6,52.4,50.1,45.2,47.6,50.0,52.7,48.4
2494,47.8,44.7,43.6,53.6,53.2,55.9,55.6,52.2,54.1,53.5,54.4,55.6,54.3,53.7,54.4,54.7,51.7,48.4,53.6,53.4,53.1,53.3,55.1,51.5,50.6,53.0,56.5,53.2,51.7,54.4,53.8,53.3,47.7,49.8,50.3,49.1,52.2,43.8,54.0,47.7,57.0,47.6,50.0,48.5,49.6,46.0,49.0,46.1,52.5,44.9,51.4,49.8,50.9,44.4,47.0,48.2,47.1,49.1,49.9,48.4,49.7,49.2,49.6,47.4,50.7,47.9,45.5,54.8,55.0,54.0,50.4,51.8,48.2,50.8,48.5,45.1,54.1,52.1,52.8,48.9,50.8,48.2,44.1,46.3,48.5,51.2,46.9
2495,46.1,43.6,42.3,51.8,51.8,54.6,54.1,51.0,53.2,52.3,53.0,54.3,52.9,52.7,53.2,53.6,50.4,47.1,52.3,52.4,51.9,52.3,54.0,50.2,49.2,51.9,55.2,51.9,50.5,53.5,52.5,52.2,46.4,48.1,49.1,48.0,50.8,42.6,52.4,46.3,55.3,46.4,48.5,47.4,48.1,45.0,46.7,44.3,50.3,43.2,49.5,48.3,49.1,43.4,46.1,46.4,46.4,48.3,48.3,47.6,48.1,47.4,48.2,45.2,49.1,46.2,43.9,53.8,54.0,52.7,48.6,50.1,46.1,49.3,46.6,43.5,52.9,51.1,51.7,47.6,49.6,46.5,43.3,45.4,47.2,49.9,45.6
2496,44.8,42.2,41.3,50.3,50.7,53.3,52.8,49.9,52.3,51.3,51.9,53.1,51.7,51.8,52.0,52.6,49.5,45.8,51.5,51.5,50.9,51.1,53.1,49.2,48.2,50.7,54.0,50.9,49.2,52.5,51.6,51.4,45.2,47.0,48.0,46.8,49.5,41.4,51.2,44.6,53.4,45.5,47.0,46.1,46.8,43.8,44.9,42.5,47.8,41.6,47.7,47.0,47.7,42.5,45.3,45.1,45.6,47.5,47.1,46.4,47.2,46.1,47.1,43.6,47.7,44.5,42.2,52.6,53.0,51.6,46.8,48.6,44.4,47.9,45.0,42.1,52.0,50.1,50.8,46.5,48.5,45.1,42.8,44.5,45.8,48.8,44.8
2497,43.1,41.3,40.1,49.2,49.7,52.5,51.8,48.9,51.5,50.7,50.8,52.1,50.5,50.8,51.2,51.8,48.6,44.7,50.4,50.7,50.0,50.4,52.0,48.4,47.2,49.8,53.1,49.9,48.3,51.8,50.6,50.7,44.4,46.1,47.1,45.8,48.4,40.6,50.3,43.2,51.8,44.5,45.9,45.1,45.4,42.6,43.3,41.3,46.0,40.4,46.3,45.5,46.0,41.4,44.7,43.9,44.8,46.7,46.0,45.5,46.3,45.0,45.8,41.8,46.4,42.9,41.1,51.7,52.1,50.7,45.2,46.9,42.8,46.7,43.3,40.8,50.9,49.3,49.8,45.3,47.6,44.1,42.2,43.8,45.1,47.6,43.8
2498,41.9,40.4,39.5,47.9,48.9,51.6,50.9,48.2,50.4,49.8,50.0,51.2,49.5,50.0,50.4,50.9,47.9,43.7,49.5,50.0,49.0,49.4,51.0,47.3,46.3,48.9,52.1,49.0,47.3,50.9,49.7,49.9,43.5,45.0,46.0,45.2,47.5,39.8,48.9,42.2,50.3,44.1,44.8,44.2,44.0,41.6,41.9,40.1,44.0,38.7,45.1,44.2,44.3,40.4,43.7,42.9,44.1,45.8,44.9,44.3,45.5,43.8,44.9,40.5,45.2,41.7,40.0,50.7,51.1,50.0,43.6,45.7,41.7,45.5,41.7,39.6,50.2,48.6,49.1,44.3,46.7,42.9,41.6,43.0,44.2,46.8,42.9
2499,40.9,39.3,38.7,46.7,48.0,50.8,50.2,47.5,49.5,49.2,49.3,50.2,49.0,49.2,49.5,50.1,47.0,42.5,49.0,49.3,48.3,48.7,50.2,46.5,45.6,48.3,51.4,48.2,46.5,50.3,48.9,49.2,42.8,44.5,45.3,44.3,46.3,38.8,48.0,40.9,48.9,43.4,44.0,43.3,42.7,40.9,40.3,39.0,42.4,37.6,43.9,42.8,42.7,39.5,43.2,41.7,43.4,45.1,44.1,43.2,44.7,42.7,43.7,39.2,44.3,40.7,39.1,50.0,50.4,49.2,42.2,44.8,40.5,44.6,40.4,38.3,49.4,47.9,48.5,43.3,45.8,41.9,41.1,42.4,43.4,45.9,42.2
2500,40.2,38.7,37.8,45.8,47.3,50.2,49.7,47.0,48.8,48.6,48.6,49.4,48.3,48.5,48.8,49.4,46.5,41.7,48.3,48.6,47.5,47.9,49.5,45.9,44.9,47.5,50.6,47.5,45.9,49.8,48.2,48.5,42.1,44.0,44.6,43.5,45.2,38.1,47.2,39.3,47.8,42.7,43.0,42.3,41.8,40.0,39.1,38.1,41.3,36.6,43.0,41.9,41.3,38.6,42.5,40.6,42.8,44.6,43.2,42.2,44.1,41.9,42.6,37.7,43.5,39.7,38.1,49.2,49.6,48.5,41.0,43.7,39.4,43.4,39.3,37.0,49.0,47.1,47.8,42.7,45.0,41.2,40.4,41.9,42.6,45.4,41.6
2501,39.2,38.3,37.4,45.1,46.7,49.4,49.0,46.1,48.1,47.8,48.3,48.5,47.7,47.7,48.2,48.7,45.9,40.8,47.9,48.0,46.9,47.3,49.0,45.1,44.1,46.8,49.8,46.8,45.4,49.1,47.5,47.8,41.4,43.2,44.1,43.1,44.5,37.4,46.4,38.0,46.7,42.2,42.1,41.6,40.9,38.9,38.1,37.2,40.0,36.0,42.0,41.1,39.8,37.9,41.7,40.0,42.2,44.3,42.3,41.2,43.2,40.9,41.8,36.3,42.8,38.8,37.2,48.5,49.1,48.0,39.6,42.8,38.7,42.5,38.4,36.1,48.5,46.4,47.0,41.9,44.4,40.3,39.8,41.3,41.9,44.7,40.8
2502,39.8,38.6,38.4,44.2,46.0,48.9,48.5,45.7,47.7,47.3,48.3,48.0,47.6,47.0,47.7,48.4,45.5,41.5,47.9,48.4,46.4,47.0,48.7,44.5,43.6,46.2,49.2,46.4,45.0,48.8,47.0,47.8,41.0,42.6,43.6,42.6,45.1,37.3,45.6,38.0,45.9,43.1,41.6,41.0,41.3,39.2,37.6,38.4,40.3,35.0,41.0,41.1,39.1,38.6,41.1,40.9,41.6,43.9,41.7,42.1,43.8,40.2,42.4,36.9,42.3,39.7,36.6,47.8,48.8,47.9,38.5,41.9,38.6,42.2,39.3,35.4,48.6,46.3,46.6,41.3,43.6,39.5,39.2,42.1,41.2,44.3,40.6
2503,44.8,42.8,43.3,44.9,47.5,49.9,49.9,47.6,49.9,49.0,51.2,49.9,50.9,48.2,49.2,50.4,48.0,46.4,50.9,51.7,48.5,48.8,50.7,45.6,44.4,47.9,50.4,47.9,47.2,50.8,48.7,50.4,42.6,44.4,44.9,44.9,49.9,41.6,46.2,44.1,48.4,48.1,42.5,44.3,45.2,44.3,41.8,43.8,48.5,37.6,43.9,43.7,43.4,42.6,42.0,44.8,43.2,45.5,42.3,45.8,46.3,41.0,47.0,43.4,44.0,45.1,40.7,49.0,51.7,51.0,42.9,42.5,43.3,46.0,45.1,38.2,51.8,49.1,48.5,42.6,44.8,40.3,41.1,44.8,42.5,46.0,43.1
2504,49.8,47.0,48.1,49.6,51.0,52.7,53.0,51.2,52.9,52.0,54.4,53.3,54.5,51.2,52.5,53.3,51.9,50.3,54.4,55.0,52.2,51.9,53.9,49.0,48.2,51.6,53.0,51.3,50.6,53.8,51.9,53.2,45.7,47.8,47.9,48.2,54.8,45.7,50.4,49.2,51.7,52.7,46.5,48.2,49.2,49.3,46.4,48.5,54.9,43.3,50.8,47.4,49.8,46.8,44.4,49.0,46.4,48.3,45.4,49.0,48.7,45.2,51.1,49.3,46.5,49.8,45.0,51.7,54.7,54.0,49.3,48.1,48.0,51.4,49.9,43.9,55.4,52.3,51.6,46.7,48.6,43.9,45.0,47.7,45.5,49.5,46.8
2505,54.1,50.6,52.0,54.6,54.5,56.0,56.2,54.9,56.0,54.8,57.2,56.5,57.7,53.9,55.8,56.1,55.4,53.3,57.5,57.8,55.4,54.8,57.0,52.4,52.1,55.2,55.9,55.0,53.7,56.7,55.2,55.9,49.0,51.3,50.9,51.3,58.9,49.1,54.8,53.2,55.2,56.5,51.0,51.3,53.7,53.3,51.4,51.9,59.5,48.4,55.6,51.2,55.7,50.7,47.2,52.7,49.3,51.0,48.7,52.1,51.2,49.4,54.5,53.9,49.6,53.4,48.8,54.4,57.5,56.7,55.0,53.5,52.3,55.1,53.6,48.7,58.6,55.2,54.5,51.1,52.6,48.2,47.9,50.3,49.0,53.0,50.1
2506,57.9,53.8,54.8,58.6,57.8,58.8,59.2,58.2,58.3,57.2,59.7,59.2,60.3,56.4,58.9,58.4,58.3,56.2,59.8,60.3,58.3,57.4,59.8,55.5,55.8,58.4,58.6,58.0,56.5,59.1,58.3,58.5,52.0,54.6,53.5,54.1,62.4,52.1,59.0,56.4,58.6,59.1,54.6,54.3,57.4,56.7,55.7,55.0,63.0,52.4,59.3,54.7,60.7,53.7,49.9,55.5,51.7,53.5,51.6,54.9,53.8,53.0,57.5,57.1,52.7,56.4,51.8,56.8,59.8,59.3,59.5,57.6,56.2,58.0,56.7,52.4,60.7,57.5,57.3,54.7,56.1,52.2,50.5,52.4,51.9,56.0,53.2
2507,61.0,56.4,57.3,61.9,60.7,61.2,61.7,60.6,60.4,59.4,61.8,61.4,62.2,58.6,61.5,60.4,60.8,58.8,61.7,62.2,60.7,59.4,62.2,58.0,59.0,61.0,60.7,60.7,58.9,61.0,60.6,60.6,54.8,57.0,56.1,56.5,65.3,54.6,62.5,59.2,61.5,61.4,57.8,57.3,60.5,59.2,59.2,57.5,65.9,55.8,62.1,57.6,64.4,56.0,51.7,57.9,53.7,55.5,54.3,57.0,56.2,56.0,60.2,59.9,55.6,58.8,54.7,59.0,61.9,61.3,62.5,61.3,59.5,60.7,59.3,55.1,62.6,59.6,59.3,57.7,58.9,55.4,52.7,54.1,54.6,58.7,55.6
2508,63.6,58.2,58.7,64.6,62.8,63.4,63.9,62.6,62.0,61.1,63.5,63.1,64.0,60.3,63.5,62.1,62.6,60.8,63.4,63.8,62.5,61.1,64.1,60.0,61.5,63.2,62.4,62.6,60.7,63.0,62.6,62.2,57.0,59.0,57.9,58.4,67.8,56.5,65.4,61.7,64.1,63.3,60.6,59.5,63.3,61.1,61.8,59.6,68.1,58.1,63.9,60.0,66.8,58.1,53.3,59.8,55.0,57.0,56.5,58.9,58.1,58.4,62.2,61.6,58.3,60.7,57.0,60.6,63.6,63.0,64.8,63.9,61.9,62.7,61.2,57.2,64.0,61.3,61.2,60.3,61.2,58.1,54.7,55.5,56.8,60.5,57.4
2509,65.5,59.4,59.9,66.8,64.6,65.0,65.6,64.3,63.6,62.5,64.7,64.7,65.2,61.8,65.1,63.5,64.0,62.5,64.5,64.7,64.1,62.5,65.8,61.9,63.5,65.0,63.8,64.2,62.4,64.3,64.2,63.5,58.7,60.6,59.3,59.9,69.4,57.8,67.6,63.3,66.1,64.6,62.6,61.1,65.3,62.6,63.8,60.8,69.6,59.6,65.3,61.3,68.7,59.7,54.3,61.0,56.0,58.0,58.4,60.0,59.7,60.4,63.9,63.1,60.7,61.9,58.9,62.1,65.1,64.3,66.6,66.2,63.9,64.5,62.7,58.8,64.9,62.5,62.7,62.3,63.1,60.0,56.4,56.5,58.6,61.9,59.0
2510,66.5,60.4,60.6,68.2,65.8,66.4,66.9,65.3,64.6,63.5,65.7,65.9,66.1,62.9,66.4,64.4,65.4,63.6,65.6,65.4,65.2,63.7,66.7,63.0,64.9,66.3,64.9,65.2,63.4,65.3,65.3,64.5,60.0,61.8,60.5,61.0,70.4,58.6,68.9,64.3,67.6,65.4,64.3,62.2,66.6,63.3,64.9,61.7,70.4,60.8,66.0,62.3,70.2,60.6,55.0,61.9,56.7,58.8,59.7,60.9,60.7,61.9,65.0,64.2,62.2,62.6,60.2,63.1,66.2,65.2,67.8,67.7,64.9,65.4,63.9,59.8,65.7,63.4,63.8,63.9,64.5,61.5,57.4,56.9,60.0,62.9,60.1
2511,66.5,60.4,61.1,69.2,66.5,67.1,67.6,65.9,64.9,64.0,65.9,66.4,66.3,63.5,66.8,65.0,65.7,63.9,65.7,65.5,65.7,64.4,67.1,63.8,65.8,67.1,65.5,65.6,63.9,65.6,65.9,65.0,60.8,62.4,61.3,61.5,70.8,58.6,69.8,64.5,68.5,65.6,65.0,62.8,66.9,63.4,65.4,61.9,70.4,61.3,66.3,62.4,70.5,60.8,55.5,62.4,57.1,59.1,60.7,61.3,61.0,62.7,65.4,64.6,63.0,63.0,60.9,63.9,66.5,65.7,68.2,68.8,65.4,66.1,64.5,60.1,66.0,63.7,64.4,64.7,65.3,62.5,57.9,56.7,60.7,63.5,60.8
2512,65.9,59.9,60.2,69.5,66.5,67.2,67.6,65.9,64.7,63.9,65.7,66.5,66.4,63.5,66.9,65.1,65.7,63.6,65.4,65.2,65.7,64.4,67.2,63.8,65.8,67.0,65.4,65.7,64.0,65.6,65.8,64.7,61.1,62.4,61.5,61.5,70.4,57.8,70.0,64.1,68.4,65.0,65.4,62.9,66.4,62.7,65.3,61.4,69.7,61.1,66.2,61.9,70.0,60.5,55.6,62.2,57.1,59.2,60.8,61.3,60.8,63.0,65.4,64.5,63.2,62.6,60.7,63.9,66.5,65.6,67.8,69.0,65.1,66.1,64.3,59.8,65.7,63.6,64.3,64.8,65.2,62.6,57.9,56.1,60.9,63.4,61.0
2513,64.4,58.4,58.8,69.0,65.8,66.5,66.9,65.3,63.7,63.2,64.9,66.1,65.8,63.0,65.9,64.3,65.0,62.5,64.5,64.5,64.9,63.7,66.4,63.0,65.0,66.3,65.1,65.1,63.5,64.9,65.1,63.8,60.5,61.7,61.0,60.8,69.3,56.3,69.1,62.9,68.1,63.2,64.9,62.3,64.9,60.9,64.3,60.1,68.0,60.4,65.4,60.4,68.9,59.4,55.1,61.3,56.7,58.5,60.7,60.3,60.0,62.7,64.4,63.3,62.4,61.7,59.3,63.4,65.8,64.9,66.7,68.4,63.8,65.2,63.2,58.8,64.7,62.6,63.5,63.9,64.5,62.2,57.2,55.0,60.5,62.8,60.2
2514,61.1,55.5,55.3,67.3,64.0,65.1,65.3,63.7,61.9,61.7,63.1,64.9,63.7,61.8,64.3,62.6,63.4,59.9,62.6,62.3,63.3,61.9,64.7,61.4,63.3,64.4,63.6,63.1,62.0,63.3,63.8,61.6,58.8,60.1,59.7,59.5,66.3,53.8,67.6,60.6,66.6,59.9,63.1,60.3,61.9,57.7,62.4,57.6,64.8,58.8,63.6,58.1,66.7,55.8,54.0,59.5,55.6,57.3,59.7,58.0,58.0,61.7,61.9,60.9,60.7,59.6,57.0,62.3,63.8,63.0,64.4,66.9,61.2,63.6,61.0,56.8,62.6,60.8,62.0,62.5,62.7,60.8,55.6,53.0,59.1,61.2,58.9
2515,55.7,51.1,49.9,63.8,60.7,62.2,62.1,60.2,59.2,58.7,60.1,62.4,60.2,59.4,60.8,59.8,59.6,55.2,59.8,59.0,60.0,58.9,61.1,58.0,59.1,60.7,61.6,59.9,58.5,60.1,60.7,58.3,55.7,56.8,57.0,56.6,60.4,49.6,63.9,56.0,63.9,54.1,59.4,56.6,57.2,53.2,58.2,53.4,60.0,55.0,60.2,55.4,62.7,50.7,51.7,55.8,52.9,54.6,57.7,53.7,55.5,59.1,57.4,56.2,57.7,55.7,52.3,59.9,60.6,59.7,59.9,63.2,56.6,59.7,56.1,52.9,59.6,57.7,58.7,58.8,58.6,57.5,52.3,50.9,56.1,58.0,55.1
2516,52.7,48.3,47.0,59.0,57.7,59.3,59.2,56.7,57.1,56.5,57.8,59.8,57.4,57.2,57.9,57.8,55.7,51.9,57.3,56.6,57.1,56.4,58.4,54.8,54.7,56.7,59.9,56.8,55.5,57.3,57.8,55.9,51.9,53.7,54.1,53.1,56.8,47.3,59.1,52.6,61.1,51.2,54.7,52.6,54.1,50.3,54.8,50.6,57.5,49.6,56.4,53.4,57.5,47.7,49.6,52.9,50.6,52.5,54.9,51.3,53.0,54.6,54.0,52.8,54.6,52.3,49.3,58.0,58.3,57.1,55.4,57.3,53.1,55.3,53.1,48.8,57.3,55.5,56.0,53.7,54.7,53.1,47.5,49.2,52.8,55.1,51.4
2517,50.4,46.5,45.4,56.0,55.5,57.8,57.4,54.5,55.6,55.3,56.4,57.5,55.9,55.5,56.2,56.4,53.7,49.8,55.4,55.2,55.0,54.8,56.7,53.2,52.5,54.8,58.4,55.0,53.8,55.9,55.8,54.7,49.8,52.0,52.5,51.2,54.4,45.6,56.2,50.0,59.1,49.3,52.5,50.4,52.0,48.3,51.7,48.3,54.9,46.7,53.7,51.8,53.6,46.1,48.2,50.5,48.8,50.9,52.2,49.9,51.1,51.5,51.5,50.6,52.8,50.0,47.5,56.5,56.7,55.6,52.7,54.4,50.7,52.9,50.9,46.9,55.8,53.9,54.5,51.2,52.8,50.6,45.4,47.9,50.8,53.3,49.1
2518,48.4,45.0,44.1,53.9,53.8,56.4,56.0,52.7,54.6,54.1,54.7,56.0,54.6,54.3,54.8,55.1,52.2,48.3,54.0,53.8,53.7,53.7,55.6,51.9,51.1,53.6,57.1,53.6,52.3,54.7,54.2,53.6,48.3,50.3,50.9,49.6,52.4,44.2,54.3,48.0,57.2,48.0,50.4,48.8,50.1,46.5,49.3,46.4,52.8,45.1,51.5,50.1,51.1,44.9,47.3,48.4,47.4,49.4,50.1,48.6,49.7,49.6,49.8,47.9,50.9,47.9,45.7,55.3,55.3,54.4,50.5,52.3,48.5,51.1,48.8,45.2,54.5,52.6,53.3,49.5,51.2,48.7,44.3,46.7,49.2,51.7,47.4
2519,46.8,44.1,42.8,52.2,52.3,55.1,54.6,51.6,53.6,52.9,53.4,54.7,53.2,53.2,53.6,53.9,50.9,47.1,52.6,52.9,52.4,52.7,54.4,50.7,49.6,52.5,55.7,52.3,51.0,53.8,53.0,52.6,47.1,48.6,49.7,48.4,50.9,42.9,52.7,46.5,55.6,46.8,49.0,47.8,48.5,45.4,47.1,44.7,50.6,43.4,49.6,48.6,49.3,43.9,46.5,46.5,46.7,48.6,48.5,47.7,48.2,47.7,48.3,45.7,49.3,46.1,44.0,54.2,54.3,53.2,48.8,50.5,46.4,49.8,46.9,43.6,53.2,51.5,52.1,48.2,50.1,47.0,43.6,45.8,47.8,50.5,46.1
2520,45.4,42.7,41.7,50.7,51.3,53.8,53.3,50.5,52.8,51.8,52.3,53.5,52.0,52.3,52.4,53.0,50.0,45.8,51.8,51.8,51.4,51.6,53.6,49.7,48.8,51.4,54.5,51.2,49.8,52.8,52.0,51.9,45.9,47.6,48.6,47.2,49.7,41.7,51.6,45.0,53.7,45.8,47.6,46.5,47.3,44.2,45.3,42.9,48.1,41.7,47.9,47.3,47.9,42.9,45.6,45.3,45.9,47.7,47.2,46.5,47.3,46.4,47.1,44.1,47.9,44.4,42.5,53.1,53.2,52.1,46.9,49.0,44.8,48.3,45.3,42.1,52.2,50.5,51.2,47.0,48.9,45.6,43.0,44.8,46.5,49.3,45.2
2521,43.8,41.8,40.6,49.5,50.2,53.0,52.4,49.5,51.9,51.2,51.2,52.5,50.8,51.3,51.6,52.1,49.2,44.7,50.7,51.0,50.4,50.8,52.5,48.8,47.7,50.4,53.6,50.4,48.8,52.1,51.1,51.0,45.1,46.6,47.6,46.3,48.7,40.9,50.6,43.6,52.1,44.9,46.4,45.5,45.9,43.0,43.7,41.7,46.3,40.6,46.4,45.8,46.2,41.8,44.9,44.0,45.1,47.1,46.1,45.5,46.5,45.2,45.8,42.2,46.5,43.0,41.3,52.1,52.3,51.1,45.3,47.5,43.1,47.2,43.6,40.9,51.2,49.7,50.3,45.8,48.1,44.5,42.4,44.1,45.6,48.1,44.3
2522,42.6,40.9,39.9,48.3,49.4,52.2,51.6,48.8,50.8,50.3,50.3,51.6,49.8,50.4,50.8,51.2,48.4,43.6,49.8,50.3,49.6,49.8,51.6,47.8,46.8,49.5,52.6,49.4,47.9,51.3,50.2,50.2,44.1,45.4,46.5,45.7,47.7,40.1,49.3,42.5,50.6,44.4,45.3,44.6,44.5,42.1,42.2,40.5,44.4,38.8,45.2,44.4,44.5,40.8,44.0,43.0,44.4,46.2,45.0,44.3,45.6,44.0,44.9,40.9,45.2,41.8,40.2,51.1,51.4,50.4,43.6,46.3,42.1,45.8,42.1,39.7,50.5,48.9,49.6,44.7,47.2,43.3,41.8,43.4,44.8,47.3,43.4
2523,41.5,39.8,39.2,47.1,48.5,51.3,50.8,48.1,49.9,49.7,49.5,50.5,49.2,49.7,50.0,50.5,47.7,42.5,49.3,49.5,48.9,49.0,50.7,47.0,46.0,48.9,51.9,48.7,47.1,50.7,49.4,49.5,43.3,45.0,45.8,44.7,46.5,39.1,48.4,41.0,49.2,43.7,44.4,43.7,43.3,41.3,40.6,39.4,42.8,37.8,44.0,43.2,42.9,39.9,43.5,41.8,43.7,45.5,44.0,43.2,44.8,42.9,43.8,39.6,44.3,40.8,39.2,50.5,50.8,49.6,42.3,45.4,40.9,44.9,40.7,38.4,49.7,48.2,49.0,43.7,46.3,42.3,41.3,42.8,43.9,46.4,42.6
2524,40.8,39.3,38.3,46.3,47.9,50.7,50.4,47.6,49.2,49.0,48.8,49.8,48.6,49.0,49.2,49.7,47.2,41.7,48.6,48.9,48.1,48.2,50.0,46.3,45.3,48.2,51.2,48.0,46.5,50.1,48.7,48.8,42.6,44.5,45.1,43.8,45.4,38.4,47.7,39.5,47.9,43.1,43.5,42.6,42.3,40.4,39.4,38.5,41.7,36.8,43.1,42.2,41.4,39.0,42.7,40.7,43.0,45.0,43.2,42.2,44.1,42.0,42.7,38.1,43.5,39.7,38.2,49.7,50.0,48.9,41.0,44.3,39.9,43.7,39.6,37.1,49.2,47.3,48.4,43.1,45.5,41.6,40.5,42.2,43.0,45.9,42.0
2525,39.9,38.8,37.8,45.6,47.2,49.9,49.5,46.7,48.5,48.3,48.5,48.9,48.0,48.2,48.6,49.0,46.5,40.7,48.2,48.2,47.4,47.7,49.5,45.6,44.6,47.4,50.3,47.3,45.9,49.5,48.0,48.3,41.8,43.6,44.5,43.4,44.6,37.7,46.7,38.2,46.9,42.5,42.5,41.9,41.4,39.4,38.4,37.6,40.5,36.1,42.1,41.5,39.9,38.3,41.9,40.1,42.5,44.7,42.2,41.3,43.3,41.0,41.9,36.6,42.8,38.7,37.3,49.0,49.4,48.4,39.6,43.4,39.2,42.9,38.6,36.1,48.7,46.6,47.6,42.3,44.8,40.8,39.9,41.7,42.3,45.2,41.2
2526,40.5,39.2,38.9,44.7,46.5,49.4,49.0,46.2,48.2,47.8,48.6,48.4,48.0,47.6,48.2,48.7,46.1,41.5,48.3,48.8,47.0,47.3,49.2,44.9,44.1,46.8,49.7,46.9,45.5,49.2,47.6,48.2,41.3,42.9,44.0,43.0,45.4,37.7,46.0,38.2,46.1,43.5,42.0,41.3,41.9,39.7,38.0,38.9,41.0,35.3,41.1,41.4,39.2,39.1,41.3,41.1,41.9,44.2,41.6,42.2,44.0,40.3,42.5,37.4,42.3,39.7,36.7,48.3,49.2,48.3,38.4,42.5,39.1,42.5,39.7,35.6,48.9,46.7,47.1,41.6,44.0,39.9,39.3,42.6,41.6,44.8,41.1
2527,45.5,43.3,43.8,45.4,48.1,50.4,50.4,48.2,50.3,49.6,51.6,50.3,51.3,48.8,49.7,50.8,48.6,46.5,51.3,52.1,49.1,49.3,51.2,46.1,45.0,48.5,50.9,48.4,47.7,51.3,49.3,50.8,43.1,44.8,45.4,45.3,50.0,42.0,46.6,44.3,48.6,48.3,43.0,44.5,45.8,44.6,42.2,44.2,49.2,37.8,44.1,44.0,43.7,43.1,42.3,45.1,43.4,45.8,42.2,46.0,46.5,41.1,47.2,43.8,44.2,45.3,41.0,49.5,52.1,51.4,43.1,43.2,43.7,46.4,45.5,38.6,52.2,49.5,49.0,43.1,45.3,40.8,41.2,45.3,43.0,46.5,43.7
2528,50.4,47.4,48.5,50.1,51.6,53.1,53.5,51.7,53.4,52.4,54.8,53.7,54.9,51.6,53.0,53.7,52.4,50.5,54.7,55.4,52.7,52.3,54.3,49.5,48.7,52.1,53.4,51.8,51.1,54.2,52.5,53.6,46.3,48.3,48.4,48.7,54.8,46.0,50.7,49.4,52.0,52.8,47.0,48.4,49.7,49.5,46.7,48.8,55.5,43.7,51.1,47.7,50.0,47.2,44.7,49.3,46.7,48.6,45.4,49.2,48.9,45.4,51.4,49.7,46.7,50.0,45.3,52.2,55.2,54.4,49.6,48.7,48.3,51.8,50.2,44.2,55.7,52.7,52.1,47.2,49.2,44.5,45.2,48.3,46.1,50.0,47.3
2529,54.5,51.0,52.3,55.0,55.0,56.4,56.7,55.4,56.3,55.2,57.5,56.9,58.0,54.3,56.3,56.4,55.9,53.6,57.8,58.2,55.9,55.2,57.3,52.9,52.6,55.7,56.3,55.4,54.1,57.1,55.7,56.3,49.6,51.9,51.4,51.8,58.8,49.3,55.0,53.4,55.5,56.5,51.4,51.5,54.2,53.4,51.6,52.3,60.1,48.8,55.9,51.5,56.0,51.1,47.6,53.0,49.6,51.3,48.9,52.4,51.4,49.6,54.8,54.3,49.8,53.6,49.2,54.8,57.9,57.1,55.3,53.7,52.5,55.5,53.9,49.0,58.9,55.6,54.9,51.7,53.2,48.9,48.1,50.9,49.6,53.5,50.8
2530,58.2,54.1,55.0,58.7,58.3,59.2,59.7,58.6,58.6,57.6,60.1,59.5,60.5,56.7,59.3,58.7,58.8,56.5,60.1,60.7,58.6,57.8,60.1,56.0,56.2,58.9,59.0,58.4,57.0,59.5,58.7,58.8,52.6,55.1,54.1,54.6,62.2,52.2,59.1,56.6,58.8,59.1,55.0,54.5,57.6,56.8,55.9,55.5,63.5,52.8,59.5,54.9,61.0,54.1,50.1,55.8,52.0,53.8,51.8,55.2,54.0,53.2,57.9,57.4,53.0,56.7,52.2,57.2,60.2,59.6,59.7,57.7,56.3,58.4,56.9,52.6,61.1,57.9,57.6,55.3,56.6,52.7,50.8,53.0,52.5,56.5,53.8
2531,61.2,56.7,57.4,62.1,61.2,61.5,62.0,60.9,60.8,59.7,62.1,61.7,62.5,58.9,61.8,60.8,61.2,59.1,61.9,62.5,61.0,59.8,62.5,58.4,59.4,61.4,61.1,61.0,59.3,61.3,61.0,60.9,55.5,57.6,56.7,57.1,65.1,54.7,62.5,59.4,61.7,61.5,58.2,57.6,60.6,59.3,59.4,57.9,66.3,56.1,62.3,58.0,64.7,56.3,51.9,58.1,53.9,55.7,54.5,57.3,56.4,56.2,60.6,60.2,55.9,59.0,55.0,59.4,62.2,61.6,62.7,61.3,59.6,61.0,59.5,55.3,62.8,60.0,59.7,58.2,59.5,56.0,53.0,54.7,55.3,59.2,56.2
2532,63.7,58.5,58.9,64.7,63.2,63.7,64.2,63.0,62.4,61.5,63.7,63.5,64.2,60.6,63.8,62.5,63.0,61.1,63.6,64.1,62.8,61.5,64.4,60.6,61.8,63.6,62.8,62.9,61.1,63.3,62.9,62.4,57.7,59.6,58.5,59.0,67.5,56.5,65.3,61.9,64.3,63.3,60.9,59.8,63.5,61.2,62.0,60.0,68.6,58.4,64.1,60.3,67.1,58.5,53.6,60.0,55.2,57.1,56.7,59.1,58.3,58.7,62.5,61.9,58.7,60.9,57.3,61.0,63.9,63.3,65.0,64.0,61.9,62.9,61.5,57.4,64.2,61.7,61.6,60.9,61.7,58.6,55.0,56.2,57.4,61.0,58.1
2533,65.6,59.6,60.0,66.9,65.0,65.3,65.9,64.6,64.0,62.8,64.9,65.0,65.5,62.2,65.3,63.8,64.5,62.8,64.8,65.0,64.4,62.9,66.0,62.4,63.7,65.3,64.2,64.4,62.8,64.6,64.5,63.8,59.4,61.3,60.0,60.5,69.3,57.8,67.4,63.4,66.3,64.6,62.9,61.3,65.4,62.5,63.9,61.3,70.1,59.7,65.5,61.6,68.9,60.0,54.5,61.3,56.2,58.1,58.7,60.3,59.9,60.6,64.2,63.4,61.0,62.2,59.3,62.5,65.4,64.7,66.7,66.4,63.9,64.7,62.9,59.0,65.2,62.9,63.0,62.9,63.6,60.5,56.6,57.2,59.3,62.5,59.7
2534,66.5,60.5,60.7,68.2,66.3,66.6,67.1,65.8,65.0,63.9,65.9,66.2,66.4,63.3,66.6,64.7,65.7,63.9,65.9,65.7,65.5,64.0,66.9,63.5,65.1,66.6,65.2,65.3,63.9,65.5,65.6,64.8,60.7,62.5,61.3,61.6,70.3,58.6,68.8,64.4,67.7,65.5,64.5,62.3,66.5,63.2,65.0,62.2,70.9,60.9,66.3,62.6,70.3,60.9,55.2,62.2,57.0,58.9,60.0,61.2,60.8,62.2,65.2,64.5,62.5,62.9,60.7,63.5,66.4,65.5,67.9,67.9,64.9,65.7,64.1,60.0,66.0,63.8,64.1,64.4,64.9,61.9,57.8,57.6,60.6,63.5,60.8
2535,66.6,60.5,61.2,69.1,66.9,67.3,67.7,66.4,65.3,64.3,66.1,66.8,66.5,63.8,67.0,65.3,66.0,64.2,66.0,65.9,66.0,64.7,67.4,64.2,65.9,67.3,65.9,65.8,64.3,65.9,66.3,65.3,61.5,63.0,62.0,62.2,70.7,58.6,69.6,64.5,68.5,65.6,65.1,63.0,66.9,63.3,65.5,62.4,71.0,61.4,66.6,62.7,70.6,61.0,55.7,62.7,57.4,59.3,60.9,61.6,61.2,63.0,65.7,64.9,63.4,63.4,61.2,64.2,66.8,65.9,68.2,69.0,65.4,66.3,64.7,60.3,66.3,64.1,64.7,65.1,65.6,62.9,58.2,57.5,61.4,64.0,61.5
2536,65.9,60.0,60.1,69.4,66.8,67.4,67.7,66.4,65.0,64.4,65.9,66.8,66.5,63.8,67.1,65.3,66.1,63.9,65.6,65.6,66.0,64.7,67.4,64.2,65.8,67.2,65.8,65.8,64.6,65.9,66.2,65.0,61.7,63.1,62.2,62.2,70.4,57.8,69.9,64.1,68.5,65.0,65.4,63.1,66.5,62.7,65.4,61.9,70.3,61.4,66.4,62.2,70.1,60.8,55.8,62.5,57.4,59.3,61.1,61.6,60.9,63.3,65.7,64.9,63.6,63.0,61.1,64.3,66.7,65.9,67.8,69.1,65.0,66.3,64.5,60.2,66.0,63.8,64.7,65.1,65.5,63.0,58.2,56.7,61.4,64.0,61.7
2537,64.4,58.4,58.8,68.9,66.2,66.7,67.0,65.8,64.0,63.6,65.1,66.4,65.9,63.4,66.1,64.7,65.4,62.9,64.7,64.9,65.2,64.1,66.6,63.5,64.9,66.5,65.5,65.3,64.0,65.1,65.5,64.1,61.0,62.3,61.7,61.5,69.2,56.3,69.0,62.9,68.1,63.2,64.9,62.5,65.0,60.9,64.4,60.7,68.6,60.7,65.7,60.8,69.0,59.7,55.4,61.6,57.0,58.7,60.9,60.6,60.1,63.1,64.7,63.7,62.8,62.1,59.7,63.9,66.0,65.1,66.7,68.5,63.8,65.4,63.4,59.1,65.0,62.9,63.8,64.3,64.8,62.6,57.5,55.7,61.0,63.3,60.9
2538,61.2,55.5,55.4,67.2,64.3,65.3,65.5,64.1,62.4,62.1,63.2,65.2,63.9,62.1,64.5,63.1,63.8,60.3,62.8,62.7,63.6,62.3,64.9,61.9,63.3,64.5,64.0,63.3,62.5,63.5,64.2,61.9,59.3,60.7,60.4,60.2,66.3,53.7,67.6,60.6,66.6,60.0,63.1,60.6,62.0,57.7,62.5,58.1,65.3,59.0,64.0,58.5,66.9,56.3,54.3,59.8,55.9,57.6,59.9,58.3,58.1,62.0,62.3,61.3,61.1,59.9,57.4,62.7,64.1,63.2,64.4,66.9,61.2,63.8,61.2,57.3,62.9,61.1,62.3,62.8,63.1,61.2,56.0,53.7,59.6,61.8,59.6
2539,55.9,51.3,50.0,63.8,61.1,62.4,62.2,60.7,59.6,59.1,60.4,62.8,60.5,59.8,61.1,60.2,60.0,55.5,60.1,59.5,60.4,59.2,61.5,58.6,59.3,60.9,62.0,60.1,59.1,60.4,61.2,58.6,56.3,57.5,57.8,57.3,60.5,49.6,63.8,56.1,64.0,54.3,59.5,56.9,57.4,53.2,58.4,54.0,60.5,55.3,60.6,55.8,62.9,51.2,52.0,56.1,53.2,54.9,57.9,54.0,55.6,59.5,57.7,56.4,58.1,56.1,52.7,60.4,60.9,60.0,60.0,63.3,56.7,60.1,56.3,53.3,59.9,58.1,59.1,59.3,59.0,58.0,52.6,51.5,56.7,58.6,55.9
2540,52.8,48.4,47.2,59.1,58.1,59.6,59.4,57.2,57.5,56.9,58.1,60.2,57.8,57.6,58.1,58.1,56.2,52.2,57.6,57.1,57.5,56.8,58.7,55.4,54.9,57.0,60.3,57.1,56.1,57.5,58.3,56.2,52.6,54.4,54.9,53.8,56.9,47.3,59.2,52.7,61.1,51.4,54.9,52.9,54.2,50.3,55.0,51.2,58.0,49.8,56.7,53.8,57.7,48.2,49.8,53.1,50.9,52.8,55.2,51.6,53.1,54.9,54.3,53.0,55.0,52.6,49.6,58.5,58.6,57.5,55.6,57.4,53.1,55.6,53.4,49.1,57.6,55.9,56.5,54.1,55.1,53.7,47.7,49.9,53.4,55.7,52.2
2541,50.6,46.7,45.6,56.2,55.9,58.0,57.7,55.0,56.1,55.7,56.7,58.0,56.4,55.9,56.4,56.7,54.2,50.1,55.7,55.6,55.5,55.2,57.1,53.8,52.8,55.2,58.8,55.4,54.4,56.2,56.3,55.1,50.4,52.7,53.4,52.0,54.5,45.6,56.2,50.1,59.1,49.5,52.7,50.7,52.0,48.2,51.8,48.8,55.3,46.9,54.0,52.2,53.7,46.7,48.5,50.7,49.0,51.2,52.5,50.1,51.1,51.7,51.7,50.8,53.1,50.3,47.8,56.9,57.0,56.0,52.9,54.6,50.7,53.3,51.1,47.2,56.2,54.2,55.0,51.7,53.3,51.1,45.5,48.5,51.3,53.9,50.0
2542,48.6,45.2,44.4,54.1,54.2,56.7,56.3,53.4,55.0,54.4,55.1,56.4,55.1,54.7,55.2,55.4,52.7,48.6,54.4,54.2,54.2,54.1,56.0,52.5,51.3,54.0,57.5,54.0,52.9,55.1,54.8,54.0,48.9,51.0,51.7,50.4,52.4,44.2,54.4,48.0,57.2,48.2,50.6,49.1,50.3,46.4,49.5,46.9,53.1,45.2,51.7,50.4,51.2,45.5,47.6,48.5,47.7,49.7,50.3,48.8,49.8,49.7,50.0,48.1,51.2,48.1,46.1,55.7,55.8,54.8,50.6,52.6,48.5,51.4,49.1,45.4,54.8,53.0,53.8,49.9,51.7,49.2,44.4,47.4,49.7,52.4,48.2
2543,47.2,44.2,43.2,52.3,52.8,55.3,54.9,52.2,53.9,53.3,53.8,55.1,53.7,53.7,53.9,54.3,51.5,47.3,53.1,53.2,53.0,53.0,54.8,51.2,49.9,52.9,56.2,52.8,51.7,54.1,53.6,53.1,47.7,49.3,50.5,49.2,51.0,43.0,52.9,46.7,55.6,47.0,49.3,48.1,48.7,45.3,47.2,45.2,51.0,43.5,49.8,48.9,49.5,44.4,46.7,46.7,46.9,48.9,48.7,47.9,48.3,48.0,48.4,46.0,49.6,46.4,44.4,54.7,54.6,53.6,48.8,50.8,46.5,50.1,47.2,43.8,53.6,51.9,52.6,48.6,50.5,47.5,43.8,46.4,48.4,51.1,46.9
2544,45.8,42.8,42.2,50.9,51.7,54.1,53.7,51.1,53.1,52.3,52.7,54.0,52.5,52.7,52.7,53.3,50.6,46.0,52.2,52.2,52.0,51.9,54.0,50.2,49.0,51.8,55.0,51.7,50.5,53.2,52.7,52.4,46.5,48.3,49.3,48.0,49.7,41.8,51.8,45.0,53.8,45.9,47.8,46.7,47.5,44.1,45.5,43.3,48.6,42.0,48.2,47.6,47.9,43.4,45.9,45.3,46.2,48.0,47.4,46.6,47.3,46.5,47.3,44.4,48.2,44.8,42.9,53.5,53.7,52.6,47.1,49.4,44.9,48.6,45.6,42.4,52.7,50.9,51.7,47.4,49.4,46.2,43.2,45.5,47.0,50.0,46.0
2545,44.3,42.0,41.0,49.8,50.7,53.3,52.8,50.2,52.2,51.6,51.7,53.1,51.3,51.8,52.0,52.6,49.8,45.0,51.2,51.4,51.0,51.1,52.9,49.2,48.0,50.8,54.1,50.8,49.5,52.4,51.8,51.5,45.7,47.3,48.3,47.1,48.7,41.1,50.8,43.6,52.2,45.0,46.7,45.8,46.2,43.0,43.8,42.1,46.7,40.8,46.6,46.1,46.3,42.3,45.1,44.1,45.3,47.2,46.3,45.7,46.5,45.4,46.0,42.5,46.8,43.4,41.7,52.6,52.7,51.6,45.4,47.8,43.2,47.6,43.9,41.1,51.6,50.0,50.8,46.2,48.5,45.1,42.6,44.8,46.2,48.9,45.1
2546,43.0,41.2,40.3,48.5,49.9,52.5,52.0,49.4,51.2,50.8,50.8,52.2,50.4,50.9,51.1,51.6,49.0,43.9,50.3,50.8,50.2,50.2,52.1,48.2,47.0,49.9,53.1,49.9,48.6,51.7,50.9,50.8,44.8,46.1,47.2,46.3,47.7,40.2,49.5,42.4,50.7,44.5,45.7,44.8,44.8,42.2,42.3,40.9,44.8,39.1,45.4,44.7,44.7,41.2,44.2,43.1,44.6,46.4,45.1,44.3,45.7,44.1,45.1,41.2,45.6,42.2,40.6,51.6,51.8,50.9,43.7,46.5,42.2,46.1,42.4,39.9,50.9,49.3,50.2,45.1,47.5,43.9,41.9,44.1,45.4,48.1,44.2
2547,42.0,40.0,39.6,47.4,48.9,51.6,51.1,48.7,50.3,50.2,50.1,51.1,49.7,50.2,50.5,50.9,48.3,42.8,49.8,50.0,49.5,49.5,51.2,47.4,46.4,49.2,52.4,49.2,47.8,51.1,50.0,50.1,44.0,45.6,46.4,45.4,46.4,39.3,48.5,41.0,49.3,43.8,44.8,43.9,43.6,41.2,40.6,39.8,43.2,38.1,44.2,43.5,43.0,40.4,43.7,41.9,43.9,45.7,44.3,43.4,44.8,43.0,44.0,40.0,44.6,41.2,39.6,51.0,51.2,50.0,42.3,45.6,41.1,45.1,41.0,38.6,50.2,48.6,49.6,44.3,46.6,42.9,41.5,43.5,44.5,47.2,43.5
2548,41.3,39.4,38.7,46.5,48.3,51.1,50.7,48.1,49.7,49.6,49.3,50.3,49.2,49.5,49.7,50.2,47.8,41.9,49.1,49.4,48.7,48.6,50.5,46.7,45.7,48.5,51.7,48.5,47.2,50.6,49.4,49.4,43.3,45.0,45.7,44.5,45.4,38.5,47.8,39.6,48.0,43.2,43.8,42.8,42.6,40.4,39.3,38.9,42.1,37.0,43.3,42.5,41.5,39.5,42.9,40.9,43.1,45.1,43.3,42.4,44.1,42.2,42.9,38.5,43.8,40.1,38.5,50.2,50.5,49.3,41.1,44.6,40.1,43.9,39.9,37.3,49.6,47.8,48.9,43.7,45.8,42.2,40.7,42.9,43.6,46.5,42.8
2549,40.3,38.9,38.2,45.8,47.6,50.3,49.8,47.3,49.0,48.9,49.1,49.5,48.7,48.7,49.0,49.5,47.2,41.0,48.7,48.8,48.1,48.2,49.9,45.9,44.9,47.7,50.8,47.8,46.5,50.0,48.7,48.9,42.4,44.2,45.2,44.1,44.6,37.8,46.7,38.3,46.9,42.6,43.1,42.1,41.7,39.5,38.4,38.0,40.9,36.4,42.3,41.7,40.0,38.9,42.0,40.3,42.6,44.8,42.4,41.5,43.4,41.2,42.2,37.0,43.1,39.1,37.6,49.5,50.0,48.8,39.7,43.7,39.4,43.1,39.0,36.3,49.2,47.1,48.1,42.9,45.1,41.4,40.2,42.3,42.9,45.8,42.1
2550,41.0,39.3,39.3,45.0,46.9,49.7,49.3,46.8,48.7,48.3,49.2,49.0,48.6,48.1,48.6,49.3,46.7,42.0,48.9,49.3,47.7,47.9,49.6,45.4,44.4,47.2,50.2,47.4,46.1,49.7,48.2,48.9,42.0,43.6,44.7,43.6,45.5,38.0,46.0,38.3,46.2,43.7,42.5,41.6,42.3,39.8,38.0,39.3,41.5,35.6,41.3,41.7,39.2,39.7,41.5,41.4,42.0,44.4,41.9,42.5,44.2,40.4,42.9,37.9,42.7,40.3,37.1,48.9,49.8,48.8,38.6,42.8,39.4,42.8,40.2,35.9,49.4,47.2,47.7,42.2,44.4,40.5,39.5,43.3,42.2,45.5,41.9
2551,45.9,43.5,44.1,45.8,48.5,50.9,50.8,48.8,50.9,50.1,52.2,50.9,51.9,49.3,50.1,51.4,49.3,46.8,51.8,52.6,49.7,49.9,51.7,46.7,45.5,48.9,51.5,48.9,48.4,51.8,49.9,51.4,43.8,45.5,46.1,46.0,50.2,42.1,46.7,44.5,48.8,48.5,43.6,44.9,46.1,44.8,42.3,44.8,49.8,38.2,44.6,44.4,44.0,43.6,42.6,45.4,43.7,46.0,42.5,46.4,46.7,41.4,47.5,44.3,44.6,45.7,41.5,50.1,52.7,51.9,43.5,43.5,44.0,46.8,46.0,39.0,52.7,50.1,49.6,43.7,45.8,41.5,41.6,46.0,43.6,47.2,44.5
2552,50.8,47.6,48.6,50.4,52.0,53.5,53.9,52.2,53.8,52.9,55.2,54.2,55.4,52.1,53.4,54.2,52.9,50.7,55.2,55.9,53.1,52.8,54.6,50.0,49.2,52.5,53.9,52.2,51.6,54.6,52.9,54.1,47.0,49.0,49.0,49.3,54.9,46.2,50.9,49.5,52.1,53.0,47.5,48.8,50.0,49.6,47.0,49.4,56.1,44.1,51.6,48.1,50.6,47.7,45.0,49.6,47.0,49.0,45.7,49.6,49.1,45.6,51.6,50.1,47.1,50.4,45.8,52.6,55.6,54.8,49.9,48.9,48.6,52.1,50.6,44.6,56.2,53.3,52.5,47.8,49.6,45.1,45.6,49.0,46.8,50.5,48.1
2553,54.8,51.0,52.2,55.3,55.4,56.7,57.0,55.7,56.7,55.5,58.0,57.4,58.3,54.7,56.6,56.8,56.2,53.9,58.2,58.7,56.2,55.6,57.5,53.4,53.1,56.0,56.6,55.7,54.6,57.3,56.0,56.8,50.2,52.4,52.0,52.4,58.9,49.5,55.3,53.5,55.6,56.7,51.8,51.9,54.3,53.4,51.9,52.8,60.8,49.3,56.4,51.9,56.5,51.4,47.9,53.3,49.8,51.6,49.1,52.7,51.6,49.8,55.1,54.7,50.3,53.9,49.6,55.1,58.3,57.6,55.7,54.0,52.7,55.8,54.4,49.4,59.3,56.1,55.3,52.3,53.7,49.4,48.4,51.5,50.3,54.0,51.5
2554,58.4,54.0,54.9,59.0,58.7,59.5,59.9,58.8,59.0,57.9,60.5,59.9,60.9,57.0,59.6,59.1,59.0,56.6,60.6,61.1,59.0,58.2,60.2,56.5,56.7,59.2,59.3,58.7,57.3,59.7,59.0,59.2,53.3,55.6,54.7,55.3,62.4,52.2,59.4,56.7,59.0,59.3,55.3,54.9,57.6,56.7,56.3,56.1,64.2,53.3,60.0,55.4,61.4,54.5,50.5,56.1,52.3,54.1,52.1,55.6,54.2,53.4,58.1,57.8,53.5,56.9,52.6,57.4,60.5,60.1,60.1,58.0,56.4,58.6,57.4,53.1,61.4,58.4,57.9,55.8,57.0,53.2,51.0,53.6,53.2,57.0,54.4
2555,61.4,56.5,57.3,62.4,61.5,61.7,62.3,61.2,61.2,60.0,62.5,62.1,62.9,59.2,62.0,61.1,61.4,59.3,62.3,63.0,61.3,60.0,62.5,58.9,59.8,61.7,61.3,61.2,59.7,61.5,61.3,61.3,56.1,58.1,57.2,57.6,65.4,54.8,62.9,59.6,61.9,61.6,58.5,57.9,60.6,59.2,59.7,58.5,67.0,56.7,62.8,58.4,65.1,56.7,52.3,58.5,54.3,56.0,54.8,57.6,56.6,56.5,60.8,60.5,56.3,59.3,55.3,59.7,62.5,62.1,63.1,61.6,59.6,61.2,59.9,55.8,63.2,60.4,60.0,58.7,59.8,56.4,53.2,55.4,55.8,59.5,56.8
2556,63.9,58.3,58.9,65.0,63.5,63.9,64.4,63.3,62.8,61.8,64.1,63.9,64.6,60.8,64.0,62.8,63.2,61.3,64.0,64.5,63.0,61.8,64.4,61.1,62.2,63.9,63.0,63.0,61.5,63.4,63.2,62.8,58.3,60.1,59.1,59.6,67.8,56.4,65.7,62.1,64.5,63.5,61.2,60.1,63.6,61.2,62.3,60.5,69.3,58.9,64.6,60.7,67.6,58.8,53.9,60.4,55.6,57.5,57.0,59.4,58.5,58.9,62.7,62.3,59.0,61.1,57.6,61.3,64.1,63.8,65.4,64.3,61.9,63.2,61.9,57.9,64.6,62.1,61.8,61.3,62.0,59.1,55.2,56.8,57.9,61.4,58.6
2557,65.7,59.4,60.1,67.2,65.2,65.4,66.1,65.0,64.3,63.1,65.3,65.3,65.8,62.4,65.5,64.1,64.7,63.0,65.1,65.4,64.6,63.1,66.0,62.7,64.1,65.7,64.5,64.5,63.2,64.8,64.8,64.1,59.9,61.8,60.6,61.1,69.5,57.8,67.8,63.7,66.5,64.7,63.2,61.5,65.4,62.5,64.3,61.8,70.8,60.1,66.0,62.0,69.4,60.2,54.9,61.7,56.6,58.5,58.9,60.6,60.1,60.8,64.4,63.7,61.3,62.4,59.6,62.8,65.6,65.0,67.1,66.6,63.9,64.9,63.4,59.5,65.6,63.4,63.2,63.2,63.9,60.8,56.8,57.9,59.7,62.9,60.3
2558,66.6,60.3,60.9,68.5,66.5,66.7,67.3,66.1,65.2,64.2,66.2,66.4,66.7,63.5,66.7,64.9,65.9,64.1,66.2,66.1,65.8,64.2,66.9,63.9,65.4,66.9,65.5,65.4,64.3,65.5,65.9,65.0,61.2,63.0,61.9,62.3,70.5,58.6,69.2,64.7,68.0,65.6,64.8,62.6,66.6,63.2,65.4,62.7,71.5,61.4,66.7,63.0,70.8,61.1,55.6,62.5,57.3,59.2,60.2,61.5,61.0,62.4,65.5,64.8,62.8,63.1,60.9,63.7,66.6,65.9,68.3,68.1,64.7,65.9,64.5,60.4,66.3,64.3,64.4,64.7,65.2,62.3,57.9,58.3,61.1,64.0,61.4
2559,66.7,60.2,61.3,69.4,67.2,67.6,68.0,66.7,65.5,64.6,66.5,66.9,66.9,64.0,67.2,65.6,66.3,64.4,66.4,66.2,66.2,65.0,67.4,64.5,66.2,67.6,66.1,65.9,64.7,65.9,66.6,65.3,62.0,63.5,62.7,62.8,71.0,58.5,70.0,64.9,68.8,65.7,65.5,63.3,67.0,63.2,65.9,63.0,71.6,61.9,67.1,63.1,71.0,61.3,56.1,62.9,57.8,59.7,61.1,61.9,61.4,63.1,66.0,65.3,63.5,63.5,61.5,64.5,66.9,66.3,68.6,69.2,65.2,66.5,65.2,60.8,66.5,64.5,64.9,65.3,65.9,63.2,58.3,58.1,61.8,64.5,62.1
2560,66.1,59.7,60.2,69.6,67.2,67.6,68.0,66.7,65.3,64.7,66.3,67.0,66.8,64.1,67.3,65.6,66.3,64.1,66.1,65.9,66.2,65.1,67.4,64.6,66.1,67.5,66.1,66.0,64.9,65.9,66.5,65.0,62.2,63.6,62.7,62.7,70.7,57.6,70.3,64.5,68.9,65.0,65.7,63.5,66.5,62.6,65.7,62.4,71.0,61.9,66.9,62.6,70.5,60.8,56.2,62.7,57.8,59.8,61.2,61.8,61.1,63.5,65.9,65.2,63.7,63.1,61.4,64.6,66.7,66.3,68.2,69.3,64.9,66.5,64.9,60.6,66.2,64.3,64.9,65.4,65.8,63.2,58.4,57.4,61.8,64.4,62.2
2561,64.6,58.2,58.9,69.1,66.6,67.0,67.3,66.1,64.3,64.0,65.4,66.6,66.2,63.7,66.3,65.0,65.7,63.0,65.1,65.2,65.5,64.4,66.6,63.8,65.2,66.9,65.8,65.5,64.4,65.2,65.8,64.2,61.4,62.7,62.2,62.1,69.5,56.3,69.3,63.3,68.5,63.3,65.2,62.8,65.0,60.9,64.7,61.2,69.2,61.3,66.2,61.2,69.6,59.7,55.8,61.9,57.4,59.2,61.1,60.8,60.3,63.2,64.9,64.1,62.9,62.1,60.0,64.2,66.0,65.6,67.2,68.6,63.6,65.6,63.9,59.5,65.3,63.3,64.1,64.6,65.1,62.8,57.7,56.4,61.3,63.7,61.5
2562,61.4,55.2,55.5,67.4,64.8,65.5,65.8,64.5,62.7,62.5,63.6,65.5,64.2,62.4,64.8,63.3,64.1,60.5,63.3,63.1,63.9,62.6,65.0,62.2,63.6,65.0,64.4,63.6,62.9,63.6,64.5,62.1,59.8,61.1,60.9,60.8,66.6,53.6,67.8,60.9,67.0,60.0,63.4,60.8,62.1,57.8,62.9,58.7,65.9,59.6,64.4,59.0,67.4,56.3,54.7,60.0,56.2,57.9,60.1,58.6,58.4,62.1,62.4,61.6,61.3,60.1,57.6,63.0,64.1,63.6,64.9,67.1,61.2,64.0,61.6,57.8,63.3,61.6,62.7,63.1,63.3,61.4,56.1,54.4,60.0,62.3,60.2
2563,56.1,51.1,50.3,63.9,61.5,62.8,62.6,61.1,59.9,59.5,60.7,63.1,60.8,60.2,61.4,60.5,60.4,55.7,60.4,59.9,60.7,59.6,61.6,58.9,59.6,61.4,62.4,60.4,59.6,60.5,61.5,58.8,56.8,57.8,58.4,57.8,60.7,49.5,64.2,56.3,64.4,54.4,59.9,57.2,57.6,53.2,58.7,54.4,61.1,55.9,61.1,56.2,63.4,51.4,52.5,56.4,53.7,55.3,58.1,54.4,55.8,59.7,58.0,56.8,58.3,56.2,52.9,60.8,61.0,60.4,60.5,63.5,56.8,60.4,56.7,53.8,60.3,58.5,59.5,59.5,59.3,58.1,52.8,52.2,57.0,59.1,56.5
2564,53.1,48.2,47.4,59.4,58.4,60.1,59.8,57.5,57.8,57.3,58.4,60.5,58.2,57.9,58.6,58.4,56.6,52.4,57.9,57.6,57.9,57.0,58.8,55.7,55.3,57.3,60.7,57.5,56.5,57.7,58.7,56.5,53.0,54.7,55.4,54.3,57.3,47.2,59.5,52.9,61.6,51.5,55.3,53.3,54.5,50.3,55.3,51.7,58.6,50.4,57.2,54.2,58.1,48.4,50.2,53.5,51.3,53.2,55.4,51.8,53.3,55.2,54.6,53.4,55.2,52.8,49.8,58.8,58.7,58.0,56.1,57.7,53.2,55.9,53.8,49.5,57.9,56.3,56.8,54.4,55.5,54.0,47.9,50.6,53.7,56.3,52.7
2565,50.8,46.5,45.7,56.4,56.2,58.5,58.0,55.4,56.4,56.1,57.0,58.3,56.7,56.2,56.9,57.1,54.5,50.2,56.1,56.1,55.9,55.5,57.2,54.1,53.0,55.5,59.2,55.7,54.9,56.4,56.7,55.4,50.8,53.0,53.8,52.5,54.8,45.6,56.5,50.3,59.5,49.7,53.0,51.1,52.2,48.2,52.2,49.4,55.7,47.3,54.4,52.5,54.1,46.9,48.9,51.1,49.5,51.6,52.7,50.3,51.3,51.8,52.0,51.1,53.3,50.4,47.9,57.3,57.2,56.4,53.3,54.7,50.9,53.7,51.5,47.7,56.6,54.8,55.3,52.0,53.6,51.3,45.8,49.2,51.7,54.3,50.5
2566,48.8,44.9,44.5,54.3,54.6,57.0,56.6,53.8,55.3,54.9,55.4,56.8,55.4,55.0,55.6,55.8,53.0,48.7,54.8,54.8,54.5,54.4,56.2,52.8,51.7,54.4,57.9,54.4,53.4,55.3,55.1,54.3,49.3,51.3,52.1,50.8,52.7,44.2,54.6,48.2,57.6,48.3,51.0,49.5,50.5,46.4,49.8,47.5,53.6,45.7,52.2,50.7,51.7,45.7,48.0,48.9,48.2,50.1,50.5,49.0,50.0,49.9,50.2,48.5,51.4,48.2,46.3,56.1,56.0,55.3,51.1,52.8,48.7,51.8,49.4,45.9,55.2,53.5,54.1,50.2,52.1,49.4,44.6,48.0,50.0,52.8,48.7
2567,47.4,43.9,43.4,52.5,53.1,55.7,55.2,52.5,54.3,53.7,54.2,55.4,54.0,54.1,54.3,54.6,51.9,47.3,53.5,53.7,53.3,53.3,55.1,51.5,50.2,53.3,56.5,53.2,52.2,54.3,54.0,53.4,48.0,49.6,50.9,49.6,51.3,43.0,53.0,46.8,56.0,47.1,49.6,48.4,48.9,45.3,47.6,45.8,51.4,43.9,50.3,49.2,49.9,44.6,47.1,47.0,47.3,49.3,48.8,48.1,48.6,48.1,48.6,46.3,49.8,46.5,44.5,55.0,54.9,54.1,49.3,51.0,46.6,50.4,47.6,44.2,54.0,52.3,53.0,48.8,50.8,47.8,44.0,47.0,48.7,51.6,47.3
2568,46.0,42.7,42.4,51.0,52.1,54.6,54.1,51.4,53.5,52.7,53.1,54.4,52.8,53.1,53.2,53.7,51.0,46.1,52.7,52.8,52.3,52.3,54.3,50.6,49.3,52.2,55.4,52.2,51.0,53.4,53.1,52.7,46.8,48.5,49.7,48.3,50.1,41.8,52.0,45.2,54.2,46.0,48.1,47.0,47.6,44.2,45.8,43.9,49.1,42.5,48.7,47.8,48.4,43.6,46.2,45.7,46.6,48.4,47.6,46.8,47.6,46.6,47.5,44.8,48.4,44.8,43.0,53.9,53.9,53.1,47.5,49.5,44.9,49.1,45.9,42.7,53.1,51.3,52.1,47.5,49.7,46.5,43.5,46.0,47.2,50.5,46.4
2569,44.4,41.9,41.2,49.8,51.0,53.7,53.2,50.5,52.8,52.0,52.0,53.4,51.6,52.2,52.4,52.9,50.2,45.1,51.6,52.0,51.4,51.4,53.2,49.5,48.2,51.1,54.5,51.2,50.0,52.7,52.2,51.9,45.9,47.5,48.7,47.4,49.0,41.1,51.0,43.7,52.5,45.2,46.9,46.1,46.3,43.0,44.1,42.6,47.2,41.2,47.0,46.3,46.6,42.5,45.4,44.3,45.7,47.5,46.5,45.8,46.7,45.4,46.2,43.0,47.0,43.4,41.8,53.0,53.0,52.1,45.8,47.8,43.3,48.0,44.3,41.5,52.1,50.5,51.3,46.4,48.7,45.3,42.8,45.3,46.3,49.3,45.4
2570,43.2,41.3,40.5,48.6,50.2,52.9,52.3,49.8,51.8,51.2,51.1,52.5,50.8,51.4,51.5,52.0,49.5,44.0,50.7,51.3,50.7,50.6,52.4,48.5,47.3,50.3,53.5,50.4,49.1,52.0,51.3,51.2,45.0,46.4,47.5,46.7,48.0,40.3,49.8,42.6,51.0,44.6,45.9,45.1,44.8,42.2,42.7,41.4,45.2,39.5,45.8,44.9,45.0,41.5,44.6,43.3,45.0,46.8,45.3,44.4,45.8,44.2,45.2,41.5,45.8,42.2,40.6,52.0,52.1,51.3,44.1,46.5,42.3,46.5,42.7,40.3,51.4,49.8,50.6,45.4,47.6,44.1,42.2,44.5,45.5,48.5,44.5
2571,42.1,40.1,39.8,47.5,49.2,52.0,51.5,49.1,50.9,50.7,50.5,51.5,50.1,50.6,50.8,51.3,48.8,42.9,50.2,50.6,50.0,49.9,51.5,47.6,46.7,49.5,52.8,49.7,48.3,51.5,50.5,50.5,44.3,45.8,46.8,45.7,46.7,39.5,48.8,41.3,49.6,44.0,45.0,44.1,43.5,41.2,41.0,40.2,43.6,38.5,44.7,43.8,43.3,40.7,44.0,42.0,44.3,46.0,44.4,43.5,45.0,43.2,44.1,40.4,44.7,41.2,39.7,51.4,51.5,50.5,42.7,45.7,41.0,45.6,41.4,39.0,50.6,49.1,50.1,44.5,46.8,43.1,41.6,44.0,44.8,47.6,43.8
2572,41.3,39.6,38.8,46.6,48.5,51.4,51.0,48.5,50.3,50.1,49.7,50.7,49.6,50.0,50.1,50.7,48.3,42.0,49.5,50.0,49.3,49.0,50.8,46.9,45.9,48.8,52.2,49.0,47.6,50.9,49.9,49.9,43.6,45.2,46.0,44.8,45.7,38.7,48.0,39.9,48.3,43.4,43.9,43.2,42.6,40.4,39.7,39.3,42.4,37.4,43.7,42.8,41.9,39.8,43.2,41.0,43.5,45.4,43.5,42.5,44.4,42.3,42.8,38.8,43.9,40.1,38.6,50.7,50.8,49.8,41.5,44.6,40.0,44.3,40.3,37.7,50.1,48.2,49.4,44.0,46.0,42.4,40.8,43.4,43.9,46.9,43.1
2573,40.3,39.0,38.3,45.8,47.8,50.6,50.1,47.7,49.6,49.4,49.5,49.9,49.1,49.2,49.4,50.0,47.7,41.0,49.1,49.4,48.6,48.7,50.3,46.2,45.0,48.0,51.3,48.3,47.0,50.4,49.2,49.3,42.7,44.4,45.4,44.3,44.9,38.0,47.1,38.5,47.2,42.7,43.2,42.5,41.8,39.5,38.8,38.3,41.2,36.7,42.7,41.9,40.4,39.2,42.3,40.3,43.0,45.1,42.6,41.6,43.5,41.3,42.1,37.3,43.2,39.1,37.7,50.0,50.3,49.3,40.0,43.8,39.3,43.4,39.4,36.8,49.7,47.6,48.7,43.2,45.3,41.6,40.3,42.9,43.2,46.2,42.4
2574,41.2,39.6,39.5,45.0,47.1,50.0,49.5,47.2,49.3,48.9,49.6,49.4,49.1,48.6,48.9,49.7,47.3,42.1,49.3,50.0,48.2,48.4,50.1,45.7,44.5,47.4,50.8,47.9,46.7,50.1,48.7,49.4,42.4,43.8,45.0,43.9,45.8,38.3,46.3,38.6,46.4,43.9,42.7,42.0,42.3,39.9,38.5,39.7,41.9,36.0,41.7,42.0,39.7,40.1,41.9,41.6,42.4,44.7,42.0,42.7,44.4,40.6,43.0,38.4,42.8,40.4,37.3,49.4,50.2,49.3,38.9,43.0,39.4,43.2,40.7,36.3,49.9,47.6,48.3,42.5,44.6,40.8,39.7,43.8,42.5,45.9,42.3
2575,46.0,43.8,44.4,46.0,48.8,51.1,51.1,49.2,51.4,50.7,52.6,51.4,52.4,49.8,50.4,51.8,49.8,47.1,52.3,53.2,50.3,50.4,52.1,47.0,45.7,49.2,52.0,49.4,48.9,52.2,50.4,51.8,44.2,45.8,46.4,46.3,50.6,42.4,47.1,44.8,49.1,48.7,43.8,45.3,46.2,44.8,42.8,45.1,50.3,38.7,45.1,44.7,44.6,44.0,42.9,45.6,44.2,46.4,42.8,46.6,46.8,41.6,47.8,44.8,44.8,45.9,41.8,50.6,53.0,52.5,44.0,43.8,44.1,47.2,46.4,39.6,53.2,50.7,50.1,44.1,46.1,41.8,41.9,46.5,44.0,47.6,44.9
2576,50.8,47.8,48.9,50.6,52.2,53.8,54.2,52.4,54.3,53.4,55.7,54.6,55.9,52.5,53.7,54.6,53.3,50.9,55.7,56.4,53.4,53.2,55.0,50.3,49.5,52.8,54.4,52.5,52.0,55.0,53.3,54.5,47.3,49.2,49.2,49.5,55.4,46.5,51.3,49.8,52.4,53.1,47.8,49.2,50.2,49.7,47.4,49.7,56.6,44.8,52.2,48.3,51.2,48.1,45.3,50.0,47.4,49.3,45.9,49.7,49.4,45.8,51.8,50.5,47.3,50.5,46.1,53.0,56.0,55.3,50.5,49.2,48.8,52.5,50.9,45.2,56.7,53.8,52.9,48.1,49.9,45.4,45.9,49.4,47.1,50.8,48.3
2577,54.9,51.1,52.5,55.4,55.6,57.0,57.3,55.9,57.1,55.9,58.4,57.8,58.8,55.1,56.8,57.2,56.5,54.1,58.7,59.1,56.5,56.0,57.8,53.6,53.2,56.3,57.0,56.0,54.8,57.6,56.3,57.1,50.6,52.6,52.0,52.5,59.4,49.8,55.5,53.8,55.9,56.9,51.9,52.3,54.5,53.6,52.4,53.1,61.2,49.9,56.9,52.1,57.0,51.8,48.3,53.6,50.2,51.9,49.3,52.9,51.9,49.9,55.3,54.9,50.5,54.0,49.9,55.6,58.7,58.1,56.2,54.2,53.1,56.2,54.6,49.9,59.8,56.6,55.6,52.5,53.9,49.7,48.8,51.9,50.6,54.2,51.6
2578,58.6,54.1,55.1,59.2,58.9,59.7,60.2,59.0,59.4,58.1,60.9,60.3,61.3,57.3,59.8,59.5,59.3,56.8,61.0,61.5,59.2,58.5,60.4,56.6,56.8,59.4,59.5,58.9,57.4,60.0,59.2,59.5,53.5,55.7,54.7,55.3,62.8,52.5,59.7,57.0,59.2,59.6,55.4,55.3,57.9,56.9,56.7,56.4,64.6,53.9,60.5,55.6,61.9,54.8,50.8,56.4,52.6,54.3,52.3,55.7,54.4,53.5,58.4,58.0,53.7,57.1,52.9,57.8,60.8,60.5,60.5,58.1,56.8,59.0,57.6,53.5,61.9,58.8,58.1,56.0,57.2,53.5,51.3,54.0,53.5,57.0,54.6
2579,61.6,56.6,57.5,62.5,61.6,61.9,62.6,61.2,61.5,60.2,62.8,62.4,63.2,59.3,62.2,61.4,61.6,59.5,62.6,63.3,61.4,60.3,62.8,59.0,59.8,61.9,61.5,61.4,59.7,61.7,61.5,61.5,56.4,58.1,57.3,57.7,65.8,55.0,63.1,59.8,62.1,61.9,58.6,58.3,60.9,59.4,60.1,58.8,67.4,57.1,63.2,58.6,65.5,57.0,52.6,58.7,54.5,56.3,55.0,57.8,56.8,56.6,61.0,60.8,56.6,59.5,55.6,59.8,62.7,62.5,63.6,61.7,59.9,61.6,60.1,56.2,63.6,60.8,60.2,58.8,59.9,56.7,53.4,55.8,56.1,59.5,57.0
2580,64.1,58.3,59.3,65.1,63.5,64.1,64.6,63.3,63.1,61.9,64.3,64.1,64.8,61.0,64.3,63.1,63.3,61.5,64.2,64.8,63.1,62.0,64.6,61.1,62.2,64.0,63.2,63.2,61.5,63.6,63.2,62.9,58.5,60.2,59.2,59.7,68.2,56.6,65.8,62.3,64.8,63.7,61.2,60.4,63.9,61.4,62.7,60.8,69.6,59.2,65.0,61.0,67.9,59.1,54.2,60.6,55.8,57.7,57.3,59.6,58.7,59.0,62.9,62.6,59.2,61.3,57.9,61.4,64.2,64.1,65.9,64.5,62.2,63.5,62.1,58.1,65.0,62.4,62.0,61.4,62.1,59.2,55.3,57.2,58.1,61.4,58.9
2581,65.9,59.4,60.4,67.3,65.2,65.5,66.1,64.9,64.6,63.1,65.4,65.5,66.0,62.5,65.6,64.3,64.7,63.2,65.3,65.7,64.6,63.2,66.1,62.8,64.1,65.6,64.5,64.6,63.1,65.0,64.8,64.2,60.1,61.8,60.7,61.1,69.8,58.0,67.9,63.9,66.8,64.9,63.4,61.9,65.7,62.7,64.8,62.1,71.1,60.4,66.4,62.3,69.8,60.5,55.1,61.9,56.9,58.7,59.1,60.8,60.2,61.0,64.5,64.0,61.5,62.5,59.8,62.9,65.7,65.2,67.5,66.8,64.1,65.2,63.6,59.7,65.9,63.7,63.3,63.3,63.9,61.0,56.8,58.3,59.8,62.9,60.6
2582,66.8,60.3,61.2,68.6,66.5,66.8,67.3,66.0,65.3,64.2,66.3,66.6,66.8,63.6,66.7,65.0,65.9,64.2,66.3,66.4,65.8,64.3,67.0,63.8,65.4,66.9,65.6,65.4,64.2,65.7,65.9,65.1,61.4,63.1,62.0,62.3,70.8,58.8,69.3,65.0,68.4,65.8,64.9,63.0,67.0,63.4,65.8,63.0,71.9,61.5,67.1,63.3,71.1,61.5,55.8,62.7,57.5,59.5,60.4,61.7,61.1,62.6,65.6,65.0,63.1,63.3,61.2,63.8,66.6,66.1,68.7,68.4,64.9,66.1,64.7,60.5,66.5,64.5,64.4,64.7,65.2,62.6,57.8,58.6,61.1,64.0,61.6
2583,67.0,60.2,61.6,69.4,67.2,67.6,68.0,66.6,65.5,64.6,66.6,67.0,67.0,64.1,67.2,65.6,66.3,64.5,66.5,66.5,66.2,65.1,67.5,64.5,66.2,67.6,66.1,65.9,64.6,66.0,66.5,65.4,62.2,63.6,62.8,62.9,71.4,58.7,70.2,65.3,69.3,65.9,65.7,63.6,67.4,63.4,66.2,63.3,72.0,62.0,67.5,63.3,71.4,61.7,56.3,63.1,58.0,59.9,61.3,62.1,61.5,63.4,66.1,65.5,63.8,63.6,61.8,64.5,66.9,66.4,69.1,69.5,65.5,66.6,65.4,60.9,66.7,64.7,64.9,65.4,65.9,63.5,58.3,58.4,62.0,64.3,62.4
2584,66.5,59.7,60.6,69.7,67.1,67.6,67.9,66.5,65.3,64.6,66.3,67.1,66.9,64.1,67.2,65.7,66.3,64.2,66.2,66.1,66.0,65.1,67.4,64.4,66.1,67.5,66.1,65.9,64.8,66.1,66.3,65.0,62.4,63.6,62.9,62.8,71.0,57.8,70.5,65.0,69.4,65.3,65.8,63.7,66.9,62.8,66.1,62.8,71.3,62.0,67.2,62.7,70.9,61.3,56.4,62.9,57.9,59.9,61.5,62.0,61.3,63.6,66.1,65.4,64.0,63.2,61.7,64.6,66.8,66.4,68.7,69.6,65.2,66.6,65.2,60.6,66.3,64.5,64.9,65.5,65.8,63.6,58.3,57.7,62.0,64.2,62.4
2585,64.9,58.3,59.3,69.3,66.4,67.0,67.3,66.0,64.3,63.9,65.5,66.6,66.2,63.7,66.3,65.0,65.6,63.1,65.2,65.4,65.3,64.4,66.6,63.7,65.2,66.8,65.7,65.4,64.3,65.3,65.7,64.1,61.6,62.8,62.3,62.2,69.9,56.5,69.5,63.8,69.0,63.5,65.3,63.0,65.4,61.3,65.0,61.5,69.5,61.3,66.5,61.3,69.9,60.1,56.0,62.1,57.5,59.3,61.3,61.0,60.4,63.5,65.0,64.3,63.2,62.2,60.3,64.2,66.0,65.7,67.7,68.9,64.0,65.7,64.1,59.6,65.4,63.5,64.1,64.7,65.1,63.1,57.6,56.6,61.5,63.6,61.7
2586,61.8,55.3,55.9,67.6,64.7,65.5,65.7,64.4,62.7,62.4,63.7,65.5,64.2,62.4,64.8,63.4,64.1,60.6,63.4,63.4,63.8,62.7,65.0,62.1,63.6,64.9,64.4,63.6,62.8,63.8,64.4,62.1,60.0,61.2,61.0,60.9,67.1,53.8,68.2,61.4,67.6,60.2,63.6,61.1,62.4,58.1,63.2,59.0,66.3,59.7,64.8,59.2,67.7,56.8,54.8,60.2,56.3,58.0,60.3,58.7,58.5,62.3,62.5,61.8,61.5,60.2,57.9,63.0,64.2,63.7,65.4,67.4,61.6,64.1,61.8,57.9,63.4,61.7,62.6,63.3,63.4,61.8,56.1,54.6,60.2,62.2,60.4
2587,56.3,51.2,50.6,64.2,61.5,62.8,62.6,61.1,60.0,59.6,60.8,63.1,60.8,60.2,61.5,60.5,60.5,55.8,60.5,60.2,60.7,59.6,61.7,59.0,59.8,61.3,62.4,60.4,59.7,60.8,61.5,59.0,57.1,58.1,58.6,58.0,61.2,49.7,64.5,56.8,65.0,54.7,60.1,57.5,57.8,53.5,59.1,54.8,61.5,56.0,61.5,56.4,63.8,51.7,52.6,56.6,53.8,55.4,58.3,54.6,56.0,59.8,58.1,57.0,58.6,56.3,53.2,60.8,61.1,60.5,61.0,63.8,57.2,60.5,56.9,54.0,60.4,58.7,59.6,59.7,59.5,58.4,52.8,52.4,57.3,59.2,56.8
2588,53.3,48.3,47.7,59.6,58.3,60.2,59.8,57.6,57.9,57.4,58.6,60.5,58.3,58.0,58.6,58.5,56.8,52.5,58.0,57.8,57.9,57.1,59.0,55.9,55.4,57.3,60.8,57.5,56.7,58.0,58.8,56.6,53.4,55.0,55.7,54.6,57.7,47.4,59.7,53.2,62.1,51.8,55.5,53.6,54.8,50.4,55.7,52.0,58.9,50.5,57.5,54.4,58.7,48.7,50.3,53.6,51.4,53.3,55.6,52.1,53.5,55.4,54.6,53.6,55.5,52.9,50.0,58.9,58.8,58.2,56.5,58.0,53.7,56.2,54.0,49.8,58.0,56.7,57.0,54.5,55.6,54.3,47.9,50.8,53.9,56.3,53.2
2589,51.0,46.7,45.9,56.7,56.2,58.5,58.0,55.4,56.5,56.2,57.1,58.4,56.9,56.4,56.9,57.2,54.7,50.3,56.3,56.3,56.0,55.6,57.4,54.2,53.2,55.5,59.3,55.8,55.1,56.6,56.9,55.5,51.1,53.3,54.0,52.7,55.2,45.8,56.7,50.6,60.0,50.0,53.3,51.3,52.6,48.4,52.5,49.8,56.1,47.5,54.8,52.7,54.5,47.2,49.0,51.2,49.6,51.7,52.9,50.5,51.5,52.0,52.0,51.3,53.5,50.5,48.1,57.4,57.3,56.6,53.6,54.9,51.3,54.0,51.7,47.9,56.7,55.1,55.4,52.1,53.7,51.5,45.8,49.4,51.8,54.4,50.8
2590,49.0,45.0,44.6,54.5,54.6,57.0,56.5,53.9,55.4,55.0,55.7,56.8,55.5,55.2,55.6,55.9,53.2,48.7,55.0,55.0,54.5,54.4,56.4,53.0,51.9,54.5,58.0,54.5,53.6,55.5,55.2,54.5,49.5,51.6,52.4,51.1,53.2,44.3,54.8,48.7,58.1,48.6,51.2,49.7,50.9,46.5,50.1,47.9,53.9,45.9,52.6,50.9,52.1,46.0,48.1,49.0,48.3,50.2,50.6,49.1,50.2,50.1,50.2,48.7,51.6,48.3,46.4,56.2,56.0,55.6,51.4,53.0,49.0,52.1,49.7,46.1,55.3,53.8,54.2,50.2,52.2,49.5,44.7,48.3,50.2,53.0,49.0
2591,47.6,44.1,43.5,52.7,53.2,55.8,55.4,52.7,54.4,53.8,54.4,55.5,54.2,54.2,54.4,54.8,52.1,47.3,53.7,54.0,53.4,53.5,55.2,51.7,50.4,53.4,56.7,53.3,52.3,54.5,54.1,53.5,48.3,49.9,51.2,49.8,51.8,43.2,53.1,47.1,56.3,47.4,49.8,48.7,49.3,45.5,47.9,46.2,51.8,44.2,50.7,49.4,50.4,44.8,47.2,47.1,47.4,49.4,48.9,48.2,48.7,48.1,48.6,46.6,50.0,46.5,44.6,55.1,55.0,54.3,49.7,51.1,47.0,50.7,47.9,44.3,54.2,52.7,53.2,48.8,50.9,47.9,44.1,47.2,48.8,51.8,47.7
2592,46.2,42.8,42.5,51.0,52.2,54.8,54.3,51.5,53.6,52.9,53.3,54.4,52.9,53.2,53.4,53.9,51.2,46.0,52.8,53.0,52.4,52.6,54.5,50.8,49.5,52.2,55.6,52.3,51.3,53.7,53.2,52.8,47.1,48.8,49.9,48.6,50.5,42.0,52.1,45.5,54.6,46.3,48.3,47.3,48.0,44.3,46.2,44.3,49.4,42.7,49.1,48.0,48.9,43.7,46.3,45.7,46.6,48.5,47.7,46.9,47.6,46.7,47.4,45.2,48.6,44.9,43.0,54.1,54.0,53.3,47.9,49.6,45.3,49.4,46.2,42.8,53.3,51.7,52.3,47.6,49.8,46.6,43.6,46.3,47.4,50.7,46.8
2593,44.6,42.0,41.3,49.8,51.1,54.0,53.4,50.7,52.9,52.3,52.2,53.5,51.8,52.4,52.6,53.1,50.4,44.9,51.8,52.2,51.6,51.7,53.4,49.7,48.4,51.2,54.8,51.3,50.3,53.0,52.3,52.0,46.1,47.8,49.0,47.8,49.4,41.3,51.3,44.0,53.0,45.5,47.0,46.4,46.7,43.2,44.5,43.0,47.5,41.4,47.4,46.5,47.1,42.8,45.5,44.4,45.8,47.7,46.5,45.8,46.8,45.5,46.0,43.3,47.1,43.4,41.8,53.2,53.2,52.3,46.2,48.0,43.7,48.2,44.5,41.6,52.3,50.9,51.4,46.4,48.8,45.4,43.0,45.5,46.5,49.6,45.8
2594,43.5,41.5,40.7,48.6,50.2,53.2,52.5,49.9,51.9,51.4,51.5,52.6,51.0,51.6,51.8,52.3,49.6,43.9,51.0,51.5,50.8,50.9,52.6,48.6,47.5,50.4,53.8,50.5,49.3,52.3,51.4,51.3,45.3,46.7,47.9,47.0,48.5,40.5,50.1,43.0,51.5,44.8,46.0,45.4,45.2,42.4,43.1,41.8,45.6,39.6,46.2,45.1,45.4,41.7,44.6,43.3,45.0,46.9,45.3,44.5,45.9,44.3,45.1,41.8,45.8,42.2,40.6,52.3,52.3,51.6,44.5,46.7,42.6,46.7,42.9,40.4,51.6,50.1,50.8,45.5,47.8,44.1,42.3,44.8,45.7,48.7,44.9
2595,42.3,40.3,40.0,47.5,49.3,52.3,51.7,49.2,51.1,50.9,50.8,51.7,50.3,50.8,51.1,51.6,49.0,42.9,50.4,50.8,50.2,50.2,51.6,47.8,46.9,49.7,53.0,49.9,48.6,51.8,50.7,50.6,44.6,46.2,47.1,46.0,47.2,39.6,49.1,41.6,49.9,44.1,45.2,44.3,43.8,41.6,41.4,40.5,43.9,38.6,45.0,43.9,43.8,40.9,44.0,42.1,44.3,46.1,44.4,43.6,45.1,43.3,43.9,40.6,44.8,41.2,39.6,51.7,51.6,50.8,43.1,45.9,41.4,45.8,41.6,39.1,50.9,49.4,50.3,44.7,46.9,43.2,41.8,44.2,44.9,47.8,44.2
2596,41.5,39.8,39.0,46.5,48.6,51.7,51.3,48.6,50.5,50.3,50.1,51.0,49.8,50.1,50.3,50.9,48.6,41.9,49.7,50.2,49.6,49.3,51.0,47.0,46.1,49.0,52.4,49.2,47.9,51.2,50.0,50.1,43.9,45.5,46.4,45.1,46.2,38.9,48.3,40.2,48.6,43.6,44.1,43.4,42.8,40.7,40.0,39.6,42.6,37.7,44.0,42.9,42.4,40.0,43.3,41.1,43.6,45.6,43.5,42.6,44.4,42.4,42.7,39.1,44.0,40.1,38.5,50.9,51.0,50.2,41.9,44.8,40.4,44.6,40.5,37.9,50.4,48.7,49.6,44.2,46.1,42.5,41.0,43.6,44.0,47.1,43.5
2597,40.6,39.1,38.4,45.8,48.0,50.8,50.3,47.9,49.9,49.6,49.8,50.2,49.2,49.4,49.6,50.2,48.0,41.0,49.4,49.6,48.8,48.9,50.5,46.3,45.3,48.2,51.5,48.5,47.2,50.6,49.4,49.6,43.0,44.8,45.8,44.7,45.3,38.3,47.4,38.9,47.6,42.9,43.4,42.7,42.0,39.8,39.2,38.6,41.4,36.9,42.9,42.0,40.8,39.5,42.5,40.4,43.1,45.2,42.6,41.7,43.5,41.4,42.0,37.6,43.3,39.2,37.6,50.2,50.5,49.6,40.4,44.0,39.7,43.7,39.5,36.9,49.9,48.0,48.9,43.4,45.3,41.7,40.3,43.1,43.4,46.5,42.8
2598,41.5,39.7,39.7,45.0,47.3,50.2,49.8,47.4,49.6,49.1,50.0,49.7,49.4,48.9,49.1,49.9,47.6,42.3,49.6,50.3,48.5,48.6,50.3,45.9,44.8,47.6,51.0,48.1,46.9,50.4,49.0,49.6,42.7,44.2,45.4,44.3,46.1,38.6,46.6,38.9,46.7,44.2,42.8,42.3,42.7,40.3,38.9,40.0,42.2,36.2,42.1,42.1,40.0,40.4,42.0,41.7,42.6,44.8,42.0,42.9,44.5,40.7,43.1,38.8,42.9,40.5,37.3,49.6,50.4,49.7,39.4,43.2,39.9,43.5,41.0,36.5,50.2,48.0,48.5,42.6,44.7,40.9,39.6,44.1,42.8,46.2,42.7
2599,46.4,44.0,44.7,46.1,49.1,51.4,51.4,49.5,51.7,51.0,53.0,51.7,52.7,50.2,50.7,52.1,50.2,47.3,52.6,53.4,50.6,50.7,52.4,47.3,45.9,49.5,52.3,49.7,49.2,52.5,50.8,52.1,44.6,46.2,46.8,46.7,51.0,42.7,47.4,45.1,49.4,49.1,44.1,45.6,46.5,45.2,43.2,45.6,50.7,39.0,45.5,44.9,45.0,44.4,43.1,45.8,44.4,46.5,42.8,46.9,47.0,41.8,48.0,45.2,45.0,46.1,42.0,50.9,53.3,52.8,44.6,44.0,44.5,47.8,46.7,39.9,53.4,51.1,50.4,44.3,46.3,42.0,42.0,46.8,44.3,48.0,45.3
2600,51.1,48.0,49.1,50.7,52.6,54.1,54.5,52.7,54.6,53.6,56.1,54.9,56.2,52.8,54.0,54.8,53.6,51.1,56.0,56.6,53.7,53.4,55.3,50.6,49.8,53.1,54.6,52.8,52.3,55.3,53.6,54.7,47.7,49.6,49.6,49.9,55.8,46.7,51.6,50.0,52.7,53.5,48.1,49.5,50.5,50.0,47.8,50.2,57.0,45.0,52.6,48.6,51.6,48.3,45.6,50.3,47.5,49.4,46.0,50.1,49.6,46.1,52.1,50.8,47.5,50.7,46.3,53.4,56.3,55.7,51.0,49.5,49.1,52.9,51.3,45.3,56.9,54.2,53.2,48.3,50.1,45.6,45.9,49.7,47.4,51.2,48.7
2601,55.2,51.2,52.8,55.5,55.9,57.2,57.6,56.1,57.4,56.1,58.8,58.1,59.1,55.2,57.1,57.4,56.7,54.3,59.1,59.4,56.7,56.2,58.1,53.9,53.5,56.6,57.1,56.3,55.0,57.8,56.5,57.3,50.8,53.0,52.4,52.8,59.8,50.1,55.9,54.0,56.2,57.1,52.2,52.5,54.8,53.8,52.8,53.6,61.6,50.1,57.3,52.4,57.4,52.0,48.4,53.9,50.3,51.9,49.4,53.3,52.1,50.2,55.5,55.4,50.7,54.2,50.2,55.8,58.8,58.4,56.7,54.5,53.3,56.3,55.1,49.9,60.0,56.9,55.8,52.7,54.1,50.0,48.8,52.1,50.8,54.5,52.0
2602,58.8,54.2,55.5,59.3,59.1,59.9,60.4,59.2,59.6,58.3,61.2,60.6,61.5,57.4,60.0,59.6,59.4,57.1,61.3,61.8,59.3,58.6,60.6,56.9,57.1,59.7,59.5,59.1,57.7,60.2,59.4,59.7,53.8,56.0,55.1,55.6,63.3,52.7,60.0,57.2,59.5,59.9,55.7,55.5,58.1,57.2,57.1,56.8,64.9,54.1,60.8,56.0,62.1,55.0,50.9,56.7,52.7,54.3,52.5,56.0,54.6,53.7,58.6,58.4,54.0,57.4,53.2,57.9,61.0,60.9,60.9,58.4,56.9,59.1,58.0,53.6,62.1,59.2,58.3,56.2,57.4,53.8,51.4,54.1,53.7,57.3,54.9
2603,61.9,56.7,57.9,62.7,61.9,62.2,62.8,61.5,61.7,60.2,63.2,62.5,63.5,59.5,62.4,61.5,61.6,59.8,63.1,63.6,61.5,60.4,62.9,59.3,60.1,62.2,61.6,61.5,59.9,62.0,61.6,61.8,56.6,58.4,57.6,58.0,66.2,55.2,63.4,60.1,62.4,62.1,58.8,58.5,61.1,59.7,60.4,59.2,67.8,57.2,63.5,59.1,65.7,57.2,52.7,59.0,54.5,56.2,55.2,58.1,57.0,56.8,61.2,61.1,57.0,59.8,56.0,59.9,62.9,62.9,63.9,62.1,60.0,61.7,60.5,56.2,63.9,61.2,60.2,59.0,60.1,56.9,53.6,55.8,56.3,59.8,57.3
2604,64.3,58.4,59.6,65.3,63.8,64.3,64.9,63.5,63.3,62.0,64.7,64.2,65.2,61.1,64.5,63.2,63.3,61.8,64.6,65.1,63.1,62.0,64.6,61.3,62.5,64.2,63.2,63.2,61.6,63.8,63.3,63.1,58.7,60.4,59.5,60.0,68.5,56.8,66.1,62.6,65.1,63.9,61.6,60.5,64.1,61.6,63.0,61.2,70.0,59.4,65.3,61.4,68.1,59.3,54.2,60.9,55.8,57.7,57.5,59.9,58.9,59.2,63.1,62.9,59.6,61.6,58.4,61.5,64.4,64.4,66.2,65.0,62.3,63.4,62.5,58.3,65.3,62.8,62.0,61.6,62.2,59.5,55.3,57.2,58.3,61.6,59.1
2605,66.2,59.4,60.8,67.4,65.5,65.8,66.3,65.1,64.7,63.2,65.8,65.6,66.2,62.5,65.8,64.4,64.7,63.4,65.7,66.1,64.7,63.3,66.1,62.9,64.4,65.9,64.6,64.6,63.3,65.1,64.9,64.3,60.3,62.0,61.0,61.3,70.2,58.0,68.3,64.2,67.0,65.0,63.6,62.0,66.0,62.8,65.0,62.6,71.6,60.6,66.8,62.7,70.0,60.9,55.2,62.2,57.0,58.7,59.3,61.1,60.4,61.2,64.7,64.4,61.9,62.9,60.4,62.9,65.8,65.6,67.8,67.2,64.1,65.1,64.0,59.8,66.2,64.1,63.3,63.5,64.0,61.4,56.8,58.3,60.0,63.0,60.8
2606,67.0,60.2,61.6,68.7,66.6,66.9,67.3,66.1,65.5,64.3,66.6,66.7,67.0,63.6,66.8,65.1,65.9,64.5,66.6,66.7,65.8,64.4,67.1,64.0,65.5,67.1,65.6,65.5,64.4,65.8,65.9,65.2,61.7,63.2,62.3,62.5,71.3,58.7,69.7,65.3,68.7,66.0,65.1,62.9,67.1,63.4,66.0,63.4,72.4,61.7,67.5,63.7,71.3,61.8,55.9,63.0,57.6,59.4,60.6,62.0,61.3,62.9,65.8,65.4,63.5,63.7,61.7,63.9,66.7,66.3,68.9,68.7,65.0,65.9,65.1,60.7,66.8,64.8,64.4,64.9,65.3,62.9,57.8,58.6,61.4,64.1,61.9
2607,67.2,60.1,61.9,69.5,67.2,67.5,67.9,66.5,65.6,64.7,66.8,67.1,67.2,64.1,67.1,65.7,66.3,64.9,66.7,66.9,66.2,65.1,67.5,64.6,66.3,67.7,66.2,65.9,64.7,66.0,66.5,65.5,62.4,63.7,63.0,63.1,71.8,58.5,70.5,65.6,69.6,66.1,65.9,63.5,67.5,63.4,66.4,63.7,72.4,62.1,67.9,63.7,71.6,61.9,56.4,63.5,58.1,59.8,61.6,62.4,61.7,63.7,66.5,65.9,64.3,64.0,62.4,64.5,66.9,66.6,69.2,69.8,65.5,66.5,65.8,61.1,67.0,65.0,64.9,65.6,65.9,63.8,58.3,58.3,62.2,64.5,62.6
2608,66.6,59.4,60.9,69.8,67.1,67.6,67.9,66.6,65.5,64.7,66.5,67.2,67.0,64.1,67.2,65.8,66.2,64.6,66.4,66.5,66.0,65.1,67.5,64.6,66.1,67.5,66.1,65.9,64.8,66.0,66.3,65.1,62.6,63.7,63.0,62.9,71.5,57.7,70.8,65.2,69.7,65.5,66.0,63.5,66.9,62.9,66.1,63.2,71.8,62.2,67.5,63.2,71.1,61.5,56.5,63.3,58.0,59.9,61.8,62.4,61.6,64.0,66.4,65.9,64.5,63.7,62.3,64.7,66.9,66.6,68.9,69.8,65.2,66.4,65.6,60.8,66.5,64.8,64.9,65.7,65.7,63.9,58.4,57.5,62.2,64.2,62.6
2609,65.0,58.1,59.6,69.3,66.4,67.0,67.3,66.0,64.5,64.0,65.7,66.8,66.4,63.7,66.4,65.1,65.6,63.6,65.4,65.7,65.4,64.5,66.7,63.8,65.3,66.8,65.8,65.5,64.3,65.3,65.7,64.3,61.9,62.8,62.4,62.3,70.4,56.3,69.8,64.0,69.2,63.6,65.5,62.8,65.4,61.2,65.1,62.0,70.0,61.6,66.9,61.8,70.1,60.3,56.1,62.5,57.7,59.3,61.7,61.4,60.8,63.9,65.4,64.8,63.8,62.6,61.0,64.2,66.1,65.9,67.8,69.1,64.0,65.6,64.5,59.9,65.6,63.8,64.1,65.0,65.1,63.5,57.8,56.4,61.8,63.6,61.9
2610,61.9,55.1,56.3,67.7,64.7,65.5,65.7,64.4,62.8,62.5,63.9,65.6,64.4,62.5,64.7,63.4,64.1,61.0,63.6,63.7,63.9,62.8,65.1,62.2,63.7,65.0,64.5,63.7,62.9,63.8,64.5,62.3,60.3,61.3,61.1,61.0,67.6,53.7,68.4,61.6,67.7,60.3,63.8,60.9,62.5,58.1,63.2,59.5,66.8,59.9,65.2,59.7,67.9,57.0,55.0,60.6,56.5,58.1,60.6,59.2,58.9,62.7,63.0,62.3,62.1,60.6,58.6,63.1,64.3,63.9,65.6,67.5,61.5,64.0,62.2,58.2,63.6,62.0,62.7,63.5,63.5,62.1,56.3,54.4,60.4,62.2,60.6
2611,56.5,51.2,50.9,64.3,61.6,62.8,62.7,61.2,60.1,59.8,61.0,63.3,61.1,60.4,61.5,60.7,60.6,56.2,60.7,60.5,60.9,59.8,62.0,59.3,60.0,61.5,62.5,60.6,59.8,60.8,61.6,59.1,57.4,58.3,58.8,58.2,61.6,49.7,64.7,57.0,65.1,54.8,60.4,57.5,58.0,53.6,59.2,55.3,61.9,56.2,61.9,56.9,64.1,51.9,52.7,57.1,54.0,55.5,58.7,55.0,56.3,60.3,58.6,57.4,59.1,56.7,53.7,60.9,61.1,60.8,61.2,64.0,57.3,60.4,57.3,54.3,60.6,59.1,59.8,60.1,59.7,58.7,53.0,52.3,57.6,59.3,57.2
2612,53.5,48.3,48.0,59.8,58.5,60.2,59.8,57.8,58.0,57.6,58.8,60.7,58.6,58.2,58.6,58.7,56.9,52.7,58.2,58.1,58.0,57.3,59.2,56.1,55.6,57.5,60.9,57.6,56.9,58.1,58.9,56.8,53.6,55.2,56.0,54.9,58.1,47.4,60.0,53.3,62.2,51.9,55.8,53.6,55.0,50.5,55.8,52.4,59.4,50.5,57.8,54.9,59.0,48.9,50.3,54.0,51.4,53.3,55.9,52.4,53.8,55.7,54.9,54.0,55.8,53.2,50.5,59.0,58.8,58.5,56.7,58.2,53.9,56.2,54.3,49.9,58.2,56.9,57.2,54.9,55.9,54.5,48.0,50.7,54.2,56.5,53.6
2613,51.2,46.6,46.1,56.9,56.3,58.6,58.1,55.6,56.6,56.3,57.3,58.6,57.1,56.6,56.9,57.4,54.8,50.4,56.5,56.6,56.2,55.8,57.6,54.4,53.5,55.6,59.4,55.9,55.3,56.7,57.0,55.7,51.3,53.5,54.3,52.9,55.6,45.7,56.9,50.8,60.1,50.2,53.5,51.3,52.8,48.5,52.8,50.2,56.5,47.5,55.1,53.2,54.8,47.5,48.9,51.5,49.7,51.6,53.1,50.9,51.8,52.2,52.2,51.7,53.9,50.8,48.5,57.6,57.3,56.9,53.9,55.1,51.4,53.9,52.1,48.0,56.8,55.2,55.7,52.4,54.0,51.7,45.8,49.4,52.1,54.6,51.2
2614,49.1,45.0,44.8,54.6,54.8,57.1,56.6,54.1,55.5,55.1,55.8,57.0,55.6,55.3,55.7,56.1,53.5,49.0,55.3,55.3,54.8,54.7,56.5,53.1,52.1,54.6,58.1,54.7,53.8,55.8,55.5,54.6,49.7,51.8,52.7,51.5,53.5,44.3,55.0,48.8,58.1,48.7,51.5,49.6,51.1,46.5,50.4,48.1,54.2,45.9,52.8,51.4,52.4,46.3,48.0,49.4,48.2,50.1,50.9,49.5,50.5,50.2,50.4,49.0,52.0,48.7,46.8,56.3,56.2,55.8,51.7,53.1,49.2,52.0,50.0,46.2,55.4,53.9,54.5,50.6,52.4,49.8,44.7,48.3,50.4,53.2,49.4
2615,47.7,44.0,43.7,52.9,53.3,55.9,55.5,52.9,54.6,54.0,54.5,55.7,54.3,54.4,54.6,55.1,52.4,47.6,53.9,54.2,53.8,53.8,55.4,51.8,50.6,53.6,56.9,53.6,52.6,54.8,54.4,53.8,48.4,50.1,51.4,50.2,51.9,43.2,53.3,47.3,56.5,47.5,50.1,48.6,49.4,45.4,48.0,46.5,52.2,44.2,50.9,49.8,50.6,45.1,47.2,47.5,47.3,49.3,49.2,48.7,49.0,48.3,48.9,46.8,50.3,46.8,45.0,55.3,55.1,54.5,49.9,51.2,47.2,50.8,48.2,44.4,54.3,52.9,53.4,49.1,51.2,48.2,44.1,47.3,49.0,52.0,48.1
2616,46.2,42.8,42.7,51.3,52.4,55.0,54.5,51.7,53.8,53.1,53.4,54.7,53.0,53.4,53.6,54.2,51.6,46.2,53.0,53.2,52.8,52.8,54.7,50.9,49.7,52.5,55.8,52.5,51.6,54.0,53.5,53.0,47.3,49.0,50.2,48.9,50.6,42.0,52.2,45.6,54.7,46.4,48.6,47.2,48.0,44.3,46.3,44.6,49.8,42.6,49.2,48.4,49.0,44.0,46.2,46.1,46.5,48.3,48.0,47.4,47.9,46.8,47.7,45.4,48.9,45.2,43.4,54.3,54.2,53.5,48.1,49.7,45.5,49.3,46.5,42.8,53.4,51.9,52.6,47.9,50.0,46.9,43.6,46.3,47.7,50.9,47.1
2617,44.6,42.0,41.6,50.0,51.3,54.2,53.6,50.9,53.0,52.5,52.4,53.8,51.9,52.7,52.8,53.3,50.8,45.2,52.0,52.5,51.9,51.9,53.6,49.8,48.6,51.5,55.0,51.6,50.6,53.2,52.6,52.3,46.4,48.0,49.2,48.1,49.4,41.3,51.3,44.0,53.2,45.5,47.3,46.3,46.7,43.1,44.6,43.3,47.9,41.3,47.6,46.9,47.2,43.1,45.5,44.8,45.8,47.5,46.7,46.2,47.0,45.6,46.3,43.5,47.3,43.7,42.0,53.4,53.4,52.6,46.4,48.1,43.8,48.1,44.7,41.6,52.4,51.1,51.8,46.7,49.0,45.7,43.0,45.6,46.7,49.8,46.2
2618,43.4,41.5,40.8,48.7,50.5,53.4,52.8,50.1,52.1,51.7,51.6,52.9,51.1,51.9,52.1,52.5,50.0,44.1,51.1,51.8,51.1,51.2,52.9,48.8,47.7,50.7,54.1,50.8,49.7,52.6,51.7,51.5,45.6,46.9,48.1,47.2,48.4,40.6,50.2,42.9,51.7,44.8,46.3,45.3,45.2,42.3,43.1,42.1,46.0,39.5,46.3,45.5,45.6,42.0,44.6,43.7,45.0,46.7,45.5,44.9,46.1,44.4,45.3,42.1,46.0,42.5,40.8,52.5,52.5,51.9,44.6,46.9,42.8,46.6,43.2,40.3,51.7,50.3,51.1,45.8,48.1,44.4,42.3,44.8,45.9,49.0,45.2
2619,42.2,40.4,40.1,47.6,49.5,52.5,52.0,49.4,51.2,51.1,51.0,52.0,50.5,51.1,51.4,51.9,49.4,43.1,50.6,51.1,50.5,50.5,51.9,48.0,47.2,50.0,53.3,50.2,48.8,52.1,51.0,50.9,44.8,46.3,47.3,46.3,47.2,39.7,49.2,41.5,50.1,44.1,45.4,44.2,43.8,41.5,41.5,40.9,44.4,38.5,45.1,44.3,43.9,41.1,44.0,42.5,44.2,46.1,44.7,43.9,45.3,43.4,44.2,40.8,45.0,41.4,39.8,51.9,51.9,51.1,43.1,46.1,41.6,45.8,41.8,39.0,51.0,49.6,50.5,45.0,47.2,43.4,41.8,44.2,45.1,48.1,44.4
2620,41.5,39.8,39.0,46.6,48.9,51.9,51.6,48.8,50.7,50.6,50.4,51.4,50.1,50.4,50.6,51.2,48.9,42.3,50.0,50.5,49.9,49.7,51.4,47.2,46.4,49.3,52.7,49.6,48.3,51.5,50.3,50.4,44.1,45.7,46.5,45.4,46.2,39.0,48.4,40.2,48.8,43.5,44.4,43.3,42.8,40.6,40.1,39.9,43.0,37.6,44.1,43.2,42.5,40.1,43.3,41.4,43.5,45.5,43.8,43.0,44.7,42.5,42.9,39.2,44.2,40.3,38.8,51.2,51.3,50.5,41.9,45.0,40.6,44.4,40.8,37.8,50.6,48.9,49.9,44.4,46.4,42.7,41.0,43.8,44.3,47.3,43.7
2621,40.5,39.2,38.4,45.8,48.2,51.1,50.7,48.1,50.2,49.8,50.1,50.5,49.5,49.7,49.9,50.5,48.4,41.3,49.7,49.9,49.1,49.3,50.9,46.6,45.5,48.4,51.8,48.9,47.6,50.9,49.6,49.9,43.3,45.0,45.9,44.8,45.3,38.4,47.4,38.9,47.8,43.0,43.6,42.5,41.9,39.7,39.2,38.9,41.6,36.7,43.1,42.4,40.8,39.6,42.5,40.7,43.0,45.1,42.9,42.1,43.8,41.5,42.2,37.8,43.5,39.4,37.8,50.5,50.8,49.9,40.4,44.0,39.9,43.6,39.7,36.8,50.2,48.2,49.2,43.5,45.6,41.9,40.4,43.3,43.7,46.7,43.0
2622,41.5,39.8,39.8,45.0,47.6,50.4,50.1,47.7,49.9,49.4,50.4,50.1,49.8,49.2,49.4,50.2,48.0,42.7,49.9,50.6,48.8,48.9,50.6,46.1,45.0,48.0,51.3,48.5,47.2,50.7,49.4,49.9,43.0,44.4,45.5,44.6,46.2,38.7,46.7,39.0,46.9,44.3,43.0,42.3,42.8,40.3,38.9,40.5,42.6,36.1,42.2,42.5,40.1,40.5,42.0,42.2,42.5,44.8,42.3,43.5,44.9,40.7,43.5,39.2,43.1,40.9,37.6,49.9,50.7,50.1,39.3,43.3,40.2,43.4,41.4,36.4,50.5,48.4,48.8,42.7,45.0,41.1,39.8,44.3,43.0,46.4,42.8
2623,46.4,44.1,44.8,46.2,49.4,51.7,51.7,49.7,52.0,51.2,53.3,52.0,53.0,50.5,51.0,52.3,50.6,47.7,52.9,53.7,51.0,51.0,52.7,47.6,46.2,49.8,52.5,50.2,49.4,52.8,51.1,52.3,44.9,46.5,47.0,47.0,51.1,42.8,47.5,45.2,49.6,49.2,44.3,45.7,46.6,45.3,43.4,46.1,51.2,39.1,45.9,45.3,45.2,44.6,43.2,46.3,44.5,46.6,43.2,47.3,47.3,42.0,48.4,45.7,45.3,46.6,42.4,51.2,53.6,53.1,44.7,44.2,44.9,47.8,47.2,40.0,53.7,51.4,50.7,44.4,46.6,42.2,42.3,46.9,44.6,48.3,45.6
2624,51.1,47.9,49.2,50.8,52.7,54.3,54.7,52.8,54.6,53.9,56.4,55.1,56.4,53.1,54.2,54.9,53.9,51.5,56.2,56.8,54.0,53.6,55.6,50.8,50.0,53.3,54.9,53.1,52.5,55.5,53.9,54.8,47.9,49.9,49.8,50.2,55.9,46.8,51.8,50.2,52.9,53.6,48.2,49.6,50.6,50.1,48.0,50.8,57.6,45.2,53.0,49.1,51.8,48.6,45.8,50.7,47.7,49.5,46.5,50.6,49.9,46.4,52.6,51.4,47.8,51.1,46.7,53.6,56.5,55.9,51.2,49.7,49.4,52.9,51.9,45.5,57.1,54.4,53.5,48.5,50.3,45.9,46.4,49.7,47.7,51.6,49.0
2625,55.1,51.1,52.9,55.5,56.1,57.3,57.7,56.3,57.4,56.4,58.9,58.1,59.2,55.5,57.2,57.5,57.0,54.6,59.3,59.6,57.0,56.3,58.3,54.0,53.6,56.7,57.4,56.4,55.3,58.1,56.8,57.4,51.1,53.3,52.6,53.1,60.0,50.2,55.9,54.2,56.4,57.2,52.3,52.7,54.8,53.9,53.0,54.1,62.2,50.4,57.7,52.9,57.7,52.2,48.7,54.4,50.6,52.2,49.8,53.8,52.5,50.6,55.9,55.9,51.1,54.6,50.6,56.0,58.9,58.6,56.9,54.6,53.7,56.4,55.6,50.1,60.1,57.1,56.0,52.8,54.2,50.2,49.2,52.1,51.0,54.8,52.2
2626,58.8,54.0,55.5,59.3,59.2,60.0,60.4,59.2,59.7,58.5,61.3,60.6,61.6,57.7,60.1,59.7,59.6,57.5,61.3,62.0,59.5,58.8,60.8,57.0,57.2,59.7,59.7,59.2,58.0,60.3,59.5,59.7,54.0,56.2,55.2,55.8,63.4,52.7,60.0,57.3,59.7,60.0,55.8,55.6,58.1,57.3,57.2,57.3,65.6,54.4,61.3,56.4,62.4,55.2,51.2,57.1,53.0,54.6,52.8,56.5,55.0,54.1,58.9,59.0,54.2,57.8,53.6,58.1,61.2,60.9,61.2,58.5,57.2,59.2,58.5,53.8,62.2,59.3,58.5,56.4,57.4,54.0,51.7,54.1,53.8,57.5,55.0
2627,61.8,56.6,57.9,62.6,61.9,62.3,62.9,61.5,61.7,60.4,63.2,62.5,63.6,59.6,62.5,61.6,61.8,60.1,63.1,63.8,61.6,60.5,63.0,59.3,60.1,62.3,61.7,61.5,60.1,62.1,61.7,61.8,56.7,58.6,57.8,58.1,66.4,55.2,63.4,60.2,62.6,62.2,58.9,58.6,61.1,59.8,60.6,59.8,68.5,57.5,63.9,59.6,65.9,57.5,53.0,59.4,54.8,56.5,55.6,58.6,57.4,57.2,61.5,61.7,57.2,60.3,56.3,60.1,63.0,62.9,64.2,62.2,60.2,61.8,61.1,56.6,63.9,61.2,60.4,59.2,60.2,57.1,54.0,55.9,56.4,59.9,57.5
2628,64.2,58.4,59.6,65.2,63.9,64.3,65.0,63.5,63.4,62.1,64.7,64.3,65.2,61.2,64.5,63.2,63.5,62.1,64.7,65.3,63.2,62.2,64.7,61.4,62.5,64.4,63.3,63.2,61.8,63.8,63.4,63.0,58.7,60.6,59.7,60.2,68.7,56.9,66.2,62.7,65.2,64.1,61.6,60.7,64.1,61.7,63.3,61.8,70.6,59.8,65.7,61.9,68.3,59.5,54.5,61.3,56.2,58.0,57.9,60.3,59.3,59.6,63.5,63.4,59.8,62.1,58.8,61.7,64.5,64.5,66.5,65.1,62.5,63.6,63.0,58.7,65.3,62.8,62.1,61.8,62.4,59.7,55.8,57.3,58.4,61.7,59.3
2629,66.1,59.4,60.8,67.4,65.5,65.7,66.4,65.1,64.8,63.3,65.8,65.7,66.3,62.7,65.9,64.4,64.8,63.8,65.8,66.3,64.8,63.3,66.2,62.9,64.3,66.0,64.7,64.7,63.4,65.1,64.9,64.3,60.4,62.2,61.2,61.5,70.4,58.1,68.3,64.4,67.3,65.2,63.6,62.2,65.9,62.9,65.3,63.2,72.2,61.1,67.2,63.2,70.3,61.0,55.6,62.6,57.3,59.1,59.7,61.6,60.8,61.6,65.1,64.9,62.1,63.3,60.7,63.1,65.7,65.6,68.2,67.2,64.4,65.3,64.5,60.3,66.3,64.0,63.5,63.5,64.1,61.4,57.3,58.3,60.2,63.1,61.0
2630,67.0,60.2,61.7,68.7,66.6,66.9,67.4,66.1,65.6,64.3,66.6,66.7,67.1,63.7,66.8,65.1,65.9,64.9,66.7,66.8,65.8,64.5,67.1,64.0,65.5,67.2,65.7,65.6,64.5,65.8,65.9,65.1,61.7,63.4,62.5,62.7,71.5,58.8,69.8,65.6,68.9,66.2,65.0,63.2,67.1,63.6,66.3,64.0,73.0,62.3,68.0,64.2,71.6,62.0,56.3,63.4,58.0,59.9,61.0,62.4,61.7,63.3,66.2,65.9,63.8,64.0,62.1,63.9,66.7,66.4,69.2,68.7,65.2,66.2,65.7,61.2,66.9,64.8,64.5,64.9,65.4,63.0,58.3,58.7,61.5,64.2,62.2
2631,67.2,60.1,62.1,69.5,67.3,67.6,68.0,66.6,65.7,64.7,66.9,67.0,67.2,64.1,67.2,65.7,66.3,65.3,66.7,67.0,66.2,65.0,67.6,64.7,66.2,67.8,66.2,65.9,64.8,66.0,66.5,65.4,62.4,63.9,63.2,63.2,72.1,58.7,70.6,65.9,69.9,66.2,65.9,63.7,67.5,63.5,66.7,64.4,73.1,62.6,68.4,64.3,72.0,62.2,56.9,63.9,58.6,60.2,62.0,62.9,62.2,64.2,66.9,66.4,64.6,64.4,62.7,64.5,66.9,66.7,69.6,69.8,65.9,66.7,66.4,61.6,67.0,65.0,65.0,65.6,66.0,63.8,58.8,58.5,62.2,64.6,62.8
2632,66.8,59.5,61.1,69.8,67.2,67.7,68.0,66.6,65.6,64.7,66.6,67.2,67.0,64.1,67.3,65.7,66.3,65.0,66.5,66.6,66.1,65.1,67.6,64.7,66.2,67.6,66.2,65.9,64.9,66.0,66.4,65.0,62.5,63.8,63.2,63.1,71.8,57.9,70.9,65.6,70.0,65.7,66.0,63.8,67.0,63.2,66.3,63.9,72.5,62.7,68.1,63.7,71.5,61.8,57.0,63.7,58.5,60.4,62.3,62.8,62.0,64.5,66.8,66.3,64.9,64.1,62.7,64.7,66.8,66.7,69.3,69.9,65.5,66.7,66.1,61.3,66.5,64.8,64.9,65.7,65.8,64.1,58.9,57.6,62.3,64.4,62.7
2633,65.2,58.3,59.9,69.3,66.5,67.0,67.4,66.0,64.5,64.0,65.8,66.7,66.5,63.8,66.4,65.0,65.7,63.9,65.5,65.8,65.4,64.5,66.8,63.9,65.4,66.9,65.8,65.5,64.5,65.2,65.8,64.2,61.9,63.0,62.6,62.5,70.7,56.6,69.9,64.3,69.6,63.7,65.6,63.1,65.6,61.6,65.4,62.6,70.7,62.1,67.5,62.3,70.5,60.6,56.6,62.9,58.2,59.7,62.1,61.9,61.3,64.3,65.7,65.2,64.1,63.0,61.4,64.2,65.9,66.0,68.3,69.2,64.2,65.8,65.0,60.3,65.7,63.9,64.2,65.0,65.1,63.6,58.2,56.4,61.9,63.8,62.1
2634,62.2,55.4,56.6,67.7,64.8,65.6,65.8,64.5,62.9,62.6,64.1,65.5,64.5,62.6,64.8,63.4,64.2,61.3,63.8,63.8,63.9,62.8,65.2,62.3,63.8,65.1,64.5,63.7,63.0,63.8,64.6,62.3,60.5,61.4,61.3,61.1,68.0,54.0,68.5,62.0,68.0,60.6,63.9,61.3,62.7,58.5,63.5,60.1,67.5,60.4,65.9,60.1,68.4,57.3,55.4,61.1,56.9,58.5,61.1,59.7,59.5,63.2,63.4,62.7,62.4,60.9,59.0,63.1,64.2,64.1,66.1,67.7,61.9,64.3,62.7,58.7,63.7,62.1,62.8,63.7,63.5,62.3,56.7,54.5,60.6,62.4,60.8
2635,56.6,51.4,51.1,64.4,61.7,62.9,62.7,61.3,60.2,59.9,61.2,63.3,61.2,60.4,61.5,60.8,60.7,56.6,61.0,60.6,60.9,59.9,62.1,59.3,60.1,61.5,62.6,60.6,59.9,60.9,61.7,59.1,57.4,58.4,59.0,58.4,61.9,49.9,64.8,57.2,65.4,54.9,60.5,57.9,58.1,53.9,59.6,56.0,62.5,56.7,62.5,57.3,64.6,52.2,53.1,57.5,54.4,56.0,59.2,55.5,56.8,60.7,59.1,58.0,59.3,57.1,54.1,60.9,61.1,61.0,61.8,64.1,57.6,60.8,57.7,54.8,60.8,59.2,59.8,60.2,59.8,59.0,53.4,52.4,57.8,59.4,57.5
2636,53.5,48.5,48.1,59.8,58.3,60.3,59.8,57.8,58.1,57.6,59.0,60.7,58.7,58.2,58.6,58.7,57.0,53.0,58.4,58.3,58.0,57.4,59.2,56.1,55.7,57.5,60.9,57.6,56.9,58.1,59.0,56.8,53.7,55.4,56.1,55.1,58.4,47.7,60.0,53.6,62.6,51.9,55.9,53.9,55.1,50.9,56.2,53.1,59.9,51.1,58.4,55.3,59.4,49.1,50.8,54.3,51.9,53.7,56.3,52.8,54.2,56.1,55.3,54.6,56.1,53.5,50.7,59.0,58.8,58.6,57.2,58.3,54.1,56.6,54.8,50.3,58.3,57.0,57.2,54.9,56.0,54.6,48.4,50.8,54.3,56.6,53.8
2637,51.1,46.8,46.1,56.9,56.2,58.5,57.9,55.5,56.7,56.2,57.5,58.7,57.2,56.6,56.9,57.4,54.8,50.7,56.7,56.7,56.1,55.8,57.6,54.3,53.4,55.6,59.3,55.8,55.3,56.8,57.1,55.7,51.4,53.6,54.4,53.1,55.9,46.0,56.9,51.1,60.4,50.2,53.4,51.6,53.0,48.8,53.1,50.7,57.1,48.0,55.7,53.6,55.2,47.7,49.4,51.9,50.2,52.0,53.5,51.3,52.2,52.6,52.4,52.2,54.1,51.0,48.8,57.5,57.4,57.1,54.4,55.1,51.6,54.2,52.5,48.5,57.1,55.4,55.6,52.4,53.9,51.8,46.1,49.5,52.3,54.8,51.4
2638,49.0,45.3,44.9,54.6,54.6,57.0,56.5,54.0,55.6,55.1,56.0,57.1,55.8,55.3,55.6,56.1,53.5,49.2,55.5,55.5,54.7,54.7,56.5,53.1,52.0,54.5,58.0,54.6,53.9,55.8,55.4,54.6,49.8,51.8,52.7,51.6,53.6,44.6,55.0,49.2,58.4,48.8,51.4,49.9,51.2,46.7,50.7,48.7,54.8,46.4,53.4,51.8,52.9,46.4,48.5,49.7,48.7,50.6,51.3,49.9,50.9,50.5,50.6,49.5,52.3,49.1,47.1,56.3,56.2,56.0,52.1,53.1,49.3,52.3,50.5,46.7,55.7,54.0,54.4,50.6,52.3,49.8,45.0,48.4,50.5,53.3,49.5
2639,47.6,44.3,43.8,52.8,53.2,55.8,55.3,52.8,54.6,54.1,54.7,55.9,54.4,54.3,54.5,55.1,52.4,47.8,54.1,54.5,53.7,53.7,55.4,51.8,50.4,53.4,56.8,53.6,52.6,54.8,54.4,53.8,48.5,50.1,51.5,50.3,52.1,43.5,53.4,47.5,56.8,47.6,50.0,49.1,49.5,45.6,48.5,47.0,52.7,44.7,51.4,50.1,51.0,45.3,47.6,47.9,47.8,49.7,49.5,49.0,49.4,48.5,49.1,47.4,50.6,47.2,45.3,55.2,55.2,54.7,50.4,51.3,47.4,51.1,48.7,44.8,54.6,53.0,53.3,49.1,51.1,48.2,44.3,47.4,49.0,52.1,48.1
2640,46.2,43.1,42.8,51.4,52.3,54.8,54.3,51.6,53.8,53.2,53.7,54.8,53.3,53.4,53.5,54.2,51.6,46.5,53.3,53.5,52.7,52.8,54.6,50.9,49.6,52.2,55.8,52.5,51.6,54.0,53.5,53.0,47.4,49.1,50.3,49.0,50.7,42.4,52.3,45.9,55.0,46.5,48.5,47.7,48.1,44.5,46.7,45.2,50.2,43.0,49.6,48.7,49.5,44.2,46.7,46.5,47.0,48.8,48.3,47.8,48.2,47.0,47.8,45.8,49.2,45.6,43.8,54.2,54.2,53.8,48.6,49.8,45.6,49.7,46.8,43.4,53.7,52.0,52.6,47.9,49.8,47.0,43.9,46.5,47.7,51.0,47.2
2641,44.7,42.3,41.7,50.0,51.3,54.0,53.3,50.8,53.1,52.6,52.7,53.9,52.2,52.6,52.7,53.3,50.9,45.5,52.2,52.8,51.8,52.0,53.5,49.7,48.6,51.4,55.0,51.6,50.7,53.3,52.6,52.3,46.5,48.1,49.3,48.2,49.5,41.6,51.3,44.3,53.4,45.6,47.2,46.8,46.8,43.4,45.0,43.7,48.4,41.7,48.0,47.2,47.6,43.3,45.9,45.1,46.2,47.9,47.0,46.5,47.3,45.9,46.5,44.0,47.6,44.1,42.3,53.4,53.5,52.9,46.8,48.2,44.0,48.5,45.0,42.1,52.7,51.2,51.7,46.7,48.8,45.8,43.3,45.8,46.8,50.0,46.3
2642,43.5,41.8,41.0,48.6,50.4,53.2,52.5,50.1,52.1,51.7,51.9,53.0,51.3,51.9,51.9,52.6,50.0,44.4,51.4,52.1,51.0,51.2,52.8,48.7,47.8,50.6,54.0,50.9,49.7,52.6,51.7,51.5,45.6,47.0,48.2,47.4,48.6,40.9,50.2,43.2,52.0,44.9,46.3,45.7,45.3,42.6,43.5,42.6,46.4,39.9,46.8,45.8,46.0,42.2,45.0,44.0,45.4,47.1,45.8,45.2,46.4,44.7,45.4,42.5,46.3,42.9,41.0,52.5,52.6,52.1,45.0,47.0,42.9,47.0,43.4,40.6,52.0,50.3,51.1,45.8,47.9,44.6,42.6,45.0,46.0,49.1,45.4
2643,42.3,40.8,40.3,47.6,49.4,52.3,51.7,49.3,51.3,51.1,51.3,52.1,50.6,51.1,51.3,51.9,49.5,43.5,50.9,51.5,50.5,50.6,51.9,47.9,47.2,49.9,53.2,50.2,48.9,52.1,51.0,50.9,45.0,46.4,47.4,46.4,47.4,40.0,49.2,41.8,50.4,44.2,45.4,44.7,44.0,41.8,42.1,41.4,44.8,39.0,45.6,44.6,44.3,41.3,44.3,42.8,44.6,46.4,44.9,44.3,45.7,43.6,44.4,41.2,45.2,41.7,40.0,51.9,52.0,51.3,43.5,46.1,41.7,46.2,42.1,39.4,51.3,49.7,50.5,45.1,47.0,43.6,42.0,44.4,45.2,48.2,44.6
2644,41.6,40.2,39.2,46.5,48.8,51.7,51.3,48.7,50.7,50.5,50.6,51.4,50.2,50.4,50.5,51.2,48.9,42.6,50.3,50.8,49.7,49.8,51.3,47.1,46.4,49.1,52.6,49.6,48.3,51.5,50.2,50.4,44.2,45.8,46.6,45.6,46.4,39.2,48.4,40.5,49.1,43.8,44.4,43.7,43.0,41.0,40.7,40.4,43.6,38.0,44.7,43.5,42.9,40.3,43.6,41.7,43.9,45.8,44.0,43.4,45.0,42.8,43.1,39.5,44.4,40.6,39.0,51.2,51.3,50.6,42.2,45.1,40.7,44.9,41.0,38.0,50.8,48.9,49.8,44.6,46.2,42.8,41.2,43.9,44.4,47.4,43.9
2645,40.6,39.6,38.6,45.8,48.1,50.9,50.4,47.9,50.2,49.8,50.2,50.6,49.7,49.6,49.8,50.6,48.3,41.7,49.9,50.3,49.1,49.3,50.9,46.5,45.6,48.3,51.7,48.9,47.7,50.9,49.6,49.9,43.4,45.0,46.0,45.0,45.5,38.7,47.4,39.3,48.0,43.3,43.6,42.9,42.2,40.1,39.8,39.3,42.2,37.0,43.6,42.6,41.3,39.7,42.8,40.9,43.3,45.4,43.0,42.3,44.1,41.9,42.3,38.1,43.7,39.6,38.0,50.4,50.9,50.1,40.9,44.1,40.0,44.2,40.0,37.2,50.5,48.3,49.1,43.7,45.6,42.0,40.5,43.4,43.8,46.8,43.2
2646,41.8,40.3,40.2,45.1,47.5,50.3,49.9,47.5,50.0,49.3,50.6,50.3,50.0,49.1,49.3,50.4,47.9,43.1,50.1,51.0,48.8,49.0,50.6,46.0,45.1,47.8,51.3,48.5,47.3,50.7,49.3,50.1,43.1,44.5,45.7,44.7,46.5,39.1,46.7,39.4,47.3,44.7,43.1,42.7,43.1,40.8,39.6,41.1,43.2,36.4,42.6,42.8,40.6,40.9,42.2,42.5,42.8,45.0,42.5,43.8,45.3,41.1,43.7,39.6,43.4,41.3,37.9,49.8,50.8,50.2,39.8,43.4,40.5,44.0,41.9,36.7,50.9,48.5,48.7,43.0,45.0,41.3,39.9,44.5,43.2,46.6,43.0
2647,46.9,44.5,45.3,46.4,49.4,51.6,51.6,49.7,52.1,51.3,53.5,52.2,53.2,50.5,51.0,52.4,50.6,48.2,53.1,53.9,51.1,51.2,52.8,47.6,46.4,49.8,52.6,50.3,49.5,52.9,51.1,52.5,45.1,46.6,47.2,47.1,51.6,43.3,47.7,45.7,50.1,49.6,44.5,46.2,47.0,45.9,44.0,46.7,51.8,39.7,46.4,45.7,45.9,45.0,43.5,46.7,44.8,46.9,43.5,47.7,47.7,42.5,48.7,46.2,45.6,47.0,42.8,51.2,53.7,53.3,45.4,44.4,45.3,48.4,47.7,40.5,54.0,51.6,50.8,44.8,46.8,42.5,42.7,47.1,44.9,48.5,45.8
2648,51.6,48.5,49.8,51.2,52.8,54.3,54.7,52.8,54.9,53.9,56.5,55.3,56.5,53.1,54.2,55.1,53.9,51.9,56.4,57.0,54.0,53.7,55.7,50.9,50.3,53.3,55.0,53.2,52.5,55.6,53.8,55.0,48.1,50.0,49.9,50.3,56.5,47.4,52.1,50.7,53.5,54.1,48.6,50.1,51.1,50.7,48.6,51.3,58.1,45.7,53.5,49.5,52.4,48.9,46.1,51.1,48.0,49.8,46.7,51.0,50.2,46.8,52.9,51.8,48.2,51.6,47.2,53.7,56.6,56.0,51.8,50.2,49.9,53.4,52.3,45.9,57.3,54.6,53.5,48.8,50.5,46.2,46.7,50.0,47.9,51.6,49.2
2649,55.6,51.7,53.5,56.0,56.1,57.4,57.7,56.2,57.6,56.4,59.0,58.3,59.3,55.6,57.2,57.6,57.0,55.0,59.3,59.7,56.9,56.5,58.4,54.1,54.1,56.8,57.5,56.4,55.3,58.2,56.8,57.5,51.3,53.3,52.7,53.1,60.6,50.8,56.3,54.7,56.9,57.7,52.9,53.1,55.3,54.5,53.5,54.6,62.8,50.9,58.1,53.3,58.1,52.5,49.0,54.8,51.0,52.5,50.1,54.2,52.9,50.9,56.2,56.3,51.4,55.1,51.0,56.2,59.2,58.7,57.5,55.1,54.2,56.9,56.0,50.6,60.2,57.2,56.1,53.0,54.4,50.5,49.6,52.3,51.1,54.9,52.3
2650,59.3,54.6,56.1,59.8,59.4,60.0,60.5,59.1,60.0,58.5,61.4,60.9,61.7,57.7,60.1,60.0,59.6,57.8,61.4,62.1,59.4,59.0,60.9,57.1,57.6,59.8,59.8,59.2,58.0,60.5,59.4,60.0,54.2,56.3,55.3,55.9,64.1,53.4,60.5,57.8,60.2,60.5,56.4,56.1,58.7,57.8,57.7,57.8,66.2,54.9,61.7,56.8,62.8,55.5,51.5,57.6,53.4,54.9,53.2,56.9,55.4,54.4,59.3,59.4,54.6,58.4,54.0,58.2,61.4,61.1,61.7,59.1,57.7,59.7,58.9,54.4,62.4,59.5,58.5,56.7,57.7,54.3,52.1,54.4,53.9,57.5,55.2
2651,62.4,57.1,58.5,63.2,62.0,62.4,63.1,61.5,62.0,60.4,63.4,62.8,63.7,59.7,62.6,61.8,61.8,60.5,63.2,63.9,61.5,60.7,63.1,59.4,60.7,62.5,61.8,61.5,60.0,62.4,61.6,62.0,56.8,58.6,57.9,58.1,67.1,55.8,64.0,60.6,63.0,62.7,59.5,59.0,61.6,60.3,61.1,60.2,69.1,57.9,64.3,60.0,66.4,57.8,53.2,59.9,55.1,56.8,55.9,59.0,57.8,57.5,61.9,62.0,57.5,60.8,56.6,60.2,63.3,63.1,64.7,62.8,60.7,62.2,61.5,57.1,64.1,61.4,60.4,59.5,60.4,57.4,54.4,56.2,56.5,59.9,57.7
2652,64.8,59.0,60.2,65.8,64.0,64.6,65.2,63.5,63.6,62.1,64.9,64.5,65.4,61.2,64.7,63.4,63.5,62.4,64.7,65.4,63.2,62.4,64.9,61.5,63.1,64.7,63.4,63.2,61.8,64.1,63.3,63.3,58.9,60.5,59.7,60.1,69.3,57.5,66.7,63.1,65.7,64.5,62.2,61.1,64.6,62.3,63.7,62.3,71.2,60.1,66.2,62.3,68.7,59.8,54.7,61.7,56.4,58.3,58.2,60.8,59.7,59.9,63.9,63.8,60.1,62.6,59.1,61.8,64.8,64.6,66.8,65.7,63.0,63.9,63.4,59.2,65.4,62.9,62.1,62.1,62.6,60.0,56.2,57.6,58.6,61.6,59.5
2653,66.7,59.9,61.4,68.0,65.6,66.0,66.7,65.1,65.1,63.3,66.0,65.9,66.5,62.7,66.1,64.6,64.8,64.1,65.9,66.3,64.7,63.5,66.3,63.1,64.9,66.2,64.8,64.7,63.3,65.4,64.8,64.6,60.6,62.1,61.2,61.5,71.1,58.7,68.8,64.8,67.7,65.7,64.2,62.7,66.5,63.5,65.7,63.6,72.8,61.4,67.7,63.6,70.8,61.4,55.8,63.2,57.5,59.3,60.0,62.1,61.1,62.0,65.5,65.3,62.5,63.8,61.1,63.2,66.1,65.8,68.6,67.9,64.9,65.7,65.0,60.7,66.4,64.2,63.5,63.9,64.4,61.7,57.7,58.6,60.3,63.0,61.1
2654,67.5,60.7,62.3,69.3,66.8,67.2,67.7,66.1,65.8,64.3,66.8,67.0,67.2,63.8,67.1,65.2,65.9,65.3,66.9,66.9,65.8,64.6,67.3,64.2,66.2,67.5,65.7,65.7,64.4,66.0,65.9,65.4,61.9,63.4,62.5,62.7,72.3,59.3,70.3,66.0,69.3,66.7,65.7,63.6,67.7,64.2,66.7,64.5,73.5,62.5,68.4,64.6,72.0,62.3,56.6,63.9,58.3,60.1,61.3,62.9,62.0,63.6,66.6,66.4,64.2,64.5,62.5,64.1,67.1,66.6,69.6,69.4,65.8,66.5,66.1,61.7,67.0,64.9,64.5,65.3,65.8,63.3,58.7,59.0,61.6,64.1,62.3
2655,67.8,60.7,62.6,70.1,67.5,67.9,68.3,66.6,65.9,64.7,67.1,67.2,67.3,64.2,67.6,65.8,66.4,65.7,67.0,67.1,66.3,65.2,67.8,64.9,66.9,68.1,66.2,66.2,64.8,66.3,66.5,65.7,62.6,63.8,63.3,63.2,72.9,59.2,71.3,66.3,70.3,66.7,66.6,64.2,68.1,64.1,67.1,64.9,73.6,62.9,68.9,64.7,72.4,62.5,57.1,64.4,58.9,60.5,62.3,63.4,62.5,64.5,67.2,66.8,65.0,64.8,63.1,64.6,67.3,66.8,70.0,70.5,66.4,67.0,66.7,62.1,67.2,65.1,65.0,66.1,66.4,64.2,59.2,58.7,62.3,64.6,62.9
2656,67.4,60.1,61.6,70.4,67.5,68.0,68.4,66.7,65.7,64.7,66.8,67.3,67.2,64.3,67.6,65.8,66.3,65.4,66.7,66.7,66.1,65.2,67.8,64.9,66.8,68.0,66.2,66.2,64.9,66.4,66.4,65.3,62.7,63.9,63.2,63.1,72.6,58.4,71.6,65.9,70.4,66.1,66.6,64.2,67.6,63.7,66.7,64.4,73.0,63.0,68.5,64.1,71.9,62.1,57.3,64.2,58.8,60.6,62.5,63.3,62.4,64.9,67.1,66.7,65.3,64.5,63.1,64.8,67.3,66.8,69.6,70.5,66.1,67.0,66.6,61.7,66.8,64.8,65.1,66.2,66.2,64.4,59.2,57.8,62.5,64.4,62.9
2657,65.8,58.8,60.5,69.9,66.9,67.4,67.8,66.2,64.6,64.1,66.0,66.8,66.6,63.9,66.8,65.1,65.8,64.3,65.7,65.9,65.5,64.6,67.1,64.1,66.1,67.4,65.8,65.7,64.5,65.6,65.9,64.5,62.0,63.0,62.7,62.6,71.6,57.2,70.6,64.7,70.0,64.2,66.1,63.5,66.2,62.1,65.8,63.1,71.3,62.4,67.9,62.7,70.8,60.9,56.9,63.4,58.5,60.1,62.4,62.4,61.7,64.6,66.1,65.6,64.5,63.4,61.7,64.4,66.4,66.2,68.5,69.8,64.8,66.2,65.4,60.8,66.0,63.9,64.4,65.4,65.5,64.0,58.6,56.6,62.0,63.8,62.2
2658,62.8,55.9,57.2,68.3,65.1,66.1,66.3,64.8,63.0,62.7,64.3,65.6,64.7,62.8,65.3,63.6,64.3,61.7,64.0,63.9,64.0,63.0,65.5,62.6,64.4,65.6,64.6,64.0,63.1,64.2,64.7,62.5,60.7,61.5,61.4,61.2,68.7,54.5,69.2,62.4,68.4,61.1,64.4,61.7,63.2,59.0,63.9,60.6,68.1,60.6,66.2,60.6,68.8,57.8,55.8,61.6,57.3,58.9,61.4,60.2,59.8,63.5,63.8,63.1,62.9,61.3,59.3,63.2,64.6,64.2,66.3,68.2,62.4,64.7,63.2,59.1,64.1,62.1,63.0,64.1,63.9,62.7,57.1,54.6,60.8,62.5,60.9
2659,57.2,51.9,51.7,65.0,62.1,63.3,63.2,61.6,60.3,60.0,61.4,63.5,61.3,60.6,62.0,61.0,60.9,56.9,61.1,60.7,61.0,60.1,62.4,59.6,60.7,62.0,62.7,60.9,60.0,61.2,61.9,59.3,57.7,58.6,59.1,58.5,62.7,50.4,65.5,57.7,65.8,55.3,61.1,58.4,58.6,54.5,60.0,56.4,63.1,57.0,62.9,57.8,65.0,52.6,53.6,57.9,54.9,56.4,59.4,56.0,57.1,61.1,59.5,58.4,59.8,57.4,54.4,61.0,61.4,61.1,62.0,64.7,58.1,61.2,58.2,55.1,61.0,59.2,60.0,60.6,60.3,59.4,53.7,52.5,58.0,59.6,57.7
2660,54.0,49.0,48.7,60.3,58.7,60.8,60.3,58.0,58.2,57.8,59.1,60.9,58.6,58.3,59.1,58.9,57.1,53.2,58.5,58.4,58.1,57.5,59.4,56.3,56.3,57.9,61.0,57.9,57.1,58.4,59.1,57.0,54.0,55.6,56.4,55.3,59.1,48.1,60.6,54.0,63.0,52.4,56.5,54.3,55.6,51.3,56.7,53.5,60.4,51.4,58.8,55.7,59.8,49.6,51.3,54.7,52.3,54.0,56.6,53.3,54.5,56.5,55.6,55.0,56.5,53.8,51.0,59.1,59.0,58.7,57.4,58.8,54.7,57.1,55.2,50.7,58.5,57.0,57.4,55.4,56.4,55.0,48.6,51.0,54.6,56.8,54.0
2661,51.6,47.3,46.7,57.4,56.6,58.9,58.4,55.8,56.8,56.4,57.6,58.9,57.1,56.8,57.3,57.5,54.9,50.9,56.8,56.9,56.2,55.9,57.9,54.6,53.9,56.1,59.4,56.1,55.5,57.0,57.1,55.8,51.8,54.0,54.6,53.3,56.4,46.5,57.5,51.6,60.7,50.7,53.9,52.1,53.5,49.1,53.6,51.2,57.6,48.2,56.0,53.9,55.7,48.2,49.9,52.2,50.5,52.4,53.7,51.7,52.4,52.8,52.7,52.5,54.5,51.3,49.2,57.6,57.5,57.1,54.6,55.6,52.2,54.7,52.8,48.7,57.3,55.3,55.9,52.9,54.4,52.2,46.3,49.7,52.6,54.9,51.7
2662,49.5,45.6,45.4,55.1,55.0,57.4,56.9,54.2,55.7,55.3,56.0,57.3,55.8,55.5,56.0,56.2,53.5,49.5,55.5,55.7,54.9,54.7,56.8,53.4,52.4,54.9,58.1,54.9,54.0,56.0,55.6,54.6,50.2,52.2,53.0,51.9,54.3,44.9,55.6,49.6,58.8,49.3,51.9,50.4,51.7,47.2,51.2,49.2,55.2,46.7,53.8,52.2,53.2,46.9,48.9,50.0,49.1,50.9,51.4,50.3,51.1,50.6,50.8,50.0,52.6,49.3,47.5,56.4,56.4,56.1,52.4,53.6,49.8,52.7,50.8,46.9,55.9,54.0,54.6,51.1,52.7,50.2,45.2,48.6,50.9,53.5,49.8
2663,48.0,44.7,44.3,53.4,53.6,56.3,55.7,53.1,54.6,54.3,54.7,55.9,54.4,54.5,54.9,55.2,52.5,48.0,54.2,54.6,53.9,53.8,55.7,52.1,50.9,53.8,56.9,53.9,52.8,54.9,54.6,53.9,48.9,50.6,51.7,50.6,52.7,43.9,54.0,48.0,57.1,48.1,50.5,49.4,50.0,46.1,48.9,47.3,53.1,44.9,51.7,50.5,51.4,45.7,48.0,48.2,48.2,50.1,49.7,49.3,49.7,48.7,49.3,47.7,51.0,47.6,45.7,55.3,55.3,54.8,50.6,51.8,47.8,51.5,48.9,45.2,54.8,53.0,53.5,49.5,51.5,48.7,44.4,47.6,49.4,52.3,48.5
2664,46.6,43.5,43.3,51.9,52.7,55.2,54.7,51.9,53.8,53.4,53.7,54.9,53.3,53.5,53.9,54.3,51.7,46.8,53.3,53.7,53.0,52.9,55.0,51.1,50.0,52.6,55.9,52.9,51.9,54.2,53.6,53.1,47.8,49.6,50.6,49.4,51.4,42.8,52.9,46.3,55.3,47.0,49.0,48.1,48.5,44.9,47.1,45.6,50.6,43.4,50.0,49.1,49.8,44.7,47.0,46.8,47.3,49.1,48.4,48.0,48.4,47.2,48.0,46.2,49.5,45.9,44.1,54.3,54.4,53.9,48.8,50.3,46.1,50.0,47.0,43.7,53.8,52.1,52.8,48.3,50.2,47.5,44.0,46.7,48.1,51.2,47.6
2665,45.0,42.7,42.1,50.5,51.6,54.4,53.7,51.1,53.1,52.7,52.7,53.9,52.2,52.7,53.1,53.5,51.0,45.7,52.3,52.9,52.1,52.1,53.9,50.1,48.9,51.7,55.0,52.0,50.9,53.5,52.8,52.4,46.9,48.6,49.7,48.6,50.1,42.0,51.9,44.9,53.9,46.2,47.7,47.2,47.2,43.8,45.4,44.1,48.6,42.1,48.4,47.5,47.9,43.7,46.1,45.4,46.5,48.1,47.0,46.7,47.5,46.0,46.7,44.4,47.8,44.4,42.6,53.5,53.6,52.9,47.2,48.6,44.5,48.8,45.2,42.4,52.8,51.1,51.9,47.2,49.2,46.3,43.4,46.0,47.2,50.2,46.7
2666,43.9,42.1,41.6,49.1,50.7,53.6,52.9,50.4,52.2,51.8,51.9,53.0,51.3,52.1,52.3,52.7,50.3,44.6,51.5,52.2,51.3,51.3,53.2,49.1,48.1,50.9,54.1,51.2,50.0,52.9,51.9,51.6,46.1,47.5,48.6,47.8,49.2,41.2,50.7,43.7,52.4,45.5,46.6,46.1,45.9,43.0,43.9,42.9,46.7,40.3,47.2,46.0,46.3,42.6,45.3,44.2,45.6,47.3,45.9,45.4,46.6,44.8,45.4,42.8,46.5,43.1,41.3,52.6,52.7,52.2,45.4,47.5,43.4,47.4,43.6,40.9,52.1,50.3,51.3,46.3,48.2,45.1,42.6,45.2,46.5,49.4,45.8
2667,42.7,41.1,40.7,48.0,49.7,52.7,52.1,49.6,51.3,51.2,51.3,52.1,50.6,51.3,51.7,52.1,49.8,43.6,50.9,51.6,50.8,50.7,52.3,48.2,47.5,50.3,53.4,50.6,49.1,52.3,51.2,51.0,45.4,46.8,47.8,46.9,47.9,40.3,49.8,42.3,50.7,44.8,45.8,45.1,44.6,42.1,42.4,41.7,45.1,39.4,45.9,44.8,44.5,41.7,44.5,43.0,44.8,46.6,45.0,44.5,45.8,43.8,44.4,41.4,45.5,41.9,40.2,52.1,52.2,51.4,43.9,46.6,42.1,46.5,42.4,39.6,51.4,49.7,50.7,45.5,47.3,44.0,42.1,44.6,45.7,48.5,45.1
2668,42.1,40.5,39.6,46.9,49.1,52.1,51.7,49.0,50.7,50.7,50.7,51.4,50.2,50.7,50.9,51.4,49.3,42.7,50.3,50.9,50.1,50.0,51.7,47.4,46.8,49.5,52.9,50.0,48.6,51.7,50.5,50.5,44.8,46.3,47.0,46.0,47.1,39.6,48.9,40.9,49.4,44.3,44.7,44.1,43.5,41.4,40.9,40.7,43.9,38.3,45.1,43.7,43.2,40.8,43.9,41.9,44.1,46.0,44.0,43.5,45.1,42.9,43.2,39.7,44.7,40.8,39.2,51.4,51.5,50.7,42.5,45.6,41.1,45.3,41.2,38.3,51.0,49.0,50.1,45.0,46.6,43.3,41.2,44.2,44.9,47.7,44.3
2669,41.2,40.0,39.0,46.3,48.5,51.2,50.8,48.2,50.3,50.0,50.3,50.6,49.7,50.0,50.2,50.8,48.7,41.8,49.9,50.3,49.5,49.6,51.2,46.8,46.0,48.7,52.0,49.3,48.1,51.2,49.8,50.0,43.9,45.6,46.4,45.5,46.1,39.0,47.8,39.7,48.3,43.8,43.9,43.3,42.7,40.5,40.0,39.7,42.4,37.3,43.9,42.9,41.6,40.1,43.0,41.1,43.5,45.5,43.1,42.5,44.2,42.1,42.4,38.4,44.0,39.9,38.3,50.6,51.0,50.1,41.2,44.6,40.3,44.6,40.2,37.4,50.6,48.4,49.4,44.2,45.9,42.5,40.6,43.6,44.3,47.2,43.7
2670,42.5,40.7,40.7,45.5,47.9,50.6,50.3,47.9,50.1,49.6,50.7,50.4,50.1,49.5,49.7,50.6,48.3,43.5,50.2,51.2,49.1,49.3,51.0,46.4,45.4,48.3,51.6,48.9,47.7,51.0,49.6,50.2,43.5,45.0,46.1,45.2,47.0,39.5,47.2,40.0,47.6,45.3,43.4,43.1,43.8,41.3,39.8,41.5,43.7,36.7,43.0,43.1,41.0,41.3,42.4,42.8,43.0,45.2,42.6,44.1,45.5,41.2,44.0,40.1,43.7,41.7,38.2,50.1,51.0,50.4,40.2,44.0,41.0,44.4,42.3,37.0,51.0,48.6,49.0,43.5,45.4,41.7,40.0,44.7,43.7,47.0,43.5
2671,47.5,44.8,45.9,46.9,49.9,52.0,52.0,50.1,52.3,51.6,53.7,52.4,53.5,50.9,51.4,52.7,51.1,48.5,53.3,54.1,51.5,51.4,53.3,48.0,46.8,50.3,52.9,50.7,49.9,53.3,51.5,52.7,45.4,47.2,47.6,47.6,52.0,43.7,48.2,46.3,50.5,50.2,44.9,46.8,47.6,46.4,44.3,47.1,52.2,40.0,46.9,46.1,46.3,45.4,43.7,47.0,45.0,47.2,43.7,48.1,47.9,42.8,49.0,46.7,45.9,47.5,43.2,51.5,54.0,53.5,45.9,45.1,45.9,48.8,48.2,40.9,54.2,51.7,51.1,45.3,47.2,42.9,43.0,47.3,45.3,48.8,46.2
2672,52.2,48.6,50.3,51.7,53.2,54.6,55.0,53.2,55.0,54.2,56.7,55.5,56.7,53.4,54.5,55.4,54.3,52.2,56.6,57.1,54.4,54.0,56.1,51.2,50.7,53.7,55.3,53.6,52.9,56.1,54.2,55.2,48.5,50.4,50.3,50.6,56.9,47.6,52.6,51.2,53.9,54.6,49.0,50.5,51.7,51.2,48.9,51.7,58.6,46.1,54.0,50.0,52.9,49.4,46.4,51.6,48.3,50.2,47.0,51.4,50.5,47.1,53.2,52.4,48.5,52.1,47.6,54.0,57.0,56.2,52.3,50.8,50.5,53.8,52.8,46.3,57.5,54.7,53.9,49.2,50.9,46.6,47.1,50.0,48.3,52.0,49.6
2673,56.3,51.7,54.0,56.4,56.5,57.7,58.0,56.5,57.8,56.6,59.2,58.6,59.5,55.8,57.5,57.9,57.2,55.4,59.5,59.9,57.2,56.8,58.8,54.3,54.5,57.1,57.8,56.7,55.7,58.6,57.1,57.9,51.5,53.7,53.0,53.4,61.1,50.9,56.8,55.1,57.4,58.0,53.2,53.5,55.9,54.9,53.9,55.1,63.2,51.3,58.6,53.8,58.6,52.9,49.4,55.2,51.3,52.8,50.5,54.6,53.1,51.3,56.5,56.8,51.8,55.6,51.4,56.4,59.6,58.9,58.0,55.7,54.7,57.1,56.5,51.0,60.5,57.4,56.4,53.3,54.7,50.8,50.0,52.4,51.4,55.1,52.6
2674,59.9,54.6,56.5,60.2,59.7,60.3,60.8,59.3,60.2,58.8,61.7,61.1,61.9,58.0,60.4,60.3,59.9,58.2,61.7,62.4,59.6,59.3,61.2,57.3,58.1,60.2,60.0,59.4,58.3,61.0,59.6,60.2,54.4,56.5,55.6,56.1,64.6,53.5,60.9,58.2,60.6,60.9,56.8,56.5,59.2,58.1,58.2,58.4,66.6,55.2,62.1,57.4,63.2,56.0,52.0,58.0,53.7,55.2,53.6,57.4,55.7,54.9,59.7,59.9,55.1,58.8,54.5,58.5,61.9,61.3,62.1,59.6,58.1,60.0,59.4,54.7,62.6,59.7,58.8,56.9,58.0,54.6,52.6,54.4,54.1,57.8,55.4
2675,62.9,57.0,58.8,63.5,62.3,62.7,63.3,61.6,62.2,60.6,63.7,63.1,64.0,60.0,62.8,62.1,61.9,60.9,63.4,64.2,61.7,60.9,63.4,59.6,61.1,62.9,62.0,61.7,60.3,63.0,61.8,62.4,57.0,58.8,58.1,58.4,67.5,55.9,64.3,61.0,63.3,63.1,59.9,59.4,62.1,60.6,61.5,60.8,69.5,58.2,64.7,60.6,66.7,58.2,53.6,60.3,55.5,57.1,56.3,59.5,58.1,57.9,62.2,62.6,58.1,61.2,57.2,60.4,63.8,63.3,65.1,63.2,61.0,62.4,62.0,57.5,64.4,61.5,60.7,59.7,60.6,57.7,54.9,56.2,56.7,60.1,57.9
2676,65.2,58.7,60.6,66.1,64.2,64.8,65.5,63.6,63.8,62.3,65.3,64.8,65.7,61.5,64.9,63.7,63.6,62.8,65.0,65.8,63.3,62.6,65.1,61.7,63.5,65.0,63.6,63.5,62.0,64.6,63.5,63.7,59.1,60.8,60.0,60.4,69.7,57.4,67.1,63.4,66.0,64.8,62.6,61.4,65.0,62.5,64.2,62.8,71.7,60.5,66.5,62.9,69.0,60.2,55.2,62.2,56.8,58.6,58.5,61.2,60.1,60.3,64.2,64.3,60.7,62.9,59.7,62.1,65.3,65.0,67.2,66.0,63.3,64.1,64.0,59.6,65.8,63.0,62.3,62.3,62.9,60.3,56.7,57.5,58.8,61.8,59.8
2677,67.1,59.7,61.8,68.3,65.9,66.2,67.0,65.2,65.2,63.5,66.4,66.2,66.8,62.9,66.4,64.8,65.0,64.5,66.3,66.8,64.8,63.8,66.5,63.2,65.4,66.6,65.0,65.0,63.5,65.9,65.0,65.0,61.0,62.4,61.5,61.8,71.4,58.7,69.2,65.1,68.0,66.0,64.6,63.0,66.8,63.6,66.0,64.3,73.2,61.9,68.1,64.2,71.1,61.7,56.3,63.5,57.9,59.6,60.3,62.5,61.5,62.3,65.7,65.9,63.1,64.2,61.7,63.4,66.6,66.1,68.9,68.2,65.1,65.9,65.6,61.2,66.8,64.3,63.8,64.1,64.6,62.1,58.2,58.4,60.6,63.2,61.5
2678,67.9,60.5,62.6,69.7,67.0,67.4,68.0,66.2,66.0,64.4,67.3,67.2,67.6,63.9,67.4,65.6,66.0,65.6,67.2,67.4,65.9,65.0,67.5,64.4,66.6,67.7,65.8,66.0,64.6,66.6,66.0,65.8,62.3,63.7,62.8,63.0,72.6,59.2,70.6,66.2,69.6,66.9,66.1,63.9,68.0,64.3,67.0,65.2,74.1,62.9,68.8,65.2,72.3,62.6,57.1,64.2,58.8,60.7,61.7,63.4,62.5,64.1,66.9,67.0,64.9,64.9,63.1,64.3,67.6,66.9,69.8,69.6,65.9,66.8,66.7,62.1,67.5,65.1,64.7,65.4,66.0,63.6,59.2,58.8,61.9,64.2,62.7
2679,68.1,60.4,62.6,70.4,67.7,68.2,68.6,66.8,66.1,64.9,67.5,67.5,67.7,64.4,67.8,66.1,66.5,66.1,67.4,67.5,66.4,65.6,68.0,65.1,67.3,68.3,66.4,66.4,65.0,66.8,66.6,66.1,62.9,64.1,63.7,63.6,73.1,59.1,71.5,66.5,70.5,66.9,67.0,64.5,68.2,64.2,67.4,65.5,74.2,63.2,69.3,65.2,72.7,62.8,57.7,64.7,59.4,61.1,62.7,63.8,63.0,65.0,67.5,67.5,65.7,65.2,63.7,64.8,67.8,67.1,70.3,70.7,66.5,67.2,67.3,62.5,67.7,65.3,65.2,66.3,66.6,64.5,59.6,58.6,62.6,64.7,63.3
2680,67.6,59.8,61.8,70.7,67.7,68.3,68.7,66.9,65.9,64.8,67.2,67.6,67.5,64.5,67.9,66.1,66.5,65.7,67.1,67.1,66.3,65.6,68.1,64.9,67.2,68.2,66.4,66.4,65.1,66.8,66.6,65.7,62.9,64.2,63.6,63.5,72.7,58.3,71.9,66.1,70.6,66.3,67.1,64.5,67.7,63.8,67.0,65.0,73.5,63.6,68.9,64.7,72.2,62.4,57.9,64.5,59.5,61.3,63.0,63.7,62.8,65.4,67.5,67.3,66.0,64.9,63.8,65.0,67.7,67.2,69.8,70.6,66.1,67.1,67.2,62.1,67.3,65.1,65.2,66.3,66.4,64.7,59.6,57.7,62.7,64.6,63.4
2681,66.0,58.5,60.5,70.1,67.1,67.7,68.2,66.4,64.9,64.2,66.4,67.1,66.8,64.1,67.1,65.4,65.9,64.8,66.1,66.3,65.7,64.9,67.3,64.2,66.5,67.6,66.0,66.0,64.7,66.0,66.1,64.9,62.3,63.4,63.1,63.0,71.8,57.1,70.8,64.9,70.2,64.3,66.5,63.8,66.3,62.3,66.0,63.8,71.8,62.9,68.3,63.2,71.1,61.0,57.7,63.8,59.2,60.8,63.0,62.7,62.1,65.2,66.5,66.2,65.2,63.8,62.4,64.5,66.8,66.5,68.6,70.0,64.9,66.3,65.9,61.2,66.6,64.2,64.6,65.6,65.7,64.2,59.1,56.5,62.3,63.9,62.6
2682,63.0,55.6,57.3,68.6,65.4,66.4,66.6,65.0,63.3,62.9,64.7,65.9,65.0,63.0,65.6,63.9,64.5,62.2,64.4,64.3,64.3,63.3,65.9,62.7,64.8,65.9,64.7,64.3,63.3,64.6,64.9,62.9,60.9,61.8,61.8,61.6,69.0,54.4,69.4,62.6,68.7,61.2,64.7,61.9,63.4,59.2,64.1,61.3,68.7,61.2,66.5,61.1,69.1,57.9,56.5,62.0,58.0,59.5,62.0,60.6,60.2,64.0,64.3,63.7,63.6,61.7,60.0,63.4,65.1,64.5,66.4,68.4,62.5,64.9,63.7,59.6,64.6,62.4,63.2,64.3,64.1,62.8,57.6,54.5,61.0,62.7,61.3
2683,57.4,51.7,51.9,65.3,62.4,63.7,63.6,61.9,60.6,60.3,61.8,63.8,61.6,60.8,62.4,61.3,61.2,57.4,61.5,61.1,61.4,60.4,62.9,59.9,61.2,62.4,63.0,61.2,60.4,61.7,62.2,59.7,58.1,58.9,59.5,58.9,63.1,50.3,65.7,58.0,66.0,55.4,61.4,58.6,58.9,54.6,60.3,57.1,63.6,57.5,63.3,58.3,65.4,52.8,54.4,58.3,55.6,57.0,60.0,56.5,57.5,61.5,59.9,59.0,60.4,57.8,54.9,61.3,62.0,61.5,62.2,65.0,58.2,61.4,58.7,55.5,61.4,59.5,60.3,60.9,60.6,59.6,54.2,52.4,58.3,59.9,58.1
2684,54.3,48.9,48.9,60.6,59.2,61.2,60.7,58.4,58.5,58.1,59.5,61.2,59.0,58.7,59.5,59.2,57.5,53.6,59.0,58.8,58.5,57.9,59.9,56.7,56.7,58.4,61.3,58.3,57.6,59.0,59.5,57.5,54.3,56.0,56.8,55.6,59.4,48.1,60.9,54.2,63.3,52.7,56.9,54.5,55.9,51.4,56.8,54.1,61.0,51.9,59.2,56.2,60.2,49.8,51.9,55.0,52.9,54.6,57.0,53.7,54.8,56.9,55.8,55.6,57.1,54.1,51.5,59.4,59.6,59.0,57.7,59.1,54.7,57.3,55.6,51.0,58.9,57.3,57.7,55.6,56.7,55.2,49.0,50.9,54.9,57.1,54.5
2685,51.9,47.2,46.9,57.6,57.1,59.4,58.8,56.1,57.2,56.9,58.0,59.2,57.5,57.1,57.7,57.8,55.4,51.2,57.2,57.2,56.6,56.3,58.4,55.0,54.3,56.5,59.8,56.6,55.9,57.5,57.6,56.3,52.0,54.4,55.0,53.6,56.7,46.6,57.8,51.7,60.9,51.0,54.3,52.2,53.7,49.2,53.7,51.8,58.1,48.6,56.3,54.4,56.0,48.5,50.4,52.5,51.0,52.8,54.1,52.1,52.7,53.2,52.9,53.1,54.9,51.6,49.6,58.0,58.1,57.5,54.8,55.8,52.3,54.9,53.3,49.0,57.6,55.6,56.3,53.1,54.7,52.3,46.7,49.6,52.8,55.3,52.2
2686,49.8,45.6,45.6,55.3,55.5,57.8,57.3,54.7,56.1,55.7,56.4,57.6,56.2,55.8,56.4,56.6,54.0,49.7,55.9,56.1,55.3,55.3,57.3,53.8,52.7,55.3,58.5,55.3,54.5,56.6,56.0,55.2,50.3,52.6,53.3,52.3,54.7,45.0,55.8,49.7,58.9,49.5,52.3,50.5,51.9,47.3,51.3,49.7,55.7,47.1,54.1,52.6,53.6,47.1,49.4,50.3,49.5,51.4,51.8,50.6,51.4,51.0,51.0,50.6,53.0,49.6,47.9,56.8,56.9,56.4,52.6,53.8,50.0,52.9,51.3,47.2,56.2,54.4,55.0,51.3,53.0,50.4,45.5,48.6,51.1,53.8,50.4
2687,48.4,44.7,44.5,53.6,54.0,56.7,56.2,53.5,55.0,54.6,55.1,56.4,54.9,54.8,55.4,55.6,53.1,48.2,54.6,55.0,54.3,54.3,56.2,52.4,51.4,54.3,57.2,54.3,53.3,55.6,55.0,54.4,49.2,51.0,52.0,51.1,53.1,43.9,54.3,48.1,57.3,48.3,50.9,49.6,50.2,46.2,49.1,47.9,53.5,45.3,52.1,51.0,51.8,45.8,48.4,48.4,48.5,50.5,49.9,49.6,49.9,49.0,49.6,48.3,51.3,47.8,46.1,55.7,55.9,55.1,50.9,52.0,48.1,51.7,49.3,45.4,55.1,53.4,53.9,49.6,51.9,48.9,44.8,47.7,49.6,52.7,49.1
2688,47.0,43.6,43.5,52.1,53.0,55.7,55.1,52.3,54.2,53.8,54.2,55.3,53.8,54.0,54.4,54.7,52.3,46.9,53.7,54.1,53.4,53.4,55.5,51.5,50.4,53.0,56.2,53.3,52.4,54.8,54.0,53.6,48.1,50.0,51.0,49.9,51.8,42.8,53.1,46.5,55.5,47.2,49.4,48.3,48.7,44.9,47.2,46.1,51.0,43.8,50.4,49.5,50.2,44.9,47.3,47.0,47.6,49.4,48.6,48.3,48.7,47.5,48.2,46.6,49.8,46.3,44.4,54.7,54.9,54.2,49.1,50.5,46.4,50.3,47.4,44.0,54.2,52.5,53.2,48.6,50.5,47.7,44.3,46.8,48.3,51.6,48.1
2689,45.4,42.9,42.4,50.8,52.0,54.8,54.2,51.6,53.5,53.2,53.2,54.3,52.6,53.2,53.6,53.9,51.6,45.8,52.7,53.3,52.5,52.6,54.5,50.4,49.4,52.0,55.4,52.5,51.4,54.1,53.3,52.9,47.1,49.0,50.1,49.1,50.5,42.1,52.1,45.1,53.9,46.3,48.1,47.4,47.4,43.8,45.5,44.7,49.0,42.4,48.8,47.9,48.3,44.0,46.5,45.6,46.7,48.4,47.3,47.0,47.8,46.3,46.9,44.8,48.2,44.7,42.9,53.9,54.2,53.3,47.5,48.8,44.7,49.0,45.6,42.7,53.2,51.6,52.4,47.5,49.5,46.6,43.7,46.0,47.4,50.7,47.3
2690,44.2,42.1,41.7,49.4,51.1,54.0,53.2,50.8,52.6,52.3,52.4,53.4,51.7,52.5,52.7,53.2,50.8,44.6,52.0,52.6,51.8,51.9,53.9,49.4,48.5,51.3,54.5,51.7,50.5,53.5,52.4,52.2,46.4,48.0,49.1,48.4,49.7,41.3,51.0,43.8,52.4,45.7,47.1,46.4,46.1,43.0,43.9,43.5,47.1,40.6,47.7,46.4,46.7,42.9,45.6,44.4,45.8,47.5,46.1,45.8,46.8,45.2,45.6,43.1,46.8,43.4,41.5,53.1,53.3,52.6,45.7,47.7,43.7,47.6,43.8,41.2,52.6,50.8,51.8,46.7,48.5,45.4,42.9,45.2,46.8,49.9,46.4
2691,42.9,41.3,40.9,48.3,50.1,53.1,52.5,50.0,51.9,51.7,51.8,52.5,51.1,51.7,52.1,52.6,50.3,43.6,51.4,52.0,51.2,51.3,52.9,48.6,47.8,50.6,53.8,51.0,49.7,52.9,51.6,51.6,45.7,47.3,48.2,47.4,48.3,40.4,50.0,42.6,50.8,45.0,46.2,45.4,44.8,42.1,42.5,42.2,45.5,39.6,46.3,45.1,44.9,41.9,44.8,43.2,45.0,46.8,45.1,44.8,46.1,44.1,44.6,41.7,45.8,42.1,40.5,52.5,52.8,51.8,44.1,46.8,42.4,46.7,42.6,39.9,51.8,50.2,51.2,45.9,47.7,44.3,42.3,44.7,46.0,49.0,45.7
2692,42.2,40.6,39.9,47.2,49.4,52.5,52.1,49.3,51.3,51.2,51.2,51.9,50.7,51.2,51.4,51.9,49.8,42.7,50.9,51.3,50.5,50.6,52.4,47.8,47.0,49.8,53.2,50.5,49.2,52.3,50.8,51.2,45.1,46.7,47.5,46.6,47.5,39.7,49.2,41.2,49.6,44.5,45.0,44.3,43.6,41.3,41.0,41.3,44.2,38.6,45.5,44.1,43.6,41.1,44.1,42.2,44.3,46.3,44.3,43.9,45.2,43.1,43.3,40.0,45.0,40.9,39.5,51.8,52.2,51.1,42.7,45.8,41.4,45.5,41.3,38.6,51.4,49.5,50.6,45.4,46.9,43.6,41.5,44.2,45.2,48.3,45.0
2693,41.4,40.1,39.2,46.5,48.8,51.6,51.2,48.6,50.8,50.4,50.8,51.3,50.2,50.5,50.6,51.4,49.2,41.9,50.4,50.8,49.9,50.2,51.9,47.1,46.3,49.0,52.4,49.8,48.6,51.8,50.2,50.7,44.3,46.0,46.9,46.0,46.4,39.0,48.1,39.9,48.5,44.0,44.2,43.5,42.9,40.6,40.1,40.1,42.7,37.5,44.2,43.2,42.0,40.4,43.3,41.4,43.7,45.7,43.3,42.9,44.4,42.3,42.6,38.7,44.2,40.0,38.6,51.1,51.7,50.5,41.4,44.7,40.5,44.7,40.3,37.7,51.1,48.9,49.9,44.6,46.2,42.8,40.9,43.7,44.6,47.7,44.3
2694,42.8,40.7,40.9,45.7,48.3,51.0,50.6,48.3,50.6,50.1,51.2,51.1,50.7,50.0,50.1,51.2,48.8,43.7,50.8,51.7,49.6,49.9,51.6,46.6,45.7,48.6,52.0,49.4,48.3,51.7,50.0,50.9,43.8,45.4,46.5,45.7,47.4,39.6,47.4,40.2,47.8,45.6,43.6,43.4,44.0,41.5,40.0,42.0,44.2,37.0,43.3,43.4,41.3,41.6,42.8,43.1,43.3,45.5,42.8,44.5,45.7,41.4,44.3,40.6,44.0,42.0,38.5,50.6,51.7,50.9,40.5,44.1,41.4,44.6,42.7,37.3,51.6,49.2,49.5,43.8,45.6,42.0,40.2,44.8,43.9,47.5,44.0
2695,47.8,44.8,46.0,47.3,50.2,52.4,52.3,50.4,52.8,52.0,54.3,53.1,54.1,51.4,51.8,53.4,51.6,48.7,53.9,54.6,52.0,52.1,53.9,48.3,47.2,50.7,53.5,51.2,50.5,54.0,51.9,53.3,45.7,47.5,48.0,48.0,52.4,43.7,48.5,46.5,50.7,50.4,45.2,47.2,47.8,46.4,44.6,47.7,52.9,40.5,47.4,46.6,46.8,45.7,44.1,47.4,45.5,47.6,43.9,48.6,48.1,43.1,49.2,47.2,46.2,48.0,43.6,52.1,54.7,54.0,46.2,45.3,46.2,49.2,48.6,41.3,54.7,52.2,51.6,45.6,47.6,43.3,43.3,47.4,45.6,49.3,46.7
2696,52.4,48.6,50.3,51.9,53.5,55.0,55.4,53.5,55.6,54.6,57.2,56.1,57.3,53.9,54.9,56.0,54.8,52.5,57.1,57.5,54.7,54.8,56.7,51.4,51.0,54.0,55.7,54.0,53.3,56.7,54.6,55.8,48.7,50.7,50.6,51.0,57.3,47.6,52.8,51.4,54.1,54.8,49.3,51.0,51.7,51.2,49.2,52.4,59.2,46.7,54.5,50.4,53.3,49.6,46.8,51.9,48.8,50.5,47.3,51.9,50.7,47.4,53.5,52.8,48.9,52.5,48.0,54.5,57.6,56.7,52.7,51.1,50.7,54.1,53.2,46.8,58.1,55.2,54.4,49.6,51.2,46.9,47.4,50.1,48.6,52.4,50.0
2697,56.4,51.7,53.9,56.6,56.8,58.0,58.3,56.8,58.3,57.0,59.7,59.2,59.9,56.3,57.8,58.5,57.6,55.7,60.0,60.3,57.5,57.5,59.2,54.5,54.7,57.4,58.2,57.0,56.1,59.3,57.4,58.4,51.7,53.9,53.2,53.8,61.5,50.9,57.0,55.3,57.6,58.1,53.5,54.0,55.9,55.0,54.3,55.8,63.8,51.9,59.1,54.3,59.1,53.0,49.8,55.6,51.8,53.3,50.7,55.1,53.4,51.7,56.8,57.2,52.2,56.0,51.9,56.9,60.2,59.4,58.3,55.9,54.9,57.5,56.9,51.5,61.0,57.8,56.9,53.5,55.0,51.0,50.3,52.4,51.6,55.5,52.9
2698,60.0,54.5,56.5,60.4,59.9,60.6,61.1,59.6,60.7,59.1,62.1,61.7,62.4,58.5,60.7,60.9,60.2,58.6,62.1,62.8,59.9,59.9,61.6,57.6,58.2,60.4,60.4,59.8,58.7,61.6,59.9,60.8,54.5,56.7,55.8,56.4,64.8,53.5,61.0,58.3,60.7,60.9,57.0,56.9,59.1,58.1,58.5,59.0,67.2,55.8,62.6,57.8,63.6,56.0,52.4,58.5,54.2,55.6,53.9,57.9,56.0,55.2,60.0,60.3,55.6,59.3,55.1,58.9,62.5,61.7,62.4,59.8,58.2,60.3,59.8,55.3,63.2,60.1,59.2,57.0,58.2,54.7,52.9,54.5,54.4,58.0,55.7
2699,62.8,56.9,59.0,63.6,62.5,63.0,63.6,61.9,62.7,61.0,64.1,63.7,64.4,60.4,63.1,62.7,62.3,61.2,63.9,64.6,62.0,61.5,63.8,59.8,61.3,63.1,62.4,62.1,60.7,63.6,62.2,63.0,57.2,59.0,58.3,58.6,67.7,55.9,64.4,61.1,63.5,63.1,60.2,59.8,62.0,60.5,61.8,61.4,70.1,58.7,65.2,60.9,67.1,58.3,54.1,60.8,56.0,57.5,56.5,60.0,58.4,58.3,62.5,62.9,58.7,61.6,57.8,60.8,64.4,63.8,65.3,63.4,61.0,62.9,62.4,58.0,64.9,61.9,61.1,59.8,60.7,57.8,55.2,56.2,56.9,60.3,58.2
2700,65.2,58.6,60.8,66.2,64.5,65.1,65.7,63.8,64.4,62.6,65.8,65.5,66.2,61.8,65.2,64.1,64.0,63.1,65.5,66.2,63.6,63.1,65.5,61.8,63.6,65.2,64.0,63.8,62.4,65.2,63.8,64.2,59.4,61.0,60.3,60.7,69.9,57.4,67.1,63.6,66.2,64.8,62.8,61.8,64.8,62.4,64.6,63.5,72.3,60.9,66.9,63.3,69.4,60.3,55.7,62.7,57.3,59.1,58.8,61.7,60.4,60.6,64.5,64.7,61.4,63.4,60.4,62.5,65.9,65.4,67.4,66.1,63.3,64.6,64.4,60.2,66.4,63.4,62.7,62.3,63.0,60.3,57.0,57.6,59.0,62.0,60.1
2701,67.1,59.6,61.9,68.3,66.0,66.5,67.2,65.5,65.6,63.9,66.9,66.8,67.3,63.3,66.7,65.3,65.4,64.8,66.8,67.2,65.1,64.3,66.9,63.4,65.4,66.8,65.4,65.3,63.9,66.5,65.4,65.6,61.2,62.7,61.7,62.0,71.6,58.7,69.3,65.2,68.2,66.0,64.7,63.4,66.7,63.6,66.3,64.9,73.8,62.3,68.5,64.6,71.4,61.7,56.8,63.9,58.5,60.1,60.7,63.0,62.0,62.6,66.1,66.4,63.7,64.7,62.4,63.8,67.1,66.5,69.1,68.3,65.1,66.3,66.0,61.7,67.3,64.7,64.2,64.1,64.7,62.1,58.5,58.5,60.8,63.4,61.8
2702,67.9,60.3,62.7,69.7,67.1,67.6,68.2,66.5,66.4,64.8,67.7,67.7,68.1,64.4,67.6,66.0,66.4,66.0,67.6,67.8,66.3,65.4,67.9,64.6,66.7,67.9,66.3,66.2,64.9,67.1,66.4,66.4,62.5,63.9,63.1,63.2,72.8,59.3,70.6,66.4,69.8,66.9,66.1,64.4,67.9,64.4,67.3,65.7,74.6,63.4,69.2,65.7,72.7,62.8,57.6,64.7,59.3,61.1,61.9,63.8,62.9,64.4,67.3,67.5,65.6,65.4,63.8,64.7,68.0,67.4,70.0,69.6,65.9,67.2,67.2,62.6,68.0,65.5,65.2,65.5,66.1,63.6,59.5,58.9,62.0,64.5,63.1
2703,68.1,60.2,62.7,70.5,67.8,68.3,68.8,67.0,66.5,65.3,68.0,68.1,68.2,64.8,68.0,66.6,66.9,66.6,67.8,67.9,66.8,66.0,68.4,65.3,67.3,68.5,66.8,66.7,65.4,67.3,67.0,66.7,63.1,64.4,63.8,63.8,73.3,59.1,71.6,66.7,70.7,66.9,66.9,65.0,68.2,64.2,67.7,66.1,74.9,63.9,69.7,65.7,73.1,62.9,58.2,65.1,59.9,61.5,62.9,64.3,63.4,65.3,68.0,68.0,66.4,65.7,64.4,65.2,68.2,67.7,70.5,70.7,66.5,67.8,67.8,62.9,68.2,65.6,65.6,66.3,66.6,64.5,59.9,58.7,62.7,65.1,63.6
2704,67.8,59.7,61.8,70.7,67.8,68.5,68.8,67.0,66.4,65.2,67.6,68.1,68.1,64.9,68.0,66.5,66.8,66.3,67.5,67.5,66.7,66.0,68.4,65.2,67.3,68.4,66.8,66.7,65.5,67.2,66.9,66.2,63.1,64.4,63.8,63.8,72.9,58.4,72.0,66.4,70.8,66.4,67.1,65.0,67.7,63.9,67.3,65.6,74.2,64.2,69.3,65.1,72.6,62.5,58.4,65.0,59.9,61.6,63.3,64.1,63.3,65.8,68.0,67.9,66.7,65.3,64.6,65.4,68.2,67.7,69.9,70.7,66.2,67.6,67.6,62.6,67.7,65.5,65.6,66.4,66.6,64.7,59.8,57.9,62.9,64.9,63.6
2705,66.2,58.5,60.6,70.2,67.3,67.9,68.3,66.6,65.4,64.5,67.0,67.6,67.4,64.5,67.3,65.9,66.3,65.2,66.6,66.7,66.1,65.3,67.6,64.4,66.6,67.8,66.4,66.3,65.1,66.5,66.4,65.3,62.5,63.6,63.3,63.3,71.9,57.2,70.9,65.1,70.3,64.4,66.6,64.2,66.3,62.4,66.4,64.4,72.4,63.5,68.7,63.7,71.6,61.1,58.0,64.2,59.7,61.2,63.2,63.2,62.5,65.6,67.0,66.7,65.9,64.2,63.2,64.9,67.3,67.0,68.8,70.1,65.0,66.8,66.4,61.8,67.0,64.6,65.0,65.6,65.9,64.3,59.3,56.6,62.5,64.3,62.9
2706,63.1,55.6,57.5,68.7,65.6,66.5,66.9,65.4,63.8,63.2,65.2,66.4,65.6,63.4,65.8,64.3,64.9,62.6,64.7,64.8,64.7,63.7,66.2,63.0,64.8,66.1,65.2,64.7,63.7,65.1,65.2,63.4,61.2,62.2,62.1,61.8,69.2,54.5,69.6,62.8,68.8,61.4,64.8,62.4,63.4,59.2,64.5,62.0,69.2,61.7,67.0,61.6,69.5,58.1,57.0,62.4,58.5,60.0,62.2,61.1,60.5,64.5,64.8,64.3,64.3,62.0,60.6,63.8,65.6,65.1,66.7,68.6,62.6,65.3,64.1,60.2,65.0,62.9,63.6,64.4,64.3,62.9,57.8,54.6,61.2,63.1,61.6
2707,57.5,51.8,52.1,65.4,62.7,63.9,63.8,62.2,61.0,60.6,62.3,64.2,62.3,61.2,62.6,61.7,61.6,57.7,62.0,61.6,61.7,60.7,63.2,60.2,61.3,62.7,63.4,61.6,60.9,62.1,62.6,60.2,58.3,59.2,59.8,59.2,63.3,50.4,65.9,58.2,66.2,55.6,61.5,59.1,58.9,54.8,60.7,57.7,64.1,58.0,63.7,58.7,65.8,53.0,54.8,58.7,56.1,57.4,60.2,56.9,57.8,62.0,60.4,59.5,61.0,58.2,55.4,61.6,62.5,62.1,62.6,65.1,58.2,61.9,59.1,56.0,61.9,60.1,60.6,61.0,60.8,59.7,54.5,52.5,58.5,60.4,58.5
2708,54.5,49.0,49.2,60.8,59.5,61.4,60.9,58.7,58.9,58.5,60.0,61.6,59.6,59.0,59.7,59.6,57.8,53.8,59.5,59.3,58.8,58.2,60.0,56.9,56.7,58.5,61.6,58.6,58.0,59.4,59.8,57.9,54.5,56.2,57.1,55.9,59.7,48.3,61.0,54.5,63.4,52.8,57.1,54.9,55.9,51.6,57.2,54.7,61.4,52.3,59.6,56.6,60.7,50.2,52.4,55.4,53.3,54.9,57.3,54.0,55.0,57.3,56.0,56.0,57.6,54.3,51.9,59.7,60.0,59.6,58.0,59.2,54.9,57.8,56.0,51.3,59.3,57.8,58.1,55.7,56.8,55.3,49.1,51.0,55.1,57.5,54.8
2709,52.0,47.3,47.2,57.7,57.3,59.6,59.0,56.3,57.5,57.1,58.5,59.6,58.1,57.5,57.9,58.1,55.7,51.4,57.7,57.7,56.9,56.7,58.6,55.1,54.4,56.6,60.2,56.8,56.3,58.0,57.9,56.7,52.2,54.7,55.3,53.9,57.0,46.7,58.0,51.9,61.0,51.1,54.5,52.7,53.8,49.3,54.2,52.3,58.5,49.0,56.7,54.9,56.5,48.8,50.7,52.8,51.3,53.1,54.3,52.4,52.8,53.4,53.1,53.5,55.4,51.8,50.0,58.3,58.5,58.0,55.1,55.9,52.4,55.3,53.6,49.3,58.0,56.2,56.6,53.1,54.8,52.4,46.7,49.8,53.0,55.7,52.6
2710,50.1,45.7,45.9,55.4,55.7,58.0,57.5,55.0,56.5,55.9,57.0,58.0,56.7,56.2,56.6,57.0,54.3,49.7,56.5,56.5,55.6,55.5,57.5,53.9,52.8,55.4,58.8,55.5,54.9,57.1,56.2,55.6,50.5,52.9,53.7,52.6,54.8,45.2,56.0,50.0,59.2,49.8,52.5,50.9,52.1,47.5,51.7,50.2,56.0,47.5,54.6,53.0,54.1,47.3,49.6,50.5,49.7,51.6,52.0,50.9,51.6,51.2,51.2,50.9,53.5,49.9,48.1,57.1,57.3,56.9,53.1,53.9,50.1,53.4,51.6,47.5,56.7,54.9,55.3,51.3,53.1,50.5,45.6,48.8,51.3,54.2,50.7
2711,48.6,44.8,44.8,53.9,54.2,56.9,56.4,53.8,55.4,55.0,55.7,56.8,55.4,55.1,55.6,56.1,53.3,48.3,55.1,55.5,54.5,54.5,56.4,52.6,51.5,54.4,57.6,54.6,53.7,55.9,55.2,54.9,49.4,51.3,52.4,51.4,53.3,44.0,54.6,48.4,57.5,48.5,51.2,50.0,50.4,46.3,49.5,48.3,53.9,45.8,52.5,51.3,52.3,46.0,48.6,48.7,48.7,50.7,50.1,49.9,50.0,49.1,49.7,48.6,51.8,48.1,46.5,56.0,56.2,55.7,51.4,52.1,48.2,52.2,49.6,45.6,55.5,53.9,54.2,49.6,52.0,49.1,44.8,47.9,49.8,53.0,49.4
2712,47.2,43.8,43.8,52.3,53.2,55.9,55.3,52.6,54.6,54.2,54.7,55.6,54.4,54.3,54.5,55.1,52.5,47.0,54.3,54.5,53.6,53.9,55.7,51.6,50.5,53.1,56.6,53.6,52.7,55.2,54.3,54.1,48.3,50.4,51.3,50.2,51.9,43.0,53.3,46.8,55.8,47.5,49.6,48.6,48.9,45.2,47.7,46.6,51.4,44.1,50.9,49.9,50.7,45.1,47.5,47.3,47.7,49.6,48.7,48.6,48.8,47.6,48.3,46.9,50.2,46.5,44.8,55.1,55.3,54.7,49.4,50.7,46.6,50.7,47.8,44.2,54.6,53.0,53.6,48.7,50.7,47.8,44.3,47.0,48.5,52.0,48.4
2713,45.7,43.0,42.6,51.0,52.1,55.1,54.5,51.8,53.9,53.5,53.7,54.7,53.1,53.5,53.8,54.3,51.9,45.9,53.2,53.8,52.8,53.1,54.7,50.5,49.6,52.2,55.9,52.8,51.8,54.5,53.5,53.3,47.3,49.3,50.4,49.4,50.5,42.2,52.3,45.3,54.2,46.6,48.3,47.7,47.5,44.0,45.9,45.1,49.4,42.6,49.2,48.2,48.7,44.2,46.6,45.8,46.8,48.5,47.4,47.3,48.0,46.3,47.0,45.0,48.5,44.9,43.2,54.3,54.5,53.7,48.0,49.1,44.8,49.4,46.0,42.8,53.7,52.1,52.8,47.6,49.7,46.7,43.8,46.3,47.6,51.0,47.6
2714,44.4,42.3,42.0,49.6,51.3,54.3,53.6,51.0,53.1,52.6,52.9,53.8,52.2,52.9,53.0,53.6,51.1,44.7,52.4,53.0,52.1,52.4,54.1,49.6,48.7,51.4,54.9,51.9,50.9,53.9,52.6,52.6,46.6,48.3,49.4,48.7,49.7,41.5,51.2,44.1,52.7,45.9,47.4,46.7,46.2,43.3,44.3,43.8,47.5,40.7,48.0,46.8,47.1,43.1,45.7,44.6,45.9,47.6,46.2,46.1,47.0,45.2,45.6,43.4,47.2,43.4,41.8,53.5,53.7,53.0,46.2,48.1,43.8,48.0,44.1,41.4,52.9,51.2,52.1,46.8,48.7,45.5,43.0,45.5,46.9,50.2,46.8
2715,43.2,41.5,41.2,48.5,50.3,53.4,52.8,50.2,52.2,52.0,52.2,52.9,51.5,52.0,52.4,53.0,50.6,43.7,51.9,52.4,51.5,51.8,53.2,48.7,48.1,50.8,54.2,51.2,50.1,53.2,51.9,52.0,45.9,47.6,48.6,47.7,48.5,40.6,50.3,42.9,51.1,45.2,46.5,45.6,45.0,42.4,42.8,42.5,45.9,39.7,46.7,45.5,45.3,42.1,44.9,43.4,45.1,46.9,45.2,45.1,46.2,44.1,44.6,41.9,46.0,42.1,40.7,52.9,53.2,52.2,44.6,47.1,42.7,47.0,43.0,40.1,52.2,50.6,51.6,46.0,47.8,44.4,42.4,44.9,46.1,49.4,46.0
2716,42.5,41.0,40.2,47.5,49.6,52.8,52.4,49.6,51.7,51.5,51.6,52.3,51.0,51.5,51.6,52.3,50.0,42.8,51.2,51.7,50.8,51.0,52.6,48.0,47.3,50.1,53.6,50.7,49.6,52.6,51.0,51.6,45.3,47.0,47.9,46.9,47.6,39.9,49.4,41.5,50.0,44.8,45.4,44.4,43.9,41.4,41.4,41.5,44.4,38.7,45.8,44.4,44.0,41.3,44.2,42.4,44.4,46.4,44.3,44.2,45.4,43.2,43.5,40.1,45.2,41.0,39.6,52.2,52.5,51.5,43.2,46.2,41.6,45.8,41.7,38.8,51.9,50.0,50.9,45.5,47.1,43.7,41.6,44.5,45.3,48.6,45.2
2717,41.7,40.4,39.4,46.8,49.1,51.9,51.5,48.9,51.2,50.7,51.1,51.6,50.5,50.7,50.8,51.7,49.4,41.9,50.8,51.2,50.2,50.6,52.2,47.4,46.5,49.3,52.8,50.0,49.0,52.1,50.4,51.1,44.5,46.3,47.2,46.4,46.7,39.3,48.3,40.3,49.0,44.2,44.5,43.6,43.2,40.7,40.4,40.4,43.0,37.6,44.6,43.5,42.4,40.6,43.4,41.6,43.8,45.8,43.4,43.3,44.6,42.2,42.6,39.0,44.4,40.0,38.6,51.4,52.0,50.9,41.8,45.1,40.8,44.9,40.6,37.8,51.5,49.4,50.2,44.8,46.4,42.9,41.0,44.0,44.7,48.0,44.6
2718,43.2,41.2,41.2,46.1,48.6,51.3,51.0,48.5,51.0,50.4,51.7,51.5,51.1,50.3,50.4,51.6,49.0,44.0,51.2,52.2,49.8,50.3,52.0,46.9,46.0,48.8,52.5,49.6,48.7,52.0,50.2,51.3,44.0,45.6,46.8,46.1,47.7,39.9,47.6,40.7,48.2,45.8,44.0,43.5,44.4,41.8,40.2,42.5,44.7,37.0,43.7,43.8,41.7,42.0,42.9,43.5,43.4,45.6,42.9,44.9,46.0,41.4,44.5,41.0,44.2,42.2,38.7,51.0,52.1,51.3,40.8,44.4,41.7,44.8,43.2,37.4,52.0,49.7,49.8,44.0,45.9,42.1,40.5,45.2,44.1,47.8,44.4
2719,48.2,45.1,46.4,47.6,50.5,52.7,52.7,50.8,53.2,52.4,54.8,53.5,54.6,51.7,52.1,53.7,51.9,49.0,54.4,55.1,52.3,52.6,54.2,48.6,47.4,50.9,53.9,51.5,50.9,54.4,52.2,53.8,45.9,47.8,48.3,48.4,52.7,44.1,48.7,46.9,51.1,50.7,45.6,47.4,48.1,46.7,44.8,48.2,53.4,40.9,47.9,47.0,47.3,46.0,44.3,47.8,45.6,47.8,44.1,49.0,48.3,43.2,49.6,47.6,46.4,48.3,44.0,52.5,55.1,54.5,46.7,45.8,46.6,49.5,49.0,41.6,55.2,52.8,52.0,45.9,47.8,43.4,43.6,47.7,45.7,49.6,47.0
2720,52.7,48.9,50.7,52.2,53.7,55.3,55.7,53.8,56.0,54.9,57.7,56.5,57.8,54.3,55.1,56.4,55.1,52.8,57.6,58.1,55.0,55.2,57.0,51.7,51.2,54.2,56.2,54.3,53.7,57.2,54.9,56.3,48.9,51.0,50.9,51.2,57.5,47.9,53.0,51.7,54.5,54.9,49.6,51.2,52.0,51.5,49.5,52.8,59.7,47.1,54.9,50.9,53.8,50.0,47.0,52.4,49.0,50.8,47.5,52.4,51.0,47.6,53.8,53.3,49.1,52.9,48.4,54.9,58.1,57.2,53.2,51.4,51.0,54.5,53.7,47.3,58.6,55.7,54.7,49.7,51.4,47.1,47.9,50.4,48.8,52.8,50.2
2721,56.6,52.0,54.2,56.7,56.9,58.2,58.6,57.0,58.7,57.3,60.2,59.5,60.4,56.6,58.1,58.9,57.9,56.0,60.5,60.9,57.8,57.9,59.6,54.8,54.9,57.6,58.6,57.3,56.4,59.7,57.7,58.9,52.0,54.2,53.4,54.0,61.6,51.2,57.2,55.5,57.9,58.3,53.7,54.3,56.2,55.2,54.6,56.2,64.3,52.4,59.5,54.8,59.5,53.4,50.0,56.1,52.0,53.5,51.1,55.6,53.7,51.9,57.1,57.8,52.5,56.4,52.2,57.2,60.6,59.9,58.7,56.2,55.2,57.8,57.3,52.0,61.5,58.3,57.2,53.6,55.2,51.1,50.8,52.7,51.9,55.8,53.1
2722,60.2,54.8,56.8,60.5,60.0,60.8,61.3,59.8,61.1,59.4,62.6,62.0,62.8,58.8,60.8,61.2,60.5,58.9,62.7,63.3,60.1,60.3,61.9,57.7,58.3,60.5,60.7,60.0,59.0,62.0,60.2,61.2,54.8,56.9,56.0,56.6,64.9,53.7,61.1,58.5,61.0,61.1,57.2,57.3,59.4,58.3,58.8,59.4,67.6,56.3,63.0,58.3,63.9,56.4,52.6,58.9,54.4,55.8,54.3,58.3,56.3,55.5,60.3,60.8,56.0,59.6,55.4,59.2,62.8,62.2,62.8,60.0,58.4,60.6,60.3,55.9,63.6,60.6,59.4,57.0,58.3,54.9,53.3,54.7,54.6,58.3,55.8
2723,63.0,57.1,59.2,63.8,62.5,63.1,63.7,62.0,63.1,61.2,64.6,64.0,64.8,60.6,63.2,62.9,62.5,61.5,64.4,65.1,62.2,61.9,64.0,59.9,61.4,63.1,62.6,62.3,61.0,63.9,62.4,63.2,57.4,59.2,58.4,58.8,67.7,56.1,64.5,61.3,63.8,63.2,60.4,60.2,62.2,60.7,62.1,61.8,70.5,59.2,65.6,61.6,67.4,58.6,54.3,61.3,56.2,57.7,56.9,60.4,58.7,58.6,62.8,63.4,59.1,62.0,58.2,61.1,64.7,64.2,65.7,63.5,61.1,63.2,62.9,58.6,65.5,62.5,61.3,59.9,60.8,57.9,55.7,56.4,57.1,60.5,58.4
2724,65.4,58.9,61.0,66.2,64.5,65.1,65.8,63.9,64.7,62.9,66.1,65.8,66.5,62.0,65.2,64.4,64.2,63.4,65.8,66.7,63.9,63.3,65.6,61.9,63.7,65.1,64.2,63.9,62.7,65.4,64.0,64.5,59.5,61.2,60.4,60.8,69.9,57.7,67.1,63.8,66.4,64.8,62.9,62.2,64.9,62.5,64.8,63.8,72.7,61.5,67.3,63.9,69.7,60.7,55.9,63.0,57.5,59.3,59.2,62.1,60.8,60.9,64.9,65.3,61.8,63.8,60.9,62.6,66.1,65.8,67.8,66.2,63.4,64.9,64.9,60.7,66.9,63.9,62.9,62.4,63.0,60.5,57.5,57.7,59.2,62.2,60.2
2725,67.1,59.9,62.1,68.4,66.0,66.6,67.2,65.5,65.8,64.1,67.3,67.1,67.5,63.5,66.7,65.4,65.6,65.2,67.2,67.8,65.4,64.5,67.0,63.4,65.5,66.7,65.6,65.4,64.1,66.7,65.5,65.8,61.3,62.8,61.8,62.2,71.5,58.8,69.2,65.2,68.4,66.1,64.8,63.8,66.7,63.6,66.5,65.3,74.2,62.9,68.9,65.3,71.8,62.1,57.1,64.3,58.7,60.3,61.1,63.4,62.3,63.0,66.5,66.9,64.2,65.0,62.8,64.0,67.2,66.9,69.5,68.2,65.2,66.6,66.5,62.1,67.8,65.3,64.3,64.2,64.8,62.3,59.0,58.7,61.0,63.5,62.0
2726,68.0,60.6,62.9,69.9,67.1,67.5,68.1,66.5,66.6,64.9,68.0,67.9,68.4,64.5,67.5,66.1,66.5,66.4,68.0,68.4,66.4,65.6,68.0,64.5,66.8,67.8,66.4,66.4,65.2,67.2,66.6,66.6,62.7,64.0,63.2,63.3,72.6,59.3,70.7,66.4,69.9,66.9,66.3,64.8,67.8,64.3,67.6,66.2,75.1,63.9,69.5,66.3,73.1,63.1,57.9,65.0,59.6,61.4,62.3,64.2,63.2,64.7,67.7,68.0,66.2,65.8,64.3,64.9,68.2,67.7,70.3,69.6,66.0,67.6,67.7,63.1,68.4,66.0,65.3,65.6,66.1,63.9,60.0,59.0,62.3,64.7,63.2
2727,68.2,60.5,62.8,70.6,67.8,68.2,68.6,66.9,66.7,65.4,68.4,68.3,68.5,64.9,67.8,66.6,67.0,66.9,68.2,68.5,67.0,66.2,68.5,65.3,67.4,68.5,66.9,66.9,65.6,67.4,67.2,66.8,63.3,64.5,63.9,63.9,73.2,59.2,71.5,66.8,70.8,66.9,67.0,65.5,68.4,64.2,68.1,66.6,75.4,64.4,70.1,66.3,73.5,63.2,58.5,65.5,60.3,61.8,63.3,64.6,63.7,65.7,68.3,68.6,67.0,66.1,64.9,65.3,68.3,68.0,70.8,70.7,66.6,68.1,68.4,63.5,68.5,66.0,65.8,66.5,66.8,64.8,60.5,58.9,62.9,65.2,63.8
2728,67.9,60.0,62.0,70.8,67.9,68.4,68.7,67.1,66.6,65.4,67.9,68.2,68.3,65.0,67.9,66.6,67.0,66.7,67.9,68.1,66.8,66.1,68.4,65.2,67.4,68.4,66.9,66.8,65.7,67.3,67.1,66.3,63.3,64.5,64.0,63.9,72.8,58.6,71.9,66.4,70.9,66.3,67.2,65.4,67.8,63.9,67.6,66.1,74.7,64.8,69.7,65.8,73.0,62.7,58.7,65.3,60.2,62.0,63.7,64.5,63.7,66.2,68.3,68.4,67.3,65.7,65.1,65.6,68.2,67.9,70.2,70.6,66.3,68.0,68.2,63.1,68.1,65.9,65.8,66.6,66.7,65.0,60.4,58.1,63.1,65.0,63.8
2729,66.3,58.8,60.8,70.3,67.4,67.7,68.2,66.7,65.5,64.7,67.2,67.7,67.6,64.6,67.2,65.9,66.4,65.6,66.8,67.1,66.2,65.4,67.6,64.6,66.7,67.9,66.5,66.4,65.2,66.5,66.6,65.4,62.7,63.8,63.4,63.4,71.8,57.4,70.9,65.2,70.5,64.4,66.7,64.6,66.4,62.4,66.7,64.9,72.9,63.9,69.1,64.4,71.8,61.3,58.3,64.5,60.0,61.6,63.6,63.5,62.9,66.0,67.3,67.3,66.5,64.6,63.7,65.1,67.4,67.2,69.1,70.2,65.2,67.3,67.0,62.3,67.3,64.9,65.1,65.8,66.0,64.5,59.9,56.8,62.7,64.4,63.1
2730,63.2,55.9,57.7,68.8,65.8,66.5,66.8,65.5,63.9,63.4,65.4,66.5,65.8,63.6,65.9,64.4,65.0,63.0,65.0,65.3,64.8,63.8,66.3,63.2,65.0,66.2,65.3,64.8,63.9,65.1,65.3,63.5,61.4,62.4,62.3,62.0,69.1,54.7,69.6,62.9,69.0,61.5,65.0,62.9,63.5,59.3,64.8,62.5,69.7,62.2,67.4,62.3,69.8,58.4,57.3,62.7,58.8,60.4,62.6,61.4,60.9,64.9,65.1,64.8,64.8,62.4,61.1,63.9,65.7,65.3,67.0,68.6,62.9,65.8,64.7,60.6,65.4,63.2,63.8,64.6,64.5,63.1,58.4,54.8,61.5,63.2,61.9
2731,57.6,52.0,52.2,65.5,62.9,63.9,63.8,62.4,61.2,60.8,62.6,64.4,62.5,61.3,62.6,61.9,61.8,58.2,62.3,62.2,61.9,60.9,63.3,60.4,61.6,62.8,63.6,61.7,61.1,62.3,62.8,60.4,58.6,59.6,60.1,59.5,63.3,50.6,65.9,58.3,66.3,55.7,61.8,59.5,59.2,54.8,61.0,58.2,64.6,58.5,64.2,59.4,66.2,53.2,55.2,59.1,56.5,57.7,60.7,57.3,58.1,62.3,60.7,60.1,61.5,58.5,55.8,61.8,62.7,62.4,63.0,65.2,58.6,62.4,59.6,56.4,62.3,60.5,60.8,61.2,60.9,59.9,55.1,52.7,58.8,60.5,58.7
2732,54.5,49.2,49.3,60.9,59.6,61.5,60.9,58.9,59.2,58.6,60.4,61.8,60.0,59.1,59.7,59.8,58.0,54.1,59.9,59.9,58.9,58.5,60.1,57.1,56.8,58.6,61.8,58.7,58.3,59.6,60.0,58.2,54.7,56.5,57.4,56.1,59.7,48.4,61.0,54.7,63.5,52.8,57.3,55.2,56.1,51.6,57.5,55.1,61.8,52.8,60.0,57.2,61.0,50.4,52.7,55.6,53.6,55.2,57.7,54.3,55.2,57.7,56.2,56.6,58.0,54.6,52.2,59.8,60.3,60.0,58.4,59.3,55.2,58.2,56.5,51.8,59.7,58.2,58.2,55.9,57.0,55.5,49.5,51.2,55.4,57.7,55.0
2733,52.0,47.4,47.3,57.9,57.4,59.7,59.1,56.5,57.8,57.2,58.9,59.9,58.5,57.6,58.0,58.4,55.9,51.6,58.2,58.4,57.0,57.0,58.7,55.4,54.5,56.7,60.3,57.0,56.5,58.2,58.1,57.0,52.5,55.0,55.6,54.1,56.9,46.7,57.9,52.0,61.2,51.1,54.6,53.1,54.0,49.4,54.4,52.8,59.0,49.4,57.1,55.4,56.9,49.0,51.1,53.0,51.6,53.4,54.7,52.6,53.1,53.7,53.3,54.0,55.8,52.1,50.3,58.5,58.8,58.4,55.4,56.0,52.7,55.8,54.1,49.7,58.3,56.7,56.8,53.3,55.0,52.6,47.0,50.0,53.3,55.9,52.8
2734,50.1,45.8,45.9,55.6,55.9,58.1,57.6,55.2,56.9,56.1,57.5,58.3,57.2,56.3,56.7,57.3,54.5,50.0,57.0,57.1,55.8,55.8,57.6,54.2,53.0,55.5,59.0,55.7,55.2,57.3,56.4,55.9,50.8,53.3,53.9,53.0,54.8,45.2,56.0,50.1,59.3,49.7,52.7,51.3,52.3,47.6,52.0,50.6,56.5,47.9,54.9,53.5,54.6,47.5,49.9,50.7,50.0,51.9,52.3,51.1,51.8,51.4,51.3,51.3,53.9,50.1,48.5,57.3,57.6,57.4,53.3,54.0,50.3,53.8,52.0,47.8,57.1,55.4,55.5,51.5,53.3,50.6,45.9,49.1,51.6,54.5,50.9
2735,48.7,44.9,44.9,53.9,54.4,57.0,56.4,54.0,55.8,55.2,56.2,57.2,55.9,55.3,55.7,56.3,53.5,48.5,55.7,56.1,54.7,54.8,56.4,52.9,51.6,54.5,57.8,54.9,54.0,56.2,55.4,55.2,49.6,51.6,52.6,51.8,53.3,44.1,54.6,48.6,57.6,48.6,51.3,50.2,50.7,46.5,49.9,48.7,54.4,46.2,52.8,51.8,52.6,46.2,48.9,48.8,49.0,51.0,50.3,50.1,50.2,49.5,49.8,49.0,52.1,48.4,46.8,56.2,56.6,56.1,51.5,52.2,48.4,52.6,49.9,45.9,56.0,54.5,54.5,49.8,52.2,49.2,45.0,48.1,50.1,53.4,49.7
2736,47.3,44.0,43.8,52.4,53.4,55.9,55.4,52.7,55.0,54.4,55.2,56.1,54.9,54.5,54.7,55.4,52.8,47.2,54.8,55.2,53.9,54.1,55.8,51.9,50.6,53.3,56.9,53.8,53.0,55.5,54.5,54.4,48.5,50.7,51.5,50.4,52.0,43.1,53.3,47.1,55.8,47.6,49.7,49.0,49.0,45.3,48.1,46.9,51.7,44.6,51.2,50.3,50.9,45.3,47.9,47.4,48.0,49.8,48.9,48.7,49.1,47.8,48.4,47.3,50.5,46.8,45.1,55.3,55.7,55.2,49.6,50.7,46.7,51.1,48.1,44.5,55.1,53.5,53.8,48.9,50.9,48.0,44.6,47.2,48.7,52.3,48.6
2737,45.8,43.1,42.7,51.0,52.4,55.1,54.5,52.0,54.3,53.7,54.2,55.1,53.7,53.7,53.9,54.7,52.1,46.1,53.7,54.5,53.0,53.4,54.8,50.8,49.8,52.4,56.1,53.0,52.1,54.8,53.8,53.6,47.6,49.6,50.6,49.7,50.7,42.2,52.4,45.5,54.3,46.7,48.5,47.9,47.5,44.1,46.3,45.5,49.7,43.1,49.5,48.6,49.0,44.4,46.9,46.0,47.1,48.8,47.6,47.6,48.1,46.5,47.0,45.5,48.8,45.3,43.5,54.6,54.8,54.2,48.1,49.1,44.9,49.8,46.3,43.1,54.3,52.6,53.0,47.9,49.9,46.9,44.0,46.5,47.8,51.3,47.8
2738,44.5,42.5,42.1,49.7,51.6,54.3,53.6,51.2,53.5,52.8,53.4,54.2,52.8,53.1,53.1,54.0,51.4,44.9,53.1,53.7,52.3,52.7,54.2,49.8,48.8,51.5,55.2,52.1,51.3,54.1,52.9,52.9,46.8,48.5,49.6,49.0,49.9,41.6,51.2,44.3,52.9,46.0,47.5,47.0,46.2,43.4,44.6,44.2,47.7,41.2,48.4,47.1,47.3,43.3,46.0,44.7,46.1,47.9,46.5,46.4,47.2,45.4,45.7,43.8,47.4,43.9,42.0,53.8,54.1,53.5,46.4,48.1,43.8,48.4,44.4,41.8,53.5,51.8,52.4,47.1,48.9,45.7,43.2,45.7,47.1,50.5,47.0
2739,43.3,41.7,41.2,48.6,50.6,53.4,52.8,50.4,52.6,52.2,52.8,53.4,52.2,52.2,52.5,53.4,50.9,43.9,52.4,53.1,51.7,52.1,53.2,49.0,48.2,50.9,54.4,51.4,50.4,53.5,52.1,52.4,46.0,47.8,48.8,48.0,48.6,40.7,50.3,43.0,51.3,45.3,46.6,45.7,45.0,42.4,43.1,42.8,46.1,40.0,47.1,45.8,45.6,42.2,45.1,43.6,45.3,47.2,45.5,45.4,46.4,44.4,44.7,42.4,46.3,42.5,40.9,53.2,53.5,52.7,44.8,47.1,42.7,47.4,43.3,40.4,52.9,51.2,51.8,46.3,48.0,44.6,42.6,45.1,46.3,49.7,46.2
2740,42.5,41.1,40.2,47.6,49.9,52.9,52.4,49.8,52.1,51.7,52.2,52.8,51.6,51.7,51.7,52.7,50.3,42.9,51.8,52.4,51.0,51.3,52.7,48.2,47.5,50.2,53.8,50.9,50.0,52.9,51.3,51.9,45.4,47.3,48.1,47.2,47.9,40.0,49.5,41.6,50.2,44.7,45.5,44.5,43.9,41.4,41.6,41.8,44.7,38.9,46.2,44.7,44.2,41.4,44.5,42.6,44.7,46.7,44.6,44.6,45.6,43.4,43.5,40.7,45.4,41.4,39.8,52.5,52.9,52.1,43.4,46.2,41.6,46.1,42.1,39.0,52.4,50.6,51.2,45.8,47.3,43.8,41.8,44.7,45.5,48.9,45.4
2741,41.7,40.6,39.4,46.9,49.4,52.0,51.5,49.1,51.5,51.0,51.7,52.1,51.2,51.0,50.9,52.1,49.6,42.0,51.4,51.9,50.4,50.9,52.3,47.7,46.6,49.4,53.0,50.2,49.3,52.3,50.7,51.5,44.6,46.5,47.5,46.7,46.9,39.4,48.4,40.5,49.2,44.3,44.7,43.7,43.2,40.8,40.5,40.7,43.4,37.9,44.9,43.8,42.7,40.7,43.7,41.9,44.0,46.2,43.7,43.7,44.8,42.5,42.6,39.5,44.6,40.4,38.8,51.7,52.3,51.5,41.9,45.2,40.7,45.3,41.0,38.1,52.1,50.0,50.5,45.1,46.6,43.0,41.1,44.2,44.9,48.3,44.8
2742,43.3,41.5,41.3,46.1,48.9,51.4,51.1,48.8,51.4,50.7,52.2,51.9,51.8,50.5,50.5,52.0,49.3,44.3,51.7,52.9,50.1,50.6,52.2,47.2,46.1,49.0,52.7,49.9,49.0,52.2,50.5,51.7,44.1,45.9,47.1,46.4,47.9,40.1,47.6,40.9,48.4,46.0,44.2,43.7,44.5,41.9,40.4,42.9,45.2,37.3,44.0,44.1,42.0,42.2,43.2,43.8,43.7,45.9,43.1,45.5,46.3,41.7,44.7,41.6,44.3,42.7,39.1,51.3,52.4,52.0,41.0,44.5,41.8,45.2,43.8,37.6,52.6,50.4,50.1,44.4,46.1,42.2,40.7,45.4,44.3,48.1,44.6
2743,48.4,45.5,46.6,47.8,50.9,52.9,52.9,51.1,53.6,52.7,55.4,54.0,55.1,52.1,52.3,54.1,52.2,49.4,54.9,55.7,52.6,53.0,54.4,49.0,47.7,51.2,54.2,51.8,51.3,54.6,52.5,54.1,46.2,48.2,48.7,48.8,52.9,44.3,48.8,47.1,51.4,50.9,45.8,47.8,48.2,46.9,45.1,48.7,53.9,41.3,48.4,47.4,47.7,46.4,44.7,48.2,46.1,48.3,44.4,49.4,48.6,43.6,49.9,48.2,46.7,48.7,44.5,52.8,55.3,55.1,47.1,45.9,46.7,50.0,49.5,42.1,55.7,53.4,52.3,46.2,48.1,43.7,44.0,47.9,46.1,50.0,47.4
2744,53.0,49.3,51.0,52.5,54.1,55.5,55.9,54.2,56.3,55.2,58.1,56.9,58.2,54.5,55.3,56.7,55.3,53.1,58.1,58.6,55.3,55.6,57.2,52.1,51.5,54.6,56.4,54.6,54.1,57.2,55.2,56.6,49.4,51.4,51.2,51.6,57.7,48.2,53.3,51.9,54.8,55.2,50.0,51.6,52.3,51.7,49.7,53.3,60.2,47.5,55.3,51.3,54.2,50.5,47.4,52.8,49.4,51.3,47.8,52.9,51.3,48.0,54.1,53.8,49.4,53.2,48.9,55.1,58.3,57.6,53.6,51.7,51.2,54.9,54.2,47.7,58.9,56.1,54.9,50.1,51.8,47.5,48.2,50.6,49.3,53.2,50.6
2745,57.0,52.2,54.6,57.0,57.4,58.4,58.8,57.4,59.0,57.5,60.5,59.9,60.7,56.8,58.3,59.2,58.1,56.3,60.8,61.3,58.0,58.1,59.7,55.2,55.3,57.9,58.8,57.6,56.7,59.7,57.9,59.1,52.5,54.7,53.8,54.4,61.7,51.4,57.5,55.8,58.2,58.5,54.1,54.7,56.4,55.4,54.8,56.8,64.8,52.9,59.9,55.3,59.8,54.0,50.5,56.4,52.5,54.0,51.4,56.1,54.0,52.3,57.5,58.2,52.8,56.7,52.7,57.4,60.7,60.2,59.0,56.5,55.4,58.2,57.8,52.5,61.7,58.7,57.3,54.1,55.6,51.7,51.2,52.9,52.5,56.2,53.5
2746,60.4,55.1,57.2,60.8,60.5,61.1,61.5,60.1,61.3,59.6,62.9,62.3,63.1,58.9,61.1,61.3,60.6,59.2,63.0,63.7,60.3,60.4,62.0,58.1,58.8,60.9,60.9,60.2,59.3,61.9,60.3,61.3,55.4,57.4,56.3,57.0,65.0,53.9,61.4,58.8,61.3,61.3,57.7,57.7,59.7,58.5,59.0,59.9,68.0,56.8,63.3,58.7,64.2,56.9,53.1,59.3,54.9,56.3,54.5,58.8,56.6,55.8,60.6,61.2,56.3,59.9,55.7,59.4,62.9,62.5,63.1,60.3,58.7,60.9,60.7,56.4,63.8,61.0,59.6,57.5,58.8,55.5,53.8,54.9,55.2,58.6,56.2
2747,63.3,57.4,59.5,64.1,63.0,63.3,64.0,62.3,63.2,61.4,64.8,64.2,65.0,60.7,63.4,63.0,62.6,61.9,64.6,65.5,62.3,62.0,64.0,60.3,61.8,63.5,62.8,62.5,61.2,63.8,62.6,63.3,58.1,59.7,58.8,59.1,67.9,56.3,64.8,61.6,64.1,63.5,60.8,60.6,62.4,60.9,62.3,62.3,70.9,59.8,66.0,61.9,67.6,59.2,54.8,61.7,56.7,58.2,57.2,60.8,59.0,58.9,63.1,63.8,59.4,62.3,58.5,61.2,64.7,64.5,66.1,63.7,61.3,63.4,63.3,59.2,65.6,62.8,61.4,60.4,61.3,58.6,56.2,56.7,57.7,60.8,58.7
2748,65.5,59.1,61.3,66.5,64.9,65.3,66.0,64.3,64.7,63.0,66.3,65.8,66.7,62.1,65.4,64.4,64.3,63.8,66.0,66.9,64.0,63.3,65.6,62.3,64.2,65.5,64.4,64.1,62.9,65.2,64.2,64.5,60.1,61.7,60.7,61.2,70.0,57.8,67.5,64.1,66.6,65.0,63.3,62.6,65.1,62.7,65.0,64.3,73.1,62.0,67.6,64.3,69.9,61.1,56.3,63.4,58.0,59.8,59.6,62.5,61.2,61.2,65.1,65.7,62.2,64.0,61.2,62.8,66.1,66.0,68.2,66.4,63.7,65.2,65.2,61.2,67.0,64.2,63.0,62.9,63.4,61.1,58.0,58.1,59.8,62.4,60.7
2749,67.2,60.2,62.4,68.6,66.4,66.7,67.4,65.9,65.8,64.2,67.4,67.0,67.6,63.6,66.9,65.5,65.6,65.5,67.4,68.0,65.4,64.5,67.0,63.8,65.9,67.0,65.7,65.6,64.4,66.4,65.7,65.7,61.8,63.3,62.2,62.6,71.6,58.9,69.6,65.5,68.7,66.3,65.1,64.2,66.9,63.9,66.7,65.7,74.6,63.4,69.2,65.7,72.0,62.5,57.6,64.6,59.3,60.9,61.4,63.7,62.6,63.3,66.7,67.2,64.6,65.4,63.2,64.0,67.2,67.0,69.8,68.4,65.4,67.0,66.9,62.6,67.9,65.5,64.4,64.6,65.2,62.9,59.5,59.0,61.4,63.8,62.3
2750,68.1,60.9,63.1,70.2,67.4,67.8,68.4,66.8,66.6,65.0,68.1,67.8,68.5,64.6,67.8,66.2,66.5,66.7,68.2,68.5,66.4,65.6,67.9,64.9,67.1,68.0,66.5,66.5,65.4,67.0,66.7,66.4,63.2,64.4,63.4,63.6,72.8,59.5,71.0,66.8,70.2,67.1,66.6,65.2,68.0,64.6,67.7,66.6,75.5,64.5,69.8,66.6,73.3,63.4,58.3,65.2,60.1,61.9,62.6,64.5,63.6,65.1,67.9,68.3,66.5,66.1,64.7,65.0,68.1,67.9,70.6,69.8,66.2,67.9,68.0,63.6,68.5,66.1,65.3,65.9,66.5,64.3,60.4,59.3,62.7,64.9,63.5
2751,68.4,60.7,63.0,70.9,68.1,68.5,68.9,67.2,66.6,65.4,68.4,68.2,68.6,65.0,68.1,66.6,67.1,67.3,68.3,68.6,67.1,66.2,68.4,65.7,67.8,68.7,67.0,67.0,65.8,67.2,67.3,66.6,63.8,64.9,64.1,64.1,73.4,59.3,71.9,67.0,71.1,67.0,67.4,65.9,68.5,64.5,68.2,67.0,75.8,65.0,70.3,66.6,73.7,63.5,59.0,65.8,60.7,62.3,63.7,65.0,64.0,66.1,68.6,68.9,67.4,66.3,65.3,65.4,68.1,68.0,71.0,71.0,66.8,68.5,68.7,63.9,68.7,66.2,65.9,66.9,67.1,65.2,60.8,59.1,63.3,65.5,64.0
2752,68.1,60.2,62.3,71.1,68.1,68.6,69.0,67.3,66.5,65.4,68.0,68.1,68.3,65.1,68.1,66.6,67.0,66.9,67.9,68.2,67.0,66.2,68.4,65.5,67.8,68.5,67.0,66.9,65.9,67.1,67.2,66.2,63.7,64.9,64.2,64.1,73.1,58.7,72.2,66.8,71.2,66.5,67.6,65.9,68.0,64.2,67.8,66.5,75.1,65.1,69.9,66.1,73.2,63.0,59.2,65.7,60.7,62.4,64.1,64.8,64.0,66.6,68.6,68.8,67.7,66.0,65.5,65.6,68.0,68.0,70.3,71.0,66.6,68.5,68.6,63.5,68.2,66.1,65.8,66.9,67.0,65.3,60.8,58.4,63.5,65.3,64.1
2753,66.4,59.0,61.1,70.5,67.5,67.9,68.5,66.8,65.5,64.8,67.2,67.7,67.5,64.7,67.4,66.0,66.5,65.8,66.9,67.2,66.4,65.5,67.7,64.8,67.1,68.0,66.6,66.5,65.5,66.3,66.7,65.3,63.1,64.1,63.6,63.7,72.1,57.5,71.4,65.6,70.7,64.6,67.0,65.1,66.6,62.6,67.0,65.3,73.3,64.4,69.3,64.7,72.1,61.6,58.8,64.8,60.4,62.0,64.0,63.8,63.2,66.4,67.5,67.6,66.9,64.9,64.1,65.1,67.2,67.2,69.2,70.5,65.4,67.7,67.4,62.6,67.5,65.2,65.2,66.2,66.2,64.9,60.2,57.1,63.0,64.7,63.3
2754,63.4,56.0,57.9,69.0,66.0,66.6,66.9,65.7,64.0,63.5,65.4,66.5,65.8,63.7,66.0,64.5,65.1,63.3,65.1,65.4,64.9,63.9,66.4,63.4,65.3,66.3,65.4,64.9,64.2,65.0,65.5,63.4,61.8,62.7,62.5,62.3,69.4,54.8,70.0,63.3,69.3,61.7,65.3,63.3,63.8,59.6,65.0,62.9,70.2,62.7,67.6,62.6,70.0,58.7,57.8,63.0,59.3,60.9,63.0,61.8,61.1,65.2,65.4,65.2,65.2,62.8,61.5,64.0,65.6,65.4,67.2,69.0,63.2,66.2,65.1,61.0,65.6,63.5,63.9,64.8,64.6,63.4,58.8,55.2,61.7,63.5,62.1
2755,57.8,52.1,52.5,65.7,63.1,64.1,64.0,62.6,61.2,60.9,62.7,64.4,62.5,61.5,62.8,62.0,61.9,58.5,62.4,62.4,62.0,61.1,63.4,60.6,61.9,63.0,63.7,61.8,61.3,62.1,63.0,60.4,59.0,59.9,60.3,59.8,63.7,50.7,66.2,58.6,66.7,56.0,62.2,59.9,59.5,55.0,61.3,58.6,65.1,58.9,64.5,59.8,66.5,53.5,55.7,59.4,56.9,58.2,61.0,57.6,58.4,62.6,61.1,60.5,61.9,58.8,56.2,61.9,62.6,62.5,63.2,65.4,58.9,62.8,60.0,56.9,62.4,60.7,60.9,61.4,61.1,60.2,55.4,53.1,59.1,60.8,59.0
2756,54.6,49.4,49.6,61.1,59.8,61.7,61.1,59.1,59.2,58.7,60.6,61.8,60.1,59.2,60.0,59.9,58.2,54.4,60.0,60.2,59.1,58.6,60.2,57.3,57.1,58.8,61.9,58.9,58.5,59.4,60.2,58.1,55.1,56.8,57.6,56.5,60.0,48.5,61.3,55.0,63.9,53.0,57.5,55.7,56.4,51.9,57.8,55.5,62.2,53.2,60.4,57.6,61.3,50.7,53.1,56.0,54.0,55.6,58.0,54.5,55.6,58.1,56.5,56.9,58.3,54.9,52.5,59.9,60.2,60.2,58.6,59.5,55.5,58.6,56.8,52.2,60.0,58.5,58.4,56.1,57.1,55.7,49.8,51.6,55.7,58.0,55.3
2757,52.1,47.6,47.5,58.1,57.6,59.8,59.2,56.8,57.9,57.3,59.1,60.0,58.6,57.8,58.2,58.5,56.1,51.9,58.4,58.7,57.2,57.1,58.7,55.6,54.6,56.8,60.4,57.1,56.7,58.0,58.3,56.9,52.8,55.3,55.7,54.5,57.3,46.9,58.3,52.2,61.5,51.4,54.8,53.5,54.3,49.7,54.7,53.2,59.4,49.8,57.4,55.8,57.2,49.3,51.4,53.4,52.0,53.7,55.0,52.8,53.3,54.0,53.6,54.4,56.1,52.4,50.5,58.5,58.7,58.6,55.6,56.2,52.9,56.2,54.5,50.1,58.5,56.9,56.9,53.5,55.2,52.8,47.3,50.4,53.6,56.2,53.1
2758,50.4,46.1,46.1,55.8,56.1,58.2,57.7,55.4,57.0,56.3,57.7,58.4,57.3,56.4,56.9,57.4,54.8,50.2,57.2,57.5,56.0,55.9,57.6,54.4,53.2,55.6,59.1,55.9,55.4,57.2,56.7,55.9,51.1,53.6,54.1,53.3,55.2,45.4,56.3,50.3,59.6,50.1,52.8,51.8,52.6,47.9,52.4,51.0,56.9,48.3,55.1,54.0,54.9,47.8,50.3,51.0,50.3,52.2,52.7,51.3,52.0,51.6,51.5,51.8,54.2,50.4,48.7,57.4,57.5,57.5,53.4,54.3,50.6,54.3,52.5,48.1,57.3,55.7,55.7,51.7,53.4,50.8,46.1,49.5,51.8,54.8,51.1
2759,48.9,45.3,45.1,54.2,54.6,57.2,56.6,54.2,55.9,55.5,56.5,57.3,56.1,55.5,55.9,56.4,53.8,48.6,56.0,56.5,54.9,55.0,56.6,53.1,51.8,54.7,58.0,55.1,54.2,56.1,55.7,55.2,50.0,52.0,52.9,52.1,53.8,44.3,54.9,48.8,57.9,49.0,51.5,50.7,51.0,46.7,50.2,49.1,54.7,46.6,53.0,52.3,52.9,46.5,49.3,49.1,49.3,51.3,50.7,50.4,50.5,49.7,50.1,49.6,52.4,48.7,47.0,56.3,56.5,56.3,51.7,52.5,48.6,53.1,50.3,46.1,56.3,54.8,54.7,50.0,52.4,49.4,45.2,48.6,50.3,53.7,50.0
2760,47.6,44.3,44.0,52.7,53.7,56.2,55.5,53.0,54.9,54.7,55.5,56.1,55.2,54.7,54.9,55.6,53.1,47.5,55.1,55.6,54.1,54.3,55.9,52.2,50.9,53.5,57.0,54.0,53.3,55.3,54.8,54.4,48.8,50.9,51.7,50.7,52.5,43.3,53.6,47.2,56.1,48.0,50.0,49.4,49.3,45.5,48.4,47.4,52.1,44.9,51.4,50.7,51.1,45.5,48.2,47.6,48.2,50.0,49.3,49.0,49.3,48.0,48.6,47.7,50.7,47.1,45.2,55.5,55.6,55.4,49.8,51.1,47.0,51.5,48.4,44.8,55.4,53.9,54.0,49.1,51.2,48.2,44.8,47.7,49.0,52.6,48.9
2761,46.1,43.5,42.8,51.3,52.7,55.4,54.7,52.3,54.2,53.9,54.6,55.1,54.1,53.9,54.2,54.8,52.5,46.3,54.0,55.0,53.3,53.6,54.9,51.2,50.1,52.6,56.3,53.2,52.4,54.7,54.0,53.6,47.8,49.8,50.8,49.9,51.1,42.5,52.6,45.7,54.6,47.1,48.8,48.3,47.9,44.3,46.5,45.9,50.0,43.4,49.7,49.0,49.2,44.5,47.2,46.3,47.3,49.0,48.0,47.9,48.4,46.8,47.3,45.9,49.0,45.6,43.7,54.7,54.8,54.4,48.3,49.4,45.2,50.2,46.6,43.3,54.6,53.0,53.2,48.2,50.1,47.1,44.3,47.0,48.0,51.6,48.1
2762,44.7,42.8,42.2,50.0,51.9,54.5,53.8,51.5,53.5,53.0,53.8,54.3,53.1,53.3,53.3,54.1,51.7,45.3,53.3,54.2,52.6,52.9,54.4,50.2,49.2,51.8,55.3,52.4,51.5,54.1,53.2,53.0,47.0,48.6,49.8,49.2,50.3,41.8,51.4,44.4,53.1,46.3,47.9,47.3,46.5,43.5,44.8,44.5,48.0,41.5,48.6,47.6,47.6,43.4,46.3,45.0,46.4,48.1,46.8,46.7,47.4,45.6,45.9,44.1,47.6,44.2,42.2,53.9,54.1,53.8,46.6,48.4,44.1,48.7,44.7,42.0,53.7,52.1,52.6,47.4,49.2,45.9,43.6,46.3,47.4,50.8,47.2
2763,43.5,41.9,41.4,48.9,51.0,53.6,53.0,50.8,52.6,52.5,53.1,53.5,52.5,52.5,52.8,53.6,51.2,44.2,52.7,53.6,52.0,52.3,53.4,49.4,48.6,51.1,54.6,51.8,50.7,53.5,52.5,52.4,46.3,48.0,48.9,48.2,49.0,41.0,50.6,43.1,51.7,45.7,46.9,46.0,45.3,42.7,43.3,43.2,46.5,40.4,47.3,46.2,45.8,42.4,45.4,43.9,45.5,47.3,45.8,45.8,46.5,44.7,44.9,42.9,46.4,42.8,41.2,53.4,53.5,52.9,45.0,47.5,43.0,47.8,43.6,40.8,53.1,51.4,52.0,46.7,48.3,44.8,43.0,45.7,46.6,50.0,46.4
2764,42.7,41.4,40.5,47.9,50.3,53.1,52.6,50.2,52.1,52.0,52.5,52.9,51.9,51.9,51.9,52.9,50.6,43.2,52.1,52.9,51.3,51.5,52.9,48.6,47.8,50.5,54.0,51.3,50.2,52.8,51.6,52.0,45.6,47.4,48.3,47.3,48.2,40.3,49.7,41.8,50.5,45.2,45.8,44.8,44.3,41.6,41.8,42.2,45.0,39.2,46.4,45.1,44.5,41.5,44.7,42.9,44.9,46.9,44.8,44.9,45.8,43.6,43.8,41.1,45.5,41.7,40.0,52.7,52.8,52.3,43.5,46.5,41.9,46.4,42.4,39.4,52.7,50.9,51.4,46.2,47.7,44.0,42.1,45.3,45.8,49.2,45.6
2765,42.0,40.9,39.7,47.3,49.7,52.2,51.8,49.4,51.6,51.3,52.0,52.3,51.5,51.3,51.2,52.2,50.0,42.3,51.7,52.4,50.7,51.1,52.5,48.0,46.9,49.7,53.3,50.6,49.6,52.2,51.0,51.5,44.9,46.6,47.6,46.8,47.4,39.6,48.6,40.7,49.5,44.7,45.0,43.9,43.5,41.0,40.7,41.0,43.6,38.2,45.1,44.2,42.9,40.9,43.9,42.1,44.2,46.3,44.0,44.0,45.0,42.7,43.0,39.8,44.7,40.6,39.1,52.0,52.3,51.7,42.0,45.5,41.0,45.7,41.3,38.3,52.4,50.4,50.8,45.6,47.0,43.2,41.4,44.8,45.2,48.6,44.9
2766,43.8,41.9,41.7,46.5,49.2,51.7,51.3,49.2,51.6,51.0,52.6,52.1,52.1,50.8,50.7,52.1,49.6,44.7,52.0,53.4,50.4,50.8,52.4,47.5,46.4,49.3,53.0,50.2,49.3,52.2,50.8,51.7,44.3,46.1,47.3,46.6,48.4,40.4,47.8,41.1,48.8,46.5,44.5,43.9,44.9,42.3,40.7,43.4,45.7,37.7,44.3,44.6,42.3,42.6,43.5,44.3,43.9,46.1,43.3,45.9,46.6,41.9,45.2,42.1,44.5,43.1,39.4,51.6,52.4,52.3,41.2,44.9,42.2,45.5,44.3,37.8,53.0,50.8,50.4,44.7,46.4,42.4,40.9,46.1,44.6,48.4,44.8
2767,48.8,45.9,47.0,48.3,51.3,53.2,53.2,51.6,53.7,53.1,55.7,54.2,55.4,52.4,52.6,54.3,52.6,49.7,55.2,56.1,52.9,53.2,54.8,49.4,48.0,51.5,54.5,52.1,51.6,54.6,52.9,54.1,46.6,48.5,49.0,49.1,53.4,44.7,49.3,47.6,51.8,51.3,46.2,48.2,48.7,47.3,45.4,49.2,54.3,41.8,48.7,47.9,48.1,46.8,45.0,48.7,46.4,48.6,44.8,49.9,48.9,43.9,50.3,48.7,46.9,49.1,44.8,53.1,55.3,55.3,47.4,46.3,47.2,50.5,50.1,42.6,56.0,53.7,52.6,46.7,48.5,44.0,44.3,48.6,46.4,50.4,47.7
2768,53.3,49.7,51.5,53.0,54.5,55.9,56.3,54.6,56.4,55.4,58.3,57.1,58.3,54.9,55.7,56.9,55.6,53.5,58.2,58.9,55.5,55.8,57.5,52.5,51.9,54.9,56.7,54.9,54.4,57.3,55.5,56.5,49.8,51.9,51.6,51.9,58.1,48.5,53.7,52.3,55.2,55.6,50.3,52.1,52.8,52.0,50.1,53.7,60.6,48.0,55.7,51.8,54.6,50.9,47.8,53.2,49.8,51.7,48.2,53.3,51.5,48.2,54.5,54.3,49.7,53.5,49.2,55.4,58.3,57.8,53.9,52.1,51.8,55.3,54.8,48.1,58.9,56.4,55.2,50.5,52.1,47.8,48.7,51.1,49.7,53.6,50.9
2769,57.3,52.6,55.1,57.4,57.8,58.8,59.2,57.8,59.0,57.8,60.6,59.9,60.7,57.2,58.7,59.3,58.5,56.6,60.9,61.5,58.4,58.3,60.0,55.6,55.6,58.3,59.1,57.9,57.1,59.8,58.3,59.0,52.9,55.1,54.2,54.8,62.1,51.7,57.9,56.3,58.6,58.9,54.5,55.2,56.9,55.8,55.2,57.2,65.2,53.4,60.3,55.8,60.2,54.3,50.9,56.8,53.0,54.6,51.7,56.5,54.3,52.6,57.8,58.6,53.0,57.0,53.0,57.8,60.7,60.3,59.4,56.8,56.0,58.6,58.4,52.8,61.7,58.9,57.7,54.4,55.9,52.0,51.6,53.4,52.9,56.6,53.9
2770,60.8,55.4,57.7,61.2,60.8,61.4,61.9,60.4,61.3,59.9,62.9,62.3,63.0,59.2,61.5,61.5,60.9,59.5,63.0,63.7,60.6,60.7,62.2,58.5,59.1,61.2,61.2,60.5,59.6,62.0,60.7,61.1,56.0,57.9,56.8,57.4,65.4,54.2,61.7,59.3,61.7,61.7,58.0,58.2,60.2,58.8,59.4,60.4,68.6,57.3,63.7,59.2,64.5,57.3,53.6,59.7,55.4,56.9,54.9,59.2,56.9,56.1,60.8,61.7,56.5,60.2,56.1,59.7,62.9,62.5,63.5,60.7,59.3,61.3,61.2,56.7,63.6,61.1,59.8,57.8,59.1,55.8,54.1,55.5,55.6,59.0,56.7
2771,63.6,57.7,60.0,64.3,63.3,63.7,64.3,62.7,63.2,61.7,64.7,64.2,64.9,61.0,63.7,63.2,62.9,62.2,64.5,65.4,62.6,62.2,64.3,60.7,62.1,63.8,63.1,62.7,61.6,63.9,62.9,63.1,58.5,60.2,59.3,59.6,68.2,56.6,65.1,62.1,64.4,63.8,61.1,61.1,62.9,61.3,62.7,62.8,71.4,60.2,66.4,62.4,68.0,59.5,55.3,62.0,57.2,58.8,57.6,61.2,59.4,59.2,63.3,64.3,59.6,62.5,58.8,61.5,64.7,64.4,66.4,64.0,61.8,63.8,63.9,59.5,65.4,62.8,61.7,60.7,61.6,58.9,56.6,57.2,58.1,61.2,59.3
2772,65.8,59.4,61.7,66.7,65.2,65.7,66.4,64.6,64.7,63.3,66.2,65.8,66.6,62.4,65.8,64.6,64.6,64.1,65.9,66.8,64.3,63.5,65.8,62.6,64.5,65.7,64.7,64.4,63.3,65.3,64.5,64.4,60.5,62.2,61.3,61.6,70.3,58.1,67.7,64.5,67.0,65.4,63.6,63.0,65.5,63.1,65.4,64.8,73.6,62.5,67.9,64.7,70.3,61.5,56.8,63.7,58.5,60.4,59.9,62.8,61.5,61.6,65.3,66.2,62.5,64.2,61.6,63.1,66.0,65.9,68.5,66.7,64.2,65.6,65.8,61.6,66.7,64.1,63.2,63.1,63.7,61.4,58.4,58.5,60.1,62.8,61.2
2773,67.6,60.5,62.7,68.8,66.7,67.1,67.7,66.2,65.8,64.5,67.3,67.0,67.5,63.8,67.3,65.7,65.9,65.8,67.2,67.9,65.7,64.8,67.2,64.1,66.2,67.2,66.0,65.9,64.7,66.5,66.0,65.7,62.2,63.6,62.7,63.1,72.0,59.2,69.8,66.0,69.0,66.7,65.4,64.7,67.4,64.2,67.0,66.3,75.1,63.9,69.6,66.1,72.4,62.9,58.1,64.9,59.8,61.4,61.7,64.0,63.0,63.6,66.9,67.7,64.8,65.6,63.6,64.3,67.1,67.0,70.2,68.7,65.8,67.3,67.4,63.1,67.6,65.4,64.6,64.8,65.5,63.2,59.9,59.5,61.7,64.1,62.8
2774,68.5,61.2,63.4,70.4,67.8,68.1,68.7,67.1,66.7,65.3,68.0,67.9,68.5,64.8,68.1,66.4,66.8,67.0,68.0,68.4,66.7,65.8,68.1,65.2,67.4,68.3,66.7,66.9,65.7,67.1,67.0,66.4,63.4,64.7,63.9,64.1,73.1,59.9,71.2,67.3,70.6,67.4,66.9,65.7,68.4,65.1,68.1,67.2,75.9,65.0,70.2,67.0,73.7,63.8,58.9,65.4,60.7,62.4,62.9,64.8,63.8,65.3,68.2,68.8,66.7,66.3,65.0,65.3,68.0,67.9,70.9,70.1,66.6,68.3,68.5,64.1,68.3,66.0,65.6,66.2,66.8,64.6,60.9,59.8,62.9,65.2,64.1
2775,68.8,61.1,63.5,71.1,68.4,68.8,69.2,67.5,66.8,65.7,68.4,68.3,68.6,65.3,68.3,66.8,67.3,67.6,68.2,68.4,67.3,66.3,68.6,65.9,68.0,69.0,67.2,67.3,66.1,67.2,67.5,66.6,64.1,65.3,64.6,64.6,73.6,59.7,72.1,67.5,71.4,67.3,67.7,66.3,68.9,65.0,68.6,67.6,76.2,65.7,70.7,67.0,74.1,64.0,59.5,66.0,61.2,62.9,64.0,65.2,64.3,66.4,68.8,69.3,67.6,66.5,65.6,65.7,68.1,68.1,71.4,71.2,67.3,68.8,69.2,64.5,68.5,66.2,66.1,67.1,67.4,65.5,61.2,59.6,63.5,65.8,64.5
2776,68.5,60.6,62.7,71.3,68.5,69.0,69.3,67.6,66.7,65.7,67.9,68.3,68.3,65.3,68.4,66.8,67.3,67.3,67.9,68.1,67.3,66.4,68.6,65.8,68.1,68.9,67.3,67.2,66.3,67.1,67.5,66.2,64.0,65.2,64.6,64.6,73.3,59.1,72.5,67.2,71.6,66.8,67.9,66.4,68.5,64.6,68.2,67.1,75.5,65.8,70.3,66.4,73.6,63.5,59.7,65.9,61.2,63.0,64.4,65.0,64.2,66.9,68.9,69.2,67.9,66.2,65.8,65.9,68.0,68.1,70.8,71.2,67.1,68.8,68.9,64.0,68.0,66.1,66.0,67.2,67.4,65.6,61.3,58.9,63.7,65.6,64.6
2777,66.8,59.4,61.6,70.6,67.9,68.3,68.8,67.2,65.7,65.1,67.3,67.8,67.6,65.0,67.7,66.2,66.8,66.1,67.0,67.2,66.7,65.7,67.9,65.1,67.4,68.4,66.8,66.8,65.8,66.3,67.1,65.3,63.4,64.4,64.1,64.0,72.3,58.0,71.6,66.1,71.2,64.9,67.3,65.6,67.1,63.1,67.4,65.9,73.8,65.0,69.8,65.0,72.5,62.1,59.3,65.1,60.9,62.6,64.3,64.1,63.4,66.6,67.8,68.0,67.2,65.1,64.4,65.3,67.2,67.3,69.7,70.8,66.0,68.1,67.7,63.3,67.3,65.4,65.4,66.5,66.7,65.3,60.8,57.7,63.2,65.1,63.9
2778,63.9,56.4,58.4,69.2,66.4,67.0,67.3,66.0,64.1,63.8,65.5,66.6,65.9,64.0,66.4,64.7,65.4,63.7,65.2,65.5,65.3,64.1,66.6,63.8,65.6,66.8,65.7,65.2,64.5,65.0,65.9,63.5,62.1,63.1,62.9,62.7,69.7,55.3,70.3,63.8,69.8,62.0,65.7,63.8,64.3,60.1,65.5,63.5,70.6,63.3,68.1,62.9,70.5,59.2,58.3,63.3,59.8,61.4,63.3,62.1,61.4,65.5,65.7,65.7,65.4,63.0,61.7,64.2,65.6,65.5,67.6,69.3,63.7,66.7,65.4,61.6,65.6,63.7,64.2,65.2,65.0,63.8,59.3,55.8,62.0,63.8,62.7
2779,58.2,52.5,52.9,66.0,63.6,64.5,64.3,62.9,61.4,61.2,62.8,64.5,62.7,61.7,63.2,62.2,62.3,58.9,62.5,62.5,62.4,61.3,63.6,60.9,62.2,63.4,63.9,62.1,61.6,62.2,63.3,60.5,59.4,60.2,60.8,60.2,63.8,51.2,66.6,59.0,67.2,56.2,62.6,60.6,59.9,55.5,61.8,59.1,65.5,59.7,65.0,60.1,67.0,53.9,56.2,59.7,57.4,58.8,61.4,57.9,58.6,63.0,61.4,61.0,62.0,59.1,56.5,62.1,62.7,62.7,63.6,65.7,59.3,63.4,60.5,57.5,62.5,61.0,61.2,61.8,61.6,60.7,55.9,53.8,59.6,61.2,59.6
2780,55.1,49.7,50.0,61.3,60.2,62.0,61.5,59.5,59.4,59.0,60.7,61.9,60.2,59.5,60.3,60.1,58.5,54.8,60.2,60.3,59.4,58.8,60.4,57.6,57.2,59.1,62.1,59.2,58.7,59.4,60.5,58.1,55.6,57.2,58.0,56.8,60.2,48.9,61.7,55.3,64.3,53.2,57.9,56.1,56.9,52.3,58.1,56.1,62.6,54.0,60.9,57.9,61.8,51.1,53.5,56.2,54.5,56.0,58.3,54.8,55.8,58.4,56.9,57.4,58.5,55.2,52.7,60.2,60.2,60.3,59.0,59.7,55.9,59.1,57.3,52.7,60.1,58.7,58.7,56.5,57.5,56.1,50.2,52.2,56.1,58.3,55.7
2781,52.6,48.0,47.8,58.2,58.0,60.1,59.5,57.1,58.0,57.6,59.2,60.1,58.7,58.0,58.6,58.7,56.3,52.2,58.5,58.9,57.5,57.4,58.9,55.9,54.9,57.1,60.6,57.4,57.0,58.0,58.6,56.9,53.2,55.6,56.2,54.9,57.5,47.3,58.6,52.4,61.8,51.6,55.1,54.0,54.7,50.0,55.0,53.8,59.9,50.5,57.8,56.1,57.7,49.6,51.9,53.6,52.5,54.2,55.3,53.2,53.5,54.3,54.0,54.8,56.3,52.7,50.8,58.8,58.7,58.7,56.1,56.5,53.4,56.7,55.0,50.6,58.7,57.1,57.2,53.8,55.5,53.2,47.6,51.0,54.0,56.5,53.5
2782,50.7,46.5,46.5,56.0,56.4,58.5,58.0,55.7,57.1,56.5,57.7,58.4,57.4,56.7,57.2,57.6,54.9,50.4,57.3,57.7,56.3,56.1,57.7,54.6,53.4,55.9,59.4,56.1,55.6,57.2,57.0,55.9,51.6,53.9,54.5,53.6,55.3,45.8,56.6,50.5,59.9,50.3,53.2,52.2,53.0,48.3,52.7,51.6,57.3,49.1,55.6,54.3,55.3,48.2,50.7,51.3,50.8,52.7,53.0,51.7,52.2,52.0,51.7,52.2,54.3,50.8,48.9,57.7,57.6,57.7,53.9,54.4,51.1,54.7,52.9,48.6,57.5,55.9,55.9,52.0,53.7,51.1,46.5,50.1,52.2,55.1,51.5
2783,49.3,45.7,45.5,54.4,55.1,57.5,56.9,54.6,56.0,55.7,56.6,57.3,56.2,55.8,56.3,56.7,54.0,49.0,56.1,56.7,55.2,55.2,56.8,53.5,52.1,54.9,58.2,55.4,54.4,56.1,56.0,55.2,50.5,52.4,53.3,52.4,53.9,44.7,55.1,48.9,58.2,49.2,51.8,51.1,51.4,47.0,50.4,49.7,55.1,47.2,53.4,52.6,53.3,46.8,49.7,49.5,49.8,51.8,51.0,50.6,50.7,49.9,50.3,50.0,52.6,49.0,47.2,56.5,56.6,56.5,52.1,52.6,49.1,53.6,50.6,46.8,56.5,55.0,54.9,50.4,52.7,49.6,45.6,49.1,50.7,53.9,50.4
2784,47.9,44.7,44.4,52.8,54.0,56.5,55.8,53.4,55.0,54.9,55.6,56.2,55.3,55.0,55.3,55.8,53.3,47.7,55.2,55.9,54.3,54.5,56.1,52.6,51.2,53.8,57.2,54.3,53.5,55.4,55.1,54.4,49.4,51.2,52.1,51.1,52.6,43.7,53.8,47.3,56.4,48.1,50.4,49.8,49.6,45.8,48.6,47.9,52.7,45.5,51.8,51.0,51.6,45.8,48.5,47.9,48.6,50.5,49.5,49.3,49.5,48.5,48.8,48.1,50.9,47.4,45.5,55.7,55.7,55.6,50.3,51.2,47.3,52.0,48.7,45.4,55.6,54.2,54.2,49.5,51.5,48.4,45.2,48.3,49.5,52.8,49.3
2785,46.5,43.7,43.2,51.6,53.1,55.8,55.0,52.7,54.3,54.1,54.7,55.2,54.2,54.1,54.6,55.0,52.6,46.5,54.1,55.2,53.6,53.8,55.2,51.6,50.4,53.0,56.5,53.5,52.6,54.8,54.3,53.6,48.3,50.2,51.2,50.2,51.1,42.7,52.8,45.8,54.8,47.3,49.1,48.7,48.2,44.6,46.7,46.3,50.5,43.9,50.0,49.3,49.8,44.8,47.5,46.7,47.6,49.4,48.2,48.3,48.6,47.2,47.6,46.2,49.2,46.0,43.9,54.9,54.8,54.6,48.7,49.5,45.6,50.7,46.8,43.7,54.7,53.3,53.4,48.6,50.4,47.3,44.6,47.5,48.5,51.9,48.5
2786,45.1,43.2,42.5,50.4,52.3,54.8,54.1,51.9,53.6,53.2,53.9,54.4,53.3,53.5,53.6,54.4,52.0,45.5,53.5,54.5,52.9,53.1,54.7,50.6,49.5,52.2,55.6,52.7,51.8,54.3,53.5,52.9,47.5,49.2,50.1,49.5,50.5,42.1,51.6,44.5,53.4,46.6,48.2,47.8,46.8,43.8,45.0,45.1,48.4,42.2,48.9,47.8,48.2,43.7,46.6,45.4,46.7,48.5,47.0,47.1,47.6,46.0,46.2,44.4,47.8,44.6,42.5,54.2,54.1,54.0,47.0,48.6,44.4,49.2,44.9,42.4,53.9,52.4,52.8,47.9,49.6,46.2,43.8,46.8,47.8,51.2,47.5
2787,43.8,42.2,41.7,49.3,51.4,53.9,53.4,51.2,52.9,52.8,53.3,53.7,52.7,52.7,53.1,53.8,51.5,44.4,52.9,54.0,52.3,52.4,53.7,49.8,49.0,51.5,54.9,52.1,51.0,53.7,52.8,52.4,46.8,48.5,49.4,48.5,49.2,41.3,50.8,43.2,52.0,45.9,47.2,46.5,45.7,43.0,43.5,43.8,46.9,40.9,47.7,46.5,46.3,42.7,45.6,44.3,45.7,47.7,46.1,46.1,46.7,45.0,45.2,43.2,46.6,43.2,41.4,53.6,53.5,53.1,45.4,47.6,43.3,48.2,43.8,41.1,53.3,51.7,52.3,47.2,48.7,45.0,43.2,46.2,47.0,50.3,46.8
2788,43.0,41.8,40.8,48.3,50.8,53.4,53.0,50.7,52.3,52.3,52.7,53.1,52.1,52.2,52.4,53.1,50.9,43.4,52.2,53.2,51.6,51.7,53.1,49.0,48.2,50.9,54.4,51.6,50.5,53.1,52.0,52.0,46.1,47.9,48.7,47.8,48.4,40.5,50.0,41.9,50.8,45.6,46.2,45.2,44.7,41.9,42.1,42.6,45.4,39.8,46.7,45.4,44.9,41.8,44.9,43.3,45.1,47.2,45.0,45.2,46.0,43.9,44.2,41.5,45.7,42.1,40.2,53.0,52.9,52.5,43.8,46.6,42.3,46.9,42.7,39.8,53.0,51.2,51.7,46.5,48.1,44.3,42.4,45.7,46.3,49.5,46.0
2789,42.2,41.3,40.0,47.5,50.2,52.6,52.3,49.9,51.9,51.6,52.1,52.5,51.7,51.6,51.6,52.5,50.3,42.5,51.8,52.8,51.0,51.3,52.7,48.4,47.3,50.2,53.6,50.9,49.9,52.4,51.3,51.5,45.3,47.1,48.1,47.2,47.4,39.9,48.9,40.8,49.8,45.1,45.2,44.3,43.9,41.3,41.1,41.5,44.0,38.8,45.4,44.4,43.4,41.1,44.1,42.5,44.3,46.6,44.1,44.3,45.1,43.0,43.4,40.2,44.9,41.1,39.4,52.3,52.4,51.9,42.3,45.7,41.3,46.2,41.6,38.7,52.6,50.6,51.1,45.9,47.5,43.4,41.6,45.2,45.7,49.0,45.3
2790,44.2,42.3,42.2,46.8,49.8,52.1,51.8,49.6,51.9,51.4,52.8,52.4,52.4,51.2,51.2,52.4,50.0,45.1,52.2,53.8,50.7,51.0,52.7,47.9,46.7,49.8,53.3,50.6,49.6,52.4,51.2,51.8,44.8,46.7,47.8,47.1,48.7,40.9,48.1,41.5,49.2,46.9,44.8,44.4,45.3,42.6,41.1,43.9,46.3,38.2,44.6,44.9,42.8,42.9,43.7,44.7,44.1,46.4,43.5,46.3,46.9,42.2,45.7,42.7,44.8,43.7,39.8,52.0,52.6,52.6,41.5,45.0,42.7,46.1,44.7,38.2,53.3,51.0,50.7,45.1,46.8,42.6,41.1,46.6,45.0,48.7,45.3
2791,49.2,46.4,47.5,48.7,51.8,53.7,53.7,52.0,54.0,53.5,55.9,54.5,55.6,52.9,53.1,54.6,53.0,50.1,55.5,56.6,53.3,53.5,55.1,49.9,48.5,52.1,54.9,52.6,52.1,54.9,53.3,54.3,47.1,49.0,49.6,49.6,53.7,45.2,49.6,48.0,52.2,51.9,46.6,48.8,49.0,47.7,45.9,49.7,54.7,42.4,49.2,48.2,48.6,47.1,45.2,49.1,46.7,48.9,45.1,50.3,49.2,44.4,50.7,49.2,47.1,49.6,45.2,53.6,55.6,55.6,47.8,46.6,47.7,51.1,50.5,43.2,56.3,54.0,53.0,47.0,49.0,44.3,44.7,49.1,46.8,50.8,48.2
2792,53.7,50.1,52.0,53.3,55.0,56.3,56.7,55.0,56.7,55.8,58.6,57.4,58.6,55.3,56.2,57.3,56.0,53.8,58.5,59.3,55.9,56.2,57.8,52.9,52.4,55.4,57.1,55.5,54.8,57.6,55.9,56.8,50.3,52.4,52.1,52.4,58.5,49.0,54.1,52.9,55.6,56.2,50.8,52.7,53.2,52.5,50.6,54.2,61.1,48.5,56.1,52.1,55.0,51.3,48.1,53.6,50.1,52.1,48.4,53.7,51.8,48.7,54.9,54.6,49.9,54.0,49.6,55.9,58.5,58.2,54.3,52.5,52.2,55.9,55.1,48.6,59.3,56.7,55.6,50.9,52.6,48.1,49.0,51.6,50.1,54.0,51.4
2793,57.7,53.1,55.7,58.0,58.2,59.2,59.6,58.2,59.3,58.1,61.0,60.2,61.1,57.6,59.2,59.7,58.9,56.9,61.2,61.9,58.7,58.7,60.3,56.0,56.1,58.7,59.5,58.4,57.5,60.1,58.7,59.3,53.5,55.5,54.7,55.3,62.4,52.2,58.4,56.8,59.1,59.4,55.0,55.9,57.5,56.3,55.8,57.6,65.7,53.9,60.6,56.1,60.6,54.8,51.3,57.2,53.4,54.9,52.0,56.9,54.7,53.0,58.3,58.9,53.3,57.4,53.3,58.2,61.0,60.7,59.9,57.3,56.5,59.2,58.6,53.3,62.0,59.2,58.1,54.8,56.4,52.4,51.9,53.8,53.4,57.1,54.5
2794,61.3,55.8,58.3,61.7,61.2,61.8,62.4,60.8,61.6,60.3,63.2,62.6,63.3,59.6,61.9,61.8,61.3,59.9,63.2,64.1,61.0,60.9,62.6,58.9,59.6,61.6,61.6,60.9,60.0,62.3,61.1,61.4,56.5,58.3,57.3,57.9,65.8,54.7,62.3,59.8,62.3,62.2,58.6,58.9,60.8,59.3,60.0,60.8,69.0,57.7,64.1,59.6,65.0,57.7,53.9,60.0,55.8,57.2,55.2,59.6,57.3,56.5,61.3,61.9,56.7,60.5,56.4,60.1,63.1,62.8,64.0,61.2,59.8,61.9,61.5,57.2,64.0,61.4,60.2,58.2,59.5,56.2,54.5,55.9,56.2,59.4,57.1
2795,64.1,58.1,60.5,64.9,63.7,64.1,64.7,63.1,63.4,62.0,65.0,64.5,65.2,61.4,64.1,63.5,63.3,62.5,64.9,65.8,63.0,62.6,64.6,61.2,62.6,64.2,63.5,63.1,61.9,64.1,63.2,63.3,59.1,60.7,59.8,60.1,68.7,57.1,65.6,62.7,65.0,64.3,61.7,61.7,63.4,61.8,63.3,63.2,71.9,60.6,66.7,62.7,68.5,60.0,55.6,62.3,57.5,59.1,57.9,61.6,59.7,59.5,63.7,64.6,59.9,62.8,59.1,61.9,64.9,64.7,66.9,64.6,62.4,64.4,64.1,59.9,65.7,63.0,62.1,61.1,62.0,59.3,56.9,57.7,58.7,61.5,59.9
2796,66.4,59.9,62.2,67.3,65.6,66.1,66.7,65.0,64.9,63.7,66.5,66.0,66.8,62.8,66.1,64.8,65.0,64.4,66.1,67.1,64.6,63.8,66.1,63.0,65.1,66.2,65.1,64.8,63.7,65.4,64.9,64.5,61.1,62.7,61.8,62.1,70.8,58.6,68.3,65.1,67.6,65.8,64.1,63.7,66.0,63.5,65.9,65.2,74.0,62.6,68.3,64.9,70.8,61.8,57.1,64.0,58.9,60.7,60.1,63.0,61.8,61.8,65.7,66.5,62.6,64.4,61.9,63.4,66.2,66.1,68.9,67.3,64.7,66.1,66.2,62.0,67.0,64.3,63.6,63.5,64.1,61.8,58.7,58.9,60.6,63.2,61.9
2797,68.1,60.9,63.2,69.4,67.2,67.5,68.1,66.6,66.0,64.8,67.5,67.2,67.7,64.2,67.6,65.9,66.3,66.1,67.5,68.1,66.1,65.1,67.4,64.5,66.8,67.7,66.4,66.2,65.1,66.7,66.3,65.7,62.8,64.1,63.3,63.5,72.5,59.8,70.4,66.6,69.6,67.2,66.0,65.4,67.8,64.7,67.5,66.7,75.5,64.0,69.9,66.3,72.8,63.2,58.4,65.2,60.1,61.8,62.0,64.2,63.2,63.9,67.2,68.0,65.0,65.8,63.8,64.7,67.3,67.2,70.6,69.3,66.4,67.8,67.8,63.4,68.0,65.6,65.0,65.3,66.0,63.7,60.2,59.8,62.2,64.5,63.5
2798,69.0,61.6,63.9,70.9,68.2,68.5,69.1,67.5,66.8,65.7,68.2,68.1,68.6,65.2,68.5,66.7,67.2,67.3,68.1,68.6,67.1,66.1,68.4,65.7,68.1,68.8,67.1,67.3,66.1,67.2,67.5,66.5,64.1,65.2,64.5,64.6,73.6,60.4,71.8,67.9,71.2,67.9,67.4,66.3,68.9,65.6,68.5,67.6,76.2,65.1,70.6,67.2,74.2,64.0,59.1,65.7,61.0,62.7,63.2,65.0,64.1,65.5,68.4,69.0,67.0,66.6,65.3,65.7,68.1,68.0,71.3,70.6,67.2,68.8,68.8,64.4,68.6,66.2,66.0,66.6,67.4,65.0,61.2,60.0,63.5,65.6,64.8
2799,69.3,61.5,63.9,71.6,68.9,69.2,69.7,67.9,67.0,66.1,68.5,68.5,68.8,65.7,68.8,67.2,67.8,67.8,68.3,68.5,67.8,66.7,68.9,66.3,68.7,69.5,67.6,67.7,66.5,67.4,68.0,66.7,64.7,65.7,65.2,65.1,74.0,60.1,72.7,68.1,72.0,67.9,68.3,66.9,69.4,65.5,69.1,68.1,76.5,65.8,71.1,67.2,74.6,64.2,59.8,66.2,61.5,63.0,64.2,65.5,64.6,66.5,69.0,69.5,67.9,66.7,65.9,66.0,68.2,68.2,71.8,71.7,67.8,69.3,69.5,64.8,68.8,66.4,66.5,67.6,68.0,65.9,61.5,59.9,64.1,66.3,65.2
2800,69.1,60.9,63.1,71.8,68.9,69.3,69.8,68.0,66.9,66.1,68.1,68.6,68.5,65.8,68.8,67.1,67.7,67.5,67.9,68.2,67.8,66.8,68.9,66.2,68.6,69.5,67.7,67.6,66.8,67.3,68.0,66.3,64.6,65.7,65.1,65.1,73.7,59.5,73.0,67.8,72.2,67.3,68.4,66.8,69.0,65.1,68.7,67.5,75.7,66.0,70.7,66.6,74.1,63.7,59.8,66.2,61.4,63.2,64.6,65.2,64.5,67.1,69.1,69.4,68.2,66.4,66.1,66.2,68.1,68.2,71.3,71.7,67.6,69.3,69.1,64.2,68.2,66.3,66.5,67.7,67.8,66.0,61.5,59.2,64.2,66.1,65.2
2801,67.4,59.8,62.0,71.1,68.4,68.7,69.3,67.6,66.1,65.5,67.4,68.2,67.7,65.4,68.2,66.6,67.2,66.4,67.0,67.3,67.1,66.1,68.2,65.6,67.9,68.9,67.3,67.2,66.3,66.6,67.6,65.6,63.9,65.0,64.6,64.5,72.7,58.4,72.2,66.7,71.7,65.5,67.9,66.1,67.5,63.5,67.9,66.3,73.9,65.3,70.1,65.1,72.9,62.3,59.5,65.3,61.1,62.8,64.5,64.4,63.7,66.8,68.1,68.3,67.5,65.4,64.6,65.8,67.3,67.5,70.1,71.3,66.4,68.6,67.9,63.5,67.4,65.6,65.9,67.1,67.2,65.6,61.0,57.9,63.7,65.5,64.5
2802,64.4,56.9,58.8,69.7,66.8,67.4,67.8,66.4,64.5,64.2,65.6,67.0,66.1,64.4,66.8,65.1,65.8,64.0,65.3,65.5,65.7,64.6,67.0,64.2,66.1,67.3,66.1,65.7,65.0,65.3,66.3,63.8,62.6,63.6,63.5,63.2,70.1,55.8,70.7,64.4,70.3,62.7,66.2,64.4,64.8,60.5,66.0,63.8,70.8,63.5,68.4,63.1,71.0,59.4,58.5,63.6,60.0,61.6,63.5,62.4,61.7,65.7,65.9,66.0,65.7,63.2,62.0,64.7,65.9,65.7,68.1,69.8,64.1,67.0,65.6,61.9,65.8,64.0,64.6,65.7,65.6,64.1,59.5,56.1,62.5,64.3,63.3
2803,58.6,52.9,53.3,66.4,64.0,65.0,64.8,63.4,61.7,61.6,63.0,64.9,62.9,62.2,63.7,62.6,62.8,59.3,62.5,62.6,62.8,61.8,64.0,61.5,62.7,64.0,64.4,62.6,62.1,62.5,63.7,60.8,59.9,60.8,61.4,60.8,64.3,51.7,67.0,59.6,67.7,56.8,63.1,61.1,60.3,55.9,62.3,59.5,65.7,59.9,65.4,60.3,67.4,54.2,56.4,60.0,57.7,59.0,61.6,58.3,58.9,63.2,61.6,61.3,62.3,59.4,56.8,62.6,62.9,63.0,64.1,66.3,59.8,63.8,60.8,57.7,62.6,61.3,61.6,62.3,62.1,61.0,56.2,54.0,60.0,61.7,60.2
2804,55.5,50.1,50.3,61.8,60.6,62.5,62.0,59.9,59.7,59.4,61.0,62.3,60.4,59.8,60.8,60.5,58.9,55.2,60.3,60.4,59.9,59.2,60.7,58.2,57.7,59.6,62.6,59.7,59.3,59.7,61.0,58.4,56.1,57.8,58.7,57.4,60.7,49.3,62.2,55.8,64.8,53.7,58.4,56.5,57.3,52.7,58.6,56.4,62.7,54.2,61.2,58.1,62.3,51.3,53.8,56.5,54.7,56.3,58.5,55.1,56.0,58.7,57.1,57.7,58.7,55.6,53.0,60.6,60.4,60.5,59.4,60.2,56.3,59.5,57.6,52.9,60.3,59.0,59.1,57.0,58.0,56.5,50.4,52.5,56.7,58.8,56.3
2805,52.9,48.4,48.0,58.6,58.5,60.6,60.0,57.6,58.4,58.1,59.4,60.4,59.0,58.4,59.1,59.1,56.8,52.5,58.6,59.0,58.0,57.8,59.3,56.4,55.3,57.7,61.1,57.9,57.5,58.4,59.0,57.2,53.7,56.3,56.8,55.4,57.9,47.6,59.1,53.0,62.3,52.0,55.5,54.4,55.1,50.3,55.4,54.1,60.0,50.8,58.1,56.3,58.1,49.9,52.2,53.8,52.7,54.4,55.6,53.4,53.8,54.6,54.2,55.2,56.5,53.0,51.0,59.2,59.0,59.0,56.5,56.9,53.8,57.1,55.3,50.8,58.9,57.4,57.6,54.3,56.0,53.5,47.7,51.2,54.5,57.0,54.0
2806,51.1,46.9,46.8,56.4,56.9,59.0,58.4,56.2,57.4,57.0,58.0,58.7,57.7,57.1,57.7,58.0,55.5,50.7,57.4,57.9,56.7,56.5,58.1,55.2,53.8,56.4,59.8,56.6,56.2,57.5,57.5,56.2,52.1,54.4,55.1,54.3,55.8,46.1,57.0,51.0,60.3,50.6,53.6,52.7,53.4,48.6,53.0,51.9,57.4,49.2,55.9,54.5,55.7,48.5,51.0,51.6,51.1,53.0,53.3,51.9,52.5,52.3,52.0,52.6,54.6,51.2,49.2,58.0,57.8,57.9,54.3,54.8,51.4,55.0,53.2,48.8,57.7,56.1,56.4,52.5,54.2,51.4,46.6,50.3,52.7,55.7,52.0
2807,49.6,46.0,45.8,54.7,55.6,58.0,57.3,55.1,56.3,56.2,56.9,57.6,56.5,56.2,56.8,57.1,54.5,49.2,56.2,56.9,55.7,55.6,57.2,54.0,52.5,55.4,58.7,55.9,55.0,56.5,56.5,55.5,51.0,53.0,53.8,53.1,54.4,44.9,55.7,49.3,58.6,49.6,52.3,51.4,51.7,47.3,50.7,49.9,55.2,47.5,53.8,52.8,53.7,47.1,50.0,49.7,50.0,52.0,51.2,50.8,50.9,50.2,50.5,50.4,52.8,49.3,47.5,57.0,56.9,56.8,52.4,53.0,49.3,53.9,51.0,46.9,56.7,55.2,55.4,50.8,53.3,50.0,45.7,49.3,51.2,54.6,50.9
2808,48.1,45.0,44.7,53.1,54.5,57.0,56.3,53.9,55.3,55.4,56.0,56.6,55.6,55.4,55.9,56.2,53.9,48.0,55.4,56.0,54.8,55.0,56.5,53.1,51.6,54.2,57.8,54.8,54.2,55.7,55.6,54.7,49.9,51.8,52.6,51.6,53.0,44.0,54.2,47.7,56.8,48.5,50.8,50.1,49.9,46.1,48.9,48.1,52.7,45.6,52.1,51.3,51.9,46.0,48.8,48.2,48.9,50.8,49.8,49.5,49.7,48.8,49.0,48.5,51.1,47.7,45.8,56.2,56.1,55.9,50.7,51.5,47.5,52.5,49.1,45.5,55.9,54.5,54.7,49.9,52.0,48.7,45.3,48.5,50.0,53.5,49.7
2809,46.7,44.1,43.5,51.8,53.5,56.2,55.4,53.3,54.7,54.6,55.1,55.6,54.6,54.6,55.1,55.5,53.2,46.7,54.3,55.4,54.1,54.1,55.7,52.1,50.8,53.4,56.9,54.0,53.3,55.1,54.8,54.0,48.7,50.7,51.7,50.8,51.5,43.0,53.2,46.2,55.1,47.7,49.5,49.0,48.5,44.9,46.9,46.4,50.6,44.0,50.4,49.6,50.1,45.1,47.7,46.9,47.9,49.6,48.5,48.4,48.8,47.5,47.8,46.6,49.4,46.3,44.2,55.4,55.2,54.9,49.2,49.9,45.8,51.1,47.2,43.9,55.1,53.6,54.0,49.0,50.9,47.6,44.7,47.7,48.9,52.6,48.9
2810,45.2,43.5,42.8,50.6,52.7,55.3,54.5,52.4,53.9,53.8,54.4,54.8,53.7,54.0,54.2,54.9,52.5,45.8,53.8,54.7,53.5,53.5,55.2,51.1,49.9,52.7,56.1,53.3,52.5,54.6,54.1,53.4,47.8,49.7,50.6,50.0,50.9,42.3,51.9,45.0,53.7,46.9,48.6,48.1,47.1,44.0,45.3,45.2,48.6,42.2,49.2,48.1,48.5,44.0,46.8,45.6,46.9,48.7,47.3,47.3,47.8,46.3,46.5,45.0,47.9,45.0,42.7,54.7,54.5,54.3,47.4,48.8,44.6,49.7,45.3,42.7,54.2,52.6,53.3,48.2,50.1,46.4,44.0,47.1,48.2,51.8,48.1
2811,44.0,42.6,42.0,49.5,51.8,54.4,53.9,51.6,53.2,53.3,53.6,54.1,53.1,53.3,53.6,54.3,52.1,44.7,53.1,54.2,52.9,53.0,54.2,50.3,49.3,52.0,55.4,52.6,51.7,54.0,53.4,52.8,47.0,49.0,49.8,48.9,49.5,41.5,51.1,43.6,52.3,46.2,47.6,46.8,45.9,43.2,43.8,43.9,47.1,41.1,47.9,46.8,46.6,43.0,45.8,44.6,46.0,48.0,46.3,46.3,46.9,45.4,45.5,43.6,46.8,43.6,41.6,54.1,53.9,53.5,45.8,48.0,43.4,48.7,44.1,41.5,53.6,52.0,52.8,47.5,49.2,45.2,43.4,46.5,47.4,51.0,47.3
2812,43.1,42.2,41.0,48.5,51.2,53.9,53.4,51.1,52.7,52.8,53.1,53.5,52.5,52.7,52.9,53.7,51.6,43.7,52.5,53.4,52.2,52.3,53.6,49.4,48.6,51.4,54.9,52.2,51.2,53.5,52.6,52.5,46.4,48.3,49.2,48.3,48.7,40.8,50.3,42.3,51.0,45.8,46.6,45.5,44.9,42.1,42.4,42.8,45.5,39.9,47.0,45.6,45.2,42.1,45.1,43.6,45.3,47.4,45.3,45.4,46.1,44.2,44.5,41.9,45.8,42.5,40.5,53.5,53.3,52.8,44.2,47.0,42.3,47.3,43.0,40.0,53.3,51.5,52.2,46.9,48.5,44.5,42.4,46.0,46.6,50.1,46.5
2813,42.4,41.7,40.2,47.7,50.6,53.1,52.7,50.3,52.2,52.1,52.5,52.9,52.0,52.1,52.1,53.1,51.0,42.8,52.0,53.0,51.6,51.9,53.2,48.8,47.7,50.6,54.2,51.5,50.4,52.8,52.0,52.0,45.7,47.6,48.5,47.7,47.7,40.2,49.2,41.1,50.0,45.4,45.6,44.6,44.0,41.5,41.4,41.7,44.1,38.9,45.7,44.6,43.7,41.5,44.3,42.7,44.5,46.7,44.4,44.5,45.3,43.3,43.7,40.7,45.0,41.4,39.6,52.9,52.7,52.3,42.6,46.1,41.3,46.6,42.0,39.1,52.9,51.0,51.6,46.2,47.9,43.6,41.7,45.6,46.1,49.5,45.8
2814,44.6,42.8,42.6,46.9,50.1,52.6,52.3,50.0,52.3,52.0,53.2,52.8,52.8,51.7,51.7,53.0,50.7,45.5,52.5,54.1,51.4,51.7,53.2,48.4,47.1,50.1,54.0,51.1,50.2,52.9,51.8,52.4,45.2,47.1,48.3,47.5,49.1,41.3,48.4,41.9,49.5,47.4,45.1,44.8,45.5,42.9,41.5,44.3,46.6,38.4,44.8,45.2,43.2,43.3,43.8,45.0,44.3,46.6,43.7,46.7,47.1,42.5,46.0,43.3,45.0,44.1,40.2,52.7,53.0,53.0,41.9,45.4,42.9,46.5,45.2,38.4,53.7,51.5,51.2,45.4,47.2,42.8,41.2,46.9,45.4,49.3,45.7
2815,49.6,46.8,47.9,49.0,52.2,54.2,54.3,52.5,54.5,54.1,56.3,55.1,56.1,53.5,53.7,55.2,53.6,50.3,55.7,56.8,53.9,54.1,55.6,50.4,48.9,52.5,55.6,53.1,52.6,55.5,53.9,54.8,47.5,49.6,50.1,50.2,54.2,45.7,50.0,48.4,52.6,52.2,47.0,49.3,49.3,48.1,46.2,50.1,54.9,42.6,49.6,48.5,49.0,47.6,45.4,49.4,47.0,49.3,45.4,50.6,49.4,44.8,51.0,49.7,47.4,50.0,45.6,54.2,56.1,56.0,48.2,47.1,48.0,51.6,50.9,43.5,56.7,54.4,53.7,47.5,49.4,44.7,45.0,49.4,47.3,51.5,48.8
2816,54.2,50.5,52.4,53.8,55.4,56.8,57.2,55.5,57.2,56.4,59.0,57.9,59.0,55.9,56.7,57.9,56.7,54.0,58.9,59.6,56.6,56.8,58.4,53.5,52.9,55.8,57.8,56.0,55.4,58.2,56.5,57.4,50.8,52.9,52.6,53.0,59.0,49.5,54.5,53.2,56.0,56.5,51.3,53.2,53.6,52.8,50.9,54.6,61.2,48.8,56.5,52.4,55.5,51.7,48.3,53.9,50.4,52.4,48.8,54.0,52.1,49.1,55.2,55.1,50.3,54.3,50.0,56.5,59.0,58.6,54.7,52.9,52.6,56.3,55.5,49.0,59.7,57.2,56.2,51.3,53.0,48.6,49.2,51.9,50.6,54.6,52.0
2817,58.2,53.5,56.2,58.4,58.6,59.7,60.2,58.6,59.9,58.7,61.5,60.8,61.6,58.2,59.6,60.3,59.5,57.1,61.6,62.2,59.3,59.3,60.9,56.5,56.6,59.2,60.1,58.8,58.1,60.6,59.3,59.9,54.1,56.1,55.3,55.9,62.8,52.7,58.8,57.1,59.5,59.8,55.5,56.4,57.9,56.7,56.1,58.1,65.9,54.2,61.0,56.4,61.0,55.2,51.6,57.5,53.7,55.3,52.3,57.1,54.9,53.3,58.5,59.2,53.7,57.7,53.7,58.8,61.5,61.2,60.3,57.7,56.9,59.6,59.0,53.6,62.4,59.7,58.7,55.4,56.8,52.8,52.1,54.1,53.9,57.6,55.1
2818,61.8,56.3,58.7,62.2,61.6,62.3,62.8,61.3,62.3,60.8,63.7,63.2,63.8,60.2,62.3,62.4,61.9,60.0,63.8,64.4,61.5,61.5,63.1,59.3,60.1,62.0,62.1,61.3,60.6,62.8,61.6,61.9,57.0,58.9,57.9,58.5,66.2,55.1,62.6,60.1,62.6,62.5,59.1,59.3,61.3,59.7,60.3,61.3,69.2,58.0,64.4,59.9,65.4,58.2,54.2,60.2,56.2,57.6,55.5,59.8,57.5,56.8,61.5,62.3,57.1,60.8,56.8,60.7,63.6,63.4,64.4,61.6,60.2,62.3,61.9,57.5,64.4,61.9,60.8,58.7,59.9,56.6,54.8,56.0,56.8,59.9,57.8
2819,64.6,58.5,61.0,65.3,64.0,64.5,65.1,63.5,64.1,62.6,65.5,65.1,65.7,62.0,64.5,64.1,63.8,62.6,65.4,66.0,63.4,63.2,65.0,61.6,63.1,64.6,64.0,63.5,62.5,64.7,63.7,63.9,59.6,61.3,60.5,60.8,69.0,57.6,66.0,62.9,65.3,64.6,62.1,62.2,63.9,62.1,63.6,63.7,72.2,61.0,67.0,63.0,68.8,60.4,56.0,62.5,58.0,59.6,58.1,61.8,59.9,59.8,63.9,64.9,60.1,63.1,59.5,62.5,65.4,65.2,67.3,64.9,62.8,64.7,64.5,60.3,66.1,63.6,62.6,61.6,62.4,59.8,57.2,57.9,59.2,62.0,60.6
2820,66.8,60.4,62.7,67.7,66.0,66.5,67.1,65.4,65.6,64.2,67.0,66.7,67.3,63.3,66.5,65.5,65.4,64.5,66.6,67.5,65.0,64.4,66.5,63.4,65.4,66.5,65.6,65.1,64.2,65.9,65.3,65.1,61.6,63.3,62.4,62.7,71.1,59.0,68.6,65.2,67.9,66.1,64.5,64.2,66.5,63.9,66.2,65.6,74.3,63.0,68.5,65.3,71.1,62.2,57.6,64.2,59.4,61.2,60.4,63.2,62.0,62.1,65.8,66.9,62.9,64.7,62.2,64.0,66.7,66.7,69.2,67.5,65.0,66.5,66.6,62.3,67.5,64.9,64.0,63.9,64.5,62.4,59.0,59.1,61.1,63.7,62.5
2821,68.5,61.4,63.7,69.7,67.4,67.9,68.5,67.0,66.7,65.3,68.1,67.8,68.2,64.7,67.9,66.5,66.7,66.2,68.0,68.5,66.5,65.6,67.8,65.0,67.1,68.0,66.9,66.5,65.5,67.2,66.7,66.3,63.3,64.7,63.9,64.1,72.8,60.2,70.7,66.9,69.9,67.5,66.4,65.8,68.3,65.0,67.7,67.1,75.8,64.4,70.1,66.6,73.1,63.6,58.9,65.3,60.6,62.2,62.2,64.3,63.3,64.1,67.3,68.4,65.2,66.0,64.1,65.2,67.8,67.7,70.9,69.5,66.7,68.1,68.2,63.7,68.5,66.2,65.4,65.7,66.3,64.2,60.6,60.1,62.8,65.1,64.0
2822,69.4,62.0,64.4,71.2,68.5,68.8,69.4,67.9,67.4,66.2,68.8,68.7,69.2,65.6,68.8,67.2,67.6,67.4,68.7,69.0,67.5,66.6,68.7,66.0,68.4,69.1,67.6,67.6,66.6,67.7,67.9,67.1,64.7,65.7,65.0,65.1,73.9,60.9,72.2,68.0,71.5,68.2,67.8,66.8,69.3,65.9,68.7,68.0,76.6,65.5,70.8,67.4,74.4,64.4,59.6,66.0,61.5,63.1,63.4,65.2,64.2,65.8,68.6,69.5,67.2,66.8,65.5,66.2,68.6,68.6,71.6,70.9,67.6,69.2,69.3,64.8,69.0,66.9,66.5,67.0,67.7,65.5,61.6,60.3,63.9,66.0,65.3
2823,69.7,61.9,64.4,72.0,69.1,69.5,70.0,68.2,67.5,66.6,69.1,69.1,69.4,66.2,69.1,67.7,68.2,67.9,68.8,69.0,68.1,67.1,69.2,66.7,69.0,69.8,68.1,68.1,67.0,67.9,68.3,67.2,65.3,66.2,65.6,65.6,74.4,60.6,73.0,68.2,72.3,68.3,68.6,67.4,69.9,65.9,69.3,68.4,76.8,66.1,71.3,67.4,74.9,64.6,60.3,66.4,61.9,63.5,64.5,65.7,64.7,66.8,69.1,69.9,68.1,66.9,66.1,66.5,68.7,68.8,72.1,72.0,68.2,69.6,69.8,65.1,69.3,67.0,66.9,67.9,68.2,66.3,62.0,60.1,64.6,66.7,65.8
2824,69.6,61.3,63.6,72.1,69.2,69.7,70.1,68.4,67.4,66.5,68.7,69.1,69.1,66.2,69.1,67.7,68.1,67.6,68.4,68.7,68.0,67.2,69.2,66.6,68.9,69.8,68.1,68.0,67.2,67.7,68.3,66.8,65.0,66.2,65.6,65.6,74.2,60.0,73.2,68.0,72.4,67.7,68.7,67.3,69.5,65.5,69.0,67.9,75.9,66.4,70.9,66.7,74.3,64.1,60.3,66.4,61.9,63.7,64.9,65.4,64.6,67.4,69.2,69.8,68.3,66.5,66.2,66.7,68.6,68.7,71.5,71.9,68.0,69.6,69.4,64.6,68.7,66.9,66.8,68.0,68.1,66.4,61.9,59.5,64.7,66.5,65.8
2825,67.8,60.2,62.4,71.4,68.6,69.0,69.5,67.9,66.5,65.9,68.0,68.7,68.3,65.8,68.5,67.0,67.6,66.6,67.5,67.8,67.5,66.5,68.5,65.9,68.2,69.2,67.6,67.5,66.7,67.0,67.9,66.1,64.4,65.4,65.1,65.1,73.2,58.8,72.5,66.9,71.9,65.9,68.2,66.5,68.0,64.0,68.2,66.7,74.2,65.6,70.3,65.2,73.2,62.7,60.0,65.5,61.6,63.2,64.7,64.6,63.7,67.1,68.2,68.6,67.6,65.5,64.7,66.2,67.7,68.0,70.4,71.7,66.9,68.9,68.2,63.8,67.9,66.2,66.2,67.4,67.5,66.1,61.4,58.2,64.2,65.8,65.1
2826,64.8,57.3,59.3,70.0,67.1,67.7,68.1,66.8,65.0,64.5,66.2,67.5,66.7,64.7,67.1,65.6,66.1,64.2,65.7,66.1,66.0,65.0,67.2,64.5,66.4,67.6,66.5,66.0,65.3,65.7,66.6,64.3,63.2,64.0,64.0,63.7,70.6,56.2,71.0,64.6,70.5,63.0,66.5,64.8,65.2,61.2,66.3,64.2,71.0,63.9,68.6,63.2,71.3,59.8,58.9,63.7,60.5,62.0,63.8,62.6,61.8,65.9,66.1,66.2,65.8,63.3,62.1,65.0,66.3,66.2,68.3,70.2,64.6,67.4,65.8,62.0,66.3,64.5,64.9,66.0,65.9,64.6,59.9,56.4,62.9,64.7,63.8
2827,59.1,53.3,53.6,66.8,64.3,65.4,65.1,63.7,62.3,62.0,63.6,65.3,63.4,62.5,64.0,63.1,63.2,59.6,62.9,63.0,63.2,62.3,64.3,61.8,63.0,64.3,64.7,63.0,62.5,62.9,64.1,61.3,60.4,61.3,61.9,61.3,64.7,52.1,67.5,59.8,67.9,57.2,63.5,61.5,60.7,56.5,62.6,59.9,66.0,60.2,65.6,60.4,67.8,54.6,56.9,60.2,58.2,59.5,61.9,58.6,59.0,63.5,61.8,61.7,62.4,59.5,57.0,63.0,63.4,63.5,64.5,66.8,60.2,64.2,61.2,58.0,63.1,61.9,62.0,62.7,62.4,61.4,56.5,54.3,60.5,62.1,60.8
2828,55.9,50.4,50.6,62.1,60.9,62.8,62.3,60.2,60.3,59.8,61.5,62.7,60.9,60.2,61.1,61.0,59.4,55.5,60.7,60.9,60.2,59.7,61.1,58.4,58.0,60.0,63.0,60.1,59.6,60.2,61.2,58.9,56.6,58.2,59.2,57.9,61.0,49.6,62.5,56.1,65.0,54.0,58.7,56.9,57.6,53.2,58.9,56.8,62.9,54.5,61.5,58.2,62.6,51.7,54.1,56.6,55.2,56.7,58.9,55.3,56.2,59.0,57.1,58.1,58.8,55.7,53.2,61.0,60.9,61.0,59.8,60.5,56.7,60.0,57.9,53.2,60.8,59.5,59.6,57.3,58.3,56.9,50.8,52.8,57.1,59.2,56.8
2829,53.3,48.7,48.4,59.0,58.7,60.8,60.3,57.9,58.9,58.5,59.9,60.8,59.5,58.7,59.3,59.5,57.2,52.7,59.1,59.5,58.2,58.3,59.6,56.7,55.5,57.9,61.4,58.2,57.9,58.8,59.3,57.7,54.1,56.6,57.2,55.8,58.2,47.9,59.4,53.1,62.4,52.4,55.8,54.8,55.4,50.8,55.8,54.5,60.2,51.1,58.4,56.5,58.4,50.2,52.6,53.9,53.2,54.8,55.9,53.6,53.9,54.9,54.3,55.6,56.6,53.2,51.3,59.6,59.4,59.5,56.8,57.1,54.2,57.5,55.7,51.0,59.4,57.9,58.0,54.6,56.3,53.9,48.0,51.6,54.8,57.5,54.5
2830,51.4,47.2,47.1,56.7,57.1,59.3,58.7,56.5,58.0,57.3,58.5,59.2,58.2,57.5,58.0,58.4,56.0,50.9,57.8,58.3,57.0,56.9,58.5,55.5,54.0,56.7,60.1,56.9,56.6,57.9,57.8,56.6,52.5,54.8,55.6,54.7,56.1,46.3,57.2,51.2,60.6,50.9,53.8,53.1,53.8,49.3,53.4,52.2,57.7,49.4,56.1,54.7,56.1,48.8,51.5,51.7,51.6,53.4,53.7,52.0,52.7,52.7,52.2,53.1,54.7,51.2,49.4,58.4,58.3,58.5,54.6,55.1,51.7,55.4,53.6,49.2,58.2,56.6,56.8,52.7,54.5,51.7,47.1,50.6,53.0,56.1,52.5
2831,49.9,46.2,46.0,54.9,55.8,58.2,57.6,55.3,56.8,56.6,57.4,58.1,57.1,56.6,57.0,57.5,55.0,49.3,56.6,57.4,56.0,56.0,57.6,54.4,52.8,55.6,59.1,56.1,55.3,56.9,56.8,55.9,51.4,53.4,54.3,53.5,54.6,45.1,55.9,49.5,58.8,49.8,52.5,51.9,52.0,47.8,51.0,50.3,55.4,47.8,54.0,53.0,54.1,47.3,50.4,49.8,50.5,52.5,51.6,50.9,51.1,50.7,50.6,50.9,53.0,49.3,47.7,57.3,57.4,57.4,52.8,53.3,49.5,54.3,51.4,47.3,57.2,55.7,55.8,50.9,53.6,50.2,46.1,49.6,51.6,55.0,51.4
2832,48.5,45.3,45.0,53.3,54.6,57.3,56.6,54.2,55.8,55.7,56.5,57.0,56.1,55.8,56.1,56.7,54.3,48.2,55.8,56.4,55.2,55.4,56.8,53.4,51.9,54.5,58.2,55.0,54.6,56.2,55.9,55.1,50.2,52.0,53.1,51.9,53.3,44.1,54.5,48.0,57.1,48.8,51.0,50.6,50.3,46.5,49.2,48.5,53.0,45.9,52.4,51.4,52.3,46.4,49.2,48.3,49.3,51.2,50.1,49.6,49.8,49.3,49.1,48.9,51.2,47.8,46.0,56.6,56.5,56.4,51.1,51.8,47.7,52.8,49.5,45.9,56.4,54.9,55.1,50.1,52.3,49.0,45.7,48.8,50.4,53.9,50.2
2833,47.0,44.4,43.8,52.0,53.8,56.5,55.7,53.5,55.1,55.0,55.5,56.0,55.1,55.0,55.3,55.9,53.6,46.8,54.7,55.8,54.5,54.6,56.0,52.4,51.1,53.8,57.3,54.3,53.6,55.5,55.1,54.4,49.1,51.0,52.1,51.2,51.9,43.2,53.5,46.5,55.3,48.0,49.8,49.4,48.8,45.3,47.2,46.8,50.8,44.3,50.7,49.8,50.5,45.4,48.2,47.0,48.4,50.0,48.7,48.5,48.9,47.9,47.9,47.1,49.5,46.3,44.5,55.8,55.6,55.3,49.5,50.3,46.1,51.5,47.5,44.3,55.6,54.1,54.4,49.3,51.2,47.9,45.0,48.0,49.3,53.0,49.3
2834,45.6,43.7,43.1,50.9,53.0,55.5,54.8,52.7,54.5,54.1,54.8,55.3,54.2,54.4,54.3,55.4,52.9,45.9,54.1,55.1,53.8,54.0,55.5,51.5,50.2,53.1,56.5,53.6,52.9,55.0,54.5,53.8,48.2,50.0,50.9,50.3,51.1,42.5,52.3,45.2,54.0,47.1,48.9,48.5,47.4,44.5,45.6,45.6,48.8,42.7,49.6,48.3,48.9,44.3,47.2,45.8,47.4,49.1,47.5,47.4,47.9,46.7,46.5,45.5,48.0,44.9,43.0,55.1,55.0,54.7,47.7,49.2,44.9,50.1,45.6,43.1,54.7,53.2,53.8,48.5,50.4,46.7,44.3,47.3,48.6,52.2,48.6
2835,44.4,42.9,42.2,49.7,52.1,54.6,54.1,51.9,53.8,53.7,54.1,54.7,53.6,53.7,53.9,54.8,52.7,44.8,53.5,54.5,53.3,53.4,54.5,50.6,49.6,52.3,55.8,53.0,52.1,54.4,53.7,53.3,47.5,49.3,50.2,49.2,49.8,41.7,51.5,44.0,52.5,46.5,47.8,47.2,46.3,43.7,44.1,44.2,47.2,41.5,48.2,47.0,47.0,43.3,46.3,44.8,46.4,48.5,46.5,46.5,46.9,45.8,45.5,44.0,46.9,43.6,41.8,54.5,54.3,53.9,46.2,48.3,43.5,48.9,44.4,41.9,54.2,52.6,53.3,47.8,49.5,45.5,43.7,46.7,47.8,51.3,47.7
2836,43.4,42.5,41.3,48.8,51.5,54.1,53.7,51.4,53.2,53.2,53.6,54.1,53.0,53.2,53.2,54.2,52.1,43.8,52.9,53.8,52.6,52.8,53.9,49.8,48.8,51.6,55.2,52.6,51.6,53.9,52.9,53.0,46.8,48.6,49.5,48.5,49.0,41.0,50.6,42.7,51.3,46.1,46.8,46.0,45.2,42.6,42.7,43.1,45.6,40.3,47.2,45.9,45.6,42.4,45.5,43.7,45.7,47.9,45.4,45.6,46.2,44.7,44.5,42.4,46.0,42.5,40.7,53.9,53.7,53.4,44.6,47.3,42.5,47.6,43.2,40.5,53.8,52.1,52.7,47.2,48.8,44.8,42.8,46.3,47.0,50.5,46.8
2837,42.7,41.9,40.6,48.0,50.9,53.3,53.0,50.7,52.8,52.5,53.0,53.5,52.6,52.5,52.3,53.5,51.4,42.9,52.4,53.4,51.9,52.3,53.5,49.2,48.0,51.0,54.5,51.9,50.8,53.3,52.3,52.5,46.1,47.8,48.8,47.9,48.0,40.5,49.5,41.5,50.2,45.6,45.9,45.1,44.3,41.9,41.6,42.0,44.2,39.4,45.9,44.8,44.1,41.8,44.8,42.8,45.0,47.2,44.5,44.8,45.5,43.8,43.7,41.2,45.1,41.5,39.7,53.2,53.2,52.8,43.0,46.3,41.5,46.9,42.2,39.5,53.4,51.6,52.1,46.6,48.1,43.9,42.0,45.8,46.4,49.9,46.1
2838,44.9,43.1,43.0,47.4,50.4,52.9,52.6,50.4,52.8,52.3,53.7,53.3,53.4,52.2,52.0,53.5,51.1,45.7,53.0,54.5,51.7,52.2,53.5,48.6,47.3,50.5,54.3,51.6,50.6,53.3,52.1,53.0,45.6,47.4,48.6,47.8,49.5,41.7,48.7,42.3,49.9,47.8,45.4,45.4,45.9,43.4,41.9,44.7,46.9,38.9,45.1,45.5,43.6,43.8,44.2,45.2,44.8,47.1,43.9,47.0,47.3,42.9,46.2,43.8,45.2,44.4,40.5,53.1,53.5,53.5,42.2,45.6,43.2,46.9,45.5,38.9,54.3,52.1,51.7,45.8,47.5,43.2,41.5,47.2,45.8,49.6,46.1
2839,50.0,47.2,48.2,49.4,52.5,54.5,54.6,53.0,55.1,54.4,56.8,55.6,56.6,54.0,54.0,55.7,54.1,50.5,56.2,57.2,54.3,54.6,56.0,50.8,49.2,52.9,56.0,53.6,53.0,55.9,54.3,55.3,48.0,49.9,50.4,50.5,54.6,46.1,50.4,48.9,52.9,52.6,47.5,49.8,49.6,48.5,46.6,50.5,55.0,43.1,49.9,48.9,49.4,48.0,45.8,49.6,47.5,49.8,45.6,50.9,49.5,45.3,51.2,50.2,47.6,50.2,45.9,54.7,56.6,56.5,48.7,47.4,48.2,52.0,51.3,43.9,57.3,55.0,54.2,48.0,49.8,45.1,45.4,49.7,47.8,51.8,49.2
2840,54.6,51.0,52.7,54.2,55.8,57.2,57.6,55.9,57.7,56.8,59.5,58.4,59.5,56.4,57.0,58.4,57.1,54.2,59.3,60.0,57.0,57.3,58.8,53.8,53.3,56.2,58.1,56.4,55.7,58.5,56.9,57.8,51.3,53.3,53.0,53.4,59.4,49.9,55.0,53.6,56.3,57.0,51.7,53.8,53.9,53.2,51.2,54.9,61.3,49.3,56.7,52.8,55.8,52.1,48.7,54.2,50.9,52.9,48.9,54.4,52.1,49.5,55.4,55.5,50.5,54.6,50.3,56.8,59.5,59.1,55.1,53.3,52.8,56.7,55.8,49.5,60.3,57.7,56.7,51.8,53.4,49.0,49.5,52.2,51.1,55.0,52.5
2841,58.6,54.0,56.5,58.9,59.0,60.1,60.5,59.0,60.4,59.1,62.0,61.2,62.1,58.5,60.0,60.7,59.9,57.4,62.0,62.7,59.7,59.7,61.3,56.9,57.1,59.6,60.5,59.1,58.4,61.0,59.7,60.4,54.5,56.6,55.7,56.4,63.2,53.2,59.3,57.4,59.8,60.2,55.9,56.9,58.2,57.0,56.4,58.3,66.0,54.6,61.2,56.7,61.4,55.6,51.9,57.8,54.0,55.7,52.4,57.5,54.9,53.6,58.7,59.5,53.9,58.0,53.9,59.1,61.9,61.6,60.6,58.2,57.1,60.0,59.3,54.1,62.9,60.2,59.1,55.7,57.2,53.2,52.3,54.3,54.4,58.0,55.6
2842,62.4,56.8,59.2,62.8,62.0,62.7,63.2,61.7,62.7,61.2,64.2,63.6,64.3,60.6,62.7,62.7,62.3,60.3,64.2,64.9,61.9,61.9,63.5,59.7,60.6,62.5,62.5,61.7,60.9,63.2,61.9,62.3,57.5,59.4,58.4,59.0,66.5,55.6,63.2,60.4,62.9,63.0,59.4,59.8,61.7,60.0,60.7,61.5,69.3,58.4,64.7,60.1,65.7,58.6,54.5,60.5,56.5,58.1,55.5,60.0,57.5,57.0,61.7,62.6,57.3,61.0,57.0,61.1,64.0,63.8,64.6,62.2,60.5,62.6,62.1,57.9,65.0,62.5,61.1,59.1,60.3,57.0,54.9,56.3,57.1,60.3,58.3
2843,65.2,59.0,61.4,66.0,64.5,65.0,65.6,63.9,64.5,62.9,66.0,65.6,66.1,62.3,64.9,64.5,64.2,62.8,65.9,66.6,63.8,63.6,65.4,62.1,63.5,65.1,64.3,63.8,62.8,65.0,64.0,64.3,60.0,61.8,60.9,61.3,69.3,58.1,66.5,63.2,65.6,65.0,62.5,62.6,64.4,62.5,63.9,63.8,72.3,61.3,67.2,63.1,69.1,60.7,56.3,62.8,58.3,60.0,58.2,62.0,60.0,60.0,64.1,65.1,60.4,63.3,59.7,62.7,65.7,65.6,67.5,65.4,63.1,65.0,64.7,60.7,66.6,64.2,63.0,61.9,62.9,60.1,57.3,58.0,59.5,62.4,61.1
2844,67.5,60.9,63.2,68.3,66.4,66.9,67.6,65.8,65.9,64.4,67.5,67.1,67.7,63.6,67.0,65.8,65.8,64.7,67.0,68.0,65.4,64.7,66.9,63.8,65.9,67.0,65.9,65.5,64.5,66.2,65.7,65.4,61.9,63.7,62.9,63.2,71.4,59.6,69.1,65.5,68.2,66.5,65.0,64.5,66.9,64.2,66.5,65.8,74.3,63.2,68.7,65.3,71.4,62.5,57.9,64.4,59.7,61.5,60.5,63.3,62.0,62.3,66.0,67.1,63.1,64.9,62.5,64.2,67.0,67.1,69.4,68.0,65.4,66.8,66.7,62.7,67.9,65.5,64.4,64.1,64.9,62.6,59.0,59.3,61.4,64.0,63.0
2845,69.2,62.0,64.2,70.3,67.9,68.5,69.1,67.4,67.0,65.6,68.6,68.3,68.7,65.0,68.4,66.8,67.0,66.4,68.4,69.1,66.9,66.0,68.1,65.3,67.6,68.6,67.1,66.8,65.8,67.5,67.1,66.6,63.5,65.0,64.4,64.5,73.1,60.8,71.2,67.1,70.2,67.9,67.0,66.2,68.8,65.5,68.0,67.2,75.9,64.7,70.2,66.6,73.4,63.9,59.1,65.5,61.0,62.6,62.3,64.5,63.4,64.2,67.5,68.6,65.4,66.2,64.4,65.4,68.1,68.1,71.1,70.0,67.3,68.4,68.3,64.0,68.9,66.8,65.7,65.9,66.6,64.5,60.6,60.3,63.0,65.4,64.4
2846,70.1,62.6,65.0,71.8,68.9,69.4,70.0,68.2,67.8,66.5,69.3,69.1,69.6,65.9,69.3,67.5,67.9,67.5,69.0,69.6,67.9,66.9,69.1,66.3,69.0,69.6,67.9,67.9,67.0,68.1,68.3,67.4,64.8,66.0,65.4,65.5,74.3,61.4,72.7,68.3,71.8,68.8,68.4,67.2,69.9,66.3,69.0,68.1,76.6,65.7,70.9,67.4,74.6,64.8,59.9,66.1,61.8,63.4,63.5,65.3,64.2,65.9,68.8,69.6,67.5,67.0,65.7,66.4,68.9,69.0,71.9,71.3,68.2,69.4,69.4,65.1,69.4,67.5,66.7,67.2,68.0,65.8,61.5,60.5,64.1,66.4,65.7
2847,70.4,62.4,65.0,72.6,69.5,70.0,70.6,68.6,67.8,66.8,69.5,69.5,69.9,66.4,69.6,68.0,68.5,68.1,69.2,69.6,68.5,67.4,69.7,66.9,69.5,70.3,68.3,68.4,67.3,68.3,68.7,67.5,65.5,66.5,66.0,66.1,74.7,61.1,73.4,68.5,72.6,68.8,69.2,67.7,70.5,66.3,69.6,68.5,76.8,66.5,71.4,67.4,75.0,64.9,60.4,66.7,62.1,63.7,64.5,65.9,64.6,66.9,69.3,70.0,68.4,67.0,66.3,66.8,69.0,69.2,72.4,72.4,68.8,69.8,69.9,65.5,69.7,67.6,67.2,68.1,68.5,66.6,62.0,60.3,64.7,67.0,66.1
2848,70.3,61.9,64.2,72.7,69.6,70.3,70.6,68.7,67.7,66.8,69.2,69.5,69.5,66.4,69.6,68.0,68.4,67.8,68.8,69.3,68.4,67.5,69.7,66.8,69.5,70.3,68.4,68.4,67.5,68.1,68.7,67.2,65.3,66.5,66.0,66.1,74.5,60.4,73.7,68.3,72.7,68.3,69.2,67.5,70.1,65.9,69.1,68.1,75.9,66.8,71.0,66.6,74.5,64.5,60.4,66.6,62.0,63.8,64.9,65.6,64.5,67.5,69.4,69.8,68.7,66.7,66.4,67.0,68.9,69.2,71.8,72.4,68.4,69.7,69.4,64.9,69.2,67.5,67.0,68.2,68.4,66.7,61.9,59.6,64.9,66.7,66.2
2849,68.5,60.7,63.0,72.0,69.0,69.6,70.1,68.2,66.9,66.1,68.4,69.1,68.7,66.1,69.1,67.4,67.9,66.7,68.0,68.4,67.8,66.9,69.1,66.2,68.7,69.6,67.9,67.9,66.9,67.4,68.2,66.5,64.6,65.8,65.5,65.5,73.5,59.2,72.9,67.2,72.2,66.5,68.7,66.6,68.6,64.5,68.3,66.7,74.2,65.9,70.3,65.1,73.4,63.0,60.1,65.7,61.7,63.3,64.6,64.7,63.8,67.1,68.4,68.6,67.9,65.6,64.9,66.4,68.1,68.5,70.5,72.1,67.2,69.1,68.1,64.0,68.3,66.8,66.5,67.7,67.8,66.4,61.3,58.4,64.4,66.1,65.5
2850,65.4,57.8,59.8,70.6,67.5,68.3,68.6,67.0,65.2,64.8,66.6,67.9,67.1,65.0,67.6,65.9,66.4,64.4,66.1,66.7,66.3,65.4,67.7,64.8,66.9,68.0,66.8,66.5,65.5,66.2,66.8,64.8,63.5,64.4,64.4,64.1,70.8,56.7,71.4,64.9,70.8,63.6,67.1,65.0,65.8,61.6,66.4,64.2,71.1,64.1,68.7,63.1,71.4,60.1,59.0,64.0,60.6,62.1,63.7,62.8,61.9,65.9,66.2,66.3,66.1,63.5,62.3,65.3,66.7,66.6,68.5,70.7,65.0,67.6,65.7,62.3,66.7,65.2,65.2,66.2,66.2,64.8,59.7,56.6,63.1,64.9,64.2
2851,59.6,53.8,54.1,67.3,64.7,65.9,65.7,64.1,62.5,62.2,64.0,65.8,63.9,62.8,64.5,63.5,63.5,59.8,63.2,63.6,63.5,62.6,64.9,62.1,63.6,64.8,64.9,63.4,62.8,63.4,64.4,61.7,60.7,61.7,62.4,61.7,65.0,52.7,67.9,60.2,68.1,57.7,64.0,61.7,61.3,57.0,62.8,60.0,66.0,60.5,65.7,60.4,68.0,54.9,57.0,60.5,58.3,59.6,61.8,58.9,59.1,63.5,62.1,61.9,62.7,59.8,57.3,63.2,63.7,64.0,64.7,67.2,60.7,64.5,61.1,58.3,63.6,62.5,62.2,63.1,62.8,61.7,56.4,54.5,60.8,62.4,61.2
2852,56.3,51.0,51.0,62.5,61.4,63.3,62.8,60.5,60.6,60.1,61.9,63.1,61.4,60.5,61.6,61.3,59.8,55.7,61.1,61.4,60.6,60.1,61.6,58.8,58.5,60.5,63.1,60.5,60.0,60.7,61.6,59.3,56.9,58.8,59.7,58.2,61.4,50.1,62.9,56.4,65.2,54.5,59.1,57.0,58.2,53.6,59.2,57.0,62.9,54.8,61.6,58.2,62.9,51.9,54.2,56.8,55.3,56.8,58.8,55.5,56.3,59.1,57.4,58.2,59.1,55.8,53.4,61.2,61.2,61.5,60.1,60.9,57.1,60.3,57.9,53.4,61.2,60.0,59.9,57.8,58.7,57.2,50.9,52.9,57.5,59.6,57.2
2853,53.8,49.3,48.7,59.4,59.2,61.3,60.8,58.2,59.3,58.7,60.4,61.1,59.9,59.0,59.8,59.9,57.7,53.0,59.4,60.0,58.7,58.7,60.1,57.0,55.9,58.5,61.7,58.7,58.2,59.2,59.7,58.1,54.6,57.1,57.6,56.1,58.6,48.3,59.7,53.4,62.7,52.8,56.1,55.0,55.9,51.3,56.1,54.6,60.2,51.4,58.5,56.5,58.8,50.5,52.6,54.2,53.3,54.9,55.9,53.8,54.0,55.0,54.5,55.7,56.9,53.4,51.5,59.9,59.8,60.0,57.1,57.5,54.6,57.7,55.7,51.2,59.8,58.5,58.4,55.0,56.7,54.2,48.1,51.7,55.1,57.9,54.9
2854,51.9,47.6,47.5,57.1,57.7,59.8,59.1,56.9,58.3,57.7,58.9,59.6,58.5,57.8,58.4,58.8,56.5,51.1,58.1,58.8,57.5,57.3,58.8,55.9,54.5,57.1,60.4,57.3,56.9,58.3,58.3,57.0,53.0,55.1,56.0,54.9,56.5,46.8,57.5,51.5,60.9,51.4,54.2,53.3,54.3,49.8,53.7,52.4,57.8,49.7,56.2,54.8,56.3,49.2,51.6,51.9,51.9,53.5,53.6,52.2,52.8,52.8,52.5,53.2,54.9,51.5,49.6,58.8,58.7,58.9,54.9,55.4,52.2,55.7,53.6,49.3,58.6,57.2,57.2,53.1,54.9,52.0,47.2,50.8,53.4,56.5,52.9
2855,50.4,46.6,46.5,55.3,56.2,58.7,58.0,55.6,57.2,56.9,57.9,58.4,57.4,57.0,57.4,57.9,55.6,49.5,57.0,57.9,56.4,56.5,57.9,54.8,53.2,56.1,59.4,56.6,55.7,57.3,57.3,56.3,51.8,53.8,54.7,53.7,54.9,45.6,56.3,49.8,59.1,50.2,52.9,52.1,52.5,48.3,51.3,50.5,55.4,48.0,54.0,53.1,54.4,47.8,50.5,50.0,50.7,52.5,51.6,51.2,51.2,50.9,50.7,50.9,53.2,49.6,47.9,57.7,57.8,57.8,53.0,53.7,49.9,54.7,51.4,47.4,57.7,56.3,56.3,51.3,54.0,50.7,46.1,49.8,52.0,55.4,51.8
2856,48.9,45.7,45.5,53.7,55.1,57.7,57.0,54.5,56.2,56.1,56.9,57.3,56.6,56.1,56.4,57.1,54.8,48.3,56.1,57.0,55.6,55.8,57.1,53.8,52.3,55.0,58.5,55.5,54.9,56.5,56.3,55.4,50.7,52.3,53.5,52.1,53.7,44.5,54.8,48.3,57.5,49.1,51.4,50.8,50.7,46.8,49.5,48.7,53.1,46.1,52.5,51.5,52.5,46.9,49.3,48.5,49.5,51.3,50.1,49.9,49.9,49.4,49.2,49.1,51.4,48.1,46.2,56.9,56.9,56.9,51.4,52.1,48.2,53.2,49.5,46.1,56.8,55.5,55.5,50.5,52.8,49.4,45.6,49.0,50.9,54.3,50.6
2857,47.4,44.8,44.3,52.4,54.2,56.9,56.1,53.8,55.5,55.3,56.1,56.4,55.6,55.4,55.7,56.4,54.0,47.0,55.1,56.2,54.8,55.0,56.4,52.9,51.6,54.2,57.7,54.7,54.0,55.7,55.4,54.8,49.6,51.4,52.5,51.4,52.3,43.4,53.8,46.8,55.7,48.3,50.2,49.6,49.3,45.7,47.6,47.0,50.9,44.4,50.7,49.8,50.8,45.9,48.3,47.2,48.5,50.2,48.7,48.8,49.0,48.0,48.0,47.3,49.7,46.5,44.6,56.1,56.0,55.9,49.7,50.6,46.6,51.8,47.5,44.4,56.1,54.7,54.8,49.7,51.7,48.3,45.0,48.2,49.8,53.4,49.7
2858,46.1,44.0,43.5,51.3,53.4,55.9,55.2,53.0,54.9,54.4,55.3,55.7,54.7,54.7,54.8,55.8,53.4,46.1,54.5,55.5,54.2,54.4,55.8,51.9,50.5,53.4,56.8,54.0,53.3,55.2,54.8,54.3,48.8,50.4,51.4,50.6,51.5,42.9,52.6,45.3,54.4,47.5,49.2,48.7,47.8,44.8,45.9,45.7,48.9,42.8,49.5,48.3,49.3,44.8,47.4,45.9,47.6,49.3,47.5,47.7,47.9,46.9,46.7,45.6,48.2,45.2,43.1,55.4,55.3,55.2,48.0,49.4,45.3,50.5,45.6,43.3,55.2,53.8,54.2,48.9,50.9,47.1,44.4,47.6,49.1,52.6,49.0
2859,44.7,43.2,42.7,50.1,52.5,55.0,54.5,52.3,54.2,54.0,54.7,55.2,54.2,54.0,54.2,55.3,53.1,45.0,53.9,55.0,53.6,53.8,54.9,51.1,50.0,52.7,56.2,53.3,52.5,54.7,54.1,53.8,48.0,49.7,50.6,49.4,50.2,42.1,51.8,44.2,52.8,46.8,48.1,47.5,46.6,44.0,44.4,44.3,47.3,41.8,48.3,47.0,47.3,43.8,46.4,44.9,46.5,48.6,46.5,46.8,47.1,45.9,45.7,44.2,47.1,43.9,41.9,55.0,54.7,54.4,46.4,48.6,43.9,49.1,44.4,42.0,54.7,53.1,53.7,48.2,49.9,46.0,43.7,47.0,48.3,51.8,48.1
2860,43.7,42.8,41.8,49.1,51.9,54.5,54.0,51.8,53.7,53.6,54.1,54.6,53.5,53.6,53.5,54.7,52.5,44.0,53.4,54.3,53.0,53.3,54.3,50.3,49.2,52.0,55.6,52.9,52.0,54.1,53.3,53.4,47.4,49.0,50.0,48.9,49.3,41.4,51.0,43.0,51.6,46.4,47.3,46.3,45.6,42.9,43.0,43.2,45.7,40.5,47.2,45.9,45.8,42.9,45.6,43.9,45.9,47.9,45.5,45.9,46.3,44.8,44.7,42.6,46.1,42.8,40.8,54.3,54.0,53.9,44.8,47.5,42.9,47.9,43.1,40.6,54.3,52.6,53.1,47.6,49.3,45.3,42.8,46.6,47.6,50.9,47.2
2861,43.1,42.3,41.1,48.4,51.3,53.7,53.2,51.1,53.3,52.9,53.5,54.0,53.1,53.0,52.6,54.1,51.9,43.1,52.9,53.9,52.2,52.8,53.8,49.7,48.4,51.4,54.9,52.2,51.2,53.6,52.7,53.0,46.7,48.4,49.3,48.2,48.3,40.9,49.9,41.9,50.5,45.8,46.4,45.4,44.6,42.1,41.9,42.1,44.3,39.5,46.0,44.8,44.4,42.3,44.9,43.0,45.1,47.3,44.6,45.0,45.6,43.9,43.9,41.4,45.2,41.8,39.8,53.7,53.5,53.4,43.2,46.5,41.8,47.1,42.1,39.7,53.9,52.1,52.6,47.1,48.6,44.5,42.1,46.1,47.1,50.3,46.6
2862,45.2,43.5,43.4,47.7,50.9,53.2,52.9,50.8,53.4,52.8,54.2,53.9,54.0,52.7,52.3,54.1,51.6,46.1,53.5,55.1,52.0,52.7,53.9,49.2,47.7,50.8,54.8,51.9,51.0,53.6,52.5,53.5,46.3,48.0,49.2,48.2,49.9,42.1,49.1,42.7,50.3,48.0,45.8,45.7,46.2,43.7,42.2,44.8,47.1,39.0,45.3,45.5,43.9,44.3,44.4,45.5,45.0,47.2,43.9,47.3,47.5,43.0,46.5,44.1,45.4,44.9,40.7,53.6,53.9,54.1,42.5,45.8,43.6,47.2,45.6,39.1,54.9,52.7,52.2,46.3,48.0,43.7,41.6,47.5,46.5,50.1,46.6
2863,50.3,47.5,48.7,49.8,53.1,54.9,55.0,53.5,55.7,54.8,57.3,56.2,57.1,54.5,54.4,56.2,54.5,50.9,56.7,57.8,54.7,55.2,56.4,51.4,49.7,53.4,56.4,54.0,53.4,56.3,54.7,55.7,48.6,50.6,51.0,51.1,54.9,46.4,50.9,49.3,53.2,53.0,47.9,50.2,49.9,48.7,46.8,50.5,55.1,43.4,50.1,48.9,49.7,48.5,46.0,50.0,47.7,49.9,45.7,51.3,49.7,45.5,51.5,50.5,47.8,50.7,46.1,55.2,57.0,57.1,49.1,47.8,48.6,52.3,51.3,44.2,57.8,55.5,54.6,48.4,50.3,45.7,45.5,50.0,48.4,52.3,49.7
2864,54.8,51.1,53.1,54.6,56.3,57.6,58.0,56.4,58.3,57.2,60.1,58.9,60.0,56.9,57.5,58.8,57.5,54.6,59.8,60.6,57.5,57.8,59.1,54.4,53.7,56.6,58.6,56.8,56.2,59.0,57.4,58.2,51.8,53.9,53.6,53.9,59.7,50.1,55.4,53.9,56.6,57.3,52.1,54.0,54.1,53.4,51.4,55.0,61.4,49.5,56.7,52.9,56.2,52.6,48.8,54.6,51.0,53.0,49.1,54.9,52.4,49.7,55.7,55.7,50.8,55.1,50.6,57.4,60.0,59.6,55.4,53.7,53.2,57.0,55.8,49.6,60.8,58.2,57.1,52.3,54.0,49.6,49.5,52.6,51.6,55.5,53.1
2865,58.9,54.0,56.9,59.4,59.5,60.5,60.9,59.6,60.9,59.6,62.5,61.8,62.6,59.1,60.4,61.2,60.4,57.8,62.5,63.2,60.2,60.2,61.7,57.5,57.5,60.1,61.0,59.6,58.9,61.4,60.2,60.8,54.9,57.2,56.3,56.9,63.6,53.3,59.7,57.7,60.1,60.5,56.3,57.2,58.4,57.1,56.7,58.4,66.0,54.8,61.2,56.8,61.7,56.0,51.9,58.3,54.0,55.7,52.6,58.0,55.2,53.9,59.1,59.7,54.2,58.5,54.2,59.7,62.5,62.2,60.8,58.6,57.4,60.2,59.4,54.1,63.4,60.9,59.6,56.2,57.7,53.7,52.3,54.6,54.8,58.6,56.1
2866,62.6,56.8,59.6,63.3,62.5,63.0,63.6,62.2,63.2,61.7,64.8,64.2,64.8,61.1,63.0,63.3,62.8,60.6,64.8,65.5,62.3,62.5,63.9,60.4,60.9,62.9,63.0,62.1,61.5,63.7,62.4,62.8,57.9,59.9,58.9,59.5,66.9,55.6,63.6,60.6,63.2,63.3,59.8,60.0,61.9,60.1,60.9,61.5,69.4,58.5,64.6,60.2,65.9,59.0,54.4,61.0,56.5,58.0,55.7,60.6,57.9,57.2,62.1,62.7,57.7,61.6,57.4,61.6,64.6,64.4,64.7,62.5,60.7,62.8,62.1,57.9,65.4,63.1,61.6,59.5,60.9,57.5,54.8,56.7,57.5,60.8,58.9
2867,65.5,59.0,61.7,66.4,65.0,65.4,66.0,64.5,65.0,63.4,66.6,66.1,66.6,62.8,65.3,65.0,64.6,63.2,66.4,67.1,64.3,64.2,65.7,62.7,63.9,65.6,64.8,64.2,63.3,65.4,64.5,64.8,60.3,62.2,61.3,61.7,69.6,58.1,66.9,63.4,65.8,65.2,62.9,62.7,64.6,62.7,64.0,63.8,72.3,61.4,67.0,63.2,69.2,61.1,56.2,63.2,58.2,60.0,58.3,62.5,60.3,60.2,64.5,65.2,60.8,63.9,60.1,63.2,66.3,66.1,67.5,65.7,63.3,65.1,64.8,60.7,67.1,64.7,63.5,62.3,63.3,60.5,57.2,58.4,59.9,62.9,61.6
2868,67.7,60.8,63.5,68.7,66.9,67.3,67.9,66.3,66.4,64.9,68.0,67.6,68.2,64.1,67.3,66.3,66.2,65.1,67.5,68.5,65.9,65.3,67.2,64.4,66.3,67.4,66.3,65.9,65.0,66.6,66.2,65.9,62.3,64.2,63.3,63.6,71.7,59.6,69.4,65.8,68.4,66.7,65.4,64.6,67.1,64.4,66.6,65.8,74.3,63.1,68.6,65.4,71.4,62.9,57.8,64.9,59.6,61.3,60.6,63.8,62.3,62.5,66.4,67.3,63.7,65.4,62.9,64.7,67.5,67.6,69.5,68.3,65.6,67.0,66.9,62.6,68.4,66.2,64.8,64.5,65.4,63.1,59.0,59.6,61.8,64.5,63.5
2869,69.4,61.9,64.5,70.7,68.4,68.8,69.4,67.9,67.5,66.1,69.0,68.7,69.1,65.4,68.8,67.3,67.4,66.9,68.8,69.6,67.4,66.5,68.4,65.8,68.0,68.9,67.6,67.2,66.4,67.9,67.6,67.1,63.9,65.4,64.8,64.9,73.5,60.8,71.5,67.4,70.4,68.2,67.4,66.1,69.0,65.6,68.1,67.3,75.9,64.7,70.1,66.8,73.4,64.3,59.0,66.0,60.9,62.5,62.3,65.0,63.6,64.5,68.0,68.8,66.0,66.8,64.9,65.9,68.7,68.6,71.1,70.3,67.4,68.5,68.5,64.0,69.4,67.3,66.2,66.3,67.0,64.9,60.6,60.8,63.4,65.8,64.9
2870,70.5,62.5,65.4,72.2,69.3,69.7,70.3,68.7,68.2,67.0,69.7,69.5,70.0,66.3,69.6,67.9,68.3,68.0,69.5,70.1,68.3,67.4,69.5,66.8,69.3,69.9,68.3,68.3,67.5,68.5,68.6,67.9,65.1,66.4,65.8,65.9,74.6,61.5,72.9,68.6,72.0,69.0,68.9,67.2,70.2,66.4,69.1,68.2,76.7,65.7,70.8,67.8,74.6,65.1,59.8,66.6,61.6,63.2,63.5,65.8,64.5,66.1,69.3,69.9,68.0,67.5,66.2,66.9,69.3,69.5,71.9,71.7,68.3,69.5,69.7,65.1,69.9,68.0,67.2,67.7,68.4,66.2,61.6,61.0,64.5,66.8,66.1
2871,70.8,62.4,65.4,73.0,69.9,70.3,70.8,69.0,68.2,67.3,70.0,69.9,70.3,66.8,69.9,68.5,68.9,68.6,69.7,70.1,68.9,67.9,70.0,67.4,69.9,70.5,68.8,68.8,67.7,68.7,69.1,68.0,65.8,66.9,66.5,66.4,75.0,61.1,73.6,68.7,72.8,69.1,69.6,67.7,70.8,66.5,69.5,68.7,76.9,66.5,71.4,67.9,75.0,65.2,60.3,67.1,62.1,63.6,64.6,66.4,64.9,67.1,69.8,70.3,69.0,67.6,66.8,67.3,69.5,69.7,72.4,72.7,68.9,69.9,70.2,65.3,70.1,68.1,67.6,68.6,68.9,66.9,62.0,60.9,65.1,67.4,66.6
2872,70.8,61.7,64.6,73.0,70.0,70.5,70.8,69.1,68.0,67.2,69.6,69.9,69.9,66.8,69.8,68.4,68.8,68.3,69.1,69.8,68.8,68.1,70.1,67.2,69.8,70.5,68.8,68.7,67.9,68.6,69.1,67.6,65.5,66.9,66.4,66.4,74.8,60.5,73.9,68.5,73.0,68.6,69.6,67.5,70.4,66.0,69.1,68.2,76.1,66.7,70.9,67.1,74.5,64.7,60.4,67.1,61.9,63.7,64.9,66.1,64.9,67.7,69.9,70.2,69.2,67.2,66.9,67.4,69.3,69.5,71.8,72.7,68.6,69.7,69.8,64.7,69.7,67.9,67.4,68.6,68.8,67.1,61.8,60.2,65.2,67.1,66.5
2873,68.9,60.6,63.3,72.3,69.3,69.9,70.2,68.6,67.2,66.6,68.8,69.5,69.0,66.4,69.3,67.9,68.2,67.2,68.3,68.8,68.1,67.5,69.4,66.5,69.1,69.8,68.3,68.2,67.3,67.9,68.6,66.9,64.9,66.1,65.9,65.8,73.8,59.4,73.2,67.5,72.4,66.9,69.2,66.7,68.9,64.7,68.3,66.8,74.4,65.8,70.3,65.7,73.4,63.2,60.0,66.2,61.7,63.3,64.7,65.3,64.1,67.3,68.9,69.0,68.5,66.2,65.5,66.9,68.5,68.8,70.6,72.6,67.5,69.0,68.7,63.9,68.9,67.2,66.9,68.1,68.2,66.7,61.3,58.9,64.7,66.5,65.8
2874,65.8,57.8,60.1,71.0,67.8,68.5,68.8,67.4,65.6,65.2,67.0,68.3,67.5,65.4,67.9,66.4,66.7,64.9,66.5,67.1,66.6,65.9,68.1,65.2,67.3,68.2,67.2,66.8,65.9,66.7,67.2,65.2,63.7,64.7,64.8,64.5,71.2,56.9,71.7,65.2,71.0,63.9,67.6,65.0,66.1,61.9,66.4,64.5,71.4,64.0,68.6,63.7,71.5,60.3,58.9,64.5,60.6,62.1,63.9,63.4,62.3,66.1,66.8,66.8,66.6,64.1,62.8,65.7,67.1,67.0,68.6,71.1,65.1,67.5,66.1,62.1,67.2,65.5,65.6,66.8,66.7,65.2,59.8,57.1,63.4,65.3,64.5
2875,60.1,53.9,54.5,67.6,65.1,66.2,65.9,64.5,62.9,62.7,64.4,66.2,64.2,63.2,64.8,64.0,63.9,60.4,63.7,63.9,63.9,63.2,65.2,62.4,64.0,65.1,65.4,63.7,63.2,63.9,64.8,62.1,61.0,62.2,62.8,62.1,65.3,52.9,68.2,60.4,68.3,58.2,64.5,61.7,61.7,57.2,62.9,60.3,66.3,60.5,65.8,61.0,68.0,55.2,56.9,61.1,58.3,59.6,62.0,59.5,59.5,63.8,62.6,62.3,63.2,60.4,57.7,63.7,64.1,64.4,64.8,67.7,60.9,64.5,61.4,58.2,64.1,62.8,62.7,63.5,63.3,62.1,56.5,54.9,61.1,62.9,61.6
2876,56.7,51.2,51.3,62.9,61.7,63.6,63.1,61.0,60.9,60.5,62.3,63.4,61.8,60.8,62.0,61.7,60.2,56.1,61.5,61.8,61.0,60.6,62.0,59.2,58.8,60.8,63.6,60.9,60.4,61.1,62.0,59.7,57.2,59.2,60.1,58.7,61.7,50.3,63.4,56.6,65.5,55.0,59.6,57.1,58.5,53.9,59.2,57.2,63.3,54.8,61.7,58.7,63.0,52.2,54.2,57.3,55.3,56.8,59.0,56.0,56.7,59.4,57.8,58.5,59.5,56.4,53.8,61.6,61.5,61.9,60.2,61.3,57.3,60.4,58.1,53.3,61.6,60.3,60.3,58.4,59.2,57.6,50.8,53.3,57.8,60.1,57.6
2877,54.2,49.4,49.1,59.8,59.6,61.6,61.2,58.7,59.6,59.2,60.7,61.5,60.3,59.4,60.2,60.3,58.2,53.4,59.8,60.4,59.2,59.1,60.4,57.4,56.3,58.8,62.2,59.1,58.7,59.6,60.2,58.5,54.9,57.4,58.0,56.7,59.0,48.4,60.2,53.6,62.9,53.3,56.6,55.0,56.3,51.4,56.3,54.8,60.6,51.5,58.5,57.0,58.8,50.8,52.6,54.6,53.3,54.9,56.0,54.1,54.4,55.2,54.8,55.9,57.3,54.0,51.9,60.4,60.0,60.3,57.2,58.0,54.8,57.8,55.8,51.1,60.2,58.8,58.8,55.6,57.1,54.6,48.1,52.1,55.5,58.4,55.3
2878,52.2,47.7,47.8,57.4,58.0,60.1,59.5,57.4,58.6,58.1,59.4,60.0,58.9,58.2,58.8,59.2,57.0,51.4,58.5,59.2,58.0,57.8,59.1,56.3,54.9,57.5,60.9,57.8,57.4,58.6,58.8,57.4,53.3,55.6,56.4,55.4,56.8,46.8,58.0,51.6,61.1,51.8,54.7,53.3,54.5,49.9,53.9,52.6,58.2,49.8,56.2,55.2,56.4,49.5,51.5,52.4,51.9,53.5,53.8,52.7,53.1,53.0,52.6,53.3,55.3,52.0,50.0,59.3,59.0,59.2,55.0,55.9,52.3,55.9,53.7,49.3,58.9,57.5,57.7,53.7,55.5,52.4,47.1,51.2,53.8,57.0,53.4
2879,50.7,46.5,46.8,55.7,56.7,59.0,58.4,56.2,57.4,57.4,58.2,58.7,57.8,57.3,57.8,58.4,56.1,49.8,57.4,58.3,57.0,57.0,58.3,55.2,53.6,56.5,59.9,57.0,56.3,57.7,57.8,56.7,52.2,54.3,55.1,54.3,55.4,45.6,56.9,49.9,59.3,50.6,53.2,52.0,52.7,48.4,51.5,50.7,55.7,48.1,54.0,53.5,54.4,48.1,50.4,50.3,50.7,52.5,51.7,51.7,51.5,51.1,50.9,50.9,53.5,50.1,48.3,58.2,58.1,58.1,53.2,54.1,50.1,54.6,51.5,47.4,58.1,56.6,56.8,51.9,54.5,51.0,46.1,50.2,52.4,55.9,52.3
2880,49.1,45.6,45.8,54.2,55.6,58.1,57.4,55.0,56.5,56.6,57.4,57.7,56.9,56.6,56.9,57.6,55.4,48.5,56.5,57.3,56.1,56.2,57.5,54.3,52.6,55.4,59.0,55.9,55.4,56.9,56.9,55.7,51.1,52.9,54.0,52.8,54.1,44.6,55.4,48.4,57.6,49.5,51.8,50.7,50.8,47.0,49.6,48.9,53.4,46.3,52.4,51.8,52.6,47.1,49.2,48.9,49.4,51.3,50.3,50.4,50.1,49.5,49.4,49.1,51.7,48.6,46.4,57.4,57.3,57.2,51.5,52.4,48.4,53.2,49.6,46.2,57.2,55.9,56.0,51.1,53.3,49.7,45.6,49.5,51.3,54.9,51.2
2881,47.6,44.7,44.6,52.9,54.7,57.3,56.5,54.4,55.8,55.8,56.5,56.8,56.0,55.8,56.2,56.8,54.5,47.2,55.5,56.6,55.4,55.4,56.8,53.4,51.9,54.7,58.2,55.2,54.5,56.1,55.9,55.1,50.0,52.0,53.0,52.0,52.6,43.4,54.4,46.9,55.8,48.6,50.6,49.5,49.4,45.9,47.7,47.2,51.0,44.5,50.7,50.1,50.8,46.1,48.3,47.5,48.5,50.1,48.9,49.3,49.1,48.1,48.1,47.2,50.1,46.8,44.8,56.6,56.4,56.2,49.8,50.9,46.9,51.7,47.6,44.4,56.4,55.0,55.3,50.2,52.2,48.6,44.9,48.6,50.3,54.1,50.3
2882,46.2,44.0,43.9,51.7,53.9,56.3,55.6,53.6,55.2,54.9,55.7,56.1,55.1,55.2,55.3,56.2,53.9,46.4,54.9,55.8,54.7,54.8,56.2,52.4,50.9,53.9,57.4,54.5,53.8,55.6,55.3,54.6,49.2,51.1,51.9,51.2,51.8,42.9,53.1,45.5,54.5,47.9,49.6,48.5,48.0,44.9,46.0,45.9,49.0,43.0,49.6,48.6,49.3,45.1,47.4,46.3,47.5,49.1,47.7,48.2,48.1,47.0,46.8,45.6,48.5,45.5,43.3,56.0,55.6,55.6,48.2,49.7,45.6,50.5,45.7,43.2,55.6,54.1,54.7,49.5,51.3,47.5,44.3,47.9,49.6,53.2,49.6
2883,44.8,43.2,43.0,50.5,53.1,55.4,54.9,52.8,54.6,54.5,55.1,55.5,54.6,54.5,54.7,55.7,53.6,45.1,54.3,55.3,54.1,54.3,55.4,51.6,50.3,53.1,56.6,53.9,53.1,55.0,54.6,54.1,48.5,50.3,51.2,50.1,50.5,42.1,52.3,44.4,52.9,47.2,48.5,47.4,46.8,44.1,44.4,44.5,47.3,41.9,48.3,47.3,47.4,44.0,46.4,45.2,46.5,48.5,46.7,47.2,47.2,46.0,45.6,44.2,47.4,44.1,42.0,55.4,55.0,54.8,46.6,48.9,44.3,49.2,44.4,42.0,55.1,53.5,54.2,48.8,50.4,46.4,43.6,47.3,48.7,52.4,48.8
2884,43.8,42.7,42.1,49.5,52.4,54.9,54.4,52.3,54.0,54.1,54.5,55.0,53.9,54.1,53.9,55.2,53.0,44.1,53.8,54.6,53.5,53.8,54.7,50.7,49.5,52.4,56.1,53.4,52.5,54.4,53.9,53.7,47.8,49.7,50.5,49.6,49.6,41.4,51.4,43.2,51.7,46.6,47.6,46.3,45.8,42.9,43.0,43.4,45.7,40.6,47.2,46.1,45.9,43.2,45.6,44.2,45.9,47.8,45.6,46.4,46.4,44.8,44.7,42.6,46.4,43.0,40.8,54.8,54.3,54.2,45.0,47.8,43.2,48.0,43.2,40.6,54.7,53.0,53.6,48.2,49.7,45.7,42.8,46.8,48.0,51.5,47.9
2885,43.2,42.1,41.3,48.7,51.8,54.1,53.7,51.6,53.6,53.4,53.9,54.4,53.5,53.4,53.1,54.5,52.5,43.3,53.2,54.2,52.8,53.2,54.3,50.1,48.7,51.8,55.4,52.7,51.8,53.9,53.2,53.3,47.2,49.0,49.9,48.8,48.6,40.9,50.4,42.1,50.6,46.1,46.7,45.4,44.9,42.2,41.9,42.3,44.3,39.6,46.1,45.0,44.5,42.6,44.9,43.3,45.1,47.2,44.8,45.4,45.7,43.9,43.9,41.4,45.5,42.1,39.9,54.2,53.8,53.7,43.4,46.7,42.2,47.2,42.2,39.8,54.3,52.6,53.0,47.6,49.0,44.8,42.1,46.4,47.5,50.9,47.2
2886,45.4,43.5,43.7,48.1,51.4,53.7,53.4,51.4,53.8,53.2,54.7,54.3,54.4,53.2,52.9,54.7,52.1,46.4,54.0,55.5,52.6,53.2,54.3,49.7,48.0,51.3,55.3,52.4,51.6,54.0,53.0,53.9,46.7,48.8,49.8,48.8,50.2,42.2,49.5,43.1,50.4,48.3,46.1,45.7,46.5,43.8,42.2,45.1,47.2,39.1,45.4,45.8,44.1,44.5,44.4,46.0,44.9,47.1,44.1,47.8,47.8,43.0,46.8,44.3,45.7,45.4,41.0,54.1,54.3,54.5,42.8,46.0,44.0,47.4,45.9,39.1,55.4,53.1,52.8,46.8,48.5,44.1,41.8,47.9,46.9,50.7,47.2
2887,50.4,47.5,48.9,50.1,53.6,55.4,55.4,54.1,56.1,55.4,57.7,56.6,57.6,54.9,54.9,56.7,55.1,51.3,57.2,58.2,55.3,55.7,56.9,51.9,50.0,53.8,57.0,54.6,54.0,56.7,55.2,56.2,49.0,51.3,51.6,51.7,55.3,46.4,51.3,49.6,53.4,53.3,48.2,50.4,50.2,48.8,47.0,50.9,55.3,43.6,50.3,49.3,50.0,48.6,46.1,50.4,47.8,50.0,46.0,51.7,50.0,45.7,51.8,50.7,48.1,51.1,46.5,55.7,57.4,57.5,49.3,48.0,49.0,52.5,51.6,44.3,58.3,56.0,55.1,48.9,50.8,46.1,45.7,50.4,48.8,53.0,50.3
2888,54.9,51.0,53.3,54.9,56.8,58.0,58.3,57.0,58.7,57.7,60.5,59.3,60.5,57.3,57.9,59.4,58.0,54.9,60.3,61.0,58.0,58.3,59.5,54.9,53.9,56.9,59.1,57.3,56.7,59.3,57.9,58.7,52.1,54.4,54.1,54.5,60.0,50.1,55.8,54.2,56.7,57.5,52.4,54.1,54.3,53.5,51.6,55.4,61.6,49.7,56.9,53.2,56.4,52.7,48.9,55.0,51.1,53.0,49.4,55.3,52.7,50.0,56.0,56.1,51.2,55.5,51.0,57.9,60.4,60.0,55.4,53.9,53.5,57.1,56.2,49.8,61.3,58.6,57.6,52.7,54.3,49.8,49.7,53.0,51.9,56.1,53.5
2889,59.0,53.9,56.9,59.7,59.9,60.8,61.2,60.0,61.4,60.2,63.0,62.2,63.2,59.6,60.8,61.7,60.9,58.1,63.1,63.6,60.8,60.7,62.1,57.9,57.7,60.4,61.5,60.1,59.5,61.7,60.7,61.2,55.2,57.5,56.7,57.4,63.9,53.2,60.0,57.9,60.2,60.7,56.6,57.3,58.5,57.2,56.8,58.7,66.2,55.0,61.3,57.3,61.8,56.1,51.9,58.7,54.2,55.8,52.9,58.5,55.6,54.2,59.4,60.0,54.6,58.9,54.5,60.2,62.8,62.6,60.7,58.8,57.6,60.3,59.7,54.2,63.9,61.2,60.1,56.5,57.9,53.9,52.5,55.1,55.1,59.1,56.5
2890,62.7,56.6,59.6,63.7,62.9,63.3,63.8,62.7,63.6,62.2,65.3,64.6,65.3,61.6,63.3,63.8,63.2,61.0,65.3,65.9,62.9,62.9,64.2,60.7,61.2,63.2,63.6,62.5,62.0,63.9,62.9,63.2,58.1,60.2,59.3,59.8,67.1,55.6,64.0,60.9,63.3,63.4,60.0,60.1,62.0,60.2,60.9,61.8,69.6,58.6,64.8,60.7,65.9,59.1,54.6,61.4,56.6,58.2,56.0,61.1,58.3,57.6,62.4,63.1,58.1,62.1,57.8,62.1,64.9,64.7,64.6,62.8,60.9,62.9,62.5,58.0,66.0,63.4,62.1,59.7,61.1,57.6,55.1,57.1,57.8,61.3,59.2
2891,65.5,58.7,61.7,66.8,65.3,65.7,66.3,65.0,65.4,63.9,67.0,66.6,67.0,63.2,65.6,65.4,65.1,63.7,66.9,67.5,64.7,64.6,66.0,63.1,64.2,65.9,65.4,64.6,63.9,65.7,65.0,65.1,60.5,62.5,61.6,62.0,69.9,57.9,67.2,63.6,65.9,65.4,63.2,62.7,64.7,62.7,64.1,64.0,72.5,61.7,67.1,63.7,69.2,61.2,56.4,63.7,58.3,60.1,58.6,63.0,60.8,60.5,64.9,65.6,61.3,64.4,60.6,63.7,66.6,66.5,67.5,66.0,63.5,65.3,65.1,60.8,67.7,65.1,63.9,62.5,63.6,60.6,57.5,58.8,60.1,63.3,61.8
2892,67.8,60.4,63.4,69.0,67.2,67.6,68.2,66.7,66.7,65.3,68.4,68.0,68.6,64.5,67.6,66.6,66.6,65.6,67.9,68.9,66.4,65.6,67.4,64.6,66.6,67.7,66.8,66.3,65.5,66.7,66.6,66.3,62.4,64.4,63.5,63.8,72.0,59.4,69.8,65.9,68.5,66.9,65.7,64.6,67.1,64.3,66.6,65.9,74.5,63.4,68.7,65.9,71.5,62.9,57.9,65.4,59.7,61.5,61.0,64.3,62.9,62.8,66.8,67.6,64.1,65.9,63.4,65.1,67.8,67.8,69.5,68.5,65.7,67.2,67.3,62.8,69.0,66.5,65.2,64.7,65.7,63.1,59.3,60.0,61.9,64.9,63.7
2893,69.4,61.5,64.5,70.9,68.7,69.1,69.7,68.3,67.7,66.5,69.4,69.0,69.5,65.8,69.1,67.6,67.8,67.3,69.2,70.0,67.8,66.8,68.7,66.1,68.3,69.2,68.0,67.6,66.8,68.1,68.0,67.3,63.9,65.7,65.0,65.1,73.7,60.6,71.7,67.5,70.5,68.3,67.6,66.3,69.0,65.6,68.0,67.5,76.1,65.0,70.3,67.4,73.5,64.3,59.1,66.5,61.0,62.7,62.8,65.5,64.2,64.9,68.5,69.1,66.5,67.2,65.4,66.2,68.9,68.9,71.2,70.5,67.4,68.7,69.0,64.2,69.8,67.7,66.6,66.4,67.3,64.9,60.9,61.1,63.4,66.2,65.1
2894,70.4,62.1,65.2,72.5,69.6,70.0,70.7,69.0,68.4,67.3,70.1,69.8,70.3,66.6,70.0,68.2,68.7,68.5,69.8,70.5,68.7,67.6,69.7,67.1,69.6,70.3,68.7,68.6,67.9,68.7,69.0,68.1,65.1,66.6,65.9,66.1,74.8,61.3,73.3,68.7,72.0,69.1,69.1,67.4,70.1,66.4,69.1,68.4,76.9,66.0,70.9,68.3,74.8,65.1,59.9,67.1,61.7,63.5,63.9,66.2,65.1,66.5,69.8,70.3,68.5,68.0,66.7,67.2,69.5,69.8,72.0,71.9,68.4,69.7,70.1,65.4,70.3,68.3,67.5,67.8,68.7,66.2,61.9,61.4,64.5,67.2,66.2
2895,70.7,62.1,65.1,73.3,70.2,70.7,71.1,69.3,68.3,67.6,70.4,70.1,70.6,67.1,70.2,68.7,69.3,69.1,70.0,70.5,69.2,68.1,70.2,67.6,70.2,70.9,69.1,69.1,68.2,68.8,69.4,68.1,65.8,67.1,66.7,66.6,75.3,60.9,74.0,68.9,72.8,69.2,69.9,67.9,70.6,66.5,69.8,68.9,77.1,66.7,71.6,68.4,75.2,65.2,60.5,67.7,62.2,63.8,65.1,66.8,65.5,67.7,70.3,70.6,69.4,68.0,67.3,67.6,69.6,70.0,72.4,72.9,68.8,70.1,70.6,65.6,70.5,68.4,67.9,68.7,69.2,66.9,62.4,61.2,65.1,67.6,66.7
2896,70.5,61.3,64.4,73.4,70.3,70.8,71.1,69.4,68.2,67.5,70.0,70.1,70.3,67.1,70.1,68.7,69.1,68.7,69.5,70.2,69.1,68.3,70.3,67.5,70.2,70.8,69.1,69.0,68.2,68.8,69.4,67.8,65.5,67.0,66.6,66.7,75.0,60.2,74.2,68.6,73.0,68.7,70.0,67.7,70.1,66.1,69.4,68.4,76.3,67.0,71.2,67.6,74.7,64.7,60.5,67.5,62.1,63.9,65.4,66.6,65.6,68.2,70.3,70.5,69.7,67.7,67.3,67.7,69.4,69.7,71.9,72.9,68.4,69.9,70.2,64.9,70.1,68.3,67.7,68.7,69.1,67.1,62.2,60.6,65.3,67.4,66.6
2897,68.7,60.3,63.1,72.6,69.6,70.2,70.5,68.9,67.4,66.9,69.2,69.7,69.3,66.7,69.5,68.1,68.5,67.6,68.6,69.1,68.5,67.5,69.7,66.8,69.5,70.2,68.6,68.6,67.6,68.1,68.9,67.1,64.9,66.2,66.1,66.0,74.0,59.1,73.4,67.5,72.4,67.0,69.5,66.8,68.6,64.7,68.6,67.1,74.7,66.1,70.5,66.2,73.5,63.1,60.2,66.6,61.8,63.5,65.2,65.7,64.8,67.8,69.4,69.5,69.0,66.6,65.8,67.1,68.7,69.1,70.8,72.7,67.2,69.2,69.1,64.3,69.2,67.5,67.2,68.2,68.5,66.7,61.7,59.3,64.8,66.8,65.9
2898,65.7,57.6,60.0,71.3,68.1,68.8,69.1,67.7,65.8,65.5,67.5,68.6,67.8,65.7,68.2,66.7,67.0,65.4,66.8,67.3,67.0,66.3,68.3,65.4,67.6,68.6,67.6,67.0,66.2,66.9,67.5,65.4,63.7,64.9,65.0,64.5,71.4,56.7,71.9,65.2,71.1,64.0,67.8,65.2,65.9,61.9,66.7,64.8,71.7,64.4,68.9,64.2,71.7,60.3,59.1,65.0,60.8,62.3,64.4,63.8,63.0,66.7,67.2,67.2,67.1,64.6,63.2,66.0,67.3,67.3,68.8,71.2,64.9,67.7,66.5,62.4,67.5,65.9,65.9,66.7,66.9,65.2,60.2,57.4,63.5,65.6,64.5
2899,60.0,53.7,54.5,67.8,65.4,66.5,66.2,64.8,63.1,63.1,64.8,66.4,64.6,63.5,65.1,64.3,64.3,60.8,64.0,64.2,64.2,63.5,65.6,62.6,64.3,65.5,65.8,64.0,63.6,64.2,65.1,62.4,61.0,62.3,62.9,62.1,65.6,52.8,68.5,60.5,68.4,58.3,64.7,62.0,61.5,57.1,63.2,60.6,66.6,60.9,66.0,61.4,68.2,55.3,57.1,61.5,58.5,59.9,62.5,60.0,60.1,64.3,63.0,62.8,63.6,60.8,58.1,64.0,64.3,64.7,65.0,67.8,60.7,64.8,61.9,58.6,64.3,63.2,63.0,63.5,63.5,62.0,57.0,55.2,61.2,63.2,61.7
2900,56.6,51.0,51.3,63.1,62.1,63.8,63.5,61.3,61.2,60.8,62.7,63.7,62.1,61.2,62.2,62.1,60.6,56.5,61.8,62.0,61.3,60.9,62.4,59.3,59.0,61.1,63.9,61.2,60.8,61.5,62.3,60.0,57.2,59.4,60.2,58.7,61.9,50.2,63.5,56.6,65.6,55.0,59.7,57.2,58.3,53.8,59.5,57.5,63.5,55.1,61.9,59.2,63.2,52.3,54.3,57.7,55.5,57.0,59.5,56.4,57.2,59.9,58.1,59.0,59.8,56.8,54.1,61.9,61.7,62.2,60.4,61.5,57.4,60.6,58.5,53.7,61.9,60.8,60.5,58.4,59.3,57.6,51.3,53.6,57.8,60.4,57.7
2901,54.0,49.3,49.1,59.9,59.9,62.0,61.5,59.0,59.8,59.5,61.1,61.7,60.6,59.8,60.5,60.7,58.6,53.7,60.2,60.7,59.5,59.5,60.8,57.5,56.4,59.0,62.4,59.4,59.0,59.9,60.5,58.7,54.9,57.6,58.0,56.8,59.2,48.4,60.4,53.6,63.0,53.2,56.6,55.1,56.2,51.3,56.5,55.2,60.8,51.8,58.6,57.4,59.1,50.7,52.8,55.1,53.5,55.0,56.5,54.5,54.9,55.7,55.0,56.3,57.6,54.3,52.2,60.7,60.2,60.6,57.4,58.1,54.9,58.0,56.1,51.4,60.5,59.2,59.1,55.5,57.3,54.5,48.3,52.4,55.5,58.6,55.4
2902,52.0,47.6,47.7,57.5,58.3,60.4,59.9,57.5,58.8,58.5,59.8,60.2,59.2,58.5,59.1,59.7,57.3,51.7,58.8,59.5,58.3,58.2,59.5,56.3,55.0,57.7,61.2,58.1,57.7,59.0,59.2,57.7,53.3,55.8,56.5,55.5,57.1,46.9,58.2,51.6,61.2,51.8,54.7,53.3,54.5,49.8,54.1,52.9,58.4,50.0,56.5,55.6,56.8,49.3,51.6,52.7,52.0,53.7,54.2,53.0,53.5,53.4,52.7,53.7,55.5,52.4,50.2,59.5,59.2,59.5,55.3,55.9,52.5,56.0,54.1,49.5,59.2,57.9,58.0,53.6,55.6,52.3,47.4,51.4,53.8,57.2,53.6
2903,50.5,46.5,46.6,55.7,56.9,59.3,58.7,56.2,57.8,57.7,58.6,59.0,58.1,57.6,58.1,58.8,56.4,49.9,57.7,58.6,57.2,57.5,58.6,55.3,53.7,56.6,60.2,57.3,56.5,58.0,58.0,57.0,52.1,54.5,55.2,54.4,55.5,45.7,56.9,50.0,59.5,50.7,53.2,52.1,52.7,48.3,51.6,51.0,56.0,48.3,54.3,53.9,54.8,48.0,50.6,50.6,50.8,52.6,52.1,52.0,51.9,51.5,51.1,51.2,53.8,50.5,48.5,58.5,58.3,58.4,53.5,54.1,50.3,54.7,51.9,47.7,58.4,57.1,57.1,51.9,54.6,50.9,46.3,50.4,52.4,56.1,52.4
2904,49.0,45.6,45.7,54.2,55.7,58.4,57.7,55.2,56.8,56.9,57.8,58.0,57.3,56.8,57.1,57.9,55.7,48.7,56.9,57.7,56.3,56.7,57.9,54.3,52.7,55.5,59.3,56.1,55.6,57.2,57.1,56.1,51.1,53.0,54.0,52.9,54.2,44.7,55.4,48.7,57.8,49.5,51.8,50.8,50.9,46.9,49.8,49.3,53.7,46.5,52.7,52.1,53.1,47.0,49.4,49.1,49.7,51.5,50.6,50.8,50.5,50.0,49.4,49.4,51.9,49.0,46.7,57.6,57.5,57.6,51.8,52.5,48.6,53.2,49.8,46.4,57.5,56.3,56.4,51.1,53.4,49.6,45.8,49.7,51.4,55.0,51.3
2905,47.5,44.7,44.6,52.9,54.9,57.5,56.6,54.4,56.2,56.0,56.9,57.1,56.3,56.0,56.3,57.1,54.8,47.3,55.9,56.9,55.5,55.9,57.1,53.4,52.0,54.8,58.4,55.4,54.7,56.5,56.1,55.4,50.0,52.1,53.0,52.0,52.7,43.6,54.4,47.1,55.9,48.7,50.6,49.5,49.5,45.9,47.8,47.5,51.4,44.7,51.1,50.4,51.3,46.0,48.5,47.8,48.7,50.3,49.2,49.7,49.4,48.6,48.1,47.6,50.2,47.2,45.0,56.9,56.7,56.6,50.2,51.0,47.1,51.8,47.8,44.6,56.8,55.5,55.6,50.2,52.3,48.4,45.1,48.8,50.4,54.1,50.4
2906,46.2,44.0,43.8,51.7,54.0,56.5,55.8,53.6,55.5,55.1,56.2,56.4,55.5,55.4,55.4,56.6,54.1,46.4,55.3,56.1,54.9,55.2,56.5,52.4,51.0,54.1,57.6,54.7,54.0,56.0,55.4,54.9,49.2,51.3,51.9,51.2,51.9,43.0,53.2,45.7,54.6,47.9,49.6,48.6,48.1,44.9,46.1,46.2,49.3,43.3,49.9,48.8,49.8,45.1,47.6,46.5,47.8,49.3,48.0,48.7,48.4,47.4,46.8,45.9,48.6,45.8,43.5,56.1,55.9,56.0,48.5,49.8,45.7,50.6,46.0,43.5,55.9,54.6,54.9,49.5,51.5,47.4,44.5,48.1,49.6,53.2,49.7
2907,44.8,43.3,43.0,50.5,53.2,55.6,55.1,52.8,54.8,54.6,55.5,55.8,55.0,54.6,54.7,56.0,53.8,45.1,54.7,55.6,54.2,54.6,55.6,51.6,50.4,53.3,56.8,54.1,53.2,55.3,54.8,54.4,48.5,50.5,51.2,50.1,50.6,42.3,52.4,44.6,53.0,47.2,48.5,47.6,46.9,44.2,44.6,44.9,47.5,42.1,48.6,47.5,47.8,44.1,46.6,45.3,46.8,48.7,47.0,47.6,47.5,46.4,45.7,44.3,47.5,44.4,42.1,55.6,55.3,55.2,47.0,48.9,44.5,49.3,44.5,42.2,55.4,54.0,54.4,48.8,50.5,46.2,43.8,47.4,48.8,52.5,48.9
2908,43.8,42.8,42.1,49.5,52.5,55.0,54.6,52.4,54.3,54.2,55.0,55.3,54.2,54.3,54.0,55.4,53.2,44.1,54.3,55.0,53.6,54.1,55.0,50.8,49.6,52.6,56.2,53.5,52.6,54.7,54.0,54.0,47.7,49.9,50.6,49.7,49.8,41.6,51.5,43.3,51.8,46.7,47.5,46.4,46.1,43.1,43.3,43.7,45.9,40.9,47.5,46.4,46.3,43.3,45.9,44.3,46.2,48.0,45.9,46.7,46.7,45.2,44.7,42.8,46.6,43.2,41.0,54.9,54.7,54.7,45.3,47.8,43.5,48.1,43.4,41.0,55.0,53.5,53.8,48.1,49.8,45.5,43.0,46.9,48.1,51.6,48.0
2909,43.3,42.3,41.4,48.7,52.0,54.2,53.9,51.6,53.8,53.4,54.3,54.7,53.8,53.6,53.2,54.8,52.6,43.3,53.6,54.6,52.8,53.5,54.5,50.1,48.7,51.9,55.5,52.8,51.9,54.2,53.3,53.6,47.2,49.2,49.9,48.9,48.8,41.0,50.5,42.2,50.8,46.2,46.5,45.5,45.1,42.3,42.1,42.6,44.5,39.9,46.4,45.2,44.9,42.6,45.2,43.5,45.5,47.4,45.1,45.8,46.0,44.2,43.9,41.6,45.6,42.3,40.0,54.3,54.1,54.1,43.8,46.8,42.4,47.4,42.3,40.1,54.7,53.0,53.2,47.5,49.1,44.6,42.3,46.5,47.6,51.0,47.3
2910,45.7,43.7,43.9,48.1,51.5,53.9,53.6,51.4,54.0,53.4,55.1,54.6,54.8,53.3,53.0,54.9,52.2,46.6,54.4,55.9,52.7,53.5,54.4,49.8,47.9,51.4,55.5,52.5,51.8,54.3,53.2,54.1,46.8,49.0,49.9,48.9,50.4,42.4,49.7,43.3,50.6,48.5,46.0,45.9,46.8,44.1,42.6,45.5,47.5,39.3,45.7,46.1,44.5,44.7,44.6,46.3,45.3,47.4,44.4,48.3,48.1,43.4,47.0,44.6,45.8,45.8,41.2,54.2,54.6,55.0,43.1,46.1,44.3,47.6,46.2,39.4,55.8,53.6,52.9,46.7,48.6,44.0,42.0,48.1,47.0,50.8,47.4
2911,50.7,47.8,49.2,50.2,53.8,55.5,55.6,54.2,56.3,55.5,58.1,56.9,57.9,55.1,55.1,57.0,55.2,51.5,57.6,58.6,55.4,56.0,57.0,52.1,50.0,54.0,57.1,54.7,54.2,56.9,55.3,56.4,49.0,51.4,51.7,51.8,55.4,46.8,51.5,49.8,53.6,53.4,48.2,50.5,50.5,49.1,47.3,51.3,55.6,44.0,50.6,49.6,50.3,48.9,46.4,50.9,48.2,50.3,46.4,52.2,50.4,46.2,52.1,51.1,48.3,51.5,46.8,55.9,57.7,57.8,49.6,48.2,49.3,52.7,52.0,44.8,58.7,56.3,55.3,49.0,51.0,46.0,46.0,50.6,48.9,53.1,50.4
2912,55.2,51.3,53.6,55.1,56.9,58.2,58.5,57.1,58.8,57.8,60.9,59.5,60.8,57.5,58.0,59.5,58.2,55.2,60.7,61.4,58.1,58.5,59.7,55.0,54.0,57.1,59.2,57.5,56.9,59.6,58.0,58.8,52.2,54.5,54.3,54.6,60.0,50.4,55.9,54.4,57.0,57.5,52.5,54.3,54.7,53.8,51.8,55.8,62.0,50.1,57.1,53.6,56.6,53.0,49.2,55.5,51.5,53.3,49.9,55.8,53.1,50.5,56.3,56.4,51.5,55.9,51.3,58.1,60.6,60.3,55.7,54.2,53.7,57.2,56.6,50.1,61.7,58.9,57.7,52.8,54.5,49.9,50.0,53.1,52.0,56.2,53.7
2913,59.3,54.3,57.3,59.8,60.1,61.0,61.3,60.1,61.5,60.3,63.3,62.3,63.3,59.7,60.9,61.8,61.0,58.4,63.4,63.9,60.9,60.9,62.3,57.9,57.8,60.6,61.7,60.2,59.6,61.9,60.8,61.2,55.3,57.7,56.9,57.5,64.0,53.5,60.1,58.1,60.5,60.7,56.7,57.4,58.9,57.5,57.0,59.1,66.5,55.4,61.5,57.6,62.0,56.4,52.2,59.2,54.5,56.1,53.4,59.0,56.0,54.7,59.7,60.4,54.8,59.3,54.8,60.3,63.0,62.8,60.9,58.9,57.8,60.4,60.1,54.5,64.3,61.5,60.2,56.5,58.0,54.1,52.8,55.3,55.2,59.2,56.6
2914,63.1,56.9,60.0,63.7,63.0,63.4,64.1,62.8,63.7,62.4,65.5,64.7,65.4,61.7,63.5,63.9,63.3,61.4,65.6,66.2,63.0,63.0,64.4,60.7,61.2,63.3,63.7,62.6,62.1,64.1,63.1,63.2,58.3,60.3,59.4,59.9,67.2,56.0,64.0,61.1,63.5,63.5,60.2,60.1,62.4,60.5,61.1,62.1,69.9,59.0,64.9,61.1,66.1,59.4,54.9,61.8,56.9,58.5,56.5,61.5,58.8,58.1,62.7,63.5,58.4,62.5,58.1,62.3,65.1,64.9,64.8,62.8,61.1,63.1,63.0,58.2,66.2,63.6,62.2,59.8,61.2,57.8,55.5,57.3,57.9,61.3,59.3
2915,65.9,59.1,62.1,66.8,65.4,65.9,66.4,65.0,65.4,64.1,67.1,66.6,67.0,63.4,65.7,65.5,65.1,64.0,67.1,67.8,64.8,64.7,66.2,63.1,64.2,66.0,65.5,64.7,64.0,65.9,65.1,65.1,60.7,62.6,61.7,62.1,69.8,58.2,67.2,63.7,66.2,65.4,63.3,62.8,65.2,63.0,64.3,64.4,72.8,62.0,67.3,64.2,69.4,61.5,56.6,64.1,58.7,60.4,59.1,63.4,61.2,61.0,65.2,66.1,61.6,64.8,61.1,63.9,66.9,66.6,67.6,66.0,63.6,65.5,65.6,61.1,67.9,65.3,64.0,62.6,63.7,60.9,57.9,58.9,60.3,63.4,62.0
2916,68.2,60.8,63.9,69.1,67.4,67.7,68.4,66.8,66.8,65.5,68.5,68.0,68.6,64.7,67.7,66.7,66.6,66.0,68.0,69.1,66.5,65.8,67.7,64.8,66.7,67.8,67.0,66.4,65.6,66.9,66.7,66.3,62.6,64.5,63.6,63.8,72.0,59.8,69.7,65.9,68.7,67.0,65.9,64.8,67.5,64.7,66.7,66.4,74.8,63.7,68.8,66.3,71.7,63.3,58.2,65.8,60.1,61.8,61.5,64.7,63.3,63.4,67.2,68.1,64.5,66.4,63.9,65.3,68.1,68.0,69.7,68.6,65.9,67.4,67.8,63.0,69.2,66.6,65.3,64.9,65.8,63.4,59.8,60.1,62.2,65.0,63.9
2917,69.8,62.0,65.0,71.0,68.9,69.3,69.8,68.4,67.7,66.7,69.5,69.0,69.5,66.0,69.2,67.7,67.9,67.8,69.3,70.2,67.9,67.0,68.9,66.3,68.4,69.3,68.2,67.7,67.0,68.3,68.1,67.3,64.2,65.8,65.1,65.2,73.7,61.0,71.6,67.6,70.8,68.5,67.9,66.4,69.3,66.0,68.2,67.9,76.4,65.4,70.3,67.8,73.6,64.8,59.4,66.9,61.3,63.0,63.3,65.9,64.7,65.4,68.8,69.7,66.9,67.7,65.9,66.4,69.1,69.0,71.3,70.6,67.7,69.0,69.4,64.5,70.0,67.8,66.8,66.7,67.4,65.2,61.5,61.1,63.7,66.3,65.3
2918,70.8,62.6,65.7,72.6,69.9,70.2,70.8,69.1,68.5,67.4,70.2,69.9,70.3,66.8,70.1,68.4,68.7,69.0,69.9,70.6,68.7,67.8,70.0,67.2,69.7,70.4,68.9,68.8,68.0,69.0,69.1,68.2,65.4,66.8,66.0,66.2,74.8,61.6,73.1,68.8,72.3,69.3,69.4,67.6,70.4,66.7,69.3,68.9,77.1,66.4,70.9,68.7,74.8,65.6,60.2,67.5,62.1,63.8,64.5,66.6,65.5,67.1,70.2,70.9,69.0,68.5,67.2,67.4,69.8,69.8,72.2,72.1,68.6,70.0,70.6,65.7,70.5,68.5,67.7,68.0,68.8,66.5,62.4,61.3,64.8,67.3,66.5
2919,71.0,62.6,65.6,73.5,70.4,70.9,71.3,69.6,68.4,67.8,70.4,70.2,70.6,67.3,70.4,68.9,69.3,69.6,70.1,70.7,69.3,68.4,70.5,67.8,70.4,71.0,69.3,69.3,68.4,69.2,69.5,68.2,66.0,67.3,66.8,66.8,75.3,61.3,73.9,69.0,73.1,69.4,70.2,68.1,70.8,66.8,69.8,69.2,77.3,67.0,71.4,68.9,75.0,65.8,60.8,68.1,62.5,64.1,65.6,67.1,66.0,68.2,70.7,71.2,70.0,68.5,67.8,67.8,69.9,70.1,72.6,73.1,69.0,70.4,71.1,65.8,70.7,68.7,68.1,69.0,69.3,67.4,63.0,61.2,65.4,67.8,66.8
2920,70.8,61.8,64.9,73.6,70.4,70.9,71.3,69.7,68.3,67.6,70.1,70.2,70.4,67.3,70.3,68.8,69.3,69.2,69.6,70.4,69.3,68.4,70.5,67.7,70.4,70.9,69.2,69.1,68.5,69.0,69.6,68.0,65.8,67.3,66.7,66.9,75.1,60.7,74.2,68.6,73.2,68.8,70.2,67.9,70.3,66.3,69.4,68.7,76.4,67.2,71.2,68.0,74.6,65.3,60.9,68.0,62.5,64.3,65.9,67.0,66.0,68.7,70.7,71.1,70.2,68.2,67.8,67.8,69.7,69.9,72.0,73.1,68.7,70.1,70.7,65.1,70.3,68.5,67.8,69.0,69.3,67.5,62.7,60.6,65.5,67.7,66.8
2921,69.0,60.8,63.5,72.8,69.7,70.3,70.7,69.1,67.6,67.1,69.3,69.9,69.5,67.0,69.7,68.3,68.7,68.2,68.8,69.3,68.7,67.7,70.0,67.0,69.7,70.2,68.7,68.7,67.8,68.4,69.1,67.3,65.3,66.5,66.3,66.2,74.1,59.5,73.5,67.6,72.6,67.2,69.8,67.1,69.0,64.9,68.7,67.4,74.8,66.4,70.5,66.7,73.4,63.8,60.5,67.1,62.2,63.9,65.8,66.2,65.3,68.4,69.8,70.0,69.6,67.2,66.3,67.3,68.9,69.2,70.8,72.9,67.6,69.5,69.6,64.4,69.4,67.7,67.4,68.5,68.7,67.1,62.2,59.2,65.1,67.1,66.1
2922,66.0,58.1,60.4,71.5,68.2,68.9,69.3,67.9,66.0,65.7,67.7,68.8,68.0,65.9,68.3,66.9,67.2,66.0,67.0,67.5,67.2,66.4,68.6,65.7,67.9,68.7,67.7,67.3,66.4,67.1,67.7,65.6,64.0,65.2,65.2,64.8,71.5,57.2,72.0,65.4,71.2,64.3,68.1,65.6,66.3,62.1,66.8,65.1,71.9,64.8,68.9,64.7,71.6,60.9,59.5,65.4,61.2,62.7,64.9,64.3,63.5,67.2,67.6,67.9,67.7,65.1,63.7,66.2,67.5,67.7,68.7,71.4,65.2,68.1,67.0,62.6,67.7,66.1,66.1,67.0,67.2,65.7,60.8,57.4,63.8,65.8,64.9
2923,60.3,54.2,54.9,68.1,65.7,66.7,66.5,64.9,63.3,63.2,65.1,66.6,64.8,63.8,65.3,64.6,64.5,61.3,64.3,64.4,64.4,63.7,65.9,62.9,64.6,65.6,65.9,64.2,63.8,64.4,65.3,62.6,61.4,62.7,63.1,62.5,65.8,53.3,68.6,60.7,68.5,58.5,65.0,62.4,61.8,57.5,63.3,61.0,66.8,61.3,66.1,61.9,68.2,55.8,57.5,62.0,58.9,60.2,63.0,60.4,60.6,64.8,63.4,63.4,64.2,61.4,58.6,64.1,64.6,65.1,65.0,68.0,61.1,65.1,62.4,58.8,64.5,63.4,63.2,64.0,63.9,62.6,57.6,55.3,61.7,63.4,62.1
2924,56.9,51.6,51.7,63.3,62.5,63.9,63.7,61.3,61.3,61.0,63.0,63.9,62.2,61.4,62.3,62.3,60.7,56.8,62.0,62.3,61.4,61.2,62.5,59.6,59.3,61.3,64.1,61.4,61.0,61.7,62.4,60.1,57.6,59.9,60.6,59.0,61.8,50.7,63.6,56.9,65.7,55.1,60.0,57.6,58.6,54.1,59.6,57.8,63.7,55.4,62.0,59.6,63.3,52.7,54.7,58.1,55.8,57.3,59.9,56.7,57.6,60.3,58.3,59.5,60.3,57.3,54.3,62.1,61.9,62.5,60.5,61.7,57.7,60.9,58.9,54.0,62.1,60.9,60.7,58.9,59.6,58.0,51.7,53.6,58.3,60.6,58.1
2925,54.5,49.7,49.5,60.1,60.2,62.1,61.8,59.0,60.0,59.7,61.3,61.7,60.7,60.0,60.5,60.8,58.6,54.0,60.3,60.9,59.5,59.7,60.9,57.8,56.8,59.1,62.5,59.6,59.0,60.1,60.5,58.7,55.3,57.9,58.3,56.9,59.3,48.8,60.6,53.8,63.1,53.5,57.0,55.4,56.5,51.6,56.6,55.5,61.0,52.0,58.7,57.9,59.2,51.1,53.1,55.5,53.7,55.3,56.8,54.9,55.2,56.1,55.1,56.7,58.0,54.7,52.5,60.9,60.4,60.9,57.5,58.3,55.2,58.2,56.5,51.7,60.7,59.3,59.3,55.9,57.6,55.0,48.8,52.5,55.9,58.8,55.7
2926,52.5,48.1,48.0,57.9,58.5,60.6,60.1,57.6,58.9,58.6,59.9,60.2,59.2,58.6,59.1,59.8,57.3,51.9,58.9,59.8,58.3,58.4,59.5,56.6,55.2,57.8,61.2,58.2,57.7,59.2,59.2,57.7,53.7,56.2,56.8,55.7,57.2,47.2,58.4,51.8,61.3,52.0,54.9,53.6,54.8,50.0,54.1,53.2,58.6,50.2,56.5,56.0,56.8,49.7,51.9,53.1,52.1,53.9,54.6,53.3,53.8,53.7,52.9,54.1,55.9,52.8,50.5,59.6,59.4,59.7,55.3,56.1,52.8,56.3,54.3,49.8,59.4,58.0,58.0,54.1,56.0,52.8,47.9,51.6,54.2,57.3,53.9
2927,50.9,46.9,47.0,56.1,57.1,59.5,58.9,56.4,57.8,57.7,58.7,59.0,58.0,57.7,58.1,58.9,56.4,50.2,57.8,58.8,57.2,57.6,58.7,55.7,54.0,56.8,60.4,57.3,56.5,58.1,58.0,57.0,52.5,54.9,55.5,54.6,55.6,46.0,57.2,50.3,59.6,51.0,53.5,52.4,53.0,48.6,51.7,51.2,56.2,48.5,54.4,54.3,54.8,48.3,50.8,50.9,51.0,52.8,52.5,52.2,52.1,51.7,51.2,51.6,54.1,50.8,48.7,58.5,58.5,58.6,53.5,54.3,50.7,55.0,52.2,47.9,58.5,57.3,57.1,52.4,54.9,51.3,46.8,50.7,52.9,56.2,52.8
2928,49.4,45.9,46.0,54.5,56.0,58.5,57.9,55.3,56.9,56.9,57.8,58.0,57.2,56.9,57.2,58.0,55.6,48.8,56.9,57.9,56.2,56.7,58.0,54.6,53.0,55.8,59.3,56.2,55.6,57.3,57.1,56.0,51.5,53.4,54.3,53.1,54.3,45.0,55.6,49.0,57.9,49.8,52.2,51.2,51.2,47.1,49.9,49.6,53.9,46.7,52.8,52.5,53.2,47.3,49.5,49.3,49.8,51.7,50.9,51.1,50.6,50.3,49.4,49.8,52.2,49.4,46.9,57.7,57.7,57.7,51.9,52.8,49.0,53.5,50.0,46.7,57.6,56.4,56.4,51.5,53.8,49.8,46.1,49.9,51.8,55.1,51.8
2929,47.8,45.0,45.0,53.3,55.2,57.6,56.9,54.7,56.2,56.1,57.0,57.0,56.3,56.1,56.5,57.2,54.7,47.3,56.0,57.1,55.5,55.9,57.2,53.7,52.3,55.1,58.4,55.5,54.7,56.6,56.1,55.4,50.4,52.6,53.3,52.3,52.9,43.9,54.5,47.4,56.0,48.9,50.9,49.8,49.8,46.1,47.8,47.8,51.3,45.0,51.1,50.8,51.5,46.4,48.7,47.9,48.8,50.4,49.5,49.9,49.6,49.0,48.1,47.9,50.4,47.6,45.2,56.9,56.8,56.7,50.3,51.3,47.5,52.0,48.0,44.9,56.9,55.5,55.6,50.6,52.7,48.5,45.4,49.1,50.8,54.3,50.9
2930,46.5,44.2,44.1,52.1,54.3,56.6,56.0,53.8,55.5,55.1,56.3,56.3,55.5,55.4,55.6,56.6,54.1,46.5,55.4,56.3,54.8,55.3,56.6,52.8,51.3,54.2,57.6,54.8,54.0,56.0,55.5,54.8,49.6,51.6,52.2,51.5,52.1,43.2,53.2,46.0,54.7,48.1,49.9,49.0,48.4,45.2,46.1,46.5,49.3,43.5,50.0,49.2,50.0,45.4,47.8,46.7,48.0,49.5,48.2,48.9,48.6,47.7,46.8,46.2,48.7,46.1,43.7,56.2,56.0,56.1,48.6,50.2,46.1,50.8,46.1,43.6,56.0,54.6,54.9,49.8,51.9,47.7,44.8,48.5,50.1,53.4,50.1
2931,45.2,43.5,43.3,50.9,53.5,55.7,55.3,52.9,54.9,54.6,55.5,55.8,55.0,54.7,54.9,56.1,53.8,45.1,54.9,55.8,54.2,54.6,55.7,52.0,50.6,53.5,56.8,54.1,53.2,55.3,54.8,54.3,48.9,50.9,51.5,50.4,50.8,42.5,52.5,44.7,53.2,47.3,48.9,47.9,47.3,44.4,44.7,45.1,47.6,42.3,48.7,47.8,47.9,44.3,46.8,45.5,46.9,48.9,47.2,47.8,47.7,46.6,45.7,44.5,47.7,44.6,42.4,55.6,55.4,55.3,47.1,49.2,44.8,49.5,44.7,42.5,55.5,54.0,54.4,49.1,51.0,46.5,44.0,47.8,49.2,52.6,49.3
2932,44.1,43.1,42.4,49.8,52.8,55.2,54.8,52.5,54.3,54.1,55.0,55.2,54.1,54.3,54.1,55.5,53.2,44.1,54.4,55.2,53.6,54.1,55.1,51.2,49.9,52.9,56.3,53.6,52.7,54.8,54.1,53.9,48.2,50.2,50.9,50.0,50.0,41.8,51.7,43.4,52.0,46.8,47.9,46.7,46.3,43.3,43.4,43.9,46.0,41.1,47.6,46.7,46.4,43.6,46.0,44.6,46.3,48.2,46.1,47.0,46.7,45.4,44.7,43.0,46.7,43.4,41.2,54.9,54.8,54.8,45.4,48.1,43.7,48.3,43.5,41.1,55.1,53.5,53.9,48.3,50.3,45.8,43.2,47.3,48.5,51.8,48.4
2933,43.4,42.6,41.7,49.0,52.3,54.5,54.2,51.8,53.8,53.5,54.3,54.6,53.7,53.6,53.4,54.8,52.6,43.4,53.7,54.7,52.8,53.5,54.5,50.5,49.1,52.3,55.5,52.9,51.9,54.3,53.4,53.5,47.6,49.7,50.3,49.2,49.0,41.3,50.6,42.4,50.9,46.3,46.9,45.8,45.4,42.5,42.2,42.9,44.6,40.2,46.5,45.5,45.1,42.9,45.3,43.8,45.6,47.5,45.2,46.1,46.1,44.4,44.0,41.9,45.7,42.6,40.1,54.3,54.2,54.2,44.0,47.0,42.8,47.6,42.4,40.2,54.8,53.0,53.2,47.7,49.6,44.9,42.4,46.8,47.9,51.2,47.7
2934,46.0,44.0,44.4,48.4,52.0,54.2,54.0,51.7,54.0,53.4,55.2,54.6,54.8,53.3,53.3,54.9,52.3,46.9,54.5,56.1,52.7,53.6,54.6,50.1,48.3,51.8,55.5,52.6,51.9,54.4,53.2,54.1,47.1,49.4,50.2,49.3,50.8,42.8,49.8,43.7,50.8,48.7,46.3,46.2,47.2,44.5,42.8,45.9,47.8,39.6,45.8,46.4,44.7,45.1,44.8,46.7,45.4,47.5,44.6,48.7,48.4,43.6,47.2,45.0,46.0,46.2,41.4,54.3,54.7,55.1,43.4,46.4,44.8,47.8,46.4,39.6,56.0,53.8,52.9,47.0,49.0,44.2,42.1,48.4,47.3,51.0,47.9
2935,51.0,48.0,49.7,50.6,54.2,55.9,56.0,54.5,56.3,55.6,58.2,56.9,57.9,55.2,55.4,57.1,55.3,51.7,57.7,58.7,55.5,56.1,57.2,52.5,50.4,54.4,57.3,54.8,54.4,57.0,55.4,56.4,49.5,51.9,52.2,52.3,55.6,47.1,51.8,50.1,53.9,53.7,48.6,50.8,50.8,49.5,47.5,51.7,55.9,44.5,50.8,50.0,50.4,49.3,46.6,51.3,48.4,50.6,46.7,52.7,50.7,46.5,52.4,51.5,48.5,51.9,47.1,56.0,57.8,58.0,49.8,48.6,49.7,53.0,52.4,45.0,58.9,56.6,55.4,49.3,51.4,46.4,46.3,50.9,49.4,53.4,50.9
2936,55.6,51.6,54.1,55.5,57.4,58.5,58.8,57.6,59.0,58.0,60.9,59.5,60.8,57.6,58.3,59.7,58.3,55.5,60.8,61.5,58.4,58.7,59.9,55.5,54.3,57.5,59.4,57.7,57.2,59.7,58.3,58.9,52.7,55.1,54.8,55.1,60.2,50.6,56.3,54.7,57.3,57.8,52.9,54.5,55.1,54.2,52.1,56.2,62.3,50.4,57.3,54.0,56.8,53.4,49.5,55.9,51.8,53.6,50.3,56.3,53.5,50.8,56.6,56.9,51.7,56.3,51.7,58.2,60.7,60.5,55.9,54.5,54.0,57.4,57.1,50.3,61.7,59.3,57.9,53.2,54.9,50.4,50.2,53.4,52.5,56.7,54.3
2937,59.8,54.5,57.8,60.2,60.6,61.3,61.6,60.6,61.6,60.5,63.4,62.4,63.4,59.9,61.2,62.0,61.3,58.8,63.5,64.1,61.1,61.1,62.4,58.5,58.2,60.9,61.9,60.3,60.1,62.1,61.1,61.3,55.8,58.3,57.5,58.1,64.0,53.7,60.4,58.3,60.7,60.9,57.2,57.7,59.2,57.8,57.2,59.6,66.8,55.6,61.7,58.2,62.2,56.9,52.5,59.6,54.8,56.4,53.8,59.4,56.5,55.1,60.0,61.0,55.1,59.8,55.2,60.5,63.1,63.0,61.1,59.3,58.1,60.6,60.6,54.8,64.3,61.9,60.4,56.9,58.4,54.6,53.1,55.5,55.8,59.7,57.3
2938,63.6,57.2,60.5,64.1,63.5,63.7,64.3,63.3,63.8,62.6,65.6,64.8,65.5,61.9,63.8,64.1,63.6,61.8,65.7,66.4,63.3,63.2,64.5,61.2,61.7,63.6,63.9,62.8,62.6,64.2,63.4,63.3,58.8,60.9,60.1,60.6,67.2,56.1,64.2,61.3,63.8,63.7,60.7,60.3,62.8,60.8,61.3,62.6,70.3,59.2,65.1,61.6,66.4,59.8,55.2,62.3,57.2,58.8,56.9,62.1,59.2,58.5,63.1,64.1,58.7,63.0,58.6,62.5,65.2,65.2,64.9,63.1,61.4,63.2,63.5,58.6,66.2,64.0,62.4,60.2,61.7,58.3,55.9,57.5,58.5,61.9,60.1
2939,66.4,59.3,62.6,67.1,65.9,66.1,66.6,65.6,65.6,64.4,67.3,66.8,67.2,63.6,65.9,65.7,65.4,64.5,67.2,68.1,65.1,64.9,66.3,63.7,64.7,66.2,65.8,64.8,64.5,65.9,65.5,65.2,61.3,63.3,62.5,62.8,69.9,58.5,67.3,64.0,66.4,65.6,63.9,63.0,65.6,63.3,64.5,64.9,73.1,62.3,67.5,64.7,69.7,61.9,57.0,64.6,59.0,60.7,59.5,64.0,61.8,61.4,65.6,66.7,62.0,65.3,61.5,64.1,66.9,66.9,67.8,66.3,63.9,65.6,66.1,61.5,68.0,65.7,64.3,63.1,64.2,61.4,58.2,59.1,60.9,64.0,62.7
2940,68.6,61.1,64.3,69.4,67.9,68.0,68.6,67.3,67.0,65.8,68.6,68.2,68.8,64.9,67.9,66.9,67.0,66.5,68.2,69.4,66.8,66.0,67.9,65.4,67.1,68.2,67.3,66.6,66.1,67.0,67.2,66.4,63.3,65.1,64.3,64.6,72.0,60.0,69.9,66.2,68.9,67.1,66.4,65.0,67.8,65.0,66.9,66.9,75.1,64.1,69.0,66.8,72.0,63.7,58.6,66.3,60.4,62.1,61.9,65.3,63.9,63.9,67.7,68.6,65.0,66.9,64.3,65.6,68.2,68.2,69.8,68.8,66.2,67.6,68.3,63.4,69.3,67.0,65.6,65.4,66.3,63.9,60.1,60.4,62.9,65.6,64.5
2941,70.2,62.2,65.2,71.3,69.5,69.6,70.1,68.9,67.8,67.1,69.7,69.2,69.8,66.2,69.5,67.9,68.3,68.3,69.4,70.4,68.3,67.2,69.2,66.9,68.8,69.7,68.5,68.0,67.5,68.3,68.5,67.4,64.9,66.5,65.8,66.0,73.7,61.1,71.8,67.8,70.9,68.7,68.5,66.6,69.7,66.2,68.3,68.4,76.6,65.8,70.5,68.3,73.8,65.1,59.8,67.4,61.7,63.4,63.7,66.5,65.3,65.8,69.4,70.2,67.4,68.2,66.4,66.7,69.2,69.4,71.5,70.7,68.0,69.2,69.9,64.9,70.2,68.1,67.0,67.2,68.0,65.8,61.8,61.4,64.4,67.0,65.9
2942,71.2,62.8,66.0,72.9,70.4,70.5,71.1,69.8,68.5,67.8,70.4,69.9,70.5,67.0,70.4,68.6,69.1,69.5,70.0,70.8,69.2,68.1,70.2,67.8,70.2,70.9,69.2,69.1,68.5,69.2,69.5,68.2,66.1,67.5,66.7,66.9,74.8,61.7,73.2,69.0,72.3,69.4,69.9,67.7,70.7,66.9,69.5,69.3,77.4,66.9,71.2,69.2,75.0,65.8,60.6,68.1,62.4,64.1,65.0,67.1,66.1,67.5,70.7,71.4,69.5,69.0,67.8,67.7,69.9,70.1,72.2,72.2,69.0,70.3,71.1,66.1,70.7,68.8,67.9,68.6,69.4,67.0,62.9,61.7,65.5,67.9,67.1
2943,71.4,62.8,65.9,73.7,71.0,71.2,71.6,70.2,68.6,68.2,70.6,70.4,70.8,67.6,70.7,69.1,69.7,70.1,70.3,70.9,69.7,68.6,70.7,68.5,70.9,71.4,69.7,69.6,68.9,69.3,70.0,68.3,66.6,68.0,67.5,67.4,75.2,61.4,74.0,69.1,73.1,69.5,70.6,68.4,71.1,67.0,70.0,69.6,77.7,67.6,71.7,69.3,75.3,65.9,61.2,68.6,62.9,64.5,66.0,67.7,66.6,68.7,71.1,71.7,70.6,69.2,68.4,68.1,70.0,70.3,72.6,73.2,69.3,70.8,71.6,66.3,70.9,69.0,68.4,69.5,69.9,67.8,63.5,61.6,66.1,68.6,67.5
2944,71.0,62.0,65.2,73.9,71.0,71.2,71.6,70.3,68.5,68.1,70.3,70.4,70.5,67.6,70.6,69.1,69.7,69.8,69.8,70.5,69.8,68.8,70.7,68.3,70.9,71.3,69.6,69.5,69.1,69.2,70.2,68.2,66.4,68.0,67.5,67.6,75.1,60.8,74.2,68.8,73.3,68.9,70.7,68.3,70.6,66.5,69.6,69.1,76.8,67.7,71.5,68.5,74.8,65.4,61.3,68.5,62.9,64.7,66.4,67.6,66.6,69.2,71.2,71.6,70.8,68.8,68.3,68.1,69.8,70.1,72.1,73.3,68.9,70.6,71.2,65.6,70.5,68.8,68.2,69.6,69.9,67.8,63.3,61.0,66.1,68.4,67.5
2945,69.3,61.0,63.8,73.0,70.3,70.5,71.0,69.7,67.8,67.6,69.4,70.1,69.7,67.3,70.0,68.6,69.2,68.8,69.0,69.5,69.2,68.0,70.2,67.7,70.2,70.7,69.2,69.1,68.4,68.5,69.6,67.5,65.9,67.2,67.0,66.9,74.0,59.7,73.6,67.8,72.6,67.3,70.3,67.5,69.2,65.1,68.9,67.9,75.3,67.1,70.8,67.2,73.6,63.9,61.0,67.6,62.6,64.3,66.2,66.7,65.9,68.8,70.4,70.5,70.2,67.8,66.8,67.6,69.1,69.4,70.7,73.0,67.8,69.9,70.1,64.9,69.6,68.0,67.8,69.0,69.3,67.5,62.7,59.8,65.7,67.8,66.9
2946,66.3,58.3,60.5,71.7,68.8,69.2,69.7,68.5,66.2,66.2,67.8,69.0,68.2,66.3,68.6,67.2,67.7,66.7,67.1,67.6,67.7,66.8,68.8,66.3,68.3,69.2,68.2,67.6,67.1,67.2,68.2,65.8,64.6,65.8,65.9,65.5,71.5,57.4,72.0,65.5,71.3,64.5,68.5,66.0,66.5,62.3,67.0,65.6,72.3,65.3,69.1,65.2,71.7,61.1,60.0,66.1,61.6,63.1,65.5,64.9,64.2,67.6,68.2,68.4,68.3,65.8,64.3,66.6,67.7,67.9,68.8,71.5,65.4,68.5,67.6,63.1,67.8,66.4,66.5,67.4,67.7,66.1,61.3,58.0,64.4,66.5,65.6
2947,60.8,54.4,55.3,68.4,66.3,66.9,66.8,65.5,63.6,63.7,65.3,66.9,65.1,64.2,65.6,64.9,64.9,62.0,64.4,64.6,64.9,64.1,66.1,63.4,65.0,66.1,66.4,64.6,64.4,64.5,65.8,62.7,61.9,63.4,63.8,63.2,65.8,53.5,68.8,60.9,68.6,58.8,65.4,62.8,62.1,57.7,63.6,61.4,67.1,61.8,66.4,62.4,68.4,56.1,58.0,62.6,59.3,60.6,63.6,61.0,61.1,65.3,64.1,63.8,64.8,62.1,59.1,64.5,64.7,65.3,65.2,68.1,61.3,65.6,63.0,59.3,64.7,63.7,63.7,64.4,64.4,63.0,58.0,55.7,62.2,64.1,62.8
2948,57.2,51.8,52.0,63.5,63.1,64.2,64.0,61.8,61.5,61.4,63.2,64.2,62.4,61.8,62.6,62.6,61.1,57.5,62.2,62.4,61.8,61.5,62.7,60.1,59.8,61.7,64.5,61.8,61.5,61.8,62.9,60.2,58.2,60.4,61.2,59.6,62.0,50.8,63.8,57.1,65.8,55.3,60.4,57.9,58.8,54.2,59.9,58.1,63.9,55.9,62.3,60.0,63.6,53.0,55.0,58.8,56.1,57.6,60.5,57.2,58.0,60.8,58.8,59.9,60.8,57.9,54.7,62.4,62.0,62.6,60.6,62.0,57.7,61.3,59.3,54.3,62.3,61.1,61.1,59.4,60.1,58.5,52.0,54.1,58.9,61.3,58.7
2949,54.8,49.9,49.9,60.3,60.7,62.3,62.1,59.5,60.2,60.1,61.5,61.9,60.7,60.3,60.9,61.1,59.0,54.5,60.5,61.0,59.9,60.0,61.1,58.3,57.2,59.5,63.0,59.9,59.6,60.2,60.9,58.9,55.8,58.5,58.9,57.5,59.4,49.0,60.8,53.9,63.3,53.6,57.4,55.7,56.7,51.7,56.9,55.7,61.2,52.4,59.0,58.2,59.5,51.5,53.4,56.2,54.0,55.7,57.3,55.5,55.7,56.4,55.7,57.1,58.4,55.3,52.9,61.3,60.5,61.1,57.8,58.5,55.3,58.6,56.9,52.1,60.8,59.5,59.6,56.4,58.1,55.6,49.0,53.0,56.5,59.4,56.3
2950,52.8,48.3,48.4,58.0,59.1,60.9,60.5,58.1,59.2,59.0,60.2,60.4,59.3,58.9,59.4,60.1,57.7,52.4,59.2,59.9,58.7,58.7,59.8,57.2,55.6,58.2,61.6,58.6,58.3,59.3,59.7,57.9,54.3,56.7,57.3,56.2,57.3,47.4,58.6,51.9,61.3,52.1,55.3,53.9,54.9,50.3,54.4,53.4,58.8,50.5,56.8,56.4,57.0,50.0,52.2,53.7,52.5,54.3,55.0,53.9,54.2,54.0,53.4,54.4,56.3,53.4,50.8,60.0,59.5,59.9,55.6,56.2,52.8,56.5,54.6,50.0,59.7,58.2,58.4,54.6,56.5,53.4,48.1,52.0,54.8,57.8,54.5
2951,51.2,47.0,47.3,56.3,57.6,59.8,59.2,56.9,58.1,58.1,58.9,59.2,58.2,58.0,58.5,59.2,56.7,50.6,58.0,59.0,57.6,57.9,59.0,56.2,54.4,57.2,60.7,57.6,57.0,58.3,58.5,57.2,53.0,55.4,56.0,55.0,55.8,46.1,57.5,50.4,59.7,51.0,53.8,52.7,53.1,48.8,52.0,51.3,56.3,48.7,54.7,54.7,55.1,48.6,51.1,51.4,51.3,53.1,52.9,52.7,52.5,52.1,51.6,51.9,54.5,51.4,49.0,58.8,58.6,58.7,53.7,54.5,50.8,55.2,52.3,48.3,58.8,57.5,57.5,52.9,55.4,51.7,47.0,51.1,53.5,56.7,53.4
2952,49.8,45.9,46.3,54.8,56.5,58.7,58.2,55.8,57.1,57.2,58.0,58.2,57.3,57.2,57.5,58.3,56.0,49.3,57.1,58.1,56.7,56.9,58.3,55.1,53.4,56.2,59.6,56.5,56.1,57.5,57.5,56.3,52.1,54.0,54.8,53.5,54.5,45.0,55.9,49.1,58.0,49.9,52.4,51.3,51.3,47.3,50.1,49.7,54.0,46.9,53.0,52.8,53.5,47.6,49.8,49.8,50.1,51.9,51.3,51.7,51.0,50.7,49.8,49.9,52.5,49.9,47.3,58.0,57.8,57.9,52.1,53.0,49.1,53.7,50.1,47.0,57.9,56.7,56.8,52.0,54.2,50.2,46.3,50.4,52.4,55.6,52.3
2953,48.2,44.9,45.3,53.6,55.7,57.9,57.3,55.1,56.4,56.4,57.2,57.2,56.4,56.3,56.8,57.5,55.2,47.9,56.2,57.3,55.9,56.2,57.5,54.2,52.6,55.5,58.7,55.9,55.2,56.8,56.6,55.6,51.0,53.1,53.7,52.7,53.1,43.9,54.7,47.5,56.2,49.0,51.2,50.1,49.9,46.3,48.1,47.9,51.3,45.3,51.5,51.1,51.9,46.5,48.9,48.4,49.1,50.7,49.9,50.5,50.0,49.2,48.5,48.1,50.8,48.2,45.7,57.2,57.0,56.9,50.6,51.5,47.7,52.2,48.1,45.2,57.1,55.8,56.0,51.1,53.2,48.9,45.6,49.5,51.3,54.8,51.4
2954,46.9,44.1,44.4,52.4,54.8,56.9,56.3,54.3,55.8,55.5,56.5,56.6,55.7,55.7,55.9,56.9,54.5,46.9,55.6,56.6,55.2,55.5,56.9,53.2,51.6,54.7,57.9,55.1,54.4,56.2,55.9,55.0,50.2,52.2,52.7,51.9,52.2,43.2,53.4,46.2,54.9,48.3,50.2,49.1,48.5,45.4,46.5,46.5,49.3,43.8,50.2,49.4,50.3,45.6,48.0,47.1,48.2,49.8,48.7,49.3,49.0,48.0,47.2,46.3,49.1,46.7,44.1,56.5,56.2,56.3,48.9,50.4,46.3,51.1,46.2,43.9,56.2,55.0,55.3,50.2,52.4,48.1,45.0,48.9,50.6,53.8,50.6
2955,45.5,43.5,43.6,51.3,54.0,56.0,55.6,53.4,55.1,54.9,55.7,55.9,55.2,55.1,55.2,56.3,54.2,45.6,55.1,56.0,54.6,54.9,56.1,52.5,50.9,53.8,57.2,54.5,53.7,55.5,55.3,54.6,49.4,51.3,51.9,50.9,50.8,42.4,52.6,44.9,53.4,47.5,49.2,48.1,47.5,44.5,44.9,45.2,47.5,42.6,49.0,48.0,48.3,44.6,47.1,45.9,47.1,49.1,47.7,48.3,48.1,46.9,46.1,44.6,48.0,45.3,42.8,55.9,55.6,55.5,47.4,49.4,45.0,49.8,44.7,42.8,55.7,54.4,54.9,49.4,51.4,46.9,44.2,48.2,49.6,53.1,49.8
2956,44.4,43.0,42.7,50.3,53.2,55.5,55.1,52.9,54.5,54.4,55.2,55.3,54.5,54.6,54.5,55.7,53.6,44.7,54.6,55.5,53.9,54.4,55.4,51.7,50.2,53.2,56.7,53.9,53.2,55.0,54.5,54.1,48.6,50.7,51.3,50.4,50.2,41.8,51.8,43.7,52.2,47.0,48.3,46.8,46.6,43.3,43.7,43.9,46.1,41.3,47.9,46.9,46.8,43.8,46.2,44.9,46.5,48.4,46.6,47.4,47.1,45.7,45.2,43.1,47.1,44.1,41.5,55.3,55.0,54.9,45.8,48.3,43.9,48.6,43.6,41.4,55.3,53.9,54.3,48.7,50.7,46.2,43.4,47.7,49.0,52.3,48.9
2957,43.7,42.6,41.9,49.3,52.7,54.8,54.6,52.2,54.0,53.8,54.5,54.8,54.0,54.0,53.8,55.1,53.0,43.8,53.9,55.0,53.2,53.7,54.8,51.0,49.3,52.6,56.0,53.3,52.4,54.6,53.8,53.8,48.0,50.1,50.7,49.7,49.2,41.3,50.8,42.7,51.1,46.5,47.2,45.9,45.6,42.5,42.4,42.9,44.7,40.3,46.8,45.7,45.5,43.1,45.5,44.2,45.7,47.7,45.7,46.6,46.5,44.7,44.5,42.0,46.0,43.3,40.5,54.7,54.4,54.5,44.3,47.3,42.9,47.8,42.6,40.4,55.0,53.4,53.7,48.1,50.0,45.3,42.7,47.2,48.3,51.7,48.2
2958,46.3,44.0,44.6,48.8,52.4,54.5,54.3,52.2,54.2,53.8,55.5,54.9,55.1,53.8,53.6,55.3,52.7,47.4,54.8,56.4,53.2,54.0,55.0,50.6,48.5,52.1,56.0,53.0,52.5,54.7,53.6,54.4,47.5,49.9,50.5,49.8,51.0,42.8,50.0,44.0,51.1,49.0,46.7,46.3,47.3,44.5,43.2,46.0,48.1,39.8,46.1,46.7,45.2,45.3,45.0,47.1,45.5,47.8,45.0,49.3,48.8,44.0,47.7,45.3,46.4,47.0,41.9,54.7,54.9,55.4,43.8,46.7,45.0,48.1,46.7,39.9,56.2,54.2,53.5,47.4,49.5,44.7,42.4,48.9,47.8,51.5,48.4
2959,51.1,48.0,49.7,50.9,54.6,56.2,56.3,55.0,56.6,56.0,58.5,57.1,58.2,55.6,55.7,57.4,55.8,52.2,58.0,59.1,56.0,56.5,57.5,53.0,50.8,54.8,57.7,55.2,54.9,57.4,55.8,56.7,49.8,52.4,52.5,52.7,55.9,47.0,52.0,50.5,54.2,53.9,49.0,51.0,51.0,49.6,47.8,52.0,56.1,44.7,51.2,50.4,50.9,49.4,46.8,51.8,48.7,50.9,47.2,53.3,51.1,46.9,52.8,51.8,48.9,52.6,47.6,56.4,58.0,58.3,50.2,49.0,49.9,53.2,52.7,45.3,59.2,57.0,55.8,49.7,51.9,46.9,46.7,51.3,49.8,53.9,51.4
2960,55.7,51.4,54.1,55.7,57.8,58.8,59.1,58.0,59.2,58.4,61.1,59.8,61.0,58.0,58.6,60.0,58.8,55.9,61.1,61.8,58.8,59.1,60.3,55.9,54.6,57.8,59.8,58.1,57.7,60.1,58.8,59.2,52.9,55.5,55.1,55.5,60.3,50.5,56.4,54.9,57.6,57.9,53.2,54.8,55.2,54.1,52.4,56.5,62.5,50.7,57.7,54.4,57.2,53.5,49.8,56.4,52.1,54.0,50.8,56.8,53.9,51.2,57.0,57.3,52.2,56.8,52.1,58.6,61.0,60.8,56.3,54.8,54.2,57.7,57.5,50.7,62.1,59.6,58.4,53.5,55.4,50.5,50.7,53.9,52.8,57.1,54.5
2961,59.8,54.3,57.6,60.4,61.0,61.6,61.9,61.1,61.9,61.0,63.6,62.7,63.6,60.4,61.5,62.4,61.8,59.2,63.7,64.3,61.6,61.6,62.8,58.8,58.3,61.1,62.4,60.8,60.6,62.5,61.5,61.7,56.1,58.5,57.8,58.4,64.0,53.5,60.5,58.6,61.0,61.0,57.3,58.0,59.3,57.7,57.5,59.9,67.0,56.1,62.1,58.6,62.6,56.9,52.8,60.0,55.1,56.8,54.3,59.9,56.9,55.5,60.4,61.3,55.5,60.3,55.7,61.0,63.5,63.2,61.4,59.5,58.0,61.0,61.0,55.3,64.6,62.2,60.9,57.2,58.8,54.5,53.5,55.9,56.0,60.1,57.5
2962,63.6,57.0,60.3,64.3,63.8,64.0,64.6,63.7,64.1,63.1,65.9,65.2,65.8,62.4,64.0,64.5,64.0,62.3,66.0,66.6,63.6,63.8,64.9,61.5,61.8,63.9,64.4,63.2,63.1,64.6,63.8,63.7,59.0,61.2,60.4,60.8,67.2,56.0,64.3,61.6,64.0,63.7,60.8,60.7,62.8,60.7,61.5,63.0,70.6,59.7,65.5,62.1,66.8,59.8,55.5,62.8,57.6,59.3,57.5,62.6,59.7,59.1,63.6,64.6,59.1,63.5,59.0,63.0,65.6,65.4,65.3,63.3,61.3,63.6,64.0,59.2,66.5,64.2,62.9,60.5,61.9,58.2,56.4,57.9,58.6,62.3,60.3
2963,66.3,59.1,62.3,67.2,66.1,66.4,66.9,65.9,66.0,64.9,67.6,67.3,67.4,64.1,66.2,66.2,65.9,65.0,67.4,68.2,65.5,65.5,66.7,64.0,64.8,66.4,66.3,65.3,65.0,66.3,65.9,65.6,61.5,63.5,62.7,63.0,69.9,58.2,67.4,64.3,66.7,65.6,63.9,63.3,65.4,63.2,64.7,65.2,73.4,62.8,68.0,65.1,70.1,61.9,57.4,65.1,59.4,61.3,60.2,64.4,62.2,62.0,66.1,67.1,62.4,65.8,61.9,64.7,67.3,67.2,68.2,66.3,63.8,65.9,66.5,62.1,68.3,65.9,64.8,63.3,64.4,61.5,58.7,59.5,61.0,64.3,62.8
2964,68.5,60.8,64.0,69.5,68.1,68.2,68.8,67.6,67.3,66.3,68.8,68.6,69.0,65.4,68.1,67.4,67.5,67.0,68.3,69.5,67.3,66.6,68.3,65.7,67.2,68.3,67.7,66.9,66.6,67.5,67.6,66.8,63.4,65.4,64.5,64.7,72.0,59.8,69.9,66.5,69.1,67.2,66.4,65.5,67.7,64.9,67.2,67.2,75.4,64.6,69.4,67.2,72.5,63.6,59.1,66.8,60.9,62.7,62.6,65.9,64.4,64.4,68.2,69.1,65.3,67.4,64.6,66.1,68.6,68.5,70.3,68.7,66.1,68.0,68.7,63.9,69.6,67.2,66.1,65.5,66.4,63.9,60.7,60.8,63.0,65.9,64.7
2965,70.2,62.0,65.0,71.4,69.6,69.8,70.3,69.2,68.2,67.5,69.9,69.7,70.0,66.7,69.6,68.4,68.8,68.8,69.6,70.5,68.7,67.8,69.6,67.2,69.0,69.9,69.0,68.3,67.9,68.8,68.9,67.8,65.0,66.7,65.9,66.1,73.7,61.1,71.7,68.1,71.2,68.9,68.5,67.1,69.5,66.2,68.6,68.8,76.9,66.4,70.9,68.7,74.3,64.9,60.3,67.9,62.2,64.0,64.4,67.0,65.9,66.4,69.8,70.6,67.7,68.7,66.6,67.2,69.6,69.6,71.9,70.7,67.8,69.7,70.4,65.3,70.5,68.2,67.6,67.3,68.2,65.7,62.5,61.8,64.4,67.3,66.2
2966,71.2,62.7,65.8,73.0,70.7,70.7,71.4,70.1,68.9,68.3,70.6,70.4,70.7,67.5,70.7,69.1,69.6,69.9,70.1,70.9,69.6,68.6,70.6,68.1,70.4,71.0,69.7,69.4,68.9,69.6,69.9,68.7,66.1,67.6,66.9,67.0,74.8,61.7,73.2,69.3,72.7,69.6,70.0,68.2,70.6,67.0,69.9,69.6,77.7,67.3,71.6,69.5,75.4,65.5,61.0,68.6,62.9,64.7,65.7,67.6,66.7,68.1,71.2,71.9,69.7,69.5,68.0,68.2,70.2,70.4,72.8,72.3,68.8,70.8,71.5,66.5,71.0,69.0,68.4,68.6,69.7,66.9,63.6,62.1,65.5,68.2,67.4
2967,71.4,62.7,65.7,74.0,71.3,71.4,71.9,70.6,69.0,68.6,70.9,70.8,71.0,68.1,71.0,69.7,70.2,70.5,70.5,70.9,70.1,69.3,71.1,68.8,71.0,71.6,70.1,69.9,69.3,69.8,70.4,68.8,66.6,68.2,67.6,67.5,75.2,61.4,74.0,69.3,73.4,69.7,70.8,68.9,71.0,67.1,70.5,70.0,78.0,68.1,72.1,69.6,75.7,65.6,61.6,69.1,63.4,65.1,66.7,68.1,67.1,69.2,71.5,72.1,70.8,69.6,68.6,68.6,70.3,70.6,73.2,73.3,69.2,71.3,72.0,66.7,71.1,69.2,68.9,69.5,70.2,67.6,64.2,62.1,66.0,68.9,67.8
2968,71.0,62.0,64.9,74.2,71.4,71.4,71.8,70.7,68.9,68.5,70.6,70.9,70.8,68.1,70.8,69.6,70.1,70.2,70.0,70.5,70.2,69.3,71.0,68.6,71.1,71.5,70.1,69.7,69.5,69.7,70.6,68.6,66.4,68.3,67.7,67.8,75.1,60.8,74.3,69.1,73.5,69.0,70.9,68.9,70.6,66.6,70.2,69.4,77.1,68.2,71.9,68.8,75.3,65.2,61.8,68.9,63.4,65.2,67.0,68.0,67.1,69.8,71.6,72.0,71.0,69.3,68.4,68.6,70.2,70.5,72.6,73.5,68.9,71.1,71.6,66.1,70.8,69.0,68.7,69.4,70.1,67.7,64.0,61.5,66.1,68.8,67.8
2969,69.3,60.9,63.5,73.4,70.6,70.8,71.2,70.2,68.2,68.0,69.7,70.6,70.0,67.8,70.2,69.1,69.6,69.2,69.2,69.6,69.6,68.5,70.5,68.0,70.3,70.9,69.6,69.3,68.9,68.9,70.0,67.9,65.8,67.5,67.3,67.2,74.1,59.6,73.7,68.1,72.9,67.6,70.4,68.1,69.2,65.2,69.4,68.2,75.5,67.5,71.1,67.5,74.0,63.7,61.5,68.0,63.2,64.9,66.8,67.1,66.3,69.4,70.8,70.9,70.4,68.2,67.0,68.1,69.4,69.8,71.2,73.3,67.8,70.5,70.5,65.3,69.8,68.2,68.2,69.0,69.5,67.3,63.4,60.3,65.6,68.2,67.1
2970,66.4,58.3,60.3,72.0,69.1,69.4,70.0,68.9,66.6,66.6,68.2,69.4,68.6,66.7,68.9,67.7,68.1,67.0,67.4,67.8,68.0,67.2,69.0,66.6,68.6,69.5,68.6,67.9,67.5,67.7,68.5,66.2,64.5,66.1,66.2,65.8,71.6,57.4,72.2,65.9,71.7,64.8,68.6,66.7,66.5,62.5,67.5,65.9,72.5,65.8,69.5,65.5,72.2,61.0,60.5,66.4,62.2,63.8,66.2,65.3,64.5,68.3,68.6,68.8,68.5,66.2,64.5,67.0,68.0,68.3,69.2,71.7,65.5,69.0,68.1,63.5,68.1,66.6,67.0,67.4,67.9,65.9,61.9,58.5,64.4,66.9,65.8
2971,60.8,54.3,55.1,68.6,66.6,67.2,67.1,65.9,64.0,64.1,65.7,67.3,65.4,64.6,65.9,65.3,65.4,62.4,64.8,64.9,65.3,64.6,66.3,63.6,65.2,66.5,66.8,64.9,64.8,64.9,66.2,63.1,62.0,63.6,64.0,63.4,66.0,53.5,69.1,61.4,69.0,58.9,65.5,63.4,62.1,57.9,64.1,61.8,67.3,62.3,66.8,62.7,68.9,56.0,58.5,63.0,59.9,61.2,64.3,61.4,61.6,65.9,64.4,64.2,65.0,62.4,59.4,64.9,65.1,65.7,65.6,68.4,61.3,66.3,63.4,59.7,65.1,63.9,64.1,64.4,64.6,62.9,58.7,56.3,62.2,64.5,63.1
2972,57.3,51.7,51.9,63.7,63.3,64.5,64.3,62.1,61.9,61.7,63.6,64.5,62.7,62.2,62.9,63.0,61.4,57.8,62.5,62.7,62.1,61.9,62.9,60.2,60.0,62.0,64.9,62.1,61.9,62.2,63.2,60.6,58.2,60.6,61.3,59.8,62.0,50.7,64.1,57.6,66.1,55.6,60.5,58.4,58.8,54.4,60.3,58.4,64.1,56.3,62.7,60.3,63.9,53.0,55.6,59.2,56.7,58.2,61.1,57.6,58.4,61.4,59.2,60.2,61.0,58.1,54.8,62.8,62.4,63.0,61.1,62.2,57.7,61.9,59.6,54.7,62.7,61.4,61.4,59.5,60.2,58.4,52.7,54.6,58.9,61.7,58.9
2973,54.8,49.8,49.8,60.5,61.0,62.6,62.3,59.7,60.5,60.4,62.0,62.3,61.1,60.5,61.2,61.4,59.3,54.8,60.8,61.3,60.2,60.3,61.3,58.5,57.4,59.7,63.4,60.2,59.9,60.5,61.2,59.3,55.8,58.6,59.1,57.6,59.5,48.9,61.1,54.3,63.7,53.8,57.5,56.2,56.7,51.8,57.4,56.0,61.5,52.9,59.3,58.5,59.9,51.4,54.0,56.5,54.6,56.4,57.9,55.9,56.1,57.1,56.1,57.4,58.6,55.5,53.0,61.5,60.9,61.5,58.2,58.7,55.4,59.1,57.2,52.4,61.2,59.9,59.9,56.5,58.2,55.5,49.5,53.4,56.5,59.7,56.5
2974,52.9,48.4,48.3,58.2,59.4,61.2,60.7,58.3,59.5,59.3,60.6,60.8,59.7,59.3,59.7,60.4,58.0,52.6,59.5,60.3,58.9,59.0,60.1,57.3,55.8,58.4,62.0,58.8,58.5,59.5,59.9,58.3,54.3,56.9,57.5,56.3,57.4,47.4,58.8,52.3,61.8,52.3,55.4,54.5,54.9,50.4,54.9,53.8,59.0,51.0,57.1,56.6,57.3,49.9,52.8,53.9,53.0,54.9,55.6,54.2,54.5,54.6,53.6,54.7,56.4,53.5,50.9,60.3,59.9,60.3,55.9,56.3,52.8,57.1,54.9,50.3,60.1,58.6,58.6,54.6,56.7,53.2,48.7,52.4,54.8,58.1,54.7
2975,51.3,47.0,47.2,56.4,57.9,60.1,59.5,57.0,58.4,58.4,59.4,59.5,58.6,58.3,58.7,59.5,56.9,50.9,58.3,59.4,57.8,58.1,59.3,56.3,54.6,57.4,61.0,57.8,57.2,58.5,58.7,57.4,53.1,55.5,56.1,55.2,55.9,46.2,57.6,50.8,60.1,51.2,53.9,53.2,53.1,48.9,52.4,51.6,56.4,49.1,55.1,54.9,55.4,48.6,51.6,51.6,51.9,53.7,53.4,52.9,52.9,52.7,51.7,52.2,54.7,51.7,49.1,59.2,59.0,59.2,54.1,54.6,50.8,55.6,52.6,48.6,59.2,57.9,57.7,53.0,55.6,51.7,47.5,51.4,53.6,57.0,53.6
2976,50.0,46.0,46.3,54.8,56.6,58.9,58.5,56.0,57.4,57.5,58.4,58.5,57.7,57.5,57.7,58.5,56.2,49.5,57.5,58.4,56.9,57.2,58.6,55.2,53.6,56.4,59.8,56.7,56.3,57.6,57.8,56.5,52.1,54.1,54.9,53.7,54.7,45.2,56.0,49.4,58.4,50.1,52.5,51.9,51.4,47.5,50.5,49.9,54.0,47.4,53.3,53.0,53.8,47.5,50.3,49.9,50.6,52.5,51.9,51.9,51.3,51.3,50.0,50.2,52.7,50.1,47.3,58.4,58.1,58.3,52.4,53.0,49.2,54.1,50.4,47.4,58.3,57.0,57.1,52.0,54.4,50.1,46.9,50.6,52.5,55.9,52.5
2977,48.5,45.0,45.2,53.6,55.9,58.1,57.5,55.2,56.7,56.7,57.6,57.5,56.8,56.6,57.0,57.8,55.3,48.1,56.6,57.7,56.1,56.4,57.7,54.3,52.8,55.7,58.9,56.1,55.4,57.0,56.8,56.0,51.1,53.2,53.9,52.8,53.3,44.0,54.8,47.9,56.5,49.2,51.3,50.6,50.0,46.6,48.5,48.1,51.4,45.8,51.7,51.3,52.3,46.5,49.5,48.5,49.7,51.2,50.5,50.8,50.3,49.8,48.6,48.4,51.0,48.4,45.8,57.5,57.3,57.3,50.8,51.6,47.7,52.6,48.4,45.6,57.6,56.2,56.2,51.1,53.3,48.8,46.2,49.8,51.4,55.0,51.6
2978,47.1,44.2,44.5,52.5,55.0,57.1,56.6,54.4,56.0,55.7,56.9,56.8,56.1,56.0,56.1,57.2,54.7,47.1,55.9,57.0,55.4,55.7,57.1,53.3,51.8,54.8,58.2,55.3,54.7,56.4,56.1,55.3,50.2,52.3,52.9,52.0,52.3,43.4,53.5,46.5,55.2,48.5,50.3,49.7,48.7,45.7,46.9,46.7,49.3,44.3,50.4,49.7,50.6,45.6,48.5,47.3,48.7,50.4,49.2,49.6,49.3,48.6,47.3,46.6,49.3,46.8,44.1,56.7,56.5,56.7,49.2,50.4,46.4,51.5,46.4,44.4,56.7,55.4,55.5,50.1,52.4,48.1,45.7,49.1,50.7,54.1,50.9
2979,45.9,43.7,43.7,51.4,54.1,56.2,55.9,53.5,55.4,55.2,56.1,56.2,55.6,55.3,55.4,56.5,54.3,45.8,55.4,56.4,54.7,55.0,56.3,52.5,51.0,54.0,57.4,54.7,54.0,55.7,55.5,54.8,49.5,51.5,52.1,51.1,51.1,42.7,52.7,45.2,53.8,47.8,49.3,48.6,47.6,44.8,45.3,45.3,47.5,43.0,49.1,48.2,48.5,44.6,47.6,46.1,47.6,49.6,48.2,48.5,48.3,47.5,46.2,44.9,48.2,45.4,42.9,56.2,55.8,55.9,47.7,49.5,45.1,50.2,45.0,43.3,56.1,54.8,55.1,49.4,51.4,46.9,44.8,48.4,49.7,53.3,50.1
2980,44.6,43.3,42.9,50.3,53.4,55.7,55.4,53.0,54.8,54.6,55.6,55.5,54.8,54.8,54.6,56.0,53.8,44.8,54.9,55.8,54.1,54.5,55.6,51.7,50.3,53.3,56.8,54.2,53.3,55.2,54.7,54.4,48.7,50.9,51.5,50.6,50.4,42.1,51.9,44.0,52.5,47.3,48.4,47.3,46.8,43.5,44.1,44.1,46.0,41.6,48.1,47.1,47.0,44.0,46.7,45.1,47.0,48.9,47.0,47.7,47.3,46.2,45.4,43.4,47.2,44.3,41.6,55.5,55.2,55.3,46.1,48.5,44.1,49.1,43.9,41.9,55.7,54.2,54.5,48.8,50.7,46.2,44.0,47.9,49.1,52.4,49.1
2981,44.0,42.8,42.2,49.5,52.9,55.0,54.7,52.4,54.2,54.0,54.8,55.1,54.3,54.2,53.9,55.3,53.2,44.1,54.3,55.4,53.4,53.9,55.0,51.0,49.4,52.8,56.2,53.5,52.6,54.8,54.0,54.0,48.1,50.3,50.9,49.9,49.4,41.5,50.9,42.9,51.3,46.7,47.4,46.4,45.8,42.8,42.8,43.0,44.8,40.7,47.0,45.9,45.7,43.3,46.1,44.4,46.3,48.3,46.1,46.8,46.7,45.2,44.6,42.1,46.2,43.4,40.5,54.9,54.7,54.8,44.6,47.4,43.1,48.2,42.9,40.9,55.4,53.7,53.9,48.1,50.0,45.3,43.2,47.5,48.4,51.9,48.5
2982,46.7,44.3,44.9,49.0,52.6,54.8,54.4,52.4,54.5,54.0,55.8,55.2,55.4,54.1,53.8,55.6,53.0,47.7,55.1,56.8,53.4,54.3,55.2,50.7,48.6,52.3,56.2,53.2,52.7,55.0,53.8,54.7,47.6,50.1,50.8,50.0,51.3,43.1,50.1,44.4,51.4,49.3,46.8,47.0,47.6,44.9,43.6,46.4,48.3,40.2,46.3,47.0,45.5,45.5,45.6,47.3,46.2,48.4,45.4,49.6,49.0,44.5,47.9,45.6,46.6,47.4,42.1,54.9,55.2,55.8,44.3,46.7,45.2,48.6,47.2,40.4,56.7,54.5,53.8,47.5,49.5,44.8,43.0,49.2,47.9,51.7,48.8
2983,51.4,48.3,49.9,51.2,54.9,56.5,56.6,55.2,57.0,56.4,58.8,57.5,58.5,55.9,56.0,57.9,56.0,52.5,58.4,59.5,56.3,56.9,57.9,53.2,50.9,55.0,58.0,55.4,55.2,57.7,56.1,57.1,50.0,52.6,52.8,53.0,56.2,47.4,52.2,50.9,54.6,54.1,49.2,51.6,51.3,49.9,48.2,52.4,56.3,45.2,51.6,50.7,51.4,49.5,47.4,52.0,49.3,51.5,47.7,53.7,51.3,47.5,53.1,52.2,49.1,52.8,47.8,56.7,58.3,58.7,50.7,49.2,50.0,53.7,53.1,45.9,59.6,57.3,56.1,49.9,52.0,47.1,47.2,51.7,50.0,54.1,51.7
2984,55.9,51.7,54.2,56.0,58.1,59.2,59.4,58.3,59.7,58.7,61.5,60.3,61.4,58.4,58.9,60.5,59.1,56.2,61.5,62.2,59.1,59.6,60.7,56.2,54.8,58.1,60.1,58.4,57.9,60.5,59.1,59.7,53.2,55.7,55.5,55.7,60.6,50.8,56.6,55.3,57.9,58.1,53.4,55.4,55.4,54.3,52.9,56.8,62.7,51.1,58.1,54.7,57.7,53.6,50.4,56.6,52.7,54.5,51.2,57.1,54.1,51.8,57.3,57.6,52.4,57.1,52.3,59.0,61.4,61.3,56.8,54.9,54.4,58.3,57.8,51.1,62.5,60.0,58.7,53.7,55.5,50.6,51.1,54.2,53.1,57.3,54.9
2985,60.1,54.7,57.7,60.6,61.3,62.0,62.2,61.4,62.4,61.2,64.0,63.2,64.0,60.8,61.8,62.9,62.1,59.5,64.1,64.6,61.9,62.1,63.2,59.1,58.5,61.5,62.7,61.1,60.8,62.9,61.9,62.2,56.3,58.7,58.1,58.6,64.3,53.9,60.7,59.0,61.3,61.2,57.5,58.5,59.5,57.9,58.0,60.2,67.2,56.5,62.5,58.9,63.0,57.0,53.3,60.3,55.5,57.4,54.7,60.3,57.1,56.0,60.8,61.7,55.8,60.5,55.9,61.3,63.9,63.7,61.8,59.7,58.2,61.5,61.3,55.8,65.0,62.6,61.3,57.4,59.0,54.7,54.0,56.2,56.3,60.3,57.8
2986,63.9,57.5,60.4,64.5,64.1,64.4,65.0,64.0,64.7,63.4,66.3,65.8,66.3,62.8,64.4,65.0,64.4,62.5,66.5,66.9,64.0,64.2,65.4,61.8,62.0,64.3,64.7,63.5,63.3,65.0,64.2,64.2,59.2,61.4,60.7,61.1,67.5,56.5,64.6,62.0,64.4,63.9,61.0,61.3,63.1,61.0,62.1,63.3,70.8,60.0,65.9,62.4,67.3,59.8,56.0,63.2,58.1,59.8,57.9,63.0,59.9,59.5,63.9,64.8,59.4,63.6,59.3,63.4,66.0,66.0,65.7,63.5,61.5,64.2,64.2,59.6,66.9,64.6,63.3,60.6,62.1,58.3,56.8,58.2,59.0,62.6,60.7
2987,66.6,59.5,62.5,67.5,66.4,66.7,67.2,66.2,66.5,65.3,68.1,67.8,67.9,64.5,66.6,66.7,66.3,65.3,68.0,68.5,65.9,65.9,67.1,64.3,65.0,66.8,66.6,65.7,65.2,66.8,66.3,66.1,61.7,63.8,63.0,63.3,70.2,58.7,67.7,64.8,67.1,65.9,64.1,64.0,65.8,63.5,65.2,65.5,73.6,63.1,68.3,65.4,70.6,61.9,57.9,65.5,59.9,61.8,60.7,64.8,62.5,62.4,66.4,67.4,62.6,66.0,62.2,65.0,67.7,67.8,68.6,66.5,64.1,66.4,66.8,62.5,68.7,66.3,65.3,63.4,64.5,61.5,59.1,59.8,61.3,64.6,63.1
2988,68.8,61.3,64.2,69.8,68.4,68.6,69.1,68.0,67.8,66.7,69.4,69.1,69.5,65.9,68.5,67.9,67.9,67.3,68.8,69.7,67.7,67.1,68.7,65.9,67.3,68.7,68.1,67.3,66.9,68.0,68.0,67.4,63.6,65.6,64.9,65.0,72.3,60.3,70.2,66.8,69.6,67.5,66.6,66.1,68.0,65.3,67.7,67.5,75.6,64.9,69.7,67.4,72.9,63.6,59.6,67.1,61.4,63.3,63.0,66.2,64.7,64.8,68.6,69.4,65.6,67.6,64.9,66.4,69.1,69.0,70.7,69.0,66.3,68.5,69.0,64.3,69.9,67.6,66.6,65.5,66.5,63.9,61.1,61.2,63.2,66.3,65.0
2989,70.4,62.6,65.1,71.7,69.9,70.2,70.6,69.6,68.7,67.9,70.4,70.2,70.4,67.2,70.0,69.0,69.2,69.1,70.1,70.8,69.1,68.4,69.9,67.5,69.1,70.2,69.4,68.6,68.2,69.3,69.3,68.4,65.2,66.9,66.3,66.4,74.2,61.5,72.1,68.5,71.6,69.3,68.7,67.5,69.9,66.6,69.1,69.0,77.2,66.7,71.3,68.8,74.6,64.9,60.7,68.2,62.7,64.5,64.7,67.4,66.2,66.8,70.2,70.8,68.0,68.9,67.0,67.6,70.1,70.2,72.2,71.1,68.1,70.1,70.6,65.7,70.8,68.7,68.0,67.4,68.3,65.7,62.9,62.2,64.6,67.7,66.4
2990,71.4,63.1,65.8,73.3,71.0,71.2,71.7,70.4,69.5,68.7,71.1,71.0,71.2,68.0,71.0,69.7,70.0,70.2,70.5,71.2,70.0,69.2,70.9,68.4,70.5,71.3,70.1,69.6,69.3,70.2,70.3,69.3,66.2,67.8,67.2,67.2,75.2,62.1,73.6,69.6,73.1,70.0,70.3,68.7,71.0,67.5,70.3,69.9,77.9,67.7,71.9,69.7,75.8,65.6,61.6,69.0,63.4,65.2,66.0,68.0,67.0,68.5,71.5,72.2,70.0,69.8,68.4,68.6,70.7,71.0,73.1,72.7,69.1,71.2,71.7,66.9,71.4,69.5,68.9,68.7,69.7,66.9,64.0,62.5,65.7,68.6,67.6
2991,71.7,63.1,65.8,74.3,71.6,71.7,72.2,71.0,69.5,69.0,71.3,71.3,71.5,68.5,71.3,70.2,70.6,70.7,70.9,71.2,70.5,69.8,71.4,69.0,71.2,71.8,70.5,70.2,69.8,70.4,70.8,69.3,66.8,68.4,67.9,67.8,75.6,61.7,74.4,69.6,73.8,70.2,71.0,69.4,71.3,67.6,70.9,70.2,78.1,68.5,72.4,69.7,76.0,65.7,62.1,69.4,63.8,65.6,67.0,68.5,67.5,69.6,71.9,72.4,71.1,70.0,69.0,69.0,70.8,71.3,73.4,73.7,69.5,71.6,72.2,67.0,71.5,69.7,69.3,69.6,70.2,67.7,64.5,62.5,66.3,69.3,68.0
2992,71.1,62.2,65.1,74.4,71.6,71.6,72.1,71.1,69.4,68.9,71.0,71.4,71.3,68.5,71.1,70.1,70.6,70.5,70.4,70.8,70.6,69.8,71.3,68.9,71.2,71.6,70.5,70.1,69.9,70.1,71.0,69.1,66.6,68.5,67.9,68.0,75.5,61.1,74.7,69.4,73.8,69.4,71.1,69.3,70.9,67.1,70.6,69.6,77.2,68.6,72.1,69.0,75.6,65.3,62.3,69.3,63.9,65.8,67.4,68.4,67.4,70.2,72.0,72.2,71.3,69.6,68.8,69.0,70.6,71.1,72.9,73.9,69.2,71.5,71.8,66.4,71.2,69.4,69.1,69.6,70.2,67.7,64.2,62.0,66.3,69.2,68.0
2993,69.5,61.0,63.6,73.7,70.8,71.1,71.4,70.5,68.7,68.5,70.2,71.1,70.5,68.2,70.5,69.6,70.0,69.6,69.6,69.9,70.0,69.2,70.8,68.3,70.5,71.1,70.1,69.6,69.3,69.4,70.4,68.4,65.9,67.7,67.5,67.4,74.4,59.8,74.2,68.4,73.2,68.0,70.6,68.5,69.5,65.7,69.7,68.4,75.6,67.9,71.4,67.7,74.4,63.9,62.0,68.5,63.6,65.4,67.2,67.5,66.6,69.8,71.2,71.1,70.8,68.6,67.4,68.5,69.9,70.4,71.5,73.7,68.1,70.9,70.8,65.6,70.2,68.6,68.7,69.2,69.6,67.4,63.6,60.8,65.8,68.6,67.4
2994,66.6,58.5,60.4,72.3,69.3,69.7,70.2,69.2,67.2,67.1,68.6,69.9,69.0,67.2,69.2,68.2,68.6,67.5,67.8,68.2,68.5,67.7,69.4,66.8,68.7,69.6,69.1,68.2,68.0,68.1,68.9,66.6,64.7,66.4,66.4,66.1,71.9,57.7,72.7,66.2,72.0,65.2,68.8,67.0,66.8,62.9,67.9,66.1,72.7,66.1,69.8,65.7,72.5,61.1,60.9,66.8,62.7,64.3,66.5,65.7,64.8,68.6,69.0,69.1,68.8,66.6,64.9,67.5,68.4,68.9,69.5,72.1,65.8,69.4,68.3,63.8,68.5,67.0,67.4,67.5,68.0,66.0,62.2,59.0,64.5,67.3,66.1
2995,61.1,54.5,55.3,68.9,66.8,67.5,67.4,66.3,64.4,64.6,66.1,67.8,65.9,65.1,66.2,65.8,65.9,62.8,65.1,65.3,65.7,65.1,66.7,63.9,65.4,66.7,67.3,65.3,65.3,65.3,66.6,63.6,62.2,63.9,64.3,63.7,66.3,53.8,69.6,61.8,69.2,59.3,65.7,63.8,62.4,58.3,64.5,62.0,67.5,62.8,67.1,62.9,69.2,56.2,59.0,63.5,60.4,61.7,64.6,61.9,61.9,66.4,64.7,64.5,65.4,62.9,59.8,65.4,65.5,66.2,65.9,68.8,61.5,66.7,63.7,60.1,65.4,64.3,64.5,64.6,64.7,63.1,59.0,56.7,62.5,64.9,63.3
2996,57.6,51.9,52.1,64.1,63.7,64.7,64.6,62.5,62.3,62.2,63.9,64.9,63.0,62.7,63.2,63.4,61.9,58.1,62.8,63.1,62.6,62.3,63.3,60.5,60.2,62.1,65.4,62.5,62.3,62.7,63.6,61.0,58.4,60.8,61.6,60.1,62.3,50.9,64.4,57.9,66.3,56.0,60.7,58.8,59.0,54.7,60.7,58.5,64.3,56.7,63.0,60.5,64.3,53.2,56.0,59.6,57.1,58.7,61.4,58.0,58.7,61.8,59.4,60.4,61.3,58.4,55.1,63.3,62.8,63.5,61.5,62.5,57.9,62.3,59.8,55.0,63.0,61.7,61.9,59.8,60.4,58.7,52.9,55.0,59.2,62.0,59.2
2997,55.2,50.0,50.1,60.9,61.3,62.9,62.7,60.0,61.0,60.9,62.2,62.6,61.4,61.0,61.5,61.9,59.7,55.0,61.1,61.7,60.6,60.7,61.7,58.8,57.6,59.9,63.9,60.6,60.4,60.9,61.6,59.7,56.1,59.0,59.4,57.9,59.7,49.2,61.4,54.7,63.9,54.2,57.8,56.6,57.0,52.1,57.7,56.2,61.5,53.2,59.7,58.7,60.2,51.6,54.3,56.9,54.9,56.8,58.2,56.1,56.4,57.3,56.3,57.6,58.8,55.7,53.3,62.0,61.2,61.9,58.5,59.0,55.5,59.5,57.3,52.7,61.4,60.1,60.3,56.8,58.5,55.8,49.7,53.7,56.8,60.0,56.7
2998,53.2,48.4,48.7,58.5,59.7,61.6,61.1,58.5,60.0,59.8,60.9,61.1,60.0,59.8,60.0,60.8,58.4,52.8,59.8,60.5,59.3,59.5,60.5,57.5,56.1,58.6,62.5,59.2,59.0,59.9,60.3,58.6,54.6,57.2,57.8,56.6,57.6,47.7,59.1,52.6,62.0,52.6,55.7,54.9,55.1,50.6,55.2,53.7,59.1,51.2,57.5,56.8,57.6,50.2,53.0,54.2,53.2,55.2,55.8,54.5,54.7,54.8,53.8,54.9,56.7,53.7,51.1,60.8,60.1,60.8,56.2,56.5,53.1,57.6,54.9,50.7,60.2,58.8,59.1,54.9,57.0,53.6,48.9,52.6,55.2,58.4,54.9
2999,51.7,47.3,47.6,56.8,58.1,60.4,59.8,57.2,58.8,58.9,59.6,59.8,58.9,58.7,59.1,59.9,57.2,51.0,58.6,59.6,58.2,58.6,59.6,56.6,54.9,57.7,61.5,58.1,57.6,58.8,59.0,57.8,53.5,55.8,56.4,55.4,56.1,46.5,57.8,51.1,60.3,51.5,54.2,53.5,53.4,49.2,52.7,51.6,56.5,49.4,55.4,55.1,55.7,49.0,51.8,51.8,52.0,53.8,53.6,53.1,53.0,52.9,51.9,52.4,54.8,51.8,49.3,59.6,59.2,59.6,54.3,54.9,51.1,56.1,52.6,48.9,59.4,58.1,58.2,53.3,55.8,52.1,47.8,51.6,54.0,57.3,53.9
3000,50.3,46.4,46.7,55.0,56.9,59.3,58.9,56.2,57.8,57.9,58.7,58.8,58.0,58.0,58.1,59.0,56.5,49.5,57.8,58.7,57.2,57.6,58.8,55.5,53.8,56.7,60.3,57.1,56.7,58.0,58.1,56.9,52.5,54.3,55.2,53.9,54.8,45.5,56.3,49.7,58.6,50.4,52.8,52.3,51.7,47.7,50.8,50.0,54.1,47.6,53.6,53.2,54.0,47.8,50.5,50.1,50.8,52.6,52.0,52.2,51.5,51.4,50.2,50.4,52.9,50.3,47.4,58.8,58.4,58.7,52.7,53.3,49.5,54.5,50.6,47.6,58.5,57.3,57.5,52.3,54.7,50.5,47.1,50.8,52.9,56.2,52.7
3001,48.8,45.3,45.6,53.8,56.2,58.5,57.9,55.5,57.2,57.1,57.8,57.8,57.0,57.1,57.3,58.2,55.7,48.0,56.8,58.0,56.4,56.8,58.1,54.6,53.0,55.9,59.3,56.4,55.8,57.3,57.1,56.3,51.5,53.5,54.2,53.1,53.5,44.3,55.1,48.2,56.8,49.6,51.6,50.9,50.2,46.8,48.7,48.2,51.5,45.9,51.8,51.5,52.5,46.8,49.7,48.6,49.8,51.4,50.6,51.1,50.4,49.9,48.7,48.5,51.1,48.6,45.9,57.9,57.6,57.7,51.1,51.8,48.0,53.0,48.5,45.7,57.8,56.5,56.6,51.5,53.6,49.2,46.5,49.9,51.8,55.3,51.8
3002,47.5,44.5,44.8,52.8,55.3,57.5,57.0,54.7,56.5,56.1,57.1,57.2,56.4,56.4,56.5,57.6,55.1,47.0,56.2,57.2,55.8,56.1,57.4,53.7,52.0,55.0,58.6,55.6,55.0,56.7,56.4,55.6,50.6,52.6,53.2,52.3,52.4,43.6,53.8,46.8,55.4,48.9,50.6,50.0,49.0,45.9,47.1,46.8,49.3,44.5,50.6,49.9,50.8,45.9,48.7,47.5,48.9,50.5,49.3,49.8,49.3,48.7,47.5,46.8,49.4,47.0,44.2,57.1,56.7,57.1,49.4,50.7,46.7,51.9,46.6,44.6,57.0,55.7,56.0,50.5,52.7,48.5,45.9,49.2,51.0,54.3,51.1
3003,46.2,43.9,44.1,51.7,54.4,56.7,56.3,53.8,55.8,55.6,56.3,56.5,55.9,55.7,55.8,56.9,54.7,45.7,55.6,56.7,55.1,55.4,56.7,52.9,51.3,54.2,57.8,55.0,54.3,56.1,55.8,55.2,49.8,51.9,52.5,51.4,51.2,43.0,53.0,45.5,53.9,48.1,49.6,48.8,47.8,45.0,45.5,45.4,47.6,43.1,49.4,48.4,48.7,45.0,47.8,46.2,47.8,49.8,48.2,48.7,48.4,47.6,46.3,44.9,48.3,45.6,42.9,56.6,56.1,56.3,47.9,49.8,45.5,50.6,45.2,43.4,56.4,55.1,55.5,49.8,51.8,47.3,45.1,48.5,50.2,53.6,50.3
3004,44.9,43.5,43.2,50.7,53.8,56.1,55.8,53.4,55.2,55.1,55.8,55.9,55.1,55.3,55.0,56.3,54.2,44.7,55.1,56.1,54.6,54.9,56.0,52.1,50.5,53.5,57.3,54.5,53.7,55.6,55.1,54.7,49.0,51.2,51.9,50.9,50.6,42.4,52.2,44.2,52.7,47.6,48.8,47.6,47.1,43.8,44.3,44.2,45.9,41.7,48.3,47.3,47.1,44.4,46.9,45.2,47.2,49.0,47.1,47.9,47.3,46.2,45.5,43.5,47.3,44.5,41.6,55.9,55.5,55.8,46.3,48.7,44.4,49.5,44.0,42.0,56.0,54.5,55.0,49.1,51.1,46.6,44.2,47.9,49.5,52.8,49.4
3005,44.3,43.0,42.5,49.7,53.3,55.4,55.2,52.8,54.6,54.5,55.1,55.4,54.6,54.7,54.3,55.6,53.7,44.0,54.6,55.7,53.9,54.3,55.3,51.4,49.8,53.1,56.7,53.9,53.0,55.1,54.4,54.4,48.4,50.6,51.2,50.2,49.6,41.9,51.3,43.1,51.5,47.0,47.7,46.7,46.1,43.1,43.0,43.2,44.8,40.8,47.2,46.1,45.8,43.7,46.3,44.6,46.5,48.5,46.1,47.2,46.8,45.2,44.8,42.2,46.3,43.8,40.6,55.4,55.0,55.3,44.7,47.7,43.4,48.4,42.9,41.0,55.7,54.0,54.4,48.4,50.3,45.7,43.5,47.5,48.8,52.3,48.8
3006,47.0,44.6,45.2,49.3,52.9,55.2,54.9,52.8,54.9,54.5,56.2,55.5,55.8,54.6,54.2,56.1,53.5,47.8,55.5,57.2,53.9,54.7,55.6,51.1,49.0,52.6,56.7,53.7,53.2,55.4,54.3,55.0,48.0,50.6,51.2,50.4,51.6,43.5,50.4,44.8,51.7,49.6,47.2,47.4,47.9,45.3,43.8,46.6,48.5,40.4,46.4,47.2,45.5,45.9,45.8,47.6,46.4,48.6,45.5,50.1,49.2,44.6,48.2,45.9,46.8,47.7,42.3,55.5,55.6,56.3,44.4,47.0,45.7,48.9,47.4,40.5,57.0,54.9,54.3,47.9,49.9,45.2,43.3,49.3,48.3,52.2,49.1
3007,51.8,48.5,50.2,51.5,55.3,57.0,57.1,55.7,57.5,56.9,59.2,57.8,58.8,56.4,56.4,58.3,56.6,52.7,58.9,59.9,56.8,57.3,58.3,53.6,51.4,55.4,58.5,55.9,55.7,58.2,56.6,57.5,50.5,53.1,53.3,53.4,56.4,47.7,52.6,51.3,54.8,54.5,49.6,52.0,51.6,50.2,48.5,52.6,56.5,45.5,52.0,50.9,51.5,50.0,47.7,52.3,49.6,51.9,47.9,54.0,51.5,47.6,53.4,52.5,49.4,53.1,48.1,57.3,58.8,59.1,50.9,49.5,50.3,54.1,53.3,46.1,60.0,57.7,56.7,50.3,52.4,47.6,47.6,51.9,50.4,54.7,52.1
3008,56.3,51.9,54.6,56.3,58.5,59.7,59.9,58.8,60.2,59.2,61.9,60.6,61.7,58.9,59.4,60.9,59.6,56.4,61.8,62.6,59.7,60.1,61.1,56.6,55.2,58.5,60.7,58.9,58.5,60.9,59.6,60.0,53.7,56.2,55.9,56.2,60.8,51.1,56.9,55.6,58.1,58.5,53.8,55.8,55.7,54.7,53.2,57.0,62.8,51.3,58.4,54.9,57.9,54.0,50.7,56.9,53.0,54.9,51.5,57.5,54.3,52.0,57.5,58.0,52.6,57.2,52.7,59.5,61.8,61.7,57.1,55.2,54.7,58.6,58.0,51.3,62.9,60.3,59.3,54.2,56.0,51.2,51.5,54.4,53.5,57.9,55.3
3009,60.4,55.0,58.0,60.9,61.7,62.5,62.6,61.9,62.9,61.7,64.4,63.6,64.4,61.2,62.3,63.4,62.6,59.7,64.5,65.0,62.4,62.6,63.7,59.7,58.8,61.9,63.2,61.7,61.3,63.4,62.4,62.6,56.8,59.1,58.6,59.1,64.4,54.1,61.0,59.3,61.6,61.7,57.8,58.9,59.8,58.2,58.3,60.5,67.3,56.8,62.8,59.2,63.3,57.3,53.7,60.7,55.9,57.7,55.1,60.7,57.4,56.3,61.0,62.0,56.1,60.7,56.3,61.7,64.2,64.2,62.2,60.0,58.4,61.9,61.6,56.1,65.5,63.0,61.8,57.9,59.4,55.2,54.4,56.4,56.8,60.9,58.3
3010,64.2,57.6,60.7,64.7,64.6,64.8,65.4,64.5,65.1,63.9,66.6,66.1,66.6,63.3,64.8,65.5,65.0,62.8,66.8,67.2,64.6,64.7,65.8,62.2,62.2,64.6,65.2,64.1,63.8,65.4,64.8,64.5,59.7,61.8,61.1,61.5,67.7,56.7,64.9,62.3,64.7,64.4,61.2,61.7,63.5,61.3,62.4,63.6,70.9,60.3,66.1,62.7,67.5,60.2,56.4,63.5,58.5,60.2,58.3,63.3,60.3,59.8,64.1,65.2,59.7,63.8,59.6,63.8,66.3,66.4,66.1,63.9,61.8,64.6,64.5,59.9,67.3,65.0,63.8,61.0,62.5,58.8,57.2,58.3,59.4,63.1,61.1
3011,67.0,59.6,62.7,67.8,66.8,67.1,67.6,66.6,66.9,65.7,68.4,68.2,68.2,64.9,66.9,67.2,66.8,65.6,68.3,68.8,66.4,66.3,67.5,64.8,65.1,67.1,67.1,66.1,65.8,67.2,66.8,66.5,62.0,64.2,63.4,63.7,70.4,58.9,67.9,65.1,67.4,66.4,64.2,64.3,66.1,63.8,65.6,65.8,73.7,63.4,68.5,65.7,70.9,62.2,58.4,65.8,60.3,62.3,61.0,65.1,62.9,62.7,66.7,67.8,63.0,66.1,62.7,65.5,68.0,68.1,69.0,66.9,64.4,66.8,67.1,62.8,69.1,66.6,65.7,63.7,64.9,62.0,59.6,59.9,61.7,65.1,63.5
3012,69.1,61.3,64.4,70.2,68.8,68.9,69.4,68.4,68.3,67.2,69.6,69.5,69.8,66.3,68.7,68.3,68.3,67.6,69.2,70.0,68.2,67.5,69.0,66.4,67.5,69.0,68.6,67.8,67.5,68.4,68.5,67.8,64.0,66.0,65.2,65.3,72.4,60.5,70.5,67.2,69.9,68.1,66.8,66.5,68.4,65.6,68.0,67.7,75.7,65.2,70.0,67.8,73.2,63.9,60.1,67.4,61.9,63.7,63.4,66.6,65.1,65.1,68.8,69.8,66.1,67.8,65.4,66.8,69.4,69.4,71.1,69.3,66.6,68.9,69.3,64.5,70.3,68.0,67.1,65.8,66.9,64.2,61.5,61.2,63.5,66.8,65.3
3013,70.8,62.7,65.3,72.0,70.3,70.5,70.8,70.0,69.2,68.3,70.7,70.6,70.7,67.6,70.2,69.3,69.6,69.4,70.3,71.0,69.5,68.8,70.3,67.9,69.2,70.5,69.8,69.0,68.8,69.7,69.8,68.7,65.5,67.3,66.6,66.8,74.3,61.6,72.4,68.9,72.0,69.9,69.0,68.0,70.2,67.0,69.6,69.3,77.3,67.1,71.5,69.1,74.9,65.3,61.2,68.4,63.2,65.0,65.2,67.6,66.6,67.2,70.5,71.2,68.5,69.2,67.5,68.0,70.3,70.6,72.5,71.4,68.4,70.6,70.9,65.9,71.2,69.1,68.4,67.7,68.6,66.0,63.3,62.2,64.9,68.1,66.7
3014,71.7,63.3,66.0,73.6,71.4,71.4,71.9,70.9,69.9,69.1,71.4,71.4,71.5,68.3,71.2,70.1,70.5,70.5,70.8,71.5,70.3,69.6,71.2,68.7,70.6,71.6,70.5,70.0,69.8,70.5,70.7,69.5,66.6,68.2,67.5,67.6,75.3,62.2,73.8,70.0,73.4,70.5,70.5,69.2,71.2,67.7,70.6,70.1,78.0,68.1,72.1,70.0,76.1,65.9,62.0,69.3,63.9,65.7,66.4,68.3,67.4,68.9,71.8,72.5,70.5,70.1,68.9,69.0,70.9,71.4,73.5,73.0,69.4,71.6,72.1,67.1,71.8,69.9,69.2,69.0,69.9,67.2,64.4,62.5,66.0,69.0,67.9
3015,71.9,63.2,66.0,74.6,71.8,72.0,72.4,71.3,69.9,69.4,71.6,71.6,71.9,68.8,71.5,70.7,71.0,71.0,71.2,71.5,70.9,70.2,71.7,69.3,71.3,72.1,70.9,70.5,70.3,70.6,71.2,69.6,67.1,68.8,68.2,68.1,75.8,61.9,74.7,70.1,74.2,70.6,71.2,69.8,71.6,67.8,71.2,70.4,78.3,68.9,72.6,70.1,76.3,66.1,62.6,69.7,64.3,66.1,67.6,68.9,67.8,70.1,72.2,72.8,71.6,70.3,69.4,69.4,71.0,71.8,73.8,74.1,69.8,72.1,72.5,67.3,71.9,70.2,69.6,69.9,70.5,68.1,64.9,62.5,66.6,69.6,68.3
3016,71.3,62.3,65.4,74.8,71.8,71.9,72.3,71.4,69.8,69.4,71.4,71.7,71.6,68.8,71.3,70.5,70.9,70.9,70.8,71.2,71.0,70.2,71.6,69.2,71.4,71.8,70.9,70.4,70.4,70.4,71.4,69.4,66.9,68.9,68.2,68.4,75.7,61.2,75.0,69.9,74.2,69.9,71.3,69.7,71.2,67.3,70.9,69.8,77.3,69.1,72.4,69.3,75.9,65.6,62.8,69.6,64.4,66.4,68.0,68.8,67.8,70.7,72.3,72.6,71.8,70.0,69.3,69.4,70.9,71.6,73.3,74.3,69.5,71.9,72.1,66.7,71.5,69.9,69.4,69.9,70.5,68.1,64.7,62.0,66.6,69.6,68.3
3017,69.8,61.2,63.8,74.1,71.0,71.3,71.6,70.9,69.2,68.9,70.5,71.5,70.9,68.5,70.7,70.0,70.3,70.0,70.0,70.3,70.4,69.6,71.1,68.6,70.6,71.2,70.5,69.9,69.7,69.7,70.8,68.6,66.3,68.1,67.8,67.8,74.6,60.0,74.5,68.9,73.6,68.4,70.9,68.9,69.7,65.9,70.1,68.6,75.8,68.4,71.6,68.0,74.7,64.3,62.5,68.9,64.2,66.0,67.9,67.9,67.0,70.3,71.6,71.5,71.2,69.0,67.9,68.9,70.1,70.9,72.0,74.1,68.3,71.3,71.1,65.9,70.5,69.1,69.0,69.5,69.9,67.8,64.1,60.9,66.1,69.0,67.7
3018,66.9,58.8,60.7,72.6,69.6,69.9,70.3,69.6,67.6,67.5,69.0,70.3,69.3,67.5,69.3,68.7,68.9,67.9,68.2,68.6,68.9,68.2,69.6,67.1,68.9,69.8,69.5,68.5,68.4,68.3,69.3,66.9,65.0,66.7,66.7,66.5,72.2,57.9,73.1,66.7,72.4,65.6,69.1,67.5,67.1,63.2,68.3,66.4,72.9,66.7,70.0,66.1,72.8,61.5,61.4,67.2,63.3,64.8,67.1,66.2,65.3,69.3,69.4,69.5,69.3,67.1,65.4,67.8,68.7,69.4,70.1,72.5,66.0,69.8,68.6,64.1,68.7,67.6,67.7,67.9,68.3,66.4,62.7,59.2,64.8,67.6,66.4
3019,61.3,54.7,55.6,69.2,67.1,67.6,67.6,66.8,64.9,65.0,66.4,68.2,66.3,65.4,66.3,66.2,66.3,63.3,65.5,65.6,66.2,65.5,66.9,64.3,65.6,66.9,67.7,65.6,65.7,65.7,67.1,63.9,62.5,64.2,64.6,64.1,66.6,54.0,70.0,62.2,69.7,59.7,66.0,64.3,62.6,58.5,64.9,62.3,67.7,63.3,67.5,63.3,69.6,56.6,59.5,63.8,60.9,62.3,65.2,62.3,62.3,66.9,65.0,65.0,66.0,63.4,60.4,65.8,65.8,66.8,66.5,69.1,61.8,67.2,64.1,60.6,65.6,64.8,64.9,64.9,65.1,63.4,59.5,56.8,62.8,65.2,63.7
3020,57.9,52.1,52.4,64.3,63.9,64.8,64.8,62.8,62.8,62.5,64.3,65.3,63.5,63.0,63.4,63.7,62.3,58.5,63.1,63.4,63.0,62.7,63.6,60.9,60.4,62.3,65.8,62.8,62.7,63.0,64.0,61.4,58.7,61.1,61.9,60.5,62.6,51.2,64.8,58.2,66.8,56.2,60.9,59.3,59.2,55.0,61.0,58.8,64.5,57.2,63.2,60.9,64.7,53.5,56.4,59.9,57.6,59.3,62.0,58.2,59.0,62.3,59.7,60.9,61.8,58.8,55.6,63.7,63.1,64.0,62.0,62.9,58.2,62.6,60.2,55.4,63.3,62.2,62.2,60.0,60.6,59.0,53.4,55.0,59.4,62.3,59.5
3021,55.4,50.2,50.4,61.1,61.6,63.0,62.9,60.3,61.4,61.2,62.7,63.0,61.8,61.3,61.6,62.2,60.2,55.3,61.5,62.0,61.0,61.1,61.9,59.1,57.8,60.0,64.3,60.9,60.8,61.3,62.1,60.1,56.4,59.2,59.6,58.2,60.0,49.4,61.7,55.1,64.3,54.3,58.0,57.0,57.1,52.3,58.0,56.6,61.8,53.6,59.9,59.0,60.4,51.8,54.7,57.3,55.4,57.3,58.8,56.5,56.7,57.8,56.5,58.1,59.3,56.1,53.8,62.4,61.6,62.5,59.0,59.3,55.8,59.9,57.7,53.0,61.6,60.6,60.6,57.0,58.7,56.1,50.1,53.7,56.9,60.4,57.0
3022,53.3,48.7,48.8,58.6,60.0,61.7,61.3,58.8,60.3,60.1,61.4,61.4,60.4,60.1,60.2,61.1,58.8,53.1,60.2,60.8,59.7,59.9,60.7,57.8,56.3,58.8,62.9,59.5,59.4,60.2,60.7,59.0,54.9,57.4,58.0,56.9,57.8,48.0,59.3,52.9,62.4,52.7,56.0,55.4,55.2,50.7,55.4,54.1,59.3,51.6,57.6,57.1,57.8,50.4,53.4,54.6,53.6,55.6,56.3,54.8,55.0,55.2,54.1,55.3,57.2,54.0,51.7,61.1,60.4,61.3,56.6,56.7,53.4,58.0,55.3,50.9,60.5,59.2,59.4,55.0,57.2,53.8,49.3,52.6,55.4,58.8,55.3
3023,51.9,47.5,47.7,57.0,58.3,60.6,60.1,57.5,59.2,59.2,60.1,60.1,59.3,59.1,59.2,60.2,57.6,51.3,59.2,59.9,58.5,59.0,59.8,56.9,55.0,57.8,61.9,58.3,58.1,59.1,59.4,58.1,53.7,55.9,56.7,55.6,56.2,46.7,58.0,51.4,60.7,51.5,54.5,53.9,53.5,49.3,52.9,52.1,56.7,49.8,55.5,55.5,55.9,49.2,52.3,52.1,52.5,54.2,54.1,53.5,53.3,53.3,52.2,52.9,55.3,52.0,49.7,60.0,59.6,60.1,54.7,55.0,51.3,56.5,53.0,49.2,59.7,58.5,58.6,53.5,56.1,52.3,48.3,51.6,54.2,57.7,54.1
3024,50.4,46.6,46.9,55.2,57.2,59.5,59.1,56.5,58.2,58.2,59.0,59.1,58.4,58.3,58.3,59.3,56.8,49.8,58.2,58.9,57.5,58.0,59.0,55.7,54.0,56.9,60.6,57.3,57.1,58.3,58.5,57.2,52.7,54.5,55.4,54.1,54.9,45.7,56.4,50.0,59.1,50.5,53.0,52.6,51.9,47.8,51.1,50.3,54.3,48.0,53.8,53.5,54.2,48.0,51.0,50.3,51.2,53.1,52.6,52.6,51.7,51.9,50.4,50.8,53.3,50.4,47.8,59.2,58.6,59.1,53.1,53.3,49.7,54.9,51.1,47.9,58.9,57.7,57.7,52.6,54.9,50.6,47.6,50.8,53.1,56.5,53.0
3025,48.9,45.5,45.9,54.0,56.4,58.7,58.1,55.7,57.5,57.3,58.2,58.1,57.5,57.4,57.5,58.5,56.0,48.3,57.2,58.2,56.7,57.1,58.3,54.7,53.2,56.2,59.7,56.6,56.1,57.5,57.4,56.6,51.7,53.7,54.4,53.3,53.7,44.6,55.2,48.5,57.1,49.6,51.8,51.2,50.5,47.0,49.0,48.6,51.6,46.3,52.1,51.8,52.7,47.0,50.2,48.9,50.2,51.9,51.2,51.5,50.6,50.4,49.0,49.0,51.6,48.7,46.3,58.2,57.8,58.2,51.5,51.9,48.2,53.4,48.9,46.0,58.2,56.9,56.9,51.7,53.7,49.3,47.0,50.0,52.0,55.6,52.1
3026,47.5,44.7,45.0,53.0,55.4,57.7,57.2,54.9,56.8,56.4,57.5,57.5,56.9,56.6,56.7,57.8,55.3,47.2,56.6,57.5,56.0,56.4,57.6,53.8,52.2,55.3,59.0,55.9,55.4,56.9,56.7,55.8,50.8,52.8,53.4,52.5,52.5,43.9,53.9,46.9,55.8,48.9,50.8,50.3,49.1,46.1,47.3,47.1,49.5,44.7,50.8,50.2,51.0,46.1,49.2,47.8,49.4,51.0,49.8,50.1,49.6,49.1,47.7,47.3,49.9,47.2,44.6,57.4,57.0,57.5,49.7,50.8,47.0,52.4,47.1,44.8,57.3,56.2,56.2,50.7,52.9,48.5,46.4,49.2,51.2,54.6,51.4
3027,46.3,44.1,44.2,51.9,54.6,56.9,56.5,53.9,56.1,55.9,56.7,56.9,56.3,56.0,56.0,57.1,54.9,45.9,56.0,56.9,55.3,55.6,56.9,53.0,51.4,54.4,58.1,55.3,54.6,56.3,56.1,55.4,50.0,52.0,52.7,51.6,51.2,43.3,53.1,45.6,54.3,48.1,49.8,49.2,48.0,45.2,45.8,45.8,47.8,43.4,49.5,48.8,48.9,45.1,48.3,46.5,48.3,50.3,48.7,49.1,48.6,47.9,46.7,45.4,48.7,45.8,43.3,56.8,56.4,56.7,48.2,49.8,45.8,50.9,45.5,43.7,56.7,55.4,55.7,50.0,51.9,47.3,45.6,48.5,50.3,53.8,50.5
3028,45.1,43.7,43.3,50.9,53.9,56.3,56.0,53.5,55.5,55.3,56.2,56.2,55.5,55.5,55.2,56.5,54.4,45.0,55.5,56.4,54.7,55.1,56.2,52.2,50.7,53.7,57.5,54.7,53.9,55.8,55.4,55.0,49.1,51.3,52.0,51.0,50.6,42.7,52.3,44.4,53.1,47.6,48.9,48.0,47.3,44.0,44.6,44.5,46.2,42.0,48.5,47.6,47.4,44.6,47.4,45.5,47.7,49.5,47.6,48.3,47.5,46.6,45.8,44.0,47.7,44.9,42.0,56.1,55.7,56.2,46.6,48.7,44.7,49.8,44.3,42.3,56.3,54.8,55.1,49.2,51.2,46.6,44.7,47.9,49.6,52.9,49.7
3029,44.5,43.2,42.7,49.9,53.4,55.6,55.4,53.0,54.9,54.7,55.5,55.8,55.0,54.9,54.4,55.9,53.8,44.3,55.0,55.9,53.9,54.5,55.6,51.5,49.8,53.2,56.9,54.1,53.1,55.4,54.6,54.6,48.5,50.7,51.4,50.3,49.7,42.2,51.4,43.4,51.9,47.0,47.9,47.1,46.3,43.2,43.3,43.5,45.0,41.0,47.4,46.4,46.0,43.9,46.8,44.9,47.0,48.9,46.6,47.6,47.0,45.6,45.2,42.7,46.6,44.2,41.0,55.6,55.2,55.7,45.0,47.6,43.8,48.8,43.2,41.2,55.9,54.3,54.5,48.4,50.4,45.7,44.0,47.6,48.9,52.4,49.0
3030,47.3,45.0,45.5,49.4,53.1,55.5,55.1,52.9,55.2,54.8,56.6,55.9,56.1,54.8,54.4,56.3,53.8,48.3,55.9,57.5,54.0,54.9,55.9,51.2,49.2,52.8,57.0,53.8,53.4,55.7,54.5,55.3,48.1,50.7,51.4,50.6,51.8,43.9,50.5,45.1,52.1,49.8,47.4,47.8,48.1,45.6,44.3,47.1,49.0,40.7,46.7,47.6,45.9,46.3,46.3,48.0,47.0,49.1,46.0,50.5,49.5,44.9,48.6,46.5,47.3,48.2,42.8,55.7,55.9,56.7,44.7,46.9,46.0,49.3,47.8,40.7,57.3,55.3,54.6,47.9,49.9,45.2,43.8,49.4,48.4,52.3,49.4
3031,52.0,48.9,50.6,51.7,55.5,57.3,57.4,55.9,57.8,57.2,59.5,58.2,59.2,56.7,56.7,58.6,56.8,53.1,59.3,60.2,57.0,57.5,58.6,53.9,51.6,55.7,58.9,56.1,56.0,58.4,56.9,57.8,50.7,53.3,53.5,53.7,56.7,48.1,52.8,51.6,55.2,54.7,49.9,52.4,51.9,50.5,48.9,53.1,56.9,45.9,52.3,51.2,51.9,50.4,48.2,52.7,50.2,52.4,48.5,54.4,51.9,48.0,53.8,53.0,49.7,53.4,48.6,57.6,59.0,59.5,51.3,49.6,50.7,54.5,53.7,46.5,60.3,58.1,56.9,50.5,52.7,47.8,48.0,51.9,50.7,54.9,52.5
3032,56.5,52.4,55.0,56.6,58.8,60.0,60.2,59.1,60.5,59.5,62.2,61.0,62.1,59.2,59.7,61.3,59.9,56.9,62.2,62.9,60.0,60.3,61.4,57.1,55.5,58.8,61.1,59.2,58.8,61.1,59.9,60.3,54.1,56.4,56.2,56.5,61.0,51.5,57.2,56.0,58.5,58.7,54.2,56.3,56.1,55.0,53.7,57.5,63.2,51.8,58.8,55.2,58.4,54.5,51.2,57.3,53.6,55.4,52.1,57.9,54.8,52.4,57.9,58.5,53.0,57.6,53.1,59.8,61.9,62.1,57.5,55.3,55.0,59.2,58.4,51.8,63.1,60.8,59.6,54.5,56.4,51.5,51.9,54.5,53.9,58.2,55.7
3033,60.7,55.4,58.3,61.3,62.1,62.8,63.0,62.3,63.1,62.0,64.8,63.8,64.7,61.5,62.7,63.7,62.9,60.1,64.8,65.3,62.8,62.9,63.9,60.1,59.1,62.3,63.6,62.0,61.7,63.5,62.7,62.8,57.3,59.5,58.9,59.5,64.6,54.5,61.3,59.7,62.0,61.8,58.2,59.4,60.1,58.6,58.8,60.9,67.7,57.4,63.2,59.6,63.8,57.8,54.2,61.0,56.5,58.3,55.6,61.1,57.9,56.8,61.5,62.5,56.5,61.2,56.8,62.1,64.4,64.6,62.6,60.2,58.8,62.5,62.1,56.5,65.6,63.4,62.1,58.3,59.8,55.7,54.8,56.5,57.3,61.3,58.7
3034,64.5,58.0,61.0,65.0,65.0,65.2,65.8,65.0,65.4,64.3,66.9,66.4,66.9,63.6,65.2,65.7,65.3,63.3,67.1,67.5,65.0,65.0,66.1,62.7,62.6,65.0,65.6,64.4,64.2,65.5,65.2,64.7,60.3,62.1,61.5,61.9,67.7,57.0,65.1,62.7,65.1,64.5,61.6,62.2,63.8,61.6,62.9,64.0,71.2,60.9,66.6,63.2,68.0,60.6,56.9,63.9,59.1,60.9,58.8,63.8,60.9,60.3,64.5,65.7,60.1,64.3,60.2,64.2,66.5,66.7,66.5,64.0,62.1,65.1,65.0,60.4,67.5,65.5,64.2,61.5,63.0,59.3,57.7,58.4,60.0,63.5,61.5
3035,67.3,60.1,63.1,68.0,67.2,67.5,68.0,67.1,67.2,66.1,68.6,68.4,68.5,65.3,67.4,67.4,67.1,66.0,68.5,69.0,66.9,66.6,67.8,65.2,65.5,67.5,67.5,66.5,66.2,67.2,67.2,66.6,62.6,64.6,63.8,64.1,70.3,59.3,68.1,65.4,67.8,66.5,64.7,65.0,66.4,64.2,66.0,66.1,74.0,64.0,68.8,66.1,71.3,62.7,59.1,66.2,61.0,63.0,61.6,65.6,63.6,63.3,67.1,68.3,63.4,66.7,63.3,65.8,68.1,68.5,69.5,67.0,64.7,67.4,67.5,63.3,69.2,67.1,66.1,64.3,65.4,62.4,60.1,60.0,62.2,65.5,64.0
3036,69.4,61.7,64.6,70.3,69.2,69.3,69.8,68.9,68.6,67.5,69.8,69.7,70.0,66.7,69.1,68.5,68.7,68.1,69.4,70.1,68.6,67.8,69.3,66.9,67.8,69.4,68.9,68.2,67.9,68.5,68.9,67.9,64.6,66.5,65.6,65.8,72.4,60.8,70.5,67.5,70.2,68.2,67.3,67.1,68.8,66.0,68.5,68.2,76.0,65.7,70.4,68.1,73.7,64.4,60.6,67.9,62.6,64.4,64.0,67.1,65.8,65.8,69.4,70.3,66.5,68.4,65.9,67.1,69.4,69.7,71.5,69.5,67.0,69.5,69.7,65.0,70.4,68.5,67.4,66.4,67.4,64.7,62.2,61.4,64.0,67.1,65.8
3037,71.1,63.1,65.6,72.1,70.7,70.9,71.2,70.5,69.4,68.7,70.9,70.8,70.9,68.0,70.6,69.6,70.1,69.9,70.5,71.1,69.9,69.0,70.5,68.4,69.5,70.9,70.1,69.4,69.2,69.8,70.2,68.8,66.0,67.8,67.0,67.2,74.4,61.9,72.4,69.1,72.3,70.0,69.4,68.6,70.5,67.4,70.1,69.7,77.6,67.6,71.8,69.5,75.4,65.8,61.7,68.9,63.8,65.6,65.8,68.2,67.2,67.9,71.1,71.7,69.0,69.7,68.0,68.3,70.3,71.0,73.0,71.5,68.7,71.1,71.3,66.4,71.3,69.5,68.7,68.2,69.1,66.5,63.9,62.4,65.4,68.6,67.2
3038,72.0,63.6,66.4,73.7,71.9,71.8,72.3,71.4,70.1,69.5,71.6,71.6,71.7,68.7,71.6,70.3,70.9,71.0,71.0,71.6,70.8,69.9,71.5,69.1,70.9,72.1,70.9,70.3,70.3,70.6,71.2,69.6,67.1,68.7,67.9,68.0,75.4,62.6,73.9,70.1,73.8,70.6,70.8,69.7,71.5,68.0,71.2,70.5,78.2,68.6,72.5,70.3,76.6,66.3,62.6,69.9,64.5,66.3,67.0,68.9,68.2,69.5,72.4,73.0,70.9,70.6,69.4,69.3,70.9,71.7,74.0,73.2,69.8,72.2,72.4,67.7,71.8,70.3,69.7,69.6,70.4,67.8,65.0,62.8,66.5,69.4,68.3
3039,72.2,63.5,66.5,74.7,72.3,72.4,72.8,71.8,70.1,69.9,71.8,71.8,72.0,69.3,71.9,70.8,71.5,71.5,71.4,71.7,71.3,70.5,71.9,69.7,71.6,72.6,71.4,70.8,70.8,70.7,71.7,69.7,67.6,69.3,68.6,68.6,75.9,62.2,74.8,70.3,74.6,70.8,71.5,70.4,71.9,68.0,71.8,70.7,78.4,69.4,73.0,70.3,76.7,66.5,63.2,70.3,64.9,66.7,68.2,69.5,68.6,70.8,72.8,73.3,72.1,70.9,70.0,69.7,71.1,72.1,74.3,74.3,70.1,72.7,72.9,67.9,71.8,70.6,70.0,70.5,70.9,68.6,65.5,62.9,67.1,70.1,68.8
3040,71.6,62.7,65.8,74.9,72.3,72.3,72.7,71.9,70.0,69.8,71.6,71.9,71.8,69.2,71.7,70.8,71.4,71.4,71.0,71.4,71.4,70.5,71.9,69.8,71.7,72.3,71.4,70.7,70.9,70.4,71.8,69.5,67.4,69.3,68.6,68.9,75.9,61.6,75.0,70.2,74.6,70.0,71.6,70.2,71.5,67.5,71.5,70.2,77.5,69.6,72.8,69.6,76.4,66.0,63.3,70.3,65.0,66.8,68.6,69.4,68.5,71.4,72.9,73.2,72.4,70.6,69.8,69.8,71.0,71.9,73.9,74.4,69.8,72.6,72.5,67.2,71.5,70.3,69.8,70.5,71.0,68.7,65.4,62.4,67.1,70.1,68.7
3041,70.2,61.6,64.2,74.2,71.5,71.7,71.9,71.3,69.4,69.3,70.8,71.6,71.1,68.9,71.1,70.3,70.8,70.4,70.2,70.4,70.9,69.9,71.3,69.2,70.9,71.7,70.9,70.2,70.2,69.8,71.2,68.7,66.7,68.6,68.3,68.3,74.8,60.3,74.6,69.2,73.9,68.7,71.2,69.5,70.0,66.2,70.7,69.0,76.0,68.8,72.0,68.4,75.1,64.7,63.0,69.4,64.7,66.5,68.5,68.6,67.7,71.1,72.2,72.1,71.8,69.7,68.5,69.3,70.2,71.2,72.5,74.2,68.5,71.9,71.5,66.4,70.5,69.5,69.4,70.2,70.4,68.3,64.8,61.3,66.5,69.6,68.2
3042,67.3,59.2,61.0,72.8,70.0,70.2,70.7,70.0,67.8,67.9,69.1,70.5,69.5,67.8,69.7,68.9,69.4,68.4,68.4,68.7,69.2,68.5,69.8,67.6,69.2,70.2,69.9,68.8,68.9,68.4,69.8,67.0,65.5,67.2,67.2,67.0,72.3,58.3,73.2,67.0,72.7,65.8,69.6,68.1,67.4,63.4,69.0,66.8,73.1,67.2,70.5,66.6,73.3,61.9,61.9,67.8,63.7,65.3,67.8,66.9,66.0,70.1,69.9,70.1,70.0,67.8,66.0,68.2,68.8,69.6,70.7,72.6,66.1,70.5,69.0,64.6,68.8,68.0,68.1,68.4,68.8,66.9,63.3,59.5,65.3,68.1,66.9
3043,61.8,55.1,55.9,69.5,67.5,68.0,67.9,67.1,65.0,65.4,66.6,68.4,66.4,65.8,66.7,66.4,66.7,63.8,65.6,65.8,66.6,65.9,67.1,64.7,65.9,67.2,68.1,65.8,66.2,65.8,67.5,64.0,62.9,64.6,65.0,64.6,66.7,54.4,70.2,62.5,70.0,60.0,66.5,65.0,62.9,58.8,65.5,62.7,67.9,63.8,68.0,63.7,70.0,57.1,60.0,64.5,61.4,62.8,66.0,63.0,63.1,67.7,65.6,65.5,66.6,64.1,61.0,66.2,65.8,67.0,67.2,69.2,62.1,67.7,64.5,61.1,65.7,65.1,65.3,65.4,65.5,63.9,60.2,57.2,63.3,65.7,64.3
3044,58.3,52.5,52.8,64.7,64.2,65.1,65.1,63.1,62.9,62.8,64.4,65.5,63.6,63.3,63.7,63.9,62.6,58.9,63.2,63.5,63.3,63.0,63.7,61.3,60.7,62.6,66.1,63.0,63.1,63.0,64.4,61.3,59.1,61.4,62.3,60.9,62.8,51.5,64.9,58.6,67.0,56.5,61.4,59.9,59.6,55.3,61.6,59.2,64.7,57.6,63.7,61.3,65.1,53.9,56.9,60.6,58.1,59.7,62.7,58.8,59.6,63.1,60.1,61.3,62.4,59.4,56.1,64.0,63.1,64.2,62.5,63.1,58.5,63.2,60.6,56.0,63.3,62.4,62.5,60.5,61.1,59.5,54.0,55.4,59.9,62.7,60.0
3045,55.8,50.6,50.7,61.5,61.8,63.3,63.2,60.5,61.4,61.4,62.8,63.1,61.9,61.5,61.8,62.3,60.4,55.8,61.6,62.2,61.3,61.3,61.9,59.4,58.1,60.2,64.5,61.1,61.2,61.3,62.3,60.1,56.8,59.5,60.0,58.5,60.3,49.7,61.8,55.5,64.5,54.7,58.4,57.7,57.5,52.6,58.6,56.9,62.1,54.0,60.2,59.4,60.8,52.2,55.1,57.9,55.9,57.7,59.6,57.1,57.3,58.4,56.9,58.6,59.8,56.5,54.2,62.7,61.6,62.7,59.6,59.6,56.1,60.4,58.0,53.5,61.7,60.8,60.9,57.3,59.0,56.5,50.7,54.1,57.4,60.7,57.3
3046,53.7,49.0,49.1,59.0,60.2,62.0,61.6,58.9,60.4,60.3,61.6,61.5,60.5,60.4,60.5,61.2,59.1,53.5,60.4,61.0,59.9,60.0,60.7,58.1,56.6,59.0,63.2,59.5,59.7,60.2,61.0,58.9,55.3,57.8,58.3,57.1,58.2,48.3,59.4,53.3,62.7,53.0,56.4,56.1,55.6,51.0,56.1,54.5,59.7,52.0,57.9,57.5,58.1,50.8,53.9,55.1,54.1,56.1,57.1,55.4,55.5,55.8,54.4,55.9,57.7,54.4,52.1,61.4,60.5,61.5,57.2,57.1,53.9,58.5,55.6,51.4,60.6,59.4,59.7,55.4,57.5,54.3,49.9,53.1,55.8,59.2,55.5
3047,52.3,47.8,48.1,57.4,58.6,60.8,60.3,57.6,59.3,59.4,60.3,60.1,59.4,59.4,59.4,60.4,57.8,51.7,59.3,60.0,58.7,59.2,59.9,57.2,55.3,58.0,62.1,58.4,58.4,59.1,59.6,58.0,54.0,56.1,56.9,55.8,56.5,47.0,58.1,51.8,61.1,51.8,54.8,54.6,53.8,49.6,53.6,52.5,57.1,50.2,55.7,55.8,56.3,49.6,52.8,52.6,53.0,54.7,54.8,54.0,53.7,53.8,52.4,53.3,55.8,52.4,50.2,60.3,59.5,60.3,55.2,55.4,51.7,57.0,53.4,49.7,59.8,58.7,58.8,54.0,56.4,52.7,48.9,52.1,54.5,58.0,54.4
3048,50.7,46.9,47.2,55.6,57.5,59.7,59.3,56.7,58.3,58.4,59.2,59.2,58.5,58.5,58.4,59.5,57.0,50.2,58.3,59.1,57.7,58.2,59.1,56.0,54.3,57.2,60.9,57.4,57.3,58.2,58.7,57.1,53.0,54.7,55.7,54.3,55.2,46.1,56.6,50.4,59.4,50.9,53.4,53.3,52.3,48.2,51.7,50.8,54.7,48.4,54.0,53.9,54.5,48.4,51.7,50.7,51.8,53.6,53.2,53.1,52.1,52.4,50.7,51.3,53.8,50.7,48.3,59.4,58.6,59.3,53.5,53.7,50.1,55.5,51.5,48.3,59.0,57.8,58.0,52.9,55.2,50.9,48.2,51.3,53.5,56.8,53.2
3049,49.3,45.7,46.3,54.4,56.6,58.9,58.3,55.8,57.5,57.6,58.3,58.2,57.6,57.6,57.7,58.6,56.1,48.6,57.4,58.4,56.8,57.2,58.3,55.0,53.4,56.5,60.0,56.7,56.3,57.5,57.6,56.5,51.9,53.9,54.6,53.4,53.9,44.9,55.5,48.9,57.4,50.0,52.2,51.9,50.9,47.3,49.6,48.9,51.9,46.7,52.3,52.2,53.0,47.4,50.8,49.3,50.9,52.4,51.8,52.0,51.1,50.8,49.1,49.4,52.0,49.1,46.8,58.5,57.8,58.4,51.9,52.3,48.7,53.9,49.3,46.4,58.3,57.0,57.1,52.0,54.1,49.6,47.6,50.4,52.3,55.9,52.3
3050,48.0,45.0,45.5,53.4,55.7,58.0,57.6,55.1,56.9,56.6,57.6,57.5,57.0,56.9,57.0,58.0,55.5,47.5,56.7,57.6,56.1,56.6,57.6,54.1,52.5,55.6,59.2,56.0,55.5,56.9,56.9,55.8,51.1,52.9,53.6,52.6,52.8,44.2,54.2,47.3,56.1,49.2,51.1,50.9,49.5,46.4,47.9,47.5,49.9,45.2,51.0,50.5,51.2,46.5,49.8,48.1,50.0,51.6,50.5,50.5,49.9,49.6,47.9,47.7,50.3,47.6,45.0,57.7,56.9,57.7,50.2,51.1,47.4,52.8,47.5,45.2,57.4,56.3,56.5,51.0,53.2,48.7,47.0,49.8,51.5,54.8,51.5
3051,46.8,44.3,44.6,52.2,54.8,57.3,56.8,54.2,56.2,56.1,56.9,56.9,56.4,56.2,56.2,57.2,55.1,46.2,56.1,57.1,55.5,55.8,56.9,53.3,51.8,54.8,58.3,55.5,54.8,56.3,56.3,55.3,50.2,52.1,52.8,51.6,51.5,43.6,53.4,46.0,54.6,48.4,50.2,49.7,48.3,45.6,46.4,46.2,48.2,43.8,49.8,49.2,49.1,45.6,48.9,46.8,48.9,50.9,49.4,49.4,49.0,48.4,46.8,45.9,49.1,46.2,43.6,57.1,56.2,56.9,48.7,50.1,46.2,51.5,46.0,44.1,56.8,55.5,55.9,50.3,52.3,47.6,46.1,49.0,50.6,54.0,50.6
3052,45.5,43.9,43.7,51.3,54.2,56.6,56.3,53.8,55.6,55.5,56.3,56.2,55.6,55.7,55.5,56.7,54.6,45.3,55.6,56.5,54.9,55.3,56.2,52.5,51.0,54.1,57.8,54.9,54.1,55.8,55.7,54.9,49.3,51.5,52.1,51.1,50.8,43.0,52.6,44.7,53.5,47.9,49.4,48.6,47.6,44.4,45.2,44.9,46.6,42.5,48.8,48.0,47.6,45.0,48.0,45.7,48.3,50.1,48.2,48.7,47.9,47.1,46.0,44.4,48.1,45.2,42.3,56.4,55.6,56.3,47.0,49.0,45.1,50.3,44.9,42.7,56.4,55.0,55.4,49.5,51.5,46.9,45.2,48.5,49.9,53.1,49.7
3053,44.9,43.5,43.2,50.3,53.7,55.9,55.8,53.3,55.0,54.9,55.7,55.8,55.1,55.1,54.8,56.0,54.0,44.6,55.0,56.1,54.2,54.7,55.6,51.8,50.2,53.6,57.1,54.3,53.3,55.4,54.9,54.5,48.7,50.9,51.5,50.4,50.1,42.5,51.7,43.7,52.3,47.2,48.4,47.6,46.6,43.6,43.9,43.9,45.5,41.5,47.7,46.8,46.3,44.4,47.4,45.1,47.5,49.5,47.3,47.9,47.4,46.0,45.3,43.2,47.1,44.6,41.3,55.9,55.1,55.8,45.5,47.9,44.2,49.3,43.8,41.6,56.0,54.5,54.8,48.8,50.7,46.0,44.4,48.2,49.2,52.5,49.1
3054,47.8,45.3,46.0,49.7,53.4,55.8,55.5,53.2,55.4,55.1,56.8,56.0,56.3,55.0,54.7,56.5,54.1,48.9,56.1,57.7,54.3,55.1,56.0,51.6,49.5,53.2,57.2,54.1,53.6,55.7,54.9,55.3,48.5,50.9,51.6,50.7,52.2,44.3,50.9,45.5,52.6,50.1,47.9,48.4,48.5,45.9,45.0,47.6,49.4,41.2,47.0,48.1,46.2,46.8,46.9,48.3,47.6,49.7,46.7,51.0,50.0,45.3,49.0,47.1,47.8,48.6,43.2,55.9,55.9,56.8,45.2,47.3,46.5,49.9,48.4,41.1,57.4,55.5,54.8,48.3,50.3,45.6,44.3,50.0,48.8,52.5,49.5
3055,52.5,49.2,51.0,52.0,55.9,57.7,57.7,56.3,58.0,57.5,59.6,58.3,59.3,57.0,57.1,58.7,57.1,53.7,59.4,60.4,57.4,57.7,58.7,54.3,52.0,56.1,59.1,56.4,56.3,58.5,57.3,57.8,51.2,53.6,53.7,53.9,56.9,48.4,53.2,52.1,55.6,55.1,50.4,53.0,52.3,50.8,49.5,53.5,57.2,46.4,52.8,51.6,52.3,50.9,48.9,53.0,51.0,53.0,49.1,54.9,52.4,48.5,54.2,53.6,50.3,53.9,49.1,57.8,59.0,59.7,51.8,50.0,51.0,55.1,54.3,47.0,60.4,58.3,57.2,51.0,53.1,48.2,48.7,52.5,51.2,55.2,52.7
3056,56.9,52.6,55.4,56.9,59.3,60.3,60.5,59.4,60.7,59.8,62.3,61.1,62.2,59.5,60.0,61.4,60.2,57.4,62.3,63.2,60.4,60.5,61.5,57.5,56.0,59.2,61.3,59.6,59.1,61.2,60.3,60.3,54.6,56.9,56.5,56.8,61.1,51.9,57.6,56.4,59.0,58.9,54.7,56.8,56.4,55.2,54.3,57.9,63.5,52.4,59.3,55.7,58.8,55.0,51.9,57.7,54.3,56.2,52.8,58.4,55.4,52.9,58.4,59.0,53.5,58.0,53.7,60.0,62.0,62.2,58.0,55.5,55.3,59.8,58.9,52.3,63.2,61.0,59.8,55.0,56.8,52.0,52.6,55.1,54.4,58.5,56.0
3057,61.1,55.6,58.8,61.6,62.5,63.1,63.3,62.7,63.3,62.3,64.9,63.9,64.8,61.8,63.0,63.7,63.3,60.6,64.9,65.5,63.1,62.9,64.1,60.5,59.6,62.6,63.8,62.3,62.0,63.6,63.0,62.9,57.8,60.0,59.3,59.8,64.6,54.9,61.5,60.0,62.4,62.1,58.7,60.0,60.5,58.8,59.4,61.3,67.9,58.0,63.6,59.9,64.2,58.3,55.0,61.4,57.3,59.1,56.4,61.6,58.5,57.2,62.0,63.0,56.9,61.7,57.3,62.3,64.4,64.7,63.1,60.4,59.0,63.0,62.5,57.0,65.7,63.7,62.4,58.9,60.3,56.2,55.6,57.1,57.9,61.6,59.1
3058,64.9,58.3,61.4,65.3,65.4,65.4,66.0,65.3,65.4,64.5,67.1,66.5,66.9,63.9,65.5,65.8,65.6,63.9,67.2,67.6,65.3,65.0,66.3,63.1,63.0,65.3,65.8,64.7,64.5,65.5,65.4,64.7,60.8,62.6,61.9,62.4,67.7,57.4,65.2,63.0,65.4,64.7,62.1,62.8,64.1,61.9,63.4,64.3,71.4,61.5,67.0,63.6,68.4,61.0,57.6,64.4,59.8,61.7,59.5,64.3,61.6,60.8,65.0,66.2,60.6,64.8,60.7,64.4,66.5,66.9,67.0,64.1,62.3,65.7,65.5,60.8,67.6,65.7,64.4,62.1,63.4,59.8,58.5,59.0,60.5,63.8,61.9
3059,67.7,60.4,63.5,68.2,67.6,67.8,68.3,67.4,67.3,66.3,68.7,68.4,68.5,65.5,67.7,67.5,67.4,66.6,68.6,69.2,67.2,66.7,68.0,65.7,66.0,67.9,67.6,66.8,66.5,67.2,67.4,66.6,63.1,65.0,64.2,64.6,70.3,59.7,68.2,65.7,68.1,66.7,65.0,65.5,66.8,64.4,66.5,66.4,74.2,64.7,69.3,66.6,71.7,63.1,59.8,66.8,61.7,63.9,62.3,66.2,64.4,63.8,67.7,68.8,63.9,67.3,63.8,66.0,68.1,68.5,70.0,67.1,64.9,67.9,68.0,63.8,69.2,67.3,66.3,64.9,65.9,63.0,60.9,60.6,62.7,65.8,64.3
3060,69.8,62.0,65.0,70.5,69.6,69.6,70.1,69.2,68.6,67.7,69.9,69.6,69.9,66.9,69.4,68.6,68.9,68.8,69.5,70.3,68.8,67.9,69.5,67.3,68.3,69.7,69.1,68.4,68.2,68.5,69.2,67.9,65.1,66.9,66.0,66.2,72.4,61.2,70.6,67.7,70.5,68.5,67.6,67.7,69.1,66.2,68.9,68.4,76.2,66.4,70.8,68.6,74.1,64.7,61.4,68.5,63.4,65.2,64.6,67.8,66.6,66.4,69.9,70.8,67.1,69.0,66.5,67.3,69.4,69.7,72.1,69.5,67.2,70.0,70.2,65.4,70.4,68.7,67.7,66.9,67.9,65.2,63.0,62.0,64.5,67.4,66.2
3061,71.5,63.3,66.0,72.3,71.1,71.1,71.5,70.7,69.3,68.8,70.8,70.7,70.9,68.2,70.9,69.6,70.2,70.6,70.5,71.2,70.1,69.1,70.7,68.8,70.0,71.2,70.2,69.6,69.4,69.8,70.5,68.7,66.4,68.1,67.5,67.6,74.3,62.3,72.5,69.3,72.5,70.2,69.7,69.1,70.9,67.6,70.5,69.9,77.7,68.2,72.2,70.0,75.8,66.1,62.5,69.7,64.6,66.4,66.4,68.9,68.1,68.6,71.7,72.1,69.5,70.3,68.6,68.5,70.3,71.0,73.5,71.6,68.9,71.6,71.8,66.9,71.3,69.5,68.9,68.7,69.5,67.0,64.7,63.0,65.8,68.8,67.6
3062,72.3,63.9,66.7,73.9,72.2,72.1,72.6,71.6,70.0,69.6,71.6,71.5,71.6,68.9,71.9,70.4,71.1,71.6,71.0,71.7,71.0,70.0,71.6,69.6,71.4,72.4,70.9,70.5,70.5,70.6,71.3,69.4,67.5,69.0,68.4,68.5,75.4,62.9,74.0,70.3,74.0,70.8,71.2,70.2,71.8,68.1,71.7,70.8,78.4,69.1,72.9,70.8,77.0,66.7,63.4,70.6,65.2,67.1,67.7,69.6,69.1,70.1,73.0,73.5,71.5,71.2,70.0,69.4,70.8,71.6,74.5,73.2,69.9,72.8,72.9,68.3,71.8,70.4,69.8,70.1,70.9,68.2,65.7,63.4,66.9,69.6,68.7
3063,72.5,63.9,66.8,74.9,72.7,72.7,73.1,72.0,70.1,69.9,71.7,71.8,71.9,69.4,72.1,70.9,71.6,72.2,71.3,71.8,71.4,70.6,72.1,70.1,72.0,72.9,71.3,71.0,70.9,70.8,71.8,69.6,68.1,69.7,69.1,69.0,75.8,62.6,74.9,70.3,74.7,70.9,72.0,70.9,72.2,68.0,72.3,71.1,78.5,69.9,73.4,70.8,77.2,66.9,64.0,71.0,65.8,67.5,68.9,70.2,69.5,71.5,73.6,73.8,72.5,71.6,70.5,69.8,71.0,71.9,74.8,74.3,70.3,73.2,73.4,68.5,71.8,70.6,70.1,70.9,71.4,69.1,66.2,63.4,67.5,70.2,69.2
3064,71.9,63.0,66.2,75.0,72.6,72.5,73.0,72.2,69.9,69.9,71.6,71.8,71.7,69.2,71.9,70.8,71.5,72.1,71.0,71.5,71.5,70.6,71.9,70.2,72.1,72.5,71.3,70.8,71.1,70.4,71.9,69.4,67.8,69.7,69.1,69.3,75.8,61.9,75.1,70.2,74.7,70.0,71.9,70.8,71.7,67.4,72.0,70.5,77.6,70.1,73.2,70.1,76.8,66.4,64.1,70.9,65.9,67.7,69.3,70.1,69.4,72.0,73.6,73.6,72.8,71.3,70.3,69.8,70.9,71.7,74.3,74.5,69.9,73.1,73.0,67.8,71.4,70.1,69.9,71.0,71.4,69.1,66.2,62.9,67.5,70.2,69.2
3065,70.4,61.9,64.5,74.3,71.8,71.9,72.2,71.6,69.3,69.4,70.7,71.6,70.9,69.0,71.3,70.2,70.9,71.2,70.2,70.6,71.0,70.0,71.4,69.5,71.3,71.9,70.8,70.2,70.4,69.8,71.3,68.7,67.1,69.0,68.8,68.7,74.8,60.7,74.6,69.3,74.1,68.7,71.5,70.1,70.2,66.1,71.2,69.3,76.2,69.4,72.4,68.9,75.6,65.1,63.8,70.2,65.6,67.3,69.3,69.3,68.6,71.8,72.9,72.6,72.2,70.3,69.0,69.3,70.2,71.1,72.9,74.2,68.8,72.5,71.9,66.9,70.4,69.3,69.4,70.7,70.8,68.7,65.5,61.8,67.0,69.8,68.7
3066,67.6,59.5,61.4,72.8,70.3,70.4,70.9,70.3,67.7,67.9,69.1,70.5,69.4,67.9,69.9,68.9,69.5,69.2,68.4,68.8,69.3,68.6,70.0,68.0,69.6,70.4,69.8,68.9,69.2,68.4,69.9,67.0,65.9,67.6,67.6,67.4,72.2,58.7,73.2,67.2,73.0,65.8,69.9,68.7,67.6,63.4,69.5,67.1,73.4,67.8,71.0,67.0,73.8,62.4,62.8,68.6,64.5,66.1,68.5,67.7,66.9,70.7,70.6,70.6,70.4,68.5,66.5,68.2,68.7,69.6,71.0,72.6,66.3,71.0,69.5,65.1,68.7,67.8,68.2,68.8,69.2,67.4,64.0,60.1,65.8,68.3,67.5
3067,62.1,55.4,56.3,69.5,67.8,68.2,68.2,67.4,65.1,65.5,66.5,68.4,66.3,65.9,66.9,66.4,66.8,64.6,65.6,66.0,66.7,65.9,67.3,65.1,66.1,67.5,68.1,66.0,66.4,65.8,67.6,64.0,63.4,64.9,65.5,65.1,66.6,54.8,70.2,62.7,70.2,60.1,66.7,65.6,63.3,58.9,66.1,63.1,68.3,64.6,68.4,64.2,70.5,57.5,60.7,65.4,62.1,63.6,66.7,63.8,64.0,68.5,66.2,66.1,67.1,64.8,61.6,66.3,65.8,66.9,67.5,69.5,62.5,68.3,65.1,61.8,65.7,65.0,65.4,65.8,65.9,64.4,60.9,57.8,63.8,65.9,64.8
3068,58.6,52.6,53.1,64.8,64.5,65.3,65.4,63.3,62.9,62.9,64.4,65.4,63.5,63.4,63.9,63.9,62.8,59.8,63.0,63.7,63.5,63.0,63.9,61.6,61.0,62.9,66.1,63.1,63.3,63.1,64.5,61.2,59.6,61.7,62.6,61.3,62.8,51.7,65.0,58.8,67.2,56.6,61.6,60.5,59.9,55.5,62.1,59.5,65.1,58.2,64.1,61.7,65.6,54.3,57.5,61.3,58.8,60.4,63.5,59.6,60.5,63.8,60.9,61.8,62.9,60.2,56.7,64.1,63.1,64.1,62.9,63.5,58.8,63.6,61.1,56.5,63.4,62.3,62.5,60.8,61.4,59.9,54.6,56.0,60.4,62.9,60.4
3069,56.1,50.8,51.0,61.6,62.1,63.5,63.4,60.7,61.4,61.5,62.8,63.1,61.8,61.7,62.1,62.4,60.5,56.7,61.5,62.3,61.4,61.4,62.1,59.7,58.4,60.4,64.5,61.2,61.3,61.4,62.5,60.0,57.1,59.7,60.3,58.9,60.3,50.0,61.9,55.6,64.8,54.8,58.7,58.2,57.9,52.8,59.0,57.3,62.4,54.5,60.6,59.9,61.2,52.4,55.8,58.6,56.6,58.3,60.3,57.8,58.1,59.2,57.7,59.2,60.4,57.3,54.9,62.8,61.5,62.7,59.9,59.7,56.4,60.8,58.6,54.1,61.7,60.7,61.0,57.6,59.3,56.9,51.3,54.7,57.7,60.9,57.7
3070,53.9,49.3,49.3,59.2,60.5,62.2,61.9,59.1,60.4,60.4,61.6,61.5,60.5,60.5,60.7,61.2,59.2,54.4,60.3,61.1,60.0,60.0,60.9,58.3,56.9,59.2,63.3,59.7,59.9,60.2,61.1,58.9,55.6,58.0,58.6,57.4,58.3,48.7,59.4,53.5,62.9,53.1,56.7,56.6,55.9,51.2,56.5,54.8,60.0,52.5,58.2,58.0,58.4,51.0,54.6,55.8,54.8,56.6,57.8,56.1,56.3,56.5,55.1,56.4,58.2,55.1,52.9,61.5,60.4,61.5,57.5,57.3,54.2,58.8,56.2,52.0,60.6,59.3,59.7,55.6,57.7,54.5,50.4,53.7,56.0,59.3,55.8
3071,52.5,48.1,48.2,57.4,58.9,61.0,60.5,57.8,59.3,59.5,60.3,60.1,59.4,59.5,59.6,60.3,57.9,52.6,59.3,60.1,58.9,59.2,60.0,57.4,55.6,58.2,62.2,58.6,58.5,59.1,59.8,57.9,54.2,56.3,57.1,56.2,56.6,47.4,58.2,52.0,61.4,52.0,55.0,55.2,54.0,49.7,54.0,52.7,57.4,50.7,56.1,56.3,56.5,49.8,53.5,53.3,53.7,55.3,55.5,54.7,54.6,54.5,53.2,53.9,56.4,53.2,50.7,60.3,59.5,60.4,55.4,55.6,52.0,57.4,53.9,50.2,59.8,58.6,58.9,54.1,56.5,52.9,49.6,52.7,54.9,58.1,54.5
3072,50.8,47.2,47.4,55.6,57.8,59.9,59.6,56.8,58.3,58.5,59.2,59.2,58.5,58.6,58.7,59.5,57.1,51.1,58.3,59.2,57.8,58.2,59.2,56.2,54.6,57.4,61.0,57.6,57.5,58.3,58.8,57.1,53.2,54.8,55.9,54.5,55.4,46.4,56.7,50.5,59.6,50.9,53.5,53.9,52.5,48.4,52.0,51.1,54.9,49.0,54.3,54.4,54.7,48.6,52.4,51.4,52.6,54.2,53.9,53.9,52.9,53.1,51.6,51.9,54.4,51.5,48.9,59.5,58.6,59.4,53.7,53.9,50.3,55.9,51.8,48.8,59.1,57.9,58.0,53.1,55.4,51.1,48.8,51.9,53.9,56.9,53.4
3073,49.4,46.1,46.5,54.4,56.9,59.2,58.6,56.0,57.5,57.7,58.4,58.3,57.7,57.7,57.9,58.6,56.2,49.5,57.4,58.5,57.0,57.2,58.4,55.2,53.5,56.7,60.0,56.9,56.5,57.6,57.8,56.5,52.1,54.0,54.8,53.7,54.2,45.3,55.5,49.1,57.7,50.1,52.3,52.5,51.1,47.5,49.9,49.3,52.1,47.2,52.6,52.7,53.3,47.7,51.5,50.0,51.6,53.1,52.6,52.7,51.9,51.6,50.2,50.1,52.6,49.9,47.4,58.6,57.8,58.6,52.1,52.4,48.9,54.5,49.7,46.9,58.3,57.0,57.1,52.1,54.3,49.8,48.2,51.0,52.7,56.0,52.4
3074,48.1,45.3,45.7,53.4,55.9,58.2,57.8,55.2,56.9,56.7,57.7,57.6,57.1,57.0,57.1,58.0,55.5,48.5,56.8,57.8,56.2,56.6,57.7,54.3,52.6,55.7,59.2,56.2,55.7,57.0,57.0,55.8,51.2,52.9,53.7,52.7,53.1,44.5,54.2,47.5,56.4,49.3,51.1,51.5,49.7,46.5,48.3,47.9,50.2,45.6,51.3,51.0,51.5,46.7,50.5,48.8,50.7,52.2,51.3,51.2,50.8,50.3,48.9,48.4,50.9,48.5,45.7,57.8,56.9,57.9,50.5,51.1,47.5,53.3,48.1,45.6,57.5,56.3,56.5,51.1,53.3,48.9,47.6,50.3,51.8,55.0,51.6
3075,46.9,44.6,44.8,52.3,55.0,57.4,57.0,54.2,56.2,56.2,57.0,57.0,56.6,56.3,56.3,57.3,55.1,47.1,56.2,57.2,55.6,55.9,57.1,53.4,51.8,54.9,58.4,55.7,54.9,56.4,56.4,55.3,50.4,52.1,52.9,51.8,51.8,43.9,53.4,46.1,54.9,48.6,50.2,50.4,48.5,45.8,46.8,46.6,48.5,44.3,50.2,49.6,49.4,45.9,49.5,47.5,49.6,51.5,50.2,50.2,49.8,49.1,47.7,46.3,49.7,47.2,44.3,57.1,56.2,57.1,48.8,50.2,46.4,51.9,46.5,44.5,56.9,55.6,55.9,50.5,52.4,47.8,46.8,49.6,50.8,54.1,50.7
3076,45.6,44.2,43.9,51.4,54.3,56.8,56.5,53.8,55.6,55.5,56.4,56.3,55.8,55.8,55.6,56.8,54.6,46.2,55.7,56.6,55.0,55.4,56.3,52.6,51.1,54.2,57.8,55.0,54.1,55.9,55.8,54.9,49.4,51.5,52.3,51.2,51.1,43.4,52.6,44.9,53.7,48.0,49.5,49.2,47.8,44.6,45.4,45.3,46.8,42.9,49.2,48.4,47.9,45.2,48.7,46.4,48.9,50.7,49.0,49.4,48.7,47.9,46.9,45.1,48.7,46.2,43.1,56.4,55.7,56.6,47.1,49.1,45.3,50.9,45.5,43.1,56.5,55.0,55.4,49.7,51.6,47.1,45.9,49.0,50.1,53.2,49.8
3077,45.0,43.8,43.4,50.4,53.8,56.1,55.9,53.3,55.1,54.9,55.8,55.8,55.2,55.2,54.9,56.1,54.1,45.6,55.1,56.2,54.3,54.7,55.7,51.9,50.3,53.7,57.1,54.4,53.3,55.5,55.0,54.5,48.9,50.9,51.6,50.5,50.4,42.9,51.8,43.9,52.5,47.3,48.5,48.3,46.8,44.0,44.3,44.4,45.7,41.8,48.0,47.3,46.6,44.6,48.0,45.9,48.1,50.1,48.1,48.7,48.3,46.9,46.2,43.7,47.8,45.6,42.1,55.9,55.2,56.0,45.7,48.0,44.3,49.9,44.4,42.0,56.1,54.5,54.8,49.0,50.8,46.2,45.1,48.7,49.5,52.6,49.1
3078,48.1,45.7,46.4,49.8,53.5,56.0,55.6,53.3,55.5,55.2,56.9,56.1,56.5,55.1,54.9,56.6,54.2,49.8,56.3,57.8,54.5,55.2,56.1,51.7,49.7,53.3,57.2,54.3,53.7,55.9,55.0,55.3,48.8,51.0,51.8,50.9,52.5,44.8,51.0,45.7,52.8,50.5,48.0,49.2,48.8,46.3,45.6,48.1,49.8,41.7,47.4,48.6,46.6,47.1,47.5,49.1,48.3,50.4,47.6,51.8,50.8,46.2,49.8,47.7,48.4,49.6,44.0,56.0,56.0,57.1,45.6,47.4,46.8,50.5,49.0,41.6,57.5,55.5,54.9,48.5,50.4,45.8,45.0,50.5,49.2,52.7,49.7
3079,52.9,49.7,51.5,52.3,56.1,57.8,57.9,56.4,58.1,57.6,59.7,58.4,59.3,57.2,57.2,58.8,57.3,54.4,59.4,60.4,57.6,57.9,58.9,54.5,52.4,56.3,59.1,56.6,56.5,58.6,57.5,57.8,51.7,53.9,54.1,54.3,57.2,49.0,53.4,52.4,55.9,55.4,50.7,53.6,52.6,51.2,50.0,54.0,57.5,46.9,53.2,52.1,52.7,51.3,49.5,53.7,51.7,53.8,50.0,55.6,53.2,49.3,54.9,54.2,50.9,54.7,49.8,57.9,59.1,59.8,52.2,50.2,51.4,55.7,54.9,47.6,60.4,58.4,57.4,51.4,53.3,48.6,49.5,53.0,51.7,55.5,53.1
3080,57.5,53.2,56.0,57.1,59.5,60.5,60.7,59.7,60.7,60.1,62.4,61.2,62.3,59.7,60.2,61.5,60.4,58.1,62.4,63.2,60.6,60.6,61.7,57.8,56.3,59.4,61.4,59.8,59.4,61.3,60.5,60.3,55.2,57.3,57.0,57.4,61.3,52.6,57.8,56.7,59.2,59.3,55.0,57.5,56.9,55.7,54.9,58.3,63.8,53.0,59.8,56.1,59.2,55.5,52.5,58.3,55.0,57.0,53.6,59.1,56.1,53.6,59.1,59.5,54.1,58.8,54.2,60.2,62.1,62.3,58.4,55.8,55.7,60.3,59.4,52.9,63.2,61.1,60.0,55.5,57.1,52.4,53.3,55.5,54.9,58.8,56.6
3081,61.8,56.4,59.4,62.0,62.8,63.2,63.5,62.9,63.3,62.6,64.9,64.0,64.8,62.0,63.2,63.8,63.6,61.3,64.9,65.5,63.4,63.1,64.3,60.9,60.1,62.9,64.0,62.6,62.4,63.7,63.4,62.9,58.4,60.4,59.9,60.4,64.9,55.7,61.8,60.3,62.6,62.5,59.1,60.6,61.0,59.4,59.9,61.7,68.1,58.6,64.1,60.4,64.7,59.0,55.7,62.0,58.1,59.9,57.1,62.3,59.2,57.9,62.6,63.5,57.5,62.3,57.9,62.6,64.5,64.7,63.6,60.7,59.4,63.5,63.0,57.7,65.7,63.7,62.7,59.5,60.7,56.8,56.3,57.5,58.4,61.9,59.8
3082,65.6,59.0,62.1,65.7,65.8,65.6,66.2,65.6,65.5,64.8,67.0,66.5,66.9,64.2,65.7,65.9,65.9,64.5,67.1,67.6,65.6,65.1,66.5,63.5,63.5,65.6,66.1,64.9,64.9,65.7,65.8,64.8,61.4,63.1,62.6,63.0,68.0,58.3,65.5,63.3,65.7,65.2,62.5,63.5,64.8,62.5,64.0,64.8,71.8,62.2,67.5,64.0,68.9,61.7,58.4,65.0,60.6,62.5,60.2,65.0,62.3,61.4,65.6,66.7,61.1,65.5,61.2,64.6,66.6,66.9,67.5,64.4,63.0,66.3,65.9,61.5,67.7,65.8,64.8,62.7,63.8,60.4,59.2,59.4,61.1,64.3,62.6
3083,68.4,61.1,64.2,68.7,68.1,68.0,68.5,67.8,67.4,66.6,68.7,68.5,68.6,65.8,67.9,67.6,67.7,67.2,68.6,69.1,67.5,66.9,68.3,66.1,66.5,68.2,68.0,67.0,66.9,67.3,67.8,66.6,63.6,65.5,64.8,65.1,70.6,60.6,68.4,66.0,68.3,67.3,65.5,66.1,67.5,65.2,67.0,66.8,74.6,65.3,69.8,67.0,72.2,63.8,60.7,67.4,62.5,64.7,63.0,66.9,65.1,64.4,68.2,69.1,64.3,67.9,64.3,66.3,68.2,68.6,70.4,67.5,65.7,68.5,68.5,64.4,69.2,67.4,66.6,65.5,66.4,63.6,61.7,61.0,63.2,66.3,65.1
3084,70.6,62.7,65.7,71.1,70.0,69.8,70.3,69.6,68.7,68.0,70.0,69.8,70.0,67.3,69.6,68.9,69.2,69.4,69.6,70.2,69.1,68.2,69.7,67.7,68.8,70.1,69.3,68.6,68.6,68.7,69.5,68.0,65.6,67.3,66.6,66.8,72.7,62.0,70.9,68.0,70.7,69.1,68.2,68.4,69.9,66.9,69.3,68.8,76.5,67.0,71.3,68.8,74.6,65.4,62.2,69.1,64.2,66.0,65.3,68.5,67.2,66.9,70.5,71.1,67.5,69.6,66.9,67.6,69.5,69.8,72.5,70.0,67.9,70.6,70.6,66.1,70.4,68.8,68.0,67.5,68.3,65.9,63.8,62.4,65.0,67.9,66.9
3085,72.3,64.0,66.8,72.9,71.5,71.3,71.9,71.1,69.5,69.1,71.0,70.8,71.0,68.5,71.2,69.9,70.5,71.2,70.6,71.1,70.4,69.3,70.9,69.2,70.6,71.6,70.5,69.8,69.8,69.9,70.8,68.8,67.0,68.6,68.1,68.2,74.7,63.1,72.8,69.7,72.7,70.8,70.3,69.7,71.7,68.3,71.0,70.4,78.1,68.9,72.6,70.2,76.3,66.9,63.3,70.3,65.4,67.2,67.1,69.5,68.8,69.1,72.3,72.5,69.8,71.0,68.9,68.8,70.4,71.1,73.9,72.1,69.7,72.2,72.2,67.7,71.4,69.7,69.2,69.2,70.0,67.7,65.4,63.4,66.3,69.3,68.3
3086,73.1,64.6,67.5,74.5,72.7,72.4,72.9,72.0,70.2,69.9,71.7,71.7,71.7,69.2,72.2,70.7,71.4,72.2,71.1,71.6,71.3,70.2,71.9,70.1,72.0,72.8,71.2,70.7,70.9,70.7,71.6,69.5,68.0,69.5,69.0,69.1,75.7,63.7,74.3,70.6,74.3,71.5,71.9,70.8,72.7,68.9,72.2,71.2,78.8,69.8,73.4,71.0,77.5,67.5,64.2,71.3,66.0,67.9,68.4,70.2,69.7,70.7,73.6,73.8,71.7,71.8,70.3,69.6,70.9,71.7,75.0,73.7,70.7,73.3,73.2,68.8,71.9,70.5,70.1,70.6,71.3,69.0,66.3,63.8,67.4,70.0,69.4
3087,73.3,64.5,67.7,75.4,73.0,72.9,73.5,72.5,70.3,70.3,71.9,72.0,72.0,69.7,72.5,71.1,71.9,72.9,71.5,71.8,71.7,70.8,72.3,70.6,72.6,73.2,71.6,71.2,71.3,70.9,72.1,69.7,68.5,70.1,69.7,69.6,76.2,63.4,75.3,70.8,75.1,71.6,72.7,71.5,73.1,68.7,72.7,71.5,78.8,70.7,73.8,71.0,77.6,67.7,64.7,71.7,66.4,68.2,69.5,70.8,70.2,72.0,74.1,74.1,72.7,72.2,70.8,70.0,71.1,72.1,75.2,74.9,71.2,73.8,73.6,69.1,71.8,70.7,70.4,71.5,71.8,69.7,66.8,63.8,67.9,70.7,69.8
3088,72.7,63.6,67.0,75.6,72.9,72.9,73.3,72.5,70.1,70.2,71.7,72.0,71.8,69.6,72.2,71.0,71.8,72.7,71.1,71.6,71.7,70.9,72.2,70.5,72.6,72.8,71.7,71.0,71.4,70.6,72.3,69.5,68.2,70.1,69.8,69.9,76.2,62.7,75.6,70.6,75.0,70.7,72.5,71.4,72.6,68.2,72.5,70.8,77.9,70.7,73.6,70.2,77.4,67.2,64.9,71.6,66.6,68.4,69.8,70.7,70.0,72.6,74.2,73.9,73.0,71.9,70.6,70.1,70.9,71.9,74.8,75.1,70.8,73.7,73.2,68.4,71.6,70.3,70.2,71.5,71.9,69.7,66.7,63.2,67.9,70.7,69.9
3089,71.2,62.5,65.3,75.0,72.2,72.2,72.6,71.9,69.6,69.7,70.8,71.8,71.1,69.2,71.6,70.5,71.2,71.8,70.3,70.6,71.2,70.3,71.7,69.9,71.8,72.2,71.2,70.4,70.8,69.9,71.6,68.8,67.5,69.4,69.4,69.3,75.2,61.4,75.1,69.7,74.4,69.3,72.0,70.7,71.1,66.9,71.7,69.6,76.4,70.1,72.8,69.0,76.1,65.9,64.5,70.8,66.2,67.9,69.7,70.0,69.2,72.3,73.4,72.9,72.3,70.9,69.3,69.6,70.2,71.3,73.3,74.7,69.6,73.0,72.2,67.5,70.5,69.5,69.8,71.1,71.3,69.3,65.9,62.0,67.4,70.2,69.2
3090,68.4,60.1,62.1,73.5,70.6,70.7,71.2,70.5,68.0,68.3,69.3,70.7,69.5,68.1,70.1,69.1,69.8,69.7,68.5,68.8,69.6,68.9,70.2,68.4,70.1,70.8,70.2,69.1,69.5,68.6,70.2,67.1,66.3,68.0,68.1,67.9,72.8,59.4,73.7,67.6,73.3,66.5,70.4,69.4,68.6,64.3,70.1,67.4,73.7,68.5,71.4,67.1,74.3,63.0,63.4,69.2,65.1,66.6,69.0,68.3,67.6,71.2,71.1,70.8,70.6,69.0,66.6,68.5,68.8,69.8,71.5,73.1,67.2,71.5,69.7,65.7,68.8,68.0,68.4,69.4,69.6,67.9,64.4,60.4,66.2,68.7,68.0
3091,62.9,56.0,57.0,70.2,68.1,68.5,68.5,67.7,65.2,65.8,66.6,68.6,66.4,66.2,67.2,66.6,67.1,65.1,65.7,66.0,67.0,66.2,67.6,65.4,66.6,67.9,68.4,66.2,66.8,65.9,67.9,64.1,63.8,65.3,66.0,65.5,67.2,55.4,70.8,63.2,70.6,60.8,67.3,66.2,64.0,59.8,66.7,63.4,68.6,65.3,68.9,64.3,71.0,58.1,61.4,66.0,62.8,64.2,67.2,64.5,64.6,69.0,66.9,66.4,67.2,65.4,61.9,66.5,65.8,67.0,68.0,70.0,63.3,68.9,65.4,62.3,65.8,65.2,65.7,66.3,66.3,64.9,61.3,58.1,64.2,66.3,65.3
3092,59.3,53.2,53.7,65.4,64.9,65.6,65.8,63.6,63.0,63.2,64.4,65.6,63.5,63.8,64.2,64.1,63.1,60.3,63.0,63.7,63.6,63.1,64.1,61.9,61.5,63.2,66.4,63.4,63.6,63.2,64.8,61.3,60.1,62.1,63.0,61.7,63.4,52.4,65.6,59.2,67.7,57.3,62.1,61.2,60.7,56.2,62.7,59.8,65.4,58.8,64.6,61.9,66.1,54.8,58.1,62.0,59.3,61.0,64.0,60.3,61.3,64.4,61.6,62.3,63.1,60.8,57.0,64.3,63.1,64.3,63.4,64.0,59.6,64.1,61.5,57.0,63.4,62.4,62.8,61.2,61.7,60.4,55.1,56.3,60.8,63.2,60.9
3093,56.7,51.2,51.6,62.2,62.4,63.8,63.7,60.9,61.5,61.9,62.8,63.2,61.8,62.0,62.3,62.5,60.8,57.3,61.5,62.2,61.7,61.5,62.3,60.0,58.8,60.6,64.8,61.5,61.6,61.5,62.7,60.0,57.6,60.0,60.6,59.2,60.9,50.7,62.4,56.0,65.2,55.4,59.1,58.7,58.5,53.6,59.6,57.6,62.7,55.0,61.0,60.1,61.7,52.9,56.4,59.3,57.2,58.9,60.8,58.5,58.8,59.8,58.4,59.7,60.6,57.8,55.2,63.0,61.5,62.7,60.4,60.3,57.1,61.2,58.9,54.6,61.8,60.8,61.3,58.0,59.6,57.4,51.7,55.0,58.1,61.2,58.1
3094,54.5,49.8,50.0,59.8,60.9,62.5,62.2,59.2,60.4,60.7,61.6,61.5,60.4,60.8,61.0,61.3,59.4,54.9,60.3,61.1,60.2,60.2,61.1,58.6,57.3,59.4,63.6,59.9,60.1,60.2,61.4,58.9,56.1,58.3,58.9,57.7,58.8,49.3,60.0,54.0,63.4,53.8,57.1,57.1,56.6,51.9,56.9,55.1,60.3,53.0,58.7,58.2,58.8,51.5,55.1,56.5,55.3,57.2,58.4,56.8,57.0,57.2,55.8,56.9,58.4,55.8,53.1,61.6,60.4,61.5,58.0,57.8,54.9,59.2,56.6,52.5,60.6,59.4,60.1,56.1,58.0,55.0,51.0,53.9,56.5,59.5,56.3
3095,53.1,48.7,48.9,57.9,59.2,61.3,60.8,58.0,59.3,59.7,60.3,60.2,59.4,59.8,59.9,60.5,58.2,53.2,59.3,60.1,59.1,59.4,60.2,57.7,56.0,58.4,62.4,58.7,58.8,59.2,60.1,57.9,54.7,56.6,57.5,56.4,57.2,48.1,58.6,52.4,61.8,52.5,55.4,55.8,54.7,50.4,54.4,53.2,57.7,51.2,56.6,56.5,57.0,50.2,54.0,54.0,54.2,55.8,56.1,55.4,55.3,55.2,54.0,54.5,56.6,53.8,51.1,60.5,59.5,60.5,55.9,56.0,52.6,57.7,54.3,50.7,59.8,58.6,59.1,54.6,56.9,53.4,50.3,53.0,55.3,58.3,54.9
3096,51.4,47.8,48.0,56.2,58.1,60.2,59.9,57.1,58.4,58.8,59.3,59.2,58.5,58.9,58.9,59.6,57.3,51.8,58.3,59.2,58.0,58.4,59.4,56.6,55.0,57.6,61.2,57.8,57.7,58.4,59.1,57.1,53.7,55.1,56.3,54.9,55.9,47.1,57.1,51.0,60.1,51.5,54.0,54.5,53.2,49.0,52.4,51.6,55.2,49.5,54.8,54.7,55.1,49.0,52.8,52.1,53.1,54.8,54.5,54.5,53.6,54.0,52.4,52.4,54.6,52.1,49.3,59.6,58.6,59.5,54.2,54.4,51.0,56.3,52.2,49.4,59.1,57.8,58.3,53.5,55.7,51.6,49.5,52.2,54.3,57.1,53.8
3097,50.1,46.6,47.1,55.0,57.2,59.4,58.8,56.3,57.6,58.0,58.4,58.3,57.6,58.0,58.1,58.7,56.4,50.1,57.4,58.4,57.2,57.3,58.6,55.6,53.9,56.8,60.2,57.1,56.7,57.6,58.0,56.6,52.5,54.3,55.2,54.0,54.8,46.0,56.0,49.6,58.1,50.5,52.7,53.1,51.9,48.1,50.3,49.8,52.5,47.6,53.1,53.0,53.7,48.1,52.0,50.7,52.1,53.7,53.2,53.4,52.6,52.4,50.9,50.5,52.8,50.5,47.8,58.7,57.8,58.6,52.6,53.0,49.6,54.9,50.1,47.4,58.3,56.9,57.4,52.5,54.6,50.2,49.0,51.4,53.1,56.2,52.8
3098,48.8,45.7,46.2,53.9,56.2,58.5,58.0,55.5,56.9,56.9,57.7,57.6,57.1,57.2,57.3,58.0,55.7,49.0,56.7,57.8,56.4,56.7,58.0,54.6,53.0,55.9,59.4,56.4,55.9,57.0,57.3,55.8,51.7,53.2,54.1,53.0,53.6,45.2,54.7,48.1,56.8,49.7,51.6,52.0,50.5,47.1,48.7,48.4,50.6,46.1,51.8,51.3,52.0,47.3,50.9,49.5,51.2,52.7,51.9,51.9,51.5,51.2,49.6,48.9,51.2,49.1,46.1,58.0,57.0,57.9,50.8,51.7,48.2,53.7,48.4,46.1,57.5,56.2,56.7,51.5,53.7,49.4,48.3,50.6,52.2,55.1,52.0
3099,47.6,45.1,45.3,52.9,55.2,57.7,57.3,54.5,56.3,56.4,57.0,56.9,56.5,56.5,56.6,57.3,55.2,47.7,56.2,57.2,55.8,56.0,57.3,53.7,52.2,55.1,58.7,55.8,55.1,56.5,56.7,55.3,50.8,52.4,53.3,52.2,52.4,44.5,53.9,46.6,55.3,48.9,50.6,50.9,49.3,46.4,47.1,47.1,48.9,44.8,50.6,50.0,49.8,46.5,50.0,48.2,50.0,52.0,50.7,50.8,50.5,49.9,48.5,46.8,50.1,47.8,44.8,57.3,56.3,57.1,49.1,50.8,47.1,52.3,46.7,45.2,56.9,55.4,56.2,50.9,52.7,48.3,47.4,50.0,51.2,54.3,51.1
3100,46.3,44.6,44.4,51.9,54.6,57.1,56.7,54.0,55.6,55.7,56.4,56.2,55.7,56.0,55.9,56.9,54.8,46.8,55.7,56.6,55.2,55.4,56.6,52.8,51.5,54.4,58.0,55.2,54.3,55.9,56.0,54.8,49.8,51.8,52.6,51.5,51.6,44.0,53.1,45.4,54.2,48.5,49.9,49.7,48.5,45.3,45.8,45.9,47.2,43.3,49.5,48.8,48.3,45.8,49.1,47.1,49.3,51.1,49.6,49.9,49.3,48.7,47.6,45.5,49.1,46.8,43.5,56.6,55.7,56.6,47.5,49.6,45.9,51.2,45.9,43.7,56.5,54.9,55.5,50.0,51.9,47.6,46.5,49.4,50.6,53.4,50.3
3101,45.7,44.2,43.9,51.0,54.1,56.3,56.1,53.5,55.1,55.1,55.8,55.8,55.1,55.3,55.1,56.2,54.2,46.3,55.1,56.2,54.4,54.8,55.9,52.1,50.8,53.9,57.3,54.6,53.5,55.6,55.2,54.4,49.3,51.2,51.9,50.8,50.9,43.5,52.3,44.3,52.9,47.8,48.9,48.7,47.5,44.6,44.7,44.9,46.1,42.2,48.4,47.7,46.9,45.2,48.4,46.5,48.6,50.5,48.6,49.2,49.0,47.7,47.0,44.2,48.1,46.2,42.6,56.0,55.3,56.0,46.1,48.6,44.9,50.2,44.8,42.6,56.0,54.3,55.0,49.3,51.2,46.7,45.8,49.1,49.9,52.8,49.6
3102,48.8,46.1,47.0,50.4,53.8,56.3,55.9,53.5,55.6,55.4,57.0,56.1,56.4,55.3,55.1,56.7,54.4,50.4,56.3,57.8,54.7,55.3,56.3,51.9,50.2,53.4,57.5,54.4,53.9,56.0,55.2,55.4,49.3,51.4,52.2,51.2,53.1,45.4,51.5,46.3,53.3,50.9,48.4,49.7,49.5,47.0,46.1,48.6,50.2,42.1,47.8,49.1,47.1,47.7,47.9,49.8,48.7,50.8,48.1,52.4,51.5,47.0,50.6,48.3,48.9,50.2,44.6,56.1,56.1,57.1,46.1,48.0,47.5,50.9,49.5,42.2,57.6,55.5,55.1,49.0,50.8,46.4,45.6,50.9,49.6,52.9,50.2
3103,53.7,50.1,52.1,52.9,56.4,58.1,58.2,56.7,58.2,57.9,59.7,58.4,59.4,57.4,57.5,59.0,57.5,54.9,59.4,60.4,57.8,58.0,59.1,54.8,52.9,56.6,59.4,56.9,56.7,58.8,57.7,57.8,52.2,54.4,54.6,54.7,57.7,49.6,53.9,52.9,56.3,55.9,51.1,54.2,53.3,52.1,50.6,54.4,57.9,47.3,53.6,52.5,53.1,51.9,49.9,54.3,52.1,54.2,50.6,56.0,53.8,50.0,55.5,54.6,51.3,55.2,50.2,58.2,59.2,59.8,52.7,50.8,52.1,56.2,55.2,48.3,60.5,58.3,57.6,51.8,53.7,49.2,50.0,53.4,52.2,55.8,53.6
3104,58.2,53.6,56.6,57.8,59.9,60.8,61.1,60.0,60.9,60.4,62.5,61.3,62.3,60.0,60.6,61.6,60.7,58.5,62.4,63.2,60.9,60.8,62.0,58.2,56.9,59.8,61.7,60.1,59.8,61.5,60.8,60.3,55.6,57.8,57.5,57.8,61.8,53.2,58.2,57.3,59.7,59.9,55.5,58.1,57.6,56.6,55.4,58.7,64.0,53.5,60.3,56.5,59.8,56.1,52.9,58.8,55.5,57.5,54.2,59.5,56.7,54.4,59.5,59.9,54.5,59.3,54.5,60.5,62.1,62.4,58.9,56.3,56.4,60.8,59.7,53.5,63.3,61.1,60.3,56.1,57.6,53.0,53.8,55.8,55.4,59.2,57.1
3105,62.5,56.9,60.1,62.6,63.2,63.6,63.9,63.4,63.5,63.0,65.0,64.1,65.0,62.3,63.6,64.0,63.9,61.7,64.9,65.5,63.7,63.3,64.6,61.3,60.6,63.3,64.3,62.9,62.8,63.9,63.8,62.9,58.9,61.0,60.4,60.9,65.4,56.3,62.2,60.9,63.1,63.2,59.7,61.2,61.8,60.3,60.5,62.1,68.4,59.2,64.6,60.7,65.3,59.5,56.2,62.4,58.5,60.4,57.6,62.7,59.8,58.5,63.1,63.9,57.9,62.8,58.1,62.9,64.6,64.9,64.2,61.2,60.2,64.0,63.3,58.3,65.8,63.9,63.0,60.0,61.3,57.4,56.7,57.8,58.9,62.3,60.4
3106,66.4,59.6,62.8,66.3,66.2,66.0,66.7,66.1,65.7,65.2,67.1,66.7,67.1,64.5,66.1,66.1,66.3,64.9,67.2,67.6,66.0,65.3,66.9,64.0,64.0,66.1,66.4,65.3,65.4,65.9,66.2,64.8,61.9,63.7,63.1,63.6,68.5,59.0,66.0,63.9,66.2,65.9,63.0,64.0,65.6,63.4,64.6,65.1,72.1,62.7,68.0,64.3,69.7,62.4,58.9,65.4,61.0,63.0,60.6,65.4,62.9,61.9,66.1,66.9,61.5,66.0,61.4,65.0,66.6,67.0,68.2,64.9,63.8,66.8,66.2,62.1,67.8,65.9,65.1,63.2,64.4,61.0,59.6,59.7,61.6,64.8,63.2
3107,69.3,61.7,64.9,69.2,68.5,68.4,68.9,68.3,67.5,67.0,68.9,68.7,68.7,66.2,68.3,67.9,68.2,67.6,68.7,69.1,68.0,67.1,68.6,66.6,67.0,68.6,68.3,67.4,67.5,67.6,68.3,66.6,64.1,66.1,65.4,65.7,71.1,61.4,68.9,66.6,68.9,68.1,66.1,66.7,68.4,66.1,67.6,67.1,74.9,66.0,70.2,67.2,73.0,64.5,61.2,67.8,63.0,65.2,63.4,67.4,65.7,64.9,68.7,69.5,64.6,68.4,64.5,66.7,68.2,68.7,71.0,68.1,66.6,69.1,68.7,64.9,69.4,67.6,67.0,66.0,66.9,64.2,62.1,61.3,63.7,66.8,65.7
3108,71.5,63.4,66.5,71.7,70.5,70.2,70.7,70.1,69.0,68.5,70.1,70.0,70.1,67.7,70.0,69.2,69.7,69.9,69.6,70.3,69.6,68.6,70.1,68.2,69.3,70.5,69.8,69.0,69.2,68.9,70.0,68.0,66.1,68.0,67.2,67.3,73.3,62.9,71.4,68.6,71.3,69.9,68.8,69.0,70.8,67.8,70.1,69.1,76.8,67.7,71.8,69.1,75.3,66.2,62.8,69.5,64.7,66.6,65.7,69.0,67.8,67.4,70.9,71.4,67.8,70.2,67.1,68.0,69.6,69.9,73.2,70.7,68.9,71.1,70.9,66.5,70.6,69.0,68.4,68.1,68.9,66.6,64.1,62.7,65.5,68.3,67.6
3109,73.2,64.7,67.6,73.6,72.0,71.7,72.2,71.6,69.8,69.6,71.1,71.1,71.1,68.9,71.6,70.2,71.0,71.8,70.7,71.1,70.9,69.7,71.3,69.7,71.1,72.1,70.9,70.2,70.4,70.2,71.4,68.9,67.5,69.1,68.8,68.8,75.2,63.9,73.4,70.3,73.3,71.6,70.9,70.3,72.7,69.2,71.9,70.7,78.3,69.4,73.0,70.4,77.0,67.6,63.9,70.8,65.9,67.7,67.4,70.1,69.4,69.6,72.8,72.8,70.1,71.4,69.2,69.2,70.6,71.1,74.6,72.9,70.6,72.8,72.4,68.0,71.5,69.8,69.7,69.9,70.6,68.4,65.8,63.7,66.9,69.8,69.0
3110,74.0,65.2,68.3,75.1,73.2,72.8,73.3,72.5,70.5,70.4,71.8,71.9,71.8,69.7,72.5,71.0,71.9,72.7,71.1,71.7,71.8,70.6,72.3,70.6,72.5,73.3,71.7,71.1,71.3,71.0,72.1,69.6,68.6,70.0,69.7,69.6,76.3,64.4,74.9,71.2,74.9,72.3,72.5,71.4,73.6,69.8,73.0,71.4,79.0,70.4,73.7,71.1,78.1,68.3,64.7,71.9,66.5,68.4,68.8,70.8,70.3,71.0,74.1,74.0,72.1,72.3,70.6,70.0,71.2,71.7,75.6,74.5,71.7,74.0,73.5,69.2,72.0,70.6,70.5,71.3,71.9,69.7,66.8,64.2,68.0,70.5,70.1
3111,74.2,65.2,68.6,76.0,73.6,73.3,73.9,73.0,70.6,70.8,72.0,72.2,72.1,70.1,72.9,71.4,72.4,73.4,71.5,71.9,72.2,71.2,72.7,71.1,73.1,73.7,72.1,71.6,71.9,71.2,72.6,69.8,69.1,70.7,70.4,70.2,76.7,64.1,75.9,71.5,75.6,72.4,73.4,72.0,74.1,69.5,73.5,71.7,78.9,71.1,74.2,71.1,78.2,68.4,65.3,72.2,67.0,68.8,69.9,71.3,70.7,72.4,74.6,74.2,73.0,72.7,71.1,70.5,71.4,72.2,75.9,75.6,72.2,74.3,73.8,69.5,71.9,70.9,70.9,72.2,72.4,70.5,67.2,64.2,68.6,71.1,70.5
3112,73.6,64.2,67.9,76.3,73.5,73.2,73.7,73.0,70.4,70.7,71.8,72.3,72.0,70.0,72.6,71.3,72.3,73.3,71.2,71.6,72.2,71.2,72.6,71.0,73.2,73.4,72.2,71.5,72.0,70.9,72.8,69.7,68.8,70.7,70.4,70.5,76.7,63.4,76.2,71.2,75.7,71.5,73.2,72.0,73.5,68.9,73.2,71.0,78.0,71.1,73.9,70.3,77.9,67.9,65.4,72.1,67.1,68.9,70.2,71.2,70.5,73.0,74.7,73.9,73.2,72.5,70.9,70.6,71.2,72.0,75.4,76.0,71.7,74.2,73.4,68.9,71.7,70.5,70.7,72.2,72.5,70.5,67.1,63.6,68.6,71.2,70.5
3113,72.1,63.1,66.1,75.7,72.8,72.6,73.0,72.4,69.8,70.2,71.0,72.0,71.3,69.7,72.0,70.8,71.7,72.3,70.4,70.7,71.7,70.7,72.1,70.5,72.4,72.9,71.7,70.8,71.3,70.3,72.1,69.0,68.2,69.9,70.1,70.0,75.6,62.1,75.6,70.4,75.1,70.1,72.7,71.3,72.1,67.6,72.3,69.8,76.5,70.5,73.1,69.0,76.6,66.6,65.0,71.4,66.7,68.4,70.1,70.5,69.7,72.7,74.1,73.0,72.5,71.5,69.5,70.0,70.5,71.5,74.0,75.4,70.5,73.6,72.3,67.9,70.6,69.6,70.2,71.7,72.0,70.1,66.2,62.4,68.0,70.6,69.9
3114,69.2,60.7,62.9,74.2,71.2,71.1,71.7,71.1,68.2,68.8,69.5,70.9,69.8,68.5,70.6,69.4,70.3,70.4,68.7,68.9,70.1,69.2,70.6,69.0,70.8,71.4,70.6,69.5,70.0,68.9,70.7,67.4,67.0,68.5,68.8,68.5,73.2,60.1,74.2,68.3,74.0,67.3,71.1,70.0,69.6,65.0,70.8,67.6,73.8,68.9,71.7,67.2,74.8,63.7,63.8,69.8,65.5,67.1,69.4,68.8,68.1,71.6,71.8,70.9,70.8,69.5,66.9,68.9,69.0,70.0,72.1,73.8,68.2,72.1,70.0,66.0,68.8,68.2,68.8,70.1,70.3,68.6,64.8,60.7,66.9,69.2,68.6
3115,63.8,56.6,57.7,71.0,68.7,69.0,69.0,68.2,65.5,66.2,66.8,68.8,66.6,66.6,67.7,66.9,67.6,65.7,65.9,66.0,67.4,66.5,68.0,66.0,67.3,68.4,68.8,66.7,67.3,66.2,68.4,64.3,64.4,65.9,66.6,66.1,67.7,56.1,71.4,63.9,71.3,61.5,67.9,66.9,64.9,60.5,67.4,63.6,68.6,65.7,69.2,64.4,71.5,58.7,61.7,66.6,63.2,64.6,67.6,65.1,65.1,69.4,67.5,66.6,67.5,65.9,62.2,66.9,66.0,67.2,68.6,70.7,64.3,69.5,65.6,62.7,65.8,65.4,66.1,67.0,67.0,65.6,61.8,58.4,64.8,66.8,66.0
3116,60.1,53.6,54.3,66.2,65.4,66.0,66.1,64.1,63.2,63.6,64.6,65.8,63.6,64.1,64.5,64.3,63.4,60.9,63.2,63.7,64.0,63.4,64.5,62.4,62.1,63.5,66.8,63.7,64.1,63.4,65.2,61.4,60.6,62.7,63.6,62.3,63.9,52.9,66.1,59.9,68.2,57.9,62.8,61.7,61.5,56.9,63.3,60.0,65.5,59.2,64.9,62.0,66.5,55.4,58.6,62.5,59.8,61.4,64.3,60.9,61.8,64.7,62.3,62.5,63.3,61.3,57.5,64.6,63.3,64.4,64.0,64.7,60.4,64.7,61.7,57.4,63.4,62.6,63.2,61.9,62.3,61.2,55.6,56.6,61.4,63.7,61.5
3117,57.5,51.7,52.1,62.8,62.8,64.1,64.1,61.3,61.7,62.3,62.9,63.3,61.9,62.4,62.7,62.7,61.1,57.8,61.5,62.2,61.9,61.7,62.6,60.4,59.3,60.9,65.2,61.7,62.0,61.7,63.0,60.1,58.2,60.4,61.2,59.7,61.4,51.2,63.0,56.8,65.8,56.1,59.8,59.2,59.3,54.1,60.1,57.9,62.8,55.5,61.4,60.2,62.3,53.5,56.8,59.8,57.6,59.3,61.2,59.0,59.4,60.3,58.9,59.9,60.8,58.3,55.5,63.3,61.6,62.8,61.0,61.0,57.8,61.6,59.2,55.0,61.9,61.0,61.7,58.5,60.1,57.9,52.2,55.3,58.6,61.5,58.6
3118,55.2,50.2,50.4,60.4,61.2,62.8,62.6,59.6,60.5,61.1,61.7,61.7,60.5,61.2,61.3,61.5,59.6,55.5,60.4,61.1,60.4,60.5,61.3,59.0,57.8,59.6,63.9,60.2,60.5,60.4,61.6,59.1,56.6,58.7,59.4,58.0,59.4,49.8,60.5,54.7,63.9,54.3,57.8,57.6,57.3,52.4,57.4,55.3,60.4,53.4,59.1,58.3,59.3,52.0,55.5,57.0,55.7,57.6,58.7,57.3,57.6,57.8,56.4,57.1,58.8,56.2,53.5,61.9,60.4,61.6,58.5,58.4,55.6,59.6,56.8,53.1,60.6,59.6,60.4,56.5,58.5,55.6,51.4,54.1,57.0,59.8,56.8
3119,53.7,49.1,49.3,58.6,59.5,61.6,61.2,58.3,59.5,59.9,60.4,60.2,59.4,60.0,60.2,60.6,58.3,53.8,59.3,60.0,59.2,59.6,60.4,58.0,56.5,58.7,62.7,58.9,59.1,59.4,60.3,58.0,55.2,56.9,57.9,56.7,57.8,48.6,59.2,53.0,62.3,53.0,56.1,56.3,55.4,51.0,54.9,53.4,57.9,51.6,57.0,56.7,57.5,50.8,54.5,54.5,54.7,56.3,56.5,55.9,55.9,55.8,54.5,54.8,56.9,54.3,51.3,60.8,59.5,60.6,56.5,56.7,53.1,58.1,54.4,51.2,59.8,58.7,59.4,55.1,57.3,53.9,50.8,53.2,55.9,58.5,55.3
3120,52.0,48.2,48.4,56.8,58.3,60.5,60.3,57.4,58.6,58.9,59.3,59.3,58.5,59.1,59.2,59.8,57.4,52.3,58.3,59.2,58.1,58.4,59.5,56.9,55.4,57.9,61.4,58.0,57.9,58.5,59.3,57.2,54.1,55.5,56.7,55.2,56.4,47.7,57.7,51.7,60.7,52.0,54.5,55.1,53.8,49.6,53.0,51.8,55.4,50.0,55.2,54.8,55.7,49.6,53.3,52.6,53.7,55.3,54.9,55.1,54.2,54.5,52.9,52.7,55.0,52.6,49.7,59.9,58.6,59.6,54.8,55.1,51.5,56.7,52.3,49.9,59.1,57.8,58.5,53.9,56.1,52.1,49.9,52.4,54.8,57.3,54.2
3121,50.6,47.1,47.6,55.6,57.4,59.7,59.2,56.5,57.8,58.1,58.4,58.3,57.6,58.2,58.4,58.8,56.4,50.7,57.4,58.4,57.3,57.4,58.8,55.9,54.3,57.1,60.5,57.2,56.9,57.8,58.2,56.6,53.0,54.7,55.5,54.3,55.3,46.6,56.5,50.3,58.6,51.0,53.2,53.7,52.4,48.6,51.0,50.1,52.8,48.0,53.5,53.1,54.2,48.6,52.5,51.1,52.6,54.1,53.6,53.8,53.2,53.0,51.4,50.9,53.2,51.0,48.2,58.9,57.8,58.7,53.0,53.6,50.1,55.4,50.2,48.1,58.3,56.9,57.6,52.9,55.0,50.7,49.4,51.5,53.6,56.4,53.1
3122,49.2,46.2,46.7,54.4,56.4,58.7,58.4,55.7,57.1,57.1,57.7,57.6,57.0,57.4,57.6,58.1,55.7,49.6,56.7,57.7,56.5,56.7,58.2,54.9,53.3,56.3,59.6,56.5,56.0,57.1,57.4,55.9,52.1,53.5,54.5,53.4,54.1,45.7,55.3,48.8,57.2,50.2,52.0,52.6,51.0,47.7,49.3,48.6,50.9,46.4,52.2,51.4,52.5,47.8,51.4,49.9,51.6,53.2,52.4,52.5,52.0,51.8,50.1,49.3,51.6,49.6,46.4,58.1,56.9,57.9,51.3,52.3,48.7,54.1,48.5,46.7,57.5,56.1,56.9,52.0,54.0,49.9,48.8,50.7,52.7,55.2,52.4
3123,48.0,45.5,45.7,53.4,55.4,58.0,57.7,54.6,56.4,56.5,56.9,56.9,56.5,56.6,56.8,57.4,55.2,48.3,56.2,57.1,55.8,56.0,57.5,54.0,52.5,55.4,58.9,55.9,55.1,56.6,56.7,55.4,51.2,52.7,53.7,52.5,53.0,45.0,54.5,47.2,55.8,49.4,51.1,51.5,49.8,47.0,47.8,47.4,49.2,45.2,51.0,50.1,50.4,47.0,50.4,48.6,50.5,52.4,51.1,51.3,51.1,50.5,48.9,47.1,50.5,48.2,45.0,57.4,56.3,57.2,49.6,51.4,47.5,52.8,46.8,45.7,57.0,55.4,56.3,51.2,53.1,48.9,47.9,50.1,51.6,54.4,51.5
3124,46.7,45.0,44.9,52.4,54.8,57.4,57.1,54.1,55.7,55.8,56.4,56.2,55.7,56.1,56.1,56.9,54.7,47.3,55.7,56.6,55.2,55.5,56.8,53.1,51.7,54.7,58.1,55.3,54.4,56.0,56.0,54.9,50.2,52.1,52.9,51.8,52.1,44.5,53.7,45.9,54.6,48.9,50.2,50.4,49.0,45.9,46.5,46.2,47.5,43.7,50.0,49.0,48.8,46.2,49.6,47.4,49.9,51.6,50.0,50.4,49.9,49.3,48.0,45.8,49.4,47.2,43.8,56.7,55.7,56.6,48.1,50.2,46.5,51.7,46.0,44.2,56.4,54.8,55.7,50.4,52.2,48.1,46.9,49.4,50.9,53.5,50.6
3125,46.1,44.6,44.4,51.5,54.3,56.6,56.4,53.7,55.2,55.2,55.8,55.7,55.1,55.5,55.3,56.3,54.2,46.8,55.1,56.2,54.5,54.9,56.1,52.4,51.1,54.2,57.5,54.7,53.6,55.7,55.3,54.5,49.7,51.5,52.2,51.0,51.3,43.9,52.9,44.8,53.5,48.3,49.2,49.4,48.0,45.2,45.4,45.2,46.4,42.5,48.9,47.9,47.5,45.6,48.8,46.9,49.1,51.0,49.1,49.6,49.6,48.2,47.4,44.5,48.5,46.7,42.9,56.1,55.3,56.0,46.7,49.1,45.5,50.7,45.1,43.1,56.0,54.3,55.1,49.6,51.5,47.2,46.3,49.2,50.3,53.0,50.0
3126,49.2,46.5,47.5,50.9,54.0,56.6,56.2,53.7,55.8,55.5,57.1,56.1,56.5,55.5,55.4,56.9,54.5,51.1,56.4,57.8,54.8,55.5,56.5,52.2,50.5,53.8,57.6,54.6,54.1,56.2,55.3,55.5,49.7,51.6,52.5,51.5,53.6,45.9,52.1,46.9,53.8,51.6,48.8,50.4,50.0,47.7,46.8,48.9,50.6,42.5,48.3,49.3,47.7,48.2,48.3,50.1,49.2,51.3,48.6,52.7,52.0,47.6,51.2,48.6,49.3,50.7,45.0,56.3,56.2,57.2,46.7,48.4,48.1,51.5,49.8,42.8,57.6,55.6,55.3,49.3,51.1,46.9,46.2,51.0,50.0,53.1,50.6
3127,54.2,50.5,52.7,53.4,56.7,58.5,58.6,57.0,58.5,58.2,59.9,58.6,59.5,57.7,57.9,59.3,57.7,55.5,59.7,60.5,58.0,58.3,59.3,55.1,53.3,56.9,59.7,57.1,57.0,59.1,58.0,58.1,52.6,54.8,54.9,55.0,58.2,50.0,54.4,53.5,56.8,56.5,51.6,54.8,53.8,52.7,51.1,54.6,58.2,47.7,54.1,52.6,53.6,52.4,50.3,54.7,52.5,54.7,51.1,56.4,54.3,50.6,55.9,54.9,51.7,55.7,50.5,58.5,59.4,60.0,53.2,51.3,52.6,56.7,55.4,48.7,60.6,58.5,57.9,52.3,54.1,49.6,50.4,53.5,52.6,56.1,54.1
3128,58.8,53.9,57.1,58.2,60.2,61.2,61.4,60.3,61.3,60.8,62.7,61.6,62.7,60.3,60.9,62.0,61.0,59.0,62.6,63.3,61.3,61.2,62.2,58.5,57.3,60.2,62.1,60.4,60.2,61.8,61.1,60.7,56.0,58.3,57.9,58.3,62.4,53.6,58.7,57.8,60.2,60.6,56.0,58.6,58.1,57.3,55.9,58.9,64.3,53.8,60.7,56.7,60.1,56.6,53.2,59.2,55.8,57.8,54.6,59.9,57.3,54.9,60.0,60.1,54.8,59.7,54.8,60.9,62.4,62.7,59.5,56.9,56.9,61.3,59.8,53.8,63.5,61.5,60.6,56.5,58.0,53.6,54.1,56.0,55.8,59.6,57.7
3129,63.1,57.3,60.6,63.1,63.5,64.0,64.3,63.7,64.0,63.5,65.3,64.6,65.4,62.7,63.9,64.4,64.2,62.2,65.2,65.7,64.0,63.8,64.9,61.7,61.0,63.6,64.7,63.2,63.2,64.3,64.1,63.3,59.2,61.4,60.9,61.5,66.0,56.8,62.8,61.4,63.6,63.8,60.1,61.7,62.2,60.9,61.0,62.2,68.6,59.4,64.9,60.8,65.7,60.0,56.4,62.9,58.8,60.6,58.0,63.1,60.3,59.1,63.6,64.0,58.2,63.3,58.4,63.3,64.9,65.3,64.7,61.9,60.6,64.5,63.4,58.5,66.1,64.2,63.3,60.5,61.6,57.8,57.1,58.0,59.3,62.8,60.9
3130,67.0,60.0,63.4,66.9,66.5,66.3,67.0,66.5,66.2,65.7,67.6,67.1,67.6,64.9,66.4,66.6,66.7,65.3,67.5,67.8,66.4,65.8,67.2,64.3,64.5,66.4,66.9,65.7,65.9,66.4,66.6,65.3,62.3,64.2,63.6,64.0,69.1,59.4,66.6,64.3,66.6,66.5,63.5,64.5,66.0,64.0,64.9,65.2,72.1,62.9,68.2,64.3,70.0,62.9,59.1,65.8,61.3,63.1,61.0,65.7,63.4,62.5,66.6,67.0,61.9,66.5,61.7,65.4,67.0,67.5,68.5,65.6,64.1,67.2,66.3,62.2,68.2,66.4,65.5,63.7,64.7,61.4,60.0,59.9,61.9,65.2,63.7
3131,69.9,62.1,65.5,69.8,68.8,68.7,69.2,68.6,68.0,67.5,69.3,69.1,69.3,66.6,68.6,68.4,68.5,68.1,69.1,69.4,68.3,67.6,68.9,66.8,67.5,69.0,68.7,67.7,67.9,68.0,68.6,67.1,64.5,66.5,65.8,66.2,71.5,61.9,69.6,66.9,69.3,68.6,66.6,67.1,68.8,66.6,67.9,67.2,74.9,66.2,70.3,67.3,73.3,65.1,61.5,68.2,63.3,65.4,63.8,67.8,66.1,65.4,69.1,69.5,65.0,69.0,64.8,67.1,68.7,69.2,71.3,68.7,66.9,69.4,68.7,65.0,69.8,68.1,67.4,66.5,67.1,64.7,62.5,61.4,64.0,67.2,66.2
3132,72.1,63.9,67.0,72.3,70.7,70.5,71.0,70.4,69.5,68.8,70.6,70.5,70.6,68.1,70.3,69.7,70.1,70.4,70.1,70.5,69.9,69.1,70.5,68.5,69.8,70.8,70.1,69.2,69.7,69.4,70.3,68.5,66.5,68.4,67.7,67.9,73.8,63.3,72.1,69.0,71.7,70.4,69.3,69.4,71.3,68.4,70.4,69.1,76.9,67.8,71.8,69.2,75.6,66.7,63.1,70.0,65.0,66.8,66.0,69.4,68.2,67.8,71.5,71.4,68.1,70.8,67.3,68.4,70.1,70.4,73.4,71.4,69.2,71.5,71.0,66.6,71.0,69.5,68.8,68.8,69.2,67.1,64.5,62.8,65.9,68.8,68.1
3133,73.7,65.1,68.2,74.3,72.3,71.9,72.5,71.9,70.4,70.0,71.6,71.6,71.6,69.3,71.8,70.7,71.4,72.3,71.2,71.3,71.3,70.2,71.7,70.0,71.7,72.4,71.3,70.5,70.9,70.7,71.7,69.3,67.9,69.6,69.2,69.3,75.6,64.4,73.9,70.5,73.7,72.1,71.6,70.7,73.1,69.8,72.2,70.7,78.3,69.5,73.0,70.5,77.2,68.1,64.2,71.3,66.1,67.9,67.8,70.5,69.7,69.9,73.3,72.9,70.3,72.0,69.4,69.7,71.1,71.6,74.8,73.5,70.9,73.0,72.5,67.9,72.0,70.4,70.1,70.5,70.9,68.9,66.2,63.8,67.3,70.2,69.6
3134,74.6,65.6,68.8,75.8,73.5,73.1,73.7,72.8,71.0,70.9,72.3,72.5,72.3,70.1,72.8,71.5,72.4,73.2,71.7,71.9,72.2,71.1,72.7,70.9,73.2,73.6,72.2,71.4,71.8,71.6,72.5,70.1,69.0,70.6,70.2,70.1,76.7,64.8,75.6,71.5,75.2,72.9,73.1,71.6,74.0,70.1,73.2,71.4,79.0,70.4,73.7,71.2,78.2,68.9,65.1,72.4,66.7,68.6,69.1,71.2,70.6,71.5,74.6,74.1,72.4,72.8,70.9,70.5,71.7,72.2,75.7,75.1,72.1,74.3,73.5,69.1,72.5,71.2,71.0,71.9,72.2,70.2,67.1,64.3,68.5,70.9,70.6
3135,74.6,65.5,69.0,76.7,73.9,73.6,74.2,73.4,71.1,71.2,72.5,72.7,72.6,70.6,73.2,71.9,72.8,73.8,72.0,72.2,72.6,71.7,73.0,71.5,73.7,74.0,72.5,71.9,72.3,71.7,73.0,70.2,69.6,71.2,70.9,70.7,77.1,64.5,76.5,71.7,75.9,72.9,74.1,72.2,74.6,69.9,73.7,71.7,78.9,71.1,74.1,71.1,78.2,68.9,65.5,72.7,67.2,69.0,70.2,71.7,71.0,72.7,75.1,74.3,73.3,73.2,71.2,70.9,71.9,72.6,75.9,76.3,72.4,74.5,73.9,69.4,72.4,71.4,71.3,72.8,72.7,71.0,67.5,64.4,69.1,71.6,71.0
3136,74.0,64.5,68.3,77.0,73.9,73.5,74.0,73.4,71.0,71.1,72.3,72.8,72.5,70.5,73.0,71.7,72.8,73.7,71.7,71.9,72.6,71.7,73.0,71.5,73.8,73.7,72.6,71.8,72.4,71.4,73.2,70.1,69.3,71.3,71.0,71.0,77.1,63.7,76.7,71.4,75.9,72.0,73.9,72.2,73.9,69.3,73.3,71.0,78.0,71.1,73.9,70.3,77.8,68.4,65.7,72.5,67.4,69.1,70.5,71.6,71.0,73.3,75.1,74.0,73.3,73.0,71.0,71.0,71.7,72.5,75.3,76.6,72.0,74.4,73.4,68.9,72.2,71.0,71.2,72.8,72.9,71.0,67.2,63.7,69.1,71.6,71.1
3137,72.5,63.3,66.5,76.5,73.1,72.9,73.3,72.8,70.4,70.7,71.4,72.5,71.8,70.2,72.3,71.2,72.2,72.7,70.9,71.0,72.1,71.3,72.4,70.9,73.0,73.2,72.1,71.2,71.8,70.7,72.5,69.4,68.7,70.5,70.6,70.5,76.1,62.4,76.2,70.5,75.3,70.6,73.3,71.5,72.6,68.0,72.4,69.8,76.4,70.6,73.0,69.1,76.5,67.0,65.3,71.8,67.0,68.6,70.5,70.9,70.2,73.1,74.4,73.1,72.7,72.0,69.6,70.5,70.8,72.0,73.9,76.0,70.7,73.7,72.4,67.8,71.2,70.1,70.7,72.1,72.3,70.5,66.3,62.5,68.5,71.1,70.4
3138,69.6,60.9,63.2,74.9,71.6,71.5,72.0,71.5,68.7,69.2,70.0,71.4,70.2,69.0,70.8,69.8,70.7,70.7,69.1,69.3,70.5,69.7,70.9,69.4,71.2,71.6,71.1,69.9,70.4,69.3,71.1,67.7,67.5,69.1,69.3,69.0,73.7,60.3,74.8,68.4,74.2,67.9,71.6,70.1,70.0,65.4,70.9,67.5,73.7,69.0,71.6,67.3,74.7,64.1,64.0,70.2,65.8,67.3,69.8,69.3,68.6,72.0,72.1,71.0,71.0,69.9,67.0,69.3,69.3,70.5,72.0,74.3,68.3,72.3,70.1,65.9,69.3,68.6,69.3,70.5,70.7,69.0,64.9,60.8,67.4,69.7,69.1
3139,64.3,56.9,58.2,71.6,69.0,69.3,69.4,68.6,65.9,66.6,67.2,69.2,67.0,67.0,67.9,67.4,68.0,66.2,66.4,66.4,67.8,67.0,68.3,66.5,67.7,68.8,69.3,67.1,67.8,66.7,68.8,64.6,64.9,66.4,67.1,66.7,68.3,56.5,71.9,64.2,71.4,62.2,68.4,67.1,65.4,61.0,67.5,63.6,68.7,65.8,69.1,64.5,71.4,59.2,61.9,67.0,63.5,64.9,68.0,65.6,65.7,69.7,68.0,66.7,67.7,66.4,62.4,67.3,66.3,67.7,68.6,71.3,64.5,69.7,65.7,62.7,66.2,65.7,66.6,67.4,67.5,66.1,62.0,58.4,65.3,67.3,66.5
3140,60.6,54.0,54.7,66.9,65.7,66.3,66.5,64.4,63.6,64.0,64.9,66.2,63.9,64.5,64.8,64.7,63.8,61.4,63.5,64.0,64.3,63.8,64.8,62.8,62.7,64.1,67.2,64.0,64.6,63.9,65.6,61.8,61.1,63.1,64.1,62.8,64.6,53.4,66.8,60.2,68.4,58.6,63.5,62.0,61.9,57.2,63.5,60.0,65.6,59.3,64.9,62.1,66.6,56.0,59.0,63.0,60.1,61.8,64.8,61.4,62.4,65.1,62.8,62.6,63.6,61.8,57.7,65.0,63.6,64.8,64.1,65.4,60.8,64.8,61.8,57.5,63.7,62.9,63.6,62.4,62.8,61.7,55.9,56.5,61.9,64.1,62.1
3141,57.9,52.0,52.6,63.5,63.1,64.4,64.5,61.7,62.0,62.7,63.1,63.6,62.2,62.7,63.0,63.0,61.5,58.3,61.8,62.5,62.3,62.0,62.9,60.9,59.9,61.4,65.6,62.0,62.5,62.1,63.4,60.5,58.7,60.9,61.6,60.2,62.0,51.6,63.6,57.1,66.0,56.7,60.5,59.4,59.7,54.5,60.3,57.8,62.7,55.6,61.5,60.3,62.4,54.1,57.0,60.4,57.8,59.7,61.6,59.4,59.9,60.8,59.6,60.1,61.1,58.8,55.8,63.7,61.9,63.1,61.1,61.6,58.1,61.8,59.3,55.2,62.2,61.3,62.0,59.0,60.5,58.5,52.6,55.2,59.1,61.9,59.3
3142,55.7,50.6,50.9,61.1,61.6,63.2,63.0,60.0,61.0,61.4,62.0,62.0,60.9,61.5,61.7,61.9,59.9,56.0,60.7,61.3,60.8,60.8,61.7,59.4,58.4,60.0,64.3,60.5,60.9,60.9,62.0,59.3,57.0,59.1,59.9,58.5,60.0,50.1,61.2,55.1,64.2,55.0,58.4,57.8,57.7,52.8,57.7,55.3,60.4,53.5,59.1,58.4,59.4,52.6,55.7,57.5,56.0,58.0,59.2,57.8,58.1,58.3,57.0,57.4,59.1,56.8,53.7,62.3,60.7,61.9,58.6,59.0,55.8,59.8,57.0,53.2,60.9,59.8,60.7,57.2,59.0,56.2,51.9,54.1,57.5,60.2,57.5
3143,54.2,49.4,49.8,59.2,59.8,61.9,61.6,58.7,59.9,60.3,60.7,60.6,59.7,60.3,60.5,60.9,58.8,54.3,59.6,60.2,59.6,60.0,60.7,58.4,57.2,59.1,63.1,59.2,59.6,59.8,60.7,58.2,55.7,57.4,58.4,57.2,58.4,49.0,59.8,53.4,62.5,53.7,56.7,56.6,55.8,51.3,55.3,53.3,58.0,51.7,57.1,56.8,57.6,51.3,54.7,55.0,55.0,56.5,57.0,56.4,56.4,56.4,55.2,55.2,57.1,54.9,51.5,61.2,59.8,60.8,56.6,57.4,53.5,58.3,54.3,51.3,60.0,58.9,59.8,55.7,57.8,54.6,51.2,53.1,56.4,59.0,55.9
3144,52.4,48.4,49.0,57.5,58.7,60.8,60.6,57.7,58.9,59.3,59.6,59.6,58.8,59.4,59.5,60.0,57.8,52.9,58.5,59.3,58.5,58.8,59.8,57.2,56.0,58.3,61.9,58.3,58.3,58.9,59.7,57.4,54.6,56.0,57.1,55.7,57.0,48.0,58.3,52.1,60.9,52.4,55.2,55.3,54.2,50.0,53.3,51.8,55.5,50.2,55.4,54.9,55.9,50.1,53.6,53.2,54.0,55.6,55.5,55.6,54.8,55.0,53.5,53.1,55.3,53.2,49.8,60.2,58.9,59.7,54.9,55.9,51.9,57.0,52.4,50.0,59.3,57.9,58.9,54.5,56.6,52.7,50.3,52.3,55.2,57.8,54.8
3145,51.1,47.5,48.1,56.2,57.8,60.0,59.5,56.8,58.1,58.4,58.7,58.6,57.9,58.5,58.6,59.1,56.9,51.3,57.7,58.5,57.6,57.7,59.1,56.2,54.8,57.5,60.9,57.5,57.3,58.2,58.6,56.9,53.5,55.1,56.0,54.8,55.9,47.0,57.1,50.7,58.8,51.5,53.9,53.9,52.8,49.0,51.3,50.3,53.0,48.2,53.7,53.3,54.4,49.1,52.8,51.7,52.9,54.5,54.1,54.4,53.8,53.6,52.1,51.3,53.4,51.5,48.4,59.3,58.1,58.8,53.3,54.4,50.5,55.6,50.4,48.3,58.5,57.0,58.0,53.5,55.5,51.3,49.9,51.4,54.0,56.8,53.8
3146,49.8,46.4,47.1,55.0,56.8,59.0,58.8,56.0,57.3,57.5,57.9,57.9,57.3,57.7,57.9,58.3,56.1,50.0,56.9,57.7,56.8,57.0,58.5,55.2,53.9,56.6,59.9,56.8,56.3,57.4,57.7,56.2,52.6,54.0,55.0,53.8,54.6,46.0,55.9,49.1,57.4,50.7,52.6,52.9,51.5,48.1,49.5,48.7,51.2,46.7,52.5,51.7,52.6,48.3,51.7,50.5,52.0,53.6,53.0,53.0,52.7,52.4,50.7,49.6,51.9,50.0,46.6,58.4,57.2,58.1,51.6,53.1,49.1,54.4,48.8,46.9,57.7,56.3,57.3,52.5,54.4,50.5,49.3,50.6,53.1,55.7,53.0
3147,48.6,45.8,46.1,53.9,55.8,58.3,58.0,55.0,56.6,56.8,57.2,57.1,56.7,57.0,57.1,57.6,55.6,48.9,56.3,57.2,56.1,56.4,57.7,54.3,53.1,55.8,59.2,56.2,55.5,56.9,57.1,55.6,51.7,53.2,54.1,52.9,53.4,45.4,55.0,47.5,55.9,49.8,51.6,51.8,50.1,47.3,48.1,47.5,49.4,45.5,51.2,50.3,50.6,47.5,50.8,49.1,50.9,52.8,51.7,51.8,51.8,51.1,49.6,47.5,50.7,48.7,45.3,57.7,56.4,57.4,49.9,52.1,47.9,53.1,47.2,45.9,57.2,55.6,56.6,51.7,53.5,49.5,48.4,50.0,52.1,54.8,52.1
3148,47.2,45.3,45.3,52.9,55.2,57.7,57.4,54.5,56.0,56.1,56.6,56.4,55.9,56.4,56.4,57.2,55.1,48.0,55.9,56.6,55.5,55.8,57.1,53.5,52.3,55.1,58.4,55.6,54.7,56.3,56.4,55.1,50.7,52.5,53.3,52.2,52.6,44.8,54.2,46.1,54.7,49.3,50.7,50.7,49.3,46.3,46.8,46.2,47.8,43.9,50.2,49.3,49.1,46.7,50.0,48.0,50.2,52.1,50.6,50.9,50.5,49.9,48.6,46.1,49.7,47.7,44.0,56.9,55.9,56.9,48.4,50.9,47.0,52.0,46.4,44.4,56.6,55.0,56.0,50.9,52.6,48.6,47.4,49.4,51.3,53.9,51.2
3149,46.6,44.8,44.8,52.0,54.7,57.0,56.8,54.1,55.4,55.5,56.0,56.0,55.3,55.7,55.6,56.5,54.6,47.5,55.3,56.2,54.9,55.2,56.4,52.7,51.7,54.5,57.8,55.1,53.9,56.0,55.6,54.7,50.1,51.9,52.6,51.4,51.8,44.3,53.4,45.0,53.6,48.7,49.8,49.7,48.3,45.6,45.6,45.3,46.7,42.8,49.1,48.2,47.8,46.1,49.2,47.5,49.5,51.5,49.7,50.2,50.3,48.8,48.0,44.9,48.8,47.1,43.1,56.4,55.5,56.3,47.1,49.7,46.0,50.9,45.5,43.4,56.1,54.6,55.4,50.1,51.8,47.8,46.9,49.2,50.6,53.4,50.6
3150,49.7,46.8,47.9,51.5,54.4,56.9,56.6,54.2,56.0,55.9,57.4,56.4,56.7,55.7,55.6,57.2,54.9,51.6,56.6,58.0,55.2,55.8,56.8,52.6,51.1,54.2,58.0,55.0,54.5,56.5,55.7,55.8,50.1,52.1,52.9,52.0,54.1,46.2,52.6,47.2,54.0,51.9,49.4,50.7,50.4,48.1,47.1,49.1,50.9,42.9,48.6,49.6,48.0,48.7,48.8,50.7,49.7,51.8,49.2,53.3,52.6,48.2,51.7,49.0,49.6,51.2,45.3,56.6,56.5,57.5,47.2,48.9,48.6,51.8,50.1,43.1,57.8,55.9,55.7,49.8,51.5,47.4,46.8,51.0,50.5,53.6,51.2
3151,54.5,50.6,52.9,54.0,57.1,58.8,58.9,57.4,58.8,58.5,60.2,58.8,59.9,58.0,58.2,59.6,58.1,55.9,60.0,60.8,58.4,58.6,59.6,55.5,53.8,57.2,60.0,57.4,57.4,59.4,58.3,58.4,53.0,55.1,55.3,55.5,58.5,50.2,55.0,53.6,56.9,56.7,52.1,55.0,54.1,53.0,51.3,54.7,58.4,48.1,54.4,52.9,54.0,52.8,50.7,55.2,52.9,55.1,51.6,56.9,54.8,51.1,56.4,55.2,52.0,56.1,50.8,58.7,59.7,60.3,53.5,51.9,52.9,56.9,55.7,48.9,60.9,58.8,58.2,52.8,54.5,50.1,50.9,53.5,53.1,56.5,54.6
3152,58.9,54.0,57.2,58.7,60.5,61.5,61.8,60.7,61.6,61.1,63.0,61.9,63.1,60.6,61.2,62.3,61.3,59.4,63.0,63.6,61.6,61.4,62.5,58.8,57.7,60.5,62.4,60.7,60.5,62.2,61.5,61.0,56.3,58.6,58.3,58.7,62.6,53.7,59.2,58.0,60.3,60.6,56.3,58.8,58.3,57.5,56.1,58.9,64.3,54.2,60.9,56.9,60.4,56.9,53.6,59.6,56.1,58.2,55.1,60.3,57.7,55.4,60.4,60.4,55.1,60.1,55.0,61.1,62.8,63.0,59.6,57.3,57.1,61.5,60.0,54.0,63.9,61.8,61.0,56.9,58.3,54.0,54.5,55.9,56.2,59.9,58.1
3153,63.2,57.4,60.6,63.4,63.8,64.3,64.6,64.1,64.3,63.7,65.6,64.9,65.7,63.0,64.2,64.7,64.5,62.5,65.5,66.0,64.4,64.0,65.1,61.9,61.3,63.9,65.0,63.5,63.5,64.8,64.4,63.6,59.5,61.8,61.2,61.8,66.2,56.9,63.1,61.4,63.6,63.9,60.3,61.9,62.3,61.1,61.1,62.2,68.6,59.6,65.1,60.9,65.8,60.2,56.8,63.2,59.2,61.0,58.3,63.4,60.6,59.5,63.9,64.3,58.5,63.6,58.6,63.5,65.3,65.6,64.7,62.1,60.8,64.6,63.6,58.7,66.5,64.6,63.6,60.8,61.9,58.2,57.4,58.0,59.6,63.1,61.3
3154,67.0,60.0,63.4,67.1,66.7,66.6,67.3,66.8,66.4,65.9,67.9,67.4,67.9,65.1,66.6,66.9,66.9,65.6,67.8,68.1,66.6,66.1,67.4,64.5,64.6,66.7,67.1,65.9,66.2,66.8,66.9,65.6,62.4,64.4,63.9,64.3,69.3,59.4,66.9,64.3,66.6,66.6,63.7,64.6,66.1,64.2,65.0,65.1,72.2,63.0,68.3,64.4,70.1,63.0,59.5,66.0,61.7,63.6,61.3,66.0,63.7,62.9,66.9,67.1,62.0,66.7,61.8,65.6,67.4,67.8,68.5,65.8,64.3,67.4,66.5,62.3,68.6,66.7,65.7,64.0,64.9,61.8,60.3,59.8,62.1,65.5,64.1
3155,69.8,62.1,65.4,70.0,69.1,68.9,69.5,68.8,68.4,67.7,69.8,69.4,69.7,66.8,68.8,68.7,68.8,68.3,69.5,69.7,68.6,67.9,69.1,67.0,67.6,69.2,69.0,67.9,68.2,68.5,68.9,67.5,64.6,66.7,66.1,66.4,71.7,61.8,69.9,66.9,69.3,68.6,66.7,67.2,68.8,66.8,68.0,67.1,74.9,66.2,70.4,67.4,73.3,65.1,61.8,68.5,63.7,65.8,64.0,68.0,66.4,65.8,69.4,69.5,65.1,69.2,64.9,67.3,69.1,69.6,71.2,68.9,67.0,69.5,68.9,65.1,70.2,68.5,67.6,66.7,67.4,65.0,62.7,61.4,64.1,67.5,66.5
3156,72.0,63.7,67.0,72.5,71.0,70.7,71.2,70.7,69.8,69.1,71.0,70.8,71.0,68.3,70.5,69.9,70.3,70.6,70.5,70.9,70.2,69.4,70.7,68.7,69.9,71.0,70.3,69.4,70.0,69.9,70.6,68.9,66.6,68.6,67.9,68.2,74.0,63.3,72.4,68.9,71.7,70.5,69.4,69.5,71.3,68.6,70.4,69.0,76.9,68.2,71.8,69.2,75.7,66.8,63.5,70.2,65.3,67.2,66.3,69.7,68.5,68.2,71.7,71.5,68.2,71.1,67.4,68.7,70.6,70.8,73.4,71.5,69.3,71.6,71.0,66.6,71.4,70.0,69.1,68.9,69.4,67.3,64.6,62.8,66.0,69.1,68.3
3157,73.7,65.0,68.1,74.4,72.5,72.1,72.7,72.1,70.7,70.2,72.0,71.9,72.1,69.5,72.0,70.9,71.6,72.5,71.6,71.7,71.5,70.4,71.9,70.2,71.7,72.6,71.5,70.6,71.1,71.1,71.9,69.7,68.0,69.8,69.5,69.6,75.8,64.3,74.2,70.5,73.6,72.2,71.6,70.8,73.2,69.9,72.2,70.5,78.3,69.8,72.9,70.5,77.3,68.1,64.5,71.5,66.5,68.3,68.1,70.8,70.0,70.3,73.6,72.9,70.4,72.2,69.5,70.0,71.6,72.0,74.6,73.6,71.0,73.2,72.5,67.9,72.3,70.8,70.3,70.6,71.1,69.0,66.3,63.8,67.4,70.4,69.8
3158,74.6,65.5,68.7,75.9,73.6,73.2,73.8,73.0,71.4,71.1,72.8,72.8,72.8,70.3,72.9,71.7,72.5,73.4,72.1,72.5,72.3,71.3,72.9,71.1,73.2,73.7,72.4,71.6,72.0,72.0,72.7,70.5,69.0,70.8,70.4,70.5,76.9,64.7,75.8,71.4,75.2,72.9,73.1,71.7,74.0,70.2,73.3,71.2,79.0,70.6,73.7,71.3,78.2,68.9,65.4,72.6,67.1,68.9,69.4,71.4,70.7,71.9,74.9,74.1,72.3,73.1,71.0,70.7,72.2,72.6,75.5,75.3,72.1,74.4,73.5,69.0,72.9,71.6,71.2,71.9,72.3,70.2,67.1,64.4,68.5,71.1,70.9
3159,74.7,65.4,69.0,76.8,74.0,73.7,74.3,73.6,71.4,71.4,72.9,73.0,73.1,70.7,73.3,72.1,73.0,74.0,72.5,72.7,72.8,71.9,73.3,71.6,73.7,74.1,72.7,72.0,72.6,72.2,73.2,70.6,69.6,71.4,71.1,70.9,77.3,64.4,76.8,71.6,75.9,73.0,74.1,72.3,74.5,70.0,73.6,71.4,78.9,71.2,74.1,71.2,78.2,68.9,65.7,73.0,67.6,69.4,70.5,72.0,71.2,73.0,75.4,74.3,73.2,73.3,71.2,71.1,72.5,73.1,75.8,76.4,72.4,74.5,73.8,69.4,72.8,71.8,71.5,72.7,72.8,71.0,67.5,64.4,69.1,71.8,71.3
3160,73.9,64.4,68.4,77.1,74.0,73.6,74.0,73.6,71.3,71.3,72.8,73.0,72.9,70.6,73.0,72.0,72.9,73.8,72.2,72.4,72.7,71.8,73.1,71.5,73.8,73.7,72.8,71.9,72.6,71.8,73.3,70.5,69.3,71.4,71.2,71.2,77.3,63.6,76.9,71.3,75.8,72.0,73.9,72.3,73.7,69.3,73.3,70.7,78.1,71.2,73.9,70.4,77.8,68.4,66.0,72.7,67.7,69.4,70.8,71.9,71.1,73.6,75.4,74.2,73.3,73.1,71.0,71.2,72.3,72.9,75.2,76.7,71.9,74.4,73.5,68.9,72.7,71.4,71.3,72.7,72.9,70.9,67.3,63.8,69.1,71.8,71.4
3161,72.5,63.2,66.5,76.5,73.2,72.9,73.3,73.0,70.6,70.8,71.8,72.8,72.2,70.3,72.3,71.4,72.3,72.8,71.3,71.5,72.2,71.5,72.6,71.0,73.0,73.1,72.3,71.2,72.0,71.1,72.6,69.7,68.6,70.6,70.8,70.6,76.3,62.2,76.4,70.4,75.3,70.6,73.3,71.5,72.4,67.9,72.2,69.5,76.5,70.6,73.0,69.2,76.4,67.0,65.5,72.1,67.2,68.8,70.7,71.2,70.4,73.3,74.6,73.1,72.6,72.1,69.6,70.7,71.4,72.3,73.8,76.1,70.6,73.8,72.5,67.8,71.7,70.5,70.8,71.9,72.3,70.5,66.4,62.6,68.5,71.2,70.7
3162,69.6,60.8,63.3,74.9,71.6,71.5,72.1,71.6,68.9,69.5,70.4,71.6,70.6,69.2,70.9,70.1,70.9,70.9,69.6,69.7,70.6,70.0,71.1,69.5,71.3,71.6,71.3,69.9,70.7,69.6,71.2,68.0,67.5,69.2,69.4,69.3,73.8,60.2,75.1,68.4,74.2,67.8,71.6,70.2,69.9,65.4,70.8,67.4,73.8,69.0,71.6,67.4,74.6,64.2,64.2,70.4,66.0,67.5,70.0,69.5,68.7,72.1,72.4,71.1,70.9,70.1,66.9,69.5,69.8,70.8,72.0,74.4,68.3,72.4,70.2,65.9,69.8,69.0,69.5,70.4,70.6,69.0,65.1,60.9,67.4,69.8,69.4
3163,64.5,56.9,58.4,71.9,69.2,69.4,69.6,68.8,66.2,66.8,67.6,69.5,67.4,67.2,68.1,67.6,68.2,66.5,66.8,66.8,68.0,67.2,68.6,66.5,67.8,68.8,69.5,67.2,68.0,67.0,69.0,65.0,64.9,66.4,67.4,66.8,68.5,56.4,72.2,64.2,71.5,62.2,68.4,67.1,65.5,61.0,67.5,63.6,68.8,66.0,69.2,64.7,71.4,59.4,62.1,67.2,63.7,65.1,68.2,65.9,65.9,69.8,68.4,66.8,67.6,66.7,62.4,67.4,66.8,68.0,68.5,71.4,64.6,69.9,65.8,62.8,66.7,66.2,66.8,67.4,67.5,66.1,62.3,58.5,65.3,67.5,66.9
3164,60.8,54.1,55.0,67.1,66.0,66.5,66.7,64.7,63.8,64.3,65.3,66.4,64.3,64.7,65.0,64.9,64.1,61.6,64.0,64.3,64.5,64.0,65.1,62.9,62.8,64.2,67.4,64.2,64.8,64.3,65.8,62.1,61.3,63.2,64.3,63.1,64.8,53.5,67.1,60.3,68.5,58.7,63.6,62.2,62.1,57.4,63.5,59.9,65.7,59.6,65.0,62.2,66.6,56.4,59.1,63.2,60.2,62.0,65.0,61.7,62.5,65.3,63.2,62.8,63.6,62.1,57.7,65.2,64.1,65.1,64.1,65.6,60.8,65.1,61.9,57.7,64.1,63.3,63.8,62.5,62.8,61.8,56.2,56.6,62.0,64.3,62.5
3165,58.0,52.1,53.0,63.7,63.4,64.6,64.8,62.1,62.3,62.8,63.5,64.0,62.6,63.0,63.2,63.2,61.8,58.6,62.3,62.9,62.6,62.2,63.2,60.9,60.0,61.6,65.8,62.2,62.8,62.5,63.7,60.8,58.9,60.9,61.8,60.5,62.2,51.8,63.8,57.2,66.1,56.9,60.6,59.6,59.9,54.8,60.4,57.8,62.9,55.8,61.6,60.3,62.5,54.4,57.2,60.6,58.1,59.8,61.9,59.7,60.1,61.1,60.0,60.2,61.1,59.2,55.7,63.9,62.3,63.4,61.1,61.8,58.2,62.1,59.4,55.3,62.5,61.7,62.3,59.2,60.5,58.7,53.0,55.3,59.2,62.1,59.6
3166,55.9,50.7,51.3,61.3,61.8,63.3,63.3,60.3,61.2,61.6,62.3,62.4,61.2,61.7,61.9,62.1,60.4,56.3,61.0,61.6,61.1,61.0,62.0,59.5,58.5,60.3,64.6,60.8,61.2,61.2,62.4,59.7,57.2,59.3,60.2,58.8,60.1,50.3,61.4,55.1,64.2,55.1,58.5,58.1,57.9,53.1,57.9,55.4,60.5,53.8,59.2,58.5,59.6,52.9,55.9,57.8,56.2,58.2,59.3,58.1,58.3,58.5,57.4,57.5,59.1,57.1,53.8,62.6,61.1,62.2,58.7,59.2,56.1,60.0,57.1,53.3,61.4,60.2,61.0,57.4,59.1,56.5,52.3,54.2,57.7,60.4,57.8
3167,54.4,49.5,50.1,59.5,60.0,62.2,61.9,59.0,60.2,60.5,61.1,61.0,60.1,60.6,60.7,61.2,59.2,54.6,60.0,60.6,59.9,60.3,61.1,58.6,57.3,59.4,63.4,59.5,59.9,60.2,61.2,58.7,55.9,57.6,58.7,57.5,58.5,49.1,59.9,53.5,62.5,53.8,56.8,56.8,56.1,51.6,55.4,53.5,58.1,52.0,57.2,56.9,57.7,51.7,54.9,55.3,55.2,56.7,57.2,56.9,56.7,56.7,55.6,55.3,57.2,55.4,51.6,61.4,60.1,61.1,56.7,57.6,53.7,58.6,54.4,51.5,60.5,59.3,60.1,55.9,57.8,54.9,51.6,53.3,56.5,59.2,56.3
3168,52.7,48.5,49.3,57.7,59.0,61.0,60.9,58.1,59.3,59.7,60.0,60.0,59.2,59.8,59.6,60.4,58.3,53.1,58.9,59.7,58.8,59.1,60.2,57.4,56.2,58.6,62.2,58.6,58.6,59.4,60.1,57.9,54.8,56.2,57.5,56.0,57.1,48.1,58.5,52.1,60.9,52.6,55.3,55.6,54.5,50.3,53.6,51.9,55.7,50.6,55.5,55.0,56.1,50.5,53.8,53.5,54.2,55.8,55.6,56.1,55.1,55.3,53.8,53.2,55.3,53.6,49.8,60.5,59.2,60.1,54.9,56.2,52.1,57.2,52.5,50.1,59.7,58.3,59.2,54.8,56.7,53.1,50.7,52.4,55.4,57.9,55.1
3169,51.3,47.6,48.4,56.5,58.1,60.2,59.8,57.2,58.4,58.7,59.0,59.0,58.3,58.9,58.8,59.4,57.4,51.6,58.1,58.9,57.9,58.0,59.4,56.4,55.0,57.8,61.3,57.9,57.6,58.7,58.9,57.3,53.8,55.4,56.4,55.1,56.0,47.1,57.3,50.7,58.9,51.7,54.0,54.2,53.1,49.1,51.6,50.4,53.1,48.5,53.8,53.4,54.5,49.6,53.0,52.0,53.1,54.8,54.3,54.8,54.0,53.9,52.4,51.4,53.5,51.8,48.4,59.5,58.4,59.2,53.3,54.6,50.9,55.8,50.6,48.5,59.0,57.4,58.2,53.8,55.7,51.7,50.2,51.6,54.3,57.0,54.1
3170,50.0,46.6,47.4,55.3,57.1,59.2,59.1,56.5,57.7,57.8,58.2,58.3,57.7,58.0,58.0,58.7,56.6,50.4,57.4,58.1,57.1,57.3,58.9,55.4,54.1,56.9,60.3,57.1,56.6,58.0,58.1,56.5,53.0,54.3,55.4,54.2,54.7,46.2,56.2,49.1,57.5,50.7,52.7,53.1,51.8,48.3,49.8,48.8,51.3,47.0,52.6,51.7,52.7,48.7,51.9,50.8,52.2,53.9,53.1,53.5,52.9,52.7,51.1,49.7,52.0,50.4,46.7,58.7,57.6,58.5,51.7,53.3,49.4,54.5,49.0,47.1,58.2,56.8,57.6,52.8,54.6,51.0,49.6,50.8,53.4,55.9,53.3
3171,48.8,46.0,46.5,54.1,56.1,58.5,58.3,55.4,56.9,57.1,57.6,57.5,57.1,57.3,57.2,58.0,56.0,49.2,56.8,57.5,56.4,56.7,58.1,54.6,53.2,56.0,59.5,56.5,55.8,57.4,57.4,56.0,52.1,53.5,54.5,53.3,53.5,45.6,55.3,47.5,56.0,49.9,51.8,51.9,50.5,47.5,48.2,47.7,49.5,45.8,51.4,50.4,50.7,47.9,51.0,49.4,51.2,53.1,51.8,52.3,52.0,51.4,49.9,47.5,50.9,49.0,45.4,57.9,56.9,57.7,50.0,52.2,48.2,53.3,47.4,46.0,57.5,56.0,56.9,52.0,53.8,50.0,48.7,50.2,52.4,55.1,52.5
3172,47.5,45.5,45.7,53.1,55.5,57.9,57.7,54.8,56.3,56.4,56.9,56.8,56.3,56.7,56.5,57.5,55.5,48.3,56.2,57.0,55.8,56.1,57.5,53.8,52.5,55.3,58.7,55.8,55.1,56.7,56.6,55.4,51.1,52.8,53.7,52.6,52.7,45.0,54.5,46.2,54.8,49.4,50.9,50.9,49.6,46.5,47.0,46.3,47.8,44.3,50.4,49.4,49.2,47.1,50.2,48.4,50.5,52.4,50.8,51.3,50.8,50.3,48.9,46.2,49.9,47.9,44.3,57.1,56.3,57.3,48.5,51.1,47.3,52.1,46.7,44.7,56.9,55.4,56.2,51.2,52.8,49.1,47.8,49.5,51.7,54.3,51.6
3173,46.8,45.0,45.1,52.2,55.0,57.1,57.0,54.5,55.8,55.8,56.4,56.4,55.7,56.0,55.8,56.8,54.9,47.9,55.7,56.5,55.2,55.4,56.8,53.0,51.9,54.7,58.1,55.3,54.4,56.5,55.9,55.1,50.5,52.3,53.0,51.8,51.9,44.5,53.7,45.2,53.7,48.9,49.9,49.9,48.6,45.9,45.8,45.3,46.8,43.2,49.3,48.3,47.9,46.5,49.4,48.0,49.8,51.7,49.9,50.6,50.5,49.3,48.4,45.0,49.0,47.4,43.3,56.6,55.9,56.6,47.3,49.9,46.2,51.1,45.7,43.6,56.5,55.0,55.7,50.4,52.0,48.3,47.2,49.4,50.9,53.8,51.0
3174,50.0,47.1,48.2,51.7,54.7,57.1,56.9,54.5,56.4,56.2,57.8,56.9,57.2,56.1,55.8,57.5,55.4,52.0,57.0,58.4,55.5,56.1,57.2,52.9,51.4,54.4,58.3,55.2,55.0,57.0,56.0,56.1,50.5,52.5,53.2,52.3,54.2,46.5,52.8,47.5,54.1,52.1,49.5,50.9,50.7,48.5,47.4,49.2,51.2,43.2,48.8,49.8,48.2,49.0,49.0,51.1,50.0,52.1,49.4,53.7,52.9,48.6,52.1,49.2,49.8,51.6,45.5,56.8,56.9,57.9,47.4,49.1,48.9,52.0,50.3,43.5,58.2,56.4,56.0,50.2,51.8,48.0,47.1,51.3,50.8,54.0,51.6
3175,54.7,50.8,53.0,54.2,57.3,58.9,59.1,57.7,59.1,58.7,60.6,59.2,60.3,58.1,58.3,59.9,58.4,56.2,60.3,61.2,58.5,58.8,59.8,55.6,53.9,57.4,60.2,57.6,57.8,59.7,58.6,58.6,53.2,55.4,55.5,55.7,58.6,50.3,55.2,53.8,57.1,56.9,52.2,55.1,54.4,53.3,51.6,54.7,58.6,48.6,54.6,53.2,54.2,53.0,51.1,55.5,53.2,55.4,51.8,57.2,55.1,51.5,56.7,55.3,52.1,56.3,50.9,58.9,60.0,60.6,53.7,52.1,53.1,57.2,55.8,49.2,61.3,59.2,58.4,53.0,54.7,50.6,51.0,53.9,53.3,56.8,54.8
3176,59.0,54.1,57.2,58.7,60.6,61.6,61.8,60.9,61.8,61.2,63.3,62.2,63.3,60.6,61.3,62.5,61.5,59.6,63.2,63.9,61.7,61.5,62.6,58.9,57.6,60.6,62.5,60.8,60.7,62.4,61.6,61.2,56.4,58.7,58.4,58.7,62.6,53.7,59.3,58.2,60.4,60.7,56.3,58.9,58.4,57.8,56.3,58.9,64.5,54.6,61.0,57.1,60.5,56.9,53.9,59.9,56.4,58.5,55.2,60.5,57.9,55.6,60.6,60.5,55.1,60.3,55.1,61.2,63.0,63.3,59.7,57.5,57.2,61.8,60.1,54.2,64.2,62.1,61.0,57.0,58.4,54.2,54.6,56.4,56.3,60.1,58.2
3177,63.2,57.4,60.5,63.3,63.9,64.3,64.6,64.1,64.4,63.7,65.8,65.0,65.9,62.9,64.2,64.7,64.5,62.7,65.7,66.3,64.3,64.1,65.1,61.9,61.2,63.9,65.0,63.5,63.6,64.9,64.4,63.7,59.4,61.7,61.1,61.7,66.2,57.0,63.2,61.6,63.7,64.0,60.2,62.0,62.4,61.3,61.2,62.2,68.7,60.0,65.3,61.1,65.9,60.1,57.1,63.4,59.4,61.3,58.3,63.5,60.8,59.7,64.0,64.3,58.5,63.8,58.6,63.5,65.4,65.8,64.7,62.3,60.8,64.8,63.7,58.9,66.7,64.9,63.6,60.8,61.9,58.3,57.5,58.5,59.5,63.1,61.3
3178,67.0,60.1,63.2,67.0,66.7,66.5,67.2,66.6,66.4,65.8,68.1,67.5,68.0,65.0,66.5,66.8,66.8,65.7,67.9,68.4,66.5,66.0,67.3,64.4,64.5,66.6,67.1,65.9,66.1,66.9,66.8,65.7,62.3,64.1,63.7,64.2,69.3,59.5,67.0,64.5,66.7,66.7,63.5,64.7,66.1,64.3,65.1,65.2,72.2,63.3,68.4,64.6,70.1,62.8,59.7,66.2,61.9,63.9,61.3,66.1,63.7,63.0,67.0,67.1,61.9,66.9,61.8,65.5,67.5,67.9,68.4,65.9,64.3,67.5,66.5,62.5,68.9,67.0,65.7,63.8,64.8,61.6,60.3,60.4,61.9,65.4,64.0
3179,69.9,62.1,65.3,70.0,68.9,68.7,69.3,68.7,68.3,67.5,69.9,69.3,69.7,66.6,68.6,68.6,68.7,68.5,69.5,70.0,68.5,67.8,69.0,66.8,67.4,69.1,68.8,67.8,68.1,68.5,68.8,67.5,64.4,66.4,65.8,66.2,71.8,61.9,69.9,67.1,69.4,68.7,66.6,67.3,68.9,67.0,68.1,67.1,75.0,66.6,70.5,67.5,73.3,64.9,62.0,68.6,63.8,66.0,64.1,68.2,66.4,65.9,69.4,69.5,65.1,69.3,64.9,67.2,69.2,69.7,71.1,69.0,67.1,69.7,68.9,65.2,70.5,68.7,67.5,66.5,67.3,64.7,62.7,62.0,63.9,67.4,66.2
3180,72.1,63.7,66.9,72.5,70.8,70.5,71.1,70.4,69.8,68.9,71.1,70.7,71.0,68.1,70.3,69.8,70.1,70.7,70.6,71.1,70.0,69.3,70.6,68.4,69.8,70.9,70.2,69.3,69.8,69.9,70.4,68.9,66.3,68.2,67.6,67.9,73.9,63.4,72.4,69.1,71.8,70.6,69.3,69.5,71.4,68.8,70.4,69.0,76.9,68.2,71.9,69.3,75.6,66.6,63.6,70.3,65.4,67.4,66.3,69.8,68.5,68.3,71.8,71.5,68.2,71.1,67.4,68.5,70.6,70.9,73.3,71.6,69.4,71.8,71.0,66.7,71.6,70.1,68.9,68.7,69.3,66.9,64.5,63.4,65.7,68.9,68.1
3181,73.8,64.9,68.1,74.4,72.4,71.9,72.5,71.8,70.7,69.9,72.1,71.8,72.1,69.3,71.8,70.8,71.4,72.5,71.7,72.0,71.2,70.3,71.8,70.0,71.6,72.4,71.3,70.5,70.9,71.1,71.7,69.7,67.6,69.3,69.2,69.2,75.7,64.2,74.2,70.6,73.8,72.3,71.5,70.7,73.4,70.0,72.3,70.5,78.3,70.0,72.9,70.6,77.3,67.9,64.6,71.6,66.6,68.5,68.0,71.0,69.9,70.4,73.7,72.9,70.4,72.3,69.5,69.8,71.6,72.1,74.6,73.7,71.1,73.4,72.5,68.0,72.5,70.8,70.1,70.4,71.0,68.6,66.0,64.3,67.0,70.2,69.6
3182,74.7,65.5,68.6,75.9,73.5,73.0,73.7,72.8,71.3,70.8,72.8,72.6,72.7,70.0,72.7,71.6,72.3,73.5,72.1,72.7,72.1,71.1,72.7,70.8,73.1,73.5,72.1,71.4,71.7,71.9,72.4,70.3,68.7,70.4,70.1,70.1,76.9,64.7,75.8,71.7,75.2,73.0,73.0,71.7,74.2,70.2,73.3,71.2,79.1,70.7,73.7,71.4,78.1,68.6,65.6,72.6,67.2,69.0,69.3,71.6,70.6,71.8,74.9,74.1,72.3,73.2,71.1,70.5,72.2,72.6,75.5,75.3,72.2,74.5,73.4,69.1,73.0,71.6,70.9,71.7,72.1,69.9,66.8,65.0,68.2,70.8,70.7
3183,74.8,65.2,68.9,76.8,73.9,73.7,74.1,73.4,71.3,71.1,72.9,72.9,73.0,70.5,73.1,72.0,72.7,74.1,72.5,73.0,72.6,71.8,73.0,71.4,73.6,74.0,72.4,71.8,72.3,72.1,73.0,70.5,69.2,71.1,70.8,70.5,77.3,64.3,76.8,71.9,75.9,73.1,74.1,72.3,74.6,69.9,73.6,71.4,79.1,71.3,74.2,71.3,78.1,68.7,65.9,73.0,67.8,69.5,70.3,72.0,71.1,72.9,75.6,74.3,73.3,73.5,71.3,70.9,72.4,73.0,75.8,76.4,72.4,74.7,73.8,69.4,72.9,71.9,71.2,72.5,72.7,70.7,67.3,65.0,68.8,71.5,71.1
3184,73.9,64.3,68.3,77.1,73.8,73.5,73.9,73.4,71.1,71.1,72.6,73.0,72.8,70.4,72.9,71.8,72.8,73.9,72.2,72.6,72.5,71.8,72.9,71.3,73.7,73.6,72.6,71.7,72.3,71.7,73.1,70.4,69.0,71.0,70.9,70.9,77.3,63.5,76.9,71.4,75.9,72.1,73.9,72.3,73.8,69.3,73.2,70.8,78.3,71.3,74.0,70.6,77.7,68.2,66.1,72.8,67.9,69.6,70.6,72.1,71.0,73.4,75.5,74.0,73.4,73.2,71.1,71.0,72.2,72.8,75.2,76.8,71.9,74.6,73.5,68.9,72.7,71.4,71.2,72.5,72.8,70.6,67.1,64.4,68.8,71.6,71.1
3185,72.5,63.1,66.4,76.6,73.1,72.8,73.2,72.8,70.4,70.7,71.8,72.7,72.1,70.1,72.1,71.2,72.1,72.9,71.4,71.6,72.0,71.2,72.4,70.8,73.0,73.0,72.1,71.0,71.8,71.1,72.5,69.5,68.3,70.4,70.5,70.4,76.2,62.2,76.4,70.5,75.4,70.7,73.3,71.6,72.4,67.9,72.2,69.6,76.7,70.7,73.0,69.4,76.4,66.8,65.7,72.2,67.3,69.0,70.5,71.4,70.3,73.1,74.7,73.1,72.8,72.2,69.8,70.5,71.5,72.3,73.9,76.0,70.6,73.9,72.6,67.9,71.7,70.5,70.7,71.8,72.2,70.1,66.3,63.2,68.2,71.0,70.4
3186,69.6,60.7,63.2,75.0,71.6,71.4,72.0,71.5,68.8,69.3,70.4,71.4,70.6,69.0,70.8,69.9,70.8,71.0,69.7,69.8,70.5,69.7,71.0,69.3,71.3,71.5,71.1,69.7,70.5,69.6,71.1,67.9,67.1,69.0,69.2,69.1,73.8,60.1,75.2,68.5,74.2,68.0,71.6,70.2,70.0,65.3,70.7,67.5,74.0,69.2,71.7,67.6,74.6,64.1,64.3,70.5,66.1,67.7,69.7,69.7,68.7,71.9,72.5,71.1,71.1,70.2,67.1,69.3,69.9,70.8,72.0,74.4,68.3,72.6,70.2,66.1,69.8,69.1,69.4,70.2,70.6,68.7,64.9,61.5,67.1,69.7,69.2
3187,64.7,56.9,58.5,72.0,69.1,69.3,69.5,68.7,66.1,66.8,67.7,69.4,67.4,67.0,68.1,67.4,68.2,66.6,67.0,67.1,68.0,67.0,68.5,66.4,67.9,68.8,69.3,67.1,68.0,67.0,68.9,64.9,64.7,66.3,67.2,66.7,68.6,56.4,72.4,64.4,71.5,62.5,68.5,67.3,65.7,61.1,67.5,63.8,69.0,66.2,69.3,64.8,71.5,59.5,62.2,67.4,63.8,65.3,68.0,66.2,65.9,69.7,68.7,66.9,67.8,66.8,62.6,67.3,67.0,68.1,68.6,71.4,64.6,70.0,65.9,63.1,66.8,66.3,66.8,67.3,67.5,65.9,62.2,59.1,65.1,67.5,66.7
3188,60.9,54.1,55.2,67.3,66.0,66.4,66.7,64.7,63.7,64.2,65.4,66.4,64.5,64.6,65.0,64.8,64.1,61.8,64.1,64.5,64.5,63.9,65.1,62.9,62.9,64.2,67.3,64.1,64.9,64.3,65.9,62.1,61.2,63.1,64.1,63.0,64.8,53.5,67.3,60.4,68.6,58.9,63.7,62.4,62.2,57.5,63.5,60.0,65.9,59.9,65.1,62.3,66.7,56.5,59.2,63.6,60.4,62.2,64.9,61.9,62.6,65.3,63.7,62.8,63.8,62.4,57.9,65.1,64.2,65.2,64.2,65.9,60.9,65.3,61.9,57.8,64.2,63.5,63.7,62.5,62.8,61.7,56.2,57.1,61.8,64.3,62.5
3189,58.2,52.1,53.1,63.9,63.4,64.6,64.8,62.2,62.2,62.8,63.7,64.1,62.7,63.0,63.2,63.2,61.9,58.7,62.5,63.1,62.6,62.1,63.2,60.9,60.0,61.7,65.8,62.2,62.8,62.7,63.8,60.8,58.8,60.9,61.8,60.5,62.3,51.8,64.0,57.4,66.2,57.0,60.7,59.8,60.1,54.9,60.4,57.9,63.0,56.0,61.6,60.5,62.5,54.5,57.3,60.9,58.2,60.1,61.7,59.9,60.2,61.1,60.3,60.2,61.2,59.3,55.9,63.8,62.4,63.5,61.2,62.0,58.3,62.4,59.4,55.4,62.7,61.9,62.3,59.3,60.6,58.6,52.9,55.7,59.2,62.1,59.7
3190,56.2,50.6,51.5,61.6,61.8,63.3,63.3,60.5,61.1,61.6,62.5,62.5,61.4,61.7,62.0,62.1,60.4,56.4,61.3,61.9,61.1,61.1,62.0,59.5,58.5,60.3,64.6,60.8,61.3,61.4,62.5,59.8,57.2,59.3,60.1,58.8,60.2,50.3,61.7,55.3,64.3,55.2,58.6,58.2,58.1,53.0,57.9,55.6,60.7,54.0,59.2,58.7,59.6,53.0,56.0,58.1,56.3,58.5,59.2,58.3,58.4,58.5,57.6,57.6,59.3,57.2,53.9,62.5,61.2,62.2,58.8,59.5,56.2,60.4,57.1,53.5,61.6,60.5,61.0,57.5,59.0,56.5,52.1,54.6,57.7,60.5,57.9
3191,54.7,49.6,50.3,59.7,60.1,62.2,62.0,59.2,60.1,60.5,61.2,61.2,60.3,60.6,60.7,61.2,59.3,54.7,60.2,60.8,60.0,60.2,61.1,58.5,57.4,59.5,63.4,59.5,59.9,60.4,61.3,58.8,55.8,57.6,58.7,57.5,58.7,49.2,60.1,53.6,62.6,54.0,56.9,57.0,56.3,51.5,55.4,53.6,58.3,52.1,57.3,57.1,57.6,51.8,55.0,55.5,55.3,56.8,57.2,57.0,56.9,56.7,55.8,55.4,57.3,55.5,51.9,61.5,60.2,61.2,56.8,57.9,53.9,58.9,54.4,51.6,60.7,59.7,60.1,56.1,57.8,55.0,51.5,53.6,56.6,59.2,56.4
3192,53.0,48.6,49.4,58.0,59.1,61.1,60.9,58.3,59.3,59.6,60.1,60.2,59.4,59.8,59.7,60.4,58.5,53.2,59.2,60.1,58.9,59.1,60.2,57.4,56.3,58.6,62.2,58.6,58.7,59.5,60.2,58.0,54.8,56.3,57.5,56.1,57.2,48.3,58.8,52.2,61.0,52.8,55.4,55.8,54.6,50.2,53.6,52.0,55.8,50.6,55.5,55.3,56.0,50.5,53.9,53.7,54.3,55.9,55.6,56.1,55.2,55.3,54.1,53.3,55.6,53.8,50.0,60.5,59.3,60.3,55.0,56.4,52.4,57.6,52.5,50.1,60.0,58.7,59.2,54.9,56.6,53.2,50.5,52.8,55.4,58.0,55.2
3193,51.7,47.7,48.6,56.7,58.1,60.3,59.9,57.4,58.4,58.7,59.3,59.2,58.5,58.9,58.8,59.4,57.6,51.8,58.4,59.2,58.0,58.1,59.4,56.3,55.1,57.8,61.3,57.8,57.7,58.8,59.1,57.4,53.8,55.5,56.4,55.2,56.0,47.3,57.6,50.8,59.0,51.8,54.1,54.4,53.3,49.1,51.6,50.5,53.3,48.7,53.8,53.6,54.4,49.7,53.1,52.1,53.2,54.9,54.4,55.0,54.2,53.9,52.6,51.6,53.8,52.1,48.7,59.5,58.6,59.4,53.4,55.0,51.1,56.1,50.8,48.6,59.3,57.8,58.2,53.9,55.6,51.9,50.1,51.9,54.3,57.0,54.2
3194,50.3,46.8,47.7,55.5,57.1,59.3,59.1,56.6,57.6,57.8,58.5,58.5,57.9,58.0,58.0,58.7,56.8,50.5,57.7,58.4,57.2,57.3,58.8,55.4,54.2,56.9,60.3,57.0,56.7,58.0,58.2,56.6,52.9,54.3,55.4,54.3,54.9,46.4,56.4,49.2,57.6,50.9,53.0,53.3,52.0,48.2,49.8,48.9,51.5,47.0,52.7,52.0,52.7,48.9,52.1,51.0,52.3,54.0,53.2,53.6,53.1,52.7,51.3,49.9,52.2,50.6,46.9,58.7,57.7,58.7,51.8,53.7,49.6,54.9,49.1,47.2,58.4,57.1,57.5,52.9,54.6,51.1,49.5,51.1,53.4,56.0,53.4
3195,49.0,46.1,46.8,54.4,56.1,58.6,58.3,55.5,56.9,57.1,57.8,57.7,57.3,57.2,57.2,58.0,55.9,49.5,57.1,57.8,56.4,56.7,58.1,54.6,53.3,56.0,59.5,56.4,55.9,57.4,57.5,56.1,52.1,53.6,54.5,53.4,53.7,45.8,55.5,47.5,56.1,50.1,52.1,52.1,50.7,47.4,48.3,47.8,49.8,45.8,51.5,50.7,50.7,48.1,51.1,49.6,51.3,53.2,52.0,52.4,52.1,51.4,50.1,47.8,51.1,49.4,45.7,57.9,57.0,58.0,50.1,52.5,48.5,53.6,47.6,46.1,57.8,56.3,56.8,52.1,53.7,50.1,48.6,50.5,52.4,55.2,52.6
3196,47.7,45.7,46.0,53.3,55.6,57.9,57.7,54.9,56.3,56.3,57.1,56.9,56.5,56.6,56.4,57.5,55.5,48.6,56.5,57.3,55.8,56.1,57.5,53.7,52.6,55.3,58.7,55.7,55.1,56.8,56.7,55.5,51.1,52.8,53.8,52.6,52.9,45.2,54.7,46.3,54.9,49.5,51.1,51.0,49.8,46.4,47.1,46.5,48.1,44.3,50.6,49.6,49.2,47.3,50.3,48.7,50.6,52.4,51.0,51.5,50.9,50.3,49.2,46.5,50.2,48.3,44.5,57.1,56.4,57.4,48.6,51.3,47.5,52.4,46.9,44.9,57.2,55.7,56.2,51.3,52.8,49.2,47.7,49.8,51.8,54.3,51.8
3197,47.1,45.2,45.4,52.4,55.1,57.1,57.1,54.5,55.7,55.8,56.5,56.5,55.8,56.0,55.8,56.8,54.9,48.2,56.0,56.9,55.2,55.4,56.8,52.9,52.0,54.7,58.1,55.2,54.5,56.5,56.0,55.1,50.6,52.3,53.1,51.9,52.0,44.7,53.8,45.4,53.8,49.0,50.2,50.0,48.9,45.8,46.0,45.5,47.1,43.2,49.4,48.6,47.9,46.8,49.4,48.3,49.9,51.8,50.1,50.8,50.7,49.3,48.9,45.3,49.3,47.8,43.6,56.6,56.1,56.8,47.4,50.2,46.6,51.4,45.9,43.8,56.8,55.3,55.7,50.5,52.0,48.4,47.2,49.7,51.1,53.8,51.2
3198,50.4,47.3,48.4,51.9,54.8,57.1,57.0,54.7,56.4,56.2,58.0,57.0,57.4,56.0,55.8,57.5,55.4,52.3,57.3,58.8,55.5,56.1,57.3,52.9,51.5,54.5,58.3,55.2,55.1,57.1,56.0,56.2,50.6,52.6,53.4,52.5,54.3,46.7,53.1,47.7,54.2,52.3,49.8,51.1,51.1,48.5,47.5,49.4,51.6,43.3,49.1,50.0,48.4,49.2,49.1,51.4,50.0,52.2,49.7,54.0,53.1,48.7,52.5,49.5,50.1,51.8,45.9,56.8,57.1,58.1,47.6,49.4,49.3,52.4,50.6,43.7,58.5,56.6,56.0,50.3,51.9,48.2,47.2,51.6,51.0,54.1,51.9
3199,55.0,50.9,53.2,54.4,57.4,59.0,59.2,57.7,59.1,58.8,60.7,59.3,60.4,58.1,58.3,59.9,58.4,56.4,60.4,61.5,58.6,58.8,59.8,55.6,54.0,57.5,60.3,57.6,57.9,59.9,58.7,58.7,53.3,55.5,55.7,55.7,58.5,50.3,55.4,53.9,57.2,56.9,52.4,55.4,54.7,53.3,51.8,54.8,58.9,48.8,54.9,53.4,54.4,53.1,51.1,55.8,53.2,55.4,52.1,57.4,55.4,51.5,56.9,55.5,52.4,56.5,51.2,58.8,60.1,60.8,53.8,52.4,53.4,57.6,55.9,49.4,61.5,59.4,58.4,53.1,54.8,50.7,51.1,54.3,53.4,56.9,55.0
3200,59.2,54.2,57.3,58.9,60.7,61.6,61.9,60.9,61.8,61.3,63.4,62.2,63.4,60.6,61.3,62.5,61.5,59.7,63.4,64.2,61.6,61.5,62.6,58.9,57.7,60.7,62.5,60.8,60.8,62.5,61.6,61.3,56.5,58.7,58.4,58.8,62.5,53.8,59.4,58.3,60.6,60.7,56.4,59.1,58.7,57.8,56.6,58.9,64.7,54.7,61.3,57.2,60.7,57.0,54.0,60.0,56.4,58.5,55.4,60.7,58.2,55.8,60.7,60.5,55.3,60.3,55.3,61.2,63.0,63.4,59.7,57.7,57.5,62.1,60.1,54.3,64.3,62.3,61.0,57.0,58.5,54.4,54.7,56.8,56.3,60.1,58.3
3201,63.4,57.5,60.5,63.4,63.9,64.3,64.7,64.1,64.4,63.7,65.9,65.1,66.0,62.9,64.2,64.8,64.4,62.7,65.9,66.5,64.3,64.0,65.1,61.9,61.2,63.9,65.0,63.5,63.6,65.0,64.4,63.7,59.6,61.7,61.1,61.7,66.1,57.0,63.2,61.7,63.8,63.9,60.3,62.2,62.6,61.3,61.4,62.2,68.8,60.1,65.5,61.2,66.0,60.1,57.1,63.6,59.4,61.2,58.6,63.7,61.0,59.8,64.1,64.3,58.6,63.8,58.7,63.5,65.5,65.9,64.8,62.4,60.9,65.2,63.8,59.0,66.8,65.0,63.6,60.9,61.9,58.4,57.5,58.9,59.5,63.1,61.3
3202,67.1,60.1,63.2,67.0,66.6,66.5,67.2,66.6,66.4,65.8,68.1,67.5,68.1,65.1,66.5,66.9,66.8,65.7,68.0,68.5,66.5,66.0,67.3,64.4,64.5,66.6,67.0,65.9,66.1,67.0,66.8,65.7,62.3,64.1,63.7,64.2,69.2,59.5,66.9,64.6,66.9,66.7,63.6,64.9,66.2,64.4,65.2,65.2,72.3,63.4,68.6,64.7,70.2,62.8,59.7,66.4,61.8,63.8,61.5,66.3,63.9,63.1,67.1,67.1,62.0,66.9,61.8,65.5,67.5,68.0,68.6,65.8,64.4,67.9,66.5,62.6,68.9,67.0,65.7,63.9,64.8,61.7,60.3,60.9,62.0,65.5,63.9
3203,69.9,62.2,65.2,69.9,68.8,68.7,69.3,68.6,68.2,67.5,69.9,69.4,69.8,66.7,68.6,68.6,68.7,68.4,69.6,70.1,68.5,67.8,69.1,66.8,67.4,69.0,68.9,67.8,68.1,68.5,68.8,67.5,64.4,66.4,65.7,66.2,71.7,61.8,69.8,67.2,69.6,68.7,66.6,67.5,68.9,67.0,68.2,67.1,74.9,66.7,70.7,67.5,73.5,64.9,62.0,68.6,63.8,65.9,64.2,68.3,66.5,66.0,69.4,69.5,65.1,69.3,64.9,67.2,69.1,69.8,71.3,68.9,67.2,70.0,68.9,65.3,70.5,68.7,67.5,66.6,67.3,64.8,62.8,62.5,64.0,67.4,66.1
3204,72.1,63.8,66.9,72.4,70.7,70.5,71.1,70.4,69.7,68.9,71.1,70.6,71.1,68.1,70.3,69.8,70.2,70.6,70.7,71.2,69.9,69.3,70.6,68.4,69.7,70.8,70.2,69.3,69.8,70.0,70.4,68.9,66.3,68.1,67.5,67.8,73.8,63.3,72.3,69.2,71.9,70.6,69.3,69.8,71.4,68.8,70.6,69.0,76.9,68.4,72.1,69.3,75.7,66.6,63.5,70.4,65.3,67.4,66.4,70.0,68.6,68.3,71.7,71.4,68.2,71.1,67.3,68.5,70.7,70.9,73.4,71.5,69.6,72.0,70.9,66.7,71.7,70.1,68.9,68.8,69.3,66.9,64.7,63.9,65.8,69.0,68.0
3205,73.8,65.0,68.0,74.3,72.3,71.9,72.5,71.8,70.6,70.0,72.1,71.7,72.1,69.4,71.7,70.8,71.5,72.5,71.8,72.2,71.2,70.3,71.7,69.9,71.5,72.3,71.3,70.5,71.0,71.1,71.7,69.7,67.7,69.4,69.1,69.2,75.6,64.2,74.2,70.7,73.8,72.2,71.5,71.0,73.3,70.1,72.5,70.6,78.3,70.2,73.1,70.6,77.4,67.8,64.7,71.6,66.5,68.5,68.1,71.1,70.0,70.4,73.6,72.9,70.3,72.3,69.5,69.8,71.7,72.1,74.7,73.6,71.1,73.5,72.5,68.1,72.6,70.8,70.2,70.5,71.0,68.6,66.1,64.7,67.1,70.2,69.5
3206,74.7,65.4,68.6,75.9,73.5,73.0,73.6,72.8,71.1,70.8,72.8,72.6,72.7,70.2,72.7,71.6,72.3,73.4,72.3,72.8,72.1,71.2,72.7,70.9,73.0,73.4,72.2,71.4,71.8,71.9,72.4,70.3,68.7,70.4,70.1,70.1,76.7,64.6,75.8,71.7,75.1,73.0,73.1,71.9,74.1,70.3,73.5,71.3,79.1,70.9,73.9,71.4,78.2,68.5,65.6,72.7,67.2,69.2,69.4,71.8,70.6,72.0,74.9,73.9,72.1,73.2,71.0,70.6,72.2,72.6,75.6,75.2,72.2,74.7,73.4,69.1,73.2,71.5,71.0,71.8,72.1,69.9,67.0,65.3,68.3,70.9,70.7
3207,74.8,65.3,68.8,76.8,73.9,73.6,74.1,73.4,71.3,71.2,73.0,72.9,73.0,70.6,73.1,72.0,72.9,74.1,72.6,73.2,72.6,71.8,73.0,71.5,73.6,73.9,72.6,71.8,72.4,72.1,73.1,70.5,69.2,71.1,70.8,70.5,77.2,64.4,76.8,72.0,75.9,73.0,74.1,72.5,74.5,69.8,73.8,71.5,79.0,71.5,74.4,71.4,78.3,68.6,65.9,73.1,67.8,69.7,70.4,72.1,71.2,73.0,75.5,74.1,73.0,73.5,71.3,71.0,72.5,73.0,75.9,76.3,72.3,74.9,73.8,69.4,73.1,71.8,71.4,72.7,72.7,70.6,67.3,65.3,68.8,71.6,71.1
3208,73.9,64.4,68.2,77.0,73.9,73.4,73.8,73.4,71.2,71.3,72.7,72.9,72.8,70.6,72.8,71.8,72.9,73.8,72.3,72.8,72.6,71.7,72.8,71.4,73.7,73.5,72.7,71.7,72.4,71.7,73.2,70.3,69.0,71.1,70.9,70.9,77.1,63.7,76.9,71.4,76.0,72.0,74.0,72.5,73.8,69.1,73.3,70.8,78.2,71.4,74.1,70.7,77.9,68.1,66.4,72.9,67.9,69.7,70.8,72.2,71.1,73.4,75.4,73.9,73.1,73.3,71.1,71.1,72.3,72.8,75.2,76.8,72.0,74.8,73.4,68.9,72.9,71.4,71.3,72.6,72.9,70.5,67.2,64.6,68.8,71.8,71.1
3209,72.5,63.2,66.4,76.5,73.2,72.7,73.1,72.9,70.5,70.8,71.8,72.6,72.2,70.2,72.1,71.2,72.3,72.9,71.5,71.8,72.0,71.2,72.2,70.9,73.0,72.9,72.2,71.0,71.9,71.1,72.6,69.5,68.3,70.5,70.5,70.4,76.0,62.3,76.4,70.5,75.4,70.6,73.4,71.9,72.5,67.7,72.3,69.6,76.6,70.8,73.2,69.5,76.5,66.8,65.8,72.3,67.5,69.2,70.5,71.5,70.3,73.1,74.7,72.9,72.4,72.3,69.7,70.7,71.5,72.3,74.0,76.0,70.7,74.1,72.5,68.0,71.9,70.5,70.8,71.9,72.3,70.1,66.4,63.4,68.2,71.2,70.4
3210,69.7,60.8,63.2,74.9,71.7,71.3,71.9,71.6,68.9,69.5,70.5,71.5,70.6,69.2,70.7,69.9,71.0,71.1,69.8,70.0,70.6,69.7,70.9,69.4,71.3,71.6,71.3,69.7,70.7,69.6,71.2,67.9,67.2,69.1,69.3,69.2,73.7,60.3,75.1,68.5,74.2,67.9,71.7,70.5,69.9,65.2,70.9,67.6,73.9,69.3,71.9,67.7,74.7,64.0,64.5,70.6,66.3,68.0,69.7,69.9,68.6,71.9,72.6,71.0,70.9,70.3,67.0,69.4,69.9,70.9,72.1,74.3,68.4,72.8,70.3,66.2,70.0,69.1,69.5,70.4,70.7,68.7,65.1,61.7,67.2,69.9,69.3
3211,64.8,57.0,58.7,71.9,69.3,69.3,69.6,68.9,66.2,66.9,67.9,69.5,67.5,67.2,68.1,67.5,68.4,66.7,67.2,67.3,68.1,67.0,68.4,66.5,68.0,68.8,69.5,67.2,68.2,67.0,69.1,65.0,64.8,66.4,67.2,66.8,68.6,56.6,72.3,64.4,71.6,62.5,68.7,67.6,65.6,61.1,67.6,63.9,69.0,66.4,69.5,64.8,71.6,59.6,62.5,67.6,64.0,65.5,68.1,66.4,65.9,69.7,68.8,66.9,67.6,66.9,62.6,67.5,67.0,68.2,68.7,71.5,64.8,70.3,66.0,63.2,67.0,66.4,67.0,67.4,67.7,66.0,62.3,59.3,65.2,67.6,66.8
3212,61.1,54.2,55.4,67.3,66.1,66.4,66.7,64.9,63.7,64.4,65.5,66.5,64.5,64.8,65.0,64.9,64.2,61.9,64.2,64.7,64.6,63.9,65.0,62.9,63.1,64.3,67.5,64.1,65.0,64.3,66.1,62.1,61.3,63.1,64.1,63.1,64.8,53.6,67.4,60.4,68.6,58.9,63.9,62.8,62.3,57.6,63.6,60.1,65.9,60.1,65.4,62.3,67.0,56.8,59.4,63.9,60.6,62.4,65.1,62.1,62.6,65.4,64.0,62.8,63.6,62.5,57.8,65.3,64.2,65.3,64.4,66.0,61.1,65.5,62.0,58.0,64.5,63.5,63.9,62.8,63.0,61.9,56.4,57.4,62.0,64.4,62.6
3213,58.4,52.2,53.4,64.1,63.5,64.6,64.8,62.3,62.2,63.0,63.7,64.1,62.7,63.1,63.2,63.2,62.0,58.8,62.7,63.3,62.6,62.0,63.2,61.0,60.2,61.7,65.9,62.2,62.9,62.7,64.0,60.9,59.0,61.0,61.8,60.6,62.3,52.0,64.2,57.6,66.2,57.1,60.9,60.3,60.1,55.0,60.5,58.0,63.1,56.2,62.0,60.5,62.6,54.8,57.6,61.2,58.4,60.3,61.9,60.1,60.3,61.2,60.5,60.2,61.1,59.4,55.8,63.9,62.4,63.5,61.3,62.2,58.4,62.7,59.5,55.7,62.9,61.9,62.4,59.6,60.7,58.9,53.1,56.0,59.4,62.2,59.8
3214,56.3,50.9,51.6,61.8,61.9,63.3,63.5,60.5,61.1,61.8,62.5,62.5,61.4,61.8,62.0,62.1,60.5,56.5,61.4,62.0,61.2,61.0,62.1,59.6,58.6,60.4,64.7,60.8,61.4,61.3,62.6,59.8,57.4,59.5,60.1,58.9,60.3,50.5,61.9,55.4,64.3,55.3,58.8,58.7,58.3,53.1,58.1,55.7,60.7,54.3,59.6,58.6,59.7,53.2,56.2,58.3,56.5,58.7,59.3,58.6,58.4,58.6,57.8,57.6,59.2,57.4,53.9,62.5,61.1,62.3,58.9,59.7,56.3,60.7,57.2,53.8,61.7,60.5,61.1,57.8,59.2,56.8,52.2,54.9,57.8,60.6,58.0
3215,54.8,49.7,50.5,60.0,60.2,62.3,62.1,59.4,60.1,60.6,61.2,61.2,60.3,60.6,60.8,61.2,59.4,54.8,60.3,61.0,60.0,60.1,61.1,58.6,57.5,59.5,63.5,59.6,60.0,60.4,61.4,58.7,56.1,57.8,58.7,57.6,58.8,49.3,60.2,53.7,62.6,54.1,57.1,57.4,56.5,51.5,55.7,53.7,58.4,52.4,57.7,57.1,57.9,52.0,55.3,55.8,55.5,57.1,57.3,57.1,56.9,56.9,56.0,55.5,57.3,55.7,51.8,61.5,60.1,61.2,56.9,58.0,54.1,59.2,54.5,51.9,60.9,59.7,60.2,56.4,57.9,55.3,51.6,53.9,56.7,59.3,56.6
3216,53.1,48.7,49.6,58.2,59.3,61.2,61.1,58.4,59.2,59.6,60.1,60.2,59.3,59.8,59.8,60.4,58.5,53.4,59.3,60.2,58.9,59.0,60.2,57.6,56.4,58.7,62.3,58.7,58.7,59.6,60.2,58.0,55.0,56.6,57.6,56.4,57.4,48.5,59.0,52.2,61.0,52.9,55.6,56.1,55.0,50.4,53.9,52.0,55.9,51.0,55.9,55.3,56.3,50.7,54.2,53.9,54.5,56.2,55.8,56.3,55.3,55.4,54.3,53.4,55.6,54.0,50.1,60.5,59.3,60.2,55.1,56.6,52.5,57.9,52.6,50.4,60.1,58.7,59.3,55.2,56.8,53.6,50.7,53.0,55.6,58.1,55.5
3217,51.8,47.9,48.8,56.9,58.3,60.4,60.0,57.6,58.4,58.7,59.3,59.2,58.5,58.9,58.9,59.3,57.6,51.9,58.5,59.3,58.0,58.0,59.5,56.4,55.2,57.9,61.3,57.8,57.8,58.8,59.2,57.4,54.0,55.7,56.5,55.5,56.1,47.6,57.8,50.9,59.0,52.0,54.4,54.8,53.5,49.2,52.0,50.5,53.4,49.0,54.3,53.7,54.7,50.0,53.3,52.4,53.4,55.1,54.6,55.2,54.3,54.0,52.8,51.7,53.8,52.3,48.7,59.6,58.5,59.4,53.5,55.2,51.3,56.5,50.8,48.9,59.3,57.8,58.3,54.3,55.7,52.2,50.3,52.1,54.5,57.1,54.5
3218,50.5,47.0,47.9,55.8,57.4,59.4,59.2,56.8,57.6,57.9,58.5,58.4,57.9,58.0,58.1,58.7,56.8,50.7,57.8,58.5,57.2,57.3,58.9,55.5,54.3,57.0,60.4,57.0,56.8,58.1,58.3,56.6,53.1,54.6,55.7,54.5,55.0,46.6,56.5,49.4,57.5,51.0,53.2,53.7,52.2,48.5,50.2,49.0,51.6,47.3,53.1,52.1,53.0,49.2,52.3,51.2,52.5,54.1,53.4,53.8,53.2,52.7,51.6,50.0,52.3,50.8,46.9,58.7,57.7,58.7,51.9,54.0,49.9,55.3,49.3,47.4,58.5,57.1,57.5,53.3,54.7,51.5,49.6,51.4,53.6,56.1,53.6
3219,49.2,46.4,47.0,54.6,56.3,58.7,58.5,55.7,56.9,57.2,57.8,57.7,57.2,57.3,57.4,57.9,56.0,49.7,57.2,57.9,56.5,56.6,58.2,54.7,53.4,56.2,59.6,56.5,56.0,57.5,57.6,56.0,52.3,53.9,54.8,53.7,53.8,46.0,55.5,47.7,56.1,50.2,52.3,52.6,50.9,47.7,48.7,47.8,50.0,46.1,51.8,50.7,51.1,48.4,51.3,49.8,51.5,53.4,52.2,52.7,52.2,51.5,50.4,47.9,51.2,49.6,45.6,58.0,56.9,58.0,50.2,52.7,48.8,54.1,47.7,46.4,57.8,56.3,56.9,52.5,53.9,50.4,48.7,50.7,52.6,55.3,52.9
3220,47.9,45.8,46.3,53.6,55.8,58.1,57.9,55.0,56.3,56.4,57.1,57.0,56.5,56.7,56.6,57.4,55.5,48.8,56.6,57.3,55.8,56.0,57.6,53.8,52.8,55.5,58.8,55.8,55.3,56.9,56.8,55.5,51.4,53.1,54.0,52.9,53.1,45.4,54.8,46.5,54.9,49.7,51.3,51.4,50.0,46.7,47.5,46.5,48.3,44.6,50.9,49.7,49.6,47.7,50.4,48.9,50.8,52.7,51.2,51.8,51.1,50.4,49.5,46.7,50.2,48.6,44.5,57.3,56.4,57.4,48.8,51.6,47.8,52.9,47.1,45.3,57.3,55.7,56.2,51.7,52.9,49.6,47.8,50.1,51.9,54.4,52.2
3221,47.3,45.4,45.8,52.8,55.3,57.3,57.2,54.6,55.7,55.8,56.6,56.6,55.8,56.0,56.0,56.7,54.9,48.6,56.1,57.0,55.3,55.4,57.0,53.0,52.2,54.8,58.2,55.3,54.7,56.6,56.1,55.1,50.8,52.6,53.4,52.2,52.3,44.9,53.9,45.5,53.9,49.1,50.4,50.4,49.1,46.2,46.4,45.6,47.2,43.4,49.8,48.7,48.2,47.3,49.6,48.5,50.1,52.0,50.3,51.1,50.9,49.4,49.2,45.4,49.4,48.0,43.5,56.6,56.1,56.8,47.5,50.5,46.9,51.9,46.0,44.0,56.8,55.3,55.7,50.8,52.2,48.8,47.3,50.0,51.2,53.9,51.5
3222,50.7,47.6,48.8,52.2,55.0,57.3,57.2,54.8,56.3,56.3,58.2,57.0,57.5,56.1,56.1,57.5,55.6,52.6,57.4,58.9,55.7,56.1,57.4,53.1,51.7,54.8,58.4,55.3,55.4,57.3,56.2,56.3,50.8,52.8,53.6,52.8,54.5,46.9,53.2,47.9,54.3,52.7,50.1,51.6,51.4,49.0,48.0,49.5,51.8,43.7,49.4,50.0,48.8,49.7,49.3,51.6,50.2,52.4,49.9,54.2,53.3,48.9,52.9,49.6,50.2,52.0,45.9,56.9,57.1,58.2,47.8,49.8,49.6,52.9,50.7,44.0,58.6,56.7,56.1,50.7,52.1,48.5,47.3,51.9,51.1,54.3,52.3
3223,55.5,51.3,53.5,54.8,57.6,59.2,59.4,57.9,59.2,58.9,60.9,59.3,60.5,58.2,58.5,60.0,58.6,56.6,60.6,61.6,58.8,58.8,60.0,55.7,54.3,57.7,60.4,57.8,58.0,60.1,58.8,58.9,53.5,55.6,55.9,56.0,58.7,50.7,55.6,54.0,57.3,57.2,52.7,55.7,55.0,53.8,52.2,55.0,59.0,49.1,55.3,53.5,54.8,53.5,51.4,56.0,53.4,55.6,52.2,57.6,55.5,51.7,57.2,55.5,52.5,56.6,51.2,59.0,60.2,60.9,54.0,52.7,53.7,58.0,56.0,49.7,61.6,59.6,58.6,53.5,55.1,51.1,51.3,54.6,53.6,57.0,55.3
3224,59.8,54.7,57.6,59.3,60.9,61.8,62.1,61.0,61.8,61.4,63.5,62.3,63.5,60.7,61.5,62.7,61.7,59.8,63.6,64.4,61.8,61.7,62.8,59.0,58.0,60.9,62.7,60.9,60.9,62.7,61.8,61.5,56.7,58.8,58.5,58.8,62.7,54.3,59.6,58.3,60.7,61.0,56.7,59.4,59.1,58.3,56.9,59.0,64.7,55.0,61.6,57.3,60.9,57.2,54.2,60.2,56.6,58.7,55.5,60.8,58.3,55.9,60.9,60.5,55.3,60.3,55.3,61.4,63.1,63.5,59.9,58.0,57.7,62.3,60.2,54.5,64.5,62.4,61.2,57.3,58.7,54.7,54.9,57.0,56.6,60.2,58.5
3225,64.0,58.1,60.9,63.7,64.1,64.5,64.9,64.2,64.5,63.8,66.1,65.1,66.1,63.1,64.4,64.9,64.6,62.8,66.1,66.7,64.4,64.3,65.3,61.9,61.5,64.1,65.2,63.7,63.7,65.2,64.5,63.9,59.8,61.7,61.2,61.7,66.2,57.5,63.4,61.7,63.9,64.2,60.6,62.4,63.1,61.8,61.6,62.2,68.9,60.3,65.7,61.2,66.2,60.3,57.3,63.7,59.7,61.5,58.7,63.8,61.1,59.9,64.3,64.3,58.6,63.9,58.7,63.6,65.6,66.0,65.1,62.7,61.3,65.3,63.8,59.3,67.0,65.1,63.7,61.2,62.2,58.7,57.7,59.1,59.7,63.2,61.4
3226,67.6,60.6,63.6,67.3,66.8,66.8,67.5,66.7,66.6,65.9,68.3,67.5,68.2,65.3,66.7,67.0,67.0,65.8,68.2,68.7,66.7,66.2,67.6,64.5,64.8,66.7,67.2,66.1,66.1,67.2,67.0,65.8,62.6,64.2,63.7,64.2,69.4,59.9,67.2,64.7,66.9,66.9,64.0,65.2,66.8,64.8,65.4,65.2,72.3,63.6,68.7,64.6,70.5,63.0,60.0,66.5,62.0,64.0,61.5,66.4,63.9,63.2,67.2,67.0,61.9,66.9,61.8,65.7,67.5,68.1,68.7,66.2,64.7,68.0,66.5,62.6,69.1,67.1,65.9,64.2,65.0,62.0,60.5,61.0,62.2,65.5,64.1
3227,70.5,62.6,65.7,70.2,69.0,68.9,69.6,68.7,68.3,67.7,70.1,69.4,69.9,66.8,68.8,68.6,69.0,68.5,69.8,70.3,68.7,67.9,69.4,66.8,67.6,69.1,69.0,68.1,68.2,68.7,69.1,67.6,64.7,66.4,65.9,66.2,71.8,62.1,70.1,67.2,69.7,69.1,67.0,67.8,69.5,67.4,68.4,67.1,75.0,66.9,70.8,67.5,73.6,65.2,62.3,68.8,64.0,66.0,64.2,68.4,66.5,66.0,69.5,69.3,64.9,69.2,64.8,67.4,69.1,69.8,71.5,69.2,67.6,70.1,68.8,65.4,70.7,68.9,67.8,66.8,67.5,65.0,62.9,62.5,64.2,67.4,66.3
3228,72.7,64.2,67.3,72.7,70.9,70.7,71.4,70.6,69.7,69.1,71.3,70.7,71.2,68.4,70.5,69.9,70.5,70.7,70.9,71.4,70.1,69.4,70.9,68.5,70.0,71.1,70.4,69.6,69.9,70.2,70.6,69.0,66.7,68.2,67.7,67.9,73.9,63.8,72.5,69.3,72.0,71.0,69.6,69.9,72.0,69.3,70.8,69.1,76.9,68.5,72.1,69.2,75.9,66.9,63.7,70.5,65.5,67.6,66.4,70.1,68.6,68.3,71.8,71.3,68.0,71.0,67.2,68.8,70.6,71.0,73.5,71.9,70.0,72.0,70.8,66.8,71.9,70.2,69.2,69.1,69.5,67.2,64.8,63.9,66.1,69.0,68.2
3229,74.4,65.5,68.6,74.6,72.5,72.2,72.7,72.0,70.7,70.1,72.2,71.8,72.2,69.6,71.9,70.9,71.8,72.5,71.9,72.3,71.4,70.5,72.0,70.1,71.8,72.6,71.6,70.8,71.1,71.3,71.9,69.8,68.0,69.5,69.4,69.3,75.7,64.8,74.5,70.6,73.9,72.6,71.8,71.1,73.8,70.5,72.7,70.5,78.2,70.3,73.1,70.4,77.5,68.1,64.8,71.6,66.6,68.6,68.2,71.2,70.0,70.5,73.6,72.8,70.1,72.2,69.4,70.1,71.7,72.2,74.8,73.9,71.7,73.6,72.4,68.1,72.8,70.9,70.5,70.8,71.3,68.9,66.2,64.7,67.4,70.3,69.8
3230,75.1,65.9,69.2,76.3,73.8,73.3,74.0,73.0,71.3,71.0,72.9,72.6,72.7,70.4,72.9,71.8,72.6,73.3,72.3,73.0,72.4,71.3,73.0,71.0,73.2,73.8,72.4,71.6,71.9,72.1,72.7,70.4,69.0,70.6,70.4,70.2,76.8,65.1,76.1,71.6,75.2,73.4,73.4,72.0,74.6,70.7,73.6,71.2,79.0,71.0,73.9,71.2,78.3,68.8,65.8,72.8,67.3,69.3,69.5,71.9,70.7,72.1,74.9,73.8,71.8,73.1,70.8,70.8,72.3,72.7,75.7,75.6,72.7,74.7,73.2,69.1,73.4,71.6,71.3,72.2,72.4,70.2,67.0,65.2,68.6,71.0,70.9
3231,75.4,65.7,69.3,77.1,74.2,74.0,74.4,73.6,71.4,71.4,73.0,73.0,73.0,70.8,73.4,72.1,73.1,74.0,72.6,73.3,72.8,71.9,73.2,71.7,73.9,74.3,72.8,72.1,72.5,72.4,73.2,70.6,69.5,71.3,71.0,70.8,77.3,64.9,77.1,72.0,76.1,73.2,74.4,72.6,75.0,70.3,73.9,71.4,79.0,71.6,74.4,71.2,78.4,68.9,66.0,73.1,67.9,69.8,70.5,72.2,71.3,73.1,75.5,74.0,72.7,73.3,71.0,71.2,72.6,73.1,75.9,76.7,72.8,74.8,73.5,69.4,73.3,71.8,71.6,72.9,73.0,71.0,67.3,65.1,69.1,71.7,71.3
3232,74.4,64.8,68.7,77.5,74.2,73.8,74.2,73.7,71.4,71.4,72.8,73.1,73.0,70.8,73.1,72.0,73.1,73.7,72.5,73.0,72.7,71.8,73.0,71.7,74.1,73.9,72.8,72.0,72.6,72.0,73.4,70.5,69.3,71.3,71.1,71.2,77.2,64.1,77.3,71.5,76.1,72.3,74.3,72.6,74.2,69.5,73.4,70.6,78.1,71.6,74.1,70.5,77.9,68.6,66.4,73.0,68.1,69.9,70.8,72.2,71.1,73.5,75.4,73.8,72.8,73.2,70.8,71.3,72.4,73.0,75.2,77.1,72.3,74.8,73.2,69.0,73.0,71.6,71.6,72.9,73.2,70.8,67.3,64.5,69.1,72.0,71.4
3233,72.9,63.5,66.8,76.9,73.6,73.1,73.6,73.1,70.7,70.9,72.1,72.8,72.3,70.4,72.4,71.4,72.5,72.9,71.8,72.0,72.3,71.3,72.4,71.2,73.3,73.3,72.4,71.3,72.0,71.3,72.8,69.6,68.6,70.6,70.8,70.7,76.1,62.6,76.8,70.6,75.6,70.8,73.7,72.0,72.8,68.2,72.4,69.5,76.5,70.9,73.2,69.2,76.5,67.2,66.0,72.3,67.5,69.4,70.5,71.6,70.3,73.1,74.7,72.7,72.1,72.2,69.4,70.8,71.7,72.5,74.0,76.3,71.1,74.2,72.4,68.2,72.0,70.7,71.0,72.2,72.6,70.4,66.4,63.3,68.5,71.4,70.7
3234,70.1,61.1,63.7,75.2,72.1,71.7,72.3,71.9,69.2,69.6,70.7,71.6,70.8,69.3,71.0,70.1,71.2,71.0,70.1,70.3,70.9,69.8,71.1,69.7,71.8,72.0,71.4,70.0,70.9,69.8,71.5,68.1,67.5,69.4,69.6,69.5,73.9,60.6,75.4,68.6,74.5,68.2,72.0,70.7,70.2,65.6,70.9,67.4,73.7,69.5,72.0,67.4,74.7,64.5,64.7,70.6,66.4,68.2,69.7,69.9,68.6,71.9,72.6,70.7,70.5,70.1,66.7,69.6,70.1,71.1,72.1,74.6,68.9,72.8,70.1,66.4,70.3,69.3,69.7,70.6,71.0,68.9,65.2,61.7,67.5,70.1,69.6
3235,65.2,57.2,59.1,72.3,69.7,69.7,69.9,69.2,66.4,67.1,68.1,69.6,67.7,67.4,68.4,67.6,68.7,66.8,67.5,67.5,68.4,67.2,68.7,66.9,68.5,69.2,69.7,67.5,68.5,67.2,69.4,65.1,65.2,66.7,67.6,67.2,68.7,56.9,72.6,64.7,71.9,62.9,69.1,67.8,66.0,61.4,67.7,63.6,68.9,66.6,69.5,64.5,71.6,60.1,62.7,67.7,64.2,65.7,68.1,66.6,65.9,69.7,68.9,66.7,67.4,66.9,62.4,67.6,67.2,68.4,68.7,71.8,65.1,70.4,65.9,63.5,67.2,66.6,67.2,67.7,68.1,66.2,62.4,59.4,65.6,67.9,67.3
3236,61.6,54.4,55.8,67.7,66.5,66.7,67.1,65.1,63.9,64.6,65.7,66.6,64.6,65.0,65.3,65.0,64.6,61.9,64.4,64.9,64.8,64.1,65.3,63.3,63.6,64.7,67.7,64.4,65.3,64.6,66.3,62.3,61.7,63.5,64.5,63.5,65.0,53.9,67.6,60.7,68.9,59.2,64.4,63.1,62.7,57.9,63.7,59.9,65.7,60.4,65.5,62.0,67.1,57.3,59.5,63.9,60.7,62.5,65.2,62.3,62.6,65.4,64.1,62.7,63.5,62.5,57.6,65.4,64.4,65.4,64.4,66.3,61.4,65.7,61.9,58.4,64.7,63.8,64.2,63.2,63.5,62.2,56.5,57.5,62.4,64.7,63.1
3237,58.8,52.4,53.8,64.5,63.9,64.9,65.1,62.6,62.4,63.2,63.9,64.2,63.0,63.3,63.5,63.4,62.3,58.9,62.8,63.4,62.8,62.2,63.5,61.4,60.7,62.1,66.1,62.5,63.1,63.0,64.2,61.1,59.5,61.5,62.2,61.0,62.4,52.2,64.4,57.9,66.4,57.3,61.3,60.5,60.4,55.3,60.6,57.9,62.8,56.3,62.1,60.2,62.8,55.2,57.7,61.3,58.5,60.3,62.0,60.3,60.3,61.3,60.8,60.1,61.0,59.4,55.6,64.1,62.6,63.7,61.4,62.5,58.7,62.9,59.5,56.0,63.0,62.3,62.7,59.9,61.2,59.3,53.2,56.1,59.9,62.5,60.3
3238,56.8,51.1,52.1,62.1,62.3,63.6,63.8,60.9,61.3,62.0,62.7,62.6,61.7,61.9,62.3,62.2,60.8,56.8,61.6,62.2,61.4,61.2,62.4,60.0,59.1,60.7,64.9,61.1,61.6,61.6,62.9,60.0,57.9,59.9,60.5,59.3,60.5,50.7,62.0,55.8,64.5,55.5,59.2,58.9,58.6,53.4,58.2,55.7,60.4,54.3,59.8,58.4,59.8,53.6,56.3,58.5,56.6,58.7,59.4,58.8,58.5,58.7,58.1,57.7,59.1,57.4,53.7,62.7,61.3,62.5,59.0,60.1,56.7,61.0,57.1,54.1,61.8,60.9,61.3,58.1,59.7,57.3,52.3,54.9,58.3,60.9,58.5
3239,55.2,49.9,50.8,60.4,60.6,62.6,62.4,59.7,60.3,60.8,61.4,61.4,60.5,60.9,61.1,61.3,59.6,54.9,60.5,61.1,60.2,60.3,61.5,59.0,57.9,59.9,63.7,59.9,60.3,60.7,61.7,59.0,56.5,58.2,59.1,57.9,58.9,49.5,60.4,54.0,62.7,54.2,57.5,57.7,57.0,51.8,56.0,53.7,58.3,52.5,57.8,56.9,58.0,52.4,55.3,56.0,55.5,57.1,57.3,57.1,57.0,56.9,56.2,55.6,57.3,55.7,51.8,61.7,60.3,61.6,57.0,58.5,54.4,59.5,54.5,52.2,61.0,60.1,60.4,56.7,58.3,55.7,51.7,53.9,57.1,59.6,57.0
3240,53.5,49.0,49.9,58.7,59.6,61.5,61.3,58.8,59.5,59.9,60.3,60.3,59.7,60.0,60.1,60.6,58.8,53.5,59.5,60.4,59.2,59.2,60.5,57.9,56.8,59.1,62.5,59.0,59.0,59.8,60.5,58.2,55.5,57.0,58.0,56.8,57.6,48.7,59.2,52.5,61.1,53.1,56.0,56.4,55.4,50.6,54.2,52.1,55.8,51.1,56.1,55.2,56.3,51.1,54.2,54.2,54.5,56.3,55.8,56.4,55.5,55.5,54.5,53.4,55.5,54.0,50.0,60.7,59.5,60.5,55.1,57.1,52.8,58.1,52.7,50.7,60.2,59.0,59.6,55.6,57.2,54.1,50.8,53.1,56.0,58.4,55.9
3241,52.3,48.1,49.1,57.3,58.7,60.7,60.4,57.9,58.7,59.0,59.5,59.4,58.8,59.1,59.2,59.5,57.9,52.0,58.8,59.5,58.3,58.2,59.8,56.8,55.7,58.2,61.5,58.1,58.1,59.1,59.5,57.7,54.5,56.0,56.9,55.8,56.4,47.8,58.1,51.2,59.1,52.1,54.8,55.0,53.9,49.6,52.1,50.5,53.4,49.2,54.4,53.6,54.8,50.4,53.3,52.6,53.4,55.2,54.6,55.2,54.4,54.1,53.1,51.9,53.8,52.5,48.7,59.8,58.7,59.8,53.6,55.7,51.5,56.8,50.9,49.3,59.5,58.1,58.6,54.6,56.1,52.7,50.5,52.3,54.9,57.4,55.0
3242,50.9,47.2,48.2,56.2,57.7,59.8,59.6,57.1,57.9,58.2,58.8,58.6,58.2,58.2,58.4,58.9,57.1,50.7,58.1,58.8,57.5,57.5,59.2,55.9,54.8,57.4,60.6,57.3,57.0,58.3,58.6,56.8,53.6,54.9,56.0,54.9,55.3,46.9,56.9,49.6,57.7,51.2,53.7,53.9,52.6,48.8,50.4,49.0,51.7,47.5,53.3,51.9,53.1,49.5,52.3,51.4,52.5,54.3,53.4,54.0,53.4,52.9,51.8,50.1,52.4,51.0,46.9,59.0,57.8,59.0,52.0,54.3,50.1,55.6,49.3,47.6,58.7,57.5,57.8,53.7,55.1,51.9,49.8,51.5,54.0,56.4,54.1
3243,49.6,46.6,47.3,55.1,56.6,59.0,58.9,56.1,57.2,57.4,58.0,57.9,57.5,57.5,57.7,58.2,56.3,49.8,57.5,58.1,56.8,56.9,58.4,55.0,53.9,56.5,59.9,56.8,56.3,57.8,57.9,56.3,52.8,54.2,55.2,54.1,54.1,46.2,55.9,47.9,56.2,50.5,52.8,52.8,51.2,47.9,49.0,47.8,50.0,46.3,52.0,50.6,51.2,48.8,51.4,50.2,51.6,53.5,52.2,52.8,52.3,51.6,50.7,48.1,51.3,49.9,45.7,58.2,57.1,58.3,50.4,53.1,49.0,54.4,47.9,46.6,58.0,56.7,57.1,52.9,54.3,50.8,48.9,50.9,53.1,55.6,53.3
3244,48.3,46.0,46.6,54.1,56.1,58.4,58.2,55.3,56.6,56.7,57.4,57.2,56.8,56.8,56.9,57.6,55.8,49.0,56.8,57.6,56.1,56.3,57.8,54.2,53.2,55.8,59.1,56.1,55.6,57.2,57.1,55.7,51.9,53.5,54.4,53.2,53.4,45.6,55.1,46.6,55.1,50.0,51.8,51.6,50.3,47.0,47.7,46.5,48.3,44.8,51.1,49.5,49.7,48.0,50.4,49.2,50.9,52.8,51.3,51.9,51.3,50.6,49.7,46.8,50.3,48.8,44.6,57.5,56.6,57.7,48.9,52.1,48.1,53.2,47.1,45.5,57.5,56.1,56.5,52.0,53.4,50.0,48.0,50.3,52.4,54.7,52.6
3245,47.8,45.6,46.1,53.3,55.6,57.7,57.6,54.9,56.0,56.1,56.9,56.8,56.2,56.2,56.3,57.0,55.2,48.8,56.4,57.3,55.6,55.7,57.2,53.5,52.6,55.2,58.5,55.6,55.0,56.9,56.4,55.4,51.3,53.0,53.8,52.6,52.7,45.1,54.3,45.6,54.0,49.4,50.9,50.5,49.5,46.4,46.7,45.6,47.3,43.7,49.9,48.6,48.3,47.7,49.7,48.8,50.1,52.1,50.4,51.2,51.1,49.6,49.5,45.5,49.5,48.2,43.6,56.8,56.2,57.1,47.6,50.9,47.2,52.1,46.0,44.1,57.0,55.6,56.0,51.1,52.7,49.2,47.4,50.3,51.7,54.2,52.0
3246,51.2,47.8,49.2,52.7,55.4,57.7,57.6,55.2,56.7,56.6,58.5,57.3,57.8,56.3,56.4,57.8,55.9,52.8,57.7,59.2,56.0,56.4,57.8,53.6,52.2,55.2,58.7,55.6,55.7,57.6,56.5,56.6,51.4,53.3,54.1,53.2,54.9,47.2,53.6,48.1,54.7,53.0,50.6,51.8,51.8,49.2,48.3,49.5,51.9,43.9,49.6,50.0,49.0,50.1,49.4,51.9,50.4,52.5,50.0,54.4,53.5,49.2,53.2,49.8,50.4,52.2,46.0,57.1,57.3,58.6,48.0,50.2,50.0,53.0,50.7,44.1,58.8,57.1,56.4,51.0,52.6,48.9,47.4,52.1,51.7,54.7,52.8
3247,55.9,51.4,53.8,55.3,58.0,59.5,59.8,58.2,59.5,59.2,61.2,59.6,60.8,58.5,58.8,60.3,58.9,56.8,60.9,61.9,59.0,59.2,60.4,56.2,54.8,58.2,60.7,58.1,58.4,60.3,59.2,59.1,54.0,56.1,56.3,56.4,59.2,51.0,56.0,54.3,57.6,57.4,53.2,55.9,55.3,54.0,52.5,54.9,59.0,49.3,55.4,53.5,54.9,53.9,51.4,56.2,53.5,55.7,52.4,57.8,55.8,52.0,57.3,55.5,52.7,56.8,51.2,59.3,60.4,61.3,54.1,53.2,54.0,58.1,56.0,49.7,61.9,60.0,58.9,53.9,55.5,51.5,51.4,54.7,54.0,57.4,55.8
3248,60.3,54.9,57.9,59.8,61.3,62.1,62.6,61.4,62.2,61.8,63.9,62.6,63.8,61.0,61.8,63.0,62.0,60.0,63.8,64.7,62.1,62.0,63.2,59.4,58.5,61.4,63.0,61.2,61.3,63.1,62.1,61.7,57.0,59.2,58.9,59.2,63.2,54.6,60.0,58.5,61.0,61.3,57.1,59.6,59.4,58.4,57.2,58.9,64.7,55.0,61.6,57.2,61.0,57.6,54.3,60.4,56.7,58.8,55.7,61.0,58.5,56.1,61.0,60.4,55.4,60.5,55.3,61.6,63.4,63.9,60.1,58.4,58.0,62.3,60.2,54.6,64.8,62.9,61.5,57.7,59.1,55.1,55.0,57.1,56.9,60.6,59.0
3249,64.5,58.3,61.3,64.1,64.4,64.9,65.3,64.6,64.8,64.1,66.4,65.5,66.5,63.3,64.7,65.2,64.9,62.9,66.3,67.0,64.7,64.5,65.7,62.3,62.0,64.5,65.5,64.0,64.0,65.5,64.8,64.1,60.0,62.1,61.6,62.0,66.7,57.8,63.9,61.9,64.2,64.4,60.9,62.6,63.4,61.9,61.8,62.1,68.8,60.4,65.6,61.0,66.2,60.6,57.4,63.9,59.8,61.6,58.8,64.0,61.3,60.1,64.4,64.2,58.7,64.0,58.7,63.9,65.9,66.4,65.2,63.1,61.5,65.3,63.8,59.3,67.3,65.5,64.0,61.5,62.6,59.0,57.9,59.2,59.9,63.6,61.9
3250,68.0,60.9,63.9,67.5,67.1,67.1,67.8,67.0,66.9,66.2,68.6,67.8,68.5,65.5,67.0,67.2,67.3,66.0,68.5,69.1,67.0,66.4,67.9,64.8,65.2,67.1,67.4,66.4,66.4,67.5,67.3,66.1,62.8,64.5,64.1,64.6,69.8,60.3,67.6,64.8,67.1,67.2,64.3,65.4,67.1,64.9,65.6,65.1,72.2,63.5,68.6,64.4,70.5,63.2,60.1,66.6,62.1,64.1,61.7,66.5,64.1,63.4,67.3,66.9,61.9,66.9,61.7,65.9,67.8,68.6,68.9,66.6,64.9,67.9,66.4,62.7,69.5,67.6,66.2,64.5,65.3,62.3,60.6,61.1,62.5,65.8,64.5
3251,70.8,62.9,66.1,70.4,69.3,69.2,69.8,69.0,68.5,68.0,70.5,69.6,70.3,67.1,69.1,68.9,69.3,68.6,70.1,70.7,69.0,68.2,69.7,67.1,68.0,69.5,69.2,68.3,68.5,69.1,69.4,67.8,64.9,66.7,66.2,66.6,72.3,62.5,70.6,67.4,69.9,69.2,67.3,67.9,69.8,67.6,68.4,67.0,74.8,66.7,70.7,67.2,73.6,65.4,62.4,68.9,64.1,66.1,64.3,68.6,66.6,66.2,69.5,69.1,64.8,69.2,64.6,67.7,69.4,70.3,71.6,69.6,67.7,70.0,68.6,65.4,71.1,69.3,68.0,67.2,67.8,65.3,63.0,62.7,64.4,67.8,66.6
3252,73.0,64.6,67.7,73.0,71.2,71.0,71.6,70.8,70.0,69.3,71.6,70.9,71.5,68.7,70.8,70.2,70.8,70.8,71.3,71.8,70.4,69.8,71.2,68.8,70.3,71.3,70.7,69.7,70.2,70.6,70.9,69.2,66.9,68.5,68.1,68.3,74.4,64.2,73.0,69.4,72.3,71.2,69.9,70.0,72.2,69.5,70.8,69.0,76.8,68.4,72.1,69.0,75.8,67.1,63.9,70.6,65.6,67.7,66.5,70.2,68.7,68.5,71.9,71.1,67.8,71.0,67.0,69.1,71.0,71.4,73.6,72.2,70.1,71.9,70.6,66.8,72.2,70.6,69.5,69.4,69.7,67.4,64.8,64.1,66.3,69.4,68.5
3253,74.7,65.7,68.9,74.9,72.7,72.4,72.9,72.2,71.0,70.4,72.5,72.1,72.5,69.9,72.1,71.3,72.1,72.6,72.2,72.7,71.7,70.9,72.3,70.4,72.1,72.8,71.9,71.0,71.3,71.8,72.2,70.1,68.3,69.8,69.7,69.7,76.2,65.0,74.9,70.7,74.1,72.8,72.1,71.2,74.1,70.7,72.7,70.4,78.2,70.2,73.1,70.2,77.4,68.4,65.0,71.7,66.7,68.7,68.2,71.3,70.1,70.6,73.7,72.6,69.9,72.3,69.2,70.4,72.0,72.6,74.9,74.2,71.9,73.4,72.1,68.1,73.2,71.3,70.7,71.0,71.5,69.1,66.2,64.9,67.7,70.7,70.2
3254,75.6,66.1,69.7,76.6,73.9,73.5,74.2,73.2,71.7,71.3,73.3,73.0,73.1,70.7,73.1,72.2,72.9,73.4,72.7,73.5,72.7,71.8,73.3,71.3,73.6,73.9,72.7,71.8,72.1,72.4,72.9,70.7,69.3,70.9,70.8,70.6,77.3,65.3,76.5,71.8,75.5,73.5,73.7,72.0,74.9,71.0,73.6,71.0,78.9,71.0,73.9,71.0,78.2,69.1,65.9,72.9,67.5,69.4,69.6,72.0,70.7,72.1,74.9,73.5,71.6,73.1,70.5,71.2,72.6,73.1,75.8,75.8,72.9,74.4,73.0,69.0,73.8,72.0,71.6,72.4,72.5,70.4,67.1,65.4,68.8,71.3,71.3
3255,75.9,65.9,69.9,77.4,74.3,74.2,74.6,73.8,71.9,71.7,73.4,73.4,73.4,71.1,73.6,72.6,73.4,74.0,73.0,73.7,73.1,72.4,73.5,71.9,74.2,74.4,73.1,72.3,72.7,72.7,73.5,71.1,69.7,71.5,71.4,71.1,77.8,65.1,77.5,72.1,76.3,73.5,74.7,72.6,75.3,70.5,73.8,71.3,78.8,71.5,74.3,70.9,78.4,69.1,66.1,73.2,68.0,69.8,70.5,72.3,71.2,73.1,75.5,73.8,72.5,73.4,70.8,71.5,72.9,73.6,76.0,76.8,73.1,74.5,73.3,69.4,73.7,72.3,72.0,73.2,73.3,71.1,67.3,65.4,69.4,72.1,71.7
3256,75.0,65.1,69.2,77.7,74.4,74.0,74.5,73.8,71.8,71.8,73.3,73.5,73.3,71.1,73.3,72.4,73.4,73.7,72.9,73.4,73.0,72.3,73.3,71.9,74.4,74.0,73.2,72.2,72.9,72.3,73.7,71.0,69.6,71.6,71.4,71.4,77.7,64.3,77.6,71.7,76.3,72.6,74.6,72.6,74.6,69.7,73.3,70.5,77.9,71.5,74.1,70.2,77.9,68.7,66.6,73.1,68.2,70.0,70.9,72.3,71.1,73.5,75.3,73.6,72.6,73.2,70.7,71.6,72.7,73.5,75.4,77.2,72.7,74.5,73.0,68.9,73.4,72.1,71.9,73.2,73.4,71.0,67.2,64.7,69.3,72.2,71.8
3257,73.3,63.7,67.1,77.2,73.8,73.3,73.8,73.3,71.1,71.2,72.5,73.2,72.8,70.7,72.7,71.8,72.8,72.9,72.2,72.4,72.5,71.7,72.6,71.5,73.7,73.5,72.7,71.4,72.4,71.6,73.1,70.1,68.8,71.0,71.1,71.0,76.6,62.9,77.2,70.9,75.8,71.1,73.9,72.0,73.2,68.4,72.3,69.3,76.3,70.8,73.2,68.9,76.6,67.4,66.0,72.4,67.6,69.4,70.5,71.7,70.3,73.1,74.7,72.6,71.8,72.1,69.3,71.2,72.0,72.9,74.1,76.4,71.5,73.9,72.2,67.9,72.4,71.2,71.3,72.5,72.8,70.6,66.3,63.6,68.7,71.7,71.1
3258,70.4,61.3,64.1,75.5,72.4,71.9,72.5,72.1,69.6,70.0,71.1,72.0,71.3,69.6,71.3,70.5,71.6,71.1,70.5,70.7,71.1,70.2,71.4,70.0,72.1,72.2,71.7,70.2,71.3,70.0,71.7,68.5,67.7,69.7,69.9,69.9,74.3,60.9,75.8,68.8,74.7,68.5,72.5,70.6,70.7,65.9,70.9,67.2,73.6,69.3,71.9,67.1,74.7,64.7,64.8,70.7,66.5,68.2,69.7,70.0,68.5,72.0,72.7,70.6,70.3,70.1,66.6,69.9,70.4,71.5,72.2,74.9,69.3,72.5,69.9,66.2,70.7,69.8,70.1,71.0,71.3,69.1,65.1,62.0,67.7,70.4,69.9
3259,65.7,57.5,59.5,72.6,70.1,70.0,70.3,69.5,66.9,67.5,68.5,70.0,68.1,67.6,68.8,68.0,69.1,67.0,67.8,67.9,68.7,67.5,68.9,67.3,68.8,69.5,70.0,67.7,68.9,67.5,69.7,65.6,65.4,67.0,68.0,67.6,69.1,57.2,72.9,65.0,72.2,63.1,69.6,67.8,66.5,61.9,67.7,63.5,68.8,66.5,69.5,64.3,71.6,60.4,62.7,67.9,64.3,65.7,68.2,66.9,65.9,69.7,69.1,66.6,67.2,67.0,62.4,67.9,67.6,68.9,68.9,72.1,65.6,70.2,65.7,63.3,67.6,67.0,67.6,68.2,68.3,66.5,62.3,59.7,65.8,68.2,67.7
3260,62.1,54.6,56.2,68.0,66.9,67.0,67.4,65.6,64.4,65.0,66.0,67.0,65.0,65.3,65.7,65.3,65.0,62.2,64.7,65.2,65.2,64.4,65.6,63.7,64.1,65.1,68.0,64.7,65.7,65.0,66.7,62.7,62.1,63.9,65.0,63.9,65.3,54.2,68.0,61.1,69.2,59.6,64.9,63.2,63.2,58.3,63.7,59.8,65.6,60.5,65.5,61.9,67.1,57.7,59.6,64.1,60.7,62.6,65.3,62.6,62.7,65.5,64.5,62.6,63.4,62.6,57.5,65.7,64.8,65.8,64.6,66.7,61.8,65.6,61.8,58.2,64.9,64.1,64.6,63.7,64.0,62.6,56.6,57.7,62.7,65.0,63.6
3261,59.3,52.7,54.2,64.8,64.4,65.3,65.5,63.1,62.8,63.6,64.2,64.6,63.3,63.5,63.9,63.7,62.7,59.2,63.1,63.7,63.2,62.5,63.8,61.8,61.3,62.5,66.5,62.8,63.6,63.3,64.6,61.4,59.9,61.8,62.7,61.3,62.8,52.4,64.8,58.2,66.7,57.6,61.8,60.7,60.9,55.7,60.6,57.8,62.8,56.3,62.1,60.1,62.7,55.7,57.7,61.5,58.5,60.4,62.1,60.6,60.4,61.4,61.3,60.0,60.9,59.6,55.6,64.4,63.0,64.1,61.5,62.8,59.0,62.8,59.4,55.9,63.3,62.7,63.0,60.5,61.7,59.8,53.3,56.4,60.3,62.9,60.8
3262,57.3,51.4,52.5,62.5,62.9,64.0,64.2,61.5,61.6,62.3,63.0,63.0,62.0,62.3,62.7,62.5,61.2,57.1,61.9,62.4,61.8,61.5,62.7,60.5,59.6,61.3,65.2,61.4,62.1,62.0,63.2,60.4,58.4,60.3,61.0,59.7,60.9,50.9,62.4,56.1,64.7,55.8,59.7,59.1,59.0,53.8,58.3,55.5,60.4,54.5,59.7,58.4,59.7,54.2,56.4,58.8,56.6,58.8,59.5,59.1,58.6,58.9,58.5,57.5,59.1,57.6,53.7,63.1,61.7,62.9,59.0,60.5,57.0,60.9,57.0,54.1,62.1,61.3,61.7,58.7,60.2,57.8,52.4,55.1,58.8,61.4,59.0
3263,55.7,50.2,51.2,60.9,61.2,63.0,62.8,60.3,60.7,61.2,61.7,61.8,60.9,61.2,61.6,61.5,60.1,55.3,60.9,61.3,60.7,60.6,61.8,59.6,58.4,60.5,64.1,60.4,60.8,61.0,62.1,59.3,57.1,58.8,59.7,58.4,59.3,49.7,60.8,54.2,62.9,54.5,58.1,57.8,57.4,52.3,56.0,53.5,58.2,52.6,57.8,56.8,57.9,52.9,55.4,56.3,55.6,57.2,57.4,57.4,57.2,57.1,56.7,55.5,57.3,55.9,51.9,62.1,60.6,61.9,56.9,58.8,54.7,59.5,54.4,52.2,61.2,60.4,60.8,57.3,58.9,56.2,51.7,54.2,57.7,60.1,57.6
3264,54.0,49.3,50.3,59.2,60.3,61.9,61.9,59.4,59.8,60.2,60.6,60.7,60.0,60.3,60.6,60.8,59.3,54.0,59.8,60.6,59.7,59.5,60.9,58.6,57.4,59.7,62.9,59.5,59.5,60.2,60.9,58.5,56.1,57.5,58.6,57.4,58.0,48.9,59.5,52.8,61.2,53.4,56.6,56.6,55.8,51.0,54.2,51.9,55.7,51.2,56.0,55.1,56.2,51.7,54.2,54.5,54.5,56.3,55.9,56.6,55.7,55.6,55.0,53.4,55.6,54.2,50.1,61.0,59.8,60.9,55.0,57.5,53.1,58.2,52.6,50.7,60.4,59.4,59.9,56.1,57.8,54.6,50.9,53.4,56.6,58.9,56.5
3265,52.7,48.3,49.5,57.8,59.3,61.1,60.8,58.6,59.0,59.4,59.7,59.7,59.1,59.4,59.7,59.8,58.4,52.5,59.0,59.7,58.8,58.5,60.2,57.5,56.2,58.8,62.0,58.6,58.7,59.5,60.0,58.0,55.1,56.6,57.5,56.4,56.9,48.1,58.5,51.5,59.3,52.5,55.4,55.2,54.3,50.0,52.2,50.4,53.3,49.2,54.3,53.5,54.6,50.9,53.3,52.9,53.4,55.2,54.7,55.4,54.7,54.2,53.6,51.8,53.9,52.8,48.7,60.2,59.0,60.1,53.4,56.2,51.9,56.8,50.9,49.3,59.7,58.4,59.0,55.2,56.7,53.3,50.5,52.5,55.5,58.0,55.6
3266,51.3,47.4,48.6,56.7,58.4,60.3,60.1,57.8,58.3,58.7,59.0,58.9,58.4,58.7,58.9,59.2,57.6,51.2,58.3,59.0,58.1,57.8,59.6,56.5,55.3,58.0,61.1,57.8,57.7,58.7,59.2,57.1,54.2,55.5,56.6,55.5,55.6,47.1,57.3,49.9,57.9,51.6,54.3,54.0,53.0,49.2,50.5,48.8,51.5,47.6,53.2,51.9,52.8,50.1,52.3,51.8,52.5,54.3,53.5,54.2,53.6,53.0,52.3,50.0,52.5,51.2,46.9,59.4,58.2,59.3,51.9,54.8,50.5,55.6,49.3,47.6,58.9,57.8,58.2,54.2,55.6,52.5,49.8,51.8,54.6,57.0,54.7
3267,50.1,46.7,47.7,55.6,57.2,59.5,59.4,56.8,57.5,58.0,58.2,58.2,57.8,58.0,58.2,58.4,56.8,50.3,57.7,58.3,57.4,57.2,58.9,55.7,54.3,57.2,60.4,57.2,56.9,58.2,58.5,56.6,53.4,54.8,55.8,54.8,54.6,46.4,56.3,48.2,56.4,50.9,53.3,52.8,51.7,48.4,49.0,47.6,49.9,46.3,51.9,50.6,51.0,49.3,51.4,50.5,51.6,53.6,52.3,53.0,52.6,51.8,51.2,48.0,51.4,50.1,45.8,58.6,57.4,58.6,50.3,53.6,49.4,54.4,48.0,46.6,58.2,56.9,57.7,53.5,54.9,51.4,49.0,51.3,53.7,56.3,53.9
3268,48.8,46.1,47.0,54.6,56.8,58.9,58.8,56.0,56.9,57.3,57.6,57.6,57.1,57.3,57.4,57.9,56.5,49.5,57.0,57.7,56.8,56.6,58.3,54.9,53.7,56.5,59.6,56.6,56.2,57.6,57.7,56.1,52.5,54.1,55.1,54.0,53.8,45.8,55.5,46.9,55.3,50.3,52.4,51.7,50.6,47.4,47.7,46.4,48.4,44.8,50.9,49.5,49.5,48.6,50.4,49.5,50.9,52.9,51.4,52.1,51.6,50.8,50.3,46.8,50.4,48.9,44.7,58.0,56.8,57.9,48.9,52.5,48.5,53.2,47.2,45.3,57.7,56.3,57.0,52.7,53.9,50.7,48.1,50.7,52.9,55.4,53.2
3269,48.2,45.7,46.5,53.8,56.3,58.2,58.2,55.6,56.4,56.7,57.1,57.1,56.4,56.7,56.8,57.4,55.8,49.3,56.6,57.4,56.2,56.1,57.8,54.1,53.1,55.8,59.0,56.2,55.6,57.3,57.0,55.8,51.9,53.6,54.4,53.4,53.0,45.4,54.7,45.9,54.2,49.7,51.6,50.6,49.8,46.8,46.7,45.5,47.3,43.7,49.7,48.6,48.2,48.3,49.7,49.2,50.1,52.2,50.5,51.5,51.4,49.9,50.0,45.6,49.7,48.4,43.7,57.4,56.5,57.4,47.5,51.4,47.5,52.0,46.1,44.2,57.2,55.8,56.5,51.7,53.2,49.9,47.6,50.7,52.3,54.9,52.6
3270,51.7,48.0,49.6,53.1,56.0,58.2,58.2,56.0,57.1,57.3,58.8,57.6,58.2,56.9,56.9,58.2,56.5,53.3,58.1,59.4,56.7,56.8,58.4,54.2,52.8,55.8,59.3,56.2,56.3,58.1,57.2,57.0,52.0,53.9,54.7,53.9,55.3,47.5,54.0,48.4,54.9,53.4,51.2,51.9,52.1,49.6,48.3,49.5,51.9,43.9,49.6,50.1,48.9,50.7,49.4,52.2,50.5,52.6,50.2,54.6,53.7,49.4,53.6,49.9,50.6,52.4,46.2,57.6,57.7,59.0,48.0,50.6,50.4,53.0,50.9,44.1,59.1,57.5,57.0,51.6,53.1,49.7,47.5,52.6,52.3,55.4,53.4
3271,56.3,51.8,54.1,55.8,58.6,60.1,60.4,58.9,60.1,59.7,61.6,60.0,61.2,59.1,59.4,60.7,59.5,57.2,61.3,62.2,59.6,59.7,60.9,56.7,55.4,58.6,61.2,58.6,59.0,60.8,59.8,59.7,54.5,56.7,56.9,57.1,59.5,51.3,56.4,54.6,57.9,57.9,53.8,56.1,55.7,54.3,52.5,54.8,58.9,49.3,55.5,53.5,54.9,54.4,51.5,56.4,53.5,55.8,52.6,57.9,55.9,52.3,57.6,55.7,52.8,57.0,51.4,59.8,60.7,61.7,54.2,53.6,54.3,58.1,56.1,49.7,62.2,60.5,59.5,54.4,55.9,52.2,51.6,55.2,54.6,58.1,56.4
3272,60.7,55.3,58.2,60.2,61.8,62.6,63.0,61.9,62.8,62.3,64.4,63.1,64.4,61.5,62.3,63.5,62.6,60.3,64.3,65.2,62.6,62.5,63.6,59.9,59.0,61.8,63.6,61.7,61.9,63.6,62.7,62.3,57.5,59.7,59.4,59.7,63.7,55.0,60.5,58.7,61.2,61.7,57.7,59.7,59.9,58.7,57.3,58.8,64.5,55.2,61.7,57.3,61.1,58.0,54.3,60.5,56.7,58.8,55.8,61.1,58.6,56.3,61.3,60.6,55.5,60.6,55.3,62.1,63.8,64.5,60.1,58.8,58.3,62.3,60.2,54.7,65.2,63.5,62.1,58.1,59.6,55.7,55.3,57.7,57.4,61.2,59.4
3273,64.8,58.6,61.6,64.4,64.8,65.3,65.7,65.1,65.5,64.6,67.0,66.0,67.1,63.8,65.1,65.7,65.4,63.1,66.9,67.5,65.1,65.1,66.0,62.8,62.4,65.0,66.0,64.5,64.5,66.0,65.4,64.7,60.5,62.6,62.1,62.5,67.2,58.3,64.3,62.1,64.4,64.8,61.4,62.7,63.7,62.3,61.9,62.0,68.7,60.4,65.6,61.0,66.2,61.0,57.4,63.9,59.7,61.6,59.0,64.0,61.3,60.2,64.6,64.3,58.7,64.1,58.7,64.4,66.3,67.0,65.2,63.4,61.9,65.3,63.7,59.4,67.7,66.2,64.5,62.0,63.0,59.5,58.2,59.8,60.3,64.1,62.3
3274,68.4,61.2,64.3,67.9,67.5,67.5,68.1,67.5,67.5,66.7,69.3,68.4,69.2,66.0,67.3,67.8,67.9,66.1,69.2,69.6,67.4,67.0,68.3,65.4,65.6,67.5,67.9,66.9,66.9,68.0,67.8,66.7,63.1,64.9,64.6,65.0,70.4,60.7,68.0,65.0,67.3,67.5,64.7,65.7,67.3,65.1,65.7,65.0,72.1,63.6,68.7,64.4,70.4,63.6,60.0,66.6,62.1,64.1,61.8,66.6,64.1,63.5,67.4,66.9,61.9,67.0,61.7,66.4,68.2,69.2,68.9,66.9,65.3,67.9,66.3,62.7,70.0,68.4,66.6,64.9,65.7,62.7,60.9,61.7,62.8,66.4,64.9
3275,71.2,63.3,66.4,70.8,69.7,69.5,70.1,69.5,69.2,68.4,71.2,70.1,71.0,67.6,69.3,69.4,69.7,68.7,70.8,71.3,69.4,68.8,70.1,67.6,68.3,69.8,69.7,68.7,69.0,69.5,69.8,68.4,65.3,67.1,66.7,67.0,72.9,62.9,71.0,67.6,70.0,69.6,67.7,68.1,70.1,67.9,68.5,66.9,74.8,66.8,70.7,67.1,73.6,65.8,62.5,68.9,64.1,66.1,64.5,68.6,66.6,66.3,69.6,69.1,64.7,69.3,64.6,68.1,69.8,71.0,71.6,69.9,68.1,70.0,68.6,65.4,71.6,70.1,68.5,67.6,68.2,65.7,63.3,63.4,64.9,68.3,67.0
3276,73.4,64.8,68.0,73.3,71.6,71.3,71.9,71.3,70.6,69.7,72.3,71.4,72.2,69.1,71.0,70.7,71.2,70.9,72.0,72.4,70.8,70.2,71.6,69.2,70.7,71.7,71.1,70.1,70.6,71.0,71.3,69.8,67.4,68.9,68.5,68.7,74.9,64.5,73.5,69.7,72.3,71.6,70.3,70.1,72.5,69.9,70.9,68.9,76.8,68.3,72.2,68.9,75.9,67.4,64.0,70.6,65.6,67.8,66.6,70.2,68.7,68.6,71.9,71.0,67.8,71.1,67.0,69.5,71.3,72.0,73.6,72.5,70.5,71.8,70.5,66.9,72.8,71.4,69.9,69.7,70.1,67.8,65.0,64.7,66.7,69.9,68.9
3277,75.0,65.9,69.3,75.3,73.0,72.8,73.3,72.7,71.6,70.7,73.3,72.6,73.2,70.3,72.4,71.7,72.5,72.7,72.9,73.3,72.0,71.3,72.7,70.7,72.6,73.1,72.3,71.3,71.7,72.1,72.6,70.6,68.8,70.2,70.1,70.1,76.7,65.3,75.4,71.0,74.1,73.1,72.4,71.5,74.3,71.1,72.8,70.4,78.2,70.1,73.2,70.2,77.5,68.8,65.0,71.8,66.8,68.8,68.3,71.3,70.0,70.6,73.8,72.6,69.8,72.4,69.2,70.8,72.3,73.2,75.0,74.6,72.2,73.3,72.1,68.1,73.7,72.1,71.1,71.3,71.8,69.5,66.4,65.6,68.2,71.2,70.5
3278,75.9,66.1,70.1,77.0,74.3,73.8,74.5,73.6,72.2,71.7,73.9,73.5,73.7,71.1,73.4,72.6,73.3,73.5,73.3,74.1,73.0,72.1,73.5,71.7,74.1,74.2,73.1,72.1,72.5,72.8,73.3,71.3,69.8,71.3,71.2,71.0,77.8,65.6,77.0,72.0,75.6,73.9,74.0,72.2,75.2,71.4,73.7,71.0,79.0,70.9,74.1,71.0,78.4,69.5,66.0,72.9,67.6,69.5,69.6,72.1,70.7,72.2,75.0,73.5,71.6,73.2,70.6,71.5,72.8,73.8,75.9,76.2,73.3,74.4,73.0,69.0,74.2,72.7,72.0,72.8,72.9,70.8,67.2,66.1,69.3,71.8,71.6
3279,76.2,65.9,70.2,77.8,74.7,74.4,75.0,74.2,72.4,72.1,74.0,73.8,74.0,71.5,73.9,72.9,73.8,74.2,73.6,74.3,73.4,72.7,73.8,72.3,74.6,74.8,73.5,72.6,73.1,73.0,73.8,71.5,70.2,71.9,71.8,71.5,78.3,65.3,77.9,72.2,76.4,73.9,75.0,72.8,75.6,71.0,74.0,71.2,78.8,71.5,74.5,70.8,78.7,69.5,66.2,73.2,68.1,70.0,70.6,72.5,71.3,73.2,75.5,73.7,72.4,73.4,70.9,71.9,73.2,74.1,76.2,77.2,73.5,74.4,73.3,69.4,74.1,72.9,72.4,73.6,73.6,71.5,67.4,66.0,69.8,72.4,72.1
3280,75.2,65.2,69.5,78.1,74.8,74.4,74.8,74.1,72.2,72.1,73.8,73.9,73.8,71.4,73.7,72.8,73.8,73.8,73.4,74.0,73.2,72.6,73.6,72.2,74.8,74.4,73.6,72.5,73.2,72.5,73.9,71.3,70.0,72.0,71.8,71.9,78.2,64.6,78.0,71.9,76.5,73.0,75.0,72.7,75.0,70.2,73.6,70.5,78.1,71.5,74.3,70.2,78.2,69.1,66.7,73.1,68.4,70.1,71.0,72.4,71.1,73.6,75.4,73.6,72.4,73.3,70.7,72.0,73.0,73.8,75.5,77.6,73.1,74.4,73.0,69.0,73.9,72.7,72.3,73.6,73.7,71.4,67.2,65.4,69.7,72.6,72.2
3281,73.7,63.8,67.5,77.7,74.2,73.6,74.2,73.6,71.5,71.6,73.0,73.5,73.2,71.1,73.0,72.1,73.1,73.0,72.6,73.0,72.8,72.1,73.0,71.8,74.1,73.8,73.1,71.7,72.7,71.8,73.4,70.4,69.3,71.4,71.5,71.4,77.2,63.1,77.5,71.1,76.1,71.6,74.3,72.1,73.5,68.9,72.6,69.4,76.4,70.8,73.4,68.8,76.9,67.7,66.2,72.4,67.8,69.6,70.6,71.9,70.3,73.2,74.8,72.6,71.6,72.2,69.3,71.6,72.2,73.2,74.3,76.9,72.0,73.8,72.1,68.2,72.9,71.8,71.7,72.8,73.1,71.0,66.4,64.3,69.1,72.0,71.6
3282,70.8,61.6,64.6,76.0,72.8,72.3,72.9,72.4,69.9,70.4,71.5,72.3,71.7,70.0,71.6,70.8,71.9,71.3,70.9,71.3,71.4,70.6,71.8,70.4,72.4,72.6,72.1,70.5,71.6,70.3,72.1,68.8,68.1,70.1,70.4,70.3,74.9,61.2,76.2,69.2,75.0,69.0,72.8,70.6,71.0,66.4,71.2,67.4,73.8,69.4,72.1,66.9,75.0,65.2,65.0,70.8,66.7,68.4,69.8,70.1,68.6,72.1,72.9,70.6,70.0,70.2,66.6,70.4,70.6,71.8,72.5,75.4,69.7,72.5,69.9,66.4,71.2,70.4,70.4,71.3,71.6,69.5,65.1,62.6,68.1,70.6,70.4
3283,66.1,57.8,60.0,73.1,70.5,70.3,70.6,69.9,67.2,67.9,68.9,70.3,68.6,68.0,69.2,68.4,69.4,67.3,68.2,68.4,69.0,67.9,69.4,67.7,69.2,69.9,70.3,68.1,69.2,67.9,70.0,66.0,65.8,67.5,68.5,68.0,69.6,57.6,73.4,65.3,72.5,63.5,70.0,67.9,66.8,62.3,67.9,63.7,69.0,66.6,69.7,64.2,71.9,60.9,62.9,68.1,64.5,66.0,68.3,67.2,66.0,69.9,69.4,66.6,67.0,67.1,62.4,68.3,67.8,69.2,69.2,72.7,65.9,70.2,65.7,63.5,68.0,67.6,67.9,68.5,68.6,66.9,62.4,60.2,66.2,68.5,68.1
3284,62.4,54.9,56.5,68.6,67.4,67.4,67.8,66.0,64.8,65.3,66.4,67.3,65.5,65.6,66.1,65.7,65.4,62.5,65.1,65.6,65.6,64.9,66.1,64.2,64.5,65.5,68.3,65.1,66.1,65.3,67.1,63.2,62.6,64.3,65.5,64.5,65.8,54.5,68.5,61.3,69.5,60.0,65.4,63.2,63.5,58.6,63.9,60.0,65.8,60.6,65.7,61.8,67.4,58.1,59.7,64.3,60.9,62.9,65.5,62.8,62.8,65.8,65.0,62.7,63.3,62.8,57.7,66.1,65.1,66.2,64.9,67.2,62.0,65.6,61.9,58.4,65.3,64.8,65.0,64.1,64.3,63.0,56.7,58.1,63.1,65.3,64.1
3285,59.5,52.9,54.5,65.3,64.9,65.6,65.9,63.6,63.2,63.9,64.7,65.1,63.9,63.9,64.4,64.1,63.1,59.5,63.6,64.0,63.7,62.9,64.3,62.2,61.6,62.9,66.8,63.2,64.0,63.8,65.0,61.8,60.4,62.3,63.3,62.0,63.3,52.7,65.2,58.4,67.0,57.9,62.3,60.8,61.3,56.1,60.8,57.9,62.9,56.5,62.2,60.0,63.0,56.0,57.9,61.6,58.8,60.7,62.4,60.8,60.6,61.7,61.8,60.1,60.9,59.9,55.7,64.7,63.3,64.4,61.8,63.2,59.3,62.9,59.4,55.9,63.6,63.3,63.4,60.8,62.0,60.1,53.5,56.7,60.7,63.3,61.3
3286,57.5,51.5,52.9,63.0,63.2,64.3,64.5,61.9,62.1,62.7,63.5,63.6,62.6,62.7,63.2,62.9,61.8,57.4,62.3,62.8,62.3,61.9,63.2,60.8,60.0,61.5,65.6,61.9,62.6,62.4,63.7,60.8,58.9,60.8,61.5,60.3,61.2,51.2,62.9,56.2,65.0,56.1,60.2,59.2,59.4,54.2,58.5,55.6,60.6,54.6,59.8,58.3,60.0,54.5,56.5,58.9,56.9,59.1,59.7,59.3,58.8,59.2,59.1,57.7,59.1,57.9,53.9,63.4,62.0,63.3,59.2,60.9,57.3,61.0,57.2,54.3,62.3,62.0,62.2,59.1,60.5,58.1,52.5,55.5,59.3,61.8,59.6
3287,56.0,50.4,51.7,61.4,61.7,63.3,63.2,60.7,61.0,61.6,62.2,62.3,61.5,61.6,61.9,61.9,60.6,55.7,61.3,61.7,61.2,61.0,62.3,59.9,58.8,60.8,64.4,60.8,61.3,61.5,62.6,59.8,57.6,59.2,60.2,58.9,59.6,50.0,61.2,54.4,63.1,54.9,58.5,57.8,57.7,52.6,56.4,53.6,58.4,52.7,57.9,56.8,58.0,53.3,55.5,56.5,55.9,57.4,57.7,57.6,57.4,57.4,57.2,55.7,57.3,56.2,52.1,62.4,61.0,62.3,57.2,59.3,55.0,59.5,54.5,52.3,61.5,61.0,61.3,57.7,59.1,56.6,51.9,54.5,58.2,60.5,58.2
3288,54.2,49.5,50.8,59.7,60.7,62.2,62.2,59.8,60.2,60.7,61.2,61.2,60.6,60.7,60.9,61.1,59.7,54.4,60.3,61.0,60.2,59.9,61.4,58.9,57.7,59.9,63.3,59.9,60.0,60.6,61.4,59.1,56.5,58.0,59.2,57.9,58.4,49.2,59.9,52.9,61.4,53.7,57.0,56.6,56.1,51.3,54.5,52.0,55.8,51.3,56.2,55.1,56.3,52.2,54.4,54.8,54.8,56.5,56.3,56.8,55.9,55.9,55.5,53.5,55.7,54.4,50.3,61.4,60.2,61.3,55.3,57.8,53.5,58.2,52.7,50.9,60.7,60.0,60.4,56.5,58.1,55.1,51.1,53.7,57.1,59.4,57.0
3289,53.0,48.6,49.9,58.3,59.6,61.5,61.1,58.9,59.5,59.8,60.3,60.4,59.7,59.9,60.0,60.1,58.9,53.0,59.5,60.1,59.3,59.0,60.7,57.9,56.6,59.0,62.4,59.0,59.1,60.0,60.4,58.5,55.6,57.0,58.1,56.9,57.2,48.4,58.9,51.6,59.5,52.7,55.9,55.2,54.6,50.3,52.6,50.4,53.4,49.2,54.5,53.5,54.7,51.5,53.5,53.2,53.7,55.5,55.0,55.6,54.8,54.5,54.2,52.0,54.0,53.1,48.9,60.5,59.4,60.5,53.6,56.5,52.2,56.8,51.0,49.4,60.0,59.0,59.5,55.6,57.1,53.9,50.7,52.8,56.0,58.4,56.1
3290,51.6,47.8,49.1,57.2,58.7,60.6,60.4,58.2,58.7,59.1,59.5,59.5,59.0,59.1,59.3,59.5,58.2,51.7,58.8,59.4,58.6,58.3,60.1,57.0,55.8,58.3,61.5,58.2,58.1,59.2,59.7,57.6,54.7,56.0,57.2,56.0,56.0,47.5,57.8,50.0,58.2,51.9,54.8,54.1,53.3,49.4,50.9,48.9,51.8,47.7,53.2,52.0,52.9,50.6,52.6,52.0,52.8,54.6,53.8,54.4,53.8,53.2,52.9,50.2,52.7,51.5,47.2,59.8,58.6,59.7,52.0,55.1,50.8,55.6,49.5,47.9,59.2,58.4,58.7,54.8,56.0,52.9,50.0,52.0,55.1,57.5,55.2
3291,50.4,47.1,48.2,55.9,57.6,59.8,59.7,57.2,57.9,58.4,58.8,58.8,58.4,58.5,58.5,58.8,57.4,50.8,58.2,58.7,57.9,57.7,59.4,56.1,54.8,57.5,60.8,57.7,57.4,58.6,58.9,57.1,53.9,55.4,56.4,55.4,55.0,46.8,56.8,48.4,56.6,51.3,53.9,52.9,52.1,48.6,49.4,47.6,50.1,46.3,52.0,50.6,51.1,49.9,51.6,50.8,51.8,53.9,52.6,53.3,52.8,52.1,51.7,48.2,51.6,50.5,46.0,59.0,57.8,59.0,50.4,53.9,49.7,54.4,48.1,46.7,58.6,57.5,58.2,54.0,55.3,51.9,49.2,51.5,54.2,56.7,54.4
3292,49.1,46.5,47.4,54.9,57.2,59.2,59.2,56.4,57.4,57.8,58.2,58.1,57.6,57.9,57.8,58.3,57.0,50.0,57.5,58.1,57.3,57.2,58.8,55.3,54.1,56.8,60.1,57.1,56.7,58.1,58.3,56.6,53.0,54.6,55.7,54.6,54.2,46.2,56.0,47.0,55.6,50.8,53.0,51.8,51.0,47.8,48.0,46.4,48.4,44.9,51.1,49.6,49.6,49.2,50.6,49.7,51.1,53.2,51.7,52.3,51.8,51.2,50.7,46.9,50.6,49.4,44.9,58.4,57.2,58.4,49.1,52.8,48.7,53.2,47.4,45.4,58.1,56.9,57.6,53.2,54.4,51.2,48.4,50.9,53.5,55.9,53.7
3293,48.7,46.1,47.0,54.2,56.7,58.5,58.5,56.1,56.9,57.2,57.7,57.6,57.0,57.2,57.2,57.9,56.4,49.8,57.2,57.9,56.9,56.6,58.3,54.6,53.6,56.2,59.5,56.7,56.1,57.8,57.6,56.2,52.5,54.1,55.0,53.9,53.5,45.7,55.2,46.0,54.5,50.2,52.1,50.8,50.2,47.2,47.0,45.6,47.4,43.8,49.8,48.7,48.3,48.8,49.9,49.4,50.3,52.5,50.8,51.8,51.7,50.3,50.5,45.7,49.9,48.8,43.9,57.8,56.9,57.8,47.6,51.8,47.8,52.2,46.4,44.3,57.6,56.5,57.1,52.3,53.7,50.4,47.9,50.9,52.9,55.4,53.1
3294,52.2,48.5,50.1,53.6,56.4,58.6,58.6,56.4,57.6,57.8,59.4,58.1,58.8,57.4,57.3,58.7,57.2,53.7,58.6,60.0,57.3,57.3,58.9,54.6,53.4,56.2,59.8,56.7,56.9,58.6,57.8,57.5,52.6,54.5,55.4,54.5,55.8,47.9,54.6,48.6,55.2,53.9,51.8,52.2,52.6,50.0,48.7,49.6,52.2,44.1,49.7,50.2,49.1,51.3,49.7,52.4,50.7,53.0,50.6,54.9,53.9,49.9,54.1,50.0,50.8,52.7,46.5,58.1,58.1,59.4,48.2,51.0,50.7,53.3,51.1,44.2,59.5,58.0,57.6,52.1,53.6,50.1,47.9,52.8,52.9,55.9,54.0
3295,56.8,52.3,54.6,56.3,59.0,60.5,60.8,59.3,60.5,60.3,62.2,60.6,61.7,59.6,59.8,61.2,60.1,57.5,61.8,62.8,60.2,60.1,61.4,57.2,55.9,59.1,61.7,59.1,59.5,61.3,60.4,60.2,55.1,57.3,57.5,57.6,60.0,51.9,57.0,54.9,58.2,58.3,54.5,56.4,56.3,54.8,52.8,55.0,59.0,49.5,55.6,53.6,55.1,54.9,51.7,56.6,53.8,56.1,52.9,58.1,56.1,52.8,58.0,55.8,53.0,57.2,51.5,60.2,61.2,62.1,54.5,54.1,54.8,58.5,56.2,50.1,62.6,60.9,60.1,54.9,56.5,52.7,52.0,55.6,55.1,58.6,56.9
3296,61.2,55.7,58.6,60.7,62.2,63.1,63.5,62.4,63.2,62.8,65.0,63.6,64.8,62.0,62.7,63.9,63.1,60.5,64.8,65.7,63.1,62.9,64.1,60.4,59.6,62.2,64.1,62.2,62.4,64.1,63.2,62.9,58.0,60.3,60.0,60.3,64.2,55.6,61.0,59.1,61.5,62.2,58.2,60.1,60.4,59.3,57.6,58.9,64.6,55.4,61.8,57.3,61.2,58.4,54.6,60.7,57.0,59.2,56.1,61.2,58.7,56.7,61.6,60.6,55.6,60.7,55.4,62.6,64.3,64.8,60.3,59.3,58.9,62.7,60.2,55.0,65.7,63.9,62.6,58.6,60.1,56.2,55.6,58.1,57.9,61.7,60.0
3297,65.3,59.2,62.0,64.9,65.3,65.7,66.1,65.5,65.8,65.1,67.5,66.4,67.6,64.3,65.5,66.1,65.9,63.3,67.5,68.0,65.7,65.4,66.6,63.3,62.9,65.4,66.5,64.9,65.1,66.5,65.9,65.3,61.0,63.1,62.6,63.0,67.7,58.9,64.8,62.6,64.8,65.3,61.9,63.1,64.2,62.8,62.2,62.1,68.8,60.7,65.8,61.0,66.4,61.4,57.8,64.0,60.1,62.0,59.2,64.1,61.4,60.6,64.8,64.3,58.8,64.1,58.8,64.8,66.8,67.3,65.5,63.8,62.5,65.5,63.7,59.7,68.3,66.6,64.9,62.4,63.5,59.9,58.4,60.3,60.8,64.6,62.8
3298,68.9,61.7,64.7,68.3,68.0,67.9,68.6,67.9,67.8,67.2,69.8,68.7,69.7,66.5,67.7,68.1,68.3,66.2,69.7,70.1,67.9,67.4,68.9,65.9,66.1,67.9,68.4,67.3,67.5,68.6,68.3,67.3,63.7,65.4,65.0,65.6,71.0,61.4,68.5,65.6,67.7,68.1,65.2,66.0,67.9,65.7,66.0,65.0,72.1,63.9,68.9,64.3,70.6,64.1,60.4,66.7,62.5,64.5,62.0,66.6,64.2,63.8,67.5,66.9,61.9,66.9,61.6,66.8,68.8,69.5,69.2,67.4,65.8,68.1,66.3,63.0,70.6,68.7,67.1,65.3,66.2,63.1,61.1,62.3,63.3,66.9,65.3
3299,71.8,63.8,66.8,71.3,70.2,69.9,70.5,70.0,69.6,68.9,71.7,70.4,71.4,68.1,69.8,69.8,70.2,68.7,71.4,71.8,69.9,69.2,70.7,68.1,68.8,70.4,70.2,69.2,69.5,70.2,70.2,69.1,65.8,67.6,67.1,67.5,73.5,63.5,71.5,68.1,70.5,70.3,68.2,68.5,70.6,68.4,68.9,67.0,74.8,67.1,70.9,67.0,73.8,66.4,62.8,68.9,64.5,66.6,64.7,68.6,66.6,66.6,69.7,69.1,64.6,69.2,64.5,68.7,70.4,71.2,71.9,70.5,68.6,70.3,68.6,65.6,72.2,70.4,69.0,68.0,68.6,66.1,63.6,64.0,65.3,68.9,67.4
3300,74.1,65.3,68.5,73.8,72.0,71.7,72.3,71.7,71.0,70.2,72.9,71.8,72.6,69.6,71.5,71.2,71.6,70.9,72.7,72.9,71.3,70.7,72.1,69.7,71.2,72.2,71.6,70.6,71.1,71.6,71.7,70.4,67.8,69.4,68.9,69.2,75.5,65.1,74.0,70.2,72.8,72.3,70.7,70.6,73.0,70.4,71.2,68.8,76.8,68.6,72.5,68.8,76.0,68.0,64.4,70.6,66.0,68.2,66.8,70.2,68.7,68.8,71.9,71.0,67.6,71.1,66.9,70.1,71.9,72.3,73.9,73.1,71.0,72.2,70.5,67.1,73.4,71.7,70.4,70.1,70.5,68.1,65.3,65.2,67.2,70.5,69.3
3301,75.7,66.4,69.9,75.9,73.5,73.3,73.8,73.1,72.1,71.2,73.8,73.1,73.6,70.8,72.9,72.3,73.0,72.6,73.6,73.8,72.5,71.9,73.2,71.1,73.0,73.7,72.8,71.9,72.2,72.8,73.1,71.4,69.2,70.7,70.7,70.6,77.3,65.9,75.9,71.4,74.6,73.8,72.9,71.9,74.9,71.7,73.1,70.3,78.2,70.5,73.4,70.1,77.8,69.4,65.4,71.7,67.2,69.2,68.5,71.3,70.0,70.9,73.7,72.6,69.5,72.3,69.1,71.3,72.9,73.5,75.3,75.3,72.7,73.7,72.0,68.5,74.3,72.4,71.7,71.7,72.2,69.8,66.7,66.1,68.6,71.7,70.9
3302,76.7,66.7,70.7,77.7,74.8,74.4,75.0,74.0,72.8,72.2,74.4,74.0,74.3,71.6,73.9,73.2,73.9,73.4,73.9,74.6,73.5,72.8,74.1,72.1,74.5,74.8,73.7,72.7,73.0,73.5,73.8,72.0,70.1,71.8,71.7,71.6,78.4,66.2,77.4,72.4,76.0,74.6,74.5,72.6,75.8,71.9,74.1,71.0,79.0,71.2,74.3,70.8,78.6,70.1,66.3,72.8,67.9,69.9,69.8,72.1,70.7,72.4,75.0,73.4,71.2,73.1,70.3,72.1,73.4,74.2,76.3,76.8,73.9,74.8,72.9,69.4,74.8,73.1,72.6,73.2,73.3,71.2,67.5,66.6,69.7,72.2,72.0
3303,76.9,66.5,70.8,78.5,75.1,74.9,75.4,74.6,73.1,72.6,74.5,74.5,74.6,72.1,74.4,73.6,74.3,74.0,74.2,74.8,73.9,73.2,74.4,72.7,75.1,75.3,74.0,73.1,73.6,73.7,74.3,72.2,70.7,72.4,72.2,72.0,78.9,66.0,78.4,72.7,76.8,74.6,75.6,73.1,76.2,71.5,74.4,71.1,78.8,71.8,74.7,70.7,79.0,70.2,66.6,73.2,68.4,70.4,70.8,72.4,71.2,73.3,75.5,73.6,72.0,73.3,70.6,72.5,73.8,74.6,76.6,77.7,74.0,74.8,73.1,69.7,74.7,73.3,73.0,74.0,74.0,71.9,67.7,66.6,70.3,72.8,72.5
3304,76.1,65.8,70.1,78.7,75.2,74.9,75.3,74.6,73.0,72.6,74.5,74.5,74.4,72.0,74.1,73.4,74.3,73.7,73.9,74.5,73.8,73.1,74.3,72.6,75.3,75.0,74.2,73.0,73.6,73.2,74.5,72.1,70.6,72.5,72.2,72.4,78.8,65.3,78.5,72.3,76.9,73.7,75.6,73.1,75.6,70.7,73.9,70.4,78.0,71.9,74.5,70.0,78.5,69.7,67.1,73.0,68.8,70.5,71.1,72.3,71.1,73.7,75.4,73.4,72.1,73.1,70.4,72.6,73.6,74.3,75.9,78.0,73.7,74.7,72.8,69.3,74.5,73.2,72.9,74.0,74.1,71.9,67.4,66.0,70.3,72.9,72.6
3305,74.5,64.4,68.2,78.2,74.7,74.2,74.7,74.0,72.2,72.1,73.6,74.2,73.8,71.6,73.5,72.6,73.7,72.8,73.2,73.5,73.3,72.7,73.6,72.2,74.5,74.4,73.6,72.3,73.1,72.4,74.0,71.2,69.8,71.8,71.9,71.9,77.7,63.8,78.0,71.5,76.4,72.3,74.9,72.5,74.2,69.5,73.0,69.3,76.4,71.0,73.6,68.6,77.2,68.3,66.5,72.3,68.2,70.0,70.8,71.8,70.2,73.2,74.7,72.4,71.2,72.1,69.0,72.0,72.7,73.7,74.8,77.5,72.6,74.1,72.0,68.5,73.4,72.2,72.3,73.2,73.6,71.5,66.7,64.8,69.7,72.3,72.0
3306,71.5,62.2,65.4,76.5,73.2,72.8,73.3,72.8,70.6,70.8,72.1,73.0,72.3,70.5,72.1,71.4,72.4,71.1,71.5,71.9,72.0,71.1,72.4,70.8,72.9,73.1,72.6,71.0,72.1,70.9,72.7,69.5,68.7,70.6,70.8,70.8,75.4,61.8,76.7,69.6,75.3,69.6,73.4,71.0,71.7,67.1,71.6,67.3,73.8,69.7,72.3,66.7,75.3,65.8,65.4,70.7,67.1,68.9,70.0,70.1,68.5,72.2,72.8,70.4,69.6,70.0,66.3,70.8,71.2,72.3,73.0,75.9,70.3,72.8,69.8,66.7,71.7,70.9,71.0,71.8,72.1,70.0,65.5,63.1,68.7,71.0,70.8
3307,66.8,58.4,60.6,73.6,70.9,70.9,71.1,70.3,67.9,68.4,69.6,70.9,69.2,68.5,69.7,69.0,70.0,67.3,68.8,68.9,69.6,68.4,70.0,68.2,69.8,70.4,70.8,68.6,69.7,68.4,70.7,66.6,66.4,67.9,68.9,68.4,70.1,58.2,73.8,65.7,72.8,64.1,70.5,68.3,67.5,62.9,68.4,63.7,69.1,67.0,69.9,64.0,72.3,61.5,63.3,68.0,64.9,66.5,68.4,67.2,66.0,69.8,69.3,66.6,66.7,67.1,62.2,68.9,68.4,69.7,69.6,73.2,66.6,70.5,65.7,63.8,68.5,68.2,68.5,69.1,69.1,67.4,62.8,60.7,66.8,68.9,68.6
3308,63.0,55.4,57.1,69.1,67.8,68.0,68.4,66.5,65.5,65.8,67.0,67.8,66.0,66.1,66.7,66.3,66.0,62.5,65.8,66.1,66.2,65.5,66.7,64.7,65.1,66.0,68.8,65.7,66.5,65.9,67.6,63.7,63.1,64.8,65.9,65.0,66.2,55.1,68.9,61.6,69.8,60.5,65.8,63.6,64.1,59.2,64.3,60.1,65.8,61.1,65.8,61.6,67.6,58.6,60.1,64.2,61.3,63.3,65.6,62.9,63.0,65.8,65.1,62.7,63.1,62.8,57.6,66.6,65.6,66.7,65.2,67.7,62.5,65.9,61.9,58.7,65.8,65.3,65.6,64.6,64.9,63.3,57.2,58.6,63.8,65.7,64.6
3309,60.1,53.4,55.1,65.9,65.4,66.3,66.5,64.0,63.9,64.4,65.3,65.7,64.5,64.4,65.0,64.7,63.7,59.6,64.1,64.5,64.2,63.6,64.9,62.8,62.3,63.5,67.3,63.8,64.5,64.4,65.6,62.4,61.0,62.9,63.7,62.5,63.8,53.2,65.6,58.8,67.2,58.5,62.7,61.1,61.8,56.6,61.2,58.0,62.9,56.9,62.4,59.9,63.3,56.4,58.2,61.5,59.1,61.0,62.5,60.8,60.7,61.8,61.9,60.3,60.7,59.9,55.5,65.2,63.8,64.9,62.1,63.7,59.7,63.2,59.5,56.2,64.1,63.9,64.0,61.4,62.5,60.4,53.9,57.2,61.4,63.8,61.9
3310,58.1,52.0,53.4,63.6,63.8,64.9,65.0,62.5,62.7,63.2,64.0,64.2,63.2,63.3,63.7,63.5,62.4,57.6,62.8,63.3,62.9,62.4,63.8,61.3,60.6,62.1,66.2,62.4,63.1,63.0,64.2,61.4,59.5,61.4,62.1,60.9,61.7,51.7,63.4,56.5,65.3,56.7,60.7,59.5,59.9,54.7,58.9,55.9,60.7,55.1,60.0,58.2,60.2,55.1,56.9,58.8,57.2,59.4,59.9,59.3,59.0,59.4,59.2,57.9,58.9,57.9,53.8,63.9,62.5,63.8,59.5,61.5,57.9,61.3,57.3,54.7,62.8,62.6,62.7,59.7,61.0,58.5,52.8,55.9,60.0,62.4,60.1
3311,56.5,51.0,52.2,61.9,62.2,63.9,63.7,61.3,61.7,62.1,62.7,63.0,62.1,62.2,62.5,62.5,61.2,55.8,61.9,62.3,61.7,61.5,62.9,60.5,59.4,61.4,65.0,61.4,61.8,62.0,63.1,60.4,58.2,59.8,60.7,59.6,60.0,50.5,61.7,54.5,63.4,55.4,59.1,58.1,58.3,53.2,56.7,53.9,58.4,53.3,58.0,56.8,58.2,53.9,55.9,56.5,56.2,57.8,57.8,57.6,57.6,57.5,57.5,55.9,57.2,56.2,52.1,63.0,61.5,62.8,57.5,59.8,55.6,59.8,54.6,52.8,61.9,61.6,61.7,58.3,59.7,57.1,52.2,54.9,58.8,61.1,58.7
3312,54.8,50.2,51.4,60.3,61.3,62.8,62.8,60.4,60.9,61.2,61.7,61.9,61.2,61.3,61.6,61.7,60.3,54.5,60.8,61.5,60.7,60.5,62.0,59.5,58.4,60.6,63.9,60.5,60.5,61.2,61.9,59.7,57.1,58.6,59.8,58.5,58.6,49.9,60.4,53.2,61.7,54.3,57.6,56.9,56.8,51.9,54.8,52.3,55.9,51.7,56.4,55.1,56.4,52.8,54.8,54.8,55.1,56.9,56.4,56.8,56.0,56.2,55.7,53.8,55.6,54.5,50.3,62.0,60.7,61.8,55.6,58.4,54.0,58.5,53.0,51.3,61.2,60.5,60.8,57.1,58.7,55.6,51.3,54.1,57.7,60.0,57.6
3313,53.6,49.4,50.6,58.9,60.2,62.1,61.7,59.5,60.1,60.3,60.9,61.0,60.3,60.4,60.7,60.7,59.5,53.1,60.1,60.6,59.9,59.6,61.3,58.5,57.3,59.6,63.0,59.6,59.7,60.6,60.9,59.1,56.2,57.6,58.6,57.5,57.6,49.1,59.4,51.8,59.7,53.4,56.6,55.6,55.3,50.8,52.8,50.8,53.6,49.6,54.6,53.6,54.8,52.1,53.9,53.4,54.1,55.8,55.1,55.6,54.9,54.9,54.4,52.2,54.0,53.2,49.0,61.1,59.9,61.0,53.8,57.1,52.7,57.1,51.2,49.8,60.5,59.6,60.0,56.3,57.6,54.4,50.9,53.1,56.8,59.0,56.7
3314,52.2,48.5,49.8,57.8,59.3,61.2,61.0,58.8,59.4,59.7,60.1,60.1,59.7,59.6,59.9,60.1,58.8,51.8,59.4,59.9,59.2,58.9,60.7,57.6,56.4,58.9,62.1,58.8,58.7,59.8,60.2,58.2,55.2,56.6,57.8,56.7,56.4,48.2,58.3,50.2,58.3,52.5,55.5,54.5,54.0,49.9,51.0,49.3,51.9,47.9,53.4,52.0,53.0,51.3,53.0,52.2,53.1,55.0,53.9,54.5,53.9,53.7,53.1,50.5,52.6,51.6,47.2,60.4,59.1,60.3,52.1,55.6,51.3,56.0,49.8,48.3,59.7,58.9,59.2,55.5,56.6,53.4,50.2,52.4,55.8,58.1,55.7
3315,51.1,47.8,48.8,56.5,58.3,60.5,60.4,57.9,58.5,59.0,59.4,59.4,59.0,58.9,59.2,59.4,58.1,50.9,58.8,59.3,58.5,58.3,60.1,56.7,55.5,58.2,61.4,58.3,58.0,59.2,59.5,57.7,54.5,56.0,57.0,56.0,55.4,47.5,57.3,48.5,56.8,51.9,54.6,53.3,52.7,49.1,49.6,47.9,50.3,46.7,52.1,50.7,51.1,50.6,51.9,51.0,52.2,54.2,52.8,53.4,52.9,52.5,52.0,48.5,51.6,50.5,46.0,59.6,58.3,59.6,50.5,54.4,50.2,54.8,48.4,47.0,59.0,58.1,58.6,54.6,55.9,52.5,49.5,51.9,54.9,57.4,55.1
3316,49.8,47.1,48.1,55.5,57.9,59.8,59.8,57.1,58.0,58.4,58.7,58.8,58.2,58.4,58.4,58.9,57.6,50.0,58.1,58.7,57.9,57.7,59.5,55.9,54.8,57.5,60.6,57.8,57.3,58.7,58.8,57.2,53.7,55.3,56.4,55.3,54.7,46.9,56.5,47.2,55.8,51.4,53.6,52.3,51.6,48.3,48.2,46.7,48.6,45.3,51.2,49.7,49.7,49.8,50.9,49.9,51.4,53.5,51.8,52.5,52.0,51.6,51.0,47.3,50.6,49.4,45.0,59.0,57.8,58.9,49.0,53.3,49.3,53.6,47.6,45.8,58.5,57.4,58.1,53.8,55.0,51.7,48.7,51.3,54.2,56.5,54.4
3317,49.3,46.7,47.7,54.8,57.3,59.2,59.2,56.8,57.4,57.8,58.3,58.2,57.6,57.8,57.9,58.4,57.0,50.0,57.8,58.5,57.5,57.2,59.0,55.2,54.3,56.7,60.1,57.4,56.7,58.4,58.2,56.9,53.2,54.8,55.7,54.6,53.9,46.4,55.7,46.2,54.6,50.8,52.8,51.2,50.9,47.6,47.1,45.9,47.7,44.2,49.9,48.8,48.3,49.4,50.2,49.6,50.6,52.9,51.0,51.9,51.9,50.7,50.8,46.1,49.9,48.9,44.0,58.4,57.5,58.3,47.8,52.4,48.3,52.6,46.7,44.7,58.1,57.0,57.6,53.1,54.3,50.9,48.2,51.4,53.6,56.0,53.8
3318,53.0,49.2,50.8,54.2,57.1,59.3,59.3,57.1,58.2,58.4,60.0,58.7,59.4,58.0,58.0,59.2,57.9,53.9,59.2,60.5,57.9,57.9,59.6,55.3,54.1,56.9,60.4,57.4,57.5,59.2,58.4,58.2,53.4,55.2,56.1,55.2,56.4,48.7,55.2,49.0,55.4,54.6,52.5,52.7,53.3,50.6,48.9,49.9,52.4,44.7,49.8,50.3,49.2,52.0,50.0,52.6,51.0,53.4,50.8,55.0,54.0,50.3,54.4,50.3,50.9,52.8,46.6,58.7,58.8,59.9,48.4,51.6,51.3,53.8,51.4,44.7,60.1,58.6,58.1,52.9,54.3,50.6,48.3,53.3,53.6,56.6,54.7
3319,57.7,52.9,55.4,57.0,59.6,61.1,61.4,60.0,61.1,60.9,62.7,61.2,62.2,60.3,60.5,61.7,60.8,57.6,62.4,63.4,60.8,60.7,62.0,57.8,56.7,59.8,62.4,59.8,60.1,61.9,61.0,60.8,55.8,58.0,58.3,58.3,60.6,52.6,57.6,55.3,58.5,59.0,55.1,57.0,57.0,55.5,53.1,55.1,59.3,49.9,55.9,53.6,55.2,55.6,52.1,56.8,54.1,56.5,53.1,58.1,56.3,53.2,58.1,56.0,53.0,57.3,51.6,60.8,61.9,62.5,54.7,54.8,55.5,59.0,56.3,50.5,63.2,61.5,60.7,55.6,57.1,53.3,52.2,56.1,55.9,59.4,57.7
3320,62.1,56.5,59.4,61.4,62.8,63.7,64.1,63.1,63.9,63.5,65.5,64.2,65.4,62.7,63.4,64.5,63.7,60.6,65.3,66.3,63.7,63.5,64.7,61.0,60.3,62.9,64.8,62.8,63.0,64.6,63.8,63.5,58.8,61.0,60.8,61.0,64.8,56.3,61.6,59.6,61.9,63.1,58.9,60.7,61.2,60.1,58.0,58.9,64.8,55.9,62.0,57.3,61.4,59.2,54.8,60.9,57.3,59.5,56.1,61.3,58.9,57.0,61.6,60.7,55.6,60.8,55.4,63.2,64.9,65.2,60.6,59.9,59.6,63.2,60.3,55.4,66.3,64.4,63.1,59.3,60.7,57.1,55.8,58.7,58.7,62.4,60.7
3321,66.2,59.9,62.9,65.7,65.8,66.4,66.8,66.1,66.5,65.8,68.1,67.0,68.2,64.9,66.2,66.8,66.5,63.4,68.0,68.7,66.2,66.1,67.2,63.9,63.7,66.0,67.1,65.5,65.7,67.1,66.5,66.0,61.8,63.8,63.3,63.8,68.4,59.7,65.5,63.1,65.2,66.2,62.7,63.6,65.1,63.7,62.7,62.0,69.0,60.9,65.9,60.9,66.7,62.3,58.1,64.1,60.4,62.3,59.2,64.1,61.5,60.7,64.8,64.3,58.7,64.2,58.7,65.5,67.4,67.7,65.7,64.4,63.3,66.0,63.6,59.9,68.8,67.0,65.6,63.1,64.2,60.9,58.5,61.1,61.7,65.3,63.5
3322,69.8,62.6,65.6,69.1,68.5,68.6,69.2,68.5,68.6,67.8,70.3,69.3,70.3,67.1,68.3,68.8,68.9,66.2,70.3,70.7,68.6,68.0,69.4,66.5,66.9,68.6,69.0,67.9,68.2,69.2,68.9,68.0,64.5,66.2,65.8,66.4,71.7,62.3,69.2,66.1,68.1,69.0,66.0,66.6,68.7,66.7,66.6,65.0,72.2,64.3,69.0,64.3,70.8,65.0,60.7,66.7,62.8,64.7,61.9,66.5,64.3,63.9,67.5,66.7,61.9,66.9,61.6,67.5,69.4,70.0,69.4,68.1,66.7,68.7,66.2,63.1,71.1,69.2,67.8,66.0,66.9,64.2,61.1,63.2,64.1,67.6,66.0
3323,72.7,64.7,67.8,72.1,70.9,70.5,71.2,70.6,70.3,69.6,72.2,71.1,72.1,68.8,70.4,70.4,70.9,68.7,71.9,72.4,70.5,69.8,71.3,68.7,69.6,71.0,70.8,69.8,70.2,70.8,70.8,69.7,66.6,68.3,67.8,68.3,74.2,64.5,72.2,68.6,70.9,71.2,69.0,69.1,71.6,69.4,69.4,66.9,74.9,67.5,71.0,66.9,74.1,67.3,63.1,68.9,64.7,66.7,64.5,68.6,66.7,66.6,69.6,68.9,64.6,69.1,64.5,69.3,71.0,71.7,72.0,71.2,69.5,70.9,68.4,65.7,72.7,70.9,69.6,68.7,69.4,66.9,63.4,65.0,66.2,69.6,68.1
3324,74.9,66.3,69.5,74.6,72.7,72.4,73.0,72.3,71.8,70.8,73.4,72.5,73.3,70.2,72.1,71.9,72.3,70.9,73.1,73.6,71.9,71.3,72.7,70.3,72.0,72.9,72.3,71.2,71.8,72.2,72.4,71.0,68.6,70.2,69.7,70.0,76.2,66.1,74.7,70.6,73.2,73.1,71.6,71.1,74.0,71.3,71.8,68.7,76.9,68.9,72.5,68.7,76.2,69.0,64.5,70.5,66.1,68.4,66.6,70.1,68.7,68.8,71.9,70.9,67.6,71.0,66.9,70.7,72.5,72.9,74.1,73.8,72.0,72.7,70.3,67.4,73.8,72.3,71.1,70.9,71.3,69.0,65.1,66.2,68.0,71.2,70.0
3325,76.5,67.3,70.9,76.7,74.2,73.9,74.4,73.7,72.9,71.9,74.4,73.7,74.4,71.5,73.4,73.0,73.7,72.6,74.2,74.4,73.1,72.4,73.7,71.8,73.8,74.4,73.4,72.5,72.9,73.3,73.7,72.0,70.1,71.4,71.4,71.4,78.0,66.8,76.6,71.8,75.0,74.5,73.7,72.5,75.9,72.6,73.6,70.2,78.3,70.7,73.5,69.9,78.0,70.3,65.5,71.6,67.3,69.3,68.3,71.1,69.9,70.9,73.7,72.3,69.5,72.2,69.1,71.9,73.5,74.1,75.5,76.0,73.7,74.2,71.8,68.7,74.9,73.1,72.3,72.5,72.9,70.8,66.5,67.1,69.5,72.3,71.6
3326,77.5,67.6,71.6,78.4,75.4,75.0,75.7,74.7,73.6,72.8,75.1,74.7,75.0,72.2,74.5,73.7,74.5,73.4,74.6,75.2,74.1,73.3,74.6,72.8,75.4,75.4,74.3,73.4,73.7,74.0,74.4,72.6,71.1,72.6,72.5,72.5,79.1,67.1,78.1,72.7,76.4,75.2,75.3,73.2,76.8,72.8,74.6,70.9,79.0,71.5,74.3,70.7,78.8,71.1,66.5,72.6,68.1,70.1,69.5,71.9,70.7,72.4,74.9,73.2,71.3,72.9,70.4,72.7,73.9,74.8,76.5,77.5,74.8,75.2,72.7,69.5,75.4,73.7,73.2,74.0,74.0,72.1,67.2,67.6,70.6,72.8,72.7
3327,77.8,67.3,71.8,79.1,75.8,75.6,76.2,75.2,73.8,73.2,75.2,75.2,75.4,72.7,75.0,74.1,75.0,74.1,74.9,75.5,74.6,73.7,74.9,73.4,75.9,75.9,74.7,73.7,74.2,74.2,74.9,72.8,71.7,73.2,73.0,72.9,79.6,66.8,79.1,73.2,77.1,75.2,76.3,73.7,77.1,72.3,74.8,71.1,78.8,72.1,74.7,70.6,79.2,71.2,66.8,73.1,68.6,70.6,70.5,72.4,71.2,73.2,75.5,73.4,72.1,73.2,70.7,73.2,74.3,75.2,76.8,78.4,74.8,75.3,72.9,69.9,75.3,73.9,73.7,74.8,74.5,72.8,67.4,67.5,71.2,73.4,73.1
3328,77.0,66.6,71.1,79.3,75.7,75.7,76.1,75.2,73.7,73.2,75.0,75.0,75.1,72.7,74.8,73.9,74.9,73.7,74.6,75.1,74.4,73.6,74.9,73.3,76.1,75.7,74.8,73.7,74.2,73.7,75.1,72.7,71.6,73.2,72.9,73.1,79.4,66.0,79.1,72.6,77.3,74.5,76.3,73.6,76.5,71.6,74.4,70.4,78.0,72.1,74.5,69.9,78.6,70.7,67.4,73.0,68.9,70.8,70.9,72.4,71.0,73.6,75.4,73.2,72.1,73.0,70.5,73.3,74.0,74.8,76.1,78.7,74.5,75.2,72.6,69.5,75.0,73.8,73.5,74.8,74.7,72.8,67.1,66.9,71.2,73.5,73.3
3329,75.2,65.3,69.1,78.8,75.2,75.0,75.5,74.6,73.0,72.6,74.3,74.8,74.4,72.2,74.3,73.2,74.3,72.8,73.8,74.2,74.0,73.3,74.3,72.8,75.3,75.0,74.2,73.0,73.6,73.0,74.6,71.8,70.9,72.6,72.7,72.7,78.3,64.6,78.6,72.0,76.9,73.0,75.6,73.0,75.2,70.3,73.5,69.2,76.4,71.3,73.7,68.4,77.4,69.2,66.7,72.3,68.3,70.2,70.5,71.9,70.1,73.1,74.7,72.2,71.3,72.1,69.1,72.6,73.3,74.3,75.1,78.2,73.5,74.5,71.8,68.7,74.0,72.9,72.9,74.0,74.2,72.3,66.4,65.7,70.6,73.0,72.7
3330,72.4,63.0,66.3,77.3,73.8,73.6,74.1,73.4,71.4,71.4,72.8,73.6,72.9,71.1,72.9,72.0,73.0,71.1,72.1,72.5,72.7,71.6,73.1,71.5,73.6,73.6,73.2,71.6,72.7,71.5,73.3,70.1,69.7,71.4,71.5,71.5,75.9,62.7,77.2,70.1,75.8,70.3,74.1,71.5,72.7,67.9,72.1,67.2,73.8,69.9,72.3,66.6,75.5,66.8,65.5,70.8,67.2,69.1,69.7,70.2,68.5,71.9,72.8,70.2,69.6,70.1,66.3,71.4,71.7,72.9,73.2,76.6,71.2,73.2,69.6,66.9,72.2,71.5,71.6,72.5,72.8,70.8,65.2,64.0,69.7,71.7,71.5
3331,67.6,59.4,61.5,74.4,71.5,71.6,71.8,70.9,68.6,69.0,70.2,71.5,69.8,69.1,70.4,69.5,70.7,67.4,69.4,69.6,70.3,68.9,70.7,68.8,70.5,71.0,71.4,69.2,70.3,69.0,71.3,67.2,67.4,68.8,69.7,69.2,70.5,59.1,74.4,66.2,73.4,64.9,71.4,68.7,68.5,63.7,68.9,63.7,69.1,67.2,70.0,63.9,72.4,62.5,63.5,68.2,65.0,66.7,68.1,67.4,66.0,69.6,69.5,66.6,66.7,67.2,62.3,69.5,69.0,70.3,69.8,74.0,67.5,70.9,65.6,64.0,69.0,68.8,69.1,69.8,69.9,68.2,62.6,61.5,67.7,69.6,69.3
3332,63.8,56.3,58.0,70.0,68.4,68.7,69.0,67.1,66.1,66.5,67.6,68.4,66.7,66.7,67.4,66.9,66.7,62.8,66.4,66.7,66.9,66.0,67.4,65.4,65.9,66.7,69.4,66.3,67.2,66.4,68.3,64.3,64.1,65.8,66.7,65.7,66.7,56.0,69.5,62.1,70.2,61.2,66.7,64.1,65.0,59.9,64.7,60.1,65.8,61.6,66.0,61.5,67.7,59.6,60.3,64.4,61.5,63.5,65.4,63.0,63.0,65.8,65.3,62.6,63.2,63.0,57.8,67.2,66.2,67.4,65.4,68.4,63.4,66.2,61.9,59.1,66.3,66.0,66.2,65.4,65.6,64.3,57.1,59.3,64.7,66.4,65.4
3333,60.9,54.3,56.0,66.6,66.0,67.0,67.2,64.8,64.5,65.1,65.9,66.3,65.2,65.1,65.6,65.2,64.5,59.9,64.8,65.1,64.9,64.1,65.6,63.5,63.1,64.2,67.9,64.4,65.3,65.0,66.3,62.9,62.0,63.7,64.5,63.3,64.2,54.0,66.2,59.3,67.7,59.1,63.6,61.6,62.7,57.3,61.6,58.2,62.9,57.3,62.6,59.8,63.3,57.4,58.4,61.6,59.2,61.2,62.4,60.9,60.7,61.8,62.1,60.3,60.7,60.1,55.7,65.8,64.4,65.5,62.2,64.4,60.5,63.5,59.5,56.4,64.6,64.6,64.6,62.1,63.3,61.4,53.9,57.8,62.3,64.5,62.7
3334,58.9,52.9,54.2,64.4,64.4,65.6,65.8,63.2,63.4,63.9,64.6,64.8,63.9,63.9,64.4,64.1,63.1,57.8,63.5,63.9,63.6,63.0,64.5,62.1,61.5,62.9,66.8,63.0,63.9,63.6,64.9,62.0,60.5,62.3,62.9,61.7,62.1,52.5,64.1,56.9,65.7,57.3,61.4,59.9,60.8,55.4,59.3,56.0,60.7,55.4,60.2,58.2,60.2,56.1,57.0,59.0,57.4,59.5,59.8,59.4,59.0,59.4,59.5,57.9,59.1,58.1,54.0,64.7,63.1,64.4,59.6,62.3,58.7,61.4,57.4,54.9,63.3,63.4,63.4,60.5,61.7,59.5,52.8,56.6,60.9,63.1,60.9
3335,57.3,51.8,53.1,62.7,62.9,64.6,64.4,62.0,62.4,62.9,63.4,63.6,62.8,62.9,63.2,63.1,62.0,56.0,62.5,62.9,62.4,62.2,63.5,61.2,60.2,62.2,65.7,62.0,62.6,62.7,63.8,61.1,59.2,60.8,61.6,60.4,60.7,51.2,62.4,55.0,63.8,56.0,59.9,58.4,59.1,53.9,57.1,54.2,58.6,53.7,58.0,56.8,58.2,54.8,56.1,56.7,56.4,58.0,57.8,57.8,57.6,57.6,57.7,56.2,57.3,56.4,52.3,63.8,62.1,63.4,57.5,60.6,56.4,60.0,54.8,53.0,62.5,62.4,62.4,59.1,60.4,58.0,52.1,55.6,59.8,61.9,59.5
3336,55.5,50.9,52.3,61.1,62.0,63.5,63.3,61.1,61.6,62.0,62.4,62.5,61.9,61.9,62.2,62.4,61.0,54.7,61.4,62.1,61.5,61.2,62.6,60.2,59.2,61.3,64.6,61.1,61.4,61.9,62.7,60.4,58.1,59.6,60.6,59.4,59.2,50.7,61.2,53.7,62.1,54.9,58.4,57.2,57.5,52.6,55.2,52.5,56.2,52.2,56.6,55.2,56.4,53.7,55.0,55.0,55.3,57.1,56.3,56.8,56.1,56.3,55.9,54.0,55.7,54.7,50.5,62.7,61.3,62.3,55.7,59.3,54.8,58.9,53.1,51.5,61.8,61.3,61.5,58.0,59.4,56.6,51.4,54.8,58.7,60.8,58.4
3337,54.3,50.2,51.4,59.7,60.9,62.6,62.3,60.2,60.8,61.1,61.5,61.7,61.1,61.1,61.3,61.4,60.3,53.3,60.7,61.3,60.6,60.2,62.0,59.3,58.0,60.3,63.7,60.3,60.5,61.3,61.6,59.7,57.1,58.5,59.5,58.4,58.2,49.8,60.2,52.3,60.2,54.0,57.4,55.9,56.0,51.4,53.2,50.9,53.8,50.1,54.9,53.6,54.9,53.1,54.1,53.6,54.3,56.0,55.0,55.7,55.1,54.9,54.7,52.3,54.1,53.5,49.2,61.8,60.5,61.6,53.9,57.9,53.5,57.4,51.4,50.1,61.0,60.4,60.7,57.1,58.5,55.3,50.9,53.9,57.7,59.8,57.4
3338,52.9,49.2,50.6,58.5,60.0,61.8,61.6,59.5,60.1,60.5,60.7,60.8,60.3,60.3,60.4,60.8,59.6,52.0,60.1,60.6,59.9,59.7,61.3,58.3,57.1,59.7,62.8,59.5,59.5,60.4,60.9,58.9,56.1,57.5,58.7,57.6,57.0,48.8,59.0,50.6,58.7,53.1,56.3,54.8,54.7,50.4,51.3,49.4,52.1,48.4,53.6,52.0,53.1,52.2,53.1,52.3,53.3,55.2,53.8,54.8,54.1,53.7,53.3,50.7,52.8,51.9,47.5,61.1,59.8,60.8,52.2,56.5,52.0,56.2,50.1,48.5,60.2,59.7,59.8,56.3,57.5,54.3,50.2,53.2,56.7,58.9,56.5
3339,51.8,48.4,49.6,57.3,59.1,61.1,61.0,58.7,59.3,59.8,60.1,60.1,59.7,59.7,59.8,60.2,58.8,51.1,59.5,59.9,59.3,59.0,60.7,57.5,56.3,59.0,62.1,58.9,58.8,59.9,60.2,58.4,55.4,56.9,57.9,56.8,55.9,48.1,58.1,48.9,57.1,52.6,55.4,53.6,53.4,49.6,49.8,48.1,50.4,47.2,52.2,50.7,51.2,51.5,52.0,51.2,52.3,54.4,52.7,53.7,53.0,52.6,52.3,48.9,51.8,50.8,46.3,60.3,59.0,60.1,50.6,55.2,50.8,55.1,48.7,47.2,59.7,58.9,59.3,55.6,56.7,53.4,49.6,52.6,55.7,58.2,55.9
3340,50.6,47.7,48.9,56.3,58.6,60.4,60.4,57.9,58.7,59.2,59.4,59.5,58.9,59.2,59.1,59.7,58.4,50.2,58.8,59.4,58.6,58.5,60.1,56.7,55.6,58.3,61.4,58.3,58.1,59.4,59.5,57.9,54.6,56.1,57.2,56.1,55.2,47.4,57.2,47.6,56.1,52.0,54.4,52.5,52.3,48.8,48.3,46.8,48.7,45.8,51.2,49.7,49.7,50.7,51.1,50.1,51.6,53.7,51.8,52.7,52.1,51.8,51.2,47.6,50.8,49.7,45.2,59.7,58.5,59.5,49.1,54.1,49.9,53.9,47.8,45.9,59.2,58.2,58.8,54.7,55.9,52.6,48.6,52.0,55.0,57.3,55.2
3341,50.0,47.2,48.4,55.5,58.1,59.9,59.9,57.5,58.3,58.6,59.0,58.9,58.3,58.5,58.6,59.2,57.8,50.2,58.5,59.1,58.2,58.0,59.7,56.0,55.2,57.5,60.9,57.9,57.5,59.1,58.9,57.6,54.0,55.7,56.5,55.4,54.5,46.9,56.5,46.6,55.0,51.5,53.6,51.4,51.6,48.2,47.3,46.1,47.8,44.6,50.0,48.9,48.3,50.3,50.3,49.8,50.8,53.1,51.0,52.1,52.1,50.9,51.1,46.4,50.1,49.2,44.3,59.1,58.2,58.9,47.9,53.2,48.9,52.9,46.9,44.9,58.7,57.9,58.3,54.0,55.2,51.9,48.1,52.1,54.4,56.8,54.6
3342,53.7,49.8,51.6,54.9,57.9,59.9,60.1,57.9,59.1,59.2,60.7,59.4,60.1,58.7,58.8,60.0,58.7,54.2,60.0,61.2,58.6,58.7,60.3,56.1,55.1,57.7,61.2,58.0,58.4,59.9,59.1,58.9,54.2,56.1,57.0,56.0,57.0,49.2,55.9,49.5,55.8,55.3,53.4,53.0,54.0,51.2,49.2,50.0,52.6,45.2,50.0,50.4,49.3,52.9,50.1,52.9,51.2,53.5,50.8,55.2,54.2,50.6,54.7,50.6,51.1,53.1,46.9,59.6,59.6,60.6,48.5,52.4,52.0,54.1,51.5,44.9,60.7,59.4,58.9,53.8,55.2,51.6,48.3,54.0,54.4,57.4,55.5
3343,58.4,53.6,56.2,57.8,60.4,61.7,62.1,60.7,62.0,61.7,63.4,61.9,63.0,61.0,61.1,62.5,61.5,57.8,63.1,64.0,61.4,61.4,62.6,58.6,57.6,60.5,63.2,60.5,60.9,62.6,61.6,61.5,56.6,58.7,59.0,59.0,61.2,53.3,58.4,55.8,58.9,59.7,55.9,57.2,57.8,56.1,53.3,55.1,59.4,50.5,55.9,53.7,55.2,56.4,52.1,57.1,54.1,56.5,53.1,58.3,56.6,53.4,58.3,56.1,53.2,57.5,51.8,61.6,62.5,63.2,54.7,55.6,56.2,59.3,56.4,50.8,63.8,62.2,61.3,56.5,58.0,54.2,52.3,56.8,56.7,60.1,58.4
3344,62.8,57.2,60.2,62.1,63.5,64.3,64.8,63.7,64.7,64.1,66.3,65.0,66.2,63.3,64.0,65.2,64.3,60.7,66.0,67.0,64.2,64.1,65.3,61.6,61.1,63.6,65.4,63.4,63.7,65.3,64.4,64.2,59.6,61.7,61.5,61.7,65.5,56.9,62.4,60.1,62.3,63.7,59.6,60.9,61.9,60.7,58.3,58.9,64.9,56.3,62.1,57.3,61.4,60.0,54.9,61.2,57.3,59.6,56.1,61.5,59.1,57.1,61.7,60.7,55.8,61.0,55.5,63.9,65.5,65.9,60.6,60.6,60.3,63.4,60.2,55.6,67.0,65.1,63.7,60.2,61.5,57.9,55.7,59.4,59.4,63.0,61.4
3345,67.0,60.6,63.7,66.4,66.5,66.9,67.4,66.7,67.2,66.4,68.8,67.7,69.0,65.5,66.8,67.4,67.1,63.5,68.8,69.5,66.7,66.6,67.7,64.5,64.5,66.8,67.8,66.2,66.4,67.8,67.0,66.7,62.5,64.5,64.0,64.4,69.1,60.3,66.2,63.6,65.6,66.8,63.4,63.9,65.8,64.2,62.9,62.0,69.0,61.3,66.0,60.9,66.8,63.1,58.1,64.4,60.4,62.3,59.1,64.3,61.7,60.8,64.9,64.2,58.9,64.3,58.8,66.1,68.1,68.4,65.8,65.2,64.0,66.2,63.6,60.1,69.6,67.7,66.1,63.9,64.9,61.7,58.4,61.8,62.4,65.9,64.2
3346,70.4,63.2,66.4,69.9,69.2,69.2,69.8,69.1,69.3,68.4,71.1,69.9,71.0,67.6,69.0,69.4,69.4,66.4,71.0,71.6,69.0,68.5,69.9,67.1,67.7,69.3,69.7,68.6,68.8,69.9,69.4,68.6,65.2,66.9,66.3,66.9,72.3,62.8,69.9,66.5,68.5,69.6,66.8,66.9,69.4,67.2,66.8,64.9,72.2,64.6,69.0,64.2,70.9,65.8,60.7,66.9,62.6,64.7,61.8,66.7,64.4,64.0,67.6,66.7,62.0,67.0,61.7,68.1,70.1,70.5,69.5,68.8,67.3,68.8,66.2,63.2,71.8,69.9,68.3,66.9,67.7,65.0,61.0,64.0,64.8,68.2,66.6
3347,73.5,65.3,68.6,72.9,71.6,71.2,71.8,71.2,71.0,70.1,72.9,71.7,72.8,69.3,71.0,71.0,71.3,68.8,72.6,73.3,71.0,70.3,71.7,69.3,70.4,71.7,71.4,70.3,70.7,71.4,71.3,70.3,67.3,69.1,68.4,69.0,74.9,65.0,72.9,69.0,71.3,71.8,69.8,69.3,72.3,70.0,69.7,66.9,74.9,67.7,71.1,66.8,74.2,68.1,63.0,69.0,64.6,66.7,64.4,68.7,66.8,66.7,69.8,68.8,64.8,69.2,64.6,69.8,71.7,72.3,72.2,71.9,70.2,71.0,68.4,65.8,73.5,71.6,70.1,69.5,70.2,67.7,63.3,65.7,66.9,70.2,68.8
3348,75.7,66.8,70.3,75.4,73.5,72.9,73.7,72.9,72.4,71.3,74.2,73.1,73.9,70.7,72.7,72.4,72.9,70.9,73.9,74.5,72.4,71.7,73.2,71.0,72.8,73.5,72.8,71.8,72.3,72.7,72.9,71.6,69.3,70.9,70.3,70.6,76.9,66.6,75.4,71.1,73.6,73.6,72.3,71.3,74.6,71.8,72.0,68.7,76.9,69.2,72.6,68.7,76.3,69.8,64.5,70.7,66.0,68.3,66.6,70.3,68.8,68.9,71.9,70.8,67.7,71.0,67.0,71.2,73.1,73.4,74.2,74.5,72.6,73.0,70.3,67.6,74.6,73.0,71.6,71.7,72.1,69.8,65.0,67.0,68.8,71.8,70.7
3349,77.3,67.8,71.7,77.4,74.9,74.4,75.0,74.4,73.4,72.4,75.0,74.1,75.0,71.9,74.0,73.4,74.2,72.7,74.9,75.2,73.7,72.7,74.2,72.5,74.7,75.0,74.0,73.2,73.5,73.8,74.2,72.6,70.8,72.1,72.1,72.1,78.5,67.2,77.2,72.2,75.4,74.9,74.5,72.8,76.5,73.0,73.8,70.1,78.2,70.9,73.5,69.9,78.1,71.2,65.5,71.8,67.2,69.3,68.4,71.3,70.0,70.9,73.7,72.3,69.6,72.3,69.2,72.4,74.1,74.5,75.8,76.7,74.2,74.4,71.8,68.9,75.6,73.8,72.8,73.2,73.7,71.6,66.4,67.8,70.2,72.9,72.3
3350,78.3,68.1,72.4,79.1,76.2,75.4,76.3,75.3,74.0,73.5,75.7,75.0,75.6,72.8,75.0,74.0,75.1,73.5,75.2,76.0,74.7,73.5,75.1,73.5,76.2,76.0,74.9,74.0,74.3,74.4,75.0,73.1,71.9,73.3,73.1,73.2,79.6,67.6,78.7,73.1,76.8,75.7,76.1,73.5,77.5,73.2,74.9,70.8,78.9,71.7,74.3,70.7,78.9,71.9,66.4,72.8,68.0,70.1,69.6,72.1,70.8,72.4,75.0,73.0,71.4,73.0,70.5,73.3,74.5,75.2,76.8,78.1,75.3,75.5,72.7,69.7,76.1,74.3,73.8,74.7,74.8,72.9,67.1,68.2,71.4,73.4,73.4
3351,78.5,67.9,72.5,79.8,76.6,76.1,76.7,75.9,74.2,73.9,75.6,75.5,75.9,73.3,75.6,74.4,75.6,74.2,75.5,76.3,75.1,74.1,75.4,74.1,76.7,76.7,75.3,74.3,74.9,74.6,75.5,73.2,72.5,73.9,73.7,73.7,80.1,67.3,79.6,73.6,77.5,75.7,77.1,74.0,77.8,72.6,75.2,71.0,78.7,72.3,74.7,70.7,79.3,71.9,66.7,73.2,68.5,70.5,70.5,72.5,71.2,73.2,75.5,73.3,72.1,73.2,70.7,73.7,74.7,75.5,77.1,78.9,75.3,75.6,72.9,70.1,75.9,74.4,74.3,75.5,75.4,73.7,67.3,68.1,72.0,74.0,73.9
3352,77.7,67.2,71.7,80.0,76.5,76.1,76.5,75.8,74.0,73.8,75.4,75.3,75.4,73.3,75.2,74.4,75.5,73.9,75.0,76.0,74.9,74.0,75.5,74.0,76.9,76.4,75.5,74.2,74.8,74.2,75.7,73.1,72.5,73.9,73.7,73.8,80.0,66.5,79.6,73.0,77.8,75.1,77.0,73.9,77.0,71.9,74.7,70.3,77.9,72.3,74.6,69.9,78.8,71.3,67.3,73.1,68.8,70.6,70.8,72.5,71.0,73.5,75.5,73.1,72.1,73.1,70.4,73.9,74.5,75.1,76.3,79.3,74.9,75.5,72.7,69.7,75.4,74.4,74.1,75.5,75.5,73.5,67.0,67.6,72.0,74.1,74.1
3353,75.9,65.9,69.8,79.4,76.0,75.4,76.0,75.2,73.2,73.2,74.6,75.0,74.7,72.8,74.7,73.6,74.9,73.0,74.2,75.0,74.5,73.6,74.8,73.6,76.0,75.7,74.8,73.5,74.2,73.5,75.2,72.1,71.7,73.3,73.4,73.4,78.9,65.2,79.0,72.3,77.3,73.5,76.3,73.2,75.7,70.6,73.8,69.2,76.3,71.4,73.8,68.4,77.6,69.8,66.6,72.4,68.2,70.1,70.4,72.0,70.2,73.0,74.8,72.1,71.3,72.2,69.0,73.2,73.7,74.4,75.3,78.7,74.0,74.8,71.9,68.8,74.5,73.4,73.4,74.6,75.0,73.0,66.3,66.4,71.4,73.5,73.5
3354,73.0,63.6,67.0,77.8,74.5,74.1,74.6,73.9,71.7,72.0,73.1,73.9,73.2,71.6,73.3,72.4,73.6,71.3,72.4,73.2,73.2,72.1,73.6,72.2,74.4,74.3,73.8,72.1,73.3,71.9,73.9,70.5,70.4,72.1,72.2,72.1,76.4,63.2,77.7,70.4,76.2,70.8,74.8,71.8,73.2,68.2,72.4,67.1,73.7,70.0,72.5,66.5,75.7,67.3,65.5,70.9,67.2,69.0,69.6,70.3,68.5,71.8,73.0,70.2,69.6,70.2,66.3,72.0,72.2,73.0,73.5,77.1,71.8,73.4,69.7,67.1,72.6,72.1,72.1,73.3,73.5,71.5,65.2,64.5,70.5,72.3,72.3
3355,68.3,60.0,62.2,74.9,72.2,72.1,72.4,71.5,69.1,69.6,70.7,71.9,70.2,69.6,71.0,70.0,71.2,67.6,69.8,70.2,70.8,69.4,71.2,69.6,71.3,71.7,72.0,69.8,70.9,69.5,71.9,67.6,68.0,69.5,70.4,69.8,71.0,59.7,74.9,66.6,73.8,65.4,72.0,68.9,69.1,64.1,69.2,63.7,69.2,67.2,70.1,63.9,72.6,63.2,63.5,68.3,65.1,66.8,68.1,67.5,66.1,69.5,69.7,66.6,66.8,67.3,62.4,70.1,69.5,70.5,70.1,74.5,68.1,71.1,65.7,64.2,69.4,69.5,69.7,70.5,70.6,68.9,62.6,62.0,68.4,70.2,70.1
3356,64.4,56.9,58.7,70.5,69.2,69.4,69.7,67.8,66.6,67.1,68.1,68.9,67.3,67.3,68.0,67.4,67.4,63.0,66.9,67.3,67.5,66.5,67.9,66.2,66.7,67.5,70.0,66.8,68.0,67.0,68.9,64.9,64.8,66.5,67.4,66.3,67.2,56.5,70.1,62.5,70.7,61.7,67.4,64.4,65.6,60.2,65.0,60.2,65.9,61.7,66.1,61.6,67.9,60.2,60.3,64.6,61.4,63.5,65.4,63.2,63.2,65.8,65.6,62.8,63.3,63.2,57.9,67.8,66.7,67.7,65.6,69.0,63.9,66.6,62.0,59.2,66.8,66.7,66.8,66.1,66.4,65.0,57.3,59.9,65.4,67.1,66.2
3357,61.5,54.8,56.6,67.0,66.8,67.6,67.9,65.6,65.0,65.7,66.5,66.9,65.8,65.6,66.3,65.7,65.2,60.3,65.3,65.8,65.5,64.6,66.1,64.3,63.8,65.1,68.5,65.0,65.9,65.6,66.9,63.6,62.7,64.4,65.2,63.9,64.7,54.5,66.8,59.6,68.1,59.6,64.2,61.8,63.3,57.7,61.9,58.2,63.1,57.4,62.6,59.9,63.4,58.1,58.4,61.8,59.3,61.2,62.6,61.1,60.8,61.9,62.4,60.4,60.8,60.4,55.9,66.5,65.0,65.9,62.4,64.9,61.1,63.9,59.7,56.5,65.3,65.4,65.2,62.8,64.0,62.1,54.1,58.4,63.0,65.2,63.5
3358,59.6,53.5,54.8,65.0,65.1,66.3,66.5,64.1,63.9,64.5,65.2,65.4,64.5,64.4,65.0,64.6,63.8,58.2,64.0,64.5,64.3,63.5,65.1,62.9,62.1,63.8,67.3,63.7,64.5,64.3,65.5,62.7,61.2,63.0,63.7,62.4,62.7,52.9,64.7,57.3,66.1,57.8,62.0,60.1,61.4,55.8,59.5,56.2,60.8,55.6,60.3,58.3,60.3,56.6,57.1,59.2,57.6,59.7,59.9,59.6,59.2,59.6,59.8,58.1,59.2,58.4,54.2,65.2,63.8,64.8,59.8,62.8,59.3,61.7,57.7,55.0,64.0,64.2,64.0,61.2,62.5,60.1,52.9,57.2,61.6,63.9,61.7
3359,57.9,52.3,53.6,63.2,63.7,65.3,65.1,62.9,63.0,63.5,64.0,64.2,63.4,63.4,63.8,63.7,62.7,56.4,63.0,63.6,63.1,62.7,64.1,61.9,60.9,63.0,66.3,62.8,63.4,63.3,64.5,61.8,59.8,61.6,62.4,61.1,61.1,51.6,63.0,55.3,64.2,56.5,60.5,58.7,59.7,54.2,57.3,54.4,58.7,53.9,58.1,56.8,58.3,55.3,56.3,56.9,56.6,58.4,57.9,58.0,57.8,57.8,58.0,56.4,57.5,56.7,52.4,64.3,62.8,63.8,57.7,61.1,57.0,60.2,55.2,53.1,63.2,63.2,63.1,59.8,61.2,58.7,52.2,56.2,60.4,62.7,60.3
3360,56.1,51.3,52.7,61.7,62.8,64.2,64.1,62.0,62.2,62.6,63.1,63.2,62.6,62.5,62.9,63.0,61.8,55.2,62.0,62.8,62.2,61.7,63.3,61.0,59.8,62.2,65.2,61.8,62.1,62.5,63.4,61.1,58.7,60.3,61.3,60.0,59.7,51.0,61.8,54.0,62.5,55.4,59.1,57.4,58.0,52.9,55.3,52.7,56.4,52.5,56.7,55.3,56.6,54.3,55.1,55.2,55.5,57.4,56.4,57.0,56.3,56.5,56.3,54.4,55.9,55.0,50.7,63.3,62.1,62.8,55.9,59.8,55.3,59.1,53.3,51.6,62.5,62.1,62.1,58.7,60.2,57.2,51.5,55.4,59.3,61.6,59.2
3361,54.9,50.6,51.8,60.2,61.7,63.3,63.0,61.1,61.4,61.8,62.3,62.4,61.8,61.7,62.0,62.0,61.0,53.8,61.4,61.9,61.4,60.8,62.7,60.1,58.7,61.1,64.4,61.0,61.3,61.9,62.4,60.4,57.7,59.3,60.2,59.0,58.6,50.2,60.7,52.6,60.4,54.4,58.1,56.1,56.5,51.7,53.3,51.1,53.9,50.4,55.0,53.7,55.0,53.5,54.3,53.8,54.5,56.4,55.2,55.9,55.3,55.1,55.1,52.6,54.3,53.8,49.5,62.5,61.2,62.1,54.1,58.5,53.9,57.6,51.8,50.3,61.8,61.2,61.3,57.8,59.3,55.9,51.0,54.5,58.3,60.5,58.2
3362,53.3,49.6,50.9,59.1,60.9,62.5,62.4,60.4,60.7,61.2,61.5,61.5,61.0,61.0,61.1,61.4,60.3,52.5,60.8,61.3,60.6,60.3,62.0,59.1,57.7,60.5,63.5,60.3,60.3,61.1,61.7,59.6,56.8,58.3,59.4,58.1,57.5,49.2,59.5,50.9,58.9,53.5,57.0,55.0,55.2,50.7,51.4,49.7,52.3,48.7,53.7,52.2,53.2,52.7,53.3,52.6,53.5,55.5,54.1,55.0,54.2,54.0,53.7,51.0,53.0,52.2,47.9,61.7,60.5,61.4,52.4,56.9,52.4,56.5,50.4,48.7,61.0,60.5,60.5,57.0,58.3,54.9,50.4,53.9,57.3,59.7,57.3
3363,52.2,48.9,49.9,57.8,59.9,61.8,61.8,59.6,60.0,60.5,60.8,60.8,60.5,60.3,60.5,60.8,59.6,51.6,60.2,60.6,60.0,59.7,61.4,58.2,56.9,59.8,62.8,59.7,59.6,60.5,61.0,59.1,56.1,57.6,58.5,57.3,56.4,48.5,58.5,49.3,57.4,53.0,56.0,53.8,53.8,49.9,49.9,48.4,50.6,47.5,52.3,50.9,51.3,52.0,52.3,51.5,52.5,54.7,52.9,53.9,53.2,52.9,52.7,49.3,52.0,51.0,46.6,61.0,59.7,60.7,50.8,55.7,51.2,55.3,49.0,47.5,60.5,59.7,60.0,56.2,57.5,54.0,49.7,53.2,56.4,58.9,56.6
3364,51.1,48.2,49.3,56.8,59.5,61.2,61.2,58.8,59.5,59.9,60.1,60.2,59.6,59.8,59.9,60.4,59.2,50.8,59.5,60.1,59.4,59.1,60.9,57.4,56.3,59.2,62.1,59.1,58.9,60.0,60.3,58.6,55.2,56.8,57.8,56.7,55.6,47.7,57.6,47.9,56.4,52.3,55.0,52.7,52.7,49.0,48.4,47.1,48.9,46.1,51.4,49.9,49.8,51.1,51.3,50.3,51.8,54.1,52.1,52.9,52.4,52.1,51.6,48.1,51.0,50.0,45.6,60.4,59.2,60.1,49.4,54.6,50.2,54.0,48.2,46.2,59.9,59.0,59.5,55.4,56.6,53.2,48.9,52.7,55.6,58.1,55.9
3365,50.6,47.7,48.8,56.1,58.9,60.6,60.6,58.4,59.0,59.3,59.7,59.6,59.1,59.2,59.3,59.9,58.6,50.8,59.2,59.8,58.9,58.7,60.5,56.8,55.8,58.3,61.6,58.7,58.3,59.7,59.8,58.3,54.6,56.3,57.2,56.0,55.0,47.3,56.8,46.8,55.3,51.8,54.2,51.7,52.0,48.4,47.5,46.4,48.0,44.9,50.2,49.0,48.4,50.8,50.6,50.1,51.0,53.4,51.3,52.4,52.4,51.2,51.5,46.9,50.3,49.5,44.6,59.8,58.9,59.6,48.1,53.7,49.3,53.1,47.4,45.2,59.4,58.7,59.0,54.6,56.0,52.5,48.3,52.7,55.0,57.6,55.3
3366,54.2,50.2,52.1,55.5,58.8,60.6,60.8,58.8,59.8,60.0,61.4,60.2,60.9,59.4,59.5,60.7,59.4,54.7,60.7,61.9,59.3,59.4,61.0,56.9,55.6,58.5,62.0,58.8,59.1,60.5,60.0,59.6,54.9,56.7,57.6,56.6,57.5,49.6,56.2,49.7,56.1,55.6,54.0,53.3,54.5,51.4,49.4,50.3,52.9,45.5,50.1,50.6,49.6,53.4,50.4,53.3,51.5,53.9,51.1,55.5,54.5,50.9,55.0,51.0,51.3,53.5,47.3,60.2,60.2,61.2,48.8,52.9,52.5,54.4,51.9,45.3,61.4,60.2,59.6,54.4,56.0,52.2,48.5,54.6,55.1,58.1,56.2
3367,58.9,54.1,56.7,58.2,61.1,62.4,62.9,61.5,62.7,62.3,64.1,62.6,63.8,61.6,61.8,63.1,62.2,58.1,63.7,64.7,62.0,62.0,63.3,59.2,58.1,61.2,63.8,61.2,61.6,63.1,62.3,62.1,57.2,59.4,59.7,59.6,61.7,53.6,58.8,56.1,59.2,60.1,56.5,57.5,58.3,56.4,53.7,55.3,59.7,50.8,56.1,53.8,55.6,56.9,52.4,57.5,54.3,56.8,53.3,58.6,56.8,53.8,58.7,56.4,53.4,57.9,52.1,62.2,63.1,63.8,55.1,56.1,56.6,59.5,56.7,51.1,64.5,63.0,62.0,57.0,58.7,54.8,52.4,57.3,57.4,60.7,59.1
3368,63.4,57.6,60.6,62.6,64.3,64.9,65.4,64.4,65.3,64.8,66.9,65.6,66.9,63.9,64.6,65.8,65.0,61.1,66.7,67.7,64.8,64.6,65.9,62.2,61.7,64.2,66.0,64.0,64.4,65.8,65.0,64.8,60.2,62.3,62.1,62.2,66.0,57.3,62.8,60.4,62.6,64.1,60.2,61.1,62.4,61.0,58.6,59.1,65.1,56.5,62.3,57.4,61.8,60.5,55.1,61.5,57.5,59.8,56.2,61.9,59.3,57.5,62.1,60.8,56.0,61.4,55.7,64.5,66.1,66.4,60.9,61.1,60.8,63.5,60.5,55.9,67.6,65.9,64.4,60.7,62.1,58.4,55.8,59.9,60.1,63.5,62.0
3369,67.6,61.1,64.2,66.9,67.2,67.4,68.0,67.3,67.7,67.0,69.5,68.3,69.6,66.1,67.3,68.0,67.6,63.9,69.5,70.2,67.3,67.1,68.2,65.0,65.1,67.3,68.3,66.7,67.0,68.2,67.6,67.2,63.2,65.1,64.6,64.8,69.5,60.7,66.6,63.9,65.9,67.1,64.0,64.1,66.2,64.6,63.2,62.2,69.2,61.4,66.3,60.9,67.2,63.6,58.3,64.7,60.6,62.5,59.2,64.6,61.9,61.1,65.2,64.3,59.0,64.6,58.9,66.7,68.6,68.9,66.1,65.6,64.4,66.4,63.8,60.2,70.2,68.4,66.7,64.4,65.5,62.1,58.4,62.3,62.9,66.4,64.9
3370,71.0,63.7,66.9,70.4,69.8,69.7,70.3,69.6,69.8,68.9,71.7,70.5,71.7,68.2,69.4,70.0,69.9,66.8,71.6,72.4,69.6,68.9,70.4,67.7,68.3,69.8,70.2,69.0,69.3,70.4,70.0,69.2,65.9,67.6,67.0,67.4,72.8,63.2,70.3,66.9,68.8,69.9,67.4,67.1,69.7,67.6,67.1,65.0,72.3,64.8,69.3,64.2,71.2,66.2,60.8,67.2,62.8,64.8,61.9,67.0,64.5,64.2,67.9,66.6,62.1,67.4,61.8,68.6,70.6,71.1,69.8,69.2,67.7,69.1,66.4,63.4,72.5,70.6,68.9,67.4,68.3,65.5,61.0,64.5,65.4,68.7,67.3
3371,74.0,65.9,69.1,73.4,72.1,71.7,72.3,71.7,71.5,70.6,73.6,72.2,73.5,69.8,71.4,71.5,71.8,69.2,73.3,74.2,71.5,70.7,72.1,69.9,71.0,72.2,71.9,70.8,71.3,71.9,71.9,70.8,68.0,69.7,69.0,69.5,75.2,65.4,73.3,69.4,71.6,72.1,70.4,69.6,72.6,70.4,70.0,66.9,75.1,67.9,71.3,66.8,74.4,68.5,63.0,69.4,64.7,66.8,64.5,69.2,66.9,66.9,70.1,68.8,64.9,69.5,64.7,70.3,72.1,72.8,72.6,72.3,70.6,71.3,68.5,65.9,74.1,72.3,70.6,70.0,70.8,68.3,63.3,66.3,67.6,70.8,69.5
3372,76.3,67.4,70.8,75.9,74.1,73.4,74.1,73.5,72.9,71.8,74.9,73.6,74.7,71.1,73.1,73.0,73.4,71.3,74.6,75.4,73.0,72.1,73.6,71.6,73.5,74.0,73.2,72.3,72.8,73.1,73.4,72.1,70.1,71.5,71.0,71.2,77.2,67.0,75.8,71.5,74.0,73.9,72.9,71.6,75.1,72.3,72.4,68.7,77.1,69.3,72.9,68.7,76.6,70.3,64.4,71.1,66.0,68.3,66.7,70.7,68.9,69.1,72.2,70.7,67.7,71.4,67.1,71.7,73.6,74.0,74.5,74.9,73.0,73.2,70.4,67.7,75.3,73.7,72.0,72.2,72.7,70.4,64.9,67.5,69.5,72.4,71.4
3373,77.8,68.4,72.3,77.8,75.6,74.9,75.6,74.9,73.9,72.9,75.7,74.7,75.8,72.4,74.5,74.0,74.7,73.1,75.6,76.2,74.2,73.1,74.6,73.2,75.3,75.5,74.5,73.6,74.1,74.2,74.8,73.2,71.5,72.8,72.8,72.6,78.9,67.7,77.6,72.6,75.8,75.3,75.0,73.1,77.0,73.4,74.1,70.1,78.3,71.0,73.7,70.0,78.4,71.6,65.4,72.3,67.1,69.2,68.4,71.8,70.1,71.1,74.0,72.2,69.7,72.6,69.2,72.8,74.6,75.1,76.1,77.0,74.7,74.7,71.9,69.0,76.3,74.5,73.3,73.8,74.3,72.2,66.2,68.3,70.9,73.5,73.0
3374,78.9,68.7,72.9,79.6,76.8,75.9,76.8,75.9,74.5,73.9,76.4,75.5,76.2,73.3,75.5,74.5,75.6,73.9,75.9,76.9,75.2,74.0,75.5,74.2,76.8,76.6,75.3,74.4,74.9,74.8,75.7,73.7,72.5,74.0,73.8,73.8,80.0,68.2,79.1,73.4,77.1,76.1,76.7,73.7,78.1,73.6,75.3,70.8,79.0,71.8,74.5,70.6,79.1,72.3,66.3,73.2,67.9,70.0,69.6,72.5,70.9,72.5,75.3,72.9,71.4,73.3,70.5,73.7,75.0,75.7,77.1,78.5,75.8,75.7,72.8,69.8,76.8,75.0,74.3,75.2,75.5,73.5,67.0,68.8,72.0,74.1,74.1
3375,79.1,68.4,73.0,80.3,77.3,76.6,77.2,76.5,74.7,74.4,76.3,76.1,76.5,73.7,76.0,74.8,76.1,74.7,76.2,77.1,75.7,74.4,75.9,74.9,77.4,77.3,75.8,74.7,75.5,75.1,76.2,73.7,73.1,74.6,74.4,74.2,80.5,67.8,80.0,74.0,77.9,76.0,77.7,74.2,78.4,73.2,75.6,71.0,78.8,72.4,74.9,70.7,79.6,72.3,66.6,73.6,68.4,70.4,70.5,72.9,71.4,73.2,75.8,73.1,72.2,73.5,70.8,74.2,75.3,75.9,77.4,79.3,75.7,75.8,73.0,70.2,76.6,75.1,74.7,76.0,76.1,74.2,67.3,68.7,72.7,74.7,74.6
3376,78.4,67.6,72.2,80.4,77.2,76.6,77.1,76.5,74.5,74.4,76.1,75.9,76.1,73.7,75.7,74.7,76.1,74.2,75.7,76.9,75.6,74.3,75.9,74.8,77.5,77.0,75.9,74.7,75.4,74.6,76.3,73.6,73.1,74.6,74.3,74.4,80.3,67.0,80.0,73.4,78.1,75.5,77.7,74.1,77.7,72.6,75.1,70.3,78.0,72.2,74.8,69.9,79.1,71.8,67.2,73.5,68.8,70.5,70.8,72.8,71.3,73.6,75.7,73.0,72.2,73.4,70.5,74.4,75.0,75.5,76.6,79.7,75.4,75.7,72.7,69.7,76.2,75.1,74.5,76.0,76.2,74.0,66.9,68.1,72.6,74.7,74.8
3377,76.6,66.3,70.3,79.9,76.7,76.0,76.6,75.8,73.7,73.8,75.2,75.6,75.4,73.2,75.2,74.0,75.5,73.3,74.8,75.8,75.1,73.8,75.2,74.3,76.6,76.3,75.3,74.1,74.8,73.9,75.8,72.6,72.4,73.9,74.1,73.8,79.2,65.6,79.4,72.6,77.7,73.9,77.0,73.5,76.4,71.3,74.2,69.2,76.4,71.4,74.0,68.4,77.8,70.2,66.5,72.8,68.1,70.0,70.2,72.3,70.5,73.0,75.1,72.1,71.4,72.3,69.1,73.7,74.2,74.9,75.6,79.1,74.6,75.1,71.9,68.9,75.1,74.2,73.9,75.1,75.6,73.5,66.3,66.8,72.0,74.1,74.2
3378,73.6,64.0,67.6,78.2,75.3,74.7,75.2,74.6,72.2,72.6,73.8,74.4,73.9,72.1,73.9,72.8,74.1,71.5,73.1,74.1,73.8,72.4,74.0,72.8,75.0,75.0,74.3,72.7,73.9,72.4,74.5,71.0,71.1,72.8,72.9,72.6,76.7,63.6,78.1,70.7,76.6,71.2,75.4,72.0,73.9,69.0,72.8,67.1,73.9,70.0,72.6,66.5,75.9,67.8,65.4,71.3,67.1,69.0,69.5,70.7,68.8,71.8,73.3,70.2,69.7,70.4,66.4,72.5,72.7,73.5,73.7,77.6,72.4,73.6,69.8,67.2,73.3,72.8,72.7,73.8,74.1,72.0,65.1,65.0,71.1,72.9,73.1
3379,68.9,60.4,62.8,75.3,73.0,72.7,73.1,72.0,69.6,70.2,71.3,72.4,70.9,70.2,71.6,70.5,71.8,67.9,70.5,71.0,71.4,69.8,71.7,70.2,71.9,72.4,72.5,70.3,71.5,70.0,72.5,68.2,68.8,70.2,71.1,70.4,71.3,60.0,75.4,66.9,74.2,65.9,72.6,69.2,69.7,64.7,69.6,63.7,69.3,67.3,70.2,64.0,72.8,63.6,63.5,68.8,65.1,66.8,68.1,67.9,66.4,69.6,70.0,66.7,66.8,67.5,62.6,70.6,70.0,71.0,70.4,75.1,68.6,71.4,65.9,64.3,70.1,70.2,70.3,71.0,71.2,69.4,62.6,62.5,69.2,70.9,70.8
3380,65.0,57.2,59.1,71.0,69.9,70.0,70.3,68.5,67.1,67.7,68.7,69.5,67.8,67.8,68.6,68.0,67.9,63.3,67.5,68.1,68.0,67.0,68.5,66.7,67.2,68.1,70.6,67.3,68.5,67.5,69.5,65.4,65.5,67.2,68.1,66.9,67.5,56.9,70.5,62.8,71.0,62.1,67.9,64.7,66.3,60.7,65.4,60.2,66.0,61.9,66.3,61.6,68.1,60.7,60.3,65.0,61.4,63.6,65.5,63.6,63.5,66.0,65.7,62.7,63.3,63.5,58.1,68.3,67.2,68.2,65.9,69.5,64.4,66.9,62.1,59.4,67.4,67.3,67.4,66.7,67.0,65.6,57.3,60.3,66.1,67.8,66.9
3381,62.1,55.2,57.1,67.6,67.5,68.3,68.5,66.2,65.6,66.4,67.0,67.4,66.4,66.2,66.8,66.3,65.7,60.6,65.9,66.5,66.1,65.1,66.7,64.9,64.3,65.7,69.1,65.5,66.5,66.0,67.5,64.0,63.3,65.2,65.9,64.4,65.0,54.9,67.2,59.8,68.5,60.2,64.8,62.1,63.9,58.2,62.3,58.2,63.1,57.6,62.8,59.9,63.7,58.6,58.4,62.1,59.3,61.2,62.6,61.4,61.1,62.0,62.6,60.3,60.9,60.6,55.9,66.9,65.5,66.4,62.6,65.4,61.7,64.1,59.7,56.7,65.9,66.0,65.8,63.4,64.6,62.6,54.1,58.8,63.8,65.8,64.1
3382,60.1,53.9,55.4,65.5,65.8,66.9,67.0,64.7,64.5,65.1,65.7,65.9,65.1,65.0,65.5,65.2,64.3,58.5,64.6,65.3,64.8,64.0,65.6,63.4,62.6,64.3,67.9,64.2,65.1,64.8,66.1,63.2,61.9,63.7,64.3,62.9,63.0,53.3,65.2,57.5,66.5,58.4,62.5,60.3,62.0,56.3,60.0,56.2,60.8,55.7,60.5,58.3,60.7,57.2,57.1,59.5,57.5,59.8,59.9,60.0,59.5,59.7,60.0,58.0,59.2,58.6,54.2,65.8,64.3,65.3,60.1,63.4,59.8,62.0,57.8,55.3,64.6,64.8,64.6,61.8,63.2,60.8,52.9,57.7,62.3,64.5,62.4
3383,58.5,52.6,54.2,63.7,64.4,65.8,65.7,63.5,63.6,64.1,64.6,64.8,64.0,64.0,64.4,64.3,63.3,56.6,63.6,64.3,63.6,63.2,64.7,62.5,61.4,63.6,66.8,63.4,63.9,63.9,65.1,62.3,60.5,62.3,63.1,61.6,61.6,52.0,63.5,55.6,64.6,57.0,61.0,58.9,60.2,54.8,57.7,54.4,58.7,54.0,58.4,56.9,58.6,55.8,56.2,57.2,56.5,58.4,57.9,58.3,58.1,57.9,58.2,56.3,57.5,56.9,52.5,64.8,63.3,64.3,58.0,61.7,57.5,60.5,55.2,53.3,63.7,63.9,63.7,60.4,61.7,59.3,52.2,56.7,61.1,63.3,61.0
3384,56.8,51.7,53.4,62.2,63.3,64.8,64.7,62.7,62.8,63.2,63.7,63.8,63.2,63.1,63.4,63.6,62.4,55.5,62.7,63.6,62.7,62.2,63.8,61.6,60.3,62.6,65.8,62.3,62.7,63.1,64.0,61.6,59.4,61.1,62.0,60.5,60.1,51.4,62.4,54.2,62.8,55.8,59.6,57.7,58.6,53.4,55.6,52.7,56.4,52.6,57.0,55.3,56.8,54.8,55.0,55.5,55.4,57.4,56.5,57.4,56.6,56.6,56.5,54.3,56.0,55.2,50.8,63.8,62.6,63.3,56.2,60.4,55.8,59.4,53.3,51.6,63.0,62.8,62.8,59.3,60.9,57.8,51.5,55.9,59.9,62.2,60.0
3385,55.6,51.0,52.4,60.7,62.3,63.9,63.6,61.7,62.0,62.4,62.9,63.0,62.4,62.3,62.6,62.6,61.7,54.1,62.1,62.7,61.9,61.3,63.2,60.7,59.2,61.6,64.9,61.6,61.9,62.5,63.0,61.0,58.4,60.0,60.9,59.6,59.0,50.5,61.3,52.8,60.7,54.9,58.6,56.5,57.0,52.3,53.6,51.2,54.0,50.5,55.2,53.7,55.2,54.1,54.2,54.1,54.5,56.4,55.3,56.2,55.6,55.3,55.3,52.5,54.4,53.9,49.5,63.0,61.8,62.7,54.4,59.1,54.5,57.9,51.8,50.3,62.3,61.9,61.9,58.4,59.9,56.5,51.0,55.1,59.0,61.1,58.9
3386,54.1,50.1,51.5,59.6,61.5,63.1,62.9,61.1,61.3,61.9,62.1,62.1,61.6,61.6,61.6,62.0,60.9,53.0,61.4,62.1,61.2,60.8,62.6,59.7,58.4,61.0,64.1,60.8,60.9,61.7,62.3,60.2,57.5,59.0,60.0,58.8,57.9,49.5,60.1,51.2,59.2,54.0,57.6,55.3,55.7,51.2,51.7,49.8,52.4,48.8,53.9,52.2,53.4,53.3,53.2,52.9,53.4,55.5,54.1,55.4,54.5,54.1,54.0,50.9,53.0,52.4,47.9,62.3,61.0,61.9,52.7,57.5,52.9,56.7,50.4,48.7,61.7,61.2,61.2,57.6,58.9,55.6,50.3,54.5,58.0,60.4,58.0
3387,52.9,49.4,50.6,58.3,60.6,62.4,62.3,60.2,60.6,61.1,61.4,61.4,61.0,60.9,61.0,61.5,60.2,52.1,60.8,61.4,60.7,60.2,62.0,58.9,57.6,60.3,63.4,60.2,60.2,61.1,61.6,59.7,56.8,58.3,59.2,58.0,56.9,48.7,59.0,49.6,57.8,53.4,56.7,54.1,54.3,50.4,50.3,48.4,50.6,47.6,52.5,50.9,51.5,52.5,52.2,51.7,52.5,54.7,53.0,54.3,53.6,53.0,52.9,49.2,52.0,51.2,46.7,61.6,60.3,61.3,51.1,56.2,51.6,55.6,49.2,47.4,61.1,60.4,60.7,56.9,58.2,54.7,49.6,53.9,57.1,59.6,57.3
3388,51.7,48.6,50.0,57.2,60.1,61.8,61.7,59.4,60.0,60.5,60.8,60.8,60.2,60.4,60.3,61.0,59.8,51.2,60.1,60.8,60.0,59.7,61.4,58.0,57.0,59.8,62.6,59.7,59.6,60.6,60.9,59.2,56.0,57.6,58.6,57.3,56.1,48.1,58.2,48.3,56.7,52.8,55.6,53.1,53.2,49.5,48.6,47.2,48.8,46.2,51.5,49.9,50.0,51.7,51.3,50.6,51.7,54.0,52.1,53.3,52.7,52.1,51.8,48.1,51.0,50.1,45.6,61.0,59.8,60.7,49.7,55.1,50.6,54.2,48.4,46.3,60.6,59.7,60.2,56.0,57.3,54.0,48.9,53.3,56.4,58.8,56.6
3389,51.2,48.1,49.5,56.5,59.5,61.2,61.2,59.0,59.6,60.0,60.4,60.1,59.6,59.8,59.8,60.5,59.3,51.2,59.8,60.5,59.6,59.2,61.0,57.4,56.5,58.9,62.2,59.2,59.0,60.2,60.4,58.9,55.3,57.1,57.9,56.7,55.4,47.6,57.2,47.2,55.6,52.2,54.9,52.0,52.4,48.9,47.6,46.4,48.0,45.1,50.3,49.1,48.6,51.4,50.5,50.4,50.9,53.4,51.3,52.8,52.8,51.3,51.8,46.9,50.4,49.6,44.6,60.4,59.5,60.1,48.4,54.3,49.7,53.4,47.6,45.3,60.1,59.3,59.7,55.3,56.7,53.3,48.3,53.3,55.7,58.3,56.0
3390,54.9,50.6,52.6,56.0,59.5,61.2,61.4,59.5,60.4,60.7,62.1,60.8,61.6,60.1,60.1,61.4,60.2,55.0,61.4,62.7,60.0,60.0,61.6,57.6,56.3,59.1,62.7,59.4,59.9,61.1,60.6,60.3,55.6,57.5,58.4,57.3,58.0,49.9,56.7,50.2,56.4,56.0,54.7,53.8,55.1,52.0,49.7,50.3,53.0,45.7,50.3,50.7,49.9,54.0,50.3,53.6,51.4,53.9,51.2,55.8,54.8,51.1,55.3,51.2,51.4,53.8,47.4,60.9,60.8,61.8,49.1,53.5,53.0,54.8,52.2,45.4,62.2,61.0,60.3,55.2,56.7,52.9,48.6,55.3,55.8,58.9,56.9
3391,59.6,54.5,57.2,58.8,61.8,63.0,63.5,62.2,63.4,63.0,64.8,63.3,64.5,62.4,62.5,63.9,62.9,58.4,64.4,65.5,62.7,62.7,63.9,59.9,58.8,61.8,64.5,61.8,62.3,63.8,63.0,62.9,57.9,60.1,60.4,60.2,62.3,53.9,59.3,56.5,59.5,60.6,57.2,57.8,58.9,56.9,53.9,55.3,59.7,51.0,56.3,53.9,55.8,57.3,52.3,57.8,54.2,56.8,53.5,59.0,57.0,53.9,58.9,56.6,53.5,58.1,52.3,63.0,63.7,64.5,55.3,56.7,57.1,59.9,56.9,51.2,65.3,63.8,62.8,57.7,59.3,55.5,52.5,57.9,58.0,61.4,59.8
3392,64.1,58.0,61.1,63.2,65.0,65.5,66.1,65.0,66.1,65.5,67.7,66.3,67.6,64.7,65.3,66.6,65.8,61.4,67.4,68.5,65.5,65.4,66.6,62.8,62.4,64.9,66.8,64.7,65.1,66.6,65.7,65.6,60.8,63.0,62.8,62.8,66.6,57.6,63.4,60.9,63.0,64.7,60.9,61.3,63.0,61.5,58.8,59.1,65.2,56.6,62.5,57.6,62.0,60.9,55.0,61.8,57.4,59.7,56.3,62.2,59.6,57.6,62.3,60.9,56.1,61.7,55.9,65.3,66.7,67.3,61.2,61.7,61.2,63.8,60.7,55.9,68.3,66.7,65.1,61.3,62.7,59.0,55.9,60.5,60.6,64.2,62.7
3393,68.3,61.5,64.6,67.4,67.9,68.0,68.7,67.9,68.5,67.8,70.3,69.1,70.5,66.9,67.9,68.8,68.4,64.2,70.2,71.1,68.0,67.9,68.9,65.5,65.8,68.0,69.1,67.3,67.7,69.0,68.3,68.0,63.7,65.7,65.3,65.4,70.3,61.0,67.2,64.4,66.3,67.9,64.6,64.3,66.8,65.1,63.5,62.2,69.2,61.4,66.5,61.0,67.3,64.0,58.3,65.1,60.5,62.4,59.3,65.0,62.1,61.2,65.4,64.4,59.3,64.9,59.0,67.5,69.3,69.7,66.4,66.3,64.8,66.6,63.9,60.2,70.9,69.3,67.4,65.0,66.1,62.6,58.5,62.9,63.4,67.0,65.4
3394,71.7,64.2,67.3,70.9,70.4,70.3,71.0,70.2,70.6,69.6,72.6,71.4,72.6,68.9,70.1,70.9,70.6,67.1,72.5,73.3,70.2,69.8,71.1,68.3,69.0,70.5,70.9,69.6,70.0,71.2,70.6,70.1,66.3,68.2,67.6,67.9,73.5,63.6,71.1,67.3,69.3,70.7,68.0,67.3,70.3,68.1,67.4,65.1,72.3,64.7,69.4,64.3,71.4,66.6,60.7,67.6,62.6,64.7,62.0,67.4,64.7,64.3,68.2,66.7,62.4,67.6,62.0,69.4,71.3,71.9,70.1,70.0,68.2,69.3,66.5,63.4,73.2,71.5,69.6,67.9,68.8,66.0,61.0,65.1,65.8,69.3,67.8
3395,74.7,66.5,69.6,74.0,72.8,72.3,72.9,72.4,72.3,71.4,74.5,73.1,74.4,70.5,72.0,72.5,72.5,69.5,74.2,75.1,72.1,71.5,72.8,70.5,71.7,72.8,72.6,71.3,71.9,72.7,72.5,71.7,68.4,70.2,69.6,69.9,76.0,65.8,74.1,69.9,72.1,72.9,71.0,69.7,73.2,70.9,70.2,67.0,75.1,67.9,71.4,67.0,74.6,68.8,62.9,69.8,64.5,66.7,64.6,69.5,67.0,66.9,70.3,68.9,65.1,69.7,64.9,71.0,72.9,73.7,72.8,73.1,71.1,71.5,68.7,66.0,74.9,73.2,71.3,70.5,71.3,68.7,63.3,66.9,68.0,71.4,69.9
3396,77.0,68.0,71.3,76.6,74.7,74.0,74.8,74.1,73.7,72.5,75.8,74.6,75.6,71.8,73.7,73.9,74.0,71.6,75.5,76.3,73.6,73.0,74.3,72.2,74.1,74.7,73.8,72.8,73.4,73.9,74.1,72.9,70.4,72.1,71.5,71.6,78.0,67.6,76.6,72.1,74.4,74.7,73.5,71.8,75.6,72.8,72.6,68.8,77.1,69.4,73.0,68.8,76.8,70.6,64.3,71.4,65.9,68.2,66.7,71.0,69.0,69.1,72.4,70.8,68.0,71.6,67.3,72.4,74.4,74.8,74.8,75.7,73.6,73.4,70.6,67.7,76.1,74.6,72.6,72.7,73.1,70.7,64.8,68.1,69.9,73.0,71.8
3397,78.5,69.0,72.8,78.6,76.2,75.5,76.1,75.5,74.7,73.6,76.6,75.6,76.7,72.9,75.0,74.8,75.3,73.3,76.4,77.1,74.8,73.9,75.2,73.7,75.9,76.2,75.1,74.1,74.7,74.9,75.3,74.0,71.8,73.3,73.2,73.0,79.6,68.2,78.5,73.3,76.2,76.0,75.6,73.3,77.6,73.9,74.2,70.1,78.3,71.0,73.9,70.1,78.5,72.0,65.3,72.6,67.0,69.2,68.5,72.1,70.2,71.1,74.2,72.3,70.0,72.8,69.5,73.4,75.4,76.0,76.3,77.8,75.2,75.0,72.0,69.0,77.1,75.4,73.9,74.3,74.8,72.5,66.3,68.9,71.3,74.1,73.4
3398,79.5,69.3,73.4,80.4,77.4,76.5,77.4,76.5,75.3,74.5,77.2,76.4,77.0,73.8,76.1,75.2,76.2,74.2,76.7,77.9,75.7,74.7,76.1,74.8,77.4,77.3,75.9,75.0,75.5,75.5,76.2,74.5,72.8,74.5,74.3,74.1,80.7,68.6,79.9,74.1,77.5,76.8,77.3,73.9,78.7,74.1,75.4,70.8,79.1,71.9,74.7,70.9,79.3,72.6,66.2,73.5,67.8,69.9,69.7,72.8,71.0,72.6,75.5,73.0,71.7,73.5,70.8,74.3,75.8,76.6,77.3,79.3,76.3,75.9,72.9,69.7,77.6,75.8,74.8,75.7,75.9,73.8,67.0,69.3,72.3,74.7,74.4
3399,79.8,69.0,73.5,81.0,77.8,77.1,77.7,77.0,75.4,75.0,77.1,76.9,77.4,74.2,76.5,75.6,76.6,75.0,77.0,78.0,76.2,75.0,76.4,75.5,78.0,77.9,76.3,75.3,76.0,75.7,76.7,74.4,73.4,75.0,74.8,74.6,81.2,68.3,80.8,74.7,78.3,76.7,78.3,74.4,79.0,73.8,75.7,70.9,79.0,72.4,75.1,71.0,79.7,72.6,66.5,73.9,68.4,70.4,70.5,73.2,71.7,73.1,76.1,73.1,72.4,73.8,71.1,74.8,75.9,76.7,77.5,80.1,76.2,76.0,73.2,70.1,77.4,76.0,75.3,76.3,76.5,74.4,67.3,69.3,73.0,75.2,74.9
3400,79.2,68.0,72.7,81.1,77.7,77.2,77.6,76.9,75.2,74.9,76.9,76.7,76.8,74.2,76.2,75.4,76.7,74.5,76.5,77.7,76.1,75.0,76.5,75.3,78.1,77.6,76.4,75.3,75.9,75.3,76.9,74.3,73.4,75.1,74.8,74.7,81.0,67.3,80.7,74.0,78.6,76.2,78.2,74.3,78.4,73.1,75.3,70.3,78.2,72.3,74.9,70.2,79.2,72.1,67.2,73.8,68.8,70.6,70.8,73.1,71.5,73.4,75.9,73.0,72.4,73.6,70.8,74.9,75.7,76.3,76.7,80.5,76.0,75.9,72.9,69.7,77.0,75.9,75.1,76.3,76.6,74.1,66.9,68.6,73.0,75.1,75.1
3401,77.3,66.7,71.0,80.6,77.1,76.5,77.1,76.3,74.3,74.3,75.9,76.4,76.2,73.7,75.7,74.7,76.0,73.6,75.6,76.6,75.6,74.4,75.8,74.7,77.2,76.9,75.9,74.6,75.2,74.6,76.3,73.3,72.7,74.3,74.5,74.2,79.8,66.0,80.1,73.3,78.3,74.4,77.6,73.7,77.1,71.8,74.4,69.2,76.8,71.6,74.2,68.7,78.0,70.4,66.6,73.1,68.1,70.1,70.3,72.7,70.7,72.9,75.3,72.2,71.7,72.6,69.4,74.2,74.9,75.7,75.8,79.9,75.1,75.3,72.3,69.0,75.9,74.9,74.5,75.4,76.0,73.8,66.3,67.4,72.5,74.5,74.5
3402,74.3,64.4,68.1,78.9,75.7,75.2,75.7,75.0,72.7,73.1,74.5,75.1,74.7,72.6,74.4,73.5,74.6,71.8,73.7,74.7,74.4,73.0,74.7,73.3,75.6,75.5,74.9,73.2,74.3,73.0,75.0,71.7,71.3,73.1,73.4,72.9,77.2,63.9,78.8,71.3,77.1,71.8,76.0,72.2,74.5,69.6,72.9,67.3,74.1,70.2,72.8,66.8,76.1,68.0,65.5,71.6,67.2,69.0,69.6,71.0,69.1,71.9,73.6,70.3,69.9,70.7,66.8,73.1,73.3,74.3,73.9,78.4,72.9,73.9,70.2,67.2,74.1,73.6,73.2,74.0,74.6,72.2,65.2,65.6,71.4,73.3,73.3
3403,69.6,60.8,63.3,76.0,73.5,73.3,73.6,72.4,70.2,70.7,72.1,73.1,71.7,70.7,72.0,71.2,72.3,68.2,71.2,71.7,71.9,70.4,72.3,70.6,72.5,72.9,73.0,70.9,72.0,70.6,73.0,68.8,69.0,70.7,71.5,70.7,71.9,60.5,76.1,67.5,74.7,66.4,73.2,69.3,70.3,65.2,69.8,63.9,69.6,67.5,70.4,64.3,73.0,63.9,63.6,69.1,65.1,66.9,68.2,68.3,66.6,69.7,70.4,66.9,67.1,67.7,62.9,71.1,70.6,71.8,70.6,75.8,69.1,71.7,66.3,64.5,70.8,71.1,70.8,71.4,71.6,69.7,62.6,63.1,69.4,71.4,71.0
3404,65.6,57.6,59.6,71.6,70.4,70.5,70.8,68.9,67.6,68.2,69.4,70.1,68.6,68.4,69.1,68.6,68.5,63.5,68.2,68.8,68.5,67.6,69.1,67.1,67.8,68.6,71.1,67.9,69.0,68.1,70.0,66.0,65.7,67.7,68.6,67.3,68.0,57.3,71.2,63.3,71.7,62.6,68.5,64.9,66.8,61.1,65.5,60.3,66.1,62.0,66.5,61.9,68.4,60.9,60.4,65.3,61.5,63.6,65.6,63.9,63.8,66.1,66.3,62.9,63.6,63.8,58.4,68.9,67.8,69.0,66.1,70.2,64.9,67.2,62.4,59.5,68.1,68.2,68.0,67.1,67.4,65.8,57.4,60.9,66.4,68.2,67.2
3405,62.7,55.7,57.5,68.2,68.0,68.7,69.0,66.8,66.2,66.9,67.7,68.1,67.1,66.7,67.3,66.9,66.2,60.8,66.5,67.2,66.6,65.6,67.2,65.3,64.8,66.2,69.6,66.1,66.9,66.6,67.9,64.6,63.6,65.6,66.4,64.9,65.5,55.3,67.9,60.2,69.1,60.6,65.3,62.2,64.4,58.7,62.5,58.4,63.2,57.7,63.0,60.2,64.0,58.9,58.5,62.5,59.3,61.3,62.7,61.7,61.4,62.2,63.0,60.4,61.1,60.9,56.1,67.5,66.0,67.1,62.8,66.0,62.1,64.4,60.1,56.7,66.5,66.8,66.4,63.9,65.0,62.9,54.1,59.3,64.1,66.2,64.5
3406,60.6,54.2,55.9,66.1,66.2,67.3,67.4,65.2,65.0,65.6,66.3,66.5,65.7,65.5,66.0,65.8,64.8,58.8,65.2,65.9,65.3,64.5,66.1,63.8,63.2,64.7,68.4,64.8,65.5,65.3,66.5,63.8,62.3,64.2,64.8,63.3,63.4,53.6,65.9,57.9,67.1,58.8,63.0,60.5,62.5,56.9,60.1,56.3,61.0,55.8,60.7,58.6,61.0,57.4,57.0,59.8,57.5,59.8,60.0,60.2,59.8,59.9,60.5,58.0,59.4,58.9,54.3,66.3,64.8,66.0,60.3,64.0,60.2,62.2,58.1,55.4,65.2,65.6,65.2,62.3,63.7,61.1,52.9,58.1,62.6,64.9,62.8
3407,58.9,53.1,54.6,64.2,64.8,66.2,66.1,64.0,64.1,64.6,65.2,65.4,64.6,64.4,64.7,64.8,63.8,57.0,64.2,65.0,64.1,63.6,65.1,62.9,61.9,64.0,67.3,63.9,64.4,64.5,65.5,62.9,61.0,62.9,63.6,62.1,62.2,52.3,64.2,56.0,65.0,57.4,61.5,59.0,60.8,55.3,57.7,54.5,58.9,54.1,58.6,57.1,58.8,56.1,56.1,57.6,56.5,58.4,58.1,58.5,58.4,58.1,58.7,56.5,57.7,57.2,52.7,65.3,63.7,65.0,58.2,62.3,57.9,60.8,55.5,53.3,64.4,64.6,64.1,60.8,62.2,59.6,52.2,57.1,61.6,63.7,61.5
3408,57.1,52.1,53.7,62.7,63.8,65.2,65.1,63.1,63.3,63.6,64.3,64.3,63.8,63.5,63.8,64.1,62.8,55.8,63.3,64.2,63.2,62.7,64.2,62.0,60.8,63.1,66.2,62.8,63.2,63.7,64.4,62.2,60.0,61.6,62.6,61.0,60.7,51.8,63.0,54.5,63.2,56.2,60.2,57.6,59.0,53.9,55.6,52.8,56.6,52.7,57.1,55.5,57.1,55.1,54.9,55.9,55.3,57.4,56.6,57.6,56.9,56.7,57.0,54.4,56.2,55.5,51.1,64.2,63.1,64.0,56.4,60.9,56.2,59.5,53.6,51.6,63.6,63.4,63.2,59.8,61.3,58.2,51.6,56.3,60.4,62.6,60.5
3409,56.0,51.4,52.7,61.2,62.8,64.3,64.0,62.2,62.5,62.8,63.4,63.5,62.9,62.7,62.9,63.2,62.0,54.5,62.7,63.3,62.3,61.9,63.7,61.1,59.8,61.9,65.3,62.0,62.4,63.0,63.4,61.6,59.0,60.5,61.4,60.2,59.4,50.8,61.9,53.0,61.2,55.2,59.1,56.4,57.5,52.6,53.6,51.3,54.2,50.4,55.3,53.8,55.4,54.4,54.1,54.4,54.4,56.3,55.4,56.4,55.9,55.4,55.8,52.5,54.5,54.3,49.7,63.4,62.3,63.3,54.5,59.6,54.9,58.1,52.0,50.3,62.9,62.5,62.4,58.8,60.3,57.0,51.0,55.5,59.6,61.5,59.4
3410,54.4,50.6,51.7,60.1,62.0,63.5,63.3,61.5,61.8,62.3,62.6,62.7,62.2,62.0,62.0,62.6,61.3,53.2,62.0,62.7,61.6,61.3,62.9,60.1,58.9,61.4,64.4,61.2,61.4,62.3,62.6,60.8,58.0,59.6,60.6,59.3,58.3,49.9,60.7,51.5,59.7,54.4,58.1,55.2,56.1,51.6,51.7,49.8,52.4,48.7,54.0,52.3,53.6,53.6,53.0,53.2,53.3,55.4,54.2,55.6,54.9,54.2,54.5,50.9,53.1,52.6,48.2,62.6,61.5,62.5,52.8,57.9,53.4,56.8,50.8,48.6,62.3,61.8,61.6,58.1,59.4,56.0,50.3,54.9,58.5,60.8,58.5
3411,53.2,49.8,50.8,58.8,61.1,62.7,62.7,60.7,61.1,61.5,62.0,62.0,61.6,61.3,61.4,62.0,60.6,52.5,61.5,62.0,61.0,60.7,62.4,59.4,58.0,60.7,63.7,60.6,60.7,61.7,62.0,60.3,57.3,58.9,59.8,58.6,57.3,49.1,59.4,49.9,58.2,53.8,57.1,54.0,54.8,50.7,50.2,48.5,50.6,47.5,52.6,51.0,51.7,52.9,52.0,52.0,52.2,54.7,53.1,54.5,53.9,53.1,53.4,49.3,52.1,51.4,46.8,61.9,60.8,61.9,51.2,56.7,52.0,55.6,49.3,47.3,61.7,61.0,61.1,57.2,58.6,55.3,49.7,54.3,57.6,60.0,57.9
3412,52.0,49.0,50.2,57.6,60.6,62.1,62.1,59.8,60.5,60.9,61.3,61.4,60.8,60.8,60.7,61.5,60.2,51.6,60.8,61.5,60.4,60.1,61.9,58.5,57.4,60.1,63.0,60.1,60.1,61.2,61.3,59.8,56.4,58.2,59.2,57.9,56.5,48.4,58.7,48.5,57.1,53.1,56.0,53.0,53.6,49.8,48.6,47.3,48.9,46.0,51.6,50.0,50.2,52.0,51.1,50.9,51.6,53.9,52.2,53.5,53.0,52.2,52.2,48.1,51.2,50.4,45.8,61.3,60.4,61.3,49.7,55.5,51.1,54.2,48.5,46.1,61.2,60.3,60.6,56.4,57.7,54.4,48.9,53.8,56.8,59.3,57.2
3413,51.5,48.5,49.7,56.9,59.9,61.5,61.5,59.4,60.1,60.3,61.0,60.7,60.3,60.2,60.2,60.9,59.7,51.6,60.5,61.2,59.9,59.6,61.4,57.8,56.9,59.2,62.6,59.6,59.5,60.8,60.8,59.5,55.8,57.7,58.6,57.3,55.8,47.9,57.6,47.4,56.0,52.6,55.2,51.9,52.8,49.2,47.5,46.5,48.0,45.0,50.4,49.2,48.8,51.8,50.4,50.8,50.8,53.4,51.4,53.0,53.1,51.4,52.2,46.9,50.5,49.8,44.7,60.8,60.0,60.7,48.4,54.8,50.0,53.4,47.7,45.2,60.8,59.9,60.1,55.6,57.1,53.7,48.3,53.8,56.1,58.8,56.6
3414,55.3,51.1,53.0,56.5,59.9,61.6,61.7,59.9,60.9,61.1,62.7,61.3,62.2,60.6,60.4,61.8,60.6,55.4,62.0,63.3,60.4,60.5,62.0,58.1,56.7,59.6,63.1,59.8,60.4,61.7,61.0,60.9,56.1,58.1,59.0,58.1,58.4,50.3,57.1,50.5,56.7,56.5,55.1,53.8,55.5,52.4,49.8,50.5,53.2,45.5,50.4,50.8,50.1,54.4,50.2,54.0,51.3,54.0,51.4,56.1,55.1,51.3,55.8,51.3,51.5,54.0,47.6,61.3,61.3,62.5,49.2,53.9,53.4,54.9,52.4,45.4,62.9,61.6,60.7,55.6,57.1,53.4,48.7,55.8,56.2,59.5,57.5
3415,60.1,55.0,57.6,59.3,62.3,63.4,63.9,62.6,63.8,63.5,65.4,63.8,65.1,62.8,62.8,64.4,63.3,58.7,65.1,66.3,63.1,63.2,64.4,60.3,59.2,62.3,64.9,62.3,62.9,64.4,63.4,63.4,58.4,60.7,61.0,60.9,62.8,54.4,59.8,56.9,59.9,61.1,57.6,57.9,59.4,57.4,54.0,55.6,59.9,51.0,56.5,54.1,56.0,57.7,52.2,58.2,54.2,56.8,53.7,59.2,57.4,54.2,59.3,56.7,53.7,58.3,52.5,63.4,64.3,65.2,55.6,57.1,57.6,60.1,57.2,51.2,66.0,64.5,63.2,58.1,59.7,55.9,52.6,58.5,58.4,62.0,60.4
3416,64.7,58.6,61.6,63.7,65.4,65.9,66.6,65.5,66.5,65.9,68.3,66.9,68.2,65.1,65.7,67.1,66.1,61.7,68.0,69.3,65.9,65.8,67.0,63.2,62.8,65.4,67.2,65.1,65.7,67.1,66.1,66.1,61.2,63.4,63.4,63.3,67.2,58.0,63.9,61.3,63.3,65.2,61.2,61.4,63.5,62.0,58.9,59.4,65.5,56.6,62.7,57.8,62.1,61.3,55.0,62.1,57.5,59.8,56.5,62.4,59.9,57.9,62.6,61.2,56.3,61.9,56.1,65.8,67.2,67.9,61.4,62.3,61.7,63.9,61.0,56.0,68.9,67.3,65.6,61.7,63.0,59.5,56.1,61.1,61.0,64.7,63.3
3417,68.8,61.9,65.1,68.0,68.3,68.5,69.2,68.4,69.0,68.2,70.9,69.7,71.1,67.3,68.4,69.3,68.9,64.6,70.8,71.9,68.5,68.4,69.4,66.0,66.2,68.6,69.5,67.8,68.2,69.6,68.8,68.6,64.1,66.2,65.7,65.9,70.9,61.5,67.8,64.9,66.7,68.3,65.0,64.4,67.3,65.6,63.6,62.5,69.5,61.5,66.7,61.3,67.5,64.4,58.3,65.4,60.6,62.6,59.5,65.2,62.4,61.5,65.7,64.7,59.4,65.1,59.3,67.9,69.8,70.4,66.7,66.8,65.3,66.8,64.3,60.3,71.6,69.9,67.9,65.3,66.3,63.0,58.6,63.5,63.7,67.6,66.0
3418,72.2,64.7,67.8,71.5,70.9,70.9,71.5,70.8,71.1,70.1,73.2,72.0,73.2,69.4,70.6,71.4,71.1,67.4,73.1,74.1,70.8,70.2,71.6,68.7,69.3,71.0,71.4,70.1,70.5,71.8,71.2,70.6,66.6,68.6,68.0,68.3,74.1,64.0,71.7,67.9,69.7,71.2,68.4,67.4,70.8,68.6,67.5,65.4,72.7,65.0,69.6,64.7,71.6,67.1,60.8,67.8,62.8,64.8,62.2,67.6,65.0,64.6,68.4,67.0,62.5,67.8,62.3,69.9,71.8,72.6,70.4,70.6,68.7,69.5,66.8,63.7,73.7,72.1,70.1,68.3,69.1,66.4,61.1,65.6,66.1,69.9,68.3
3419,75.2,67.0,70.1,74.6,73.2,72.8,73.5,72.9,72.9,71.9,75.1,73.7,75.0,71.0,72.5,73.0,73.0,69.8,74.8,75.9,72.6,72.1,73.4,70.8,72.0,73.4,73.1,71.8,72.5,73.4,73.0,72.2,68.7,70.7,70.0,70.3,76.6,66.2,74.8,70.5,72.6,73.4,71.5,69.9,73.7,71.3,70.4,67.4,75.4,68.1,71.6,67.3,74.8,69.4,63.1,70.0,64.7,66.8,64.8,69.7,67.3,67.2,70.5,69.3,65.2,69.9,65.1,71.6,73.4,74.4,73.0,73.7,71.6,71.7,69.0,66.3,75.5,73.9,71.9,71.0,71.6,69.2,63.4,67.4,68.3,71.9,70.4
3420,77.5,68.5,71.9,77.2,75.2,74.5,75.3,74.7,74.3,73.0,76.4,75.3,76.3,72.3,74.2,74.5,74.6,71.9,76.1,77.1,74.1,73.6,74.8,72.6,74.6,75.2,74.4,73.3,74.0,74.5,74.6,73.6,70.7,72.4,72.0,72.0,78.6,68.0,77.3,72.6,74.9,75.2,74.0,72.0,76.1,73.3,72.8,69.2,77.4,69.7,73.2,69.2,77.0,71.2,64.5,71.6,66.0,68.3,67.1,71.2,69.3,69.4,72.7,71.1,68.0,71.7,67.6,72.9,74.9,75.6,74.9,76.3,74.0,73.6,70.9,68.1,76.7,75.3,73.2,73.2,73.5,71.2,65.0,68.7,70.2,73.5,72.3
3421,79.1,69.5,73.3,79.1,76.7,76.1,76.7,76.1,75.4,74.2,77.3,76.4,77.4,73.4,75.6,75.5,75.8,73.5,77.1,77.9,75.3,74.6,75.7,74.1,76.4,76.7,75.6,74.6,75.3,75.5,75.8,74.7,72.2,73.7,73.6,73.5,80.2,68.7,79.1,73.8,76.7,76.6,76.1,73.6,78.1,74.2,74.5,70.5,78.7,71.3,74.2,70.5,78.6,72.5,65.5,72.8,67.1,69.4,68.8,72.3,70.4,71.3,74.5,72.6,70.1,73.0,69.7,74.0,75.9,76.7,76.4,78.4,75.7,75.2,72.4,69.4,77.8,76.2,74.4,74.8,75.2,72.9,66.4,69.4,71.6,74.6,73.8
3422,80.1,69.7,73.9,80.9,77.9,77.0,77.9,77.0,75.9,75.1,77.9,77.1,77.8,74.4,76.6,75.9,76.7,74.5,77.5,78.5,76.3,75.3,76.6,75.1,77.8,77.7,76.5,75.5,76.0,76.0,76.8,75.2,73.1,74.9,74.7,74.6,81.3,69.0,80.6,74.8,78.0,77.4,77.8,74.1,79.2,74.5,75.6,71.2,79.6,72.2,74.9,71.3,79.4,73.1,66.4,73.7,67.9,70.1,70.1,73.0,71.2,72.8,75.8,73.4,71.9,73.8,71.0,74.9,76.4,77.4,77.4,79.9,76.7,76.1,73.2,70.0,78.3,76.7,75.3,76.2,76.3,74.2,67.2,69.9,72.6,75.2,74.8
3423,80.3,69.4,74.0,81.6,78.2,77.7,78.2,77.5,76.0,75.6,77.9,77.6,78.2,74.7,77.1,76.2,77.2,75.2,77.8,78.7,76.8,75.6,76.9,75.9,78.5,78.3,76.9,75.8,76.6,76.2,77.4,75.0,73.7,75.3,75.2,75.0,81.8,68.7,81.4,75.3,78.8,77.3,78.8,74.6,79.5,74.2,76.1,71.3,79.4,72.7,75.3,71.3,79.8,73.2,66.7,74.2,68.5,70.6,70.9,73.5,71.8,73.3,76.3,73.5,72.6,74.0,71.3,75.4,76.4,77.5,77.6,80.7,76.7,76.3,73.5,70.4,78.2,76.9,75.8,76.8,76.9,74.9,67.6,69.8,73.4,75.7,75.2
3424,79.7,68.4,73.2,81.8,78.1,77.7,78.1,77.4,75.8,75.5,77.6,77.4,77.6,74.8,76.7,76.0,77.3,74.6,77.3,78.4,76.7,75.6,77.1,75.7,78.7,78.2,77.0,75.9,76.4,75.9,77.4,74.9,73.8,75.4,75.0,74.9,81.7,67.7,81.4,74.6,79.2,76.7,78.8,74.4,78.9,73.7,75.6,70.7,78.6,72.6,75.2,70.6,79.4,72.6,67.4,74.1,68.9,70.8,71.2,73.4,71.7,73.7,76.1,73.3,72.6,73.8,71.0,75.5,76.1,77.2,77.0,81.1,76.4,76.1,73.3,70.0,77.7,76.8,75.7,76.8,76.9,74.6,67.2,69.2,73.3,75.6,75.3
3425,77.8,67.0,71.2,81.2,77.5,76.9,77.5,76.8,74.9,74.9,76.6,77.0,76.9,74.3,76.2,75.3,76.6,73.7,76.4,77.3,76.1,75.0,76.5,75.1,77.8,77.4,76.5,75.2,75.7,75.1,76.9,73.8,73.1,74.6,74.7,74.4,80.6,66.3,80.7,73.8,78.7,74.9,78.1,73.8,77.5,72.4,74.6,69.6,77.2,71.8,74.5,69.1,78.2,70.7,66.7,73.3,68.3,70.2,70.6,72.9,70.9,73.1,75.4,72.5,71.8,72.8,69.5,74.8,75.3,76.4,76.1,80.6,75.2,75.6,72.6,69.3,76.7,75.9,75.0,75.9,76.4,74.1,66.6,68.0,72.9,74.9,74.7
3426,74.8,64.7,68.4,79.6,76.1,75.7,76.2,75.4,73.3,73.7,75.1,75.7,75.4,73.2,74.8,74.1,75.2,71.9,74.5,75.4,74.9,73.5,75.2,73.6,76.1,76.0,75.5,73.8,74.8,73.6,75.6,72.2,71.7,73.5,73.6,73.1,77.9,64.2,79.4,71.8,77.5,72.4,76.5,72.4,74.9,70.2,73.2,67.7,74.5,70.5,73.2,67.1,76.4,68.2,65.5,71.8,67.3,69.2,69.9,71.1,69.3,72.2,73.7,70.7,70.1,70.8,67.0,73.6,73.9,75.1,74.3,79.0,73.1,74.2,70.6,67.5,74.8,74.5,73.7,74.5,75.0,72.6,65.4,66.2,71.8,73.7,73.5
3427,70.1,61.1,63.6,76.7,73.9,73.8,74.1,72.8,70.7,71.3,72.7,73.7,72.4,71.2,72.5,71.7,72.9,68.2,72.0,72.4,72.5,71.0,72.8,71.1,73.1,73.3,73.5,71.5,72.5,71.1,73.5,69.4,69.4,71.1,71.8,71.0,72.5,60.8,76.7,67.9,75.2,66.9,73.8,69.6,70.7,65.7,70.1,64.4,70.0,67.8,70.8,64.5,73.3,64.1,63.7,69.3,65.4,67.1,68.5,68.5,66.8,70.0,70.7,67.3,67.2,67.9,63.2,71.6,71.1,72.7,71.1,76.4,69.4,72.1,66.6,64.7,71.5,71.8,71.3,71.9,72.0,70.0,62.9,63.7,69.8,71.7,71.3
3428,66.0,57.9,59.8,72.2,70.8,70.9,71.3,69.2,68.2,68.8,70.1,70.8,69.2,68.9,69.5,69.2,69.0,63.6,68.9,69.4,69.0,68.2,69.7,67.6,68.4,69.0,71.6,68.4,69.3,68.6,70.5,66.6,66.1,68.1,68.9,67.6,68.6,57.6,71.8,63.7,72.1,63.1,69.0,65.0,67.1,61.6,65.7,60.7,66.4,62.4,66.8,62.1,68.7,61.2,60.7,65.5,61.8,63.9,66.0,64.0,64.0,66.5,66.5,63.2,63.7,63.9,58.6,69.3,68.3,69.7,66.4,70.7,65.2,67.5,62.7,59.8,68.7,68.8,68.5,67.5,67.8,66.2,57.8,61.4,66.7,68.7,67.6
3429,63.1,56.0,57.7,68.8,68.5,69.2,69.5,67.0,66.7,67.4,68.3,68.7,67.6,67.2,67.7,67.5,66.7,60.8,67.3,67.8,67.1,66.1,67.8,65.7,65.4,66.6,70.1,66.5,67.3,67.1,68.4,65.2,64.0,66.0,66.7,65.1,66.1,55.6,68.4,60.5,69.6,61.0,65.8,62.3,64.7,59.1,62.7,58.7,63.5,58.0,63.3,60.5,64.2,59.2,58.6,62.7,59.5,61.6,63.1,61.8,61.5,62.5,63.2,60.6,61.2,61.0,56.2,67.9,66.6,67.8,63.1,66.5,62.4,64.7,60.3,56.9,67.1,67.4,66.9,64.3,65.4,63.2,54.4,59.8,64.5,66.6,64.9
3430,61.1,54.6,56.1,66.6,66.6,67.7,67.9,65.5,65.5,66.1,66.9,67.1,66.3,66.0,66.4,66.4,65.3,58.9,65.9,66.6,65.7,65.1,66.6,64.2,63.7,65.1,68.8,65.2,66.0,66.0,66.9,64.3,62.6,64.5,65.1,63.5,64.0,53.9,66.3,58.2,67.4,59.2,63.4,60.5,62.8,57.3,60.2,56.6,61.2,56.0,60.9,58.8,61.2,57.7,57.1,60.1,57.6,60.1,60.3,60.4,59.9,60.2,60.6,58.3,59.5,59.0,54.5,66.8,65.4,66.7,60.5,64.5,60.4,62.5,58.2,55.5,65.8,66.1,65.7,62.6,64.0,61.4,53.2,58.6,63.0,65.3,63.2
3431,59.3,53.4,54.9,64.8,65.3,66.7,66.6,64.3,64.6,65.0,65.7,66.0,65.1,64.9,65.2,65.4,64.3,57.0,64.8,65.7,64.6,64.2,65.7,63.2,62.4,64.4,67.7,64.4,64.8,65.1,65.9,63.5,61.3,63.2,63.9,62.3,62.5,52.6,64.6,56.2,65.4,57.8,61.9,59.0,61.0,55.7,57.8,54.8,59.2,54.3,58.8,57.3,59.1,56.5,56.2,57.8,56.6,58.6,58.4,58.7,58.6,58.3,58.8,56.7,57.8,57.3,52.9,65.8,64.4,65.6,58.4,62.8,58.2,60.9,55.7,53.6,65.0,65.1,64.6,61.2,62.6,59.9,52.4,57.6,61.9,64.1,61.9
3432,57.5,52.4,54.0,63.2,64.1,65.7,65.6,63.4,63.8,64.1,64.8,64.9,64.3,64.0,64.2,64.7,63.3,55.8,63.9,64.8,63.6,63.3,64.9,62.3,61.2,63.4,66.7,63.3,63.6,64.3,64.8,62.8,60.3,61.9,62.8,61.2,61.1,52.1,63.4,54.8,63.7,56.6,60.6,57.7,59.3,54.2,55.6,53.0,56.8,52.8,57.3,55.6,57.4,55.5,55.0,56.0,55.4,57.6,56.9,57.7,57.0,56.9,57.1,54.6,56.3,55.6,51.2,64.7,63.7,64.6,56.6,61.4,56.5,59.6,53.9,51.9,64.2,63.9,63.7,60.1,61.6,58.5,51.8,56.8,60.7,63.1,60.9
3433,56.3,51.7,53.1,61.7,63.2,64.7,64.5,62.5,63.0,63.3,64.0,64.1,63.4,63.2,63.3,63.8,62.5,54.5,63.2,63.9,62.7,62.5,64.3,61.5,60.3,62.3,65.8,62.4,62.8,63.6,63.8,62.2,59.3,60.9,61.7,60.5,59.8,51.1,62.4,53.3,61.6,55.5,59.5,56.4,57.7,53.0,53.6,51.4,54.4,50.6,55.6,54.0,55.6,54.8,54.2,54.5,54.5,56.5,55.7,56.5,56.0,55.7,55.7,52.7,54.7,54.4,49.8,63.9,62.9,63.9,54.7,60.0,55.2,58.1,52.3,50.5,63.4,63.1,62.9,59.2,60.7,57.3,51.3,55.9,59.8,62.0,59.9
3434,54.8,50.9,52.1,60.5,62.4,64.0,63.7,61.9,62.3,62.9,63.2,63.2,62.6,62.4,62.5,63.2,61.8,53.2,62.5,63.3,62.1,61.9,63.5,60.5,59.4,61.8,64.9,61.7,61.9,62.9,63.1,61.4,58.4,59.9,60.9,59.6,58.6,50.1,61.1,51.8,60.1,54.7,58.6,55.2,56.4,51.9,51.7,50.1,52.6,48.8,54.2,52.5,53.8,54.0,53.2,53.3,53.4,55.6,54.5,55.8,55.0,54.4,54.5,51.1,53.2,52.7,48.3,63.1,62.1,63.1,52.9,58.5,53.7,56.9,51.0,48.8,62.8,62.3,62.1,58.5,59.8,56.3,50.6,55.4,58.8,61.1,58.9
3435,53.6,50.0,51.2,59.2,61.5,63.2,63.1,61.1,61.5,62.0,62.5,62.6,62.1,61.8,61.9,62.5,61.1,52.5,62.0,62.6,61.4,61.3,63.0,59.7,58.5,61.1,64.2,61.0,61.1,62.3,62.4,61.0,57.6,59.2,60.1,58.9,57.6,49.4,59.9,50.2,58.6,54.1,57.6,54.0,55.1,50.9,50.2,48.6,50.8,47.6,52.6,51.2,51.8,53.2,52.2,52.2,52.4,54.8,53.4,54.6,53.9,53.3,53.4,49.6,52.2,51.5,46.9,62.4,61.5,62.4,51.4,57.0,52.2,55.7,49.5,47.6,62.2,61.6,61.6,57.7,59.1,55.6,50.0,54.8,58.0,60.4,58.3
3436,52.4,49.3,50.6,57.9,61.0,62.6,62.6,60.3,61.0,61.5,61.9,62.0,61.4,61.3,61.2,62.1,60.7,51.6,61.3,62.0,60.8,60.8,62.5,58.9,58.0,60.5,63.5,60.5,60.5,61.8,61.7,60.4,56.8,58.5,59.5,58.2,56.8,48.7,59.0,48.9,57.4,53.5,56.4,53.0,53.9,50.1,48.6,47.4,49.0,46.2,51.6,50.2,50.2,52.4,51.2,51.1,51.7,54.1,52.4,53.6,53.0,52.5,52.3,48.3,51.2,50.3,45.9,61.9,61.0,61.8,49.9,55.9,51.3,54.3,48.5,46.4,61.7,60.9,61.2,56.8,58.2,54.7,49.1,54.2,57.2,59.7,57.5
3437,51.9,48.8,50.1,57.2,60.3,62.0,61.9,59.8,60.5,60.9,61.5,61.3,60.9,60.7,60.7,61.5,60.2,51.6,61.0,61.7,60.4,60.2,61.9,58.2,57.3,59.7,63.0,60.0,60.0,61.4,61.3,60.2,56.2,58.0,58.9,57.6,56.0,48.2,58.0,47.7,56.4,53.0,55.6,51.9,53.2,49.4,47.6,46.7,48.2,45.1,50.5,49.3,48.7,52.2,50.5,50.9,51.0,53.5,51.5,53.1,53.2,51.7,52.3,47.1,50.6,49.9,44.8,61.3,60.6,61.2,48.4,55.1,50.3,53.5,47.8,45.3,61.3,60.4,60.6,56.0,57.5,54.0,48.5,54.3,56.5,59.2,57.0
3438,55.7,51.5,53.5,56.8,60.4,62.0,62.2,60.4,61.4,61.6,63.3,62.0,62.9,61.0,61.0,62.4,61.1,55.6,62.6,63.9,60.8,61.1,62.5,58.5,57.1,60.0,63.6,60.2,60.9,62.3,61.5,61.5,56.5,58.5,59.4,58.4,58.8,50.7,57.4,50.9,57.2,56.9,55.5,54.0,55.9,52.7,49.9,50.8,53.4,45.7,50.5,51.0,50.1,54.8,50.4,54.1,51.5,54.2,51.5,56.3,55.2,51.6,55.9,51.6,51.7,54.1,47.7,61.8,61.9,63.1,49.3,54.3,53.8,55.1,52.7,45.7,63.4,62.2,61.3,56.0,57.5,53.7,48.9,56.3,56.6,59.9,58.0
3439,60.5,55.4,58.0,59.6,62.7,63.9,64.4,63.1,64.3,63.9,66.1,64.5,65.8,63.2,63.4,64.9,63.7,58.9,65.7,66.9,63.5,63.7,64.9,60.8,59.6,62.8,65.4,62.7,63.3,64.9,63.8,64.1,58.7,61.0,61.4,61.2,63.2,54.7,60.2,57.3,60.3,61.4,58.0,58.1,59.8,57.8,54.2,55.9,60.2,51.3,56.7,54.3,56.2,58.2,52.5,58.3,54.4,57.1,53.8,59.4,57.5,54.5,59.3,57.0,53.8,58.4,52.6,63.9,64.8,65.8,55.7,57.6,57.9,60.4,57.4,51.6,66.5,65.1,63.7,58.5,60.2,56.3,52.8,58.9,58.8,62.4,60.8
3440,65.1,59.0,62.0,64.0,65.9,66.4,67.0,65.9,67.0,66.3,69.0,67.4,68.8,65.5,66.1,67.6,66.5,61.9,68.7,69.9,66.3,66.3,67.5,63.6,63.3,65.9,67.6,65.5,66.0,67.6,66.6,66.7,61.6,63.8,63.8,63.7,67.6,58.4,64.4,61.8,63.7,65.5,61.7,61.7,63.9,62.4,59.1,59.8,65.8,57.0,62.9,58.1,62.3,61.8,55.3,62.3,57.8,60.2,56.6,62.6,60.1,58.2,62.7,61.5,56.4,62.0,56.3,66.2,67.8,68.5,61.7,62.7,62.1,64.3,61.3,56.4,69.6,68.0,66.0,62.1,63.4,59.9,56.3,61.6,61.4,65.1,63.6
3441,69.3,62.3,65.5,68.3,68.8,68.9,69.7,68.8,69.4,68.6,71.5,70.3,71.7,67.7,68.9,69.9,69.1,64.7,71.5,72.6,68.9,68.9,69.9,66.4,66.7,69.1,69.9,68.2,68.6,70.1,69.2,69.2,64.5,66.6,66.1,66.2,71.3,61.9,68.2,65.3,67.1,68.7,65.5,64.8,67.7,66.0,63.9,62.9,69.9,62.0,67.1,61.5,67.8,64.8,58.6,65.6,60.9,62.9,59.8,65.3,62.7,61.8,65.8,65.1,59.6,65.2,59.4,68.3,70.3,71.0,67.0,67.2,65.7,67.2,64.6,60.7,72.2,70.6,68.3,65.8,66.7,63.5,58.8,64.0,64.0,68.0,66.2
3442,72.7,65.2,68.3,71.8,71.4,71.4,72.0,71.2,71.6,70.5,73.8,72.6,73.8,69.8,71.1,71.9,71.4,67.5,73.7,74.9,71.2,70.7,72.1,69.1,69.8,71.6,71.8,70.5,70.9,72.2,71.6,71.2,67.0,69.0,68.4,68.7,74.5,64.5,72.2,68.4,70.1,71.5,69.0,67.7,71.2,69.0,67.9,65.9,73.1,65.5,70.0,65.0,72.0,67.5,61.2,68.0,63.2,65.2,62.5,67.7,65.3,64.9,68.5,67.4,62.6,67.9,62.5,70.4,72.3,73.2,70.8,71.0,69.1,69.9,67.2,64.1,74.3,72.6,70.5,68.7,69.6,66.8,61.3,66.2,66.5,70.3,68.6
3443,75.7,67.5,70.5,74.9,73.7,73.3,74.1,73.3,73.3,72.3,75.7,74.3,75.6,71.4,73.1,73.5,73.4,70.0,75.4,76.7,73.0,72.6,73.9,71.3,72.5,73.9,73.5,72.2,72.8,73.9,73.4,72.8,69.2,71.1,70.4,70.7,77.0,66.7,75.3,71.1,73.1,73.8,71.9,70.3,74.1,71.7,70.9,67.9,75.7,68.6,72.1,67.7,75.2,69.8,63.5,70.2,65.1,67.3,65.1,69.9,67.5,67.5,70.7,69.7,65.4,70.0,65.3,72.0,73.9,74.9,73.3,74.1,72.0,72.2,69.3,66.7,76.1,74.3,72.3,71.4,72.0,69.6,63.6,68.1,68.7,72.4,70.7
3444,78.0,69.1,72.4,77.5,75.8,75.0,75.8,75.1,74.7,73.5,77.0,75.9,76.9,72.7,74.8,75.0,74.9,72.1,76.6,77.9,74.5,74.1,75.3,73.1,75.0,75.9,74.9,73.8,74.3,74.9,74.9,74.1,71.2,72.9,72.3,72.4,79.0,68.5,77.8,73.2,75.5,75.6,74.5,72.4,76.5,73.8,73.4,69.7,77.8,70.2,73.7,69.6,77.5,71.6,64.9,71.8,66.4,68.8,67.4,71.4,69.5,69.8,72.9,71.5,68.2,71.8,67.8,73.4,75.4,76.1,75.3,76.7,74.5,74.2,71.3,68.6,77.2,75.7,73.5,73.6,74.0,71.4,65.2,69.3,70.7,74.0,72.6
3445,79.6,70.1,73.8,79.5,77.3,76.7,77.3,76.6,75.9,74.6,77.8,76.9,78.0,73.8,76.2,76.1,76.2,73.8,77.5,78.7,75.7,75.1,76.2,74.6,76.8,77.4,76.0,75.1,75.7,76.0,76.2,75.3,72.7,74.1,74.0,73.9,80.7,69.2,79.7,74.4,77.3,77.0,76.6,74.0,78.6,74.7,75.1,70.9,79.0,71.8,74.7,70.9,79.1,73.0,66.0,72.9,67.6,69.9,69.1,72.5,70.6,71.6,74.7,73.0,70.3,73.0,70.0,74.5,76.4,77.2,76.8,78.9,76.2,75.8,72.8,69.8,78.3,76.6,74.8,75.3,75.7,73.2,66.5,70.1,72.1,75.1,74.3
3446,80.6,70.3,74.5,81.3,78.5,77.6,78.5,77.5,76.4,75.5,78.4,77.7,78.3,74.8,77.2,76.3,77.1,74.7,77.9,79.2,76.8,75.9,77.1,75.6,78.2,78.4,76.9,76.0,76.4,76.5,77.2,75.7,73.6,75.4,75.0,75.0,81.7,69.6,81.1,75.3,78.6,77.9,78.2,74.6,79.7,74.9,76.2,71.6,79.7,72.6,75.4,71.7,80.0,73.6,66.9,73.8,68.4,70.6,70.4,73.2,71.5,73.1,76.0,73.8,72.1,73.8,71.2,75.4,76.9,77.9,77.9,80.4,77.2,76.7,73.6,70.5,78.8,77.0,75.8,76.6,76.9,74.6,67.4,70.5,73.1,75.6,75.2
3447,80.9,70.1,74.6,82.1,78.9,78.3,78.8,78.1,76.5,76.0,78.3,78.2,78.5,75.2,77.6,76.7,77.6,75.3,78.2,79.4,77.3,76.1,77.5,76.4,79.0,78.9,77.4,76.3,77.0,76.7,77.8,75.6,74.3,75.8,75.5,75.3,82.3,69.3,81.9,75.8,79.4,77.8,79.3,75.1,80.0,74.6,76.6,71.7,79.7,73.1,75.9,71.7,80.4,73.6,67.2,74.3,69.0,71.0,71.2,73.7,72.1,73.6,76.5,73.9,72.9,74.1,71.7,75.9,77.0,78.0,78.1,81.2,77.1,76.8,73.9,70.9,78.8,77.2,76.3,77.2,77.5,75.3,67.8,70.4,73.8,76.1,75.7
3448,80.2,69.1,73.8,82.2,78.8,78.3,78.7,78.0,76.2,75.9,78.0,78.0,78.1,75.2,77.2,76.4,77.8,74.7,77.7,79.1,77.2,76.0,77.5,76.2,79.2,78.7,77.4,76.5,76.9,76.4,77.9,75.4,74.3,75.9,75.4,75.3,82.1,68.4,81.9,75.1,79.8,77.3,79.3,75.0,79.4,74.1,76.1,71.1,78.9,73.0,75.8,71.0,79.9,73.1,67.8,74.2,69.4,71.3,71.5,73.7,71.9,73.9,76.3,73.8,72.9,73.8,71.3,76.0,76.7,77.5,77.5,81.7,76.9,76.7,73.7,70.5,78.3,77.2,76.1,77.3,77.5,75.1,67.5,69.8,73.7,76.0,75.8
3449,78.4,67.6,71.7,81.7,78.2,77.6,78.1,77.4,75.1,75.4,77.0,77.4,77.3,74.7,76.7,75.8,77.1,73.9,76.8,77.9,76.7,75.4,76.9,75.6,78.3,78.0,76.9,75.8,76.2,75.6,77.4,74.4,73.6,75.2,75.1,74.7,81.0,66.8,81.2,74.3,79.2,75.6,78.7,74.4,77.9,72.9,75.2,69.9,77.5,72.3,75.1,69.5,78.8,71.1,67.2,73.5,68.8,70.8,70.9,73.1,71.0,73.4,75.6,72.9,72.2,72.9,69.8,75.2,75.9,76.8,76.6,81.2,75.7,76.2,73.1,69.8,77.3,76.3,75.4,76.4,77.0,74.6,66.9,68.6,73.3,75.4,75.1
3450,75.4,65.2,68.9,80.0,76.8,76.4,76.8,76.0,73.6,74.1,75.6,76.1,75.9,73.7,75.4,74.6,75.7,72.1,74.9,76.1,75.5,74.0,75.7,74.2,76.7,76.5,75.9,74.4,75.3,74.2,76.2,72.7,72.3,74.1,74.0,73.6,78.3,64.6,79.9,72.3,78.1,72.8,77.1,72.9,75.4,70.5,73.8,68.1,74.9,70.9,73.7,67.5,77.0,68.8,66.1,72.0,67.9,69.8,70.2,71.4,69.4,72.5,74.0,71.1,70.4,71.0,67.3,74.1,74.4,75.5,74.8,79.7,73.6,74.9,71.1,68.0,75.4,74.9,74.2,75.1,75.6,73.1,65.7,66.8,72.3,74.2,74.0
3451,70.6,61.7,64.0,77.2,74.5,74.4,74.7,73.4,71.1,71.8,73.3,74.2,72.9,71.7,73.1,72.2,73.5,68.5,72.4,73.1,73.1,71.5,73.3,71.6,73.7,73.8,74.0,72.1,73.0,71.8,74.2,69.9,70.0,71.7,72.3,71.5,72.9,61.2,77.1,68.5,75.7,67.4,74.4,70.1,71.2,66.0,70.7,64.8,70.3,68.3,71.4,65.0,74.0,64.7,64.3,69.6,65.9,67.7,68.8,68.8,67.0,70.3,71.0,67.6,67.5,68.2,63.5,72.2,71.7,73.1,71.6,77.0,69.8,72.7,67.1,65.3,72.1,72.3,71.9,72.5,72.6,70.5,63.2,64.2,70.4,72.3,71.9
3452,66.5,58.4,60.3,72.6,71.4,71.6,71.8,69.8,68.6,69.3,70.5,71.2,69.7,69.4,70.1,69.7,69.5,63.9,69.4,70.0,69.7,68.6,70.1,68.1,68.9,69.5,72.2,68.9,69.8,69.2,71.1,67.1,66.6,68.7,69.3,68.1,69.0,58.1,72.3,64.3,72.6,63.6,69.7,65.4,67.5,62.1,66.2,61.2,66.6,62.8,67.3,62.6,69.2,61.7,61.2,65.7,62.3,64.4,66.4,64.3,64.1,66.8,66.8,63.6,64.0,64.2,59.0,69.9,68.8,70.1,67.0,71.3,65.6,68.1,63.0,60.3,69.2,69.2,69.0,68.1,68.4,66.7,58.2,61.9,67.2,69.2,68.2
3453,63.6,56.6,58.2,69.2,69.0,69.7,70.1,67.6,67.0,67.9,68.8,69.2,68.2,67.7,68.2,68.0,67.2,61.1,67.7,68.4,67.7,66.6,68.3,66.1,66.0,67.2,70.6,67.0,67.8,67.7,68.9,65.7,64.3,66.4,67.2,65.5,66.5,56.1,68.9,61.0,70.0,61.5,66.4,62.6,65.1,59.6,63.3,59.1,63.8,58.3,63.7,60.8,64.6,59.7,59.1,63.0,59.9,62.0,63.4,62.0,61.7,62.8,63.4,61.0,61.4,61.2,56.5,68.4,67.1,68.2,63.5,67.0,62.8,65.3,60.6,57.2,67.6,67.8,67.4,64.8,65.9,63.7,54.8,60.3,64.9,67.1,65.4
3454,61.6,55.1,56.5,67.0,67.0,68.3,68.5,66.1,65.9,66.6,67.4,67.5,66.8,66.5,66.9,66.9,65.8,59.1,66.4,67.2,66.2,65.5,67.2,64.7,64.2,65.8,69.4,65.8,66.4,66.5,67.5,64.8,63.0,65.1,65.6,64.0,64.4,54.4,66.8,58.6,68.0,59.7,63.9,61.0,63.2,57.6,60.6,57.0,61.5,56.3,61.3,59.2,61.6,58.2,57.5,60.3,58.1,60.5,60.7,60.6,60.1,60.4,60.9,58.7,59.8,59.2,54.8,67.3,65.9,67.1,61.0,65.1,60.8,63.0,58.4,55.8,66.2,66.5,66.1,63.1,64.4,61.9,53.5,59.0,63.4,65.8,63.7
3455,59.8,53.7,55.3,65.2,65.7,67.3,67.2,64.8,64.9,65.6,66.2,66.4,65.7,65.4,65.6,65.9,64.7,57.2,65.2,66.3,65.1,64.6,66.2,63.7,62.9,64.9,68.2,64.9,65.2,65.7,66.4,64.0,61.7,63.7,64.4,62.8,62.9,53.0,65.1,56.7,65.8,58.2,62.4,59.5,61.4,55.9,58.3,55.0,59.4,54.6,59.2,57.7,59.4,57.0,56.5,58.0,56.9,59.0,58.8,58.9,58.7,58.6,59.0,57.0,58.1,57.5,53.2,66.3,64.9,66.0,58.8,63.4,58.6,61.6,55.9,53.9,65.4,65.5,65.1,61.7,63.1,60.4,52.6,57.9,62.3,64.5,62.4
3456,57.9,52.7,54.4,63.7,64.6,66.2,66.1,63.9,64.1,64.6,65.3,65.4,64.8,64.4,64.8,65.1,63.8,55.9,64.4,65.4,64.1,63.8,65.4,62.7,61.7,64.0,67.1,63.8,64.1,64.8,65.2,63.3,60.8,62.4,63.3,61.7,61.5,52.5,64.0,55.2,64.0,57.0,61.1,58.1,59.6,54.4,56.1,53.2,57.0,53.0,57.7,56.0,57.8,56.0,55.3,56.3,55.8,58.0,57.3,57.9,57.1,57.2,57.2,54.9,56.6,55.8,51.5,65.2,64.1,65.0,57.0,62.0,56.9,60.2,54.2,52.1,64.6,64.4,64.2,60.6,62.1,59.0,51.9,57.1,61.2,63.5,61.4
3457,56.8,52.1,53.5,62.2,63.6,65.2,65.1,63.0,63.3,63.8,64.4,64.6,63.9,63.6,63.9,64.3,63.0,54.6,63.7,64.4,63.2,63.0,64.8,61.9,60.7,62.9,66.3,62.9,63.3,64.1,64.3,62.7,59.9,61.4,62.2,60.9,60.2,51.5,62.9,53.6,62.1,56.1,60.0,56.8,58.0,53.2,54.0,51.5,54.5,50.9,56.0,54.3,56.0,55.3,54.5,54.7,54.8,56.9,56.0,56.8,56.1,55.9,55.8,52.9,55.0,54.5,50.1,64.4,63.3,64.3,55.0,60.5,55.5,58.7,52.6,50.8,63.9,63.6,63.4,59.7,61.2,57.8,51.3,56.2,60.3,62.4,60.4
3458,55.2,51.3,52.5,61.0,62.8,64.5,64.3,62.3,62.7,63.4,63.6,63.7,63.1,62.9,63.0,63.7,62.3,53.4,63.0,63.7,62.5,62.4,64.1,61.0,59.9,62.4,65.5,62.2,62.4,63.4,63.6,61.9,58.9,60.5,61.4,60.1,59.0,50.5,61.7,52.1,60.5,55.3,59.1,55.5,56.7,52.2,52.1,50.3,52.7,49.1,54.6,52.8,54.0,54.4,53.5,53.5,53.7,56.0,54.8,56.0,55.0,54.6,54.6,51.3,53.4,52.8,48.6,63.6,62.5,63.5,53.2,59.0,54.1,57.4,51.3,49.1,63.2,62.9,62.6,59.1,60.3,56.7,50.6,55.7,59.3,61.6,59.4
3459,54.0,50.4,51.7,59.7,61.9,63.7,63.7,61.5,61.9,62.5,62.9,63.1,62.6,62.3,62.4,63.1,61.6,52.6,62.5,63.1,61.9,61.8,63.5,60.3,59.0,61.6,64.7,61.5,61.6,62.8,62.9,61.4,58.2,59.8,60.6,59.4,58.0,49.6,60.4,50.5,59.0,54.6,58.2,54.5,55.4,51.2,50.6,48.8,51.1,47.8,53.0,51.5,52.1,53.6,52.5,52.3,52.8,55.3,53.7,54.9,54.0,53.6,53.6,49.9,52.4,51.6,47.2,62.9,61.9,62.9,51.7,57.5,52.6,56.3,49.8,47.8,62.6,62.1,62.1,58.3,59.6,56.1,50.2,55.1,58.5,60.9,58.8
3460,52.7,49.7,51.1,58.5,61.5,63.1,63.1,60.7,61.4,62.0,62.4,62.5,61.8,61.9,61.8,62.6,61.2,51.8,61.8,62.5,61.4,61.4,63.0,59.4,58.5,61.1,64.0,61.0,61.0,62.3,62.3,60.9,57.3,59.0,59.9,58.7,57.3,49.0,59.6,49.2,57.8,54.0,57.0,53.5,54.2,50.5,49.0,47.6,49.3,46.5,51.9,50.4,50.5,52.9,51.5,51.3,52.0,54.5,52.7,53.9,53.1,52.7,52.4,48.5,51.5,50.4,46.1,62.4,61.5,62.2,50.1,56.5,51.6,54.8,48.7,46.5,62.2,61.4,61.7,57.4,58.8,55.2,49.3,54.5,57.7,60.1,58.0
3461,52.3,49.2,50.6,57.7,60.8,62.5,62.5,60.2,61.0,61.5,62.0,61.9,61.3,61.2,61.2,62.1,60.8,51.9,61.5,62.2,60.9,60.9,62.5,58.7,57.9,60.3,63.6,60.5,60.5,62.0,61.8,60.7,56.7,58.5,59.4,58.1,56.4,48.4,58.5,48.1,56.7,53.5,56.2,52.3,53.5,49.8,47.9,47.0,48.4,45.4,50.7,49.5,49.0,52.7,50.9,51.1,51.3,53.9,51.8,53.6,53.3,51.9,52.6,47.4,50.9,50.1,45.0,61.9,61.1,61.7,48.7,55.6,50.6,54.0,48.0,45.5,61.7,61.1,61.1,56.6,58.2,54.5,48.5,54.6,57.1,59.7,57.5
3462,56.2,51.9,53.9,57.3,60.9,62.6,62.8,60.9,61.9,62.2,63.8,62.6,63.4,61.6,61.5,63.0,61.7,55.8,63.1,64.4,61.4,61.7,63.1,59.1,57.7,60.7,64.1,60.8,61.5,62.9,62.1,62.1,57.1,59.1,60.0,58.9,59.3,51.0,57.9,51.4,57.7,57.3,56.1,54.5,56.4,53.1,50.3,51.2,53.9,46.1,50.8,51.2,50.4,55.3,50.8,54.3,51.9,54.6,51.9,56.6,55.3,51.9,56.2,52.0,52.0,54.3,48.0,62.4,62.4,63.6,49.7,54.8,54.1,55.7,53.1,45.9,63.9,62.7,61.8,56.6,58.2,54.3,49.0,56.7,57.2,60.4,58.5
3463,61.0,55.9,58.5,60.1,63.2,64.5,65.0,63.6,64.8,64.5,66.6,65.1,66.3,63.8,64.0,65.5,64.3,59.2,66.2,67.4,64.1,64.3,65.5,61.4,60.2,63.4,66.0,63.2,63.9,65.5,64.4,64.7,59.3,61.5,61.9,61.8,63.8,55.1,60.7,57.8,60.9,61.9,58.6,58.7,60.3,58.2,54.7,56.4,60.6,51.8,57.1,54.6,56.5,58.6,52.9,58.5,54.8,57.6,54.1,59.8,57.7,54.8,59.7,57.5,54.1,58.6,52.9,64.4,65.4,66.3,56.1,58.1,58.3,61.0,57.8,51.8,67.1,65.7,64.2,59.1,60.7,56.8,53.0,59.4,59.3,62.9,61.3
3464,65.6,59.5,62.5,64.5,66.4,66.9,67.5,66.5,67.5,66.9,69.5,68.0,69.4,66.1,66.6,68.2,67.1,62.2,69.2,70.5,66.9,66.9,68.1,64.1,63.7,66.4,68.2,66.1,66.6,68.1,67.1,67.4,62.1,64.3,64.3,64.3,68.0,58.9,64.8,62.3,64.3,66.0,62.3,62.2,64.3,62.8,59.6,60.2,66.2,57.5,63.4,58.3,62.7,62.2,55.8,62.6,58.2,60.7,56.9,62.9,60.3,58.5,63.0,62.0,56.7,62.2,56.6,66.8,68.4,69.1,62.1,63.1,62.4,65.0,61.7,56.7,70.2,68.6,66.6,62.6,63.9,60.3,56.5,62.1,61.8,65.7,64.1
3465,69.8,62.8,66.0,68.7,69.2,69.4,70.1,69.3,69.9,69.2,72.1,70.9,72.2,68.3,69.3,70.5,69.7,65.0,72.0,73.3,69.5,69.5,70.5,66.8,67.2,69.5,70.5,68.7,69.2,70.6,69.7,69.8,64.9,67.0,66.6,66.7,71.7,62.3,68.7,65.9,67.7,69.1,66.0,65.3,68.1,66.3,64.5,63.4,70.3,62.5,67.6,61.9,68.2,65.2,59.1,65.8,61.4,63.4,60.0,65.7,62.8,62.1,66.1,65.5,59.8,65.4,59.8,68.9,70.8,71.6,67.5,67.6,66.1,67.9,65.0,61.1,72.8,71.1,68.9,66.1,67.0,63.8,59.0,64.6,64.4,68.5,66.7
3466,73.1,65.6,68.7,72.3,71.8,71.8,72.5,71.7,72.2,71.1,74.4,73.2,74.3,70.4,71.5,72.5,72.0,67.9,74.3,75.5,71.8,71.3,72.6,69.5,70.3,71.9,72.4,71.0,71.4,72.7,72.1,71.9,67.3,69.4,68.8,69.1,74.9,64.9,72.6,69.0,70.7,71.9,69.5,68.3,71.6,69.4,68.5,66.3,73.4,66.1,70.5,65.4,72.4,67.9,61.7,68.3,63.7,65.7,62.8,68.0,65.3,65.2,68.8,67.8,62.8,68.1,62.9,71.0,72.9,73.8,71.3,71.5,69.5,70.6,67.6,64.6,74.9,73.1,71.0,69.1,69.9,67.0,61.6,66.8,66.8,70.8,69.0
3467,76.1,68.0,71.0,75.5,74.1,73.8,74.5,73.8,74.0,72.9,76.3,75.0,76.1,72.0,73.5,74.1,73.9,70.3,76.0,77.3,73.5,73.2,74.4,71.5,73.0,74.3,74.1,72.7,73.3,74.4,74.0,73.5,69.5,71.4,70.8,71.1,77.4,67.1,75.7,71.7,73.6,74.1,72.5,70.9,74.5,72.1,71.5,68.4,76.1,69.0,72.6,68.1,75.7,70.1,64.0,70.5,65.5,67.7,65.4,70.1,67.6,67.8,71.1,70.1,65.6,70.2,65.7,72.7,74.5,75.5,73.9,74.5,72.4,73.0,69.7,67.3,76.6,74.8,72.9,71.7,72.4,69.7,63.9,68.7,69.0,72.9,71.1
3468,78.4,69.6,72.8,78.0,76.1,75.5,76.3,75.5,75.3,74.0,77.6,76.6,77.4,73.2,75.2,75.6,75.5,72.3,77.2,78.5,75.0,74.7,75.8,73.4,75.6,76.3,75.4,74.2,74.8,75.5,75.5,74.7,71.4,73.2,72.7,72.8,79.4,69.0,78.3,73.7,76.0,75.9,75.0,73.0,76.9,74.2,73.9,70.1,78.1,70.7,74.3,70.1,78.0,71.9,65.3,72.1,66.9,69.3,67.7,71.6,69.6,70.2,73.2,71.9,68.4,72.0,68.2,74.0,76.0,76.8,75.9,77.1,74.9,75.0,71.7,69.2,77.8,76.3,74.1,73.9,74.3,71.7,65.6,69.9,70.9,74.5,73.0
3469,80.1,70.6,74.3,80.1,77.6,77.1,77.7,77.0,76.4,75.1,78.5,77.6,78.5,74.3,76.6,76.7,76.8,74.1,78.2,79.3,76.2,75.8,76.7,74.9,77.3,77.8,76.5,75.5,76.1,76.5,76.7,75.9,72.9,74.5,74.3,74.3,81.1,69.7,80.1,75.0,77.8,77.3,77.1,74.7,78.9,75.0,75.6,71.4,79.4,72.4,75.4,71.3,79.7,73.4,66.3,73.3,68.0,70.4,69.5,72.8,70.8,72.0,74.9,73.5,70.6,73.2,70.3,75.0,76.9,77.8,77.4,79.3,76.6,76.5,73.3,70.4,78.8,77.2,75.3,75.6,76.1,73.4,66.8,70.6,72.2,75.6,74.5
3470,81.0,70.8,75.0,81.8,78.8,78.0,79.0,77.9,77.0,76.1,79.0,78.4,78.9,75.3,77.7,76.9,77.6,75.0,78.6,79.9,77.2,76.5,77.6,75.9,78.8,78.8,77.4,76.4,76.9,77.0,77.6,76.4,73.8,75.8,75.3,75.4,82.2,70.1,81.5,75.8,79.2,78.3,78.7,75.3,80.0,75.1,76.7,72.0,80.1,73.2,76.1,72.1,80.6,74.0,67.3,74.1,68.8,71.1,70.7,73.5,71.7,73.5,76.3,74.3,72.3,74.0,71.6,75.9,77.4,78.6,78.5,80.8,77.6,77.4,74.1,71.2,79.4,77.6,76.3,77.0,77.3,74.8,67.6,71.0,73.2,76.0,75.5
3471,81.3,70.7,75.0,82.6,79.3,78.7,79.2,78.4,77.1,76.5,79.0,78.8,79.1,75.7,78.0,77.4,78.0,75.6,78.9,79.9,77.7,76.7,77.9,76.7,79.6,79.4,77.9,76.7,77.4,77.2,78.2,76.2,74.4,76.1,75.8,75.7,82.8,69.7,82.3,76.2,79.9,78.1,79.7,75.8,80.2,74.9,77.1,72.1,80.1,73.7,76.5,72.2,81.0,74.0,67.7,74.5,69.5,71.5,71.6,73.9,72.3,74.0,76.8,74.5,73.1,74.2,72.0,76.5,77.4,78.6,78.6,81.7,77.4,77.5,74.4,71.6,79.4,77.8,76.7,77.6,77.8,75.6,68.0,70.8,73.9,76.5,75.9
3472,80.5,69.6,74.2,82.7,79.1,78.7,79.1,78.3,76.7,76.3,78.6,78.6,78.6,75.6,77.6,77.0,78.1,75.0,78.4,79.6,77.5,76.6,77.9,76.5,79.7,79.1,77.9,76.8,77.3,77.0,78.2,76.1,74.5,76.1,75.6,75.6,82.6,68.8,82.2,75.6,80.4,77.5,79.8,75.7,79.6,74.4,76.6,71.5,79.4,73.8,76.5,71.5,80.6,73.6,68.3,74.5,69.8,71.9,71.8,73.9,72.2,74.2,76.6,74.3,73.2,74.0,71.5,76.4,77.1,78.2,78.1,81.9,77.2,77.4,74.1,71.2,78.9,77.8,76.5,77.5,77.8,75.4,67.7,70.1,73.9,76.2,75.9
3473,78.7,68.1,72.1,82.1,78.5,78.0,78.5,77.6,75.7,75.7,77.6,78.0,77.8,75.1,77.1,76.3,77.5,74.2,77.5,78.5,77.0,76.0,77.3,75.8,78.8,78.3,77.4,76.1,76.5,76.1,77.7,75.0,73.8,75.3,75.2,74.9,81.4,67.3,81.5,74.8,79.7,75.8,79.2,75.0,78.2,73.3,75.7,70.4,77.9,73.0,75.7,70.0,79.4,71.6,67.7,73.7,69.2,71.3,71.3,73.4,71.3,73.8,75.8,73.4,72.5,73.0,70.1,75.7,76.4,77.4,77.2,81.4,76.0,76.9,73.5,70.5,77.9,76.9,75.8,76.7,77.3,75.0,67.2,68.9,73.5,75.6,75.3
3474,75.8,65.7,69.3,80.4,77.1,76.8,77.2,76.3,74.1,74.6,76.2,76.8,76.3,74.0,75.8,75.2,76.0,72.4,75.6,76.7,75.7,74.5,76.1,74.3,77.0,76.8,76.3,74.7,75.6,74.6,76.5,73.3,72.5,74.2,74.2,73.8,78.7,65.0,80.1,72.7,78.5,73.0,77.6,73.5,75.6,70.9,74.3,68.6,75.4,71.6,74.4,68.0,77.7,69.2,66.5,72.2,68.4,70.3,70.6,71.7,69.6,72.8,74.2,71.6,70.7,71.2,67.6,74.5,74.9,76.1,75.4,79.9,73.8,75.6,71.5,68.8,76.0,75.4,74.6,75.3,75.9,73.5,66.0,67.1,72.5,74.5,74.2
3475,71.0,62.2,64.5,77.5,74.7,74.8,75.1,73.8,71.6,72.3,73.8,74.8,73.4,72.0,73.4,72.7,73.8,68.8,73.0,73.6,73.5,72.0,73.7,71.8,74.0,74.2,74.5,72.5,73.4,72.2,74.5,70.5,70.3,71.8,72.5,71.7,73.3,61.7,77.4,69.0,76.1,67.7,74.8,70.7,71.4,66.5,71.3,65.3,70.8,69.0,72.0,65.5,74.7,65.2,64.8,69.9,66.3,68.2,69.2,69.1,67.3,70.8,71.3,68.2,67.8,68.5,63.9,72.6,72.3,73.7,72.2,77.3,70.1,73.4,67.5,66.0,72.7,72.9,72.2,72.7,72.9,70.9,63.6,64.6,70.6,72.5,72.1
3476,66.9,58.9,60.7,72.9,71.7,72.1,72.4,70.1,69.1,69.7,71.0,71.8,70.1,69.8,70.5,70.3,70.0,64.1,70.1,70.6,70.1,69.2,70.6,68.3,69.4,70.0,72.6,69.4,70.2,69.6,71.5,67.6,66.9,68.9,69.6,68.3,69.4,58.6,72.7,64.6,73.0,63.9,70.1,65.9,67.7,62.5,66.8,61.6,67.0,63.4,67.8,63.0,69.8,62.1,61.6,66.0,62.7,64.8,66.8,64.7,64.3,67.3,67.1,64.1,64.3,64.5,59.3,70.4,69.4,70.6,67.5,71.5,66.0,68.7,63.3,60.8,69.8,69.8,69.5,68.4,68.7,67.0,58.5,62.3,67.5,69.4,68.4
3477,64.0,57.1,58.6,69.4,69.4,70.3,70.6,68.0,67.6,68.4,69.3,69.7,68.6,68.1,68.6,68.5,67.7,61.4,68.2,69.0,68.2,67.2,68.7,66.4,66.5,67.7,71.1,67.5,68.2,68.2,69.4,66.3,64.7,66.7,67.5,65.8,66.9,56.5,69.3,61.3,70.5,61.7,66.8,63.0,65.4,60.1,63.9,59.4,64.2,58.8,64.1,61.3,65.1,60.2,59.5,63.3,60.2,62.4,63.8,62.4,61.9,63.1,63.6,61.3,61.8,61.5,56.9,69.0,67.7,68.8,64.1,67.3,63.3,65.9,61.0,57.7,68.1,68.2,67.9,65.1,66.3,64.1,54.9,60.7,65.3,67.4,65.8
3478,62.0,55.6,57.1,67.3,67.4,68.8,68.9,66.5,66.3,67.1,67.8,68.1,67.3,67.0,67.3,67.4,66.4,59.4,66.9,67.8,66.7,66.1,67.6,65.0,64.6,66.3,69.8,66.3,66.8,67.0,67.8,65.4,63.4,65.4,66.0,64.3,64.8,54.9,67.2,58.9,68.4,59.9,64.2,61.3,63.5,58.1,61.1,57.4,61.8,56.7,61.7,59.6,62.1,58.6,57.8,60.7,58.3,60.8,61.0,60.9,60.3,60.8,61.1,59.1,60.0,59.5,55.2,67.9,66.5,67.7,61.6,65.4,61.2,63.6,58.8,56.2,66.8,67.0,66.7,63.5,64.9,62.3,53.6,59.5,63.8,66.2,64.1
3479,60.3,54.2,55.8,65.6,66.1,67.7,67.6,65.2,65.4,66.0,66.6,67.0,66.2,65.9,66.1,66.4,65.4,57.5,65.7,66.9,65.7,65.2,66.6,64.0,63.3,65.5,68.6,65.4,65.6,66.2,66.9,64.5,62.1,64.0,64.8,63.3,63.2,53.4,65.5,57.0,66.3,58.5,62.7,59.8,61.7,56.3,58.7,55.4,59.6,55.0,59.7,58.1,59.9,57.4,56.7,58.3,57.1,59.4,59.1,59.2,58.9,58.9,59.3,57.3,58.4,57.7,53.6,66.9,65.5,66.5,59.4,63.7,59.1,62.2,56.3,54.4,65.9,66.0,65.6,62.0,63.5,60.8,52.7,58.4,62.7,64.9,62.7
3480,58.5,53.3,55.0,64.0,65.1,66.6,66.6,64.2,64.6,65.1,65.8,66.0,65.4,64.9,65.2,65.7,64.4,56.1,64.9,65.9,64.7,64.4,65.9,63.1,62.1,64.4,67.6,64.3,64.5,65.3,65.7,63.9,61.1,62.7,63.6,62.1,61.8,52.9,64.4,55.6,64.5,57.3,61.5,58.5,60.0,54.8,56.4,53.5,57.2,53.4,58.1,56.3,58.2,56.5,55.5,56.5,56.0,58.3,57.5,58.2,57.2,57.4,57.5,55.3,56.9,56.1,51.9,65.7,64.7,65.6,57.6,62.3,57.3,60.7,54.5,52.5,65.1,64.9,64.7,61.0,62.5,59.4,52.0,57.5,61.5,64.0,61.7
3481,57.2,52.5,54.1,62.5,64.0,65.7,65.5,63.3,63.9,64.3,65.0,65.2,64.5,64.1,64.4,64.9,63.7,54.8,64.2,64.9,63.7,63.5,65.3,62.2,61.1,63.4,66.7,63.4,63.8,64.6,64.8,63.2,60.2,61.8,62.6,61.4,60.5,51.9,63.4,54.0,62.6,56.4,60.3,57.1,58.4,53.7,54.2,51.8,54.7,51.3,56.4,54.6,56.4,55.8,54.7,55.0,55.1,57.2,56.2,57.0,56.1,56.2,56.0,53.2,55.3,54.8,50.5,64.9,63.9,64.9,55.6,60.9,55.9,59.0,52.9,51.1,64.4,64.1,63.9,60.0,61.7,58.2,51.4,56.7,60.6,62.9,60.7
3482,55.8,51.8,53.1,61.4,63.3,64.9,64.7,62.7,63.2,63.9,64.2,64.4,63.7,63.5,63.5,64.3,63.0,53.5,63.6,64.2,63.1,63.0,64.5,61.3,60.4,62.9,66.0,62.7,62.9,64.0,64.1,62.5,59.3,60.9,61.8,60.6,59.3,50.9,62.1,52.4,60.9,55.6,59.4,55.8,57.1,52.6,52.5,50.6,52.9,49.3,55.0,53.1,54.4,54.9,53.7,53.7,53.9,56.2,55.0,56.2,55.2,54.9,54.9,51.5,53.7,53.1,49.0,64.1,63.1,64.1,53.8,59.3,54.5,57.8,51.6,49.3,63.7,63.5,63.2,59.3,60.7,57.1,50.7,56.1,59.6,62.0,59.8
3483,54.5,50.8,52.3,60.1,62.4,64.2,64.1,61.9,62.4,63.0,63.5,63.8,63.1,62.8,62.9,63.6,62.3,52.8,63.1,63.6,62.5,62.5,64.0,60.6,59.5,62.1,65.2,62.0,62.2,63.4,63.4,62.0,58.6,60.2,61.0,59.8,58.3,50.0,60.9,50.9,59.4,54.9,58.6,54.7,55.8,51.6,50.9,49.1,51.3,48.0,53.4,51.8,52.4,54.2,52.7,52.6,52.9,55.5,54.0,55.0,54.2,53.7,53.9,50.1,52.7,52.0,47.5,63.5,62.5,63.5,52.1,57.9,53.1,56.7,50.2,47.9,63.2,62.7,62.7,58.6,60.0,56.5,50.3,55.5,58.9,61.3,59.2
3484,53.2,50.0,51.6,58.9,61.9,63.5,63.6,61.2,62.0,62.4,63.0,63.3,62.4,62.4,62.3,63.2,61.9,51.9,62.3,63.1,61.9,62.0,63.5,59.8,59.0,61.5,64.5,61.5,61.6,62.9,62.8,61.5,57.8,59.6,60.4,59.2,57.6,49.3,60.0,49.6,58.2,54.3,57.5,53.7,54.6,50.8,49.2,48.0,49.4,46.7,52.3,50.7,50.8,53.4,51.7,51.5,52.2,54.7,52.9,54.0,53.2,52.8,52.7,48.8,51.8,50.9,46.5,63.0,62.0,62.8,50.5,56.8,52.0,55.3,48.9,46.6,62.7,62.0,62.2,57.8,59.3,55.7,49.4,55.0,58.2,60.6,58.6
3485,52.8,49.5,51.1,58.0,61.2,63.0,63.0,60.6,61.6,61.9,62.6,62.7,61.9,61.7,61.7,62.7,61.4,52.1,62.1,62.8,61.5,61.5,63.1,59.1,58.3,60.7,64.1,61.0,61.1,62.5,62.3,61.3,57.1,59.0,60.0,58.7,56.9,48.8,59.0,48.6,57.2,53.7,56.7,52.6,53.9,50.1,48.1,47.4,48.6,45.5,51.1,49.8,49.2,53.3,51.1,51.4,51.4,54.1,52.1,53.8,53.5,52.1,52.8,47.7,51.2,50.4,45.3,62.4,61.6,62.3,49.0,56.0,50.9,54.4,48.3,45.5,62.3,61.6,61.6,57.1,58.7,55.0,48.6,55.1,57.5,60.3,58.0
3486,56.6,52.4,54.4,57.6,61.4,63.1,63.3,61.4,62.5,62.7,64.4,63.4,64.0,62.1,62.0,63.6,62.4,56.0,63.7,65.0,61.9,62.3,63.7,59.5,58.2,61.2,64.6,61.3,62.0,63.4,62.6,62.7,57.5,59.6,60.5,59.5,59.7,51.5,58.4,51.8,58.2,57.6,56.6,54.8,56.8,53.5,50.7,51.6,54.2,46.3,51.1,51.6,50.7,55.9,50.9,54.6,52.1,54.9,52.1,56.8,55.5,52.1,56.4,52.5,52.3,54.6,48.4,62.8,63.0,64.2,50.1,55.2,54.5,56.1,53.4,46.1,64.5,63.3,62.4,57.0,58.7,54.9,49.2,57.1,57.7,61.0,59.0
3487,61.4,56.4,58.9,60.4,63.7,64.9,65.4,64.1,65.3,64.9,67.1,65.7,66.9,64.3,64.4,66.0,64.8,59.3,66.8,67.9,64.6,64.7,66.0,61.8,60.6,63.8,66.4,63.8,64.4,65.9,64.9,65.3,59.7,62.0,62.4,62.2,64.1,55.6,61.1,58.3,61.4,62.2,59.1,59.1,60.7,58.6,55.1,56.8,60.9,52.2,57.5,54.9,56.9,59.1,53.2,58.8,55.1,58.0,54.5,60.0,57.8,55.1,59.9,57.9,54.4,58.8,53.3,64.9,66.0,66.9,56.5,58.5,58.8,61.5,58.3,52.2,67.6,66.1,64.7,59.6,61.2,57.4,53.3,59.8,59.7,63.4,61.8
3488,66.1,60.1,62.9,64.9,66.9,67.3,68.0,66.9,67.9,67.3,70.0,68.5,69.8,66.5,67.1,68.6,67.5,62.3,69.8,71.0,67.3,67.3,68.6,64.5,64.2,66.9,68.7,66.5,67.0,68.6,67.6,67.9,62.6,64.7,64.7,64.6,68.3,59.4,65.2,62.8,64.7,66.2,62.7,62.7,64.7,63.0,60.1,60.8,66.5,58.0,63.9,58.7,63.2,62.7,56.1,62.7,58.6,61.1,57.3,63.0,60.4,58.7,63.2,62.4,57.0,62.3,57.0,67.2,68.9,69.7,62.6,63.4,62.9,65.5,62.1,57.2,70.7,69.0,67.0,63.1,64.4,60.8,56.9,62.6,62.3,66.1,64.5
3489,70.3,63.3,66.3,69.1,69.7,69.8,70.5,69.6,70.3,69.5,72.6,71.3,72.5,68.7,69.7,70.8,70.1,65.1,72.6,73.7,69.9,69.9,70.9,67.2,67.6,70.1,70.9,69.2,69.5,71.0,70.2,70.2,65.4,67.4,66.9,67.0,71.9,62.8,69.0,66.3,68.1,69.4,66.5,65.8,68.6,66.6,65.0,64.0,70.8,63.2,68.2,62.4,68.7,65.7,59.5,66.0,61.9,64.0,60.4,65.8,62.9,62.3,66.2,66.0,60.1,65.5,60.2,69.3,71.4,72.0,68.1,67.8,66.5,68.5,65.4,61.8,73.3,71.4,69.3,66.6,67.5,64.3,59.4,65.0,64.8,68.8,67.0
3490,73.5,66.2,69.1,72.7,72.2,72.3,72.9,72.0,72.5,71.5,74.9,73.5,74.6,70.8,72.0,72.9,72.4,68.0,74.8,75.9,72.2,71.7,73.1,69.9,70.8,72.5,72.8,71.4,71.7,73.0,72.5,72.2,67.8,69.8,69.1,69.5,75.1,65.5,72.9,69.5,71.2,72.3,70.0,68.9,72.0,69.7,69.1,66.9,73.9,66.9,71.3,65.9,73.1,68.3,62.2,68.4,64.2,66.4,63.2,68.2,65.5,65.5,68.9,68.4,63.1,68.1,63.3,71.4,73.4,74.2,72.1,71.6,69.9,71.2,68.1,65.4,75.4,73.4,71.4,69.5,70.3,67.5,61.9,67.3,67.3,71.1,69.4
3491,76.6,68.6,71.4,75.9,74.6,74.3,75.0,74.1,74.3,73.2,76.8,75.3,76.4,72.4,74.1,74.5,74.3,70.4,76.4,77.8,73.9,73.6,74.8,72.0,73.4,74.8,74.5,73.2,73.7,74.8,74.3,73.7,70.0,71.8,71.2,71.5,77.7,67.8,75.9,72.3,74.2,74.5,72.9,71.5,74.9,72.4,72.2,69.0,76.6,69.9,73.4,68.6,76.4,70.6,64.6,70.6,66.2,68.4,65.8,70.3,67.8,68.1,71.2,70.7,65.9,70.3,66.2,73.1,75.0,75.9,74.7,74.7,72.9,73.7,70.2,68.1,77.1,75.1,73.3,72.1,72.8,70.2,64.2,69.1,69.4,73.3,71.5
3492,78.9,70.2,73.2,78.4,76.6,76.0,76.8,75.8,75.7,74.4,78.0,76.9,77.7,73.6,75.8,76.0,75.8,72.4,77.7,79.0,75.5,75.1,76.3,73.8,75.9,76.8,75.8,74.7,75.2,75.9,75.9,75.0,71.9,73.6,73.0,73.2,79.7,69.6,78.5,74.3,76.6,76.3,75.4,73.7,77.4,74.6,74.7,70.8,78.7,71.6,75.1,70.6,78.7,72.4,66.0,72.2,67.6,70.0,68.1,71.8,69.8,70.4,73.3,72.6,68.7,72.1,68.6,74.4,76.4,77.2,76.7,77.4,75.4,75.6,72.2,70.0,78.3,76.6,74.6,74.3,74.8,72.0,66.0,70.4,71.3,74.9,73.4
3493,80.5,71.2,74.7,80.4,78.1,77.7,78.3,77.4,76.7,75.5,78.8,78.0,78.8,74.8,77.1,77.1,77.1,74.1,78.6,79.8,76.6,76.1,77.3,75.4,77.7,78.3,76.9,75.9,76.5,76.9,77.1,76.2,73.4,75.0,74.7,74.7,81.5,70.3,80.4,75.7,78.4,77.6,77.5,75.4,79.4,75.3,76.4,72.0,80.0,73.2,76.2,71.9,80.5,73.8,67.0,73.4,68.7,71.1,69.9,73.0,71.0,72.2,75.0,74.1,70.9,73.3,70.7,75.4,77.3,78.3,78.2,79.5,77.2,77.2,73.8,71.5,79.3,77.6,75.7,76.0,76.6,73.8,67.2,71.1,72.7,76.0,74.9
3494,81.5,71.3,75.5,82.1,79.3,78.5,79.5,78.3,77.4,76.5,79.3,78.7,79.2,75.7,78.3,77.3,78.0,75.2,79.0,80.4,77.6,76.9,78.1,76.4,79.0,79.3,77.8,76.9,77.3,77.4,77.9,76.7,74.3,76.2,75.6,75.7,82.5,70.5,81.7,76.4,79.7,78.5,79.1,76.1,80.6,75.6,77.5,72.7,80.7,74.2,76.9,72.6,81.4,74.4,68.0,74.3,69.5,71.8,71.1,73.7,71.9,73.7,76.4,74.9,72.6,74.2,72.0,76.3,77.8,78.9,79.3,81.1,78.1,78.1,74.8,72.2,79.8,78.0,76.6,77.5,77.7,75.2,68.0,71.5,73.6,76.5,75.8
3495,81.8,71.2,75.3,82.8,79.8,79.3,79.7,78.8,77.4,76.9,79.3,79.2,79.4,76.1,78.5,77.7,78.4,75.8,79.3,80.4,78.0,77.0,78.4,77.1,79.9,79.9,78.3,77.2,77.8,77.7,78.6,76.6,74.9,76.6,76.2,76.1,83.2,70.3,82.5,76.9,80.5,78.4,80.0,76.7,80.6,75.2,78.0,72.7,80.7,74.6,77.3,72.7,81.9,74.4,68.4,74.7,70.2,72.3,72.0,74.2,72.5,74.1,76.9,75.1,73.4,74.4,72.4,76.9,77.8,78.9,79.4,81.9,77.9,78.3,75.0,72.5,79.8,78.2,77.1,78.0,78.3,76.0,68.5,71.3,74.2,76.9,76.3
3496,80.9,70.1,74.7,82.9,79.6,79.2,79.7,78.7,77.1,76.8,79.0,79.0,79.0,76.0,78.1,77.5,78.5,75.3,78.8,80.0,77.9,76.9,78.4,76.9,80.0,79.6,78.3,77.2,77.7,77.4,78.6,76.4,74.9,76.5,76.1,76.0,82.9,69.4,82.4,76.2,80.9,77.7,80.1,76.6,80.0,74.7,77.6,72.1,80.0,74.7,77.2,72.1,81.5,74.0,69.0,74.7,70.5,72.7,72.2,74.2,72.4,74.5,76.8,74.9,73.5,74.2,72.0,76.8,77.5,78.6,78.9,82.1,77.6,78.1,74.8,72.0,79.3,78.1,76.9,78.0,78.3,75.8,68.3,70.6,74.3,76.6,76.2
3497,79.1,68.7,72.5,82.3,78.9,78.5,79.0,78.0,76.0,76.1,78.0,78.4,78.2,75.5,77.6,76.7,77.8,74.4,77.9,78.9,77.5,76.3,77.7,76.3,79.2,78.8,77.7,76.6,76.9,76.6,78.1,75.4,74.3,75.8,75.6,75.4,81.5,67.9,81.7,75.4,80.2,75.9,79.5,75.9,78.6,73.5,76.7,71.1,78.6,73.9,76.5,70.6,80.4,72.1,68.4,74.0,70.0,72.1,71.6,73.7,71.4,74.0,76.1,74.0,72.8,73.2,70.5,76.0,76.8,77.8,78.0,81.6,76.4,77.7,74.0,71.4,78.3,77.2,76.2,77.2,77.8,75.4,67.8,69.3,73.9,76.0,75.7
3498,76.3,66.4,69.7,80.7,77.6,77.3,77.7,76.7,74.5,74.9,76.7,77.2,76.7,74.4,76.2,75.6,76.4,72.7,76.0,77.1,76.2,74.9,76.6,74.7,77.5,77.3,76.7,75.1,76.0,75.0,76.9,73.8,73.0,74.6,74.6,74.2,78.7,65.7,80.3,73.4,79.0,73.1,78.0,74.4,76.0,71.2,75.2,69.3,76.1,72.4,75.2,68.6,78.6,69.7,67.3,72.5,69.1,71.1,70.8,71.9,69.8,73.0,74.5,72.2,71.0,71.5,68.1,74.9,75.4,76.6,76.2,80.1,74.3,76.4,72.0,69.7,76.5,75.8,74.9,75.8,76.4,73.9,66.6,67.5,72.9,74.8,74.6
3499,71.4,62.8,64.8,77.8,75.2,75.4,75.6,74.3,72.0,72.7,74.3,75.2,73.9,72.4,73.9,73.1,74.2,69.0,73.4,74.0,73.9,72.4,74.2,72.2,74.6,74.7,74.8,72.9,73.8,72.6,74.9,70.9,70.8,72.3,72.9,72.1,73.4,62.2,77.6,69.6,76.6,67.9,75.2,71.6,71.8,66.8,72.3,66.1,71.5,69.8,72.8,66.1,75.6,65.6,65.5,70.2,67.1,68.9,69.5,69.4,67.5,71.0,71.7,68.8,68.2,68.7,64.4,73.0,72.7,74.2,73.1,77.4,70.7,74.2,68.2,66.9,73.3,73.3,72.6,73.2,73.3,71.3,64.1,65.0,71.1,72.9,72.5
3500,67.3,59.3,61.1,73.2,72.2,72.6,72.9,70.5,69.5,70.1,71.5,72.3,70.6,70.1,71.0,70.7,70.4,64.4,70.6,71.0,70.5,69.5,71.0,68.7,69.9,70.4,73.0,69.9,70.6,70.1,71.9,68.0,67.4,69.4,70.0,68.7,69.5,59.0,72.8,65.1,73.6,64.0,70.5,66.7,68.2,63.0,67.7,62.2,67.5,64.2,68.5,63.6,70.6,62.4,62.2,66.3,63.3,65.4,67.1,65.0,64.5,67.5,67.4,64.6,64.6,64.7,59.8,70.8,69.8,71.1,68.3,71.7,66.4,69.4,63.9,61.5,70.4,70.2,69.9,68.9,69.1,67.4,59.0,62.7,68.0,69.8,68.8
3501,64.5,57.4,59.0,69.7,69.9,70.8,71.0,68.3,68.0,68.8,69.8,70.2,69.1,68.5,69.0,69.0,68.1,61.6,68.8,69.4,68.5,67.6,69.2,66.7,66.9,68.2,71.5,67.9,68.5,68.6,69.8,66.7,65.2,67.2,67.8,66.2,67.1,56.9,69.5,61.8,71.0,61.9,67.2,63.7,65.9,60.5,64.6,60.1,64.7,59.4,64.8,61.8,65.8,60.5,60.1,63.5,60.8,62.9,64.1,62.6,62.0,63.4,63.7,61.8,62.1,61.6,57.3,69.3,68.2,69.4,64.8,67.6,63.7,66.5,61.5,58.3,68.7,68.7,68.3,65.6,66.7,64.5,55.2,61.2,65.8,67.8,66.1
3502,62.4,56.0,57.5,67.7,67.9,69.2,69.4,66.8,66.8,67.5,68.4,68.7,67.7,67.4,67.8,67.9,66.8,59.7,67.5,68.3,67.1,66.4,68.1,65.4,65.0,66.9,70.2,66.7,67.1,67.4,68.2,65.9,63.8,65.8,66.4,64.7,65.1,55.4,67.4,59.3,69.0,60.0,64.6,62.0,64.0,58.6,61.7,58.0,62.3,57.3,62.4,60.1,62.7,59.0,58.4,60.8,58.8,61.3,61.3,61.2,60.4,61.0,61.3,59.5,60.3,59.6,55.6,68.3,67.0,68.2,62.2,65.7,61.6,64.2,59.2,56.8,67.3,67.4,67.1,63.9,65.3,62.7,53.8,59.9,64.2,66.6,64.4
3503,60.8,54.7,56.3,66.0,66.6,68.2,68.2,65.6,65.8,66.4,67.2,67.6,66.6,66.3,66.5,66.9,65.6,57.7,66.4,67.4,66.0,65.6,67.0,64.4,63.6,65.9,69.0,65.8,65.9,66.5,67.2,65.0,62.5,64.4,65.1,63.5,63.5,53.9,65.8,57.5,66.9,58.7,63.1,60.5,62.1,56.9,59.3,56.0,60.0,55.7,60.3,58.5,60.6,57.8,57.2,58.5,57.5,59.8,59.4,59.4,59.0,59.1,59.4,57.6,58.7,57.8,54.1,67.2,65.9,67.1,59.9,64.0,59.5,62.9,56.9,55.0,66.6,66.5,65.9,62.4,63.8,61.3,52.9,58.9,63.1,65.3,63.0
3504,58.9,53.6,55.3,64.4,65.5,67.1,67.1,64.6,65.1,65.5,66.3,66.6,65.8,65.3,65.7,66.2,64.7,56.4,65.5,66.4,65.0,64.8,66.4,63.5,62.5,64.8,68.0,64.7,64.8,65.7,66.1,64.5,61.5,63.1,64.0,62.4,62.1,53.4,64.7,56.0,65.1,57.6,61.8,59.1,60.4,55.3,57.0,54.1,57.6,54.1,58.7,56.8,58.8,56.9,56.0,56.6,56.4,58.7,57.8,58.3,57.2,57.6,57.8,55.7,57.2,56.2,52.4,66.1,65.0,66.1,58.1,62.5,57.8,61.2,54.9,53.0,65.7,65.5,65.1,61.4,62.9,59.8,52.3,58.1,61.9,64.3,62.0
3505,57.6,52.9,54.5,62.8,64.4,66.1,66.0,63.7,64.3,64.8,65.6,65.8,64.9,64.5,64.8,65.3,63.9,55.1,64.7,65.5,64.1,64.0,65.8,62.8,61.5,63.8,67.1,63.8,64.1,65.0,65.1,63.7,60.6,62.1,63.0,61.6,60.7,52.4,63.7,54.5,63.3,56.8,60.7,57.7,58.8,54.2,54.8,52.4,55.0,51.8,56.9,55.1,56.9,56.3,55.1,55.1,55.5,57.6,56.5,57.1,56.2,56.3,56.2,53.6,55.6,55.0,51.0,65.3,64.2,65.4,56.1,61.1,56.2,59.6,53.3,51.5,65.0,64.6,64.3,60.4,62.1,58.7,51.6,57.2,61.1,63.2,61.0
3506,56.1,52.2,53.5,61.7,63.6,65.4,65.2,63.1,63.6,64.2,64.7,64.9,64.1,63.8,63.9,64.8,63.2,53.7,64.1,64.8,63.5,63.4,65.0,61.8,60.7,63.2,66.4,63.1,63.2,64.4,64.5,63.0,59.6,61.2,62.1,60.9,59.5,51.4,62.4,53.0,61.5,55.9,59.8,56.2,57.4,53.1,53.0,51.1,53.2,49.8,55.3,53.5,55.0,55.3,54.2,53.8,54.3,56.6,55.2,56.3,55.3,55.0,55.0,52.0,54.0,53.3,49.3,64.6,63.6,64.6,54.3,59.5,54.8,58.2,52.0,49.7,64.3,63.9,63.5,59.7,61.2,57.6,50.9,56.7,60.1,62.3,60.1
3507,54.9,51.2,52.8,60.5,62.8,64.6,64.5,62.3,62.9,63.4,64.1,64.4,63.5,63.2,63.3,64.1,62.6,52.9,63.6,64.2,62.8,62.8,64.5,61.0,59.8,62.5,65.6,62.5,62.5,63.8,63.8,62.5,58.9,60.5,61.3,60.1,58.6,50.5,61.3,51.5,60.0,55.2,58.9,55.2,56.2,52.2,51.4,49.7,51.6,48.3,53.8,52.1,52.9,54.6,53.1,52.6,53.3,55.8,54.3,55.1,54.2,53.9,54.0,50.4,53.0,52.2,47.9,63.9,63.0,64.0,52.6,58.1,53.4,57.0,50.5,48.3,63.7,63.2,63.0,59.1,60.5,56.9,50.5,56.0,59.3,61.6,59.4
3508,53.6,50.4,52.1,59.2,62.3,63.9,64.0,61.6,62.4,62.8,63.5,63.8,62.9,62.8,62.6,63.6,62.2,52.1,62.9,63.7,62.2,62.4,64.0,60.2,59.3,61.9,65.0,61.9,61.9,63.3,63.2,62.1,58.1,59.9,60.8,59.5,57.9,49.7,60.4,50.2,58.9,54.6,57.9,54.1,55.1,51.3,49.7,48.6,49.7,47.0,52.6,51.0,51.2,53.8,52.0,51.6,52.5,55.0,53.3,54.2,53.3,52.9,52.8,49.1,52.0,51.0,46.8,63.4,62.6,63.3,50.9,57.1,52.2,55.7,49.1,47.0,63.3,62.5,62.6,58.2,59.7,56.1,49.6,55.5,58.6,60.9,58.8
3509,53.2,49.9,51.6,58.3,61.5,63.4,63.4,61.0,62.1,62.3,63.1,63.2,62.5,62.2,62.1,63.2,61.7,52.2,62.6,63.4,61.8,62.0,63.6,59.6,58.6,61.1,64.6,61.3,61.4,63.0,62.7,61.9,57.5,59.3,60.3,59.0,57.2,49.2,59.3,49.1,57.8,54.1,57.1,53.0,54.3,50.6,48.6,48.0,48.8,45.8,51.5,50.1,49.5,53.7,51.3,51.5,51.6,54.4,52.4,54.0,53.6,52.2,52.9,48.0,51.4,50.7,45.6,62.9,62.1,62.8,49.4,56.3,51.1,54.7,48.6,45.8,62.9,62.1,62.0,57.5,59.1,55.4,48.7,55.5,58.0,60.5,58.2
3510,57.1,52.9,55.0,57.9,61.8,63.5,63.7,61.8,63.0,63.2,64.9,63.9,64.5,62.6,62.5,64.1,62.7,56.3,64.2,65.5,62.4,62.8,64.2,60.0,58.5,61.6,65.1,61.7,62.4,63.8,63.1,63.2,58.0,60.0,60.9,59.9,60.0,51.9,58.7,52.4,58.8,57.9,57.0,55.3,57.4,54.0,51.2,52.3,54.7,46.6,51.5,51.9,51.1,56.4,51.2,54.8,52.4,55.2,52.5,57.0,55.6,52.3,56.6,52.9,52.6,54.9,48.8,63.3,63.5,64.7,50.5,55.7,54.8,56.4,53.9,46.6,65.1,63.8,62.8,57.5,59.2,55.3,49.4,57.6,58.1,61.3,59.4
3511,62.1,57.0,59.5,60.8,64.2,65.4,65.9,64.5,65.8,65.4,67.7,66.3,67.4,64.8,64.9,66.5,65.2,59.6,67.3,68.3,65.1,65.2,66.4,62.3,61.1,64.3,66.9,64.2,64.8,66.3,65.4,65.8,60.2,62.5,62.8,62.6,64.4,56.2,61.4,58.8,61.9,62.7,59.5,59.6,61.3,59.1,55.7,57.6,61.5,52.6,58.0,55.3,57.4,59.7,53.5,59.0,55.5,58.4,54.8,60.2,58.0,55.3,60.1,58.4,54.7,59.0,53.7,65.4,66.4,67.5,57.0,58.9,59.2,62.0,58.8,52.7,68.1,66.6,65.2,60.1,61.7,57.8,53.5,60.2,60.2,63.8,62.2
3512,66.8,60.7,63.5,65.3,67.4,67.8,68.5,67.4,68.4,67.8,70.6,69.1,70.3,67.0,67.6,69.2,68.0,62.5,70.3,71.4,67.8,67.9,69.1,65.1,64.6,67.4,69.2,66.9,67.6,69.0,68.1,68.3,63.2,65.2,65.2,65.1,68.6,60.1,65.5,63.3,65.3,66.7,63.3,63.3,65.4,63.7,60.7,61.6,67.2,58.6,64.5,59.2,63.8,63.2,56.5,62.9,59.1,61.5,57.7,63.3,60.6,59.1,63.3,62.9,57.4,62.6,57.4,67.8,69.3,70.2,63.2,63.8,63.4,66.2,62.7,57.8,71.2,69.5,67.5,63.7,64.9,61.3,57.1,62.9,62.8,66.6,64.9
3513,71.1,64.0,67.0,69.5,70.2,70.3,71.1,70.1,70.8,70.1,73.1,71.8,73.0,69.2,70.3,71.4,70.7,65.4,73.1,74.1,70.5,70.4,71.5,67.8,68.1,70.6,71.4,69.7,70.1,71.3,70.7,70.6,66.0,68.0,67.4,67.5,72.2,63.5,69.4,66.9,68.7,69.9,67.1,66.4,69.2,67.4,65.7,64.8,71.4,63.9,68.8,62.9,69.4,66.4,59.9,66.1,62.3,64.4,60.9,66.1,63.2,62.6,66.4,66.6,60.5,65.8,60.7,69.9,71.7,72.6,68.9,68.3,67.1,69.2,66.0,62.4,73.8,71.9,69.8,67.2,68.0,64.9,59.8,65.3,65.4,69.4,67.5
3514,74.3,67.0,69.8,73.1,72.8,72.9,73.5,72.6,73.1,72.1,75.3,74.1,75.0,71.3,72.6,73.4,73.0,68.2,75.2,76.4,72.8,72.2,73.6,70.4,71.3,73.0,73.4,71.9,72.3,73.4,73.0,72.6,68.4,70.4,69.7,69.9,75.4,66.1,73.2,70.1,71.9,72.9,70.6,69.6,72.7,70.4,69.9,67.7,74.5,67.7,71.9,66.5,73.8,69.1,62.6,68.7,64.7,66.8,63.6,68.5,65.8,65.8,69.0,69.0,63.6,68.4,63.8,71.9,73.7,74.8,72.8,72.1,70.6,71.9,68.7,66.1,75.8,73.9,72.0,70.2,70.9,68.1,62.3,67.6,67.8,71.7,69.9
3515,77.4,69.4,72.3,76.4,75.2,74.9,75.6,74.7,74.8,73.8,77.2,75.9,76.8,72.9,74.7,75.0,74.8,70.6,76.8,78.2,74.5,74.1,75.4,72.6,74.1,75.4,75.1,73.7,74.3,75.1,74.9,74.1,70.7,72.5,71.8,72.0,78.0,68.5,76.3,73.0,74.9,75.2,73.6,72.2,75.7,73.2,73.0,69.8,77.2,70.8,74.1,69.2,77.2,71.5,65.0,70.8,66.6,68.9,66.3,70.6,68.1,68.4,71.4,71.4,66.4,70.6,66.7,73.7,75.3,76.4,75.5,75.2,73.6,74.5,70.9,68.9,77.6,75.6,73.8,72.9,73.5,70.9,64.7,69.4,70.1,73.8,72.0
3516,79.7,71.1,74.1,79.0,77.2,76.6,77.4,76.4,76.1,75.0,78.5,77.4,78.1,74.1,76.4,76.5,76.4,72.7,78.1,79.4,76.0,75.6,76.9,74.5,76.6,77.4,76.4,75.3,75.7,76.2,76.4,75.3,72.7,74.3,73.6,73.7,80.0,70.4,78.8,75.0,77.3,76.9,76.2,74.5,78.2,75.3,75.5,71.7,79.3,72.5,75.8,71.3,79.5,73.3,66.5,72.5,68.1,70.5,68.6,72.1,70.0,70.7,73.5,73.3,69.2,72.3,69.3,74.9,76.6,77.7,77.5,77.9,76.1,76.4,73.0,70.9,78.8,77.1,75.1,75.1,75.4,72.8,66.5,70.6,72.0,75.4,74.0
3517,81.3,72.0,75.6,81.0,78.8,78.2,78.8,77.9,77.1,76.1,79.2,78.4,79.1,75.3,77.6,77.5,77.7,74.4,79.0,80.2,77.3,76.6,77.8,76.0,78.4,78.8,77.5,76.5,77.0,77.2,77.7,76.6,74.2,75.7,75.3,75.3,81.7,71.2,80.8,76.4,79.2,78.3,78.3,76.2,80.1,76.0,77.2,72.9,80.7,74.2,76.9,72.5,81.2,74.9,67.5,73.7,69.2,71.7,70.4,73.2,71.3,72.6,75.1,74.8,71.4,73.6,71.4,75.9,77.6,78.8,79.2,80.1,77.8,78.0,74.6,72.4,79.8,78.0,76.2,76.9,77.2,74.6,67.7,71.3,73.4,76.5,75.5
3518,82.4,72.2,76.4,82.7,80.0,79.1,80.1,78.9,77.7,77.0,79.7,79.1,79.6,76.2,78.8,77.8,78.6,75.4,79.3,80.6,78.2,77.4,78.7,77.1,79.8,80.0,78.4,77.5,77.9,77.7,78.5,77.0,75.2,76.9,76.3,76.3,82.8,71.4,82.1,77.2,80.5,79.2,79.9,76.9,81.3,76.3,78.3,73.6,81.4,75.3,77.6,73.3,82.2,75.5,68.5,74.5,70.0,72.5,71.6,74.0,72.4,74.0,76.5,75.7,73.1,74.5,72.6,76.8,78.0,79.4,80.2,81.6,78.7,78.9,75.6,73.0,80.3,78.5,77.2,78.4,78.4,76.1,68.7,71.7,74.5,77.0,76.4
3519,82.5,72.1,76.2,83.5,80.5,79.8,80.4,79.4,77.8,77.4,79.7,79.5,79.8,76.6,79.1,78.2,78.9,76.2,79.7,80.6,78.6,77.5,78.9,77.8,80.6,80.4,78.9,77.8,78.4,77.9,79.2,76.9,75.8,77.3,76.9,76.8,83.4,71.2,82.9,77.6,81.1,79.0,80.7,77.5,81.3,75.8,78.8,73.6,81.4,75.7,78.0,73.4,82.7,75.5,69.0,75.0,70.8,73.0,72.5,74.5,72.9,74.6,77.1,75.9,73.9,74.9,73.0,77.4,78.0,79.5,80.3,82.4,78.5,79.3,75.9,73.4,80.2,78.7,77.7,79.0,79.0,77.0,69.1,71.6,75.1,77.5,76.9
3520,81.6,70.9,75.5,83.5,80.4,79.9,80.4,79.3,77.5,77.3,79.5,79.4,79.4,76.5,78.8,77.9,79.0,75.8,79.3,80.3,78.6,77.4,78.9,77.7,80.8,80.2,78.8,77.8,78.3,77.7,79.2,76.6,75.9,77.3,76.7,76.7,83.3,70.2,82.8,76.7,81.6,78.4,80.8,77.4,80.8,75.5,78.4,73.1,80.6,75.7,77.9,72.8,82.3,75.1,69.7,75.0,71.2,73.4,72.7,74.5,72.7,74.9,77.0,75.6,74.0,74.7,72.7,77.3,77.6,79.2,79.8,82.7,78.2,79.0,75.7,73.0,79.7,78.6,77.4,79.0,79.1,76.9,68.9,70.8,75.1,77.1,76.8
3521,79.8,69.4,73.3,82.9,79.7,79.2,79.7,78.7,76.4,76.7,78.5,78.8,78.6,76.0,78.3,77.2,78.4,75.0,78.3,79.2,78.1,76.7,78.2,77.1,79.9,79.6,78.3,77.3,77.5,76.9,78.7,75.6,75.3,76.6,76.2,76.0,81.9,68.7,82.0,75.9,80.9,76.6,80.3,76.7,79.4,74.2,77.6,72.2,79.2,74.9,77.2,71.3,81.2,73.1,69.1,74.3,70.8,72.9,72.2,74.0,71.7,74.5,76.5,74.8,73.3,73.7,71.2,76.5,76.8,78.5,78.8,82.2,77.1,78.6,74.8,72.4,78.7,77.7,76.8,78.3,78.5,76.5,68.3,69.6,74.8,76.6,76.3
3522,77.0,67.2,70.6,81.3,78.3,77.9,78.3,77.5,75.0,75.5,77.1,77.6,77.1,74.9,76.9,76.0,77.1,73.2,76.5,77.4,76.9,75.2,77.1,75.5,78.2,78.1,77.2,75.8,76.6,75.4,77.6,74.1,74.0,75.4,75.2,74.7,79.0,66.5,80.6,74.0,79.7,73.8,78.7,75.3,76.8,71.8,76.1,70.3,76.8,73.5,75.9,69.4,79.4,70.6,68.1,72.9,69.9,71.9,71.5,72.3,70.2,73.6,75.0,73.0,71.5,71.9,68.8,75.5,75.4,77.2,77.0,80.7,75.0,77.3,72.8,70.7,76.9,76.3,75.5,76.9,77.3,74.9,67.1,67.9,73.9,75.5,75.3
3523,72.1,63.6,65.6,78.3,75.9,76.0,76.2,74.9,72.5,73.3,74.8,75.7,74.2,73.0,74.5,73.6,74.8,69.5,73.9,74.4,74.5,72.9,74.7,73.0,75.3,75.4,75.4,73.5,74.5,73.0,75.6,71.2,71.7,73.1,73.5,72.7,73.7,63.1,78.0,70.2,77.3,68.5,75.9,72.5,72.6,67.4,73.1,66.9,72.1,70.8,73.4,66.8,76.3,66.4,66.3,70.6,67.9,69.8,70.1,69.8,67.8,71.6,72.0,69.7,68.7,69.1,65.0,73.6,72.8,74.8,73.9,77.9,71.4,75.1,69.0,67.8,73.7,73.8,73.2,74.2,74.2,72.3,64.5,65.4,72.1,73.5,73.1
3524,68.0,59.9,61.8,73.8,72.9,73.2,73.4,70.9,70.0,70.7,71.9,72.8,70.8,70.6,71.5,71.2,70.9,64.8,71.0,71.3,71.1,70.1,71.5,69.4,70.7,71.1,73.6,70.4,71.2,70.4,72.5,68.4,68.1,70.1,70.5,69.2,69.8,59.7,73.4,65.6,74.2,64.7,71.2,67.5,68.9,63.5,68.4,63.1,68.2,65.2,69.2,64.3,71.2,63.1,63.0,66.8,64.1,66.2,67.7,65.4,64.9,68.1,67.7,65.3,65.1,65.0,60.4,71.3,70.0,71.7,69.0,72.3,67.1,70.2,64.7,62.4,70.8,70.7,70.4,69.8,69.9,68.3,59.5,63.0,68.9,70.4,69.4
3525,65.2,58.1,59.6,70.3,70.6,71.3,71.6,68.8,68.4,69.3,70.3,70.6,69.4,69.0,69.5,69.5,68.6,62.1,69.2,69.7,68.9,68.1,69.6,67.5,67.8,68.8,72.0,68.4,69.0,69.0,70.3,67.0,65.8,67.8,68.4,66.6,67.5,57.5,70.0,62.3,71.7,62.5,67.9,64.5,66.4,61.0,65.4,60.9,65.4,60.3,65.3,62.4,66.4,61.2,60.7,63.9,61.4,63.7,64.7,63.0,62.3,63.9,64.0,62.5,62.5,61.9,58.0,69.8,68.4,69.9,65.4,68.2,64.4,67.2,62.2,59.0,69.1,69.1,68.7,66.4,67.5,65.3,55.7,61.4,66.5,68.4,66.6
3526,63.1,56.5,58.2,68.3,68.6,69.8,70.0,67.2,67.2,68.0,68.8,69.1,68.1,67.8,68.3,68.3,67.2,60.1,67.9,68.6,67.5,66.9,68.4,66.1,65.9,67.6,70.7,67.1,67.6,67.8,68.7,66.1,64.4,66.4,66.8,65.1,65.7,56.0,68.0,59.9,69.6,60.6,65.4,62.6,64.5,59.0,62.3,58.8,63.0,58.1,62.9,60.7,63.3,59.6,59.0,61.2,59.3,61.9,61.9,61.5,60.7,61.5,61.7,60.2,60.8,59.8,56.2,68.7,67.3,68.7,62.8,66.3,62.2,64.8,59.9,57.5,67.7,67.9,67.5,64.7,66.1,63.4,54.2,60.2,65.0,67.1,64.9
3527,61.4,55.3,56.9,66.6,67.3,68.8,68.7,66.1,66.2,66.9,67.6,67.9,67.0,66.7,67.0,67.3,66.0,58.1,66.8,67.7,66.5,66.1,67.4,65.1,64.5,66.6,69.5,66.3,66.4,66.9,67.6,65.3,63.1,64.9,65.6,64.0,64.1,54.5,66.5,58.1,67.6,59.3,63.8,61.1,62.7,57.4,59.8,56.7,60.6,56.5,60.8,59.1,61.1,58.4,57.8,58.8,58.0,60.4,59.9,59.6,59.2,59.7,59.7,58.3,59.2,57.9,54.7,67.7,66.3,67.6,60.5,64.5,60.1,63.4,57.7,55.7,66.9,66.9,66.3,63.2,64.7,62.0,53.3,59.1,63.9,65.8,63.5
3528,59.6,54.2,55.9,65.0,66.2,67.7,67.7,65.0,65.4,66.0,66.7,66.9,66.2,65.7,66.2,66.5,65.1,56.7,66.0,66.7,65.5,65.2,66.8,64.2,63.3,65.5,68.5,65.2,65.3,66.0,66.6,64.8,62.2,63.7,64.4,62.7,62.7,53.9,65.3,56.6,65.7,58.2,62.5,59.5,61.0,55.8,57.4,54.8,58.1,54.8,59.1,57.3,59.2,57.5,56.6,56.9,56.8,59.2,58.4,58.5,57.5,58.1,58.1,56.5,57.6,56.3,53.1,66.5,65.4,66.6,58.7,63.1,58.4,61.7,55.6,53.6,66.1,65.9,65.5,62.1,63.8,60.4,52.7,58.2,62.6,64.8,62.5
3529,58.3,53.4,55.0,63.4,65.2,66.7,66.6,64.2,64.7,65.2,66.1,66.2,65.3,64.9,65.4,65.7,64.3,55.5,65.2,65.8,64.5,64.3,66.1,63.4,62.2,64.4,67.6,64.2,64.5,65.3,65.6,63.9,61.2,62.7,63.4,62.0,61.3,52.9,64.2,55.0,63.8,57.4,61.4,58.2,59.4,54.6,55.2,53.1,55.6,52.5,57.2,55.6,57.4,56.8,55.6,55.4,55.9,58.1,57.0,57.4,56.6,56.8,56.5,54.2,56.1,55.2,51.5,65.8,64.6,65.9,56.7,61.6,56.7,60.1,53.9,52.2,65.4,65.0,64.7,61.0,62.9,59.2,52.1,57.3,61.7,63.7,61.5
3530,56.9,52.7,54.1,62.3,64.4,65.9,65.7,63.5,64.0,64.7,65.2,65.3,64.5,64.2,64.6,65.1,63.6,54.1,64.6,65.2,63.8,63.8,65.3,62.4,61.3,63.9,66.8,63.6,63.7,64.7,64.9,63.3,60.2,61.7,62.6,61.2,60.0,51.9,63.0,53.6,62.1,56.5,60.5,56.8,58.0,53.5,53.4,51.8,53.6,50.5,55.7,54.0,55.4,55.9,54.6,54.0,54.7,57.1,55.7,56.5,55.6,55.5,55.2,52.7,54.4,53.6,49.9,64.9,63.9,65.2,54.7,60.0,55.3,58.7,52.5,50.3,64.7,64.3,63.8,60.4,61.8,58.1,51.3,56.7,60.7,62.8,60.6
3531,55.7,51.7,53.4,61.1,63.6,65.2,65.1,62.8,63.3,63.8,64.4,64.8,64.0,63.6,63.9,64.4,63.0,53.3,64.0,64.6,63.3,63.2,64.9,61.6,60.5,63.2,66.0,63.0,62.9,64.2,64.3,62.8,59.5,61.0,61.8,60.6,59.1,50.9,61.8,52.1,60.8,55.8,59.6,55.7,56.7,52.6,51.9,50.3,52.1,48.8,54.1,52.7,53.3,55.1,53.5,52.9,53.7,56.3,54.7,55.3,54.5,54.3,54.2,51.1,53.4,52.4,48.3,64.3,63.3,64.5,53.1,58.6,53.9,57.5,51.0,48.9,64.1,63.5,63.4,59.6,61.1,57.4,50.9,56.2,59.9,62.0,59.9
3532,54.4,50.8,52.7,59.8,63.0,64.5,64.5,62.1,62.8,63.2,63.9,64.2,63.3,63.2,63.3,64.0,62.6,52.3,63.3,64.0,62.7,62.7,64.4,60.8,59.9,62.6,65.4,62.4,62.4,63.7,63.7,62.4,58.7,60.4,61.3,59.9,58.5,50.2,60.8,50.7,59.5,55.2,58.5,54.6,55.6,51.7,50.2,49.1,50.2,47.4,52.9,51.5,51.6,54.4,52.5,51.7,52.9,55.5,53.7,54.4,53.6,53.4,53.0,49.7,52.4,51.2,47.3,63.8,62.8,63.8,51.3,57.6,52.7,56.3,49.5,47.4,63.7,62.8,63.0,58.8,60.4,56.6,50.0,55.6,59.2,61.4,59.2
3533,53.9,50.4,52.2,58.9,62.2,64.0,64.0,61.6,62.5,62.8,63.6,63.6,62.9,62.6,62.8,63.6,62.1,52.5,63.0,63.7,62.3,62.3,64.0,60.2,59.3,61.8,65.0,61.9,61.9,63.3,63.2,62.1,58.0,59.8,60.8,59.4,57.7,49.6,59.8,49.5,58.4,54.7,57.7,53.4,54.8,51.0,49.1,48.6,49.4,46.1,51.8,50.6,49.9,54.2,51.8,51.7,52.0,54.8,52.7,54.3,53.9,52.6,53.1,48.6,51.8,51.0,46.1,63.3,62.4,63.3,49.7,56.8,51.6,55.3,49.0,46.2,63.3,62.4,62.4,58.0,59.8,55.8,49.1,55.7,58.6,61.0,58.7
3534,57.8,53.5,55.7,58.5,62.5,64.1,64.4,62.6,63.4,63.7,65.4,64.4,64.9,63.0,63.1,64.5,63.1,56.5,64.7,65.8,62.9,63.2,64.6,60.7,59.1,62.2,65.6,62.3,62.8,64.2,63.6,63.6,58.7,60.6,61.5,60.4,60.6,52.4,59.2,52.9,59.3,58.6,57.6,55.9,57.9,54.5,51.7,52.9,55.2,47.0,51.9,52.4,51.5,57.0,51.6,55.0,52.9,55.7,52.9,57.3,55.9,52.7,56.9,53.5,53.0,55.1,49.4,63.7,63.9,65.2,50.9,56.2,55.4,57.1,54.4,47.0,65.5,64.2,63.3,58.0,59.9,55.7,49.8,57.6,58.7,61.8,60.0
3535,62.7,57.6,60.2,61.5,65.0,66.1,66.5,65.2,66.2,65.9,68.2,66.8,67.8,65.3,65.6,67.0,65.7,59.9,67.8,68.7,65.7,65.7,67.0,63.0,61.8,65.1,67.4,64.8,65.3,66.8,65.9,66.2,61.0,63.1,63.5,63.2,65.1,56.8,62.1,59.4,62.5,63.3,60.3,60.2,61.9,59.7,56.2,58.3,62.0,53.0,58.5,55.8,57.8,60.5,54.0,59.3,56.0,59.0,55.3,60.5,58.4,55.8,60.4,59.1,55.1,59.3,54.2,65.9,66.8,67.9,57.5,59.6,59.9,62.6,59.4,53.3,68.5,67.0,65.7,60.8,62.4,58.4,54.2,60.2,60.9,64.4,62.8
3536,67.5,61.3,64.3,66.0,68.2,68.6,69.2,68.1,69.0,68.4,71.1,69.5,70.7,67.7,68.4,69.6,68.6,62.9,70.8,71.8,68.5,68.3,69.7,65.8,65.5,68.2,69.8,67.7,68.1,69.4,68.7,68.7,63.9,65.9,65.9,65.7,69.2,60.8,66.1,63.9,65.9,67.5,64.1,63.9,66.1,64.3,61.3,62.4,67.8,59.2,65.1,59.7,64.4,64.1,56.8,63.2,59.6,62.1,58.2,63.6,61.0,59.6,63.6,63.6,57.9,62.8,57.8,68.3,69.7,70.7,63.8,64.6,64.2,66.8,63.2,58.5,71.6,70.0,68.2,64.5,65.8,62.0,57.8,62.9,63.5,67.2,65.6
3537,71.8,64.6,67.9,70.3,71.1,71.1,71.9,70.9,71.3,70.8,73.6,72.3,73.4,69.9,71.2,71.9,71.4,65.8,73.6,74.6,71.2,70.9,72.1,68.5,69.1,71.5,72.1,70.5,70.8,71.8,71.5,71.1,66.8,68.7,68.2,68.2,73.0,64.1,70.2,67.5,69.4,70.7,68.0,67.1,69.9,68.0,66.4,65.6,72.0,64.6,69.5,63.5,70.1,67.3,60.5,66.5,62.9,65.0,61.5,66.4,63.7,63.2,66.7,67.3,61.0,66.1,61.2,70.5,72.2,73.1,69.6,69.0,67.9,69.9,66.5,63.1,74.2,72.3,70.5,68.2,68.9,65.6,60.5,65.2,66.2,70.0,68.3
3538,75.1,67.7,70.7,74.0,73.7,73.8,74.4,73.4,73.7,72.8,75.9,74.6,75.5,72.0,73.5,74.0,73.7,68.6,75.7,76.9,73.6,72.9,74.3,71.3,72.4,74.0,74.1,72.8,73.1,73.9,73.8,73.1,69.3,71.2,70.5,70.7,76.1,66.8,74.0,70.8,72.5,73.7,71.5,70.3,73.4,71.1,70.6,68.4,75.2,68.5,72.6,67.1,74.6,70.1,63.3,69.0,65.4,67.5,64.3,68.7,66.3,66.4,69.4,69.7,64.1,68.7,64.4,72.7,74.1,75.3,73.6,73.0,71.4,72.7,69.3,67.0,76.2,74.4,72.7,71.2,71.8,68.9,63.1,67.4,68.6,72.4,70.8
3539,78.2,70.2,73.2,77.2,76.1,75.9,76.6,75.6,75.4,74.6,77.7,76.4,77.2,73.7,75.7,75.7,75.6,71.0,77.3,78.7,75.4,74.8,76.1,73.5,75.1,76.5,75.8,74.6,75.1,75.6,75.7,74.5,71.6,73.4,72.6,72.8,78.8,69.3,77.2,73.7,75.6,76.1,74.5,73.0,76.4,73.9,73.8,70.6,77.9,71.6,74.8,69.8,78.1,72.5,65.7,71.1,67.4,69.6,67.0,70.8,68.6,69.1,71.8,72.1,66.9,71.0,67.3,74.4,75.8,77.0,76.4,76.1,74.5,75.2,71.6,69.8,78.0,76.0,74.6,73.9,74.5,71.8,65.5,69.2,70.9,74.6,73.0
3540,80.5,71.8,75.0,79.9,78.2,77.7,78.5,77.3,76.7,75.7,79.0,78.0,78.7,74.9,77.4,77.3,77.2,73.2,78.6,79.8,77.0,76.2,77.7,75.4,77.6,78.6,77.1,76.2,76.5,76.8,77.3,75.8,73.6,75.2,74.6,74.6,80.7,71.1,79.7,75.8,78.0,77.8,77.1,75.3,78.9,76.0,76.4,72.4,80.0,73.4,76.6,71.8,80.4,74.3,67.2,72.8,68.9,71.2,69.4,72.4,70.6,71.4,73.9,74.0,69.7,72.7,69.8,75.7,77.0,78.3,78.5,78.7,76.9,77.2,73.7,71.8,79.2,77.6,75.9,76.1,76.5,73.7,67.3,70.3,72.9,76.2,74.9
3541,82.1,72.8,76.4,82.0,79.8,79.3,79.9,78.9,77.8,76.8,79.7,79.0,79.7,76.0,78.7,78.2,78.5,75.0,79.5,80.6,78.2,77.3,78.6,76.9,79.5,80.0,78.2,77.5,77.9,77.8,78.5,77.1,75.1,76.6,76.2,76.1,82.5,72.0,81.6,77.2,79.9,79.1,79.2,77.1,80.8,76.8,78.1,73.7,81.4,75.1,77.8,73.0,82.2,75.9,68.3,74.1,70.0,72.4,71.2,73.6,72.0,73.2,75.5,75.5,72.0,74.0,71.9,76.6,78.0,79.4,80.0,80.9,78.6,78.8,75.3,73.3,80.3,78.6,77.0,77.9,78.3,75.6,68.7,71.0,74.3,77.4,76.5
3542,83.1,72.9,77.2,83.7,81.0,80.2,81.1,79.9,78.4,77.8,80.3,79.8,80.1,77.0,79.9,78.4,79.4,76.0,79.8,80.8,79.1,78.0,79.6,78.0,80.8,81.1,79.2,78.4,78.8,78.3,79.4,77.5,76.1,77.8,77.2,77.2,83.5,72.2,82.9,77.8,81.2,80.0,80.9,77.9,82.1,77.2,79.3,74.4,82.0,76.2,78.4,73.8,83.2,76.6,69.3,74.9,70.8,73.3,72.5,74.4,73.0,74.7,76.9,76.4,73.6,74.8,73.2,77.5,78.5,80.0,81.1,82.5,79.4,79.8,76.3,73.9,80.7,79.1,78.0,79.4,79.5,77.1,69.6,71.4,75.4,77.9,77.3
3543,83.2,73.0,76.9,84.5,81.6,80.7,81.5,80.3,78.5,78.2,80.3,80.1,80.3,77.4,80.1,78.9,79.8,76.7,80.3,80.9,79.6,78.1,79.8,78.8,81.6,81.6,79.6,78.7,79.3,78.5,80.1,77.5,76.8,78.2,77.9,77.6,84.1,72.0,83.7,78.1,81.8,79.7,81.7,78.4,82.1,76.7,79.7,74.4,81.9,76.6,78.8,73.9,83.5,76.5,69.8,75.4,71.5,73.8,73.4,74.9,73.5,75.3,77.5,76.6,74.3,75.3,73.5,78.2,78.5,80.1,81.1,83.3,79.3,80.1,76.6,74.2,80.7,79.3,78.5,80.0,80.1,78.0,70.1,71.3,76.0,78.4,77.9
3544,82.3,71.8,76.2,84.5,81.5,80.8,81.4,80.4,78.2,78.2,80.0,80.0,79.8,77.3,79.8,78.6,79.9,76.3,79.8,80.7,79.6,78.1,79.9,78.7,81.8,81.4,79.7,78.7,79.2,78.1,80.2,77.1,76.9,78.3,77.6,77.6,83.9,71.1,83.7,77.3,82.2,79.0,81.8,78.3,81.3,76.4,79.3,73.9,81.1,76.5,78.6,73.3,83.2,76.0,70.4,75.5,71.9,74.2,73.6,74.9,73.3,75.8,77.4,76.4,74.4,75.1,73.1,78.1,78.0,79.7,80.7,83.5,79.0,79.8,76.3,73.8,80.2,79.2,78.2,80.1,80.2,77.9,69.8,70.5,76.1,78.1,77.7
3545,80.5,70.3,74.1,83.9,80.7,80.2,80.6,79.8,77.2,77.5,79.1,79.3,79.0,76.9,79.2,77.9,79.2,75.5,78.7,79.6,79.0,77.5,79.1,78.1,80.9,80.6,79.1,78.2,78.4,77.3,79.7,76.1,76.3,77.5,77.1,76.8,82.5,69.6,82.9,76.5,81.5,77.2,81.3,77.6,80.0,75.0,78.5,72.9,79.7,75.8,77.9,71.9,82.1,74.0,69.9,74.8,71.5,73.7,73.0,74.4,72.3,75.3,76.9,75.5,73.7,74.1,71.6,77.4,77.3,79.0,79.7,83.0,77.8,79.4,75.4,73.1,79.2,78.4,77.7,79.4,79.7,77.5,69.2,69.3,75.8,77.5,77.2
3546,77.8,68.1,71.3,82.2,79.4,78.9,79.3,78.4,75.6,76.3,77.7,78.2,77.6,75.8,77.8,76.8,77.9,73.6,77.0,77.9,77.8,76.0,77.9,76.5,79.2,79.1,78.1,76.8,77.5,76.0,78.5,74.6,74.9,76.2,76.1,75.5,79.6,67.4,81.4,74.6,80.4,74.4,79.7,76.1,77.5,72.6,77.0,71.0,77.3,74.4,76.5,69.9,80.2,71.5,68.9,73.4,70.7,72.7,72.3,72.8,70.8,74.3,75.4,73.7,71.9,72.3,69.2,76.3,75.9,77.8,77.9,81.5,75.8,78.1,73.4,71.5,77.4,76.9,76.4,78.0,78.3,75.8,68.1,67.6,74.9,76.3,76.1
3547,72.7,64.4,66.2,79.1,76.9,76.9,77.1,75.9,73.2,74.1,75.3,76.3,74.7,73.8,75.4,74.4,75.6,70.0,74.3,74.7,75.4,73.7,75.6,74.0,76.2,76.4,76.2,74.4,75.3,73.6,76.5,71.7,72.6,73.9,74.4,73.5,74.2,63.8,78.8,70.9,78.0,68.9,76.8,73.4,73.2,68.1,74.0,67.6,72.7,71.7,74.1,67.3,77.2,67.2,67.1,71.1,68.7,70.5,70.8,70.2,68.4,72.3,72.4,70.4,69.1,69.5,65.4,74.4,73.3,75.4,74.8,78.6,72.1,75.9,69.6,68.6,74.1,74.3,74.1,75.2,75.1,73.1,65.6,65.1,73.0,74.3,74.0
3548,68.6,60.7,62.4,74.5,73.8,74.1,74.3,71.8,70.7,71.5,72.3,73.4,71.2,71.4,72.3,71.9,71.7,65.2,71.5,71.7,71.9,70.8,72.3,70.3,71.7,72.0,74.4,71.2,71.9,71.0,73.3,68.8,69.0,70.8,71.3,70.0,70.4,60.4,74.0,66.3,75.0,65.1,72.2,68.2,69.4,64.1,69.3,63.8,68.7,66.0,69.8,64.8,71.9,63.8,63.8,67.2,64.8,66.9,68.4,65.8,65.4,68.7,68.0,66.1,65.5,65.4,60.8,72.1,70.4,72.3,69.8,73.0,67.8,70.9,65.2,63.0,71.2,71.1,71.2,70.7,70.8,69.1,60.2,62.8,69.8,71.2,70.2
3549,65.7,58.8,60.2,70.9,71.5,72.1,72.4,69.5,69.1,70.0,70.7,71.2,69.8,69.7,70.3,70.1,69.4,62.4,69.6,70.2,69.7,68.8,70.4,68.3,68.8,69.7,72.8,69.2,69.9,69.5,71.0,67.5,66.7,68.6,69.2,67.3,68.0,58.1,70.7,62.9,72.4,63.0,68.6,65.2,67.0,61.6,66.2,61.5,66.0,61.0,66.0,62.9,67.0,61.8,61.4,64.2,62.0,64.3,65.4,63.4,62.7,64.3,64.3,63.0,62.9,62.2,58.3,70.6,68.8,70.5,66.2,68.8,65.0,67.8,62.8,59.7,69.5,69.5,69.5,67.2,68.4,66.1,56.4,61.4,67.4,69.2,67.3
3550,63.5,57.2,58.7,68.9,69.5,70.6,70.8,68.0,67.8,68.7,69.3,69.6,68.5,68.6,69.0,68.9,67.9,60.5,68.5,69.0,68.3,67.6,69.2,66.9,66.9,68.4,71.5,67.8,68.4,68.3,69.4,66.5,65.1,67.1,67.6,65.7,66.3,56.6,68.7,60.6,70.3,61.1,66.1,63.2,65.0,59.7,63.0,59.4,63.5,58.7,63.5,61.2,63.9,60.2,59.7,61.5,60.0,62.5,62.6,61.8,61.1,61.9,61.9,60.7,61.0,60.1,56.5,69.5,67.7,69.3,63.5,66.9,62.9,65.3,60.4,58.2,68.1,68.2,68.2,65.5,67.0,64.2,54.9,60.2,65.8,67.9,65.6
3551,61.8,55.9,57.4,67.2,68.2,69.5,69.4,66.8,66.8,67.6,68.1,68.5,67.4,67.4,67.8,68.0,66.7,58.4,67.4,68.1,67.2,66.7,68.1,66.0,65.4,67.4,70.3,67.0,67.1,67.3,68.3,65.7,63.8,65.6,66.3,64.7,64.7,55.1,67.2,58.8,68.3,59.8,64.6,61.7,63.2,58.0,60.5,57.3,61.1,57.1,61.3,59.5,61.6,59.1,58.5,59.1,58.7,61.1,60.4,60.0,59.5,60.1,60.0,59.0,59.4,58.2,55.0,68.3,66.7,68.1,61.2,65.0,60.7,63.9,58.2,56.3,67.2,67.2,67.0,64.0,65.6,62.7,53.9,59.2,64.6,66.5,64.2
3552,60.0,54.8,56.5,65.6,67.0,68.4,68.4,65.7,66.1,66.7,67.2,67.5,66.7,66.4,67.0,67.1,65.7,57.1,66.5,67.1,66.2,65.9,67.5,65.0,64.1,66.4,69.2,65.9,66.1,66.5,67.3,65.2,62.8,64.4,65.1,63.4,63.3,54.5,65.9,57.2,66.3,58.7,63.2,60.2,61.5,56.4,58.0,55.5,58.7,55.4,59.7,57.7,59.9,58.1,57.2,57.1,57.4,59.9,58.9,58.8,57.8,58.6,58.4,57.0,57.8,56.6,53.3,67.2,65.8,67.1,59.4,63.6,59.0,62.2,56.1,54.3,66.5,66.2,66.2,62.9,64.7,61.1,53.3,58.3,63.3,65.5,63.1
3553,58.7,54.0,55.5,64.1,66.0,67.5,67.3,64.9,65.4,65.9,66.5,66.7,65.8,65.6,66.2,66.3,64.9,55.7,65.7,66.2,65.2,65.0,66.8,64.2,63.1,65.4,68.3,65.0,65.3,65.9,66.3,64.4,61.9,63.4,64.1,62.6,61.9,53.5,64.7,55.6,64.5,57.9,62.1,58.9,59.9,55.2,55.7,53.8,55.9,53.1,57.8,55.9,58.0,57.4,56.2,55.7,56.5,58.7,57.5,57.7,56.8,57.3,56.7,54.7,56.3,55.4,51.8,66.4,64.9,66.4,57.2,62.1,57.3,60.6,54.4,52.8,65.7,65.3,65.4,61.8,63.8,59.8,52.7,57.5,62.5,64.5,62.1
3554,57.3,53.3,54.5,62.9,65.2,66.7,66.5,64.3,64.6,65.3,65.7,65.9,64.9,64.8,65.4,65.7,64.2,54.3,65.0,65.6,64.5,64.4,66.1,63.2,62.2,64.7,67.5,64.4,64.4,65.3,65.5,63.8,60.9,62.4,63.2,61.9,60.5,52.5,63.5,54.2,62.8,57.1,61.0,57.3,58.5,54.1,53.9,52.3,54.0,51.1,56.2,54.4,55.9,56.4,55.2,54.3,55.3,57.7,56.1,56.7,55.9,56.0,55.5,53.0,54.6,53.8,50.1,65.6,64.3,65.6,55.2,60.5,56.0,59.2,52.8,50.9,65.1,64.6,64.5,61.1,62.7,58.7,52.0,57.0,61.4,63.5,61.3
3555,56.1,52.3,53.9,61.6,64.3,66.0,65.9,63.6,63.9,64.5,64.9,65.3,64.4,64.2,64.8,65.0,63.6,53.4,64.4,64.9,63.9,63.8,65.6,62.4,61.3,63.9,66.7,63.7,63.7,64.7,64.9,63.3,60.1,61.6,62.5,61.2,59.5,51.4,62.3,52.7,61.4,56.4,60.1,56.3,57.2,53.3,52.4,50.9,52.4,49.5,54.6,53.0,53.7,55.6,54.1,53.2,54.3,56.9,55.1,55.4,54.8,54.8,54.5,51.4,53.6,52.5,48.5,64.9,63.7,65.0,53.6,59.2,54.4,58.0,51.4,49.6,64.5,63.9,64.1,60.3,61.9,58.0,51.5,56.4,60.6,62.7,60.6
3556,54.8,51.4,53.1,60.3,63.7,65.3,65.3,63.0,63.4,64.0,64.4,64.8,63.8,63.8,64.1,64.5,63.2,52.4,63.8,64.3,63.4,63.4,65.1,61.7,60.7,63.3,66.1,63.2,63.2,64.3,64.3,62.9,59.2,61.1,61.9,60.6,58.9,50.7,61.4,51.2,60.1,55.8,59.0,55.2,56.0,52.4,50.7,49.6,50.5,48.1,53.4,51.9,52.0,54.8,53.2,51.9,53.4,56.1,54.1,54.5,53.9,53.8,53.3,49.9,52.5,51.4,47.5,64.4,63.3,64.3,51.8,58.0,53.2,56.9,49.8,48.1,64.1,63.2,63.7,59.4,61.2,57.1,50.5,55.9,59.8,62.2,59.8
3557,54.4,50.9,52.7,59.4,63.0,64.8,64.7,62.4,63.1,63.5,64.0,64.1,63.4,63.2,63.5,64.1,62.8,52.7,63.5,64.0,62.9,63.0,64.7,61.0,60.0,62.5,65.7,62.6,62.6,63.9,63.9,62.6,58.6,60.5,61.5,60.1,58.2,50.1,60.4,50.0,59.0,55.3,58.2,54.0,55.3,51.6,49.6,49.1,49.7,46.7,52.2,50.9,50.3,54.7,52.4,52.0,52.6,55.5,53.1,54.5,54.2,53.0,53.3,48.8,51.9,51.2,46.2,64.0,62.8,63.8,50.2,57.3,52.1,55.9,49.3,46.8,63.7,62.8,63.1,58.7,60.5,56.3,49.6,56.1,59.2,61.8,59.3
3558,58.3,54.1,56.2,59.0,63.3,64.9,65.0,63.3,64.1,64.4,65.9,65.0,65.5,63.7,63.8,65.1,63.8,56.8,65.3,66.2,63.6,63.8,65.3,61.5,59.8,62.9,66.3,63.0,63.5,64.8,64.4,64.1,59.3,61.2,62.1,61.1,61.2,53.0,59.7,53.4,59.8,59.2,58.2,56.5,58.4,55.1,52.2,53.5,55.6,47.7,52.3,52.8,51.9,57.5,52.3,55.4,53.5,56.4,53.2,57.5,56.3,53.0,57.2,53.9,53.2,55.3,49.6,64.5,64.4,65.8,51.5,56.6,55.9,57.6,54.8,47.9,66.0,64.6,63.9,58.6,60.6,56.2,50.5,57.9,59.4,62.5,60.6
3559,63.1,58.3,60.9,62.0,65.8,66.8,67.2,66.0,67.0,66.6,68.7,67.4,68.4,66.0,66.3,67.6,66.3,60.2,68.4,69.2,66.4,66.3,67.6,63.8,62.6,65.8,68.2,65.5,65.9,67.3,66.7,66.7,61.6,63.7,64.2,63.9,65.8,57.4,62.7,59.9,63.0,63.9,60.9,60.7,62.5,60.3,56.7,59.0,62.6,53.8,59.0,56.2,58.4,61.0,54.6,59.6,56.7,59.8,55.7,60.8,58.7,56.3,60.7,59.6,55.4,59.6,54.4,66.6,67.4,68.5,58.1,60.1,60.5,63.1,59.9,54.1,69.0,67.5,66.3,61.4,63.2,59.0,54.7,60.3,61.6,65.1,63.5
3560,68.0,62.1,65.0,66.6,69.0,69.2,69.9,68.9,69.7,69.1,71.7,70.1,71.3,68.4,69.0,70.3,69.3,63.2,71.4,72.3,69.2,69.0,70.4,66.6,66.3,68.9,70.5,68.4,68.8,70.0,69.4,69.3,64.6,66.6,66.7,66.5,69.9,61.3,66.8,64.5,66.4,68.1,64.8,64.4,66.6,64.9,61.8,63.1,68.4,60.0,65.7,60.1,65.0,64.7,57.6,63.5,60.3,62.9,58.6,63.9,61.3,60.0,64.0,64.2,58.2,63.2,58.2,69.1,70.3,71.3,64.4,65.1,64.8,67.4,63.8,59.3,72.1,70.5,68.9,65.2,66.5,62.6,58.3,62.9,64.2,67.8,66.4
3561,72.3,65.3,68.5,71.0,72.0,71.8,72.6,71.6,72.0,71.5,74.2,72.9,74.0,70.6,71.8,72.6,72.1,66.3,74.1,75.1,71.9,71.6,72.8,69.3,69.9,72.3,72.8,71.2,71.5,72.4,72.2,71.7,67.5,69.5,69.0,68.9,73.6,64.7,71.0,68.1,69.9,71.4,68.7,67.7,70.4,68.5,66.9,66.3,72.6,65.5,70.1,64.0,70.8,68.1,61.3,66.7,63.7,65.9,61.9,66.7,64.0,63.7,67.1,67.8,61.4,66.4,61.6,71.2,72.7,73.7,70.2,69.7,68.5,70.5,67.1,63.9,74.7,72.8,71.2,68.9,69.6,66.3,61.1,65.2,66.9,70.7,69.2
3562,75.6,68.4,71.3,74.6,74.5,74.5,75.1,74.1,74.4,73.5,76.4,75.2,76.1,72.7,74.2,74.7,74.4,69.1,76.3,77.3,74.3,73.6,75.0,72.0,73.1,74.8,74.8,73.4,73.8,74.4,74.5,73.7,70.0,72.0,71.3,71.4,76.7,67.4,74.8,71.4,73.1,74.3,72.2,70.9,73.9,71.6,71.2,69.2,75.9,69.4,73.2,67.6,75.2,70.9,64.1,69.2,66.2,68.3,64.8,69.0,66.6,66.9,69.8,70.3,64.6,69.1,64.9,73.3,74.8,75.9,74.2,73.6,72.0,73.3,69.8,67.7,76.7,74.9,73.4,71.9,72.6,69.6,63.6,67.3,69.4,73.1,71.7
3563,78.6,70.9,73.8,77.9,76.9,76.6,77.4,76.3,76.1,75.3,78.3,77.0,77.8,74.4,76.4,76.3,76.3,71.6,77.9,79.2,76.1,75.4,76.8,74.2,75.8,77.2,76.5,75.3,75.8,76.2,76.5,75.1,72.3,74.2,73.5,73.5,79.4,69.9,77.9,74.3,76.1,76.6,75.2,73.7,77.0,74.4,74.4,71.4,78.7,72.3,75.5,70.4,78.7,73.3,66.6,71.5,68.2,70.4,67.5,71.2,69.0,69.5,72.3,72.7,67.5,71.4,67.8,75.1,76.4,77.5,77.0,76.8,75.0,75.9,72.2,70.6,78.5,76.5,75.2,74.7,75.2,72.5,66.1,69.1,71.8,75.3,73.9
3564,80.9,72.5,75.5,80.5,79.0,78.4,79.2,78.0,77.4,76.4,79.6,78.6,79.2,75.6,78.1,77.9,77.9,73.8,79.2,80.4,77.7,76.9,78.4,76.2,78.4,79.3,77.8,76.9,77.2,77.3,78.0,76.4,74.4,76.1,75.4,75.3,81.3,71.7,80.5,76.3,78.6,78.3,77.7,76.0,79.4,76.5,77.1,73.2,80.7,74.2,77.3,72.5,81.1,75.2,68.0,73.2,69.7,72.0,69.8,72.8,71.1,71.9,74.5,74.6,70.2,73.2,70.4,76.4,77.6,78.8,79.1,79.3,77.3,77.9,74.4,72.7,79.8,78.1,76.6,76.8,77.2,74.5,67.8,70.2,73.7,76.9,75.8
3565,82.5,73.4,77.0,82.7,80.6,80.0,80.6,79.6,78.4,77.5,80.3,79.6,80.2,76.7,79.4,78.9,79.2,75.6,80.0,81.1,78.9,78.0,79.3,77.7,80.2,80.7,78.9,78.1,78.5,78.4,79.2,77.6,75.9,77.4,77.0,77.0,83.1,72.6,82.3,77.8,80.5,79.5,79.8,77.7,81.3,77.1,78.7,74.5,82.2,75.9,78.5,73.8,82.8,76.9,69.1,74.6,70.8,73.2,71.7,74.0,72.5,73.7,76.2,76.2,72.6,74.5,72.5,77.3,78.6,80.0,80.7,81.4,79.1,79.5,76.0,74.1,80.8,79.1,77.6,78.7,78.9,76.4,69.2,71.0,75.1,78.1,77.4
3566,83.5,73.6,77.7,84.2,81.7,80.8,81.8,80.6,79.1,78.4,80.9,80.4,80.7,77.7,80.5,79.1,80.1,76.6,80.4,81.3,79.7,78.6,80.2,78.8,81.6,81.8,79.8,79.1,79.4,78.9,80.1,78.1,77.0,78.6,78.0,78.0,84.2,72.8,83.5,78.3,81.9,80.3,81.4,78.6,82.5,77.4,79.9,75.3,82.8,77.0,79.1,74.6,83.9,77.5,70.0,75.4,71.6,74.1,73.0,74.8,73.6,75.2,77.5,77.1,74.2,75.3,73.8,78.2,79.0,80.6,81.7,83.0,79.9,80.5,77.0,74.7,81.2,79.6,78.7,80.1,80.1,77.9,70.2,71.3,76.2,78.6,78.3
3567,83.7,73.6,77.6,85.0,82.2,81.4,82.2,81.0,79.2,78.8,80.9,80.6,80.9,78.0,80.8,79.5,80.4,77.3,80.7,81.3,80.2,78.7,80.6,79.4,82.3,82.3,80.3,79.4,79.9,79.1,80.7,77.9,77.6,79.0,78.7,78.5,84.7,72.5,84.3,78.6,82.5,79.9,82.4,79.2,82.5,77.0,80.3,75.3,82.8,77.4,79.5,74.7,84.2,77.4,70.7,75.9,72.4,74.6,74.0,75.3,74.1,75.9,78.1,77.3,75.0,75.8,74.2,78.8,78.9,80.7,81.8,83.8,79.9,80.9,77.3,75.0,81.1,79.8,79.1,80.7,80.7,78.8,70.7,71.1,76.9,79.0,78.8
3568,82.7,72.5,76.9,85.0,82.1,81.5,82.1,81.0,78.8,78.7,80.6,80.5,80.3,77.9,80.4,79.2,80.4,76.9,80.3,81.1,80.2,78.6,80.6,79.4,82.5,82.0,80.3,79.3,79.9,78.7,80.8,77.6,77.8,79.1,78.5,78.3,84.5,71.6,84.2,78.0,82.9,79.2,82.5,79.1,81.7,76.7,80.0,74.8,82.0,77.4,79.4,74.1,83.8,76.9,71.1,75.9,72.8,75.1,74.2,75.3,74.0,76.4,78.1,77.2,75.1,75.7,73.7,78.7,78.5,80.4,81.4,84.0,79.4,80.7,77.1,74.7,80.7,79.8,78.8,80.7,80.8,78.8,70.5,70.4,76.9,78.7,78.5
3569,80.9,70.9,74.7,84.4,81.3,80.8,81.4,80.3,77.8,78.1,79.6,79.8,79.5,77.5,79.8,78.5,79.8,76.1,79.2,80.1,79.6,78.0,79.8,78.7,81.6,81.3,79.7,78.7,79.1,77.9,80.3,76.5,77.2,78.3,77.9,77.5,83.1,70.2,83.4,77.2,82.2,77.4,81.9,78.4,80.4,75.3,79.2,73.7,80.6,76.7,78.6,72.6,82.8,74.9,70.7,75.2,72.4,74.6,73.8,74.8,73.0,76.0,77.4,76.4,74.5,74.7,72.2,77.9,77.8,79.6,80.4,83.3,78.2,80.2,76.2,74.0,79.7,78.9,78.2,80.1,80.4,78.3,69.8,69.3,76.5,78.2,78.0
3570,78.2,68.7,71.9,82.7,80.0,79.5,79.9,78.9,76.3,76.9,78.1,78.7,78.0,76.4,78.3,77.3,78.5,74.3,77.5,78.4,78.4,76.6,78.6,77.2,79.9,79.8,78.7,77.4,78.2,76.5,79.2,75.0,75.7,77.0,76.8,76.2,80.2,67.9,81.9,75.3,81.1,74.6,80.2,76.9,78.0,72.9,77.7,71.8,78.1,75.3,77.3,70.7,81.0,72.4,69.7,73.9,71.6,73.6,73.0,73.1,71.5,75.1,75.9,74.6,72.7,72.9,69.8,76.9,76.4,78.4,78.6,81.8,76.2,78.9,74.2,72.4,77.9,77.4,76.9,78.6,79.0,76.7,68.7,67.6,75.7,77.0,77.0
3571,73.2,65.1,66.8,79.6,77.5,77.4,77.7,76.4,73.7,74.7,75.7,76.8,75.1,74.4,75.9,74.9,76.2,70.6,74.8,75.2,76.0,74.2,76.2,74.6,76.9,77.1,76.8,74.9,75.9,74.2,77.1,72.2,73.5,74.6,75.1,74.1,74.8,64.3,79.2,71.5,78.6,69.2,77.3,74.2,73.7,68.4,74.9,68.4,73.4,72.5,74.8,68.1,77.9,68.0,68.0,71.5,69.5,71.4,71.6,70.7,69.0,73.0,72.9,71.2,69.9,70.1,66.1,75.0,73.8,76.0,75.5,78.8,72.6,76.8,70.4,69.3,74.6,74.7,74.7,75.9,75.7,74.0,66.2,65.2,73.8,74.9,74.8
3572,69.1,61.4,63.0,75.0,74.4,74.7,74.9,72.3,71.2,72.0,72.7,73.9,71.7,72.0,72.8,72.4,72.3,65.7,72.0,72.2,72.5,71.4,72.9,70.9,72.3,72.6,75.0,71.7,72.6,71.6,73.9,69.3,69.8,71.5,72.0,70.5,70.9,61.0,74.5,66.9,75.5,65.4,72.7,68.9,69.9,64.5,70.0,64.5,69.5,66.7,70.5,65.5,72.6,64.3,64.6,67.6,65.6,67.7,69.1,66.2,65.9,69.4,68.3,66.8,66.2,66.0,61.5,72.6,70.9,72.8,70.5,73.3,68.3,71.7,65.9,63.7,71.6,71.5,71.8,71.3,71.4,69.8,60.8,63.0,70.6,71.7,71.0
3573,66.2,59.3,60.8,71.4,72.0,72.7,73.0,70.0,69.6,70.5,71.1,71.7,70.2,70.3,70.8,70.6,69.8,62.8,70.1,70.6,70.2,69.4,70.9,68.9,69.3,70.3,73.4,69.7,70.4,70.0,71.5,67.9,67.4,69.2,69.9,67.8,68.5,58.7,71.2,63.5,73.0,63.3,69.1,65.8,67.5,62.0,66.9,62.2,66.7,61.6,66.6,63.6,67.8,62.4,62.1,64.6,62.7,65.1,66.1,63.8,63.2,65.1,64.6,63.6,63.5,62.7,58.8,71.1,69.3,71.0,67.0,69.2,65.5,68.5,63.3,60.3,69.8,69.8,70.1,67.7,69.0,66.6,56.7,61.5,68.1,69.7,68.0
3574,64.0,57.8,59.4,69.3,70.0,71.2,71.3,68.5,68.4,69.1,69.7,70.2,68.9,69.1,69.5,69.4,68.4,60.8,68.9,69.5,68.7,68.1,69.6,67.5,67.5,68.9,72.0,68.2,68.9,68.9,69.8,66.9,65.8,67.8,68.2,66.2,66.7,57.2,69.1,61.1,70.9,61.4,66.6,63.7,65.6,60.1,63.6,60.1,64.2,59.4,64.1,61.8,64.7,60.8,60.3,61.9,60.6,63.1,63.2,62.2,61.6,62.4,62.3,61.4,61.6,60.5,57.1,70.0,68.2,69.8,64.2,67.2,63.4,65.9,60.9,58.7,68.5,68.6,68.7,66.0,67.6,64.7,55.3,60.4,66.5,68.4,66.2
3575,62.4,56.5,58.0,67.7,68.8,70.0,69.8,67.4,67.4,68.0,68.6,69.1,67.9,67.8,68.2,68.4,67.2,58.8,67.8,68.6,67.6,67.2,68.5,66.5,65.9,67.9,70.8,67.4,67.6,67.9,68.7,66.2,64.4,66.1,67.0,65.3,65.1,55.6,67.6,59.3,68.9,60.2,65.1,62.4,63.8,58.5,61.0,57.9,61.7,57.8,61.9,60.1,62.4,59.5,59.0,59.5,59.2,61.7,61.1,60.4,60.0,60.7,60.4,59.5,60.0,58.5,55.4,68.8,67.1,68.6,62.0,65.4,61.3,64.4,58.7,56.8,67.6,67.5,67.5,64.5,66.1,63.2,54.5,59.4,65.2,67.1,64.8
3576,60.7,55.3,57.0,66.0,67.6,68.9,68.8,66.3,66.6,67.1,67.7,68.1,67.2,66.9,67.5,67.6,66.2,57.4,67.0,67.5,66.7,66.3,67.9,65.5,64.6,66.9,69.7,66.3,66.6,67.0,67.8,65.7,63.5,64.9,65.8,64.0,63.6,55.0,66.1,57.8,66.9,59.0,63.7,60.7,62.0,57.0,58.5,56.1,59.2,55.9,60.1,58.3,60.6,58.6,57.7,57.5,58.0,60.4,59.5,59.2,58.2,59.2,58.8,57.6,58.4,56.9,53.8,67.7,66.2,67.6,60.0,64.0,59.5,62.7,56.5,54.8,66.9,66.5,66.6,63.5,65.2,61.6,53.8,58.6,63.9,66.0,63.6
3577,59.3,54.5,56.0,64.5,66.4,67.9,67.8,65.5,65.9,66.3,67.0,67.3,66.3,66.0,66.6,66.7,65.3,56.1,66.2,66.6,65.7,65.4,67.3,64.7,63.6,65.8,68.8,65.4,65.8,66.3,66.7,64.9,62.4,64.0,64.7,63.1,62.3,53.9,65.0,56.2,65.2,58.2,62.6,59.4,60.5,55.7,56.1,54.4,56.4,53.6,58.3,56.5,58.7,57.8,56.7,56.0,57.0,59.3,58.1,58.1,57.1,57.9,57.1,55.1,56.8,55.9,52.3,66.9,65.3,66.9,57.9,62.5,57.6,61.2,54.8,53.4,66.2,65.6,65.8,62.3,64.3,60.3,53.3,57.8,63.0,64.9,62.7
3578,57.8,53.9,55.0,63.3,65.6,67.1,66.9,64.9,65.1,65.8,66.1,66.4,65.4,65.2,65.8,66.1,64.6,54.7,65.5,66.0,65.0,64.8,66.4,63.7,62.6,65.1,68.0,64.8,65.0,65.8,66.0,64.2,61.4,62.9,63.8,62.3,60.9,52.9,63.9,54.6,63.3,57.4,61.5,57.9,59.0,54.6,54.3,52.9,54.4,51.5,56.6,54.9,56.5,56.8,55.7,54.6,55.8,58.2,56.7,57.1,56.3,56.6,55.8,53.5,55.1,54.2,50.6,66.1,64.7,66.1,55.9,60.9,56.4,59.7,53.3,51.4,65.5,64.8,64.9,61.5,63.1,59.1,52.5,57.3,61.9,64.0,61.8
3579,56.7,52.8,54.3,62.2,64.8,66.3,66.3,64.1,64.4,64.9,65.3,65.8,64.9,64.6,65.2,65.5,64.0,53.8,64.8,65.4,64.4,64.3,66.0,63.0,61.8,64.4,67.2,64.2,64.2,65.1,65.4,63.8,60.6,62.2,63.0,61.7,59.9,51.9,62.7,53.2,62.1,56.8,60.6,56.9,57.7,53.8,52.9,51.4,52.9,49.9,55.1,53.5,54.3,55.9,54.5,53.4,54.8,57.4,55.6,55.8,55.1,55.3,54.8,51.9,54.0,52.9,49.1,65.4,64.1,65.4,54.3,59.5,54.7,58.4,51.8,50.0,64.9,64.1,64.5,60.7,62.4,58.3,52.1,56.7,61.1,63.2,61.1
3580,55.3,52.0,53.5,60.8,64.1,65.6,65.7,63.4,63.9,64.4,64.8,65.3,64.2,64.2,64.5,65.0,63.7,52.8,64.2,64.8,63.9,63.8,65.5,62.2,61.2,63.7,66.6,63.6,63.7,64.7,64.8,63.4,59.7,61.7,62.4,61.2,59.2,51.2,61.8,51.6,60.7,56.1,59.4,55.7,56.6,52.8,51.1,50.2,50.9,48.4,53.9,52.4,52.5,55.2,53.6,52.2,53.9,56.6,54.5,54.8,54.2,54.2,53.6,50.3,53.0,51.7,48.0,64.9,63.7,64.7,52.4,58.4,53.5,57.3,50.1,48.5,64.5,63.4,64.2,59.8,61.7,57.4,51.0,56.2,60.3,62.7,60.3
3581,54.8,51.5,53.1,59.8,63.4,65.2,65.2,62.9,63.6,64.0,64.4,64.7,63.9,63.7,63.9,64.6,63.2,53.0,63.8,64.4,63.4,63.4,65.1,61.5,60.4,62.9,66.2,63.0,63.1,64.3,64.4,63.1,59.0,61.0,62.0,60.5,58.4,50.6,60.8,50.4,59.6,55.7,58.6,54.4,55.9,52.1,49.9,49.7,50.2,47.2,52.7,51.5,50.7,55.0,52.8,52.3,53.1,56.0,53.6,54.9,54.6,53.5,53.6,49.2,52.4,51.4,46.8,64.4,63.2,64.2,50.8,57.6,52.4,56.2,49.7,47.2,64.1,63.1,63.6,59.1,60.9,56.6,50.1,56.4,59.7,62.2,59.8
3582,58.8,54.7,56.8,59.4,63.7,65.3,65.5,63.8,64.6,64.9,66.4,65.5,65.9,64.1,64.2,65.6,64.3,57.1,65.6,66.5,64.1,64.3,65.7,62.0,60.3,63.3,66.8,63.4,64.0,65.2,64.9,64.5,59.8,61.8,62.6,61.6,61.6,53.5,60.1,53.8,60.5,59.5,58.6,57.0,59.0,55.5,52.7,54.2,56.1,48.1,52.8,53.4,52.3,58.0,52.7,55.7,54.0,56.9,53.7,57.9,56.6,53.5,57.5,54.5,53.6,55.7,50.2,64.9,64.8,66.2,52.2,57.0,56.4,58.1,55.4,48.3,66.4,65.0,64.3,59.0,61.0,56.6,51.0,58.2,59.9,63.0,61.1
3583,63.7,58.9,61.4,62.4,66.3,67.2,67.7,66.6,67.4,67.1,69.2,67.9,68.8,66.5,66.7,68.0,66.9,60.6,68.7,69.5,66.9,66.8,68.0,64.4,63.0,66.2,68.7,66.0,66.5,67.7,67.2,67.0,62.2,64.3,64.7,64.5,66.2,57.9,63.1,60.5,63.6,64.2,61.4,61.3,63.1,60.7,57.1,59.7,63.2,54.3,59.5,56.8,58.9,61.6,54.9,59.9,57.1,60.3,56.2,61.1,59.0,56.8,61.0,60.2,55.8,60.0,55.0,67.0,67.8,68.9,58.8,60.5,61.0,63.6,60.6,54.7,69.4,67.9,66.8,61.9,63.6,59.4,55.3,60.5,62.2,65.6,64.1
3584,68.5,62.7,65.6,67.1,69.6,69.7,70.4,69.6,70.1,69.6,72.1,70.6,71.7,68.8,69.5,70.6,69.8,63.6,71.8,72.6,69.7,69.4,70.8,67.2,66.8,69.5,71.0,68.9,69.4,70.3,70.0,69.5,65.3,67.3,67.3,67.1,70.3,61.9,67.2,65.0,67.0,68.5,65.3,65.1,67.2,65.3,62.3,63.8,69.0,60.7,66.3,60.7,65.6,65.4,57.9,63.8,60.9,63.5,59.1,64.2,61.7,60.5,64.3,64.9,58.6,63.5,58.7,69.5,70.7,71.7,65.1,65.6,65.3,68.0,64.5,59.9,72.4,70.8,69.4,65.8,67.1,63.1,58.9,63.1,64.9,68.5,67.0
3585,72.8,65.9,69.1,71.5,72.7,72.3,73.2,72.3,72.4,72.0,74.6,73.3,74.3,71.1,72.4,73.0,72.6,66.7,74.5,75.4,72.5,72.0,73.2,70.1,70.4,72.9,73.3,71.7,72.2,72.7,72.8,71.9,68.2,70.2,69.8,69.7,74.0,65.2,71.3,68.7,70.5,71.8,69.3,68.2,71.0,69.0,67.6,67.0,73.3,66.3,70.8,64.6,71.4,68.8,61.8,67.0,64.3,66.5,62.4,66.9,64.4,64.2,67.4,68.5,61.9,66.8,62.1,71.7,73.1,74.1,70.9,70.1,69.0,71.1,67.8,64.6,75.1,73.2,71.7,69.5,70.3,66.8,61.6,65.3,67.6,71.4,69.9
3586,76.1,69.1,71.9,75.1,75.3,75.0,75.7,74.8,74.7,74.1,76.8,75.6,76.5,73.2,74.8,75.1,75.0,69.5,76.6,77.7,74.9,74.0,75.4,72.7,73.8,75.5,75.4,74.0,74.5,74.7,75.2,74.0,70.6,72.8,72.1,72.1,77.1,68.0,75.2,71.9,73.8,74.8,72.8,71.4,74.5,72.2,71.8,69.9,76.6,70.3,73.9,68.3,75.9,71.7,64.7,69.6,66.9,69.0,65.3,69.3,67.0,67.4,70.1,71.0,65.1,69.5,65.4,73.8,75.2,76.3,75.0,74.0,72.6,73.9,70.6,68.6,77.1,75.2,74.0,72.6,73.3,70.2,64.2,67.5,70.0,73.8,72.4
3587,79.0,71.6,74.3,78.4,77.7,77.2,78.0,77.0,76.6,75.9,78.7,77.4,78.2,75.0,77.0,76.8,76.8,72.0,78.3,79.5,76.7,75.9,77.2,75.0,76.6,77.9,77.0,75.8,76.6,76.5,77.1,75.4,73.0,75.0,74.2,74.3,79.8,70.6,78.3,75.0,76.8,77.0,75.7,74.3,77.6,74.9,75.1,72.1,79.4,73.1,76.3,71.1,79.4,74.2,67.2,71.7,68.9,71.3,68.0,71.4,69.5,70.0,72.6,73.5,68.0,71.8,68.3,75.6,76.8,77.9,77.8,77.1,75.5,76.6,73.0,71.4,78.9,76.8,75.8,75.4,75.9,73.1,66.7,69.3,72.5,76.0,74.6
3588,81.3,73.3,76.1,81.0,79.8,79.0,79.7,78.7,77.9,77.0,79.9,79.0,79.6,76.1,78.6,78.5,78.4,74.2,79.5,80.7,78.3,77.5,78.8,77.0,79.0,80.0,78.3,77.4,77.9,77.7,78.6,76.7,75.1,77.0,76.1,76.2,81.7,72.4,80.8,77.0,79.3,78.7,78.3,76.8,80.0,77.0,77.9,73.9,81.6,75.1,78.1,73.2,81.8,76.0,68.8,73.4,70.5,72.8,70.4,73.1,71.5,72.4,74.8,75.4,70.7,73.6,70.9,76.9,78.0,79.2,79.9,79.7,77.9,78.5,75.2,73.6,80.1,78.4,77.1,77.5,78.0,75.1,68.5,70.5,74.3,77.7,76.5
3589,83.0,74.1,77.5,83.1,81.3,80.6,81.3,80.3,78.9,78.0,80.7,80.1,80.6,77.2,80.0,79.4,79.7,76.0,80.4,81.4,79.5,78.5,79.7,78.4,80.8,81.4,79.3,78.6,79.2,78.7,79.9,77.9,76.6,78.3,77.8,77.8,83.4,73.2,82.7,78.5,81.2,79.9,80.4,78.6,81.9,77.6,79.5,75.2,83.0,76.6,79.4,74.5,83.6,77.6,69.9,74.8,71.6,74.0,72.2,74.3,72.9,74.2,76.5,77.0,73.1,74.9,73.1,77.8,79.0,80.4,81.5,81.8,79.7,80.2,76.8,75.1,81.1,79.4,78.1,79.4,79.7,77.0,69.9,71.2,75.8,78.8,78.1
3590,84.0,74.3,78.3,84.6,82.4,81.4,82.4,81.3,79.6,79.0,81.2,80.8,81.1,78.2,81.1,79.6,80.6,77.1,80.8,81.6,80.3,79.1,80.6,79.5,82.2,82.4,80.3,79.5,80.1,79.2,80.7,78.4,77.7,79.5,78.8,78.8,84.5,73.4,83.9,79.1,82.7,80.7,82.0,79.4,83.1,77.9,80.7,76.0,83.6,77.8,80.1,75.3,84.7,78.3,70.7,75.6,72.4,74.9,73.6,75.1,74.0,75.6,77.9,78.0,74.8,75.7,74.5,78.7,79.4,81.0,82.5,83.4,80.6,81.2,77.8,75.6,81.6,80.0,79.2,80.8,80.9,78.5,70.9,71.5,76.9,79.3,79.0
3591,84.1,74.3,78.2,85.4,82.9,82.0,82.7,81.7,79.7,79.5,81.2,81.1,81.3,78.6,81.3,79.9,80.9,77.7,81.1,81.6,80.8,79.2,81.0,80.2,82.9,82.9,80.8,79.9,80.6,79.4,81.4,78.2,78.4,79.8,79.5,79.2,85.1,73.2,84.6,79.4,83.1,80.4,82.8,80.0,83.1,77.5,81.2,76.0,83.5,78.2,80.4,75.5,85.1,78.2,71.5,76.1,73.2,75.5,74.6,75.5,74.5,76.3,78.4,78.1,75.6,76.3,74.8,79.3,79.3,81.1,82.6,84.2,80.5,81.7,78.2,76.0,81.5,80.2,79.6,81.3,81.4,79.4,71.5,71.4,77.5,79.7,79.5
3592,83.1,73.3,77.5,85.4,82.7,82.0,82.6,81.6,79.3,79.4,80.9,80.9,80.7,78.5,81.0,79.7,81.0,77.4,80.6,81.4,80.8,79.1,81.1,80.1,83.1,82.7,80.9,79.8,80.5,78.9,81.4,77.9,78.5,79.7,79.2,79.0,84.9,72.4,84.4,78.6,83.5,79.7,83.0,80.0,82.2,77.1,80.9,75.6,82.8,78.2,80.3,74.8,84.8,77.7,71.9,76.1,73.6,75.8,74.9,75.6,74.4,76.8,78.4,78.0,75.6,76.1,74.4,79.2,78.8,80.8,82.2,84.4,80.0,81.5,77.9,75.6,81.1,80.1,79.4,81.3,81.5,79.4,71.3,70.8,77.7,79.3,79.2
3593,81.3,71.8,75.3,84.9,82.0,81.3,81.8,80.9,78.3,78.7,80.0,80.3,79.9,78.0,80.3,79.0,80.4,76.6,79.5,80.4,80.2,78.5,80.4,79.3,82.0,81.8,80.3,79.2,79.7,78.2,80.9,76.8,77.9,79.0,78.5,78.2,83.4,70.9,83.7,77.8,82.8,77.8,82.4,79.2,81.0,75.6,80.1,74.6,81.4,77.6,79.5,73.4,83.8,75.6,71.3,75.5,73.0,75.3,74.5,75.0,73.4,76.5,77.8,77.1,75.0,75.1,72.9,78.5,78.0,80.1,81.3,83.7,78.7,81.0,77.0,74.8,80.2,79.2,78.8,80.6,81.0,79.0,70.7,69.6,77.1,78.8,78.6
3594,78.7,69.5,72.5,83.2,80.6,80.0,80.4,79.6,76.8,77.5,78.5,79.2,78.4,76.9,78.8,77.8,79.1,74.7,77.9,78.6,79.0,77.1,79.1,77.8,80.3,80.3,79.3,77.8,78.8,76.8,79.8,75.3,76.4,77.7,77.4,76.8,80.6,68.6,82.3,75.9,81.6,75.0,80.6,77.8,78.6,73.1,78.7,72.7,79.0,76.1,78.2,71.5,82.0,73.1,70.4,74.2,72.2,74.3,73.7,73.5,71.9,75.7,76.3,75.4,73.1,73.4,70.4,77.5,76.7,78.9,79.5,82.2,76.8,79.8,75.0,73.2,78.3,77.8,77.5,79.2,79.5,77.3,69.4,68.0,76.3,77.6,77.5
3595,73.7,65.8,67.4,80.1,78.1,77.9,78.2,77.0,74.2,75.2,76.1,77.3,75.6,75.0,76.3,75.4,76.8,71.0,75.2,75.5,76.6,74.7,76.6,75.2,77.3,77.6,77.4,75.3,76.5,74.5,77.7,72.6,74.1,75.2,75.6,74.7,75.2,65.1,79.7,72.1,79.2,69.7,77.7,75.1,74.3,68.8,75.7,69.3,74.3,73.3,75.7,68.8,78.8,68.6,68.7,71.9,70.2,72.2,72.1,71.1,69.5,73.5,73.3,72.1,70.3,70.5,66.7,75.6,74.1,76.5,76.5,79.2,73.2,77.6,71.2,70.2,75.0,75.1,75.2,76.5,76.2,74.6,66.9,65.5,74.4,75.5,75.4
3596,69.5,62.0,63.6,75.4,74.9,75.1,75.4,72.8,71.6,72.5,73.1,74.5,72.1,72.6,73.2,72.9,72.7,66.2,72.3,72.5,73.0,71.8,73.3,71.4,72.7,73.1,75.5,72.1,73.1,71.9,74.4,69.6,70.4,72.0,72.5,71.1,71.3,61.6,75.0,67.4,76.0,66.0,73.0,69.8,70.5,64.9,70.8,65.4,70.3,67.5,71.3,66.2,73.4,64.7,65.4,68.0,66.3,68.4,69.6,66.6,66.3,70.0,68.7,67.5,66.7,66.4,62.0,73.2,71.1,73.3,71.4,73.8,69.0,72.4,66.7,64.4,72.0,71.9,72.2,71.9,71.9,70.4,61.3,63.2,71.1,72.3,71.5
3597,66.8,60.0,61.4,71.8,72.5,73.1,73.5,70.5,70.0,71.1,71.5,72.3,70.6,70.8,71.3,71.1,70.3,63.2,70.4,71.0,70.7,69.8,71.2,69.4,69.6,70.7,73.9,70.1,70.9,70.3,71.9,68.1,67.8,69.6,70.3,68.4,69.0,59.4,71.6,63.9,73.5,63.8,69.6,66.7,68.1,62.5,67.7,63.0,67.4,62.3,67.3,64.2,68.5,62.8,62.8,65.0,63.4,65.9,66.6,64.2,63.5,65.5,64.9,64.4,63.9,63.1,59.4,71.6,69.5,71.5,67.8,69.7,66.1,69.1,64.1,60.8,70.2,70.1,70.5,68.2,69.3,67.2,57.2,61.8,68.6,70.2,68.5
3598,64.5,58.5,59.9,69.7,70.5,71.7,71.8,69.0,68.8,69.6,70.1,70.7,69.3,69.6,70.0,69.9,68.8,61.2,69.2,69.8,69.2,68.5,69.9,68.0,67.9,69.5,72.5,68.7,69.4,69.1,70.3,67.2,66.2,68.2,68.6,66.7,67.1,57.8,69.5,61.6,71.5,61.9,67.0,64.5,66.2,60.7,64.2,60.8,64.9,60.1,64.7,62.4,65.4,61.3,61.0,62.2,61.3,63.9,63.7,62.5,61.9,62.9,62.6,62.2,62.0,60.9,57.5,70.5,68.4,70.2,65.1,67.7,64.0,66.6,61.7,59.3,68.9,68.8,69.1,66.5,67.9,65.2,55.9,60.6,67.0,68.9,66.7
3599,63.0,57.2,58.5,68.0,69.2,70.4,70.3,67.8,67.7,68.5,68.9,69.5,68.2,68.3,68.7,68.9,67.6,59.3,68.2,68.9,68.1,67.6,68.8,66.9,66.3,68.4,71.2,67.8,68.1,68.1,69.2,66.4,64.9,66.5,67.4,65.8,65.5,56.4,68.1,59.8,69.6,60.8,65.4,63.0,64.3,59.1,61.5,58.6,62.3,58.5,62.5,60.7,63.1,60.2,59.7,59.9,59.8,62.5,61.6,60.8,60.3,61.2,60.8,60.2,60.3,58.9,55.9,69.2,67.4,69.0,62.7,65.8,61.8,65.0,59.4,57.4,68.0,67.7,67.9,64.9,66.6,63.6,55.1,59.7,65.5,67.5,65.2
3600,61.2,56.0,57.5,66.4,68.1,69.3,69.3,66.7,67.0,67.6,68.0,68.5,67.5,67.4,67.9,68.0,66.6,57.9,67.3,67.8,67.2,66.7,68.2,65.9,65.1,67.3,70.1,66.7,67.0,67.3,68.2,65.9,63.8,65.3,66.1,64.4,64.0,55.6,66.6,58.2,67.6,59.5,64.1,61.4,62.6,57.5,58.9,56.7,59.7,56.5,60.7,58.8,61.3,59.2,58.4,57.8,58.6,61.1,60.1,59.6,58.5,59.7,59.2,58.3,58.7,57.2,54.3,68.1,66.4,68.0,60.8,64.4,59.9,63.3,57.2,55.3,67.3,66.8,67.0,63.9,65.6,62.0,54.3,58.8,64.3,66.4,64.0
3601,59.8,55.1,56.5,64.9,66.9,68.2,68.1,65.9,66.2,66.8,67.3,67.7,66.6,66.5,67.0,67.1,65.8,56.6,66.5,66.9,66.2,65.8,67.5,65.1,64.0,66.2,69.2,65.8,66.2,66.5,67.2,65.1,62.8,64.3,65.1,63.6,62.7,54.5,65.4,56.7,65.9,58.7,62.9,60.1,61.0,56.3,56.6,55.0,57.0,54.1,58.8,57.0,59.3,58.3,57.4,56.3,57.6,60.0,58.6,58.5,57.5,58.4,57.5,55.8,57.1,56.2,52.7,67.3,65.5,67.3,58.6,62.9,58.1,61.8,55.4,53.9,66.6,65.9,66.2,62.7,64.7,60.7,53.8,58.0,63.4,65.4,63.0
3602,58.4,54.3,55.5,63.7,66.1,67.4,67.3,65.2,65.5,66.2,66.3,66.8,65.7,65.7,66.2,66.5,65.0,55.2,65.7,66.3,65.4,65.1,66.7,64.2,63.1,65.5,68.4,65.1,65.4,66.0,66.4,64.5,61.8,63.3,64.2,62.8,61.3,53.5,64.2,55.1,64.0,57.9,61.8,58.6,59.6,55.1,54.7,53.5,54.9,52.0,57.1,55.4,57.0,57.3,56.3,54.9,56.4,58.9,57.2,57.5,56.6,57.1,56.1,54.1,55.4,54.4,51.0,66.5,64.9,66.4,56.5,61.4,56.9,60.2,53.9,51.9,65.9,65.1,65.3,61.8,63.6,59.5,53.0,57.5,62.2,64.4,62.2
3603,57.2,53.3,54.8,62.5,65.3,66.7,66.7,64.4,64.7,65.3,65.6,66.2,65.2,65.0,65.6,65.9,64.4,54.3,65.1,65.7,64.7,64.6,66.3,63.3,62.1,64.7,67.6,64.5,64.6,65.4,65.7,64.1,60.9,62.6,63.4,62.2,60.2,52.5,63.0,53.6,62.7,57.1,60.9,57.3,58.3,54.3,53.3,52.1,53.4,50.4,55.5,54.1,54.8,56.4,55.2,53.7,55.4,58.0,56.1,56.2,55.5,55.8,55.1,52.5,54.3,53.1,49.4,65.8,64.4,65.8,54.8,60.0,55.2,58.8,52.3,50.5,65.3,64.4,64.8,61.0,62.8,58.7,52.6,56.9,61.4,63.6,61.4
3604,55.7,52.5,54.0,61.2,64.6,66.0,66.0,63.8,64.2,64.8,65.1,65.6,64.5,64.7,64.9,65.3,64.0,53.3,64.5,65.0,64.2,64.1,65.8,62.6,61.5,64.1,67.1,63.8,64.1,64.9,65.2,63.7,60.0,62.0,62.8,61.6,59.6,51.8,62.2,52.2,61.4,56.6,59.7,56.2,57.0,53.4,51.6,50.8,51.4,48.9,54.4,52.9,52.9,55.6,54.3,52.5,54.5,57.3,55.0,55.2,54.5,54.7,53.9,50.7,53.3,51.8,48.4,65.2,64.0,65.0,52.9,58.8,53.9,57.7,50.7,48.9,64.8,63.8,64.5,60.1,62.0,57.8,51.5,56.4,60.7,63.0,60.7
3605,55.4,52.0,53.6,60.1,63.8,65.5,65.5,63.2,63.9,64.4,64.7,65.0,64.1,64.1,64.2,64.9,63.5,53.5,64.1,64.7,63.7,63.7,65.3,61.8,60.8,63.3,66.6,63.3,63.5,64.5,64.7,63.3,59.4,61.3,62.4,61.0,58.8,51.1,61.1,50.9,60.2,56.1,58.9,55.0,56.4,52.6,50.3,50.3,50.6,47.7,53.1,52.0,51.1,55.4,53.4,52.7,53.7,56.7,54.1,55.4,54.9,54.0,54.0,49.8,52.6,51.7,47.1,64.8,63.5,64.5,51.2,58.0,52.9,56.7,50.3,47.8,64.5,63.4,63.9,59.4,61.2,57.0,50.6,56.5,60.0,62.6,60.2
3606,59.4,55.3,57.2,59.6,64.2,65.5,65.7,64.2,65.0,65.3,66.7,65.9,66.3,64.6,64.6,65.9,64.6,57.6,66.0,66.9,64.5,64.6,66.0,62.3,60.7,63.7,67.2,63.7,64.5,65.5,65.3,64.8,60.1,62.1,63.0,62.1,62.0,54.2,60.5,54.3,61.0,59.9,58.9,57.6,59.5,56.1,53.1,54.9,56.7,48.7,53.3,53.9,52.8,58.4,53.3,56.0,54.6,57.6,54.2,58.3,56.9,54.0,57.8,55.1,53.9,56.0,50.7,65.3,65.1,66.6,52.7,57.4,56.8,58.6,56.0,48.9,66.8,65.4,64.7,59.4,61.3,56.9,51.5,58.4,60.3,63.4,61.5
3607,64.3,59.6,62.0,62.8,66.7,67.6,68.0,66.9,67.7,67.6,69.6,68.2,69.2,66.9,67.1,68.4,67.2,61.0,69.1,69.9,67.3,67.1,68.3,64.8,63.4,66.6,69.1,66.3,67.0,68.0,67.6,67.4,62.7,64.7,65.1,65.0,66.5,58.6,63.4,60.9,64.2,64.7,61.8,62.0,63.7,61.4,57.7,60.4,63.8,55.0,60.1,57.3,59.4,62.0,55.5,60.3,57.7,61.0,56.6,61.6,59.3,57.2,61.3,60.8,56.1,60.3,55.4,67.5,68.1,69.4,59.3,61.0,61.6,64.3,61.2,55.4,69.8,68.2,67.2,62.3,64.0,59.8,55.8,60.8,62.6,66.0,64.5
3608,69.2,63.5,66.1,67.5,70.1,70.1,70.8,70.0,70.5,70.0,72.5,71.0,72.1,69.3,69.9,71.0,70.2,64.0,72.2,73.0,70.2,69.8,71.1,67.7,67.2,69.9,71.5,69.3,69.8,70.6,70.4,69.9,65.7,67.7,67.7,67.7,70.6,62.6,67.6,65.6,67.5,69.0,65.8,65.7,67.8,66.0,62.9,64.7,69.7,61.5,67.0,61.3,66.2,65.9,58.6,64.1,61.5,64.2,59.5,64.6,62.0,61.0,64.7,65.5,58.9,63.9,59.1,70.0,71.0,72.1,65.8,66.1,65.9,68.8,65.1,60.8,72.7,71.2,69.8,66.2,67.5,63.5,59.3,63.4,65.3,69.0,67.5
3609,73.4,66.8,69.6,72.0,73.2,72.8,73.6,72.8,72.8,72.4,74.9,73.7,74.7,71.6,72.8,73.4,73.1,67.0,74.9,75.8,73.0,72.4,73.6,70.5,70.9,73.3,73.8,72.2,72.7,73.0,73.2,72.3,68.6,70.7,70.2,70.3,74.3,66.0,71.7,69.3,71.2,72.4,69.8,68.9,71.8,69.8,68.2,67.8,73.9,67.1,71.6,65.2,72.1,69.4,62.4,67.3,64.9,67.2,62.8,67.3,64.6,64.6,67.8,69.1,62.1,67.1,62.5,72.2,73.4,74.5,71.6,70.6,69.7,72.0,68.4,65.5,75.4,73.6,72.2,69.9,70.7,67.3,62.1,65.6,68.1,71.8,70.3
3610,76.8,70.0,72.4,75.6,75.8,75.4,76.1,75.3,75.2,74.5,77.2,76.0,76.8,73.7,75.2,75.6,75.4,69.8,77.0,78.0,75.4,74.5,75.8,73.2,74.2,76.0,75.9,74.4,75.0,75.1,75.7,74.3,71.1,73.3,72.5,72.6,77.5,68.8,75.5,72.6,74.5,75.3,73.3,72.1,75.2,73.0,72.6,70.7,77.3,71.3,74.8,68.9,76.7,72.4,65.3,69.9,67.5,69.7,65.7,69.7,67.3,67.7,70.4,71.6,65.3,69.8,65.7,74.3,75.5,76.7,75.8,74.4,73.3,74.8,71.2,69.5,77.4,75.5,74.4,73.0,73.8,70.7,64.6,67.8,70.5,74.3,72.8
3611,79.8,72.5,74.8,79.0,78.3,77.6,78.5,77.4,77.1,76.3,79.1,77.8,78.5,75.4,77.4,77.4,77.3,72.2,78.6,79.8,77.2,76.3,77.7,75.5,77.0,78.5,77.5,76.3,76.9,76.9,77.6,75.8,73.5,75.5,74.6,74.8,80.1,71.5,78.6,75.7,77.5,77.6,76.3,75.1,78.2,75.7,76.0,73.0,80.1,74.1,77.1,71.7,80.2,74.8,67.7,72.1,69.6,72.0,68.4,71.8,69.7,70.3,72.9,74.2,68.4,72.1,68.8,76.0,77.2,78.4,78.7,77.6,76.3,77.6,73.7,72.4,79.1,77.2,76.3,75.8,76.4,73.7,67.2,69.6,72.9,76.4,75.1
3612,82.1,74.2,76.6,81.5,80.3,79.4,80.2,79.2,78.4,77.4,80.4,79.5,80.0,76.6,79.1,79.0,78.9,74.5,79.9,81.0,78.8,77.8,79.2,77.5,79.5,80.5,78.8,77.9,78.3,78.0,79.1,77.1,75.5,77.4,76.6,76.7,82.1,73.3,81.1,77.8,79.9,79.4,78.9,77.6,80.8,77.8,78.8,74.7,82.3,76.2,79.0,73.9,82.7,76.7,69.3,73.7,71.2,73.5,70.7,73.4,71.7,72.6,75.1,76.0,71.1,74.0,71.4,77.3,78.4,79.7,80.8,80.2,78.7,79.6,75.9,74.5,80.4,78.8,77.6,78.0,78.5,75.7,69.0,70.8,74.7,78.0,77.0
3613,83.9,75.0,78.1,83.6,81.9,80.9,81.7,80.8,79.5,78.4,81.2,80.5,81.0,77.7,80.5,79.8,80.1,76.2,80.9,81.8,79.9,78.9,80.1,78.9,81.3,82.0,79.8,79.1,79.7,79.0,80.3,78.3,77.1,78.7,78.2,78.3,83.9,74.1,83.0,79.3,81.9,80.7,81.0,79.5,82.8,78.3,80.4,76.0,83.8,77.6,80.2,75.2,84.5,78.2,70.7,75.1,72.3,74.8,72.6,74.6,73.0,74.5,76.7,77.7,73.5,75.2,73.5,78.2,79.3,80.8,82.4,82.4,80.6,81.2,77.5,75.9,81.4,79.8,78.6,79.9,80.2,77.6,70.4,71.5,76.2,79.1,78.6
3614,84.8,75.2,78.9,85.1,82.9,81.9,82.8,81.8,80.0,79.4,81.6,81.2,81.4,78.6,81.5,79.9,81.0,77.3,81.2,81.9,80.7,79.5,81.0,80.0,82.7,82.9,80.7,80.1,80.5,79.5,81.1,78.7,78.2,79.9,79.3,79.3,85.0,74.3,84.2,79.7,83.3,81.5,82.5,80.3,84.1,78.7,81.7,76.9,84.3,78.9,80.9,76.0,85.7,79.0,71.4,75.9,73.1,75.7,74.0,75.4,74.2,75.9,78.1,78.7,75.1,76.0,75.0,79.1,79.7,81.4,83.4,83.9,81.4,82.3,78.6,76.5,81.8,80.4,79.6,81.3,81.4,79.1,71.3,71.9,77.3,79.7,79.5
3615,84.9,75.2,78.8,85.9,83.5,82.4,83.1,82.2,80.1,79.8,81.6,81.4,81.7,79.0,81.7,80.3,81.3,78.0,81.5,82.0,81.3,79.5,81.4,80.7,83.4,83.4,81.2,80.4,81.1,79.7,81.8,78.5,78.9,80.3,79.9,79.7,85.5,74.1,85.0,80.1,83.9,81.0,83.4,80.9,84.1,78.2,82.2,76.9,84.4,79.1,81.3,76.2,86.0,78.9,72.2,76.4,73.9,76.3,75.0,75.8,74.8,76.6,78.7,78.9,75.9,76.6,75.4,79.7,79.6,81.5,83.5,84.9,81.4,82.9,78.9,76.9,81.8,80.5,80.1,81.9,82.0,80.0,72.0,71.7,78.0,80.1,80.0
3616,83.9,74.1,78.2,85.9,83.3,82.5,83.1,82.2,79.8,79.6,81.3,81.2,81.1,78.9,81.5,80.0,81.4,77.7,81.0,81.8,81.3,79.5,81.5,80.6,83.6,83.3,81.2,80.3,81.0,79.3,81.9,78.1,79.1,80.3,79.7,79.5,85.3,73.3,84.9,79.3,84.3,80.2,83.6,81.0,83.2,77.7,81.9,76.5,83.7,79.2,81.1,75.5,85.7,78.4,72.6,76.4,74.2,76.5,75.2,75.9,74.6,77.1,78.8,78.7,76.1,76.5,74.9,79.6,79.1,81.3,83.0,85.1,80.8,82.7,78.7,76.5,81.4,80.4,79.8,81.8,82.1,80.1,71.7,71.1,78.2,79.8,79.7
3617,82.2,72.6,76.0,85.3,82.6,81.9,82.3,81.5,78.7,79.0,80.3,80.6,80.3,78.4,80.8,79.4,80.8,76.9,79.9,80.9,80.7,78.9,80.8,79.9,82.5,82.5,80.7,79.7,80.2,78.6,81.4,77.1,78.6,79.5,79.0,78.7,83.8,71.8,84.1,78.5,83.6,78.4,83.0,80.3,81.9,76.2,81.1,75.4,82.2,78.6,80.4,74.0,84.7,76.3,72.1,75.8,73.7,76.1,74.8,75.3,73.6,76.7,78.2,77.8,75.5,75.5,73.5,78.9,78.4,80.5,82.1,84.4,79.4,82.2,77.8,75.9,80.5,79.6,79.2,81.2,81.5,79.6,71.2,69.9,77.7,79.3,79.1
3618,79.4,70.2,73.1,83.7,81.2,80.6,80.9,80.1,77.2,77.8,78.9,79.5,78.8,77.4,79.4,78.2,79.5,75.0,78.3,79.1,79.5,77.5,79.5,78.3,80.8,80.9,79.7,78.3,79.2,77.2,80.3,75.6,77.1,78.2,77.9,77.4,81.0,69.4,82.7,76.6,82.4,75.5,81.2,78.8,79.2,73.7,79.7,73.5,79.8,77.1,79.0,72.1,82.9,73.7,71.1,74.5,72.9,75.1,73.9,73.9,72.2,76.0,76.7,76.1,73.6,73.8,70.9,77.9,77.1,79.3,80.3,82.8,77.4,80.9,75.8,74.1,78.6,78.2,77.9,79.8,80.0,78.0,69.9,68.3,76.8,78.1,78.2
3619,74.4,66.5,68.0,80.6,78.6,78.3,78.6,77.5,74.6,75.5,76.6,77.7,76.1,75.4,76.7,75.8,77.2,71.3,75.6,76.0,77.1,75.0,77.1,75.6,77.9,78.2,77.8,75.8,76.9,74.9,78.2,72.9,74.8,75.6,76.1,75.3,75.8,65.8,80.1,72.7,79.9,70.2,78.2,76.0,74.9,69.3,76.8,70.1,75.1,74.3,76.6,69.4,79.8,69.2,69.3,72.2,70.8,73.0,72.4,71.4,69.8,73.9,73.8,72.8,70.8,70.9,67.2,75.9,74.4,76.9,77.3,79.8,74.0,78.7,72.0,71.1,75.4,75.5,75.6,77.1,76.8,75.2,67.4,65.8,75.0,75.9,75.9
3620,70.1,62.7,64.2,76.0,75.3,75.5,75.7,73.2,71.9,72.8,73.5,74.8,72.4,73.0,73.6,73.2,72.9,66.3,72.8,72.9,73.3,72.1,73.5,71.6,73.1,73.5,75.9,72.4,73.4,72.2,74.8,69.8,71.0,72.4,72.9,71.6,71.8,62.3,75.4,68.0,76.7,66.5,73.6,70.5,71.0,65.5,71.8,66.2,71.0,68.4,72.1,66.7,74.2,65.3,66.0,68.3,67.0,69.1,69.9,66.9,66.7,70.3,69.1,68.2,67.1,66.7,62.6,73.6,71.4,73.7,72.2,74.4,69.7,73.4,67.4,65.2,72.4,72.2,72.6,72.3,72.3,71.0,61.8,63.6,71.7,72.7,72.0
3621,67.3,60.6,62.0,72.3,72.7,73.5,73.7,70.7,70.3,71.4,71.9,72.6,70.8,71.2,71.6,71.4,70.5,63.5,70.8,71.4,71.0,70.1,71.4,69.6,70.0,71.0,74.3,70.3,71.1,70.5,72.3,68.4,68.2,70.1,70.7,68.7,69.4,60.0,72.1,64.5,74.1,64.3,70.0,67.3,68.6,63.1,68.5,63.8,68.1,63.1,68.1,64.8,69.2,63.5,63.3,65.2,63.9,66.5,66.9,64.4,63.8,65.9,65.2,65.1,64.3,63.3,59.7,72.0,69.8,71.9,68.5,70.2,66.7,70.0,64.8,61.6,70.6,70.4,70.8,68.6,69.7,67.7,57.7,62.1,69.0,70.6,68.9
3622,65.1,59.1,60.5,70.2,70.6,71.9,72.0,69.1,69.2,69.9,70.4,71.0,69.6,69.9,70.1,70.2,69.0,61.3,69.6,70.2,69.5,68.8,70.1,68.1,68.2,69.7,72.8,68.8,69.6,69.2,70.6,67.4,66.6,68.6,69.1,67.1,67.6,58.5,70.0,62.2,72.1,62.4,67.4,65.1,66.7,61.2,65.0,61.5,65.6,60.7,65.3,63.0,66.1,61.9,61.5,62.5,61.8,64.5,64.1,62.7,62.2,63.1,62.9,62.9,62.2,61.2,57.8,70.9,68.6,70.7,65.7,68.4,64.5,67.5,62.4,60.0,69.3,69.1,69.4,66.9,68.2,65.7,56.4,61.0,67.3,69.1,67.1
3623,63.4,57.7,59.1,68.4,69.4,70.6,70.5,67.8,68.1,68.9,69.3,69.8,68.5,68.6,68.8,69.2,67.7,59.5,68.6,69.3,68.3,67.8,69.0,67.0,66.7,68.5,71.5,67.9,68.3,68.3,69.4,66.7,65.2,66.8,67.8,66.1,65.9,57.1,68.5,60.4,70.2,61.2,65.8,63.7,64.8,59.5,62.2,59.3,63.0,59.1,63.1,61.3,63.7,60.7,60.2,60.1,60.4,63.2,62.0,61.0,60.6,61.5,61.0,60.9,60.5,59.2,56.1,69.5,67.6,69.3,63.4,66.4,62.3,65.9,59.9,58.0,68.4,68.0,68.1,65.3,66.8,64.1,55.5,60.0,65.9,67.6,65.5
3624,61.6,56.5,58.2,66.8,68.2,69.5,69.4,66.7,67.4,67.9,68.4,68.9,67.7,67.6,67.9,68.3,66.7,58.1,67.6,68.3,67.3,67.0,68.2,66.0,65.4,67.4,70.4,66.7,67.2,67.4,68.4,66.1,64.1,65.6,66.5,64.7,64.5,56.2,67.1,58.8,68.3,60.0,64.5,62.0,63.1,58.0,59.5,57.3,60.4,57.2,61.3,59.3,61.8,59.6,58.9,58.1,59.2,61.7,60.4,59.8,58.8,59.9,59.4,58.9,58.9,57.4,54.5,68.4,66.6,68.3,61.3,64.9,60.4,64.2,57.7,55.9,67.7,67.1,67.2,64.2,65.8,62.5,54.8,59.1,64.6,66.6,64.3
3625,60.2,55.7,57.1,65.3,66.9,68.4,68.3,65.8,66.5,67.0,67.6,68.0,66.8,66.7,67.1,67.4,65.8,56.8,66.8,67.3,66.2,66.0,67.5,65.2,64.3,66.2,69.4,65.8,66.3,66.6,67.3,65.3,63.1,64.5,65.5,63.9,63.1,55.0,65.8,57.3,66.5,59.2,63.3,60.8,61.5,56.7,57.2,55.6,57.7,54.8,59.4,57.5,60.0,58.7,58.0,56.5,58.1,60.6,59.0,58.7,57.8,58.6,57.7,56.4,57.3,56.4,52.9,67.5,65.7,67.6,59.2,63.3,58.6,62.6,55.9,54.5,66.9,66.2,66.4,63.0,65.0,61.0,54.2,58.2,63.7,65.5,63.3
3626,58.8,54.9,56.1,64.1,66.1,67.6,67.4,65.2,65.8,66.3,66.6,67.1,65.9,65.8,66.2,66.7,64.9,55.4,66.0,66.7,65.4,65.3,66.7,64.4,63.4,65.6,68.6,65.2,65.4,66.1,66.4,64.7,62.1,63.5,64.5,63.1,61.7,54.0,64.6,55.7,64.6,58.4,62.1,59.2,60.0,55.6,55.3,54.1,55.5,52.5,57.7,55.8,57.7,57.7,56.8,55.1,56.9,59.5,57.6,57.7,56.9,57.3,56.3,54.6,55.5,54.7,51.3,66.7,65.1,66.8,57.2,61.8,57.4,60.9,54.2,52.5,66.3,65.3,65.4,62.2,63.8,59.9,53.4,57.6,62.6,64.4,62.4
3627,57.6,53.9,55.4,62.9,65.4,66.8,66.8,64.4,65.0,65.5,65.8,66.4,65.4,65.2,65.6,66.1,64.4,54.5,65.4,66.1,64.7,64.7,66.2,63.5,62.4,64.7,67.8,64.5,64.6,65.4,65.8,64.2,61.2,62.7,63.6,62.3,60.6,53.0,63.5,54.1,63.4,57.5,61.2,58.0,58.6,54.8,53.9,52.7,53.9,51.0,56.1,54.5,55.5,56.9,55.7,53.9,55.9,58.6,56.4,56.4,55.8,56.0,55.3,52.9,54.4,53.3,49.6,65.9,64.5,66.1,55.3,60.4,55.6,59.6,52.6,51.1,65.6,64.7,64.9,61.2,63.0,59.1,53.0,57.0,61.8,63.7,61.7
3628,56.2,53.1,54.5,61.6,64.7,66.1,66.1,63.8,64.4,64.8,65.3,65.8,64.7,64.8,65.0,65.5,63.9,53.5,64.8,65.5,64.2,64.2,65.8,62.7,61.8,64.1,67.2,63.9,64.2,64.9,65.2,63.8,60.3,62.2,63.1,61.8,59.9,52.3,62.6,52.7,61.9,57.0,60.0,56.8,57.4,53.8,52.1,51.4,51.9,49.4,54.9,53.2,53.5,56.0,54.9,52.7,55.0,57.8,55.3,55.5,54.7,54.9,54.1,51.3,53.4,52.1,48.5,65.4,64.1,65.4,53.4,59.3,54.3,58.4,50.9,49.4,65.1,64.0,64.6,60.3,62.3,58.2,51.9,56.5,61.0,63.1,61.0
3629,55.8,52.5,54.1,60.5,63.9,65.6,65.6,63.2,64.0,64.5,64.9,65.2,64.3,64.2,64.3,65.0,63.5,53.7,64.4,65.1,63.7,63.7,65.3,61.9,61.0,63.4,66.8,63.2,63.6,64.5,64.7,63.4,59.6,61.5,62.7,61.1,59.2,51.6,61.5,51.3,60.8,56.6,59.2,55.5,56.8,53.1,50.9,50.8,51.1,48.1,53.6,52.3,51.7,55.8,53.9,53.0,54.1,57.2,54.4,55.5,55.2,54.2,54.2,50.3,52.7,52.0,47.3,65.0,63.7,64.9,51.8,58.5,53.3,57.5,50.6,48.3,64.9,63.7,64.0,59.7,61.5,57.3,50.9,56.7,60.3,62.7,60.5
3630,59.8,55.8,57.7,60.0,64.3,65.8,65.8,64.3,65.2,65.4,67.0,66.0,66.4,64.7,64.7,66.0,64.7,57.9,66.2,67.3,64.5,64.7,65.9,62.5,61.0,63.8,67.4,63.8,64.6,65.5,65.3,65.0,60.4,62.4,63.3,62.3,62.3,54.6,60.8,54.8,61.7,60.3,59.1,58.2,60.0,56.6,53.7,55.5,57.3,49.2,53.8,54.3,53.4,58.8,53.8,56.3,55.1,58.1,54.5,58.5,57.2,54.2,58.1,55.6,54.0,56.2,50.9,65.5,65.3,67.0,53.2,57.9,57.3,59.3,56.4,49.6,67.0,65.6,64.8,59.7,61.6,57.3,51.9,58.6,60.6,63.5,61.8
3631,64.8,59.9,62.4,63.2,67.0,67.8,68.2,67.2,67.9,67.8,69.8,68.3,69.3,67.1,67.3,68.6,67.3,61.3,69.3,70.2,67.5,67.3,68.5,65.1,63.7,66.9,69.4,66.4,67.2,68.1,67.8,67.5,63.0,65.1,65.5,65.3,66.9,59.0,63.7,61.5,64.9,65.1,62.1,62.6,64.0,61.9,58.4,61.1,64.5,55.7,60.7,57.7,60.0,62.4,56.0,60.6,58.3,61.6,56.9,61.8,59.6,57.4,61.6,61.3,56.2,60.6,55.6,67.7,68.4,69.7,59.9,61.4,62.0,65.1,61.7,56.0,70.0,68.5,67.4,62.6,64.4,60.2,56.2,61.0,63.0,66.2,64.9
3632,69.7,63.8,66.6,67.9,70.5,70.4,71.1,70.4,70.6,70.3,72.6,71.1,72.2,69.6,70.2,71.3,70.4,64.2,72.3,73.3,70.5,70.0,71.5,68.1,67.5,70.3,71.8,69.6,70.1,70.8,70.7,70.0,66.2,68.1,68.1,68.0,70.9,62.9,67.9,66.3,68.2,69.3,66.2,66.4,68.2,66.6,63.6,65.3,70.3,62.2,67.8,61.7,66.9,66.4,59.2,64.4,62.1,64.9,59.8,64.9,62.3,61.3,64.9,66.0,59.0,64.1,59.3,70.3,71.3,72.3,66.4,66.5,66.4,69.5,65.6,61.5,72.9,71.3,70.1,66.6,68.0,63.9,59.7,63.6,65.7,69.3,67.8
3633,73.9,67.2,70.0,72.3,73.7,73.2,74.1,73.3,73.0,72.8,75.1,73.9,74.8,71.9,73.2,73.8,73.3,67.2,75.0,76.0,73.3,72.7,74.0,71.0,71.2,73.8,74.1,72.5,73.0,73.3,73.5,72.5,69.1,71.1,70.6,70.7,74.5,66.4,72.0,70.0,71.9,72.8,70.1,69.6,72.1,70.3,69.0,68.4,74.5,67.8,72.4,65.7,72.9,69.9,63.1,67.6,65.5,67.9,63.1,67.6,65.1,64.9,68.0,69.7,62.3,67.3,62.8,72.5,73.6,74.8,72.5,71.0,70.2,72.8,68.9,66.2,75.6,73.7,72.6,70.3,71.1,67.8,62.4,65.9,68.5,72.2,70.7
3634,77.2,70.5,72.8,76.1,76.4,75.9,76.7,75.8,75.4,74.9,77.3,76.2,76.9,74.1,75.8,75.9,75.8,70.0,77.1,78.1,75.8,74.7,76.3,73.6,74.6,76.5,76.3,74.9,75.4,75.3,76.1,74.5,71.6,73.7,72.8,73.0,77.7,69.2,75.9,73.4,75.2,75.7,73.7,72.8,75.6,73.6,73.5,71.2,77.9,71.9,75.5,69.4,77.5,72.9,65.9,70.2,68.1,70.4,66.0,69.9,67.7,68.0,70.7,72.2,65.5,69.9,66.1,74.6,75.7,76.9,76.6,74.7,73.8,75.6,71.8,70.2,77.6,75.6,74.9,73.5,74.2,71.1,64.9,68.1,70.9,74.7,73.2
3635,80.2,73.1,75.2,79.4,78.8,78.1,79.1,77.9,77.3,76.7,79.2,78.1,78.6,75.8,78.0,77.7,77.8,72.5,78.7,80.0,77.7,76.6,78.2,75.9,77.4,79.0,77.9,76.8,77.4,77.2,78.0,76.0,73.9,75.9,74.9,75.1,80.3,72.0,79.0,76.5,78.3,78.0,76.7,75.9,78.7,76.4,76.9,73.6,80.6,74.8,77.9,72.3,81.1,75.3,68.3,72.3,70.2,72.6,68.7,72.0,70.1,70.6,73.2,74.7,68.6,72.3,69.1,76.4,77.3,78.5,79.5,78.0,76.9,78.4,74.3,73.0,79.3,77.3,76.7,76.2,76.8,74.1,67.4,69.9,73.3,76.8,75.5
3636,82.6,74.8,77.0,82.0,80.9,80.0,80.8,79.7,78.7,78.0,80.5,79.8,80.0,77.1,79.7,79.3,79.4,74.7,80.0,81.1,79.3,78.2,79.6,78.0,79.9,81.1,79.2,78.4,78.8,78.4,79.5,77.3,75.9,77.8,76.9,76.9,82.4,73.8,81.5,78.6,80.7,79.8,79.2,78.4,81.4,78.5,79.6,75.3,82.9,77.1,79.7,74.4,83.6,77.1,69.9,73.9,71.8,74.1,71.1,73.5,72.1,72.9,75.3,76.6,71.3,74.1,71.8,77.7,78.5,79.9,81.7,80.6,79.4,80.4,76.5,75.2,80.6,78.8,78.1,78.4,78.9,76.1,69.2,71.1,75.0,78.4,77.4
3637,84.4,75.7,78.5,84.1,82.4,81.5,82.3,81.2,79.7,79.0,81.3,80.8,81.1,78.1,81.1,80.2,80.6,76.5,80.9,82.0,80.4,79.2,80.6,79.4,81.7,82.6,80.3,79.6,80.2,79.4,80.8,78.5,77.5,79.1,78.5,78.6,84.2,74.7,83.4,80.1,82.6,81.1,81.4,80.2,83.4,78.9,81.3,76.6,84.3,78.4,80.9,75.7,85.3,78.6,71.3,75.2,73.0,75.4,73.0,74.8,73.4,74.8,76.9,78.2,73.7,75.3,73.9,78.7,79.5,81.0,83.2,82.8,81.2,81.9,78.0,76.6,81.6,79.9,79.1,80.4,80.6,78.0,70.6,71.8,76.5,79.5,79.1
3638,85.3,76.0,79.3,85.4,83.4,82.4,83.3,82.3,80.3,79.9,81.8,81.5,81.6,79.1,82.1,80.3,81.5,77.4,81.4,82.1,81.3,79.9,81.5,80.5,83.0,83.5,81.2,80.6,81.0,79.9,81.6,78.9,78.5,80.3,79.5,79.5,85.3,74.9,84.6,80.6,84.2,81.9,83.0,81.0,84.7,79.3,82.5,77.6,85.0,79.7,81.6,76.5,86.5,79.4,72.1,76.1,73.8,76.3,74.3,75.5,74.4,76.2,78.3,79.2,75.5,76.2,75.4,79.6,80.0,81.6,84.1,84.3,81.9,83.1,79.2,77.2,82.0,80.5,80.1,81.7,81.8,79.6,71.6,72.2,77.7,80.1,79.9
3639,85.5,76.0,79.3,86.3,84.0,83.0,83.7,82.7,80.5,80.2,81.9,81.7,81.8,79.4,82.2,80.7,81.8,78.1,81.8,82.2,81.9,80.0,81.8,81.1,83.8,84.0,81.7,81.0,81.6,80.1,82.4,78.8,79.3,80.7,80.1,80.0,85.8,74.8,85.4,80.9,84.7,81.4,83.9,81.6,84.7,78.7,83.0,77.6,85.0,79.8,82.0,76.7,86.8,79.4,72.8,76.6,74.5,76.8,75.3,76.0,75.1,76.9,78.9,79.4,76.3,76.7,75.8,80.2,79.9,81.7,84.2,85.3,81.9,83.5,79.5,77.6,82.0,80.7,80.6,82.3,82.5,80.4,72.4,72.0,78.4,80.5,80.3
3640,84.6,74.8,78.7,86.3,83.8,83.0,83.6,82.7,80.1,80.1,81.5,81.6,81.4,79.3,82.0,80.4,81.9,77.8,81.3,82.0,81.8,79.9,81.9,81.1,83.9,83.8,81.7,80.8,81.5,79.7,82.4,78.5,79.5,80.6,80.0,79.8,85.6,73.8,85.3,80.2,85.1,80.7,84.0,81.6,83.9,78.2,82.8,77.2,84.2,79.9,81.8,76.1,86.4,78.8,73.1,76.7,74.7,77.1,75.6,76.2,75.0,77.4,79.0,79.2,76.5,76.6,75.3,80.0,79.4,81.7,83.8,85.5,81.2,83.5,79.3,77.3,81.6,80.6,80.3,82.3,82.4,80.5,72.1,71.4,78.6,80.2,80.0
3641,82.7,73.1,76.6,85.7,83.0,82.4,82.9,82.0,79.1,79.5,80.6,81.0,80.6,78.8,81.3,79.7,81.3,77.0,80.1,81.1,81.2,79.3,81.2,80.3,82.9,83.0,81.1,80.2,80.7,79.1,81.9,77.4,79.0,79.9,79.3,79.1,84.1,72.3,84.5,79.2,84.3,78.8,83.5,80.8,82.5,76.8,81.9,76.2,82.9,79.3,81.1,74.7,85.4,76.8,72.6,76.0,74.2,76.6,75.2,75.5,74.0,77.1,78.3,78.4,75.9,75.7,74.0,79.3,78.8,80.9,82.9,84.7,79.7,82.8,78.4,76.6,80.7,79.8,79.6,81.7,81.9,80.0,71.6,70.2,78.1,79.7,79.5
3642,79.9,70.7,73.6,84.1,81.6,81.0,81.4,80.6,77.5,78.2,79.3,80.0,79.1,77.8,79.8,78.5,80.0,75.1,78.6,79.3,79.9,77.9,79.9,78.7,81.2,81.4,80.1,78.7,79.7,77.6,80.8,76.0,77.6,78.6,78.2,77.7,81.2,69.8,83.1,77.2,83.0,75.8,81.6,79.5,79.8,74.2,80.5,74.2,80.5,77.9,79.7,72.7,83.6,74.0,71.6,74.8,73.4,75.5,74.4,74.1,72.5,76.3,76.9,76.7,74.1,73.9,71.4,78.2,77.5,79.7,81.0,83.1,77.9,81.5,76.4,74.9,78.8,78.4,78.4,80.3,80.5,78.3,70.4,68.6,77.2,78.5,78.5
3643,75.0,66.9,68.5,81.0,79.0,78.7,79.0,77.9,74.9,75.9,76.8,78.1,76.3,75.8,77.1,76.2,77.6,71.5,75.9,76.2,77.5,75.4,77.4,76.0,78.3,78.6,78.2,76.2,77.3,75.3,78.6,73.2,75.2,76.0,76.4,75.6,76.2,66.2,80.5,73.4,80.5,70.8,78.6,76.6,75.5,69.9,77.5,70.8,75.7,75.0,77.2,70.1,80.5,69.7,69.9,72.4,71.3,73.5,72.8,71.6,70.1,74.2,73.9,73.5,71.2,71.0,67.7,76.3,74.8,77.3,77.9,80.1,74.5,79.3,72.6,71.8,75.6,75.7,76.0,77.6,77.3,75.5,67.8,66.2,75.4,76.4,76.3
3644,70.7,63.2,64.7,76.4,75.6,75.9,76.1,73.5,72.2,73.2,73.7,75.2,72.5,73.3,73.9,73.5,73.3,66.6,73.0,73.2,73.7,72.4,73.8,71.9,73.6,73.9,76.3,72.7,73.8,72.5,75.1,70.0,71.4,72.8,73.2,71.8,72.2,62.7,75.8,68.6,77.4,66.9,74.0,71.2,71.6,66.1,72.4,66.8,71.5,69.1,72.8,67.3,74.8,65.8,66.5,68.5,67.5,69.6,70.3,67.1,67.0,70.6,69.2,68.8,67.5,66.7,63.1,73.9,71.7,74.0,72.9,74.9,70.3,74.0,67.9,65.9,72.5,72.3,72.9,72.8,72.8,71.4,62.3,63.9,72.1,73.1,72.3
3645,68.0,61.0,62.5,72.7,73.0,73.7,74.1,71.0,70.7,71.7,72.1,72.9,71.0,71.5,71.8,71.7,70.7,63.7,71.0,71.6,71.2,70.3,71.6,69.9,70.4,71.3,74.7,70.5,71.4,70.7,72.5,68.6,68.5,70.4,70.9,68.9,69.8,60.4,72.4,65.2,74.8,64.7,70.4,67.9,69.1,63.6,69.2,64.4,68.6,63.7,68.7,65.3,69.8,64.0,63.8,65.5,64.3,67.0,67.3,64.6,64.1,66.1,65.4,65.6,64.6,63.4,60.1,72.4,70.0,72.1,69.1,70.8,67.2,70.5,65.3,62.2,70.7,70.5,71.1,69.1,70.1,68.2,58.1,62.5,69.4,70.9,69.1
3646,65.8,59.6,61.0,70.5,71.0,72.2,72.3,69.4,69.5,70.2,70.6,71.2,69.7,70.2,70.4,70.4,69.2,61.6,69.8,70.4,69.6,69.0,70.2,68.5,68.6,70.0,73.2,69.0,69.9,69.4,70.8,67.5,66.8,68.9,69.3,67.2,68.1,58.9,70.2,62.9,72.7,62.9,67.8,65.5,67.2,61.7,65.5,62.1,66.0,61.3,65.9,63.5,66.5,62.4,61.9,62.7,62.3,64.9,64.4,63.0,62.4,63.4,63.0,63.3,62.6,61.3,58.2,71.1,68.8,70.9,66.2,68.8,64.9,67.9,62.9,60.6,69.4,69.2,69.6,67.3,68.6,66.1,56.6,61.3,67.6,69.4,67.2
3647,64.0,58.1,59.5,68.7,69.6,70.9,70.8,68.1,68.3,69.1,69.4,70.0,68.7,68.8,69.1,69.4,67.9,59.7,68.8,69.5,68.5,68.0,69.0,67.4,67.0,68.8,71.8,68.1,68.5,68.4,69.7,66.8,65.4,67.1,68.0,66.3,66.4,57.4,68.9,61.1,70.8,61.7,66.2,64.2,65.2,60.0,62.7,59.9,63.3,59.7,63.7,61.7,64.3,61.1,60.6,60.3,60.8,63.6,62.3,61.3,60.8,61.8,61.3,61.2,60.9,59.3,56.5,69.8,67.8,69.5,63.8,66.8,62.7,66.5,60.4,58.6,68.5,68.1,68.3,65.6,67.2,64.6,55.8,60.4,66.2,68.0,65.6
3648,62.3,57.0,58.5,67.1,68.4,69.9,69.9,67.0,67.5,68.1,68.5,69.0,67.8,67.8,68.2,68.5,66.8,58.3,67.8,68.4,67.5,67.2,68.3,66.4,65.7,67.6,70.6,66.9,67.4,67.5,68.6,66.2,64.4,65.9,66.7,64.9,64.8,56.6,67.6,59.4,68.9,60.4,64.9,62.5,63.6,58.6,59.9,57.9,60.7,57.7,61.9,59.8,62.4,60.0,59.3,58.3,59.5,62.2,60.7,60.1,59.1,60.2,59.8,59.2,59.2,57.5,54.8,68.7,66.7,68.5,61.9,65.3,60.8,64.7,58.2,56.4,67.8,67.1,67.4,64.5,66.1,63.0,55.1,59.4,64.8,66.9,64.5
3649,60.9,56.0,57.4,65.7,67.2,68.8,68.6,66.1,66.7,67.1,67.6,68.1,66.9,66.9,67.3,67.6,65.9,57.0,66.9,67.4,66.4,66.2,67.5,65.5,64.6,66.5,69.7,65.9,66.5,66.7,67.6,65.4,63.4,64.8,65.7,64.2,63.4,55.4,66.2,57.9,67.1,59.6,63.6,61.3,62.1,57.3,57.6,56.2,58.1,55.3,60.0,57.9,60.5,59.0,58.3,56.8,58.4,61.0,59.3,58.9,58.1,58.9,58.0,56.6,57.5,56.4,53.2,67.7,65.8,67.8,59.8,63.7,59.1,63.1,56.2,54.9,67.1,66.3,66.5,63.4,65.2,61.6,54.6,58.6,64.0,65.7,63.5
3650,59.4,55.3,56.4,64.5,66.5,67.9,67.7,65.5,65.9,66.5,66.6,67.1,66.0,66.0,66.4,66.9,65.0,55.6,66.1,66.8,65.6,65.5,66.7,64.6,63.6,65.9,68.9,65.3,65.6,66.1,66.6,64.7,62.3,63.7,64.7,63.3,62.1,54.3,65.0,56.2,65.1,58.7,62.4,59.5,60.6,56.1,55.7,54.7,55.8,53.1,58.2,56.3,58.3,57.9,57.1,55.4,57.2,59.9,57.9,57.9,57.1,57.6,56.6,54.8,55.7,54.7,51.5,66.9,65.2,66.9,57.6,62.2,57.8,61.3,54.5,53.0,66.4,65.4,65.6,62.4,64.0,60.3,53.8,58.0,62.8,64.7,62.7
3651,58.1,54.1,55.7,63.3,65.6,67.1,67.1,64.7,65.2,65.6,65.9,66.5,65.5,65.3,65.9,66.3,64.4,54.7,65.5,66.2,64.8,64.8,66.2,63.7,62.7,65.0,68.0,64.6,64.8,65.5,65.9,64.3,61.5,62.9,63.8,62.4,61.0,53.2,63.8,54.6,64.0,57.9,61.4,58.4,59.1,55.3,54.3,53.3,54.1,51.6,56.6,54.9,56.0,57.2,56.0,54.1,56.3,59.0,56.8,56.5,56.0,56.2,55.5,53.2,54.6,53.3,49.9,66.1,64.6,66.2,55.8,60.9,56.0,60.1,52.9,51.6,65.7,64.8,65.0,61.5,63.2,59.5,53.4,57.4,62.0,63.9,61.9
3652,56.8,53.4,54.8,62.0,64.9,66.4,66.3,64.1,64.6,65.0,65.3,65.9,64.8,64.9,65.3,65.6,64.0,53.7,64.9,65.6,64.3,64.3,65.8,62.9,62.1,64.4,67.4,63.9,64.4,64.9,65.3,63.9,60.5,62.3,63.2,61.7,60.1,52.6,62.9,53.2,62.4,57.3,60.1,57.1,57.8,54.4,52.5,51.9,52.2,49.9,55.4,53.6,54.1,56.3,55.2,53.0,55.3,58.1,55.7,55.5,55.0,55.1,54.3,51.5,53.5,52.0,48.8,65.6,64.3,65.4,53.8,59.7,54.7,58.9,51.1,50.0,65.2,64.1,64.6,60.6,62.4,58.5,52.3,56.8,61.2,63.3,61.2
3653,56.3,52.8,54.4,60.9,64.1,65.9,65.8,63.4,64.2,64.6,64.9,65.2,64.4,64.3,64.6,65.1,63.5,53.9,64.4,65.2,63.7,63.8,65.2,62.1,61.3,63.7,67.0,63.3,63.8,64.6,64.8,63.5,59.9,61.6,62.8,61.1,59.4,51.9,61.8,51.8,61.4,56.9,59.3,55.8,57.3,53.6,51.2,51.4,51.3,48.5,54.2,52.7,52.2,56.2,54.1,53.3,54.5,57.5,54.8,55.6,55.5,54.4,54.5,50.5,52.9,51.9,47.5,65.2,63.8,65.0,52.3,58.9,53.7,57.9,50.8,48.8,64.9,63.7,64.0,59.9,61.7,57.6,51.3,57.0,60.5,62.8,60.6
3654,60.3,56.2,58.0,60.3,64.6,66.1,66.1,64.5,65.4,65.5,67.1,66.1,66.5,64.8,65.0,66.2,64.7,58.0,66.3,67.4,64.6,64.8,65.9,62.7,61.1,64.1,67.6,64.0,64.8,65.6,65.5,65.1,60.6,62.5,63.5,62.4,62.5,54.9,61.1,55.3,62.2,60.5,59.3,58.5,60.3,57.0,54.1,56.0,57.6,49.7,54.4,54.8,53.9,59.0,54.1,56.5,55.4,58.5,54.8,58.6,57.5,54.4,58.3,56.1,54.2,56.2,51.3,65.7,65.5,67.1,53.8,58.2,57.6,59.8,56.9,50.1,67.1,65.8,64.9,59.9,61.8,57.6,52.3,58.9,60.8,63.6,62.0
3655,65.1,60.3,62.7,63.4,67.2,68.1,68.5,67.4,68.2,68.0,69.9,68.5,69.6,67.3,67.6,68.8,67.5,61.5,69.5,70.4,67.6,67.5,68.6,65.3,64.0,67.2,69.6,66.7,67.4,68.3,67.9,67.7,63.3,65.3,65.7,65.6,67.0,59.3,63.9,62.0,65.4,65.3,62.2,63.0,64.3,62.2,58.8,61.6,65.0,56.2,61.3,58.2,60.6,62.7,56.3,60.7,58.6,62.0,57.2,62.0,59.9,57.5,61.8,61.8,56.4,60.7,56.0,68.0,68.6,69.9,60.4,61.7,62.3,65.5,62.2,56.6,70.2,68.8,67.6,62.9,64.7,60.5,56.6,61.3,63.2,66.4,65.3
3656,69.9,64.2,66.8,68.1,70.8,70.7,71.4,70.6,71.0,70.6,72.8,71.4,72.5,69.9,70.6,71.6,70.7,64.4,72.6,73.5,70.7,70.4,71.7,68.3,67.7,70.7,72.1,69.8,70.3,71.0,70.9,70.1,66.5,68.5,68.4,68.3,70.9,63.2,68.1,66.7,68.7,69.5,66.4,66.8,68.3,66.9,64.0,65.8,70.9,62.8,68.4,62.3,67.4,66.6,59.4,64.5,62.3,65.2,60.1,65.0,62.5,61.3,65.1,66.6,59.3,64.2,59.8,70.6,71.5,72.7,66.9,66.7,66.7,70.0,66.2,62.1,73.2,71.6,70.4,67.0,68.3,64.2,60.1,63.8,66.0,69.5,68.3
3657,74.1,67.6,70.3,72.5,74.0,73.6,74.5,73.5,73.5,73.0,75.3,74.2,75.1,72.2,73.6,74.1,73.6,67.4,75.3,76.2,73.6,73.1,74.3,71.2,71.5,74.2,74.4,72.8,73.2,73.5,73.7,72.6,69.3,71.5,70.9,71.0,74.5,66.6,72.1,70.4,72.3,73.0,70.4,70.0,72.3,70.6,69.5,69.0,75.1,68.4,73.0,66.3,73.4,70.2,63.4,67.7,65.8,68.2,63.4,67.6,65.2,65.1,68.2,70.2,62.6,67.5,63.3,72.9,73.8,75.2,73.0,71.2,70.5,73.4,69.5,66.8,75.9,74.0,72.9,70.7,71.5,68.0,62.8,66.1,68.8,72.4,71.1
3658,77.4,70.9,73.0,76.1,76.7,76.3,77.1,76.1,75.8,75.2,77.5,76.6,77.2,74.4,76.1,76.2,76.1,70.2,77.3,78.4,76.1,75.1,76.6,73.9,74.8,77.0,76.6,75.2,75.5,75.6,76.3,74.6,71.9,74.1,73.2,73.3,77.7,69.5,76.0,73.8,75.6,75.9,73.9,73.2,75.8,73.9,74.0,71.9,78.5,72.4,76.1,70.0,78.1,73.1,66.2,70.2,68.4,70.8,66.2,70.0,67.9,68.2,70.8,72.8,65.9,70.1,66.6,75.0,75.8,77.4,77.1,74.9,74.2,76.2,72.3,70.8,77.8,76.0,75.2,73.9,74.6,71.4,65.2,68.2,71.2,74.9,73.6
3659,80.4,73.5,75.4,79.5,79.2,78.5,79.4,78.2,77.6,76.9,79.3,78.4,78.8,76.1,78.3,78.0,78.1,72.7,78.8,80.3,78.0,77.0,78.5,76.3,77.6,79.4,78.2,77.1,77.5,77.4,78.3,76.1,74.2,76.3,75.3,75.5,80.4,72.3,79.1,76.9,78.6,78.2,76.9,76.4,78.9,76.7,77.4,74.3,81.4,75.4,78.4,72.9,81.7,75.4,68.6,72.4,70.5,73.0,68.9,72.0,70.2,70.8,73.3,75.3,69.0,72.4,69.7,76.7,77.5,78.9,80.0,78.1,77.2,78.9,74.8,73.7,79.5,77.7,77.0,76.6,77.2,74.3,67.7,70.0,73.6,77.0,75.9
3660,82.7,75.2,77.3,82.1,81.3,80.4,81.2,80.1,79.0,78.2,80.6,80.0,80.2,77.4,80.1,79.5,79.8,75.0,80.1,81.4,79.6,78.5,79.9,78.3,80.1,81.4,79.5,78.6,79.1,78.7,79.9,77.4,76.3,78.1,77.3,77.2,82.5,74.2,81.7,79.0,81.1,79.9,79.5,78.9,81.7,78.9,80.2,76.0,83.5,77.7,80.3,75.1,84.2,77.3,70.2,73.9,72.2,74.5,71.2,73.6,72.2,73.1,75.5,77.2,71.8,74.2,72.4,78.0,78.7,80.3,82.2,80.8,79.7,80.9,77.2,75.7,80.7,79.2,78.4,78.8,79.4,76.4,69.5,71.2,75.3,78.6,77.9
3661,84.5,76.2,78.8,84.2,82.8,81.8,82.7,81.6,80.0,79.3,81.5,81.1,81.2,78.4,81.5,80.4,80.9,76.7,81.0,82.3,80.8,79.5,80.9,79.8,81.9,82.9,80.5,79.9,80.5,79.6,81.2,78.5,77.8,79.5,78.8,78.8,84.3,75.2,83.6,80.6,83.1,81.3,81.6,80.7,83.8,79.3,81.9,77.3,85.0,79.0,81.5,76.5,85.9,79.0,71.6,75.3,73.3,75.7,73.1,74.9,73.5,74.9,77.1,78.7,74.3,75.4,74.5,79.0,79.7,81.4,83.8,82.9,81.6,82.5,78.7,77.2,81.7,80.2,79.3,80.7,81.1,78.3,70.9,71.9,76.8,79.8,79.5
3662,85.4,76.5,79.6,85.4,83.8,82.8,83.7,82.7,80.6,80.2,82.0,81.8,81.8,79.3,82.4,80.6,81.8,77.6,81.5,82.4,81.6,80.1,81.7,81.0,83.2,83.8,81.5,80.8,81.3,80.1,82.0,79.0,78.9,80.6,79.8,79.8,85.4,75.4,84.8,81.0,84.7,82.1,83.2,81.6,85.1,79.7,83.1,78.2,85.7,80.3,82.2,77.2,87.1,79.8,72.4,76.2,74.2,76.6,74.5,75.6,74.4,76.3,78.5,79.8,75.9,76.4,75.9,79.9,80.2,81.9,84.7,84.6,82.3,83.7,79.9,77.8,82.0,80.8,80.3,82.0,82.3,79.9,71.8,72.2,78.1,80.5,80.3
3663,85.7,76.5,79.6,86.4,84.5,83.4,84.1,83.1,80.7,80.5,82.1,82.0,82.0,79.6,82.6,80.9,82.1,78.3,81.9,82.4,82.2,80.2,82.0,81.7,84.0,84.4,82.0,81.2,81.9,80.3,82.7,79.0,79.6,81.0,80.5,80.3,86.0,75.2,85.6,81.3,85.2,81.6,84.0,82.3,85.1,79.1,83.5,78.3,85.7,80.4,82.6,77.4,87.4,79.9,73.1,76.7,74.9,77.2,75.5,76.1,75.1,77.0,79.1,80.1,76.8,76.9,76.3,80.4,80.1,82.1,84.7,85.7,82.3,84.1,80.2,78.2,82.1,81.0,80.8,82.6,82.9,80.7,72.6,72.0,78.7,80.9,80.7
3664,84.8,75.3,79.1,86.6,84.3,83.4,84.0,83.0,80.3,80.4,81.7,81.8,81.6,79.5,82.4,80.6,82.2,78.0,81.5,82.2,82.2,80.2,82.1,81.6,84.0,84.2,81.9,81.1,81.8,80.0,82.7,78.6,79.8,81.0,80.4,80.2,85.8,74.3,85.6,80.7,85.4,81.0,84.2,82.3,84.3,78.6,83.3,78.0,84.8,80.5,82.3,76.7,87.0,79.3,73.4,76.8,75.0,77.5,75.9,76.3,74.9,77.7,79.1,79.9,76.9,76.7,75.9,80.3,79.7,82.0,84.4,86.0,81.6,84.1,80.0,77.9,81.7,80.8,80.5,82.5,82.9,80.8,72.5,71.3,78.9,80.7,80.5
3665,83.0,73.7,77.0,86.0,83.5,82.7,83.2,82.5,79.3,79.8,80.9,81.2,80.9,79.0,81.7,80.0,81.6,77.1,80.3,81.3,81.5,79.6,81.4,80.7,83.1,83.4,81.4,80.4,81.1,79.4,82.2,77.5,79.3,80.3,79.8,79.5,84.3,72.8,84.8,79.7,84.8,79.1,83.6,81.4,82.8,77.2,82.5,77.0,83.5,79.9,81.6,75.4,86.0,77.4,72.9,76.2,74.5,76.9,75.5,75.6,73.9,77.4,78.5,79.0,76.4,75.8,74.5,79.7,79.0,81.3,83.4,85.0,80.1,83.5,79.1,77.2,80.9,80.1,79.8,82.0,82.3,80.5,71.9,70.1,78.4,80.1,79.9
3666,80.3,71.2,74.0,84.5,82.1,81.4,81.7,81.0,77.8,78.5,79.5,80.1,79.3,78.0,80.1,78.8,80.3,75.4,78.9,79.5,80.2,78.2,80.1,79.2,81.5,81.7,80.4,79.0,80.0,78.0,81.1,76.1,77.9,78.9,78.7,78.1,81.5,70.4,83.3,77.7,83.5,76.1,81.9,80.1,80.2,74.5,80.9,75.0,81.2,78.5,80.3,73.4,84.2,74.6,71.8,74.9,73.7,75.8,74.6,74.2,72.5,76.6,77.0,77.3,74.5,74.1,71.9,78.5,77.8,80.1,81.6,83.6,78.4,82.2,77.1,75.5,79.1,78.7,78.6,80.7,80.9,78.8,70.6,68.5,77.5,78.9,78.9
3667,75.4,67.4,68.9,81.4,79.4,79.1,79.3,78.2,75.1,76.2,77.0,78.3,76.5,76.0,77.3,76.4,77.8,71.7,76.1,76.4,77.7,75.7,77.6,76.5,78.6,79.0,78.5,76.4,77.7,75.7,78.8,73.3,75.6,76.4,76.8,76.0,76.4,66.7,80.7,73.9,81.0,71.2,78.9,77.3,75.9,70.3,78.0,71.6,76.3,75.6,77.8,70.7,81.1,70.3,70.2,72.6,71.5,73.8,73.2,71.6,70.1,74.6,74.2,74.1,71.6,71.0,68.2,76.5,75.1,77.6,78.5,80.5,75.0,80.0,73.3,72.4,75.9,76.1,76.2,77.8,77.7,76.0,68.1,66.2,75.7,76.7,76.6
3668,71.0,63.6,65.1,76.8,76.0,76.1,76.3,73.9,72.5,73.4,73.9,75.4,72.7,73.5,74.1,73.6,73.5,66.8,73.1,73.3,73.9,72.5,73.9,72.2,73.8,74.3,76.6,72.9,74.1,72.8,75.3,70.1,71.8,73.2,73.7,72.3,72.4,63.2,76.2,69.0,77.9,67.2,74.4,71.8,72.0,66.5,73.0,67.4,72.1,69.6,73.4,67.9,75.4,66.3,66.8,68.6,67.8,69.9,70.7,67.2,67.1,71.0,69.3,69.4,67.8,66.8,63.5,74.2,71.9,74.2,73.3,75.4,70.9,74.8,68.5,66.4,72.7,72.6,73.1,73.1,73.1,71.9,62.6,63.9,72.4,73.4,72.6
3669,68.4,61.6,62.9,73.0,73.3,74.0,74.3,71.4,70.9,71.9,72.1,73.0,71.2,71.7,72.0,71.8,70.9,63.9,71.1,71.7,71.5,70.5,71.6,70.2,70.7,71.6,75.0,70.6,71.7,70.8,72.8,68.7,68.8,70.7,71.3,69.3,70.0,61.0,72.6,65.7,75.3,65.1,70.8,68.5,69.5,64.0,69.6,65.0,69.2,64.2,69.2,65.8,70.3,64.3,64.0,65.6,64.6,67.3,67.6,64.7,64.2,66.5,65.5,66.2,64.9,63.4,60.6,72.6,70.2,72.3,69.5,71.2,67.8,71.2,65.7,62.8,70.9,70.7,71.3,69.4,70.4,68.6,58.2,62.4,69.7,71.2,69.5
3670,66.1,60.1,61.4,70.9,71.2,72.4,72.5,69.7,69.7,70.5,70.6,71.4,69.9,70.3,70.6,70.5,69.4,61.7,69.9,70.5,70.0,69.1,70.3,68.8,68.9,70.2,73.4,69.3,70.2,69.6,71.1,67.6,67.1,69.2,69.6,67.6,68.3,59.4,70.5,63.5,73.2,63.2,68.2,66.1,67.7,62.1,65.9,62.7,66.5,61.7,66.4,64.0,67.1,62.8,62.1,62.9,62.6,65.3,64.8,63.1,62.5,63.7,63.2,63.7,62.9,61.4,58.5,71.4,69.1,71.1,66.7,69.3,65.4,68.6,63.3,61.1,69.6,69.3,69.8,67.6,68.9,66.5,56.7,61.3,67.9,69.6,67.6
3671,64.4,58.5,59.8,69.1,69.9,71.1,71.0,68.4,68.5,69.4,69.4,70.2,68.8,68.9,69.3,69.5,68.1,59.8,68.8,69.6,68.8,68.1,69.1,67.6,67.3,69.0,72.0,68.3,68.8,68.6,70.0,66.9,65.7,67.5,68.3,66.6,66.7,58.0,69.2,61.6,71.4,62.0,66.5,64.7,65.8,60.5,63.1,60.5,63.8,60.2,64.2,62.2,64.9,61.5,60.9,60.5,61.0,63.9,62.6,61.4,60.9,62.0,61.5,61.6,61.1,59.4,56.8,70.0,68.0,69.6,64.3,67.2,63.1,67.1,60.7,59.1,68.7,68.1,68.5,66.0,67.5,65.0,56.0,60.4,66.4,68.3,66.0
3672,62.5,57.4,58.8,67.5,68.6,70.1,70.1,67.3,67.6,68.3,68.5,69.1,68.0,68.0,68.4,68.6,67.1,58.4,67.9,68.4,67.7,67.2,68.3,66.6,65.9,67.9,70.9,67.1,67.8,67.6,68.9,66.3,64.7,66.2,67.0,65.2,65.1,57.0,67.8,59.9,69.5,60.7,65.1,63.1,64.0,59.0,60.4,58.4,61.2,58.2,62.3,60.2,62.9,60.3,59.5,58.5,59.8,62.5,61.0,60.1,59.2,60.3,60.0,59.6,59.4,57.6,55.1,68.9,66.9,68.7,62.2,65.7,61.2,65.3,58.4,56.8,68.0,67.3,67.6,64.8,66.4,63.3,55.4,59.5,65.1,67.2,64.9
3673,61.1,56.4,57.6,66.0,67.4,69.0,68.8,66.4,66.8,67.4,67.7,68.2,67.0,67.1,67.5,67.7,66.1,57.1,67.0,67.4,66.7,66.2,67.6,65.8,64.8,66.7,70.0,66.1,66.8,66.7,67.8,65.5,63.7,65.1,66.0,64.4,63.7,55.8,66.5,58.4,67.6,59.8,63.8,61.8,62.5,57.7,58.1,56.6,58.5,55.9,60.4,58.3,60.9,59.4,58.4,56.9,58.6,61.3,59.6,59.0,58.2,59.0,58.0,56.8,57.8,56.4,53.4,68.0,66.0,67.9,60.2,64.0,59.5,63.7,56.5,55.3,67.2,66.3,66.7,63.7,65.5,62.0,54.9,58.7,64.2,66.0,63.9
3674,59.6,55.6,56.5,64.8,66.6,68.0,67.9,65.7,66.0,66.6,66.7,67.3,66.0,66.2,66.6,67.1,65.2,55.7,66.2,66.7,65.8,65.5,66.8,64.9,63.9,66.0,69.1,65.4,65.9,66.1,66.8,64.8,62.6,64.0,65.0,63.5,62.4,54.7,65.3,56.8,65.6,59.0,62.6,59.9,60.9,56.7,56.3,55.1,56.2,53.7,58.6,56.6,58.7,58.3,57.2,55.5,57.4,60.1,58.1,58.0,57.2,57.7,56.7,55.0,56.0,54.8,51.8,67.1,65.4,67.0,58.1,62.5,58.1,61.8,54.6,53.4,66.5,65.5,65.7,62.7,64.4,60.6,54.1,58.0,63.1,65.0,63.0
3675,58.2,54.3,55.8,63.6,65.8,67.3,67.3,64.8,65.2,65.8,65.9,66.6,65.5,65.5,66.0,66.5,64.5,54.9,65.6,66.1,65.1,64.9,66.3,64.0,63.0,65.1,68.3,64.6,65.1,65.4,66.1,64.3,61.8,63.2,64.1,62.6,61.3,53.6,64.1,55.1,64.4,58.1,61.6,58.7,59.5,55.8,54.7,53.6,54.5,52.0,57.1,55.2,56.4,57.5,56.2,54.3,56.5,59.3,57.0,56.6,56.1,56.4,55.6,53.4,54.8,53.4,50.2,66.3,64.8,66.2,56.3,61.2,56.3,60.5,53.0,52.0,65.9,64.8,65.2,61.9,63.5,59.8,53.6,57.4,62.2,64.1,62.2
3676,56.9,53.7,54.9,62.3,65.1,66.5,66.5,64.2,64.7,65.2,65.3,66.0,64.8,65.1,65.4,65.8,64.1,53.9,64.9,65.5,64.4,64.4,65.8,63.2,62.4,64.5,67.7,64.0,64.6,65.0,65.5,63.9,60.9,62.6,63.5,61.9,60.5,52.9,63.2,53.7,62.9,57.6,60.3,57.5,58.2,54.9,52.9,52.3,52.5,50.3,55.9,53.9,54.5,56.6,55.4,53.2,55.6,58.4,55.9,55.6,55.1,55.1,54.4,51.6,53.7,52.1,49.0,65.8,64.4,65.5,54.3,60.0,54.9,59.3,51.3,50.4,65.4,64.1,64.7,61.0,62.8,58.8,52.5,56.8,61.4,63.5,61.5
3677,56.4,53.2,54.6,61.1,64.3,66.0,65.9,63.6,64.3,64.7,64.9,65.4,64.4,64.5,64.7,65.3,63.6,54.1,64.4,65.1,63.9,63.9,65.2,62.4,61.5,64.0,67.2,63.3,64.0,64.6,64.9,63.5,60.2,61.8,63.1,61.2,59.6,52.2,62.0,52.3,61.9,57.2,59.5,56.2,57.5,54.2,51.7,51.8,51.5,48.9,54.7,53.0,52.6,56.4,54.3,53.5,54.7,57.8,55.0,55.8,55.6,54.4,54.6,50.7,53.0,52.0,47.6,65.4,63.9,65.1,52.6,59.1,53.9,58.2,51.0,49.2,65.0,63.7,64.1,60.2,62.0,57.9,51.5,57.1,60.7,63.0,61.0
3678,60.4,56.6,58.2,60.6,64.8,66.2,66.2,64.7,65.5,65.7,67.2,66.3,66.6,65.0,65.1,66.4,64.8,58.2,66.3,67.4,64.8,64.9,66.0,62.9,61.4,64.3,67.8,64.0,65.1,65.7,65.6,65.2,60.9,62.7,63.8,62.6,62.8,55.4,61.3,55.8,62.6,60.9,59.5,58.9,60.6,57.6,54.5,56.5,57.9,50.1,54.9,55.1,54.3,59.4,54.3,56.7,55.7,58.8,55.0,58.7,57.6,54.4,58.4,56.4,54.3,56.4,51.5,65.8,65.6,67.3,54.2,58.5,57.9,60.1,57.2,50.5,67.2,65.9,65.0,60.2,62.1,58.0,52.4,58.9,61.1,63.8,62.4
3679,65.4,60.8,63.0,63.7,67.5,68.2,68.6,67.6,68.3,68.1,70.1,68.7,69.8,67.5,67.8,69.0,67.7,61.6,69.6,70.5,67.8,67.6,68.8,65.6,64.2,67.4,69.8,66.8,67.6,68.4,68.1,67.8,63.7,65.4,65.9,65.7,67.3,59.8,64.1,62.4,65.7,65.6,62.5,63.2,64.7,62.7,59.2,62.2,65.3,56.7,61.8,58.6,61.1,63.1,56.6,60.7,58.8,62.3,57.5,62.1,60.0,57.6,61.9,62.1,56.6,60.8,56.3,68.1,68.8,70.2,60.8,62.1,62.5,65.8,62.6,57.1,70.3,68.8,67.7,63.2,64.9,60.9,56.8,61.2,63.5,66.6,65.5
3680,70.2,64.8,67.3,68.4,71.0,71.0,71.6,70.9,71.2,70.7,73.0,71.6,72.6,70.0,70.8,71.8,70.9,64.4,72.7,73.6,70.9,70.6,71.9,68.6,67.9,70.9,72.2,70.0,70.5,71.1,71.1,70.2,66.8,68.7,68.6,68.5,71.2,63.8,68.4,67.1,69.0,69.8,66.7,67.1,68.7,67.3,64.3,66.4,71.2,63.2,68.9,62.7,67.9,67.1,59.7,64.5,62.7,65.5,60.3,65.1,62.6,61.4,65.2,66.9,59.5,64.3,60.0,70.7,71.7,72.9,67.3,67.1,67.0,70.3,66.6,62.6,73.3,71.7,70.6,67.3,68.7,64.6,60.3,63.8,66.3,69.7,68.5
3681,74.5,68.2,70.8,72.7,74.3,73.8,74.7,73.8,73.7,73.2,75.5,74.3,75.2,72.3,73.8,74.3,73.8,67.4,75.5,76.4,73.8,73.3,74.5,71.6,71.7,74.4,74.6,73.0,73.4,73.7,74.0,72.6,69.7,71.8,71.1,71.2,74.7,67.1,72.5,70.7,72.6,73.3,70.6,70.3,72.7,71.1,69.7,69.5,75.5,68.9,73.5,66.8,73.8,70.7,63.7,67.7,66.1,68.7,63.5,67.7,65.3,65.2,68.3,70.6,62.8,67.6,63.6,73.0,73.9,75.4,73.4,71.6,71.0,73.7,69.9,67.4,76.1,74.1,73.1,71.1,71.9,68.4,63.1,66.0,69.1,72.6,71.4
3682,77.9,71.4,73.6,76.4,77.1,76.5,77.3,76.4,76.0,75.4,77.7,76.8,77.4,74.5,76.4,76.4,76.3,70.3,77.6,78.6,76.3,75.3,76.9,74.3,75.0,77.2,76.8,75.4,75.8,75.8,76.6,74.7,72.3,74.4,73.4,73.6,77.9,70.0,76.3,74.1,76.0,76.2,74.2,73.5,76.3,74.3,74.2,72.4,78.9,72.9,76.6,70.5,78.6,73.6,66.6,70.2,68.8,71.2,66.4,70.0,67.9,68.3,70.9,73.2,66.1,70.2,66.9,75.1,75.9,77.6,77.6,75.3,74.7,76.5,72.8,71.4,78.0,76.2,75.4,74.3,75.0,71.7,65.5,68.1,71.6,75.1,73.9
3683,80.8,74.0,76.0,79.8,79.5,78.8,79.7,78.6,77.8,77.1,79.6,78.6,79.0,76.3,78.7,78.2,78.3,72.8,79.1,80.5,78.3,77.2,78.8,76.6,77.9,79.6,78.4,77.4,77.8,77.6,78.6,76.2,74.6,76.6,75.5,75.7,80.5,72.9,79.3,77.3,79.0,78.5,77.3,76.6,79.4,77.1,77.7,74.8,81.8,75.9,79.0,73.3,82.2,76.0,69.0,72.4,70.9,73.4,69.1,72.1,70.2,70.8,73.5,75.7,69.2,72.6,70.0,76.9,77.5,79.1,80.6,78.4,77.8,79.2,75.4,74.3,79.7,77.9,77.2,77.0,77.6,74.7,68.0,69.8,73.9,77.2,76.2
3684,83.3,75.9,77.9,82.4,81.6,80.7,81.6,80.5,79.2,78.5,80.9,80.2,80.4,77.6,80.5,79.7,80.1,75.0,80.4,81.7,79.9,78.8,80.3,78.7,80.3,81.7,79.7,79.0,79.4,78.9,80.2,77.5,76.6,78.5,77.5,77.5,82.8,74.7,81.9,79.5,81.5,80.3,79.9,79.2,82.2,79.3,80.5,76.6,84.0,78.2,80.9,75.4,84.8,78.0,70.6,74.0,72.6,74.9,71.4,73.7,72.1,73.1,75.6,77.6,72.0,74.4,72.7,78.2,78.7,80.5,82.7,81.1,80.3,81.3,77.7,76.3,81.0,79.3,78.6,79.2,79.8,76.9,69.9,70.9,75.7,78.8,78.2
3685,85.1,76.9,79.4,84.5,83.1,82.2,83.1,82.0,80.2,79.5,81.8,81.3,81.4,78.6,81.9,80.6,81.2,76.7,81.3,82.6,81.2,79.8,81.2,80.2,82.2,83.2,80.8,80.2,80.7,79.9,81.5,78.7,78.2,79.9,79.0,79.0,84.6,75.8,83.8,81.0,83.5,81.7,82.1,81.0,84.3,79.7,82.3,77.8,85.5,79.6,82.1,76.8,86.5,79.5,72.0,75.4,73.7,76.1,73.2,75.0,73.5,74.9,77.3,79.3,74.4,75.5,74.8,79.3,79.8,81.6,84.3,83.2,82.2,82.9,79.2,77.8,82.0,80.3,79.6,81.1,81.5,78.8,71.2,71.6,77.2,80.1,79.8
3686,86.0,77.2,80.2,85.8,84.2,83.2,84.1,83.0,80.8,80.5,82.3,81.9,82.0,79.6,82.8,80.9,82.1,77.7,81.9,82.6,82.0,80.4,82.1,81.3,83.6,84.2,81.7,81.2,81.5,80.4,82.4,79.2,79.3,81.0,80.1,80.1,85.7,76.0,85.1,81.5,85.2,82.6,83.6,81.9,85.6,80.0,83.4,78.8,86.1,80.9,82.8,77.6,87.7,80.5,72.7,76.4,74.5,77.0,74.7,75.7,74.3,76.3,78.6,80.3,76.1,76.5,76.2,80.1,80.4,82.2,85.2,84.9,82.9,84.2,80.4,78.5,82.3,80.9,80.6,82.6,82.7,80.4,72.2,71.8,78.4,80.8,80.6
3687,86.3,77.2,80.3,86.8,84.9,83.8,84.5,83.4,81.0,80.9,82.4,82.2,82.1,79.9,83.0,81.3,82.4,78.4,82.2,82.5,82.6,80.6,82.5,82.0,84.5,84.9,82.2,81.6,82.2,80.7,83.1,79.2,80.0,81.5,80.8,80.6,86.3,75.9,85.9,81.8,85.8,82.1,84.5,82.7,85.7,79.5,83.9,78.9,86.1,81.1,83.2,77.8,88.0,80.5,73.4,76.9,75.2,77.5,75.6,76.3,75.0,77.1,79.2,80.6,77.0,77.1,76.6,80.7,80.4,82.3,85.3,86.1,83.0,84.6,80.7,79.0,82.5,81.1,81.1,83.2,83.5,81.3,73.0,71.6,79.0,81.3,81.1
3688,85.4,76.0,79.8,87.1,84.8,83.8,84.4,83.4,80.7,80.7,82.0,82.1,81.8,79.8,82.8,80.9,82.5,78.2,81.9,82.3,82.5,80.5,82.4,82.0,84.5,84.6,82.2,81.4,82.1,80.3,83.0,78.7,80.2,81.3,80.7,80.6,86.1,75.1,86.0,81.2,86.0,81.4,84.7,82.8,84.8,79.0,83.8,78.5,85.3,81.2,82.9,77.1,87.7,80.0,73.7,76.8,75.3,77.8,76.0,76.4,74.9,77.8,79.2,80.4,77.1,76.9,76.2,80.6,79.9,82.3,84.9,86.4,82.3,84.6,80.3,78.6,82.1,81.0,80.8,83.2,83.5,81.5,72.8,70.9,79.3,80.9,80.8
3689,83.7,74.3,77.7,86.5,84.0,83.2,83.6,82.8,79.6,80.1,81.2,81.5,81.0,79.4,82.0,80.3,81.9,77.3,80.7,81.4,81.8,80.0,81.8,81.2,83.6,83.9,81.7,80.8,81.4,79.7,82.5,77.8,79.7,80.6,80.1,79.8,84.7,73.6,85.1,80.2,85.3,79.6,84.2,81.9,83.3,77.7,83.0,77.5,83.9,80.6,82.1,75.8,86.7,78.0,73.2,76.3,74.9,77.2,75.7,75.8,74.0,77.5,78.7,79.5,76.5,76.0,74.6,80.0,79.3,81.5,83.9,85.5,80.8,84.0,79.4,77.8,81.2,80.3,80.2,82.6,82.9,81.1,72.2,69.8,78.9,80.4,80.2
3690,81.0,71.9,74.8,84.9,82.6,81.8,82.2,81.4,78.0,78.8,79.8,80.3,79.5,78.3,80.5,79.0,80.6,75.6,79.2,79.7,80.6,78.5,80.4,79.6,82.0,82.3,80.7,79.3,80.3,78.3,81.4,76.3,78.4,79.2,78.9,78.4,82.0,71.1,83.7,78.2,84.0,76.7,82.4,80.6,80.8,75.0,81.5,75.5,81.6,79.1,80.8,73.8,84.9,75.1,72.2,75.1,74.1,76.2,74.8,74.4,72.6,76.7,77.2,77.7,74.7,74.2,72.2,78.8,78.0,80.3,82.1,84.0,78.9,82.8,77.4,76.1,79.5,78.9,78.9,81.4,81.5,79.4,71.0,68.2,78.0,79.2,79.1
3691,76.0,68.0,69.4,81.9,79.9,79.5,79.7,78.6,75.4,76.4,77.2,78.5,76.6,76.3,77.7,76.6,78.1,71.9,76.4,76.5,78.1,76.0,77.9,76.9,79.1,79.4,78.8,76.8,77.9,76.0,79.2,73.5,76.0,76.7,77.1,76.3,76.9,67.3,81.1,74.4,81.5,71.6,79.4,77.9,76.5,70.7,78.6,72.1,76.7,76.2,78.4,71.1,81.7,70.7,70.5,72.8,71.9,74.2,73.4,71.8,70.2,74.7,74.3,74.5,71.8,71.2,68.5,76.8,75.2,77.8,79.0,81.0,75.6,80.6,73.6,73.1,76.3,76.2,76.5,78.6,78.3,76.6,68.5,66.0,76.1,77.0,76.9
3692,71.6,64.2,65.5,77.2,76.5,76.4,76.7,74.3,72.7,73.6,74.0,75.6,72.8,73.7,74.5,73.8,73.8,66.9,73.2,73.4,74.3,72.8,74.2,72.7,74.3,74.7,76.8,73.2,74.3,73.0,75.7,70.2,72.2,73.5,74.0,72.6,72.8,63.8,76.5,69.5,78.4,67.5,74.9,72.3,72.6,67.0,73.5,67.9,72.5,70.2,74.0,68.2,76.0,66.6,67.1,68.8,68.2,70.3,70.9,67.4,67.2,71.1,69.5,69.8,68.0,66.9,63.8,74.5,72.1,74.4,73.9,75.8,71.4,75.4,68.9,66.9,72.9,72.7,73.3,73.7,73.7,72.4,62.9,63.7,72.9,73.7,72.9
3693,69.0,62.2,63.4,73.5,73.7,74.3,74.6,71.7,71.1,72.1,72.1,73.2,71.2,71.9,72.3,71.9,71.1,64.0,71.1,71.8,71.8,70.8,71.9,70.5,71.1,72.0,75.2,71.0,71.8,71.1,73.1,68.8,69.2,71.0,71.6,69.6,70.4,61.5,73.0,66.0,75.7,65.4,71.2,68.9,70.1,64.5,70.0,65.4,69.7,64.5,69.7,66.2,71.0,64.6,64.2,65.7,64.9,67.6,67.7,64.9,64.3,66.6,65.7,66.5,65.1,63.5,60.8,72.9,70.3,72.5,70.1,71.6,68.2,71.6,66.1,63.3,71.1,70.7,71.5,70.0,70.9,69.0,58.4,62.3,70.1,71.4,69.8
3694,66.6,60.5,61.9,71.4,71.6,72.8,72.8,70.0,69.9,70.6,70.6,71.6,69.9,70.5,70.9,70.7,69.6,61.8,69.9,70.6,70.2,69.4,70.5,69.2,69.2,70.5,73.6,69.6,70.4,69.8,71.4,67.7,67.5,69.4,69.9,67.9,68.8,59.8,70.8,63.9,73.7,63.6,68.7,66.5,68.2,62.6,66.4,63.0,66.9,62.1,66.9,64.3,67.8,63.2,62.3,63.0,62.8,65.5,64.9,63.2,62.5,63.8,63.3,64.1,62.9,61.5,58.7,71.6,69.1,71.2,67.2,69.7,65.8,69.2,63.6,61.6,69.8,69.3,70.0,68.1,69.3,66.9,56.9,61.3,68.2,69.7,67.9
3695,64.8,59.0,60.3,69.5,70.3,71.4,71.4,68.7,68.6,69.6,69.4,70.3,68.9,69.1,69.6,69.6,68.3,59.9,68.8,69.6,69.1,68.4,69.3,68.0,67.7,69.3,72.3,68.6,69.0,68.8,70.2,66.9,66.0,67.6,68.6,66.9,67.0,58.5,69.5,62.0,71.9,62.4,66.9,65.2,66.3,60.9,63.5,60.8,64.2,60.5,64.8,62.5,65.5,61.8,61.0,60.6,61.2,64.0,62.8,61.5,61.0,62.1,61.5,61.8,61.2,59.5,57.0,70.2,68.1,69.8,64.9,67.7,63.4,67.6,61.0,59.5,68.8,68.1,68.8,66.4,67.9,65.4,56.2,60.3,66.7,68.4,66.2
3696,62.9,57.9,59.2,67.9,69.1,70.5,70.4,67.6,67.7,68.5,68.5,69.3,68.0,68.2,68.7,68.7,67.4,58.5,67.9,68.4,68.0,67.4,68.5,66.9,66.3,68.2,71.1,67.4,67.9,67.8,69.2,66.4,65.0,66.4,67.2,65.4,65.4,57.3,68.1,60.4,70.1,61.1,65.6,63.4,64.5,59.5,60.8,58.8,61.4,58.5,62.7,60.5,63.6,60.7,59.7,58.5,60.0,62.7,61.1,60.3,59.3,60.4,60.0,59.7,59.5,57.7,55.3,69.1,66.9,68.8,62.8,66.1,61.5,65.8,58.7,57.3,68.0,67.2,67.8,65.2,66.7,63.7,55.5,59.4,65.4,67.3,65.0
3697,61.5,56.7,58.0,66.4,67.8,69.4,69.2,66.8,67.0,67.5,67.7,68.4,67.0,67.3,67.9,67.8,66.3,57.2,67.0,67.4,67.0,66.4,67.9,66.2,65.3,67.1,70.1,66.4,67.0,66.9,68.1,65.5,64.0,65.3,66.2,64.6,64.0,56.2,66.8,58.7,68.1,60.2,64.2,62.2,62.8,58.2,58.5,57.0,58.7,56.1,60.8,58.5,61.6,59.8,58.6,56.9,58.8,61.6,59.7,59.1,58.2,59.1,58.0,57.1,57.9,56.4,53.6,68.2,66.1,68.1,60.7,64.4,59.9,64.2,56.7,55.7,67.2,66.2,66.9,64.2,65.8,62.3,55.0,58.6,64.5,66.2,64.1
3698,60.1,55.9,56.9,65.2,66.9,68.5,68.3,66.1,66.1,66.8,66.7,67.5,66.1,66.4,67.0,67.2,65.3,55.8,66.2,66.7,66.0,65.6,67.1,65.3,64.3,66.3,69.2,65.7,66.1,66.3,67.1,64.8,62.9,64.3,65.2,63.8,62.7,55.1,65.6,57.2,66.1,59.3,63.0,60.2,61.2,57.1,56.7,55.5,56.5,53.9,59.1,56.9,59.4,58.6,57.5,55.5,57.6,60.4,58.3,58.0,57.2,57.8,56.7,55.1,56.1,54.9,52.0,67.3,65.5,67.2,58.7,62.8,58.5,62.4,54.8,53.8,66.5,65.4,65.9,63.2,64.7,60.9,54.2,58.0,63.5,65.1,63.3
3699,58.6,54.7,56.1,64.0,66.1,67.7,67.6,65.1,65.4,65.9,65.9,66.8,65.5,65.7,66.4,66.6,64.6,54.9,65.5,66.1,65.3,65.1,66.5,64.4,63.4,65.5,68.4,65.0,65.2,65.6,66.3,64.4,62.2,63.4,64.4,62.8,61.6,53.9,64.4,55.6,65.0,58.4,62.0,59.2,59.9,56.3,55.2,54.1,54.8,52.1,57.7,55.5,57.2,57.7,56.5,54.3,56.7,59.5,57.1,56.7,56.2,56.5,55.5,53.5,54.9,53.5,50.3,66.5,64.8,66.4,56.8,61.5,56.6,60.9,53.1,52.4,65.9,64.8,65.4,62.3,63.9,60.1,53.7,57.4,62.6,64.2,62.5
3700,57.1,54.1,55.2,62.7,65.4,66.9,66.7,64.5,64.8,65.3,65.3,66.2,64.9,65.2,65.7,65.9,64.3,54.0,64.9,65.5,64.7,64.5,66.1,63.5,62.7,64.8,67.9,64.3,64.8,65.1,65.7,64.0,61.3,62.8,63.8,62.2,60.8,53.2,63.4,54.2,63.3,57.8,60.8,57.8,58.4,55.3,53.4,52.7,52.8,50.5,56.4,54.1,55.2,56.7,55.6,53.1,55.8,58.7,56.0,55.7,55.1,55.2,54.3,51.8,53.8,52.1,49.2,66.0,64.4,65.6,54.8,60.4,55.2,59.7,51.4,50.8,65.4,64.1,64.9,61.4,63.1,59.1,52.6,56.9,61.8,63.7,61.7
3701,56.7,53.6,54.9,61.5,64.6,66.3,66.1,63.8,64.4,64.8,64.9,65.6,64.5,64.6,65.0,65.3,63.8,54.1,64.4,65.1,64.1,64.0,65.5,62.8,61.8,64.2,67.4,63.7,64.2,64.8,65.2,63.5,60.6,62.0,63.3,61.5,60.0,52.5,62.3,52.6,62.3,57.5,59.9,56.5,57.8,54.5,52.2,52.2,51.8,49.1,55.2,53.3,53.3,56.6,54.6,53.6,54.9,58.0,55.1,55.9,55.6,54.5,54.6,51.0,53.1,51.9,47.8,65.5,63.9,65.2,53.1,59.5,54.2,58.6,51.1,49.5,65.1,63.7,64.3,60.6,62.3,58.1,51.6,57.1,61.2,63.2,61.2
3702,60.8,56.9,58.6,60.9,65.1,66.5,66.4,65.0,65.7,65.9,67.2,66.5,66.7,65.1,65.4,66.4,65.0,58.4,66.3,67.4,65.0,65.0,66.2,63.3,61.6,64.5,67.9,64.3,65.3,65.9,65.9,65.3,61.4,63.0,64.1,62.9,63.1,55.7,61.6,56.2,63.0,61.2,59.9,59.2,61.0,58.0,55.0,56.9,58.2,50.4,55.5,55.4,55.0,59.7,54.6,56.8,56.0,59.1,55.1,58.9,57.7,54.5,58.5,56.6,54.4,56.5,51.7,65.9,65.6,67.4,54.8,58.8,58.3,60.5,57.3,50.9,67.2,65.9,65.1,60.6,62.4,58.3,52.6,59.0,61.5,64.1,62.6
3703,65.8,61.2,63.4,64.1,67.8,68.5,68.9,68.0,68.4,68.3,70.2,68.9,69.9,67.6,68.1,69.1,67.9,61.8,69.6,70.5,68.1,67.8,69.0,66.0,64.5,67.7,70.0,67.1,67.8,68.6,68.4,67.9,64.1,65.8,66.2,66.0,67.5,60.1,64.4,62.8,66.2,65.9,63.0,63.6,65.1,63.1,59.6,62.6,65.7,56.9,62.3,58.9,61.7,63.5,56.8,60.8,59.1,62.6,57.6,62.3,60.1,57.7,62.0,62.4,56.7,60.9,56.5,68.2,68.9,70.4,61.4,62.4,63.0,66.2,62.8,57.4,70.4,68.9,67.9,63.6,65.4,61.2,56.9,61.3,63.9,66.9,65.8
3704,70.7,65.1,67.7,68.9,71.4,71.3,71.9,71.3,71.3,71.0,73.1,71.7,72.7,70.2,71.1,71.9,71.1,64.6,72.9,73.7,71.3,70.7,72.1,69.1,68.4,71.3,72.5,70.3,70.7,71.3,71.4,70.3,67.2,69.1,68.9,68.8,71.4,64.0,68.7,67.5,69.5,70.2,67.2,67.4,69.2,67.7,64.7,66.8,71.5,63.5,69.4,63.0,68.5,67.5,59.9,64.6,63.0,65.9,60.5,65.2,62.7,61.6,65.4,67.2,59.6,64.6,60.3,70.9,71.8,73.1,67.8,67.4,67.4,70.7,66.8,63.0,73.5,71.9,70.8,67.7,69.1,64.9,60.5,63.9,66.7,70.0,68.8
3705,75.0,68.5,71.2,73.3,74.8,74.2,75.1,74.3,73.8,73.5,75.7,74.4,75.3,72.5,74.2,74.4,74.1,67.5,75.6,76.3,74.2,73.5,74.8,72.1,72.2,74.8,74.8,73.2,73.6,73.8,74.3,72.7,70.1,72.2,71.5,71.6,75.0,67.5,72.8,71.2,73.1,73.8,71.1,70.6,73.2,71.5,70.2,70.0,75.8,69.2,74.0,67.1,74.3,71.0,64.0,67.8,66.5,69.1,63.7,67.9,65.4,65.3,68.4,71.0,63.0,67.8,63.8,73.2,74.0,75.6,73.9,72.0,71.5,74.1,70.1,67.8,76.2,74.4,73.4,71.5,72.4,68.7,63.3,66.0,69.5,73.0,71.8
3706,78.3,71.8,74.0,76.9,77.6,77.0,77.8,77.0,76.1,75.7,77.8,76.8,77.5,74.8,76.8,76.5,76.7,70.4,77.7,78.6,76.7,75.5,77.1,74.8,75.6,77.7,77.0,75.7,76.1,75.9,76.9,74.7,72.7,74.8,73.8,74.0,78.2,70.4,76.6,74.6,76.5,76.7,74.7,73.8,76.9,74.7,74.7,72.8,79.3,73.2,77.1,70.8,79.1,74.0,67.0,70.3,69.2,71.5,66.6,70.2,68.1,68.5,71.0,73.7,66.2,70.4,67.1,75.3,76.0,77.8,78.0,75.8,75.2,76.9,73.0,71.8,78.1,76.4,75.7,74.6,75.5,72.1,65.7,68.1,72.0,75.5,74.3
3707,81.3,74.5,76.5,80.3,80.1,79.3,80.2,79.2,78.0,77.5,79.6,78.7,79.1,76.6,79.2,78.3,78.7,73.0,79.2,80.5,78.8,77.4,79.2,77.2,78.4,80.2,78.7,77.8,78.1,77.7,79.1,76.3,74.9,77.0,75.9,76.1,80.9,73.3,79.7,77.8,79.5,79.1,77.8,77.0,79.8,77.4,78.1,75.3,82.1,76.3,79.4,73.8,82.6,76.5,69.4,72.5,71.4,73.8,69.3,72.2,70.4,71.0,73.6,76.2,69.4,72.9,70.3,77.2,77.6,79.3,81.0,78.9,78.2,79.6,75.6,74.7,79.9,78.0,77.6,77.4,78.1,75.1,68.3,69.7,74.3,77.6,76.6
3708,83.7,76.3,78.4,82.9,82.1,81.3,82.2,81.1,79.4,78.9,80.9,80.3,80.5,78.0,81.0,79.8,80.5,75.3,80.4,81.6,80.5,79.1,80.7,79.3,80.9,82.3,80.2,79.4,79.7,79.1,80.7,77.6,77.0,78.9,77.9,77.9,83.1,75.1,82.3,80.0,82.0,80.9,80.5,79.5,82.6,79.7,80.8,77.0,84.3,78.6,81.4,75.9,85.2,78.4,71.0,74.2,73.0,75.2,71.6,73.8,72.3,73.4,75.8,78.1,72.1,74.7,73.1,78.6,78.8,80.7,83.1,81.6,80.7,81.6,77.9,76.7,81.1,79.5,79.1,79.7,80.3,77.4,70.2,70.8,76.1,79.1,78.5
3709,85.6,77.2,79.8,85.0,83.7,82.8,83.7,82.5,80.4,80.0,82.0,81.5,81.5,79.1,82.5,80.9,81.8,77.0,81.4,82.7,81.7,80.1,81.7,80.7,82.7,83.8,81.2,80.7,81.0,80.1,82.1,78.7,78.7,80.2,79.4,79.5,85.0,76.2,84.3,81.6,83.9,82.4,82.7,81.3,84.8,80.3,82.5,78.2,85.9,79.9,82.5,77.3,86.9,79.9,72.4,75.6,74.1,76.5,73.4,75.2,73.7,75.1,77.5,79.7,74.6,75.9,75.1,79.7,79.8,81.8,84.7,83.7,82.7,83.3,79.6,78.2,82.0,80.4,80.2,81.7,82.0,79.2,71.6,71.5,77.5,80.5,80.1
3710,86.4,77.5,80.7,86.4,84.7,83.9,84.7,83.5,81.1,80.9,82.6,82.2,82.1,80.1,83.4,81.4,82.6,78.0,82.0,82.7,82.5,80.9,82.6,81.9,84.1,84.9,82.2,81.7,81.9,80.7,82.9,79.3,79.6,81.4,80.5,80.5,86.1,76.4,85.5,82.1,85.6,83.2,84.2,82.3,86.0,80.5,83.7,79.2,86.6,81.3,83.3,78.1,88.1,80.9,73.1,76.6,74.9,77.3,74.9,76.0,74.5,76.6,78.9,80.7,76.3,76.9,76.6,80.6,80.3,82.4,85.5,85.5,83.5,84.6,80.7,78.9,82.4,81.1,81.1,83.1,83.3,80.8,72.6,71.8,78.8,81.2,81.0
3711,86.7,77.5,80.8,87.4,85.4,84.4,85.2,83.9,81.4,81.3,82.7,82.5,82.3,80.3,83.6,81.7,82.9,78.7,82.4,82.6,83.1,81.0,83.0,82.5,85.0,85.5,82.7,82.1,82.6,81.0,83.6,79.4,80.3,81.8,81.1,81.0,86.7,76.3,86.4,82.3,86.1,82.6,85.2,83.0,86.1,80.1,84.2,79.3,86.5,81.6,83.7,78.2,88.4,80.9,73.7,77.2,75.6,77.9,76.0,76.6,75.3,77.5,79.5,81.0,77.3,77.4,77.0,81.2,80.4,82.6,85.5,86.8,83.5,85.0,81.1,79.4,82.6,81.4,81.6,83.8,84.0,81.7,73.4,71.7,79.4,81.6,81.5
3712,85.7,76.1,80.2,87.7,85.4,84.5,85.2,83.9,81.0,81.2,82.4,82.5,82.1,80.3,83.5,81.3,83.0,78.5,82.2,82.3,83.0,81.0,83.0,82.4,85.1,85.3,82.6,82.0,82.5,80.7,83.5,79.0,80.5,81.7,81.1,81.0,86.4,75.4,86.5,81.7,86.4,82.0,85.4,83.1,85.3,79.5,84.1,78.8,85.7,81.7,83.3,77.7,88.0,80.4,74.1,77.2,75.7,78.1,76.4,76.7,75.2,78.1,79.6,80.9,77.4,77.3,76.6,81.0,80.1,82.6,85.2,87.1,82.8,85.0,80.6,79.0,82.4,81.2,81.4,83.8,84.0,81.9,73.4,70.9,79.7,81.2,81.1
3713,84.1,74.5,78.1,87.1,84.6,83.9,84.3,83.3,80.0,80.6,81.6,81.9,81.3,79.8,82.7,80.7,82.3,77.6,81.1,81.4,82.3,80.5,82.3,81.6,84.2,84.6,82.1,81.2,81.8,80.0,82.9,78.0,80.1,81.0,80.4,80.1,85.1,73.8,85.6,80.7,85.7,80.2,84.9,82.3,83.7,78.2,83.3,77.8,84.4,80.9,82.5,76.4,87.0,78.4,73.5,76.7,75.4,77.6,76.2,76.1,74.4,77.9,79.0,80.0,76.8,76.3,75.1,80.5,79.4,81.9,84.1,86.1,81.1,84.3,79.7,78.2,81.5,80.5,80.7,83.3,83.5,81.5,72.7,69.9,79.2,80.8,80.4
3714,81.3,72.2,75.2,85.6,83.2,82.4,82.8,81.8,78.4,79.2,80.2,80.8,79.9,78.8,81.1,79.4,81.0,76.0,79.6,79.8,81.0,79.0,80.9,80.0,82.6,82.9,81.1,79.8,80.7,78.7,81.8,76.6,78.7,79.5,79.2,78.8,82.3,71.4,84.2,78.7,84.4,77.3,83.1,81.1,81.0,75.4,81.8,75.9,82.0,79.5,81.2,74.4,85.2,75.4,72.5,75.5,74.4,76.6,75.3,74.8,73.0,77.1,77.5,78.3,75.1,74.6,72.6,79.3,78.2,80.7,82.4,84.7,79.3,83.2,77.8,76.6,79.9,79.1,79.4,81.9,82.0,79.8,71.4,68.4,78.3,79.6,79.3
3715,76.4,68.3,69.8,82.5,80.4,80.1,80.3,79.0,75.8,76.8,77.6,78.9,76.9,76.7,78.3,76.9,78.5,72.3,76.8,76.7,78.5,76.4,78.3,77.3,79.7,80.0,79.2,77.3,78.3,76.3,79.5,73.7,76.4,77.0,77.3,76.7,77.3,67.6,81.6,74.9,81.9,72.2,79.9,78.4,76.6,71.2,79.0,72.5,77.1,76.8,78.7,71.7,82.0,70.9,70.9,73.1,72.3,74.5,73.9,72.2,70.7,75.2,74.7,75.2,72.1,71.5,68.9,77.2,75.5,78.2,79.3,81.7,76.0,81.0,74.0,73.5,76.7,76.5,76.9,79.0,78.8,77.0,68.9,66.1,76.4,77.3,77.1
3716,72.0,64.5,65.9,77.7,76.9,76.9,77.2,74.7,73.0,74.0,74.3,76.0,73.0,74.1,75.0,74.0,74.1,67.2,73.5,73.5,74.6,73.2,74.6,73.0,74.8,75.3,77.2,73.6,74.5,73.3,76.0,70.3,72.5,73.7,74.2,73.0,73.2,64.0,77.1,69.9,78.8,68.1,75.4,72.7,72.8,67.3,73.9,68.3,72.9,70.7,74.3,68.7,76.4,66.8,67.6,69.1,68.6,70.7,71.4,67.8,67.5,71.5,69.8,70.2,68.3,67.2,64.1,74.8,72.2,74.7,74.2,76.5,71.8,75.7,69.2,67.4,73.3,72.9,73.7,74.1,74.2,72.7,63.3,64.0,73.2,73.9,73.1
3717,69.4,62.5,63.8,74.1,74.1,74.8,75.1,72.1,71.4,72.3,72.4,73.5,71.4,72.3,72.8,72.2,71.4,64.1,71.3,71.8,72.1,71.1,72.3,70.9,71.5,72.6,75.6,71.3,72.1,71.3,73.5,68.9,69.5,71.3,71.8,70.0,70.9,61.8,73.6,66.4,76.1,65.9,71.7,69.4,70.3,64.8,70.3,65.9,70.0,65.0,70.1,66.7,71.4,64.8,64.6,66.0,65.3,68.0,68.2,65.2,64.7,67.0,65.8,67.0,65.4,63.7,61.0,73.2,70.4,72.8,70.5,72.2,68.5,71.9,66.4,63.8,71.4,70.9,71.9,70.4,71.3,69.3,58.6,62.6,70.4,71.6,70.0
3718,66.9,60.8,62.4,71.8,72.0,73.3,73.3,70.4,70.1,70.9,70.8,72.0,70.1,70.9,71.4,71.0,69.9,61.9,70.2,70.6,70.6,69.7,70.8,69.5,69.6,71.0,74.0,69.9,70.6,70.1,71.8,67.8,67.7,69.6,70.1,68.4,69.1,60.2,71.4,64.3,74.0,64.0,69.2,66.9,68.3,62.9,66.7,63.4,67.3,62.5,67.2,64.8,68.1,63.4,62.7,63.2,63.2,65.9,65.3,63.4,62.9,64.2,63.4,64.5,63.2,61.7,59.0,71.9,69.2,71.5,67.6,70.3,66.1,69.5,63.9,62.1,69.9,69.5,70.4,68.4,69.6,67.2,57.2,61.5,68.5,70.0,68.1
3719,65.2,59.2,60.7,69.9,70.6,71.9,71.8,69.0,68.8,69.8,69.6,70.6,69.1,69.4,70.0,69.9,68.5,60.1,69.0,69.7,69.4,68.6,69.6,68.2,68.1,69.7,72.5,68.9,69.2,69.0,70.5,67.0,66.3,67.9,68.9,67.3,67.4,58.8,70.1,62.5,72.2,62.7,67.4,65.5,66.4,61.3,63.8,61.2,64.7,60.8,65.1,62.9,65.8,62.1,61.4,60.8,61.6,64.3,63.1,61.8,61.3,62.4,61.7,62.1,61.5,59.8,57.3,70.6,68.2,70.0,65.3,68.2,63.6,67.9,61.3,59.9,68.9,68.4,69.1,66.6,68.2,65.7,56.5,60.6,67.0,68.6,66.4
3720,63.1,58.0,59.6,68.3,69.3,70.8,70.8,67.8,68.0,68.7,68.7,69.5,68.2,68.5,69.1,68.9,67.6,58.7,68.1,68.5,68.3,67.6,68.9,67.1,66.8,68.6,71.4,67.7,68.2,68.0,69.5,66.4,65.3,66.6,67.5,65.9,65.9,57.6,68.6,60.9,70.4,61.3,66.0,63.8,64.7,59.9,61.1,59.1,61.9,58.8,63.0,60.9,63.9,60.9,60.1,58.7,60.4,63.0,61.4,60.5,59.6,60.7,60.3,60.0,59.8,58.0,55.7,69.4,67.0,69.0,63.2,66.6,61.9,66.1,59.0,57.9,68.1,67.4,68.1,65.4,67.0,63.9,55.8,59.6,65.6,67.5,65.3
3721,61.7,57.0,58.4,66.9,68.1,69.7,69.5,66.9,67.2,67.8,67.8,68.7,67.2,67.5,68.2,68.0,66.6,57.3,67.1,67.5,67.2,66.7,68.2,66.4,65.7,67.4,70.4,66.6,67.2,67.1,68.4,65.6,64.2,65.6,66.5,65.0,64.5,56.5,67.3,59.3,68.6,60.4,64.6,62.4,63.1,58.6,58.9,57.4,59.3,56.4,61.1,58.9,61.9,60.0,58.9,57.1,59.1,61.8,60.0,59.4,58.5,59.3,58.2,57.4,58.1,56.7,53.8,68.5,66.1,68.4,61.0,64.9,60.3,64.5,57.0,56.2,67.3,66.4,67.2,64.4,66.1,62.6,55.3,58.8,64.8,66.5,64.4
3722,60.4,56.1,57.2,65.7,67.2,68.8,68.5,66.3,66.3,66.9,66.8,67.7,66.3,66.6,67.3,67.4,65.6,56.0,66.3,66.8,66.3,65.9,67.3,65.5,64.7,66.6,69.5,65.9,66.4,66.5,67.4,65.0,63.2,64.5,65.5,64.2,63.1,55.5,66.1,57.7,66.5,59.5,63.4,60.5,61.5,57.5,57.1,55.8,57.0,54.2,59.4,57.2,59.8,58.9,57.8,55.6,58.0,60.6,58.5,58.3,57.6,58.1,56.9,55.4,56.3,55.0,52.2,67.5,65.5,67.4,59.0,63.3,58.9,62.7,55.0,54.2,66.5,65.5,66.2,63.5,64.9,61.2,54.4,58.2,63.7,65.3,63.5
3723,59.0,54.9,56.5,64.4,66.3,68.0,67.9,65.3,65.5,66.1,66.0,67.0,65.7,65.9,66.6,66.8,64.9,55.0,65.7,66.2,65.5,65.3,66.7,64.6,63.8,65.7,68.7,65.2,65.4,65.8,66.6,64.4,62.5,63.6,64.7,63.2,61.9,54.2,64.9,55.9,65.3,58.7,62.4,59.4,60.2,56.6,55.5,54.4,55.3,52.4,58.0,55.9,57.5,58.0,56.7,54.5,57.1,59.7,57.3,56.9,56.5,56.7,55.6,53.7,55.1,53.7,50.5,66.7,65.0,66.6,57.1,62.0,57.0,61.2,53.3,52.9,66.0,64.8,65.6,62.5,64.2,60.3,54.0,57.6,62.7,64.5,62.7
3724,57.4,54.2,55.5,63.1,65.6,67.2,67.0,64.7,64.9,65.4,65.4,66.3,65.0,65.4,66.0,66.0,64.4,53.9,65.0,65.6,64.8,64.8,66.3,63.7,63.0,65.1,68.0,64.5,64.9,65.3,65.9,64.0,61.5,63.0,64.0,62.5,61.2,53.5,63.9,54.6,63.7,58.2,61.1,58.0,58.8,55.7,53.7,53.0,53.3,50.7,56.7,54.5,55.7,56.9,55.9,53.3,56.1,58.9,56.3,55.9,55.4,55.5,54.4,52.1,54.0,52.2,49.4,66.2,64.6,65.8,55.1,60.8,55.5,60.0,51.5,51.2,65.5,64.1,65.1,61.7,63.4,59.3,53.0,57.2,61.9,63.9,61.9
3725,57.1,53.7,55.1,62.0,64.8,66.6,66.4,64.0,64.5,64.9,65.0,65.7,64.6,64.8,65.2,65.5,63.9,54.1,64.5,65.3,64.2,64.3,65.6,63.0,62.2,64.5,67.5,63.9,64.4,65.0,65.3,63.6,60.8,62.2,63.6,61.9,60.2,52.8,62.8,53.1,62.8,57.9,60.3,56.7,58.1,54.8,52.4,52.6,52.3,49.4,55.5,53.7,53.7,56.8,54.8,53.7,55.2,58.2,55.3,56.2,55.9,54.7,54.7,51.3,53.3,52.1,48.0,65.7,64.1,65.3,53.5,59.9,54.6,58.9,51.3,49.8,65.2,63.8,64.5,60.8,62.6,58.3,52.0,57.4,61.3,63.4,61.4
3726,61.1,57.1,58.8,61.4,65.3,66.7,66.7,65.2,65.8,66.0,67.4,66.7,66.9,65.3,65.6,66.6,65.1,58.5,66.5,67.6,65.2,65.2,66.4,63.5,62.0,64.8,68.1,64.4,65.4,66.1,66.0,65.5,61.6,63.2,64.3,63.2,63.3,56.0,62.1,56.6,63.5,61.5,60.3,59.5,61.3,58.3,55.3,57.3,58.5,50.7,55.8,55.7,55.2,59.9,54.8,57.0,56.3,59.3,55.4,59.1,58.0,54.8,58.7,56.9,54.6,56.6,52.0,66.1,65.8,67.6,55.1,59.2,58.7,60.8,57.5,51.3,67.4,66.0,65.3,60.9,62.6,58.4,53.0,59.4,61.7,64.2,62.9
3727,66.0,61.3,63.5,64.5,68.0,68.7,69.1,68.1,68.6,68.4,70.4,69.1,70.1,67.7,68.3,69.3,68.0,61.9,69.9,70.7,68.2,68.0,69.2,66.3,64.8,67.9,70.1,67.2,68.0,68.8,68.5,68.1,64.3,66.0,66.5,66.3,67.7,60.3,64.8,63.2,66.6,66.1,63.3,63.9,65.3,63.3,59.8,63.0,65.9,57.1,62.6,59.3,62.0,63.7,57.0,61.1,59.5,63.0,57.9,62.6,60.4,58.0,62.2,62.8,56.9,61.1,56.8,68.4,69.1,70.6,61.7,62.7,63.3,66.5,63.1,57.8,70.6,69.1,68.1,63.9,65.6,61.4,57.3,61.7,64.1,67.0,66.0
3728,70.7,65.2,67.7,69.2,71.5,71.5,72.1,71.5,71.5,71.0,73.3,72.0,73.0,70.4,71.3,72.1,71.2,64.8,73.2,73.9,71.4,70.9,72.3,69.3,68.6,71.5,72.6,70.4,70.8,71.5,71.5,70.5,67.4,69.3,69.2,69.1,71.6,64.2,68.9,67.9,69.9,70.4,67.5,67.7,69.4,67.9,64.9,67.2,71.7,63.8,69.7,63.4,68.7,67.7,60.2,64.9,63.4,66.3,60.9,65.5,63.1,61.9,65.6,67.7,59.8,64.7,60.5,71.0,72.0,73.5,68.2,67.6,67.6,71.1,67.0,63.4,73.7,72.1,70.9,67.9,69.2,65.2,60.8,64.2,66.8,70.2,69.0
3729,75.0,68.5,71.2,73.5,74.9,74.4,75.4,74.4,74.1,73.5,76.0,74.7,75.6,72.7,74.4,74.6,74.2,67.7,75.9,76.6,74.3,73.7,75.0,72.3,72.4,74.9,74.9,73.5,73.7,74.0,74.4,73.0,70.2,72.4,71.7,71.8,75.2,67.7,73.0,71.6,73.5,74.0,71.4,71.0,73.3,71.6,70.4,70.3,76.0,69.6,74.3,67.6,74.6,71.3,64.3,68.0,66.8,69.5,64.2,68.1,65.8,65.6,68.6,71.4,63.2,67.9,64.2,73.3,74.2,76.0,74.3,72.1,71.7,74.5,70.4,68.2,76.5,74.6,73.5,71.7,72.6,69.0,63.8,66.4,69.6,73.1,71.9
3730,78.2,71.8,74.0,77.1,77.8,77.2,78.0,77.1,76.4,75.7,78.2,77.1,77.8,74.9,77.0,76.7,76.8,70.6,78.0,78.8,76.8,75.8,77.3,75.0,75.9,77.8,77.1,76.0,76.2,76.1,77.0,74.9,72.8,74.9,74.0,74.3,78.6,70.6,76.8,75.0,76.8,77.0,74.9,74.1,77.0,74.8,74.9,73.2,79.5,73.5,77.3,71.2,79.5,74.3,67.4,70.6,69.7,72.0,67.1,70.4,68.5,68.8,71.2,74.2,66.5,70.5,67.5,75.4,76.2,78.2,78.3,76.0,75.4,77.3,73.3,72.2,78.4,76.6,75.8,74.8,75.7,72.4,66.2,68.5,72.1,75.6,74.4
3731,81.2,74.5,76.4,80.5,80.3,79.6,80.5,79.3,78.2,77.5,80.0,79.0,79.4,76.7,79.5,78.5,78.8,73.1,79.5,80.6,78.9,77.7,79.4,77.3,78.7,80.4,78.8,78.0,78.2,77.9,79.2,76.6,75.0,77.1,76.0,76.3,81.2,73.5,79.9,78.3,79.8,79.3,78.0,77.3,79.9,77.6,78.4,75.7,82.3,76.7,79.7,74.2,83.0,76.7,69.8,72.7,71.8,74.2,69.8,72.4,70.7,71.3,73.8,76.7,69.6,73.0,70.7,77.3,77.8,79.7,81.3,79.2,78.4,80.0,76.0,75.0,80.1,78.3,77.8,77.7,78.3,75.3,68.8,70.1,74.3,77.7,76.7
3732,83.6,76.5,78.4,83.1,82.3,81.6,82.5,81.2,79.6,79.1,81.2,80.6,80.7,78.2,81.3,79.9,80.7,75.5,80.7,81.8,80.6,79.2,80.9,79.4,81.1,82.5,80.3,79.6,79.8,79.3,80.8,77.8,77.0,78.9,78.0,78.1,83.6,75.4,82.5,80.4,82.3,81.2,80.7,79.9,82.7,79.9,81.1,77.4,84.6,79.0,81.7,76.4,85.6,78.6,71.5,74.4,73.5,75.8,72.2,74.0,72.7,73.7,76.0,78.7,72.5,74.8,73.5,78.8,79.0,81.1,83.4,81.8,80.9,82.0,78.3,77.1,81.3,79.7,79.4,79.9,80.5,77.5,70.8,71.2,76.1,79.2,78.6
3733,85.5,77.4,79.9,85.3,83.8,83.1,84.0,82.6,80.7,80.1,82.2,81.7,81.7,79.3,82.7,81.1,81.9,77.1,81.7,82.8,81.9,80.3,82.0,80.8,83.0,84.1,81.4,80.9,81.1,80.3,82.2,78.8,78.7,80.3,79.5,79.6,85.4,76.4,84.5,82.0,84.3,82.6,82.9,81.7,84.8,80.4,82.8,78.6,86.2,80.4,82.9,77.8,87.3,80.1,72.9,75.8,74.7,77.1,74.0,75.3,74.1,75.5,77.7,80.3,74.8,76.0,75.6,80.0,79.9,82.1,85.0,84.0,82.9,83.7,80.0,78.6,82.2,80.7,80.4,81.9,82.1,79.4,72.2,71.9,77.6,80.6,80.2
3734,86.3,77.7,80.7,86.6,84.9,84.2,85.0,83.6,81.4,81.1,82.8,82.5,82.4,80.3,83.6,81.6,82.8,78.2,82.3,82.9,82.6,81.1,82.8,82.0,84.4,85.1,82.4,81.9,81.9,80.9,83.0,79.4,79.7,81.4,80.6,80.6,86.6,76.6,85.7,82.5,86.0,83.4,84.4,82.7,86.1,80.6,84.0,79.6,86.9,81.8,83.6,78.6,88.5,81.0,73.7,76.7,75.5,78.0,75.5,76.1,74.9,77.0,79.1,81.3,76.5,77.0,77.0,80.8,80.4,82.8,85.8,85.7,83.6,84.9,81.1,79.3,82.5,81.3,81.4,83.4,83.4,81.0,73.3,72.2,78.9,81.3,81.0
3735,86.7,77.7,80.7,87.6,85.6,84.7,85.5,84.0,81.6,81.3,82.9,82.7,82.5,80.6,83.9,81.9,83.1,78.7,82.6,82.8,83.3,81.3,83.2,82.6,85.2,85.8,82.8,82.3,82.6,81.1,83.7,79.6,80.5,81.9,81.2,81.1,87.1,76.6,86.6,82.7,86.5,82.9,85.3,83.4,86.2,80.2,84.4,79.8,87.0,82.2,84.0,78.7,88.7,81.0,74.4,77.3,76.2,78.6,76.6,76.7,75.7,78.0,79.8,81.6,77.5,77.6,77.3,81.4,80.5,82.9,86.0,87.0,83.7,85.3,81.5,79.8,82.7,81.4,81.9,84.1,84.2,81.9,74.0,72.0,79.5,81.7,81.6
3736,85.8,76.4,80.2,87.9,85.6,84.8,85.5,84.0,81.2,81.3,82.5,82.7,82.2,80.5,83.7,81.6,83.2,78.6,82.3,82.4,83.1,81.3,83.1,82.6,85.3,85.5,82.8,82.2,82.6,80.9,83.5,79.0,80.6,81.8,81.2,81.1,86.9,75.6,86.8,82.1,86.8,82.1,85.6,83.5,85.4,79.7,84.4,79.3,86.1,82.4,83.7,78.2,88.4,80.5,74.7,77.3,76.3,78.8,77.0,76.8,75.5,78.6,79.8,81.5,77.6,77.4,76.8,81.2,80.1,82.8,85.6,87.4,83.0,85.2,81.1,79.5,82.4,81.3,81.5,84.1,84.2,82.1,74.0,71.3,79.8,81.4,81.2
3737,84.1,74.8,78.2,87.4,84.8,84.2,84.6,83.4,80.2,80.7,81.6,82.1,81.3,80.0,83.0,80.9,82.5,77.7,81.2,81.5,82.4,80.7,82.5,81.8,84.4,84.8,82.3,81.5,82.0,80.3,83.0,78.2,80.2,81.0,80.4,80.3,85.5,74.1,85.9,81.2,86.1,80.3,85.1,82.6,83.8,78.3,83.7,78.2,84.7,81.6,82.9,76.9,87.4,78.5,74.1,76.7,76.0,78.2,76.8,76.3,74.6,78.4,79.2,80.6,76.9,76.4,75.3,80.6,79.4,82.1,84.5,86.4,81.3,84.6,80.1,78.7,81.7,80.6,80.9,83.6,83.6,81.7,73.3,70.3,79.4,81.0,80.5
3738,81.4,72.4,75.2,85.9,83.4,82.7,83.1,82.0,78.7,79.3,80.2,81.1,79.9,79.0,81.4,79.6,81.3,76.0,79.8,79.9,81.2,79.3,81.2,80.3,82.8,83.1,81.3,80.1,80.8,78.9,81.9,76.7,78.8,79.6,79.3,79.0,82.8,71.7,84.4,79.2,84.8,77.4,83.4,81.4,81.1,75.5,82.3,76.4,82.4,80.2,81.6,74.9,85.6,75.6,73.1,75.5,75.0,77.2,75.9,74.9,73.2,77.6,77.6,78.8,75.2,74.7,72.9,79.5,78.2,80.9,82.8,84.9,79.5,83.5,78.2,77.1,80.0,79.2,79.6,82.2,82.3,79.9,71.9,68.8,78.5,79.8,79.3
3739,76.6,68.6,69.9,82.9,80.6,80.4,80.5,79.2,76.0,77.0,77.7,79.1,77.0,76.9,78.6,77.1,78.7,72.4,76.9,76.7,78.7,76.6,78.5,77.5,79.9,80.2,79.4,77.5,78.4,76.5,79.6,73.8,76.5,77.1,77.4,76.9,77.8,68.0,81.9,75.5,82.3,72.4,80.2,78.7,76.8,71.4,79.4,73.0,77.5,77.4,79.1,72.1,82.4,71.1,71.5,73.2,72.9,75.2,74.4,72.3,70.9,75.6,74.8,75.6,72.2,71.7,69.1,77.5,75.5,78.4,79.8,81.9,76.2,81.3,74.4,74.1,76.8,76.6,77.2,79.3,79.1,77.1,69.5,66.6,76.5,77.4,77.3
3740,72.1,64.8,66.1,78.1,77.1,77.1,77.5,74.9,73.2,74.1,74.4,76.1,73.0,74.3,75.2,74.1,74.3,67.4,73.7,73.5,74.9,73.4,74.7,73.3,75.1,75.6,77.4,73.9,74.7,73.4,76.1,70.3,72.6,73.8,74.2,73.2,73.5,64.4,77.5,70.5,79.2,68.3,75.8,73.1,72.8,67.6,74.2,68.8,73.3,71.3,74.7,69.1,76.8,67.0,68.2,69.3,69.2,71.3,71.9,68.0,67.7,71.9,70.1,70.7,68.5,67.3,64.4,75.1,72.3,74.9,74.6,76.7,72.0,76.0,69.6,67.9,73.4,72.9,73.9,74.4,74.5,72.9,63.9,64.4,73.3,74.1,73.2
3741,69.7,62.8,64.0,74.4,74.4,75.0,75.4,72.3,71.5,72.4,72.4,73.7,71.4,72.5,73.0,72.4,71.6,64.2,71.5,71.8,72.3,71.3,72.5,71.1,71.9,72.9,75.7,71.5,72.2,71.4,73.6,68.9,69.6,71.4,71.9,70.2,71.1,62.2,73.9,66.9,76.4,66.0,72.0,69.6,70.4,65.1,70.6,66.3,70.4,65.6,70.5,67.0,71.7,65.0,65.2,66.1,65.8,68.6,68.7,65.4,65.0,67.5,66.2,67.5,65.6,63.9,61.3,73.4,70.5,72.9,70.9,72.3,68.8,72.1,66.8,64.2,71.5,71.0,72.0,70.7,71.5,69.5,59.2,63.1,70.4,71.7,70.1
3742,67.2,61.0,62.5,72.1,72.3,73.4,73.6,70.6,70.2,71.0,70.9,72.1,70.1,71.0,71.6,71.1,70.1,62.1,70.2,70.6,70.8,69.9,71.0,69.7,69.9,71.4,74.1,70.1,70.7,70.2,71.9,67.8,67.8,69.8,70.2,68.6,69.4,60.6,71.7,64.7,74.3,64.2,69.6,67.1,68.5,63.2,67.0,63.9,67.7,63.0,67.4,65.1,68.3,63.6,63.3,63.4,63.8,66.5,65.7,63.6,63.2,64.6,63.7,64.9,63.4,61.9,59.3,72.1,69.3,71.6,67.9,70.6,66.3,69.6,64.3,62.5,70.1,69.6,70.4,68.7,69.8,67.4,57.7,61.9,68.6,70.0,68.1
3743,65.4,59.5,60.9,70.2,70.9,72.1,72.2,69.2,68.9,69.9,69.7,70.8,69.2,69.5,70.2,70.0,68.7,60.3,69.1,69.6,69.6,68.8,69.8,68.3,68.4,70.1,72.7,69.1,69.4,69.1,70.7,67.1,66.4,68.0,68.9,67.6,67.7,59.1,70.3,62.8,72.5,63.1,67.7,65.7,66.6,61.5,64.0,61.6,65.1,61.4,65.4,63.3,66.1,62.3,62.0,61.1,62.2,64.9,63.6,61.9,61.6,62.9,62.0,62.5,61.6,60.1,57.6,70.7,68.2,70.2,65.6,68.6,63.9,68.1,61.7,60.4,69.1,68.4,69.1,66.9,68.4,65.9,57.0,61.0,67.1,68.7,66.5
3744,63.4,58.3,59.8,68.7,69.6,71.0,71.0,68.0,68.1,68.8,68.8,69.7,68.2,68.6,69.2,68.9,67.7,58.9,68.2,68.5,68.4,67.8,69.0,67.2,67.1,68.9,71.5,67.8,68.3,68.1,69.6,66.4,65.3,66.7,67.6,66.1,66.3,57.9,68.8,61.3,70.6,61.7,66.3,63.9,64.8,60.1,61.3,59.6,62.2,59.4,63.3,61.3,64.2,61.2,60.7,58.9,60.9,63.7,61.8,60.6,59.9,61.1,60.6,60.5,59.9,58.3,55.9,69.6,67.1,69.2,63.5,66.9,62.2,66.3,59.4,58.4,68.2,67.4,68.2,65.7,67.1,64.1,56.3,60.0,65.8,67.7,65.3
3745,61.9,57.3,58.6,67.3,68.3,69.8,69.7,67.1,67.3,67.9,67.9,68.8,67.3,67.7,68.4,68.1,66.7,57.5,67.2,67.5,67.3,66.9,68.3,66.4,66.0,67.7,70.5,66.8,67.4,67.2,68.5,65.7,64.3,65.6,66.6,65.3,64.8,56.8,67.5,59.7,68.8,60.8,64.9,62.6,63.2,58.8,59.1,57.9,59.7,57.1,61.4,59.3,62.2,60.2,59.5,57.3,59.6,62.5,60.4,59.5,58.7,59.7,58.4,57.9,58.4,57.0,54.1,68.6,66.2,68.5,61.3,65.2,60.6,64.8,57.3,57.0,67.4,66.4,67.3,64.7,66.3,62.8,55.8,59.2,64.9,66.5,64.4
3746,60.6,56.3,57.5,66.1,67.4,68.9,68.7,66.4,66.4,67.1,66.9,67.9,66.3,66.7,67.5,67.4,65.7,56.1,66.4,66.8,66.4,66.1,67.4,65.6,64.9,66.9,69.6,66.0,66.5,66.7,67.5,65.0,63.2,64.5,65.6,64.3,63.4,55.8,66.3,58.1,66.8,59.8,63.7,60.8,61.6,57.8,57.2,56.2,57.4,54.8,59.6,57.6,60.2,59.1,58.4,55.8,58.6,61.2,58.9,58.4,57.7,58.4,57.1,56.0,56.5,55.4,52.5,67.7,65.6,67.5,59.2,63.6,59.2,63.0,55.3,54.9,66.6,65.5,66.3,63.6,65.1,61.4,54.9,58.5,63.8,65.4,63.5
3747,59.1,55.1,56.8,64.9,66.5,68.1,68.0,65.4,65.6,66.2,66.1,67.2,65.7,66.0,66.8,66.8,65.0,55.0,65.8,66.1,65.5,65.4,66.8,64.6,64.0,65.9,68.8,65.3,65.6,65.9,66.6,64.5,62.5,63.6,64.7,63.4,62.1,54.5,65.2,56.3,65.6,59.0,62.6,59.7,60.4,56.9,55.5,54.9,55.7,52.9,58.2,56.2,57.9,58.2,57.3,54.7,57.7,60.3,57.7,57.0,56.6,57.0,56.0,54.2,55.4,54.0,50.8,66.8,65.0,66.6,57.4,62.3,57.4,61.5,53.7,53.5,66.0,64.7,65.7,62.6,64.4,60.5,54.4,57.9,62.8,64.6,62.7
3748,57.6,54.4,55.8,63.5,65.8,67.3,67.2,64.8,65.1,65.5,65.4,66.5,65.1,65.5,66.1,66.0,64.5,54.0,65.1,65.6,64.9,64.8,66.3,63.9,63.2,65.2,68.1,64.6,65.0,65.4,66.0,64.1,61.5,63.0,64.1,62.6,61.4,53.8,64.1,54.9,64.0,58.4,61.4,58.3,59.0,55.9,53.8,53.5,53.7,51.4,57.0,54.8,55.9,57.2,56.4,53.5,56.6,59.5,56.6,55.9,55.6,55.8,54.7,52.5,54.2,52.5,49.6,66.3,64.6,65.9,55.4,61.1,55.9,60.3,51.8,51.8,65.5,64.1,65.1,61.9,63.6,59.5,53.3,57.4,62.0,64.0,62.0
3749,57.2,54.0,55.4,62.3,65.0,66.7,66.6,64.2,64.6,65.0,65.0,65.9,64.7,64.8,65.4,65.6,64.0,54.2,64.6,65.3,64.3,64.4,65.7,63.1,62.4,64.7,67.6,64.0,64.5,65.1,65.4,63.6,60.9,62.2,63.6,62.0,60.5,53.1,63.1,53.4,63.1,58.2,60.6,57.1,58.4,55.2,52.6,53.1,52.7,50.0,55.8,54.0,54.0,57.1,55.3,53.9,55.7,58.8,55.6,56.3,56.1,55.1,55.0,51.6,53.5,52.4,48.3,65.8,64.1,65.4,53.8,60.1,54.9,59.1,51.6,50.4,65.2,63.7,64.5,61.0,62.8,58.5,52.3,57.7,61.4,63.5,61.4
3750,61.2,57.4,59.0,61.7,65.5,66.8,66.8,65.3,65.9,66.0,67.5,66.8,67.0,65.3,65.7,66.7,65.2,58.6,66.6,67.6,65.3,65.3,66.5,63.6,62.3,65.0,68.1,64.6,65.5,66.2,66.1,65.5,61.7,63.3,64.3,63.3,63.6,56.4,62.4,56.9,63.8,61.7,60.5,59.8,61.5,58.6,55.5,57.7,58.9,51.2,56.1,56.1,55.5,60.1,55.4,57.2,56.8,59.9,55.7,59.2,58.2,55.1,59.0,57.2,54.8,56.8,52.3,66.2,65.9,67.8,55.5,59.5,58.9,61.0,57.8,51.9,67.4,66.0,65.3,61.2,62.9,58.6,53.3,59.6,61.8,64.3,62.9
3751,66.0,61.6,63.6,64.9,68.1,68.8,69.2,68.2,68.7,68.4,70.4,69.2,70.1,67.8,68.3,69.3,68.0,62.1,70.0,70.7,68.3,68.0,69.2,66.3,65.0,68.1,70.1,67.3,68.0,68.9,68.6,68.1,64.4,66.0,66.5,66.4,67.8,60.7,65.0,63.5,66.9,66.3,63.5,64.2,65.5,63.6,60.0,63.4,66.3,57.7,62.9,59.6,62.3,63.9,57.6,61.2,60.0,63.6,58.2,62.7,60.6,58.3,62.5,63.1,57.1,61.2,57.0,68.4,69.2,70.7,62.1,63.0,63.4,66.8,63.4,58.5,70.7,69.1,68.1,64.1,65.7,61.5,57.7,61.9,64.2,67.1,66.0
3752,70.8,65.6,67.7,69.5,71.6,71.5,72.1,71.5,71.5,71.0,73.4,72.0,73.0,70.3,71.3,72.0,71.2,64.9,73.2,73.8,71.4,70.8,72.3,69.5,68.8,71.6,72.6,70.5,70.7,71.6,71.5,70.6,67.5,69.3,69.2,69.2,71.7,64.5,69.0,68.2,70.1,70.5,67.6,68.0,69.5,68.1,65.2,67.7,72.1,64.3,70.0,63.7,69.1,67.8,60.9,65.0,63.9,66.9,61.1,65.6,63.2,62.1,65.9,67.9,60.0,64.8,60.7,71.0,72.1,73.4,68.6,67.8,67.7,71.5,67.3,64.0,73.8,72.0,70.9,68.0,69.4,65.3,61.2,64.4,67.0,70.2,69.0
3753,75.1,69.0,71.3,73.7,74.9,74.4,75.4,74.5,74.1,73.4,76.0,74.7,75.5,72.6,74.4,74.5,74.1,67.8,75.9,76.5,74.3,73.6,75.0,72.5,72.6,75.0,74.8,73.5,73.6,74.0,74.4,73.0,70.3,72.4,71.7,71.9,75.3,68.1,73.1,71.9,73.7,74.1,71.4,71.4,73.4,71.8,70.7,70.7,76.4,70.1,74.6,67.9,75.1,71.4,64.8,68.0,67.4,70.1,64.3,68.2,65.9,65.9,68.9,71.6,63.3,68.0,64.4,73.3,74.3,76.0,74.6,72.2,71.8,74.9,70.7,68.8,76.6,74.5,73.4,71.8,72.7,69.1,64.1,66.6,69.8,73.1,71.9
3754,78.4,72.3,74.1,77.3,77.8,77.3,78.0,77.2,76.3,75.6,78.1,77.0,77.7,74.8,77.0,76.6,76.8,70.6,78.0,78.7,76.9,75.7,77.3,75.1,75.9,77.8,77.0,76.0,76.1,76.1,77.0,74.9,72.9,74.9,74.0,74.4,78.7,71.1,76.8,75.2,77.1,77.0,75.1,74.6,77.1,75.0,75.2,73.6,79.9,74.1,77.8,71.5,80.0,74.4,67.9,70.6,70.2,72.6,67.2,70.5,68.6,69.0,71.4,74.4,66.5,70.6,67.7,75.3,76.3,78.1,78.6,76.0,75.5,77.7,73.6,72.7,78.5,76.5,75.8,74.9,75.8,72.5,66.5,68.7,72.3,75.6,74.5
3755,81.4,75.0,76.5,80.6,80.3,79.6,80.5,79.3,78.1,77.5,79.9,78.9,79.3,76.7,79.5,78.4,78.8,73.1,79.4,80.5,78.9,77.6,79.3,77.4,78.7,80.4,78.7,78.0,78.1,77.9,79.2,76.5,75.2,77.2,76.1,76.4,81.4,73.9,79.9,78.5,80.1,79.4,78.2,77.7,80.1,77.9,78.8,76.1,82.8,77.2,80.1,74.4,83.5,77.0,70.2,72.6,72.3,74.8,69.9,72.4,70.8,71.5,73.9,76.9,69.7,73.0,70.8,77.2,77.8,79.7,81.7,79.2,78.6,80.4,76.2,75.5,80.2,78.1,77.8,77.7,78.4,75.3,69.1,70.2,74.5,77.7,76.8
3756,83.8,76.9,78.5,83.3,82.4,81.7,82.5,81.2,79.5,79.0,81.2,80.4,80.6,78.2,81.3,79.8,80.7,75.3,80.7,81.7,80.7,79.0,80.9,79.5,81.3,82.5,80.3,79.7,79.8,79.4,80.9,77.7,77.3,79.0,78.1,78.2,83.8,75.8,82.5,80.6,82.7,81.2,80.8,80.3,82.9,80.2,81.4,77.8,85.1,79.5,82.1,76.6,86.0,78.9,71.9,74.3,74.0,76.3,72.3,73.9,72.7,73.8,76.0,78.9,72.5,74.8,73.5,78.7,79.0,81.1,83.8,81.9,81.1,82.4,78.5,77.6,81.4,79.6,79.4,79.9,80.5,77.7,71.2,71.3,76.3,79.2,78.7
3757,85.8,77.9,80.0,85.3,83.9,83.2,84.0,82.7,80.6,80.1,82.2,81.6,81.6,79.3,82.8,81.0,82.0,77.0,81.6,82.8,82.0,80.2,82.0,81.0,83.2,84.1,81.4,80.9,81.0,80.4,82.3,78.7,79.0,80.4,79.6,79.7,85.7,77.1,84.6,82.1,84.6,82.7,83.1,82.1,85.0,80.8,83.2,79.0,86.6,80.9,83.3,78.1,87.7,80.4,73.3,75.7,75.1,77.5,74.1,75.2,74.2,75.6,77.7,80.5,74.8,76.0,75.6,80.0,79.9,82.1,85.3,84.1,83.1,84.1,80.1,79.1,82.1,80.7,80.5,82.0,82.2,79.6,72.4,71.9,77.7,80.7,80.3
3758,86.6,78.3,81.0,86.8,85.0,84.2,85.1,83.7,81.2,81.1,82.8,82.4,82.3,80.4,83.7,81.5,82.9,78.1,82.3,82.7,82.7,81.0,82.8,82.0,84.6,85.2,82.4,82.0,81.8,81.0,83.1,79.4,80.0,81.5,80.7,80.7,86.8,77.2,85.9,82.7,86.2,83.5,84.6,83.2,86.2,80.8,84.4,79.9,87.3,82.3,83.9,78.9,88.9,81.4,74.1,76.7,76.0,78.4,75.6,76.0,74.9,77.1,79.1,81.5,76.5,76.9,76.9,80.9,80.4,82.7,86.2,85.9,84.0,85.4,81.4,79.8,82.5,81.2,81.6,83.5,83.6,81.3,73.6,72.2,79.2,81.3,81.2
3759,86.9,78.3,81.0,87.8,85.8,84.8,85.7,84.2,81.6,81.3,82.9,82.6,82.4,80.8,84.0,81.8,83.1,78.6,82.6,82.7,83.4,81.3,83.3,82.7,85.4,85.9,82.9,82.4,82.5,81.2,83.7,79.6,80.8,81.9,81.3,81.2,87.4,77.2,86.8,82.9,86.7,83.1,85.5,83.8,86.3,80.4,84.8,80.2,87.3,82.7,84.3,79.0,89.2,81.4,74.8,77.3,76.6,79.0,76.7,76.7,75.5,78.2,79.7,81.9,77.4,77.5,77.2,81.5,80.7,82.9,86.4,87.3,84.0,85.7,81.8,80.3,82.7,81.3,81.9,84.4,84.4,82.2,74.2,72.0,79.8,81.7,81.8
3760,85.8,77.0,80.5,88.1,85.9,85.0,85.6,84.2,81.2,81.3,82.5,82.7,82.2,80.6,84.0,81.6,83.3,78.4,82.3,82.3,83.3,81.3,83.3,82.7,85.5,85.7,82.8,82.3,82.5,81.0,83.7,79.1,81.0,81.8,81.3,81.1,87.1,76.2,87.0,82.3,87.0,82.4,85.8,84.0,85.4,79.8,84.7,79.7,86.4,83.0,84.1,78.5,88.8,81.0,75.1,77.2,76.7,79.2,77.0,76.7,75.4,78.8,79.8,81.8,77.6,77.2,76.8,81.2,80.2,82.8,86.0,87.6,83.2,85.6,81.3,80.1,82.5,81.2,81.7,84.4,84.4,82.6,74.1,71.3,80.0,81.4,81.4
3761,84.2,75.4,78.4,87.7,85.1,84.3,84.7,83.7,80.2,80.7,81.7,82.1,81.4,80.1,83.2,80.8,82.7,77.6,81.3,81.5,82.6,80.6,82.7,81.9,84.6,85.0,82.3,81.6,82.0,80.4,83.2,78.2,80.6,81.1,80.5,80.3,85.7,74.7,86.2,81.4,86.2,80.7,85.2,83.0,83.9,78.5,84.0,78.7,85.0,82.1,83.2,77.1,87.8,79.2,74.5,76.6,76.3,78.6,76.9,76.1,74.5,78.5,79.1,80.9,76.8,76.2,75.3,80.8,79.5,82.1,84.9,86.6,81.6,85.0,80.3,79.2,81.7,80.5,81.1,84.0,83.9,82.2,73.5,70.2,79.7,81.0,80.7
3762,81.5,73.0,75.6,86.2,83.7,82.9,83.3,82.3,78.7,79.4,80.3,81.1,79.8,79.1,81.6,79.5,81.4,75.8,79.9,80.0,81.3,79.3,81.3,80.4,83.0,83.4,81.3,80.2,80.8,79.0,82.1,76.8,79.3,79.7,79.4,79.1,83.1,72.2,84.7,79.4,85.0,77.8,83.5,81.7,81.3,75.8,82.5,76.7,82.7,80.7,81.9,75.1,86.0,76.2,73.5,75.3,75.3,77.6,75.9,74.7,73.0,77.7,77.6,79.1,75.1,74.3,72.8,79.6,78.3,80.8,83.2,85.1,79.9,83.8,78.4,77.6,80.1,79.1,79.8,82.6,82.6,80.4,72.2,68.8,78.9,79.8,79.6
3763,76.8,69.2,70.3,83.1,81.0,80.6,80.7,79.5,76.0,77.1,77.7,79.1,76.9,77.0,78.8,77.1,78.9,72.3,77.0,76.7,78.9,76.7,78.7,77.7,80.1,80.6,79.5,77.7,78.5,76.7,79.7,73.9,77.0,77.3,77.6,77.0,78.1,68.5,82.1,75.6,82.5,72.7,80.5,79.1,77.1,71.8,79.7,73.4,77.9,78.0,79.5,72.4,82.9,71.8,71.8,73.0,73.2,75.5,74.5,72.2,70.8,75.6,74.7,75.9,72.0,71.5,69.1,77.6,75.6,78.2,80.2,82.1,76.7,81.7,74.7,74.6,77.0,76.5,77.4,79.7,79.5,77.6,69.8,66.6,77.0,77.5,77.6
3764,72.3,65.4,66.5,78.3,77.4,77.4,77.7,75.2,73.2,74.2,74.4,76.2,72.9,74.4,75.4,74.1,74.4,67.3,73.7,73.5,75.1,73.4,74.9,73.5,75.4,75.9,77.5,74.1,74.9,73.6,76.2,70.3,73.1,74.0,74.5,73.4,73.9,65.0,77.7,70.6,79.4,68.6,76.0,73.5,73.1,68.0,74.6,69.2,73.6,72.0,75.1,69.4,77.2,67.6,68.4,69.1,69.5,71.7,71.9,67.9,67.6,72.0,70.0,71.1,68.4,67.2,64.5,75.1,72.3,74.7,75.1,76.9,72.4,76.4,69.8,68.5,73.5,72.8,74.0,74.8,74.8,73.5,64.2,64.5,73.8,74.2,73.6
3765,69.9,63.3,64.5,74.6,74.6,75.2,75.7,72.6,71.5,72.6,72.4,73.7,71.3,72.6,73.3,72.3,71.8,64.3,71.5,71.7,72.5,71.4,72.7,71.4,72.1,73.2,75.9,71.7,72.3,71.5,73.8,68.9,70.1,71.7,72.1,70.5,71.5,62.8,74.0,67.1,76.6,66.3,72.2,70.0,70.7,65.4,70.9,66.6,70.7,66.1,70.9,67.2,72.1,65.6,65.4,66.0,66.1,69.0,68.7,65.3,64.9,67.6,66.1,67.8,65.5,63.9,61.4,73.5,70.5,72.8,71.2,72.6,69.2,72.5,66.9,64.8,71.6,70.8,72.1,71.1,71.8,70.1,59.5,63.2,70.9,71.9,70.4
3766,67.6,61.6,63.0,72.3,72.5,73.7,73.9,70.8,70.2,71.1,70.8,72.1,70.0,71.1,71.9,71.0,70.2,62.1,70.2,70.5,71.0,69.9,71.3,70.0,70.2,71.7,74.2,70.4,70.9,70.3,72.1,67.8,68.2,70.0,70.4,68.9,69.7,61.2,71.9,64.9,74.5,64.6,69.9,67.5,68.7,63.6,67.3,64.2,68.0,63.6,67.8,65.4,68.4,64.1,63.6,63.3,64.1,66.8,65.9,63.5,63.1,64.7,63.7,65.2,63.3,61.9,59.4,72.2,69.3,71.5,68.2,70.7,66.7,70.0,64.4,62.9,70.1,69.4,70.5,69.2,70.2,68.0,57.9,62.1,69.0,70.2,68.4
3767,65.8,60.1,61.3,70.5,71.2,72.4,72.5,69.5,68.9,70.0,69.6,70.8,69.1,69.7,70.5,69.9,68.9,60.3,69.1,69.6,69.8,68.8,70.1,68.7,68.7,70.4,72.9,69.3,69.5,69.3,70.9,67.1,66.8,68.2,69.2,67.9,67.9,59.7,70.5,63.0,72.7,63.5,68.0,66.0,66.9,61.8,64.3,61.8,65.4,61.9,65.7,63.5,66.3,62.9,62.4,61.0,62.6,65.3,63.6,61.9,61.6,63.0,62.0,62.7,61.5,60.0,57.7,70.8,68.3,70.2,65.9,68.7,64.3,68.5,61.8,60.9,69.1,68.2,69.4,67.4,68.7,66.4,57.2,61.1,67.4,68.9,66.7
3768,63.9,58.9,60.3,68.9,69.9,71.3,71.3,68.4,68.1,69.0,68.6,69.7,68.1,68.8,69.6,68.8,68.0,59.0,68.1,68.4,68.7,67.8,69.3,67.5,67.4,69.2,71.7,68.1,68.4,68.2,69.8,66.4,65.6,67.0,67.8,66.4,66.5,58.5,69.0,61.5,70.9,62.0,66.7,64.4,65.1,60.5,61.7,59.8,62.5,59.9,63.7,61.6,64.3,61.7,61.0,58.9,61.3,64.0,61.9,60.6,59.8,61.3,60.5,60.6,59.8,58.2,56.0,69.8,67.1,69.1,63.7,67.2,62.6,66.7,59.5,59.0,68.1,67.2,68.4,66.1,67.5,64.7,56.5,60.1,66.1,67.8,65.5
3769,62.4,57.9,59.1,67.5,68.6,70.2,70.0,67.5,67.3,68.1,67.8,68.8,67.2,67.9,68.7,68.0,67.0,57.5,67.1,67.4,67.7,66.9,68.5,66.7,66.2,68.1,70.7,67.1,67.5,67.3,68.8,65.7,64.6,66.0,66.8,65.5,65.0,57.5,67.7,60.0,69.1,61.2,65.3,63.1,63.5,59.2,59.4,58.0,59.9,57.6,61.7,59.6,62.5,60.7,59.9,57.4,60.0,62.8,60.4,59.5,58.7,59.9,58.4,58.3,58.3,56.9,54.3,68.9,66.2,68.4,61.6,65.4,60.8,65.1,57.4,57.5,67.4,66.2,67.5,65.1,66.7,63.3,55.9,59.3,65.1,66.7,64.7
3770,61.0,56.9,58.0,66.3,67.7,69.2,69.0,66.8,66.4,67.2,66.8,67.9,66.2,66.9,67.8,67.4,66.0,56.2,66.3,66.7,66.7,66.1,67.7,65.9,65.2,67.2,69.8,66.3,66.7,66.7,67.8,65.0,63.6,64.9,65.8,64.6,63.7,56.4,66.6,58.4,67.0,60.1,64.0,61.4,62.0,58.3,57.7,56.4,57.6,55.3,59.9,57.9,60.4,59.6,58.8,55.9,58.8,61.6,58.9,58.4,57.6,58.6,57.1,56.2,56.5,55.4,52.6,67.9,65.6,67.4,59.5,63.9,59.5,63.4,55.4,55.4,66.6,65.3,66.5,64.0,65.5,62.0,55.0,58.6,64.1,65.6,63.8
3771,59.6,55.7,57.3,65.1,66.9,68.4,68.3,65.8,65.7,66.4,65.9,67.2,65.6,66.2,67.0,66.7,65.3,55.1,65.6,66.0,65.9,65.5,67.1,65.0,64.3,66.3,69.0,65.6,65.8,66.1,67.0,64.5,62.8,64.0,65.0,63.7,62.4,55.1,65.5,56.6,65.8,59.3,63.0,60.2,60.8,57.3,56.0,55.1,55.9,53.4,58.6,56.5,58.2,58.8,57.7,54.7,58.0,60.6,57.6,57.0,56.6,57.2,55.9,54.3,55.3,54.0,51.0,67.0,64.9,66.6,57.6,62.5,57.7,61.9,53.8,53.9,65.9,64.6,65.9,63.1,64.8,61.0,54.5,57.9,63.1,64.8,63.1
3772,58.1,55.0,56.4,63.9,66.1,67.6,67.5,65.1,65.1,65.7,65.3,66.5,64.9,65.7,66.4,66.0,64.8,54.0,65.0,65.4,65.2,64.9,66.6,64.2,63.5,65.6,68.4,64.9,65.3,65.6,66.3,64.0,61.9,63.4,64.3,63.0,61.6,54.3,64.5,55.3,64.2,58.8,61.9,58.7,59.4,56.4,54.3,53.6,53.9,51.9,57.4,55.1,56.2,57.8,56.8,53.5,56.9,59.9,56.7,56.0,55.6,56.0,54.7,52.7,54.2,52.4,49.7,66.5,64.5,65.9,55.6,61.4,56.1,60.7,51.9,52.2,65.3,64.0,65.4,62.3,64.0,60.0,53.6,57.5,62.4,64.2,62.3
3773,57.7,54.6,55.9,62.7,65.4,67.0,66.9,64.5,64.6,65.3,64.9,65.9,64.5,65.1,65.7,65.6,64.4,54.3,64.5,65.1,64.6,64.5,66.0,63.5,62.7,64.9,67.9,64.3,64.8,65.3,65.7,63.6,61.3,62.6,63.9,62.3,60.8,53.7,63.5,53.7,63.3,58.6,61.1,57.5,58.8,55.6,53.1,53.2,53.0,50.5,56.2,54.3,54.2,57.7,55.7,53.9,56.0,59.1,55.6,56.3,56.0,55.2,55.0,51.8,53.4,52.5,48.4,66.0,64.1,65.4,54.0,60.5,55.2,59.5,51.8,50.7,65.1,63.6,64.8,61.6,63.1,59.0,52.6,57.7,61.8,63.8,61.7
3774,61.7,57.9,59.5,62.1,65.8,67.1,67.1,65.7,66.0,66.3,67.4,66.9,66.9,65.6,66.0,66.7,65.5,58.5,66.5,67.5,65.6,65.4,66.8,64.0,62.7,65.3,68.4,64.9,65.8,66.4,66.4,65.5,62.1,63.6,64.7,63.6,63.9,56.9,62.8,57.2,64.1,62.0,61.0,60.2,61.9,59.0,55.9,57.9,59.2,51.7,56.5,56.3,55.8,60.7,55.7,57.1,57.1,60.2,55.6,59.2,58.1,55.2,58.9,57.4,54.8,56.9,52.5,66.4,66.0,67.7,55.8,59.9,59.2,61.5,58.0,52.3,67.3,65.9,65.6,61.7,63.3,59.1,53.5,59.6,62.2,64.5,63.2
3775,66.5,62.2,64.0,65.2,68.5,69.1,69.5,68.6,68.7,68.7,70.5,69.2,70.1,68.0,68.6,69.4,68.3,61.9,70.0,70.7,68.6,68.1,69.5,66.7,65.4,68.3,70.4,67.5,68.2,69.0,68.9,68.2,64.8,66.4,66.8,66.7,68.2,61.3,65.3,63.8,67.2,66.6,64.0,64.6,65.8,64.0,60.4,63.6,66.5,58.2,63.3,59.9,62.6,64.4,57.8,61.2,60.2,63.8,58.1,62.7,60.5,58.4,62.4,63.3,57.1,61.2,57.1,68.6,69.3,70.7,62.4,63.3,63.7,67.2,63.5,58.8,70.6,69.0,68.3,64.6,66.2,62.0,57.8,61.9,64.5,67.3,66.2
3776,71.3,66.2,68.1,69.7,72.0,71.9,72.4,72.0,71.6,71.2,73.5,72.0,73.0,70.5,71.6,72.2,71.5,64.7,73.3,73.8,71.7,71.0,72.6,69.8,69.1,71.8,72.8,70.7,71.0,71.7,71.8,70.6,67.9,69.7,69.5,69.5,72.0,65.1,69.2,68.5,70.5,70.9,68.0,68.5,69.9,68.6,65.6,67.9,72.4,64.8,70.4,63.9,69.6,68.3,61.1,64.9,64.1,67.1,61.0,65.6,63.0,62.2,65.8,68.1,60.0,64.7,60.7,71.2,72.3,73.4,68.9,68.0,68.1,71.9,67.4,64.4,73.9,71.9,71.2,68.5,69.9,65.8,61.3,64.4,67.3,70.5,69.2
3777,75.6,69.6,71.7,73.8,75.4,74.8,75.7,74.9,74.2,73.7,76.1,74.7,75.6,72.8,74.7,74.7,74.4,67.5,76.1,76.5,74.5,73.8,75.3,72.8,72.9,75.2,75.1,73.8,73.8,74.2,74.6,73.0,70.8,72.8,72.1,72.2,75.7,68.6,73.3,72.2,74.1,74.5,71.9,71.9,73.9,72.4,71.2,71.0,76.7,70.4,75.0,68.0,75.5,71.9,65.0,67.9,67.5,70.2,64.1,68.1,65.7,65.8,68.7,71.8,63.3,67.9,64.4,73.5,74.5,76.0,74.9,72.4,72.4,75.3,70.8,69.2,76.7,74.5,73.7,72.3,73.2,69.6,64.2,66.6,70.2,73.4,72.2
3778,78.9,72.9,74.6,77.5,78.2,77.6,78.4,77.6,76.4,75.8,78.3,77.1,77.8,75.1,77.3,76.8,77.1,70.3,78.1,78.7,77.2,75.9,77.6,75.5,76.3,78.2,77.3,76.3,76.4,76.3,77.3,75.0,73.4,75.3,74.4,74.7,79.1,71.7,77.0,75.5,77.5,77.5,75.5,75.0,77.7,75.6,75.7,73.8,80.2,74.3,78.2,71.7,80.3,74.9,68.0,70.4,70.2,72.7,67.0,70.3,68.2,68.9,71.2,74.6,66.5,70.4,67.7,75.5,76.5,78.2,78.9,76.2,76.1,78.0,73.7,73.0,78.6,76.5,76.1,75.4,76.3,72.9,66.6,68.6,72.7,75.9,74.8
3779,81.9,75.6,77.0,80.8,80.7,79.9,80.9,79.7,78.2,77.7,80.1,79.0,79.4,77.0,79.8,78.6,79.2,72.8,79.5,80.5,79.3,77.7,79.7,78.0,79.2,80.7,79.1,78.4,78.4,78.1,79.6,76.7,75.8,77.6,76.5,76.8,81.9,74.5,80.1,78.8,80.4,79.8,78.6,78.2,80.6,78.5,79.3,76.3,83.1,77.4,80.5,74.7,83.9,77.4,70.2,72.4,72.4,74.8,69.7,72.2,70.5,71.3,73.7,77.1,69.7,72.8,70.9,77.5,78.1,79.7,82.1,79.4,79.2,80.7,76.4,75.8,80.3,78.2,78.1,78.2,78.9,75.8,69.1,70.1,75.0,78.1,77.1
3780,84.4,77.5,79.0,83.5,82.7,82.1,82.9,81.6,79.6,79.3,81.3,80.5,80.7,78.5,81.7,79.9,81.1,75.1,80.8,81.7,81.1,79.2,81.3,80.0,81.7,82.8,80.6,80.0,80.0,79.7,81.3,77.9,77.9,79.5,78.5,78.6,84.3,76.5,82.7,81.0,83.0,81.7,81.3,80.6,83.4,80.7,81.9,78.0,85.3,79.8,82.4,76.9,86.4,79.3,72.0,74.1,74.0,76.4,72.0,73.7,72.3,73.6,75.8,79.1,72.5,74.6,73.6,79.0,79.2,81.1,84.3,82.2,81.7,82.8,78.7,77.9,81.5,79.6,79.8,80.5,81.1,78.1,71.2,71.1,76.9,79.7,79.1
3781,86.2,78.6,80.5,85.6,84.4,83.5,84.4,83.1,80.7,80.5,82.3,81.7,81.7,79.8,83.1,81.1,82.4,76.7,81.8,82.7,82.5,80.5,82.4,81.6,83.6,84.5,81.8,81.2,81.4,80.8,82.7,78.8,79.7,80.9,80.0,80.1,86.1,77.7,84.8,82.6,84.9,83.1,83.5,82.5,85.5,81.3,83.6,79.2,86.9,81.2,83.6,78.5,88.3,80.9,73.3,75.4,75.2,77.6,73.9,74.9,73.7,75.5,77.4,80.6,74.8,75.8,75.7,80.4,80.2,82.1,85.8,84.4,83.7,84.5,80.3,79.3,82.3,80.6,81.0,82.5,82.7,80.1,72.4,71.7,78.4,81.1,80.7
3782,87.0,78.9,81.4,87.1,85.6,84.6,85.5,84.2,81.3,81.6,82.8,82.5,82.3,80.8,84.0,81.8,83.3,77.8,82.3,82.8,83.1,81.3,83.3,82.7,85.1,85.7,82.9,82.2,82.3,81.4,83.5,79.5,80.7,82.1,81.1,81.1,87.3,77.8,86.2,82.9,86.6,83.9,85.0,83.7,86.7,81.4,84.8,80.3,87.6,82.7,84.4,79.2,89.4,81.9,74.2,76.4,76.1,78.6,75.5,75.8,74.4,77.0,78.8,81.7,76.4,76.7,77.0,81.3,80.7,82.8,86.7,86.2,84.5,85.8,81.6,80.1,82.7,81.2,82.0,84.1,84.2,81.8,73.6,71.9,79.9,81.8,81.6
3783,87.3,78.8,81.4,88.2,86.5,85.2,86.1,84.7,81.8,81.8,83.0,82.8,82.5,81.3,84.3,82.2,83.6,78.3,82.7,82.8,83.9,81.6,83.7,83.4,85.8,86.4,83.4,82.7,83.0,81.6,84.1,79.7,81.5,82.6,81.8,81.7,87.8,77.7,87.0,83.1,87.1,83.5,85.9,84.3,86.6,80.9,85.2,80.5,87.6,83.0,84.8,79.4,89.7,82.0,74.9,77.0,76.7,79.2,76.5,76.5,75.1,78.1,79.4,82.1,77.4,77.3,77.3,81.9,81.0,83.0,86.9,87.6,84.4,86.1,82.0,80.6,82.9,81.3,82.5,85.0,85.1,82.7,74.2,71.7,80.5,82.3,82.2
3784,86.2,77.6,80.8,88.4,86.5,85.4,86.1,84.8,81.4,81.8,82.6,83.0,82.2,81.1,84.3,82.0,83.7,78.3,82.4,82.4,83.7,81.7,83.6,83.4,85.9,86.2,83.3,82.6,83.0,81.5,84.1,79.3,81.6,82.4,81.8,81.8,87.5,76.8,87.3,82.6,87.3,82.8,86.1,84.6,85.6,80.3,85.1,80.1,86.8,83.3,84.5,78.8,89.4,81.6,75.2,77.0,76.8,79.4,76.9,76.5,74.9,78.6,79.5,82.0,77.6,77.0,76.9,81.7,80.5,82.7,86.5,87.9,83.6,86.0,81.7,80.3,82.8,81.2,82.2,85.0,85.2,83.1,74.1,71.1,80.7,82.0,81.9
3785,84.5,76.1,79.0,87.9,85.8,84.8,85.3,84.2,80.6,81.1,81.9,82.3,81.5,80.6,83.6,81.3,83.1,77.5,81.4,81.6,83.1,81.1,83.0,82.7,84.9,85.5,82.8,82.0,82.5,80.9,83.7,78.5,81.2,81.8,81.1,81.0,86.0,75.4,86.5,81.7,86.6,81.1,85.6,83.5,84.1,79.0,84.3,79.0,85.5,82.5,83.6,77.5,88.2,79.9,74.6,76.4,76.5,78.8,76.7,75.9,74.0,78.5,79.1,81.2,76.9,76.0,75.4,81.3,79.9,82.1,85.4,86.9,82.3,85.4,80.7,79.5,81.9,80.5,81.6,84.6,84.5,82.7,73.5,70.0,80.3,81.7,81.2
3786,81.8,73.7,76.1,86.4,84.4,83.4,83.8,82.9,79.0,79.8,80.5,81.4,80.0,79.6,82.1,79.9,81.9,75.8,80.0,80.0,81.8,79.7,81.7,81.1,83.4,84.0,81.8,80.7,81.3,79.5,82.6,77.1,79.8,80.2,79.9,79.8,83.2,73.0,84.8,79.7,85.4,78.2,83.8,82.2,81.6,76.3,82.9,77.1,83.2,81.1,82.3,75.5,86.5,76.9,73.7,75.2,75.5,77.8,75.8,74.6,72.7,77.6,77.6,79.4,75.1,74.2,72.9,80.1,78.6,80.9,83.6,85.4,80.6,84.2,78.8,78.0,80.4,79.1,80.3,83.0,83.2,81.0,72.3,68.5,79.4,80.4,80.1
3787,77.1,69.8,70.9,83.2,81.7,81.0,81.3,80.2,76.3,77.6,77.9,79.4,77.1,77.5,79.3,77.6,79.4,72.3,77.2,76.7,79.4,77.1,79.1,78.4,80.5,81.2,80.0,78.1,79.0,77.1,80.2,74.2,77.5,77.8,78.1,77.6,78.5,69.2,82.2,76.0,82.9,73.1,80.7,79.6,77.4,72.4,80.1,73.8,78.3,78.4,79.9,72.8,83.3,72.4,72.0,72.9,73.5,75.7,74.5,72.0,70.5,75.6,74.6,76.3,72.1,71.2,69.2,78.1,76.0,78.3,80.6,82.4,77.3,82.1,75.1,75.0,77.2,76.5,77.9,80.2,80.0,78.3,69.9,66.3,77.5,78.1,78.0
3788,72.7,66.0,67.1,78.5,78.0,78.0,78.2,75.9,73.5,74.6,74.5,76.4,73.0,74.9,75.9,74.5,75.0,67.3,73.8,73.4,75.6,73.8,75.3,74.2,75.9,76.6,78.1,74.6,75.5,74.0,76.8,70.6,73.7,74.6,75.0,74.0,74.2,65.5,77.9,71.0,79.8,69.0,76.4,74.0,73.5,68.5,75.0,69.5,74.1,72.4,75.6,69.7,77.6,68.3,68.6,69.0,69.7,71.9,71.9,67.8,67.4,72.0,69.9,71.4,68.4,67.0,64.5,75.7,72.6,74.7,75.5,77.3,72.9,76.8,70.3,68.8,73.7,72.9,74.6,75.5,75.4,74.1,64.4,64.2,74.3,74.8,74.1
3789,70.4,63.8,65.1,75.0,75.1,75.8,76.2,73.3,71.7,73.1,72.5,73.9,71.5,73.1,73.8,72.6,72.4,64.2,71.5,71.7,73.1,71.8,73.1,71.9,72.5,73.9,76.4,72.3,72.9,71.9,74.4,69.1,70.7,72.3,72.7,71.0,71.7,63.2,74.3,67.5,77.0,66.7,72.6,70.4,71.1,65.8,71.3,67.0,71.1,66.5,71.3,67.6,72.5,66.2,65.5,65.7,66.3,69.1,68.7,65.2,64.7,67.6,66.1,68.1,65.5,63.8,61.5,74.0,70.8,72.9,71.6,73.0,69.6,72.8,67.3,65.2,71.8,71.0,72.7,71.9,72.4,70.8,59.5,62.9,71.5,72.5,70.9
3790,68.0,62.0,63.6,72.7,73.0,74.2,74.4,71.5,70.5,71.6,71.0,72.4,70.2,71.6,72.4,71.3,70.9,61.9,70.3,70.5,71.6,70.4,71.7,70.6,70.6,72.3,74.8,70.9,71.5,70.7,72.8,68.0,68.8,70.5,71.0,69.5,69.9,61.7,72.3,65.3,74.8,64.9,70.3,67.8,69.1,63.9,67.7,64.7,68.4,64.0,68.2,65.7,68.9,64.8,63.9,63.1,64.2,66.9,65.8,63.4,62.9,64.8,63.6,65.6,63.2,61.8,59.4,72.7,69.6,71.5,68.6,71.1,67.1,70.4,64.9,63.2,70.2,69.5,71.1,69.9,70.8,68.7,58.0,61.8,69.7,70.7,69.0
3791,66.2,60.5,61.8,70.9,71.7,72.9,73.0,70.2,69.2,70.6,69.7,71.0,69.2,70.2,71.0,70.3,69.5,60.2,69.2,69.4,70.4,69.3,70.5,69.3,69.1,70.9,73.5,69.8,70.1,69.6,71.5,67.3,67.5,68.8,69.8,68.5,68.2,60.2,70.8,63.3,73.1,63.8,68.5,66.3,67.3,62.2,64.7,62.2,65.7,62.3,65.9,63.8,66.6,63.5,62.5,60.8,62.7,65.4,63.5,61.8,61.3,63.1,61.8,63.0,61.5,59.9,57.7,71.4,68.5,70.2,66.3,69.0,64.6,68.9,62.2,61.2,69.2,68.4,69.9,68.1,69.3,67.2,57.2,60.8,68.0,69.5,67.4
3792,64.4,59.2,60.8,69.2,70.3,71.7,71.6,69.1,68.4,69.5,68.8,70.0,68.3,69.3,70.0,69.2,68.5,58.9,68.2,68.4,69.2,68.2,69.7,68.2,67.9,69.8,72.2,68.5,69.0,68.6,70.4,66.7,66.3,67.7,68.4,67.0,66.8,58.9,69.3,61.8,71.3,62.4,67.1,64.6,65.6,60.9,62.2,60.3,62.8,60.3,64.0,61.9,64.6,62.2,61.2,58.7,61.3,64.2,61.7,60.5,59.6,61.2,60.4,60.9,59.9,58.1,56.0,70.3,67.3,69.2,64.0,67.5,63.0,67.0,59.8,59.4,68.2,67.4,68.9,66.8,68.0,65.4,56.6,59.9,66.7,68.3,66.2
3793,62.8,58.1,59.6,67.9,69.0,70.5,70.4,68.2,67.5,68.5,68.0,69.1,67.3,68.3,69.1,68.4,67.6,57.5,67.2,67.4,68.3,67.3,68.9,67.4,66.7,68.6,71.3,67.6,68.1,67.7,69.4,66.0,65.4,66.6,67.5,66.1,65.3,57.8,68.1,60.3,69.4,61.5,65.7,63.5,63.9,59.7,59.8,58.4,60.2,58.1,62.1,59.9,62.8,61.2,60.1,57.2,60.0,63.0,60.2,59.4,58.5,59.8,58.3,58.5,58.3,56.7,54.3,69.4,66.5,68.5,61.9,65.8,61.3,65.5,57.6,57.9,67.5,66.4,68.0,65.7,67.2,64.1,56.0,59.0,65.8,67.2,65.3
3794,61.5,57.2,58.5,66.7,68.1,69.5,69.4,67.4,66.7,67.7,66.9,68.2,66.3,67.4,68.2,67.7,66.6,56.2,66.4,66.8,67.3,66.5,68.2,66.5,65.7,67.7,70.4,66.8,67.2,67.1,68.3,65.2,64.3,65.5,66.4,65.2,64.0,56.7,67.0,58.7,67.3,60.5,64.5,61.8,62.4,58.7,58.1,56.7,57.8,55.7,60.3,58.1,60.8,60.2,58.9,55.7,59.0,61.7,58.7,58.1,57.4,58.6,57.0,56.4,56.5,55.3,52.7,68.4,65.9,67.5,59.9,64.2,59.9,63.7,55.5,55.8,66.6,65.5,67.0,64.6,66.1,62.6,55.0,58.3,64.8,66.1,64.5
3795,60.0,56.1,57.8,65.5,67.3,68.7,68.7,66.4,66.0,66.9,66.1,67.5,65.7,66.7,67.4,67.1,65.9,55.1,65.7,66.1,66.5,65.9,67.5,65.6,64.7,66.8,69.6,66.0,66.3,66.4,67.5,64.7,63.6,64.7,65.6,64.3,62.7,55.4,65.9,56.9,66.1,59.7,63.4,60.5,61.2,57.7,56.3,55.3,56.1,53.9,59.0,56.7,58.5,59.2,57.7,54.5,58.0,60.7,57.5,56.8,56.4,57.3,55.8,54.5,55.3,53.8,51.1,67.5,65.1,66.7,58.0,62.9,58.1,62.3,54.1,54.2,66.0,64.9,66.4,63.7,65.3,61.7,54.5,57.7,63.8,65.3,63.7
3796,58.6,55.4,56.8,64.3,66.5,67.9,67.9,65.7,65.4,66.1,65.5,66.7,65.1,66.1,66.7,66.4,65.3,54.0,65.1,65.5,65.8,65.3,67.0,64.8,64.0,66.1,68.9,65.3,65.8,65.9,66.8,64.3,62.7,64.1,65.0,63.6,61.9,54.6,64.9,55.6,64.5,59.1,62.3,59.1,59.9,56.8,54.7,53.9,54.1,52.3,57.8,55.3,56.6,58.2,56.8,53.2,57.0,60.0,56.5,55.7,55.4,56.0,54.6,52.8,54.2,52.2,49.8,66.9,64.7,66.1,56.1,61.8,56.6,61.1,52.2,52.4,65.5,64.2,65.8,62.9,64.6,60.7,53.6,57.2,63.0,64.7,63.0
3797,58.0,54.9,56.3,63.2,65.9,67.4,67.2,65.2,64.9,65.7,65.2,66.1,64.7,65.5,66.2,65.9,64.8,54.2,64.7,65.3,65.2,64.8,66.4,64.1,63.2,65.4,68.4,64.8,65.2,65.6,66.2,63.9,61.9,63.3,64.5,63.0,61.1,53.9,63.9,53.9,63.5,58.9,61.6,57.9,59.1,56.1,53.4,53.5,53.1,50.9,56.7,54.5,54.6,58.1,55.8,53.8,56.1,59.3,55.5,56.1,55.9,55.1,55.0,52.0,53.4,52.3,48.4,66.5,64.3,65.6,54.5,60.9,55.5,59.8,52.1,51.0,65.2,63.9,65.3,62.1,63.7,59.6,52.6,57.5,62.4,64.3,62.4
3798,62.1,58.3,59.9,62.5,66.3,67.5,67.5,66.3,66.3,66.7,67.6,67.1,67.0,66.0,66.4,67.1,66.0,58.3,66.7,67.6,66.1,65.8,67.2,64.6,63.1,65.8,68.9,65.4,66.3,66.7,66.9,65.8,62.7,64.2,65.2,64.3,64.2,57.1,63.2,57.4,64.3,62.4,61.4,60.5,62.2,59.4,56.2,58.1,59.5,52.1,57.0,56.5,56.2,61.1,55.8,57.0,57.1,60.3,55.6,59.0,58.0,55.2,58.8,57.6,54.7,56.7,52.6,66.9,66.2,67.9,56.2,60.3,59.5,61.8,58.3,52.6,67.5,66.1,66.1,62.2,63.8,59.7,53.5,59.4,62.8,65.0,63.8
3799,66.9,62.6,64.4,65.6,69.0,69.5,69.9,69.1,69.0,69.2,70.7,69.5,70.3,68.4,69.0,69.7,68.8,61.8,70.2,70.8,69.1,68.6,69.9,67.3,65.8,68.8,70.9,68.0,68.7,69.3,69.3,68.4,65.4,66.9,67.3,67.2,68.4,61.6,65.6,64.1,67.5,67.0,64.5,65.0,66.2,64.4,60.7,63.8,66.8,58.6,63.6,60.1,63.0,64.9,57.9,61.1,60.3,64.0,58.0,62.5,60.3,58.4,62.3,63.6,57.0,61.0,57.2,69.1,69.6,70.9,62.8,63.7,64.1,67.5,63.8,59.1,70.8,69.2,68.9,65.1,66.7,62.6,57.9,61.7,65.1,67.8,66.8
3800,71.7,66.5,68.4,70.2,72.5,72.3,72.9,72.5,72.0,71.7,73.7,72.4,73.3,71.0,72.1,72.5,72.1,64.6,73.5,73.8,72.2,71.5,73.0,70.5,69.6,72.3,73.3,71.2,71.5,72.0,72.3,70.9,68.4,70.1,69.9,69.9,72.4,65.4,69.5,68.8,70.8,71.3,68.5,68.8,70.3,69.0,65.9,68.1,72.7,65.2,70.8,64.1,69.9,68.7,61.3,64.8,64.3,67.2,60.8,65.4,62.8,62.1,65.7,68.4,60.0,64.5,60.8,71.7,72.5,73.6,69.3,68.4,68.6,72.2,67.7,64.8,74.1,72.2,71.7,69.0,70.4,66.3,61.4,64.2,67.9,70.9,69.6
3801,76.0,70.0,72.0,74.3,75.9,75.2,76.2,75.5,74.6,74.1,76.4,75.1,75.8,73.3,75.2,75.1,74.9,67.4,76.3,76.5,75.0,74.3,75.7,73.5,73.4,75.6,75.6,74.3,74.3,74.5,75.1,73.3,71.2,73.1,72.4,72.6,76.1,68.9,73.7,72.6,74.4,75.0,72.3,72.2,74.3,72.8,71.4,71.3,77.0,70.8,75.3,68.3,75.9,72.3,65.2,67.7,67.7,70.4,64.0,68.0,65.5,65.7,68.6,72.1,63.3,67.7,64.4,74.0,74.8,76.3,75.2,72.8,72.8,75.5,71.1,69.5,77.0,74.8,74.3,72.8,73.8,70.1,64.3,66.3,70.7,73.9,72.6
3802,79.3,73.2,74.9,78.0,78.7,78.1,78.8,78.1,76.8,76.3,78.6,77.5,78.1,75.6,77.7,77.2,77.7,70.2,78.4,78.8,77.6,76.4,78.0,76.2,76.8,78.6,77.7,76.8,76.8,76.6,77.7,75.3,73.9,75.7,74.8,75.1,79.5,71.9,77.4,75.9,77.9,78.0,75.9,75.4,78.2,76.0,75.9,74.1,80.5,74.7,78.4,72.0,80.7,75.3,68.1,70.2,70.4,72.9,66.8,70.1,68.0,68.8,71.1,74.8,66.6,70.2,67.8,76.0,76.8,78.6,79.2,76.8,76.6,78.4,74.0,73.3,79.0,76.8,76.7,76.0,76.8,73.5,66.7,68.4,73.3,76.3,75.1
3803,82.3,75.9,77.4,81.3,81.3,80.3,81.3,80.3,78.6,78.2,80.4,79.4,79.8,77.5,80.2,79.0,79.7,72.6,79.8,80.7,79.8,78.2,80.1,78.6,79.7,81.1,79.6,78.9,78.8,78.5,80.1,77.0,76.3,78.0,76.8,77.2,82.3,74.8,80.5,79.2,80.8,80.3,79.0,78.5,81.2,78.9,79.6,76.7,83.5,77.9,80.7,75.0,84.2,77.8,70.3,72.2,72.6,75.0,69.5,72.0,70.2,71.3,73.5,77.3,69.7,72.5,71.0,78.0,78.4,80.2,82.5,80.0,79.6,81.0,76.7,76.1,80.7,78.7,78.7,78.8,79.4,76.3,69.3,69.8,75.5,78.4,77.4
3804,84.9,77.8,79.3,84.0,83.3,82.5,83.3,82.1,80.1,79.8,81.7,80.9,81.1,79.0,82.1,80.3,81.6,74.9,81.2,81.9,81.6,79.7,81.7,80.6,82.2,83.3,81.1,80.5,80.5,80.1,81.7,78.3,78.4,79.8,78.8,78.9,84.7,76.8,83.1,81.4,83.4,82.2,81.7,81.0,83.9,81.1,82.2,78.4,85.7,80.1,82.5,77.1,86.8,79.7,72.1,73.9,74.2,76.6,71.9,73.4,72.1,73.5,75.6,79.5,72.5,74.4,73.6,79.5,79.6,81.6,84.6,82.7,82.1,83.0,79.0,78.2,81.9,80.0,80.3,81.0,81.6,78.7,71.3,70.9,77.4,80.0,79.3
3805,86.7,78.9,80.9,86.1,84.9,83.9,84.8,83.5,81.2,81.0,82.7,82.1,82.1,80.3,83.5,81.6,82.9,76.5,82.3,83.0,82.9,81.0,82.8,82.1,84.0,85.0,82.4,81.8,81.8,81.2,83.2,79.3,80.1,81.3,80.3,80.4,86.5,78.0,85.2,83.0,85.4,83.5,83.9,82.8,86.0,81.8,83.8,79.6,87.4,81.6,83.8,78.8,88.5,81.2,73.5,75.1,75.4,77.9,73.7,74.7,73.5,75.4,77.2,80.9,74.8,75.6,75.7,80.8,80.5,82.7,86.1,85.0,84.1,84.7,80.6,79.7,82.7,81.1,81.5,83.2,83.3,80.6,72.6,71.5,78.9,81.4,80.9
3806,87.4,79.2,81.8,87.6,86.2,85.0,85.9,84.6,81.7,82.1,83.3,82.9,82.8,81.3,84.3,82.2,83.8,77.6,82.8,83.1,83.6,81.7,83.5,83.3,85.5,86.2,83.4,82.7,82.7,81.9,84.0,79.9,81.2,82.4,81.4,81.3,87.7,78.0,86.6,83.4,87.0,84.3,85.4,84.0,87.1,81.9,85.1,80.7,88.1,83.1,84.6,79.5,89.6,82.3,74.4,76.2,76.3,78.9,75.3,75.5,74.2,76.9,78.5,81.9,76.4,76.6,77.2,81.7,81.1,83.4,87.0,86.7,84.9,86.0,81.9,80.4,83.2,81.7,82.5,84.7,84.7,82.3,73.8,71.8,80.4,82.1,81.8
3807,87.7,79.0,81.8,88.7,87.0,85.6,86.5,85.1,82.2,82.3,83.5,83.2,83.1,81.6,84.8,82.6,84.2,78.1,83.2,83.1,84.4,82.2,84.0,83.9,86.3,86.9,83.8,83.1,83.4,82.1,84.6,80.1,82.0,83.0,82.2,82.1,88.2,77.9,87.4,83.6,87.4,83.9,86.4,84.6,87.0,81.4,85.5,81.0,88.1,83.5,84.9,79.7,90.0,82.5,75.1,76.7,76.9,79.5,76.3,76.2,74.9,78.0,79.2,82.4,77.4,77.1,77.4,82.3,81.3,83.6,87.2,88.0,84.8,86.4,82.5,80.9,83.3,81.8,82.9,85.5,85.6,83.2,74.4,71.6,81.0,82.7,82.5
3808,86.6,77.9,81.3,88.9,87.0,85.9,86.5,85.2,81.9,82.3,83.3,83.3,82.8,81.5,84.8,82.5,84.2,78.2,83.0,82.6,84.1,82.2,83.9,83.9,86.3,86.7,83.7,82.9,83.3,81.8,84.5,79.6,82.1,82.9,82.2,82.2,87.9,77.1,87.6,83.1,87.6,83.1,86.5,84.9,86.0,80.8,85.4,80.5,87.3,83.7,84.6,79.1,89.6,82.1,75.4,76.7,77.1,79.6,76.8,76.2,74.7,78.6,79.4,82.3,77.5,76.8,77.0,82.0,80.9,83.4,86.8,88.3,84.1,86.3,82.1,80.6,83.1,81.7,82.7,85.6,85.6,83.6,74.3,71.0,81.3,82.3,82.2
3809,84.9,76.5,79.5,88.4,86.2,85.2,85.7,84.6,81.1,81.5,82.4,82.8,82.0,81.0,84.0,81.7,83.6,77.3,82.0,81.8,83.5,81.6,83.4,83.2,85.3,86.0,83.2,82.4,82.8,81.3,84.0,78.9,81.7,82.2,81.5,81.5,86.3,75.8,86.7,82.1,87.0,81.3,86.0,83.9,84.6,79.4,84.5,79.5,85.9,82.9,83.7,77.8,88.5,80.4,74.8,76.2,76.8,79.1,76.6,75.6,73.9,78.4,79.0,81.4,76.9,75.8,75.4,81.7,80.2,82.8,85.7,87.3,82.8,85.7,81.0,79.8,82.3,81.0,82.0,85.2,84.9,83.2,73.7,70.0,80.8,82.0,81.6
3810,82.3,74.2,76.7,86.8,84.6,83.7,84.2,83.2,79.6,80.3,81.1,81.9,80.5,80.0,82.4,80.4,82.3,75.7,80.5,80.2,82.2,80.2,82.0,81.6,83.8,84.4,82.2,81.0,81.6,79.8,82.9,77.5,80.2,80.6,80.3,80.2,83.6,73.5,85.1,80.1,85.8,78.5,84.3,82.6,82.1,76.7,83.1,77.6,83.5,81.5,82.4,75.8,86.7,77.3,73.8,75.0,75.7,78.1,75.7,74.3,72.7,77.5,77.4,79.7,75.1,74.0,72.9,80.6,78.9,81.5,83.9,85.7,81.1,84.5,79.0,78.4,80.8,79.6,80.8,83.6,83.5,81.5,72.5,68.6,79.9,80.7,80.4
3811,77.5,70.2,71.4,83.7,82.0,81.3,81.6,80.5,76.9,78.0,78.4,79.8,77.5,77.9,79.6,78.0,79.8,72.2,77.7,76.9,79.7,77.6,79.5,78.8,81.0,81.6,80.4,78.4,79.3,77.5,80.6,74.7,77.9,78.2,78.5,78.0,78.8,69.7,82.5,76.4,83.3,73.4,81.2,80.0,77.8,72.9,80.4,74.2,78.7,78.9,80.0,73.0,83.5,72.8,72.2,72.6,73.7,76.0,74.4,71.8,70.4,75.5,74.4,76.6,72.1,71.1,69.3,78.5,76.3,78.9,80.8,82.6,77.7,82.4,75.4,75.3,77.6,77.0,78.4,80.7,80.4,78.8,70.1,66.4,78.0,78.4,78.3
3812,73.1,66.4,67.5,79.0,78.4,78.2,78.5,76.2,73.9,75.0,75.0,76.9,73.4,75.3,76.2,75.0,75.4,67.3,74.3,73.7,75.9,74.3,75.6,74.6,76.4,77.0,78.5,74.9,75.8,74.4,77.1,71.0,74.1,75.0,75.4,74.4,74.5,65.9,78.1,71.2,80.2,69.3,76.7,74.4,73.8,68.9,75.3,69.8,74.5,73.0,75.8,69.9,77.8,68.6,68.8,68.7,70.0,72.2,71.9,67.6,67.3,71.9,69.7,71.7,68.4,66.8,64.6,76.1,72.9,75.2,75.7,77.5,73.3,77.1,70.6,69.2,74.0,73.3,75.0,76.0,75.8,74.7,64.5,64.2,74.8,75.1,74.5
3813,70.7,64.2,65.5,75.5,75.4,76.0,76.4,73.6,72.3,73.4,72.9,74.4,71.8,73.5,74.2,73.2,72.8,64.1,72.0,71.9,73.4,72.4,73.5,72.3,72.9,74.3,76.8,72.5,73.3,72.3,74.7,69.5,71.1,72.7,73.1,71.5,71.9,63.6,74.5,67.8,77.4,67.1,73.0,70.8,71.6,66.2,71.5,67.3,71.3,67.2,71.5,67.7,72.8,66.6,65.7,65.5,66.4,69.5,68.7,65.0,64.6,67.5,65.9,68.3,65.5,63.6,61.5,74.4,71.1,73.3,71.9,73.3,70.0,73.1,67.7,65.6,72.1,71.3,73.0,72.3,72.9,71.2,59.4,62.8,71.9,72.8,71.3
3814,68.4,62.5,64.0,73.2,73.6,74.4,74.7,71.9,70.9,72.0,71.3,72.8,70.6,71.9,72.7,71.9,71.3,61.8,70.6,70.7,71.9,70.9,72.0,71.0,71.1,72.7,75.2,71.3,71.9,71.1,73.1,68.4,69.3,70.9,71.4,69.8,70.1,62.0,72.4,65.7,75.2,65.3,70.8,68.1,69.5,64.4,67.9,65.0,68.6,64.4,68.3,65.9,69.2,65.3,64.1,62.8,64.4,67.2,65.8,63.1,62.8,64.7,63.4,65.9,63.2,61.6,59.3,73.1,69.9,71.9,68.8,71.3,67.5,70.8,65.3,63.7,70.5,70.0,71.4,70.3,71.3,69.1,57.9,61.7,70.1,71.1,69.4
3815,66.7,60.8,62.2,71.3,72.2,73.2,73.4,70.6,69.7,70.9,70.0,71.5,69.6,70.5,71.5,70.8,69.9,60.1,69.5,69.6,70.7,69.8,70.8,69.8,69.6,71.4,73.9,70.1,70.5,70.0,71.8,67.7,67.8,69.2,70.1,68.7,68.4,60.6,71.0,63.6,73.4,64.2,69.0,66.7,67.7,62.7,64.9,62.6,65.9,62.8,66.0,64.0,66.9,63.9,62.8,60.6,62.9,65.7,63.4,61.7,61.3,63.0,61.6,63.4,61.4,59.8,57.7,71.8,68.8,70.5,66.6,69.2,65.0,69.1,62.5,61.7,69.5,68.8,70.3,68.5,69.8,67.5,57.1,60.8,68.4,69.9,67.9
3816,64.9,59.7,61.2,69.7,70.8,72.1,72.0,69.7,68.9,69.8,69.1,70.4,68.6,69.6,70.4,69.7,68.9,58.8,68.5,68.6,69.6,68.7,69.9,68.6,68.3,70.3,72.6,68.9,69.4,69.0,70.8,67.0,66.7,68.0,68.8,67.4,67.0,59.3,69.6,62.1,71.6,62.7,67.5,65.0,66.0,61.4,62.4,60.6,63.1,60.9,64.2,62.0,64.9,62.6,61.4,58.5,61.5,64.4,61.6,60.3,59.6,61.1,60.2,61.2,59.8,58.0,55.9,70.7,67.8,69.5,64.3,67.8,63.3,67.3,60.1,59.9,68.5,67.8,69.2,67.2,68.5,65.8,56.6,59.9,67.1,68.7,66.7
3817,63.2,58.4,59.9,68.3,69.5,70.9,70.8,68.7,68.0,68.9,68.3,69.5,67.7,68.7,69.5,68.8,68.0,57.4,67.6,67.6,68.7,67.7,69.2,67.8,67.1,69.1,71.7,68.0,68.5,68.0,69.8,66.4,65.7,66.9,67.9,66.5,65.5,58.2,68.4,60.6,69.8,61.8,66.2,63.9,64.3,60.2,60.1,58.8,60.5,58.7,62.3,60.0,63.1,61.7,60.2,57.0,60.1,63.1,60.1,59.1,58.4,59.7,58.2,58.7,58.2,56.7,54.2,69.8,66.9,68.9,62.3,66.1,61.6,65.8,58.0,58.4,67.8,66.8,68.4,66.1,67.7,64.5,56.0,59.0,66.2,67.6,65.8
3818,61.9,57.5,58.8,67.1,68.6,69.9,69.8,68.0,67.1,68.1,67.2,68.6,66.7,67.8,68.6,68.1,67.0,56.1,66.8,67.0,67.7,66.9,68.5,66.9,66.2,68.2,70.8,67.2,67.6,67.5,68.8,65.6,64.7,65.8,66.9,65.6,64.2,57.1,67.2,59.0,67.7,60.7,64.9,62.3,62.8,59.2,58.4,57.0,58.0,56.3,60.5,58.3,61.1,60.6,59.0,55.5,59.1,61.8,58.5,57.9,57.4,58.5,57.0,56.6,56.5,55.2,52.5,68.9,66.3,67.9,60.3,64.5,60.1,64.0,55.8,56.4,66.9,65.9,67.4,65.0,66.5,63.1,55.2,58.3,65.1,66.5,64.9
3819,60.4,56.5,58.1,65.9,67.9,69.1,69.1,67.0,66.4,67.2,66.4,67.9,66.1,67.1,67.8,67.5,66.3,55.0,66.1,66.3,66.9,66.3,67.9,66.0,65.1,67.3,70.0,66.5,66.7,66.7,68.0,65.1,63.9,65.1,66.0,64.7,62.9,55.8,66.2,57.3,66.3,59.9,63.9,61.0,61.6,58.1,56.6,55.7,56.1,54.4,59.2,56.8,58.8,59.7,57.8,54.4,58.1,60.8,57.3,56.6,56.3,57.3,55.8,54.7,55.2,53.6,50.9,67.9,65.5,67.0,58.4,63.3,58.3,62.6,54.3,54.7,66.3,65.2,66.8,64.0,65.7,62.1,54.6,57.6,64.1,65.7,64.2
3820,59.0,55.7,57.1,64.7,67.0,68.3,68.3,66.3,65.8,66.5,65.8,67.1,65.4,66.5,67.1,66.8,65.7,53.8,65.5,65.7,66.2,65.7,67.4,65.3,64.3,66.6,69.3,65.8,66.2,66.2,67.3,64.7,63.0,64.4,65.4,64.0,62.1,54.9,65.3,55.9,64.8,59.4,62.7,59.6,60.3,57.1,55.0,54.1,54.2,52.7,58.1,55.4,56.8,58.7,56.9,53.1,57.1,60.1,56.4,55.5,55.3,55.9,54.6,53.0,54.0,52.0,49.6,67.4,65.1,66.4,56.5,62.0,56.7,61.4,52.4,52.9,65.7,64.5,66.3,63.2,65.0,61.0,53.6,57.2,63.4,65.1,63.4
3821,58.4,55.2,56.7,63.5,66.4,67.8,67.7,65.8,65.3,66.1,65.5,66.5,65.1,65.9,66.6,66.2,65.2,54.1,65.0,65.6,65.6,65.2,66.7,64.6,63.6,65.8,68.8,65.2,65.6,65.9,66.6,64.3,62.3,63.6,64.9,63.4,61.4,54.3,64.2,54.1,63.9,59.2,61.9,58.4,59.5,56.4,53.7,53.7,53.2,51.4,57.0,54.5,55.1,58.5,55.8,53.8,56.2,59.3,55.4,55.9,55.8,55.0,54.9,52.1,53.2,52.1,48.3,66.9,64.6,66.0,54.8,61.1,55.8,60.1,52.3,51.7,65.5,64.2,65.7,62.4,64.1,60.0,52.7,57.5,62.8,64.7,62.8
3822,62.5,58.6,60.3,62.9,66.7,67.9,67.9,66.9,66.7,67.2,68.0,67.5,67.4,66.4,66.8,67.5,66.5,58.2,67.1,67.9,66.6,66.2,67.5,65.1,63.5,66.1,69.3,65.8,66.7,67.0,67.4,66.2,63.1,64.6,65.6,64.7,64.4,57.5,63.5,57.6,64.6,62.8,61.8,61.0,62.5,59.8,56.5,58.3,59.6,52.6,57.4,56.6,56.6,61.6,55.9,57.0,57.3,60.5,55.4,58.9,57.9,55.1,58.8,57.7,54.6,56.7,52.4,67.3,66.5,68.3,56.6,60.6,59.8,62.1,58.4,53.2,67.8,66.5,66.5,62.5,64.2,60.1,53.6,59.4,63.2,65.4,64.3
3823,67.2,62.9,64.8,65.9,69.4,69.8,70.3,69.5,69.4,69.5,71.1,69.8,70.7,68.7,69.3,70.1,69.3,61.7,70.6,71.1,69.5,69.0,70.2,67.7,66.2,69.2,71.3,68.4,69.1,69.6,69.8,68.7,65.8,67.2,67.7,67.5,68.7,62.0,65.9,64.3,67.7,67.4,64.8,65.2,66.5,64.7,61.0,64.0,67.0,59.0,63.9,60.2,63.4,65.3,58.0,60.9,60.5,64.0,57.9,62.4,60.2,58.4,62.2,63.7,57.0,61.0,57.2,69.4,69.9,71.3,63.2,63.9,64.3,67.8,63.9,59.7,71.2,69.5,69.3,65.4,67.1,63.0,58.0,61.7,65.5,68.2,67.1
3824,72.0,66.9,68.9,70.5,72.9,72.6,73.2,72.8,72.3,72.1,74.0,72.7,73.6,71.4,72.4,72.9,72.5,64.5,73.9,74.2,72.5,71.9,73.3,70.8,70.0,72.7,73.7,71.5,71.8,72.3,72.6,71.3,68.8,70.4,70.2,70.2,72.8,65.7,69.8,69.0,71.0,71.6,68.9,69.1,70.6,69.3,66.1,68.3,72.8,65.6,71.0,64.3,70.3,69.2,61.3,64.7,64.4,67.3,60.7,65.3,62.8,62.1,65.6,68.4,59.9,64.5,60.7,72.0,72.8,74.0,69.6,68.7,68.8,72.4,67.8,65.2,74.5,72.5,72.1,69.4,70.8,66.7,61.5,64.2,68.3,71.2,69.9
3825,76.2,70.4,72.4,74.6,76.3,75.6,76.5,75.8,74.9,74.4,76.7,75.5,76.2,73.6,75.5,75.5,75.2,67.3,76.7,76.9,75.4,74.6,76.0,74.0,73.8,76.0,75.9,74.6,74.6,74.8,75.4,73.7,71.7,73.4,72.7,72.8,76.5,69.3,73.9,72.8,74.6,75.3,72.6,72.5,74.7,73.1,71.6,71.5,77.1,71.0,75.4,68.5,76.2,72.8,65.2,67.6,67.8,70.5,63.9,67.9,65.5,65.8,68.5,72.2,63.2,67.7,64.4,74.3,75.1,76.7,75.4,73.0,73.2,75.8,71.2,69.8,77.3,75.1,74.6,73.2,74.2,70.5,64.4,66.4,71.2,74.1,72.8
3826,79.6,73.6,75.3,78.2,79.2,78.3,79.1,78.4,77.1,76.5,78.9,77.9,78.5,75.9,77.9,77.6,77.9,70.1,78.7,79.2,77.9,76.8,78.2,76.6,77.0,78.9,78.0,77.1,77.0,77.0,78.0,75.6,74.4,76.0,75.1,75.3,79.9,72.3,77.7,76.1,78.1,78.2,76.1,75.6,78.5,76.3,76.1,74.3,80.7,74.9,78.5,72.1,80.9,75.8,68.2,70.0,70.5,73.1,66.8,70.0,68.0,68.8,71.0,75.0,66.5,70.2,67.7,76.3,77.1,79.0,79.3,76.9,76.8,78.6,74.1,73.5,79.4,77.2,77.0,76.4,77.3,73.9,66.7,68.3,73.7,76.6,75.3
3827,82.6,76.3,77.8,81.5,81.7,80.5,81.5,80.6,79.0,78.4,80.8,79.8,80.2,77.8,80.4,79.4,80.0,72.5,80.2,81.1,80.0,78.6,80.3,79.1,79.9,81.4,79.8,79.2,79.1,78.9,80.3,77.4,76.8,78.3,77.1,77.5,82.7,75.1,80.8,79.3,81.0,80.6,79.2,78.8,81.4,79.2,79.7,76.8,83.7,78.0,80.8,75.1,84.3,78.3,70.4,72.0,72.7,75.2,69.4,71.7,70.2,71.3,73.4,77.4,69.7,72.5,71.0,78.3,78.7,80.6,82.5,80.2,79.8,81.2,76.8,76.3,81.1,79.0,78.9,79.2,79.9,76.8,69.2,69.8,76.0,78.7,77.6
3828,85.2,78.1,79.7,84.2,83.7,82.7,83.6,82.4,80.4,80.0,82.1,81.3,81.5,79.3,82.3,80.7,81.9,74.7,81.6,82.4,81.9,80.0,81.9,81.1,82.4,83.6,81.3,80.8,80.8,80.5,82.0,78.7,79.0,80.2,79.2,79.2,85.1,77.1,83.4,81.6,83.6,82.5,82.0,81.3,84.1,81.3,82.3,78.6,85.8,80.2,82.6,77.3,86.9,80.2,72.2,73.6,74.3,76.8,71.8,73.1,72.0,73.5,75.5,79.6,72.5,74.3,73.7,79.8,80.0,82.1,84.7,82.9,82.4,83.2,79.2,78.3,82.4,80.3,80.6,81.5,82.0,79.3,71.2,70.8,77.9,80.3,79.6
3829,86.9,79.1,81.2,86.3,85.3,84.1,85.0,83.8,81.6,81.3,83.1,82.5,82.5,80.5,83.7,81.9,83.2,76.4,82.7,83.4,83.2,81.2,83.0,82.6,84.3,85.3,82.7,82.1,82.1,81.6,83.5,79.7,80.7,81.7,80.7,80.8,86.8,78.1,85.5,83.2,85.6,83.8,84.2,83.1,86.2,82.0,84.0,79.8,87.5,81.7,83.8,78.9,88.6,81.6,73.6,74.9,75.5,78.0,73.6,74.5,73.4,75.3,77.1,81.0,74.7,75.5,75.8,81.1,81.0,83.2,86.2,85.2,84.4,84.9,80.8,79.8,83.2,81.4,81.8,83.6,83.7,81.2,72.6,71.5,79.4,81.7,81.3
3830,87.7,79.5,82.1,87.8,86.6,85.3,86.2,84.9,82.1,82.4,83.7,83.4,83.2,81.5,84.5,82.6,84.1,77.4,83.2,83.6,84.0,82.0,83.8,83.8,85.8,86.5,83.7,83.0,82.9,82.3,84.4,80.3,81.7,82.7,82.0,81.8,88.0,78.1,86.9,83.6,87.2,84.5,85.7,84.3,87.4,82.1,85.2,80.9,88.3,83.1,84.5,79.8,89.6,82.5,74.4,76.0,76.4,79.0,75.2,75.3,73.9,76.9,78.4,82.0,76.3,76.4,77.2,82.0,81.5,83.8,87.1,86.9,85.1,86.1,82.0,80.5,83.7,82.0,82.9,85.1,85.1,82.7,73.9,71.8,81.0,82.5,82.4
3831,88.0,79.3,82.1,88.9,87.4,85.9,86.8,85.5,82.6,82.6,83.9,83.6,83.5,81.9,85.1,82.9,84.6,78.0,83.6,83.6,84.8,82.5,84.3,84.4,86.6,87.2,84.1,83.5,83.6,82.5,85.0,80.5,82.6,83.4,82.7,82.5,88.5,78.2,87.7,83.8,87.6,84.1,86.6,84.9,87.2,81.6,85.6,81.2,88.4,83.6,84.9,80.0,90.0,82.6,75.1,76.5,76.9,79.5,76.2,76.0,74.7,78.0,79.1,82.6,77.4,76.9,77.5,82.6,81.7,84.1,87.2,88.2,84.9,86.4,82.5,81.0,83.7,82.1,83.3,85.9,86.0,83.6,74.4,71.6,81.7,83.1,83.0
3832,86.9,78.2,81.6,89.0,87.4,86.2,86.8,85.6,82.2,82.6,83.7,83.7,83.2,81.8,85.2,82.8,84.6,78.1,83.4,83.1,84.5,82.4,84.3,84.4,86.7,87.1,84.0,83.3,83.6,82.1,84.9,80.0,82.7,83.4,82.7,82.7,88.2,77.4,88.0,83.3,87.8,83.4,86.8,85.1,86.2,81.0,85.6,80.7,87.6,83.8,84.5,79.3,89.7,82.2,75.4,76.5,77.1,79.6,76.7,76.0,74.4,78.5,79.2,82.6,77.5,76.6,77.1,82.3,81.3,83.8,86.8,88.5,84.2,86.4,82.4,80.7,83.5,82.0,83.1,86.1,86.1,83.9,74.3,71.1,81.9,82.8,82.8
3833,85.0,76.9,79.7,88.5,86.6,85.6,86.0,85.0,81.5,81.9,82.9,83.2,82.4,81.4,84.3,82.1,83.9,77.2,82.4,82.2,83.9,81.9,83.7,83.7,85.6,86.4,83.5,82.8,83.2,81.6,84.4,79.2,82.2,82.9,82.2,82.1,86.6,76.2,87.2,82.4,87.3,81.6,86.3,84.0,84.7,79.6,84.7,79.7,86.2,83.0,83.7,78.1,88.5,80.5,74.8,75.9,76.8,79.1,76.5,75.4,73.7,78.3,78.8,81.7,76.8,75.6,75.5,82.0,80.6,83.2,85.8,87.5,83.1,85.7,81.3,80.0,82.6,81.3,82.4,85.7,85.4,83.4,73.7,70.1,81.4,82.5,82.1
3834,82.4,74.5,76.9,87.0,85.0,84.1,84.6,83.6,80.0,80.6,81.5,82.2,81.0,80.3,82.8,80.6,82.7,75.6,81.0,80.6,82.6,80.5,82.3,82.2,84.1,84.9,82.5,81.4,82.0,80.2,83.3,77.9,80.8,81.3,81.0,80.9,83.9,73.8,85.6,80.4,86.1,78.8,84.5,82.8,82.3,76.9,83.3,77.7,83.9,81.6,82.4,76.0,86.7,77.5,73.8,74.7,75.7,78.1,75.7,74.0,72.5,77.4,77.3,80.0,75.0,73.8,73.0,80.9,79.3,81.9,84.0,85.9,81.3,84.6,79.4,78.4,81.2,79.9,81.1,84.1,84.0,81.7,72.6,68.6,80.5,81.2,80.9
3835,77.7,70.5,71.6,83.9,82.6,81.7,81.9,80.9,77.2,78.3,78.8,80.2,78.0,78.3,80.0,78.3,80.2,72.2,78.1,77.3,80.2,77.9,79.9,79.4,81.3,82.0,80.7,78.8,79.7,77.9,81.0,75.1,78.5,78.8,79.1,78.6,79.2,70.0,82.9,76.7,83.6,73.7,81.4,80.2,78.1,73.2,80.6,74.5,79.0,79.0,80.1,73.3,83.5,73.2,72.3,72.4,73.8,76.0,74.4,71.6,70.3,75.5,74.3,76.9,72.1,70.9,69.4,78.8,76.7,79.3,81.0,82.9,77.9,82.5,75.7,75.5,78.0,77.3,78.8,81.2,80.9,79.0,70.1,66.5,78.5,79.0,78.7
3836,73.3,66.7,67.8,79.3,79.0,78.6,78.8,76.7,74.2,75.3,75.5,77.2,74.0,75.7,76.7,75.2,75.7,67.2,74.6,74.0,76.4,74.7,76.0,75.2,76.6,77.5,78.8,75.3,76.2,74.8,77.5,71.3,74.5,75.4,75.9,75.0,74.8,66.2,78.5,71.6,80.5,69.4,76.9,74.7,74.1,69.1,75.5,70.0,74.7,73.2,75.9,70.2,77.9,68.9,68.9,68.6,70.1,72.4,71.9,67.5,67.3,71.8,69.6,71.9,68.3,66.7,64.6,76.4,73.3,75.7,75.9,77.8,73.5,77.4,70.9,69.3,74.4,73.7,75.4,76.5,76.3,75.0,64.6,64.3,75.3,75.7,74.9
3837,70.9,64.5,65.8,75.7,76.0,76.4,76.8,74.1,72.6,73.7,73.3,74.7,72.2,73.8,74.6,73.5,73.1,64.1,72.4,72.2,73.8,72.7,73.9,72.9,73.2,74.6,77.1,73.0,73.7,72.7,75.1,69.8,71.6,73.2,73.5,71.9,72.2,64.0,74.7,68.1,77.7,67.2,73.2,71.3,71.9,66.4,71.8,67.5,71.5,67.4,71.7,67.9,73.0,66.9,65.8,65.4,66.5,69.6,68.7,64.9,64.5,67.4,65.9,68.5,65.3,63.5,61.5,74.7,71.4,73.6,72.0,73.4,70.1,73.3,68.0,65.8,72.5,71.7,73.4,72.8,73.3,71.6,59.5,62.8,72.4,73.4,71.7
3838,68.6,62.7,64.2,73.3,74.0,74.8,75.0,72.4,71.3,72.3,71.7,73.2,70.9,72.3,73.1,72.2,71.7,61.8,71.0,71.0,72.4,71.3,72.4,71.6,71.3,73.0,75.6,71.7,72.3,71.5,73.6,68.7,69.7,71.4,71.8,70.3,70.4,62.3,72.6,66.1,75.4,65.6,71.1,68.6,69.8,64.6,68.2,65.2,68.8,64.7,68.5,66.1,69.4,65.5,64.2,62.7,64.5,67.3,65.7,63.1,62.7,64.5,63.4,66.1,63.1,61.6,59.3,73.4,70.2,72.3,68.9,71.5,67.7,71.1,65.5,63.9,70.9,70.3,71.8,70.8,71.7,69.5,57.9,61.7,70.5,71.6,69.8
3839,66.8,61.1,62.5,71.5,72.6,73.6,73.7,71.1,70.1,71.3,70.4,71.8,69.9,70.9,71.8,71.2,70.3,60.0,69.8,69.9,71.2,70.2,71.4,70.3,69.9,71.8,74.3,70.5,70.9,70.4,72.3,68.1,68.3,69.7,70.6,69.2,68.7,60.9,71.2,64.0,73.6,64.5,69.3,67.1,68.0,62.9,65.3,62.8,66.2,63.1,66.2,64.2,67.0,64.2,62.9,60.5,63.0,65.7,63.3,61.7,61.2,62.9,61.5,63.5,61.3,59.7,57.7,72.1,69.2,70.9,66.7,69.5,65.2,69.3,62.6,61.9,69.9,69.2,70.7,69.1,70.2,67.9,57.1,60.8,68.9,70.4,68.4
3840,65.1,60.0,61.4,69.9,71.2,72.5,72.4,70.2,69.2,70.2,69.4,70.8,68.9,69.9,70.8,70.0,69.2,58.8,68.8,68.9,70.0,69.0,70.4,69.2,68.7,70.7,73.0,69.3,69.8,69.4,71.2,67.3,67.2,68.6,69.3,67.9,67.3,59.6,69.7,62.4,71.7,63.0,67.9,65.4,66.3,61.7,62.8,60.8,63.3,61.1,64.4,62.2,65.0,62.9,61.4,58.5,61.5,64.5,61.6,60.3,59.7,61.0,60.2,61.4,59.7,57.9,55.8,71.1,68.2,69.8,64.4,68.1,63.6,67.6,60.3,60.1,68.8,68.1,69.6,67.8,69.0,66.2,56.6,59.9,67.7,69.2,67.2
3841,63.5,58.6,60.1,68.7,70.0,71.3,71.1,69.3,68.3,69.2,68.6,69.8,68.0,69.1,69.9,69.2,68.3,57.4,67.9,68.0,69.1,68.2,69.7,68.3,67.5,69.5,72.1,68.4,68.8,68.4,70.2,66.7,66.3,67.4,68.4,67.0,65.9,58.4,68.5,60.9,69.9,62.0,66.6,64.3,64.7,60.5,60.6,59.0,60.7,58.9,62.5,60.2,63.3,62.1,60.2,57.0,60.1,63.2,60.0,59.1,58.5,59.6,58.3,58.9,58.1,56.6,54.1,70.2,67.4,69.2,62.4,66.4,61.9,66.2,58.1,58.6,68.1,67.2,68.8,66.7,68.2,64.9,56.0,59.0,66.8,68.0,66.2
3842,62.1,57.7,59.1,67.4,69.1,70.3,70.2,68.5,67.5,68.4,67.5,68.9,67.1,68.1,69.0,68.5,67.4,56.2,67.1,67.3,68.1,67.3,69.0,67.5,66.5,68.6,71.1,67.6,68.0,67.9,69.2,65.9,65.2,66.4,67.4,66.0,64.6,57.3,67.4,59.2,67.9,60.9,65.3,62.7,63.1,59.5,58.8,57.2,58.2,56.6,60.7,58.4,61.3,61.0,59.0,55.5,59.1,61.9,58.4,57.8,57.4,58.4,57.0,56.7,56.4,55.1,52.5,69.2,66.7,68.2,60.4,64.6,60.4,64.3,55.9,56.6,67.3,66.3,67.8,65.6,67.0,63.4,55.2,58.4,65.7,67.0,65.4
3843,60.8,56.6,58.4,66.2,68.4,69.6,69.5,67.6,66.8,67.6,66.7,68.3,66.4,67.5,68.3,67.9,66.7,55.1,66.4,66.6,67.3,66.7,68.4,66.6,65.5,67.8,70.4,66.9,67.1,67.2,68.5,65.4,64.4,65.6,66.5,65.2,63.3,55.9,66.4,57.5,66.6,60.1,64.3,61.4,61.9,58.4,57.0,55.7,56.4,54.8,59.4,56.9,59.0,60.1,57.8,54.4,58.1,60.9,57.1,56.6,56.4,57.2,55.8,55.0,55.1,53.5,50.9,68.3,66.0,67.4,58.7,63.4,58.5,62.8,54.3,55.1,66.6,65.6,67.3,64.5,66.3,62.4,54.5,57.7,64.7,66.2,64.6
3844,59.4,56.0,57.4,65.0,67.7,68.8,68.7,67.0,66.2,67.0,66.1,67.5,65.7,66.9,67.6,67.2,66.2,54.0,65.8,66.0,66.7,66.1,67.8,65.9,64.8,67.1,69.8,66.2,66.6,66.6,67.8,65.0,63.6,64.9,65.9,64.5,62.4,55.2,65.5,56.0,65.0,59.6,63.1,60.0,60.6,57.4,55.4,54.2,54.4,53.2,58.3,55.4,57.1,59.1,56.9,53.2,57.2,60.1,56.2,55.6,55.3,55.8,54.6,53.0,53.8,52.0,49.5,67.8,65.5,66.7,56.7,62.2,57.0,61.5,52.4,53.4,66.1,64.9,66.8,63.7,65.5,61.4,53.5,57.3,64.0,65.7,63.8
3845,58.8,55.5,56.9,63.8,67.0,68.2,68.1,66.4,65.7,66.6,65.8,66.9,65.4,66.3,67.1,66.6,65.7,54.2,65.3,65.8,66.2,65.6,67.2,65.2,64.0,66.4,69.3,65.7,66.1,66.3,67.2,64.6,62.9,64.2,65.4,63.8,61.6,54.5,64.5,54.3,64.0,59.5,62.3,58.8,59.9,56.7,53.9,53.8,53.4,51.7,57.2,54.6,55.3,58.9,55.9,53.8,56.2,59.4,55.2,56.0,55.8,54.9,55.0,52.2,53.1,52.2,48.2,67.4,65.1,66.3,55.0,61.3,56.1,60.3,52.3,52.1,65.8,64.6,66.2,62.9,64.6,60.3,52.6,57.5,63.3,65.2,63.2
3846,62.9,58.8,60.5,63.2,67.3,68.3,68.3,67.5,67.0,67.7,68.3,67.8,67.7,66.9,67.3,67.9,67.0,58.3,67.4,68.3,67.2,66.6,68.0,65.7,63.9,66.7,69.8,66.2,67.3,67.3,68.0,66.5,63.7,65.1,66.1,65.1,64.7,57.7,63.8,57.8,64.7,63.2,62.2,61.3,62.8,60.1,56.7,58.4,59.7,52.9,57.6,56.7,56.8,61.9,55.9,57.0,57.3,60.5,55.3,59.0,58.0,55.0,58.8,57.7,54.5,56.7,52.4,67.8,66.9,68.6,56.8,60.6,60.1,62.3,58.5,53.6,68.1,66.9,67.1,63.0,64.7,60.4,53.6,59.5,63.7,66.0,64.7
3847,67.7,63.2,65.1,66.2,70.0,70.3,70.7,70.1,69.7,70.0,71.4,70.2,71.0,69.2,69.7,70.5,69.8,61.7,70.9,71.5,70.1,69.4,70.5,68.3,66.6,69.7,71.8,68.8,69.6,69.9,70.3,69.1,66.3,67.8,68.1,68.0,69.0,62.2,66.1,64.5,67.9,67.8,65.2,65.5,66.9,65.1,61.3,64.0,67.1,59.3,64.2,60.2,63.6,65.7,58.0,61.0,60.5,64.0,57.7,62.5,60.2,58.2,62.3,63.7,56.9,61.1,57.1,69.9,70.2,71.6,63.4,64.1,64.8,67.9,63.8,60.0,71.6,69.9,69.8,65.9,67.6,63.4,58.0,61.9,66.0,68.7,67.6
3848,72.4,67.2,69.2,70.8,73.5,73.0,73.6,73.4,72.6,72.6,74.4,73.1,74.0,71.8,72.8,73.3,73.0,64.6,74.2,74.6,73.0,72.3,73.6,71.4,70.4,73.1,74.2,71.9,72.3,72.6,73.2,71.6,69.3,70.9,70.7,70.7,73.1,66.0,70.1,69.3,71.2,72.1,69.2,69.4,71.2,69.9,66.3,68.3,72.9,65.8,71.2,64.3,70.5,69.5,61.4,64.8,64.4,67.3,60.5,65.5,62.8,62.0,65.6,68.5,59.8,64.7,60.6,72.5,73.1,74.3,69.8,69.0,69.3,72.5,67.8,65.4,74.9,73.0,72.5,69.9,71.3,67.1,61.4,64.4,68.8,71.8,70.4
3849,76.6,70.7,72.8,75.0,76.9,75.9,76.9,76.4,75.3,74.9,77.0,75.9,76.5,74.0,75.9,75.9,75.8,67.4,77.0,77.3,75.8,75.0,76.3,74.6,74.2,76.4,76.4,75.1,75.0,75.1,75.9,74.1,72.1,73.9,73.2,73.4,76.8,69.5,74.2,73.0,74.8,75.7,73.0,72.7,75.1,73.7,71.8,71.5,77.2,71.1,75.5,68.5,76.3,73.1,65.2,67.8,67.8,70.4,63.6,68.1,65.5,65.7,68.6,72.1,63.2,67.8,64.3,74.8,75.4,77.0,75.5,73.4,73.7,75.9,71.1,69.9,77.7,75.7,75.1,73.7,74.7,70.9,64.3,66.7,71.7,74.7,73.3
3850,79.9,73.9,75.7,78.6,79.8,78.7,79.4,79.0,77.5,77.0,79.3,78.3,78.9,76.3,78.3,77.9,78.5,70.2,79.0,79.6,78.4,77.2,78.5,77.3,77.4,79.3,78.5,77.5,77.4,77.3,78.5,76.0,74.9,76.5,75.7,75.9,80.3,72.6,77.9,76.3,78.3,78.7,76.5,75.8,79.0,76.9,76.2,74.3,80.7,74.9,78.6,72.1,81.0,76.1,68.2,70.2,70.4,73.0,66.5,70.2,68.0,68.7,71.2,74.9,66.4,70.4,67.6,76.8,77.4,79.3,79.3,77.4,77.3,78.7,74.0,73.5,79.7,77.6,77.5,77.0,77.9,74.3,66.6,68.6,74.2,77.1,75.8
3851,83.0,76.6,78.2,81.8,82.3,80.9,81.8,81.3,79.3,78.9,81.1,80.2,80.6,78.2,80.7,79.8,80.6,72.7,80.6,81.6,80.6,79.0,80.6,79.8,80.3,81.9,80.4,79.6,79.6,79.2,80.9,77.8,77.3,78.8,77.7,78.0,83.1,75.4,81.1,79.5,81.2,81.1,79.6,79.0,82.0,79.8,79.8,76.8,83.7,78.1,80.8,75.1,84.4,78.6,70.3,72.1,72.5,75.1,69.1,71.8,70.1,71.2,73.5,77.4,69.6,72.7,70.9,78.7,79.0,81.0,82.6,80.7,80.3,81.3,76.7,76.2,81.4,79.5,79.4,79.7,80.5,77.2,69.1,70.1,76.6,79.2,78.0
3852,85.5,78.4,80.1,84.5,84.4,83.0,83.9,83.1,80.7,80.6,82.4,81.7,81.8,79.8,82.6,81.1,82.5,74.8,81.9,82.8,82.4,80.4,82.2,81.8,82.7,84.1,81.9,81.3,81.3,80.8,82.5,79.1,79.5,80.7,79.7,79.8,85.4,77.3,83.7,81.8,83.8,83.1,82.3,81.4,84.6,81.8,82.4,78.6,86.0,80.2,82.7,77.3,87.0,80.5,72.1,73.6,74.2,76.6,71.6,73.2,72.0,73.5,75.6,79.5,72.4,74.4,73.6,80.3,80.3,82.4,84.7,83.3,82.9,83.3,79.1,78.3,82.7,80.7,81.1,82.0,82.6,79.7,71.1,71.2,78.4,80.8,80.0
3853,87.3,79.3,81.7,86.5,85.9,84.4,85.4,84.5,81.9,81.8,83.5,82.9,82.9,81.0,84.0,82.3,83.8,76.5,83.0,83.9,83.8,81.7,83.3,83.3,84.7,85.7,83.2,82.5,82.6,81.9,84.0,80.1,81.2,82.2,81.2,81.3,87.1,78.3,85.8,83.3,85.8,84.3,84.5,83.2,86.7,82.5,84.0,79.8,87.6,81.6,83.9,79.0,88.6,81.9,73.4,75.0,75.3,77.9,73.4,74.6,73.3,75.2,77.2,81.0,74.7,75.6,75.7,81.6,81.4,83.5,86.2,85.6,85.0,84.9,80.7,79.7,83.5,81.7,82.3,84.1,84.2,81.6,72.5,71.9,80.0,82.3,81.6
3854,88.1,79.9,82.4,88.0,87.2,85.6,86.5,85.6,82.4,82.9,84.0,83.8,83.6,82.0,84.8,83.0,84.7,77.4,83.6,84.0,84.5,82.4,84.0,84.4,86.2,86.9,84.2,83.3,83.4,82.6,85.0,80.7,82.2,83.3,82.5,82.3,88.3,78.6,87.2,83.7,87.4,85.0,86.0,84.5,87.9,82.6,85.3,80.9,88.5,83.0,84.6,79.8,89.7,82.9,74.3,76.1,76.3,78.9,75.0,75.5,73.9,76.9,78.4,82.0,76.4,76.5,77.2,82.5,81.8,84.2,87.2,87.2,85.7,86.2,82.0,80.5,83.9,82.3,83.4,85.5,85.6,83.2,73.8,72.1,81.5,83.0,82.7
3855,88.4,79.6,82.6,89.2,88.0,86.2,87.1,86.1,82.9,83.1,84.2,84.0,83.7,82.4,85.3,83.3,85.2,78.0,83.8,84.0,85.3,82.9,84.4,85.0,87.0,87.6,84.6,83.9,84.1,82.8,85.5,80.8,83.1,83.9,83.1,83.0,88.8,78.4,88.0,84.1,87.8,84.6,86.9,85.0,87.8,82.2,85.7,81.2,88.5,83.5,85.0,80.0,90.2,83.0,74.9,76.6,76.8,79.3,76.1,76.1,74.7,78.0,79.1,82.5,77.4,76.9,77.6,83.0,82.0,84.5,87.5,88.6,85.5,86.5,82.5,81.1,84.0,82.4,83.8,86.4,86.5,84.0,74.4,71.9,82.2,83.6,83.3
3856,87.5,78.5,81.9,89.3,88.0,86.5,87.1,86.2,82.6,83.0,84.0,84.1,83.4,82.3,85.4,83.2,85.1,78.0,83.6,83.5,85.0,82.8,84.5,85.0,87.1,87.5,84.4,83.8,84.0,82.4,85.4,80.3,83.2,83.9,83.1,83.2,88.5,77.6,88.2,83.6,88.0,83.9,87.2,85.2,86.8,81.6,85.6,80.7,87.8,83.7,84.6,79.5,89.8,82.5,75.3,76.6,77.0,79.4,76.7,76.1,74.4,78.6,79.2,82.6,77.6,76.7,77.1,82.7,81.6,84.1,87.0,88.9,84.7,86.4,82.4,80.8,83.7,82.3,83.6,86.5,86.6,84.2,74.3,71.5,82.4,83.4,83.2
3857,85.6,77.1,80.0,88.8,87.2,85.9,86.4,85.6,81.9,82.4,83.1,83.6,82.7,81.8,84.7,82.4,84.4,77.2,82.7,82.5,84.4,82.2,84.0,84.3,85.9,86.9,83.9,83.2,83.6,81.8,84.9,79.5,82.6,83.4,82.6,82.6,86.9,76.4,87.5,82.7,87.6,82.0,86.6,84.2,85.1,80.2,84.7,79.8,86.4,82.8,83.9,78.2,88.7,80.8,74.6,76.0,76.7,79.0,76.6,75.4,73.7,78.5,78.8,81.8,76.9,75.6,75.6,82.5,81.0,83.5,86.1,87.9,83.6,85.7,81.4,79.9,82.9,81.6,82.8,86.1,85.9,83.6,73.8,70.4,81.8,83.0,82.4
3858,82.8,74.7,77.2,87.3,85.6,84.4,84.9,84.1,80.4,81.1,81.7,82.6,81.3,80.8,83.1,80.9,83.3,75.6,81.2,80.9,83.1,80.8,82.6,82.8,84.4,85.3,82.9,81.8,82.4,80.5,83.8,78.1,81.1,81.7,81.4,81.4,84.2,74.0,85.9,80.7,86.4,79.3,84.8,82.8,82.7,77.6,83.4,77.8,84.0,81.5,82.5,76.2,86.9,77.8,73.7,74.8,75.6,78.0,75.8,74.1,72.6,77.6,77.3,80.1,75.1,73.8,73.1,81.3,79.6,82.2,84.3,86.4,81.7,84.5,79.4,78.4,81.4,80.3,81.6,84.4,84.5,82.0,72.6,69.0,80.8,81.7,81.2
3859,78.0,70.8,72.0,84.2,83.1,82.0,82.3,81.4,77.5,78.7,79.1,80.5,78.3,78.7,80.3,78.6,80.7,72.2,78.4,77.6,80.6,78.3,80.2,79.9,81.6,82.4,81.1,79.2,80.1,78.2,81.4,75.4,78.7,79.3,79.5,79.1,79.6,70.3,83.2,77.1,84.0,74.2,81.8,80.3,78.4,73.7,80.6,74.5,79.2,78.9,80.2,73.4,83.7,73.4,72.2,72.5,73.8,76.0,74.5,71.7,70.3,75.7,74.3,77.0,72.1,70.9,69.4,79.3,77.0,79.6,81.2,83.3,78.2,82.4,75.7,75.4,78.2,77.7,79.2,81.5,81.4,79.3,70.2,66.9,78.9,79.5,79.1
3860,73.6,67.1,68.1,79.7,79.6,79.0,79.2,77.3,74.5,75.8,75.8,77.5,74.3,76.1,77.1,75.5,76.3,67.2,74.8,74.4,76.8,75.0,76.5,75.8,77.0,78.1,79.2,75.7,76.7,75.2,78.0,71.7,74.8,75.9,76.3,75.6,75.0,66.4,78.8,71.9,81.0,69.8,77.3,75.0,74.4,69.5,75.6,70.1,74.8,73.2,76.0,70.3,78.0,69.2,68.7,68.6,70.0,72.4,72.0,67.5,67.3,72.0,69.5,72.0,68.3,66.7,64.6,76.8,73.7,76.1,76.0,78.1,73.8,77.5,70.9,69.4,74.6,74.1,75.9,76.9,76.8,75.3,64.7,64.6,75.7,76.2,75.3
3861,71.2,64.8,66.1,76.2,76.5,76.8,77.2,74.8,72.9,74.2,73.7,75.1,72.6,74.3,75.0,73.8,73.7,64.0,72.7,72.5,74.4,73.1,74.3,73.5,73.5,75.2,77.5,73.4,74.3,73.1,75.6,70.2,71.9,73.7,74.0,72.6,72.4,64.3,75.1,68.3,78.1,67.6,73.5,71.5,72.1,66.6,71.9,67.5,71.6,67.4,71.8,68.1,73.1,67.0,65.6,65.4,66.4,69.6,68.8,64.9,64.6,67.4,65.9,68.6,65.3,63.6,61.5,75.1,71.9,74.1,72.1,73.7,70.4,73.3,68.0,65.9,72.7,72.1,73.9,73.1,73.8,71.8,59.6,63.1,72.7,73.9,72.2
3862,68.9,63.0,64.4,73.7,74.5,75.1,75.4,73.0,71.6,72.8,72.1,73.6,71.4,72.7,73.5,72.5,72.3,61.8,71.3,71.3,72.9,71.7,72.8,72.2,71.7,73.5,76.0,72.1,72.9,71.9,74.1,69.2,70.0,71.9,72.3,70.9,70.5,62.5,72.9,66.3,75.7,65.9,71.5,68.6,69.9,64.8,68.3,65.2,68.9,64.6,68.6,66.3,69.5,65.7,64.0,62.8,64.4,67.2,65.7,63.1,62.8,64.6,63.4,66.2,63.0,61.7,59.4,73.9,70.6,72.7,69.1,71.8,67.9,71.2,65.5,63.9,71.2,70.8,72.3,71.2,72.1,69.7,58.0,61.9,70.9,72.1,70.3
3863,67.1,61.3,62.8,71.8,73.2,73.9,74.0,71.7,70.3,71.8,70.8,72.2,70.4,71.4,72.2,71.5,71.0,60.0,70.1,70.2,71.7,70.6,71.8,70.9,70.3,72.3,74.7,71.0,71.5,70.8,72.8,68.5,68.6,70.2,71.1,69.8,68.8,61.1,71.4,64.2,73.8,64.7,69.6,67.1,68.1,63.0,65.4,62.8,66.3,63.0,66.2,64.3,67.1,64.4,62.7,60.6,62.9,65.6,63.3,61.7,61.3,62.9,61.4,63.6,61.3,59.9,57.6,72.6,69.7,71.4,66.9,69.7,65.6,69.3,62.6,61.9,70.2,69.6,71.2,69.4,70.7,68.1,57.0,61.1,69.2,70.9,68.8
3864,65.3,60.2,61.7,70.2,71.8,72.9,72.7,70.8,69.5,70.8,69.8,71.1,69.3,70.4,71.2,70.4,69.8,58.8,69.1,69.2,70.6,69.4,70.8,69.6,68.9,71.1,73.5,69.8,70.4,69.8,71.7,67.8,67.5,69.1,69.9,68.5,67.5,59.7,69.9,62.6,71.9,63.2,68.2,65.5,66.6,61.8,62.8,60.8,63.5,61.0,64.4,62.3,65.1,63.1,61.3,58.7,61.4,64.4,61.5,60.4,59.7,61.0,60.3,61.3,59.6,58.0,55.8,71.6,68.7,70.3,64.5,68.3,63.9,67.6,60.2,60.1,69.2,68.6,70.1,68.1,69.4,66.4,56.6,60.2,68.0,69.7,67.7
3865,63.7,58.9,60.4,69.0,70.5,71.6,71.5,69.8,68.6,69.7,68.9,70.2,68.5,69.5,70.3,69.6,68.9,57.4,68.2,68.3,69.7,68.6,70.2,68.7,67.8,69.9,72.6,68.8,69.4,68.8,70.8,67.2,66.5,67.9,68.9,67.6,66.1,58.5,68.7,61.0,70.1,62.2,66.9,64.4,65.0,60.7,60.7,59.0,60.9,59.0,62.6,60.3,63.5,62.1,60.1,57.1,60.1,63.1,59.9,59.2,58.5,59.5,58.3,58.8,58.0,56.7,54.1,70.6,67.9,69.6,62.6,66.6,62.2,66.2,58.2,58.6,68.4,67.6,69.2,67.0,68.6,65.1,56.0,59.3,67.1,68.5,66.7
3866,62.4,58.0,59.2,67.6,69.6,70.6,70.6,69.0,67.9,68.8,67.9,69.3,67.5,68.5,69.4,68.9,68.0,56.3,67.4,67.7,68.7,67.7,69.4,67.8,66.8,69.1,71.6,68.0,68.6,68.3,69.7,66.4,65.5,66.9,67.9,66.7,64.9,57.4,67.6,59.3,68.1,61.1,65.6,62.8,63.4,59.7,58.9,57.2,58.5,56.6,60.9,58.5,61.4,61.1,58.8,55.7,59.0,61.8,58.3,57.9,57.3,58.3,57.0,56.7,56.3,55.2,52.5,69.7,67.2,68.6,60.6,64.9,60.7,64.4,55.8,56.7,67.6,66.7,68.3,65.9,67.3,63.7,55.2,58.6,66.1,67.6,65.9
3867,61.0,56.8,58.5,66.3,68.8,69.9,69.9,68.1,67.1,68.1,67.1,68.7,66.9,67.9,68.7,68.3,67.3,55.1,66.7,66.9,67.9,67.1,68.8,67.0,65.8,68.2,70.8,67.3,67.7,67.6,69.0,65.8,64.8,66.1,67.0,65.8,63.6,56.0,66.6,57.7,66.7,60.4,64.6,61.5,62.3,58.5,57.1,55.7,56.5,54.8,59.5,57.0,59.1,60.2,57.7,54.5,58.0,60.9,57.0,56.8,56.4,57.2,55.8,55.0,55.0,53.7,50.9,68.8,66.4,67.7,58.9,63.6,58.8,62.9,54.2,55.1,67.0,66.0,67.7,64.9,66.6,62.6,54.5,57.9,65.1,66.8,65.1
3868,59.6,56.1,57.6,65.2,68.2,69.1,69.1,67.4,66.6,67.5,66.5,67.9,66.1,67.4,68.0,67.6,66.8,54.1,66.1,66.3,67.3,66.5,68.2,66.3,65.0,67.6,70.3,66.6,67.2,67.0,68.3,65.4,63.9,65.4,66.4,65.0,62.6,55.2,65.7,56.1,65.1,59.9,63.5,60.1,60.9,57.5,55.5,54.2,54.5,53.2,58.5,55.6,57.2,59.2,56.8,53.3,57.1,60.1,56.0,55.7,55.4,55.9,54.7,53.0,53.8,52.1,49.4,68.2,65.9,67.1,56.9,62.5,57.3,61.5,52.3,53.3,66.4,65.4,67.2,64.0,65.9,61.6,53.6,57.5,64.3,66.2,64.3
3869,59.1,55.7,57.1,64.1,67.5,68.5,68.4,66.9,66.0,67.1,66.2,67.3,65.8,66.8,67.4,67.0,66.3,54.4,65.7,66.2,66.7,66.0,67.5,65.6,64.3,66.8,69.8,66.1,66.6,66.7,67.7,65.0,63.2,64.6,65.8,64.4,61.8,54.6,64.7,54.5,64.2,59.9,62.6,58.9,60.2,56.8,54.0,53.8,53.5,51.7,57.4,54.7,55.4,59.1,55.8,54.0,56.2,59.3,55.1,56.1,55.8,54.9,55.1,52.3,53.0,52.3,48.3,67.8,65.5,66.7,55.3,61.5,56.4,60.3,52.2,52.2,66.2,65.1,66.7,63.3,65.0,60.6,52.7,57.8,63.6,65.7,63.8
3870,63.1,58.9,60.6,63.5,67.8,68.6,68.7,67.9,67.4,68.1,68.6,68.2,68.1,67.3,67.7,68.3,67.5,58.3,67.7,68.6,67.6,67.0,68.3,66.1,64.2,67.1,70.3,66.6,67.8,67.7,68.4,66.9,63.9,65.5,66.5,65.5,64.9,57.8,64.0,58.0,64.9,63.5,62.5,61.4,63.1,60.2,56.8,58.4,59.8,53.0,57.7,56.8,56.9,62.0,55.8,57.1,57.3,60.5,55.1,59.1,58.0,54.9,58.9,57.8,54.4,56.9,52.4,68.2,67.3,69.1,57.0,60.8,60.4,62.4,58.5,53.6,68.4,67.3,67.5,63.4,65.1,60.6,53.6,59.9,64.0,66.4,65.1
3871,67.8,63.3,65.1,66.5,70.4,70.5,71.0,70.5,70.0,70.4,71.7,70.5,71.4,69.6,70.0,70.9,70.3,61.7,71.2,71.8,70.4,69.7,70.9,68.6,66.9,70.0,72.2,69.2,70.0,70.3,70.7,69.4,66.5,68.1,68.5,68.5,69.2,62.2,66.4,64.8,68.2,68.0,65.5,65.6,67.1,65.3,61.4,64.0,67.3,59.3,64.3,60.4,63.8,65.8,58.0,61.0,60.4,64.0,57.5,62.6,60.2,58.2,62.3,63.8,56.8,61.2,57.1,70.3,70.6,72.0,63.6,64.3,65.1,68.0,63.9,60.1,71.8,70.3,70.1,66.1,67.9,63.5,58.0,62.4,66.2,69.2,67.9
3872,72.5,67.3,69.2,71.1,73.8,73.2,73.9,73.8,73.0,72.9,74.7,73.5,74.3,72.2,73.1,73.6,73.4,64.5,74.4,74.9,73.3,72.6,74.0,71.8,70.7,73.4,74.5,72.2,72.7,72.9,73.5,71.9,69.4,71.3,71.0,71.1,73.4,66.0,70.3,69.5,71.5,72.3,69.4,69.4,71.4,70.1,66.5,68.3,73.0,65.8,71.3,64.4,70.6,69.6,61.3,64.7,64.4,67.3,60.4,65.5,62.7,61.9,65.6,68.6,59.8,64.7,60.6,72.8,73.4,74.6,69.9,69.2,69.5,72.5,67.8,65.5,75.1,73.3,72.8,70.0,71.6,67.2,61.5,64.9,69.0,72.1,70.6
3873,76.7,70.8,72.7,75.2,77.2,76.1,77.1,76.8,75.6,75.2,77.3,76.2,76.8,74.3,76.1,76.2,76.1,67.3,77.2,77.6,76.1,75.4,76.6,74.9,74.4,76.6,76.7,75.3,75.3,75.4,76.2,74.4,72.3,74.2,73.5,73.6,77.1,69.6,74.4,73.3,75.1,76.0,73.1,72.7,75.3,73.8,71.9,71.5,77.3,71.1,75.7,68.7,76.5,73.1,65.2,67.7,67.8,70.4,63.5,68.0,65.3,65.7,68.6,72.3,63.2,67.8,64.3,75.1,75.7,77.3,75.7,73.6,73.9,75.8,71.2,70.1,77.9,76.0,75.4,73.8,75.0,70.9,64.3,67.2,71.8,75.0,73.4
3874,80.0,74.0,75.7,78.8,80.1,78.9,79.6,79.4,77.8,77.3,79.6,78.6,79.2,76.7,78.5,78.3,78.8,70.1,79.4,79.9,78.7,77.5,78.8,77.6,77.6,79.5,78.9,77.8,77.7,77.5,78.8,76.3,75.0,76.7,75.9,76.1,80.6,72.7,78.1,76.6,78.5,79.0,76.6,75.8,79.1,77.1,76.4,74.4,80.8,74.9,78.7,72.3,81.2,76.1,68.2,70.1,70.4,73.0,66.5,70.1,67.8,68.7,71.0,75.0,66.4,70.4,67.6,77.2,77.7,79.6,79.5,77.6,77.4,78.6,74.1,73.6,80.0,78.0,77.8,77.0,78.1,74.3,66.7,69.2,74.4,77.5,75.9
3875,83.0,76.6,78.1,82.0,82.6,81.1,82.0,81.7,79.6,79.2,81.4,80.5,80.9,78.6,80.9,80.2,80.9,72.5,80.9,81.9,80.8,79.3,80.9,80.1,80.4,82.1,80.7,79.9,79.8,79.5,81.2,78.2,77.3,78.9,77.9,78.1,83.4,75.5,81.2,79.7,81.4,81.3,79.6,78.9,82.1,80.0,80.0,76.9,83.9,78.1,81.0,75.2,84.6,78.6,70.4,72.0,72.5,75.1,69.0,71.7,70.0,71.2,73.3,77.4,69.6,72.6,70.9,79.1,79.3,81.3,82.7,80.9,80.5,81.2,76.8,76.3,81.6,79.8,79.8,79.7,80.7,77.2,69.1,70.8,76.7,79.6,78.1
3876,85.6,78.5,80.1,84.7,84.6,83.2,84.1,83.5,81.1,80.9,82.7,82.0,82.2,80.2,82.8,81.5,82.9,74.6,82.2,83.1,82.7,80.8,82.4,82.1,82.8,84.3,82.2,81.5,81.6,81.1,82.8,79.5,79.5,80.8,79.8,79.9,85.8,77.4,83.9,82.0,84.0,83.2,82.3,81.4,84.7,81.9,82.5,78.7,86.1,80.2,82.8,77.4,87.1,80.5,72.1,73.4,74.2,76.7,71.4,73.1,71.9,73.3,75.4,79.6,72.4,74.4,73.7,80.7,80.6,82.7,84.9,83.6,83.1,83.2,79.1,78.3,82.9,81.0,81.5,82.0,82.7,79.7,71.0,71.9,78.5,81.1,80.0
3877,87.4,79.5,81.7,86.7,86.1,84.6,85.6,84.9,82.3,82.2,83.8,83.2,83.3,81.4,84.2,82.7,84.1,76.3,83.3,84.2,83.9,82.1,83.5,83.6,84.8,86.0,83.6,82.8,82.8,82.1,84.3,80.5,81.3,82.3,81.4,81.5,87.5,78.4,85.9,83.5,86.0,84.5,84.5,83.1,86.8,82.7,84.1,80.0,87.8,81.7,84.0,79.1,88.8,81.9,73.5,74.8,75.4,78.0,73.2,74.5,73.1,75.0,77.0,81.0,74.7,75.6,75.8,81.9,81.6,83.8,86.3,85.8,85.2,84.9,80.8,79.7,83.7,82.0,82.7,84.1,84.3,81.6,72.5,72.6,80.1,82.4,81.7
3878,88.2,80.1,82.5,88.2,87.4,85.8,86.7,85.7,82.7,83.2,84.4,84.1,83.9,82.4,85.1,83.4,85.0,77.4,83.8,84.4,84.7,82.8,84.2,84.5,86.3,87.2,84.5,83.6,83.6,82.9,85.2,81.1,82.2,83.3,82.5,82.4,88.7,78.7,87.4,84.0,87.7,85.2,86.0,84.5,88.2,82.9,85.4,81.0,88.7,83.1,84.8,80.0,89.8,82.9,74.4,76.0,76.4,79.0,74.9,75.3,73.6,76.7,78.3,82.0,76.3,76.4,77.2,82.8,82.1,84.5,87.3,87.5,86.0,86.2,82.1,80.6,84.1,82.5,83.7,85.5,85.7,83.2,73.7,72.7,81.5,83.2,82.8
3879,88.7,79.9,82.7,89.4,88.0,86.5,87.3,86.3,83.2,83.4,84.5,84.3,84.1,82.6,85.6,83.6,85.4,77.8,84.1,84.5,85.4,83.3,84.7,85.1,87.2,87.9,84.9,84.1,84.2,83.1,85.6,81.1,83.1,83.9,83.1,83.1,89.2,78.6,88.3,84.4,88.2,84.8,87.1,85.0,88.1,82.6,85.9,81.4,88.8,83.6,85.1,80.2,90.3,82.9,75.0,76.5,76.9,79.5,75.9,76.0,74.5,77.8,78.9,82.6,77.4,76.9,77.7,83.3,82.4,84.8,87.6,88.8,85.9,86.5,82.5,81.2,84.2,82.6,84.1,86.3,86.6,84.0,74.4,72.6,82.3,83.7,83.4
3880,87.8,78.8,82.1,89.5,88.1,86.6,87.2,86.4,82.9,83.3,84.3,84.4,83.7,82.5,85.6,83.5,85.3,77.9,83.9,83.7,85.1,83.1,84.8,85.2,87.3,87.7,84.7,84.0,84.1,82.7,85.5,80.6,83.1,83.9,83.2,83.2,88.8,77.9,88.4,84.2,88.3,84.2,87.3,85.3,87.1,81.9,85.8,81.0,88.1,83.8,84.8,79.6,90.0,82.5,75.4,76.5,77.1,79.6,76.5,76.0,74.2,78.4,79.1,82.7,77.7,76.7,77.2,83.0,82.0,84.3,87.2,89.1,85.1,86.5,82.4,80.9,84.0,82.5,83.9,86.4,86.8,84.2,74.3,72.2,82.5,83.5,83.2
3881,85.9,77.4,80.2,89.1,87.2,86.0,86.4,85.7,82.1,82.5,83.4,83.9,83.0,82.0,84.7,82.7,84.6,77.1,83.0,82.7,84.4,82.5,84.3,84.3,86.2,87.1,84.1,83.3,83.7,82.2,85.0,79.9,82.6,83.3,82.7,82.7,87.2,76.7,87.7,83.2,87.9,82.4,86.7,84.2,85.5,80.6,84.9,80.0,86.8,82.9,84.0,78.3,88.9,80.9,74.8,75.9,76.8,79.1,76.4,75.4,73.6,78.3,78.7,81.8,77.0,75.7,75.7,82.7,81.4,83.7,86.3,88.1,83.9,85.8,81.5,79.9,83.1,81.9,83.0,86.0,86.0,83.6,73.8,71.1,81.8,83.1,82.4
3882,83.0,74.9,77.5,87.6,85.7,84.5,85.0,84.1,80.7,81.3,82.0,83.0,81.6,80.9,83.2,81.3,83.4,75.5,81.6,81.2,83.2,81.1,82.9,82.8,84.7,85.4,83.2,81.9,82.5,80.8,83.9,78.5,81.1,81.6,81.5,81.5,84.5,74.2,86.2,81.1,86.7,79.7,85.0,83.0,83.0,78.0,83.5,78.1,84.4,81.5,82.7,76.3,87.1,77.8,73.9,74.7,75.8,78.1,75.6,74.0,72.5,77.5,77.2,80.2,75.3,73.9,73.2,81.5,80.1,82.4,84.5,86.6,82.0,84.6,79.5,78.5,81.7,80.5,81.8,84.3,84.5,82.0,72.6,69.6,80.8,81.8,81.2
3883,78.3,70.9,72.3,84.6,83.3,82.1,82.4,81.5,77.8,79.0,79.4,80.8,78.7,78.9,80.5,78.9,80.9,72.2,78.7,78.0,80.8,78.6,80.4,80.0,81.9,82.6,81.4,79.4,80.2,78.5,81.5,75.8,78.8,79.3,79.6,79.3,79.8,70.4,83.4,77.5,84.4,74.5,82.1,80.5,78.7,74.1,80.9,74.8,79.4,79.0,80.4,73.6,83.9,73.5,72.3,72.4,73.9,76.2,74.3,71.6,70.3,75.6,74.3,77.0,72.3,70.9,69.6,79.5,77.4,79.9,81.4,83.6,78.5,82.5,75.8,75.6,78.5,78.0,79.4,81.6,81.5,79.4,70.2,67.5,78.9,79.6,79.1
3884,73.9,67.3,68.2,80.1,79.7,79.1,79.4,77.6,74.8,76.1,76.1,77.8,74.7,76.4,77.3,75.8,76.6,67.3,75.2,74.8,77.0,75.2,76.7,76.0,77.2,78.4,79.4,75.9,76.9,75.5,78.1,72.0,75.0,76.1,76.6,75.8,75.2,66.5,78.9,72.3,81.2,70.1,77.5,75.1,74.6,69.9,75.9,70.3,75.1,73.3,76.2,70.4,78.3,69.2,68.9,68.5,70.2,72.5,71.8,67.5,67.2,71.9,69.6,72.0,68.4,66.8,64.7,77.1,74.1,76.3,76.2,78.4,74.0,77.6,70.9,69.6,74.9,74.4,76.1,76.9,77.0,75.3,64.8,65.2,75.7,76.3,75.3
3885,71.5,65.0,66.3,76.4,76.6,77.0,77.4,75.0,73.2,74.4,74.0,75.4,72.9,74.5,75.2,74.1,74.0,64.1,73.0,72.8,74.6,73.4,74.6,73.6,73.7,75.3,77.8,73.6,74.5,73.3,75.8,70.5,72.0,73.9,74.2,72.7,72.6,64.4,75.2,68.6,78.3,67.8,73.7,71.5,72.3,66.9,72.0,67.7,71.7,67.4,72.0,68.2,73.4,67.2,65.7,65.3,66.5,69.7,68.7,64.8,64.6,67.3,65.9,68.6,65.4,63.7,61.5,75.4,72.2,74.3,72.3,74.0,70.6,73.4,67.9,66.0,73.1,72.4,74.1,73.2,73.9,71.8,59.5,63.7,72.8,74.0,72.3
3886,69.1,63.2,64.5,73.9,74.7,75.3,75.6,73.3,71.9,73.1,72.3,73.9,71.7,72.9,73.7,72.8,72.5,61.8,71.5,71.6,73.2,72.0,73.1,72.3,71.8,73.6,76.3,72.3,73.1,72.2,74.3,69.5,70.1,72.0,72.5,71.1,70.6,62.7,73.1,66.5,75.9,66.1,71.6,68.7,70.2,65.0,68.4,65.4,69.0,64.6,68.8,66.4,69.8,65.8,64.1,62.7,64.5,67.3,65.6,63.1,62.8,64.4,63.3,66.1,63.1,61.8,59.4,74.1,70.9,73.0,69.3,72.0,68.0,71.3,65.4,64.0,71.5,71.1,72.6,71.3,72.1,69.8,57.8,62.6,71.0,72.3,70.4
3887,67.4,61.5,62.9,72.1,73.2,74.0,74.2,72.0,70.7,72.1,71.1,72.5,70.7,71.7,72.4,71.8,71.3,60.1,70.4,70.5,72.0,70.8,72.1,71.1,70.3,72.4,75.0,71.1,71.7,71.1,73.0,68.8,68.8,70.4,71.3,70.0,68.9,61.4,71.6,64.5,74.0,64.8,69.7,67.2,68.4,63.1,65.4,63.0,66.4,63.0,66.4,64.4,67.4,64.6,62.8,60.6,62.9,65.7,63.1,61.7,61.2,62.6,61.4,63.5,61.3,59.9,57.6,72.8,69.9,71.6,67.2,69.9,65.7,69.5,62.4,62.2,70.5,69.9,71.5,69.6,70.7,68.2,57.0,61.8,69.3,71.1,68.9
3888,65.7,60.5,61.9,70.4,71.8,72.9,72.9,71.0,69.9,71.0,70.1,71.5,69.6,70.7,71.4,70.7,70.1,58.9,69.5,69.6,70.8,69.7,71.1,69.8,69.1,71.2,73.8,69.9,70.6,70.0,71.9,68.0,67.6,69.2,70.0,68.7,67.6,59.9,70.1,62.9,72.0,63.3,68.4,65.7,67.0,61.9,63.0,60.9,63.7,61.1,64.6,62.4,65.4,63.3,61.3,58.8,61.4,64.5,61.2,60.4,59.6,60.7,60.2,61.0,59.7,58.1,55.7,71.8,69.0,70.7,64.8,68.5,64.1,67.7,60.0,60.3,69.4,68.8,70.4,68.4,69.4,66.5,56.6,60.8,68.2,70.0,67.8
3889,64.0,59.1,60.6,69.2,70.6,71.7,71.6,70.1,68.9,70.0,69.2,70.5,68.7,69.7,70.4,69.9,69.2,57.4,68.6,68.7,69.9,68.9,70.5,68.9,68.0,70.0,72.9,69.0,69.7,69.0,71.0,67.4,66.6,68.1,69.1,67.9,66.2,58.7,68.9,61.2,70.3,62.3,67.1,64.7,65.3,60.8,60.8,59.1,60.9,59.0,62.8,60.3,63.6,62.3,60.1,57.1,60.1,63.2,59.7,59.2,58.4,59.3,58.3,58.7,58.0,56.7,54.0,70.8,68.2,69.9,62.8,66.8,62.5,66.4,58.0,58.7,68.7,67.9,69.5,67.2,68.7,65.2,55.9,60.1,67.2,68.8,66.9
3890,62.6,58.0,59.5,67.9,69.7,70.7,70.7,69.3,68.2,69.1,68.1,69.6,67.8,68.8,69.5,69.2,68.3,56.3,67.7,68.0,69.0,67.9,69.7,68.1,67.0,69.2,71.9,68.2,68.9,68.5,70.0,66.6,65.6,67.0,68.1,66.9,65.2,57.6,67.8,59.5,68.3,61.3,65.8,63.1,63.6,60.0,59.0,57.3,58.6,56.8,61.1,58.5,61.7,61.3,58.8,55.7,59.1,61.8,58.1,57.9,57.2,58.1,56.9,56.4,56.3,55.0,52.4,70.0,67.5,68.8,60.8,65.1,61.0,64.5,55.7,56.9,68.0,67.1,68.6,66.2,67.6,63.8,55.0,59.3,66.2,67.9,65.9
3891,61.2,57.1,58.7,66.6,68.9,70.1,70.1,68.3,67.4,68.4,67.4,68.9,67.2,68.2,68.8,68.6,67.6,55.1,67.0,67.3,68.2,67.4,69.1,67.2,66.0,68.4,71.2,67.5,68.0,67.8,69.3,66.0,64.8,66.3,67.2,65.9,63.8,56.3,66.8,58.0,66.9,60.5,64.8,61.7,62.5,58.7,57.2,55.8,56.6,55.1,59.7,56.9,59.4,60.4,57.7,54.6,58.0,60.9,56.8,56.8,56.3,56.9,55.8,54.9,54.9,53.6,50.8,69.1,66.7,68.0,59.0,63.8,59.1,63.0,54.0,55.3,67.3,66.4,68.1,65.1,66.8,62.8,54.4,58.7,65.2,67.1,65.1
3892,59.8,56.4,57.8,65.5,68.3,69.2,69.3,67.6,66.9,67.7,66.8,68.1,66.4,67.7,68.1,67.9,67.1,54.1,66.4,66.7,67.6,66.7,68.4,66.6,65.3,67.7,70.6,66.7,67.4,67.2,68.6,65.7,64.0,65.6,66.5,65.2,62.8,55.4,65.9,56.4,65.3,59.9,63.7,60.3,61.1,57.7,55.5,54.3,54.7,53.4,58.7,55.5,57.5,59.4,56.7,53.3,57.1,60.1,55.7,55.7,55.3,55.7,54.7,52.9,53.7,52.0,49.3,68.6,66.2,67.4,57.1,62.7,57.6,61.7,52.1,53.6,66.7,65.7,67.5,64.3,66.1,61.8,53.5,58.2,64.4,66.5,64.4
3893,59.2,55.9,57.3,64.3,67.7,68.7,68.6,67.1,66.3,67.3,66.6,67.6,66.1,67.1,67.6,67.3,66.6,54.4,65.9,66.6,66.9,66.2,67.8,65.8,64.6,67.0,70.1,66.3,66.8,66.9,67.9,65.3,63.3,64.8,66.0,64.5,62.1,54.9,64.9,54.8,64.3,59.9,62.9,59.2,60.3,57.0,54.0,53.9,53.5,51.9,57.6,54.6,55.6,59.3,55.7,54.0,56.1,59.4,54.9,56.0,55.8,54.7,55.2,52.1,52.9,52.2,48.0,68.1,65.7,67.0,55.5,61.7,56.6,60.4,52.0,52.4,66.5,65.4,67.0,63.6,65.3,60.8,52.6,58.5,63.7,65.9,63.9
3894,63.3,59.1,60.7,63.7,68.0,68.8,68.9,68.1,67.7,68.4,69.0,68.5,68.5,67.6,67.9,68.6,67.8,58.3,68.0,69.0,67.9,67.3,68.6,66.3,64.4,67.3,70.6,66.8,68.0,67.9,68.7,67.2,64.0,65.7,66.7,65.7,65.1,58.0,64.2,58.2,65.0,63.5,62.7,61.6,63.3,60.4,56.8,58.5,59.9,53.2,57.9,56.8,57.2,62.2,55.8,57.1,57.2,60.5,54.9,59.0,57.9,54.8,58.8,57.8,54.3,56.9,52.3,68.5,67.6,69.4,57.2,61.1,60.6,62.4,58.5,53.9,68.7,67.7,67.8,63.6,65.3,60.9,53.5,60.5,64.1,66.7,65.2
3895,68.0,63.4,65.2,66.7,70.5,70.7,71.1,70.7,70.4,70.7,72.0,70.9,71.7,69.8,70.2,71.2,70.6,61.8,71.6,72.2,70.7,70.0,71.2,68.9,67.0,70.2,72.5,69.3,70.3,70.5,71.0,69.8,66.6,68.2,68.6,68.6,69.3,62.4,66.5,65.0,68.4,68.0,65.6,65.8,67.2,65.4,61.5,64.1,67.4,59.6,64.5,60.4,63.9,65.9,57.9,61.1,60.3,63.9,57.4,62.5,60.1,58.0,62.3,63.7,56.8,61.2,57.1,70.6,70.8,72.3,63.9,64.5,65.1,68.1,63.9,60.3,72.1,70.7,70.4,66.2,68.1,63.7,57.9,63.1,66.3,69.4,68.0
3896,72.7,67.4,69.2,71.2,73.9,73.3,74.0,73.9,73.3,73.2,75.0,73.8,74.7,72.4,73.1,73.9,73.7,64.6,74.8,75.3,73.5,72.9,74.2,72.0,70.7,73.4,74.8,72.4,72.9,73.3,73.8,72.2,69.5,71.4,71.1,71.3,73.5,66.1,70.4,69.7,71.7,72.2,69.5,69.6,71.4,70.1,66.6,68.4,73.2,65.9,71.5,64.5,70.7,69.6,61.4,64.8,64.3,67.3,60.3,65.5,62.7,61.7,65.6,68.6,59.8,64.7,60.7,73.1,73.7,75.0,70.1,69.2,69.6,72.7,67.9,65.6,75.4,73.6,73.1,70.0,71.6,67.3,61.3,65.7,69.0,72.4,70.8
3897,76.8,71.0,72.7,75.3,77.3,76.1,77.2,77.0,76.0,75.5,77.6,76.6,77.2,74.6,76.1,76.5,76.3,67.4,77.6,78.0,76.3,75.7,76.8,75.1,74.4,76.6,77.0,75.4,75.5,75.7,76.4,74.7,72.3,74.3,73.7,73.9,77.2,69.8,74.4,73.6,75.3,75.9,73.2,72.8,75.3,73.9,72.0,71.6,77.5,71.1,75.8,68.7,76.7,73.2,65.1,67.8,67.7,70.4,63.4,68.1,65.3,65.4,68.7,72.2,63.2,67.9,64.5,75.4,76.0,77.6,75.8,73.5,73.9,75.9,71.2,70.0,78.3,76.3,75.6,73.7,74.9,70.9,64.1,68.0,71.9,75.3,73.6
3898,80.1,74.1,75.8,78.9,80.2,78.8,79.5,79.5,78.1,77.6,79.9,79.0,79.6,76.9,78.4,78.5,79.1,70.2,79.8,80.2,78.8,77.8,79.0,77.8,77.6,79.5,79.1,77.8,77.9,77.8,79.0,76.6,75.1,76.8,76.1,76.3,80.7,73.0,78.1,76.8,78.7,78.9,76.7,75.9,79.2,77.2,76.5,74.5,81.1,74.8,78.8,72.4,81.3,76.1,68.1,70.2,70.3,72.9,66.3,70.2,67.8,68.5,71.2,75.1,66.4,70.4,67.7,77.4,78.0,79.9,79.6,77.5,77.4,78.6,74.1,73.5,80.3,78.3,78.0,76.9,78.0,74.4,66.5,70.0,74.5,77.7,76.0
3899,83.1,76.8,78.2,82.1,82.6,80.9,81.9,81.8,79.9,79.4,81.8,80.8,81.3,78.8,80.7,80.4,81.1,72.6,81.3,82.1,80.8,79.6,81.0,80.2,80.4,82.0,81.0,79.9,79.8,79.8,81.2,78.5,77.4,79.0,78.0,78.3,83.5,75.7,81.2,80.0,81.6,81.3,79.7,79.0,82.1,80.1,80.1,77.0,84.1,78.0,81.1,75.4,84.7,78.6,70.2,72.1,72.4,75.0,68.9,71.8,70.1,71.0,73.5,77.5,69.7,72.7,71.1,79.4,79.6,81.6,82.8,80.8,80.5,81.2,76.8,76.2,82.1,80.1,80.0,79.6,80.5,77.3,68.9,71.6,76.7,79.7,78.2
3900,85.7,78.6,80.3,84.7,84.5,83.1,84.0,83.7,81.3,81.0,83.1,82.4,82.6,80.3,82.6,81.8,82.9,74.7,82.6,83.4,82.6,81.1,82.4,82.2,82.9,84.2,82.4,81.5,81.6,81.3,82.9,79.7,79.6,80.9,79.9,80.0,85.9,77.6,83.8,82.3,84.2,83.3,82.4,81.4,84.8,82.1,82.6,78.8,86.4,80.2,82.9,77.7,87.2,80.6,72.0,73.6,74.1,76.6,71.3,73.2,71.9,73.1,75.5,79.6,72.6,74.5,73.9,80.9,80.9,83.1,84.9,83.5,83.2,83.2,79.1,78.3,83.3,81.3,81.6,82.0,82.6,79.8,70.9,72.8,78.6,81.3,80.0
3901,87.5,79.7,81.8,86.7,86.1,84.5,85.5,85.0,82.6,82.3,84.2,83.6,83.6,81.4,84.1,82.9,84.1,76.3,83.7,84.6,84.0,82.3,83.6,83.7,84.8,85.9,83.7,82.8,82.9,82.4,84.4,80.7,81.3,82.4,81.4,81.6,87.6,78.6,86.0,83.8,86.2,84.7,84.5,83.3,86.9,82.9,84.3,80.2,88.1,81.6,84.1,79.5,88.9,81.9,73.3,74.9,75.2,77.8,73.0,74.6,73.1,74.9,77.1,81.1,74.9,75.7,76.1,82.1,81.9,84.2,86.4,85.8,85.3,84.8,80.8,79.6,84.0,82.3,82.8,84.0,84.3,81.8,72.3,73.5,80.2,82.5,81.7
3902,88.5,80.4,82.7,88.2,87.4,85.7,86.6,85.8,82.9,83.3,84.7,84.4,84.2,82.5,84.9,83.7,85.1,77.4,84.3,84.9,84.8,83.0,84.2,84.7,86.3,87.1,84.7,83.5,83.6,83.1,85.3,81.3,82.3,83.5,82.6,82.5,88.9,79.0,87.4,84.4,87.9,85.3,86.0,84.5,88.3,83.0,85.5,81.2,89.0,83.1,84.9,80.5,89.9,83.0,74.2,76.1,76.2,78.9,74.7,75.4,73.7,76.6,78.4,82.2,76.7,76.6,77.5,83.0,82.4,84.9,87.5,87.6,86.2,86.2,82.2,80.7,84.6,82.8,83.8,85.5,85.7,83.3,73.6,73.7,81.6,83.2,82.8
3903,89.0,80.1,83.0,89.4,88.1,86.4,87.2,86.4,83.4,83.5,84.9,84.7,84.4,82.8,85.5,83.8,85.5,77.9,84.5,84.9,85.4,83.4,84.7,85.3,87.2,87.8,85.0,84.1,84.2,83.3,85.6,81.4,83.2,84.1,83.2,83.2,89.3,78.9,88.3,84.9,88.6,85.1,87.1,85.1,88.3,82.8,86.1,81.6,89.2,83.6,85.3,80.6,90.5,83.1,74.9,76.6,76.8,79.4,75.7,76.1,74.5,77.7,79.0,82.8,77.8,77.0,78.1,83.5,82.7,85.2,87.8,88.9,86.1,86.5,82.8,81.3,84.6,82.9,84.2,86.3,86.6,84.0,74.3,73.6,82.3,83.7,83.4
3904,88.2,79.0,82.4,89.5,88.1,86.5,87.1,86.4,83.0,83.4,84.8,84.6,84.1,82.7,85.5,83.7,85.3,78.0,84.3,84.1,85.1,83.2,84.8,85.3,87.3,87.7,84.8,84.0,84.1,83.0,85.5,80.9,83.2,84.1,83.4,83.4,88.9,78.3,88.2,84.7,88.8,84.5,87.3,85.4,87.5,82.1,86.0,81.2,88.6,83.9,85.0,80.1,90.2,82.6,75.3,76.5,76.9,79.5,76.3,76.1,74.4,78.2,79.2,82.9,78.1,76.8,77.7,83.2,82.4,84.8,87.4,89.1,85.5,86.5,82.7,81.0,84.3,82.8,84.0,86.4,86.8,84.3,74.1,73.1,82.6,83.5,83.4
3905,86.3,77.6,80.4,89.0,87.3,85.9,86.4,85.7,82.2,82.7,83.8,84.2,83.4,82.0,84.8,82.8,84.7,77.1,83.5,83.1,84.5,82.6,84.3,84.4,86.1,87.1,84.2,83.4,83.7,82.3,85.0,80.2,82.7,83.4,82.9,82.9,87.3,77.0,87.5,83.7,88.4,82.6,86.7,84.4,85.8,80.9,85.1,80.3,87.3,83.1,84.3,78.8,89.1,80.9,74.7,75.9,76.7,79.0,76.3,75.5,73.7,78.2,78.8,82.2,77.3,75.8,76.2,82.9,81.8,84.0,86.5,88.2,84.3,85.9,81.9,80.2,83.6,82.0,83.1,86.0,86.0,83.7,73.7,72.0,81.9,83.1,82.7
3906,83.4,75.0,77.7,87.6,85.8,84.5,85.0,84.2,80.9,81.4,82.4,83.2,81.9,81.0,83.2,81.4,83.4,75.6,81.9,81.6,83.3,81.3,83.0,82.9,84.6,85.4,83.2,82.0,82.5,81.0,83.9,78.8,81.2,81.8,81.7,81.7,84.5,74.5,86.0,81.6,87.2,79.9,84.9,83.1,83.4,78.3,83.8,78.4,84.9,81.7,83.0,76.8,87.4,77.9,73.8,74.8,75.7,78.0,75.7,74.1,72.6,77.6,77.3,80.5,75.6,74.0,73.7,81.6,80.4,82.6,84.7,86.7,82.5,84.8,79.9,78.7,82.2,80.7,81.9,84.3,84.5,82.1,72.4,70.5,80.9,81.9,81.3
3907,78.6,71.0,72.6,84.7,83.4,82.1,82.4,81.6,78.0,79.1,79.7,81.1,79.0,79.0,80.5,79.0,81.0,72.3,79.0,78.4,80.9,78.7,80.5,80.2,81.9,82.7,81.5,79.5,80.3,78.7,81.5,76.0,78.9,79.5,79.7,79.4,80.0,70.7,83.3,78.0,84.9,74.9,82.1,80.6,79.0,74.5,81.1,75.2,79.9,79.2,80.7,74.0,84.2,73.7,72.2,72.5,73.9,76.2,74.5,71.7,70.5,75.8,74.4,77.3,72.6,71.1,70.0,79.6,77.7,80.1,81.7,83.9,78.9,82.6,76.2,75.8,79.0,78.2,79.5,81.6,81.6,79.6,70.1,68.3,79.0,79.7,79.3
3908,74.2,67.4,68.5,80.3,80.0,79.2,79.5,77.8,75.0,76.2,76.4,78.0,75.1,76.5,77.4,76.0,76.7,67.4,75.5,75.1,77.2,75.3,76.8,76.1,77.2,78.5,79.5,76.0,76.9,75.7,78.3,72.3,75.2,76.4,76.8,76.0,75.3,66.8,78.9,72.6,81.6,70.5,77.5,75.2,74.9,70.2,76.0,70.6,75.5,73.6,76.5,70.9,78.6,69.5,68.9,68.6,70.1,72.5,72.0,67.5,67.4,72.1,69.7,72.3,68.7,66.9,65.0,77.3,74.4,76.6,76.4,78.6,74.4,77.6,71.2,69.9,75.3,74.6,76.3,77.0,77.2,75.5,64.9,66.0,75.8,76.5,75.5
3909,71.8,65.1,66.6,76.6,76.8,77.1,77.5,75.2,73.4,74.7,74.3,75.6,73.3,74.6,75.4,74.2,74.1,64.2,73.3,73.2,74.8,73.6,74.7,73.8,73.8,75.4,77.9,73.7,74.6,73.5,76.0,70.8,72.2,74.0,74.3,73.0,72.6,64.7,75.2,69.0,78.7,68.2,73.8,71.4,72.6,67.2,72.1,68.0,72.1,67.5,72.3,68.6,73.8,67.4,65.6,65.5,66.4,69.6,68.8,64.9,64.8,67.5,66.0,69.0,65.6,63.9,61.9,75.6,72.5,74.5,72.4,74.3,70.8,73.3,68.3,66.2,73.4,72.7,74.2,73.4,74.0,72.0,59.4,64.4,73.0,74.1,72.4
3910,69.5,63.3,64.7,74.2,74.8,75.4,75.7,73.6,72.2,73.2,72.6,74.1,72.1,73.1,73.8,73.0,72.7,61.9,71.8,72.0,73.3,72.1,73.2,72.4,71.8,73.8,76.5,72.5,73.2,72.4,74.6,69.8,70.4,72.3,72.7,71.3,70.5,62.9,73.2,66.9,76.2,66.5,71.8,68.6,70.5,65.3,68.5,65.6,69.4,64.7,69.0,66.8,70.2,66.1,64.0,62.9,64.3,67.2,65.7,63.3,62.9,64.5,63.4,66.4,63.4,62.0,59.7,74.3,71.2,73.3,69.4,72.4,68.2,71.2,65.6,64.1,71.9,71.4,72.8,71.4,72.2,70.0,57.7,63.2,71.1,72.4,70.5
3911,67.8,61.7,63.2,72.4,73.4,74.1,74.3,72.1,70.9,72.2,71.4,72.8,71.1,71.8,72.6,72.1,71.5,60.2,70.7,70.8,72.2,71.0,72.2,71.2,70.4,72.5,75.2,71.3,71.8,71.3,73.2,69.2,69.0,70.6,71.5,70.2,68.9,61.5,71.7,64.8,74.1,65.1,69.9,67.1,68.7,63.4,65.4,63.2,66.8,63.2,66.7,64.7,67.8,64.8,62.6,60.8,62.8,65.6,63.2,61.9,61.4,62.6,61.5,63.7,61.6,60.1,57.8,73.0,70.2,71.9,67.3,70.3,65.9,69.4,62.6,62.3,70.8,70.2,71.7,69.8,70.9,68.4,56.9,62.3,69.5,71.2,69.1
3912,66.0,60.6,62.2,70.6,72.0,73.1,73.1,71.3,70.1,71.1,70.4,71.7,70.0,70.8,71.6,70.9,70.3,59.0,69.7,70.0,71.0,69.9,71.3,70.0,69.2,71.3,74.0,70.1,70.8,70.3,72.1,68.3,67.9,69.5,70.2,68.9,67.7,60.1,70.3,63.2,72.2,63.7,68.6,65.5,67.2,62.2,63.0,61.1,64.0,61.2,64.9,62.7,65.6,63.5,61.2,58.9,61.3,64.3,61.3,60.7,59.8,60.7,60.3,61.3,59.9,58.4,56.0,72.0,69.3,71.0,64.9,68.8,64.3,67.6,60.1,60.4,69.8,69.1,70.6,68.6,69.6,66.7,56.4,61.3,68.4,70.2,68.0
3913,64.5,59.2,60.9,69.4,70.8,71.9,71.8,70.3,69.2,70.2,69.5,70.8,69.1,69.9,70.6,70.1,69.4,57.6,68.9,69.0,70.1,69.0,70.6,69.0,68.1,70.2,73.0,69.2,69.9,69.3,71.2,67.7,66.8,68.3,69.4,68.0,66.4,58.9,69.1,61.5,70.4,62.6,67.4,64.5,65.6,61.2,60.8,59.3,61.3,59.1,63.0,60.6,63.9,62.6,60.0,57.3,59.9,63.2,59.8,59.4,58.5,59.3,58.3,58.8,58.2,56.9,54.2,71.0,68.5,70.2,63.0,67.0,62.7,66.3,58.1,58.7,69.1,68.2,69.6,67.5,68.9,65.5,55.7,60.5,67.4,69.0,67.0
3914,63.1,58.1,59.8,68.1,69.9,70.9,70.9,69.6,68.4,69.3,68.5,69.9,68.2,69.0,69.7,69.4,68.5,56.4,68.0,68.4,69.2,68.2,69.9,68.3,67.2,69.4,72.1,68.4,69.0,68.7,70.3,66.9,65.9,67.3,68.3,67.1,65.4,57.8,68.1,59.7,68.5,61.5,66.1,63.0,63.9,60.3,59.0,57.5,59.0,56.8,61.3,58.7,61.9,61.7,58.7,55.9,58.9,61.7,58.2,58.1,57.3,58.0,57.0,56.5,56.6,55.1,52.6,70.2,67.9,69.1,60.9,65.3,61.1,64.5,55.8,56.9,68.3,67.4,68.9,66.5,67.8,64.2,54.9,59.7,66.4,68.0,66.1
3915,61.8,57.1,59.0,66.8,69.2,70.2,70.2,68.6,67.7,68.6,67.7,69.2,67.6,68.4,69.0,68.8,67.9,55.3,67.3,67.6,68.5,67.6,69.2,67.5,66.2,68.7,71.4,67.7,68.2,68.0,69.6,66.3,65.1,66.6,67.5,66.2,64.1,56.4,67.0,58.2,67.0,60.7,65.1,61.6,62.8,58.9,57.1,56.0,56.9,55.1,59.8,57.1,59.6,60.8,57.6,54.8,57.8,60.8,56.9,57.1,56.4,56.9,55.9,54.9,55.1,53.8,51.0,69.3,67.0,68.3,59.0,64.1,59.3,62.9,54.1,55.3,67.7,66.7,68.4,65.5,67.1,63.2,54.4,59.0,65.5,67.3,65.3
3916,60.4,56.4,58.1,65.7,68.5,69.4,69.5,67.9,67.1,67.9,67.1,68.5,66.8,67.9,68.3,68.1,67.4,54.3,66.7,67.1,67.8,66.9,68.6,66.8,65.6,68.1,70.8,66.9,67.6,67.5,68.8,66.0,64.3,65.8,66.8,65.5,63.1,55.6,66.1,56.5,65.4,60.1,64.0,60.2,61.4,57.9,55.4,54.4,55.0,53.6,58.8,55.7,57.7,59.8,56.5,53.5,56.9,60.0,55.8,56.0,55.4,55.7,54.8,53.0,53.9,52.1,49.5,68.8,66.5,67.7,57.2,62.9,57.7,61.4,52.2,53.5,67.1,66.1,67.8,64.7,66.4,62.2,53.4,58.6,64.7,66.7,64.6
3917,59.6,56.0,57.6,64.6,67.9,68.9,68.8,67.4,66.6,67.6,66.9,67.9,66.5,67.3,67.8,67.6,66.9,54.6,66.3,67.0,67.2,66.5,68.0,66.1,64.8,67.4,70.4,66.5,67.1,67.1,68.2,65.6,63.7,65.1,66.3,64.8,62.3,55.1,65.1,54.9,64.4,60.1,63.2,59.0,60.6,57.1,53.9,54.1,53.7,52.0,57.7,54.8,55.8,59.6,55.5,54.2,55.9,59.2,54.9,56.3,55.9,54.7,55.3,52.3,53.1,52.3,48.2,68.3,66.1,67.3,55.5,62.0,56.8,60.1,52.1,52.4,66.8,65.8,67.2,64.0,65.5,61.3,52.5,58.8,64.1,66.1,64.2
3918,63.6,59.1,61.0,64.0,68.3,69.0,69.1,68.4,67.9,68.7,69.2,68.8,68.8,67.9,68.2,68.8,68.2,58.5,68.3,69.4,68.2,67.6,68.9,66.5,64.6,67.7,70.9,67.0,68.4,68.1,69.0,67.5,64.4,66.0,67.0,66.0,65.2,58.1,64.4,58.4,65.3,63.6,63.0,61.4,63.5,60.5,56.8,58.7,60.1,53.2,58.0,57.0,57.4,62.5,55.6,57.3,57.1,60.4,55.0,59.2,57.9,54.8,58.9,57.9,54.5,57.0,52.5,68.7,67.9,69.7,57.1,61.4,60.7,62.3,58.7,53.7,69.1,68.0,68.1,64.1,65.6,61.4,53.4,61.0,64.5,66.9,65.5
3919,68.4,63.4,65.3,66.9,70.8,70.9,71.4,70.9,70.6,71.0,72.3,71.2,72.0,70.1,70.4,71.5,70.9,62.0,71.8,72.5,70.9,70.3,71.4,69.1,67.2,70.4,72.9,69.5,70.6,70.7,71.3,70.1,66.9,68.5,69.0,68.9,69.3,62.5,66.6,65.2,68.7,68.1,65.8,65.7,67.5,65.5,61.6,64.4,67.7,59.6,64.6,60.7,64.1,66.1,57.9,61.3,60.3,63.8,57.6,62.8,60.3,58.0,62.4,63.8,57.0,61.4,57.3,70.8,71.2,72.6,63.9,64.7,65.3,68.2,64.1,60.4,72.5,71.0,70.7,66.6,68.4,64.0,58.0,63.6,66.6,69.6,68.2
3920,73.0,67.4,69.4,71.3,74.1,73.5,74.2,74.1,73.5,73.5,75.3,74.2,75.0,72.7,73.4,74.3,74.0,64.8,75.1,75.6,73.8,73.2,74.4,72.2,70.8,73.7,75.2,72.5,73.2,73.6,74.0,72.5,69.8,71.6,71.3,71.5,73.4,66.2,70.3,70.0,72.0,72.3,69.7,69.7,71.6,70.3,66.7,68.6,73.5,66.0,71.7,64.8,70.8,69.7,61.4,65.0,64.2,67.2,60.5,65.7,62.8,61.8,65.8,68.8,60.0,65.0,61.0,73.4,74.1,75.3,70.2,69.3,69.8,72.8,68.1,65.6,75.8,73.9,73.4,70.3,71.8,67.5,61.5,66.3,69.3,72.6,70.9
3921,77.0,70.9,72.9,75.4,77.4,76.2,77.3,77.2,76.3,75.8,77.9,77.0,77.5,74.8,76.2,76.8,76.6,67.6,77.9,78.3,76.5,76.1,77.0,75.3,74.5,76.8,77.3,75.6,75.8,76.0,76.7,75.1,72.5,74.5,73.9,74.1,77.1,69.9,74.2,73.8,75.4,76.0,73.3,72.9,75.5,74.2,72.3,71.9,77.9,71.2,76.1,69.0,76.8,73.1,65.1,68.0,67.7,70.4,63.5,68.2,65.5,65.6,68.8,72.6,63.5,68.1,64.7,75.7,76.4,77.9,75.9,73.6,74.1,76.0,71.6,70.1,78.6,76.5,75.9,74.0,75.2,71.1,64.4,68.6,72.1,75.5,73.7
3922,80.3,74.1,76.0,79.0,80.4,78.8,79.7,79.7,78.4,77.9,80.3,79.4,79.9,77.2,78.5,78.9,79.3,70.4,80.1,80.6,79.0,78.2,79.2,78.1,77.7,79.7,79.4,78.0,78.2,78.2,79.2,77.0,75.2,77.1,76.3,76.5,80.7,73.0,78.0,77.0,78.8,79.1,76.8,76.0,79.3,77.4,76.8,74.8,81.4,74.9,79.2,72.8,81.5,76.1,68.1,70.4,70.3,73.0,66.4,70.4,68.0,68.6,71.3,75.4,66.6,70.7,68.0,77.8,78.4,80.2,79.7,77.6,77.6,78.7,74.5,73.6,80.7,78.6,78.3,77.2,78.2,74.5,66.7,70.7,74.7,77.9,76.1
3923,83.3,76.8,78.4,82.1,82.8,81.0,81.9,82.1,80.2,79.6,82.1,81.3,81.6,79.0,80.8,80.7,81.3,72.8,81.6,82.5,81.0,79.9,81.2,80.5,80.5,82.2,81.3,80.1,80.0,80.2,81.4,78.9,77.6,79.2,78.2,78.5,83.4,75.8,81.1,80.1,81.7,81.5,79.9,79.1,82.4,80.4,80.3,77.4,84.5,78.1,81.4,75.8,84.9,78.6,70.2,72.3,72.4,75.1,69.1,71.9,70.2,71.1,73.7,77.8,69.9,72.9,71.4,79.6,79.9,82.1,83.1,80.9,80.8,81.3,77.2,76.4,82.4,80.3,80.3,79.9,80.8,77.3,69.0,72.3,76.8,80.0,78.2
3924,86.0,78.6,80.5,84.9,84.8,83.1,84.1,83.9,81.6,81.2,83.4,82.8,82.9,80.5,82.7,82.0,83.1,74.8,83.0,83.7,82.8,81.3,82.6,82.5,83.0,84.4,82.6,81.7,81.8,81.7,83.1,80.1,79.6,81.0,80.0,80.2,85.9,77.8,83.8,82.5,84.4,83.5,82.6,81.5,85.1,82.4,82.8,79.3,86.9,80.4,83.2,78.2,87.4,80.5,72.0,73.7,74.0,76.7,71.5,73.3,72.0,73.3,75.6,80.0,72.8,74.6,74.3,81.1,81.2,83.5,85.2,83.7,83.5,83.2,79.5,78.5,83.6,81.6,81.8,82.2,82.9,79.8,71.0,73.5,78.6,81.5,80.1
3925,87.7,79.8,82.0,86.8,86.4,84.6,85.6,85.3,82.8,82.5,84.5,83.9,84.0,81.6,84.2,83.2,84.3,76.5,84.0,84.9,84.2,82.5,83.8,84.0,85.0,86.1,83.9,83.0,83.1,82.7,84.6,81.1,81.4,82.5,81.4,81.7,87.6,78.8,85.9,84.1,86.3,85.0,84.7,83.4,87.2,83.4,84.5,80.6,88.6,81.8,84.4,80.0,89.1,81.8,73.4,75.1,75.3,77.9,73.3,74.7,73.3,75.1,77.2,81.6,75.2,75.9,76.4,82.3,82.1,84.6,86.7,86.0,85.7,85.0,81.3,79.9,84.3,82.6,83.0,84.2,84.7,81.8,72.5,74.2,80.3,82.7,81.7
3926,88.7,80.5,82.9,88.4,87.7,85.7,86.7,86.1,83.1,83.5,85.0,84.8,84.6,82.6,85.1,84.0,85.4,77.5,84.6,85.2,85.1,83.1,84.4,85.0,86.4,87.3,84.8,83.8,83.9,83.4,85.4,81.6,82.3,83.6,82.6,82.5,88.9,79.3,87.4,84.8,88.1,85.8,86.3,84.7,88.7,83.6,85.8,81.6,89.6,83.3,85.3,81.0,90.2,82.8,74.3,76.2,76.3,79.0,74.9,75.5,73.8,76.8,78.5,82.7,77.0,76.8,77.8,83.3,82.7,85.3,87.7,87.8,86.6,86.3,82.7,81.0,84.9,83.1,84.0,85.6,86.1,83.3,73.8,74.5,81.6,83.5,82.7
3927,89.1,80.2,83.2,89.6,88.3,86.5,87.3,86.6,83.6,83.8,85.2,85.0,84.7,83.0,85.6,84.0,85.8,78.1,84.9,85.2,85.7,83.6,84.8,85.6,87.4,88.0,85.2,84.4,84.5,83.5,85.9,81.7,83.2,84.2,83.2,83.2,89.4,79.2,88.3,85.2,88.8,85.7,87.2,85.3,88.7,83.5,86.4,82.2,89.8,83.9,85.6,81.1,90.8,83.1,74.9,76.7,76.8,79.5,76.0,76.3,74.7,77.9,79.2,83.4,78.1,77.1,78.5,83.7,83.0,85.4,88.1,89.1,86.4,86.6,83.3,81.6,85.0,83.2,84.5,86.5,87.0,84.1,74.5,74.5,82.4,83.9,83.2
3928,88.5,79.0,82.6,89.8,88.4,86.6,87.3,86.7,83.1,83.7,85.0,85.0,84.3,82.9,85.7,83.8,85.6,78.2,84.6,84.4,85.4,83.3,84.9,85.6,87.3,88.0,85.0,84.3,84.3,83.3,85.7,81.2,83.1,84.1,83.3,83.4,89.0,78.5,88.3,84.9,88.9,85.1,87.4,85.5,87.9,82.7,86.4,81.7,89.1,84.0,85.4,80.6,90.6,82.6,75.3,76.7,77.0,79.6,76.6,76.2,74.5,78.4,79.4,83.5,78.4,76.9,78.0,83.5,82.7,85.0,87.8,89.4,86.0,86.6,83.2,81.4,84.6,83.1,84.2,86.6,87.1,84.3,74.4,74.0,82.5,83.7,83.3
3929,86.7,77.8,80.7,89.3,87.7,86.0,86.5,86.1,82.4,83.0,84.0,84.5,83.7,82.3,85.0,83.0,85.0,77.3,83.7,83.4,84.8,82.8,84.5,84.7,86.1,87.3,84.4,83.6,83.9,82.6,85.3,80.5,82.5,83.4,82.8,82.9,87.4,77.2,87.6,84.1,88.6,83.2,86.8,84.6,86.2,81.6,85.6,80.8,87.9,83.3,84.7,79.4,89.5,81.0,74.8,76.1,76.8,79.0,76.7,75.6,73.9,78.4,79.1,82.7,77.6,75.8,76.4,83.2,82.0,84.2,86.8,88.7,84.8,86.1,82.4,80.5,83.8,82.3,83.3,86.0,86.3,83.7,74.0,72.9,81.9,83.3,82.5
3930,83.8,75.2,78.0,87.8,86.1,84.6,85.1,84.5,81.0,81.7,82.7,83.5,82.2,81.2,83.5,81.6,83.7,75.8,82.2,81.8,83.5,81.4,83.2,83.1,84.6,85.7,83.5,82.2,82.7,81.2,84.1,79.1,81.0,81.7,81.6,81.6,84.6,74.8,86.2,82.0,87.4,80.7,85.0,83.3,83.9,79.1,84.2,79.1,85.6,82.0,83.4,77.4,87.8,78.0,73.9,74.9,75.7,78.1,76.0,74.3,72.9,77.8,77.5,81.0,75.9,74.1,74.0,81.9,80.7,82.8,85.0,87.3,83.0,84.9,80.5,79.0,82.4,81.0,82.1,84.3,84.7,82.1,72.8,71.4,80.8,82.1,81.1
3931,79.0,71.1,72.9,84.9,83.7,82.4,82.7,81.9,78.3,79.4,80.1,81.4,79.3,79.2,80.8,79.3,81.3,72.5,79.3,78.7,81.1,79.0,80.8,80.4,81.9,83.0,81.8,79.8,80.5,78.9,81.8,76.3,78.7,79.4,79.7,79.4,80.1,70.9,83.6,78.4,85.2,75.5,82.2,80.8,79.4,75.1,81.5,75.8,80.6,79.6,81.2,74.6,84.6,73.7,72.3,72.6,74.0,76.3,74.8,71.9,70.7,76.0,74.6,77.9,72.9,71.1,70.3,80.0,78.0,80.3,81.9,84.5,79.2,82.9,76.8,76.2,79.3,78.4,79.8,81.5,81.7,79.5,70.4,69.2,78.9,79.9,79.1
3932,74.5,67.4,68.8,80.5,80.1,79.4,79.7,78.1,75.3,76.5,76.8,78.4,75.5,76.8,77.8,76.3,77.1,67.7,75.8,75.4,77.5,75.6,77.0,76.3,77.4,78.8,79.8,76.2,77.2,75.9,78.6,72.7,75.1,76.4,76.7,76.0,75.4,66.9,79.1,72.9,81.9,70.9,77.7,75.4,75.2,70.6,76.3,71.1,75.9,73.9,76.9,71.4,79.0,69.6,68.9,68.7,70.3,72.6,72.3,67.7,67.6,72.4,70.0,72.8,68.9,67.0,65.3,77.6,74.7,76.9,76.6,79.1,74.6,77.8,71.8,70.2,75.6,74.9,76.6,77.1,77.3,75.6,65.2,66.8,75.7,76.7,75.3
3933,72.2,65.2,66.7,76.8,76.9,77.3,77.7,75.4,73.6,75.0,74.7,75.9,73.8,74.8,75.7,74.5,74.5,64.6,73.7,73.5,75.1,73.9,74.9,73.9,74.0,75.8,78.2,74.0,75.0,73.8,76.3,71.3,72.1,74.1,74.2,73.1,72.7,64.9,75.4,69.2,79.0,68.6,74.0,71.5,72.8,67.6,72.3,68.5,72.6,67.7,72.7,69.2,74.0,67.4,65.7,65.5,66.5,69.7,69.0,65.0,65.1,67.6,66.3,69.4,65.8,64.1,62.2,75.9,72.9,74.9,72.5,74.6,71.0,73.5,68.8,66.5,73.9,73.0,74.6,73.6,74.1,72.0,59.5,65.1,73.0,74.3,72.4
3934,69.9,63.4,64.9,74.4,75.0,75.7,75.9,73.9,72.4,73.6,73.1,74.5,72.6,73.3,74.1,73.3,73.1,62.2,72.2,72.3,73.7,72.5,73.5,72.6,72.0,74.1,76.8,72.8,73.5,72.7,75.0,70.3,70.4,72.3,72.7,71.5,70.6,63.1,73.3,67.1,76.4,66.8,72.0,68.6,70.6,65.5,68.7,66.0,69.9,64.9,69.4,67.3,70.4,66.1,64.1,63.0,64.4,67.3,66.0,63.5,63.1,64.7,63.6,66.8,63.5,62.1,59.9,74.6,71.6,73.6,69.6,72.6,68.5,71.4,66.1,64.4,72.3,71.7,73.1,71.6,72.4,70.0,57.8,63.8,71.1,72.5,70.6
3935,68.0,61.9,63.4,72.6,73.6,74.4,74.6,72.4,71.2,72.5,71.8,73.2,71.6,72.1,72.9,72.4,71.8,60.4,71.1,71.2,72.5,71.4,72.5,71.3,70.6,72.7,75.6,71.6,72.2,71.6,73.5,69.6,69.1,70.8,71.5,70.3,69.0,61.7,71.8,65.0,74.4,65.3,70.1,67.1,69.0,63.7,65.6,63.7,67.2,63.3,67.0,65.2,67.9,65.0,62.7,60.9,63.0,65.8,63.4,62.0,61.6,62.6,61.8,64.1,61.7,60.3,58.1,73.3,70.7,72.3,67.4,70.6,66.1,69.5,63.0,62.6,71.3,70.6,72.0,70.0,71.1,68.5,57.0,62.9,69.5,71.4,69.2
3936,66.3,60.8,62.3,70.8,72.2,73.4,73.4,71.5,70.5,71.3,70.8,72.1,70.5,71.1,71.9,71.2,70.7,59.2,70.1,70.4,71.3,70.3,71.6,70.2,69.4,71.5,74.2,70.4,71.1,70.6,72.4,68.7,67.9,69.6,70.3,69.1,67.8,60.3,70.5,63.4,72.5,64.0,68.8,65.6,67.5,62.4,63.2,61.6,64.5,61.3,65.2,63.1,65.9,63.6,61.2,59.1,61.4,64.5,61.5,60.8,60.0,60.8,60.5,61.6,60.0,58.5,56.1,72.4,69.8,71.4,65.1,68.9,64.5,67.9,60.5,60.7,70.3,69.5,70.9,68.7,69.9,66.8,56.5,61.8,68.4,70.4,68.2
3937,64.7,59.4,61.1,69.6,71.1,72.2,72.0,70.5,69.5,70.4,69.9,71.2,69.5,70.1,70.9,70.5,69.8,57.8,69.2,69.5,70.5,69.5,71.0,69.2,68.3,70.5,73.3,69.5,70.2,69.6,71.5,68.1,66.9,68.4,69.4,68.2,66.6,59.0,69.3,61.7,70.6,62.9,67.6,64.6,65.8,61.4,61.0,59.7,61.7,59.3,63.4,61.0,64.0,62.8,60.0,57.5,59.9,63.3,59.8,59.5,58.7,59.2,58.6,59.0,58.4,56.9,54.4,71.3,69.1,70.6,63.1,67.2,63.0,66.4,58.4,58.9,69.5,68.6,70.0,67.6,69.1,65.6,55.8,61.0,67.4,69.3,67.2
3938,63.4,58.1,60.0,68.3,70.2,71.2,71.2,69.8,68.8,69.6,68.9,70.3,68.7,69.3,70.0,69.7,68.9,56.6,68.4,68.8,69.6,68.6,70.2,68.4,67.4,69.7,72.4,68.7,69.3,69.0,70.6,67.3,65.9,67.5,68.4,67.3,65.6,57.9,68.3,60.0,68.7,61.7,66.3,63.1,64.0,60.4,59.1,57.9,59.3,57.0,61.6,59.1,61.9,61.8,58.7,56.1,58.9,61.9,58.3,58.2,57.5,58.1,57.2,56.8,56.7,55.3,52.7,70.5,68.3,69.6,60.9,65.5,61.3,64.6,56.1,57.1,68.7,67.8,69.2,66.6,68.1,64.3,55.1,60.2,66.5,68.3,66.3
3939,62.0,57.2,59.1,66.9,69.5,70.4,70.5,68.8,68.1,68.9,68.2,69.6,68.1,68.7,69.3,69.2,68.3,55.5,67.7,68.1,68.9,68.0,69.5,67.6,66.5,68.9,71.8,68.0,68.5,68.4,69.9,66.7,65.2,66.7,67.6,66.4,64.3,56.6,67.1,58.5,67.1,60.9,65.3,61.6,62.9,59.0,57.2,56.3,57.2,55.2,60.1,57.4,59.6,61.0,57.6,55.0,57.8,60.9,57.0,57.2,56.6,57.0,56.1,55.0,55.2,53.9,51.1,69.6,67.5,68.7,59.1,64.3,59.5,63.0,54.3,55.6,68.1,67.2,68.7,65.5,67.3,63.4,54.5,59.4,65.6,67.5,65.5
3940,60.6,56.4,58.2,65.8,68.9,69.7,69.7,68.2,67.5,68.2,67.6,68.9,67.3,68.2,68.7,68.5,67.8,54.4,67.2,67.6,68.2,67.3,68.9,67.0,65.8,68.3,71.1,67.2,67.9,67.8,69.2,66.3,64.5,66.0,67.0,65.6,63.2,55.7,66.3,56.8,65.5,60.3,64.2,60.3,61.5,58.0,55.5,54.8,55.3,53.7,59.0,55.9,57.7,59.9,56.6,53.7,57.0,60.0,56.0,56.1,55.6,55.7,55.0,53.2,53.9,52.2,49.6,69.1,67.0,68.1,57.2,63.1,57.9,61.4,52.5,53.6,67.5,66.6,68.1,64.8,66.6,62.4,53.6,59.0,64.9,66.9,64.9
3941,59.9,56.1,57.7,64.8,68.2,69.1,69.0,67.6,67.0,67.9,67.4,68.3,67.0,67.6,68.1,68.0,67.3,54.7,66.7,67.4,67.6,66.9,68.3,66.2,65.0,67.6,70.7,66.8,67.4,67.5,68.5,66.0,63.9,65.3,66.4,65.0,62.5,55.2,65.3,55.1,64.6,60.3,63.3,59.1,60.6,57.2,54.0,54.3,54.0,52.0,58.0,54.9,55.9,59.7,55.6,54.4,56.0,59.3,55.1,56.5,56.1,54.7,55.4,52.5,53.1,52.5,48.3,68.6,66.6,67.7,55.5,62.2,56.9,60.1,52.4,52.6,67.3,66.3,67.6,64.1,65.8,61.4,52.7,59.2,64.2,66.4,64.4
3942,63.8,59.2,61.1,64.2,68.5,69.3,69.3,68.6,68.3,69.0,69.7,69.3,69.2,68.2,68.5,69.2,68.5,58.7,68.7,69.9,68.4,68.0,69.1,66.7,64.8,68.0,71.2,67.3,68.6,68.4,69.2,67.9,64.5,66.2,67.1,66.2,65.3,58.2,64.5,58.6,65.4,63.8,63.1,61.5,63.5,60.7,56.9,59.0,60.5,53.3,58.3,57.2,57.5,62.5,55.6,57.4,57.1,60.6,55.1,59.3,58.1,54.8,59.1,58.1,54.6,57.2,52.6,69.1,68.3,70.1,57.1,61.6,60.9,62.2,58.9,54.0,69.5,68.5,68.4,64.2,65.8,61.5,53.5,61.4,64.6,67.2,65.7
3943,68.5,63.5,65.5,67.1,70.9,71.1,71.5,71.1,70.9,71.2,72.7,71.6,72.4,70.3,70.6,71.8,71.2,62.0,72.2,73.0,71.1,70.6,71.7,69.1,67.3,70.6,73.1,69.8,70.8,71.0,71.5,70.4,67.0,68.6,69.1,69.0,69.5,62.7,66.7,65.5,68.8,68.4,66.0,65.9,67.5,65.6,61.7,64.8,68.1,59.7,64.9,60.9,64.4,66.1,58.0,61.4,60.4,64.1,57.7,62.8,60.4,58.1,62.6,64.2,57.1,61.6,57.4,71.2,71.5,72.9,64.0,64.9,65.4,68.4,64.4,60.6,72.9,71.4,71.0,66.7,68.5,64.1,58.1,64.1,66.7,69.8,68.3
3944,73.1,67.5,69.5,71.5,74.2,73.7,74.3,74.1,73.8,73.6,75.6,74.5,75.3,72.9,73.5,74.5,74.2,64.9,75.4,76.0,73.9,73.5,74.6,72.2,70.9,73.8,75.4,72.8,73.4,73.9,74.2,72.9,69.9,71.7,71.4,71.5,73.5,66.4,70.4,70.2,72.1,72.6,69.8,69.8,71.7,70.6,66.9,69.1,74.0,66.2,72.1,65.2,71.1,69.7,61.5,65.1,64.4,67.5,60.7,65.7,63.0,61.9,65.9,69.2,60.1,65.1,61.1,73.7,74.4,75.6,70.4,69.5,69.9,73.0,68.5,65.9,76.2,74.2,73.6,70.3,71.9,67.6,61.8,66.9,69.4,72.7,70.9
3945,77.0,71.1,73.1,75.6,77.4,76.4,77.4,77.1,76.5,75.9,78.2,77.3,77.8,75.1,76.4,77.1,76.8,67.6,78.2,78.7,76.6,76.3,77.2,75.3,74.6,76.8,77.5,75.8,75.8,76.4,76.7,75.4,72.6,74.5,73.9,74.1,77.3,70.1,74.4,74.1,75.6,76.4,73.5,73.2,75.7,74.5,72.4,72.5,78.4,71.5,76.5,69.5,77.2,73.2,65.3,68.0,67.9,70.6,63.8,68.3,65.7,65.7,68.9,73.1,63.6,68.2,65.0,76.0,76.8,78.2,76.1,73.9,74.4,76.3,72.0,70.5,78.9,76.8,76.1,74.2,75.3,71.2,64.7,69.4,72.1,75.5,73.6
3946,80.4,74.2,76.1,79.2,80.4,79.0,79.8,79.7,78.6,77.9,80.6,79.6,80.2,77.3,78.7,79.0,79.4,70.5,80.4,80.9,79.0,78.3,79.4,78.1,77.8,79.8,79.5,78.2,78.1,78.5,79.1,77.3,75.3,76.9,76.3,76.5,80.9,73.3,78.1,77.2,78.9,79.4,76.9,76.3,79.5,77.7,77.0,75.4,82.0,75.2,79.7,73.3,81.9,76.2,68.3,70.5,70.5,73.3,66.7,70.5,68.2,68.8,71.3,75.9,66.8,70.8,68.2,78.0,78.8,80.4,80.0,77.9,78.0,79.1,74.9,74.1,81.1,78.8,78.4,77.3,78.4,74.5,67.1,71.4,74.7,77.9,76.0
3947,83.5,76.9,78.6,82.3,82.9,81.1,82.1,82.1,80.3,79.5,82.4,81.5,81.9,79.2,81.0,80.8,81.3,72.9,81.9,82.8,81.1,80.1,81.3,80.5,80.6,82.3,81.4,80.2,79.9,80.5,81.4,79.2,77.6,79.0,78.1,78.4,83.6,76.0,81.2,80.3,81.8,81.9,80.0,79.4,82.5,80.7,80.6,78.0,85.1,78.6,81.9,76.4,85.3,78.6,70.5,72.4,72.7,75.4,69.4,72.1,70.4,71.3,73.7,78.4,70.1,73.1,71.7,79.8,80.3,82.3,83.3,81.2,81.1,81.7,77.7,76.9,82.7,80.5,80.4,80.0,81.0,77.4,69.4,73.0,76.8,79.9,78.1
3948,86.2,78.7,80.7,85.1,84.9,83.3,84.3,84.0,81.7,81.2,83.7,83.0,83.2,80.6,82.9,82.1,83.2,74.9,83.3,84.1,82.9,81.4,82.8,82.5,83.1,84.5,82.7,81.8,81.7,82.0,83.1,80.4,79.6,80.8,79.9,80.1,86.1,77.9,83.9,82.7,84.5,83.8,82.6,81.9,85.2,82.7,83.1,79.8,87.4,80.9,83.8,78.7,87.9,80.6,72.3,73.8,74.4,77.1,71.8,73.5,72.2,73.5,75.7,80.6,73.1,74.8,74.6,81.2,81.6,83.8,85.5,83.9,83.8,83.8,80.0,79.0,83.9,81.7,81.9,82.3,83.0,79.9,71.3,74.1,78.6,81.4,79.9
3949,87.9,79.9,82.2,87.0,86.4,84.8,85.8,85.3,82.8,82.5,84.7,84.2,84.3,81.7,84.4,83.2,84.4,76.6,84.3,85.2,84.3,82.5,83.9,84.1,85.1,86.3,84.0,83.2,83.0,83.0,84.6,81.3,81.3,82.4,81.3,81.6,87.9,79.0,86.1,84.4,86.5,85.3,84.8,83.8,87.3,83.7,84.9,81.3,89.1,82.5,84.9,80.6,89.6,81.9,73.7,75.2,75.7,78.4,73.6,74.8,73.4,75.3,77.3,82.1,75.5,76.1,76.8,82.5,82.5,84.8,87.0,86.3,86.0,85.6,81.8,80.5,84.6,82.7,83.1,84.4,84.7,81.9,72.9,74.8,80.2,82.6,81.5
3950,88.9,80.6,83.1,88.6,87.8,85.9,86.9,86.1,83.1,83.5,85.2,84.9,84.8,82.7,85.3,84.0,85.5,77.6,84.8,85.5,85.1,83.1,84.6,85.1,86.6,87.5,84.9,84.0,83.8,83.6,85.5,81.8,82.3,83.4,82.5,82.5,89.1,79.5,87.5,85.1,88.3,86.0,86.4,85.2,88.8,83.9,86.2,82.3,90.1,84.0,85.7,81.6,90.7,82.9,74.8,76.3,76.7,79.5,75.3,75.7,74.0,77.1,78.5,83.2,77.3,77.0,78.2,83.4,83.0,85.5,88.0,88.1,86.8,86.8,83.2,81.6,85.1,83.2,84.2,85.8,86.1,83.4,74.2,75.2,81.6,83.4,82.4
3951,89.4,80.3,83.3,89.7,88.4,86.7,87.6,86.7,83.6,83.8,85.3,85.2,84.9,83.1,85.8,84.1,85.9,78.2,85.0,85.4,85.7,83.6,85.1,85.7,87.6,88.3,85.3,84.5,84.4,83.7,85.9,81.9,83.2,84.1,83.0,83.2,89.6,79.4,88.5,85.5,89.0,86.0,87.4,85.7,88.8,83.9,86.8,82.8,90.4,84.6,86.1,81.7,91.2,83.2,75.4,76.9,77.3,80.0,76.3,76.4,74.8,78.3,79.3,84.0,78.5,77.3,78.9,83.9,83.2,85.6,88.5,89.4,86.6,87.1,83.9,82.2,85.1,83.4,84.6,86.7,87.0,84.2,74.9,75.1,82.4,83.9,83.0
3952,88.9,79.2,82.8,90.0,88.5,86.8,87.5,86.7,83.2,83.7,85.2,85.1,84.5,83.0,85.9,83.9,85.8,78.3,84.7,84.5,85.4,83.4,85.2,85.7,87.5,88.2,85.1,84.5,84.3,83.4,85.8,81.4,83.1,84.1,83.2,83.3,89.3,78.7,88.5,85.3,89.3,85.5,87.4,85.9,88.1,83.2,86.8,82.4,89.7,84.8,85.9,81.3,91.0,82.6,75.8,76.9,77.5,80.2,77.0,76.4,74.6,78.8,79.5,84.2,78.8,77.1,78.4,83.7,83.0,85.2,88.1,89.7,86.4,87.2,83.9,82.0,84.7,83.1,84.3,86.7,87.1,84.4,74.9,74.7,82.6,83.7,83.0
3953,87.0,77.8,81.0,89.5,87.8,86.2,86.8,86.2,82.5,83.1,84.2,84.6,83.8,82.4,85.2,83.1,85.1,77.5,83.8,83.5,84.9,82.9,84.7,84.8,86.2,87.6,84.6,83.8,83.9,82.7,85.3,80.7,82.6,83.4,82.7,82.8,87.7,77.3,87.7,84.5,88.8,83.6,86.8,84.9,86.5,82.2,86.0,81.6,88.5,84.0,85.2,80.0,90.0,81.0,75.5,76.3,77.5,79.6,77.1,75.9,74.1,78.8,79.1,83.4,78.1,76.1,76.9,83.4,82.3,84.4,87.2,89.0,85.2,86.7,83.0,81.1,84.0,82.3,83.5,86.2,86.4,83.8,74.4,73.5,82.0,83.3,82.3
3954,84.0,75.3,78.3,88.0,86.3,84.9,85.4,84.5,81.1,81.8,82.8,83.6,82.4,81.4,83.7,81.7,83.8,76.0,82.2,81.9,83.6,81.6,83.4,83.1,84.7,85.9,83.6,82.4,82.7,81.4,84.2,79.3,81.0,81.7,81.5,81.6,84.9,75.0,86.3,82.5,87.7,80.9,85.1,83.7,84.2,79.6,84.7,79.8,86.2,82.7,83.9,78.0,88.3,78.0,74.5,75.1,76.4,78.8,76.3,74.4,73.1,78.1,77.6,81.7,76.4,74.3,74.5,82.1,80.9,82.9,85.3,87.5,83.2,85.5,81.1,79.7,82.5,81.0,82.3,84.5,84.8,82.1,73.2,72.0,80.9,82.1,81.1
3955,79.2,71.4,73.2,85.1,83.9,82.5,82.8,81.9,78.4,79.5,80.2,81.6,79.5,79.4,81.0,79.4,81.4,72.7,79.4,78.9,81.2,79.1,81.0,80.5,81.9,83.2,81.9,80.0,80.6,79.1,81.9,76.5,78.8,79.5,79.7,79.4,80.3,71.1,83.7,78.9,85.6,75.7,82.3,81.2,79.6,75.6,82.0,76.5,81.2,80.3,81.7,75.2,85.1,73.8,72.9,72.8,74.7,76.9,75.2,72.0,71.0,76.3,74.7,78.5,73.3,71.3,70.8,80.2,78.3,80.4,82.3,84.7,79.5,83.5,77.4,76.8,79.4,78.5,80.0,81.7,81.9,79.6,70.9,69.8,78.9,80.0,79.1
3956,74.7,67.6,68.9,80.6,80.3,79.6,79.8,78.3,75.4,76.6,77.0,78.5,75.7,76.9,78.0,76.5,77.2,67.9,75.9,75.7,77.7,75.8,77.2,76.5,77.5,78.9,80.0,76.4,77.3,76.1,78.7,72.9,75.2,76.5,76.7,76.1,75.6,67.2,79.3,73.3,82.3,71.0,77.7,75.7,75.4,71.0,76.8,71.6,76.5,74.6,77.4,72.0,79.5,69.8,69.5,68.9,70.7,73.2,72.7,67.9,67.9,72.7,70.2,73.3,69.2,67.3,65.7,77.8,75.1,77.1,76.9,79.3,74.7,78.4,72.3,70.8,75.8,75.1,76.8,77.3,77.5,75.7,65.6,67.4,75.8,76.8,75.4
3957,72.3,65.4,66.8,76.8,77.0,77.4,77.8,75.6,73.8,75.0,74.8,76.1,74.0,75.0,75.8,74.7,74.7,64.7,73.9,73.7,75.3,74.1,75.1,74.1,74.1,76.0,78.3,74.2,75.2,74.0,76.5,71.4,72.3,74.3,74.4,73.2,72.9,65.1,75.6,69.7,79.3,68.8,73.9,71.6,73.0,67.9,72.7,69.0,73.1,68.4,73.2,69.8,74.6,67.5,66.1,65.7,66.9,70.1,69.4,65.1,65.2,67.8,66.5,69.8,66.0,64.2,62.5,76.1,73.2,75.1,72.8,74.8,71.1,73.9,69.2,67.1,74.1,73.2,74.7,73.8,74.3,72.1,60.0,65.6,73.1,74.5,72.5
3958,69.9,63.6,65.0,74.4,75.1,75.8,76.0,74.1,72.6,73.7,73.2,74.7,72.9,73.5,74.2,73.5,73.4,62.3,72.4,72.6,73.9,72.7,73.7,72.7,72.1,74.2,77.0,73.0,73.8,72.9,75.2,70.5,70.6,72.5,72.9,71.6,70.7,63.3,73.6,67.5,76.8,67.0,72.1,68.9,70.7,65.7,69.1,66.6,70.3,65.5,69.9,67.8,70.8,66.3,64.6,63.1,64.8,67.7,66.3,63.6,63.4,64.9,63.7,67.1,63.8,62.2,60.2,74.8,71.9,73.8,70.0,72.6,68.5,71.9,66.4,64.9,72.6,72.0,73.2,71.8,72.5,70.2,58.2,64.3,71.3,72.8,70.7
3959,68.1,62.0,63.5,72.6,73.7,74.5,74.7,72.6,71.5,72.7,72.0,73.4,71.9,72.3,73.0,72.6,72.0,60.4,71.2,71.5,72.8,71.6,72.7,71.5,70.6,72.8,75.8,71.8,72.4,71.8,73.8,69.8,69.3,71.1,71.7,70.4,69.2,61.8,71.9,65.4,74.6,65.5,70.2,67.4,69.1,63.9,66.0,64.3,67.7,63.7,67.4,65.6,68.3,65.0,63.2,61.0,63.3,66.0,63.7,62.0,61.7,62.7,61.9,64.4,61.9,60.4,58.3,73.6,71.0,72.5,67.8,70.6,66.2,69.9,63.2,63.0,71.6,70.8,72.2,70.2,71.3,68.6,57.2,63.4,69.8,71.7,69.4
3960,66.4,60.9,62.5,70.9,72.2,73.4,73.4,71.7,70.6,71.5,71.1,72.4,70.7,71.2,71.9,71.5,70.9,59.3,70.2,70.7,71.5,70.5,71.7,70.3,69.4,71.6,74.5,70.6,71.3,70.8,72.7,68.9,68.2,69.9,70.6,69.2,68.0,60.5,70.5,63.7,72.7,64.1,68.9,66.0,67.6,62.6,63.5,62.0,64.9,61.8,65.7,63.5,66.3,63.6,61.7,59.2,61.7,64.7,61.7,60.8,60.1,60.9,60.5,61.8,60.2,58.8,56.3,72.6,70.2,71.7,65.5,68.9,64.7,68.2,60.8,61.2,70.5,69.7,71.1,68.9,70.0,67.0,56.8,62.3,68.7,70.7,68.3
3961,64.9,59.6,61.3,69.7,71.1,72.2,72.1,70.7,69.8,70.7,70.2,71.5,69.9,70.3,71.0,70.8,70.1,57.8,69.4,69.8,70.7,69.7,71.1,69.3,68.3,70.6,73.6,69.6,70.4,69.8,71.8,68.3,67.0,68.7,69.7,68.3,66.6,59.2,69.4,62.0,70.8,63.1,67.6,65.0,65.9,61.5,61.3,60.2,62.1,59.7,63.7,61.3,64.5,62.9,60.4,57.6,60.2,63.6,60.0,59.5,58.7,59.4,58.6,59.3,58.5,57.1,54.6,71.6,69.4,70.8,63.4,67.3,63.1,66.7,58.6,59.3,69.8,68.9,70.2,67.8,69.2,65.8,56.0,61.5,67.6,69.6,67.4
3962,63.5,58.5,60.2,68.3,70.3,71.2,71.2,69.9,69.0,69.9,69.3,70.5,69.1,69.5,70.0,70.0,69.2,56.6,68.6,69.2,69.8,68.9,70.4,68.5,67.4,69.8,72.7,68.8,69.7,69.2,70.9,67.5,66.2,67.8,68.7,67.5,65.7,58.2,68.4,60.3,68.9,61.9,66.4,63.5,64.1,60.6,59.4,58.4,59.7,57.5,61.9,59.4,62.3,62.0,59.1,56.2,59.1,62.1,58.4,58.2,57.5,58.2,57.3,57.0,56.7,55.4,52.9,70.7,68.7,69.9,61.4,65.6,61.4,65.1,56.2,57.7,69.0,68.2,69.4,66.9,68.2,64.5,55.3,60.6,66.6,68.6,66.5
3963,62.3,57.5,59.3,66.9,69.5,70.4,70.5,69.0,68.4,69.2,68.5,69.9,68.4,69.0,69.3,69.4,68.7,55.4,68.0,68.4,69.1,68.3,69.7,67.7,66.5,69.0,72.0,68.1,68.8,68.6,70.2,66.9,65.4,67.0,67.9,66.6,64.3,56.8,67.2,58.7,67.3,61.1,65.3,62.0,63.1,59.2,57.4,56.7,57.4,55.4,60.5,57.6,60.0,61.1,57.9,55.1,58.0,61.2,57.1,57.3,56.7,57.1,56.1,55.1,55.1,53.9,51.2,69.9,67.8,69.1,59.6,64.3,59.6,63.6,54.5,55.9,68.4,67.5,68.9,65.8,67.4,63.5,54.7,59.9,65.8,67.8,65.7
3964,60.8,56.7,58.3,65.9,69.0,69.8,69.7,68.3,67.8,68.4,68.0,69.2,67.7,68.4,68.7,68.8,68.1,54.4,67.5,67.9,68.5,67.7,69.0,67.1,65.8,68.4,71.4,67.4,68.2,68.1,69.5,66.5,64.7,66.3,67.2,65.8,63.3,55.9,66.3,57.0,65.7,60.5,64.3,60.7,61.7,58.2,55.8,55.1,55.6,54.1,59.4,56.2,58.2,60.0,56.8,53.8,57.1,60.3,56.0,56.1,55.6,55.8,55.0,53.4,53.9,52.4,49.6,69.4,67.3,68.5,57.8,63.2,58.1,61.9,52.6,54.1,67.8,66.9,68.3,65.0,66.8,62.6,53.9,59.4,65.1,67.1,65.1
3965,60.0,56.4,57.9,64.8,68.4,69.2,69.1,67.8,67.3,68.1,67.8,68.6,67.4,67.8,68.2,68.3,67.7,54.7,67.1,67.8,67.9,67.2,68.5,66.5,65.1,67.7,71.0,66.9,67.7,67.7,68.8,66.2,64.1,65.5,66.7,65.2,62.6,55.4,65.4,55.5,64.8,60.5,63.5,59.4,60.7,57.4,54.2,54.7,54.3,52.3,58.4,55.2,56.3,59.9,55.9,54.4,56.1,59.5,55.1,56.4,56.1,54.8,55.3,52.7,53.1,52.6,48.4,68.9,67.0,68.1,56.1,62.3,57.0,60.5,52.4,52.9,67.6,66.6,67.8,64.3,66.0,61.7,53.0,59.7,64.4,66.6,64.6
3966,63.9,59.4,61.3,64.3,68.7,69.3,69.3,68.7,68.6,69.2,70.0,69.5,69.5,68.4,68.5,69.4,68.8,58.7,69.0,70.2,68.6,68.3,69.3,66.9,65.0,68.0,71.5,67.5,68.8,68.6,69.5,68.1,64.7,66.4,67.3,66.4,65.4,58.4,64.6,58.9,65.7,64.0,63.3,61.9,63.6,60.8,57.1,59.3,60.9,53.5,58.7,57.5,57.8,62.7,55.8,57.5,57.3,60.8,55.1,59.3,58.1,54.9,59.1,58.4,54.6,57.3,52.7,69.3,68.6,70.3,57.6,61.7,61.0,62.6,59.2,54.3,69.7,68.7,68.7,64.5,66.0,61.7,53.9,61.9,64.8,67.4,65.8
3967,68.6,63.7,65.7,67.3,71.1,71.2,71.6,71.2,71.2,71.4,72.9,71.8,72.6,70.5,70.7,72.0,71.4,62.2,72.4,73.2,71.3,70.9,71.9,69.3,67.5,70.7,73.3,70.0,71.0,71.2,71.7,70.6,67.2,68.7,69.2,69.0,69.5,62.8,66.8,65.9,69.1,68.6,66.1,66.2,67.7,65.9,61.9,65.3,68.5,60.2,65.3,61.3,64.8,66.3,58.2,61.4,60.7,64.3,57.9,62.8,60.5,58.2,62.7,64.5,57.2,61.7,57.6,71.3,71.8,73.1,64.4,65.0,65.6,68.9,64.7,61.0,73.1,71.5,71.2,67.0,68.8,64.3,58.5,64.6,66.8,70.0,68.3
3968,73.1,67.6,69.7,71.7,74.4,73.8,74.5,74.2,73.9,73.8,75.7,74.7,75.4,73.1,73.7,74.7,74.4,65.0,75.6,76.1,74.1,73.7,74.9,72.4,71.1,73.9,75.5,72.9,73.4,74.1,74.3,73.1,70.1,71.7,71.4,71.5,73.7,66.5,70.5,70.5,72.4,72.9,70.0,70.1,71.8,70.9,67.1,69.6,74.5,66.7,72.7,65.6,71.7,70.0,61.8,65.2,64.8,67.8,60.9,65.8,63.2,62.1,66.0,69.7,60.3,65.2,61.4,73.8,74.7,75.7,70.8,69.7,70.2,73.6,68.9,66.3,76.4,74.2,73.8,70.7,72.2,67.9,62.3,67.5,69.6,72.8,70.9
3969,77.1,71.2,73.3,75.9,77.6,76.5,77.6,77.2,76.6,76.0,78.3,77.5,78.0,75.3,76.5,77.2,77.0,67.8,78.2,78.8,76.7,76.5,77.5,75.4,74.7,77.0,77.7,75.9,75.9,76.6,76.9,75.6,72.9,74.5,73.9,74.0,77.5,70.2,74.6,74.5,75.9,76.8,73.8,73.6,75.7,74.8,72.7,73.0,79.0,71.9,77.1,69.9,77.7,73.4,65.6,68.1,68.3,71.0,64.1,68.4,66.0,66.1,69.0,73.6,63.8,68.2,65.3,76.2,77.1,78.2,76.6,74.1,74.6,76.8,72.4,70.9,79.1,76.8,76.3,74.5,75.6,71.4,65.2,69.9,72.3,75.5,73.5
3970,80.4,74.4,76.4,79.4,80.6,79.2,80.0,79.9,78.6,78.0,80.6,79.8,80.3,77.5,78.9,79.2,79.6,70.6,80.3,81.0,79.1,78.4,79.6,78.2,78.0,79.9,79.7,78.4,78.2,78.8,79.3,77.5,75.5,77.0,76.2,76.4,81.1,73.4,78.3,77.7,79.3,79.9,77.2,76.8,79.6,78.1,77.4,75.9,82.5,75.6,80.3,73.8,82.4,76.3,68.7,70.5,71.0,73.7,67.1,70.5,68.5,69.2,71.5,76.5,67.1,70.9,68.6,78.2,79.1,80.4,80.4,78.1,78.3,79.7,75.4,74.5,81.2,78.7,78.6,77.7,78.7,74.8,67.6,71.9,74.9,77.9,75.9
3971,83.6,77.0,78.9,82.6,83.2,81.3,82.3,82.3,80.4,79.7,82.5,81.7,82.0,79.4,81.2,80.9,81.5,73.1,81.9,82.8,81.2,80.2,81.5,80.7,80.9,82.5,81.5,80.4,80.0,80.7,81.5,79.4,77.8,79.2,78.1,78.4,83.9,76.1,81.4,80.8,82.2,82.4,80.2,79.8,82.7,81.0,81.0,78.5,85.6,79.0,82.5,76.9,85.8,78.7,71.0,72.4,73.2,75.9,69.8,72.2,70.8,71.7,73.8,78.9,70.5,73.2,72.1,80.0,80.5,82.3,83.7,81.5,81.4,82.3,78.2,77.4,82.8,80.5,80.6,80.4,81.3,77.6,69.9,73.4,77.0,79.9,78.1
3972,86.4,78.8,81.0,85.4,85.2,83.5,84.5,84.2,81.8,81.3,83.8,83.2,83.3,80.7,83.1,82.2,83.4,75.2,83.3,84.1,83.1,81.6,83.0,82.7,83.4,84.8,82.9,82.0,81.8,82.2,83.2,80.6,79.8,81.0,79.9,80.2,86.5,78.0,84.2,83.1,84.9,84.3,82.8,82.3,85.4,83.1,83.5,80.4,88.0,81.4,84.3,79.3,88.4,80.7,72.9,74.0,74.9,77.6,72.3,73.6,72.5,73.9,75.9,81.1,73.4,74.9,75.0,81.4,81.8,83.8,85.9,84.3,84.1,84.3,80.6,79.6,84.0,81.7,82.1,82.7,83.4,80.1,71.9,74.5,78.9,81.5,80.0
3973,88.1,80.1,82.4,87.4,86.8,85.0,86.1,85.6,82.9,82.6,84.8,84.3,84.3,81.8,84.6,83.4,84.6,76.8,84.3,85.2,84.5,82.6,84.1,84.4,85.3,86.6,84.1,83.4,83.0,83.2,84.8,81.5,81.5,82.5,81.4,81.6,88.2,79.2,86.3,84.7,87.0,85.7,85.0,84.3,87.5,84.0,85.3,81.9,89.7,83.1,85.4,81.2,90.1,82.0,74.2,75.3,76.1,78.9,74.2,74.9,73.9,75.7,77.5,82.7,75.9,76.3,77.2,82.6,82.7,84.9,87.4,86.8,86.3,86.1,82.3,81.1,84.7,82.7,83.3,84.7,85.1,82.1,73.4,75.2,80.5,82.7,81.5
3974,89.1,80.9,83.2,88.9,88.3,86.2,87.3,86.3,83.2,83.7,85.2,85.0,84.8,82.9,85.6,84.1,85.7,77.9,84.9,85.5,85.4,83.3,84.8,85.4,86.8,87.9,85.0,84.3,83.9,83.9,85.7,81.9,82.4,83.5,82.6,82.5,89.4,79.7,87.9,85.6,88.7,86.5,86.6,85.7,89.0,84.1,86.7,83.0,90.8,84.5,86.3,82.2,91.1,83.0,75.3,76.5,77.2,80.1,75.8,75.8,74.4,77.5,78.8,83.9,77.8,77.3,78.7,83.6,83.2,85.5,88.4,88.5,87.0,87.3,83.8,82.3,85.1,83.2,84.3,86.2,86.5,83.6,74.9,75.5,81.8,83.5,82.4
3975,89.5,80.5,83.5,90.1,88.8,87.0,87.9,86.9,83.6,84.0,85.3,85.3,84.9,83.3,86.2,84.2,86.2,78.5,84.8,85.3,86.0,83.8,85.3,86.1,87.9,88.7,85.5,84.8,84.5,84.0,86.1,82.0,83.4,84.2,83.1,83.3,89.9,79.6,88.8,86.0,89.4,86.5,87.6,86.2,88.9,84.2,87.3,83.5,91.1,85.2,86.6,82.3,91.7,83.3,75.9,77.1,77.8,80.5,76.8,76.6,75.1,78.7,79.6,84.6,79.0,77.5,79.5,84.0,83.4,85.5,88.9,89.8,86.7,87.6,84.5,82.9,85.1,83.3,84.7,87.0,87.3,84.4,75.5,75.4,82.6,84.1,83.0
3976,88.7,79.5,82.9,90.4,88.9,87.1,87.9,86.9,83.2,83.9,85.2,85.2,84.5,83.2,86.2,84.0,86.0,78.6,84.6,84.4,85.6,83.5,85.4,86.0,87.7,88.6,85.3,84.8,84.4,83.7,85.9,81.5,83.2,84.2,83.4,83.4,89.6,78.9,88.8,85.8,89.7,85.9,87.7,86.3,88.0,83.6,87.2,83.0,90.4,85.3,86.4,81.9,91.5,82.7,76.5,77.1,78.1,80.8,77.5,76.6,74.9,79.4,79.8,84.8,79.3,77.4,79.0,83.8,83.2,85.0,88.6,90.1,86.5,87.7,84.5,82.6,84.8,82.9,84.5,87.0,87.3,84.6,75.6,75.0,82.8,83.8,83.1
3977,86.9,78.1,81.2,89.9,88.1,86.5,87.1,86.2,82.5,83.2,84.1,84.7,83.7,82.6,85.5,83.2,85.4,77.8,83.8,83.4,85.1,83.0,85.0,85.1,86.5,87.9,84.8,84.1,83.9,83.0,85.5,80.8,82.6,83.4,82.8,82.9,87.9,77.6,88.0,85.0,89.2,83.7,87.1,85.4,86.4,82.4,86.4,82.2,89.2,84.7,85.7,80.7,90.5,81.1,76.2,76.5,78.2,80.3,77.7,76.1,74.5,79.4,79.4,84.0,78.5,76.3,77.5,83.6,82.4,84.3,87.7,89.4,85.3,87.3,83.7,81.7,84.0,82.1,83.7,86.4,86.6,83.9,75.1,73.8,82.2,83.4,82.4
3978,84.0,75.6,78.5,88.2,86.4,85.1,85.6,84.6,81.1,81.9,82.7,83.7,82.3,81.6,83.9,81.8,84.0,76.4,82.2,81.8,83.8,81.8,83.7,83.4,84.9,86.2,83.9,82.7,82.7,81.7,84.4,79.5,81.1,81.7,81.6,81.6,85.0,75.2,86.6,83.0,88.1,81.2,85.0,84.2,84.2,79.8,85.0,80.6,86.9,83.3,84.4,78.7,88.8,78.1,75.2,75.3,77.1,79.4,77.0,74.7,73.4,78.6,77.9,82.3,76.8,74.6,75.0,82.4,81.1,82.7,85.8,87.9,83.4,86.1,81.8,80.4,82.5,80.9,82.5,84.6,85.0,82.2,74.0,72.3,81.1,82.1,81.1
3979,79.3,71.7,73.4,85.2,84.1,82.9,83.1,82.0,78.5,79.6,80.2,81.7,79.4,79.6,81.3,79.6,81.5,73.0,79.4,78.7,81.4,79.4,81.3,80.7,82.0,83.4,82.1,80.2,80.6,79.4,82.0,76.7,78.9,79.5,79.7,79.4,80.3,71.3,84.1,79.5,86.0,76.0,82.3,81.8,79.7,75.8,82.4,77.2,81.8,80.9,82.2,75.8,85.7,73.9,73.7,73.0,75.5,77.5,75.9,72.2,71.3,77.0,74.9,79.1,73.8,71.6,71.3,80.5,78.4,80.3,82.9,85.0,79.7,84.1,78.0,77.5,79.5,78.5,80.2,81.8,82.1,79.7,71.7,70.1,79.1,80.0,79.1
3980,74.8,67.8,69.0,80.7,80.5,79.8,80.1,78.3,75.6,76.7,77.0,78.7,75.9,77.1,78.2,76.6,77.4,68.1,76.0,75.7,77.8,76.1,77.4,76.8,77.6,79.2,80.1,76.6,77.4,76.4,78.8,73.1,75.3,76.6,76.8,76.1,75.8,67.4,79.7,73.8,82.7,71.1,77.7,76.2,75.6,71.3,77.2,72.2,77.1,75.2,77.8,72.6,80.1,69.8,70.2,69.1,71.5,73.9,73.4,68.1,68.1,73.3,70.3,73.8,69.6,67.5,66.2,78.0,75.3,77.1,77.3,79.6,74.9,79.0,72.7,71.4,75.9,75.1,76.9,77.4,77.7,75.8,66.2,67.7,76.0,76.9,75.4
3981,72.4,65.7,67.0,77.0,77.2,77.6,78.0,75.8,74.0,75.2,74.9,76.3,74.2,75.1,76.0,74.9,74.8,64.8,74.0,73.8,75.4,74.3,75.4,74.4,74.3,76.3,78.5,74.4,75.2,74.3,76.6,71.7,72.4,74.4,74.5,73.4,73.1,65.3,75.9,70.1,79.7,68.9,74.0,72.1,73.2,68.1,73.0,69.6,73.7,68.9,73.6,70.3,75.2,67.4,66.7,66.0,67.5,70.7,69.9,65.3,65.4,68.3,66.5,70.1,66.4,64.5,63.0,76.3,73.4,75.2,73.4,75.0,71.3,74.4,69.6,67.6,74.3,73.3,74.9,74.0,74.5,72.2,60.2,65.9,73.2,74.5,72.5
3982,70.0,63.8,65.2,74.6,75.4,75.9,76.2,74.3,72.7,73.7,73.4,74.9,73.0,73.6,74.5,73.7,73.6,62.4,72.5,72.8,74.1,72.9,73.9,73.0,72.3,74.5,77.2,73.2,73.8,73.2,75.3,70.8,70.7,72.6,73.0,71.9,70.9,63.5,73.8,67.9,77.1,67.1,72.2,69.3,70.8,65.9,69.4,67.2,70.7,66.0,70.4,68.3,71.4,66.1,65.1,63.3,65.3,68.2,66.8,63.7,63.5,65.3,63.7,67.4,64.1,62.3,60.7,75.0,72.2,73.9,70.5,72.7,68.8,72.4,66.8,65.4,72.8,72.1,73.4,72.0,72.7,70.2,58.5,64.7,71.4,72.8,70.7
3983,68.4,62.1,63.7,72.8,74.0,74.7,74.9,72.9,71.6,72.8,72.2,73.7,72.1,72.5,73.2,72.8,72.3,60.5,71.4,71.7,72.9,71.8,72.9,71.8,70.8,73.1,76.0,72.0,72.5,72.2,73.9,70.0,69.4,71.2,71.7,70.6,69.5,62.0,72.0,65.8,74.9,65.6,70.4,67.8,69.3,64.2,66.3,64.8,68.1,64.2,67.9,66.1,68.9,65.0,63.7,61.2,63.8,66.6,64.1,62.1,61.8,63.0,61.9,64.6,62.3,60.5,58.8,73.8,71.2,72.7,68.3,70.7,66.5,70.4,63.6,63.5,71.7,71.0,72.4,70.4,71.5,68.5,57.6,63.8,69.9,71.8,69.4
3984,66.7,61.1,62.5,71.0,72.6,73.7,73.6,72.0,70.8,71.6,71.3,72.6,71.0,71.5,72.2,71.6,71.1,59.3,70.5,70.9,71.8,70.7,72.0,70.6,69.6,72.0,74.7,70.8,71.5,71.1,72.8,69.1,68.3,70.0,70.5,69.4,68.2,60.6,70.7,64.1,73.0,64.2,69.2,66.4,67.7,62.8,63.9,62.5,65.2,62.2,66.1,63.9,66.9,63.6,62.2,59.3,62.3,65.2,62.0,60.9,60.2,61.2,60.5,62.0,60.6,58.8,56.8,72.8,70.5,71.9,66.1,69.0,65.1,68.5,61.1,61.7,70.7,70.0,71.3,69.1,70.2,66.9,57.1,62.7,68.8,70.8,68.4
3985,65.2,59.7,61.4,69.8,71.5,72.5,72.4,70.9,69.9,70.8,70.5,71.8,70.2,70.5,71.3,71.0,70.3,57.9,69.7,70.1,70.9,70.0,71.4,69.6,68.5,71.0,73.8,69.9,70.6,70.1,72.0,68.6,67.1,69.0,69.7,68.4,66.8,59.4,69.6,62.2,71.1,63.2,67.9,65.4,66.1,61.7,61.6,60.7,62.3,60.1,64.2,61.7,65.0,62.8,60.9,57.7,60.7,64.0,60.3,59.6,58.8,59.7,58.6,59.4,58.8,57.2,55.0,71.8,69.7,71.0,64.0,67.5,63.3,67.1,59.0,59.8,70.1,69.1,70.4,67.9,69.4,65.8,56.3,61.9,67.6,69.8,67.5
3986,63.8,58.6,60.3,68.5,70.7,71.5,71.5,70.2,69.2,70.1,69.6,70.8,69.4,69.7,70.4,70.3,69.5,56.6,68.9,69.5,70.1,69.2,70.7,68.7,67.6,70.1,72.9,69.1,69.9,69.5,71.2,67.7,66.1,67.9,68.8,67.6,65.9,58.3,68.6,60.5,69.1,62.0,66.6,64.0,64.4,60.7,59.8,58.9,59.9,57.9,62.4,59.8,62.8,61.9,59.6,56.3,59.5,62.6,58.7,58.4,57.6,58.5,57.2,57.3,57.1,55.6,53.4,70.9,68.9,70.1,61.9,65.8,61.6,65.5,56.5,58.1,69.2,68.4,69.7,67.1,68.4,64.5,55.6,61.1,66.7,68.8,66.6
3987,62.5,57.6,59.4,67.1,69.8,70.7,70.8,69.3,68.6,69.4,68.9,70.3,68.8,69.2,69.6,69.7,69.0,55.5,68.3,68.8,69.4,68.6,70.0,68.0,66.8,69.3,72.3,68.4,69.1,68.9,70.4,67.2,65.4,67.2,68.0,66.8,64.5,57.0,67.4,59.0,67.5,61.3,65.6,62.4,63.3,59.3,57.8,57.2,57.6,55.7,60.9,58.0,60.4,61.0,58.3,55.1,58.3,61.6,57.4,57.4,56.7,57.4,56.1,55.4,55.4,54.0,51.6,70.2,68.2,69.3,60.0,64.6,59.9,63.9,54.8,56.2,68.6,67.8,69.2,66.0,67.6,63.5,55.0,60.4,65.8,67.9,65.8
3988,61.0,56.8,58.4,66.1,69.3,70.1,70.1,68.6,68.0,68.6,68.4,69.5,68.1,68.7,69.0,69.1,68.5,54.4,67.8,68.3,68.8,68.0,69.3,67.3,66.1,68.7,71.6,67.6,68.4,68.4,69.8,66.8,64.7,66.3,67.2,66.0,63.5,56.1,66.5,57.3,66.0,60.6,64.7,61.1,61.9,58.3,56.2,55.5,55.7,54.4,59.9,56.5,58.7,60.1,57.2,53.8,57.5,60.7,56.3,56.2,55.6,56.1,54.9,53.5,54.2,52.5,50.1,69.7,67.7,68.8,58.2,63.5,58.3,62.2,52.9,54.5,68.1,67.3,68.6,65.3,67.0,62.6,54.2,60.0,65.1,67.3,65.1
3989,60.2,56.5,58.0,65.1,68.7,69.4,69.4,68.1,67.5,68.3,68.2,69.0,67.8,68.1,68.5,68.6,68.0,54.8,67.4,68.2,68.2,67.6,68.8,66.7,65.4,68.0,71.2,67.2,67.8,68.0,69.0,66.5,64.1,65.6,66.7,65.3,62.8,55.6,65.6,55.9,65.1,60.7,63.8,59.7,60.8,57.6,54.6,55.1,54.5,52.6,58.9,55.6,56.7,59.9,56.3,54.5,56.5,59.9,55.3,56.6,56.1,55.1,55.3,52.8,53.3,52.6,48.7,69.1,67.3,68.4,56.5,62.4,57.3,60.9,52.7,53.3,67.8,67.0,68.1,64.5,66.2,61.6,53.2,60.2,64.5,66.8,64.5
3990,64.0,59.6,61.5,64.7,69.0,69.5,69.6,68.9,68.8,69.3,70.3,69.9,69.9,68.7,68.8,69.7,69.1,58.8,69.3,70.5,68.9,68.6,69.6,67.1,65.2,68.3,71.7,67.7,69.0,68.9,69.7,68.4,64.8,66.5,67.3,66.5,65.6,58.5,64.9,59.2,66.0,64.2,63.6,62.3,63.8,60.9,57.5,59.7,61.1,53.8,59.0,57.9,58.3,62.7,56.2,57.6,57.7,61.2,55.4,59.5,58.2,55.2,59.2,58.5,54.9,57.5,53.1,69.5,68.8,70.5,57.9,61.9,61.3,63.1,59.5,54.8,70.1,69.0,68.9,64.6,66.3,61.7,54.1,62.3,64.8,67.6,65.8
3991,68.7,64.0,65.9,67.5,71.4,71.4,71.9,71.3,71.4,71.5,73.1,72.2,72.9,70.7,70.9,72.3,71.7,62.3,72.7,73.5,71.5,71.1,72.1,69.4,67.8,71.0,73.4,70.3,71.0,71.5,71.9,70.8,67.2,68.7,69.1,69.0,69.8,62.9,67.0,66.1,69.3,68.9,66.4,66.6,67.9,66.0,62.3,65.8,68.9,60.6,65.7,61.7,65.2,66.4,58.6,61.5,61.2,64.8,58.2,63.0,60.7,58.5,62.8,64.9,57.5,61.8,58.0,71.5,72.0,73.3,64.9,65.2,65.8,69.3,65.1,61.4,73.5,71.6,71.3,67.1,69.0,64.4,58.8,64.9,66.9,70.0,68.3
3992,73.2,67.9,70.0,71.8,74.5,74.0,74.7,74.2,74.1,73.8,75.9,75.0,75.7,73.2,73.9,74.8,74.6,65.2,75.8,76.3,74.2,73.8,75.0,72.4,71.5,74.1,75.6,73.2,73.4,74.4,74.5,73.4,70.1,71.7,71.4,71.5,73.9,66.7,70.8,70.8,72.6,73.3,70.3,70.5,72.0,70.9,67.5,70.2,75.0,67.1,73.1,66.0,72.1,70.1,62.2,65.4,65.3,68.3,61.3,66.0,63.3,62.4,66.1,70.1,60.6,65.4,61.8,73.9,74.9,75.8,71.3,69.9,70.4,74.1,69.3,66.8,76.7,74.4,73.9,70.8,72.3,67.9,62.7,67.7,69.7,72.7,70.8
3993,77.2,71.4,73.7,76.1,77.7,76.7,77.7,77.2,76.7,76.1,78.5,77.7,78.2,75.4,76.7,77.3,77.1,68.1,78.4,78.9,76.8,76.5,77.6,75.4,75.1,77.1,77.7,76.1,75.8,76.8,76.9,75.8,72.8,74.4,73.8,73.9,77.7,70.5,74.7,74.8,76.1,77.0,74.0,74.0,75.9,74.9,73.1,73.6,79.6,72.4,77.6,70.4,78.2,73.5,66.1,68.3,68.9,71.6,64.5,68.7,66.2,66.4,69.1,74.1,64.1,68.4,65.6,76.2,77.3,78.3,76.9,74.4,74.8,77.4,72.9,71.5,79.4,76.9,76.4,74.6,75.7,71.4,65.6,70.1,72.4,75.5,73.5
3994,80.6,74.6,76.7,79.6,80.7,79.3,80.1,79.8,78.7,78.0,80.7,80.0,80.5,77.6,79.0,79.2,79.6,70.9,80.5,81.1,79.2,78.5,79.7,78.3,78.3,80.0,79.7,78.5,78.0,79.0,79.3,77.7,75.4,77.0,76.2,76.4,81.3,73.6,78.5,78.0,79.5,80.1,77.4,77.2,79.8,78.2,77.8,76.6,83.1,76.3,80.8,74.3,82.8,76.4,69.3,70.8,71.7,74.4,67.5,70.8,68.7,69.5,71.6,77.0,67.5,71.2,69.0,78.3,79.3,80.5,80.8,78.4,78.5,80.3,75.9,75.2,81.4,78.8,78.7,77.9,78.8,74.9,68.1,72.0,74.9,77.7,75.8
3995,83.8,77.3,79.2,82.8,83.2,81.4,82.4,82.3,80.5,79.7,82.6,81.9,82.2,79.4,81.3,81.0,81.5,73.4,82.1,82.9,81.3,80.3,81.6,80.8,81.1,82.6,81.6,80.5,79.8,80.9,81.5,79.6,77.7,79.1,78.1,78.4,84.0,76.4,81.6,81.1,82.5,82.7,80.4,80.4,83.0,81.1,81.4,79.1,86.3,79.6,83.0,77.4,86.3,78.7,71.7,72.8,73.8,76.5,70.2,72.5,71.0,72.1,74.1,79.6,70.8,73.5,72.5,80.0,80.9,82.4,84.0,81.7,81.6,82.9,78.7,78.1,83.0,80.5,80.7,80.6,81.4,77.8,70.5,73.5,77.0,79.8,78.0
3996,86.5,79.1,81.2,85.6,85.2,83.6,84.6,84.1,81.8,81.2,84.0,83.3,83.5,80.8,83.2,82.3,83.4,75.4,83.5,84.1,83.1,81.7,83.1,82.8,83.6,84.8,82.8,82.2,81.6,82.3,83.2,80.8,79.7,80.9,79.9,80.2,86.6,78.3,84.3,83.5,85.2,84.5,83.0,82.9,85.6,83.2,84.0,81.1,88.6,82.1,84.8,79.8,88.8,80.7,73.6,74.3,75.6,78.3,72.8,74.0,72.9,74.4,76.2,81.7,73.7,75.2,75.4,81.4,82.1,83.9,86.2,84.5,84.3,85.0,81.1,80.4,84.2,81.7,82.1,83.0,83.6,80.3,72.5,74.7,78.9,81.3,79.8
3997,88.3,80.4,82.6,87.5,86.9,85.1,86.1,85.5,82.9,82.6,85.0,84.5,84.5,81.9,84.7,83.4,84.6,77.1,84.6,85.1,84.5,82.7,84.3,84.5,85.5,86.6,84.1,83.5,82.8,83.3,84.7,81.7,81.5,82.4,81.4,81.6,88.3,79.5,86.4,85.0,87.3,85.9,85.1,84.9,87.7,84.1,85.8,82.5,90.4,83.9,85.9,81.7,90.5,82.1,74.9,75.7,76.8,79.6,74.7,75.2,74.3,76.2,77.8,83.3,76.2,76.6,77.6,82.6,83.0,84.9,87.7,86.9,86.5,86.9,82.9,81.9,84.9,82.6,83.3,85.0,85.3,82.2,74.1,75.3,80.5,82.5,81.4
3998,89.3,81.2,83.3,89.1,88.3,86.3,87.3,86.4,83.2,83.6,85.4,85.1,85.0,82.9,85.7,84.2,85.7,78.3,85.0,85.4,85.3,83.4,85.0,85.5,87.0,87.9,85.0,84.4,83.7,84.0,85.6,82.1,82.4,83.5,82.5,82.5,89.5,80.1,87.9,85.7,89.0,86.6,86.8,86.3,89.1,84.1,87.2,83.6,91.4,85.3,86.7,82.8,91.6,83.2,76.0,76.8,77.9,80.8,76.4,76.2,75.0,78.0,79.1,84.6,78.1,77.5,79.1,83.6,83.4,85.5,88.8,88.7,87.4,88.1,84.4,83.1,85.4,83.1,84.3,86.4,86.7,83.8,75.6,75.6,81.8,83.4,82.3
3999,89.7,80.9,83.5,90.3,88.9,87.0,87.9,86.9,83.6,83.9,85.3,85.4,85.0,83.3,86.2,84.2,86.2,78.9,84.9,85.3,86.0,83.8,85.5,86.2,88.1,88.6,85.4,84.9,84.3,84.1,86.1,82.2,83.3,84.1,83.0,83.2,90.0,80.0,88.8,86.2,89.5,86.7,87.8,86.8,89.0,84.3,87.8,84.1,91.6,86.1,87.1,82.8,92.1,83.4,76.7,77.3,78.6,81.3,77.5,76.8,75.7,79.2,79.9,85.2,79.3,77.9,79.9,84.0,83.6,85.5,89.2,89.9,87.1,88.5,85.0,83.6,85.4,83.2,84.8,87.4,87.4,84.6,76.2,75.5,82.6,83.9,82.9
4000,88.9,79.8,82.9,90.5,89.0,87.1,87.9,86.8,83.2,83.8,85.3,85.3,84.7,83.3,86.2,83.9,86.0,79.0,84.7,84.3,85.7,83.5,85.6,86.1,88.0,88.6,85.3,84.8,84.2,83.9,86.0,81.6,83.1,84.1,83.2,83.3,89.6,79.2,88.9,85.8,89.8,86.0,87.9,87.0,88.0,83.7,87.6,83.6,91.0,86.1,86.9,82.4,92.0,82.9,77.2,77.3,78.9,81.5,78.1,76.8,75.5,79.9,80.2,85.4,79.6,77.7,79.4,83.8,83.3,84.9,88.9,90.2,86.7,88.5,85.1,83.4,84.9,82.8,84.6,87.3,87.6,84.8,76.3,75.0,82.8,83.7,82.9
4001,87.0,78.5,81.3,90.0,88.2,86.5,87.1,86.2,82.5,83.2,84.2,84.7,83.8,82.7,85.5,83.2,85.4,78.2,84.0,83.3,85.2,83.1,85.1,85.3,86.8,88.0,84.8,84.2,83.8,83.2,85.5,80.9,82.5,83.3,82.7,82.8,88.0,77.8,88.1,85.1,89.4,83.9,87.2,86.2,86.5,82.5,86.9,82.7,89.7,85.5,86.2,81.1,91.0,81.4,77.0,76.8,79.0,81.2,78.3,76.4,75.0,80.0,79.7,84.6,78.9,76.6,77.9,83.6,82.6,84.2,88.0,89.5,85.5,88.2,84.3,82.5,84.0,81.9,83.7,86.6,86.9,84.1,75.8,73.9,82.2,83.3,82.2
4002,84.1,75.9,78.7,88.4,86.6,85.2,85.7,84.6,81.2,82.0,82.7,83.7,82.3,81.7,84.1,81.9,84.1,76.7,82.3,81.7,83.9,81.9,83.8,83.5,85.1,86.3,83.9,82.8,82.6,81.9,84.4,79.6,81.0,81.6,81.4,81.5,85.2,75.5,86.7,83.1,88.2,81.4,85.2,84.9,84.2,79.9,85.5,81.1,87.4,84.1,84.9,79.2,89.3,78.3,76.0,75.6,77.9,80.3,77.6,75.0,73.9,79.2,78.2,82.9,77.2,74.9,75.4,82.4,81.2,82.6,86.2,88.0,83.6,87.0,82.3,81.1,82.6,80.7,82.6,84.8,85.3,82.3,74.6,72.4,81.0,82.0,81.0
4003,79.4,72.1,73.6,85.4,84.3,83.0,83.3,82.1,78.5,79.7,80.2,81.7,79.5,79.8,81.5,79.6,81.6,73.3,79.5,78.7,81.5,79.4,81.3,80.9,82.2,83.5,82.1,80.4,80.5,79.5,82.0,76.7,78.8,79.5,79.6,79.3,80.5,71.7,84.2,79.5,86.0,76.2,82.5,82.4,79.8,75.9,82.9,77.7,82.3,81.8,82.7,76.3,86.3,74.0,74.4,73.3,76.3,78.3,76.4,72.6,71.7,77.5,75.3,79.6,74.1,71.9,71.7,80.6,78.6,80.3,83.2,85.1,79.9,85.0,78.5,78.2,79.6,78.3,80.3,82.0,82.3,79.8,72.4,70.3,79.1,79.9,79.0
4004,74.8,68.2,69.3,80.9,80.7,80.1,80.4,78.5,75.5,76.8,77.1,78.7,75.9,77.3,78.4,76.7,77.5,68.4,76.2,75.7,77.9,76.1,77.5,77.0,77.7,79.3,80.2,76.8,77.4,76.5,78.9,73.1,75.2,76.5,76.7,76.1,75.9,67.7,79.8,74.0,82.8,71.3,77.8,76.9,75.8,71.3,77.7,72.6,77.4,76.0,78.3,73.0,80.6,69.9,70.9,69.5,72.2,74.5,73.9,68.4,68.5,73.8,70.7,74.4,69.9,67.9,66.5,78.2,75.5,77.1,77.7,79.7,75.1,79.7,73.2,72.1,76.1,75.0,77.0,77.7,78.0,75.9,66.8,68.0,75.9,76.8,75.3
4005,72.5,66.0,67.2,77.2,77.5,77.9,78.2,75.9,73.9,75.2,75.0,76.3,74.2,75.2,76.2,74.9,75.0,64.9,74.2,73.8,75.6,74.3,75.6,74.6,74.4,76.4,78.6,74.7,75.2,74.4,76.7,71.7,72.3,74.4,74.5,73.3,73.2,65.6,76.1,70.3,79.8,69.1,74.1,72.7,73.3,68.2,73.6,70.0,74.2,69.5,74.0,70.8,75.7,67.6,67.3,66.4,68.1,71.3,70.5,65.6,65.7,68.7,66.8,70.7,66.7,64.7,63.3,76.4,73.6,75.2,73.8,75.1,71.7,75.2,70.0,68.2,74.5,73.3,75.0,74.2,74.7,72.2,60.7,66.2,73.1,74.4,72.4
4006,70.3,64.2,65.4,74.7,75.6,76.2,76.4,74.4,72.6,73.8,73.5,74.9,73.0,73.8,74.7,73.7,73.7,62.6,72.6,72.8,74.3,73.0,74.0,73.1,72.4,74.7,77.2,73.4,73.8,73.4,75.4,70.9,70.7,72.6,72.9,71.9,71.1,63.8,74.0,68.1,77.3,67.3,72.4,70.0,71.1,66.1,69.9,67.6,71.2,66.6,70.8,68.7,72.1,66.2,65.8,63.6,65.9,68.9,67.3,64.0,64.0,65.7,64.0,68.0,64.4,62.5,61.0,75.0,72.3,73.9,70.9,73.0,69.0,73.1,67.2,65.9,73.0,72.1,73.5,72.1,72.9,70.2,59.1,64.9,71.4,72.7,70.7
4007,68.6,62.4,63.9,73.0,74.3,75.0,75.2,73.0,71.7,72.9,72.4,73.7,72.1,72.7,73.5,72.8,72.4,60.8,71.6,71.8,73.1,71.9,73.0,71.9,71.0,73.3,76.0,72.2,72.5,72.3,74.0,70.1,69.4,71.1,71.7,70.6,69.7,62.3,72.2,66.0,75.1,65.7,70.5,68.5,69.5,64.3,66.8,65.2,68.7,64.8,68.2,66.6,69.5,65.0,64.4,61.5,64.4,67.2,64.5,62.5,62.2,63.4,62.0,65.3,62.6,60.8,59.1,73.9,71.3,72.7,68.8,71.0,66.8,71.1,64.0,64.1,71.9,70.9,72.6,70.6,71.6,68.5,58.2,64.0,69.9,71.7,69.4
4008,66.9,61.3,62.7,71.2,72.8,73.8,73.8,72.1,70.9,71.8,71.4,72.7,71.0,71.6,72.5,71.7,71.2,59.5,70.6,71.1,71.9,70.8,72.2,70.7,69.8,72.2,74.8,71.1,71.5,71.4,72.9,69.2,68.3,70.0,70.5,69.4,68.4,60.9,70.9,64.3,73.1,64.4,69.3,67.1,68.0,62.9,64.4,62.9,65.8,62.8,66.5,64.3,67.5,63.7,62.8,59.7,62.9,65.7,62.4,61.3,60.6,61.6,60.7,62.6,60.8,59.1,57.2,72.9,70.7,71.9,66.5,69.3,65.4,69.2,61.5,62.4,70.9,69.9,71.5,69.3,70.5,66.9,57.7,62.9,68.9,70.7,68.4
4009,65.5,60.0,61.6,70.0,71.8,72.7,72.6,71.1,70.0,70.9,70.6,71.8,70.2,70.7,71.5,71.1,70.5,58.1,69.8,70.3,71.1,70.1,71.6,69.7,68.7,71.2,73.9,70.2,70.7,70.4,72.1,68.7,67.0,68.9,69.7,68.4,67.1,59.7,69.7,62.4,71.5,63.5,68.0,66.1,66.3,61.8,62.0,61.2,62.7,60.7,64.6,62.1,65.6,63.0,61.6,58.0,61.2,64.7,60.6,60.1,59.1,60.1,58.8,60.1,59.1,57.5,55.4,71.9,69.9,71.1,64.5,67.7,63.6,67.8,59.3,60.4,70.2,69.1,70.5,68.1,69.7,65.8,56.8,62.1,67.6,69.7,67.4
4010,64.1,58.9,60.6,68.6,70.9,71.7,71.7,70.3,69.2,70.2,69.7,71.0,69.5,69.9,70.6,70.4,69.7,56.8,69.0,69.6,70.2,69.3,71.0,68.8,67.8,70.3,73.0,69.4,70.0,69.7,71.3,67.9,66.1,68.0,68.8,67.6,66.1,58.7,68.7,60.8,69.5,62.4,66.8,64.7,64.6,60.9,60.2,59.2,60.3,58.5,62.8,60.0,63.3,62.2,60.3,56.7,60.2,63.2,59.0,58.8,57.9,58.9,57.3,57.9,57.3,55.8,53.7,71.0,69.1,70.3,62.4,66.1,61.8,66.3,56.9,58.5,69.4,68.4,69.9,67.2,68.7,64.6,56.0,61.3,66.7,68.8,66.6
4011,62.8,57.9,59.7,67.3,70.1,71.0,71.1,69.4,68.6,69.5,69.0,70.3,68.8,69.3,69.9,69.7,69.2,55.6,68.4,68.9,69.6,68.6,70.2,68.1,66.9,69.5,72.3,68.6,69.1,69.2,70.6,67.3,65.3,67.3,68.0,66.9,64.8,57.4,67.5,59.4,67.8,61.5,65.8,63.1,63.5,59.5,58.3,57.5,58.1,56.2,61.3,58.3,60.9,61.2,58.9,55.4,58.8,62.2,57.6,57.9,57.0,57.9,56.3,55.9,55.7,54.3,51.9,70.2,68.3,69.4,60.5,64.8,60.1,64.6,55.1,56.8,68.8,67.8,69.3,66.2,67.9,63.6,55.5,60.6,65.8,67.9,65.7
4012,61.3,57.2,58.7,66.3,69.6,70.3,70.3,68.8,68.0,68.7,68.5,69.6,68.2,68.8,69.1,69.1,68.6,54.5,67.9,68.4,69.0,68.1,69.6,67.5,66.4,68.8,71.7,67.9,68.4,68.6,69.9,67.0,64.7,66.4,67.4,66.2,63.8,56.4,66.6,57.6,66.3,60.9,65.0,61.8,62.2,58.5,56.7,55.9,56.2,54.9,60.3,56.8,59.1,60.3,57.8,54.1,58.0,61.3,56.5,56.6,55.9,56.6,55.1,54.1,54.4,52.8,50.2,69.7,67.8,68.9,58.6,63.7,58.6,62.8,53.1,55.0,68.2,67.3,68.7,65.5,67.3,62.7,54.5,60.2,65.2,67.3,65.0
4013,60.5,56.8,58.3,65.4,69.0,69.6,69.6,68.2,67.5,68.4,68.2,69.0,67.8,68.2,68.7,68.6,68.2,54.9,67.4,68.3,68.3,67.7,69.0,66.9,65.7,68.1,71.2,67.4,67.8,68.2,69.2,66.6,64.1,65.7,66.8,65.5,63.0,55.9,65.7,56.1,65.3,60.9,64.1,60.3,61.1,57.8,55.1,55.5,54.9,53.0,59.3,55.8,57.1,60.1,56.8,54.7,57.0,60.4,55.4,57.1,56.4,55.6,55.4,53.3,53.5,53.0,49.0,69.2,67.3,68.5,56.9,62.7,57.5,61.3,52.9,53.8,67.9,66.9,68.2,64.7,66.5,61.7,53.5,60.4,64.6,66.8,64.5
4014,64.3,60.0,61.8,64.9,69.2,69.7,69.9,69.1,68.8,69.4,70.3,69.9,69.9,68.8,69.0,69.8,69.3,59.0,69.4,70.6,69.1,68.7,69.8,67.3,65.5,68.4,71.7,67.9,69.0,69.1,69.9,68.5,64.8,66.5,67.4,66.7,65.9,58.8,65.0,59.5,66.3,64.6,64.0,62.8,64.1,61.3,58.0,60.1,61.5,54.4,59.4,58.1,58.7,62.9,56.7,57.9,58.2,61.8,55.6,59.9,58.5,55.6,59.4,59.0,55.1,57.8,53.3,69.6,68.9,70.6,58.2,62.2,61.6,63.6,59.8,55.2,70.2,68.9,69.1,64.9,66.5,61.8,54.4,62.6,64.9,67.6,65.8
4015,69.0,64.4,66.4,67.9,71.6,71.6,72.1,71.5,71.4,71.6,73.2,72.2,72.9,70.8,71.1,72.3,71.8,62.5,72.7,73.5,71.7,71.2,72.3,69.6,68.1,71.1,73.5,70.5,71.1,71.6,72.1,71.0,67.2,68.8,69.2,69.1,70.1,63.3,67.3,66.5,69.6,69.3,66.8,67.2,68.2,66.3,62.8,66.2,69.2,61.1,66.1,62.0,65.7,66.6,59.1,61.9,61.7,65.4,58.5,63.4,61.0,59.0,63.0,65.4,57.7,62.2,58.2,71.6,72.1,73.3,65.2,65.5,66.1,69.9,65.4,61.9,73.5,71.6,71.5,67.3,69.2,64.5,59.1,65.3,66.9,70.1,68.2
4016,73.6,68.3,70.5,72.2,74.8,74.2,74.9,74.4,74.2,74.0,76.0,75.1,75.8,73.3,74.1,74.9,74.8,65.5,75.9,76.2,74.5,73.9,75.1,72.6,71.8,74.3,75.7,73.4,73.5,74.5,74.7,73.6,70.1,71.7,71.4,71.5,74.2,67.2,71.0,71.1,72.9,73.6,70.6,71.1,72.3,71.3,68.1,70.7,75.4,67.7,73.5,66.4,72.5,70.4,62.7,65.7,65.9,69.0,61.6,66.4,63.7,62.9,66.4,70.6,60.8,65.7,62.0,74.0,75.0,75.8,71.7,70.3,70.7,74.7,69.7,67.3,76.7,74.4,74.0,71.0,72.5,68.1,63.1,68.1,69.7,72.8,70.7
4017,77.6,71.9,74.1,76.5,77.9,76.9,77.9,77.5,76.8,76.2,78.6,77.9,78.3,75.5,76.9,77.4,77.4,68.4,78.7,78.7,77.1,76.6,77.8,75.6,75.5,77.3,77.8,76.4,76.0,76.9,77.2,76.0,72.9,74.4,73.8,73.9,78.0,71.0,75.0,75.0,76.4,77.3,74.3,74.6,76.2,75.2,73.6,74.1,79.9,73.0,78.0,70.8,78.6,73.8,66.7,68.7,69.6,72.3,64.8,69.2,66.6,66.8,69.5,74.6,64.4,68.8,65.8,76.3,77.4,78.3,77.4,74.7,75.0,78.1,73.3,72.0,79.4,76.8,76.6,74.8,75.8,71.7,65.9,70.3,72.5,75.6,73.4
4018,81.0,75.1,77.2,80.1,80.9,79.5,80.3,80.0,78.9,78.2,80.9,80.2,80.6,77.8,79.2,79.4,79.9,71.3,80.8,80.9,79.6,78.6,79.9,78.5,78.7,80.2,79.9,78.7,78.2,79.1,79.6,77.8,75.6,77.0,76.2,76.3,81.6,74.1,78.7,78.3,79.8,80.4,77.8,77.9,80.2,78.6,78.2,77.1,83.5,76.9,81.3,74.6,83.3,76.9,70.0,71.3,72.4,75.1,67.9,71.3,69.1,69.8,72.1,77.4,67.7,71.7,69.3,78.4,79.4,80.6,81.2,78.7,78.6,81.1,76.4,75.8,81.5,78.7,79.0,78.2,79.0,75.2,68.5,72.3,75.1,77.8,75.8
4019,84.2,77.9,79.7,83.2,83.4,81.6,82.6,82.4,80.7,79.9,82.8,82.1,82.4,79.7,81.5,81.1,81.8,73.8,82.2,82.7,81.6,80.4,81.8,80.9,81.5,82.7,81.7,80.8,79.9,80.9,81.8,79.7,77.9,79.1,78.0,78.3,84.3,76.9,81.8,81.4,82.7,82.9,80.8,80.9,83.3,81.5,81.9,79.6,86.6,80.2,83.5,77.8,86.8,79.3,72.4,73.3,74.5,77.3,70.7,73.1,71.6,72.5,74.5,80.0,71.1,74.0,72.7,80.2,80.9,82.4,84.5,82.0,81.8,83.6,79.1,78.7,83.1,80.4,80.9,81.0,81.7,78.1,70.9,73.8,77.3,79.9,78.0
4020,86.9,79.6,81.7,86.0,85.4,83.8,84.7,84.3,81.9,81.4,84.2,83.6,83.7,81.0,83.4,82.4,83.6,75.8,83.8,83.8,83.4,81.8,83.3,83.0,84.1,85.0,83.0,82.5,81.6,82.4,83.5,81.0,79.9,80.9,79.8,80.1,86.9,78.8,84.4,83.8,85.5,84.8,83.4,83.5,85.9,83.6,84.5,81.6,89.0,82.7,85.2,80.2,89.3,81.3,74.3,74.8,76.4,79.1,73.3,74.6,73.4,74.7,76.6,82.2,74.0,75.7,75.7,81.6,82.2,83.9,86.7,84.8,84.7,85.7,81.5,81.0,84.3,81.7,82.4,83.5,83.8,80.7,73.0,75.0,79.2,81.4,79.8
4021,88.7,80.8,83.1,87.9,87.0,85.2,86.2,85.7,83.0,82.7,85.1,84.6,84.7,82.1,84.8,83.5,84.8,77.5,84.8,84.9,84.7,82.8,84.5,84.7,86.0,86.8,84.3,83.8,82.9,83.3,84.9,81.9,81.6,82.5,81.3,81.5,88.5,79.8,86.5,85.3,87.6,86.2,85.6,85.5,88.1,84.4,86.3,83.0,90.8,84.4,86.4,82.2,91.0,82.6,75.7,76.2,77.6,80.4,75.2,75.7,74.9,76.7,78.3,83.8,76.6,77.1,78.0,82.8,83.1,84.9,88.1,87.2,86.9,87.6,83.3,82.4,84.9,82.6,83.6,85.6,85.6,82.7,74.6,75.6,80.8,82.6,81.3
4022,89.7,81.6,83.8,89.5,88.6,86.3,87.4,86.5,83.3,83.6,85.4,85.3,85.1,83.1,85.8,84.3,85.9,78.8,85.2,85.3,85.5,83.5,85.2,85.8,87.5,88.0,85.1,84.6,83.7,84.1,85.8,82.3,82.7,83.5,82.5,82.4,89.8,80.4,88.1,86.2,89.3,86.8,87.3,86.9,89.5,84.5,87.7,84.1,91.8,85.9,87.2,83.3,92.1,83.6,76.8,77.3,78.7,81.6,76.9,76.6,75.7,78.4,79.6,85.1,78.6,78.0,79.5,83.8,83.5,85.6,89.2,89.0,87.8,88.7,84.8,83.6,85.5,83.1,84.5,87.1,87.0,84.3,76.2,75.9,82.1,83.5,82.2
4023,90.1,81.3,84.0,90.6,89.1,87.1,88.0,87.1,83.7,84.0,85.4,85.6,85.2,83.5,86.4,84.3,86.3,79.4,85.2,85.3,86.1,84.0,85.8,86.4,88.5,88.8,85.5,85.1,84.3,84.3,86.2,82.4,83.6,84.2,83.0,83.2,90.3,80.3,89.0,86.5,89.9,86.9,88.2,87.3,89.5,84.6,88.2,84.6,92.0,86.6,87.5,83.3,92.6,83.9,77.5,77.9,79.3,82.0,78.0,77.4,76.4,79.7,80.4,85.7,79.8,78.4,80.4,84.1,83.8,85.6,89.6,90.1,87.4,89.1,85.5,84.1,85.5,83.2,84.9,88.0,87.9,85.1,76.8,75.8,82.9,83.9,82.8
4024,89.3,80.2,83.3,90.8,89.2,87.3,88.1,87.0,83.3,83.9,85.4,85.5,84.9,83.4,86.4,84.1,86.1,79.5,85.0,84.4,85.9,83.8,85.9,86.4,88.4,88.8,85.4,85.0,84.3,84.1,86.2,81.8,83.4,84.2,83.2,83.3,89.9,79.5,89.1,86.2,90.1,86.2,88.2,87.6,88.4,83.9,88.1,84.1,91.5,86.6,87.3,82.9,92.4,83.4,78.0,77.9,79.7,82.2,78.6,77.3,76.2,80.3,80.7,86.0,80.2,78.3,80.0,84.0,83.5,85.0,89.2,90.5,86.9,89.1,85.7,83.9,85.0,82.8,84.7,87.9,88.1,85.2,76.8,75.3,83.1,83.6,82.9
4025,87.2,78.7,81.6,90.3,88.5,86.8,87.4,86.5,82.6,83.3,84.3,84.9,83.9,82.8,85.7,83.3,85.5,78.8,84.3,83.4,85.4,83.2,85.3,85.5,87.2,88.2,84.9,84.5,83.8,83.3,85.6,81.1,82.8,83.5,82.7,82.8,88.3,78.0,88.4,85.6,89.8,84.0,87.6,86.7,86.6,82.6,87.3,83.3,90.2,86.0,86.6,81.7,91.4,81.8,77.7,77.4,79.7,81.9,78.7,77.0,75.8,80.4,80.3,85.2,79.6,77.2,78.5,83.7,82.7,84.2,88.3,89.8,85.7,88.8,84.8,83.0,84.1,81.9,83.8,87.3,87.3,84.4,76.4,74.2,82.4,83.3,82.3
4026,84.3,76.2,79.0,88.7,86.9,85.4,86.0,84.8,81.3,82.0,82.9,83.9,82.5,81.8,84.4,82.0,84.1,77.3,82.6,81.8,84.0,82.0,84.0,83.8,85.4,86.6,84.0,83.1,82.6,82.0,84.5,79.8,81.3,81.8,81.4,81.6,85.5,75.7,87.0,83.5,88.6,81.7,85.6,85.4,84.3,80.0,86.1,81.7,87.9,84.6,85.3,79.8,89.7,78.6,76.8,76.2,78.7,81.0,78.0,75.5,74.7,79.7,78.8,83.5,77.9,75.5,76.0,82.5,81.4,82.7,86.4,88.2,83.8,87.7,82.8,81.6,82.6,80.7,82.7,85.5,85.7,82.6,75.2,72.7,81.3,82.1,81.0
4027,79.6,72.4,73.9,85.6,84.7,83.3,83.7,82.3,78.6,79.8,80.3,81.9,79.7,79.9,81.8,79.7,81.7,73.9,79.8,78.7,81.6,79.5,81.6,81.2,82.5,83.9,82.2,80.7,80.6,79.6,82.1,76.9,79.1,79.7,79.7,79.4,80.8,71.9,84.5,79.9,86.3,76.4,82.8,82.8,79.9,76.0,83.4,78.3,82.9,82.3,83.1,76.9,86.7,74.3,75.1,73.8,77.2,79.1,76.9,73.1,72.4,78.0,75.8,80.3,74.8,72.5,72.3,80.7,78.8,80.3,83.5,85.4,80.0,85.6,79.0,78.8,79.7,78.3,80.4,82.6,82.8,80.2,72.9,70.6,79.4,80.0,79.1
4028,75.0,68.5,69.6,81.1,81.1,80.4,80.7,78.6,75.6,76.9,77.2,78.8,76.0,77.4,78.7,76.8,77.5,68.8,76.4,75.8,78.0,76.3,77.8,77.4,78.0,79.6,80.3,77.1,77.5,76.7,79.0,73.2,75.4,76.7,76.7,76.1,76.2,67.9,80.1,74.3,83.1,71.5,78.1,77.4,75.9,71.5,78.2,73.2,77.9,76.6,78.7,73.6,81.1,70.3,71.7,70.0,72.9,75.3,74.4,68.8,69.1,74.4,71.2,74.9,70.6,68.3,67.0,78.3,75.6,77.2,78.0,80.0,75.2,80.2,73.6,72.7,76.2,75.0,77.2,78.1,78.4,76.2,67.3,68.2,76.1,76.8,75.4
4029,72.8,66.3,67.5,77.3,77.8,78.2,78.6,76.1,74.0,75.4,75.1,76.4,74.2,75.4,76.5,75.1,75.1,65.3,74.6,73.9,75.7,74.5,75.8,74.8,74.7,76.8,78.7,74.9,75.3,74.5,76.9,71.7,72.5,74.6,74.5,73.3,73.6,65.9,76.4,70.6,80.0,69.3,74.4,73.2,73.5,68.4,74.0,70.5,74.6,69.9,74.4,71.3,76.2,67.9,68.0,66.8,68.8,72.0,70.9,66.0,66.2,69.1,67.1,71.2,67.3,65.1,63.8,76.5,73.7,75.3,74.2,75.5,71.9,75.8,70.5,68.5,74.5,73.2,75.1,74.6,75.1,72.6,61.3,66.5,73.4,74.5,72.5
4030,70.5,64.6,65.6,74.9,75.9,76.5,76.7,74.6,72.7,74.0,73.5,75.0,73.1,74.0,75.0,73.9,73.9,63.0,72.7,72.9,74.4,73.1,74.3,73.4,72.7,75.0,77.4,73.6,73.8,73.5,75.6,70.9,70.9,72.6,73.0,71.9,71.4,64.1,74.3,68.4,77.6,67.5,72.5,70.5,71.3,66.4,70.3,68.1,71.7,66.9,71.2,69.3,72.6,66.6,66.4,64.0,66.4,69.5,67.6,64.4,64.4,66.1,64.2,68.6,64.9,62.8,61.5,75.2,72.4,74.0,71.3,73.2,69.3,73.7,67.6,66.3,73.0,72.1,73.7,72.5,73.3,70.6,59.6,65.2,71.6,72.8,70.6
4031,68.9,62.8,64.3,73.3,74.6,75.3,75.4,73.2,71.7,73.1,72.4,73.8,72.1,72.9,73.8,73.0,72.6,61.1,71.6,71.9,73.3,72.0,73.3,72.2,71.3,73.5,76.2,72.4,72.5,72.4,74.2,70.2,69.6,71.3,71.7,70.7,70.0,62.6,72.5,66.4,75.4,66.0,70.8,69.1,69.7,64.5,67.2,65.7,69.1,65.0,68.6,67.1,70.0,65.3,65.0,61.8,64.9,67.7,64.9,63.0,62.6,63.8,62.3,65.8,63.1,61.0,59.5,74.0,71.5,72.9,69.2,71.2,67.1,71.6,64.5,64.4,71.9,71.0,72.7,71.0,72.0,68.8,58.6,64.3,70.1,71.7,69.3
4032,67.3,61.6,63.1,71.4,73.2,74.1,74.0,72.3,71.0,72.0,71.4,72.8,71.0,71.8,72.8,71.9,71.5,59.8,70.6,71.2,72.1,71.0,72.4,71.0,70.1,72.4,75.0,71.3,71.5,71.5,73.1,69.3,68.4,70.1,70.6,69.6,68.6,61.2,71.2,64.7,73.4,64.8,69.6,67.5,68.2,63.2,64.9,63.3,66.2,63.1,66.9,64.9,68.0,64.0,63.4,60.0,63.4,66.3,62.7,61.8,61.0,62.0,60.9,63.1,61.2,59.4,57.6,73.1,70.7,72.0,67.0,69.5,65.6,69.7,62.0,62.7,70.9,69.9,71.7,69.6,70.8,67.3,58.0,63.2,69.1,70.7,68.3
4033,65.9,60.3,62.0,70.2,72.1,72.9,72.9,71.3,70.1,71.1,70.5,71.9,70.2,70.9,71.7,71.2,70.6,58.4,69.8,70.4,71.3,70.3,71.8,70.0,69.1,71.5,74.1,70.4,70.7,70.5,72.3,68.7,67.1,69.0,69.8,68.6,67.3,59.9,69.9,62.9,71.8,63.8,68.3,66.4,66.5,62.0,62.4,61.6,63.0,61.0,65.1,62.7,66.2,63.3,62.1,58.3,61.8,65.2,61.0,60.5,59.5,60.5,59.2,60.7,59.4,57.8,55.8,72.1,69.9,71.1,64.9,67.9,63.8,68.2,59.7,60.7,70.3,69.2,70.8,68.4,70.0,66.1,57.1,62.4,67.8,69.8,67.4
4034,64.5,59.2,61.0,68.9,71.2,71.9,72.0,70.5,69.4,70.4,69.8,71.0,69.5,70.1,70.9,70.5,69.9,57.1,69.0,69.7,70.5,69.5,71.2,69.0,68.1,70.6,73.2,69.7,70.0,69.9,71.5,68.0,66.3,68.1,68.9,67.8,66.3,59.0,68.9,61.2,69.9,62.7,67.1,65.1,64.8,61.1,60.6,59.7,60.7,58.8,63.3,60.6,63.9,62.4,60.9,56.9,60.6,63.7,59.3,59.2,58.3,59.2,57.6,58.6,57.7,56.1,54.1,71.2,69.1,70.4,62.8,66.3,62.1,66.7,57.4,58.8,69.4,68.5,70.1,67.5,68.9,64.9,56.4,61.6,66.8,68.8,66.6
4035,63.2,58.4,60.1,67.6,70.4,71.2,71.3,69.7,68.8,69.7,69.0,70.5,68.9,69.6,70.1,69.9,69.4,55.8,68.4,69.1,69.8,68.8,70.5,68.3,67.2,69.8,72.5,68.9,69.2,69.4,70.8,67.4,65.5,67.4,68.1,67.1,65.0,57.7,67.6,59.8,68.2,61.8,66.1,63.5,63.8,59.8,58.8,58.0,58.4,56.6,61.8,58.9,61.4,61.5,59.4,55.6,59.3,62.7,57.9,58.2,57.3,58.2,56.5,56.6,56.0,54.5,52.3,70.5,68.4,69.6,60.9,65.0,60.3,65.0,55.6,57.0,68.9,67.9,69.6,66.4,68.2,63.9,55.9,60.9,66.0,68.0,65.8
4036,61.7,57.6,59.2,66.6,69.9,70.5,70.5,68.9,68.2,68.9,68.5,69.7,68.2,69.1,69.4,69.3,68.8,54.6,68.0,68.6,69.2,68.3,69.8,67.7,66.7,69.1,71.9,68.1,68.5,68.8,70.1,67.1,64.9,66.6,67.5,66.3,64.1,56.7,66.8,57.9,66.7,61.2,65.2,62.2,62.5,58.8,57.1,56.3,56.6,55.3,60.8,57.3,59.6,60.5,58.3,54.3,58.4,61.8,56.7,56.8,56.2,57.0,55.3,54.7,54.7,53.0,50.6,69.8,67.9,69.0,59.0,64.0,58.9,63.2,53.5,55.3,68.3,67.3,69.0,65.7,67.5,63.0,54.9,60.5,65.4,67.5,65.2
4037,60.9,57.1,58.7,65.6,69.3,69.8,69.8,68.4,67.6,68.6,68.3,69.1,67.9,68.4,68.9,68.8,68.4,55.1,67.6,68.5,68.6,67.9,69.3,67.1,66.0,68.3,71.4,67.7,67.9,68.4,69.5,66.7,64.4,65.9,67.0,65.7,63.3,56.3,66.0,56.5,65.7,61.2,64.4,60.8,61.4,58.1,55.6,55.9,55.3,53.4,59.7,56.2,57.7,60.4,57.3,54.9,57.6,60.9,55.7,57.4,56.8,55.9,55.5,53.8,53.8,53.1,49.3,69.4,67.4,68.5,57.3,63.0,57.8,61.7,53.3,54.1,68.0,67.0,68.5,64.9,66.7,62.0,53.9,60.7,64.8,66.9,64.6
4038,64.7,60.4,62.1,65.2,69.5,70.0,70.1,69.3,69.0,69.6,70.5,70.1,70.1,69.0,69.2,70.0,69.5,59.3,69.6,70.8,69.3,68.9,70.1,67.5,65.8,68.6,71.9,68.1,69.1,69.3,70.1,68.6,65.1,66.8,67.6,66.9,66.0,59.1,65.3,59.8,66.7,64.8,64.2,63.2,64.4,61.5,58.4,60.5,61.9,54.6,59.8,58.6,59.3,63.2,57.1,58.2,58.6,62.2,55.9,60.3,58.9,55.9,59.6,59.5,55.4,58.0,53.7,69.8,69.1,70.7,58.6,62.5,61.9,64.0,60.2,55.5,70.3,69.0,69.3,65.1,66.7,62.1,54.8,62.9,65.1,67.7,66.0
4039,69.3,64.8,66.8,68.2,71.9,71.9,72.4,71.7,71.6,71.9,73.4,72.4,73.1,71.1,71.5,72.6,72.1,62.9,72.9,73.6,71.9,71.4,72.6,69.9,68.4,71.4,73.7,70.8,71.3,71.9,72.3,71.2,67.4,69.0,69.4,69.4,70.3,63.6,67.5,66.8,70.0,69.5,66.9,67.6,68.4,66.6,63.2,66.7,69.6,61.5,66.5,62.5,66.2,66.8,59.6,62.2,62.3,66.0,58.8,63.8,61.4,59.4,63.4,66.0,58.1,62.4,58.6,71.9,72.3,73.4,65.6,65.7,66.5,70.4,65.8,62.3,73.6,71.8,71.8,67.6,69.5,64.8,59.6,65.6,67.1,70.2,68.4
4040,73.9,68.7,70.8,72.5,75.1,74.5,75.2,74.6,74.5,74.2,76.3,75.3,76.0,73.6,74.4,75.2,75.0,65.9,76.1,76.4,74.7,74.2,75.5,72.9,72.2,74.6,75.9,73.8,73.7,74.9,74.9,73.9,70.3,71.9,71.7,71.8,74.5,67.5,71.2,71.5,73.3,73.8,70.9,71.5,72.5,71.6,68.6,71.2,75.8,68.2,74.0,66.9,73.0,70.6,63.3,66.1,66.4,69.5,62.0,66.8,64.1,63.3,66.8,71.2,61.1,66.0,62.5,74.3,75.3,75.9,72.0,70.6,70.9,75.4,70.2,67.8,76.8,74.6,74.3,71.2,72.8,68.3,63.7,68.3,69.8,73.0,71.0
4041,77.8,72.3,74.4,76.8,78.3,77.2,78.2,77.6,77.0,76.4,78.8,78.2,78.5,75.9,77.3,77.7,77.6,68.8,78.9,78.9,77.3,76.9,78.1,75.9,75.8,77.7,78.1,76.7,76.1,77.2,77.4,76.3,73.1,74.6,74.1,74.2,78.3,71.3,75.2,75.4,76.8,77.6,74.7,75.1,76.5,75.4,74.1,74.7,80.4,73.6,78.5,71.3,79.2,74.1,67.3,69.1,70.2,72.8,65.3,69.6,67.1,67.2,69.9,75.2,64.8,69.1,66.3,76.6,77.8,78.4,77.7,75.1,75.2,78.8,73.8,72.5,79.5,77.1,76.9,75.1,76.1,71.9,66.5,70.6,72.6,75.7,73.6
4042,81.3,75.6,77.5,80.5,81.3,79.9,80.7,80.2,79.1,78.4,81.1,80.5,80.8,78.1,79.6,79.7,80.1,71.7,80.9,81.0,79.8,78.9,80.2,78.7,79.1,80.6,80.2,79.0,78.3,79.4,79.8,78.2,75.7,77.1,76.4,76.5,81.9,74.5,78.9,78.6,80.1,80.7,78.2,78.4,80.4,78.8,78.7,77.7,84.0,77.5,81.7,75.2,83.8,77.1,70.6,71.7,73.1,75.7,68.6,71.7,69.7,70.4,72.4,78.2,68.1,72.0,69.7,78.7,79.8,80.6,81.5,79.0,78.9,81.7,76.9,76.3,81.7,79.0,79.3,78.5,79.2,75.5,69.1,72.5,75.2,78.0,76.0
4043,84.5,78.3,80.1,83.6,83.8,82.0,83.0,82.7,80.9,80.2,83.0,82.4,82.7,80.0,81.9,81.4,82.1,74.2,82.4,82.8,81.8,80.7,82.1,81.2,81.9,83.1,82.0,81.1,80.2,81.3,82.0,80.0,78.0,79.2,78.3,78.5,84.6,77.2,82.0,81.7,83.0,83.2,81.2,81.6,83.6,81.8,82.3,80.2,87.1,80.8,83.9,78.5,87.2,79.4,73.1,73.7,75.2,78.0,71.4,73.5,72.3,73.1,74.9,80.7,71.5,74.3,73.2,80.5,81.3,82.6,84.7,82.4,82.1,84.3,79.6,79.2,83.3,80.6,81.3,81.3,82.0,78.3,71.5,74.0,77.4,80.0,78.2
4044,87.1,80.0,82.0,86.3,85.8,84.2,85.1,84.5,82.1,81.7,84.4,83.9,83.9,81.4,83.8,82.7,83.9,76.3,84.0,83.9,83.6,82.1,83.6,83.3,84.5,85.3,83.3,82.8,81.8,82.7,83.7,81.4,80.1,81.0,80.0,80.3,87.1,79.1,84.6,84.1,85.7,85.0,83.7,84.1,86.2,83.9,84.9,82.3,89.5,83.3,85.7,81.0,89.7,81.4,75.0,75.3,77.0,79.8,74.0,75.0,74.2,75.3,77.0,82.9,74.5,76.1,76.2,82.0,82.6,84.0,86.9,85.2,85.0,86.4,82.0,81.5,84.4,81.8,82.7,83.7,84.2,80.8,73.7,75.2,79.4,81.6,80.0
4045,88.9,81.1,83.4,88.2,87.4,85.6,86.6,86.0,83.3,82.9,85.3,84.9,85.0,82.5,85.2,83.8,85.1,78.0,85.0,85.0,84.9,83.1,84.8,85.0,86.3,87.1,84.6,84.2,83.1,83.7,85.1,82.3,81.8,82.5,81.4,81.7,88.6,80.0,86.8,85.7,87.8,86.4,85.8,86.0,88.3,84.6,86.7,83.7,91.3,85.0,86.8,83.1,91.3,82.8,76.4,76.7,78.4,81.1,76.0,76.2,75.6,77.3,78.6,84.6,77.1,77.5,78.5,83.1,83.6,85.1,88.3,87.6,87.3,88.2,84.1,82.9,85.1,82.8,83.9,85.9,86.0,82.9,75.4,75.8,81.0,82.8,81.5
4046,89.9,81.8,84.1,89.7,89.0,86.7,87.8,86.8,83.6,83.9,85.6,85.5,85.4,83.4,86.2,84.6,86.1,79.3,85.4,85.5,85.8,83.8,85.5,86.0,87.8,88.4,85.4,85.0,84.0,84.4,86.1,82.6,82.8,83.7,82.7,82.5,90.0,80.5,88.3,86.5,89.5,87.0,87.4,87.4,89.7,85.0,88.1,84.8,92.3,86.4,87.5,84.0,92.4,83.7,77.6,77.7,79.5,82.3,77.7,77.2,76.5,79.1,79.9,85.9,79.2,78.4,80.1,84.1,84.0,85.7,89.3,89.3,88.1,89.3,85.5,84.1,85.8,83.3,84.9,87.3,87.3,84.4,76.9,76.3,82.3,83.6,82.4
4047,90.3,81.5,84.2,90.8,89.4,87.5,88.3,87.4,83.9,84.2,85.7,85.8,85.5,83.8,86.7,84.5,86.6,79.9,85.4,85.5,86.3,84.3,86.0,86.6,88.8,89.2,85.8,85.5,84.5,84.5,86.5,82.7,83.7,84.2,83.1,83.3,90.5,80.5,89.2,86.9,90.1,87.1,88.3,87.8,89.7,84.9,88.7,85.2,92.5,87.1,87.8,84.0,92.8,84.0,78.3,78.3,80.2,82.9,78.8,77.9,77.2,80.3,80.8,86.6,80.4,78.9,80.9,84.4,84.2,85.8,89.7,90.4,87.7,89.8,86.3,84.5,85.7,83.5,85.2,88.2,88.1,85.2,77.5,76.2,83.1,84.1,83.0
4048,89.4,80.4,83.5,91.0,89.5,87.6,88.4,87.2,83.5,84.2,85.6,85.7,85.1,83.6,86.7,84.3,86.4,80.0,85.1,84.6,86.2,84.1,86.2,86.6,88.7,89.1,85.6,85.4,84.6,84.3,86.4,82.2,83.5,84.4,83.4,83.5,90.2,79.6,89.2,86.4,90.3,86.2,88.4,88.0,88.7,84.0,88.5,84.8,92.0,87.1,87.7,83.6,92.6,83.5,78.8,78.4,80.5,83.1,79.4,77.8,77.0,81.0,81.3,86.8,80.8,78.8,80.6,84.2,83.9,85.1,89.3,90.6,87.0,89.7,86.5,84.3,85.2,83.0,84.9,88.1,88.3,85.3,77.6,75.7,83.2,83.8,83.1
4049,87.4,78.9,81.8,90.5,88.8,87.1,87.7,86.7,82.8,83.5,84.5,85.1,84.2,83.1,86.1,83.6,85.7,79.4,84.5,83.6,85.6,83.5,85.6,85.7,87.4,88.5,85.2,84.8,84.0,83.6,85.9,81.5,82.9,83.7,83.0,83.1,88.6,78.2,88.6,85.6,89.8,84.1,87.7,87.1,86.8,82.6,87.7,84.0,90.8,86.5,87.0,82.3,91.7,82.0,78.5,77.9,80.5,82.7,79.5,77.5,76.6,81.0,80.8,86.0,80.1,77.7,79.1,83.9,83.1,84.4,88.4,89.9,85.7,89.4,85.6,83.5,84.4,82.1,84.1,87.4,87.5,84.5,77.2,74.6,82.5,83.5,82.5
4050,84.4,76.4,79.2,88.8,87.1,85.8,86.3,85.0,81.6,82.3,83.1,84.1,82.7,82.0,84.7,82.4,84.4,77.8,82.8,82.0,84.2,82.3,84.3,84.0,85.6,86.8,84.2,83.5,82.9,82.3,84.8,80.1,81.3,82.1,81.7,81.9,85.7,75.8,87.1,83.5,88.5,81.7,85.8,85.7,84.4,80.0,86.4,82.3,88.4,85.1,85.6,80.4,90.0,78.8,77.6,76.7,79.5,81.9,78.8,76.0,75.4,80.3,79.3,84.3,78.4,76.0,76.6,82.8,81.8,82.8,86.5,88.3,83.8,88.2,83.5,82.1,82.8,80.9,82.9,85.7,85.8,82.7,76.0,73.2,81.3,82.4,81.2
4051,79.7,72.6,74.2,85.7,84.8,83.6,84.0,82.5,78.9,80.0,80.5,82.2,79.9,80.2,82.1,80.0,81.9,74.3,79.9,79.0,81.8,79.8,81.8,81.4,82.7,84.1,82.5,81.0,80.8,79.9,82.3,77.2,79.2,79.9,79.9,79.6,80.9,72.0,84.7,79.9,86.3,76.5,83.0,83.2,80.0,76.1,83.8,78.9,83.5,82.9,83.4,77.6,87.1,74.4,76.0,74.3,78.0,79.9,77.7,73.7,73.2,78.8,76.3,81.0,75.4,73.0,72.9,81.0,79.1,80.4,83.6,85.4,80.1,86.2,79.6,79.2,79.9,78.5,80.7,82.8,82.9,80.2,73.7,71.0,79.4,80.3,79.3
4052,75.2,68.7,70.0,81.2,81.3,80.7,81.0,78.9,75.8,77.1,77.5,79.0,76.2,77.7,79.0,77.1,77.8,69.1,76.7,75.9,78.3,76.5,78.0,77.4,78.3,79.9,80.5,77.3,77.7,77.0,79.3,73.6,75.6,76.9,77.0,76.3,76.5,68.0,80.2,74.4,83.1,71.6,78.2,77.8,76.1,71.7,78.6,73.8,78.5,77.2,79.0,74.3,81.5,70.4,72.5,70.5,73.7,76.0,75.1,69.3,69.8,75.1,71.7,75.7,71.1,68.8,67.6,78.5,76.0,77.3,78.3,80.1,75.4,80.8,74.2,73.1,76.4,75.2,77.4,78.3,78.5,76.3,68.1,68.6,76.2,77.1,75.6
4053,72.8,66.4,67.8,77.4,78.0,78.4,78.8,76.3,74.2,75.6,75.4,76.7,74.4,75.6,76.8,75.3,75.3,65.6,74.8,74.1,76.0,74.7,76.0,75.0,74.9,77.0,79.0,75.1,75.5,74.9,77.1,72.1,72.7,74.8,74.8,73.6,73.8,66.1,76.5,70.8,80.1,69.5,74.5,73.5,73.6,68.5,74.4,71.1,75.1,70.4,74.7,71.9,76.5,68.1,68.8,67.3,69.6,72.7,71.6,66.4,66.8,69.7,67.4,71.9,67.8,65.5,64.3,76.7,74.0,75.4,74.5,75.6,72.1,76.3,71.0,69.0,74.7,73.4,75.4,74.8,75.2,72.8,62.0,66.8,73.5,74.7,72.6
4054,70.7,64.8,65.9,75.0,76.1,76.7,77.0,74.8,72.9,74.2,73.8,75.2,73.3,74.2,75.3,74.1,74.1,63.3,72.9,73.0,74.7,73.3,74.6,73.5,72.9,75.2,77.7,73.8,74.0,73.7,75.9,71.3,71.1,72.9,73.2,72.2,71.6,64.3,74.4,68.5,77.7,67.6,72.7,71.0,71.5,66.5,70.6,68.7,72.3,67.4,71.4,69.9,72.9,66.7,67.2,64.5,67.2,70.3,68.3,64.9,65.0,66.6,64.5,69.3,65.4,63.2,62.0,75.4,72.7,74.1,71.7,73.3,69.6,74.2,68.1,66.6,73.3,72.2,73.9,72.7,73.4,70.8,60.2,65.5,71.8,73.1,70.9
4055,69.1,63.1,64.5,73.4,74.7,75.5,75.7,73.4,71.9,73.3,72.7,74.0,72.3,73.2,74.1,73.2,72.9,61.4,71.9,72.0,73.5,72.2,73.7,72.4,71.4,73.7,76.5,72.6,72.8,72.7,74.5,70.5,69.8,71.6,71.9,70.9,70.1,62.9,72.6,66.7,75.6,66.2,70.9,69.5,69.9,64.6,67.4,66.3,69.7,65.4,68.8,67.7,70.4,65.4,65.8,62.2,65.7,68.6,65.4,63.3,63.2,64.3,62.6,66.4,63.6,61.3,60.0,74.3,71.8,73.0,69.5,71.3,67.6,72.2,65.1,64.9,72.2,71.1,73.0,71.2,72.1,68.9,59.3,64.5,70.3,71.9,69.6
4056,67.7,61.9,63.3,71.6,73.3,74.3,74.3,72.5,71.2,72.2,71.7,73.0,71.2,72.1,73.0,72.1,71.7,60.1,70.9,71.4,72.4,71.2,72.8,71.2,70.2,72.6,75.2,71.5,71.8,71.8,73.4,69.6,68.6,70.4,70.9,69.9,68.9,61.5,71.4,64.9,73.5,65.0,69.7,68.1,68.5,63.3,65.0,63.9,66.8,63.6,67.2,65.5,68.4,64.2,64.1,60.4,64.1,67.0,63.2,62.1,61.5,62.4,61.2,63.7,61.6,59.7,58.1,73.3,71.1,72.2,67.3,69.6,66.1,70.2,62.5,63.2,71.2,70.1,71.9,69.9,71.0,67.3,58.7,63.5,69.3,70.8,68.6
4057,66.1,60.6,62.3,70.3,72.3,73.1,73.1,71.5,70.3,71.3,70.8,72.0,70.4,71.1,71.9,71.5,70.8,58.6,70.0,70.6,71.5,70.4,72.1,70.1,69.1,71.6,74.3,70.6,70.9,70.8,72.6,68.9,67.3,69.4,70.1,68.9,67.5,60.2,70.1,63.1,71.9,64.1,68.4,66.9,66.9,62.2,62.5,62.1,63.6,61.4,65.3,63.3,66.5,63.4,62.9,58.6,62.5,65.9,61.5,60.9,60.0,61.0,59.6,61.4,59.8,58.1,56.2,72.3,70.3,71.2,65.2,68.0,64.2,68.8,60.2,61.1,70.6,69.4,71.0,68.6,70.2,66.2,57.8,62.7,68.0,69.9,67.7
4058,64.8,59.6,61.3,69.0,71.5,72.1,72.1,70.7,69.6,70.6,70.0,71.2,69.6,70.3,71.0,70.6,70.1,57.3,69.3,69.9,70.7,69.7,71.5,69.2,68.2,70.7,73.4,69.8,70.2,70.2,71.8,68.1,66.5,68.4,69.2,68.0,66.6,59.2,69.1,61.5,70.1,63.0,67.2,65.7,65.2,61.3,60.8,60.1,61.1,59.2,63.6,61.2,64.3,62.5,61.6,57.4,61.3,64.3,59.8,59.5,58.7,59.6,57.9,59.2,58.0,56.3,54.5,71.4,69.4,70.5,63.1,66.3,62.4,67.1,57.8,59.3,69.7,68.6,70.3,67.7,69.1,64.9,57.0,61.9,67.0,69.0,66.9
4059,63.5,58.6,60.4,67.7,70.7,71.3,71.4,69.9,69.0,69.9,69.2,70.6,69.0,69.8,70.3,70.0,69.6,56.0,68.6,69.2,70.0,69.1,70.8,68.5,67.3,69.9,72.8,69.1,69.4,69.6,71.1,67.6,65.5,67.7,68.4,67.4,65.3,58.0,67.9,60.0,68.3,62.1,66.2,63.9,64.1,59.9,59.0,58.4,58.8,57.0,62.1,59.4,61.8,61.7,60.1,56.0,59.9,63.3,58.4,58.5,57.7,58.7,56.7,57.1,56.3,54.9,52.6,70.8,68.7,69.7,61.2,65.0,60.7,65.5,56.0,57.3,69.1,68.0,69.7,66.6,68.3,64.0,56.5,61.2,66.2,68.2,66.0
4060,62.1,57.9,59.5,66.7,70.1,70.5,70.6,69.1,68.3,69.2,68.8,69.8,68.4,69.3,69.6,69.5,69.0,54.8,68.2,68.7,69.4,68.5,70.0,67.8,66.7,69.2,72.1,68.3,68.7,69.0,70.3,67.3,65.0,66.9,67.7,66.6,64.4,57.0,67.0,58.1,66.9,61.5,65.3,62.7,62.8,58.9,57.4,56.8,57.0,55.7,61.1,57.9,59.9,60.8,58.9,54.7,59.0,62.4,57.2,57.2,56.5,57.3,55.6,55.1,55.0,53.3,51.0,70.1,68.2,69.1,59.3,64.1,59.3,63.7,53.9,55.7,68.6,67.5,69.2,65.8,67.6,63.1,55.4,60.8,65.6,67.6,65.4
4061,61.2,57.5,59.0,65.7,69.5,70.0,70.0,68.6,67.8,68.8,68.5,69.2,68.0,68.7,69.1,69.0,68.6,55.3,67.8,68.7,68.8,68.1,69.5,67.2,66.1,68.5,71.6,67.8,68.1,68.6,69.7,66.8,64.4,66.3,67.3,66.0,63.6,56.6,66.2,56.7,65.9,61.4,64.5,61.2,61.7,58.2,56.0,56.4,55.6,53.8,60.0,56.8,58.0,60.7,57.9,55.3,58.2,61.5,56.1,57.7,57.1,56.2,55.8,54.2,54.0,53.5,49.6,69.6,67.8,68.6,57.5,63.1,58.1,62.2,53.7,54.5,68.2,67.2,68.7,65.0,66.8,62.2,54.4,61.0,65.0,67.2,64.9
4062,65.0,60.8,62.4,65.3,69.7,70.2,70.3,69.5,69.1,69.8,70.6,70.1,70.2,69.3,69.5,70.2,69.7,59.6,69.8,70.9,69.5,69.1,70.3,67.6,66.0,68.8,72.2,68.4,69.3,69.5,70.3,68.8,65.1,67.1,67.8,67.1,66.3,59.4,65.5,59.9,66.9,65.0,64.3,63.6,64.6,61.6,58.8,61.0,62.2,54.9,60.2,59.1,59.5,63.5,57.7,58.5,59.1,62.8,56.3,60.7,59.3,56.2,59.9,60.0,55.7,58.2,54.0,70.0,69.3,70.8,58.8,62.6,62.2,64.4,60.7,56.0,70.5,69.2,69.6,65.2,66.9,62.3,55.3,63.2,65.2,67.9,66.2
4063,69.6,65.2,67.2,68.3,72.1,72.1,72.6,71.8,71.7,72.1,73.6,72.5,73.2,71.3,71.7,72.8,72.3,63.2,73.1,73.8,72.1,71.6,72.8,70.0,68.5,71.6,73.9,70.9,71.4,72.1,72.5,71.3,67.5,69.3,69.7,69.5,70.5,64.0,67.7,67.0,70.2,69.8,67.1,68.0,68.7,66.9,63.6,67.2,70.0,62.1,66.8,63.0,66.4,67.2,60.2,62.6,62.8,66.6,59.3,64.2,61.8,59.7,63.7,66.6,58.4,62.7,59.0,72.1,72.5,73.5,65.8,65.9,66.8,70.9,66.3,62.8,73.8,72.0,72.0,67.7,69.6,65.0,60.1,65.9,67.2,70.4,68.6
4064,74.2,69.1,71.3,72.7,75.3,74.6,75.4,74.8,74.6,74.4,76.4,75.4,76.2,73.9,74.6,75.3,75.3,66.2,76.2,76.6,74.9,74.4,75.7,73.0,72.3,74.8,76.1,74.0,73.9,75.0,75.1,74.0,70.4,72.1,71.9,72.0,74.6,67.9,71.4,71.6,73.4,74.0,71.0,72.0,72.8,71.9,68.9,71.7,76.2,68.8,74.4,67.5,73.2,71.0,63.8,66.5,67.0,70.2,62.5,67.1,64.4,63.6,67.1,71.9,61.5,66.3,62.9,74.5,75.5,76.0,72.4,70.8,71.3,75.9,70.7,68.3,77.0,74.8,74.5,71.5,72.9,68.5,64.3,68.7,70.0,73.2,71.1
4065,78.1,72.8,74.9,76.9,78.5,77.3,78.4,77.8,77.1,76.6,78.9,78.3,78.6,76.1,77.4,77.9,77.9,69.2,79.1,79.1,77.5,77.1,78.4,76.0,75.9,77.8,78.3,77.0,76.3,77.5,77.6,76.6,73.2,74.7,74.2,74.4,78.4,71.7,75.3,75.5,76.9,77.8,74.8,75.6,76.9,75.8,74.4,75.2,80.9,74.1,79.0,71.9,79.6,74.4,68.0,69.5,70.9,73.5,65.9,69.9,67.4,67.6,70.3,75.9,65.2,69.5,66.8,76.8,78.0,78.5,78.0,75.2,75.6,79.4,74.4,73.1,79.6,77.2,77.1,75.4,76.2,72.2,67.1,71.0,72.8,75.9,73.8
4066,81.6,76.1,78.0,80.6,81.4,80.0,80.8,80.3,79.3,78.6,81.3,80.6,81.0,78.3,79.8,79.9,80.4,72.1,81.1,81.2,80.0,79.1,80.5,78.9,79.2,80.6,80.4,79.2,78.4,79.6,80.0,78.4,75.9,77.2,76.6,76.6,82.0,74.9,79.1,78.8,80.2,80.9,78.3,78.9,80.7,79.2,79.0,78.3,84.5,78.2,82.2,75.9,84.3,77.4,71.3,72.2,73.7,76.5,69.1,72.2,70.1,70.8,72.8,78.9,68.5,72.5,70.3,79.0,80.0,80.7,81.9,79.2,79.3,82.4,77.5,76.8,81.8,79.1,79.5,78.8,79.4,75.8,69.7,72.9,75.4,78.2,76.1
4067,84.8,78.8,80.5,83.7,83.9,82.1,83.1,82.8,81.1,80.3,83.2,82.5,82.8,80.2,82.0,81.6,82.3,74.6,82.6,82.9,82.0,80.9,82.3,81.4,82.2,83.2,82.2,81.3,80.3,81.5,82.1,80.3,78.3,79.2,78.5,78.6,84.8,77.7,82.1,81.8,83.2,83.4,81.4,82.1,83.9,82.1,82.7,80.8,87.6,81.5,84.4,79.1,87.7,79.8,73.8,74.1,76.0,78.8,72.0,73.9,72.7,73.5,75.3,81.5,72.0,74.8,73.8,80.7,81.6,82.7,85.1,82.5,82.5,85.0,80.3,79.8,83.4,80.7,81.5,81.7,82.1,78.7,72.2,74.5,77.7,80.1,78.3
4068,87.4,80.6,82.5,86.5,85.9,84.2,85.1,84.6,82.3,81.8,84.6,84.0,84.1,81.5,83.8,82.9,83.9,76.7,84.2,84.0,83.7,82.3,83.9,83.4,84.7,85.4,83.4,83.1,82.0,82.9,83.8,81.5,80.4,81.1,80.1,80.3,87.2,79.7,84.8,84.2,85.9,85.2,83.8,84.7,86.6,84.1,85.4,82.9,90.1,83.9,86.1,81.6,90.1,81.7,75.8,75.7,77.9,80.6,74.6,75.5,74.6,75.8,77.4,83.7,75.1,76.5,76.8,82.1,82.9,84.1,87.2,85.3,85.4,87.1,82.8,82.0,84.6,81.9,82.9,84.0,84.4,81.2,74.3,75.7,79.6,81.7,80.1
4069,89.2,81.7,83.9,88.4,87.5,85.6,86.7,86.1,83.4,83.0,85.5,85.1,85.2,82.6,85.3,83.9,85.2,78.4,85.2,85.0,85.1,83.2,84.9,85.1,86.6,87.3,84.6,84.4,83.1,83.8,85.2,82.5,82.0,82.7,81.5,81.7,88.7,80.5,86.9,85.9,88.1,86.5,85.9,86.7,88.7,84.9,87.3,84.4,91.9,85.8,87.3,83.7,91.8,83.2,77.3,77.1,79.2,81.9,76.6,76.6,76.0,77.7,79.0,85.4,77.7,77.8,79.1,83.2,83.9,85.2,88.7,87.7,87.7,88.9,84.8,83.5,85.3,82.8,84.0,86.3,86.3,83.3,76.0,76.3,81.3,82.8,81.6
4070,90.4,82.4,84.6,89.9,89.1,86.8,87.9,86.9,83.6,83.9,85.8,85.7,85.6,83.5,86.3,84.6,86.3,79.7,85.6,85.5,85.9,83.8,85.6,86.1,88.0,88.6,85.5,85.1,84.0,84.5,86.2,82.8,83.1,83.8,82.8,82.6,90.0,81.0,88.3,86.7,89.7,87.2,87.6,88.0,90.1,85.2,88.7,85.5,92.9,87.0,88.0,84.6,92.8,84.2,78.5,78.2,80.4,83.2,78.3,77.6,77.0,79.6,80.3,86.7,79.7,78.8,80.7,84.1,84.3,85.9,89.7,89.4,88.4,90.1,86.3,84.7,86.0,83.4,85.0,87.7,87.5,84.7,77.4,76.7,82.6,83.7,82.6
4071,90.7,81.9,84.7,90.9,89.6,87.5,88.4,87.6,83.9,84.3,85.8,85.9,85.6,83.9,86.8,84.6,86.7,80.4,85.5,85.6,86.5,84.3,86.1,86.7,89.0,89.2,85.9,85.6,84.5,84.7,86.7,82.9,84.0,84.4,83.3,83.4,90.5,80.9,89.2,87.0,90.3,87.3,88.5,88.5,90.1,85.1,89.3,85.9,93.1,87.7,88.3,84.6,93.3,84.6,79.3,78.7,81.1,83.7,79.5,78.2,77.6,80.8,81.2,87.4,80.9,79.3,81.7,84.5,84.4,85.9,90.1,90.5,88.1,90.4,87.0,85.2,85.9,83.5,85.3,88.6,88.4,85.6,78.2,76.6,83.4,84.2,83.0
4072,89.8,81.1,84.1,91.1,89.7,87.7,88.5,87.3,83.5,84.2,85.7,85.7,85.2,83.7,86.8,84.3,86.5,80.5,85.2,84.8,86.3,84.0,86.2,86.9,88.9,89.2,85.7,85.6,84.5,84.4,86.6,82.2,83.8,84.6,83.5,83.5,90.2,80.2,89.2,86.6,90.3,86.4,88.5,88.7,89.0,84.3,88.8,85.6,92.6,87.7,88.1,84.2,93.0,84.1,79.7,78.8,81.4,84.0,80.0,78.2,77.4,81.5,81.7,87.6,81.4,79.2,81.3,84.3,84.1,85.1,89.7,90.6,87.4,90.2,87.3,85.0,85.4,83.0,85.0,88.5,88.6,85.7,78.3,76.1,83.5,83.9,83.2
4073,87.8,79.5,82.4,90.5,89.0,87.2,87.9,86.9,82.8,83.6,84.5,85.1,84.2,83.1,86.2,83.6,85.8,79.8,84.4,83.7,85.8,83.4,85.7,86.0,87.7,88.6,85.3,85.0,84.0,83.7,86.0,81.5,83.2,83.9,83.2,83.2,88.5,78.8,88.6,85.7,89.9,84.1,87.9,87.8,87.3,82.9,88.2,84.8,91.4,87.3,87.4,82.9,92.1,82.6,79.4,78.3,81.3,83.6,80.2,77.8,76.9,81.6,81.1,86.7,80.7,78.1,79.8,83.9,83.3,84.4,88.9,89.9,86.2,90.0,86.4,84.1,84.4,82.1,84.1,87.8,87.9,84.9,77.9,75.0,82.8,83.5,82.7
4074,85.0,76.9,79.7,89.0,87.3,85.9,86.4,85.2,81.5,82.3,83.1,84.2,82.7,82.1,84.9,82.4,84.4,78.1,82.8,82.1,84.4,82.2,84.4,84.3,85.9,87.1,84.3,83.7,82.9,82.3,84.9,80.2,81.6,82.3,81.9,82.0,85.5,76.2,87.1,83.6,88.6,81.6,86.0,86.4,85.1,80.4,86.8,83.2,89.1,85.9,86.0,81.0,90.4,79.4,78.5,77.1,80.3,82.6,79.5,76.4,75.8,80.9,79.5,84.9,79.0,76.4,77.3,82.8,81.8,82.8,86.9,88.3,84.3,88.8,84.2,82.7,82.8,80.8,83.0,86.1,86.3,83.1,76.7,73.5,81.6,82.4,81.5
4075,80.1,73.1,74.8,85.9,85.1,83.7,84.2,82.7,78.9,80.1,80.5,82.2,79.9,80.4,82.3,80.1,82.0,74.7,80.0,78.9,82.0,79.8,81.9,81.7,83.1,84.4,82.5,81.2,80.9,80.0,82.5,77.3,79.5,80.2,80.3,79.8,80.7,72.3,84.7,80.0,86.3,76.6,83.3,83.8,80.8,76.5,84.2,79.7,84.1,83.5,83.9,78.2,87.5,75.0,76.7,74.6,78.7,80.6,78.3,74.0,73.5,79.4,76.6,81.7,76.0,73.4,73.6,81.0,79.1,80.4,84.0,85.4,80.6,86.8,80.3,79.8,79.7,78.5,80.8,83.3,83.4,80.6,74.3,71.4,79.8,80.3,79.5
4076,75.6,69.2,70.3,81.6,81.6,80.8,81.2,79.0,75.7,77.2,77.5,79.0,76.3,77.8,79.2,77.1,77.9,69.5,76.7,76.0,78.5,76.4,78.1,77.8,78.6,80.2,80.6,77.5,77.8,77.0,79.5,73.7,75.8,77.2,77.3,76.5,76.4,68.4,80.3,74.5,83.2,71.8,78.6,78.3,76.7,72.2,79.0,74.5,79.2,77.8,79.5,74.8,82.0,70.9,73.2,70.8,74.4,76.6,75.7,69.6,70.2,75.6,71.9,76.2,71.6,69.3,68.3,78.5,76.1,77.3,78.7,80.1,75.9,81.4,74.7,73.8,76.3,75.2,77.5,78.9,78.8,76.6,68.7,68.9,76.5,77.2,75.7
4077,73.1,66.9,68.1,77.7,78.4,78.6,78.9,76.5,74.1,75.7,75.4,76.7,74.5,75.7,77.0,75.4,75.4,66.0,74.9,74.1,76.2,74.7,76.2,75.2,75.3,77.2,79.1,75.3,75.6,75.0,77.3,72.2,72.9,75.1,75.0,73.6,73.8,66.4,76.6,71.1,80.3,69.6,74.9,74.0,74.1,69.1,74.9,71.7,75.7,70.9,75.1,72.5,77.0,68.5,69.4,67.6,70.2,73.2,72.2,66.8,67.2,70.1,67.7,72.4,68.3,65.9,65.0,76.8,74.1,75.4,74.9,75.7,72.5,76.9,71.4,69.6,74.6,73.3,75.5,75.2,75.6,73.1,62.5,67.1,73.8,74.8,72.8
4078,71.2,65.2,66.2,75.3,76.5,76.9,77.1,75.0,72.8,74.4,73.9,75.2,73.4,74.3,75.4,74.2,74.2,63.7,73.0,73.0,74.8,73.4,74.7,73.7,73.3,75.4,77.8,73.9,74.1,73.8,76.1,71.4,71.3,73.1,73.4,72.2,71.8,64.7,74.5,68.8,77.8,67.9,73.1,71.5,72.0,67.0,71.1,69.2,72.8,67.9,71.9,70.4,73.5,67.0,67.8,64.9,67.7,70.8,68.8,65.3,65.3,67.0,64.9,69.9,65.8,63.4,62.6,75.5,72.9,74.2,72.1,73.4,70.0,74.8,68.6,67.1,73.3,72.2,74.1,73.1,73.8,71.1,60.7,65.7,72.1,73.2,71.0
4079,69.6,63.5,64.9,73.8,75.1,75.6,75.8,73.6,72.0,73.5,72.8,74.1,72.3,73.3,74.2,73.3,73.1,61.8,72.0,72.0,73.7,72.3,73.8,72.7,71.7,73.9,76.7,72.7,72.8,72.8,74.7,70.6,70.1,71.8,72.1,70.9,70.3,63.2,72.7,66.9,75.7,66.5,71.3,70.0,70.6,65.0,67.8,66.7,70.1,65.9,69.3,68.2,70.9,65.8,66.3,62.6,66.2,69.1,66.0,63.7,63.5,64.7,62.9,67.0,64.1,61.5,60.6,74.4,71.9,73.0,69.9,71.4,67.9,72.7,65.6,65.3,72.2,71.0,73.1,71.6,72.4,69.2,59.7,64.7,70.7,72.0,69.7
4080,68.1,62.4,63.8,71.9,73.7,74.4,74.5,72.8,71.2,72.4,71.7,73.1,71.3,72.3,73.2,72.2,71.9,60.4,70.9,71.4,72.6,71.3,72.9,71.4,70.5,72.8,75.4,71.7,71.8,71.8,73.6,69.7,68.9,70.7,71.1,70.0,69.1,61.9,71.4,65.1,73.6,65.5,69.9,68.6,69.1,63.7,65.5,64.3,67.0,64.1,67.7,65.9,68.9,64.5,64.7,60.8,64.6,67.5,63.7,62.5,61.8,62.8,61.4,64.1,62.1,59.9,58.6,73.5,71.3,72.2,67.7,69.8,66.4,70.8,63.0,63.5,71.2,70.1,72.1,70.3,71.4,67.7,59.0,63.7,69.7,70.9,68.7
4081,66.7,61.0,62.8,70.6,72.6,73.3,73.3,71.7,70.3,71.5,70.9,72.1,70.5,71.3,72.1,71.6,71.0,58.9,70.2,70.6,71.8,70.5,72.2,70.4,69.4,71.8,74.5,70.8,71.0,70.9,72.7,69.0,67.6,69.6,70.3,69.0,67.7,60.6,70.3,63.3,72.0,64.6,68.7,67.5,67.4,62.5,63.1,62.5,63.8,61.8,65.9,63.7,67.0,63.7,63.4,59.0,63.0,66.4,62.0,61.2,60.3,61.3,59.9,61.7,60.2,58.4,56.7,72.4,70.4,71.3,65.7,68.3,64.5,69.4,60.6,61.6,70.6,69.5,71.2,68.9,70.6,66.6,58.2,62.9,68.4,70.1,67.7
4082,65.3,60.0,61.8,69.2,71.8,72.2,72.3,71.0,69.7,70.8,70.2,71.2,69.7,70.5,71.2,70.8,70.2,57.6,69.4,69.9,70.9,69.8,71.7,69.4,68.5,71.0,73.6,70.1,70.2,70.3,71.9,68.2,66.9,68.7,69.4,68.2,66.8,59.5,69.3,61.6,70.3,63.5,67.4,66.2,65.7,61.8,61.3,60.6,61.3,59.6,64.2,61.6,64.7,62.9,62.1,57.7,61.7,64.8,60.3,59.8,59.0,60.0,58.1,59.5,58.4,56.6,55.0,71.6,69.5,70.5,63.5,66.6,62.6,67.5,58.2,59.7,69.8,68.8,70.5,68.0,69.5,65.3,57.4,62.1,67.3,69.2,67.0
4083,63.9,59.1,60.8,67.9,70.9,71.4,71.6,70.1,69.0,70.1,69.4,70.7,69.1,69.9,70.5,70.2,69.7,56.2,68.7,69.3,70.2,69.1,71.0,68.7,67.5,70.2,72.9,69.3,69.5,69.7,71.2,67.7,65.9,68.0,68.6,67.6,65.6,58.4,68.1,60.3,68.6,62.6,66.5,64.4,64.5,60.4,59.5,58.8,58.9,57.3,62.7,59.7,62.3,62.1,60.5,56.4,60.3,63.8,58.9,58.9,57.9,59.1,57.0,57.3,56.8,55.1,53.1,70.8,68.9,69.8,61.6,65.3,60.9,66.0,56.4,57.8,69.1,68.2,69.8,67.0,68.6,64.4,56.8,61.4,66.6,68.3,66.2
4084,62.6,58.4,59.9,66.9,70.3,70.7,70.7,69.3,68.3,69.3,68.9,69.9,68.4,69.4,69.9,69.6,69.2,55.1,68.3,68.8,69.6,68.6,70.3,68.1,66.9,69.5,72.2,68.5,68.8,69.2,70.5,67.4,65.4,67.3,68.0,66.9,64.6,57.4,67.3,58.4,67.2,61.9,65.6,63.2,63.3,59.5,58.0,57.2,57.1,56.1,61.6,58.2,60.3,61.1,59.3,55.1,59.4,62.8,57.6,57.5,56.8,57.7,55.8,55.3,55.4,53.5,51.4,70.2,68.3,69.1,59.7,64.4,59.6,64.2,54.3,56.0,68.6,67.6,69.3,66.2,68.0,63.5,55.7,61.0,66.0,67.8,65.6
4085,61.6,57.9,59.4,65.9,69.7,70.1,70.2,68.8,67.8,69.0,68.6,69.3,68.2,68.8,69.3,69.1,68.8,55.5,67.9,68.8,68.9,68.1,69.7,67.5,66.4,68.7,71.8,68.0,68.2,68.8,69.9,66.9,64.8,66.7,67.5,66.2,63.9,57.0,66.5,57.0,66.2,61.8,64.7,61.7,62.0,58.7,56.5,56.7,55.7,54.1,60.5,57.1,58.5,61.0,58.4,55.6,58.5,62.0,56.6,58.0,57.4,56.5,56.0,54.5,54.4,53.6,50.1,69.7,67.9,68.7,57.9,63.3,58.3,62.6,54.0,54.9,68.3,67.4,68.9,65.4,67.2,62.7,54.6,61.2,65.3,67.3,65.1
4086,65.4,61.3,62.9,65.5,70.0,70.4,70.5,69.7,69.1,70.0,70.7,70.2,70.2,69.4,69.7,70.3,69.9,59.9,69.9,70.9,69.7,69.2,70.5,67.9,66.3,69.0,72.3,68.6,69.4,69.7,70.5,68.8,65.5,67.5,68.1,67.4,66.6,59.9,65.8,60.2,67.2,65.4,64.5,64.0,65.0,62.1,59.3,61.4,62.4,55.3,60.7,59.4,59.9,63.8,58.1,58.8,59.5,63.3,56.7,61.0,59.5,56.4,60.1,60.4,56.1,58.5,54.4,70.1,69.5,70.8,59.2,62.8,62.5,64.9,61.1,56.3,70.5,69.3,69.8,65.5,67.2,62.7,55.5,63.4,65.6,68.1,66.4
4087,70.1,65.7,67.7,68.5,72.4,72.3,72.8,72.1,71.8,72.3,73.6,72.6,73.3,71.4,71.9,72.9,72.5,63.5,73.1,73.8,72.3,71.7,73.0,70.3,68.9,71.9,74.2,71.2,71.7,72.2,72.7,71.4,67.8,69.6,70.0,69.8,70.8,64.5,68.0,67.2,70.4,70.1,67.3,68.6,69.2,67.5,64.1,67.8,70.4,62.7,67.3,63.4,66.9,67.6,60.6,62.9,63.3,67.1,59.7,64.5,62.0,60.0,63.9,67.1,58.8,63.0,59.5,72.2,72.6,73.5,66.2,66.2,67.2,71.4,66.8,63.2,73.8,72.1,72.1,68.1,70.0,65.4,60.6,66.1,67.6,70.6,68.8
4088,74.7,69.8,71.9,73.1,75.8,74.9,75.6,75.1,74.6,74.7,76.5,75.4,76.2,74.1,74.9,75.5,75.5,66.6,76.2,76.6,75.2,74.6,75.9,73.3,72.7,75.1,76.4,74.2,74.2,75.3,75.4,74.2,70.7,72.4,72.3,72.2,74.9,68.5,71.7,71.9,73.6,74.4,71.4,72.5,73.4,72.5,69.4,72.3,76.8,69.4,74.8,67.9,73.7,71.4,64.2,66.8,67.5,70.7,63.0,67.4,64.7,63.9,67.3,72.4,62.0,66.6,63.4,74.7,75.6,76.0,72.7,71.2,71.9,76.5,71.3,68.8,76.9,74.8,74.8,71.9,73.3,68.9,64.9,68.9,70.4,73.5,71.5
4089,78.8,73.5,75.6,77.4,78.9,77.6,78.6,78.2,77.2,77.0,78.9,78.3,78.7,76.3,77.7,78.1,78.3,69.5,79.0,79.0,77.9,77.3,78.6,76.3,76.4,78.2,78.7,77.2,76.7,77.7,78.0,76.7,73.6,75.1,74.6,74.7,78.6,72.4,75.6,75.8,77.2,78.2,75.3,76.1,77.5,76.5,74.8,75.9,81.5,74.7,79.4,72.5,80.0,74.8,68.4,69.8,71.5,74.1,66.4,70.2,67.8,68.0,70.5,76.5,65.6,69.8,67.3,77.1,78.1,78.5,78.4,75.7,76.2,80.0,75.1,73.7,79.5,77.2,77.4,75.8,76.7,72.6,67.7,71.3,73.1,76.2,74.1
4090,82.4,76.9,78.8,81.1,81.8,80.3,81.2,80.7,79.3,79.0,81.2,80.6,81.1,78.7,80.1,80.1,80.8,72.5,80.9,81.1,80.4,79.3,80.8,79.2,79.7,81.1,80.8,79.5,78.7,79.9,80.4,78.5,76.3,77.5,77.0,77.0,82.2,75.6,79.4,79.1,80.5,81.3,78.8,79.5,81.4,79.9,79.4,78.9,85.1,78.9,82.7,76.5,84.6,77.9,71.9,72.5,74.3,77.1,69.6,72.4,70.5,71.2,73.1,79.5,69.0,72.8,70.7,79.3,80.2,80.7,82.2,79.6,80.0,82.9,78.1,77.5,81.7,79.1,79.8,79.3,79.8,76.2,70.3,73.2,75.8,78.4,76.4
4091,85.6,79.6,81.3,84.2,84.2,82.3,83.4,83.2,81.2,80.7,83.2,82.6,82.9,80.6,82.3,81.8,82.7,75.0,82.6,82.8,82.3,81.1,82.7,81.8,82.6,83.6,82.6,81.7,80.7,81.8,82.5,80.4,78.7,79.6,78.8,78.8,85.0,78.4,82.5,82.1,83.4,83.8,81.9,82.6,84.7,82.7,83.2,81.5,88.4,82.2,84.9,79.8,88.2,80.2,74.5,74.4,76.6,79.5,72.5,74.2,73.2,74.0,75.6,82.1,72.5,75.2,74.3,81.0,81.8,82.7,85.4,82.9,83.2,85.6,80.9,80.5,83.3,80.7,81.8,82.2,82.6,79.1,72.7,74.8,78.1,80.4,78.6
4092,88.3,81.3,83.2,86.9,86.4,84.5,85.4,84.9,82.5,82.1,84.7,84.2,84.2,81.9,84.1,83.2,84.3,77.1,84.2,83.9,84.0,82.6,84.2,83.8,85.1,85.8,83.7,83.5,82.3,83.2,84.1,81.7,80.8,81.5,80.4,80.6,87.3,80.3,85.1,84.5,86.2,85.6,84.4,85.3,87.3,84.6,85.8,83.6,90.8,84.7,86.6,82.3,90.5,82.2,76.6,76.1,78.6,81.3,75.1,75.8,75.1,76.3,77.8,84.4,75.6,76.9,77.3,82.4,83.1,84.1,87.6,85.7,86.1,87.7,83.4,82.8,84.6,81.9,83.1,84.6,84.9,81.7,74.9,75.9,80.0,82.0,80.4
4093,90.0,82.3,84.5,88.8,88.0,85.9,87.0,86.5,83.5,83.3,85.6,85.2,85.2,82.8,85.6,84.2,85.5,78.9,85.2,84.9,85.3,83.4,85.3,85.4,87.0,87.6,85.0,84.7,83.5,84.2,85.5,82.7,82.4,83.0,81.9,82.0,88.8,81.0,87.2,86.1,88.3,86.9,86.4,87.3,89.4,85.4,87.8,85.2,92.6,86.6,87.8,84.4,92.2,83.8,78.0,77.5,79.9,82.6,77.1,77.0,76.6,78.2,79.4,86.1,78.3,78.3,79.7,83.5,84.2,85.3,89.1,88.0,88.4,89.5,85.5,84.3,85.4,82.8,84.3,86.9,86.8,83.7,76.6,76.5,81.7,83.0,81.9
4094,91.2,83.0,85.1,90.3,89.5,87.0,88.2,87.3,83.9,84.3,85.9,85.9,85.8,83.8,86.7,84.9,86.6,80.3,85.6,85.4,86.2,84.0,86.1,86.5,88.4,88.9,85.9,85.5,84.4,84.9,86.5,83.1,83.5,84.1,83.1,82.9,90.2,81.5,88.6,87.0,89.9,87.6,88.1,88.6,90.7,85.7,89.1,86.2,93.6,87.7,88.5,85.3,93.2,84.9,79.2,78.5,81.1,83.9,78.8,78.0,77.5,80.0,80.8,87.5,80.3,79.3,81.3,84.4,84.6,85.8,90.0,89.8,89.0,90.7,87.0,85.5,86.2,83.4,85.3,88.4,88.1,85.2,78.1,76.9,82.9,83.9,82.9
4095,91.3,82.6,85.3,91.4,90.0,87.8,88.7,87.9,84.1,84.6,86.0,86.1,85.8,84.2,87.2,84.8,87.0,81.0,85.7,85.5,86.8,84.6,86.5,87.0,89.4,89.5,86.2,86.0,84.8,85.1,86.9,83.2,84.4,84.7,83.6,83.7,90.6,81.4,89.5,87.2,90.5,87.6,88.9,89.1,90.6,85.5,89.8,86.6,93.8,88.4,88.7,85.3,93.7,85.3,80.0,79.1,81.8,84.4,80.0,78.6,78.1,81.2,81.7,88.2,81.6,79.7,82.3,84.8,84.7,85.9,90.3,90.8,88.5,91.1,87.8,85.8,86.1,83.6,85.6,89.2,88.8,86.1,78.8,76.7,83.8,84.3,83.5
4096,90.4,81.5,84.7,91.5,90.1,88.0,88.8,87.6,83.8,84.5,85.9,86.0,85.4,84.0,87.1,84.6,86.8,81.1,85.4,84.8,86.6,84.3,86.6,87.1,89.2,89.6,86.0,85.9,84.8,84.7,86.9,82.7,84.2,85.0,83.9,83.9,90.2,80.7,89.5,86.7,90.4,86.7,88.9,89.3,89.6,84.6,89.3,86.4,93.4,88.3,88.5,84.8,93.4,84.7,80.4,79.3,82.1,84.7,80.6,78.6,78.0,82.1,82.2,88.3,82.0,79.7,82.0,84.7,84.4,85.3,89.9,90.8,87.7,91.0,88.0,85.6,85.6,83.1,85.3,89.1,89.0,86.3,79.0,76.2,83.9,84.0,83.5
4097,88.3,80.0,82.9,90.9,89.2,87.5,88.2,87.1,83.1,83.9,84.8,85.3,84.4,83.4,86.5,84.0,86.1,80.4,84.7,83.8,86.1,83.7,86.0,86.3,88.1,88.9,85.6,85.3,84.2,84.0,86.3,81.9,83.6,84.3,83.5,83.5,88.5,79.3,88.8,85.8,90.0,84.5,88.3,88.6,87.7,83.2,88.5,85.6,92.1,88.0,87.8,83.5,92.5,83.1,80.1,78.8,82.0,84.3,80.8,78.2,77.5,82.2,81.6,87.5,81.4,78.7,80.5,84.3,83.7,84.5,89.0,90.1,86.6,90.7,87.2,84.8,84.6,82.1,84.4,88.4,88.3,85.5,78.6,75.0,83.2,83.5,83.1
4098,85.3,77.5,80.1,89.3,87.5,86.2,86.7,85.4,81.7,82.6,83.4,84.3,82.9,82.3,85.2,82.7,84.7,78.9,83.1,82.2,84.7,82.5,84.7,84.6,86.3,87.3,84.6,84.0,83.1,82.6,85.1,80.4,82.1,82.7,82.3,82.3,85.5,76.7,87.3,83.6,88.6,82.0,86.4,87.2,85.4,80.8,87.1,83.9,89.8,86.6,86.4,81.6,90.8,79.8,79.2,77.6,81.0,83.4,80.2,76.8,76.3,81.5,80.1,85.7,79.7,77.0,77.9,83.1,82.2,82.9,87.1,88.5,84.7,89.6,85.0,83.4,83.0,81.0,83.3,86.7,86.6,83.7,77.4,73.5,82.1,82.5,81.9
4099,80.5,73.6,75.2,86.2,85.4,83.9,84.3,82.9,79.1,80.3,80.7,82.4,80.1,80.6,82.5,80.4,82.2,75.4,80.2,79.1,82.3,80.0,82.2,82.1,83.4,84.7,82.8,81.5,81.1,80.3,82.8,77.6,79.9,80.5,80.6,80.1,80.7,72.8,84.9,80.0,86.3,77.0,83.6,84.5,81.2,76.8,84.6,80.5,84.8,84.2,84.2,78.9,87.8,75.3,77.4,75.0,79.4,81.4,79.0,74.4,74.1,80.0,77.2,82.5,76.7,73.9,74.2,81.3,79.6,80.5,84.2,85.6,80.8,87.6,81.1,80.4,79.9,78.6,81.1,83.8,83.7,81.1,75.1,71.4,80.2,80.5,79.9
4100,76.0,69.6,70.7,81.9,82.0,81.1,81.5,79.2,76.0,77.5,77.7,79.2,76.5,78.1,79.5,77.4,78.2,70.1,76.9,76.1,78.8,76.7,78.5,78.0,79.1,80.5,80.9,77.8,78.0,77.3,79.7,74.0,76.2,77.5,77.7,76.8,76.5,68.9,80.5,74.6,83.2,72.2,78.9,79.0,77.2,72.5,79.4,75.2,79.7,78.4,79.9,75.4,82.3,71.2,73.9,71.2,75.1,77.4,76.4,70.0,70.7,76.2,72.3,77.0,72.3,69.7,68.9,78.8,76.4,77.4,78.9,80.5,76.2,82.1,75.5,74.4,76.5,75.3,77.8,79.4,79.2,77.0,69.3,69.0,76.9,77.4,76.0
4101,73.5,67.3,68.5,78.0,78.7,78.9,79.1,76.6,74.4,76.0,75.6,76.9,74.8,76.0,77.3,75.6,75.7,66.6,75.0,74.1,76.4,74.9,76.5,75.6,75.7,77.5,79.4,75.6,75.9,75.3,77.6,72.5,73.3,75.4,75.3,74.0,74.0,66.8,76.8,71.2,80.4,70.0,75.3,74.8,74.6,69.5,75.4,72.3,76.3,71.4,75.5,73.1,77.4,68.9,70.0,67.9,70.8,73.8,72.8,67.3,67.6,70.6,68.0,73.1,68.9,66.3,65.5,77.1,74.5,75.4,75.1,76.2,72.8,77.6,72.2,70.1,74.8,73.4,75.8,75.7,76.1,73.5,62.8,67.2,74.2,75.1,73.1
4102,71.6,65.6,66.5,75.7,76.8,77.2,77.4,75.2,73.1,74.7,74.1,75.5,73.7,74.6,75.7,74.5,74.5,64.2,73.2,73.0,75.1,73.6,75.0,74.1,73.6,75.7,78.1,74.2,74.4,74.1,76.4,71.7,71.7,73.5,73.7,72.5,72.0,65.0,74.7,69.0,77.9,68.3,73.4,72.2,72.5,67.3,71.4,69.9,73.3,68.4,72.3,71.0,74.0,67.3,68.4,65.3,68.3,71.5,69.4,65.7,65.7,67.5,65.2,70.7,66.4,63.8,63.1,75.8,73.2,74.2,72.4,73.8,70.3,75.4,69.3,67.6,73.4,72.3,74.4,73.6,74.2,71.4,61.1,65.9,72.5,73.4,71.3
4103,70.0,63.9,65.2,74.1,75.4,75.9,76.0,73.8,72.2,73.8,73.0,74.3,72.6,73.6,74.5,73.6,73.3,62.1,72.2,72.1,74.0,72.5,74.1,73.1,72.0,74.2,77.0,73.0,73.1,73.1,75.0,70.9,70.3,72.1,72.5,71.3,70.6,63.5,73.0,67.1,75.9,66.9,71.5,70.8,71.0,65.5,68.2,67.4,70.5,66.5,69.7,68.7,71.4,66.0,66.9,63.0,66.7,69.6,66.5,64.1,63.8,65.1,63.2,67.7,64.6,61.8,61.0,74.7,72.3,73.1,70.2,71.7,68.2,73.3,66.2,65.7,72.3,71.2,73.4,72.0,72.9,69.5,60.2,64.9,71.0,72.3,70.0
4104,68.6,62.7,64.0,72.1,74.0,74.7,74.7,73.0,71.5,72.6,72.0,73.3,71.6,72.5,73.5,72.6,72.2,60.7,71.2,71.4,73.0,71.5,73.2,71.8,70.8,73.2,75.7,71.9,72.1,72.1,73.9,70.1,69.3,71.0,71.4,70.4,69.3,62.2,71.7,65.3,73.9,65.8,70.1,69.4,69.6,64.1,65.9,64.9,67.5,64.6,68.1,66.5,69.5,64.8,65.2,61.2,65.1,68.0,64.3,62.9,62.1,63.1,61.6,64.7,62.5,60.2,59.1,73.8,71.6,72.3,68.1,70.1,66.6,71.5,63.5,64.0,71.4,70.4,72.4,70.5,71.7,68.1,59.5,63.9,69.9,71.2,69.0
4105,67.0,61.3,63.0,70.7,73.0,73.5,73.6,72.0,70.7,71.7,71.1,72.3,70.8,71.5,72.4,71.9,71.3,59.2,70.3,70.7,72.1,70.7,72.5,70.8,69.7,72.2,74.8,71.0,71.3,71.1,73.1,69.3,67.9,70.0,70.6,69.4,68.0,60.9,70.5,63.5,72.3,64.9,68.9,68.2,67.9,62.9,63.5,62.9,64.2,62.3,66.4,64.2,67.5,64.0,63.9,59.3,63.5,66.9,62.4,61.7,60.7,61.7,60.2,62.2,60.6,58.6,57.2,72.7,70.8,71.4,66.0,68.5,64.8,70.0,61.1,62.1,70.8,69.7,71.5,69.1,70.8,66.9,58.7,63.1,68.6,70.4,68.0
4106,65.6,60.4,62.1,69.3,72.1,72.5,72.6,71.2,70.0,71.1,70.5,71.5,70.1,70.8,71.6,71.1,70.6,58.0,69.7,70.1,71.3,70.0,72.0,69.7,68.7,71.4,73.9,70.4,70.5,70.5,72.3,68.5,67.1,69.0,69.8,68.5,67.1,59.9,69.5,61.7,70.6,63.8,67.6,66.7,66.1,62.0,61.8,61.0,61.7,60.1,64.7,62.1,65.2,63.1,62.6,58.0,62.2,65.3,60.8,60.3,59.4,60.4,58.4,59.9,58.9,56.9,55.4,71.9,69.9,70.7,63.9,66.8,62.9,68.1,58.8,60.2,70.0,69.1,70.8,68.3,69.7,65.6,58.0,62.3,67.6,69.4,67.3
4107,64.3,59.5,61.1,68.0,71.3,71.7,71.9,70.5,69.3,70.4,69.7,71.0,69.5,70.2,70.9,70.6,70.1,56.6,69.0,69.4,70.5,69.4,71.3,69.0,67.8,70.5,73.3,69.6,69.8,69.9,71.6,68.0,66.2,68.3,69.0,68.0,66.0,58.8,68.3,60.4,68.9,62.9,66.6,65.0,64.9,60.7,60.0,59.3,59.3,57.8,63.2,60.2,62.8,62.3,61.1,56.6,60.7,64.3,59.4,59.3,58.3,59.6,57.2,57.7,57.2,55.5,53.5,71.2,69.2,70.0,62.0,65.6,61.1,66.4,56.8,58.2,69.4,68.5,70.2,67.2,68.8,64.6,57.4,61.6,66.8,68.7,66.5
4108,62.8,58.8,60.1,67.0,70.7,71.0,71.0,69.5,68.6,69.6,69.2,70.2,68.9,69.7,70.2,70.0,69.6,55.4,68.6,69.0,70.0,68.9,70.6,68.4,67.2,69.7,72.6,68.8,69.1,69.3,70.9,67.6,65.6,67.6,68.3,67.3,64.9,57.8,67.5,58.5,67.4,62.2,65.7,63.6,63.6,59.7,58.5,57.5,57.4,56.4,62.1,58.7,60.9,61.3,59.8,55.4,59.7,63.4,58.1,58.0,57.2,58.2,56.0,55.8,55.8,53.8,51.9,70.5,68.6,69.4,60.1,64.6,59.7,64.6,54.7,56.5,68.9,68.0,69.6,66.4,68.1,63.7,56.3,61.2,66.2,68.1,65.9
4109,61.9,58.3,59.6,66.1,69.9,70.4,70.4,69.0,68.1,69.3,69.0,69.6,68.5,69.1,69.6,69.5,69.2,55.7,68.2,68.9,69.3,68.4,70.0,67.8,66.6,69.0,72.1,68.3,68.5,69.0,70.3,67.2,65.0,67.0,67.8,66.6,64.2,57.4,66.6,57.2,66.5,62.1,64.9,62.1,62.3,58.9,57.0,57.1,55.9,54.5,61.0,57.6,59.1,61.2,58.9,55.9,58.9,62.5,57.0,58.5,57.7,57.0,56.2,54.9,54.7,54.0,50.5,70.0,68.1,69.0,58.3,63.5,58.6,63.1,54.5,55.4,68.6,67.8,69.2,65.6,67.4,62.8,55.1,61.4,65.6,67.6,65.4
4110,65.7,61.6,63.2,65.6,70.2,70.6,70.7,69.9,69.4,70.3,70.9,70.5,70.6,69.7,70.0,70.6,70.3,60.2,70.1,71.1,70.0,69.5,70.8,68.1,66.5,69.2,72.7,68.8,69.7,69.8,70.9,69.1,65.7,67.7,68.4,67.7,66.8,60.2,66.0,60.4,67.4,65.7,64.7,64.4,65.4,62.3,59.7,61.8,62.7,55.7,61.1,59.9,60.5,64.1,58.5,59.2,59.9,63.8,57.2,61.4,59.9,56.8,60.4,60.9,56.4,58.8,54.8,70.5,69.7,71.0,59.6,63.0,62.8,65.3,61.5,56.7,70.8,69.7,70.1,65.7,67.4,62.9,56.1,63.6,65.8,68.3,66.6
4111,70.5,66.1,68.2,68.6,72.7,72.5,73.0,72.3,72.0,72.6,73.8,72.8,73.5,71.8,72.2,73.2,72.8,63.9,73.3,74.0,72.6,72.0,73.2,70.5,69.1,72.1,74.5,71.4,72.0,72.5,73.0,71.6,68.1,70.0,70.3,70.0,71.0,64.8,68.2,67.4,70.7,70.5,67.6,69.0,69.6,67.7,64.5,68.3,70.7,63.1,67.7,63.9,67.4,68.0,61.1,63.3,63.7,67.7,60.2,64.9,62.4,60.4,64.3,67.6,59.2,63.3,59.8,72.6,72.8,73.7,66.5,66.4,67.6,72.0,67.3,63.8,73.9,72.3,72.5,68.3,70.3,65.7,61.2,66.4,67.9,70.8,69.1
4112,75.1,70.2,72.5,73.3,76.0,75.1,75.9,75.3,74.8,75.0,76.7,75.6,76.5,74.4,75.1,75.8,75.8,67.0,76.4,76.8,75.5,74.8,76.1,73.6,73.0,75.3,76.7,74.6,74.5,75.5,75.7,74.4,71.1,72.8,72.5,72.5,75.2,68.9,72.0,72.1,73.9,74.8,71.7,73.0,73.9,72.9,69.9,72.9,77.1,69.9,75.3,68.4,74.0,72.0,64.7,67.2,68.0,71.3,63.6,67.8,65.2,64.4,67.7,73.1,62.3,67.0,63.8,75.0,75.8,76.2,73.0,71.5,72.4,77.1,71.9,69.5,77.1,75.1,75.0,72.3,73.7,69.3,65.5,69.2,70.8,73.7,71.8
4113,79.2,73.9,76.3,77.7,79.3,77.9,78.9,78.5,77.4,77.3,79.2,78.5,79.0,76.7,78.0,78.4,78.5,70.0,79.1,79.3,78.2,77.6,78.9,76.7,76.7,78.4,79.0,77.5,76.9,77.9,78.3,76.9,74.0,75.5,74.9,75.1,78.9,72.8,75.9,76.0,77.4,78.7,75.7,76.6,78.1,77.0,75.2,76.5,81.9,75.4,79.9,73.0,80.4,75.3,69.0,70.3,72.1,74.8,67.0,70.7,68.3,68.5,70.9,77.3,66.0,70.2,67.7,77.3,78.3,78.7,78.7,76.0,76.8,80.5,75.7,74.4,79.7,77.4,77.7,76.4,77.1,73.1,68.2,71.6,73.5,76.4,74.4
4114,82.8,77.3,79.4,81.4,82.1,80.6,81.5,81.1,79.6,79.3,81.5,80.8,81.3,78.9,80.4,80.3,81.1,72.9,81.2,81.4,80.7,79.6,81.1,79.6,80.0,81.4,81.1,79.9,79.1,80.1,80.8,78.8,76.7,77.9,77.3,77.3,82.4,76.0,79.8,79.4,80.7,81.8,79.2,80.0,81.9,80.3,79.8,79.6,85.6,79.6,83.1,77.0,85.0,78.5,72.6,73.0,75.1,77.8,70.2,72.9,71.1,71.8,73.6,80.2,69.4,73.3,71.1,79.6,80.3,80.9,82.6,80.0,80.6,83.6,78.8,78.1,81.9,79.2,80.1,79.9,80.3,76.7,70.8,73.5,76.2,78.8,76.7
4115,85.9,80.0,82.0,84.5,84.6,82.6,83.7,83.5,81.5,81.0,83.5,82.9,83.2,80.9,82.6,82.1,83.0,75.5,82.8,83.1,82.7,81.4,83.0,82.2,82.9,84.0,82.9,82.1,81.0,82.0,82.8,80.8,79.2,80.0,79.2,79.2,85.1,78.8,82.8,82.4,83.7,84.3,82.2,83.2,85.2,83.1,83.5,82.2,88.9,83.0,85.4,80.4,88.6,80.8,75.4,75.0,77.5,80.3,73.2,74.8,73.9,74.6,76.1,82.9,72.9,75.7,74.7,81.3,82.0,82.8,85.7,83.4,83.7,86.2,81.6,81.2,83.5,80.8,82.1,82.8,83.2,79.7,73.3,75.1,78.5,80.7,78.9
4116,88.6,81.9,83.8,87.3,86.7,84.7,85.8,85.4,82.8,82.5,84.9,84.4,84.4,82.2,84.5,83.4,84.6,77.8,84.3,84.1,84.4,82.9,84.5,84.3,85.5,86.2,84.1,83.9,82.7,83.4,84.5,82.1,81.1,81.9,80.7,80.9,87.4,80.7,85.4,84.8,86.4,86.0,84.7,86.0,87.8,84.9,86.3,84.3,91.4,85.4,87.1,82.9,91.0,82.8,77.5,76.6,79.5,82.2,75.8,76.4,75.9,76.9,78.3,85.1,76.0,77.5,77.7,82.7,83.3,84.2,87.9,86.0,86.6,88.4,84.1,83.5,84.8,82.0,83.5,85.2,85.5,82.3,75.5,76.4,80.4,82.3,80.7
4117,90.2,82.7,85.1,89.2,88.4,86.1,87.3,86.9,83.9,83.7,85.8,85.5,85.5,83.2,85.9,84.4,85.8,79.6,85.4,85.0,85.7,83.7,85.6,85.9,87.3,87.9,85.4,85.1,83.9,84.4,85.9,83.1,82.7,83.4,82.2,82.4,88.9,81.5,87.4,86.4,88.5,87.3,86.8,87.9,89.9,85.7,88.2,86.0,93.2,87.3,88.2,84.9,92.6,84.4,79.1,78.1,80.9,83.7,77.9,77.5,77.3,78.9,80.0,86.8,78.7,78.9,80.1,83.8,84.4,85.4,89.5,88.4,88.8,90.1,86.3,85.0,85.7,82.8,84.6,87.5,87.4,84.4,77.2,77.0,82.1,83.3,82.1
4118,91.6,83.5,85.7,90.6,89.9,87.3,88.5,87.7,84.2,84.6,86.1,86.1,86.1,84.1,87.0,85.2,87.0,81.0,85.8,85.6,86.6,84.3,86.3,87.0,88.7,89.2,86.2,85.8,84.8,85.1,86.8,83.5,83.8,84.5,83.4,83.2,90.3,82.0,88.9,87.2,90.2,88.0,88.5,89.3,91.1,86.2,89.5,87.0,94.2,88.4,89.0,85.8,93.7,85.4,80.2,79.2,82.1,84.9,79.7,78.5,78.4,80.7,81.4,88.2,80.8,80.0,81.8,84.7,84.9,86.0,90.3,90.1,89.3,91.4,87.7,86.1,86.4,83.4,85.6,88.9,88.6,85.8,78.8,77.3,83.3,84.2,83.1
4119,91.8,83.0,85.9,91.7,90.3,88.1,89.0,88.3,84.4,85.0,86.2,86.4,86.1,84.5,87.5,85.2,87.3,81.7,85.8,85.6,87.1,85.0,86.8,87.5,89.7,89.8,86.6,86.3,85.1,85.5,87.2,83.6,84.7,85.2,84.0,84.1,90.7,81.9,89.8,87.5,90.7,88.0,89.3,89.9,91.2,85.8,90.2,87.3,94.4,89.2,89.1,85.8,94.1,85.8,81.0,79.7,82.7,85.5,80.8,79.3,79.1,82.0,82.4,88.9,82.0,80.4,82.9,85.0,85.0,86.1,90.6,91.1,89.0,91.9,88.4,86.4,86.3,83.6,85.9,89.8,89.3,86.7,79.7,77.1,84.1,84.6,83.7
4120,90.9,82.1,85.2,91.8,90.4,88.3,89.0,87.9,84.1,84.9,86.2,86.3,85.6,84.3,87.4,84.9,87.2,81.9,85.5,84.9,86.9,84.6,86.8,87.5,89.6,89.8,86.4,86.2,85.1,85.1,87.2,83.1,84.5,85.4,84.3,84.2,90.4,81.2,89.7,86.8,90.7,87.2,89.3,90.0,90.1,84.9,89.7,87.1,93.8,89.0,88.8,85.3,93.9,85.3,81.3,80.0,83.0,85.7,81.6,79.3,79.0,82.9,82.9,89.0,82.5,80.4,82.5,85.0,84.7,85.5,90.2,91.1,88.2,91.7,88.6,86.3,85.7,83.1,85.6,89.7,89.4,86.9,79.9,76.5,84.3,84.4,83.8
4121,88.8,80.5,83.4,91.2,89.5,87.7,88.5,87.4,83.4,84.3,85.0,85.6,84.6,83.7,86.8,84.3,86.3,81.3,84.8,83.9,86.3,84.0,86.2,86.7,88.5,89.2,86.0,85.6,84.5,84.3,86.5,82.2,83.8,84.7,83.9,83.9,88.8,79.7,89.0,85.7,90.2,84.9,88.7,89.3,88.2,83.5,88.9,86.2,92.5,88.7,88.0,83.9,92.9,83.6,81.1,79.6,83.0,85.3,81.8,79.0,78.4,83.0,82.3,88.0,81.8,79.5,80.9,84.5,84.0,84.6,89.3,90.4,87.0,91.5,87.7,85.4,84.7,82.2,84.7,88.9,88.8,86.0,79.5,75.4,83.5,83.9,83.4
4122,85.8,78.0,80.6,89.6,87.9,86.4,87.0,85.7,82.0,82.9,83.5,84.5,83.1,82.6,85.4,83.0,85.0,79.8,83.2,82.3,84.9,82.8,84.9,85.1,86.7,87.6,84.9,84.2,83.4,82.8,85.4,80.7,82.4,83.1,82.6,82.6,85.9,77.1,87.5,83.5,88.6,82.3,86.8,88.0,86.0,81.0,87.5,84.6,90.2,87.1,86.7,82.1,91.2,80.3,80.2,78.4,82.0,84.3,81.2,77.7,77.3,82.3,80.9,86.3,80.2,77.8,78.4,83.4,82.5,83.1,87.3,88.9,85.0,90.3,85.6,83.9,83.0,81.0,83.5,87.2,87.1,84.2,78.1,73.9,82.5,82.8,82.2
4123,80.9,74.0,75.5,86.6,85.6,84.1,84.6,83.2,79.4,80.5,81.0,82.6,80.3,80.8,82.8,80.7,82.5,76.3,80.3,79.2,82.5,80.3,82.4,82.5,83.9,84.9,83.1,81.7,81.4,80.5,83.0,77.8,80.2,80.9,80.9,80.5,81.0,73.2,85.1,80.0,86.4,77.4,84.0,85.3,81.7,77.1,85.0,81.1,85.3,84.9,84.5,79.2,88.3,75.7,78.3,75.9,80.4,82.3,79.9,75.3,75.0,80.8,78.0,83.1,77.2,74.7,74.7,81.5,79.8,80.7,84.5,86.0,81.1,88.2,81.6,81.0,80.0,78.6,81.3,84.3,84.2,81.5,75.9,71.8,80.6,80.7,80.2
4124,76.4,69.9,71.1,82.3,82.2,81.3,81.7,79.4,76.2,77.7,77.9,79.5,76.8,78.3,79.7,77.7,78.4,70.8,76.9,76.2,78.9,77.0,78.6,78.4,79.4,80.7,81.2,77.9,78.2,77.5,80.0,74.3,76.5,77.9,77.9,77.1,76.7,69.2,80.9,74.8,83.4,72.4,79.3,79.7,77.7,72.8,79.8,75.7,80.1,79.1,80.2,75.8,82.9,71.4,74.7,72.0,75.9,78.2,77.3,70.8,71.5,76.9,73.0,77.6,72.8,70.4,69.4,79.1,76.7,77.6,79.2,80.8,76.6,82.7,76.1,75.0,76.6,75.4,78.0,79.8,79.5,77.3,69.9,69.3,77.2,77.6,76.2
4125,73.9,67.5,68.8,78.3,79.0,79.1,79.4,76.8,74.7,76.2,75.9,77.1,75.1,76.2,77.5,76.0,75.9,67.2,75.2,74.3,76.6,75.2,76.6,75.8,75.9,77.7,79.6,75.7,76.1,75.5,77.8,72.8,73.5,75.7,75.5,74.2,74.2,67.1,77.2,71.4,80.6,70.3,75.6,75.5,75.1,69.8,75.8,72.8,76.7,72.1,76.0,73.5,78.0,69.1,70.8,68.7,71.6,74.6,73.6,68.0,68.3,71.3,68.7,73.8,69.4,66.9,66.0,77.3,74.8,75.6,75.6,76.6,73.1,78.3,72.8,70.7,75.0,73.6,76.0,75.9,76.3,73.7,63.5,67.5,74.5,75.3,73.2
4126,71.9,65.8,66.8,76.0,77.0,77.3,77.6,75.4,73.4,74.9,74.4,75.7,74.0,74.8,75.9,74.8,74.7,64.8,73.4,73.3,75.3,73.8,75.1,74.3,73.8,75.9,78.4,74.3,74.6,74.3,76.6,72.0,71.8,73.8,73.9,72.7,72.2,65.3,75.0,69.2,78.2,68.6,73.7,72.8,72.9,67.6,71.9,70.3,73.7,69.0,72.8,71.3,74.7,67.5,69.1,66.0,69.0,72.2,70.1,66.4,66.3,68.1,65.8,71.3,66.9,64.4,63.6,76.0,73.5,74.5,72.9,74.1,70.6,76.1,69.9,68.3,73.7,72.5,74.6,73.7,74.5,71.5,61.8,66.2,72.7,73.7,71.4
4127,70.3,64.1,65.5,74.4,75.6,76.1,76.2,74.0,72.5,74.1,73.3,74.5,72.9,73.9,74.7,73.9,73.5,62.8,72.4,72.3,74.3,72.8,74.2,73.2,72.2,74.4,77.2,73.1,73.3,73.3,75.3,71.2,70.5,72.4,72.7,71.5,70.8,63.7,73.3,67.4,76.1,67.1,71.7,71.6,71.4,65.8,68.7,67.8,70.9,67.1,70.2,69.1,72.2,66.2,67.6,63.6,67.4,70.3,67.2,64.7,64.5,65.7,63.7,68.3,65.0,62.4,61.5,74.9,72.6,73.3,70.7,72.1,68.5,74.0,66.8,66.4,72.5,71.4,73.6,72.1,73.1,69.6,60.8,65.3,71.2,72.5,70.2
4128,68.7,63.0,64.2,72.4,74.2,74.9,74.9,73.2,71.7,72.9,72.4,73.5,71.9,72.8,73.7,72.9,72.4,61.3,71.4,71.6,73.2,71.8,73.3,72.0,70.9,73.3,76.0,72.0,72.3,72.3,74.2,70.3,69.4,71.2,71.5,70.6,69.5,62.4,72.0,65.6,74.0,66.0,70.3,70.1,69.9,64.4,66.4,65.4,67.9,65.2,68.6,66.9,70.3,65.0,65.9,61.7,65.8,68.7,65.0,63.6,62.8,63.8,62.2,65.4,63.0,60.8,59.5,74.0,71.9,72.5,68.6,70.5,66.9,72.2,64.1,64.5,71.7,70.6,72.6,70.7,72.0,68.2,60.1,64.3,70.1,71.3,69.1
4129,67.1,61.6,63.1,71.0,73.2,73.6,73.7,72.1,70.9,72.0,71.5,72.6,71.1,71.8,72.6,72.2,71.6,59.8,70.6,71.0,72.3,70.9,72.7,70.9,69.8,72.3,75.1,71.1,71.5,71.3,73.3,69.6,68.0,70.2,70.8,69.6,68.2,61.1,70.8,63.7,72.5,65.1,69.1,68.8,68.2,63.1,64.0,63.5,64.6,62.9,66.9,64.6,68.3,64.1,64.5,59.9,64.1,67.6,63.2,62.2,61.3,62.4,60.8,62.8,61.1,59.2,57.6,72.9,71.0,71.6,66.5,68.9,65.1,70.8,61.7,62.7,71.0,69.9,71.7,69.3,71.0,67.0,59.4,63.5,68.8,70.6,68.1
4130,65.6,60.6,62.2,69.5,72.3,72.6,72.8,71.4,70.2,71.3,70.8,71.7,70.4,71.1,71.7,71.4,70.8,58.6,69.9,70.3,71.4,70.3,72.1,69.9,68.8,71.5,74.2,70.4,70.8,70.7,72.4,68.8,67.2,69.2,69.9,68.7,67.3,60.1,69.7,62.0,71.0,64.1,67.8,67.4,66.4,62.2,62.2,61.5,62.0,60.6,65.3,62.4,65.9,63.1,63.1,58.5,62.9,65.9,61.4,60.9,60.1,61.2,59.0,60.5,59.4,57.5,55.9,72.1,70.2,70.9,64.4,67.2,63.1,68.9,59.3,60.9,70.2,69.3,70.9,68.4,69.9,65.7,58.6,62.7,67.7,69.7,67.3
4131,64.3,59.7,61.1,68.2,71.4,71.9,72.1,70.6,69.5,70.6,70.0,71.2,69.8,70.4,71.1,70.8,70.3,57.2,69.2,69.7,70.7,69.7,71.4,69.2,67.9,70.6,73.5,69.7,70.0,70.1,71.8,68.3,66.3,68.4,69.1,68.2,66.2,58.9,68.6,60.6,69.2,63.1,66.7,65.6,65.1,60.9,60.5,59.7,59.6,58.3,63.8,60.6,63.6,62.2,61.6,57.2,61.3,65.0,60.0,59.9,58.9,60.3,57.7,58.2,57.7,56.1,54.0,71.4,69.5,70.2,62.5,65.9,61.3,67.2,57.4,59.0,69.7,68.6,70.3,67.3,68.9,64.6,58.0,62.0,66.9,68.9,66.5
4132,62.8,59.0,60.1,67.2,70.8,71.2,71.2,69.6,68.8,69.8,69.5,70.4,69.2,69.9,70.4,70.3,69.7,56.0,68.8,69.2,70.1,69.2,70.7,68.5,67.3,69.9,72.8,68.9,69.3,69.5,71.0,67.9,65.7,67.7,68.4,67.4,65.2,57.9,67.8,58.7,67.7,62.5,65.8,64.4,63.8,59.9,58.9,58.0,57.7,57.1,62.6,59.1,61.7,61.3,60.4,55.8,60.4,64.0,58.7,58.5,57.8,58.9,56.6,56.3,56.2,54.4,52.4,70.7,68.9,69.5,60.7,64.9,59.9,65.4,55.2,57.1,69.2,68.1,69.8,66.5,68.3,63.7,56.9,61.7,66.3,68.2,65.9
4133,61.9,58.5,59.7,66.2,70.1,70.6,70.6,69.2,68.3,69.4,69.2,69.9,68.8,69.3,69.8,69.7,69.3,56.3,68.4,69.1,69.5,68.7,70.2,67.9,66.7,69.1,72.3,68.4,68.6,69.1,70.4,67.4,65.1,67.1,68.0,66.8,64.5,57.5,66.8,57.4,66.7,62.4,65.0,62.8,62.5,59.1,57.5,57.5,56.3,55.1,61.5,58.0,59.8,61.1,59.3,56.4,59.6,63.1,57.7,59.0,58.3,57.7,56.7,55.4,55.2,54.6,51.0,70.2,68.4,69.1,58.8,63.7,58.8,63.9,54.9,56.1,68.9,67.9,69.4,65.6,67.5,62.8,55.6,61.9,65.7,67.7,65.4
4134,65.8,61.8,63.3,65.7,70.3,70.7,70.8,70.0,69.6,70.4,71.2,70.7,70.8,70.0,70.1,70.9,70.4,60.9,70.3,71.2,70.2,69.7,71.0,68.2,66.5,69.4,72.9,68.9,69.8,70.0,71.0,69.3,65.8,67.9,68.6,67.8,66.9,60.4,66.1,60.6,67.7,66.0,64.8,65.0,65.6,62.5,60.1,62.3,62.9,56.2,61.6,60.2,61.1,64.2,59.1,59.7,60.6,64.4,57.9,62.0,60.4,57.5,61.0,61.3,56.9,59.3,55.2,70.7,69.9,71.1,59.9,63.1,63.0,66.1,62.0,57.3,71.0,69.8,70.3,65.7,67.5,62.9,56.7,64.0,66.0,68.4,66.7
4135,70.6,66.4,68.5,68.8,72.8,72.7,73.1,72.4,72.2,72.8,74.0,73.0,73.7,72.0,72.4,73.4,73.0,64.6,73.5,74.1,72.8,72.2,73.5,70.7,69.3,72.3,74.7,71.6,72.1,72.7,73.2,71.8,68.3,70.2,70.4,70.2,71.2,65.1,68.5,67.6,70.9,70.8,67.7,69.6,69.8,68.0,64.9,68.8,71.0,63.6,68.1,64.3,67.9,68.2,61.6,63.8,64.3,68.4,60.9,65.5,63.1,61.0,64.9,68.0,59.6,63.8,60.2,72.8,72.9,73.7,66.9,66.7,67.9,72.7,67.8,64.5,74.1,72.5,72.6,68.4,70.5,65.7,61.9,66.7,68.1,70.9,69.3
4136,75.2,70.4,72.9,73.4,76.2,75.3,76.1,75.4,75.0,75.1,76.9,75.8,76.6,74.6,75.3,76.0,75.9,67.6,76.6,76.9,75.7,75.1,76.4,73.8,73.2,75.5,76.9,74.8,74.6,75.7,75.9,74.6,71.3,72.9,72.8,72.7,75.3,69.2,72.3,72.3,74.1,75.2,71.8,73.5,74.2,73.1,70.2,73.3,77.5,70.5,75.6,68.7,74.5,72.2,65.2,67.7,68.6,72.0,64.4,68.4,65.8,65.1,68.2,73.5,62.8,67.5,64.2,75.2,76.0,76.3,73.3,71.7,72.6,77.7,72.4,70.1,77.2,75.2,75.2,72.5,74.0,69.4,66.2,69.5,71.1,73.8,72.0
4137,79.4,74.2,76.6,78.0,79.4,78.0,79.1,78.5,77.5,77.4,79.3,78.6,79.1,76.9,78.2,78.6,78.8,70.6,79.2,79.4,78.4,77.8,79.1,76.9,77.0,78.6,79.1,77.7,77.1,78.2,78.4,77.1,74.2,75.7,75.1,75.2,79.0,73.1,76.3,76.2,77.6,79.0,75.8,77.2,78.3,77.2,75.5,77.0,82.3,76.0,80.2,73.3,80.7,75.6,69.6,70.8,72.8,75.5,67.8,71.3,68.9,69.1,71.5,77.7,66.4,70.7,68.1,77.5,78.5,78.8,79.1,76.4,77.1,81.2,76.2,75.0,79.8,77.5,77.9,76.5,77.4,73.3,68.9,71.9,73.8,76.5,74.6
4138,83.0,77.8,79.9,81.8,82.3,80.8,81.7,81.2,79.7,79.4,81.6,81.0,81.4,79.1,80.6,80.6,81.2,73.6,81.3,81.4,80.8,79.7,81.4,79.8,80.3,81.6,81.2,80.1,79.2,80.4,80.9,79.0,76.9,78.1,77.4,77.5,82.6,76.4,80.0,79.7,80.9,82.1,79.4,80.7,82.1,80.6,80.2,80.1,86.0,80.2,83.4,77.3,85.4,78.7,73.3,73.6,75.9,78.6,71.0,73.5,71.7,72.4,74.1,80.7,69.9,73.8,71.6,79.8,80.5,81.0,82.9,80.4,80.8,84.2,79.3,78.7,82.1,79.3,80.3,80.1,80.6,76.9,71.5,73.9,76.5,78.8,76.9
4139,86.1,80.5,82.4,85.0,84.8,82.8,83.9,83.6,81.6,81.1,83.5,82.9,83.3,81.0,82.8,82.2,83.1,76.2,82.9,83.1,82.8,81.5,83.2,82.4,83.2,84.2,83.0,82.3,81.1,82.3,82.9,80.9,79.4,80.1,79.3,79.3,85.2,79.3,83.1,82.6,83.8,84.5,82.5,83.8,85.4,83.4,83.8,82.6,89.3,83.6,85.7,80.7,89.0,81.0,76.2,75.6,78.3,81.2,74.0,75.4,74.5,75.2,76.7,83.4,73.3,76.3,75.1,81.4,82.2,82.9,86.0,83.7,84.0,86.8,82.1,81.8,83.6,80.8,82.2,83.0,83.5,79.9,74.0,75.5,78.8,80.8,79.0
4140,88.8,82.4,84.3,87.6,87.0,84.9,86.0,85.5,82.9,82.6,85.0,84.5,84.6,82.3,84.7,83.6,84.7,78.3,84.4,84.2,84.5,83.0,84.7,84.5,85.8,86.3,84.1,84.1,82.8,83.6,84.6,82.3,81.3,82.0,80.8,81.0,87.5,81.1,85.7,85.1,86.6,86.3,84.9,86.6,88.0,85.2,86.6,84.8,91.8,86.0,87.4,83.3,91.4,83.2,78.3,77.3,80.3,83.0,76.5,77.0,76.6,77.6,78.9,85.6,76.5,78.1,78.2,82.7,83.6,84.3,88.2,86.4,86.8,88.9,84.6,84.0,84.9,82.0,83.6,85.4,85.7,82.5,76.2,76.8,80.7,82.4,80.7
4141,90.6,83.3,85.5,89.5,88.6,86.4,87.5,87.0,83.9,83.8,85.9,85.6,85.6,83.3,86.1,84.5,85.9,80.1,85.4,85.1,85.8,83.8,85.8,86.0,87.6,88.2,85.4,85.3,84.0,84.6,85.9,83.3,82.9,83.5,82.4,82.5,89.0,81.9,87.7,86.5,88.7,87.7,87.1,88.5,90.1,86.1,88.6,86.4,93.6,87.8,88.6,85.2,93.0,84.7,79.9,78.7,81.7,84.5,78.6,78.2,78.1,79.6,80.6,87.4,79.2,79.5,80.5,83.8,84.6,85.5,89.8,88.7,89.1,90.7,86.6,85.5,85.7,82.9,84.7,87.7,87.6,84.6,78.0,77.5,82.3,83.4,82.3
4142,91.9,84.0,86.2,91.0,90.0,87.6,88.7,87.8,84.4,84.7,86.2,86.1,86.2,84.1,87.3,85.3,87.0,81.5,85.9,85.6,86.6,84.4,86.5,87.1,89.0,89.4,86.3,86.0,84.8,85.3,86.9,83.7,83.9,84.6,83.6,83.4,90.3,82.5,89.1,87.5,90.4,88.2,88.8,89.8,91.5,86.5,89.9,87.4,94.5,89.0,89.3,86.1,94.1,85.8,81.1,79.8,82.9,85.7,80.5,79.1,79.3,81.5,82.1,88.7,81.3,80.5,82.3,84.7,85.0,86.0,90.5,90.4,89.8,91.9,88.1,86.6,86.4,83.5,85.6,89.2,88.8,86.0,79.6,77.9,83.5,84.2,83.2
4143,92.2,83.6,86.4,92.0,90.5,88.3,89.2,88.4,84.5,85.0,86.3,86.3,86.2,84.4,87.7,85.3,87.3,82.3,85.9,85.6,87.2,85.0,87.0,87.6,90.0,89.9,86.7,86.6,85.2,85.7,87.3,83.8,84.7,85.3,84.1,84.2,90.6,82.4,90.0,87.7,90.9,88.3,89.6,90.5,91.7,86.2,90.6,87.7,94.6,89.6,89.3,86.2,94.5,86.2,81.8,80.3,83.5,86.3,81.6,79.8,79.8,82.7,83.0,89.4,82.5,81.0,83.4,85.0,85.1,86.1,90.8,91.3,89.5,92.4,88.9,86.9,86.3,83.7,85.9,90.1,89.5,87.1,80.4,77.7,84.2,84.6,83.8
4144,91.3,82.7,85.8,92.2,90.6,88.5,89.3,88.0,84.2,84.9,86.1,86.2,85.7,84.4,87.7,84.9,87.2,82.4,85.6,85.0,87.0,84.6,87.1,87.6,89.8,90.0,86.5,86.5,85.1,85.2,87.3,83.2,84.6,85.5,84.4,84.3,90.3,81.7,89.9,86.9,90.9,87.4,89.7,90.5,90.8,85.3,90.0,87.4,94.1,89.4,89.0,85.7,94.1,85.6,82.1,80.6,83.8,86.5,82.4,79.9,79.7,83.6,83.5,89.4,82.9,81.0,83.1,85.0,84.9,85.6,90.3,91.3,88.6,92.2,89.0,86.8,85.8,83.2,85.5,90.0,89.7,87.3,80.6,77.1,84.4,84.4,83.9
4145,89.4,81.1,84.0,91.6,89.7,87.9,88.7,87.5,83.4,84.3,85.1,85.6,84.7,83.8,87.1,84.3,86.4,81.9,84.9,84.0,86.4,84.0,86.4,86.8,88.9,89.4,86.0,85.8,84.5,84.4,86.6,82.3,84.0,84.8,84.0,84.0,88.7,80.1,89.3,85.8,90.3,85.1,89.0,89.8,88.9,83.7,89.3,86.5,92.8,89.0,88.1,84.3,93.2,84.0,81.9,80.1,83.7,86.1,82.6,79.6,79.2,83.5,82.9,88.4,82.3,80.1,81.5,84.5,84.1,84.7,89.3,90.6,87.4,91.8,88.1,85.8,84.7,82.2,84.7,89.2,89.1,86.5,80.2,75.9,83.7,83.9,83.6
4146,86.3,78.3,81.2,90.0,88.1,86.7,87.1,85.8,82.0,83.0,83.6,84.6,83.2,82.7,85.6,83.0,85.0,80.3,83.3,82.4,85.0,82.8,85.1,85.3,87.0,87.7,84.9,84.4,83.4,82.9,85.4,80.8,82.6,83.3,82.8,82.7,85.9,77.5,87.8,83.7,88.8,82.6,87.1,88.4,86.5,81.3,87.8,84.8,90.4,87.5,86.8,82.4,91.4,80.7,81.0,78.9,82.8,85.0,82.0,78.3,77.9,82.9,81.4,86.6,80.6,78.4,78.9,83.4,82.6,83.1,87.3,89.2,85.4,90.7,85.9,84.3,83.1,81.1,83.5,87.7,87.4,84.6,78.8,74.5,82.7,82.8,82.3
4147,81.4,74.4,75.9,87.1,85.8,84.3,84.8,83.3,79.4,80.6,81.0,82.7,80.4,80.9,82.9,80.7,82.5,76.8,80.4,79.4,82.6,80.3,82.5,82.6,84.0,85.1,83.1,81.8,81.3,80.6,83.1,77.9,80.4,81.1,81.1,80.6,81.0,73.6,85.4,80.2,86.5,77.7,84.3,85.7,82.2,77.4,85.3,81.3,85.5,85.3,84.6,79.6,88.5,76.0,79.0,76.5,81.0,83.1,80.7,75.8,75.6,81.5,78.5,83.4,77.6,75.2,75.2,81.5,79.9,80.8,84.5,86.2,81.6,88.7,82.0,81.4,80.1,78.7,81.2,84.8,84.5,81.8,76.5,72.4,80.8,80.7,80.2
4148,76.9,70.4,71.4,82.7,82.4,81.4,81.9,79.5,76.3,77.8,78.0,79.5,76.9,78.4,79.8,77.7,78.3,71.4,77.1,76.3,79.0,77.0,78.7,78.5,79.6,80.8,81.2,78.1,78.1,77.6,80.0,74.4,76.7,78.1,78.0,77.2,76.7,69.7,81.2,75.0,83.5,72.6,79.5,80.1,78.1,73.1,80.2,76.0,80.3,79.6,80.4,76.1,83.2,71.7,75.4,72.6,76.6,78.9,78.0,71.4,72.2,77.5,73.6,78.0,73.3,71.0,69.8,79.1,76.7,77.7,79.3,81.1,77.1,83.2,76.5,75.5,76.7,75.5,77.9,80.1,79.9,77.6,70.5,70.0,77.4,77.6,76.2
4149,74.4,67.9,69.0,78.5,79.2,79.2,79.5,76.8,74.7,76.2,76.1,77.1,75.2,76.2,77.6,76.0,75.7,67.9,75.4,74.4,76.6,75.1,76.6,76.0,76.2,77.8,79.6,75.8,76.0,75.6,77.8,72.9,73.6,75.9,75.6,74.3,74.3,67.6,77.5,71.6,80.7,70.6,75.8,75.9,75.6,70.2,76.2,73.1,77.0,72.6,76.2,73.8,78.4,69.4,71.5,69.3,72.2,75.3,74.3,68.6,68.9,71.8,69.2,74.2,69.8,67.5,66.4,77.3,74.8,75.7,75.9,76.8,73.6,78.8,73.1,71.2,75.2,73.6,75.9,76.1,76.6,74.0,64.2,68.2,74.7,75.2,73.2
4150,72.3,66.2,67.1,76.2,77.3,77.5,77.7,75.5,73.4,74.9,74.6,75.7,74.2,74.8,76.0,74.8,74.5,65.5,73.6,73.3,75.2,73.8,75.2,74.4,74.1,76.1,78.3,74.3,74.4,74.4,76.5,72.1,72.0,73.9,74.0,72.8,72.3,65.7,75.3,69.6,78.4,68.9,74.0,73.5,73.4,67.9,72.5,70.6,74.1,69.5,73.2,71.7,75.2,67.8,69.8,66.6,69.7,72.9,70.8,67.0,67.0,68.6,66.4,71.7,67.4,64.9,64.1,76.0,73.6,74.6,73.2,74.3,70.9,76.6,70.2,68.9,73.8,72.5,74.5,74.0,74.7,71.7,62.5,66.8,72.9,73.7,71.4
4151,70.7,64.6,65.7,74.6,75.8,76.2,76.3,74.0,72.5,74.0,73.5,74.5,73.1,73.9,74.8,73.9,73.3,63.3,72.6,72.4,74.3,72.7,74.2,73.3,72.5,74.6,77.2,73.0,73.2,73.3,75.2,71.2,70.6,72.5,72.7,71.6,71.0,64.1,73.5,67.8,76.2,67.4,72.0,72.2,71.9,66.1,69.3,68.1,71.2,67.5,70.7,69.5,72.7,66.5,68.2,64.2,68.2,71.1,68.0,65.3,65.2,66.3,64.3,68.7,65.5,63.0,61.9,74.9,72.6,73.5,71.1,72.4,68.9,74.5,67.1,66.9,72.6,71.4,73.6,72.4,73.4,69.8,61.5,65.9,71.3,72.5,70.1
4152,69.1,63.4,64.4,72.7,74.5,75.1,75.1,73.1,71.8,72.9,72.5,73.4,72.0,72.8,73.8,72.9,72.4,61.8,71.6,71.6,73.2,71.7,73.3,72.2,71.1,73.4,76.0,72.0,72.2,72.3,74.2,70.3,69.5,71.4,71.6,70.7,69.7,62.8,72.1,65.9,74.3,66.3,70.5,70.7,70.4,64.7,67.1,65.7,68.2,65.8,69.1,67.2,70.8,65.3,66.6,62.4,66.6,69.4,65.8,64.2,63.5,64.4,62.9,65.6,63.5,61.4,59.9,74.0,71.8,72.7,69.0,70.6,67.2,72.8,64.3,64.9,71.8,70.6,72.6,71.0,72.3,68.4,60.6,64.9,70.3,71.3,69.0
4153,67.5,62.0,63.3,71.3,73.4,73.8,73.9,72.1,70.9,72.0,71.6,72.5,71.2,71.8,72.7,72.2,71.5,60.3,70.7,71.0,72.2,70.9,72.7,71.0,70.0,72.5,75.0,71.1,71.4,71.3,73.3,69.5,68.0,70.4,70.8,69.6,68.4,61.6,70.9,64.1,72.8,65.4,69.3,69.4,68.7,63.5,64.7,63.7,64.9,63.4,67.4,64.9,68.8,64.3,65.1,60.6,64.9,68.3,63.9,62.9,62.0,63.1,61.4,63.1,61.5,59.7,57.9,72.9,71.0,71.7,67.0,69.1,65.4,71.4,61.9,63.2,71.2,69.9,71.7,69.6,71.3,67.2,60.0,64.1,68.9,70.6,68.1
4154,66.0,61.1,62.4,69.8,72.5,72.8,73.0,71.4,70.2,71.3,70.9,71.7,70.6,71.0,71.9,71.4,70.7,59.0,70.0,70.3,71.5,70.3,72.0,70.0,69.0,71.7,74.1,70.4,70.7,70.7,72.5,68.8,67.2,69.3,70.0,68.8,67.4,60.5,69.8,62.3,71.3,64.5,68.1,67.8,66.8,62.6,62.9,61.8,62.3,61.1,65.7,62.7,66.5,63.3,63.7,59.2,63.6,66.7,62.1,61.5,60.7,61.9,59.6,60.7,59.8,58.0,56.1,72.0,70.2,71.0,65.0,67.5,63.5,69.6,59.6,61.4,70.4,69.3,70.9,68.6,70.1,65.9,59.2,63.3,67.8,69.8,67.3
4155,64.7,60.1,61.3,68.5,71.6,72.0,72.2,70.6,69.5,70.6,70.1,71.1,69.9,70.3,71.3,70.8,70.3,57.6,69.3,69.7,70.7,69.6,71.3,69.3,68.1,70.7,73.5,69.8,70.0,70.1,71.8,68.2,66.3,68.5,69.2,68.3,66.3,59.4,68.7,61.0,69.5,63.5,67.0,66.1,65.6,61.4,61.1,60.1,59.9,58.8,64.2,60.9,64.2,62.5,62.2,57.8,62.1,65.6,60.7,60.4,59.5,60.9,58.2,58.4,58.0,56.5,54.2,71.3,69.5,70.3,63.0,66.2,61.7,67.7,57.5,59.4,69.8,68.6,70.2,67.5,69.2,64.8,58.6,62.6,67.0,69.0,66.5
4156,63.2,59.3,60.3,67.4,71.0,71.4,71.2,69.5,68.8,69.9,69.6,70.4,69.3,69.9,70.5,70.2,69.7,56.4,68.9,69.3,70.1,69.1,70.6,68.7,67.5,69.9,72.8,69.0,69.2,69.5,71.1,67.9,65.8,67.8,68.6,67.5,65.3,58.3,67.9,58.9,68.0,62.9,66.0,64.8,64.3,60.3,59.6,58.4,58.1,57.5,63.1,59.5,62.3,61.5,61.0,56.4,61.1,64.7,59.3,59.1,58.4,59.6,57.0,56.6,56.6,54.8,52.7,70.7,69.0,69.6,61.2,65.1,60.2,66.0,55.4,57.8,69.3,68.1,69.8,66.6,68.4,63.9,57.3,62.2,66.3,68.3,65.9
4157,62.2,58.8,59.9,66.4,70.2,70.7,70.7,69.1,68.3,69.5,69.3,69.8,68.9,69.3,69.9,69.7,69.3,56.7,68.5,69.1,69.4,68.7,70.1,68.0,66.9,69.2,72.4,68.5,68.5,69.1,70.5,67.4,65.1,67.1,68.1,66.9,64.6,57.9,66.9,57.7,67.0,62.7,65.2,63.2,62.9,59.5,58.1,57.9,56.6,55.5,62.0,58.3,60.4,61.4,59.9,57.0,60.4,63.8,58.2,59.6,58.9,58.3,57.1,55.6,55.5,55.1,51.2,70.2,68.5,69.2,59.4,63.9,59.2,64.5,55.1,56.7,69.0,67.9,69.3,65.8,67.7,63.0,56.0,62.4,65.8,67.7,65.4
4158,66.1,62.2,63.5,65.9,70.4,70.8,70.9,70.0,69.5,70.5,71.2,70.7,70.9,70.0,70.2,70.9,70.3,61.3,70.3,71.3,70.2,69.7,71.0,68.2,66.7,69.5,73.0,68.9,69.8,70.0,71.1,69.3,65.8,68.0,68.7,67.9,67.0,60.8,66.3,60.9,68.0,66.3,65.0,65.5,66.0,62.8,60.6,62.6,63.1,56.7,62.0,60.6,61.6,64.4,59.6,60.3,61.2,65.1,58.3,62.6,61.0,58.1,61.4,61.5,57.2,59.9,55.5,70.7,69.9,71.2,60.4,63.4,63.4,66.6,62.2,57.7,71.1,69.8,70.2,65.9,67.7,63.0,57.1,64.5,66.0,68.4,66.7
4159,70.9,66.7,68.7,69.0,73.0,72.8,73.2,72.4,72.2,72.8,74.1,73.0,73.8,72.1,72.5,73.5,73.1,65.1,73.6,74.1,72.9,72.2,73.6,70.7,69.5,72.4,74.7,71.7,72.1,72.8,73.3,71.9,68.3,70.3,70.6,70.3,71.3,65.3,68.6,67.8,71.1,71.0,67.8,70.0,70.2,68.3,65.4,69.2,71.2,64.0,68.4,64.6,68.4,68.4,62.1,64.4,64.9,69.0,61.4,66.0,63.7,61.6,65.4,68.4,60.0,64.4,60.5,72.8,73.0,73.8,67.2,66.9,68.2,73.1,68.1,64.9,74.2,72.5,72.7,68.6,70.7,65.8,62.3,67.3,68.2,70.9,69.3
4160,75.5,70.7,73.2,73.8,76.3,75.4,76.2,75.4,75.0,75.2,76.9,75.8,76.7,74.7,75.4,76.2,76.0,68.1,76.6,77.0,75.8,75.1,76.5,73.9,73.4,75.7,77.0,74.9,74.6,75.9,76.0,74.7,71.3,73.1,72.9,72.9,75.4,69.5,72.5,72.5,74.3,75.4,72.1,73.9,74.5,73.4,70.7,73.7,77.7,70.7,75.8,69.1,74.9,72.5,65.6,68.3,69.1,72.5,64.9,69.1,66.4,65.7,68.8,73.9,63.2,68.0,64.6,75.2,76.0,76.3,73.6,72.0,72.9,78.1,72.7,70.3,77.2,75.2,75.3,72.7,74.2,69.6,66.6,70.1,71.2,73.9,72.1
4161,79.5,74.5,76.9,78.4,79.5,78.2,79.3,78.7,77.5,77.5,79.3,78.6,79.1,77.0,78.3,78.7,78.9,71.1,79.2,79.4,78.5,77.8,79.2,77.0,77.2,78.8,79.3,77.9,77.1,78.3,78.5,77.2,74.4,75.9,75.3,75.4,79.1,73.4,76.5,76.4,77.8,79.3,76.1,77.5,78.6,77.4,75.9,77.3,82.5,76.3,80.3,73.7,81.0,75.9,70.0,71.4,73.2,75.9,68.4,71.8,69.6,69.8,72.1,78.2,66.9,71.3,68.5,77.6,78.5,78.7,79.2,76.6,77.4,81.6,76.6,75.3,79.9,77.4,78.0,76.8,77.6,73.5,69.4,72.5,73.9,76.6,74.7
4162,83.2,78.1,80.2,82.1,82.5,81.0,81.9,81.3,79.7,79.5,81.6,81.0,81.4,79.2,80.9,80.6,81.3,74.1,81.3,81.4,80.9,79.8,81.5,80.0,80.5,81.8,81.3,80.3,79.2,80.5,81.0,79.0,77.0,78.3,77.6,77.7,82.7,76.6,80.2,79.8,80.9,82.3,79.7,81.0,82.3,80.7,80.4,80.4,86.2,80.5,83.6,77.7,85.6,79.0,73.7,74.2,76.3,79.0,71.6,74.1,72.5,73.1,74.7,81.2,70.3,74.5,72.0,79.8,80.6,80.8,83.1,80.5,81.1,84.5,79.7,79.0,82.1,79.3,80.3,80.4,80.8,77.1,72.0,74.4,76.6,79.0,77.0
4163,86.3,80.8,82.6,85.2,85.0,83.1,84.2,83.8,81.5,81.3,83.4,82.8,83.2,81.1,83.0,82.2,83.2,76.7,82.9,83.0,82.9,81.6,83.4,82.7,83.5,84.4,83.1,82.4,81.2,82.3,83.0,81.0,79.4,80.4,79.4,79.4,85.3,79.5,83.2,82.7,83.9,84.7,82.7,84.1,85.6,83.6,84.1,82.9,89.6,83.7,85.9,81.1,89.2,81.3,76.5,76.2,78.7,81.4,74.6,76.0,75.3,75.8,77.3,83.9,73.8,77.0,75.6,81.5,82.3,82.6,86.1,83.8,84.3,87.1,82.5,82.1,83.6,80.8,82.3,83.2,83.7,80.1,74.4,76.1,78.9,80.9,79.1
4164,88.9,82.7,84.5,87.8,87.2,85.0,86.2,85.7,82.8,82.7,84.8,84.5,84.4,82.4,84.9,83.6,84.8,78.9,84.2,84.0,84.6,83.0,84.9,84.7,86.0,86.5,84.3,84.2,82.8,83.8,84.7,82.3,81.4,82.2,80.9,81.2,87.5,81.3,85.8,85.2,86.6,86.5,85.1,86.9,88.2,85.3,86.9,85.1,92.1,86.3,87.6,83.7,91.5,83.5,78.8,77.9,80.7,83.3,77.2,77.7,77.4,78.4,79.4,86.0,77.0,78.8,78.7,82.8,83.7,84.0,88.3,86.5,87.1,89.2,85.0,84.4,84.9,81.9,83.7,85.7,85.9,82.7,76.6,77.4,80.8,82.5,80.8
4165,90.7,83.6,85.6,89.7,88.8,86.7,87.8,87.2,83.8,83.9,85.7,85.4,85.4,83.4,86.4,84.5,86.0,80.7,85.3,85.0,86.0,83.8,86.0,86.3,87.9,88.2,85.5,85.5,84.0,84.7,86.0,83.3,82.9,83.7,82.5,82.5,89.0,82.1,87.8,86.7,88.7,87.8,87.3,88.7,90.3,86.2,88.9,86.8,93.9,88.0,88.8,85.7,93.2,85.0,80.3,79.4,82.0,84.7,79.3,78.8,78.9,80.4,81.2,87.9,79.8,80.2,81.2,83.9,84.6,85.3,89.8,88.7,89.3,90.9,87.0,85.7,85.7,82.8,84.8,87.9,87.9,84.8,78.5,78.1,82.3,83.4,82.3
4166,92.0,84.4,86.3,91.1,90.2,87.8,89.0,87.9,84.2,84.7,86.1,86.0,86.0,84.2,87.5,85.3,87.1,82.1,85.7,85.5,86.8,84.4,86.8,87.3,89.2,89.5,86.3,86.2,84.9,85.4,87.0,83.7,84.0,84.7,83.7,83.5,90.3,82.8,89.2,87.7,90.4,88.3,89.0,90.0,91.7,86.6,90.2,87.8,94.8,89.2,89.5,86.7,94.2,86.0,81.5,80.4,83.3,85.9,81.3,79.8,80.1,82.2,82.7,89.3,82.0,81.2,83.0,84.9,85.1,85.8,90.6,90.4,90.0,92.1,88.6,86.7,86.3,83.3,85.7,89.4,89.0,86.2,80.0,78.4,83.5,84.4,83.3
4167,92.3,84.0,86.5,92.1,90.6,88.5,89.4,88.5,84.4,85.0,86.1,86.3,86.0,84.6,87.9,85.3,87.4,82.9,85.7,85.6,87.3,85.1,87.3,87.7,90.2,90.1,86.7,86.7,85.2,85.7,87.4,83.8,84.8,85.4,84.1,84.2,90.6,82.7,90.0,87.8,91.0,88.4,89.8,90.7,91.8,86.3,90.8,88.0,94.9,89.8,89.5,86.8,94.7,86.3,82.2,81.0,83.9,86.5,82.4,80.6,80.6,83.5,83.6,89.9,83.2,81.7,84.1,85.2,85.2,85.9,90.9,91.3,89.7,92.6,89.3,87.0,86.3,83.6,86.1,90.2,89.8,87.2,80.9,78.2,84.3,84.7,83.8
4168,91.4,82.9,85.8,92.2,90.7,88.6,89.5,88.2,84.1,84.9,86.0,86.2,85.6,84.5,87.8,85.0,87.3,83.0,85.4,85.0,87.0,84.7,87.4,87.7,90.0,90.3,86.6,86.6,85.2,85.4,87.3,83.3,84.6,85.5,84.3,84.3,90.3,81.9,90.0,87.0,91.0,87.4,89.9,90.8,90.9,85.3,90.2,87.8,94.4,89.5,89.2,86.3,94.3,85.7,82.5,81.3,84.2,86.8,83.1,80.7,80.5,84.4,84.1,90.0,83.7,81.8,83.8,85.1,85.0,85.3,90.4,91.3,88.7,92.4,89.5,86.9,85.7,83.1,85.6,90.2,89.9,87.5,81.2,77.6,84.4,84.6,83.9
4169,89.2,81.2,83.9,91.6,89.9,88.1,88.8,87.7,83.4,84.4,84.9,85.6,84.6,83.9,87.3,84.4,86.4,82.5,84.7,84.0,86.5,84.1,86.6,86.9,89.0,89.6,86.1,86.0,84.6,84.5,86.7,82.3,83.9,84.8,83.9,84.0,88.8,80.2,89.4,85.9,90.4,85.1,89.2,89.9,89.0,83.8,89.5,86.8,93.2,89.1,88.3,84.9,93.3,84.0,82.3,80.9,84.1,86.3,83.5,80.3,80.0,84.4,83.4,89.0,83.0,80.9,82.3,84.6,84.2,84.5,89.3,90.6,87.5,92.1,88.7,86.0,84.7,82.1,84.8,89.4,89.4,86.7,80.8,76.4,83.7,84.0,83.5
4170,86.1,78.4,81.3,90.0,88.5,86.7,87.3,86.0,82.0,83.1,83.5,84.5,83.1,82.8,85.8,83.1,85.1,80.9,83.1,82.3,85.1,82.9,85.4,85.4,87.2,88.1,85.1,84.6,83.5,83.1,85.5,80.8,82.6,83.3,82.8,82.6,85.9,77.6,87.9,83.7,88.8,82.6,87.3,88.6,86.6,81.4,88.0,85.1,90.8,87.7,87.0,83.0,91.6,80.8,81.4,79.6,83.2,85.3,82.9,79.0,78.7,83.8,81.9,87.3,81.4,79.1,79.8,83.5,82.7,82.9,87.4,89.2,85.4,90.9,86.5,84.5,83.0,80.9,83.6,87.9,87.8,84.7,79.5,74.9,82.7,82.8,82.2
4171,81.3,74.6,76.1,87.1,86.1,84.4,84.9,83.5,79.4,80.6,80.9,82.7,80.4,81.0,83.2,80.8,82.5,77.4,80.3,79.3,82.7,80.4,82.7,82.8,84.2,85.4,83.3,82.1,81.3,80.7,83.2,77.9,80.4,81.1,81.0,80.5,81.0,73.7,85.4,80.3,86.6,77.7,84.4,85.9,82.3,77.4,85.5,81.6,85.9,85.5,84.9,80.1,88.8,76.1,79.4,77.2,81.4,83.4,81.6,76.5,76.4,82.3,79.1,84.1,78.3,75.8,75.9,81.6,80.0,80.6,84.6,86.3,81.7,88.8,82.5,81.7,80.0,78.5,81.3,84.9,84.8,82.0,77.2,72.9,80.8,80.7,80.2
4172,76.8,70.5,71.5,82.7,82.5,81.6,82.1,79.6,76.2,77.8,78.0,79.5,76.9,78.4,80.0,77.7,78.3,71.9,77.1,76.2,79.2,77.0,78.9,78.7,79.7,81.1,81.3,78.3,78.0,77.7,80.1,74.4,76.7,78.1,78.0,77.1,76.8,69.9,81.2,75.1,83.5,72.7,79.7,80.2,78.2,73.0,80.5,76.3,80.8,79.7,80.7,76.7,83.5,71.8,75.7,73.3,77.0,79.2,78.8,72.1,72.8,78.3,74.2,78.4,73.9,71.7,70.6,79.1,76.8,77.6,79.5,81.1,77.3,83.2,76.9,75.8,76.6,75.3,78.0,80.2,80.1,77.8,71.0,70.4,77.4,77.5,76.1
4173,74.4,68.1,69.1,78.4,79.4,79.4,79.6,76.9,74.6,76.2,76.1,77.0,75.2,76.3,77.7,75.9,75.7,68.3,75.4,74.3,76.7,75.1,76.7,76.1,76.3,78.0,79.7,75.9,75.9,75.6,77.8,72.8,73.5,75.9,75.5,74.4,74.3,67.7,77.6,71.8,80.8,70.5,75.8,76.1,75.7,70.2,76.5,73.5,77.4,72.7,76.6,74.3,78.8,69.4,71.9,69.8,72.7,75.6,75.0,69.2,69.5,72.5,69.7,74.7,70.5,68.0,67.1,77.3,74.9,75.8,76.1,76.9,73.8,79.0,73.5,71.4,75.1,73.6,76.0,76.3,76.7,74.1,64.7,68.7,74.6,75.2,73.1
4174,72.3,66.3,67.1,76.2,77.4,77.7,77.9,75.6,73.4,74.8,74.6,75.7,74.1,74.9,76.1,74.8,74.5,65.9,73.7,73.3,75.4,73.8,75.3,74.5,74.1,76.2,78.3,74.4,74.3,74.3,76.6,72.1,71.9,74.0,74.0,72.9,72.4,65.8,75.6,69.7,78.5,68.9,73.9,73.5,73.5,67.9,72.7,70.9,74.5,69.7,73.5,72.1,75.6,67.8,70.1,67.1,70.2,73.2,71.6,67.7,67.6,69.3,66.9,72.1,67.9,65.3,64.8,76.0,73.6,74.6,73.5,74.2,71.1,76.8,70.5,69.0,73.8,72.4,74.6,74.1,74.8,71.8,63.1,67.4,72.8,73.7,71.3
4175,70.7,64.7,65.8,74.5,75.8,76.3,76.4,74.0,72.5,74.0,73.6,74.5,73.1,73.9,74.8,73.8,73.3,63.7,72.7,72.4,74.4,72.7,74.3,73.4,72.4,74.6,77.2,73.1,73.1,73.3,75.3,71.1,70.6,72.6,72.8,71.6,71.2,64.2,73.7,67.9,76.5,67.4,71.9,72.3,72.0,66.1,69.6,68.4,71.5,67.8,71.0,69.9,73.2,66.4,68.6,64.8,68.6,71.4,68.7,65.8,65.7,66.9,64.8,69.0,66.1,63.5,62.5,74.9,72.6,73.6,71.4,72.4,69.1,74.5,67.3,66.9,72.6,71.3,73.6,72.6,73.4,69.9,62.2,66.5,71.2,72.5,70.0
4176,69.1,63.6,64.5,72.7,74.5,75.1,75.2,73.0,71.7,72.9,72.6,73.4,72.1,73.0,73.9,72.9,72.3,62.2,71.7,71.6,73.2,71.7,73.5,72.3,71.1,73.4,76.0,72.0,72.1,72.3,74.2,70.3,69.5,71.4,71.6,70.7,69.9,63.0,72.2,65.9,74.4,66.3,70.4,70.7,70.4,64.7,67.3,66.0,68.6,65.9,69.4,67.6,71.2,65.3,67.0,62.9,67.1,69.7,66.4,64.6,64.1,65.0,63.3,65.9,64.0,61.8,60.6,73.9,71.9,72.8,69.3,70.6,67.5,72.8,64.6,65.1,71.8,70.5,72.6,71.1,72.3,68.4,61.3,65.4,70.2,71.3,68.8
4177,67.6,62.2,63.4,71.2,73.4,73.9,74.0,72.0,70.9,72.0,71.7,72.4,71.3,71.8,72.7,72.1,71.4,60.7,70.8,71.0,72.2,70.9,72.7,71.1,69.9,72.5,75.0,71.1,71.4,71.4,73.3,69.5,68.0,70.4,70.8,69.5,68.5,61.7,70.9,64.2,72.8,65.5,69.2,69.4,68.7,63.5,65.0,64.0,65.2,63.5,67.7,65.3,69.1,64.3,65.5,61.0,65.4,68.8,64.5,63.4,62.4,63.7,61.8,63.5,62.0,60.1,58.5,72.8,71.0,71.8,67.2,69.2,65.7,71.3,62.2,63.2,71.2,69.9,71.7,69.7,71.2,67.3,60.6,64.6,68.8,70.6,68.0
4178,66.0,61.3,62.4,69.7,72.5,72.9,73.0,71.2,70.1,71.2,71.0,71.6,70.7,71.0,71.9,71.4,70.7,59.4,70.1,70.3,71.4,70.2,72.1,70.1,68.9,71.7,74.1,70.4,70.6,70.7,72.4,68.9,67.1,69.4,70.0,68.7,67.5,60.7,69.9,62.4,71.4,64.5,68.0,67.8,66.8,62.6,63.2,62.1,62.6,61.2,66.0,63.1,66.9,63.3,64.2,59.6,64.1,67.2,62.7,62.0,61.1,62.5,59.9,61.1,60.3,58.4,56.7,72.0,70.3,71.1,65.2,67.5,63.7,69.6,59.9,61.4,70.5,69.2,70.9,68.7,70.1,65.9,59.7,63.8,67.8,69.8,67.2
4179,64.6,60.3,61.4,68.5,71.6,72.0,72.1,70.4,69.4,70.5,70.2,71.0,70.0,70.3,71.2,70.8,70.2,58.0,69.4,69.7,70.7,69.5,71.4,69.3,68.0,70.7,73.4,69.7,69.9,70.1,71.8,68.3,66.3,68.5,69.2,68.2,66.4,59.6,68.6,61.1,69.8,63.6,66.9,66.0,65.6,61.4,61.5,60.3,60.2,58.9,64.5,61.3,64.6,62.4,62.7,58.1,62.6,66.1,61.2,60.9,59.9,61.4,58.4,58.8,58.5,57.0,54.7,71.2,69.6,70.4,63.3,66.1,62.0,67.6,57.8,59.5,69.9,68.6,70.2,67.6,69.1,64.8,59.1,63.1,67.0,68.9,66.4
4180,63.1,59.4,60.3,67.3,70.9,71.3,71.2,69.4,68.8,69.7,69.7,70.3,69.4,69.8,70.5,70.2,69.6,56.8,69.0,69.3,70.1,69.1,70.6,68.6,67.3,69.9,72.8,68.9,69.1,69.5,71.0,67.9,65.7,67.7,68.5,67.5,65.4,58.5,67.7,59.1,68.3,62.9,65.9,64.8,64.2,60.4,59.8,58.6,58.4,57.6,63.4,59.9,62.6,61.4,61.5,56.8,61.5,65.2,59.9,59.6,58.8,60.1,57.3,56.8,57.1,55.2,53.2,70.5,69.0,69.7,61.4,65.2,60.4,65.9,55.7,57.8,69.4,68.2,69.7,66.7,68.4,63.8,57.8,62.7,66.2,68.2,65.8
4181,62.2,58.9,59.9,66.3,70.2,70.6,70.6,68.9,68.1,69.3,69.3,69.8,69.0,69.3,69.8,69.7,69.2,57.1,68.5,69.1,69.3,68.6,70.1,67.9,66.8,69.2,72.3,68.3,68.5,69.1,70.4,67.4,65.0,67.0,68.0,66.8,64.7,58.0,66.8,57.9,67.4,62.6,65.1,63.2,62.9,59.6,58.4,58.2,56.9,55.6,62.4,58.7,60.8,61.3,60.3,57.4,60.8,64.3,58.8,60.1,59.3,58.8,57.3,55.9,55.9,55.5,51.7,70.1,68.5,69.2,59.7,64.0,59.5,64.5,55.4,56.7,69.0,68.0,69.2,65.8,67.6,62.9,56.4,62.9,65.7,67.6,65.3
4182,66.0,62.3,63.5,65.8,70.4,70.8,70.8,69.9,69.5,70.3,71.3,70.6,70.9,69.9,70.2,70.8,70.2,61.7,70.3,71.3,70.0,69.6,70.9,68.1,66.6,69.5,72.9,68.9,69.6,70.0,71.0,69.3,65.6,67.8,68.6,67.7,66.9,60.9,66.1,61.1,68.2,66.2,64.8,65.5,66.0,62.8,60.9,62.9,63.4,56.7,62.3,61.0,61.9,64.3,59.9,60.7,61.6,65.5,58.9,63.1,61.4,58.7,61.7,61.9,57.6,60.2,56.0,70.6,69.9,71.2,60.6,63.5,63.5,66.7,62.5,57.6,71.1,69.8,70.1,65.9,67.6,62.9,57.6,65.0,65.9,68.3,66.5
4183,70.8,66.8,68.7,69.0,73.0,72.8,73.2,72.4,72.2,72.7,74.0,72.9,73.7,72.0,72.6,73.4,73.0,65.5,73.5,74.1,72.7,72.1,73.6,70.7,69.4,72.4,74.6,71.7,71.9,72.8,73.2,71.8,68.2,70.2,70.5,70.2,71.2,65.4,68.6,68.0,71.3,71.0,67.7,70.0,70.2,68.2,65.6,69.5,71.6,64.0,68.6,65.0,68.7,68.3,62.5,65.0,65.3,69.4,62.0,66.6,64.1,62.2,65.8,68.8,60.4,64.9,61.0,72.8,73.0,73.7,67.4,67.0,68.3,73.1,68.6,64.9,74.1,72.4,72.6,68.7,70.6,65.8,62.8,67.7,68.1,70.8,69.2
4184,75.4,70.8,73.2,73.8,76.3,75.5,76.3,75.4,75.0,75.1,76.9,75.7,76.6,74.6,75.5,76.1,75.9,68.6,76.6,76.9,75.7,75.1,76.5,73.9,73.4,75.8,76.9,75.0,74.5,76.0,76.0,74.6,71.3,73.1,72.9,72.8,75.3,69.6,72.5,72.7,74.5,75.4,72.0,73.9,74.4,73.4,70.9,74.0,78.1,71.0,76.0,69.5,75.2,72.5,66.1,68.8,69.6,73.0,65.5,69.7,66.9,66.3,69.2,74.5,63.6,68.5,65.1,75.1,76.1,76.2,73.8,72.0,73.0,78.2,73.2,70.5,77.0,75.1,75.3,72.8,74.2,69.6,67.1,70.4,71.1,73.7,72.1
4185,79.5,74.7,77.0,78.4,79.6,78.3,79.3,78.7,77.4,77.5,79.3,78.5,79.1,77.0,78.4,78.5,78.9,71.7,79.4,79.3,78.5,77.7,79.3,77.1,77.2,78.9,79.2,77.9,77.0,78.4,78.5,77.1,74.3,75.9,75.3,75.4,79.0,73.5,76.5,76.5,78.0,79.2,76.2,77.6,78.5,77.5,76.1,77.7,82.9,76.6,80.6,74.1,81.2,75.9,70.5,72.0,73.7,76.4,69.0,72.5,70.1,70.3,72.5,78.8,67.4,71.8,69.1,77.5,78.6,78.6,79.4,76.7,77.4,81.6,77.2,75.5,79.7,77.3,77.9,76.8,77.7,73.6,70.0,72.8,73.9,76.5,74.7
4186,83.2,78.2,80.2,82.2,82.5,81.1,82.1,81.4,79.6,79.6,81.5,80.8,81.3,79.1,81.0,80.4,81.4,74.6,81.3,81.3,81.0,79.7,81.6,80.1,80.6,82.0,81.3,80.4,79.2,80.5,81.1,79.0,77.0,78.4,77.6,77.7,82.5,76.7,80.2,80.0,81.1,82.3,79.8,81.0,82.3,80.8,80.6,80.9,86.7,80.8,83.8,78.3,85.8,79.0,74.2,74.8,76.9,79.5,72.3,74.8,73.1,73.7,75.2,81.8,70.8,75.0,72.6,79.7,80.6,80.6,83.2,80.6,81.2,84.5,80.3,79.3,81.9,79.1,80.3,80.5,80.8,77.3,72.7,74.8,76.6,78.9,77.1
4187,86.4,81.0,82.7,85.3,85.1,83.3,84.4,83.9,81.5,81.3,83.4,82.6,83.1,81.1,83.2,82.1,83.3,77.3,82.8,82.8,83.1,81.4,83.5,82.8,83.5,84.6,83.2,82.5,81.1,82.3,83.1,80.9,79.3,80.4,79.5,79.4,85.1,79.6,83.3,82.9,84.0,84.8,82.8,84.2,85.6,83.6,84.3,83.4,90.0,84.3,86.2,81.7,89.4,81.4,77.2,77.0,79.3,82.0,75.4,76.7,76.0,76.5,77.9,84.4,74.4,77.5,76.3,81.5,82.3,82.5,86.3,83.9,84.4,87.1,83.1,82.6,83.5,80.6,82.3,83.3,83.8,80.3,75.2,76.4,78.9,80.9,79.1
4188,88.9,82.9,84.5,87.9,87.2,85.3,86.4,85.8,82.7,82.8,84.7,84.3,84.3,82.5,85.1,83.5,84.9,79.5,84.1,83.9,84.8,82.9,85.0,84.8,86.1,86.6,84.4,84.3,82.8,83.7,84.8,82.2,81.3,82.3,81.0,81.1,87.4,81.6,85.7,85.3,86.7,86.5,85.3,87.0,88.3,85.5,87.1,85.6,92.6,86.8,88.0,84.3,91.8,83.5,79.4,78.7,81.3,83.9,78.0,78.5,78.2,79.1,80.0,86.7,77.6,79.3,79.4,82.8,83.6,83.9,88.5,86.6,87.2,89.3,85.6,84.9,84.8,81.9,83.8,85.8,86.0,82.8,77.5,77.7,80.8,82.5,80.9
4189,90.8,83.9,85.7,89.7,88.9,86.9,88.0,87.4,83.7,83.9,85.6,85.3,85.3,83.4,86.6,84.5,86.1,81.3,85.2,84.9,86.1,83.8,86.2,86.3,88.0,88.4,85.6,85.6,83.9,84.6,86.1,83.2,82.8,83.7,82.5,82.4,89.0,82.4,87.7,86.7,88.8,87.8,87.4,88.9,90.4,86.5,89.2,87.3,94.4,88.6,89.2,86.4,93.5,85.1,81.0,80.1,82.7,85.3,80.2,79.6,79.8,81.2,81.7,88.5,80.5,80.8,81.9,84.0,84.5,85.1,90.0,88.8,89.4,91.1,87.6,86.3,85.5,82.7,84.9,88.0,88.0,84.9,79.3,78.4,82.3,83.4,82.3
4190,92.1,84.7,86.5,91.2,90.2,88.0,89.1,88.1,84.1,84.8,86.0,85.7,86.0,84.3,87.7,85.3,87.2,82.8,85.5,85.4,86.9,84.5,86.9,87.3,89.3,89.6,86.4,86.4,84.9,85.3,87.1,83.6,84.0,84.8,83.6,83.4,90.3,83.2,89.2,87.8,90.5,88.5,89.1,90.2,91.7,86.9,90.4,88.3,95.3,89.8,89.9,87.4,94.6,86.2,82.2,81.2,84.0,86.6,82.1,80.6,81.1,83.0,83.2,90.0,82.8,81.9,83.7,85.0,84.9,85.6,90.7,90.5,90.2,92.4,89.2,87.2,86.1,83.3,85.8,89.6,89.1,86.3,80.9,78.8,83.5,84.4,83.1
4191,92.4,84.3,86.6,92.2,90.7,88.6,89.6,88.7,84.3,85.1,86.0,86.1,85.9,84.7,88.1,85.3,87.4,83.6,85.6,85.4,87.4,85.1,87.4,87.8,90.3,90.2,86.8,86.9,85.3,85.7,87.4,83.8,84.7,85.4,84.0,84.1,90.5,83.1,90.0,87.8,91.0,88.6,89.9,91.0,92.1,86.6,91.0,88.6,95.4,90.4,89.8,87.5,95.0,86.6,83.0,81.8,84.7,87.3,83.4,81.3,81.5,84.3,84.2,90.6,84.0,82.4,84.9,85.3,85.0,85.7,91.0,91.4,90.0,92.9,90.0,87.5,86.1,83.5,86.2,90.4,89.9,87.4,81.8,78.6,84.3,84.8,83.7
4192,91.5,83.0,85.9,92.4,90.9,88.8,89.6,88.4,84.1,85.0,85.8,86.0,85.5,84.6,88.0,85.0,87.4,83.7,85.2,84.9,87.2,84.8,87.4,87.9,90.1,90.4,86.7,86.8,85.3,85.3,87.5,83.3,84.5,85.5,84.3,84.2,90.3,82.0,89.9,86.9,91.0,87.6,90.0,91.1,91.2,85.5,90.5,88.4,94.8,90.1,89.5,87.0,94.5,86.0,83.4,82.1,85.0,87.6,84.1,81.5,81.4,85.2,84.8,90.7,84.5,82.5,84.6,85.2,84.9,85.1,90.5,91.5,88.8,92.8,90.1,87.3,85.5,82.9,85.7,90.3,90.1,87.6,82.1,77.8,84.4,84.6,83.8
4193,89.6,81.3,84.1,91.8,90.1,88.2,89.0,87.9,83.4,84.4,84.7,85.5,84.5,84.0,87.4,84.4,86.6,83.2,84.5,83.9,86.7,84.2,86.8,87.1,89.2,89.8,86.2,86.1,84.7,84.6,86.9,82.4,84.0,84.8,83.8,83.9,88.7,80.3,89.3,85.7,90.4,85.3,89.4,90.3,89.2,84.0,89.8,87.3,93.6,89.7,88.5,85.5,93.5,84.4,83.2,81.7,85.0,87.2,84.5,81.1,80.9,85.3,84.1,89.8,83.9,81.6,83.1,84.7,84.2,84.4,89.5,90.8,87.6,92.4,89.3,86.4,84.4,81.9,84.9,89.5,89.5,86.8,81.6,76.7,83.8,84.1,83.4
4194,86.4,78.6,81.5,90.3,88.7,86.9,87.4,86.1,82.0,83.2,83.3,84.4,83.0,82.9,86.0,83.2,85.2,81.6,82.9,82.2,85.3,83.0,85.5,85.5,87.5,88.1,85.2,84.8,83.5,83.1,85.7,80.8,82.6,83.2,82.6,82.5,85.8,77.7,87.8,83.6,88.8,82.8,87.4,88.9,86.8,81.5,88.2,85.6,91.2,88.2,87.2,83.6,91.9,81.0,82.3,80.5,84.0,86.2,83.9,79.9,79.6,84.7,82.6,88.1,82.3,79.8,80.5,83.6,82.8,82.7,87.5,89.4,85.4,91.3,87.1,84.9,82.7,80.7,83.7,88.0,87.8,84.9,80.4,75.2,82.7,82.8,82.2
4195,81.5,74.8,76.4,87.4,86.3,84.6,85.1,83.6,79.5,80.7,80.8,82.6,80.3,81.1,83.3,80.9,82.6,78.1,80.1,79.1,82.8,80.5,82.9,82.9,84.5,85.5,83.4,82.2,81.3,80.8,83.3,77.9,80.4,81.0,81.0,80.4,81.0,73.9,85.5,80.2,86.5,77.9,84.6,86.1,82.5,77.5,85.7,82.1,86.4,86.0,85.1,80.7,89.1,76.3,80.3,78.0,82.2,84.2,82.5,77.3,77.2,83.1,79.7,84.9,79.1,76.5,76.7,81.7,80.0,80.4,84.6,86.6,81.8,89.1,83.1,82.1,79.8,78.3,81.4,85.1,85.0,82.2,78.0,73.2,80.7,80.6,80.1
4196,76.9,70.7,71.8,83.0,82.6,81.7,82.2,79.7,76.2,77.8,77.8,79.4,76.7,78.5,80.1,77.7,78.3,72.4,76.9,76.0,79.2,77.0,78.9,78.7,79.9,81.1,81.4,78.3,77.9,77.6,80.2,74.3,76.7,78.2,77.9,76.9,76.8,70.0,81.4,75.1,83.4,72.9,80.0,80.4,78.4,73.2,80.7,76.8,81.2,80.3,80.9,77.3,83.9,72.0,76.5,73.9,77.8,79.9,79.7,72.8,73.6,79.1,74.6,79.1,74.6,72.2,71.3,79.2,76.7,77.4,79.6,81.4,77.4,83.5,77.5,76.3,76.4,75.1,78.0,80.3,80.3,77.9,71.8,70.8,77.4,77.5,76.1
4197,74.6,68.3,69.4,78.7,79.5,79.4,79.6,76.9,74.5,76.3,75.9,76.9,75.1,76.3,77.7,75.9,75.6,68.7,75.2,74.2,76.7,75.0,76.6,76.1,76.6,78.1,79.8,76.0,75.8,75.5,77.8,72.8,73.5,75.9,75.5,74.2,74.3,67.9,77.7,71.9,80.8,70.8,76.1,76.3,75.8,70.5,76.7,73.9,77.9,73.2,76.8,74.9,79.1,69.6,72.6,70.4,73.3,76.3,75.8,69.9,70.2,73.3,70.1,75.4,71.2,68.5,67.8,77.3,74.8,75.6,76.3,77.2,74.1,79.2,74.1,71.8,74.9,73.5,76.0,76.4,76.7,74.2,65.6,69.1,74.6,75.1,73.0
4198,72.6,66.6,67.3,76.5,77.5,77.8,78.0,75.5,73.3,74.7,74.4,75.6,74.0,74.9,76.2,74.7,74.4,66.2,73.5,73.1,75.3,73.7,75.3,74.5,74.3,76.3,78.4,74.4,74.3,74.3,76.5,72.0,71.8,74.0,74.0,72.8,72.5,66.1,75.8,69.7,78.5,69.1,74.1,73.7,73.7,68.2,73.0,71.4,75.0,70.3,73.8,72.7,76.0,68.0,70.9,67.6,70.9,74.0,72.3,68.3,68.3,70.0,67.2,72.8,68.6,65.9,65.4,76.0,73.5,74.4,73.8,74.5,71.3,77.0,71.2,69.5,73.6,72.3,74.6,74.2,74.9,72.0,64.0,67.7,72.8,73.6,71.2
4199,71.0,65.0,66.0,74.8,75.9,76.5,76.5,74.0,72.4,74.0,73.4,74.4,73.0,73.9,74.9,73.7,73.2,64.1,72.5,72.2,74.3,72.6,74.3,73.4,72.6,74.7,77.2,73.0,73.1,73.2,75.3,71.1,70.5,72.5,72.7,71.5,71.2,64.5,73.9,67.9,76.5,67.6,72.0,72.6,72.2,66.4,69.8,68.8,72.0,68.2,71.3,70.5,73.6,66.6,69.4,65.3,69.3,72.1,69.4,66.4,66.2,67.5,65.1,69.6,66.7,63.9,63.2,74.9,72.6,73.4,71.6,72.6,69.4,74.7,68.0,67.4,72.5,71.2,73.5,72.6,73.4,70.1,63.0,66.8,71.2,72.5,69.9
4200,69.5,63.8,64.7,72.9,74.6,75.2,75.2,73.0,71.6,72.8,72.4,73.3,72.0,73.0,73.9,72.8,72.3,62.5,71.5,71.4,73.3,71.6,73.4,72.2,71.2,73.5,76.0,71.9,72.1,72.2,74.3,70.2,69.3,71.3,71.6,70.6,69.9,63.2,72.4,66.0,74.6,66.5,70.6,70.9,70.6,65.0,67.5,66.5,68.9,66.3,69.6,68.2,71.5,65.4,67.8,63.3,67.9,70.4,67.1,65.2,64.6,65.7,63.6,66.4,64.6,62.2,61.1,74.0,71.8,72.6,69.6,70.8,67.7,73.0,65.3,65.5,71.6,70.4,72.6,71.1,72.3,68.5,62.0,65.8,70.1,71.3,68.7
4201,67.9,62.5,63.6,71.3,73.4,74.0,74.0,72.0,70.9,71.9,71.6,72.3,71.2,71.8,72.7,72.1,71.4,61.0,70.7,70.8,72.3,70.8,72.6,71.1,70.0,72.5,75.0,71.0,71.3,71.3,73.3,69.5,67.8,70.3,70.8,69.5,68.6,61.9,71.1,64.4,73.0,65.7,69.3,69.6,68.8,63.7,65.2,64.5,65.6,64.0,68.0,65.9,69.5,64.4,66.3,61.4,66.2,69.5,65.1,64.0,62.8,64.3,62.1,64.1,62.6,60.5,59.0,72.8,70.9,71.6,67.6,69.4,65.9,71.5,62.8,63.8,71.0,69.8,71.6,69.7,71.2,67.3,61.3,65.0,68.7,70.6,67.9
4202,66.3,61.5,62.7,69.8,72.4,72.9,73.0,71.1,70.0,71.3,70.8,71.5,70.5,71.0,71.9,71.3,70.6,59.6,69.9,70.2,71.5,70.1,72.0,70.1,69.0,71.6,74.2,70.3,70.6,70.6,72.4,68.8,67.0,69.3,69.9,68.6,67.6,60.9,70.0,62.6,71.6,64.7,68.1,68.0,67.1,62.8,63.4,62.5,62.9,61.7,66.3,63.7,67.3,63.4,64.9,60.0,64.9,67.9,63.3,62.6,61.6,63.1,60.2,61.7,60.8,58.7,57.2,72.0,70.2,70.9,65.6,67.9,63.9,70.0,60.5,61.9,70.3,69.1,70.7,68.7,70.1,66.1,60.4,64.2,67.7,69.7,67.1
4203,64.9,60.6,61.6,68.6,71.5,72.0,72.2,70.4,69.3,70.5,70.0,70.9,69.8,70.3,71.2,70.7,70.1,58.2,69.3,69.6,70.6,69.4,71.2,69.3,68.1,70.6,73.5,69.6,69.9,70.0,71.8,68.2,66.2,68.4,69.1,68.1,66.6,59.9,68.8,61.4,70.0,63.8,67.0,66.3,65.8,61.7,61.7,60.8,60.5,59.4,64.9,62.0,65.0,62.5,63.5,58.5,63.3,66.8,61.8,61.4,60.2,62.0,58.6,59.2,59.0,57.3,55.1,71.2,69.5,70.2,63.6,66.5,62.2,68.0,58.4,59.8,69.7,68.5,70.1,67.6,69.1,64.9,59.7,63.6,67.0,68.8,66.3
4204,63.4,59.7,60.6,67.5,70.9,71.3,71.1,69.3,68.6,69.7,69.6,70.1,69.3,69.8,70.4,70.1,69.6,56.9,68.9,69.2,70.0,68.9,70.5,68.6,67.4,69.8,72.8,68.8,69.0,69.4,71.0,67.8,65.5,67.6,68.5,67.3,65.6,58.7,67.9,59.5,68.6,63.1,66.0,65.1,64.5,60.6,60.1,59.1,58.7,58.0,63.9,60.4,63.1,61.5,62.2,57.1,62.2,66.0,60.5,60.1,59.1,60.7,57.5,57.4,57.6,55.5,53.7,70.5,69.0,69.5,61.8,65.5,60.7,66.4,56.3,58.3,69.2,68.1,69.6,66.8,68.4,64.0,58.5,63.1,66.1,68.1,65.7
4205,62.4,59.1,60.1,66.5,70.2,70.6,70.6,68.7,68.0,69.2,69.1,69.6,68.9,69.2,69.8,69.6,69.1,57.3,68.4,69.0,69.2,68.4,70.0,67.8,66.8,69.1,72.3,68.2,68.3,69.0,70.3,67.3,64.9,66.9,68.0,66.7,64.8,58.2,66.9,58.2,67.6,62.8,65.3,63.5,63.1,59.7,58.8,58.6,57.1,56.1,62.7,59.2,61.3,61.2,60.9,57.7,61.5,65.1,59.4,60.5,59.7,59.4,57.6,56.3,56.4,55.7,52.1,70.0,68.4,69.1,60.1,64.3,59.8,64.9,55.9,57.2,68.9,67.8,69.1,65.9,67.6,63.0,57.1,63.3,65.6,67.5,65.1
4206,66.1,62.5,63.7,66.0,70.4,70.7,70.8,69.7,69.4,70.2,71.2,70.5,70.8,69.8,70.1,70.7,70.0,62.1,70.2,71.1,69.9,69.4,70.8,68.0,66.7,69.3,72.8,68.8,69.5,69.9,70.9,69.2,65.5,67.8,68.5,67.6,67.0,61.1,66.3,61.3,68.4,66.2,65.0,65.7,66.1,62.9,61.2,63.3,63.7,57.2,62.7,61.5,62.4,64.4,60.6,61.0,62.3,66.2,59.5,63.4,61.9,59.2,62.1,62.4,58.1,60.5,56.3,70.5,69.9,70.9,61.0,63.8,63.7,67.1,63.1,58.0,71.0,69.6,69.9,65.9,67.6,63.0,58.2,65.4,65.8,68.2,66.4
4207,70.8,67.0,68.8,69.2,72.9,72.8,73.2,72.3,72.2,72.6,74.0,72.8,73.6,71.9,72.5,73.3,72.9,66.0,73.4,74.0,72.7,72.0,73.5,70.6,69.4,72.3,74.6,71.6,71.8,72.8,73.1,71.7,68.1,70.1,70.4,70.1,71.2,65.5,68.7,68.0,71.5,71.0,67.7,70.2,70.3,68.2,65.9,70.1,71.9,64.5,68.8,65.6,69.0,68.3,63.3,65.4,66.1,70.2,62.7,67.0,64.6,62.7,66.2,69.6,60.9,65.1,61.4,72.7,73.0,73.5,67.7,67.2,68.4,73.5,69.2,65.2,74.0,72.3,72.5,68.6,70.6,65.8,63.5,68.0,68.0,70.7,69.0
4208,75.4,71.0,73.2,73.9,76.2,75.4,76.3,75.3,75.0,75.0,76.8,75.7,76.5,74.6,75.5,76.1,75.9,69.0,76.4,76.8,75.7,75.0,76.5,73.8,73.4,75.7,76.8,75.0,74.4,76.0,75.9,74.6,71.2,72.9,72.7,72.6,75.2,69.7,72.6,72.7,74.7,75.4,72.1,74.1,74.3,73.3,71.1,74.7,78.5,71.5,76.2,70.1,75.4,72.5,66.8,69.3,70.3,73.7,66.3,70.2,67.5,66.9,69.6,75.2,64.1,68.8,65.6,75.1,76.1,76.0,74.0,72.2,72.9,78.5,74.0,70.9,77.0,75.0,75.2,72.7,74.1,69.6,67.8,70.7,71.0,73.6,71.9
4209,79.5,74.8,76.9,78.5,79.5,78.3,79.4,78.6,77.5,77.3,79.2,78.5,79.0,76.9,78.4,78.6,78.8,72.1,79.3,79.1,78.5,77.7,79.3,76.9,77.1,78.8,79.1,77.9,76.9,78.4,78.4,77.1,74.3,75.7,75.1,75.2,78.8,73.6,76.5,76.5,78.1,79.2,76.1,77.9,78.4,77.3,76.3,78.3,83.3,77.2,80.8,74.7,81.4,75.9,71.3,72.5,74.6,77.2,69.8,72.9,70.7,71.0,72.9,79.6,67.9,72.1,69.7,77.5,78.6,78.4,79.5,76.8,77.3,82.0,77.9,76.0,79.7,77.1,77.9,76.7,77.5,73.5,70.7,73.1,73.8,76.3,74.5
4210,83.2,78.3,80.1,82.3,82.4,81.1,82.1,81.3,79.7,79.4,81.4,80.8,81.2,79.1,81.1,80.5,81.3,75.1,81.2,81.1,81.0,79.6,81.7,79.9,80.6,81.9,81.2,80.3,79.0,80.6,81.0,79.1,76.9,78.2,77.4,77.4,82.3,76.8,80.2,80.0,81.2,82.3,79.7,81.4,82.2,80.6,80.8,81.5,87.2,81.4,84.0,79.0,86.0,79.1,75.1,75.4,77.8,80.4,73.1,75.3,73.8,74.4,75.6,82.6,71.4,75.4,73.2,79.6,80.7,80.5,83.4,80.6,81.1,84.9,81.0,79.9,81.9,79.0,80.3,80.4,80.7,77.2,73.4,75.1,76.5,78.7,76.9
4211,86.4,81.1,82.6,85.4,84.9,83.4,84.5,83.7,81.6,81.2,83.3,82.6,83.0,81.1,83.3,82.1,83.2,77.8,82.7,82.6,83.0,81.4,83.5,82.5,83.5,84.5,83.0,82.5,80.9,82.4,83.0,81.1,79.2,80.1,79.2,79.2,84.9,79.8,83.2,82.9,84.1,84.6,82.8,84.6,85.4,83.4,84.4,84.1,90.5,84.8,86.4,82.4,89.6,81.4,78.1,77.5,80.3,82.9,76.3,77.3,76.7,77.2,78.3,85.3,75.0,77.9,76.9,81.3,82.3,82.4,86.4,83.9,84.3,87.5,83.8,83.1,83.4,80.5,82.3,83.3,83.5,80.3,75.9,76.7,78.7,80.6,79.0
4212,89.0,83.1,84.6,88.0,87.1,85.3,86.5,85.6,82.8,82.6,84.7,84.2,84.3,82.4,85.1,83.5,84.8,80.0,84.1,83.7,84.7,82.8,85.1,84.5,86.1,86.5,84.2,84.2,82.5,83.8,84.7,82.3,81.1,82.0,80.7,80.8,87.1,81.7,85.7,85.4,86.8,86.3,85.3,87.3,88.2,85.2,87.4,86.3,93.1,87.4,88.2,85.1,92.0,83.6,80.3,79.3,82.3,84.8,78.9,79.1,79.0,79.8,80.5,87.6,78.2,79.9,80.1,82.6,83.7,83.8,88.6,86.5,87.1,89.6,86.3,85.4,84.7,81.8,83.7,85.7,85.9,82.8,78.3,77.9,80.6,82.2,80.7
4213,90.8,84.2,85.8,89.8,88.7,87.0,88.1,87.1,83.7,83.6,85.6,85.1,85.3,83.4,86.6,84.4,86.0,81.9,85.1,84.6,86.0,83.6,86.3,86.0,88.0,88.3,85.4,85.6,83.7,84.7,86.0,83.2,82.6,83.4,82.2,82.1,88.7,82.7,87.6,86.8,88.9,87.6,87.5,89.2,90.4,86.2,89.5,87.9,94.8,89.2,89.4,87.1,93.7,85.3,81.9,80.7,83.7,86.3,81.2,80.2,80.6,82.0,82.3,89.4,81.2,81.3,82.6,83.8,84.6,85.0,90.1,88.7,89.2,91.5,88.3,86.9,85.5,82.6,84.8,88.0,87.9,84.9,80.1,78.5,82.1,83.2,82.1
4214,91.9,84.8,86.6,91.2,90.1,88.0,89.2,87.9,84.2,84.5,86.1,85.6,86.0,84.2,87.7,85.2,87.1,83.5,85.5,85.2,86.8,84.4,87.0,87.1,89.4,89.6,86.2,86.4,84.6,85.4,86.9,83.6,83.7,84.5,83.3,83.1,90.1,83.4,88.9,87.8,90.6,88.2,89.2,90.4,91.7,86.6,90.7,89.0,95.7,90.4,90.1,88.2,94.7,86.3,83.2,81.8,85.0,87.5,83.1,81.2,81.9,83.7,83.9,90.9,83.4,82.5,84.5,84.9,85.1,85.5,90.8,90.4,90.0,92.8,89.9,87.7,86.2,83.2,85.7,89.6,89.0,86.4,81.7,78.9,83.3,84.1,82.9
4215,92.2,84.5,86.7,92.2,90.6,88.6,89.6,88.5,84.4,84.9,86.0,86.0,85.9,84.6,88.1,85.2,87.2,84.3,85.7,85.3,87.3,85.0,87.6,87.6,90.2,90.1,86.6,86.8,85.0,85.8,87.3,83.8,84.4,85.1,83.8,83.8,90.2,83.3,89.7,87.8,91.1,88.3,90.0,91.3,91.9,86.2,91.2,89.2,95.9,90.9,90.0,88.2,95.1,86.7,83.9,82.4,85.5,88.2,84.3,81.9,82.4,85.1,84.9,91.5,84.7,83.1,85.6,85.2,85.2,85.6,91.0,91.3,89.9,93.3,90.7,87.9,86.1,83.4,86.0,90.4,89.8,87.5,82.7,78.8,84.1,84.6,83.4
4216,91.3,83.3,86.0,92.4,90.8,88.8,89.6,88.2,84.1,84.8,85.8,85.9,85.4,84.5,88.0,84.9,87.2,84.5,85.3,84.8,87.0,84.8,87.5,87.7,90.1,90.3,86.5,86.7,85.1,85.5,87.3,83.3,84.2,85.2,84.0,83.9,90.0,82.2,89.8,86.9,91.0,87.3,90.0,91.4,91.0,85.1,90.8,88.9,95.3,90.7,89.7,87.6,94.6,86.1,84.3,82.7,85.9,88.5,85.1,82.1,82.3,86.0,85.5,91.6,85.1,83.1,85.3,85.2,85.0,85.0,90.5,91.4,88.8,93.2,90.8,87.7,85.5,82.9,85.6,90.4,90.0,87.7,82.9,78.1,84.2,84.4,83.5
4217,89.4,81.6,84.3,91.8,90.0,88.1,88.9,87.6,83.3,84.3,84.7,85.3,84.4,83.9,87.4,84.4,86.4,84.0,84.5,83.7,86.5,84.1,86.9,86.9,89.2,89.7,86.1,85.9,84.5,84.7,86.7,82.4,83.7,84.4,83.5,83.5,88.5,80.5,89.1,85.5,90.3,85.0,89.5,90.5,89.2,83.6,89.9,87.9,94.0,90.3,88.7,86.0,93.5,84.3,84.1,82.4,85.8,88.0,85.3,81.8,81.8,86.1,84.8,90.6,84.6,82.3,83.7,84.6,84.3,84.2,89.3,90.7,87.3,92.9,90.0,86.8,84.4,81.8,84.9,89.7,89.4,87.0,82.4,77.0,83.6,83.8,83.1
4218,86.3,78.7,81.6,90.2,88.6,86.8,87.3,86.0,82.0,83.0,83.3,84.3,82.9,82.8,86.0,83.2,85.0,82.4,82.9,82.0,85.1,83.0,85.6,85.3,87.6,88.0,85.1,84.7,83.3,83.2,85.5,80.9,82.3,83.0,82.3,82.2,85.7,77.8,87.7,83.3,88.6,82.5,87.5,89.2,86.6,81.1,88.3,86.0,91.6,88.8,87.2,84.1,91.9,81.0,83.2,81.1,84.9,87.1,84.7,80.5,80.5,85.4,83.4,88.8,83.0,80.5,81.1,83.5,82.9,82.6,87.5,89.3,85.2,91.7,87.9,85.3,82.7,80.6,83.6,88.2,87.8,85.1,81.2,75.5,82.6,82.5,81.9
4219,81.6,74.9,76.6,87.3,86.2,84.5,85.1,83.4,79.5,80.5,80.7,82.5,80.1,81.1,83.3,80.9,82.4,78.8,80.1,79.0,82.7,80.4,82.9,82.8,84.6,85.4,83.3,82.1,81.1,80.8,83.3,77.9,80.1,80.8,80.7,80.1,80.9,73.9,85.4,79.9,86.3,77.8,84.6,86.4,82.4,77.3,85.7,82.6,86.9,86.5,85.1,81.2,89.1,76.3,81.1,78.6,83.1,85.0,83.4,78.0,78.0,83.7,80.4,85.5,79.8,77.2,77.3,81.6,80.1,80.2,84.5,86.5,81.7,89.7,83.8,82.5,79.8,78.2,81.3,85.2,85.0,82.2,78.8,73.4,80.6,80.4,79.9
4220,77.1,70.8,71.9,82.8,82.6,81.6,82.1,79.5,76.3,77.6,77.7,79.3,76.6,78.4,79.9,77.7,78.1,73.0,76.9,75.9,79.2,77.0,78.9,78.5,80.0,80.9,81.2,78.3,77.7,77.6,80.0,74.3,76.5,77.9,77.7,76.6,76.8,70.2,81.3,75.1,83.1,72.9,80.1,80.7,78.4,73.1,80.9,77.3,81.7,80.9,81.1,77.7,84.1,72.0,77.4,74.6,78.7,80.8,80.5,73.4,74.4,79.8,75.2,79.9,75.3,72.8,72.0,79.0,76.7,77.1,79.6,81.4,77.5,84.1,78.3,76.7,76.4,74.9,77.9,80.4,80.3,78.0,72.5,71.1,77.2,77.3,75.9
4221,74.7,68.4,69.4,78.5,79.4,79.3,79.6,76.7,74.6,76.1,75.7,76.8,74.9,76.2,77.6,75.9,75.4,69.2,75.1,74.0,76.6,74.9,76.5,76.0,76.6,78.0,79.7,75.9,75.5,75.4,77.7,72.8,73.4,75.7,75.3,73.8,74.3,68.0,77.7,72.0,80.5,70.7,76.2,76.6,75.9,70.5,76.9,74.3,78.4,73.7,77.1,75.3,79.4,69.7,73.5,71.0,74.2,77.2,76.4,70.5,70.9,73.9,70.6,76.2,71.8,68.9,68.5,77.3,74.7,75.3,76.4,77.1,74.2,79.8,74.8,72.2,74.8,73.3,76.0,76.4,76.7,74.3,66.1,69.3,74.5,74.9,72.7
4222,72.7,66.8,67.3,76.3,77.4,77.7,77.9,75.3,73.3,74.6,74.2,75.5,73.8,74.8,76.1,74.7,74.2,66.7,73.4,73.0,75.2,73.7,75.3,74.3,74.4,76.2,78.3,74.3,74.1,74.2,76.4,72.0,71.8,73.8,73.8,72.4,72.6,66.3,75.7,69.7,78.4,69.0,74.1,74.1,73.8,68.3,73.3,71.9,75.4,70.9,74.1,73.1,76.3,68.1,71.7,68.3,71.8,74.9,73.0,68.9,68.9,70.7,67.8,73.6,69.2,66.4,66.1,75.9,73.5,74.1,74.1,74.6,71.6,77.5,71.9,69.9,73.5,72.1,74.5,74.2,74.8,72.1,64.6,68.0,72.7,73.4,70.9
4223,71.1,65.3,66.0,74.7,75.8,76.4,76.4,73.8,72.4,73.8,73.3,74.3,72.7,73.8,74.8,73.6,72.9,64.6,72.4,72.1,74.1,72.5,74.2,73.2,72.6,74.5,77.1,72.9,72.8,73.1,75.1,71.0,70.5,72.3,72.5,71.2,71.3,64.7,73.7,68.0,76.6,67.6,72.1,73.1,72.2,66.6,70.2,69.4,72.4,68.7,71.6,70.9,74.1,66.7,70.1,65.8,70.2,73.0,70.1,67.0,66.9,68.2,65.7,70.4,67.3,64.4,63.9,74.8,72.5,73.0,71.9,72.6,69.6,75.2,68.7,67.9,72.3,71.0,73.4,72.5,73.4,70.1,63.8,67.1,71.1,72.3,69.6
4224,69.6,63.9,64.8,72.9,74.5,75.2,75.1,72.8,71.6,72.6,72.3,73.1,71.7,72.8,73.9,72.6,72.0,63.0,71.4,71.3,73.1,71.5,73.2,72.0,71.3,73.4,75.9,71.8,71.8,72.2,74.1,70.1,69.3,71.1,71.4,70.4,69.9,63.4,72.3,66.1,74.7,66.5,70.5,71.4,70.6,65.2,67.9,67.0,69.2,66.9,70.0,68.6,72.0,65.5,68.5,63.8,68.7,71.2,67.8,65.8,65.2,66.3,64.0,67.2,65.2,62.7,61.7,73.8,71.6,72.2,69.9,70.8,67.8,73.4,66.0,66.1,71.5,70.2,72.4,71.1,72.3,68.5,62.8,66.1,70.1,71.0,68.5
4225,68.0,62.7,63.6,71.3,73.4,73.9,74.0,71.8,70.8,71.8,71.5,72.2,70.9,71.7,72.7,71.9,71.2,61.4,70.6,70.6,72.1,70.6,72.4,71.0,70.0,72.5,74.9,70.9,71.0,71.3,73.2,69.4,67.9,70.2,70.6,69.2,68.7,62.2,71.0,64.6,73.1,65.7,69.3,70.0,68.9,63.9,65.6,64.9,65.9,64.4,68.4,66.3,69.9,64.6,67.0,61.9,67.0,70.2,65.8,64.6,63.4,65.0,62.7,64.8,63.2,60.9,59.5,72.8,70.8,71.4,68.0,69.4,66.1,72.0,63.4,64.3,70.9,69.5,71.5,69.7,71.2,67.4,62.0,65.2,68.7,70.3,67.7
4226,66.5,61.7,62.8,69.9,72.4,72.9,73.0,71.0,70.0,71.2,70.7,71.4,70.2,70.9,71.8,71.2,70.4,60.1,69.9,70.0,71.2,70.0,71.8,70.0,69.0,71.6,74.1,70.1,70.3,70.5,72.2,68.7,67.1,69.2,69.7,68.3,67.7,61.2,70.0,62.8,71.7,64.7,68.1,68.5,67.1,63.0,63.9,62.9,63.2,62.2,66.8,64.1,67.7,63.5,65.7,60.3,65.7,68.7,64.0,63.1,62.1,63.7,60.8,62.3,61.3,59.1,57.8,71.9,70.0,70.7,66.0,67.9,64.1,70.5,61.2,62.4,70.1,68.9,70.7,68.6,70.1,66.1,61.1,64.5,67.7,69.4,66.8
4227,65.1,60.9,61.8,68.7,71.5,72.0,72.1,70.2,69.3,70.4,69.9,70.7,69.6,70.2,71.1,70.6,69.9,58.6,69.1,69.4,70.5,69.4,71.1,69.2,68.1,70.5,73.4,69.4,69.6,69.9,71.6,68.1,66.2,68.3,69.0,67.9,66.6,60.1,68.8,61.5,70.2,63.8,67.0,66.7,65.8,61.9,62.2,61.2,60.8,60.0,65.4,62.3,65.6,62.6,64.2,58.8,64.1,67.6,62.4,61.9,60.8,62.6,59.2,59.9,59.5,57.6,55.6,71.1,69.4,70.0,64.1,66.6,62.4,68.6,59.0,60.4,69.6,68.4,70.0,67.5,69.1,65.0,60.4,63.8,67.0,68.6,66.1
4228,63.6,59.9,60.8,67.5,70.7,71.3,71.1,69.2,68.6,69.6,69.4,70.0,69.0,69.7,70.4,69.9,69.3,57.3,68.7,68.9,69.8,68.9,70.4,68.5,67.4,69.8,72.7,68.7,68.8,69.4,70.8,67.7,65.6,67.6,68.3,67.1,65.7,59.0,67.8,59.7,68.8,63.1,66.1,65.5,64.5,60.8,60.6,59.6,59.0,58.6,64.4,60.7,63.6,61.6,62.9,57.5,63.0,66.8,61.2,60.6,59.6,61.3,57.9,58.1,58.1,55.9,54.2,70.4,68.8,69.3,62.3,65.6,60.9,67.0,56.9,58.9,69.1,67.9,69.4,66.7,68.3,64.0,59.1,63.4,66.2,67.9,65.5
4229,62.6,59.3,60.4,66.6,70.0,70.6,70.6,68.6,68.0,69.1,68.9,69.4,68.6,69.1,69.8,69.5,68.9,57.7,68.3,68.8,69.1,68.3,69.8,67.8,66.9,69.1,72.1,68.1,68.1,69.0,70.1,67.2,64.9,66.8,67.8,66.5,64.8,58.4,66.9,58.4,67.9,62.7,65.3,64.0,63.1,59.9,59.4,58.9,57.5,56.8,63.2,59.5,61.9,61.3,61.7,58.0,62.2,65.9,60.0,60.9,60.1,60.1,57.8,56.9,56.9,56.1,52.5,69.8,68.3,68.8,60.6,64.4,60.0,65.5,56.4,57.8,68.7,67.6,69.0,65.8,67.5,63.1,57.7,63.6,65.6,67.4,65.0
4230,66.2,62.7,63.9,66.1,70.3,70.7,70.8,69.5,69.4,70.0,71.1,70.3,70.6,69.7,70.0,70.6,69.8,62.6,70.0,71.0,69.8,69.3,70.7,68.0,66.8,69.3,72.7,68.6,69.3,69.9,70.8,69.1,65.6,67.6,68.4,67.5,67.1,61.3,66.3,61.5,68.7,66.2,65.0,66.1,66.1,63.0,61.6,63.6,64.0,57.8,63.2,61.8,63.0,64.5,61.3,61.5,63.0,67.0,60.1,64.0,62.3,59.8,62.5,62.8,58.6,60.9,56.8,70.4,69.7,70.7,61.4,63.8,63.9,67.6,63.5,58.6,70.9,69.5,69.8,65.8,67.5,63.1,58.8,65.6,65.8,68.0,66.3
4231,71.0,67.3,69.0,69.2,72.8,72.8,73.2,72.1,72.2,72.5,73.9,72.7,73.5,71.8,72.5,73.3,72.7,66.5,73.3,73.8,72.6,72.0,73.4,70.5,69.5,72.3,74.5,71.6,71.6,72.8,73.0,71.7,68.2,70.0,70.3,69.9,71.2,65.8,68.7,68.0,71.6,71.0,67.8,70.6,70.2,68.3,66.2,70.4,72.2,65.1,69.1,65.9,69.5,68.6,63.9,65.9,66.7,70.9,63.3,67.6,65.2,63.3,66.7,70.0,61.4,65.6,62.0,72.6,72.8,73.3,68.0,67.2,68.4,74.0,69.6,65.7,73.9,72.1,72.4,68.6,70.5,65.9,64.0,68.2,68.0,70.5,69.0
4232,75.5,71.3,73.4,73.9,76.1,75.4,76.2,75.1,75.1,74.8,76.7,75.6,76.5,74.5,75.5,76.1,75.8,69.6,76.6,76.7,75.6,75.0,76.4,73.7,73.4,75.6,76.7,74.9,74.2,76.1,75.7,74.6,71.3,72.9,72.7,72.6,75.1,70.0,72.6,72.6,74.7,75.4,72.2,74.5,74.3,73.4,71.4,75.1,78.7,72.0,76.3,70.4,75.8,72.8,67.5,69.9,71.0,74.5,66.8,70.8,68.0,67.6,70.2,75.6,64.6,69.3,66.2,75.0,76.0,75.8,74.2,72.2,72.9,79.0,74.3,71.5,77.0,74.8,75.2,72.8,74.1,69.8,68.4,70.9,71.1,73.5,71.9
4233,79.5,75.2,77.1,78.5,79.4,78.2,79.2,78.4,77.6,77.2,79.2,78.4,78.9,76.9,78.3,78.6,78.7,72.7,79.3,79.1,78.3,77.6,79.2,76.9,77.2,78.7,79.0,77.8,76.8,78.5,78.3,77.2,74.4,75.7,75.1,75.2,78.8,74.0,76.5,76.4,78.0,79.2,76.3,78.3,78.4,77.4,76.5,78.8,83.6,77.7,80.8,75.0,81.6,76.2,72.0,73.2,75.3,78.0,70.4,73.6,71.4,71.6,73.5,79.9,68.3,72.8,70.2,77.4,78.6,78.2,79.6,76.8,77.3,82.5,78.3,76.5,79.6,77.0,77.8,76.8,77.4,73.8,71.3,73.3,73.9,76.1,74.6
4234,83.3,78.8,80.3,82.3,82.3,81.0,82.0,81.1,79.8,79.3,81.4,80.8,81.2,79.0,81.0,80.5,81.1,75.8,81.2,81.0,80.9,79.6,81.6,79.8,80.7,81.8,81.1,80.2,78.9,80.7,80.8,79.2,77.0,78.2,77.4,77.4,82.1,77.2,80.2,79.8,81.1,82.2,79.8,81.9,82.2,80.7,81.0,82.0,87.4,81.9,84.1,79.2,86.1,79.4,75.8,76.1,78.5,81.2,73.7,76.0,74.6,75.1,76.3,83.0,71.9,75.9,73.8,79.5,80.7,80.3,83.5,80.6,81.2,85.4,81.4,80.3,81.9,78.9,80.2,80.5,80.6,77.5,74.0,75.3,76.6,78.5,77.0
4235,86.4,81.6,82.9,85.5,84.8,83.2,84.3,83.5,81.6,81.0,83.3,82.6,83.0,81.0,83.2,82.1,83.0,78.5,82.6,82.5,82.9,81.3,83.4,82.4,83.6,84.5,82.9,82.4,80.7,82.4,82.9,81.1,79.3,80.2,79.2,79.2,84.7,80.2,83.2,82.8,84.0,84.6,82.9,85.0,85.5,83.6,84.5,84.6,90.8,85.3,86.5,82.7,89.7,81.7,78.7,78.2,81.1,83.7,76.9,78.1,77.5,77.9,79.1,85.8,75.5,78.5,77.4,81.2,82.4,82.2,86.5,83.8,84.4,88.0,84.2,83.5,83.4,80.4,82.2,83.4,83.5,80.5,76.5,76.9,78.8,80.4,79.0
4236,89.0,83.7,84.8,87.9,87.0,85.1,86.3,85.4,82.8,82.4,84.7,84.2,84.3,82.3,85.1,83.5,84.6,80.8,84.0,83.7,84.6,82.7,84.9,84.4,86.2,86.5,84.1,84.1,82.3,83.8,84.5,82.4,81.1,82.0,80.7,80.8,87.0,82.3,85.6,85.3,86.7,86.3,85.4,87.8,88.3,85.4,87.5,86.7,93.5,87.9,88.2,85.5,92.1,83.8,81.1,80.1,83.1,85.5,79.6,79.8,79.7,80.5,81.3,88.0,78.8,80.5,80.6,82.5,83.8,83.6,88.6,86.5,87.3,90.2,86.7,85.8,84.7,81.7,83.6,85.9,85.8,83.0,78.9,78.2,80.6,82.1,80.7
4237,90.9,84.7,86.1,89.8,88.8,86.9,88.0,86.9,83.8,83.5,85.6,85.1,85.3,83.2,86.5,84.3,85.9,82.7,85.0,84.5,85.9,83.5,86.1,85.9,88.1,88.3,85.3,85.4,83.5,84.8,85.8,83.2,82.6,83.4,82.1,82.1,88.5,83.2,87.4,86.7,88.8,87.5,87.5,89.7,90.5,86.3,89.6,88.4,95.2,89.6,89.4,87.5,93.8,85.5,82.7,81.5,84.4,87.0,81.9,80.9,81.4,82.7,83.2,89.9,81.7,82.0,83.2,83.7,84.7,84.9,90.1,88.6,89.4,92.0,88.7,87.2,85.5,82.5,84.7,88.1,87.9,85.2,80.8,78.8,82.1,83.1,82.1
4238,92.0,85.3,86.9,91.2,90.0,87.9,89.1,87.9,84.2,84.4,86.0,85.5,85.8,84.1,87.7,85.1,86.9,84.2,85.5,85.1,86.6,84.2,86.9,87.0,89.4,89.4,86.1,86.3,84.5,85.4,86.7,83.6,83.7,84.4,83.3,83.1,89.8,83.8,88.8,87.7,90.5,88.2,89.2,90.9,91.8,86.6,90.9,89.4,96.0,90.8,90.1,88.6,94.9,86.7,83.9,82.6,85.7,88.2,83.9,81.9,82.8,84.5,84.7,91.4,84.0,83.1,85.1,84.7,85.2,85.4,90.8,90.3,90.2,93.3,90.3,88.0,86.0,83.1,85.6,89.7,89.0,86.6,82.4,79.3,83.4,84.0,83.0
4239,92.2,84.9,87.0,92.2,90.6,88.4,89.4,88.5,84.4,84.7,85.9,85.9,85.8,84.4,88.0,85.1,87.1,85.1,85.5,85.2,87.2,84.8,87.5,87.6,90.3,89.9,86.5,86.6,84.9,85.6,87.1,83.8,84.4,85.1,83.9,83.8,90.0,83.6,89.5,87.5,90.9,88.1,89.9,91.7,92.0,86.1,91.3,89.6,96.2,91.3,89.9,88.7,95.0,87.1,84.6,83.2,86.3,88.8,85.1,82.6,83.3,85.9,85.8,92.0,85.4,83.7,86.2,85.0,85.2,85.4,90.9,91.2,90.1,93.8,91.1,88.1,85.9,83.3,85.9,90.6,89.8,87.7,83.4,79.1,84.2,84.4,83.5
4240,91.2,83.5,86.2,92.3,90.8,88.6,89.5,88.1,84.0,84.6,85.6,85.8,85.3,84.3,87.8,84.8,87.0,85.2,85.0,84.7,87.1,84.5,87.4,87.6,90.0,90.1,86.4,86.5,84.9,85.4,87.3,83.3,84.3,85.2,84.0,83.9,89.9,82.3,89.6,86.5,90.8,86.9,90.1,91.9,91.1,85.0,90.9,89.3,95.6,91.1,89.5,88.1,94.4,86.5,84.9,83.4,86.6,89.1,85.9,82.8,83.2,86.9,86.3,92.2,85.7,83.7,85.9,85.0,85.0,84.7,90.4,91.4,88.9,93.7,91.4,87.9,85.3,82.8,85.4,90.7,90.0,87.9,83.6,78.3,84.3,84.2,83.7
4241,89.4,81.8,84.5,91.6,90.0,88.0,88.8,87.5,83.3,84.1,84.5,85.2,84.2,83.7,87.4,84.3,86.3,84.6,84.2,83.6,86.5,83.9,86.7,86.9,89.1,89.5,85.9,85.8,84.3,84.7,86.6,82.4,83.8,84.4,83.6,83.5,88.3,80.6,89.0,85.2,90.1,84.7,89.5,91.0,89.3,83.4,90.1,88.2,94.3,90.6,88.5,86.5,93.3,84.7,84.7,83.1,86.5,88.6,86.2,82.5,82.6,87.0,85.6,91.1,85.2,82.8,84.3,84.4,84.2,84.0,89.2,90.6,87.3,93.3,90.6,87.1,84.3,81.7,84.8,89.8,89.5,87.2,83.2,77.2,83.8,83.7,83.2
4242,86.4,79.0,81.8,90.0,88.6,86.6,87.3,86.0,81.8,82.8,83.1,84.0,82.7,82.6,85.9,83.0,84.9,83.1,82.7,81.9,85.0,82.8,85.5,85.3,87.5,87.9,84.8,84.5,83.0,83.2,85.4,80.9,82.4,83.0,82.4,82.1,85.6,78.1,87.6,83.0,88.3,82.2,87.7,89.5,86.7,80.9,88.3,86.4,91.9,89.1,87.1,84.5,91.7,81.3,83.7,81.8,85.5,87.6,85.5,81.2,81.3,86.3,84.1,89.3,83.5,81.0,81.7,83.3,82.8,82.4,87.3,89.1,85.2,92.1,88.5,85.5,82.6,80.5,83.5,88.3,87.8,85.4,81.9,75.7,82.7,82.4,82.0
4243,81.8,75.3,76.8,87.1,86.2,84.4,85.0,83.4,79.4,80.3,80.5,82.3,80.0,80.9,83.2,80.7,82.3,79.5,79.9,78.9,82.7,80.2,82.8,82.8,84.4,85.3,83.0,82.0,80.9,80.8,83.2,77.9,80.2,80.8,80.7,80.1,80.8,74.3,85.3,79.5,86.0,77.5,84.7,86.8,82.4,77.0,85.7,82.8,87.2,86.8,85.1,81.6,89.0,76.6,81.8,79.3,83.7,85.6,84.2,78.6,78.7,84.5,81.0,86.1,80.3,77.7,77.8,81.4,80.0,80.0,84.3,86.3,81.6,90.2,84.4,82.8,79.7,78.0,81.3,85.3,85.1,82.5,79.5,73.6,80.7,80.3,80.0
4244,77.3,71.1,72.2,82.6,82.5,81.5,82.0,79.4,76.2,77.4,77.5,79.2,76.5,78.3,79.9,77.6,77.9,73.5,76.7,75.6,79.1,76.8,78.8,78.5,80.0,80.8,81.0,78.2,77.5,77.6,79.9,74.2,76.7,78.0,77.7,76.5,76.7,70.5,81.3,74.8,82.9,72.7,80.1,81.2,78.5,73.0,80.9,77.5,82.0,81.2,81.1,78.1,84.0,72.3,77.9,75.1,79.3,81.4,81.3,74.0,75.1,80.6,75.7,80.4,75.8,73.2,72.6,78.8,76.6,76.9,79.5,81.2,77.5,84.4,78.8,76.9,76.3,74.8,77.9,80.6,80.3,78.3,73.1,71.3,77.4,77.2,75.9
4245,74.9,68.8,69.6,78.5,79.4,79.2,79.5,76.5,74.5,76.0,75.5,76.7,74.8,76.1,77.5,75.7,75.2,69.8,74.9,73.8,76.5,74.8,76.5,76.0,76.6,77.9,79.5,75.9,75.4,75.5,77.6,72.7,73.5,75.8,75.3,73.8,74.3,68.3,77.7,71.8,80.3,70.6,76.3,77.1,76.0,70.6,77.2,74.5,78.9,74.2,77.2,75.7,79.3,69.9,74.1,71.5,74.8,77.7,77.2,71.1,71.5,74.6,71.0,76.8,72.3,69.4,69.0,77.1,74.7,75.1,76.4,77.0,74.4,80.2,75.3,72.5,74.7,73.1,75.9,76.6,76.7,74.6,66.7,69.6,74.7,74.8,72.7
4246,72.8,67.1,67.5,76.2,77.4,77.6,77.8,75.1,73.2,74.4,74.1,75.4,73.7,74.7,76.0,74.6,74.0,67.1,73.3,72.8,75.1,73.6,75.2,74.2,74.4,76.1,78.1,74.3,73.9,74.2,76.3,72.0,71.9,73.9,73.9,72.3,72.6,66.6,75.6,69.7,78.2,69.0,74.1,74.6,73.9,68.5,73.7,72.1,75.9,71.4,74.1,73.5,76.3,68.3,72.3,68.8,72.4,75.4,73.7,69.4,69.4,71.4,68.2,74.2,69.7,66.7,66.6,75.8,73.5,73.9,74.2,74.4,71.8,78.0,72.4,70.2,73.4,71.9,74.5,74.3,74.9,72.4,65.2,68.2,72.8,73.3,71.0
4247,71.2,65.6,66.2,74.6,75.8,76.3,76.4,73.7,72.4,73.7,73.2,74.2,72.6,73.7,74.8,73.5,72.8,64.9,72.3,71.9,74.0,72.4,74.2,73.1,72.6,74.5,76.9,72.9,72.7,73.1,75.0,71.0,70.6,72.4,72.6,71.2,71.2,64.9,73.7,67.9,76.5,67.6,72.1,73.5,72.3,66.8,70.7,69.6,72.8,69.4,71.7,71.4,74.2,66.9,70.8,66.2,70.9,73.6,70.7,67.5,67.4,68.9,66.1,71.0,67.7,64.8,64.4,74.7,72.5,72.8,72.0,72.6,69.9,75.7,69.2,68.2,72.3,70.9,73.4,72.6,73.5,70.4,64.4,67.3,71.3,72.2,69.7
4248,69.7,64.3,65.0,72.9,74.5,75.1,75.1,72.7,71.6,72.5,72.2,73.0,71.7,72.8,73.8,72.6,71.9,63.4,71.3,71.1,73.0,71.4,73.2,72.0,71.3,73.4,75.7,71.8,71.7,72.3,74.0,70.1,69.5,71.3,71.5,70.4,69.8,63.7,72.3,66.0,74.7,66.6,70.6,71.8,70.7,65.4,68.4,67.3,69.5,67.4,70.1,69.1,72.2,65.8,69.2,64.1,69.4,71.9,68.4,66.3,65.6,67.1,64.5,67.7,65.6,63.1,62.2,73.8,71.6,72.1,70.1,70.8,68.1,73.9,66.6,66.5,71.4,70.2,72.4,71.2,72.4,68.8,63.3,66.3,70.3,70.9,68.5
4249,68.1,63.0,63.9,71.3,73.3,73.8,74.0,71.7,70.9,71.7,71.4,72.1,70.9,71.7,72.6,71.9,71.1,61.8,70.5,70.5,72.0,70.5,72.4,71.0,70.1,72.4,74.8,70.8,70.9,71.3,73.1,69.4,68.0,70.3,70.6,69.2,68.6,62.5,71.0,64.6,73.1,65.8,69.4,70.4,69.0,64.1,66.1,65.1,66.3,65.0,68.6,66.8,70.3,64.8,67.7,62.2,67.6,70.9,66.4,65.0,63.8,65.7,63.1,65.3,63.6,61.5,60.1,72.7,70.7,71.2,68.2,69.3,66.3,72.3,63.8,64.7,70.8,69.6,71.5,69.8,71.2,67.7,62.6,65.4,68.9,70.3,67.7
4250,66.6,62.1,63.0,70.0,72.3,72.9,73.0,70.9,70.0,71.1,70.7,71.3,70.2,70.9,71.8,71.2,70.3,60.4,69.8,69.9,71.1,70.0,71.8,70.0,69.1,71.6,74.0,70.1,70.2,70.6,72.2,68.8,67.2,69.4,69.8,68.3,67.6,61.5,69.9,62.8,71.8,64.8,68.2,68.9,67.4,63.2,64.3,63.2,63.4,62.8,67.0,64.5,68.1,63.7,66.4,60.7,66.4,69.3,64.6,63.6,62.5,64.4,61.1,62.8,61.7,59.7,58.2,71.8,70.0,70.6,66.4,67.9,64.3,70.9,61.7,62.7,70.1,68.9,70.6,68.7,70.2,66.4,61.6,64.7,67.9,69.4,66.9
4251,65.2,61.2,61.9,68.8,71.5,72.0,72.1,70.2,69.3,70.3,69.9,70.7,69.6,70.1,71.1,70.6,69.8,59.0,69.1,69.3,70.4,69.3,71.1,69.2,68.1,70.5,73.3,69.3,69.5,70.1,71.6,68.2,66.5,68.3,69.1,67.9,66.6,60.4,68.8,61.6,70.2,63.8,67.2,67.1,66.0,62.2,62.7,61.4,61.1,60.5,65.7,62.7,66.0,62.8,64.8,59.0,64.8,68.2,62.9,62.3,61.1,63.3,59.5,60.3,60.0,57.9,56.1,71.0,69.4,69.9,64.4,66.6,62.5,69.0,59.4,60.9,69.6,68.4,69.9,67.7,69.1,65.3,60.9,64.0,67.1,68.5,66.2
4252,63.7,60.3,61.0,67.6,70.7,71.3,71.1,69.1,68.6,69.5,69.4,70.0,69.0,69.6,70.4,69.9,69.3,57.6,68.7,68.9,69.7,68.8,70.4,68.5,67.4,69.7,72.6,68.6,68.7,69.5,70.8,67.8,65.9,67.6,68.4,67.2,65.7,59.3,67.8,59.8,69.0,63.2,66.2,65.8,64.7,61.1,61.1,59.8,59.2,59.1,64.7,61.1,64.0,61.8,63.6,57.8,63.6,67.4,61.7,60.9,59.9,61.9,58.1,58.5,58.4,56.3,54.5,70.3,68.9,69.3,62.7,65.6,61.1,67.4,57.3,59.3,69.2,67.9,69.4,66.8,68.3,64.3,59.7,63.5,66.4,67.8,65.5
4253,62.7,59.6,60.5,66.7,70.1,70.6,70.5,68.5,68.1,69.0,68.9,69.4,68.6,69.0,69.7,69.5,68.8,58.0,68.3,68.8,69.0,68.3,69.8,67.8,66.9,69.1,72.1,68.0,68.0,69.1,70.0,67.3,65.2,66.9,67.9,66.6,64.9,58.7,66.8,58.5,68.1,62.8,65.5,64.3,63.3,60.2,59.9,59.2,57.7,57.5,63.5,59.9,62.4,61.5,62.3,58.2,62.8,66.5,60.5,61.2,60.4,60.6,58.0,57.4,57.3,56.4,52.9,69.8,68.3,68.8,61.0,64.4,60.2,66.0,56.9,58.3,68.8,67.6,68.9,66.0,67.5,63.3,58.2,63.7,65.8,67.3,65.0
4254,66.4,62.9,64.1,66.2,70.3,70.7,70.7,69.4,69.4,70.0,71.1,70.3,70.6,69.6,69.9,70.6,69.7,63.0,70.0,70.9,69.7,69.3,70.6,68.0,66.9,69.3,72.7,68.6,69.2,70.0,70.7,69.1,65.8,67.7,68.5,67.5,67.1,61.6,66.3,61.5,68.8,66.2,65.2,66.5,66.2,63.3,62.0,63.9,64.2,58.4,63.6,62.1,63.4,64.7,62.0,61.8,63.6,67.6,60.5,64.4,62.7,60.3,62.8,63.2,58.9,61.2,57.2,70.3,69.8,70.6,61.7,63.8,64.0,68.1,63.9,58.9,70.9,69.4,69.8,66.0,67.6,63.3,59.4,65.8,66.0,67.9,66.3
4255,71.2,67.6,69.3,69.3,72.8,72.8,73.2,72.0,72.2,72.5,73.9,72.6,73.5,71.7,72.5,73.2,72.6,66.9,73.2,73.8,72.5,71.9,73.3,70.5,69.6,72.2,74.4,71.5,71.5,72.8,72.8,71.7,68.4,70.1,70.4,70.0,71.2,66.1,68.7,67.9,71.5,71.1,68.0,70.9,70.5,68.6,66.6,70.7,72.4,65.5,69.3,66.2,69.8,68.8,64.5,66.2,67.2,71.5,63.7,68.0,65.6,63.9,67.1,70.5,61.7,66.0,62.4,72.6,72.9,73.2,68.2,67.3,68.6,74.3,70.1,66.0,73.9,72.1,72.3,68.8,70.6,66.2,64.6,68.4,68.2,70.4,69.1
4256,75.7,71.6,73.7,74.0,76.1,75.4,76.3,75.1,75.0,74.7,76.7,75.5,76.4,74.4,75.5,76.0,75.6,70.0,76.5,76.6,75.5,74.9,76.4,73.7,73.6,75.5,76.6,74.9,74.1,76.0,75.6,74.6,71.5,73.0,72.7,72.5,75.1,70.3,72.7,72.5,74.6,75.7,72.4,74.9,74.6,73.7,71.7,75.4,78.9,72.4,76.3,70.7,75.9,73.0,68.1,70.3,71.5,75.0,67.4,71.2,68.5,68.2,70.7,76.1,65.0,69.6,66.6,74.8,76.0,75.8,74.3,72.4,73.3,79.3,74.8,71.8,76.9,74.8,75.1,73.0,74.2,70.1,69.0,71.1,71.3,73.4,72.0
4257,79.8,75.5,77.5,78.6,79.4,78.3,79.3,78.3,77.5,77.1,79.1,78.2,78.8,76.8,78.4,78.4,78.6,73.2,79.3,79.0,78.2,77.4,79.1,76.8,77.4,78.8,78.9,77.9,76.7,78.5,78.3,77.1,74.6,75.8,75.1,75.2,78.7,74.3,76.6,76.2,78.0,79.5,76.5,78.7,78.8,77.7,76.7,79.1,83.8,78.1,80.8,75.4,81.7,76.5,72.5,73.6,75.9,78.5,71.0,74.1,71.9,72.3,74.0,80.5,68.7,73.1,70.7,77.3,78.5,78.1,79.7,77.0,77.7,82.8,78.8,76.9,79.6,77.0,77.8,77.1,77.7,74.1,71.9,73.6,74.1,76.1,74.6
4258,83.6,79.2,80.6,82.4,82.4,81.1,82.1,81.1,79.7,79.2,81.3,80.6,81.0,78.9,81.2,80.4,81.0,76.2,81.1,80.9,80.8,79.4,81.5,79.9,80.9,81.9,80.9,80.2,78.9,80.6,80.8,79.2,77.1,78.4,77.4,77.4,82.1,77.5,80.3,79.7,81.0,82.5,80.1,82.2,82.5,81.0,81.1,82.2,87.6,82.3,84.0,79.7,86.1,79.7,76.3,76.6,79.1,81.7,74.3,76.5,75.2,75.8,76.8,83.7,72.4,76.3,74.3,79.4,80.6,80.1,83.4,80.8,81.7,85.8,81.9,80.7,81.8,78.9,80.2,80.8,80.9,77.8,74.5,75.6,76.7,78.5,77.1
4259,86.7,82.0,83.2,85.6,84.9,83.4,84.4,83.6,81.6,81.0,83.2,82.4,82.9,80.9,83.4,82.0,83.0,79.0,82.5,82.4,83.0,81.1,83.4,82.4,83.8,84.6,82.8,82.4,80.8,82.4,82.9,81.1,79.4,80.3,79.3,79.2,84.7,80.6,83.2,82.7,83.9,84.9,83.2,85.3,85.8,83.8,84.6,84.8,90.9,85.7,86.4,83.1,89.7,82.1,79.4,78.7,81.7,84.2,77.5,78.5,78.2,78.7,79.5,86.4,75.9,79.0,77.9,81.0,82.3,82.0,86.4,84.0,84.9,88.4,84.7,83.7,83.3,80.4,82.1,83.7,83.7,80.9,77.1,77.1,78.9,80.4,79.1
4260,89.3,84.1,85.1,88.2,87.2,85.3,86.4,85.4,82.8,82.6,84.5,84.0,84.1,82.3,85.2,83.3,84.8,81.4,83.8,83.5,84.7,82.6,85.0,84.4,86.4,86.6,84.2,84.2,82.3,83.7,84.6,82.4,81.2,82.1,80.8,80.9,86.9,82.6,85.6,85.2,86.5,86.5,85.7,88.1,88.6,85.6,87.6,87.0,93.6,88.3,88.1,85.8,92.1,84.2,81.7,80.6,83.7,86.1,80.3,80.4,80.4,81.3,81.8,88.5,79.2,81.0,81.1,82.5,83.7,83.4,88.6,86.6,87.7,90.6,87.2,86.0,84.5,81.6,83.7,86.3,86.0,83.4,79.5,78.5,80.8,82.0,80.8
4261,91.2,85.1,86.3,90.0,88.9,87.0,88.1,86.9,83.7,83.6,85.4,84.9,85.2,83.3,86.7,84.2,86.0,83.2,84.8,84.2,85.9,83.5,86.2,86.0,88.4,88.3,85.4,85.5,83.6,84.7,85.9,83.3,82.7,83.5,82.2,82.1,88.4,83.6,87.5,86.5,88.7,87.6,87.8,90.0,90.7,86.5,89.7,88.6,95.3,89.9,89.3,87.9,93.8,86.0,83.3,82.0,85.1,87.6,82.7,81.4,82.1,83.5,83.7,90.4,82.2,82.5,83.7,83.7,84.6,84.6,89.9,88.7,89.8,92.5,89.1,87.4,85.4,82.4,84.8,88.6,88.0,85.5,81.5,79.0,82.3,83.2,82.2
4262,92.2,85.6,87.2,91.4,90.1,88.0,89.3,87.8,84.1,84.5,85.9,85.4,85.8,84.1,87.8,85.0,86.9,84.8,85.3,84.9,86.7,84.3,87.0,87.1,89.7,89.4,86.2,86.4,84.6,85.4,86.8,83.7,83.9,84.5,83.3,83.1,89.8,84.0,88.8,87.5,90.3,88.2,89.5,91.2,92.0,86.7,91.0,89.6,96.1,91.1,89.9,88.9,94.8,87.0,84.6,83.0,86.3,88.8,84.7,82.4,83.5,85.3,85.2,91.9,84.5,83.6,85.7,84.7,85.1,85.2,90.6,90.3,90.4,93.7,90.7,88.0,85.9,83.0,85.7,90.0,89.2,87.0,83.2,79.4,83.6,84.1,83.1
4263,92.3,85.0,87.2,92.3,90.7,88.6,89.5,88.4,84.4,84.7,85.7,85.9,85.7,84.4,88.1,85.1,87.1,85.6,85.3,84.9,87.2,84.8,87.6,87.6,90.5,90.0,86.6,86.7,84.9,85.6,87.2,83.9,84.5,85.1,83.9,83.8,89.9,83.8,89.6,87.2,90.7,88.1,90.2,91.9,92.2,86.2,91.4,89.6,96.2,91.6,89.7,89.1,94.8,87.4,85.3,83.7,86.9,89.3,86.0,83.1,84.1,86.6,86.3,92.5,85.9,84.3,86.7,85.0,85.1,85.2,90.8,91.3,90.2,94.1,91.5,88.1,85.7,83.2,86.0,90.9,90.0,88.1,84.1,79.3,84.4,84.5,83.5
4264,91.3,83.6,86.4,92.5,90.9,88.8,89.6,88.1,84.1,84.6,85.5,85.7,85.4,84.3,88.0,84.8,87.1,85.8,84.9,84.4,87.0,84.6,87.6,87.7,90.3,90.1,86.3,86.5,84.9,85.5,87.3,83.4,84.4,85.2,84.0,83.9,89.8,82.2,89.9,86.2,90.6,86.9,90.3,92.1,91.2,84.9,91.0,89.3,95.6,91.3,89.3,88.4,94.1,86.8,85.6,83.9,87.2,89.6,86.8,83.3,83.9,87.7,86.9,92.6,86.3,84.3,86.4,84.9,84.9,84.6,90.1,91.5,88.8,93.9,91.7,87.9,85.1,82.6,85.4,91.0,90.2,88.3,84.4,78.5,84.5,84.3,83.6
4265,89.6,81.8,84.8,91.8,90.0,88.1,88.9,87.5,83.4,84.0,84.5,85.2,84.2,83.7,87.5,84.3,86.3,85.3,84.1,83.3,86.5,84.0,86.9,87.0,89.4,89.6,85.8,85.8,84.2,84.8,86.6,82.5,83.8,84.4,83.6,83.4,88.2,80.5,89.3,84.9,89.7,84.7,89.7,91.1,89.4,83.4,90.2,88.1,94.4,90.8,88.4,86.7,93.0,85.0,85.2,83.6,87.0,89.1,87.0,83.0,83.3,87.8,86.1,91.5,85.7,83.4,84.8,84.3,84.1,83.9,88.8,90.7,87.2,93.6,90.9,87.0,84.2,81.7,84.8,90.1,89.6,87.6,84.0,77.3,83.9,83.7,83.2
4266,86.6,79.1,82.0,90.3,88.6,86.8,87.4,86.0,81.9,82.8,83.0,84.1,82.7,82.6,86.0,83.1,84.9,83.8,82.6,81.6,85.0,82.8,85.6,85.5,87.7,88.0,84.8,84.6,83.0,83.3,85.4,81.1,82.5,83.1,82.5,82.1,85.6,78.0,87.8,82.5,87.9,82.1,88.0,89.7,86.8,80.7,88.4,86.2,91.9,89.2,86.9,84.7,91.4,81.5,84.2,82.4,86.0,88.1,86.3,81.7,82.0,87.1,84.6,89.7,84.0,81.6,82.2,83.2,82.8,82.3,86.9,89.2,85.0,92.4,88.8,85.5,82.4,80.5,83.5,88.7,88.0,85.7,82.7,75.8,82.8,82.5,82.0
4267,82.0,75.4,77.0,87.3,86.2,84.5,85.2,83.4,79.5,80.3,80.4,82.3,80.0,81.0,83.3,80.7,82.2,80.2,79.9,78.6,82.6,80.3,82.9,82.9,84.6,85.3,83.1,82.1,80.9,80.9,83.1,78.0,80.3,80.9,80.8,80.1,80.9,74.4,85.6,79.2,85.6,77.4,84.9,86.9,82.4,76.9,85.6,82.8,87.4,86.9,84.9,81.9,88.7,76.8,82.2,79.8,84.3,86.0,85.0,79.2,79.4,85.3,81.6,86.5,80.8,78.2,78.3,81.4,80.0,79.9,83.9,86.2,81.5,90.5,84.7,82.8,79.5,78.1,81.3,85.7,85.2,82.8,80.2,73.8,80.8,80.3,80.0
4268,77.5,71.3,72.4,82.7,82.5,81.6,82.1,79.4,76.3,77.4,77.4,79.2,76.4,78.3,79.9,77.6,77.8,74.0,76.7,75.5,79.1,76.8,78.9,78.7,80.1,80.9,81.0,78.3,77.5,77.7,79.9,74.3,76.7,78.1,77.7,76.6,76.8,70.6,81.5,74.6,82.5,72.7,80.3,81.4,78.5,72.9,81.0,77.4,82.1,81.4,81.0,78.4,83.9,72.5,78.4,75.6,79.8,81.8,82.1,74.4,75.8,81.3,76.2,80.7,76.2,73.6,73.0,78.8,76.5,76.8,79.4,81.2,77.4,84.8,79.2,77.0,76.2,74.8,77.9,81.0,80.5,78.6,73.6,71.5,77.5,77.1,75.9
4269,75.0,69.0,69.8,78.7,79.5,79.3,79.6,76.6,74.6,75.9,75.5,76.7,74.8,76.1,77.4,75.8,75.1,70.2,74.9,73.8,76.5,74.8,76.6,76.0,76.7,77.9,79.5,75.9,75.3,75.6,77.5,72.8,73.6,75.9,75.3,73.8,74.4,68.4,77.8,71.7,80.0,70.5,76.6,77.7,76.1,70.5,77.4,74.5,78.9,74.5,77.1,75.9,79.3,70.1,74.7,72.0,75.4,78.3,77.9,71.6,72.2,75.2,71.5,77.2,72.7,69.7,69.4,77.1,74.7,75.1,76.4,76.9,74.5,80.8,75.6,72.7,74.6,73.0,75.9,76.9,76.9,75.0,67.5,69.7,74.7,74.8,72.7
4270,72.9,67.3,67.7,76.4,77.5,77.7,78.0,75.1,73.3,74.5,74.1,75.3,73.6,74.7,76.0,74.6,73.9,67.6,73.2,72.7,75.1,73.6,75.3,74.3,74.5,76.2,78.1,74.3,73.8,74.3,76.2,72.1,72.0,73.9,73.8,72.4,72.7,66.7,75.7,69.6,77.9,69.0,74.3,75.2,74.0,68.4,74.1,72.2,76.0,71.8,74.2,73.8,76.4,68.5,73.0,69.2,73.0,76.0,74.4,69.8,70.0,72.1,68.6,74.6,70.1,67.1,67.0,75.8,73.5,73.8,74.2,74.3,71.9,78.6,72.8,70.5,73.4,71.8,74.5,74.6,75.1,72.7,66.1,68.4,72.9,73.2,71.0
4271,71.3,65.8,66.3,74.8,75.8,76.4,76.5,73.8,72.4,73.6,73.2,74.2,72.6,73.7,74.8,73.5,72.7,65.4,72.3,71.9,74.0,72.4,74.3,73.2,72.8,74.6,76.9,72.9,72.6,73.2,75.0,71.0,70.7,72.5,72.6,71.2,71.3,65.1,73.8,67.9,76.4,67.6,72.3,74.0,72.5,66.8,71.2,69.6,72.9,69.7,71.8,71.6,74.4,67.0,71.3,66.5,71.4,74.2,71.4,68.0,68.0,69.6,66.4,71.4,68.1,65.2,64.7,74.6,72.5,72.8,72.1,72.4,70.1,76.3,69.6,68.5,72.3,70.8,73.3,72.9,73.6,70.6,65.2,67.5,71.4,72.1,69.7
4272,69.8,64.4,65.1,73.1,74.6,75.2,75.2,72.7,71.6,72.6,72.2,73.0,71.6,72.8,73.8,72.5,71.9,63.9,71.3,71.1,73.0,71.4,73.3,72.1,71.4,73.4,75.8,71.7,71.7,72.4,74.0,70.2,69.5,71.3,71.5,70.4,69.8,63.8,72.3,66.0,74.6,66.6,70.8,72.4,70.8,65.4,68.9,67.5,69.5,67.8,70.3,69.4,72.4,65.9,69.8,64.5,70.0,72.5,69.0,66.7,66.2,67.8,64.9,67.9,66.0,63.4,62.6,73.7,71.6,72.0,70.3,70.8,68.1,74.5,66.9,66.8,71.4,70.1,72.4,71.4,72.5,69.0,64.2,66.5,70.3,70.9,68.5
4273,68.3,63.2,63.9,71.5,73.4,73.8,74.1,71.8,70.9,71.8,71.4,72.0,70.9,71.7,72.5,71.9,71.1,62.2,70.5,70.4,72.0,70.6,72.5,71.1,70.2,72.5,74.8,70.8,70.9,71.4,73.1,69.5,68.2,70.3,70.6,69.2,68.6,62.6,71.0,64.6,73.2,65.8,69.5,70.8,69.2,64.1,66.7,65.4,66.2,65.4,68.8,67.0,70.5,64.8,68.3,62.5,68.3,71.3,67.1,65.5,64.4,66.4,63.5,65.5,64.0,61.7,60.5,72.7,70.7,71.3,68.3,69.3,66.4,72.9,64.2,65.1,70.7,69.5,71.6,70.0,71.3,67.8,63.4,65.6,69.1,70.2,67.7
4274,66.7,62.4,63.0,70.1,72.5,72.9,73.1,70.9,70.1,71.1,70.6,71.2,70.2,71.0,71.7,71.1,70.3,60.8,69.8,69.9,71.1,69.9,71.8,70.1,69.2,71.6,74.0,70.1,70.1,70.7,72.2,68.8,67.3,69.4,69.8,68.4,67.7,61.6,70.0,63.0,71.8,64.9,68.4,69.4,67.5,63.2,65.0,63.3,63.5,63.1,67.3,64.7,68.3,63.7,67.0,60.9,67.0,69.9,65.2,64.0,62.9,65.2,61.4,63.0,62.1,60.0,58.6,71.8,70.0,70.5,66.7,68.0,64.5,71.5,62.0,63.0,70.1,68.9,70.7,68.9,70.2,66.5,62.5,65.0,68.0,69.4,66.9
4275,65.2,61.5,62.0,68.9,71.6,72.0,72.1,70.3,69.3,70.3,69.9,70.6,69.6,70.2,71.0,70.6,69.7,59.3,69.2,69.3,70.3,69.3,71.1,69.3,68.2,70.5,73.4,69.4,69.5,70.2,71.5,68.2,66.6,68.3,69.1,68.1,66.7,60.6,68.9,61.7,70.4,63.9,67.3,67.6,66.1,62.2,63.3,61.5,61.2,60.8,66.1,63.0,66.4,62.8,65.4,59.2,65.4,68.8,63.5,62.7,61.6,64.0,59.8,60.5,60.2,58.3,56.5,71.1,69.4,69.9,64.8,66.6,62.7,69.6,59.6,61.1,69.5,68.4,69.9,67.8,69.1,65.4,61.6,64.3,67.2,68.5,66.2
4276,63.7,60.7,61.1,67.7,70.9,71.4,71.2,69.1,68.7,69.5,69.3,69.9,69.0,69.7,70.4,69.9,69.2,57.9,68.7,68.8,69.7,68.8,70.4,68.5,67.5,69.7,72.7,68.6,68.7,69.6,70.8,67.7,66.0,67.6,68.4,67.2,65.8,59.6,67.9,60.0,69.2,63.3,66.4,66.3,64.8,61.1,61.8,60.0,59.3,59.4,65.0,61.4,64.5,61.9,64.1,58.0,64.3,68.0,62.2,61.2,60.2,62.6,58.3,58.7,58.7,56.6,54.8,70.3,68.9,69.3,63.1,65.7,61.2,68.0,57.6,59.6,69.1,67.9,69.4,67.0,68.4,64.3,60.4,63.8,66.5,67.8,65.5
4277,62.8,59.9,60.6,66.8,70.2,70.7,70.6,68.5,68.1,69.0,68.9,69.3,68.6,69.1,69.7,69.5,68.7,58.3,68.2,68.8,69.0,68.3,69.8,67.8,67.0,69.1,72.1,68.1,68.0,69.1,70.0,67.2,65.2,67.0,67.9,66.6,64.9,59.0,66.9,58.7,68.3,62.8,65.6,64.9,63.4,60.3,60.7,59.3,57.7,57.9,63.9,60.2,63.0,61.5,63.0,58.4,63.5,67.1,61.1,61.5,60.8,61.3,58.3,57.5,57.6,56.7,53.3,69.8,68.4,68.8,61.4,64.4,60.4,66.6,57.1,58.6,68.7,67.6,68.9,66.1,67.6,63.3,58.9,64.0,65.9,67.3,65.0
4278,66.5,63.3,64.2,66.3,70.4,70.7,70.7,69.4,69.4,69.9,71.0,70.2,70.5,69.7,69.9,70.5,69.7,63.3,70.0,70.8,69.7,69.2,70.6,68.0,67.0,69.2,72.6,68.6,69.1,70.0,70.6,69.1,65.7,67.7,68.4,67.5,67.2,61.9,66.3,61.6,68.9,66.3,65.3,67.0,66.4,63.3,62.6,64.0,64.3,58.7,63.8,62.3,63.8,64.8,62.6,62.0,64.2,68.1,61.0,64.8,63.2,60.9,63.1,63.5,59.2,61.5,57.5,70.3,69.8,70.6,62.1,63.9,64.2,68.6,64.2,59.2,70.9,69.4,69.7,66.0,67.6,63.3,60.0,66.0,66.0,67.8,66.3
4279,71.3,67.9,69.5,69.4,72.8,72.8,73.3,72.0,72.2,72.4,73.9,72.5,73.4,71.7,72.5,73.2,72.5,67.3,73.2,73.7,72.5,71.9,73.3,70.6,69.8,72.2,74.3,71.5,71.5,72.8,72.8,71.8,68.3,70.1,70.3,70.0,71.3,66.4,68.9,67.9,71.6,71.3,68.1,71.3,70.6,68.7,67.0,70.8,72.4,65.7,69.5,66.4,70.1,69.0,65.1,66.5,67.8,71.9,64.2,68.4,66.0,64.5,67.5,70.8,62.0,66.3,62.8,72.5,72.8,73.2,68.5,67.4,68.9,74.6,70.4,66.2,73.8,72.1,72.3,68.8,70.6,66.3,65.1,68.6,68.2,70.4,69.1
4280,75.8,72.0,73.9,74.2,76.1,75.5,76.4,75.1,75.0,74.7,76.7,75.3,76.4,74.4,75.5,75.9,75.6,70.5,76.5,76.6,75.5,74.8,76.4,73.7,73.8,75.5,76.5,75.0,74.1,76.0,75.6,74.6,71.5,72.9,72.7,72.6,75.2,70.6,72.8,72.5,74.6,75.9,72.5,75.1,74.8,73.7,72.0,75.5,78.9,72.5,76.3,71.0,76.2,73.3,68.5,70.6,72.0,75.5,67.9,71.7,69.0,68.7,71.0,76.4,65.3,70.0,67.0,74.7,75.9,75.7,74.4,72.4,73.5,79.4,75.2,72.0,76.8,74.8,75.1,73.1,74.2,70.2,69.5,71.3,71.3,73.4,72.0
4281,79.9,75.9,77.8,78.8,79.4,78.4,79.4,78.3,77.5,77.1,79.1,78.1,78.9,76.8,78.5,78.3,78.6,73.6,79.2,78.9,78.3,77.3,79.2,76.8,77.6,78.8,78.9,77.9,76.6,78.4,78.3,77.1,74.6,75.7,75.1,75.1,78.8,74.6,76.8,76.2,78.0,79.6,76.6,78.8,78.9,77.7,76.9,79.3,83.8,78.3,80.7,75.7,81.7,76.9,72.9,74.0,76.2,78.9,71.4,74.6,72.5,72.9,74.4,80.8,69.0,73.5,71.1,77.2,78.5,78.1,79.7,77.1,78.0,82.9,79.1,77.1,79.5,77.1,77.8,77.1,77.7,74.3,72.4,73.7,74.0,76.0,74.6
4282,83.7,79.5,81.0,82.6,82.4,81.2,82.2,81.0,79.7,79.1,81.3,80.4,81.0,78.9,81.3,80.2,81.1,76.7,81.0,80.9,80.9,79.3,81.5,79.8,81.1,81.9,80.9,80.2,78.8,80.5,80.9,79.1,77.2,78.2,77.4,77.3,82.2,77.9,80.4,79.7,81.0,82.6,80.2,82.4,82.7,81.1,81.2,82.5,87.8,82.5,84.0,80.0,86.1,80.2,76.7,77.1,79.4,82.1,74.9,77.0,75.8,76.4,77.2,84.1,72.7,76.8,74.8,79.4,80.6,80.2,83.3,80.9,81.9,85.9,82.3,80.9,81.8,79.0,80.2,80.8,80.8,78.1,75.0,75.8,76.7,78.4,77.1
4283,86.9,82.4,83.5,85.8,84.9,83.5,84.6,83.5,81.5,81.1,83.1,82.2,82.9,80.9,83.5,81.9,83.1,79.5,82.4,82.3,83.0,81.1,83.4,82.4,84.0,84.6,82.8,82.4,80.7,82.3,83.0,81.0,79.4,80.2,79.3,79.2,84.7,80.9,83.3,82.7,83.9,84.9,83.3,85.5,86.0,83.9,84.7,85.1,91.2,86.0,86.3,83.5,89.6,82.6,79.8,79.2,82.0,84.6,78.1,79.2,78.8,79.3,80.0,86.8,76.3,79.5,78.4,81.0,82.2,82.0,86.3,84.1,85.1,88.5,85.1,84.0,83.3,80.5,82.2,83.8,83.7,81.3,77.6,77.4,79.0,80.3,79.1
4284,89.4,84.6,85.5,88.2,87.2,85.4,86.6,85.4,82.8,82.6,84.5,83.8,84.1,82.3,85.3,83.2,84.8,81.9,83.7,83.5,84.7,82.5,85.1,84.3,86.5,86.5,84.2,84.1,82.3,83.6,84.6,82.3,81.3,82.1,80.8,80.8,86.9,82.9,85.7,85.2,86.4,86.5,85.8,88.2,88.8,85.7,87.6,87.2,93.8,88.6,87.9,86.2,92.1,84.7,82.1,81.2,84.1,86.5,80.9,81.0,81.1,81.9,82.3,89.0,79.6,81.5,81.6,82.5,83.6,83.3,88.4,86.7,87.8,90.7,87.6,86.2,84.5,81.6,83.7,86.4,86.1,83.9,80.0,78.7,80.9,81.9,80.9
4285,91.2,85.5,86.6,90.1,88.9,87.1,88.2,86.9,83.7,83.6,85.3,84.8,85.1,83.3,86.8,84.2,86.0,83.9,84.8,84.2,85.9,83.5,86.2,85.9,88.4,88.3,85.4,85.5,83.5,84.6,85.8,83.2,82.9,83.5,82.3,82.1,88.4,83.9,87.5,86.4,88.6,87.6,88.0,90.1,90.8,86.6,89.8,88.8,95.4,90.2,89.0,88.2,93.8,86.5,83.7,82.6,85.4,88.0,83.3,82.0,82.9,84.1,84.3,90.9,82.6,83.0,84.3,83.7,84.7,84.5,89.8,88.7,89.9,92.5,89.5,87.5,85.3,82.4,84.8,88.7,88.1,86.0,82.0,79.2,82.5,83.1,82.3
4286,92.2,86.0,87.5,91.4,90.1,88.2,89.4,87.8,84.1,84.4,85.7,85.3,85.7,84.2,87.9,84.9,86.9,85.5,85.1,84.8,86.7,84.3,87.1,87.0,89.7,89.5,86.2,86.4,84.4,85.3,86.7,83.7,84.1,84.5,83.4,83.2,89.8,84.4,88.8,87.3,90.2,88.2,89.6,91.3,92.1,86.7,91.1,89.8,96.2,91.3,89.6,89.3,94.7,87.6,84.9,83.7,86.7,89.2,85.3,83.1,84.3,86.0,85.9,92.3,85.0,84.2,86.2,84.6,85.2,85.0,90.4,90.3,90.4,93.7,91.0,88.1,85.7,82.9,85.7,90.3,89.2,87.4,83.6,79.7,83.8,84.0,83.2
4287,92.5,85.4,87.5,92.4,90.8,88.7,89.6,88.4,84.4,84.6,85.5,85.8,85.6,84.4,88.2,85.1,86.9,86.3,85.1,84.9,87.1,84.9,87.7,87.6,90.5,90.0,86.6,86.7,84.9,85.6,87.1,83.9,84.8,85.2,84.0,83.9,89.8,84.0,89.6,87.0,90.5,88.0,90.3,92.0,92.2,86.1,91.5,89.8,96.3,91.8,89.5,89.5,94.6,87.8,85.8,84.4,87.4,89.8,86.6,83.7,84.9,87.3,87.0,92.9,86.3,85.0,87.3,84.9,85.1,85.2,90.5,91.1,90.3,94.2,91.9,88.3,85.5,83.0,85.9,91.2,90.0,88.6,84.6,79.5,84.6,84.5,83.7
4288,91.5,83.7,86.8,92.5,90.9,88.9,89.7,88.0,84.1,84.5,85.4,85.6,85.3,84.2,88.1,84.8,87.0,86.5,84.8,84.3,87.0,84.6,87.6,87.7,90.4,90.1,86.3,86.5,84.8,85.4,87.2,83.4,84.7,85.3,84.1,84.0,89.8,82.5,89.9,85.9,90.3,86.8,90.4,92.1,91.3,84.9,91.0,89.5,95.7,91.5,89.1,88.8,93.9,87.2,86.1,84.6,87.7,90.1,87.3,84.0,84.8,88.3,87.6,93.0,86.7,85.0,87.0,84.8,84.9,84.4,89.9,91.3,88.7,94.1,92.1,88.0,84.9,82.5,85.4,91.3,90.2,88.8,84.7,78.7,84.8,84.3,83.9
4289,89.7,82.0,85.1,91.8,90.0,88.2,89.1,87.5,83.4,84.0,84.3,85.1,84.1,83.7,87.5,84.3,86.2,86.0,84.1,82.9,86.4,83.9,86.9,87.1,89.5,89.6,85.7,85.9,84.2,84.7,86.5,82.4,84.2,84.6,83.8,83.5,88.2,80.5,89.4,84.4,89.3,84.5,89.8,91.2,89.4,83.2,90.1,88.2,94.4,90.8,88.2,87.0,92.7,85.4,85.7,84.3,87.5,89.6,87.5,83.7,84.0,88.4,86.8,91.9,86.2,84.0,85.5,84.1,84.1,83.7,88.4,90.5,87.1,93.5,91.3,87.1,84.0,81.6,84.8,90.6,89.7,88.0,84.4,77.6,84.2,83.7,83.5
4290,86.7,79.3,82.3,90.3,88.6,86.9,87.6,86.0,81.9,82.7,82.8,84.0,82.6,82.6,86.1,83.0,84.9,84.5,82.5,81.4,84.9,82.7,85.6,85.6,87.9,88.0,84.8,84.6,83.0,83.2,85.3,81.0,83.0,83.3,82.8,82.3,85.5,78.0,87.9,82.1,87.5,81.8,88.0,89.7,86.7,80.5,88.3,86.2,91.9,89.4,86.7,85.0,91.2,81.9,84.7,83.1,86.6,88.6,86.9,82.4,82.6,87.6,85.3,90.1,84.4,82.2,82.8,83.1,82.8,82.2,86.6,89.0,84.9,92.5,89.2,85.5,82.4,80.4,83.5,89.2,88.2,86.2,83.1,76.0,83.0,82.5,82.4
4291,82.0,75.6,77.2,87.4,86.2,84.7,85.3,83.5,79.4,80.3,80.3,82.3,79.9,80.9,83.4,80.6,82.1,80.8,79.8,78.5,82.6,80.2,82.9,83.1,84.8,85.3,83.0,82.2,80.9,80.9,83.0,78.0,80.6,81.2,81.1,80.4,80.8,74.4,85.6,78.7,85.2,77.3,85.1,87.0,82.5,76.7,85.5,82.8,87.4,87.0,84.7,82.1,88.6,77.1,82.7,80.5,84.8,86.5,85.6,79.9,80.0,85.9,82.3,86.9,81.2,78.9,78.8,81.3,80.0,79.8,83.7,86.1,81.5,90.5,85.1,82.9,79.5,78.0,81.3,86.2,85.6,83.2,80.5,74.0,81.1,80.2,80.4
4292,77.5,71.5,72.5,82.8,82.8,81.7,82.3,79.4,76.3,77.4,77.3,79.1,76.3,78.3,79.9,77.5,77.7,74.5,76.6,75.4,79.0,76.8,79.0,78.8,80.3,80.9,81.0,78.4,77.4,77.7,79.8,74.2,77.0,78.3,78.2,76.9,76.7,70.6,81.5,74.4,82.1,72.6,80.5,81.6,78.5,73.0,80.9,77.4,82.2,81.6,80.8,78.6,83.8,72.8,78.9,76.2,80.3,82.3,82.6,75.0,76.4,81.8,76.7,81.2,76.6,74.1,73.6,78.7,76.5,76.6,79.3,81.1,77.4,85.0,79.5,77.3,76.1,74.7,77.8,81.3,80.8,78.9,74.0,71.7,77.8,77.1,76.2
4293,75.0,69.1,69.9,78.7,79.7,79.4,79.7,76.7,74.6,75.9,75.3,76.7,74.6,76.1,77.4,75.7,75.0,70.7,74.8,73.6,76.4,74.7,76.7,76.2,76.7,77.9,79.5,76.0,75.1,75.6,77.5,72.7,73.8,76.1,75.7,74.1,74.4,68.5,77.8,71.5,79.7,70.4,76.7,77.9,76.1,70.5,77.4,74.6,79.0,74.7,77.0,76.2,79.4,70.4,75.2,72.6,75.9,78.8,78.4,72.3,72.6,75.7,71.9,77.6,73.1,70.1,70.0,77.0,74.7,74.9,76.4,77.0,74.5,81.1,76.0,72.8,74.5,72.9,75.8,77.1,77.2,75.3,67.9,69.9,75.0,74.8,73.0
4294,72.9,67.4,67.9,76.5,77.7,77.7,78.1,75.1,73.3,74.6,73.9,75.2,73.6,74.8,76.0,74.5,73.9,68.0,73.1,72.5,75.0,73.5,75.3,74.5,74.6,76.2,78.1,74.4,73.7,74.4,76.2,72.0,72.2,74.2,74.1,72.6,72.7,66.8,75.7,69.4,77.7,68.9,74.4,75.6,74.1,68.4,74.1,72.3,76.1,72.1,74.1,74.1,76.6,68.8,73.5,69.8,73.6,76.5,74.9,70.4,70.5,72.6,69.0,75.0,70.4,67.5,67.5,75.8,73.5,73.7,74.3,74.4,71.9,78.8,73.1,70.6,73.2,71.8,74.5,74.7,75.2,73.0,66.6,68.6,73.2,73.3,71.2
4295,71.4,65.8,66.5,74.9,76.0,76.4,76.6,73.8,72.4,73.8,73.0,74.0,72.5,73.7,74.8,73.4,72.7,65.9,72.2,71.7,74.0,72.4,74.3,73.4,72.9,74.7,76.9,73.0,72.6,73.3,75.0,71.0,70.9,72.7,72.8,71.4,71.4,65.2,73.9,67.8,76.2,67.6,72.5,74.4,72.4,66.7,71.3,69.7,73.0,70.0,71.9,71.9,74.6,67.3,71.8,67.0,71.9,74.7,71.9,68.6,68.4,70.1,66.7,72.0,68.5,65.6,65.2,74.6,72.4,72.7,72.2,72.5,70.0,76.6,69.9,68.7,72.1,70.7,73.3,73.1,73.8,71.0,65.6,67.8,71.7,72.2,69.8
4296,69.8,64.6,65.2,73.2,74.7,75.2,75.3,72.7,71.6,72.7,72.1,72.9,71.5,72.8,73.8,72.5,71.9,64.2,71.2,70.9,73.0,71.4,73.3,72.3,71.4,73.5,75.9,71.8,71.6,72.4,74.0,70.2,69.8,71.5,71.7,70.5,69.9,63.9,72.5,66.0,74.4,66.6,70.9,72.7,70.8,65.4,69.1,67.6,69.6,68.2,70.4,69.7,72.5,66.2,70.2,64.9,70.5,73.0,69.5,67.3,66.6,68.2,65.3,68.5,66.4,63.9,63.1,73.7,71.6,71.9,70.4,70.9,68.1,74.8,67.3,67.1,71.3,70.1,72.4,71.6,72.6,69.3,64.7,66.8,70.6,70.9,68.6
4297,68.3,63.5,64.1,71.6,73.5,73.9,74.2,71.8,70.8,71.9,71.3,71.9,70.8,71.8,72.6,71.9,71.1,62.5,70.4,70.2,72.0,70.5,72.5,71.3,70.3,72.5,74.9,70.9,70.8,71.4,73.1,69.5,68.5,70.5,70.8,69.3,68.7,62.8,71.1,64.7,73.1,65.9,69.6,71.1,69.2,64.0,66.9,65.5,66.3,65.7,68.9,67.3,70.8,65.0,68.8,62.9,68.9,71.8,67.6,66.0,64.7,66.9,63.8,66.0,64.3,62.2,60.9,72.7,70.7,71.2,68.6,69.4,66.4,73.2,64.6,65.4,70.7,69.4,71.6,70.2,71.4,68.1,63.9,65.9,69.4,70.2,67.8
4298,66.7,62.7,63.1,70.1,72.6,73.0,73.2,71.0,70.1,71.2,70.5,71.2,70.1,71.0,71.7,71.1,70.3,61.1,69.8,69.8,71.2,69.9,71.8,70.3,69.2,71.6,74.1,70.1,70.1,70.8,72.2,68.9,67.6,69.6,70.0,68.5,67.7,61.8,70.1,63.1,71.8,64.9,68.4,69.6,67.6,63.1,65.3,63.4,63.6,63.5,67.5,65.1,68.7,63.9,67.5,61.3,67.7,70.4,65.7,64.5,63.3,65.6,61.8,63.4,62.4,60.4,59.1,71.9,70.0,70.4,67.0,68.0,64.6,71.7,62.4,63.3,70.0,68.8,70.8,69.1,70.3,66.7,62.9,65.3,68.2,69.4,66.9
4299,65.3,61.7,62.1,69.0,71.7,72.1,72.2,70.3,69.4,70.4,69.8,70.5,69.5,70.3,71.0,70.5,69.7,59.7,69.1,69.2,70.3,69.3,71.1,69.5,68.3,70.5,73.4,69.4,69.4,70.2,71.5,68.2,66.8,68.5,69.2,68.2,66.7,60.9,69.0,61.7,70.4,64.0,67.5,68.0,66.2,62.2,63.6,61.8,61.2,61.3,66.3,63.4,66.8,63.0,66.0,59.6,66.0,69.3,64.0,63.1,61.9,64.5,60.1,61.1,60.5,58.7,56.9,71.0,69.4,69.8,65.1,66.8,62.9,69.9,60.1,61.4,69.5,68.3,70.0,68.0,69.2,65.6,62.0,64.6,67.5,68.6,66.2
4300,63.8,61.0,61.3,67.7,70.9,71.4,71.3,69.2,68.7,69.7,69.2,69.8,68.9,69.8,70.3,69.9,69.2,58.2,68.6,68.7,69.7,68.8,70.4,68.8,67.5,69.7,72.7,68.7,68.6,69.6,70.8,67.8,66.2,67.8,68.6,67.4,65.9,59.8,68.0,60.1,69.3,63.4,66.5,66.6,65.0,61.1,62.0,60.3,59.2,59.8,65.3,61.7,64.9,62.0,64.7,58.3,64.8,68.5,62.7,61.6,60.5,63.0,58.6,59.0,59.0,56.9,55.2,70.4,68.8,69.2,63.5,65.8,61.4,68.3,58.0,60.1,69.0,67.8,69.5,67.1,68.4,64.6,60.9,64.1,66.7,67.8,65.5
4301,62.8,60.0,60.8,66.8,70.2,70.7,70.7,68.5,68.1,69.1,68.8,69.3,68.5,69.1,69.7,69.5,68.6,58.6,68.2,68.6,69.0,68.2,69.8,68.0,67.1,69.1,72.1,68.1,67.9,69.1,70.1,67.2,65.3,67.1,68.0,66.8,65.1,59.2,66.9,58.8,68.4,62.9,65.7,65.2,63.7,60.3,61.0,59.5,57.8,58.3,64.1,60.5,63.3,61.7,63.5,58.7,64.0,67.7,61.5,61.8,61.1,61.6,58.5,57.9,57.9,56.8,53.6,69.8,68.3,68.7,61.8,64.6,60.5,67.0,57.5,58.9,68.7,67.5,69.0,66.2,67.6,63.5,59.2,64.3,66.1,67.3,65.0
4302,66.5,63.5,64.3,66.3,70.4,70.8,70.8,69.5,69.4,70.0,70.9,70.1,70.5,69.7,69.9,70.5,69.6,63.6,70.0,70.7,69.7,69.2,70.6,68.2,67.0,69.2,72.6,68.6,69.2,70.0,70.7,69.1,65.8,67.8,68.6,67.7,67.3,62.1,66.4,61.7,69.0,66.3,65.4,67.3,66.5,63.3,62.9,64.3,64.3,59.2,64.1,62.6,64.2,65.0,63.1,62.3,64.7,68.6,61.5,65.2,63.5,61.3,63.4,63.8,59.5,61.7,57.8,70.3,69.7,70.6,62.5,64.0,64.3,69.0,64.6,59.4,70.8,69.3,69.7,66.1,67.7,63.5,60.4,66.3,66.1,67.9,66.3
4303,71.3,68.0,69.6,69.4,72.9,72.9,73.4,72.1,72.3,72.5,73.9,72.5,73.5,71.8,72.6,73.2,72.6,67.7,73.2,73.5,72.5,71.8,73.3,70.9,69.8,72.2,74.4,71.4,71.5,72.8,72.8,71.8,68.5,70.2,70.5,70.2,71.3,66.5,69.0,67.9,71.6,71.2,68.1,71.6,70.7,68.7,67.2,71.0,72.6,66.1,69.6,66.7,70.3,69.2,65.6,66.9,68.2,72.4,64.8,68.9,66.4,64.8,67.9,71.2,62.3,66.6,63.1,72.5,72.7,73.2,68.6,67.5,69.0,74.9,70.8,66.6,73.8,72.1,72.3,68.9,70.7,66.5,65.5,68.9,68.3,70.5,69.2
4304,75.9,72.1,74.1,74.2,76.2,75.6,76.5,75.2,75.2,74.8,76.7,75.3,76.5,74.5,75.6,76.0,75.6,70.9,76.6,76.4,75.6,74.8,76.4,73.9,73.9,75.5,76.6,75.0,74.2,75.9,75.7,74.7,71.7,73.2,73.0,72.8,75.3,70.8,73.0,72.4,74.6,75.7,72.6,75.4,74.9,73.8,72.1,75.7,79.0,72.7,76.3,71.2,76.2,73.5,69.0,71.1,72.4,75.9,68.4,72.2,69.4,69.2,71.5,76.8,65.5,70.3,67.4,74.8,75.8,75.8,74.4,72.5,73.6,79.7,75.6,72.2,76.8,75.0,75.1,73.1,74.3,70.3,69.9,71.7,71.5,73.6,72.2
4305,79.9,76.0,77.9,78.7,79.5,78.5,79.5,78.6,77.6,77.3,79.2,78.1,79.0,76.8,78.6,78.4,78.6,74.1,79.2,78.8,78.5,77.4,79.1,77.2,77.7,78.8,79.0,78.0,76.8,78.3,78.4,77.2,74.9,76.1,75.4,75.3,78.8,74.8,76.9,76.1,77.9,79.4,76.6,79.1,78.9,77.7,76.9,79.4,83.9,78.5,80.7,76.0,81.7,77.1,73.3,74.6,76.7,79.3,72.0,75.2,72.9,73.3,74.8,81.2,69.3,73.8,71.5,77.3,78.4,78.1,79.6,77.1,78.0,83.0,79.5,77.2,79.5,77.3,77.9,77.2,77.7,74.5,72.8,74.1,74.3,76.3,74.9
4306,83.8,79.7,81.1,82.5,82.4,81.2,82.3,81.3,79.9,79.4,81.4,80.5,81.1,78.9,81.3,80.4,81.3,77.1,81.0,80.8,81.2,79.4,81.5,80.1,81.2,82.0,81.1,80.4,79.0,80.4,81.1,79.3,77.5,78.6,77.7,77.6,82.1,78.0,80.5,79.5,80.9,82.4,80.3,82.6,82.7,81.1,81.1,82.7,87.9,82.7,83.8,80.3,86.0,80.2,77.2,77.6,79.9,82.5,75.5,77.6,76.4,76.9,77.7,84.5,73.0,77.1,75.2,79.4,80.4,80.2,83.2,80.9,81.8,86.0,82.7,81.0,81.6,79.1,80.3,80.9,80.9,78.4,75.5,76.2,77.1,78.7,77.4
4307,86.9,82.6,83.6,85.7,84.9,83.6,84.7,83.7,81.7,81.3,83.2,82.3,82.9,80.9,83.6,82.1,83.3,80.0,82.4,82.3,83.2,81.2,83.5,82.5,84.1,84.5,83.0,82.5,81.0,82.2,83.2,81.2,79.8,80.6,79.7,79.5,84.7,81.1,83.4,82.6,83.8,84.7,83.4,85.7,85.9,83.9,84.7,85.3,91.3,86.2,86.2,83.8,89.4,82.8,80.1,79.8,82.4,84.9,78.7,79.7,79.4,79.8,80.6,87.3,76.6,79.9,78.8,81.1,82.1,82.0,86.0,83.9,85.0,88.6,85.5,84.1,83.2,80.6,82.3,84.0,83.7,81.5,78.0,77.7,79.3,80.6,79.5
4308,89.3,84.8,85.5,88.2,87.2,85.5,86.6,85.5,82.9,82.9,84.6,83.8,84.2,82.5,85.4,83.5,85.0,82.5,83.8,83.4,84.9,82.7,85.1,84.5,86.6,86.5,84.4,84.2,82.6,83.5,84.8,82.4,81.7,82.4,81.2,81.1,86.7,83.1,85.7,85.1,86.3,86.3,85.8,88.4,88.7,85.6,87.5,87.4,93.9,88.7,87.6,86.5,91.8,84.8,82.5,81.8,84.4,86.8,81.5,81.6,81.8,82.4,82.9,89.4,80.0,82.0,82.1,82.6,83.6,83.3,88.1,86.6,87.7,90.8,88.0,86.2,84.4,81.7,83.9,86.5,86.0,84.1,80.6,79.0,81.3,82.2,81.2
4309,91.1,85.7,86.7,90.0,88.9,87.2,88.2,87.1,83.9,83.9,85.3,84.8,85.2,83.5,86.8,84.4,86.1,84.5,84.8,84.1,86.1,83.7,86.2,86.0,88.5,88.2,85.7,85.5,83.8,84.6,86.0,83.3,83.3,83.7,82.6,82.4,88.2,84.1,87.5,86.2,88.4,87.4,88.0,90.2,90.7,86.4,89.6,89.0,95.5,90.2,88.7,88.6,93.6,86.6,84.1,83.2,85.9,88.3,83.9,82.7,83.7,84.7,85.0,91.3,83.0,83.5,84.7,83.8,84.7,84.4,89.5,88.6,89.8,92.6,89.9,87.5,85.2,82.5,85.0,88.9,88.1,86.2,82.5,79.6,82.8,83.3,82.6
4310,92.2,86.1,87.5,91.4,90.1,88.1,89.3,87.8,84.3,84.7,85.8,85.4,85.8,84.3,87.8,85.1,87.0,86.1,85.2,84.8,86.8,84.5,87.1,87.1,89.7,89.3,86.4,86.4,84.6,85.4,86.8,83.8,84.3,84.7,83.7,83.4,89.4,84.3,88.8,86.9,89.9,88.0,89.6,91.5,92.0,86.4,90.9,90.0,96.4,91.3,89.3,89.6,94.5,87.7,85.3,84.3,87.1,89.5,86.0,83.7,85.1,86.6,86.6,92.8,85.3,84.7,86.8,84.7,85.2,85.0,90.2,90.2,90.3,93.8,91.5,87.8,85.7,83.1,85.8,90.4,89.3,87.7,84.0,80.1,84.1,84.2,83.6
4311,92.4,85.5,87.6,92.3,90.7,88.6,89.5,88.4,84.7,84.9,85.8,85.9,85.8,84.6,88.1,85.4,87.0,86.9,85.3,84.9,87.3,85.1,87.6,87.7,90.5,89.7,86.7,86.7,85.0,85.8,87.2,84.0,85.0,85.4,84.3,84.1,89.5,83.9,89.5,86.6,90.2,87.8,90.2,92.1,92.1,85.6,91.2,90.0,96.4,91.6,89.1,89.8,94.4,88.0,86.1,85.0,87.8,90.1,87.3,84.3,85.7,88.0,87.7,93.4,86.7,85.5,87.8,85.0,85.2,85.2,90.3,91.0,90.1,94.4,92.3,88.0,85.6,83.2,86.1,91.3,90.1,88.8,84.9,79.8,84.9,84.5,84.0
4312,91.3,83.6,86.8,92.4,90.9,88.8,89.5,88.1,84.3,84.6,85.5,85.8,85.4,84.3,87.9,85.1,87.0,87.1,85.0,84.4,87.0,84.8,87.6,87.8,90.5,89.9,86.4,86.4,84.9,85.6,87.3,83.6,84.9,85.6,84.4,84.3,89.4,82.3,89.8,85.6,89.9,86.5,90.5,92.3,91.2,84.6,90.8,89.6,95.8,91.3,88.7,89.0,93.6,87.2,86.5,85.3,88.1,90.4,88.0,84.6,85.6,88.9,88.2,93.4,87.1,85.5,87.4,84.8,84.9,84.5,89.5,91.2,88.6,94.2,92.5,87.8,85.0,82.8,85.5,91.5,90.3,89.0,85.1,79.0,85.1,84.4,84.2
4313,89.6,81.9,85.1,91.7,90.0,88.1,88.9,87.5,83.6,84.1,84.4,85.3,84.3,83.7,87.3,84.4,86.2,86.6,84.3,83.0,86.5,84.1,86.9,87.2,89.7,89.4,85.8,85.8,84.3,84.9,86.6,82.6,84.4,84.9,84.1,83.7,87.9,80.3,89.1,83.9,88.9,84.2,90.0,91.3,89.2,83.0,89.8,88.3,94.5,90.7,87.8,87.3,92.5,85.6,86.1,85.0,87.8,89.9,88.2,84.3,84.7,89.1,87.5,92.3,86.5,84.6,85.8,84.1,84.1,83.7,88.0,90.3,87.0,93.6,91.6,86.8,84.1,81.9,84.8,90.8,89.8,88.1,84.8,77.8,84.4,83.9,83.7
4314,86.7,79.3,82.2,90.2,88.6,86.8,87.4,86.2,82.1,82.8,83.0,84.1,82.8,82.6,85.9,83.1,84.9,85.1,82.7,81.5,85.0,82.9,85.5,85.8,88.0,87.8,84.8,84.6,83.1,83.4,85.4,81.1,83.2,83.6,83.0,82.5,85.1,77.9,87.7,81.5,87.0,81.6,88.3,89.9,86.5,80.3,88.0,86.3,92.0,89.2,86.3,85.2,90.9,82.2,85.0,83.8,86.9,88.8,87.7,83.1,83.4,88.4,86.0,90.4,84.7,82.7,83.1,83.1,82.8,82.3,86.2,88.8,84.8,92.5,89.5,85.3,82.5,80.6,83.6,89.4,88.3,86.4,83.5,76.3,83.3,82.6,82.7
4315,81.9,75.6,77.2,87.6,86.3,84.6,85.2,83.6,79.6,80.4,80.4,82.3,80.0,80.9,83.3,80.8,82.2,81.4,80.0,78.5,82.7,80.3,82.8,83.2,85.1,85.3,83.1,82.1,81.0,81.1,83.1,78.0,80.8,81.5,81.3,80.4,80.6,74.3,85.3,78.2,84.7,77.1,85.3,87.1,82.4,76.7,85.2,82.9,87.5,86.9,84.4,82.4,88.2,77.3,83.0,81.1,85.1,86.8,86.3,80.5,80.6,86.6,82.9,87.2,81.4,79.3,79.2,81.2,80.0,79.8,83.3,85.9,81.4,90.6,85.4,82.6,79.6,78.2,81.3,86.5,85.7,83.4,81.0,74.2,81.4,80.3,80.5
4316,77.4,71.5,72.6,83.0,82.8,81.6,82.3,79.5,76.4,77.5,77.4,79.1,76.4,78.4,79.8,77.6,77.6,75.0,76.7,75.3,79.1,76.9,79.0,78.8,80.5,80.9,81.1,78.3,77.4,77.8,79.9,74.3,77.1,78.5,78.3,77.0,76.5,70.6,81.3,74.0,81.7,72.5,80.8,81.9,78.5,73.0,80.7,77.6,82.3,81.5,80.6,78.9,83.6,72.9,79.2,76.7,80.6,82.5,83.3,75.6,77.0,82.4,77.2,81.7,76.9,74.4,74.0,78.7,76.5,76.6,79.0,81.1,77.4,85.1,79.9,77.2,76.1,74.7,77.8,81.5,80.8,79.1,74.4,71.9,77.9,77.1,76.3
4317,75.0,69.1,70.0,78.9,79.8,79.4,79.7,76.7,74.7,76.0,75.4,76.8,74.7,76.2,77.4,75.8,75.0,71.2,74.9,73.6,76.5,74.7,76.7,76.2,76.9,77.9,79.5,75.9,75.1,75.8,77.5,72.7,73.9,76.3,75.8,74.2,74.2,68.5,77.6,71.2,79.4,70.4,77.0,78.3,76.2,70.4,77.3,74.7,79.2,74.8,76.8,76.4,79.3,70.6,75.6,73.1,76.3,79.1,79.2,72.9,73.2,76.4,72.2,78.2,73.5,70.5,70.4,77.0,74.6,74.9,76.2,76.9,74.6,81.3,76.5,72.9,74.5,73.0,75.9,77.3,77.3,75.5,68.4,70.2,75.1,74.8,73.0
4318,73.0,67.4,68.0,76.6,77.8,77.7,78.2,75.1,73.4,74.7,74.0,75.3,73.6,74.9,76.0,74.6,73.8,68.4,73.2,72.5,75.0,73.5,75.3,74.6,74.7,76.2,78.2,74.4,73.6,74.6,76.1,72.0,72.2,74.3,74.2,72.5,72.6,66.9,75.5,69.2,77.4,68.9,74.7,76.0,74.2,68.5,74.1,72.5,76.3,72.2,74.0,74.3,76.6,69.0,73.9,70.2,74.0,76.9,75.5,70.9,71.1,73.2,69.4,75.5,70.8,67.9,68.0,75.8,73.4,73.6,74.2,74.4,72.1,79.0,73.5,70.8,73.2,71.8,74.6,74.9,75.3,73.0,67.0,68.8,73.3,73.3,71.1
4319,71.5,66.0,66.6,75.0,76.1,76.4,76.7,73.8,72.4,73.8,73.0,74.0,72.5,73.8,74.8,73.4,72.6,66.3,72.3,71.6,74.0,72.4,74.3,73.5,73.1,74.7,76.9,72.9,72.6,73.4,75.0,71.0,70.9,72.7,73.0,71.3,71.3,65.4,73.8,67.6,75.9,67.7,72.7,74.7,72.5,66.8,71.4,69.8,73.1,70.2,71.8,72.2,74.6,67.5,72.2,67.5,72.4,75.1,72.5,69.1,69.0,70.7,67.1,72.5,68.9,65.9,65.6,74.6,72.4,72.7,72.1,72.5,70.2,76.8,70.3,68.9,72.1,70.7,73.4,73.3,73.9,71.1,66.0,68.0,71.8,72.2,69.8
4320,69.8,64.8,65.3,73.3,74.9,75.3,75.4,72.8,71.6,72.8,72.1,72.8,71.5,72.9,73.9,72.5,71.8,64.7,71.3,70.8,73.0,71.4,73.3,72.4,71.6,73.5,76.0,71.8,71.6,72.5,74.0,70.2,69.8,71.6,71.8,70.5,69.9,64.1,72.4,65.9,74.2,66.7,71.0,73.1,70.9,65.5,69.3,67.7,69.8,68.5,70.3,70.0,72.6,66.5,70.7,65.3,70.9,73.5,70.2,67.8,67.1,68.8,65.7,69.1,66.8,64.2,63.6,73.7,71.5,71.9,70.4,71.0,68.3,75.0,67.7,67.3,71.2,70.1,72.5,71.9,72.7,69.5,65.1,67.1,70.6,71.0,68.5
4321,68.5,63.6,64.1,71.7,73.7,74.0,74.3,71.9,70.9,71.9,71.3,71.9,70.8,71.9,72.7,71.9,71.0,63.0,70.4,70.2,72.0,70.6,72.5,71.5,70.5,72.6,74.9,70.9,70.8,71.5,73.1,69.5,68.6,70.5,70.8,69.3,68.7,63.0,71.1,64.6,72.9,65.9,69.8,71.4,69.3,64.1,67.2,65.6,66.4,66.1,68.9,67.7,70.8,65.2,69.3,63.4,69.4,72.3,68.2,66.5,65.3,67.4,64.3,66.5,64.7,62.5,61.4,72.8,70.7,71.1,68.7,69.4,66.6,73.5,64.9,65.6,70.6,69.4,71.7,70.4,71.6,68.2,64.4,66.2,69.4,70.2,67.7
4322,66.9,62.8,63.2,70.2,72.7,73.1,73.3,71.1,70.1,71.2,70.5,71.1,70.0,71.1,71.9,71.1,70.2,61.5,69.8,69.7,71.1,69.9,71.8,70.5,69.5,71.7,74.1,70.1,70.0,70.9,72.2,68.8,67.7,69.6,69.9,68.4,67.7,62.0,70.0,63.0,71.8,65.1,68.7,69.9,67.8,63.1,65.6,63.5,63.6,63.9,67.5,65.4,68.8,64.1,68.0,61.6,68.1,70.9,66.3,64.9,63.8,66.2,62.2,63.9,62.8,60.8,59.5,71.9,69.9,70.3,67.1,68.0,64.7,71.9,62.8,63.4,69.9,68.8,70.8,69.3,70.5,66.9,63.4,65.6,68.3,69.4,66.9
4323,65.4,61.9,62.3,69.1,71.8,72.2,72.3,70.3,69.3,70.4,69.7,70.4,69.4,70.3,71.1,70.6,69.6,60.0,69.1,69.0,70.3,69.3,71.2,69.6,68.5,70.7,73.4,69.4,69.3,70.2,71.5,68.2,66.9,68.4,69.3,68.1,66.7,61.1,69.0,61.8,70.4,64.1,67.7,68.2,66.2,62.2,64.0,61.9,61.4,61.7,66.4,63.7,67.0,63.1,66.5,60.0,66.5,69.8,64.6,63.5,62.4,65.0,60.4,61.6,61.0,59.0,57.3,71.1,69.3,69.7,65.2,66.8,63.0,70.0,60.5,61.6,69.4,68.2,70.0,68.2,69.4,65.8,62.4,64.9,67.5,68.5,66.2
4324,63.9,61.1,61.4,67.8,71.0,71.5,71.4,69.2,68.7,69.6,69.2,69.7,68.8,69.8,70.5,69.9,69.1,58.5,68.6,68.6,69.6,68.8,70.5,68.9,67.8,69.8,72.7,68.8,68.5,69.6,70.7,67.8,66.2,67.8,68.6,67.3,65.9,60.1,67.9,60.2,69.2,63.6,66.7,66.8,65.1,61.1,62.4,60.5,59.4,60.1,65.4,62.1,65.0,62.2,65.3,58.6,65.4,69.0,63.4,62.0,61.0,63.5,59.0,59.5,59.4,57.2,55.6,70.4,68.8,69.0,63.5,65.9,61.6,68.6,58.5,60.3,68.9,67.7,69.5,67.3,68.5,64.8,61.1,64.4,66.7,67.8,65.4
4325,62.9,60.2,60.9,66.9,70.3,70.8,70.8,68.6,68.1,69.1,68.7,69.2,68.4,69.1,69.8,69.5,68.5,58.8,68.1,68.5,69.0,68.2,69.9,68.1,67.3,69.2,72.1,68.2,67.8,69.1,70.1,67.2,65.4,67.0,68.0,66.6,65.1,59.4,66.9,58.9,68.3,63.1,65.9,65.5,63.8,60.4,61.5,59.7,58.0,58.7,64.2,60.9,63.5,61.8,64.0,58.9,64.6,68.2,62.2,62.2,61.4,62.1,58.8,58.3,58.3,57.2,54.0,69.8,68.2,68.6,61.9,64.7,60.7,67.4,57.9,59.3,68.6,67.4,68.9,66.4,67.7,63.7,59.6,64.6,66.1,67.2,64.9
4326,66.6,63.6,64.4,66.3,70.4,70.9,71.0,69.5,69.4,70.0,70.8,70.0,70.4,69.6,69.9,70.5,69.5,64.0,69.9,70.6,69.7,69.2,70.7,68.3,67.1,69.3,72.6,68.6,69.1,70.0,70.7,69.1,65.9,67.8,68.6,67.5,67.3,62.3,66.4,61.8,68.9,66.4,65.4,67.5,66.7,63.4,63.2,64.5,64.4,59.4,64.2,62.9,64.3,65.2,63.6,62.6,65.2,69.1,62.1,65.6,63.9,61.7,63.7,64.1,59.9,62.1,58.1,70.3,69.6,70.5,62.5,64.1,64.5,69.3,64.9,59.8,70.7,69.3,69.7,66.3,67.8,63.6,60.8,66.6,66.2,67.8,66.3
4327,71.5,68.2,69.7,69.4,72.9,73.0,73.5,72.0,72.3,72.5,73.9,72.4,73.4,71.8,72.7,73.1,72.5,68.0,73.2,73.5,72.5,71.8,73.3,70.9,69.9,72.3,74.4,71.5,71.5,72.9,72.8,71.8,68.6,70.3,70.7,70.1,71.3,66.8,69.0,67.7,71.4,71.3,68.2,71.8,70.8,68.7,67.4,71.2,72.6,66.2,69.6,67.0,70.4,69.3,66.1,67.3,68.7,72.8,65.3,69.4,66.7,65.2,68.2,71.6,62.6,66.9,63.5,72.6,72.7,73.2,68.5,67.5,69.1,75.1,71.1,66.8,73.7,72.2,72.3,68.9,70.7,66.6,65.9,69.1,68.4,70.5,69.3
4328,76.1,72.4,74.3,74.2,76.2,75.6,76.6,75.2,75.2,74.8,76.8,75.3,76.6,74.4,75.7,75.9,75.6,71.2,76.7,76.5,75.5,74.8,76.3,73.9,74.0,75.6,76.7,75.0,74.2,75.9,75.7,74.7,71.8,73.3,73.2,72.9,75.2,71.1,73.0,72.2,74.4,75.7,72.6,75.6,74.9,73.8,72.2,75.8,79.1,72.9,76.2,71.5,76.1,73.6,69.5,71.5,72.9,76.4,68.9,72.7,69.7,69.6,71.8,77.1,65.9,70.7,67.8,74.9,75.8,75.8,74.2,72.6,73.6,79.8,75.9,72.3,76.8,75.1,75.2,73.1,74.3,70.4,70.3,71.8,71.5,73.6,72.3
4329,80.0,76.2,78.1,78.8,79.5,78.6,79.6,78.6,77.7,77.3,79.3,78.1,79.1,76.8,78.7,78.4,78.6,74.5,79.3,78.9,78.5,77.4,79.1,77.3,77.9,78.9,79.0,78.1,76.8,78.3,78.4,77.2,74.9,76.2,75.7,75.4,78.7,75.1,76.9,75.8,77.6,79.3,76.7,79.2,79.0,77.6,76.9,79.6,84.1,78.7,80.5,76.3,81.6,77.2,73.8,75.0,77.2,79.8,72.5,75.6,73.3,73.7,75.2,81.6,69.7,74.3,71.8,77.3,78.4,78.2,79.3,77.1,78.0,83.1,79.9,77.4,79.6,77.5,77.8,77.2,77.7,74.7,73.2,74.2,74.3,76.4,75.0
4330,83.8,79.9,81.3,82.6,82.4,81.3,82.4,81.3,80.0,79.4,81.5,80.5,81.2,78.9,81.4,80.4,81.3,77.5,81.2,80.8,81.1,79.4,81.4,80.2,81.3,82.0,81.1,80.5,79.1,80.3,81.1,79.3,77.5,78.7,78.0,77.7,81.9,78.2,80.5,79.2,80.6,82.3,80.3,82.6,82.8,80.9,81.0,82.9,88.0,82.9,83.7,80.5,85.8,80.4,77.7,78.0,80.4,82.9,75.9,78.0,76.7,77.2,78.1,84.9,73.4,77.5,75.5,79.4,80.4,80.4,82.9,80.9,81.8,86.0,83.0,81.1,81.7,79.4,80.2,81.0,80.9,78.5,75.8,76.3,77.1,78.9,77.6
4331,86.9,82.8,83.8,85.8,84.9,83.7,84.7,83.8,81.7,81.4,83.3,82.3,83.1,81.0,83.6,82.1,83.3,80.4,82.6,82.4,83.3,81.2,83.4,82.6,84.2,84.5,83.0,82.6,81.2,82.2,83.2,81.2,79.9,80.7,79.9,79.7,84.4,81.3,83.3,82.2,83.5,84.4,83.5,85.7,86.0,83.7,84.5,85.5,91.4,86.4,86.0,84.1,89.3,83.0,80.6,80.3,82.9,85.4,79.2,80.2,79.8,80.2,81.0,87.6,77.0,80.3,79.1,81.1,82.0,82.2,85.8,83.9,85.0,88.6,85.8,84.2,83.3,80.9,82.3,84.0,83.8,81.8,78.4,77.9,79.4,80.7,79.6
4332,89.3,85.0,85.7,88.2,87.2,85.6,86.6,85.6,83.0,83.0,84.7,83.8,84.3,82.6,85.4,83.5,85.0,82.8,83.9,83.6,84.9,82.7,85.1,84.5,86.6,86.4,84.5,84.3,82.7,83.6,84.9,82.5,81.8,82.5,81.4,81.3,86.4,83.3,85.6,84.7,85.9,86.1,86.0,88.4,88.7,85.4,87.4,87.6,94.1,89.0,87.5,86.8,91.6,85.1,83.0,82.3,84.8,87.3,82.0,82.1,82.3,82.8,83.3,89.8,80.4,82.4,82.4,82.7,83.5,83.4,87.8,86.4,87.7,90.9,88.3,86.2,84.5,82.0,83.9,86.6,86.0,84.3,81.0,79.1,81.4,82.4,81.3
4333,91.1,85.9,87.0,90.1,88.8,87.2,88.2,87.1,83.9,84.0,85.4,84.8,85.4,83.5,86.8,84.4,86.2,84.9,84.9,84.2,86.1,83.8,86.2,86.0,88.6,88.1,85.7,85.6,84.0,84.7,86.0,83.4,83.3,83.8,82.8,82.5,87.8,84.3,87.3,85.8,88.0,87.1,88.0,90.3,90.8,86.4,89.4,89.2,95.7,90.4,88.5,88.9,93.3,87.0,84.6,83.7,86.3,88.8,84.4,83.2,84.2,85.1,85.4,91.7,83.4,83.9,85.1,83.9,84.6,84.6,89.2,88.3,89.8,92.6,90.3,87.5,85.3,82.8,85.0,88.9,88.1,86.4,83.0,79.8,82.8,83.5,82.8
4334,92.2,86.4,87.9,91.4,90.0,88.1,89.3,87.9,84.4,84.8,86.0,85.3,86.0,84.3,87.8,85.2,87.0,86.6,85.3,84.9,86.8,84.6,87.1,87.1,89.7,89.2,86.5,86.4,84.8,85.4,86.9,84.0,84.4,84.8,83.8,83.5,89.0,84.5,88.6,86.5,89.5,87.6,89.6,91.5,92.1,86.3,90.7,90.1,96.5,91.4,89.0,89.8,94.2,88.0,85.8,84.8,87.6,90.0,86.5,84.2,85.6,87.0,87.1,93.1,85.8,85.1,87.2,84.7,85.3,85.2,89.9,89.8,90.4,93.9,91.8,87.8,85.8,83.3,85.8,90.5,89.3,87.9,84.4,80.3,84.2,84.3,83.7
4335,92.4,85.7,87.9,92.2,90.6,88.6,89.5,88.4,84.6,84.9,86.0,85.8,86.0,84.6,88.1,85.4,87.0,87.4,85.6,85.0,87.3,85.2,87.6,87.6,90.4,89.6,86.7,86.8,85.0,85.8,87.2,84.1,85.1,85.5,84.4,84.1,89.2,84.1,89.4,86.0,89.7,87.6,90.2,92.1,92.2,85.5,90.9,90.0,96.4,91.6,88.8,90.0,94.1,88.3,86.6,85.5,88.3,90.5,87.8,84.8,86.2,88.4,88.2,93.7,87.1,85.9,88.1,85.0,85.3,85.3,90.0,90.7,90.3,94.4,92.5,87.9,85.7,83.5,86.1,91.4,90.2,89.0,85.3,80.0,85.0,84.6,84.2
4336,91.6,83.8,87.1,92.4,90.8,88.8,89.5,88.2,84.3,84.6,85.6,85.7,85.5,84.3,87.9,85.1,87.0,87.6,85.2,84.6,87.0,84.8,87.5,87.8,90.4,89.8,86.4,86.4,84.9,85.6,87.3,83.7,85.2,85.6,84.4,84.4,89.0,82.5,89.7,85.0,89.4,86.3,90.4,92.2,91.5,84.4,90.5,89.7,95.8,91.3,88.4,89.2,93.3,87.6,86.8,85.7,88.5,90.7,88.4,85.1,86.1,89.3,88.7,93.7,87.5,85.9,87.7,84.8,84.8,84.7,89.2,90.9,88.6,94.3,92.7,87.7,85.1,83.0,85.5,91.7,90.4,89.3,85.5,79.2,85.2,84.5,84.2
4337,89.8,82.0,85.5,91.7,90.1,88.0,88.8,87.7,83.6,84.1,84.7,85.2,84.5,83.7,87.3,84.5,86.2,87.1,84.5,83.2,86.5,84.1,86.8,87.2,89.7,89.3,85.8,85.8,84.4,84.9,86.7,82.6,84.6,85.0,84.2,83.8,87.7,80.3,89.0,83.3,88.4,84.2,89.9,91.2,89.6,82.8,89.6,88.3,94.5,90.6,87.5,87.5,92.1,85.9,86.4,85.5,88.2,90.2,88.6,84.7,85.3,89.5,88.0,92.6,86.9,85.0,86.1,84.1,84.1,84.0,87.6,90.1,87.0,93.6,91.8,86.8,84.2,82.1,84.9,91.0,90.0,88.5,85.0,78.0,84.6,83.9,83.8
4338,86.9,79.4,82.5,90.3,88.8,86.8,87.5,86.3,82.1,82.9,83.2,84.1,83.0,82.6,85.9,83.1,84.9,85.6,82.9,81.7,85.0,82.8,85.5,85.7,88.2,87.8,84.8,84.5,83.3,83.4,85.4,81.1,83.4,83.7,83.0,82.5,85.0,77.9,87.6,81.0,86.5,81.6,88.6,89.8,86.8,80.3,87.7,86.3,92.0,89.1,86.0,85.4,90.6,82.5,85.3,84.2,87.2,89.1,88.0,83.5,83.9,88.7,86.5,90.7,85.1,83.1,83.4,83.0,82.8,82.5,85.7,88.5,84.8,92.5,89.7,85.1,82.7,80.8,83.6,89.6,88.5,86.8,83.7,76.5,83.5,82.8,82.7
4339,82.1,75.7,77.4,87.7,86.4,84.5,85.2,83.8,79.6,80.5,80.4,82.2,80.1,80.9,83.4,80.7,82.3,81.9,80.1,78.7,82.8,80.3,82.7,83.3,85.3,85.3,83.2,82.1,81.1,81.1,83.3,78.1,81.0,81.5,81.4,80.5,80.5,74.5,85.1,77.7,84.2,77.1,85.5,86.9,82.5,76.6,85.0,82.9,87.6,86.8,84.1,82.6,87.9,77.6,83.2,81.5,85.4,87.1,86.7,80.9,81.2,87.0,83.4,87.4,81.8,79.6,79.4,81.2,80.1,79.9,82.8,85.8,81.3,90.5,85.7,82.5,79.7,78.3,81.3,86.7,85.8,83.7,81.1,74.5,81.5,80.5,80.6
4340,77.6,71.5,72.8,83.1,82.9,81.7,82.3,79.7,76.4,77.6,77.4,79.0,76.4,78.3,79.9,77.5,77.7,75.4,76.7,75.4,79.2,76.8,78.9,78.8,80.7,81.0,81.2,78.4,77.5,77.9,80.0,74.3,77.3,78.5,78.4,77.1,76.4,70.7,81.2,73.7,81.3,72.6,81.0,81.8,78.6,73.0,80.6,77.7,82.4,81.6,80.4,79.1,83.4,73.3,79.5,77.1,80.9,82.9,83.7,76.0,77.6,82.8,77.5,81.9,77.3,74.7,74.3,78.7,76.5,76.6,78.7,81.0,77.5,85.2,80.3,77.2,76.2,74.9,77.9,81.8,80.9,79.5,74.6,72.1,78.1,77.2,76.4
4341,75.2,69.1,70.3,79.0,79.9,79.5,79.9,76.8,74.7,76.1,75.4,76.6,74.8,76.2,77.5,75.7,75.1,71.6,74.9,73.6,76.6,74.7,76.6,76.2,77.0,78.0,79.6,75.9,75.1,75.8,77.6,72.7,74.1,76.4,75.9,74.2,74.2,68.6,77.5,70.9,79.0,70.5,77.2,78.3,76.3,70.5,77.3,74.7,79.2,74.9,76.8,76.6,79.2,71.0,76.0,73.4,76.6,79.4,79.5,73.3,73.8,76.7,72.5,78.5,73.8,70.8,70.6,77.0,74.8,74.9,75.9,76.9,74.7,81.4,76.9,73.1,74.5,73.1,76.0,77.5,77.3,75.8,68.9,70.4,75.2,75.0,73.1
4342,73.2,67.6,68.3,76.8,77.8,77.9,78.3,75.1,73.4,74.7,74.0,75.2,73.6,74.9,76.1,74.5,73.7,68.8,73.2,72.4,75.1,73.5,75.3,74.6,74.9,76.3,78.2,74.4,73.7,74.5,76.2,71.9,72.4,74.4,74.3,72.5,72.6,67.1,75.5,69.1,77.2,69.1,74.9,76.1,74.4,68.6,74.3,72.5,76.4,72.3,74.0,74.6,76.6,69.4,74.2,70.5,74.3,77.2,75.9,71.3,71.6,73.7,69.8,75.8,71.0,68.3,68.2,75.8,73.4,73.7,74.0,74.4,72.2,79.2,74.0,70.9,73.2,71.8,74.6,75.1,75.4,73.4,67.4,69.1,73.5,73.5,71.3
4343,71.6,66.3,66.9,75.1,76.1,76.4,76.8,73.8,72.4,73.9,73.0,73.9,72.5,73.8,74.8,73.4,72.6,66.7,72.2,71.5,74.0,72.3,74.3,73.6,73.3,74.7,77.0,72.9,72.6,73.4,75.1,70.9,71.1,72.9,73.2,71.4,71.2,65.6,73.8,67.5,75.7,67.9,72.8,74.8,72.6,66.9,71.6,69.9,73.2,70.4,71.9,72.5,74.6,67.9,72.5,67.8,72.7,75.4,72.9,69.6,69.5,71.3,67.3,73.0,69.1,66.3,65.9,74.6,72.4,72.7,72.0,72.6,70.4,77.1,70.8,69.0,72.2,70.8,73.4,73.6,74.0,71.4,66.4,68.2,71.9,72.3,69.9
4344,70.0,65.0,65.6,73.4,74.9,75.3,75.5,72.8,71.6,72.9,72.1,72.6,71.5,72.9,73.9,72.5,71.9,65.0,71.3,70.8,73.0,71.4,73.3,72.5,71.7,73.5,76.0,71.8,71.7,72.4,74.1,70.1,70.0,71.7,72.0,70.5,69.9,64.4,72.4,65.8,74.1,67.0,71.1,73.2,71.0,65.6,69.4,67.9,69.9,68.7,70.4,70.2,72.7,66.9,71.0,65.6,71.2,73.7,70.6,68.2,67.6,69.5,66.0,69.5,67.0,64.6,63.9,73.8,71.5,71.8,70.3,71.1,68.5,75.3,68.1,67.6,71.2,70.1,72.5,72.1,72.8,69.9,65.6,67.3,70.7,71.0,68.6
4345,68.6,63.8,64.4,71.8,73.6,74.0,74.3,72.0,70.9,72.0,71.2,71.7,70.7,71.9,72.6,71.9,71.0,63.4,70.4,70.1,72.0,70.5,72.5,71.5,70.6,72.5,75.0,70.8,70.9,71.5,73.1,69.4,68.8,70.6,71.0,69.3,68.8,63.4,71.1,64.6,72.8,66.1,69.9,71.5,69.4,64.3,67.5,65.7,66.5,66.4,69.1,68.0,70.9,65.7,69.6,63.7,69.7,72.6,68.7,67.0,65.7,68.0,64.5,66.8,64.9,62.7,61.7,72.8,70.6,71.1,68.6,69.5,66.8,73.8,65.3,65.8,70.6,69.4,71.6,70.6,71.7,68.6,64.8,66.4,69.6,70.3,67.8
4346,67.0,63.1,63.5,70.3,72.7,73.0,73.3,71.1,70.0,71.3,70.4,71.0,69.9,71.1,71.8,71.0,70.2,61.9,69.7,69.6,71.1,69.8,71.7,70.5,69.6,71.6,74.2,70.1,70.1,70.8,72.2,68.8,67.9,69.7,70.1,68.4,67.8,62.4,70.1,63.1,71.7,65.2,68.8,70.0,67.8,63.3,65.8,63.7,63.8,64.2,67.8,65.7,69.0,64.5,68.3,61.9,68.4,71.2,66.8,65.3,64.2,66.7,62.5,64.3,63.1,61.0,59.7,71.9,69.9,70.2,67.1,68.1,65.0,72.2,63.2,63.7,69.9,68.7,70.8,69.5,70.5,67.3,63.8,65.8,68.5,69.5,66.9
4347,65.6,62.3,62.5,69.2,71.8,72.2,72.3,70.2,69.3,70.5,69.7,70.3,69.3,70.4,71.1,70.5,69.6,60.2,69.1,68.9,70.3,69.3,71.1,69.6,68.6,70.7,73.5,69.4,69.4,70.1,71.5,68.1,67.2,68.6,69.5,68.2,66.9,61.5,69.2,61.9,70.3,64.3,67.9,68.4,66.4,62.4,64.3,62.1,61.6,62.2,66.6,64.0,67.3,63.5,66.8,60.2,66.9,70.2,65.1,64.0,62.7,65.5,60.6,62.1,61.3,59.3,57.5,71.1,69.2,69.7,65.4,66.8,63.2,70.3,60.9,62.1,69.4,68.1,70.0,68.4,69.5,66.2,62.8,65.1,67.8,68.6,66.3
4348,64.1,61.4,61.7,68.0,70.9,71.5,71.4,69.2,68.7,69.6,69.1,69.6,68.7,69.8,70.5,69.9,69.0,58.8,68.6,68.4,69.5,68.7,70.4,69.0,67.8,69.8,72.8,68.7,68.6,69.6,70.7,67.7,66.4,68.0,68.8,67.4,66.1,60.4,68.1,60.3,69.2,63.8,66.9,67.0,65.3,61.3,62.7,60.7,59.6,60.6,65.6,62.3,65.3,62.5,65.6,58.9,65.8,69.4,63.8,62.4,61.4,64.0,59.3,59.9,59.6,57.5,55.9,70.4,68.7,68.9,63.7,65.9,61.7,69.0,58.9,60.7,68.9,67.6,69.5,67.5,68.6,65.2,61.6,64.6,66.9,67.9,65.6
4349,63.1,60.6,61.2,67.0,70.2,70.9,70.9,68.6,68.1,69.1,68.6,69.1,68.3,69.1,69.8,69.5,68.5,59.0,68.1,68.3,68.9,68.2,69.9,68.1,67.4,69.2,72.1,68.1,67.9,69.0,70.1,67.2,65.6,67.3,68.2,66.8,65.3,59.8,67.0,59.0,68.3,63.3,66.0,65.8,64.1,60.6,61.7,59.9,58.1,59.2,64.5,61.1,63.9,62.2,64.4,59.2,64.9,68.6,62.5,62.5,61.7,62.5,59.1,58.9,58.5,57.5,54.3,69.8,68.2,68.5,62.1,64.8,60.9,67.7,58.3,59.7,68.6,67.3,68.9,66.7,67.8,64.1,60.0,64.8,66.3,67.4,65.0
4350,66.8,63.9,64.7,66.5,70.5,71.0,71.1,69.5,69.4,70.1,70.8,69.9,70.3,69.6,70.0,70.4,69.5,64.3,69.9,70.5,69.7,69.1,70.7,68.4,67.2,69.4,72.7,68.6,69.2,69.9,70.7,69.1,66.2,68.1,68.8,67.7,67.5,62.5,66.5,61.9,68.8,66.5,65.6,67.6,66.8,63.6,63.3,64.6,64.4,59.9,64.5,63.1,64.6,65.5,63.9,63.0,65.5,69.4,62.4,66.0,64.2,62.1,64.0,64.5,60.1,62.4,58.4,70.3,69.6,70.4,62.8,64.1,64.6,69.5,65.2,60.1,70.6,69.2,69.7,66.5,67.8,64.0,61.2,66.8,66.3,67.9,66.4
4351,71.5,68.4,69.8,69.6,72.9,73.0,73.5,72.2,72.3,72.7,73.8,72.3,73.4,71.9,72.8,73.2,72.5,68.3,73.2,73.5,72.6,71.9,73.3,71.0,69.9,72.4,74.5,71.5,71.7,72.8,72.9,71.8,68.9,70.6,70.9,70.4,71.5,67.0,69.1,67.6,71.4,71.3,68.3,71.7,70.9,68.8,67.5,71.3,72.7,66.5,69.7,67.1,70.5,69.6,66.4,67.6,69.0,73.1,65.5,69.7,67.0,65.6,68.5,72.0,62.9,67.2,63.7,72.6,72.7,73.1,68.6,67.6,69.2,75.3,71.4,67.0,73.6,72.2,72.4,69.2,70.8,66.9,66.1,69.4,68.6,70.7,69.5
4352,76.1,72.5,74.3,74.3,76.3,75.7,76.6,75.3,75.3,75.0,76.8,75.2,76.6,74.5,75.8,76.0,75.7,71.6,76.7,76.5,75.7,74.9,76.4,74.1,74.0,75.6,76.9,75.1,74.4,76.0,75.8,74.7,72.1,73.6,73.4,73.2,75.4,71.3,73.1,72.1,74.3,75.7,72.7,75.6,75.1,73.8,72.2,75.9,79.2,73.1,76.1,71.6,76.2,73.8,69.8,71.9,73.1,76.6,69.2,73.1,70.1,69.9,72.1,77.4,66.2,71.0,68.0,75.0,75.9,75.7,74.2,72.6,73.6,79.9,76.2,72.5,76.7,75.1,75.4,73.3,74.5,70.7,70.6,72.0,71.7,73.8,72.6
4353,80.1,76.3,78.2,78.9,79.6,78.6,79.6,78.8,77.8,77.5,79.3,78.1,79.1,77.0,78.7,78.5,78.8,74.8,79.4,79.0,78.6,77.5,79.3,77.4,77.9,78.9,79.2,78.3,77.0,78.3,78.7,77.3,75.2,76.6,76.0,75.7,78.9,75.2,77.1,75.7,77.5,79.3,76.8,79.2,79.2,77.7,76.8,79.7,84.1,78.9,80.4,76.4,81.5,77.5,74.0,75.4,77.4,79.9,72.8,76.0,73.6,74.0,75.5,81.8,69.9,74.7,72.0,77.5,78.5,78.2,79.2,77.2,78.1,83.1,80.1,77.5,79.5,77.5,78.0,77.5,77.9,75.0,73.4,74.5,74.6,76.6,75.4
4354,83.9,79.9,81.3,82.7,82.6,81.3,82.4,81.5,80.1,79.6,81.6,80.5,81.2,79.1,81.4,80.5,81.5,77.9,81.3,81.0,81.3,79.6,81.5,80.4,81.4,82.1,81.3,80.6,79.3,80.3,81.4,79.5,77.9,79.1,78.4,78.1,82.1,78.3,80.7,79.1,80.5,82.3,80.4,82.6,82.9,81.0,80.9,82.9,88.1,83.1,83.5,80.7,85.7,80.6,77.9,78.4,80.5,83.0,76.2,78.5,77.1,77.6,78.4,85.2,73.6,77.9,75.7,79.6,80.5,80.4,82.7,81.0,81.9,86.0,83.3,81.2,81.7,79.4,80.4,81.1,81.1,78.8,76.1,76.5,77.4,79.1,78.0
4355,87.0,82.9,83.8,85.9,85.1,83.7,84.7,83.9,81.8,81.6,83.4,82.3,83.1,81.2,83.7,82.3,83.6,80.9,82.7,82.5,83.5,81.3,83.5,82.7,84.2,84.5,83.2,82.7,81.4,82.2,83.4,81.4,80.2,81.1,80.3,80.1,84.6,81.5,83.5,82.1,83.3,84.4,83.5,85.7,86.1,83.8,84.4,85.6,91.5,86.6,85.9,84.2,89.2,83.3,80.8,80.7,83.1,85.6,79.5,80.6,80.2,80.5,81.3,87.8,77.2,80.8,79.4,81.4,82.1,82.2,85.6,84.0,85.1,88.6,86.0,84.3,83.4,80.9,82.5,84.1,83.9,82.0,78.6,78.1,79.7,81.0,80.0
4356,89.4,85.1,85.8,88.3,87.3,85.5,86.6,85.7,83.1,83.3,84.7,83.8,84.4,82.7,85.4,83.6,85.3,83.3,83.9,83.7,85.1,82.8,85.2,84.6,86.8,86.5,84.8,84.4,83.0,83.7,85.1,82.5,82.2,82.9,81.8,81.6,86.5,83.5,85.7,84.5,85.7,86.2,86.0,88.3,88.9,85.5,87.3,87.7,94.1,89.1,87.4,87.1,91.5,85.4,83.1,82.7,85.0,87.5,82.3,82.5,82.7,83.1,83.7,90.1,80.6,83.0,82.7,82.9,83.7,83.5,87.5,86.5,87.8,90.8,88.5,86.3,84.7,82.0,84.1,86.7,86.2,84.5,81.2,79.3,81.7,82.7,81.7
4357,91.2,85.9,87.1,90.2,88.9,87.1,88.2,87.2,84.1,84.1,85.5,84.8,85.5,83.6,86.8,84.6,86.4,85.4,84.9,84.4,86.3,83.9,86.3,86.2,88.7,88.1,86.0,85.6,84.2,84.8,86.2,83.5,83.7,84.2,83.1,82.9,87.8,84.3,87.4,85.7,87.8,87.1,88.1,90.2,90.9,86.3,89.3,89.2,95.7,90.5,88.3,89.1,93.2,87.1,84.7,84.2,86.5,89.0,84.7,83.6,84.6,85.4,85.9,92.0,83.7,84.5,85.4,84.0,84.8,84.7,89.1,88.4,89.8,92.4,90.5,87.5,85.4,82.8,85.2,89.1,88.2,86.7,83.2,80.1,83.1,83.8,83.2
4358,92.3,86.2,88.1,91.5,90.1,88.1,89.3,88.0,84.5,85.0,86.0,85.4,86.1,84.4,87.8,85.4,87.2,87.1,85.4,85.1,86.9,84.7,87.1,87.3,89.8,89.3,86.7,86.5,85.0,85.5,87.0,84.1,84.8,85.1,84.1,83.9,89.0,84.4,88.6,86.4,89.3,87.7,89.6,91.4,92.2,86.3,90.5,90.1,96.5,91.4,88.8,90.1,94.1,88.2,86.0,85.4,87.7,90.1,86.8,84.8,86.0,87.3,87.6,93.4,86.1,85.7,87.4,84.8,85.4,85.3,89.7,89.9,90.5,93.7,92.0,87.7,86.0,83.4,86.0,90.6,89.5,88.1,84.5,80.5,84.4,84.5,84.2
4359,92.4,85.6,88.2,92.3,90.7,88.7,89.6,88.5,84.8,85.1,86.1,85.8,86.1,84.7,88.2,85.6,87.1,88.0,85.6,85.2,87.4,85.3,87.7,87.9,90.5,89.7,86.9,86.8,85.1,85.9,87.3,84.2,85.4,85.9,84.8,84.5,89.2,84.0,89.4,85.9,89.6,87.5,90.2,91.9,92.3,85.5,90.7,90.0,96.3,91.4,88.5,90.2,93.9,88.5,86.8,86.1,88.5,90.6,88.1,85.4,86.6,88.8,88.7,93.9,87.4,86.5,88.4,85.2,85.3,85.4,89.7,90.8,90.4,94.3,92.7,87.8,85.8,83.5,86.2,91.5,90.3,89.3,85.4,80.3,85.2,84.8,84.6
4360,91.6,83.7,87.4,92.4,90.9,88.8,89.6,88.4,84.5,84.7,85.8,85.8,85.6,84.3,88.1,85.3,87.0,88.2,85.2,84.6,87.1,84.9,87.5,88.0,90.6,89.9,86.5,86.5,85.1,85.6,87.3,83.9,85.5,85.9,84.9,84.7,89.0,82.4,89.7,84.9,89.2,86.3,90.5,92.0,91.6,84.3,90.4,89.6,95.8,91.0,88.0,89.3,93.1,87.8,87.0,86.3,88.7,90.9,88.7,85.6,86.6,89.7,89.2,94.0,87.8,86.4,88.1,85.0,84.8,84.8,88.9,91.0,88.6,94.1,92.8,87.6,85.1,83.0,85.6,91.8,90.5,89.5,85.6,79.4,85.4,84.7,84.7
4361,89.9,81.9,85.7,91.8,90.2,88.2,89.0,87.8,83.8,84.2,84.7,85.3,84.6,83.7,87.5,84.6,86.2,87.7,84.4,83.2,86.5,84.2,86.9,87.3,89.8,89.5,85.9,85.9,84.5,84.9,86.7,82.9,85.0,85.3,84.5,84.2,87.7,80.3,89.1,83.2,88.1,84.3,90.0,91.1,89.7,82.6,89.4,88.3,94.5,90.4,87.1,87.6,91.8,86.0,86.6,86.0,88.4,90.4,88.8,85.2,85.8,89.8,88.5,92.8,87.2,85.6,86.5,84.2,84.0,84.2,87.3,90.1,86.9,93.3,91.9,86.6,84.3,82.2,85.0,91.2,90.1,88.7,85.2,78.2,84.9,84.2,84.2
4362,87.0,79.4,82.7,90.3,88.9,86.9,87.5,86.4,82.3,83.0,83.3,84.2,83.1,82.6,86.1,83.2,85.0,86.2,82.9,81.6,85.1,82.9,85.6,85.9,88.4,87.9,84.9,84.6,83.4,83.4,85.5,81.3,83.8,84.0,83.4,82.9,85.0,77.9,87.6,80.8,86.4,81.6,88.7,89.6,87.0,80.2,87.5,86.3,91.9,89.0,85.6,85.5,90.3,82.8,85.5,84.8,87.3,89.3,88.2,84.0,84.5,89.1,87.0,90.8,85.5,83.7,83.8,83.1,82.7,82.7,85.3,88.5,84.7,92.3,89.8,84.9,82.8,80.9,83.6,89.7,88.6,87.1,83.9,76.6,83.7,83.0,83.1
4363,82.2,75.7,77.5,87.8,86.6,84.6,85.3,84.0,79.8,80.6,80.5,82.4,80.2,80.9,83.5,80.9,82.3,82.6,80.1,78.7,82.8,80.4,82.8,83.4,85.6,85.4,83.2,82.2,81.2,81.2,83.4,78.3,81.2,81.8,81.8,80.9,80.5,74.5,85.2,77.6,84.1,77.1,85.7,86.8,82.7,76.6,84.7,82.9,87.5,86.7,83.8,82.7,87.6,77.8,83.4,82.1,85.5,87.2,86.9,81.5,81.8,87.3,83.9,87.6,82.2,80.2,79.8,81.2,80.1,80.1,82.5,85.8,81.2,90.3,85.8,82.3,79.8,78.4,81.3,86.9,86.0,84.0,81.3,74.5,81.7,80.7,81.0
4364,77.8,71.5,72.9,83.2,83.1,81.7,82.3,79.9,76.6,77.6,77.5,79.1,76.5,78.4,80.0,77.7,77.7,75.8,76.8,75.4,79.3,77.0,79.0,79.0,80.9,81.2,81.3,78.5,77.6,77.9,80.1,74.5,77.5,78.9,78.9,77.4,76.3,70.8,81.3,73.7,81.1,72.8,81.3,81.7,78.7,73.0,80.4,77.8,82.5,81.4,80.3,79.2,83.2,73.4,79.6,77.6,81.1,83.0,84.0,76.5,78.1,83.0,77.9,82.1,77.7,75.1,74.8,78.7,76.5,76.7,78.6,81.0,77.4,85.1,80.5,77.1,76.3,75.0,78.0,82.0,81.1,79.7,74.7,72.2,78.3,77.4,76.7
4365,75.4,69.1,70.3,79.2,80.1,79.5,79.9,77.0,75.0,76.2,75.5,76.8,74.9,76.3,77.6,75.9,75.1,72.0,74.9,73.6,76.7,74.9,76.7,76.4,77.2,78.1,79.8,76.0,75.4,76.0,77.8,72.9,74.4,76.7,76.3,74.5,74.1,68.7,77.6,70.9,78.9,70.6,77.5,78.2,76.4,70.5,77.2,74.8,79.1,75.0,76.7,76.8,79.1,71.2,76.1,73.8,76.9,79.5,79.8,73.7,74.3,76.9,72.9,78.7,74.2,71.2,71.0,77.2,74.8,75.0,75.8,77.0,74.7,81.4,77.2,73.0,74.6,73.1,76.1,77.8,77.5,76.0,69.0,70.5,75.5,75.2,73.4
4366,73.3,67.6,68.4,76.9,78.0,77.9,78.4,75.4,73.7,74.8,74.1,75.3,73.7,75.1,76.1,74.8,73.8,69.2,73.4,72.5,75.2,73.7,75.5,74.8,75.1,76.5,78.4,74.5,73.9,74.6,76.3,72.1,72.7,74.8,74.7,72.8,72.5,67.3,75.6,69.1,77.1,69.3,75.2,76.0,74.4,68.6,74.3,72.6,76.4,72.3,73.9,74.8,76.5,69.6,74.4,71.0,74.6,77.3,76.2,71.7,72.0,73.9,70.0,76.1,71.4,68.8,68.6,76.0,73.5,73.8,73.9,74.5,72.2,79.1,74.2,70.9,73.3,71.9,74.7,75.5,75.6,73.6,67.5,69.2,73.8,73.7,71.5
4367,71.7,66.5,67.1,75.2,76.3,76.5,76.9,74.1,72.6,73.9,73.1,74.0,72.6,74.0,74.9,73.6,72.8,67.0,72.4,71.6,74.2,72.6,74.5,73.9,73.5,74.9,77.3,73.1,72.8,73.5,75.3,71.0,71.4,73.2,73.5,71.7,71.3,65.8,73.9,67.5,75.7,68.1,73.1,74.8,72.7,67.1,71.6,70.0,73.2,70.4,71.8,72.6,74.6,68.2,72.7,68.1,72.9,75.5,73.1,69.9,69.9,71.6,67.7,73.1,69.5,66.7,66.3,74.9,72.5,72.8,71.9,72.6,70.4,77.0,71.0,69.0,72.3,70.9,73.6,73.9,74.2,71.6,66.4,68.3,72.1,72.6,70.2
4368,70.0,65.2,65.7,73.5,75.0,75.3,75.6,73.1,71.8,73.0,72.2,72.8,71.7,73.1,74.0,72.7,72.0,65.4,71.4,70.8,73.2,71.6,73.5,72.8,72.0,73.7,76.3,71.9,72.0,72.6,74.3,70.3,70.3,72.0,72.5,70.9,70.0,64.6,72.5,65.7,74.0,67.1,71.3,73.1,71.1,65.8,69.3,68.0,69.9,68.8,70.4,70.4,72.7,67.1,71.2,65.9,71.4,73.9,70.9,68.5,68.0,69.7,66.3,69.7,67.4,65.0,64.3,74.0,71.6,71.9,70.2,71.1,68.5,75.3,68.3,67.5,71.3,70.2,72.6,72.3,73.0,70.1,65.7,67.4,70.9,71.3,68.9
4369,68.6,64.0,64.6,71.9,73.7,74.1,74.4,72.1,71.2,72.1,71.4,72.0,71.0,72.0,72.7,72.1,71.2,63.6,70.6,70.1,72.2,70.8,72.7,71.8,70.8,72.7,75.2,70.9,71.1,71.6,73.3,69.6,69.1,71.0,71.4,69.7,69.0,63.5,71.3,64.6,72.7,66.2,70.2,71.5,69.6,64.6,67.6,65.8,66.6,66.6,69.1,68.2,71.0,65.9,69.8,64.0,70.0,72.7,69.0,67.2,66.1,68.2,64.6,67.0,65.3,63.1,62.1,73.1,70.8,71.2,68.6,69.6,66.8,73.8,65.6,66.0,70.7,69.5,71.8,70.9,71.8,69.0,64.9,66.6,69.8,70.6,68.0
4370,67.1,63.2,63.6,70.4,72.7,73.2,73.4,71.2,70.3,71.5,70.6,71.2,70.2,71.3,71.8,71.2,70.4,62.2,69.9,69.7,71.3,70.0,72.0,70.7,69.8,71.8,74.5,70.2,70.4,70.9,72.4,69.0,68.2,70.0,70.4,68.8,67.9,62.5,70.2,63.0,71.5,65.3,69.0,70.0,68.0,63.5,65.9,63.8,63.7,64.3,67.8,65.9,69.1,64.8,68.4,62.1,68.6,71.3,67.1,65.6,64.5,66.9,62.7,64.5,63.5,61.4,60.1,72.2,70.1,70.4,67.2,68.2,65.1,72.2,63.5,63.9,70.1,68.9,71.0,69.7,70.7,67.6,64.1,66.0,68.8,69.7,67.1
4371,65.6,62.4,62.7,69.3,71.9,72.2,72.4,70.4,69.6,70.7,69.9,70.6,69.5,70.5,71.2,70.7,69.8,60.5,69.3,69.0,70.4,69.5,71.3,69.8,68.8,70.8,73.7,69.4,69.6,70.3,71.6,68.3,67.5,68.9,69.7,68.4,67.1,61.6,69.4,61.9,70.3,64.5,68.1,68.3,66.5,62.5,64.3,62.2,61.6,62.4,66.8,64.1,67.4,63.8,67.0,60.4,67.1,70.3,65.4,64.2,63.0,65.6,60.7,62.3,61.7,59.6,57.9,71.4,69.4,69.8,65.5,66.9,63.4,70.4,61.2,62.3,69.5,68.3,70.3,68.6,69.6,66.5,62.9,65.3,68.0,68.9,66.5
4372,64.2,61.5,61.8,68.1,71.0,71.6,71.5,69.3,69.0,69.8,69.4,69.8,69.0,70.0,70.6,70.1,69.2,59.1,68.8,68.5,69.7,69.0,70.7,69.2,67.9,69.9,73.0,68.8,68.8,69.7,70.8,67.9,66.7,68.3,69.0,67.7,66.2,60.5,68.3,60.3,69.2,63.9,67.1,66.9,65.4,61.3,62.7,60.8,59.5,60.7,65.8,62.5,65.4,62.7,65.8,59.1,66.1,69.6,64.1,62.7,61.6,64.1,59.4,60.0,60.0,57.8,56.4,70.7,68.8,69.2,63.9,66.0,61.9,69.1,59.2,61.0,69.1,67.8,69.7,67.6,68.8,65.4,61.9,64.7,67.1,68.1,65.8
4373,63.2,60.7,61.3,67.1,70.3,71.0,70.9,68.7,68.4,69.3,68.8,69.3,68.6,69.3,69.8,69.7,68.6,59.3,68.3,68.4,69.1,68.4,70.1,68.3,67.5,69.3,72.4,68.2,68.1,69.2,70.2,67.3,65.9,67.6,68.4,67.0,65.5,59.8,67.2,59.0,68.3,63.5,66.2,65.8,64.1,60.6,61.7,60.0,58.1,59.4,64.6,61.3,64.1,62.4,64.6,59.3,65.1,68.9,62.9,62.8,62.0,62.6,59.2,58.9,58.9,57.7,54.7,70.1,68.4,68.7,62.3,64.9,61.1,67.8,58.6,59.9,68.8,67.5,69.1,66.8,67.9,64.3,60.5,64.9,66.5,67.6,65.3
4374,66.8,64.0,64.8,66.6,70.5,71.0,71.1,69.6,69.6,70.3,70.9,70.1,70.6,69.8,70.0,70.6,69.6,64.6,70.0,70.6,69.8,69.3,70.8,68.5,67.3,69.4,72.9,68.7,69.3,70.1,70.8,69.2,66.4,68.3,69.0,67.8,67.6,62.6,66.7,61.7,68.7,66.7,65.8,67.6,66.9,63.6,63.4,64.7,64.3,60.0,64.6,63.2,64.7,65.8,64.2,63.2,65.7,69.7,62.7,66.3,64.5,62.3,64.2,64.6,60.4,62.7,58.7,70.5,69.7,70.5,63.0,64.2,64.8,69.6,65.3,60.2,70.8,69.4,69.9,66.6,68.0,64.2,61.5,66.9,66.6,68.1,66.6
4375,71.6,68.4,69.9,69.7,72.9,73.1,73.6,72.2,72.5,72.8,73.9,72.5,73.6,72.0,72.8,73.3,72.6,68.7,73.3,73.5,72.7,72.0,73.4,71.1,69.9,72.4,74.7,71.5,71.8,72.9,73.0,71.9,69.1,70.8,71.1,70.5,71.6,67.1,69.3,67.5,71.3,71.5,68.4,71.7,71.0,68.8,67.5,71.3,72.6,66.5,69.7,67.2,70.5,69.8,66.6,68.0,69.2,73.2,65.8,70.1,67.3,65.7,68.8,72.2,63.3,67.5,64.0,72.8,72.9,73.3,68.6,67.6,69.4,75.3,71.6,67.2,73.8,72.4,72.5,69.4,70.9,67.2,66.4,69.5,68.8,70.8,69.7
4376,76.1,72.5,74.4,74.5,76.3,75.7,76.7,75.3,75.4,75.1,76.9,75.4,76.7,74.6,75.8,76.2,75.7,71.9,76.6,76.6,75.6,75.1,76.4,74.3,74.1,75.7,77.0,75.0,74.5,76.1,75.9,74.7,72.4,73.8,73.6,73.3,75.5,71.3,73.3,72.0,74.2,76.0,72.7,75.5,75.2,73.9,72.0,75.9,79.1,73.2,76.0,71.7,76.2,74.0,70.0,72.3,73.3,76.7,69.5,73.6,70.4,70.1,72.5,77.6,66.5,71.4,68.3,75.2,75.9,75.9,74.0,72.7,73.8,79.9,76.4,72.5,76.9,75.3,75.4,73.5,74.6,70.9,71.0,72.1,72.0,73.9,72.8
4377,80.1,76.3,78.2,79.1,79.7,78.6,79.6,78.8,78.0,77.5,79.4,78.2,79.2,77.0,78.7,78.7,78.8,75.2,79.3,79.2,78.6,77.7,79.2,77.6,77.9,79.0,79.4,78.3,77.0,78.4,78.7,77.4,75.5,76.9,76.2,75.9,79.0,75.1,77.3,75.7,77.5,79.6,76.8,79.1,79.3,77.8,76.6,79.7,84.1,79.0,80.3,76.6,81.5,77.6,74.1,75.9,77.5,80.0,73.1,76.5,74.0,74.3,75.8,82.1,70.3,75.1,72.5,77.6,78.6,78.3,79.0,77.3,78.3,83.0,80.3,77.5,79.6,77.7,78.0,77.6,78.1,75.2,73.8,74.6,74.8,76.7,75.7
4378,83.9,79.9,81.3,82.8,82.7,81.3,82.4,81.6,80.2,79.6,81.7,80.6,81.4,79.1,81.5,80.7,81.5,78.3,81.2,81.2,81.3,79.7,81.6,80.5,81.3,82.2,81.4,80.6,79.4,80.5,81.4,79.6,78.2,79.4,78.6,78.4,82.3,78.3,80.9,79.0,80.4,82.6,80.4,82.5,83.0,81.1,80.7,83.0,88.1,83.2,83.4,80.9,85.5,80.8,78.1,78.9,80.7,83.2,76.6,79.0,77.5,77.9,78.8,85.5,74.0,78.4,76.2,79.7,80.6,80.6,82.5,81.1,82.1,85.8,83.5,81.2,81.8,79.7,80.4,81.1,81.3,78.9,76.5,76.7,77.6,79.3,78.3
4379,87.0,82.8,83.7,86.0,85.3,83.7,84.8,84.0,82.0,81.7,83.5,82.4,83.3,81.2,83.8,82.5,83.6,81.4,82.9,82.8,83.4,81.5,83.6,82.8,84.2,84.7,83.3,82.7,81.6,82.3,83.4,81.5,80.6,81.4,80.6,80.3,84.7,81.4,83.8,82.0,83.2,84.7,83.5,85.6,86.2,83.9,84.2,85.6,91.5,86.6,85.7,84.4,89.0,83.4,81.0,81.2,83.3,85.7,80.0,81.2,80.7,80.9,81.7,88.2,77.7,81.3,79.9,81.4,82.2,82.5,85.4,84.2,85.2,88.5,86.3,84.3,83.5,81.3,82.5,84.1,84.0,82.1,79.0,78.2,79.9,81.2,80.3
4380,89.3,85.0,85.8,88.4,87.4,85.6,86.7,85.9,83.3,83.4,84.9,83.9,84.7,82.7,85.5,83.9,85.3,83.8,84.0,84.0,85.1,83.0,85.2,84.6,86.7,86.7,84.9,84.5,83.2,83.7,85.1,82.7,82.5,83.2,82.2,81.9,86.6,83.5,86.1,84.4,85.6,86.4,85.9,88.2,88.9,85.4,87.1,87.8,94.1,89.2,87.3,87.2,91.4,85.5,83.4,83.3,85.2,87.7,82.8,83.1,83.3,83.6,84.2,90.4,81.0,83.5,83.1,83.0,83.8,83.8,87.3,86.6,87.9,90.7,88.8,86.3,84.7,82.3,84.2,86.7,86.2,84.6,81.6,79.4,81.9,82.9,82.1
4381,91.1,85.9,87.0,90.3,89.1,87.2,88.3,87.4,84.3,84.3,85.7,84.9,85.8,83.7,87.0,84.8,86.5,85.9,84.9,84.7,86.4,84.0,86.3,86.2,88.7,88.3,86.1,85.8,84.4,84.9,86.3,83.7,83.9,84.5,83.5,83.1,88.0,84.4,87.7,85.6,87.7,87.4,88.0,90.1,90.9,86.3,89.1,89.3,95.7,90.6,88.2,89.3,93.0,87.2,84.9,84.8,86.7,89.2,85.2,84.2,85.2,85.8,86.4,92.3,84.1,85.1,85.8,84.1,84.9,84.9,88.8,88.6,89.9,92.4,90.8,87.4,85.4,83.1,85.3,89.0,88.1,86.7,83.6,80.3,83.4,84.0,83.6
4382,92.3,86.2,87.9,91.6,90.1,88.2,89.5,88.1,84.7,85.2,86.3,85.5,86.3,84.5,88.0,85.6,87.3,87.7,85.6,85.3,87.1,84.8,87.1,87.3,89.8,89.4,86.9,86.6,85.2,85.5,87.2,84.3,85.0,85.4,84.5,84.3,89.0,84.5,88.9,86.2,89.1,87.9,89.5,91.3,92.2,86.2,90.4,90.1,96.5,91.4,88.7,90.3,93.9,88.3,86.2,86.0,87.9,90.3,87.3,85.4,86.7,87.8,88.1,93.8,86.5,86.3,87.9,84.9,85.5,85.6,89.4,90.1,90.5,93.6,92.3,87.5,86.0,83.6,86.1,90.5,89.4,88.1,84.9,80.6,84.6,84.7,84.5
4383,92.4,85.6,88.1,92.5,90.7,88.8,89.7,88.6,85.0,85.3,86.3,85.9,86.3,84.8,88.3,85.8,87.2,88.6,85.7,85.4,87.5,85.4,87.7,87.8,90.5,89.8,87.0,87.0,85.3,85.9,87.5,84.4,85.6,86.1,85.1,84.8,89.1,84.0,89.5,85.7,89.4,87.6,90.3,91.9,92.2,85.5,90.6,89.9,96.4,91.4,88.3,90.4,93.7,88.7,87.0,86.7,88.7,90.8,88.7,86.1,87.4,89.2,89.3,94.2,87.8,87.1,88.8,85.3,85.3,85.6,89.5,90.9,90.3,94.2,93.0,87.6,85.9,83.7,86.3,91.4,90.2,89.3,85.9,80.4,85.4,85.0,84.9
4384,91.6,83.8,87.4,92.6,90.9,88.9,89.7,88.4,84.6,84.9,86.0,85.9,85.8,84.5,88.2,85.4,87.2,88.8,85.3,84.9,87.1,85.0,87.5,88.0,90.6,90.0,86.7,86.7,85.2,85.7,87.4,84.1,85.7,86.1,85.2,85.0,89.0,82.5,89.8,84.6,89.0,86.4,90.5,91.9,91.6,84.4,90.3,89.5,95.8,91.0,87.9,89.5,92.9,87.9,87.2,86.9,88.8,91.1,89.3,86.3,87.4,90.2,89.8,94.2,88.2,87.0,88.4,85.1,84.8,84.9,88.6,91.1,88.6,94.0,93.0,87.5,85.3,83.2,85.7,91.7,90.3,89.5,86.0,79.6,85.6,85.0,85.0
4385,90.1,82.0,85.7,91.9,90.2,88.2,89.0,87.9,83.9,84.4,84.9,85.4,84.7,83.9,87.6,84.7,86.4,88.2,84.4,83.4,86.6,84.3,87.0,87.4,89.9,89.6,86.0,85.9,84.7,85.0,86.8,83.0,85.1,85.5,84.8,84.4,87.5,80.4,89.3,82.9,87.9,84.4,90.0,91.0,89.8,82.7,89.3,88.2,94.5,90.4,87.0,87.7,91.6,86.2,86.8,86.7,88.5,90.6,89.4,85.9,86.5,90.4,89.1,93.0,87.5,86.1,86.7,84.3,84.0,84.3,86.9,90.0,87.1,93.2,92.1,86.5,84.4,82.4,85.1,91.1,90.1,88.8,85.6,78.5,85.1,84.5,84.5
4386,87.1,79.5,82.7,90.3,88.9,86.9,87.6,86.5,82.4,83.2,83.5,84.2,83.2,82.8,86.1,83.3,85.2,86.8,82.9,81.8,85.3,83.0,85.6,86.0,88.6,88.0,85.1,84.7,83.6,83.5,85.7,81.4,83.8,84.1,83.7,83.1,84.9,78.2,87.8,80.6,86.0,81.6,88.6,89.4,87.1,80.3,87.2,86.2,92.0,89.0,85.5,85.7,90.0,82.9,85.6,85.4,87.4,89.3,88.8,84.7,85.1,89.6,87.6,91.0,85.7,84.2,84.0,83.2,82.7,82.8,85.0,88.4,84.8,92.1,90.1,84.8,82.9,81.2,83.8,89.7,88.6,87.2,84.3,76.9,83.8,83.2,83.5
4387,82.3,75.8,77.5,87.8,86.6,84.7,85.4,84.1,79.9,80.9,80.7,82.4,80.3,81.1,83.6,81.0,82.5,83.1,80.1,78.9,83.0,80.5,82.9,83.4,85.7,85.5,83.5,82.2,81.5,81.2,83.5,78.4,81.3,82.0,82.0,81.1,80.5,74.7,85.3,77.4,83.8,77.1,85.8,86.6,82.8,76.7,84.4,82.8,87.6,86.7,83.6,82.8,87.3,77.9,83.5,82.7,85.6,87.3,87.6,82.1,82.4,87.8,84.5,87.7,82.4,80.7,80.0,81.4,80.1,80.2,82.2,85.7,81.3,90.1,86.1,82.2,79.9,78.6,81.5,86.9,85.9,84.2,81.6,74.8,81.7,80.9,81.2
4388,77.9,71.6,72.9,83.2,83.2,81.8,82.4,80.0,76.8,77.8,77.7,79.2,76.8,78.5,80.1,77.8,77.8,76.4,76.8,75.6,79.5,77.1,79.2,79.0,81.1,81.3,81.5,78.5,77.8,78.0,80.3,74.7,77.6,79.1,79.2,77.6,76.3,71.0,81.4,73.5,80.9,72.9,81.5,81.5,78.9,73.0,80.2,77.9,82.5,81.4,80.2,79.3,83.1,73.5,79.8,78.3,81.3,83.2,84.6,77.1,78.7,83.5,78.5,82.3,77.9,75.6,75.0,78.9,76.5,76.8,78.4,80.9,77.5,85.0,80.8,77.1,76.5,75.2,78.1,82.0,81.0,79.9,74.9,72.5,78.4,77.6,76.9
4389,75.5,69.2,70.3,79.4,80.1,79.6,80.1,77.1,75.1,76.4,75.7,76.9,75.1,76.5,77.7,75.9,75.2,72.6,74.8,73.8,76.9,75.1,76.9,76.4,77.4,78.2,79.9,76.2,75.5,76.1,77.9,73.1,74.5,76.9,76.6,74.6,74.1,68.8,77.8,70.8,78.7,70.8,77.6,78.1,76.5,70.7,77.1,74.7,79.1,75.1,76.7,77.0,78.9,71.4,76.4,74.4,77.1,79.7,80.3,74.4,74.9,77.3,73.5,78.9,74.4,71.8,71.3,77.4,74.8,75.1,75.6,77.0,74.8,81.2,77.4,73.2,74.8,73.3,76.3,77.9,77.5,76.1,69.4,70.7,75.6,75.4,73.6
4390,73.4,67.6,68.5,77.1,78.1,78.0,78.5,75.5,73.9,75.0,74.3,75.4,73.9,75.2,76.3,74.9,73.9,69.7,73.6,72.7,75.4,73.9,75.7,74.8,75.2,76.6,78.6,74.7,74.0,74.8,76.5,72.3,72.8,75.0,75.0,73.0,72.5,67.4,75.8,68.9,76.9,69.4,75.4,75.9,74.6,68.8,74.3,72.6,76.5,72.6,73.9,74.9,76.4,69.7,74.6,71.6,74.9,77.5,76.7,72.4,72.6,74.2,70.6,76.2,71.7,69.4,68.9,76.1,73.6,73.9,73.8,74.6,72.3,79.0,74.6,71.0,73.5,72.0,74.9,75.5,75.7,73.7,67.9,69.4,74.0,73.9,71.7
4391,71.8,66.6,67.2,75.4,76.3,76.7,77.1,74.2,72.8,74.1,73.3,74.1,72.8,74.2,75.1,73.7,72.9,67.5,72.6,71.7,74.3,72.7,74.7,73.8,73.7,75.1,77.4,73.2,72.9,73.7,75.4,71.3,71.6,73.4,73.8,71.9,71.3,65.9,74.0,67.3,75.5,68.3,73.3,74.7,72.9,67.3,71.6,70.0,73.3,70.7,71.9,72.8,74.5,68.4,72.9,68.8,73.2,75.7,73.6,70.5,70.4,72.0,68.2,73.4,69.8,67.3,66.6,75.1,72.5,72.9,71.9,72.8,70.6,76.9,71.2,69.2,72.5,71.0,73.7,73.9,74.3,71.8,66.9,68.5,72.2,72.8,70.4
4392,70.2,65.4,65.8,73.6,75.0,75.5,75.8,73.1,71.9,73.1,72.4,72.9,71.9,73.2,74.1,72.9,72.1,66.0,71.6,71.0,73.3,71.8,73.7,72.8,72.1,73.8,76.5,72.1,72.1,72.8,74.3,70.5,70.5,72.2,72.7,71.1,70.1,64.8,72.6,65.6,73.9,67.1,71.5,73.1,71.2,65.9,69.4,68.0,70.1,68.9,70.5,70.5,72.7,67.3,71.4,66.6,71.8,74.2,71.4,69.1,68.5,70.1,66.8,69.9,67.8,65.7,64.5,74.2,71.8,72.0,70.2,71.4,68.7,75.3,68.5,67.7,71.6,70.4,72.8,72.4,73.0,70.3,66.2,67.6,71.1,71.5,69.0
4393,68.8,64.2,64.7,72.1,73.8,74.3,74.6,72.2,71.3,72.2,71.5,72.0,71.2,72.1,72.9,72.2,71.3,64.2,70.8,70.3,72.3,70.9,72.9,71.8,70.9,72.8,75.4,71.1,71.2,71.8,73.4,69.9,69.3,71.1,71.6,69.8,69.1,63.7,71.4,64.5,72.5,66.3,70.3,71.5,69.7,64.7,67.7,65.9,66.7,66.7,69.1,68.2,71.0,66.1,70.1,64.7,70.3,73.0,69.5,67.8,66.6,68.7,65.1,66.9,65.8,63.8,62.4,73.2,70.9,71.3,68.7,69.8,67.0,73.7,65.8,66.2,70.9,69.7,71.9,70.9,71.8,69.1,65.4,66.7,70.0,70.7,68.1
4394,67.2,63.4,63.7,70.6,72.9,73.3,73.6,71.3,70.5,71.6,70.8,71.3,70.3,71.4,72.0,71.4,70.4,62.8,70.1,69.9,71.4,70.2,72.1,70.9,69.8,71.9,74.6,70.3,70.4,71.1,72.5,69.2,68.4,70.2,70.6,68.9,68.1,62.7,70.5,62.9,71.4,65.4,69.1,70.0,68.1,63.6,65.9,64.0,63.7,64.4,67.9,65.9,69.1,64.9,68.7,62.8,69.0,71.6,67.6,66.2,65.0,67.4,63.1,64.3,63.8,62.0,60.4,72.3,70.2,70.5,67.3,68.3,65.3,72.2,63.7,64.2,70.3,69.1,71.1,69.7,70.7,67.8,64.5,66.1,69.0,69.8,67.2
4395,65.7,62.7,62.7,69.5,72.0,72.4,72.6,70.5,69.7,70.8,70.0,70.6,69.7,70.6,71.3,70.9,69.9,61.2,69.4,69.2,70.5,69.7,71.5,70.0,68.9,70.9,73.9,69.6,69.6,70.5,71.7,68.6,67.7,69.0,69.9,68.5,67.2,61.8,69.6,61.8,70.2,64.6,68.1,68.4,66.6,62.6,64.3,62.3,61.7,62.5,66.7,64.1,67.5,63.9,67.3,61.0,67.5,70.5,65.9,64.9,63.6,66.0,61.2,62.2,62.0,60.2,58.2,71.5,69.5,69.9,65.6,67.0,63.6,70.3,61.4,62.6,69.7,68.5,70.4,68.7,69.6,66.7,63.4,65.4,68.1,69.0,66.5
4396,64.3,61.7,61.9,68.2,71.1,71.8,71.7,69.5,69.1,69.9,69.5,69.9,69.1,70.1,70.7,70.2,69.3,59.7,68.9,68.6,69.8,69.1,70.8,69.3,68.0,70.1,73.2,68.9,68.8,69.9,71.0,68.1,66.9,68.4,69.2,67.8,66.3,60.8,68.5,60.2,69.1,64.0,67.2,67.0,65.4,61.4,62.8,60.9,59.6,60.9,65.8,62.5,65.5,62.9,66.1,59.7,66.4,69.9,64.6,63.4,62.1,64.4,59.8,60.0,60.3,58.4,56.6,70.8,68.9,69.3,64.2,66.1,62.1,69.0,59.5,61.2,69.2,67.9,69.8,67.8,68.8,65.7,62.3,64.8,67.2,68.2,65.8
4397,63.3,60.9,61.5,67.3,70.4,71.1,71.1,68.9,68.6,69.5,69.0,69.4,68.7,69.4,70.0,69.9,68.7,59.9,68.4,68.5,69.2,68.5,70.3,68.4,67.5,69.5,72.5,68.3,68.1,69.3,70.3,67.6,66.0,67.7,68.6,67.1,65.6,60.0,67.5,59.0,68.3,63.7,66.4,65.9,64.2,60.7,61.8,60.0,58.2,59.7,64.7,61.4,64.1,62.6,64.9,59.8,65.4,69.1,63.4,63.4,62.5,63.0,59.6,58.7,59.2,58.3,55.0,70.2,68.5,68.9,62.5,65.0,61.3,67.9,58.8,60.0,68.9,67.7,69.2,67.0,68.0,64.6,60.8,65.0,66.6,67.7,65.3
4398,66.9,64.1,64.8,66.7,70.5,71.1,71.3,69.7,69.8,70.3,71.0,70.1,70.6,69.9,70.1,70.7,69.6,65.1,70.1,70.7,69.9,69.4,71.0,68.6,67.5,69.6,73.0,68.9,69.3,70.2,70.8,69.4,66.5,68.4,69.2,67.9,67.7,62.7,66.9,61.7,68.7,66.8,66.0,67.6,67.0,63.5,63.4,64.7,64.4,60.2,64.6,63.3,64.8,65.8,64.4,63.7,66.0,69.9,63.2,66.8,64.9,62.7,64.6,64.5,60.8,63.1,58.9,70.6,69.8,70.6,63.0,64.3,64.9,69.7,65.5,60.4,70.9,69.6,70.0,66.8,68.0,64.4,61.8,67.0,66.7,68.3,66.6
4399,71.6,68.4,69.8,69.7,72.9,73.1,73.7,72.3,72.7,72.9,74.0,72.4,73.6,72.1,72.9,73.4,72.7,69.2,73.3,73.6,72.8,72.1,73.5,71.2,70.0,72.5,74.8,71.7,71.9,73.0,73.1,72.1,69.3,71.0,71.3,70.6,71.7,67.1,69.6,67.5,71.2,71.5,68.6,71.7,71.0,68.7,67.5,71.4,72.6,66.6,69.7,67.3,70.5,69.9,66.9,68.5,69.4,73.5,66.2,70.6,67.7,66.1,69.3,72.2,63.6,68.1,64.3,72.8,72.9,73.3,68.6,67.7,69.4,75.3,71.8,67.3,73.9,72.5,72.6,69.5,71.0,67.3,66.8,69.5,69.0,70.9,69.8
4400,76.2,72.5,74.3,74.5,76.3,75.8,76.7,75.4,75.6,75.2,76.9,75.4,76.8,74.7,75.9,76.2,75.8,72.4,76.6,76.7,75.8,75.1,76.4,74.3,74.0,75.6,77.0,75.0,74.6,76.1,76.0,74.8,72.6,74.1,73.8,73.3,75.6,71.3,73.6,72.0,74.1,76.1,72.8,75.6,75.3,73.9,72.0,76.0,79.2,73.1,75.8,71.8,76.1,74.1,70.2,72.8,73.5,77.0,69.9,74.1,70.9,70.5,72.9,77.7,66.8,71.9,68.6,75.2,75.9,76.0,73.9,72.8,73.8,79.8,76.6,72.6,76.9,75.5,75.6,73.7,74.7,71.1,71.2,72.2,72.2,74.1,72.9
4401,80.1,76.3,78.1,79.2,79.7,78.7,79.6,78.9,78.1,77.6,79.4,78.2,79.3,77.0,78.7,78.7,79.0,75.7,79.2,79.3,78.8,77.7,79.2,77.6,77.8,78.9,79.4,78.3,77.2,78.4,78.8,77.4,75.8,77.1,76.5,76.0,79.0,75.1,77.5,75.7,77.4,79.6,76.8,79.1,79.3,77.9,76.6,79.8,84.1,79.0,80.1,76.7,81.3,77.8,74.3,76.4,77.8,80.2,73.5,77.1,74.4,74.7,76.3,82.2,70.7,75.6,72.8,77.7,78.5,78.4,78.8,77.3,78.3,82.9,80.6,77.5,79.7,77.9,78.1,77.7,78.1,75.4,74.1,74.7,75.1,76.9,75.8
4402,83.8,79.9,81.3,82.9,82.7,81.3,82.4,81.6,80.3,79.7,81.8,80.5,81.4,79.2,81.5,80.7,81.5,78.7,81.2,81.3,81.4,79.7,81.5,80.5,81.3,82.1,81.5,80.7,79.6,80.5,81.5,79.6,78.5,79.7,78.8,78.4,82.3,78.4,81.2,79.0,80.3,82.6,80.3,82.5,83.0,81.1,80.7,83.2,88.2,83.2,83.2,81.0,85.3,80.9,78.3,79.4,80.9,83.4,76.9,79.5,78.0,78.3,79.3,85.6,74.4,78.9,76.5,79.7,80.5,80.7,82.3,81.1,82.0,85.7,83.8,81.2,81.9,79.9,80.5,81.2,81.3,79.1,76.8,76.9,77.9,79.5,78.4
4403,87.0,82.9,83.7,86.1,85.2,83.7,84.8,84.1,82.0,81.7,83.5,82.3,83.3,81.2,83.8,82.5,83.6,81.8,82.8,82.9,83.5,81.5,83.5,82.9,84.2,84.6,83.3,82.8,81.6,82.3,83.5,81.5,80.8,81.7,80.8,80.4,84.7,81.5,84.0,82.0,83.1,84.7,83.4,85.5,86.1,83.9,84.2,85.8,91.6,86.6,85.5,84.6,88.7,83.5,81.2,81.7,83.5,85.9,80.3,81.7,81.1,81.3,82.2,88.4,78.0,81.8,80.2,81.5,82.1,82.6,85.3,84.2,85.2,88.3,86.6,84.3,83.5,81.5,82.5,84.2,84.0,82.3,79.4,78.5,80.0,81.4,80.5
4404,89.4,85.1,85.8,88.4,87.4,85.5,86.6,85.9,83.3,83.4,84.9,83.8,84.7,82.7,85.5,83.8,85.3,84.3,84.0,84.1,85.2,82.9,85.1,84.7,86.7,86.6,84.9,84.5,83.2,83.6,85.1,82.6,82.6,83.5,82.3,81.9,86.6,83.7,86.2,84.4,85.6,86.5,85.8,88.1,88.9,85.4,87.1,87.9,94.2,89.3,87.1,87.5,91.2,85.7,83.6,83.7,85.4,87.9,83.2,83.5,83.7,84.0,84.7,90.6,81.4,84.0,83.5,82.9,83.6,83.8,87.2,86.5,87.9,90.6,89.0,86.2,84.7,82.6,84.2,86.9,86.1,84.7,82.0,79.7,81.9,83.1,82.2
4405,91.1,86.1,87.0,90.4,89.1,87.2,88.3,87.4,84.3,84.3,85.7,84.9,85.7,83.7,86.9,84.7,86.5,86.4,85.0,84.8,86.4,83.9,86.3,86.2,88.7,88.2,86.1,85.7,84.4,84.8,86.3,83.6,84.0,84.7,83.7,83.1,88.0,84.6,87.8,85.6,87.6,87.4,88.0,90.0,90.9,86.4,89.1,89.4,95.8,90.6,88.0,89.5,92.9,87.3,85.2,85.3,86.9,89.4,85.6,84.7,85.7,86.2,86.8,92.5,84.5,85.5,86.2,84.1,84.7,84.9,88.6,88.5,89.9,92.3,90.9,87.5,85.4,83.3,85.2,89.1,88.1,86.9,83.9,80.5,83.4,84.1,83.7
4406,92.3,86.5,88.0,91.7,90.0,88.1,89.4,88.2,84.7,85.3,86.1,85.5,86.3,84.5,87.9,85.5,87.2,88.1,85.5,85.4,87.1,84.7,87.1,87.4,89.9,89.4,86.9,86.6,85.2,85.5,87.1,84.1,85.1,85.5,84.6,84.2,89.0,84.8,88.9,86.1,89.0,87.9,89.6,91.3,92.2,86.2,90.4,90.1,96.6,91.4,88.5,90.6,93.8,88.5,86.5,86.4,88.2,90.5,87.8,85.8,87.1,88.2,88.6,94.0,86.9,86.8,88.2,84.9,85.3,85.5,89.3,90.0,90.5,93.5,92.5,87.4,86.0,83.8,86.1,90.6,89.4,88.3,85.2,80.8,84.7,84.8,84.6
4407,92.4,85.9,88.2,92.6,90.6,88.7,89.7,88.6,85.0,85.4,86.2,85.9,86.4,84.8,88.3,85.8,87.1,89.0,85.5,85.5,87.5,85.3,87.6,87.9,90.6,89.8,87.1,87.0,85.3,85.8,87.5,84.2,85.7,86.3,85.3,84.9,89.0,84.3,89.6,85.6,89.2,87.6,90.3,91.9,92.3,85.5,90.6,89.9,96.5,91.4,88.0,90.7,93.7,88.8,87.3,87.2,88.9,90.9,89.1,86.5,87.7,89.7,89.7,94.4,88.2,87.5,89.2,85.3,85.1,85.6,89.3,90.9,90.3,94.0,93.2,87.5,85.9,83.9,86.3,91.5,90.2,89.5,86.1,80.5,85.5,85.1,85.1
4408,91.7,84.1,87.5,92.7,90.8,88.9,89.7,88.5,84.6,85.0,86.0,85.9,85.8,84.5,88.2,85.3,87.2,89.2,85.2,85.0,87.2,85.0,87.5,88.0,90.6,90.0,86.8,86.8,85.2,85.5,87.4,83.9,85.8,86.2,85.3,85.0,88.8,82.7,90.0,84.6,88.8,86.4,90.5,92.0,91.6,84.4,90.2,89.6,95.9,90.9,87.6,89.8,92.9,88.1,87.4,87.4,89.1,91.3,89.7,86.7,87.7,90.7,90.2,94.4,88.6,87.4,88.8,85.1,84.7,85.0,88.5,91.2,88.7,93.9,93.2,87.3,85.2,83.4,85.7,91.8,90.3,89.6,86.3,79.8,85.7,85.1,85.2
4409,90.2,82.3,85.8,92.0,90.1,88.2,89.0,87.9,83.9,84.4,84.9,85.4,84.8,83.9,87.6,84.7,86.5,88.6,84.5,83.5,86.7,84.3,87.0,87.6,89.9,89.7,86.1,86.0,84.7,84.9,86.9,82.9,85.2,85.5,84.8,84.4,87.4,80.7,89.4,82.9,87.7,84.3,90.0,91.1,89.9,82.8,89.1,88.2,94.5,90.3,86.7,88.0,91.5,86.4,87.0,87.1,88.7,90.8,89.8,86.3,86.8,90.9,89.5,93.2,88.0,86.5,87.2,84.4,83.9,84.4,86.8,90.1,87.3,93.1,92.4,86.4,84.4,82.6,85.1,91.3,90.1,89.0,85.9,78.6,85.2,84.5,84.6
4410,87.2,79.8,82.7,90.5,88.9,87.0,87.7,86.6,82.4,83.3,83.5,84.2,83.4,82.8,86.2,83.3,85.2,87.2,82.9,81.9,85.4,83.1,85.7,86.1,88.6,88.0,85.2,84.8,83.6,83.4,85.7,81.3,83.9,84.2,83.8,83.1,84.8,78.4,87.9,80.5,86.0,81.6,88.7,89.4,87.2,80.4,87.1,86.1,92.0,88.9,85.3,85.9,89.9,83.2,85.8,85.8,87.6,89.5,89.3,85.0,85.4,90.1,88.0,91.3,86.2,84.5,84.4,83.3,82.6,83.0,84.9,88.4,85.0,91.9,90.4,84.7,82.9,81.4,83.9,89.8,88.7,87.4,84.6,77.0,83.9,83.3,83.6
4411,82.4,76.1,77.5,88.0,86.7,84.8,85.5,84.1,79.9,80.9,80.7,82.4,80.5,81.1,83.7,81.1,82.5,83.5,80.3,79.0,83.1,80.6,83.0,83.5,85.8,85.5,83.5,82.3,81.4,81.2,83.6,78.4,81.4,82.1,82.1,80.9,80.5,75.0,85.4,77.4,83.7,77.1,85.9,86.5,82.9,76.7,84.2,82.9,87.7,86.6,83.5,83.0,87.1,78.3,83.6,83.0,85.7,87.4,88.1,82.4,82.7,88.1,84.8,88.0,82.8,81.1,80.4,81.4,80.0,80.3,82.0,85.7,81.4,89.9,86.4,82.1,79.9,78.7,81.6,87.0,86.1,84.5,82.0,74.9,81.8,80.9,81.3
4412,78.0,71.9,72.9,83.3,83.3,81.8,82.5,80.0,76.9,77.9,77.7,79.2,76.8,78.5,80.2,77.9,77.8,76.8,76.9,75.7,79.5,77.2,79.3,79.2,81.2,81.3,81.6,78.5,77.7,78.0,80.2,74.7,77.7,79.2,79.2,77.6,76.3,71.2,81.5,73.5,80.8,73.0,81.7,81.5,79.0,73.0,80.1,77.9,82.7,81.4,80.0,79.5,82.9,73.8,79.8,78.6,81.4,83.2,85.0,77.4,79.0,83.8,78.8,82.5,78.3,75.9,75.4,79.0,76.5,76.9,78.2,81.0,77.5,84.9,81.1,77.1,76.5,75.3,78.2,82.2,81.2,80.0,75.2,72.7,78.6,77.6,77.0
4413,75.7,69.4,70.4,79.5,80.2,79.7,80.3,77.2,75.2,76.4,75.7,76.9,75.1,76.5,77.8,76.1,75.2,73.0,75.0,73.9,76.9,75.1,77.0,76.6,77.5,78.3,80.0,76.2,75.4,76.1,77.9,73.1,74.6,76.9,76.7,74.6,74.1,69.0,77.9,70.8,78.7,70.8,77.8,78.1,76.6,70.8,77.1,74.8,79.4,75.3,76.6,77.2,78.8,71.6,76.5,74.7,77.2,79.8,80.7,74.8,75.3,77.8,73.7,79.2,74.8,72.1,71.7,77.4,74.8,75.2,75.5,77.2,74.9,81.1,77.8,73.3,74.8,73.4,76.3,78.1,77.7,76.3,69.6,71.0,75.7,75.4,73.7
4414,73.5,67.8,68.6,77.2,78.2,78.1,78.7,75.5,74.0,75.0,74.4,75.4,74.0,75.2,76.4,75.0,73.9,70.1,73.7,72.8,75.4,73.9,75.7,75.0,75.4,76.7,78.6,74.7,74.0,74.8,76.5,72.3,72.9,75.1,75.1,73.0,72.5,67.6,75.9,69.1,76.9,69.5,75.5,76.0,74.7,68.8,74.4,72.7,76.6,72.8,73.9,75.1,76.4,70.0,74.8,71.9,75.1,77.6,77.2,72.7,72.9,74.7,71.0,76.4,72.0,69.8,69.2,76.2,73.6,74.1,73.8,74.7,72.4,79.0,74.8,71.3,73.6,72.1,74.9,75.7,75.8,73.8,68.2,69.6,74.1,73.8,71.8
4415,71.8,66.8,67.3,75.5,76.4,76.7,77.2,74.2,72.9,74.1,73.5,74.2,72.9,74.2,75.1,73.8,72.8,67.9,72.8,71.9,74.3,72.8,74.7,74.0,73.9,75.3,77.5,73.2,72.7,73.7,75.4,71.3,71.7,73.5,73.9,72.0,71.4,66.0,74.2,67.3,75.5,68.3,73.5,74.8,72.9,67.4,71.7,70.1,73.3,71.0,71.9,73.0,74.6,68.7,73.1,69.0,73.4,75.9,74.0,70.9,70.7,72.5,68.5,73.7,70.1,67.7,67.1,75.1,72.5,73.0,71.9,72.8,70.6,76.8,71.4,69.4,72.6,71.1,73.7,74.1,74.4,72.0,67.2,68.6,72.4,72.8,70.4
4416,70.2,65.5,65.9,73.7,75.2,75.6,75.9,73.2,72.1,73.1,72.6,72.9,72.1,73.3,74.1,72.9,72.0,66.3,71.8,71.1,73.2,71.9,73.7,73.0,72.3,74.0,76.5,72.1,72.0,72.8,74.3,70.6,70.5,72.3,72.8,71.1,70.1,64.9,72.8,65.7,73.9,67.1,71.7,73.1,71.2,66.0,69.6,68.1,70.2,69.2,70.6,70.6,72.7,67.5,71.6,66.9,72.0,74.3,71.9,69.5,68.8,70.7,67.0,70.0,68.2,66.0,64.9,74.2,71.8,72.2,70.3,71.4,68.7,75.2,68.8,68.0,71.7,70.6,72.8,72.5,73.2,70.6,66.4,67.7,71.2,71.6,69.2
4417,68.8,64.4,64.8,72.3,74.0,74.4,74.7,72.2,71.4,72.3,71.7,72.1,71.3,72.2,73.0,72.3,71.3,64.4,71.0,70.4,72.3,71.0,72.9,71.9,71.1,72.9,75.5,71.1,71.1,71.8,73.4,70.0,69.4,71.1,71.6,69.9,69.1,63.9,71.5,64.6,72.6,66.3,70.5,71.5,69.8,64.7,68.0,66.0,66.9,67.0,69.3,68.4,71.1,66.3,70.2,65.0,70.5,73.1,69.9,68.1,66.9,69.2,65.3,67.0,66.1,64.1,62.8,73.3,70.9,71.5,68.9,69.9,67.0,73.6,66.1,66.5,71.0,69.8,71.9,71.1,72.0,69.4,65.6,66.9,70.1,70.8,68.3
4418,67.2,63.6,63.7,70.8,73.0,73.5,73.8,71.4,70.6,71.7,71.0,71.4,70.6,71.5,72.1,71.5,70.5,63.0,70.3,69.9,71.5,70.2,72.1,71.0,70.0,72.1,74.7,70.4,70.3,71.2,72.6,69.3,68.5,70.2,70.6,68.9,68.0,62.9,70.6,63.0,71.5,65.4,69.3,70.0,68.1,63.7,66.2,64.1,64.0,64.8,68.1,66.1,69.2,65.2,68.9,63.0,69.1,71.8,68.0,66.5,65.3,67.9,63.3,64.5,64.2,62.3,60.9,72.4,70.3,70.7,67.5,68.5,65.3,72.2,64.0,64.5,70.4,69.2,71.1,69.9,70.8,68.1,64.8,66.3,69.1,69.8,67.3
4419,65.7,62.9,62.8,69.7,72.1,72.6,72.8,70.6,69.8,70.9,70.2,70.7,69.9,70.7,71.4,70.9,70.0,61.5,69.6,69.3,70.7,69.7,71.5,70.1,69.0,71.1,73.9,69.7,69.6,70.6,71.8,68.7,67.8,69.0,69.9,68.5,67.3,62.0,69.7,61.9,70.3,64.7,68.3,68.5,66.7,62.7,64.6,62.4,61.9,62.9,67.0,64.3,67.7,64.1,67.5,61.2,67.7,70.7,66.2,65.2,63.9,66.5,61.4,62.4,62.3,60.3,58.6,71.6,69.5,70.1,65.9,67.2,63.7,70.4,61.7,63.0,69.8,68.6,70.5,68.9,69.7,67.0,63.7,65.6,68.3,69.1,66.6
4420,64.3,61.9,61.9,68.4,71.2,71.9,71.9,69.6,69.3,70.1,69.7,70.0,69.3,70.2,70.9,70.3,69.4,60.0,69.1,68.7,69.9,69.2,70.8,69.5,68.1,70.3,73.3,69.0,68.8,70.0,71.1,68.2,67.0,68.4,69.2,67.8,66.4,61.0,68.7,60.4,69.2,64.0,67.3,67.0,65.5,61.5,63.0,61.0,60.0,61.3,66.0,62.7,65.8,63.2,66.3,59.9,66.6,70.1,64.9,63.7,62.4,64.9,60.1,60.1,60.7,58.6,57.0,70.9,68.9,69.5,64.4,66.2,62.2,69.2,59.8,61.5,69.4,68.0,69.9,67.9,69.0,65.9,62.6,65.0,67.4,68.3,65.9
4421,63.4,60.9,61.5,67.5,70.5,71.3,71.3,69.0,68.8,69.7,69.2,69.5,68.9,69.6,70.1,70.0,68.8,60.1,68.6,68.6,69.4,68.6,70.3,68.6,67.7,69.6,72.6,68.4,68.2,69.4,70.5,67.7,66.2,67.7,68.6,67.1,65.7,60.1,67.6,59.2,68.4,63.7,66.5,65.9,64.4,60.7,61.9,60.1,58.5,60.1,64.9,61.5,64.5,62.9,65.1,60.0,65.6,69.4,63.7,63.7,62.7,63.5,59.8,59.0,59.6,58.4,55.4,70.3,68.5,69.1,62.8,65.1,61.4,68.1,59.2,60.4,69.1,67.7,69.3,67.2,68.1,64.8,61.1,65.2,66.7,67.8,65.3
4422,66.9,64.1,64.8,66.9,70.7,71.3,71.5,69.8,70.0,70.5,71.2,70.3,70.8,70.0,70.3,70.8,69.7,65.4,70.2,70.7,70.1,69.5,71.0,68.8,67.6,69.7,73.1,68.9,69.5,70.2,71.0,69.5,66.6,68.5,69.2,67.9,67.8,62.8,67.0,61.8,68.9,66.8,66.0,67.7,67.0,63.6,63.5,64.8,64.6,60.7,64.9,63.5,65.1,66.0,64.7,63.9,66.2,70.2,63.5,67.1,65.2,63.1,64.8,64.6,61.1,63.3,59.2,70.7,69.9,70.7,63.3,64.5,64.9,69.9,65.8,60.6,71.0,69.7,70.1,67.0,68.1,64.5,62.2,67.2,66.8,68.3,66.7
4423,71.7,68.6,69.8,69.9,73.0,73.3,73.8,72.5,72.9,73.0,74.1,72.6,73.8,72.2,73.0,73.6,72.9,69.5,73.5,73.7,73.0,72.2,73.6,71.4,70.1,72.6,74.9,71.7,72.1,73.1,73.2,72.2,69.4,71.1,71.3,70.7,71.7,67.1,69.6,67.4,71.2,71.6,68.7,71.7,71.1,68.8,67.5,71.4,72.8,66.7,69.7,67.4,70.6,70.0,67.1,68.8,69.5,73.6,66.6,70.9,68.0,66.5,69.6,72.3,63.8,68.2,64.5,73.0,73.0,73.5,68.7,67.8,69.4,75.4,72.1,67.4,73.9,72.6,72.8,69.6,71.0,67.4,67.1,69.7,69.2,71.0,69.9
4424,76.3,72.7,74.2,74.6,76.4,76.0,76.9,75.6,75.8,75.4,77.0,75.6,76.9,74.8,76.0,76.5,75.9,72.6,76.7,76.7,75.9,75.4,76.6,74.5,74.2,75.8,77.2,75.1,74.7,76.2,76.1,75.0,72.7,74.3,73.8,73.4,75.7,71.4,73.7,71.9,74.1,76.2,73.0,75.6,75.3,74.0,72.0,76.0,79.2,73.2,75.7,71.9,76.1,74.1,70.4,73.1,73.6,77.1,70.2,74.5,71.3,70.8,73.2,77.8,67.0,72.1,68.9,75.4,76.1,76.2,73.9,72.9,73.9,79.8,76.8,72.6,77.0,75.6,75.7,73.7,74.8,71.3,71.5,72.4,72.3,74.2,73.1
4425,80.2,76.4,78.1,79.2,79.9,78.8,79.7,79.1,78.3,77.8,79.5,78.4,79.5,77.2,78.9,78.9,79.1,75.9,79.3,79.3,79.0,77.9,79.3,77.8,78.0,79.0,79.6,78.5,77.4,78.6,79.0,77.6,75.8,77.3,76.6,76.2,79.0,75.2,77.6,75.6,77.3,79.7,76.9,79.1,79.2,77.9,76.6,79.9,84.2,79.1,79.9,76.8,81.1,77.9,74.4,76.8,77.8,80.3,73.7,77.5,74.8,75.0,76.6,82.4,70.9,75.9,72.9,77.9,78.7,78.6,78.7,77.4,78.4,82.8,80.8,77.5,79.8,77.9,78.3,77.7,78.4,75.5,74.4,74.9,75.2,77.1,76.0
4426,84.0,80.0,81.3,82.9,82.8,81.4,82.5,81.9,80.5,79.9,81.9,80.8,81.6,79.4,81.6,80.9,81.7,78.9,81.3,81.4,81.5,79.9,81.7,80.6,81.4,82.3,81.7,81.0,79.8,80.7,81.7,79.8,78.5,79.9,79.0,78.6,82.3,78.4,81.2,78.9,80.3,82.6,80.5,82.5,83.0,81.2,80.6,83.2,88.2,83.2,82.9,81.1,85.2,81.1,78.4,79.8,81.1,83.4,77.2,79.9,78.3,78.6,79.6,85.8,74.6,79.2,76.7,79.9,80.6,80.9,82.3,81.1,82.0,85.6,84.0,81.2,81.9,80.0,80.7,81.2,81.6,79.2,77.0,77.0,78.0,79.7,78.6
4427,87.1,82.9,83.7,86.1,85.3,83.9,84.9,84.3,82.3,81.9,83.6,82.5,83.5,81.3,83.9,82.7,83.7,82.1,82.9,83.0,83.7,81.7,83.8,83.0,84.3,84.8,83.5,83.0,81.8,82.5,83.6,81.7,80.8,81.9,81.0,80.6,84.6,81.6,84.1,81.9,83.0,84.7,83.6,85.5,86.1,84.0,84.1,85.8,91.7,86.6,85.3,84.7,88.5,83.7,81.4,82.0,83.7,86.0,80.6,82.1,81.4,81.6,82.5,88.5,78.1,82.2,80.4,81.7,82.3,82.8,85.1,84.1,85.2,88.2,86.7,84.2,83.6,81.7,82.7,84.3,84.2,82.3,79.6,78.7,80.1,81.6,80.7
4428,89.5,85.2,85.8,88.4,87.6,85.8,86.8,86.1,83.6,83.5,85.0,84.1,85.0,82.8,85.8,84.1,85.5,84.6,84.1,84.2,85.4,83.2,85.3,84.8,86.8,86.7,85.1,84.6,83.5,83.9,85.3,83.0,82.7,83.7,82.6,82.2,86.6,83.7,86.3,84.4,85.5,86.4,86.0,88.1,88.9,85.6,87.1,88.0,94.2,89.3,86.8,87.6,91.0,85.8,83.8,84.1,85.6,88.1,83.5,83.9,84.1,84.3,85.1,90.8,81.6,84.4,83.6,83.2,83.8,84.1,87.0,86.5,88.0,90.5,89.1,86.1,84.8,82.7,84.3,87.0,86.3,84.8,82.2,80.0,82.0,83.3,82.5
4429,91.3,86.3,87.0,90.4,89.1,87.4,88.4,87.5,84.5,84.6,85.9,85.1,86.0,83.8,87.1,85.0,86.6,86.7,85.1,84.9,86.5,84.2,86.5,86.4,88.7,88.3,86.3,85.9,84.7,85.1,86.4,84.0,84.1,84.9,83.9,83.4,88.0,84.9,87.9,85.5,87.5,87.4,88.2,89.9,90.9,86.4,89.0,89.4,95.8,90.5,87.7,89.7,92.8,87.4,85.4,85.6,87.1,89.5,86.0,85.1,86.1,86.6,87.2,92.7,84.7,85.9,86.4,84.3,84.9,85.3,88.4,88.5,89.9,92.2,91.0,87.3,85.5,83.6,85.4,89.1,88.2,86.9,84.2,80.8,83.5,84.4,83.9
4430,92.4,86.7,87.9,91.8,90.1,88.3,89.5,88.3,85.0,85.5,86.3,85.7,86.6,84.6,88.1,85.8,87.3,88.4,85.7,85.5,87.2,85.1,87.4,87.5,89.8,89.4,87.0,86.9,85.4,85.8,87.2,84.5,85.1,85.8,84.9,84.4,89.0,85.0,89.1,86.1,89.0,87.9,89.7,91.3,92.3,86.1,90.4,90.1,96.6,91.2,88.1,90.8,93.5,88.6,86.7,86.8,88.3,90.6,88.2,86.2,87.5,88.6,89.0,94.1,87.1,87.2,88.4,85.1,85.5,85.9,88.9,90.0,90.6,93.3,92.7,87.1,86.1,84.0,86.2,90.6,89.5,88.4,85.4,81.1,84.8,85.1,84.8
4431,92.5,86.2,88.1,92.6,90.7,88.9,89.8,88.8,85.3,85.6,86.5,86.2,86.8,84.9,88.4,86.1,87.2,89.4,85.8,85.6,87.7,85.6,87.9,88.1,90.6,89.9,87.2,87.2,85.6,86.1,87.6,84.6,85.7,86.5,85.5,85.1,89.1,84.4,89.7,85.4,89.2,87.6,90.4,91.7,92.4,85.4,90.5,89.9,96.6,91.1,87.6,90.9,93.4,88.9,87.5,87.6,89.1,91.0,89.5,86.9,88.3,90.1,90.1,94.6,88.4,87.9,89.4,85.5,85.4,86.0,88.9,90.8,90.3,94.0,93.2,87.3,86.1,84.1,86.4,91.5,90.3,89.6,86.3,80.8,85.5,85.5,85.3
4432,91.9,84.2,87.5,92.7,90.9,89.1,89.8,88.7,85.0,85.2,86.3,86.2,86.3,84.7,88.4,85.7,87.4,89.6,85.6,85.1,87.4,85.3,87.8,88.1,90.7,90.0,86.9,87.0,85.5,85.9,87.5,84.3,85.9,86.4,85.5,85.2,88.9,82.7,90.0,84.4,88.8,86.5,90.6,91.8,91.7,84.4,90.4,89.6,96.0,90.7,87.2,89.9,92.6,88.3,87.6,87.7,89.2,91.4,90.2,87.1,88.3,90.9,90.6,94.6,88.8,87.8,89.0,85.3,84.9,85.5,88.2,91.2,88.8,94.1,93.3,87.0,85.4,83.7,86.0,91.9,90.3,89.8,86.5,80.1,85.8,85.5,85.4
4433,90.4,82.4,85.8,92.1,90.2,88.3,89.1,88.1,84.3,84.7,85.3,85.7,85.3,84.2,87.8,85.1,86.7,89.1,84.8,83.6,86.9,84.7,87.2,87.7,89.9,89.7,86.4,86.2,85.0,85.2,87.1,83.3,85.3,85.7,85.1,84.6,87.4,80.7,89.4,82.7,87.7,84.5,90.0,90.8,90.0,82.9,89.1,88.2,94.6,89.9,86.5,88.1,91.1,86.6,87.2,87.5,88.8,90.8,90.2,86.7,87.4,91.2,90.0,93.4,88.2,86.8,87.3,84.7,84.1,84.9,86.4,90.2,87.2,93.1,92.5,86.1,84.7,82.9,85.4,91.3,90.1,89.1,86.1,78.8,85.3,84.8,84.8
4434,87.3,80.0,82.7,90.6,89.0,87.1,87.8,86.8,82.8,83.6,83.9,84.6,83.8,83.0,86.3,83.7,85.4,87.6,83.2,82.1,85.6,83.5,85.9,86.2,88.6,88.0,85.4,85.0,83.8,83.8,86.0,81.7,84.0,84.5,84.0,83.3,84.9,78.6,88.0,80.4,85.9,81.8,88.6,89.1,87.2,80.4,87.0,86.1,92.0,88.5,85.0,86.0,89.5,83.4,85.9,86.2,87.7,89.5,89.6,85.4,85.9,90.4,88.6,91.5,86.2,84.9,84.6,83.6,82.9,83.4,84.4,88.5,84.9,91.8,90.4,84.4,83.1,81.6,84.1,89.9,88.7,87.6,84.8,77.2,84.0,83.5,83.7
4435,82.6,76.3,77.6,88.0,86.8,84.9,85.5,84.3,80.3,81.2,81.1,82.8,80.8,81.3,83.8,81.4,82.7,83.9,80.5,79.3,83.3,81.0,83.2,83.7,85.8,85.5,83.8,82.6,81.6,81.5,83.8,78.8,81.5,82.3,82.3,81.2,80.8,75.1,85.4,77.3,83.7,77.2,85.9,86.2,82.8,76.7,84.1,82.8,87.7,86.4,83.2,83.1,86.7,78.5,83.8,83.5,85.8,87.5,88.4,82.8,83.1,88.4,85.3,88.1,82.9,81.3,80.5,81.7,80.3,80.6,81.6,85.8,81.2,89.7,86.4,81.9,80.3,79.0,81.8,87.0,86.1,84.7,82.2,75.2,81.9,81.2,81.5
4436,78.2,72.1,73.1,83.3,83.3,82.0,82.6,80.2,77.3,78.1,78.0,79.6,77.1,78.7,80.2,78.2,78.0,77.1,77.0,75.8,79.7,77.6,79.4,79.3,81.2,81.3,81.8,78.7,77.9,78.2,80.5,75.0,77.8,79.4,79.5,77.9,76.5,71.3,81.5,73.4,80.7,73.1,81.7,81.2,79.0,72.9,80.0,77.9,82.7,81.3,79.8,79.6,82.6,74.0,79.9,79.1,81.5,83.3,85.4,77.8,79.5,84.2,79.3,82.6,78.4,76.1,75.6,79.2,76.7,77.2,78.0,81.2,77.5,84.7,81.2,77.0,76.8,75.5,78.4,82.2,81.2,80.2,75.4,72.9,78.7,77.8,77.1
4437,75.9,69.5,70.5,79.5,80.3,79.8,80.4,77.4,75.6,76.7,75.9,77.2,75.3,76.7,77.8,76.3,75.4,73.2,75.2,74.0,77.1,75.4,77.1,76.7,77.5,78.2,80.2,76.4,75.6,76.3,78.0,73.4,74.8,77.1,76.9,74.9,74.2,69.2,77.9,70.7,78.6,71.0,77.7,77.8,76.7,70.8,77.0,74.8,79.5,75.5,76.4,77.3,78.6,71.7,76.7,75.1,77.4,79.9,81.0,75.0,75.8,78.1,74.1,79.4,74.8,72.4,71.7,77.6,75.1,75.5,75.4,77.2,74.9,81.0,77.9,73.3,75.0,73.6,76.4,78.2,77.7,76.4,69.9,71.2,75.8,75.6,73.8
4438,73.7,68.0,68.6,77.2,78.2,78.2,78.8,75.6,74.4,75.2,74.6,75.8,74.3,75.4,76.5,75.2,74.0,70.3,73.9,72.9,75.6,74.2,75.8,75.1,75.4,76.7,78.8,74.8,74.2,75.1,76.7,72.6,73.1,75.3,75.3,73.2,72.5,67.7,75.9,69.0,76.9,69.6,75.5,75.9,74.7,68.9,74.3,72.7,76.8,73.0,73.8,75.2,76.3,70.2,75.0,72.2,75.3,77.8,77.5,73.0,73.4,75.1,71.3,76.6,72.1,70.1,69.3,76.3,73.9,74.3,73.7,74.8,72.5,78.9,75.0,71.5,73.8,72.3,75.0,75.9,75.8,73.9,68.6,69.8,74.2,74.0,72.0
4439,72.0,67.0,67.3,75.4,76.5,76.9,77.4,74.3,73.2,74.3,73.6,74.4,73.2,74.4,75.2,74.0,73.0,68.1,72.9,72.0,74.5,73.0,74.8,74.1,74.0,75.3,77.6,73.4,73.0,74.0,75.5,71.5,71.8,73.7,74.2,72.2,71.4,66.2,74.2,67.2,75.5,68.3,73.5,74.6,72.9,67.6,71.8,70.1,73.6,71.3,71.8,73.1,74.6,68.9,73.2,69.4,73.6,76.1,74.4,71.2,71.2,72.9,68.8,73.9,70.3,68.1,67.2,75.3,72.8,73.3,71.8,72.9,70.8,76.7,71.5,69.6,72.8,71.3,73.8,74.3,74.5,72.2,67.6,68.9,72.5,73.0,70.6
4440,70.4,65.7,66.0,73.7,75.3,75.8,76.0,73.4,72.4,73.3,72.8,73.2,72.4,73.4,74.2,73.2,72.2,66.6,72.1,71.2,73.3,72.1,73.9,73.1,72.4,74.0,76.7,72.2,72.2,73.0,74.4,70.8,70.6,72.4,73.0,71.3,70.1,65.0,72.9,65.6,73.9,67.2,71.8,72.9,71.3,66.1,69.7,68.2,70.5,69.3,70.5,70.8,72.8,67.8,71.8,67.1,72.3,74.6,72.3,69.8,69.2,71.2,67.2,70.2,68.3,66.4,65.0,74.4,72.0,72.5,70.2,71.4,68.9,75.0,68.9,68.2,71.9,70.7,72.9,72.7,73.3,70.7,67.0,68.0,71.3,71.8,69.4
4441,68.9,64.6,64.8,72.3,74.1,74.6,74.9,72.4,71.7,72.5,71.9,72.3,71.5,72.4,73.0,72.5,71.4,64.8,71.2,70.5,72.4,71.3,72.9,72.1,71.2,73.1,75.7,71.1,71.4,72.1,73.5,70.3,69.5,71.2,71.8,70.1,69.1,64.0,71.5,64.5,72.6,66.3,70.5,71.4,69.7,64.9,68.0,66.1,67.1,67.3,69.2,68.5,71.1,66.5,70.4,65.2,70.7,73.4,70.2,68.4,67.2,69.7,65.5,67.2,66.3,64.3,63.0,73.5,71.2,71.8,68.9,69.8,67.1,73.5,66.2,66.6,71.2,69.8,72.0,71.2,72.0,69.6,66.1,67.2,70.1,70.9,68.5
4442,67.3,63.8,63.7,70.9,73.1,73.6,73.9,71.6,70.8,71.9,71.2,71.6,70.8,71.6,72.2,71.7,70.6,63.3,70.5,70.1,71.6,70.4,72.1,71.1,70.1,72.1,74.9,70.4,70.5,71.3,72.8,69.6,68.6,70.3,70.7,69.1,68.0,63.0,70.6,63.0,71.5,65.4,69.4,70.0,68.1,63.7,66.3,64.1,64.2,65.1,68.1,66.2,69.4,65.4,69.1,63.2,69.4,72.1,68.3,66.8,65.6,68.4,63.6,64.8,64.4,62.6,61.0,72.6,70.5,70.9,67.5,68.5,65.5,72.2,64.1,64.7,70.6,69.2,71.3,70.0,71.0,68.2,65.3,66.6,69.2,69.9,67.5
4443,65.7,63.0,62.8,69.8,72.2,72.7,73.0,70.7,70.1,71.1,70.4,70.9,70.1,71.0,71.5,71.1,70.1,61.8,69.8,69.4,70.8,70.0,71.6,70.3,69.1,71.2,74.2,69.8,69.8,70.7,72.0,68.9,67.9,69.1,70.0,68.6,67.3,62.1,69.7,62.0,70.4,64.6,68.5,68.5,66.6,62.6,64.8,62.5,62.0,63.3,67.1,64.5,67.9,64.3,67.8,61.4,68.1,71.1,66.5,65.5,64.2,66.9,61.6,62.6,62.6,60.7,58.8,71.9,69.7,70.3,66.0,67.2,63.9,70.5,61.9,63.2,70.0,68.6,70.7,69.0,69.8,67.2,64.2,65.8,68.3,69.2,66.7
4444,64.4,62.0,62.0,68.6,71.3,72.0,72.0,69.7,69.5,70.2,69.9,70.2,69.6,70.4,70.8,70.5,69.5,60.4,69.3,68.9,70.1,69.4,70.9,69.6,68.3,70.3,73.5,69.1,69.0,70.1,71.2,68.5,67.0,68.6,69.4,68.0,66.4,61.1,68.7,60.4,69.3,64.0,67.5,67.1,65.5,61.5,63.1,61.1,60.1,61.6,66.1,62.9,66.0,63.4,66.6,60.0,67.0,70.5,65.3,63.9,62.8,65.3,60.3,60.3,60.9,59.0,57.1,71.1,69.1,69.7,64.5,66.3,62.4,69.3,60.0,61.8,69.6,68.1,70.1,68.0,69.0,66.1,63.1,65.3,67.5,68.4,66.1
4445,63.5,61.0,61.5,67.7,70.6,71.4,71.4,69.2,69.0,69.8,69.4,69.7,69.1,69.7,70.1,70.1,68.8,60.4,68.7,68.7,69.5,68.8,70.4,68.7,67.7,69.7,72.8,68.5,68.4,69.6,70.6,67.9,66.2,67.8,68.7,67.2,65.7,60.3,67.6,59.3,68.4,63.7,66.6,65.9,64.5,60.7,62.0,60.2,58.7,60.4,65.0,61.7,64.7,63.0,65.4,60.2,66.0,69.7,64.0,64.0,63.0,63.9,60.1,59.1,59.8,58.7,55.6,70.6,68.7,69.3,62.9,65.3,61.6,68.2,59.3,60.8,69.3,67.7,69.4,67.2,68.1,65.0,61.6,65.4,66.7,67.8,65.4
4446,67.0,64.2,64.8,67.1,70.7,71.3,71.5,70.0,70.2,70.6,71.4,70.5,71.1,70.1,70.3,71.0,69.8,65.6,70.4,70.9,70.2,69.6,71.0,68.9,67.7,69.8,73.3,69.0,69.6,70.4,71.1,69.7,66.6,68.5,69.3,67.9,67.8,62.8,67.0,61.9,68.8,66.8,66.2,67.7,67.1,63.6,63.6,64.9,64.6,60.8,64.9,63.6,65.3,66.1,65.0,64.1,66.5,70.5,63.8,67.3,65.5,63.5,65.0,64.6,61.3,63.4,59.2,70.9,70.0,71.0,63.4,64.6,65.0,69.9,65.9,61.0,71.2,69.7,70.2,67.0,68.2,64.7,62.6,67.4,66.8,68.4,66.7
4447,71.8,68.7,69.8,70.0,73.1,73.4,73.9,72.6,73.1,73.1,74.4,72.9,74.1,72.3,73.0,73.7,73.0,69.6,73.7,73.8,73.1,72.4,73.7,71.5,70.1,72.7,75.1,71.9,72.2,73.2,73.3,72.5,69.4,71.1,71.3,70.7,71.8,67.2,69.6,67.4,71.2,71.7,68.8,71.6,71.0,68.8,67.6,71.5,72.7,66.7,69.6,67.5,70.7,70.1,67.4,68.9,69.8,73.9,66.8,71.1,68.3,66.8,69.7,72.4,64.0,68.5,64.7,73.2,73.2,73.7,68.6,67.8,69.5,75.3,72.2,67.5,74.2,72.7,72.9,69.7,71.0,67.5,67.4,69.9,69.2,71.1,69.9
4448,76.4,72.7,74.2,74.6,76.4,76.1,77.0,75.8,76.0,75.4,77.2,75.8,77.2,74.9,76.1,76.7,76.0,72.8,77.0,76.9,76.0,75.5,76.8,74.7,74.2,75.9,77.3,75.2,74.8,76.2,76.2,75.2,72.7,74.3,73.8,73.4,75.7,71.5,73.7,71.9,74.1,76.2,73.0,75.5,75.2,73.9,72.0,76.0,79.3,73.3,75.6,72.0,76.2,74.2,70.6,73.3,73.9,77.3,70.5,74.7,71.5,71.1,73.3,78.0,67.1,72.3,69.0,75.6,76.3,76.3,73.7,72.9,73.9,79.6,76.9,72.7,77.3,75.7,75.8,73.8,74.9,71.3,71.8,72.6,72.3,74.2,73.1
4449,80.1,76.5,78.0,79.3,79.9,79.0,79.9,79.2,78.5,77.8,79.8,78.6,79.7,77.3,79.0,79.1,79.0,76.1,79.6,79.5,79.0,78.0,79.5,77.9,78.0,79.2,79.7,78.6,77.5,78.7,79.0,77.8,75.9,77.3,76.6,76.1,79.0,75.2,77.7,75.5,77.3,79.7,76.9,79.0,79.1,77.8,76.5,79.9,84.2,79.1,79.7,76.8,81.1,78.0,74.6,77.0,78.1,80.4,74.0,77.7,75.1,75.3,76.8,82.5,71.0,76.1,73.1,78.0,78.8,78.8,78.5,77.4,78.4,82.7,80.9,77.5,80.1,78.1,78.4,77.8,78.4,75.6,74.7,75.2,75.2,77.2,76.0
4450,83.9,80.0,81.2,83.0,82.9,81.6,82.6,81.9,80.7,79.9,82.1,80.9,81.9,79.4,81.8,81.0,81.7,79.0,81.6,81.5,81.6,79.9,81.8,80.7,81.4,82.3,81.7,81.1,79.9,80.8,81.8,80.0,78.6,80.0,79.0,78.6,82.3,78.4,81.2,78.8,80.1,82.6,80.5,82.3,82.8,81.1,80.6,83.2,88.2,83.2,82.8,81.2,85.0,81.3,78.5,80.0,81.2,83.5,77.5,80.1,78.6,78.9,79.8,85.9,74.7,79.4,76.8,80.0,80.8,81.0,82.0,81.2,82.0,85.5,84.0,81.2,82.2,80.2,80.7,81.3,81.7,79.3,77.3,77.3,78.0,79.8,78.6
4451,87.0,82.9,83.6,86.1,85.4,84.0,85.0,84.5,82.3,82.0,83.8,82.6,83.7,81.4,84.0,82.7,83.8,82.1,83.1,83.1,83.8,81.8,83.9,83.1,84.4,84.9,83.6,83.1,81.9,82.6,83.8,81.8,80.9,82.0,81.1,80.7,84.6,81.6,84.1,81.9,82.9,84.8,83.6,85.3,86.0,84.1,84.0,85.9,91.6,86.6,85.2,84.8,88.4,83.9,81.4,82.2,83.7,86.0,80.8,82.3,81.7,81.8,82.6,88.6,78.2,82.3,80.5,81.8,82.4,82.9,84.9,84.2,85.1,88.0,86.7,84.2,83.8,81.8,82.8,84.3,84.3,82.6,79.9,79.0,80.3,81.7,80.7
4452,89.4,85.2,85.8,88.5,87.6,85.9,86.9,86.3,83.6,83.6,85.2,84.1,85.1,82.9,85.9,84.1,85.6,84.6,84.3,84.3,85.5,83.2,85.4,84.9,86.8,86.8,85.3,84.8,83.6,84.0,85.5,83.1,82.8,83.7,82.7,82.2,86.5,83.8,86.3,84.3,85.4,86.5,86.1,87.9,88.8,85.7,87.0,87.9,94.1,89.3,86.7,87.7,90.8,86.0,83.9,84.3,85.7,88.2,83.7,84.0,84.4,84.5,85.2,90.8,81.6,84.5,83.7,83.3,83.9,84.2,86.7,86.6,87.9,90.3,89.2,86.1,84.9,82.9,84.4,87.1,86.4,84.9,82.5,80.2,82.2,83.4,82.5
4453,91.3,86.4,87.1,90.5,89.2,87.5,88.5,87.6,84.5,84.7,85.9,85.1,86.2,83.9,87.2,85.1,86.8,86.8,85.2,85.0,86.7,84.4,86.7,86.5,88.8,88.3,86.5,86.0,84.9,85.2,86.6,84.0,84.2,84.9,84.0,83.4,88.0,84.9,87.9,85.5,87.5,87.5,88.2,89.6,90.8,86.5,89.0,89.4,95.7,90.5,87.4,89.8,92.6,87.6,85.5,85.8,87.2,89.7,86.2,85.3,86.4,86.7,87.4,92.8,84.8,86.0,86.4,84.5,85.0,85.3,88.1,88.5,89.8,92.1,91.1,87.1,85.6,83.7,85.6,89.2,88.2,87.1,84.3,81.1,83.7,84.6,83.8
4454,92.4,86.7,88.1,91.8,90.2,88.5,89.6,88.5,85.1,85.5,86.3,85.8,86.7,84.7,88.2,85.9,87.4,88.5,85.8,85.7,87.4,85.3,87.5,87.7,89.9,89.4,87.1,87.0,85.6,85.9,87.4,84.5,85.1,85.9,84.9,84.5,88.9,85.0,89.1,86.1,89.0,88.0,89.7,91.0,92.3,86.2,90.4,90.1,96.5,91.1,87.7,90.9,93.3,88.8,86.8,87.0,88.5,90.7,88.3,86.3,87.8,88.7,89.1,94.1,87.2,87.3,88.4,85.2,85.5,86.0,88.6,90.1,90.6,93.2,92.8,87.0,86.1,84.1,86.3,90.6,89.5,88.6,85.5,81.3,84.9,85.4,84.7
4455,92.6,86.2,88.4,92.6,90.8,89.1,89.9,89.0,85.4,85.7,86.5,86.3,86.8,84.9,88.5,86.3,87.5,89.4,85.8,85.7,87.8,85.7,88.0,88.3,90.7,89.9,87.3,87.3,85.7,86.1,87.8,84.7,85.8,86.6,85.5,85.1,89.0,84.3,89.7,85.5,89.2,87.6,90.5,91.6,92.4,85.5,90.4,89.8,96.5,91.0,87.2,91.0,93.0,89.0,87.6,87.7,89.2,91.2,89.7,87.0,88.4,90.3,90.3,94.7,88.3,88.0,89.4,85.6,85.4,86.0,88.7,90.9,90.3,93.9,93.3,87.1,86.0,84.2,86.5,91.6,90.3,89.7,86.4,81.1,85.6,85.8,85.2
4456,92.0,84.2,87.8,92.8,91.0,89.1,89.9,88.9,85.1,85.3,86.3,86.2,86.4,84.8,88.4,85.9,87.5,89.6,85.5,85.2,87.5,85.5,87.8,88.4,90.9,89.9,87.1,87.1,85.7,86.0,87.7,84.3,85.8,86.4,85.5,85.2,88.9,82.7,90.0,84.4,88.9,86.6,90.7,91.6,91.8,84.5,90.3,89.5,95.8,90.6,86.9,90.0,92.4,88.4,87.7,87.8,89.3,91.5,90.3,87.2,88.4,91.0,90.7,94.6,88.8,87.9,89.0,85.5,84.9,85.5,87.9,91.2,88.7,94.0,93.4,86.8,85.4,83.8,86.1,91.9,90.5,89.9,86.7,80.5,85.9,85.8,85.4
4457,90.4,82.3,86.0,92.1,90.4,88.3,89.1,88.2,84.3,84.8,85.3,85.8,85.4,84.3,87.7,85.2,86.9,89.0,84.7,83.6,87.0,84.9,87.1,87.8,90.1,89.7,86.5,86.3,85.2,85.4,87.2,83.4,85.2,85.7,85.1,84.7,87.5,80.6,89.5,82.7,87.7,84.6,90.2,90.6,89.9,82.8,89.1,88.1,94.4,89.8,86.0,88.2,90.8,86.7,87.3,87.6,89.0,90.9,90.3,86.9,87.5,91.2,90.0,93.4,88.1,86.9,87.3,84.8,84.1,84.9,86.0,90.3,86.9,93.1,92.6,85.9,84.6,83.0,85.5,91.4,90.2,89.1,86.3,79.3,85.3,85.2,84.7
4458,87.5,79.9,82.8,90.6,89.1,87.1,87.9,86.9,82.9,83.7,83.8,84.6,83.9,83.2,86.4,83.9,85.5,87.5,83.2,82.0,85.8,83.6,85.9,86.4,88.8,88.2,85.5,85.0,84.0,83.9,86.1,81.9,83.8,84.5,84.1,83.4,85.0,78.5,88.1,80.4,86.0,81.8,88.8,88.8,87.2,80.2,86.9,86.0,91.9,88.3,84.6,86.0,89.2,83.7,86.0,86.3,87.9,89.6,89.7,85.5,86.1,90.4,88.6,91.6,86.2,85.0,84.6,83.7,82.9,83.5,84.1,88.6,84.7,91.6,90.5,84.1,83.1,81.7,84.3,89.9,88.8,87.7,85.0,77.7,83.9,83.8,83.7
4459,82.6,76.3,77.7,88.1,86.9,85.0,85.6,84.5,80.4,81.4,81.1,82.8,81.0,81.3,83.9,81.5,82.8,83.8,80.6,79.2,83.4,81.2,83.2,83.7,86.0,85.6,83.9,82.6,81.7,81.7,84.0,78.8,81.4,82.4,82.4,81.2,80.9,75.1,85.5,77.3,83.7,77.2,86.2,86.0,82.8,76.5,83.9,82.7,87.6,86.3,82.8,83.1,86.5,78.7,83.9,83.6,86.0,87.6,88.4,82.9,83.3,88.4,85.3,88.1,82.9,81.4,80.6,81.8,80.4,80.7,81.3,85.9,81.2,89.5,86.5,81.6,80.2,79.1,81.9,87.1,86.2,84.7,82.3,75.6,81.8,81.4,81.5
4460,78.2,72.1,73.2,83.4,83.4,82.0,82.6,80.3,77.4,78.3,78.0,79.6,77.3,78.7,80.3,78.3,78.0,77.0,77.1,75.8,79.7,77.7,79.4,79.4,81.3,81.3,81.9,78.7,78.0,78.4,80.6,75.1,77.8,79.4,79.5,77.9,76.5,71.2,81.6,73.4,80.7,73.1,81.8,81.0,78.9,72.9,79.8,77.9,82.7,81.2,79.5,79.7,82.4,74.2,80.0,79.2,81.7,83.5,85.4,77.9,79.7,84.1,79.4,82.6,78.4,76.2,75.6,79.3,76.8,77.3,77.8,81.2,77.4,84.7,81.3,76.8,76.7,75.6,78.5,82.3,81.3,80.3,75.4,73.2,78.6,77.9,77.1
4461,75.7,69.4,70.6,79.6,80.3,79.9,80.4,77.5,75.7,76.8,76.0,77.3,75.4,76.7,77.9,76.4,75.4,73.2,75.3,74.0,77.1,75.5,77.1,76.7,77.6,78.2,80.3,76.4,75.7,76.4,78.1,73.5,74.8,77.2,77.0,75.0,74.3,69.1,78.0,70.7,78.7,71.0,77.8,77.8,76.6,70.6,76.9,74.9,79.5,75.7,76.2,77.4,78.6,71.9,76.9,75.3,77.6,80.1,81.1,75.1,75.9,78.1,74.2,79.5,74.9,72.5,71.8,77.7,75.2,75.6,75.2,77.2,74.9,81.1,78.1,73.2,75.0,73.8,76.5,78.2,77.8,76.4,70.2,71.6,75.9,75.7,73.9
4462,73.6,68.1,68.7,77.2,78.3,78.3,78.9,75.7,74.4,75.4,74.6,75.8,74.3,75.5,76.5,75.3,74.0,70.4,73.9,73.0,75.7,74.2,75.9,75.2,75.5,76.8,79.0,74.9,74.2,75.2,76.7,72.7,73.1,75.4,75.4,73.3,72.5,67.7,76.0,69.0,77.0,69.5,75.5,75.8,74.7,68.8,74.3,72.6,76.8,73.1,73.7,75.3,76.3,70.4,75.1,72.3,75.5,77.9,77.6,73.0,73.6,75.2,71.3,76.7,72.1,70.3,69.4,76.4,73.9,74.4,73.6,74.8,72.6,79.1,75.1,71.4,73.8,72.4,75.1,76.0,75.9,74.1,68.8,70.2,74.2,74.2,72.0
4463,72.0,67.0,67.4,75.4,76.6,77.0,77.4,74.5,73.2,74.5,73.7,74.4,73.3,74.4,75.3,74.1,73.0,68.2,72.9,72.1,74.5,73.1,74.9,74.2,74.1,75.4,77.8,73.4,73.0,74.1,75.6,71.6,72.0,73.7,74.3,72.2,71.3,66.2,74.2,67.3,75.6,68.4,73.6,74.6,72.9,67.5,71.8,70.1,73.7,71.4,71.8,73.2,74.6,69.1,73.5,69.4,73.9,76.3,74.6,71.2,71.4,73.1,68.8,74.2,70.3,68.4,67.3,75.4,72.8,73.4,71.8,72.9,70.8,76.9,71.5,69.7,72.8,71.3,74.0,74.4,74.6,72.4,67.7,69.3,72.6,73.1,70.7
4464,70.3,65.8,66.1,73.8,75.4,75.8,76.1,73.5,72.3,73.5,72.8,73.2,72.4,73.5,74.3,73.2,72.2,66.7,72.0,71.3,73.4,72.2,73.9,73.2,72.4,74.2,76.8,72.4,72.3,73.1,74.5,70.9,70.7,72.4,73.2,71.3,70.1,65.1,73.0,65.8,74.0,67.2,71.9,72.9,71.4,66.1,69.8,68.1,70.6,69.6,70.5,70.8,72.8,67.9,72.1,67.2,72.6,74.8,72.4,69.8,69.4,71.4,67.3,70.4,68.3,66.6,65.1,74.5,72.0,72.6,70.3,71.4,68.9,75.1,69.0,68.3,71.9,70.7,73.0,72.9,73.4,70.8,67.0,68.4,71.4,71.9,69.4
4465,69.0,64.8,65.1,72.4,74.2,74.7,74.9,72.6,71.7,72.7,72.0,72.4,71.6,72.5,73.1,72.5,71.4,64.9,71.2,70.6,72.4,71.3,73.0,72.2,71.3,73.1,75.9,71.3,71.4,72.2,73.6,70.3,69.7,71.3,72.0,70.1,69.1,64.0,71.7,64.7,72.6,66.3,70.7,71.4,69.8,64.9,68.1,66.2,67.3,67.5,69.2,68.6,71.2,66.8,70.7,65.3,71.0,73.6,70.3,68.5,67.4,69.9,65.6,67.4,66.4,64.5,63.1,73.6,71.1,71.8,68.9,69.9,67.1,73.5,66.3,66.6,71.2,69.9,72.2,71.5,72.2,69.7,66.2,67.5,70.3,71.0,68.6
4466,67.5,63.9,63.9,71.0,73.2,73.8,74.0,71.8,70.8,72.0,71.1,71.7,70.9,71.8,72.3,71.7,70.6,63.4,70.5,70.1,71.7,70.6,72.2,71.3,70.2,72.3,75.1,70.6,70.5,71.4,72.8,69.6,68.9,70.5,70.9,69.2,68.0,63.0,70.7,63.1,71.5,65.5,69.6,70.0,68.2,63.7,66.5,64.2,64.4,65.3,68.2,66.3,69.5,65.7,69.3,63.4,69.7,72.4,68.4,66.9,65.8,68.5,63.8,65.0,64.4,62.8,61.2,72.8,70.4,71.0,67.6,68.5,65.6,72.4,64.3,64.8,70.6,69.2,71.4,70.3,71.2,68.4,65.4,66.9,69.4,70.0,67.5
4467,65.9,63.1,63.1,69.9,72.4,72.8,73.1,70.8,70.1,71.2,70.4,70.9,70.1,71.1,71.6,71.2,70.1,61.9,69.8,69.4,70.9,70.0,71.6,70.4,69.3,71.4,74.3,69.9,69.8,70.8,72.1,69.0,68.1,69.3,70.2,68.7,67.3,62.2,69.8,62.1,70.3,64.7,68.6,68.5,66.7,62.6,65.0,62.6,62.2,63.6,67.2,64.5,68.0,64.6,67.9,61.5,68.4,71.3,66.6,65.5,64.3,67.0,61.8,62.7,62.6,60.8,58.9,72.0,69.7,70.4,66.1,67.2,64.0,70.8,62.0,63.4,70.1,68.6,70.8,69.2,70.0,67.3,64.3,66.1,68.5,69.3,66.8
4468,64.6,62.2,62.3,68.7,71.5,72.1,72.1,69.9,69.6,70.3,69.9,70.2,69.6,70.5,71.0,70.5,69.5,60.4,69.3,68.9,70.2,69.4,71.0,69.8,68.5,70.5,73.6,69.2,69.0,70.3,71.2,68.5,67.3,68.7,69.5,68.1,66.4,61.2,68.7,60.4,69.4,64.1,67.6,67.1,65.5,61.5,63.3,61.2,60.3,61.9,66.2,62.9,66.2,63.7,66.8,60.1,67.3,70.7,65.3,63.9,62.9,65.3,60.4,60.5,61.0,59.1,57.2,71.2,69.2,69.7,64.6,66.3,62.6,69.5,60.2,61.9,69.5,68.0,70.2,68.1,69.2,66.3,63.2,65.5,67.7,68.5,66.2
4469,63.7,61.2,61.8,67.8,70.8,71.6,71.5,69.4,69.0,69.9,69.4,69.7,69.1,69.8,70.3,70.1,68.8,60.4,68.7,68.7,69.6,68.9,70.5,68.9,67.9,69.9,72.9,68.6,68.4,69.7,70.6,68.0,66.5,68.0,68.9,67.4,65.7,60.4,67.8,59.2,68.5,63.8,66.8,66.0,64.6,60.7,62.2,60.3,58.9,60.7,65.2,61.7,64.9,63.3,65.7,60.2,66.3,69.9,64.1,63.9,63.1,63.9,60.2,59.2,59.9,58.7,55.7,70.7,68.7,69.4,63.1,65.3,61.7,68.4,59.4,61.1,69.2,67.7,69.5,67.4,68.3,65.2,61.7,65.6,67.0,68.0,65.5
4470,67.0,64.4,64.9,67.2,70.8,71.5,71.7,70.1,70.3,70.7,71.4,70.5,71.1,70.2,70.5,71.0,69.8,65.6,70.4,70.9,70.3,69.7,71.1,69.1,67.8,70.0,73.4,69.1,69.6,70.5,71.2,69.7,66.8,68.7,69.4,68.1,67.9,62.9,67.1,61.9,69.0,67.0,66.3,67.7,67.1,63.7,63.7,64.9,64.7,61.0,65.0,63.6,65.4,66.3,65.3,64.1,66.7,70.6,63.8,67.3,65.6,63.6,65.0,64.7,61.3,63.4,59.3,70.9,70.0,71.1,63.5,64.6,65.1,70.1,65.9,61.2,71.2,69.7,70.3,67.2,68.3,65.0,62.7,67.6,66.9,68.5,66.8
4471,71.8,68.8,69.8,70.2,73.1,73.6,74.1,72.8,73.2,73.2,74.4,72.9,74.2,72.4,73.3,73.8,73.0,69.7,73.7,73.8,73.2,72.5,73.8,71.7,70.3,72.9,75.1,72.0,72.3,73.3,73.4,72.6,69.5,71.2,71.4,70.8,71.9,67.3,69.7,67.4,71.3,71.8,68.9,71.6,71.0,68.7,67.7,71.4,72.8,66.8,69.7,67.5,70.7,70.2,67.6,68.9,69.9,73.9,66.8,71.1,68.4,66.8,69.7,72.5,64.0,68.5,64.7,73.3,73.2,73.8,68.5,67.9,69.6,75.4,72.3,67.4,74.2,72.7,73.0,69.8,71.1,67.7,67.4,70.1,69.2,71.3,69.9
4472,76.3,72.9,74.1,74.7,76.5,76.3,77.2,75.8,76.1,75.6,77.2,75.9,77.3,75.0,76.4,76.8,76.1,72.8,77.0,76.8,76.1,75.6,76.9,74.7,74.3,76.0,77.4,75.4,74.9,76.3,76.3,75.3,72.8,74.4,73.9,73.5,75.7,71.6,73.9,72.0,74.2,76.4,73.2,75.4,75.1,73.9,71.9,75.9,79.3,73.3,75.4,72.0,76.1,74.2,70.7,73.3,73.9,77.3,70.4,74.7,71.6,71.1,73.4,78.0,67.2,72.3,69.1,75.7,76.3,76.5,73.6,73.0,74.0,79.5,76.9,72.6,77.3,75.8,75.9,73.9,75.0,71.4,71.8,72.8,72.4,74.3,73.1
4473,80.1,76.7,78.0,79.4,80.0,79.2,80.1,79.1,78.6,78.0,79.9,78.7,79.8,77.3,79.3,79.2,79.1,76.1,79.7,79.4,79.1,78.0,79.6,78.0,78.1,79.3,79.8,78.7,77.6,78.8,79.1,78.0,76.0,77.4,76.7,76.2,79.1,75.3,77.9,75.6,77.3,79.8,77.1,78.9,79.0,77.8,76.5,79.8,84.1,79.0,79.6,76.8,81.0,78.2,74.6,77.0,78.0,80.4,73.9,77.7,75.1,75.3,76.9,82.5,71.2,76.1,73.2,78.1,78.8,78.9,78.3,77.6,78.4,82.7,80.9,77.4,80.1,78.2,78.4,77.8,78.5,75.7,74.7,75.4,75.3,77.2,76.1
4474,83.8,80.0,81.2,83.1,83.0,81.8,82.9,81.9,80.8,80.0,82.2,81.1,82.0,79.5,82.0,81.2,81.7,79.0,81.7,81.5,81.6,80.0,81.9,80.9,81.6,82.5,81.8,81.1,79.9,80.9,81.7,80.1,78.6,80.1,79.2,78.7,82.3,78.5,81.4,78.8,80.2,82.8,80.7,82.2,82.8,81.2,80.5,83.1,88.1,83.1,82.7,81.2,84.9,81.4,78.4,80.0,81.1,83.4,77.4,80.2,78.7,78.9,79.9,86.0,74.8,79.4,77.0,80.1,80.8,81.2,81.8,81.3,82.0,85.5,84.0,81.1,82.2,80.3,80.8,81.3,81.8,79.4,77.4,77.5,78.1,79.7,78.7
4475,87.0,83.0,83.6,86.2,85.6,84.3,85.3,84.5,82.5,82.0,83.9,82.8,83.9,81.5,84.3,82.9,83.8,82.1,83.2,83.0,83.8,81.9,84.0,83.2,84.6,85.1,83.6,83.1,81.8,82.7,83.8,82.0,81.0,82.1,81.2,80.8,84.7,81.7,84.4,81.9,83.0,85.0,83.8,85.3,86.0,84.1,83.9,85.7,91.6,86.5,85.0,84.9,88.2,84.0,81.3,82.2,83.7,85.9,80.8,82.3,81.8,81.8,82.7,88.7,78.4,82.3,80.7,81.9,82.5,83.1,84.7,84.3,85.2,87.9,86.7,84.1,83.8,82.0,82.8,84.5,84.4,82.6,79.9,79.3,80.4,81.7,80.8
4476,89.4,85.2,85.8,88.6,87.8,86.1,87.2,86.3,83.7,83.6,85.3,84.3,85.3,82.9,86.1,84.3,85.6,84.6,84.5,84.3,85.5,83.3,85.6,85.0,87.0,87.0,85.3,84.8,83.5,84.1,85.5,83.2,82.9,83.9,82.8,82.4,86.7,83.9,86.5,84.3,85.4,86.7,86.2,87.7,88.8,85.8,86.9,87.8,94.1,89.2,86.4,87.8,90.7,86.1,83.7,84.3,85.5,88.0,83.7,83.9,84.4,84.5,85.2,90.9,81.9,84.5,84.0,83.4,83.9,84.5,86.5,86.7,88.0,90.2,89.2,86.0,85.0,83.1,84.4,87.1,86.6,84.9,82.5,80.5,82.2,83.4,82.6
4477,91.3,86.4,87.1,90.6,89.3,87.8,88.8,87.7,84.6,84.6,86.1,85.2,86.4,83.9,87.5,85.2,86.7,86.8,85.4,85.1,86.8,84.5,86.9,86.5,89.0,88.6,86.4,86.2,84.8,85.3,86.6,84.2,84.3,85.1,84.1,83.6,88.2,84.9,88.0,85.6,87.4,87.6,88.3,89.5,90.8,86.5,88.9,89.3,95.7,90.4,87.1,89.9,92.5,87.7,85.3,85.8,87.0,89.5,86.1,85.2,86.4,86.7,87.3,92.9,85.0,85.9,86.8,84.5,85.0,85.5,87.9,88.7,89.9,91.9,91.1,86.9,85.7,83.9,85.6,89.3,88.4,87.1,84.4,81.3,83.8,84.7,84.0
4478,92.4,86.7,88.1,92.0,90.4,88.7,89.8,88.5,85.1,85.6,86.5,85.8,86.8,84.8,88.4,86.0,87.4,88.5,86.0,85.8,87.5,85.3,87.8,87.7,90.1,89.7,87.1,87.2,85.5,86.0,87.4,84.6,85.3,86.0,85.0,84.7,88.9,85.0,89.2,86.0,88.9,88.0,89.8,90.9,92.3,86.1,90.3,90.0,96.5,91.0,87.5,91.1,93.2,88.9,86.6,87.0,88.3,90.6,88.2,86.4,87.8,88.7,89.1,94.2,87.4,87.3,88.8,85.3,85.6,86.2,88.4,90.2,90.6,93.0,92.8,86.9,86.1,84.3,86.3,90.7,89.6,88.6,85.5,81.6,85.0,85.3,84.8
4479,92.6,86.2,88.4,92.8,91.0,89.3,90.2,89.0,85.3,85.7,86.5,86.3,86.8,85.0,88.7,86.3,87.5,89.5,86.0,85.8,88.0,85.7,88.2,88.3,90.9,90.1,87.3,87.5,85.8,86.2,87.9,84.8,86.0,86.6,85.4,85.1,89.0,84.3,89.9,85.5,89.2,87.6,90.5,91.4,92.5,85.7,90.3,89.8,96.6,90.9,87.0,91.3,92.8,89.1,87.5,87.7,89.1,91.1,89.6,87.1,88.4,90.2,90.3,94.9,88.6,88.1,89.7,85.7,85.4,85.9,88.5,91.0,90.3,93.7,93.5,87.0,86.1,84.4,86.6,91.6,90.4,89.7,86.4,81.3,85.7,85.7,85.3
4480,92.1,84.3,87.8,92.9,91.1,89.3,90.2,88.9,85.0,85.4,86.2,86.2,86.4,84.9,88.7,85.9,87.5,89.7,85.6,85.4,87.6,85.6,88.1,88.3,91.0,90.0,87.1,87.3,85.8,86.0,87.8,84.4,86.0,86.5,85.5,85.2,88.9,82.7,90.1,84.6,88.8,86.5,90.8,91.4,91.9,84.7,90.3,89.5,96.0,90.4,86.7,90.3,92.1,88.4,87.7,87.8,89.3,91.4,90.3,87.3,88.4,91.0,90.7,94.9,89.1,88.0,89.3,85.6,85.0,85.4,87.6,91.3,88.6,93.9,93.7,86.7,85.4,84.0,86.2,91.9,90.5,89.9,86.6,80.6,86.0,85.8,85.4
4481,90.6,82.3,86.1,92.2,90.5,88.5,89.3,88.2,84.3,84.9,85.3,85.7,85.4,84.4,87.9,85.3,87.0,89.1,84.7,83.8,87.1,85.0,87.4,87.8,90.2,89.8,86.6,86.4,85.2,85.4,87.3,83.6,85.3,85.8,85.1,84.6,87.4,80.5,89.5,82.9,87.6,84.5,90.3,90.4,89.9,83.0,89.2,88.1,94.6,89.7,85.9,88.6,90.5,86.8,87.2,87.6,88.9,90.8,90.2,86.9,87.6,91.2,90.1,93.8,88.5,87.0,87.7,85.0,84.2,85.0,85.8,90.3,86.9,92.9,92.9,85.8,84.7,83.3,85.6,91.4,90.2,89.2,86.2,79.5,85.4,85.1,84.8
4482,87.5,79.9,82.7,90.7,89.1,87.3,88.0,86.9,82.9,83.9,83.9,84.6,84.0,83.3,86.6,83.9,85.5,87.5,83.3,82.0,85.8,83.6,86.1,86.3,88.9,88.2,85.6,85.1,83.9,84.1,86.2,82.0,84.0,84.5,84.1,83.4,84.9,78.3,88.1,80.6,86.1,81.8,88.9,88.5,87.1,80.3,86.9,86.0,92.0,88.4,84.5,86.3,88.8,83.6,85.9,86.3,87.7,89.5,89.6,85.5,86.1,90.4,88.7,91.9,86.6,85.1,84.9,83.8,83.0,83.6,83.7,88.5,84.8,91.5,90.8,84.0,83.2,82.0,84.4,89.8,88.8,87.6,85.0,77.8,84.0,83.7,83.7
4483,82.6,76.3,77.6,88.0,87.0,85.1,85.7,84.4,80.4,81.5,81.1,82.8,81.0,81.5,84.0,81.6,82.8,83.8,80.7,79.2,83.5,81.2,83.4,83.7,86.1,85.5,84.0,82.6,81.6,81.8,84.1,78.9,81.5,82.4,82.4,81.2,80.9,75.0,85.5,77.4,83.8,77.1,86.3,85.7,82.7,76.5,83.8,82.7,87.7,86.2,82.8,83.4,86.2,78.7,83.8,83.6,85.9,87.5,88.4,83.0,83.4,88.3,85.5,88.4,83.3,81.6,80.9,82.0,80.5,80.8,81.0,85.8,81.2,89.3,86.8,81.5,80.4,79.4,82.1,87.0,86.2,84.7,82.3,75.7,81.9,81.3,81.6
4484,78.2,72.2,73.2,83.4,83.5,82.2,82.7,80.4,77.4,78.4,78.1,79.6,77.4,78.8,80.4,78.3,77.9,77.1,77.2,75.8,79.7,77.7,79.6,79.4,81.4,81.2,82.0,78.8,78.0,78.5,80.5,75.1,77.8,79.5,79.7,77.9,76.5,71.2,81.5,73.5,80.7,73.1,81.9,80.9,78.8,72.9,79.7,77.9,82.8,81.2,79.4,80.0,82.1,74.2,80.0,79.2,81.6,83.4,85.4,77.9,79.8,84.2,79.5,82.8,78.7,76.3,75.9,79.4,77.0,77.3,77.5,81.1,77.4,84.5,81.5,76.7,76.8,75.7,78.6,82.3,81.4,80.4,75.5,73.4,78.7,77.9,77.2
4485,75.7,69.5,70.7,79.6,80.4,80.0,80.5,77.5,75.7,76.9,76.0,77.3,75.6,76.9,78.0,76.5,75.4,73.2,75.4,74.1,77.2,75.6,77.3,76.8,77.7,78.3,80.3,76.6,75.7,76.6,78.1,73.5,74.8,77.2,77.1,75.0,74.3,69.1,78.0,70.8,78.7,71.0,77.9,77.6,76.6,70.7,76.9,75.0,79.5,75.8,76.1,77.6,78.4,72.0,76.8,75.3,77.6,80.1,81.2,75.1,76.1,78.1,74.2,79.6,75.1,72.6,72.1,77.8,75.3,75.7,75.0,77.2,75.0,81.0,78.2,73.1,75.1,73.8,76.6,78.4,77.9,76.5,70.1,71.7,75.9,75.7,73.9
4486,73.6,68.3,68.8,77.3,78.4,78.4,79.0,75.8,74.3,75.4,74.7,75.8,74.4,75.5,76.6,75.3,74.0,70.4,74.0,73.0,75.6,74.3,76.0,75.3,75.7,76.8,79.0,75.1,74.3,75.4,76.7,72.7,73.2,75.5,75.5,73.3,72.5,67.7,76.0,69.2,77.0,69.5,75.6,75.7,74.7,68.8,74.2,72.7,76.9,73.1,73.7,75.6,76.2,70.5,75.1,72.4,75.5,78.0,77.7,73.0,73.7,75.3,71.3,76.8,72.3,70.4,69.7,76.5,74.1,74.4,73.4,74.8,72.6,79.0,75.2,71.3,73.8,72.5,75.1,76.1,76.0,74.1,68.9,70.3,74.3,74.2,72.1
4487,72.0,67.1,67.5,75.4,76.7,77.1,77.6,74.5,73.2,74.5,73.7,74.5,73.4,74.5,75.4,74.1,73.0,68.2,73.0,72.1,74.4,73.2,75.1,74.3,74.3,75.4,77.8,73.6,73.0,74.3,75.5,71.7,72.1,73.8,74.4,72.2,71.3,66.3,74.3,67.4,75.6,68.5,73.7,74.5,73.0,67.5,71.8,70.2,73.8,71.4,71.8,73.4,74.4,69.2,73.5,69.4,73.9,76.3,74.6,71.3,71.4,73.0,68.8,74.4,70.6,68.4,67.5,75.4,73.0,73.4,71.6,72.8,70.8,76.8,71.6,69.6,72.9,71.5,74.0,74.6,74.7,72.5,67.7,69.4,72.8,73.1,70.8
4488,70.5,65.8,66.3,73.9,75.6,76.0,76.3,73.6,72.4,73.5,72.8,73.3,72.6,73.5,74.4,73.2,72.1,66.7,72.1,71.3,73.4,72.3,74.1,73.3,72.6,74.2,76.9,72.5,72.2,73.3,74.4,71.0,70.9,72.4,73.3,71.3,70.1,65.2,73.0,65.8,74.1,67.4,72.0,72.9,71.4,66.2,69.8,68.1,70.7,69.6,70.6,71.1,72.6,68.0,72.1,67.2,72.6,74.7,72.4,69.9,69.4,71.3,67.3,70.6,68.6,66.6,65.4,74.5,72.2,72.7,70.3,71.4,68.9,75.0,69.1,68.3,72.0,70.8,73.0,73.0,73.5,71.0,67.1,68.5,71.5,72.0,69.5
4489,69.1,64.9,65.2,72.5,74.4,74.8,75.1,72.7,71.7,72.6,72.0,72.4,71.8,72.4,73.2,72.5,71.3,64.9,71.3,70.6,72.4,71.4,73.2,72.3,71.5,73.3,76.0,71.4,71.4,72.3,73.5,70.4,69.9,71.3,72.1,70.2,69.2,64.1,71.8,64.8,72.7,66.4,70.8,71.3,69.9,64.9,68.2,66.3,67.4,67.6,69.4,68.8,71.0,66.9,70.7,65.3,71.0,73.7,70.3,68.6,67.4,69.8,65.6,67.6,66.6,64.6,63.4,73.6,71.2,71.9,68.9,69.8,67.2,73.3,66.6,66.6,71.3,70.0,72.2,71.6,72.3,69.8,66.3,67.6,70.4,71.0,68.7
4490,67.7,64.1,64.2,71.1,73.3,73.9,74.2,71.8,70.9,72.0,71.2,71.7,71.0,71.8,72.4,71.8,70.5,63.3,70.6,70.1,71.7,70.6,72.4,71.4,70.5,72.4,75.2,70.7,70.5,71.6,72.8,69.8,69.0,70.5,71.0,69.3,68.1,63.1,70.8,63.3,71.6,65.5,69.7,69.9,68.3,63.8,66.6,64.3,64.5,65.5,68.2,66.5,69.4,65.8,69.4,63.3,69.7,72.4,68.4,67.0,65.8,68.4,63.7,65.2,64.5,62.8,61.4,72.9,70.6,71.1,67.6,68.5,65.7,72.3,64.4,64.8,70.8,69.4,71.4,70.4,71.2,68.5,65.5,67.0,69.6,70.1,67.6
4491,66.1,63.2,63.4,70.0,72.5,73.0,73.3,70.9,70.2,71.2,70.5,71.0,70.3,71.1,71.7,71.2,70.1,61.8,70.0,69.5,70.9,70.1,71.7,70.5,69.5,71.4,74.4,69.9,69.8,71.0,72.1,69.1,68.2,69.4,70.3,68.7,67.4,62.3,69.8,62.3,70.4,64.8,68.9,68.5,66.8,62.8,65.2,62.7,62.3,63.7,67.2,64.7,67.8,64.9,68.1,61.4,68.4,71.4,66.6,65.5,64.3,66.9,61.7,62.8,62.7,60.8,59.1,72.1,69.7,70.5,66.2,67.3,64.2,70.6,62.1,63.4,70.2,68.8,70.8,69.4,70.2,67.5,64.4,66.2,68.7,69.4,66.9
4492,64.8,62.4,62.6,68.9,71.6,72.2,72.3,70.0,69.7,70.4,70.0,70.3,69.8,70.5,71.1,70.6,69.4,60.2,69.4,68.9,70.2,69.5,71.1,69.9,68.7,70.5,73.7,69.3,69.0,70.4,71.3,68.7,67.4,68.8,69.7,68.1,66.6,61.4,68.9,60.7,69.5,64.3,67.9,67.0,65.7,61.7,63.6,61.3,60.4,61.8,66.3,63.0,66.1,63.9,66.9,60.0,67.4,70.7,65.4,63.9,62.8,65.2,60.2,60.6,61.1,59.0,57.3,71.3,69.2,69.9,64.6,66.4,62.8,69.3,60.2,62.0,69.6,68.2,70.2,68.4,69.3,66.4,63.2,65.6,67.8,68.6,66.3
4493,63.9,61.4,62.1,68.0,70.9,71.7,71.7,69.4,69.2,70.0,69.5,69.8,69.3,69.9,70.4,70.2,68.8,60.3,68.9,68.7,69.6,68.9,70.7,69.1,68.1,70.0,73.0,68.7,68.5,69.8,70.7,68.1,66.7,68.1,69.0,67.4,65.9,60.6,68.0,59.5,68.7,63.9,67.1,66.0,64.7,60.9,62.4,60.4,59.0,60.8,65.2,61.8,64.9,63.4,65.8,60.1,66.3,70.0,64.1,63.9,63.0,63.8,59.9,59.2,59.9,58.6,55.7,70.8,68.8,69.6,63.2,65.4,62.0,68.2,59.4,61.2,69.3,67.9,69.5,67.7,68.4,65.5,61.7,65.7,67.1,68.0,65.6
4494,67.1,64.5,65.2,67.4,71.0,71.6,71.8,70.2,70.4,70.7,71.5,70.6,71.3,70.2,70.5,71.1,69.8,65.5,70.5,70.9,70.3,69.7,71.2,69.2,67.9,70.0,73.4,69.3,69.7,70.6,71.2,69.9,67.0,68.7,69.5,68.1,68.1,62.9,67.3,62.0,69.1,67.1,66.6,67.6,67.2,63.7,63.8,65.0,64.9,61.1,65.0,63.7,65.4,66.4,65.3,64.0,66.8,70.7,63.7,67.3,65.6,63.5,64.9,64.7,61.4,63.3,59.4,71.0,70.1,71.2,63.6,64.7,65.3,69.8,66.0,61.3,71.3,69.9,70.3,67.4,68.4,65.2,62.7,67.7,67.1,68.6,66.9
4495,71.9,68.9,69.9,70.3,73.3,73.7,74.2,72.8,73.3,73.3,74.6,73.0,74.4,72.4,73.3,73.9,73.0,69.7,73.8,73.8,73.2,72.6,73.9,71.8,70.4,73.0,75.2,72.1,72.4,73.3,73.5,72.7,69.6,71.2,71.5,70.9,72.0,67.4,69.9,67.5,71.4,72.0,69.1,71.5,71.1,68.8,67.8,71.5,72.9,66.8,69.6,67.6,70.6,70.2,67.7,68.9,70.0,73.9,66.7,71.1,68.4,66.7,69.7,72.6,64.1,68.5,64.9,73.3,73.3,74.0,68.5,67.9,69.8,75.1,72.4,67.4,74.3,72.9,73.0,70.0,71.2,67.8,67.4,70.3,69.3,71.3,70.0
4496,76.3,73.0,74.2,74.9,76.6,76.3,77.2,75.9,76.3,75.6,77.4,76.0,77.4,75.1,76.4,76.8,76.1,72.8,77.1,76.9,76.2,75.6,76.9,74.8,74.4,76.1,77.5,75.4,74.9,76.3,76.3,75.4,72.9,74.5,74.0,73.6,75.8,71.6,74.1,72.0,74.2,76.5,73.2,75.4,75.2,74.0,71.9,76.0,79.4,73.3,75.3,72.2,76.0,74.3,70.8,73.3,74.0,77.3,70.4,74.8,71.7,71.2,73.5,78.3,67.4,72.4,69.4,75.8,76.3,76.6,73.5,73.1,74.1,79.4,77.1,72.5,77.4,75.9,76.0,74.0,75.0,71.5,71.8,73.0,72.4,74.4,73.2
4497,80.0,76.7,78.0,79.5,80.1,79.2,80.1,79.2,78.8,78.1,80.0,78.9,80.1,77.4,79.3,79.3,79.1,76.2,79.9,79.5,79.2,78.1,79.6,78.0,78.2,79.4,79.9,78.8,77.6,78.7,79.2,78.0,76.1,77.6,76.9,76.4,79.1,75.3,78.1,75.7,77.4,79.9,77.1,78.9,79.1,77.9,76.4,79.8,84.2,79.0,79.4,77.0,80.7,78.2,74.7,77.0,78.1,80.4,74.0,77.8,75.3,75.6,77.0,82.8,71.4,76.2,73.5,78.2,78.9,79.1,78.1,77.6,78.4,82.5,81.1,77.3,80.2,78.4,78.5,77.9,78.5,75.7,74.8,75.6,75.4,77.4,76.3
4498,83.8,80.0,81.1,83.1,83.1,81.8,82.8,82.0,81.0,80.1,82.5,81.2,82.2,79.6,82.0,81.3,81.8,79.1,81.9,81.6,81.7,80.1,81.9,80.8,81.7,82.6,81.9,81.2,80.0,80.9,81.8,80.2,78.7,80.3,79.3,78.9,82.3,78.5,81.7,78.9,80.3,82.8,80.7,82.1,82.8,81.3,80.5,83.2,88.2,83.1,82.5,81.5,84.6,81.4,78.5,80.1,81.1,83.4,77.6,80.3,79.0,79.2,80.1,86.3,75.0,79.5,77.3,80.2,80.9,81.4,81.6,81.3,82.1,85.4,84.3,81.0,82.3,80.5,80.9,81.4,81.8,79.4,77.5,77.7,78.1,79.8,78.9
4499,87.0,83.0,83.5,86.2,85.6,84.2,85.2,84.6,82.7,82.1,84.2,82.9,84.1,81.5,84.3,83.0,83.8,82.3,83.5,83.2,83.8,82.0,84.0,83.2,84.6,85.1,83.7,83.2,81.9,82.6,83.9,82.1,81.0,82.4,81.4,81.0,84.8,81.6,84.5,82.0,83.1,85.0,83.8,85.2,86.1,84.2,83.9,85.9,91.7,86.5,84.8,85.2,88.0,84.0,81.4,82.4,83.7,85.9,81.0,82.5,82.1,82.1,83.0,89.0,78.7,82.4,81.1,82.0,82.5,83.3,84.5,84.3,85.3,87.8,87.1,84.0,84.0,82.2,82.9,84.5,84.5,82.6,80.0,79.4,80.3,81.8,81.0
4500,89.3,85.1,85.7,88.6,87.8,86.0,87.1,86.3,83.9,83.7,85.6,84.4,85.5,83.0,86.1,84.4,85.7,84.9,84.7,84.4,85.5,83.4,85.7,85.0,87.0,87.0,85.5,84.8,83.6,83.9,85.5,83.3,82.9,84.1,83.0,82.7,86.8,83.8,86.6,84.4,85.4,86.7,86.2,87.7,88.8,85.9,86.9,87.9,94.2,89.2,86.2,88.1,90.4,86.1,83.8,84.6,85.6,88.0,83.9,84.1,84.8,84.8,85.5,91.2,82.2,84.6,84.4,83.5,83.9,84.7,86.3,86.7,88.0,90.2,89.5,85.9,85.1,83.4,84.5,87.2,86.7,85.0,82.6,80.7,82.2,83.5,82.8
4501,91.3,86.4,87.0,90.6,89.3,87.7,88.7,87.7,84.8,84.7,86.3,85.3,86.6,83.9,87.5,85.3,86.8,87.1,85.7,85.2,86.8,84.5,86.8,86.6,89.0,88.5,86.6,86.2,84.9,85.2,86.7,84.2,84.2,85.4,84.3,83.8,88.3,84.9,88.2,85.6,87.5,87.5,88.2,89.4,90.8,86.5,88.8,89.4,96.0,90.5,86.7,90.2,92.1,87.7,85.3,86.1,87.1,89.6,86.5,85.4,86.8,86.9,87.7,93.3,85.5,86.1,87.2,84.7,84.9,85.7,87.7,88.8,89.9,91.9,91.5,87.0,85.9,84.2,85.5,89.3,88.4,87.1,84.5,81.4,83.7,84.8,84.2
4502,92.4,86.7,88.0,92.0,90.4,88.6,89.8,88.6,85.3,85.7,86.7,86.1,87.0,84.8,88.4,86.0,87.5,88.9,86.2,86.0,87.6,85.3,87.8,87.8,90.1,89.7,87.2,87.2,85.7,85.9,87.5,84.7,85.3,86.2,85.2,84.9,88.9,84.9,89.4,86.0,89.0,87.9,89.7,90.8,92.2,86.0,90.3,90.2,96.7,91.1,87.2,91.5,92.8,88.8,86.5,87.3,88.3,90.6,88.5,86.6,88.2,89.0,89.5,94.5,87.9,87.5,89.2,85.4,85.4,86.3,88.2,90.2,90.6,92.8,93.2,86.9,86.2,84.6,86.4,90.7,89.6,88.6,85.7,81.6,85.0,85.5,85.0
4503,92.6,86.0,88.3,92.7,91.0,89.3,90.2,89.1,85.6,85.9,86.7,86.4,87.1,85.1,88.7,86.4,87.6,89.9,86.1,86.0,88.1,85.8,88.2,88.4,90.8,90.2,87.4,87.5,85.9,86.0,88.0,84.9,85.9,86.8,85.6,85.2,89.2,84.1,89.9,85.5,89.2,87.3,90.5,91.3,92.4,85.6,90.3,90.0,96.8,91.0,86.7,91.5,92.5,88.9,87.5,88.0,89.1,91.1,90.0,87.3,89.0,90.6,90.7,95.2,89.2,88.4,90.1,85.8,85.3,86.2,88.3,91.1,90.2,93.6,93.9,87.1,86.2,84.7,86.7,91.6,90.4,89.6,86.5,81.3,85.7,85.9,85.4
4504,92.0,84.0,87.7,92.8,91.1,89.3,90.2,89.0,85.3,85.5,86.4,86.3,86.6,85.0,88.7,86.1,87.6,90.1,85.7,85.4,87.8,85.7,88.1,88.4,91.0,90.0,87.2,87.4,85.9,86.0,87.9,84.5,85.9,86.7,85.6,85.4,89.0,82.5,90.1,84.7,88.6,86.2,90.7,91.3,91.6,84.5,90.3,89.7,96.3,90.7,86.4,90.5,91.8,88.2,87.7,88.1,89.3,91.5,90.7,87.6,88.9,91.4,91.1,95.3,89.7,88.3,89.7,85.7,84.9,85.7,87.4,91.3,88.5,93.9,94.0,86.7,85.4,84.2,86.4,91.8,90.5,89.7,86.9,80.6,86.0,85.9,85.6
4505,90.3,82.0,85.9,92.1,90.6,88.5,89.4,88.3,84.5,85.0,85.4,85.9,85.6,84.6,88.0,85.3,87.1,89.5,84.9,83.8,87.3,85.1,87.5,87.9,90.2,89.8,86.7,86.5,85.4,85.4,87.4,83.7,85.2,85.8,85.2,84.8,87.5,80.3,89.5,83.0,87.5,84.3,90.2,90.4,89.6,82.6,89.2,88.4,94.8,89.9,85.7,88.8,90.2,86.6,87.3,87.9,89.0,90.9,90.4,87.2,88.1,91.6,90.5,94.2,89.1,87.3,88.2,85.1,84.1,85.2,85.7,90.3,86.6,93.0,93.3,85.8,84.7,83.5,85.8,91.2,90.1,89.0,86.5,79.5,85.3,85.2,84.9
4506,87.1,79.7,82.5,90.5,89.1,87.3,88.1,86.9,83.2,84.0,84.0,84.8,84.2,83.4,86.6,84.0,85.6,88.0,83.4,82.1,86.0,83.8,86.2,86.4,88.8,88.2,85.8,85.2,84.1,84.0,86.3,82.1,83.8,84.6,84.2,83.6,84.9,78.0,88.1,80.6,85.9,81.6,88.8,88.5,86.6,79.9,86.8,86.3,92.2,88.6,84.2,86.6,88.6,83.4,86.0,86.6,87.8,89.6,89.9,85.8,86.7,90.8,89.1,92.3,87.1,85.4,85.3,84.0,82.9,83.7,83.6,88.3,84.4,91.6,91.2,84.0,83.2,82.2,84.6,89.6,88.7,87.4,85.2,77.8,83.9,83.8,83.8
4507,82.4,76.2,77.5,87.8,87.1,85.2,85.8,84.5,80.6,81.6,81.2,82.9,81.2,81.6,84.1,81.7,82.9,84.3,80.7,79.3,83.6,81.4,83.5,83.6,86.1,85.5,84.1,82.7,81.7,81.8,84.2,79.0,81.4,82.3,82.4,81.2,80.8,74.8,85.4,77.3,83.6,77.0,86.2,85.7,82.4,76.2,83.8,83.0,87.8,86.4,82.6,83.6,86.0,78.6,84.0,83.9,86.0,87.6,88.7,83.3,83.8,88.7,85.9,88.7,83.7,81.9,81.3,82.1,80.4,80.9,80.9,85.6,80.9,89.4,87.1,81.6,80.4,79.5,82.3,86.8,86.2,84.5,82.6,75.7,81.8,81.5,81.7
4508,78.0,72.1,73.2,83.1,83.6,82.2,82.7,80.4,77.6,78.5,78.2,79.7,77.6,78.9,80.4,78.5,78.0,77.4,77.3,76.0,79.8,77.8,79.7,79.3,81.5,81.2,82.1,78.9,78.1,78.5,80.7,75.2,77.7,79.4,79.7,78.0,76.6,71.0,81.4,73.5,80.6,73.2,81.9,81.0,78.6,72.7,79.6,78.2,83.0,81.4,79.2,80.2,81.9,74.1,80.1,79.4,81.7,83.5,85.7,78.1,80.2,84.4,79.9,83.1,79.1,76.6,76.4,79.5,77.0,77.5,77.5,80.9,77.1,84.6,81.8,76.7,76.9,75.9,78.8,82.2,81.4,80.2,75.5,73.4,78.6,78.0,77.2
4509,75.5,69.6,70.6,79.6,80.5,80.0,80.6,77.5,75.9,77.0,76.1,77.5,75.8,77.0,78.0,76.6,75.5,73.3,75.5,74.2,77.3,75.8,77.4,76.7,77.7,78.3,80.4,76.6,75.8,76.6,78.2,73.7,74.8,77.2,77.1,75.1,74.3,69.0,77.9,70.9,78.6,71.0,77.9,77.7,76.4,70.5,76.8,75.2,79.8,75.8,76.0,77.9,78.1,71.8,77.0,75.5,77.7,80.2,81.3,75.4,76.5,78.3,74.4,79.9,75.5,72.8,72.6,77.9,75.3,75.8,74.8,77.1,74.9,81.0,78.5,73.1,75.2,74.1,76.8,78.4,77.8,76.4,70.0,71.7,75.8,75.8,73.9
4510,73.5,68.3,68.8,77.3,78.3,78.5,79.1,75.8,74.6,75.5,74.8,76.0,74.6,75.6,76.6,75.4,74.1,70.6,74.1,73.1,75.7,74.5,76.2,75.2,75.7,76.8,79.1,75.1,74.3,75.3,76.7,72.8,73.1,75.5,75.5,73.3,72.6,67.7,75.9,69.1,76.8,69.5,75.6,75.7,74.6,68.7,74.2,72.9,77.2,73.3,73.5,75.8,75.9,70.3,75.2,72.6,75.6,78.1,77.9,73.2,74.1,75.3,71.4,77.2,72.8,70.8,70.1,76.6,74.0,74.6,73.3,74.8,72.6,79.0,75.5,71.4,74.0,72.8,75.3,76.1,76.0,74.1,68.9,70.4,74.3,74.2,72.1
4511,72.0,67.1,67.5,75.4,76.8,77.2,77.7,74.6,73.4,74.6,73.8,74.6,73.6,74.6,75.4,74.2,73.1,68.5,73.1,72.2,74.5,73.3,75.2,74.2,74.3,75.4,77.9,73.7,73.0,74.3,75.5,71.8,72.0,73.8,74.4,72.2,71.3,66.2,74.3,67.4,75.5,68.5,73.7,74.6,72.9,67.4,71.7,70.4,74.1,71.7,71.7,73.7,74.2,69.1,73.6,69.5,74.0,76.4,74.7,71.5,71.7,73.1,68.8,74.7,71.0,68.6,68.0,75.5,73.0,73.6,71.5,72.8,70.8,76.8,71.9,69.7,73.0,71.7,74.2,74.6,74.7,72.5,67.8,69.4,72.8,73.1,70.8
4512,70.5,65.9,66.4,73.8,75.6,75.9,76.4,73.6,72.5,73.4,72.9,73.5,72.7,73.6,74.5,73.3,72.1,66.9,72.2,71.4,73.4,72.4,74.2,73.3,72.6,74.3,76.9,72.6,72.2,73.4,74.4,71.0,70.8,72.4,73.3,71.3,70.1,65.2,73.1,65.9,74.0,67.4,72.0,73.0,71.2,66.1,69.7,68.3,71.0,69.8,70.5,71.4,72.5,67.9,72.2,67.3,72.6,74.8,72.4,70.0,69.6,71.4,67.2,71.1,69.0,66.8,65.8,74.6,72.2,72.8,70.2,71.4,68.9,75.1,69.4,68.5,72.2,71.0,73.1,73.0,73.5,70.9,67.2,68.5,71.5,71.9,69.5
4513,69.2,65.0,65.4,72.4,74.4,74.9,75.3,72.8,72.0,72.6,72.1,72.6,72.0,72.6,73.3,72.6,71.3,65.1,71.5,70.8,72.5,71.5,73.3,72.3,71.5,73.3,76.0,71.5,71.3,72.3,73.6,70.6,69.9,71.2,72.1,70.2,69.3,64.1,71.8,64.9,72.6,66.5,70.8,71.4,69.7,64.9,68.2,66.5,67.6,67.7,69.3,69.0,71.0,66.8,70.8,65.4,71.1,73.7,70.4,68.8,67.7,69.8,65.6,68.0,66.9,64.8,63.9,73.8,71.3,72.1,68.9,69.8,67.3,73.4,67.0,66.8,71.5,70.2,72.3,71.6,72.3,69.7,66.4,67.7,70.4,71.0,68.6
4514,67.8,64.1,64.3,71.1,73.4,74.0,74.4,71.8,71.2,72.1,71.4,71.9,71.2,71.9,72.4,71.8,70.6,63.4,70.8,70.2,71.7,70.7,72.5,71.4,70.5,72.4,75.2,70.7,70.4,71.6,72.8,69.9,69.1,70.5,71.0,69.3,68.2,63.2,70.8,63.4,71.6,65.6,69.7,70.0,68.2,63.8,66.5,64.4,64.7,65.6,68.2,66.7,69.3,65.9,69.5,63.4,69.8,72.5,68.5,67.2,66.0,68.3,63.7,65.6,64.9,62.9,61.8,73.0,70.6,71.2,67.5,68.5,65.8,72.2,64.8,64.9,70.9,69.5,71.6,70.4,71.2,68.6,65.7,67.1,69.6,70.1,67.6
4515,66.2,63.3,63.5,70.0,72.6,73.1,73.5,70.9,70.5,71.2,70.6,71.2,70.5,71.2,71.7,71.3,70.1,61.9,70.2,69.6,70.9,70.2,71.8,70.5,69.5,71.5,74.4,70.0,69.8,71.0,72.1,69.2,68.3,69.4,70.4,68.7,67.5,62.4,69.9,62.3,70.5,64.9,68.8,68.6,66.7,62.8,65.2,62.9,62.5,63.8,67.2,64.9,67.9,64.9,68.2,61.5,68.4,71.5,66.8,65.8,64.5,66.9,61.7,63.1,63.0,61.0,59.4,72.1,69.7,70.6,66.2,67.3,64.3,70.7,62.6,63.5,70.3,68.9,70.9,69.4,70.1,67.6,64.5,66.4,68.7,69.3,66.9
4516,65.0,62.5,62.8,68.9,71.6,72.3,72.5,70.1,69.9,70.5,70.1,70.5,69.9,70.6,71.2,70.8,69.5,60.4,69.6,69.0,70.2,69.6,71.2,69.8,68.6,70.6,73.7,69.3,69.0,70.4,71.3,68.8,67.5,68.8,69.7,68.1,66.7,61.6,68.9,60.8,69.6,64.3,67.9,67.1,65.6,61.6,63.5,61.5,60.6,62.1,66.3,63.2,66.2,63.9,67.0,60.1,67.3,70.8,65.5,63.9,63.1,65.2,60.2,60.9,61.4,59.2,57.6,71.4,69.2,70.0,64.7,66.5,63.0,69.4,60.5,62.1,69.8,68.3,70.3,68.4,69.3,66.5,63.5,65.8,67.8,68.6,66.2
4517,64.1,61.6,62.2,68.1,70.9,71.7,71.8,69.5,69.4,70.0,69.7,70.0,69.4,70.0,70.4,70.3,68.8,60.4,69.1,68.8,69.7,69.0,70.7,69.1,68.1,70.0,73.0,68.8,68.4,69.9,70.7,68.3,66.7,68.1,69.0,67.4,65.9,60.7,68.1,59.7,68.7,64.0,67.1,66.1,64.7,60.9,62.4,60.6,59.2,61.1,65.3,62.0,65.0,63.5,65.8,60.2,66.3,70.0,64.3,64.0,63.2,63.8,59.9,59.4,60.2,58.7,56.1,70.9,68.9,69.7,63.2,65.6,62.2,68.4,59.7,61.2,69.4,67.9,69.6,67.7,68.5,65.5,62.0,65.9,67.1,68.0,65.6
4518,67.2,64.6,65.3,67.5,71.0,71.6,71.9,70.2,70.6,70.8,71.6,70.8,71.4,70.2,70.5,71.1,69.7,65.7,70.7,70.9,70.3,69.8,71.2,69.2,67.9,70.0,73.4,69.3,69.6,70.6,71.2,70.0,67.0,68.8,69.5,68.1,68.1,63.0,67.4,62.1,69.1,67.1,66.6,67.6,67.2,63.7,63.8,65.1,65.1,61.3,65.1,63.9,65.5,66.5,65.4,64.0,66.8,70.7,64.0,67.3,65.9,63.4,65.0,64.9,61.7,63.5,59.6,71.0,70.2,71.3,63.7,64.8,65.3,70.0,66.2,61.4,71.4,69.9,70.3,67.5,68.4,65.3,62.9,67.9,67.0,68.6,66.8
4519,71.8,69.0,69.8,70.3,73.2,73.7,74.3,72.8,73.5,73.3,74.6,73.2,74.5,72.5,73.3,73.9,73.0,69.9,73.9,73.9,73.2,72.6,73.9,71.8,70.3,72.9,75.2,72.1,72.4,73.3,73.5,72.8,69.6,71.2,71.5,70.8,72.1,67.4,70.0,67.5,71.4,72.0,69.0,71.5,71.1,68.7,67.7,71.7,73.1,67.0,69.6,67.8,70.6,70.2,67.8,68.9,70.0,74.0,67.0,71.2,68.6,66.7,69.8,72.8,64.4,68.7,65.2,73.4,73.3,74.1,68.5,68.0,69.8,75.2,72.6,67.5,74.4,73.0,73.0,70.0,71.2,67.9,67.6,70.4,69.3,71.3,69.9
4520,76.2,73.0,74.1,74.8,76.6,76.3,77.3,75.8,76.5,75.6,77.5,76.1,77.6,75.1,76.4,76.8,76.1,73.1,77.2,76.9,76.1,75.7,77.0,74.8,74.4,76.0,77.5,75.4,74.9,76.4,76.3,75.5,72.9,74.5,74.0,73.6,75.8,71.7,74.2,71.9,74.1,76.4,73.1,75.4,75.0,73.8,71.8,76.2,79.5,73.5,75.3,72.3,75.9,74.2,70.9,73.4,74.1,77.5,70.7,74.9,71.9,71.2,73.6,78.5,67.6,72.6,69.7,75.9,76.4,76.7,73.4,73.1,74.1,79.4,77.4,72.6,77.5,76.1,76.0,73.9,74.9,71.5,72.1,73.1,72.4,74.4,73.2
4521,79.9,76.7,77.8,79.2,80.1,79.2,80.1,79.2,79.0,78.0,80.2,79.0,80.2,77.4,79.4,79.3,79.0,76.5,79.9,79.6,79.1,78.2,79.7,77.9,78.1,79.3,79.9,78.8,77.6,78.8,79.2,78.2,76.0,77.6,76.9,76.3,79.1,75.3,78.1,75.6,77.3,79.8,76.9,79.0,78.9,77.8,76.3,80.0,84.4,79.2,79.3,77.2,80.7,78.0,74.9,77.2,78.2,80.6,74.2,78.0,75.5,75.7,77.2,83.0,71.6,76.5,73.8,78.2,78.9,79.3,78.0,77.6,78.3,82.6,81.3,77.4,80.2,78.5,78.5,77.8,78.5,75.6,75.2,75.7,75.4,77.4,76.3
4522,83.7,80.1,81.0,82.9,83.1,81.7,82.8,82.0,81.2,80.0,82.6,81.3,82.4,79.5,82.0,81.4,81.7,79.5,82.0,81.6,81.6,80.2,82.0,80.7,81.6,82.5,81.9,81.2,80.0,81.0,81.8,80.4,78.6,80.3,79.4,78.8,82.3,78.5,81.7,78.8,80.2,82.7,80.5,82.2,82.7,81.2,80.4,83.3,88.4,83.3,82.4,81.6,84.6,81.3,78.7,80.3,81.4,83.7,77.9,80.6,79.2,79.3,80.3,86.5,75.3,79.7,77.7,80.2,80.9,81.7,81.6,81.3,82.0,85.5,84.5,81.2,82.3,80.7,80.9,81.2,81.7,79.2,77.8,77.9,78.1,79.8,79.0
4523,86.8,82.9,83.5,86.0,85.5,84.1,85.1,84.5,83.0,82.1,84.3,83.1,84.4,81.5,84.3,83.1,83.8,82.5,83.5,83.2,83.9,82.1,84.1,83.0,84.6,85.0,83.6,83.2,81.9,82.8,83.9,82.2,81.0,82.3,81.4,80.9,84.7,81.6,84.4,81.8,83.0,84.9,83.7,85.3,86.0,84.1,83.8,86.0,91.8,86.7,84.7,85.3,87.9,83.9,81.7,82.7,84.0,86.2,81.3,82.7,82.2,82.3,83.2,89.3,78.9,82.6,81.5,82.0,82.5,83.6,84.5,84.3,85.2,88.0,87.3,84.2,84.0,82.5,82.9,84.4,84.4,82.5,80.4,79.7,80.3,81.8,81.1
4524,89.2,85.1,85.5,88.4,87.7,86.0,87.0,86.3,84.2,83.7,85.8,84.6,85.8,83.0,86.0,84.4,85.7,85.2,84.9,84.5,85.5,83.5,85.7,84.8,87.0,86.9,85.4,84.9,83.7,84.0,85.5,83.5,82.9,84.1,83.1,82.6,86.7,83.7,86.6,84.2,85.3,86.5,86.1,87.8,88.7,85.8,86.8,88.1,94.3,89.3,86.1,88.3,90.3,85.9,84.0,84.8,86.0,88.5,84.2,84.3,85.0,85.0,85.8,91.5,82.4,84.9,84.8,83.6,83.9,85.0,86.2,86.6,88.0,90.4,89.8,86.0,85.1,83.5,84.5,87.0,86.6,84.9,83.0,80.9,82.2,83.6,82.9
4525,91.3,86.3,86.8,90.4,89.2,87.7,88.6,87.6,85.1,84.7,86.6,85.5,86.9,84.0,87.4,85.4,86.8,87.4,85.8,85.3,86.8,84.6,86.9,86.5,88.9,88.4,86.6,86.2,85.0,85.2,86.7,84.4,84.2,85.4,84.4,83.9,88.2,84.9,88.0,85.4,87.4,87.4,88.1,89.6,90.7,86.5,88.8,89.5,96.1,90.8,86.5,90.4,92.0,87.6,85.7,86.3,87.4,90.0,86.8,85.7,87.0,87.1,87.9,93.6,85.7,86.4,87.5,84.7,84.9,86.0,87.6,88.7,89.8,92.1,91.8,87.2,85.9,84.3,85.6,89.2,88.2,87.1,84.9,81.6,83.8,84.9,84.3
4526,92.3,86.7,87.7,91.8,90.2,88.6,89.7,88.6,85.6,85.7,86.9,86.3,87.2,84.9,88.4,86.1,87.6,89.2,86.4,86.0,87.6,85.4,87.8,87.7,90.0,89.6,87.3,87.2,85.7,85.9,87.5,84.8,85.2,86.3,85.2,84.9,88.9,84.9,89.3,85.8,88.9,87.8,89.5,91.1,92.2,86.0,90.3,90.3,96.8,91.3,87.0,91.7,92.7,88.7,86.9,87.6,88.6,91.0,88.9,86.8,88.3,89.3,89.8,94.8,88.1,87.8,89.4,85.4,85.5,86.6,88.2,90.2,90.4,93.1,93.5,87.2,86.2,84.8,86.4,90.6,89.4,88.6,86.0,81.8,85.0,85.5,85.1
4527,92.5,85.9,88.0,92.6,90.8,89.2,90.1,89.1,85.9,86.0,86.9,86.6,87.2,85.2,88.7,86.4,87.7,90.2,86.3,86.0,88.1,85.9,88.2,88.3,90.6,90.1,87.5,87.5,86.0,86.1,88.1,84.9,85.9,86.8,85.7,85.2,89.1,84.0,89.9,85.4,89.1,87.2,90.2,91.4,92.4,85.4,90.3,90.0,96.9,91.2,86.5,91.7,92.4,88.9,87.9,88.3,89.5,91.5,90.3,87.6,89.1,90.8,91.0,95.5,89.5,88.7,90.3,85.9,85.2,86.5,88.1,91.0,90.0,93.9,94.2,87.2,86.2,84.8,86.8,91.5,90.1,89.6,86.8,81.5,85.6,85.9,85.4
4528,91.9,84.0,87.4,92.7,90.9,89.3,90.1,89.0,85.5,85.7,86.5,86.5,86.7,85.1,88.6,86.1,87.7,90.4,85.8,85.4,87.9,85.8,88.1,88.3,90.7,89.8,87.4,87.4,86.0,86.0,88.0,84.6,85.9,86.8,85.7,85.4,88.8,82.4,90.1,84.6,88.5,86.2,90.4,91.4,91.6,84.4,90.3,89.5,96.4,90.9,86.1,90.8,91.7,88.3,88.0,88.4,89.7,91.8,91.1,87.9,89.2,91.7,91.4,95.5,90.0,88.6,89.9,85.8,84.7,85.9,87.1,91.3,88.4,94.0,94.3,86.9,85.5,84.3,86.5,91.7,90.3,89.7,87.2,80.8,86.0,85.8,85.6
4529,90.3,82.0,85.7,91.9,90.4,88.5,89.3,88.2,84.7,85.2,85.5,86.0,85.8,84.7,88.0,85.4,87.1,89.9,85.0,84.0,87.4,85.1,87.5,87.8,89.9,89.6,86.8,86.6,85.4,85.4,87.4,83.8,85.3,86.0,85.3,84.8,87.3,80.2,89.5,82.9,87.4,84.3,89.9,90.5,89.5,82.4,89.1,88.3,94.9,90.2,85.4,89.0,89.9,86.7,87.7,88.2,89.3,91.2,90.7,87.4,88.4,91.9,90.9,94.5,89.4,87.6,88.3,85.2,83.9,85.4,85.2,90.2,86.3,93.1,93.5,86.0,84.7,83.6,85.9,91.0,89.9,89.0,86.8,79.7,85.4,85.2,84.9
4530,87.1,79.8,82.3,90.3,89.0,87.4,88.1,86.9,83.3,84.1,84.1,84.9,84.4,83.5,86.6,84.1,85.7,88.3,83.4,82.3,86.0,83.9,86.2,86.4,88.5,88.1,85.8,85.2,84.1,84.1,86.3,82.2,83.9,84.7,84.3,83.7,84.7,78.0,88.1,80.5,85.7,81.5,88.4,88.6,86.3,79.7,86.7,86.4,92.2,88.8,84.0,86.8,88.3,83.5,86.4,86.9,88.1,90.0,90.2,86.1,86.9,91.0,89.5,92.5,87.4,85.7,85.5,84.1,82.8,83.9,83.2,88.2,84.3,91.7,91.4,84.1,83.3,82.3,84.7,89.5,88.5,87.4,85.5,77.9,84.0,83.9,83.8
4531,82.1,76.3,77.4,87.6,87.0,85.3,85.8,84.5,80.7,81.7,81.3,83.0,81.4,81.7,84.2,81.7,83.0,84.6,80.8,79.4,83.6,81.4,83.6,83.6,85.7,85.4,84.2,82.7,81.9,81.9,84.2,79.1,81.4,82.5,82.5,81.3,80.6,74.9,85.5,77.2,83.5,77.0,85.9,85.8,82.2,76.0,83.6,83.0,87.7,86.6,82.3,83.8,85.7,78.7,84.3,84.1,86.4,88.0,89.0,83.6,84.0,88.9,86.2,89.0,84.0,82.2,81.5,82.2,80.4,81.1,80.5,85.5,80.8,89.6,87.4,81.7,80.5,79.6,82.3,86.7,85.9,84.5,82.9,75.8,81.7,81.6,81.7
4532,77.9,72.2,73.2,82.9,83.6,82.3,82.8,80.5,77.7,78.6,78.2,79.8,77.8,79.0,80.5,78.5,78.1,77.6,77.4,76.1,79.8,77.9,79.8,79.3,81.2,81.2,82.1,79.0,78.2,78.6,80.7,75.4,77.7,79.6,79.9,78.1,76.5,71.0,81.4,73.5,80.4,73.2,81.6,81.1,78.4,72.6,79.5,78.2,83.1,81.5,79.0,80.4,81.6,74.2,80.4,79.6,82.0,83.9,86.0,78.4,80.5,84.6,80.1,83.4,79.3,76.7,76.6,79.6,77.0,77.6,77.2,80.8,76.9,84.8,82.1,76.7,77.0,76.0,78.9,82.3,81.3,80.2,75.7,73.5,78.6,78.1,77.2
4533,75.5,69.7,70.7,79.6,80.6,80.1,80.7,77.6,76.0,77.2,76.1,77.6,76.0,77.0,78.1,76.6,75.5,73.5,75.5,74.3,77.4,75.8,77.6,76.7,77.5,78.2,80.5,76.7,75.9,76.7,78.2,73.8,74.9,77.3,77.3,75.1,74.3,69.0,78.0,70.8,78.4,71.1,77.8,77.9,76.3,70.5,76.8,75.1,79.9,76.0,75.7,78.2,78.0,72.0,77.2,75.7,78.0,80.5,81.6,75.5,76.7,78.5,74.7,80.2,75.8,73.1,72.9,78.0,75.3,75.9,74.6,77.1,74.8,81.2,78.8,73.3,75.3,74.1,76.8,78.5,77.8,76.5,70.3,71.8,75.9,75.9,74.0
4534,73.4,68.4,68.9,77.2,78.4,78.5,79.2,75.9,74.7,75.7,74.9,76.1,74.7,75.8,76.7,75.5,74.1,70.8,74.1,73.2,75.8,74.5,76.2,75.2,75.7,76.9,79.2,75.2,74.4,75.5,76.8,72.9,73.3,75.5,75.7,73.3,72.5,67.7,75.9,69.2,76.7,69.6,75.6,76.0,74.5,68.8,74.4,72.9,77.3,73.5,73.3,76.1,75.8,70.6,75.6,72.8,75.8,78.4,78.1,73.4,74.3,75.5,71.6,77.4,73.0,71.0,70.2,76.7,74.0,74.6,73.1,74.9,72.6,79.2,75.8,71.6,74.1,72.8,75.4,76.2,76.0,74.2,69.3,70.5,74.4,74.4,72.2
4535,72.0,67.3,67.6,75.4,76.9,77.2,77.8,74.7,73.5,74.7,73.9,74.6,73.6,74.7,75.5,74.3,73.1,68.8,73.1,72.3,74.5,73.3,75.2,74.2,74.4,75.6,78.1,73.8,73.1,74.4,75.6,71.9,72.2,73.9,74.6,72.3,71.4,66.3,74.3,67.5,75.3,68.5,73.8,74.8,72.9,67.5,71.8,70.3,74.3,71.9,71.6,74.0,74.1,69.3,73.8,69.7,74.3,76.7,75.0,71.7,71.9,73.3,69.0,75.2,71.2,68.8,68.1,75.7,73.0,73.6,71.4,72.9,70.7,77.1,72.3,70.0,73.1,71.7,74.3,74.7,74.8,72.6,68.1,69.5,73.0,73.2,70.8
4536,70.5,65.9,66.5,73.7,75.7,76.1,76.5,73.8,72.8,73.6,72.9,73.6,72.7,73.7,74.6,73.4,72.2,67.2,72.2,71.5,73.5,72.5,74.2,73.3,72.8,74.4,77.1,72.7,72.3,73.5,74.6,71.1,71.0,72.5,73.5,71.4,70.3,65.2,73.1,66.0,73.9,67.5,72.1,73.1,71.3,66.2,69.9,68.2,71.1,70.0,70.5,71.7,72.4,68.1,72.4,67.5,72.8,75.0,72.7,70.3,69.7,71.6,67.4,71.5,69.2,67.1,66.1,74.8,72.2,72.8,70.1,71.5,68.8,75.3,69.8,68.7,72.2,71.0,73.3,73.1,73.6,71.2,67.5,68.6,71.6,72.1,69.6
4537,69.2,65.0,65.5,72.4,74.6,75.1,75.4,72.9,72.1,72.8,72.0,72.7,71.9,72.7,73.4,72.7,71.4,65.3,71.4,70.8,72.5,71.6,73.3,72.4,71.7,73.4,76.2,71.6,71.5,72.4,73.7,70.6,70.1,71.3,72.3,70.5,69.4,64.2,71.9,65.1,72.6,66.6,70.9,71.6,69.7,65.0,68.3,66.4,67.7,67.9,69.3,69.3,71.1,67.0,71.1,65.6,71.4,73.9,70.7,68.9,67.8,70.0,65.8,68.5,67.1,65.0,64.1,73.9,71.3,72.1,68.9,69.8,67.1,73.7,67.3,67.0,71.5,70.2,72.4,71.8,72.4,70.0,66.6,67.8,70.6,71.1,68.7
4538,67.8,64.2,64.4,71.2,73.6,74.1,74.5,72.0,71.3,72.3,71.3,72.0,71.2,72.0,72.6,71.9,70.6,63.7,70.8,70.2,71.8,70.8,72.5,71.5,70.7,72.5,75.4,70.8,70.5,71.8,73.0,69.9,69.2,70.6,71.2,69.6,68.3,63.3,70.9,63.5,71.6,65.7,69.8,70.2,68.2,63.9,66.6,64.4,64.9,65.8,68.3,67.0,69.4,66.0,69.8,63.7,70.1,72.7,68.8,67.4,66.1,68.5,64.0,65.9,65.1,63.2,62.0,73.1,70.5,71.2,67.5,68.5,65.7,72.5,65.2,65.2,70.9,69.5,71.7,70.6,71.4,68.8,65.9,67.3,69.7,70.2,67.7
4539,66.3,63.4,63.7,70.1,72.7,73.3,73.6,71.1,70.6,71.5,70.6,71.3,70.5,71.3,71.9,71.4,70.2,62.1,70.2,69.6,71.0,70.3,71.8,70.6,69.7,71.7,74.6,70.1,70.0,71.1,72.2,69.2,68.4,69.5,70.6,68.9,67.6,62.5,70.0,62.5,70.5,65.1,69.0,68.9,66.7,62.9,65.2,62.9,62.8,64.0,67.3,65.1,68.0,65.1,68.4,61.7,68.7,71.7,67.1,66.0,64.7,67.1,61.9,63.5,63.2,61.1,59.8,72.3,69.7,70.6,66.2,67.4,64.2,71.1,62.9,63.9,70.3,68.9,71.1,69.6,70.3,67.8,64.9,66.5,68.9,69.5,67.0
4540,65.1,62.7,62.9,69.1,71.8,72.4,72.7,70.3,70.1,70.7,70.1,70.6,69.9,70.7,71.3,70.8,69.5,60.6,69.6,69.0,70.3,69.7,71.3,70.0,68.9,70.8,73.9,69.5,69.2,70.5,71.4,68.8,67.7,69.0,69.8,68.2,66.8,61.7,69.1,61.0,69.6,64.4,68.1,67.3,65.6,61.8,63.7,61.6,60.9,62.5,66.3,63.5,66.4,64.1,67.2,60.3,67.6,70.9,65.7,64.0,63.2,65.4,60.3,61.3,61.6,59.3,58.0,71.6,69.2,70.0,64.8,66.5,63.0,69.7,60.9,62.5,69.8,68.3,70.4,68.6,69.5,66.7,63.9,65.9,68.1,68.7,66.3
4541,64.2,61.7,62.4,68.2,71.1,71.9,72.1,69.7,69.7,70.2,69.6,70.1,69.4,70.1,70.5,70.4,68.9,60.5,69.0,68.8,69.8,69.2,70.8,69.2,68.3,70.2,73.2,68.9,68.6,70.0,70.8,68.3,67.0,68.3,69.1,67.6,66.1,60.9,68.3,59.8,68.7,64.1,67.3,66.2,64.8,61.1,62.7,60.6,59.5,61.4,65.3,62.2,65.2,63.7,66.1,60.2,66.5,70.3,64.5,64.0,63.3,64.1,60.0,59.8,60.4,58.8,56.3,71.0,68.8,69.7,63.4,65.6,62.2,68.8,60.0,61.5,69.4,67.9,69.7,68.0,68.7,65.8,62.4,65.9,67.3,68.2,65.7
4542,67.2,64.8,65.4,67.6,71.2,71.8,72.2,70.3,70.8,71.0,71.6,70.8,71.5,70.4,70.7,71.2,69.9,65.9,70.7,71.0,70.4,69.9,71.4,69.4,68.2,70.2,73.6,69.4,69.8,70.7,71.3,70.1,67.3,69.0,69.7,68.3,68.2,63.1,67.6,62.1,69.2,67.2,66.8,67.7,67.2,63.8,64.1,65.2,65.2,61.6,65.2,64.1,65.6,66.6,65.7,64.1,67.0,71.0,64.1,67.4,66.0,63.5,65.0,65.2,61.9,63.6,59.8,71.2,70.1,71.3,63.8,64.8,65.3,70.1,66.4,61.7,71.4,69.9,70.5,67.7,68.6,65.6,63.2,68.0,67.3,68.8,66.9
4543,71.9,69.1,69.9,70.3,73.4,73.8,74.4,73.0,73.7,73.6,74.7,73.3,74.6,72.7,73.4,74.1,73.1,70.0,73.9,73.9,73.4,72.8,74.1,71.9,70.5,73.1,75.5,72.3,72.6,73.5,73.6,72.9,69.8,71.4,71.6,71.0,72.2,67.6,70.1,67.5,71.4,72.1,69.1,71.6,71.0,68.9,67.9,71.7,73.1,67.2,69.6,68.0,70.7,70.3,67.9,68.9,70.2,74.2,67.1,71.3,68.7,66.8,69.9,73.0,64.6,68.7,65.4,73.6,73.4,74.2,68.4,68.0,69.8,75.4,72.8,67.8,74.5,73.1,73.3,70.2,71.3,68.0,67.9,70.6,69.4,71.5,70.1
4544,76.3,73.2,74.1,74.8,76.8,76.4,77.4,75.9,76.7,75.9,77.5,76.3,77.8,75.3,76.5,77.1,76.3,73.1,77.2,77.0,76.3,75.9,77.2,74.9,74.4,76.2,77.8,75.6,75.2,76.5,76.4,75.7,73.0,74.6,74.2,73.7,75.9,71.8,74.4,71.9,74.1,76.6,73.1,75.6,75.1,74.0,71.9,76.2,79.6,73.6,75.2,72.5,75.9,74.2,71.0,73.5,74.2,77.7,70.9,75.0,72.0,71.3,73.7,78.7,67.8,72.7,69.9,76.2,76.4,76.9,73.3,73.2,74.1,79.7,77.5,72.7,77.6,76.2,76.2,74.0,75.1,71.6,72.3,73.3,72.5,74.6,73.2
4545,80.0,76.9,77.9,79.3,80.2,79.4,80.2,79.3,79.3,78.3,80.2,79.2,80.4,77.6,79.5,79.6,79.3,76.5,80.0,79.7,79.4,78.5,79.9,78.0,78.2,79.5,80.2,79.0,77.9,79.1,79.4,78.4,76.1,77.7,77.0,76.4,79.2,75.4,78.3,75.6,77.2,80.0,76.9,79.1,79.0,78.0,76.4,80.1,84.4,79.3,79.2,77.3,80.6,78.0,74.9,77.3,78.3,80.8,74.4,78.0,75.5,75.9,77.2,83.2,71.8,76.5,74.0,78.5,79.0,79.4,77.9,77.7,78.5,82.9,81.5,77.5,80.4,78.8,78.8,77.9,78.6,75.6,75.4,75.9,75.4,77.6,76.4
4546,83.8,80.3,81.1,82.9,83.2,81.8,82.9,82.1,81.5,80.3,82.7,81.6,82.6,79.7,82.2,81.7,81.9,79.5,82.1,81.8,81.8,80.5,82.2,80.8,81.7,82.6,82.1,81.3,80.2,81.2,82.0,80.7,78.7,80.3,79.5,78.9,82.4,78.7,81.9,78.8,80.1,82.8,80.5,82.3,82.9,81.5,80.5,83.4,88.4,83.4,82.4,81.7,84.5,81.4,78.8,80.3,81.4,83.8,78.1,80.6,79.2,79.5,80.4,86.7,75.5,79.8,77.8,80.4,81.0,81.8,81.4,81.4,82.2,85.8,84.7,81.3,82.5,80.9,81.1,81.2,81.9,79.2,78.0,78.1,78.1,80.0,79.0
4547,87.0,83.1,83.7,86.1,85.7,84.2,85.2,84.7,83.3,82.3,84.5,83.4,84.6,81.7,84.4,83.5,84.0,82.6,83.6,83.3,84.0,82.4,84.3,83.0,84.7,85.1,83.8,83.3,82.1,83.0,84.1,82.4,81.1,82.4,81.5,81.0,84.9,81.7,84.6,81.8,83.0,85.0,83.7,85.5,86.2,84.4,83.9,86.1,91.9,86.8,84.6,85.4,87.9,84.0,81.8,82.7,84.2,86.3,81.5,82.8,82.4,82.6,83.3,89.4,79.1,82.7,81.7,82.3,82.7,83.8,84.3,84.3,85.4,88.3,87.4,84.2,84.1,82.6,83.1,84.4,84.5,82.5,80.6,79.9,80.3,82.0,81.2
4548,89.4,85.3,85.8,88.5,87.9,86.1,87.1,86.5,84.5,83.9,85.9,84.9,86.0,83.2,86.2,84.7,85.9,85.3,85.2,84.5,85.7,83.8,85.9,84.9,87.1,87.0,85.6,85.0,83.9,84.3,85.7,83.7,83.0,84.2,83.2,82.7,86.8,83.9,86.8,84.3,85.3,86.7,86.1,88.0,88.9,86.1,86.8,88.1,94.4,89.4,86.0,88.3,90.2,86.1,84.1,84.9,86.1,88.6,84.4,84.4,85.1,85.3,85.9,91.6,82.6,85.0,85.0,83.9,84.1,85.2,86.0,86.7,88.2,90.7,89.9,86.1,85.2,83.8,84.7,87.0,86.6,85.0,83.1,81.1,82.3,83.8,83.0
4549,91.5,86.5,87.0,90.6,89.3,87.8,88.8,87.8,85.4,84.9,86.7,85.8,87.1,84.1,87.6,85.7,87.0,87.5,85.9,85.4,87.0,84.9,87.1,86.6,88.9,88.6,86.8,86.4,85.1,85.6,86.9,84.6,84.4,85.5,84.6,84.0,88.2,85.2,88.2,85.6,87.4,87.6,88.1,89.8,90.9,86.8,88.8,89.5,96.1,90.8,86.4,90.5,91.9,87.7,85.8,86.4,87.6,90.2,87.0,85.8,87.1,87.3,88.1,93.8,85.8,86.6,87.6,85.0,85.2,86.2,87.5,88.8,90.1,92.4,92.0,87.2,86.0,84.5,85.8,89.2,88.3,87.2,85.1,81.9,83.9,85.1,84.4
4550,92.6,86.8,87.9,92.0,90.3,88.7,89.8,88.8,85.9,85.9,87.1,86.6,87.4,85.1,88.5,86.4,87.8,89.2,86.6,86.1,87.7,85.6,88.0,87.8,90.0,89.7,87.5,87.4,85.9,86.2,87.7,85.0,85.4,86.5,85.4,85.0,88.9,85.1,89.3,85.9,88.9,88.0,89.5,91.3,92.4,86.2,90.3,90.2,96.8,91.3,86.8,91.7,92.6,89.0,87.0,87.7,88.7,91.1,89.0,86.9,88.4,89.4,89.9,95.0,88.2,88.0,89.6,85.6,85.7,86.9,88.0,90.3,90.6,93.4,93.6,87.2,86.4,84.9,86.6,90.6,89.5,88.7,86.2,82.1,85.2,85.8,85.3
4551,92.7,86.1,88.2,92.7,90.9,89.3,90.1,89.3,86.1,86.1,87.1,86.9,87.5,85.4,88.8,86.7,87.9,90.3,86.5,86.1,88.3,86.2,88.4,88.4,90.6,90.2,87.7,87.7,86.1,86.3,88.3,85.2,86.0,87.0,85.9,85.4,89.2,84.2,89.9,85.5,89.3,87.3,90.2,91.5,92.5,85.6,90.5,90.1,96.8,91.1,86.1,91.7,92.2,89.1,88.0,88.4,89.6,91.7,90.4,87.7,89.3,91.0,91.1,95.6,89.5,88.8,90.4,86.1,85.4,86.7,87.9,91.1,90.2,94.2,94.3,87.3,86.4,85.0,87.0,91.5,90.1,89.7,86.9,81.8,85.8,86.1,85.6
4552,92.0,84.3,87.5,92.8,91.0,89.3,90.2,89.2,85.8,85.9,86.7,86.7,86.9,85.3,88.7,86.4,87.9,90.5,86.1,85.5,88.1,86.0,88.4,88.5,90.7,89.9,87.6,87.5,86.1,86.2,88.2,84.9,86.1,87.0,85.9,85.6,88.9,82.7,90.0,84.7,88.5,86.3,90.4,91.5,91.8,84.6,90.4,89.6,96.3,90.8,85.8,90.8,91.5,88.5,88.2,88.6,89.8,91.9,91.2,88.0,89.4,91.8,91.5,95.6,90.0,88.8,90.0,86.1,84.9,86.2,86.7,91.4,88.7,94.2,94.3,86.9,85.8,84.5,86.7,91.7,90.3,89.9,87.2,81.2,86.3,86.0,85.8
4553,90.3,82.2,85.9,92.0,90.5,88.6,89.3,88.4,85.0,85.3,85.8,86.3,86.1,84.9,88.0,85.7,87.3,90.0,85.3,84.2,87.5,85.4,87.6,87.9,89.9,89.7,87.0,86.8,85.6,85.6,87.6,84.0,85.5,86.2,85.6,85.0,87.5,80.5,89.4,83.0,87.4,84.4,90.0,90.6,89.7,82.7,89.1,88.4,94.8,90.0,85.1,89.0,89.8,86.9,87.7,88.3,89.3,91.3,90.9,87.5,88.5,91.9,91.0,94.6,89.4,87.8,88.4,85.5,84.0,85.6,84.8,90.4,86.6,93.3,93.6,85.8,85.0,83.8,86.2,91.1,90.0,89.3,86.8,80.0,85.6,85.4,85.1
4554,87.1,80.0,82.4,90.3,89.1,87.4,88.1,87.1,83.6,84.2,84.4,85.2,84.7,83.6,86.6,84.3,85.9,88.4,83.7,82.5,86.1,84.1,86.4,86.5,88.5,88.2,86.0,85.3,84.2,84.3,86.5,82.5,84.1,85.0,84.6,83.9,84.7,78.2,88.1,80.5,85.7,81.6,88.4,88.7,86.5,79.9,86.7,86.4,92.1,88.7,83.7,86.8,88.1,83.8,86.4,87.0,88.2,90.0,90.3,86.2,87.0,91.0,89.7,92.6,87.4,85.8,85.5,84.3,82.8,84.2,82.9,88.3,84.6,91.9,91.5,84.0,83.6,82.6,84.9,89.5,88.6,87.7,85.5,78.2,84.2,84.1,84.0
4555,82.2,76.5,77.5,87.5,87.1,85.3,85.9,84.7,81.0,81.8,81.5,83.3,81.6,81.8,84.2,82.0,83.1,84.6,81.0,79.6,83.8,81.7,83.8,83.7,85.7,85.5,84.3,82.9,82.0,82.0,84.4,79.3,81.6,82.8,82.8,81.5,80.7,74.9,85.3,77.2,83.5,77.0,85.9,85.9,82.3,76.2,83.7,83.0,87.6,86.4,82.1,83.9,85.4,79.0,84.3,84.3,86.4,88.0,89.1,83.7,84.2,89.0,86.5,89.0,84.0,82.3,81.6,82.4,80.5,81.4,80.3,85.5,81.0,89.6,87.4,81.6,80.8,79.9,82.5,86.8,86.0,84.8,82.9,76.0,82.0,81.8,81.9
4556,78.2,72.4,73.3,82.9,83.8,82.3,82.9,80.7,78.1,78.8,78.4,80.1,78.0,79.2,80.5,78.8,78.1,77.7,77.6,76.3,80.0,78.1,79.9,79.4,81.2,81.3,82.3,79.1,78.4,78.8,80.8,75.6,77.9,79.8,80.2,78.4,76.5,71.1,81.3,73.5,80.5,73.3,81.7,81.3,78.5,72.7,79.5,78.2,83.1,81.5,78.8,80.4,81.4,74.5,80.4,79.8,82.0,83.8,86.0,78.4,80.6,84.6,80.2,83.5,79.4,76.9,76.7,79.9,77.1,77.9,77.0,80.8,77.1,84.9,82.1,76.6,77.3,76.2,79.1,82.4,81.4,80.4,75.6,73.6,78.9,78.3,77.4
4557,75.7,69.8,70.9,79.5,80.7,80.2,80.9,77.8,76.4,77.3,76.3,77.9,76.2,77.2,78.2,76.9,75.7,73.7,75.8,74.5,77.5,76.0,77.7,76.8,77.6,78.4,80.7,76.8,76.1,77.0,78.4,74.0,75.1,77.6,77.6,75.4,74.4,69.1,77.9,71.0,78.5,71.2,77.9,78.0,76.4,70.5,76.9,75.3,80.0,76.1,75.6,78.2,77.9,72.4,77.3,75.9,78.0,80.6,81.7,75.7,76.9,78.5,74.7,80.3,75.9,73.3,73.0,78.3,75.4,76.1,74.5,77.1,74.9,81.3,78.8,73.3,75.5,74.3,77.0,78.7,78.0,76.7,70.2,72.0,76.2,76.1,74.2
4558,73.7,68.6,69.2,77.2,78.6,78.6,79.4,76.1,75.0,75.9,75.1,76.4,75.0,75.9,76.8,75.7,74.3,71.1,74.4,73.4,76.0,74.7,76.3,75.4,75.8,77.0,79.5,75.3,74.6,75.7,77.1,73.1,73.5,75.8,76.0,73.6,72.6,67.8,75.7,69.4,76.8,69.7,75.6,76.2,74.7,68.8,74.5,72.9,77.4,73.6,73.3,76.0,75.9,70.8,75.6,72.9,75.9,78.4,78.2,73.5,74.5,75.6,71.7,77.4,73.0,71.1,70.3,76.9,74.1,74.9,72.9,75.0,72.6,79.4,75.8,71.6,74.3,73.0,75.5,76.5,76.2,74.5,69.2,70.7,74.6,74.6,72.4
4559,72.1,67.5,67.8,75.5,77.0,77.3,77.9,75.0,73.9,74.9,74.2,74.9,73.9,74.8,75.7,74.5,73.3,69.1,73.4,72.5,74.8,73.6,75.3,74.4,74.5,75.7,78.4,74.0,73.2,74.6,75.8,72.1,72.4,74.2,74.9,72.5,71.5,66.6,74.3,67.7,75.3,68.7,73.9,74.9,73.0,67.6,71.9,70.4,74.3,72.0,71.6,74.0,74.1,69.6,73.9,69.8,74.3,76.7,75.1,71.8,72.1,73.5,69.2,75.3,71.2,69.1,68.2,75.9,73.1,73.9,71.3,73.0,70.7,77.3,72.3,70.1,73.4,72.0,74.5,75.0,75.0,72.9,68.2,69.7,73.2,73.4,71.0
4560,70.7,66.2,66.7,73.7,75.9,76.2,76.7,74.0,73.1,73.8,73.2,73.9,73.1,73.8,74.7,73.6,72.4,67.5,72.4,71.8,73.7,72.7,74.4,73.6,72.9,74.6,77.4,72.9,72.5,73.7,74.8,71.4,71.3,72.8,73.8,71.7,70.3,65.5,73.1,66.2,73.9,67.7,72.2,73.3,71.4,66.3,70.0,68.2,71.3,70.2,70.5,71.8,72.5,68.3,72.5,67.6,72.9,75.1,72.8,70.4,69.8,71.9,67.6,71.7,69.3,67.3,66.3,75.0,72.3,73.1,70.0,71.5,68.9,75.6,69.9,68.8,72.6,71.3,73.5,73.4,73.8,71.6,67.4,68.8,71.9,72.3,69.8
4561,69.4,65.3,65.7,72.5,74.7,75.2,75.5,73.1,72.4,73.1,72.3,73.0,72.2,72.8,73.5,72.9,71.6,65.6,71.7,71.1,72.7,71.9,73.4,72.6,71.9,73.5,76.5,71.8,71.7,72.6,73.8,70.8,70.4,71.6,72.6,70.7,69.4,64.4,72.0,65.1,72.6,66.7,71.0,71.8,69.8,65.1,68.4,66.5,67.8,68.1,69.4,69.2,71.2,67.2,71.2,65.8,71.5,73.9,70.9,69.1,68.0,70.4,65.9,68.5,67.1,65.3,64.3,74.2,71.4,72.4,68.8,69.8,67.1,74.0,67.4,67.0,71.8,70.5,72.7,72.0,72.6,70.4,66.7,68.1,70.8,71.4,69.0
4562,68.0,64.4,64.7,71.4,73.8,74.2,74.7,72.3,71.6,72.5,71.6,72.3,71.5,72.2,72.8,72.1,70.8,64.1,71.0,70.5,72.0,71.1,72.6,71.7,70.8,72.7,75.7,71.1,70.8,72.0,73.2,70.1,69.6,70.9,71.6,69.8,68.3,63.5,71.0,63.6,71.6,65.9,69.9,70.4,68.3,64.0,66.8,64.5,65.1,66.1,68.3,67.0,69.5,66.2,69.9,63.8,70.1,72.8,68.9,67.5,66.2,68.8,64.1,65.9,65.1,63.4,62.2,73.4,70.7,71.5,67.5,68.5,65.8,72.7,65.1,65.4,71.3,69.7,71.9,70.9,71.6,69.1,66.1,67.5,70.0,70.4,68.0
4563,66.4,63.6,63.8,70.2,72.9,73.4,73.8,71.3,71.0,71.7,70.9,71.5,70.8,71.5,72.1,71.6,70.4,62.5,70.4,69.8,71.2,70.6,72.0,70.9,69.9,71.9,74.9,70.4,70.2,71.3,72.4,69.5,68.8,69.8,71.0,69.2,67.7,62.7,70.0,62.5,70.6,65.2,69.1,69.0,66.8,62.9,65.4,62.9,62.9,64.2,67.3,65.1,68.2,65.3,68.5,61.9,68.8,71.7,67.3,66.2,64.8,67.3,62.0,63.5,63.3,61.4,60.1,72.5,69.8,70.9,66.1,67.4,64.3,71.2,62.9,64.1,70.7,69.1,71.4,69.9,70.5,68.1,65.0,66.7,69.1,69.7,67.3
4564,65.1,62.9,63.1,69.1,72.0,72.6,72.8,70.6,70.4,70.9,70.4,70.8,70.2,70.9,71.5,71.1,69.7,61.0,69.8,69.3,70.6,70.0,71.5,70.3,69.0,71.0,74.1,69.8,69.5,70.7,71.6,69.1,68.0,69.3,70.3,68.6,66.9,61.9,69.2,61.0,69.7,64.5,68.1,67.4,65.6,61.9,63.9,61.7,61.0,62.7,66.4,63.5,66.6,64.3,67.3,60.4,67.6,71.0,65.8,64.2,63.3,65.6,60.4,61.2,61.6,59.5,58.2,71.8,69.4,70.3,64.8,66.5,63.0,69.9,60.9,62.6,70.1,68.4,70.7,68.9,69.7,67.0,64.0,66.1,68.4,68.9,66.6
4565,64.2,62.1,62.5,68.3,71.3,72.1,72.2,70.0,70.0,70.5,69.9,70.3,69.7,70.4,70.7,70.6,69.1,60.7,69.3,69.1,70.1,69.5,71.0,69.5,68.4,70.5,73.5,69.2,68.9,70.2,71.1,68.5,67.2,68.6,69.5,67.9,66.1,61.1,68.4,59.8,68.8,64.2,67.4,66.3,64.8,61.2,62.9,60.7,59.6,61.6,65.5,62.3,65.3,63.9,66.2,60.3,66.7,70.3,64.6,64.2,63.3,64.3,60.0,59.8,60.5,58.9,56.6,71.3,68.9,70.0,63.4,65.6,62.1,68.9,60.1,61.6,69.7,68.1,70.0,68.2,68.9,66.1,62.5,66.1,67.6,68.4,66.0
4566,67.4,65.0,65.6,67.7,71.4,72.0,72.3,70.6,71.1,71.2,71.9,71.1,71.7,70.5,70.9,71.5,70.1,66.0,71.0,71.2,70.6,70.1,71.6,69.7,68.3,70.4,73.8,69.7,70.1,71.0,71.5,70.3,67.5,69.2,70.1,68.5,68.4,63.3,67.7,62.2,69.3,67.3,66.9,67.7,67.2,64.0,64.2,65.2,65.2,61.8,65.3,64.1,65.8,66.7,65.8,64.1,67.1,71.0,64.3,67.6,66.0,63.7,65.1,65.1,61.9,63.6,59.9,71.4,70.2,71.7,63.8,64.9,65.3,70.2,66.4,61.9,71.7,70.1,70.7,67.9,68.8,65.8,63.3,68.2,67.5,69.0,67.2
4567,72.0,69.3,70.2,70.4,73.7,74.0,74.6,73.3,74.0,73.9,74.9,73.6,74.9,72.9,73.6,74.3,73.4,70.1,74.2,74.2,73.6,73.0,74.3,72.2,70.7,73.3,75.7,72.5,73.0,73.7,73.9,73.2,70.1,71.7,72.0,71.4,72.3,67.8,70.3,67.6,71.5,72.2,69.2,71.7,71.2,69.0,68.0,71.7,73.1,67.2,69.6,68.0,70.7,70.5,67.9,69.0,70.2,74.2,67.3,71.3,68.8,66.9,70.0,72.8,64.5,68.9,65.6,73.8,73.6,74.5,68.4,68.0,69.9,75.6,72.8,68.0,74.7,73.4,73.5,70.4,71.5,68.3,67.9,70.8,69.8,71.7,70.3
4568,76.4,73.5,74.5,74.9,77.0,76.7,77.6,76.2,77.1,76.3,77.9,76.6,78.1,75.5,76.8,77.4,76.6,73.2,77.5,77.3,76.7,76.2,77.4,75.2,74.7,76.4,78.1,75.8,75.5,76.8,76.8,76.0,73.4,75.0,74.6,74.2,76.2,72.1,74.6,72.0,74.1,76.7,73.2,75.7,75.3,74.3,72.0,76.3,79.6,73.7,75.1,72.5,76.0,74.5,71.0,73.5,74.1,77.7,71.0,75.0,72.0,71.5,73.9,78.7,67.8,72.9,70.0,76.5,76.6,77.3,73.2,73.3,74.5,79.8,77.5,72.9,77.9,76.5,76.5,74.3,75.3,71.8,72.4,73.6,72.8,74.9,73.6
4569,80.2,77.2,78.3,79.4,80.5,79.6,80.4,79.6,79.7,78.7,80.6,79.5,80.8,77.9,79.8,80.0,79.6,76.7,80.3,79.9,79.6,78.9,80.2,78.3,78.5,79.7,80.5,79.2,78.2,79.3,79.8,78.7,76.4,78.1,77.5,76.9,79.4,75.7,78.5,75.7,77.2,80.1,77.2,79.2,79.3,78.3,76.5,80.1,84.5,79.4,79.1,77.4,80.8,78.4,74.9,77.3,78.2,80.8,74.6,78.1,75.7,76.0,77.4,83.2,71.8,76.7,74.1,78.8,79.2,79.8,77.8,77.8,78.8,83.1,81.5,77.7,80.6,79.0,79.1,78.1,79.0,75.9,75.5,76.2,75.7,78.0,76.7
4570,84.0,80.6,81.5,83.2,83.5,82.1,83.1,82.4,81.9,80.7,83.0,81.9,83.0,80.0,82.4,82.0,82.2,79.7,82.5,82.1,82.1,81.0,82.4,81.2,82.0,82.8,82.5,81.6,80.6,81.5,82.3,81.0,79.0,80.7,80.0,79.5,82.7,79.0,82.2,78.9,80.1,83.0,80.8,82.4,83.1,81.8,80.5,83.5,88.5,83.5,82.3,81.7,84.6,81.7,78.7,80.3,81.4,83.8,78.2,80.7,79.4,79.7,80.5,86.7,75.4,79.9,77.9,80.8,81.2,82.2,81.3,81.6,82.6,86.0,84.7,81.5,82.7,81.1,81.4,81.5,82.2,79.6,78.1,78.4,78.4,80.4,79.4
4571,87.1,83.3,84.0,86.3,86.1,84.4,85.4,85.1,83.7,82.7,84.8,83.8,85.0,82.0,84.6,83.8,84.4,82.7,84.0,83.6,84.3,82.8,84.5,83.4,84.9,85.3,84.3,83.6,82.4,83.2,84.4,82.8,81.4,82.9,82.1,81.4,85.1,82.0,84.9,81.9,83.0,85.3,84.0,85.6,86.5,84.7,84.0,86.1,92.0,86.9,84.5,85.4,87.9,84.3,81.8,82.8,84.2,86.3,81.6,82.7,82.5,82.8,83.5,89.5,79.0,82.8,81.7,82.7,82.8,84.1,84.2,84.6,85.9,88.5,87.4,84.3,84.4,82.9,83.4,84.7,84.9,83.0,80.7,80.2,80.7,82.4,81.5
4572,89.5,85.5,86.0,88.7,88.2,86.4,87.4,86.9,84.9,84.3,86.3,85.2,86.3,83.5,86.5,85.1,86.3,85.4,85.5,84.8,86.0,84.3,86.1,85.3,87.4,87.3,86.0,85.4,84.2,84.5,86.0,84.0,83.3,84.7,83.7,83.2,87.0,84.2,87.0,84.4,85.3,86.9,86.3,88.1,89.2,86.4,86.9,88.2,94.4,89.6,85.9,88.4,90.2,86.4,84.2,85.0,86.1,88.6,84.7,84.5,85.2,85.6,86.0,91.6,82.6,85.1,84.9,84.3,84.2,85.5,85.9,87.0,88.6,90.8,90.0,86.2,85.5,84.0,85.1,87.4,87.0,85.3,83.3,81.4,82.7,84.2,83.4
4573,91.6,86.7,87.2,90.8,89.7,88.0,89.0,88.3,85.8,85.4,87.1,86.2,87.4,84.5,87.8,86.1,87.4,87.6,86.3,85.6,87.4,85.3,87.3,87.0,89.1,88.9,87.2,86.7,85.5,85.7,87.3,85.0,84.8,86.0,85.1,84.5,88.4,85.4,88.5,85.6,87.4,87.8,88.3,89.9,91.1,87.1,88.9,89.6,96.1,91.0,86.3,90.5,91.7,88.1,85.9,86.5,87.6,90.2,87.3,85.9,87.3,87.5,88.1,93.8,85.8,86.7,87.6,85.4,85.2,86.5,87.4,89.1,90.4,92.5,92.1,87.3,86.3,84.8,86.1,89.5,88.7,87.6,85.3,82.2,84.3,85.5,84.9
4574,92.9,87.1,88.1,92.2,90.7,88.9,90.0,89.2,86.3,86.4,87.5,86.9,87.8,85.4,88.8,86.7,88.2,89.2,86.9,86.3,88.1,86.1,88.3,88.2,90.2,90.0,87.9,87.7,86.3,86.4,88.1,85.3,85.8,86.9,85.9,85.5,89.1,85.4,89.7,85.9,88.9,88.2,89.7,91.5,92.6,86.5,90.5,90.3,97.0,91.4,86.8,91.6,92.4,89.3,87.0,87.7,88.8,91.3,89.3,87.0,88.6,89.6,90.0,95.0,88.2,88.1,89.6,86.0,85.8,87.3,87.9,90.6,91.0,93.5,93.7,87.2,86.6,85.3,87.0,90.9,89.9,89.0,86.3,82.5,85.5,86.1,85.7
4575,93.1,86.4,88.3,92.9,91.2,89.6,90.4,89.7,86.5,86.6,87.5,87.2,87.9,85.7,89.1,87.1,88.4,90.3,86.8,86.3,88.7,86.6,88.7,88.8,90.9,90.5,88.1,88.1,86.4,86.5,88.7,85.5,86.4,87.4,86.4,85.9,89.4,84.6,90.2,85.6,89.3,87.6,90.4,91.7,92.7,85.9,90.7,90.1,96.9,91.2,86.0,91.6,92.1,89.5,88.2,88.5,89.7,91.8,90.6,87.9,89.4,91.2,91.2,95.7,89.5,88.9,90.3,86.5,85.5,87.1,87.6,91.4,90.5,94.3,94.4,87.4,86.6,85.3,87.4,91.8,90.5,90.0,87.0,82.2,86.2,86.5,86.0
4576,92.4,84.6,87.8,93.1,91.3,89.6,90.5,89.6,86.2,86.3,87.1,87.1,87.4,85.7,89.1,86.8,88.3,90.5,86.4,85.8,88.5,86.5,88.6,88.8,91.0,90.2,88.0,88.0,86.5,86.4,88.6,85.2,86.6,87.4,86.5,86.1,89.0,83.1,90.2,84.8,88.6,86.6,90.7,91.6,92.1,84.9,90.5,89.7,96.4,91.0,85.6,90.8,91.4,88.9,88.3,88.7,90.0,92.1,91.4,88.1,89.5,92.0,91.5,95.7,90.0,88.9,90.0,86.5,84.9,86.7,86.5,91.5,89.1,94.4,94.4,87.0,86.0,84.9,87.1,92.0,90.6,90.1,87.3,81.5,86.7,86.4,86.2
4577,90.5,82.5,86.0,92.2,90.9,89.0,89.6,88.9,85.4,85.7,86.1,86.7,86.5,85.2,88.3,86.0,87.7,90.0,85.5,84.5,87.9,85.8,87.9,88.3,90.2,89.9,87.3,87.2,86.0,85.8,88.0,84.3,85.9,86.7,86.1,85.6,87.7,80.7,89.6,83.3,87.5,84.7,90.1,90.7,90.0,83.0,89.4,88.4,94.8,90.1,85.1,89.1,89.7,87.3,87.8,88.4,89.5,91.4,91.2,87.6,88.6,92.2,91.1,94.7,89.3,87.8,88.4,85.9,84.0,86.1,84.7,90.5,87.2,93.4,93.7,86.0,85.2,84.2,86.5,91.4,90.3,89.5,86.9,80.3,86.0,85.8,85.5
4578,87.3,80.2,82.6,90.6,89.4,87.8,88.5,87.6,83.9,84.6,84.6,85.6,85.0,83.9,87.0,84.6,86.2,88.4,83.9,82.8,86.5,84.5,86.6,86.9,88.8,88.5,86.3,85.7,84.6,84.5,86.9,82.7,84.5,85.4,85.1,84.3,84.9,78.5,88.3,80.8,85.9,81.8,88.6,88.9,86.8,80.2,86.9,86.6,92.1,88.9,83.8,87.0,88.0,84.2,86.5,87.1,88.3,90.0,90.6,86.3,87.1,91.3,89.7,92.8,87.3,85.8,85.6,84.6,83.0,84.7,82.6,88.5,85.0,92.0,91.5,84.1,83.7,82.9,85.2,89.8,88.9,87.8,85.6,78.5,84.5,84.5,84.4
4579,82.4,76.8,77.6,87.8,87.4,85.6,86.2,85.1,81.3,82.2,81.8,83.6,82.0,82.1,84.5,82.3,83.5,84.5,81.2,79.9,84.1,82.0,84.0,84.1,85.9,85.8,84.8,83.2,82.3,82.3,84.7,79.5,82.0,83.2,83.3,81.9,80.8,75.2,85.6,77.6,83.6,77.2,86.1,86.0,82.6,76.4,83.9,83.1,87.7,86.5,82.1,84.0,85.3,79.3,84.3,84.3,86.4,88.0,89.3,83.8,84.3,89.3,86.5,89.2,84.0,82.2,81.7,82.8,80.6,81.8,80.2,85.7,81.2,89.6,87.5,81.7,80.9,80.2,82.8,87.2,86.2,85.0,83.1,76.4,82.3,82.1,82.2
4580,78.3,72.7,73.5,83.2,84.0,82.7,83.1,81.1,78.4,79.1,78.7,80.5,78.3,79.4,80.9,79.1,78.5,77.6,77.8,76.6,80.3,78.4,80.1,79.7,81.4,81.6,82.7,79.4,78.7,79.0,81.1,75.9,78.2,80.1,80.6,78.9,76.6,71.4,81.5,73.8,80.6,73.3,81.8,81.5,78.8,73.0,79.6,78.3,83.2,81.6,78.8,80.6,81.3,74.7,80.4,79.8,82.0,83.9,86.2,78.5,80.7,84.8,80.2,83.5,79.3,76.9,76.6,80.3,77.3,78.3,77.0,81.0,77.3,84.9,82.2,76.8,77.4,76.5,79.3,82.6,81.6,80.6,75.7,74.1,79.1,78.5,77.6
4581,75.8,70.0,71.2,79.8,81.0,80.6,81.1,78.2,76.7,77.6,76.6,78.2,76.5,77.4,78.6,77.1,76.0,73.7,75.9,74.8,77.8,76.4,77.9,77.1,77.9,78.7,81.1,77.1,76.4,77.3,78.8,74.2,75.4,77.9,78.0,75.8,74.4,69.4,78.1,71.2,78.6,71.3,78.0,78.2,76.6,70.8,77.0,75.4,80.0,76.4,75.7,78.3,77.9,72.6,77.3,75.9,78.1,80.6,82.0,75.8,77.0,78.7,74.7,80.2,75.8,73.3,73.0,78.6,75.6,76.4,74.4,77.4,75.0,81.4,78.9,73.5,75.7,74.6,77.3,78.9,78.4,77.0,70.3,72.4,76.5,76.4,74.5
4582,73.8,68.7,69.5,77.5,78.8,79.0,79.6,76.5,75.4,76.3,75.4,76.7,75.3,76.2,77.1,76.0,74.6,71.1,74.6,73.6,76.4,75.0,76.5,75.7,76.0,77.4,79.9,75.6,74.9,76.0,77.4,73.4,73.8,76.1,76.5,74.0,72.6,68.0,76.0,69.6,76.9,70.0,75.9,76.4,74.9,68.9,74.6,73.0,77.5,73.8,73.4,76.2,76.0,71.0,75.7,72.9,76.1,78.4,78.4,73.6,74.5,75.9,71.6,77.4,73.0,71.1,70.3,77.4,74.3,75.3,72.8,75.2,72.7,79.5,75.8,71.9,74.5,73.4,75.8,76.7,76.5,74.7,69.3,71.2,74.9,74.9,72.7
4583,72.3,67.7,68.1,75.7,77.4,77.7,78.2,75.4,74.2,75.2,74.4,75.2,74.3,75.2,76.0,74.8,73.6,69.1,73.6,72.7,75.1,73.9,75.5,74.8,74.8,76.1,78.7,74.3,73.6,74.9,76.2,72.4,72.6,74.5,75.4,73.0,71.4,66.7,74.6,67.9,75.5,69.0,74.2,75.1,73.2,67.8,72.0,70.5,74.5,72.3,71.8,74.1,74.2,69.8,74.0,69.9,74.5,76.8,75.3,71.9,72.2,73.8,69.1,75.2,71.2,69.1,68.2,76.3,73.3,74.3,71.3,73.2,70.7,77.5,72.3,70.2,73.6,72.4,74.8,75.3,75.2,73.1,68.3,70.1,73.4,73.7,71.3
4584,70.9,66.4,67.0,74.0,76.2,76.5,77.0,74.4,73.4,74.2,73.5,74.3,73.5,74.2,75.0,74.0,72.9,67.5,72.7,72.0,74.1,73.1,74.6,74.0,73.1,75.0,77.8,73.2,72.9,73.9,75.2,71.7,71.6,73.1,74.3,72.0,70.3,65.7,73.5,66.4,74.0,67.9,72.4,73.5,71.6,66.5,70.1,68.3,71.4,70.4,70.7,71.9,72.6,68.5,72.6,67.7,73.0,75.2,73.0,70.4,69.8,72.1,67.5,71.5,69.3,67.3,66.3,75.5,72.5,73.5,70.0,71.8,68.9,75.7,69.7,69.0,72.7,71.6,73.8,73.7,74.1,71.9,67.4,69.2,72.1,72.7,70.1
4585,69.6,65.6,66.0,72.8,75.0,75.5,75.9,73.5,72.8,73.5,72.6,73.4,72.6,73.2,73.9,73.3,72.0,65.6,72.0,71.3,73.1,72.2,73.7,73.0,72.1,73.9,76.9,72.1,72.1,72.9,74.2,71.1,70.6,72.0,73.1,71.1,69.5,64.7,72.3,65.3,72.8,67.0,71.2,72.0,70.0,65.3,68.5,66.6,68.0,68.4,69.6,69.3,71.2,67.5,71.3,65.9,71.7,74.1,70.9,69.1,68.0,70.5,65.8,68.3,67.1,65.2,64.4,74.6,71.6,72.8,68.8,70.1,67.3,74.1,67.3,67.3,72.0,70.8,73.0,72.4,73.0,70.6,66.8,68.4,71.0,71.8,69.3
4586,68.1,64.7,64.9,71.6,74.1,74.5,75.0,72.7,72.0,72.9,72.0,72.7,72.0,72.6,73.1,72.5,71.3,64.2,71.3,70.7,72.4,71.4,72.9,72.1,71.0,72.9,76.1,71.4,71.2,72.2,73.6,70.4,69.8,71.1,72.0,70.1,68.4,63.7,71.3,63.9,71.8,66.1,70.1,70.5,68.5,64.1,67.0,64.7,65.3,66.4,68.5,67.1,69.7,66.5,70.0,64.0,70.3,73.0,68.9,67.6,66.3,69.1,63.9,65.7,65.2,63.5,62.3,73.8,71.0,71.9,67.5,68.7,66.0,72.8,65.1,65.7,71.5,70.1,72.3,71.3,71.9,69.3,66.3,67.8,70.2,70.9,68.3
4587,66.5,63.8,63.9,70.5,73.3,73.7,74.0,71.7,71.4,72.0,71.3,71.9,71.2,71.9,72.4,72.0,70.8,62.5,70.8,70.1,71.6,70.9,72.2,71.3,70.1,72.0,75.3,70.7,70.6,71.5,72.8,69.7,68.9,70.0,71.3,69.6,67.8,62.9,70.3,62.7,70.8,65.4,69.3,69.2,67.0,63.0,65.5,63.1,63.1,64.6,67.5,65.2,68.3,65.6,68.7,62.0,69.0,71.9,67.3,66.3,64.8,67.6,61.9,63.2,63.3,61.4,60.2,72.9,70.1,71.3,66.0,67.6,64.5,71.5,62.9,64.4,70.9,69.4,71.6,70.3,70.8,68.3,65.1,67.0,69.3,70.0,67.6
4588,65.1,63.1,63.2,69.3,72.4,72.8,73.0,70.9,70.8,71.3,70.7,71.2,70.7,71.2,71.7,71.4,70.1,61.0,70.2,69.6,70.9,70.3,71.7,70.6,69.3,71.2,74.5,70.0,69.7,70.9,72.0,69.3,68.1,69.5,70.6,69.0,67.0,62.2,69.4,61.2,69.8,64.7,68.3,67.6,65.8,62.1,64.0,61.7,61.0,63.1,66.5,63.6,66.7,64.6,67.5,60.4,67.8,71.3,65.9,64.4,63.3,65.9,60.5,61.0,61.7,59.5,58.4,72.2,69.6,70.7,64.8,66.7,63.2,70.0,60.8,63.0,70.4,68.8,71.0,69.3,70.0,67.3,64.1,66.4,68.5,69.3,66.9
4589,64.2,62.4,62.5,68.5,71.7,72.3,72.4,70.4,70.3,70.9,70.3,70.8,70.1,70.7,70.9,70.9,69.4,60.6,69.6,69.3,70.4,69.8,71.2,69.8,68.7,70.6,73.9,69.5,69.2,70.4,71.4,68.8,67.4,68.8,69.9,68.3,66.3,61.4,68.7,60.0,69.0,64.4,67.5,66.5,64.9,61.5,63.0,60.8,59.6,61.9,65.5,62.4,65.4,64.1,66.4,60.3,66.9,70.5,64.7,64.4,63.3,64.4,60.1,59.6,60.6,58.7,56.7,71.7,69.2,70.4,63.4,65.8,62.3,69.0,60.1,61.9,70.0,68.5,70.3,68.5,69.3,66.4,62.7,66.4,67.7,68.7,66.3
4590,67.4,65.3,65.8,67.9,71.7,72.2,72.5,71.0,71.4,71.5,72.1,71.5,72.1,70.8,71.1,71.7,70.4,66.0,71.3,71.5,70.9,70.4,71.7,69.9,68.4,70.6,74.2,69.9,70.3,71.2,71.8,70.6,67.6,69.5,70.4,68.9,68.5,63.6,67.9,62.4,69.4,67.4,67.0,67.9,67.4,64.2,64.3,65.3,65.2,62.0,65.3,64.2,65.8,66.8,66.0,64.1,67.3,71.1,64.3,67.6,66.0,63.7,65.0,64.9,61.9,63.5,59.9,71.8,70.4,72.0,63.8,65.0,65.5,70.3,66.4,62.2,71.9,70.5,71.0,68.2,69.1,66.1,63.3,68.5,67.6,69.3,67.4
4591,72.2,69.6,70.5,70.6,73.9,74.3,74.8,73.6,74.3,74.1,75.2,73.9,75.3,73.2,73.9,74.6,73.7,70.1,74.5,74.4,74.0,73.3,74.6,72.4,70.8,73.5,76.0,72.8,73.2,73.9,74.2,73.4,70.2,71.9,72.3,71.6,72.5,68.1,70.4,67.8,71.7,72.4,69.4,71.8,71.5,69.2,68.2,71.8,73.0,67.4,69.6,68.0,70.7,70.7,68.1,68.9,70.3,74.4,67.3,71.4,68.7,66.9,70.0,72.8,64.5,68.8,65.6,74.1,73.8,74.9,68.2,68.1,70.2,75.6,72.9,68.1,74.9,73.7,73.8,70.6,71.8,68.5,68.0,71.0,69.9,71.9,70.6
4592,76.6,73.8,74.9,75.2,77.3,77.0,77.9,76.6,77.4,76.5,78.2,76.9,78.4,75.9,77.1,77.5,76.9,73.2,77.8,77.5,77.0,76.5,77.8,75.4,74.9,76.7,78.4,76.1,75.7,77.0,77.1,76.3,73.6,75.2,74.9,74.4,76.4,72.4,74.8,72.2,74.3,77.0,73.4,75.9,75.7,74.5,72.1,76.3,79.7,73.9,75.1,72.6,75.9,74.6,71.1,73.5,74.3,77.8,71.1,75.1,72.0,71.5,73.8,78.8,67.8,72.9,70.1,76.8,76.9,77.6,73.1,73.5,74.8,79.8,77.7,73.0,78.1,76.9,76.9,74.5,75.7,72.0,72.6,73.8,73.0,75.1,73.8
4593,80.5,77.5,78.7,79.7,80.8,79.9,80.8,80.0,80.0,79.0,80.9,79.8,81.0,78.3,80.2,80.2,79.9,76.6,80.5,80.2,80.0,79.3,80.6,78.5,78.7,80.1,80.8,79.6,78.4,79.5,80.1,78.9,76.7,78.4,77.8,77.2,79.7,76.0,78.8,76.0,77.4,80.3,77.3,79.2,79.7,78.5,76.5,80.2,84.6,79.6,79.1,77.5,80.7,78.6,75.1,77.3,78.3,80.9,74.7,78.2,75.7,76.1,77.4,83.4,71.7,76.6,74.1,79.1,79.5,80.1,77.7,78.1,79.3,83.1,81.7,77.8,80.8,79.3,79.5,78.4,79.3,76.1,75.8,76.3,75.9,78.1,76.9
4594,84.3,80.9,81.9,83.5,83.9,82.5,83.6,82.8,82.2,81.0,83.2,82.2,83.3,80.4,82.8,82.3,82.5,79.6,82.7,82.3,82.5,81.3,82.9,81.4,82.2,83.3,82.8,82.1,80.8,81.7,82.7,81.2,79.3,80.9,80.3,79.7,82.9,79.2,82.4,79.2,80.3,83.3,81.0,82.4,83.5,82.0,80.6,83.6,88.6,83.7,82.2,81.9,84.6,82.0,79.0,80.4,81.6,83.9,78.5,80.8,79.4,79.8,80.5,86.9,75.4,79.9,77.8,81.2,81.4,82.5,81.3,81.9,83.1,86.0,84.9,81.7,82.9,81.4,81.8,81.8,82.6,79.8,78.4,78.6,78.6,80.6,79.7
4595,87.5,83.6,84.5,86.6,86.5,84.9,85.9,85.5,83.9,83.0,85.0,84.0,85.3,82.3,85.1,84.0,84.7,82.7,84.2,83.9,84.7,83.2,84.9,83.7,85.2,85.8,84.5,84.1,82.7,83.5,84.7,83.0,81.8,83.2,82.4,81.8,85.4,82.2,85.2,82.2,83.2,85.5,84.2,85.6,86.8,84.9,84.1,86.2,92.1,87.1,84.5,85.6,87.9,84.6,82.1,82.8,84.3,86.5,81.9,82.8,82.6,83.0,83.5,89.6,79.0,82.9,81.6,83.0,83.0,84.3,84.2,84.9,86.2,88.5,87.6,84.5,84.6,83.2,83.7,85.0,85.3,83.2,81.1,80.3,81.0,82.7,81.8
4596,89.8,85.8,86.4,89.0,88.6,86.9,87.9,87.4,85.2,84.7,86.5,85.5,86.6,83.8,86.9,85.3,86.6,85.4,85.8,84.9,86.4,84.7,86.6,85.7,87.7,87.7,86.4,85.9,84.6,84.8,86.4,84.3,83.7,85.0,84.1,83.5,87.3,84.3,87.3,84.6,85.5,87.2,86.6,88.1,89.5,86.6,87.0,88.3,94.5,89.8,86.0,88.6,90.1,86.7,84.4,85.0,86.3,88.8,84.9,84.5,85.3,85.7,85.9,91.9,82.6,85.1,84.9,84.6,84.4,85.8,85.9,87.2,88.9,90.9,90.2,86.3,85.7,84.3,85.4,87.7,87.4,85.5,83.6,81.5,83.0,84.4,83.8
4597,91.9,87.0,87.7,91.1,90.1,88.4,89.5,88.8,86.0,85.7,87.4,86.4,87.7,84.8,88.3,86.4,87.8,87.6,86.6,85.8,87.9,85.8,87.8,87.4,89.5,89.4,87.5,87.3,85.8,86.1,87.8,85.3,85.2,86.4,85.5,84.8,88.7,85.6,88.8,85.8,87.6,88.0,88.6,89.9,91.4,87.3,89.1,89.6,96.1,91.1,86.3,90.8,91.6,88.4,86.1,86.5,87.8,90.4,87.5,85.9,87.4,87.8,88.1,94.0,85.7,86.7,87.5,85.8,85.4,86.7,87.4,89.4,90.7,92.6,92.3,87.4,86.5,85.2,86.5,89.9,89.1,87.8,85.6,82.3,84.6,85.8,85.2
4598,93.1,87.3,88.4,92.4,91.2,89.4,90.5,89.7,86.6,86.7,87.8,87.3,88.2,85.7,89.2,87.1,88.7,89.3,87.2,86.5,88.7,86.6,88.8,88.7,90.6,90.5,88.2,88.3,86.6,86.8,88.6,85.7,86.2,87.3,86.3,85.8,89.4,85.5,90.0,86.1,89.1,88.4,90.0,91.5,92.9,86.8,90.6,90.4,97.0,91.4,86.7,91.8,92.2,89.6,87.2,87.7,89.0,91.5,89.5,87.0,88.8,89.8,90.0,95.2,88.1,88.1,89.5,86.4,86.0,87.6,87.9,90.9,91.2,93.6,93.9,87.4,86.9,85.6,87.4,91.3,90.3,89.3,86.7,82.4,85.9,86.5,86.1
4599,93.5,86.5,88.6,93.2,91.8,90.2,91.0,90.3,86.9,87.0,87.9,87.5,88.3,86.1,89.7,87.5,88.9,90.3,87.2,86.5,89.3,87.1,89.1,89.4,91.3,91.1,88.5,88.7,86.7,87.0,89.3,85.9,86.8,87.8,86.8,86.3,89.7,84.8,90.5,85.8,89.5,88.0,90.8,91.7,93.0,86.2,90.9,90.2,96.9,91.2,85.8,91.8,92.1,89.8,88.4,88.5,90.0,92.0,90.9,87.9,89.5,91.4,91.2,95.9,89.4,88.9,90.3,86.9,85.7,87.5,87.6,91.6,90.8,94.4,94.5,87.5,87.0,85.7,87.8,92.2,90.9,90.2,87.3,82.1,86.6,86.8,86.4
4600,92.8,84.8,88.2,93.5,91.9,90.3,91.2,90.2,86.7,86.8,87.6,87.5,87.8,86.2,89.7,87.2,88.9,90.6,86.8,86.0,89.0,87.0,89.1,89.3,91.3,90.9,88.4,88.6,86.8,86.8,89.1,85.7,87.0,87.8,86.8,86.4,89.2,83.3,90.4,85.0,88.7,87.1,91.0,91.7,92.3,85.2,90.7,89.8,96.3,91.0,85.6,90.9,91.5,89.1,88.5,88.7,90.2,92.3,91.7,88.2,89.6,92.2,91.5,95.8,89.9,88.8,89.9,86.9,85.2,87.2,86.5,91.8,89.3,94.4,94.5,87.0,86.3,85.1,87.6,92.4,91.1,90.3,87.7,81.5,87.0,86.8,86.5
4601,90.9,82.8,86.5,92.6,91.4,89.6,90.3,89.5,86.0,86.2,86.6,87.2,86.9,85.7,88.9,86.5,88.3,90.0,86.0,84.8,88.4,86.4,88.4,88.7,90.6,90.6,87.9,87.9,86.5,86.1,88.6,84.8,86.2,87.2,86.5,86.0,87.9,81.0,89.8,83.5,87.6,85.1,90.5,90.8,90.1,83.4,89.5,88.5,94.8,90.3,85.0,89.2,89.8,87.5,88.1,88.4,89.7,91.7,91.4,87.7,88.7,92.4,91.1,94.8,89.2,87.8,88.3,86.4,84.4,86.6,84.7,90.8,87.4,93.4,93.8,86.0,85.5,84.5,87.1,92.0,90.7,89.8,87.3,80.3,86.3,86.2,86.0
4602,87.6,80.4,83.0,91.0,90.0,88.4,89.0,88.1,84.5,85.2,85.1,86.2,85.5,84.5,87.5,85.1,86.8,88.3,84.3,83.1,87.1,85.1,87.1,87.4,89.2,89.0,86.9,86.4,85.1,84.9,87.5,83.1,84.7,85.9,85.5,84.7,85.1,78.6,88.5,81.0,86.0,82.2,88.9,88.8,86.9,80.5,87.1,86.6,92.1,89.0,83.6,87.1,88.0,84.4,86.7,87.1,88.5,90.2,90.9,86.4,87.2,91.5,89.8,93.0,87.2,85.8,85.5,85.3,83.2,85.1,82.4,88.8,85.2,92.0,91.6,84.2,84.0,83.2,85.8,90.4,89.4,88.1,86.0,78.6,84.8,85.0,84.8
4603,82.6,77.0,77.9,88.1,87.9,86.1,86.7,85.6,81.8,82.7,82.2,84.0,82.4,82.6,85.1,82.8,84.0,84.5,81.6,80.1,84.6,82.6,84.5,84.5,86.4,86.3,85.4,83.8,82.7,82.6,85.3,79.9,82.2,83.6,83.7,82.4,81.0,75.3,85.7,77.7,83.8,77.6,86.4,86.0,82.8,76.7,84.0,83.2,87.6,86.6,82.0,84.1,85.2,79.5,84.5,84.4,86.7,88.2,89.6,83.9,84.4,89.6,86.6,89.2,83.9,82.3,81.6,83.3,80.9,82.2,80.1,86.1,81.4,89.5,87.6,81.7,81.1,80.5,83.4,87.5,86.7,85.1,83.4,76.4,82.5,82.5,82.5
4604,78.5,72.9,73.7,83.5,84.4,83.1,83.6,81.5,78.9,79.5,79.1,80.9,78.8,79.8,81.3,79.5,78.9,77.6,78.2,76.8,80.7,78.9,80.5,80.1,81.8,82.0,83.2,79.8,79.0,79.4,81.6,76.2,78.4,80.5,81.1,79.2,76.9,71.6,81.7,74.0,80.7,73.7,82.1,81.4,79.0,73.2,79.7,78.4,83.2,81.8,78.6,80.6,81.3,74.9,80.6,80.0,82.2,84.1,86.4,78.6,80.8,85.0,80.3,83.7,79.3,77.0,76.6,80.8,77.5,78.7,76.9,81.4,77.5,85.0,82.2,76.9,77.7,76.8,79.8,82.9,82.0,80.8,75.9,74.1,79.3,78.9,77.9
4605,76.0,70.3,71.4,80.1,81.4,81.0,81.5,78.7,77.1,78.1,77.0,78.6,77.0,77.9,79.0,77.5,76.4,73.7,76.3,75.1,78.2,76.8,78.3,77.6,78.2,79.2,81.6,77.5,76.8,77.5,79.3,74.6,75.7,78.3,78.4,76.2,74.6,69.6,78.4,71.5,78.8,71.6,78.2,78.2,76.8,71.0,77.1,75.5,80.1,76.5,75.6,78.5,78.0,72.9,77.4,76.1,78.3,80.8,82.1,75.8,77.0,78.9,74.8,80.3,75.7,73.3,73.0,79.1,75.8,76.9,74.5,77.8,75.2,81.5,78.9,73.7,76.0,75.0,77.7,79.2,78.8,77.2,70.5,72.5,76.7,76.7,74.8
4606,74.1,69.0,69.8,77.9,79.3,79.5,80.0,77.0,75.8,76.7,75.7,77.0,75.7,76.6,77.5,76.4,74.9,71.2,74.9,73.9,76.8,75.4,76.8,76.0,76.4,77.8,80.4,76.0,75.2,76.3,77.9,73.7,74.1,76.4,76.9,74.5,72.9,68.2,76.3,69.9,77.0,70.3,76.1,76.4,75.1,69.2,74.6,73.1,77.4,73.9,73.5,76.3,76.1,71.3,75.9,73.0,76.3,78.7,78.5,73.7,74.7,76.0,71.7,77.5,73.0,71.2,70.3,77.8,74.6,75.7,72.9,75.5,72.9,79.6,75.9,72.0,74.8,73.7,76.2,77.1,76.9,74.9,69.5,71.2,75.2,75.3,72.9
4607,72.5,67.9,68.4,76.0,77.8,78.1,78.5,75.8,74.6,75.7,74.7,75.6,74.7,75.6,76.4,75.2,74.0,69.3,74.0,73.0,75.5,74.3,75.8,75.1,75.1,76.6,79.2,74.6,73.9,75.2,76.7,72.7,72.9,74.9,75.8,73.4,71.6,67.0,74.9,68.1,75.5,69.3,74.4,75.1,73.4,68.1,72.1,70.6,74.6,72.3,71.8,74.2,74.3,70.0,74.2,70.0,74.6,77.0,75.5,72.0,72.3,74.1,69.2,75.2,71.1,69.2,68.2,76.7,73.5,74.7,71.3,73.5,70.9,77.5,72.4,70.4,73.9,72.7,75.2,75.7,75.6,73.4,68.6,70.2,73.7,74.1,71.6
4608,71.1,66.6,67.3,74.2,76.7,76.8,77.3,74.8,73.8,74.7,73.8,74.7,73.8,74.5,75.4,74.4,73.3,67.6,73.0,72.2,74.5,73.5,74.9,74.3,73.5,75.5,78.3,73.5,73.2,74.2,75.6,72.0,71.9,73.5,74.6,72.5,70.5,65.9,73.8,66.8,74.1,68.2,72.6,73.5,71.8,66.7,70.3,68.3,71.4,70.5,70.8,72.0,72.8,68.7,72.8,67.8,73.2,75.4,73.1,70.6,70.0,72.3,67.6,71.8,69.2,67.4,66.4,75.9,72.7,73.9,70.0,72.0,69.1,75.8,69.8,69.2,73.0,71.9,74.2,74.1,74.5,72.1,67.7,69.3,72.3,73.1,70.4
4609,69.8,65.8,66.3,73.0,75.5,75.9,76.1,73.8,73.2,73.8,73.0,73.8,73.0,73.6,74.3,73.7,72.3,65.8,72.3,71.5,73.5,72.7,74.0,73.3,72.3,74.3,77.3,72.5,72.5,73.1,74.6,71.4,71.0,72.3,73.4,71.5,69.7,64.8,72.5,65.5,72.9,67.2,71.4,72.0,70.2,65.6,68.8,66.6,68.1,68.6,69.7,69.4,71.3,67.7,71.5,66.0,71.9,74.2,71.1,69.3,68.2,70.7,66.0,68.5,67.1,65.3,64.5,75.1,71.8,73.1,68.9,70.3,67.5,74.3,67.4,67.5,72.3,71.1,73.3,72.7,73.3,70.8,67.1,68.5,71.3,72.1,69.6
4610,68.3,64.9,65.2,71.8,74.5,74.8,75.2,73.0,72.4,73.3,72.3,73.0,72.3,72.9,73.5,72.9,71.6,64.3,71.7,70.9,72.8,71.9,73.2,72.4,71.3,73.3,76.5,71.7,71.5,72.3,74.0,70.6,70.1,71.4,72.3,70.5,68.6,63.9,71.4,64.1,71.9,66.3,70.4,70.5,68.7,64.4,67.2,64.7,65.3,66.6,68.7,67.2,69.9,66.6,70.3,64.1,70.4,73.2,69.1,67.8,66.4,69.2,64.0,65.9,65.1,63.6,62.4,74.2,71.2,72.2,67.5,68.9,66.2,73.0,65.2,65.9,71.7,70.3,72.6,71.6,72.2,69.5,66.5,67.9,70.5,71.2,68.6
4611,66.8,64.0,64.2,70.6,73.6,74.0,74.3,71.9,71.8,72.4,71.6,72.3,71.6,72.2,72.7,72.4,71.1,62.7,71.1,70.3,71.9,71.3,72.4,71.6,70.4,72.4,75.7,71.1,70.9,71.7,73.1,70.0,69.2,70.4,71.6,70.0,68.0,63.1,70.4,62.8,70.9,65.6,69.5,69.3,67.2,63.3,65.8,63.1,63.1,64.8,67.7,65.4,68.5,65.8,68.9,62.2,69.2,72.1,67.5,66.4,65.0,67.7,62.1,63.4,63.2,61.6,60.3,73.3,70.3,71.6,66.1,67.8,64.8,71.6,63.1,64.5,71.1,69.7,72.0,70.7,71.1,68.5,65.4,67.1,69.5,70.4,67.9
4612,65.4,63.2,63.4,69.5,72.7,73.1,73.3,71.2,71.2,71.6,71.1,71.6,71.0,71.6,72.1,71.8,70.4,61.2,70.5,69.7,71.2,70.7,71.9,71.0,69.5,71.5,74.9,70.4,70.1,71.1,72.3,69.6,68.4,69.8,71.0,69.3,67.1,62.3,69.6,61.4,70.0,65.0,68.5,67.7,66.1,62.4,64.3,61.7,61.0,63.3,66.8,63.8,67.0,64.9,67.7,60.6,67.9,71.4,65.9,64.5,63.5,66.0,60.7,61.1,61.7,59.6,58.6,72.6,69.7,71.0,64.9,66.9,63.4,70.2,61.0,63.2,70.6,69.0,71.3,69.5,70.4,67.5,64.3,66.6,68.8,69.6,67.2
4613,64.4,62.6,62.7,68.6,71.9,72.5,72.6,70.6,70.6,71.2,70.6,71.1,70.4,71.0,71.2,71.3,69.7,60.8,69.9,69.5,70.7,70.1,71.4,70.1,68.9,70.9,74.3,69.8,69.5,70.6,71.8,69.0,67.6,69.1,70.2,68.7,66.4,61.5,68.9,60.2,69.1,64.7,67.7,66.6,65.3,61.7,63.2,60.9,59.6,62.1,65.8,62.6,65.7,64.3,66.7,60.4,67.1,70.8,64.7,64.5,63.4,64.5,60.2,59.6,60.5,58.9,56.8,72.1,69.3,70.7,63.6,66.0,62.5,69.2,60.2,62.0,70.2,68.7,70.6,68.7,69.5,66.7,62.9,66.6,68.0,69.0,66.6
4614,67.6,65.5,66.0,68.0,71.9,72.4,72.7,71.1,71.7,71.9,72.4,71.8,72.4,71.1,71.4,72.1,70.6,66.0,71.5,71.6,71.2,70.7,71.9,70.3,68.6,70.9,74.6,70.2,70.7,71.3,72.1,70.8,67.9,69.7,70.7,69.2,68.5,63.7,68.1,62.5,69.5,67.7,67.2,68.0,67.6,64.4,64.5,65.3,65.2,62.2,65.5,64.3,66.0,67.0,66.2,64.2,67.4,71.4,64.4,67.6,66.1,63.7,65.1,64.9,61.9,63.6,59.9,72.2,70.5,72.2,63.9,65.2,65.7,70.5,66.5,62.3,72.1,70.7,71.3,68.5,69.4,66.3,63.4,68.6,67.9,69.6,67.7
4615,72.4,69.8,70.8,70.8,74.2,74.5,75.1,73.9,74.6,74.5,75.5,74.2,75.6,73.5,74.2,74.9,74.0,70.1,74.7,74.7,74.3,73.6,74.9,72.7,71.1,73.8,76.4,73.1,73.4,74.1,74.6,73.7,70.5,72.2,72.6,71.9,72.6,68.3,70.6,68.0,71.8,72.7,69.5,71.8,71.7,69.4,68.3,72.0,73.0,67.5,69.7,68.1,70.9,70.9,68.4,69.0,70.5,74.6,67.3,71.5,68.8,66.9,70.0,72.8,64.5,68.8,65.6,74.5,73.9,75.1,68.3,68.3,70.4,75.7,73.0,68.2,75.1,73.9,74.2,70.9,72.1,68.7,68.1,71.1,70.1,72.2,70.8
4616,76.9,74.0,75.3,75.4,77.7,77.3,78.2,76.9,77.7,76.9,78.5,77.2,78.6,76.3,77.5,77.9,77.3,73.2,78.0,77.7,77.4,76.9,78.1,75.8,75.1,77.1,78.8,76.5,76.0,77.3,77.5,76.6,73.7,75.5,75.2,74.6,76.5,72.6,75.0,72.4,74.4,77.2,73.6,75.7,75.9,74.7,72.2,76.5,79.7,74.0,75.1,72.7,76.0,74.8,71.4,73.6,74.6,78.0,71.1,75.2,72.1,71.4,73.8,78.9,67.7,73.0,70.0,77.2,77.1,77.8,73.1,73.7,75.0,79.9,77.8,73.2,78.3,77.1,77.2,74.8,76.0,72.2,72.8,73.9,73.2,75.3,74.0
4617,80.8,77.7,79.1,80.0,81.3,80.3,81.2,80.3,80.3,79.3,81.1,80.2,81.3,78.6,80.6,80.6,80.4,76.6,80.7,80.5,80.4,79.7,81.0,78.9,79.0,80.6,81.2,80.1,78.7,79.9,80.5,79.2,76.9,78.7,78.0,77.4,79.8,76.1,79.1,76.2,77.4,80.6,77.5,79.1,79.9,78.7,76.6,80.4,84.6,79.8,79.0,77.5,80.8,78.8,75.4,77.4,78.6,81.1,74.8,78.3,75.7,76.1,77.4,83.5,71.7,76.7,74.0,79.5,79.8,80.4,77.7,78.3,79.4,83.1,81.8,78.0,81.1,79.5,79.9,78.8,79.6,76.3,76.0,76.5,76.2,78.4,77.1
4618,84.6,81.1,82.4,83.8,84.4,83.0,84.0,83.2,82.5,81.4,83.5,82.5,83.6,80.8,83.2,82.7,83.0,79.7,82.9,82.6,82.9,81.7,83.3,81.8,82.5,83.7,83.3,82.6,81.1,82.2,83.1,81.5,79.6,81.2,80.6,80.0,83.0,79.4,82.7,79.4,80.4,83.5,81.2,82.3,83.8,82.3,80.7,83.7,88.7,84.0,82.1,82.0,84.6,82.2,79.3,80.5,81.9,84.1,78.6,80.9,79.5,79.8,80.6,87.0,75.3,80.1,77.8,81.6,81.7,82.8,81.3,82.1,83.2,86.0,85.0,81.9,83.2,81.7,82.2,82.2,83.0,80.1,78.6,78.7,78.9,80.9,79.9
4619,87.7,83.8,84.9,86.9,86.9,85.3,86.4,85.9,84.2,83.4,85.3,84.3,85.6,82.7,85.5,84.4,85.2,82.7,84.5,84.2,85.2,83.6,85.4,84.2,85.5,86.2,85.0,84.7,83.1,83.9,85.2,83.3,82.1,83.5,82.7,82.1,85.5,82.3,85.5,82.3,83.3,85.7,84.4,85.5,87.1,85.2,84.1,86.5,92.3,87.4,84.4,85.7,87.9,84.8,82.3,82.9,84.5,86.8,81.9,82.9,82.7,83.0,83.5,89.7,78.9,82.9,81.6,83.5,83.4,84.6,84.2,85.1,86.4,88.6,87.7,84.7,84.9,83.4,84.2,85.4,85.7,83.5,81.2,80.4,81.3,83.1,82.0
4620,90.1,86.0,86.8,89.3,89.1,87.4,88.4,87.9,85.5,85.1,86.8,85.8,86.9,84.3,87.4,85.7,87.2,85.3,86.1,85.3,86.9,85.1,87.1,86.1,88.0,88.2,86.8,86.4,84.9,85.3,86.9,84.6,84.0,85.4,84.4,83.7,87.5,84.5,87.6,84.7,85.6,87.4,86.8,88.1,89.9,86.9,87.1,88.5,94.7,90.0,85.9,88.7,90.2,87.0,84.6,85.1,86.5,89.1,84.9,84.5,85.4,85.7,86.0,92.0,82.5,85.3,84.9,85.1,84.8,86.1,85.9,87.4,89.2,91.0,90.3,86.5,86.1,84.4,85.9,88.1,87.9,85.9,83.8,81.6,83.3,84.8,84.0
4621,92.2,87.2,88.0,91.4,90.5,88.9,90.0,89.3,86.4,86.1,87.6,86.7,88.0,85.3,88.7,86.8,88.3,87.6,86.9,86.2,88.4,86.2,88.4,87.8,89.8,89.9,87.9,87.8,86.2,86.5,88.3,85.6,85.5,86.8,85.8,85.1,88.8,85.7,89.0,86.0,87.7,88.1,88.9,90.0,91.7,87.6,89.1,89.9,96.4,91.3,86.2,90.8,91.6,88.7,86.4,86.6,88.1,90.7,87.5,86.0,87.5,87.8,88.1,94.2,85.7,86.8,87.5,86.2,85.8,87.0,87.5,89.7,91.0,92.7,92.5,87.6,86.9,85.3,87.0,90.3,89.5,88.2,85.7,82.4,85.0,86.1,85.5
4622,93.5,87.5,88.8,92.8,91.6,89.9,91.0,90.2,86.9,87.2,88.0,87.5,88.4,86.2,89.8,87.5,89.2,89.2,87.3,86.8,89.2,86.9,89.2,89.1,90.9,91.1,88.6,88.8,86.9,87.2,89.1,86.0,86.5,87.8,86.7,86.2,89.4,85.7,90.1,86.2,89.1,88.6,90.3,91.6,93.2,87.0,90.6,90.7,97.2,91.5,86.6,92.0,92.2,89.9,87.5,87.8,89.2,91.8,89.6,87.1,88.9,89.9,90.0,95.4,88.1,88.2,89.5,86.8,86.3,87.9,88.0,91.2,91.6,93.7,94.1,87.6,87.3,85.8,87.9,91.7,90.7,89.6,86.8,82.6,86.2,86.8,86.3
4623,93.8,87.0,88.9,93.6,92.3,90.6,91.5,90.8,87.2,87.4,88.2,87.7,88.6,86.6,90.2,87.8,89.4,90.3,87.4,86.8,89.8,87.4,89.6,89.7,91.6,91.6,88.9,89.1,87.1,87.4,89.8,86.1,87.1,88.3,87.2,86.7,89.9,85.0,90.7,85.9,89.7,88.0,91.1,91.9,93.3,86.5,90.9,90.5,97.1,91.3,85.8,92.0,92.2,90.1,88.6,88.5,90.2,92.3,90.9,88.0,89.6,91.4,91.2,96.1,89.4,88.9,90.3,87.3,86.1,87.8,87.6,91.9,91.2,94.5,94.8,87.6,87.4,85.9,88.3,92.6,91.3,90.5,87.4,82.3,86.9,87.2,86.7
4624,93.1,85.4,88.3,93.8,92.4,90.8,91.6,90.7,87.0,87.2,87.8,87.7,88.1,86.6,90.2,87.6,89.4,90.5,87.1,86.3,89.5,87.4,89.5,89.7,91.7,91.4,88.9,89.2,87.2,87.3,89.6,85.9,87.3,88.3,87.2,86.8,89.3,83.8,90.6,85.2,88.8,87.2,91.3,91.8,92.7,85.5,90.8,90.0,96.4,91.0,85.6,91.1,91.6,89.5,88.7,88.8,90.4,92.5,91.7,88.2,89.7,92.3,91.6,96.1,89.9,88.8,90.0,87.4,85.6,87.4,86.5,92.0,89.7,94.5,94.7,87.1,86.6,85.4,88.1,92.8,91.5,90.6,87.8,81.7,87.3,87.2,86.8
4625,91.0,83.3,86.6,92.8,91.9,90.0,90.7,90.0,86.2,86.7,86.8,87.3,87.3,86.1,89.4,86.8,88.8,90.0,86.2,85.1,88.9,86.7,88.7,89.1,90.9,91.0,88.4,88.5,86.9,86.6,89.1,85.0,86.6,87.7,86.8,86.5,88.1,81.5,90.0,83.7,87.7,85.2,90.8,90.8,90.4,83.5,89.6,88.8,94.8,90.4,84.9,89.4,89.9,87.8,88.4,88.5,90.0,91.9,91.5,87.8,88.9,92.4,91.1,95.1,89.3,87.9,88.4,86.9,84.7,86.8,84.5,91.0,87.7,93.4,94.0,86.2,85.7,84.6,87.5,92.2,91.1,90.1,87.3,80.6,86.7,86.6,86.3
4626,87.8,80.8,83.2,91.1,90.5,88.8,89.4,88.6,84.8,85.6,85.3,86.3,85.8,84.9,87.9,85.4,87.3,88.3,84.5,83.4,87.6,85.5,87.5,87.7,89.5,89.4,87.3,86.9,85.6,85.2,88.0,83.3,85.1,86.4,85.9,85.3,85.3,79.0,88.6,81.3,86.1,82.4,89.2,88.9,87.2,80.6,87.2,87.0,92.1,89.1,83.5,87.2,88.1,84.7,87.0,87.2,88.8,90.5,91.0,86.4,87.3,91.6,89.8,93.2,87.2,85.9,85.6,85.7,83.5,85.3,82.1,89.1,85.5,92.0,91.7,84.2,84.3,83.3,86.2,90.6,89.7,88.3,86.0,78.8,85.2,85.4,85.1
4627,82.7,77.3,78.0,88.3,88.4,86.4,87.0,85.9,82.0,83.1,82.4,84.1,82.6,82.9,85.5,83.1,84.5,84.5,81.8,80.3,85.1,82.9,84.8,84.8,86.7,86.7,85.7,84.2,83.1,82.9,85.7,80.0,82.6,84.0,84.1,82.7,81.1,75.4,85.9,77.9,83.8,77.8,86.7,86.0,83.0,76.9,84.2,83.5,87.6,86.7,81.8,84.1,85.2,79.8,84.8,84.5,86.8,88.5,89.7,83.9,84.5,89.6,86.6,89.5,83.8,82.4,81.7,83.7,81.1,82.3,79.8,86.3,81.7,89.5,87.7,81.7,81.3,80.6,83.8,87.7,87.0,85.4,83.5,76.6,82.9,82.9,82.7
4628,78.7,73.3,73.9,83.7,84.8,83.4,83.8,81.8,79.0,79.8,79.3,80.9,79.0,80.2,81.7,79.8,79.3,77.5,78.4,77.0,81.1,79.1,80.7,80.4,82.1,82.3,83.6,80.2,79.4,79.6,82.1,76.4,78.7,80.8,81.4,79.5,77.0,71.9,81.9,74.1,80.8,73.8,82.3,81.4,79.3,73.4,79.9,78.8,83.4,81.8,78.6,80.8,81.2,75.2,80.8,80.1,82.5,84.4,86.4,78.7,80.8,85.0,80.4,83.9,79.2,77.1,76.6,81.2,77.8,78.8,76.7,81.6,77.7,85.0,82.4,77.1,77.9,76.9,80.1,83.1,82.2,81.0,75.9,74.3,79.6,79.3,78.1
4629,76.3,70.7,71.7,80.1,81.8,81.3,81.8,79.0,77.3,78.4,77.2,78.7,77.2,78.2,79.4,77.8,76.8,73.6,76.5,75.2,78.6,77.0,78.5,77.9,78.6,79.5,82.1,77.8,77.2,77.7,79.7,74.7,75.9,78.7,78.8,76.5,74.7,69.9,78.5,71.6,78.8,71.8,78.4,78.2,77.1,71.2,77.3,75.8,80.4,76.7,75.6,78.6,78.0,73.2,77.6,76.2,78.4,80.9,82.2,75.8,77.1,78.8,74.7,80.5,75.7,73.4,73.1,79.5,76.0,76.9,74.4,78.0,75.3,81.6,79.2,73.8,76.2,75.2,78.0,79.4,79.1,77.3,70.6,72.8,77.0,77.1,75.1
4630,74.3,69.4,70.1,77.9,79.6,79.8,80.3,77.3,76.0,77.0,75.9,77.2,75.8,76.9,77.9,76.7,75.3,71.2,75.1,74.0,77.1,75.6,77.0,76.4,76.7,78.2,80.8,76.3,75.6,76.5,78.3,73.8,74.4,76.9,77.3,74.8,73.0,68.6,76.5,70.0,77.1,70.5,76.3,76.4,75.4,69.4,74.8,73.4,77.7,74.1,73.5,76.4,76.0,71.5,75.9,73.1,76.4,78.8,78.6,73.7,74.8,75.9,71.6,77.8,73.0,71.3,70.4,78.2,74.8,75.8,72.8,75.7,73.0,79.8,76.1,72.2,75.0,73.9,76.5,77.4,77.2,75.1,69.5,71.4,75.5,75.8,73.2
4631,72.8,68.4,68.7,76.0,78.1,78.3,78.8,76.2,74.8,76.1,74.8,75.8,74.9,75.9,76.7,75.5,74.4,69.3,74.1,73.1,75.8,74.5,76.0,75.4,75.3,76.9,79.6,74.9,74.3,75.4,77.1,72.8,73.2,75.3,76.2,73.7,71.7,67.3,75.0,68.2,75.6,69.5,74.5,75.2,73.7,68.3,72.2,70.8,74.8,72.5,71.9,74.4,74.3,70.3,74.4,70.1,74.8,77.1,75.5,72.0,72.4,74.1,69.1,75.3,71.0,69.4,68.4,77.1,73.7,74.7,71.3,73.7,71.0,77.7,72.7,70.6,74.1,72.9,75.5,75.9,75.9,73.6,68.6,70.4,74.0,74.5,71.9
4632,71.3,67.1,67.5,74.3,77.0,77.1,77.5,75.2,74.0,75.0,74.0,74.9,74.0,74.8,75.7,74.7,73.6,67.6,73.2,72.3,74.7,73.7,75.1,74.6,73.7,75.7,78.6,73.8,73.6,74.3,76.0,72.1,72.1,73.9,75.0,72.8,70.6,66.2,73.9,66.9,74.2,68.4,72.8,73.6,72.1,67.0,70.4,68.6,71.7,70.7,70.9,72.2,72.8,69.0,73.0,67.9,73.3,75.5,73.0,70.7,70.1,72.2,67.6,72.1,69.2,67.6,66.7,76.3,72.8,74.0,70.0,72.2,69.4,76.0,70.0,69.4,73.2,72.1,74.5,74.3,74.8,72.4,67.6,69.5,72.6,73.5,70.7
4633,69.9,66.2,66.5,73.1,75.8,76.2,76.4,74.2,73.4,74.2,73.1,74.0,73.1,73.9,74.7,73.9,72.6,65.7,72.4,71.6,73.8,72.9,74.2,73.6,72.5,74.6,77.7,72.8,72.8,73.3,74.9,71.6,71.2,72.7,73.8,71.8,69.8,65.2,72.7,65.7,72.9,67.4,71.6,72.2,70.4,65.9,69.0,66.8,68.3,68.8,69.8,69.6,71.4,68.0,71.6,66.1,72.0,74.4,70.9,69.3,68.3,70.5,65.9,68.8,67.1,65.5,64.6,75.4,72.0,73.2,68.9,70.5,67.8,74.6,67.6,67.7,72.5,71.2,73.6,73.0,73.7,71.1,67.0,68.7,71.5,72.5,69.8
4634,68.5,65.2,65.4,71.9,74.8,75.1,75.5,73.3,72.6,73.6,72.5,73.3,72.5,73.2,73.9,73.2,71.9,64.2,71.8,70.9,73.1,72.2,73.4,72.7,71.5,73.6,76.8,72.0,71.9,72.5,74.3,70.8,70.3,71.8,72.7,70.8,68.6,64.2,71.6,64.2,72.0,66.5,70.5,70.6,68.9,64.7,67.4,65.0,65.5,66.9,68.8,67.4,70.1,66.9,70.4,64.1,70.5,73.3,69.0,67.8,66.6,69.0,64.0,66.1,65.1,63.7,62.5,74.6,71.3,72.3,67.5,68.9,66.3,73.2,65.4,66.2,71.8,70.5,72.8,71.8,72.5,69.8,66.5,68.1,70.7,71.6,69.0
4635,66.9,64.3,64.4,70.8,73.9,74.2,74.5,72.2,72.0,72.7,71.8,72.5,71.8,72.4,73.2,72.7,71.4,62.7,71.2,70.3,72.2,71.6,72.7,71.9,70.6,72.7,76.0,71.4,71.3,71.8,73.5,70.2,69.4,70.7,72.0,70.3,68.1,63.4,70.6,63.0,70.9,65.9,69.6,69.5,67.5,63.6,66.0,63.4,63.1,65.2,67.9,65.6,68.7,66.1,69.1,62.3,69.3,72.3,67.5,66.5,65.0,67.6,62.1,63.6,63.2,61.7,60.5,73.7,70.4,71.7,66.2,68.0,65.0,71.9,63.5,64.8,71.3,69.8,72.2,70.9,71.4,68.8,65.5,67.3,69.7,70.7,68.3
4636,65.6,63.5,63.6,69.8,73.0,73.4,73.4,71.4,71.3,72.0,71.2,71.8,71.2,71.8,72.5,72.1,70.7,61.2,70.6,69.8,71.5,71.0,72.2,71.2,69.8,71.8,75.2,70.6,70.4,71.2,72.6,69.7,68.6,70.1,71.3,69.7,67.2,62.5,69.7,61.5,70.0,65.3,68.6,67.9,66.3,62.7,64.5,62.0,61.3,63.7,66.9,64.0,67.2,65.1,67.9,60.6,68.1,71.6,65.8,64.6,63.6,65.9,60.7,61.5,61.8,59.7,58.7,72.9,69.9,71.1,65.0,67.0,63.8,70.4,61.3,63.4,70.8,69.1,71.5,69.7,70.6,67.8,64.4,66.7,69.0,69.9,67.5
4637,64.6,62.9,62.9,68.9,72.2,72.7,72.8,70.9,70.8,71.5,70.7,71.4,70.6,71.2,71.6,71.5,70.0,60.7,70.0,69.5,70.9,70.4,71.6,70.3,69.1,71.1,74.6,70.0,69.8,70.8,72.0,69.3,67.8,69.4,70.6,68.9,66.5,61.7,69.0,60.3,69.1,65.0,67.8,66.7,65.5,62.0,63.4,61.1,59.9,62.4,66.1,62.8,65.8,64.5,66.8,60.4,67.2,70.9,64.7,64.6,63.4,64.5,60.2,59.9,60.5,58.9,56.9,72.4,69.4,70.7,63.6,66.1,62.8,69.5,60.5,62.4,70.4,68.8,70.9,68.9,69.8,66.9,62.9,66.7,68.1,69.4,66.9
4638,67.8,65.7,66.2,68.2,72.2,72.6,72.9,71.3,71.9,72.1,72.5,72.0,72.5,71.3,71.7,72.3,70.8,66.0,71.5,71.7,71.4,71.0,72.1,70.5,68.9,71.1,74.8,70.4,70.9,71.5,72.4,70.9,68.1,70.0,71.0,69.4,68.6,63.9,68.2,62.6,69.4,67.9,67.3,68.1,67.8,64.6,64.6,65.5,65.3,62.6,65.6,64.5,66.2,67.2,66.4,64.2,67.5,71.5,64.3,67.7,66.2,63.6,65.0,65.0,61.8,63.6,59.9,72.4,70.7,72.2,64.0,65.4,65.9,70.6,66.6,62.6,72.2,70.8,71.5,68.7,69.6,66.5,63.3,68.7,68.0,69.8,67.9
4639,72.6,70.0,71.0,71.0,74.4,74.8,75.3,74.1,74.8,74.6,75.5,74.4,75.7,73.7,74.5,75.1,74.2,70.1,74.8,74.7,74.5,73.9,75.1,72.9,71.3,74.1,76.7,73.3,73.6,74.3,74.9,73.8,70.7,72.5,72.8,72.1,72.8,68.5,70.7,68.1,71.8,72.9,69.7,71.9,72.0,69.6,68.4,72.1,73.1,67.9,69.7,68.2,71.0,71.0,68.5,69.1,70.6,74.7,67.2,71.5,68.8,66.9,70.0,73.0,64.4,68.8,65.6,74.8,74.1,75.1,68.4,68.4,70.6,75.8,73.2,68.5,75.3,74.0,74.4,71.1,72.3,68.8,68.2,71.3,70.3,72.4,71.0
4640,77.2,74.3,75.5,75.7,78.0,77.6,78.5,77.2,77.8,77.1,78.5,77.3,78.6,76.4,77.8,78.1,77.5,73.2,78.1,77.8,77.6,77.1,78.4,76.0,75.4,77.5,79.0,76.7,76.2,77.5,77.8,76.6,73.9,75.8,75.4,74.8,76.7,72.8,75.2,72.5,74.5,77.4,73.8,75.8,76.1,75.0,72.4,76.6,79.7,74.3,74.9,72.7,76.0,75.0,71.5,73.7,74.7,78.1,71.1,75.2,72.1,71.4,73.8,79.1,67.7,73.0,70.0,77.4,77.3,77.8,73.1,74.0,75.2,80.0,77.9,73.4,78.5,77.1,77.4,75.0,76.3,72.4,73.0,74.0,73.4,75.5,74.2
4641,81.1,78.0,79.3,80.3,81.6,80.6,81.5,80.6,80.4,79.4,81.1,80.3,81.3,78.8,80.9,80.7,80.6,76.6,80.8,80.6,80.6,79.9,81.2,79.1,79.2,80.9,81.3,80.3,78.8,80.2,80.7,79.3,77.0,78.9,78.2,77.7,80.0,76.4,79.3,76.3,77.5,80.9,77.8,79.4,80.1,79.1,76.7,80.5,84.6,79.9,78.8,77.6,80.8,78.9,75.6,77.5,78.8,81.3,74.8,78.3,75.8,76.1,77.4,83.6,71.6,76.7,74.1,79.7,80.0,80.3,77.7,78.6,79.6,83.3,82.0,78.1,81.2,79.4,80.1,79.0,80.0,76.5,76.2,76.6,76.3,78.6,77.3
4642,84.9,81.3,82.6,84.2,84.8,83.3,84.4,83.6,82.6,81.5,83.5,82.6,83.6,81.0,83.6,82.8,83.2,79.6,83.0,82.6,83.2,81.9,83.6,82.0,82.8,84.1,83.4,82.9,81.2,82.6,83.3,81.6,79.7,81.5,80.7,80.2,83.3,79.6,83.0,79.6,80.5,83.7,81.5,82.5,84.1,82.6,80.8,83.8,88.7,84.1,82.0,82.0,84.6,82.3,79.6,80.5,82.2,84.3,78.5,80.9,79.6,79.9,80.7,87.1,75.3,80.0,77.8,81.8,82.0,82.7,81.3,82.4,83.5,86.2,85.2,81.9,83.3,81.5,82.4,82.5,83.4,80.2,78.8,78.7,78.9,81.1,80.0
4643,88.0,84.0,85.1,87.4,87.4,85.7,86.8,86.2,84.3,83.6,85.3,84.4,85.6,83.0,85.9,84.5,85.4,82.6,84.6,84.2,85.5,83.7,85.8,84.3,85.9,86.6,85.3,85.2,83.2,84.2,85.5,83.5,82.2,83.8,82.9,82.3,85.8,82.6,85.8,82.5,83.4,86.0,84.8,85.7,87.5,85.4,84.1,86.6,92.2,87.4,84.3,85.7,88.0,84.8,82.6,83.0,84.9,87.1,81.9,82.9,82.8,83.1,83.5,89.9,78.9,82.9,81.6,83.7,83.7,84.6,84.2,85.5,86.7,88.8,87.9,84.7,85.0,83.3,84.4,85.7,86.0,83.6,81.5,80.5,81.4,83.3,82.2
4644,90.4,86.3,87.0,89.7,89.5,87.7,88.8,88.2,85.5,85.2,86.8,85.9,87.0,84.5,87.8,85.9,87.4,85.2,86.1,85.3,87.2,85.3,87.4,86.3,88.4,88.8,87.1,86.9,85.1,85.6,87.2,84.8,84.1,85.6,84.6,84.0,87.7,84.8,87.9,85.0,85.8,87.8,87.3,88.3,90.2,87.1,87.2,88.6,94.7,90.0,85.7,88.7,90.2,87.1,85.0,85.1,86.8,89.4,85.0,84.5,85.5,85.9,86.0,92.2,82.6,85.2,85.0,85.3,85.1,86.1,86.0,87.8,89.5,91.2,90.5,86.5,86.2,84.4,86.2,88.4,88.2,86.0,84.0,81.6,83.4,85.0,84.1
4645,92.6,87.4,88.3,91.9,91.0,89.3,90.4,89.6,86.6,86.3,87.8,86.8,88.1,85.5,89.2,87.0,88.6,87.5,87.0,86.2,88.7,86.4,88.7,87.9,90.2,90.3,88.2,88.2,86.4,86.9,88.6,85.9,85.5,86.9,86.1,85.3,89.1,86.0,89.3,86.2,87.9,88.5,89.3,90.1,92.0,87.7,89.2,90.0,96.3,91.2,86.2,90.9,91.6,88.8,86.8,86.5,88.4,91.0,87.6,85.9,87.5,88.0,88.1,94.3,85.7,86.7,87.5,86.5,85.9,87.1,87.5,90.0,91.2,93.0,92.7,87.6,87.0,85.3,87.2,90.5,89.9,88.2,86.0,82.4,85.0,86.3,85.5
4646,93.9,87.8,89.1,93.3,92.0,90.4,91.4,90.4,87.1,87.3,88.2,87.6,88.6,86.5,90.3,87.6,89.4,89.2,87.5,86.8,89.5,87.2,89.6,89.2,91.4,91.5,88.8,89.1,87.1,87.5,89.3,86.2,86.5,87.9,86.9,86.3,89.7,86.0,90.4,86.4,89.3,88.9,90.7,91.8,93.4,87.2,90.7,90.7,97.2,91.6,86.4,92.0,92.2,89.9,87.9,87.7,89.5,92.0,89.7,87.0,88.9,90.0,89.9,95.5,88.2,88.1,89.6,87.0,86.4,88.0,87.9,91.5,91.9,94.0,94.2,87.5,87.4,85.8,88.1,92.0,91.0,89.7,87.1,82.6,86.2,86.9,86.4
4647,94.3,87.2,89.1,94.0,92.6,91.0,91.9,91.0,87.4,87.6,88.4,87.8,88.9,86.8,90.7,88.0,89.6,90.2,87.6,86.8,90.0,87.7,89.8,89.7,92.1,92.0,89.1,89.5,87.2,87.7,90.0,86.4,87.1,88.4,87.3,86.8,90.2,85.1,91.0,86.0,90.0,88.4,91.6,92.0,93.6,86.7,91.1,90.4,97.0,91.4,85.6,91.9,92.2,90.2,88.8,88.4,90.4,92.4,91.1,87.9,89.6,91.6,91.1,96.1,89.6,88.8,90.4,87.6,86.3,87.8,87.5,92.4,91.5,94.8,94.7,87.4,87.6,86.0,88.5,92.8,91.5,90.6,87.6,82.3,86.9,87.3,86.8
4648,93.5,85.7,88.5,94.2,92.5,91.2,92.0,90.8,87.2,87.3,88.0,88.0,88.3,86.9,90.6,87.8,89.5,90.4,87.3,86.4,89.7,87.7,89.8,89.7,92.2,91.8,89.0,89.4,87.3,87.7,89.8,86.1,87.3,88.4,87.3,86.9,89.6,83.9,90.9,85.3,89.2,87.6,91.8,92.0,93.0,85.8,90.9,90.0,96.2,91.0,85.2,91.0,91.5,89.7,88.9,88.7,90.6,92.6,92.0,88.1,89.7,92.4,91.5,96.0,90.1,88.8,90.2,87.6,85.8,87.7,86.4,92.5,90.0,94.7,94.6,87.0,86.7,85.5,88.3,92.9,91.7,90.7,88.2,81.6,87.3,87.3,86.9
4649,91.3,83.5,86.8,93.3,92.1,90.4,91.0,90.1,86.4,86.8,87.0,87.5,87.5,86.2,89.8,87.0,88.9,89.9,86.3,85.4,89.0,87.0,89.1,89.1,91.4,91.2,88.5,88.7,86.9,86.9,89.2,85.3,86.6,87.8,86.9,86.5,88.3,81.6,90.3,83.9,88.0,85.7,91.4,91.0,90.7,83.7,89.7,88.8,94.7,90.4,84.4,89.3,89.7,88.0,88.6,88.4,90.2,92.0,91.8,87.7,89.0,92.6,91.1,95.0,89.5,87.8,88.6,87.1,84.9,87.1,84.4,91.5,87.8,93.6,93.9,86.0,85.9,84.7,87.6,92.3,91.2,90.3,87.8,80.5,86.8,86.7,86.2
4650,88.0,81.0,83.3,91.6,90.6,89.1,89.7,88.6,85.0,85.7,85.5,86.5,86.0,85.0,88.2,85.6,87.4,88.2,84.7,83.6,87.6,85.7,87.7,87.7,89.9,89.7,87.4,87.0,85.6,85.4,88.1,83.5,85.1,86.5,86.0,85.3,85.6,79.2,89.0,81.4,86.3,82.7,89.8,89.0,87.3,80.9,87.3,86.9,92.0,89.0,83.1,87.1,87.8,84.8,87.3,87.0,89.0,90.6,91.2,86.4,87.4,91.9,89.7,93.2,87.5,85.8,85.9,85.8,83.6,85.5,82.0,89.5,85.5,92.0,91.7,84.1,84.4,83.4,86.3,90.7,89.9,88.5,86.4,78.8,85.3,85.5,85.0
4651,82.8,77.5,78.2,88.7,88.5,86.7,87.2,85.9,82.3,83.1,82.6,84.3,82.8,82.9,85.7,83.1,84.5,84.4,82.0,80.5,85.1,83.0,85.0,84.9,87.1,86.9,85.8,84.3,83.1,83.1,85.8,80.3,82.6,84.2,84.1,82.7,81.4,75.6,86.3,78.1,83.9,78.1,87.1,86.2,83.1,77.1,84.3,83.4,87.5,86.7,81.5,84.1,84.8,79.9,85.0,84.4,86.9,88.6,89.8,83.8,84.6,89.8,86.4,89.4,84.1,82.3,81.9,83.9,81.2,82.5,79.6,86.7,81.8,89.6,87.6,81.6,81.4,80.7,83.8,87.8,87.1,85.6,83.9,76.6,82.9,83.0,82.6
4652,78.9,73.6,74.1,84.1,85.0,83.6,84.0,81.8,79.2,79.9,79.4,81.1,79.2,80.2,81.9,79.8,79.3,77.4,78.7,77.1,81.2,79.3,80.9,80.5,82.4,82.5,83.7,80.3,79.4,79.8,82.2,76.6,78.8,80.8,81.4,79.6,77.2,72.1,82.3,74.3,81.0,74.1,82.5,81.6,79.4,73.6,80.0,78.9,83.3,81.8,78.3,80.7,80.9,75.3,81.0,79.9,82.6,84.4,86.6,78.6,80.9,85.1,80.1,83.8,79.4,76.9,76.7,81.3,77.9,78.9,76.6,82.0,77.9,85.1,82.3,77.0,78.0,77.1,80.1,83.2,82.4,81.1,76.2,74.3,79.6,79.3,78.0
4653,76.4,70.9,72.0,80.5,81.9,81.5,82.0,79.1,77.5,78.5,77.4,78.9,77.4,78.2,79.6,77.9,76.9,73.5,76.7,75.4,78.8,77.2,78.7,78.1,79.0,79.7,82.2,77.9,77.3,77.8,79.8,74.9,76.0,78.7,78.9,76.6,74.9,70.2,78.9,71.8,79.0,72.0,78.7,78.4,77.3,71.5,77.4,75.8,80.4,76.8,75.4,78.5,77.8,73.3,77.8,75.9,78.6,81.0,82.3,75.6,77.3,79.0,74.5,80.5,75.8,73.3,73.3,79.7,76.1,77.1,74.3,78.2,75.5,81.6,79.1,73.9,76.3,75.3,78.1,79.6,79.2,77.4,70.8,72.8,77.1,77.2,75.0
4654,74.4,69.6,70.2,78.2,79.8,80.0,80.5,77.6,76.1,77.1,76.1,77.3,76.0,77.0,78.1,76.7,75.5,71.1,75.3,74.2,77.3,75.8,77.3,76.6,77.1,78.4,80.9,76.4,75.8,76.6,78.4,73.9,74.5,76.9,77.4,74.8,73.1,68.8,76.8,70.2,77.3,70.8,76.6,76.5,75.6,69.8,74.9,73.4,77.8,74.3,73.4,76.4,75.9,71.7,76.1,72.9,76.6,79.0,78.7,73.5,74.9,76.0,71.4,77.9,73.1,71.2,70.6,78.4,74.9,75.9,72.7,75.9,73.1,79.9,76.1,72.2,75.1,74.1,76.6,77.6,77.4,75.3,69.7,71.4,75.5,75.9,73.2
4655,72.9,68.6,68.9,76.3,78.4,78.5,79.0,76.4,75.0,76.1,75.0,75.9,75.1,76.0,76.9,75.6,74.6,69.2,74.3,73.2,75.9,74.6,76.2,75.5,75.7,77.1,79.8,75.1,74.4,75.5,77.2,72.9,73.2,75.3,76.2,73.8,71.8,67.5,75.3,68.5,75.9,69.7,74.7,75.3,73.9,68.7,72.3,70.9,74.8,72.7,71.8,74.4,74.2,70.4,74.6,70.0,75.0,77.2,75.6,71.9,72.5,74.2,68.9,75.4,71.1,69.3,68.6,77.3,73.8,74.8,71.2,73.9,71.3,77.8,72.8,70.6,74.2,73.0,75.6,76.0,76.1,73.8,68.8,70.4,74.0,74.6,71.9
4656,71.6,67.2,67.6,74.5,77.2,77.3,77.7,75.4,74.1,74.9,74.1,75.0,74.2,74.9,75.9,74.8,73.8,67.5,73.3,72.5,74.9,73.8,75.3,74.6,74.2,76.0,78.7,74.0,73.7,74.5,76.1,72.2,72.2,74.0,75.0,72.9,70.7,66.4,74.2,67.1,74.4,68.6,73.0,73.8,72.2,67.4,70.6,68.6,71.8,70.8,70.8,72.2,72.8,69.1,73.2,67.8,73.5,75.6,73.1,70.5,70.2,72.4,67.3,72.2,69.3,67.3,66.8,76.4,73.0,74.0,69.9,72.4,69.6,76.1,70.1,69.4,73.3,72.2,74.6,74.5,75.0,72.5,67.8,69.5,72.6,73.6,70.8
4657,70.1,66.3,66.6,73.3,76.0,76.3,76.5,74.4,73.5,74.1,73.3,74.1,73.3,73.9,74.9,73.9,72.8,65.6,72.6,71.7,73.9,73.0,74.3,73.7,72.9,74.8,77.7,73.0,72.9,73.4,75.1,71.7,71.2,72.8,73.9,71.9,69.9,65.3,72.9,65.9,73.2,67.6,71.8,72.3,70.6,66.2,69.1,66.8,68.4,69.0,69.8,69.7,71.3,68.1,71.8,65.9,72.2,74.6,71.0,69.1,68.3,70.7,65.7,68.9,67.3,65.3,64.7,75.5,72.1,73.3,68.8,70.6,68.0,74.7,67.7,67.8,72.6,71.4,73.6,73.1,73.8,71.2,67.2,68.7,71.6,72.6,70.0
4658,68.7,65.3,65.5,72.1,74.9,75.2,75.6,73.5,72.7,73.6,72.6,73.4,72.6,73.2,74.1,73.2,72.1,64.1,71.9,71.0,73.2,72.3,73.6,72.8,71.7,73.9,76.9,72.1,71.9,72.7,74.4,70.8,70.4,71.9,72.8,70.9,68.8,64.4,71.8,64.3,72.2,66.7,70.7,70.8,69.2,65.1,67.5,65.0,65.6,67.1,68.8,67.4,70.1,67.0,70.6,64.0,70.7,73.6,69.0,67.7,66.6,69.3,63.8,66.2,65.3,63.4,62.7,74.7,71.4,72.5,67.4,69.0,66.5,73.4,65.5,66.4,72.0,70.6,72.9,72.0,72.7,69.9,66.8,68.1,70.8,71.6,69.1
4659,67.1,64.4,64.5,71.0,74.0,74.3,74.6,72.4,72.0,72.7,71.9,72.7,72.0,72.4,73.4,72.7,71.5,62.6,71.3,70.4,72.3,71.7,72.9,71.9,70.8,72.9,76.1,71.5,71.4,72.0,73.6,70.3,69.5,70.8,72.1,70.4,68.3,63.5,70.8,63.1,71.1,66.0,69.7,69.6,67.7,63.9,66.2,63.4,63.3,65.4,67.9,65.6,68.7,66.2,69.3,62.1,69.5,72.5,67.4,66.4,65.0,67.8,61.9,63.7,63.3,61.4,60.6,73.8,70.5,71.8,66.2,68.0,65.1,72.1,63.6,65.1,71.4,69.9,72.2,71.0,71.6,68.8,65.8,67.2,69.7,70.8,68.4
4660,65.8,63.6,63.7,70.0,73.2,73.5,73.6,71.6,71.4,72.0,71.4,72.0,71.4,71.8,72.7,72.1,70.7,61.2,70.7,69.9,71.6,71.1,72.4,71.2,70.0,72.0,75.3,70.8,70.4,71.4,72.7,69.8,68.6,70.2,71.4,69.8,67.3,62.7,69.9,61.7,70.2,65.4,68.8,68.1,66.5,63.0,64.7,62.0,61.5,64.0,67.0,64.0,67.3,65.2,68.1,60.5,68.3,71.8,65.8,64.5,63.6,66.1,60.5,61.5,61.9,59.4,58.8,73.0,70.0,71.2,64.9,67.1,63.9,70.7,61.3,63.6,70.8,69.3,71.6,69.9,70.8,67.9,64.7,66.7,69.0,70.0,67.6
4661,64.8,63.0,63.0,69.2,72.3,72.9,72.9,71.0,70.9,71.5,70.8,71.5,70.8,71.2,71.8,71.5,70.1,60.6,70.1,69.6,71.0,70.5,71.8,70.3,69.3,71.3,74.7,70.1,69.8,70.9,72.1,69.3,68.0,69.5,70.6,69.0,66.6,61.8,69.2,60.4,69.2,65.1,68.0,66.9,65.6,62.3,63.6,61.1,60.0,62.8,66.0,62.8,65.9,64.7,67.1,60.3,67.4,71.2,64.6,64.5,63.4,64.7,60.0,60.0,60.6,58.5,57.0,72.5,69.6,70.8,63.7,66.2,63.0,69.6,60.6,62.6,70.5,69.0,70.9,69.1,70.0,67.0,63.2,66.6,68.2,69.4,67.0
4662,68.0,65.8,66.2,68.4,72.3,72.7,73.0,71.4,71.9,72.1,72.6,72.1,72.6,71.3,71.9,72.3,70.8,65.9,71.6,71.7,71.4,71.0,72.3,70.5,69.0,71.3,74.8,70.5,70.9,71.6,72.4,70.9,68.2,70.0,71.0,69.4,68.7,63.9,68.5,62.7,69.6,68.0,67.5,68.1,68.0,64.8,64.8,65.5,65.2,63.0,65.6,64.5,66.2,67.2,66.6,64.1,67.7,71.7,64.2,67.6,66.1,63.7,64.9,65.0,61.9,63.3,60.0,72.5,70.8,72.2,64.0,65.5,66.0,70.7,66.6,62.7,72.3,70.9,71.6,68.8,69.7,66.5,63.6,68.6,68.1,69.9,68.0
4663,72.8,70.1,71.0,71.1,74.5,74.9,75.3,74.2,74.7,74.6,75.6,74.4,75.7,73.7,74.6,75.0,74.2,70.1,74.8,74.8,74.5,73.9,75.2,72.9,71.4,74.2,76.6,73.4,73.7,74.5,74.8,73.8,70.7,72.5,72.7,72.0,72.9,68.5,70.9,68.3,72.0,73.1,69.8,71.9,72.1,69.7,68.6,72.2,73.0,68.1,69.6,68.2,70.9,71.1,68.7,69.0,70.8,74.9,67.1,71.4,68.8,66.9,70.0,73.0,64.6,68.7,65.7,74.7,74.2,75.1,68.3,68.6,70.7,75.8,73.3,68.5,75.4,73.9,74.4,71.3,72.4,68.9,68.4,71.2,70.3,72.3,71.0
4664,77.3,74.4,75.5,75.9,78.1,77.6,78.5,77.2,77.7,77.0,78.5,77.4,78.6,76.3,77.8,77.9,77.5,73.2,78.1,77.9,77.6,77.1,78.5,75.9,75.4,77.6,78.9,76.8,76.1,77.7,77.7,76.7,73.7,75.7,75.2,74.6,76.9,72.9,75.4,72.7,74.7,77.6,73.9,75.9,76.2,75.1,72.5,76.6,79.6,74.5,74.8,72.7,76.0,75.1,71.7,73.7,74.9,78.3,71.0,75.2,72.2,71.4,73.8,79.1,67.8,73.0,70.1,77.3,77.4,77.8,73.0,74.2,75.3,80.1,78.0,73.3,78.5,77.0,77.4,75.1,76.2,72.5,73.3,73.9,73.3,75.4,74.1
4665,81.1,78.0,79.3,80.5,81.6,80.6,81.5,80.6,80.3,79.3,81.2,80.2,81.3,78.7,81.0,80.6,80.6,76.6,80.9,80.7,80.6,79.8,81.3,78.9,79.3,81.0,81.3,80.3,78.8,80.4,80.7,79.3,76.8,78.7,77.8,77.4,80.2,76.4,79.6,76.5,77.7,81.1,78.0,79.3,80.3,79.1,76.8,80.5,84.5,80.0,78.6,77.6,80.7,79.0,75.8,77.5,79.1,81.5,74.8,78.3,75.9,76.2,77.5,83.6,71.7,76.8,74.1,79.6,80.2,80.3,77.6,78.8,79.8,83.4,82.0,78.0,81.3,79.2,80.1,79.1,80.0,76.6,76.4,76.4,76.2,78.4,77.1
4666,84.9,81.4,82.5,84.4,84.8,83.4,84.4,83.5,82.5,81.4,83.5,82.6,83.7,81.0,83.7,82.7,83.2,79.7,83.1,82.7,83.1,81.9,83.8,81.9,82.8,84.1,83.3,82.9,81.1,82.8,83.3,81.6,79.5,81.3,80.4,79.9,83.5,79.7,83.3,79.8,80.7,84.0,81.7,82.5,84.3,82.7,80.8,83.8,88.6,84.1,81.7,82.0,84.6,82.4,79.8,80.5,82.4,84.5,78.5,80.9,79.7,80.0,80.7,87.1,75.4,80.1,77.9,81.7,82.2,82.7,81.3,82.6,83.5,86.3,85.2,81.8,83.5,81.4,82.4,82.5,83.4,80.3,79.0,78.6,78.8,80.8,79.8
4667,88.1,84.2,85.1,87.7,87.4,85.8,86.8,86.1,84.3,83.4,85.3,84.4,85.6,82.9,86.0,84.5,85.4,82.7,84.5,84.3,85.4,83.7,85.9,84.3,86.0,86.7,85.2,85.2,83.1,84.4,85.4,83.5,81.9,83.6,82.6,82.0,85.9,82.6,86.1,82.7,83.6,86.3,84.9,85.6,87.6,85.5,84.1,86.6,92.2,87.4,84.1,85.8,87.9,84.9,82.9,83.0,85.1,87.3,82.0,82.9,83.0,83.2,83.5,89.9,79.0,83.0,81.7,83.7,83.9,84.5,84.2,85.7,86.9,88.9,88.0,84.5,85.1,83.2,84.4,85.7,86.1,83.7,81.6,80.3,81.2,83.0,81.9
4668,90.5,86.4,87.0,90.0,89.6,87.8,88.9,88.1,85.6,85.1,86.8,85.9,87.0,84.5,88.0,85.9,87.2,85.3,86.0,85.3,87.2,85.3,87.5,86.3,88.5,88.9,87.0,86.9,84.9,85.8,87.1,84.9,83.9,85.5,84.4,83.8,87.9,84.9,88.1,85.1,86.0,88.0,87.4,88.3,90.3,87.2,87.2,88.6,94.7,89.9,85.7,88.7,90.1,87.1,85.2,85.1,87.0,89.7,85.0,84.6,85.7,86.0,86.0,92.2,82.7,85.3,85.1,85.3,85.2,86.1,86.0,88.0,89.6,91.1,90.6,86.3,86.2,84.2,86.1,88.4,88.3,86.0,84.1,81.5,83.2,84.8,83.8
4669,92.8,87.6,88.3,92.1,91.2,89.4,90.5,89.6,86.6,86.2,87.8,86.8,88.1,85.5,89.4,87.0,88.5,87.7,87.0,86.2,88.7,86.4,88.9,88.0,90.4,90.6,88.1,88.3,86.2,87.0,88.5,85.9,85.4,86.9,85.9,85.2,89.3,86.1,89.6,86.3,88.1,88.8,89.5,90.1,92.2,87.9,89.3,90.1,96.3,91.2,86.1,90.9,91.6,88.8,87.0,86.6,88.6,91.3,87.7,86.0,87.7,88.2,88.1,94.4,85.9,86.9,87.6,86.4,86.0,87.1,87.4,90.2,91.3,92.9,92.7,87.5,87.0,85.2,87.2,90.6,89.9,88.2,86.1,82.3,84.9,86.1,85.3
4670,94.0,87.9,89.1,93.5,92.2,90.6,91.7,90.6,87.2,87.3,88.3,87.6,88.7,86.5,90.5,87.6,89.4,89.3,87.5,86.8,89.4,87.2,89.8,89.2,91.6,91.9,88.7,89.3,87.0,87.6,89.2,86.3,86.5,87.9,86.7,86.2,90.1,86.3,90.7,86.6,89.5,89.3,90.9,91.8,93.6,87.4,90.9,90.8,97.2,91.8,86.4,92.1,92.1,90.1,88.1,87.7,89.8,92.2,89.8,87.1,89.2,90.2,90.0,95.6,88.3,88.2,89.7,87.0,86.4,88.0,87.8,91.8,92.0,94.0,94.3,87.7,87.5,85.7,88.1,92.1,91.2,89.7,87.3,82.5,86.2,86.8,86.2
4671,94.4,87.4,89.2,94.3,92.8,91.3,92.2,91.1,87.3,87.6,88.3,87.8,88.9,86.8,91.0,87.9,89.6,90.4,87.5,86.8,90.0,87.7,90.0,89.8,92.3,92.4,89.1,89.7,87.1,87.8,89.9,86.5,87.0,88.5,87.2,86.7,90.5,85.4,91.2,86.3,90.1,88.7,91.8,92.2,93.8,86.9,91.2,90.4,97.0,91.5,85.6,91.9,92.1,90.3,89.1,88.5,90.6,92.6,91.2,88.0,89.8,91.7,91.2,96.2,89.7,88.8,90.5,87.6,86.3,87.9,87.4,92.6,91.7,94.8,94.8,87.5,87.4,85.9,88.5,92.8,91.7,90.7,87.9,82.2,86.9,87.2,86.7
4672,93.8,86.0,88.6,94.4,92.8,91.5,92.4,91.0,87.1,87.4,87.9,87.9,88.3,86.9,90.9,87.7,89.5,90.6,87.2,86.4,89.8,87.7,90.0,89.8,92.4,92.2,89.0,89.7,87.2,87.7,89.8,86.2,87.2,88.5,87.1,86.8,90.0,84.2,91.2,85.6,89.2,87.8,92.0,92.0,93.3,86.0,91.0,89.9,96.2,91.0,85.2,91.1,91.3,89.9,89.1,88.8,90.8,92.9,92.1,88.2,90.0,92.5,91.6,96.1,90.3,88.8,90.3,87.7,85.8,87.6,86.1,92.8,90.1,94.6,94.6,87.0,86.6,85.3,88.3,93.0,91.9,90.7,88.4,81.6,87.3,87.2,86.8
4673,91.4,83.8,86.9,93.5,92.3,90.8,91.4,90.1,86.3,86.8,86.9,87.4,87.4,86.3,90.2,86.9,88.9,90.1,86.2,85.3,89.1,87.0,89.3,89.1,91.5,91.6,88.5,88.9,86.9,87.0,89.3,85.4,86.6,87.8,86.8,86.5,88.6,82.0,90.7,84.1,88.1,85.8,91.5,90.9,90.9,83.8,89.7,88.8,94.6,90.3,84.4,89.3,89.6,88.2,88.8,88.5,90.4,92.3,92.0,87.8,89.4,92.7,91.1,95.1,89.6,87.9,88.7,87.1,85.0,87.0,84.2,91.9,87.9,93.6,94.0,86.0,85.8,84.5,87.7,92.4,91.3,90.3,88.1,80.5,86.8,86.6,86.2
4674,88.1,81.2,83.5,91.7,90.8,89.4,90.0,88.7,84.8,85.7,85.4,86.3,85.9,85.0,88.5,85.5,87.4,88.3,84.5,83.6,87.7,85.6,87.9,87.8,90.1,89.9,87.4,87.2,85.6,85.5,88.2,83.6,85.1,86.5,85.9,85.2,85.9,79.5,89.4,81.6,86.4,82.9,89.9,88.9,87.5,81.0,87.3,87.0,91.9,89.0,83.1,87.1,87.7,85.0,87.5,87.1,89.3,91.0,91.4,86.4,87.7,92.1,89.8,93.3,87.6,85.9,86.0,85.9,83.7,85.4,81.7,89.9,85.6,92.1,91.7,84.1,84.2,83.2,86.4,90.8,89.9,88.6,86.8,78.7,85.3,85.4,84.9
4675,83.1,77.8,78.3,88.8,88.7,86.9,87.5,86.0,82.1,83.1,82.5,84.2,82.7,83.0,85.9,83.0,84.5,84.6,81.8,80.5,85.2,82.9,85.3,84.9,87.2,87.1,85.8,84.5,83.1,83.1,85.9,80.3,82.6,84.1,84.1,82.8,81.5,75.8,86.7,78.3,84.1,78.2,87.1,86.1,83.2,77.1,84.3,83.5,87.4,86.7,81.5,84.0,84.7,80.1,85.3,84.4,87.2,88.9,90.0,83.8,84.9,90.0,86.5,89.5,84.2,82.5,82.0,83.9,81.2,82.4,79.4,87.0,81.9,89.7,87.6,81.6,81.3,80.5,83.9,87.8,87.1,85.7,84.2,76.6,82.9,82.9,82.5
4676,79.1,73.9,74.1,84.2,85.1,83.8,84.2,81.9,79.1,79.9,79.4,81.0,79.2,80.2,82.1,79.8,79.4,77.5,78.6,77.2,81.2,79.2,81.0,80.6,82.6,82.7,83.7,80.4,79.4,79.7,82.2,76.7,78.8,80.8,81.4,79.6,77.4,72.4,82.6,74.5,81.0,74.3,82.6,81.5,79.6,73.6,79.9,78.9,83.3,81.9,78.3,80.6,80.8,75.5,81.3,80.0,83.0,84.6,86.7,78.7,81.2,85.2,80.2,83.8,79.6,77.0,76.9,81.3,78.0,78.9,76.4,82.1,78.0,85.1,82.3,77.0,77.9,77.0,80.1,83.2,82.4,81.2,76.3,74.3,79.7,79.2,78.0
4677,76.6,71.3,72.1,80.6,82.0,81.7,82.2,79.2,77.3,78.5,77.4,78.8,77.5,78.3,79.8,77.8,76.9,73.6,76.7,75.4,78.8,77.1,78.7,78.2,79.1,80.0,82.2,78.0,77.3,77.8,79.8,75.0,76.1,78.7,78.9,76.6,75.1,70.4,79.3,71.9,79.0,72.2,78.7,78.3,77.4,71.6,77.4,75.8,80.5,77.0,75.5,78.5,77.7,73.6,78.1,76.0,78.8,81.2,82.4,75.8,77.5,79.0,74.6,80.5,75.9,73.4,73.4,79.7,76.2,77.1,74.1,78.4,75.6,81.5,79.2,73.9,76.3,75.2,78.1,79.7,79.2,77.6,70.9,72.9,77.1,77.2,75.0
4678,74.6,69.9,70.4,78.4,79.9,80.2,80.7,77.7,76.0,77.1,76.1,77.2,76.1,77.0,78.2,76.7,75.5,71.3,75.3,74.2,77.3,75.8,77.4,76.6,77.1,78.6,80.8,76.5,75.7,76.6,78.5,74.0,74.5,76.9,77.4,75.1,73.4,69.0,77.2,70.3,77.3,70.9,76.6,76.4,75.7,69.8,74.9,73.4,77.9,74.4,73.4,76.4,75.8,71.9,76.4,73.1,76.8,79.2,78.8,73.6,75.1,76.1,71.6,78.0,73.2,71.4,70.8,78.4,75.0,75.9,72.6,76.2,73.2,79.8,76.2,72.3,75.1,74.0,76.6,77.7,77.5,75.4,69.9,71.5,75.6,75.9,73.2
4679,73.1,68.7,69.0,76.5,78.4,78.7,79.1,76.5,74.9,76.1,75.1,75.9,75.2,76.0,77.0,75.5,74.7,69.5,74.3,73.3,76.0,74.7,76.3,75.5,75.7,77.3,79.7,75.2,74.4,75.5,77.2,72.9,73.4,75.4,76.2,74.0,72.0,67.7,75.7,68.6,76.0,69.8,74.6,75.2,74.0,68.8,72.2,70.9,75.0,72.8,71.8,74.5,74.2,70.6,74.8,70.1,75.2,77.4,75.7,72.1,72.6,74.3,69.1,75.4,71.3,69.5,68.7,77.3,73.9,74.8,71.1,74.1,71.4,77.8,72.9,70.6,74.2,73.0,75.6,76.0,76.1,74.0,69.0,70.4,74.1,74.6,71.9
4680,71.8,67.3,67.8,74.6,77.3,77.4,77.8,75.5,74.1,74.9,74.2,75.0,74.3,74.9,76.0,74.7,73.8,67.8,73.3,72.5,75.0,73.8,75.3,74.6,74.1,76.1,78.6,74.1,73.6,74.5,76.1,72.3,72.4,74.0,75.1,73.1,70.9,66.5,74.4,67.3,74.6,68.7,73.1,73.7,72.4,67.5,70.6,68.7,72.0,70.9,70.9,72.3,72.8,69.3,73.4,67.9,73.8,75.9,73.2,70.7,70.4,72.5,67.4,72.2,69.5,67.5,66.9,76.3,73.0,74.0,69.9,72.6,69.7,76.2,70.2,69.4,73.4,72.2,74.6,74.4,75.1,72.7,68.1,69.6,72.8,73.6,70.9
4681,70.3,66.5,66.8,73.4,76.0,76.4,76.7,74.4,73.4,74.1,73.3,74.1,73.4,73.9,75.1,73.9,72.9,65.9,72.6,71.7,74.0,73.1,74.4,73.6,72.9,74.9,77.7,73.1,72.8,73.5,75.1,71.7,71.4,72.9,74.0,72.2,70.0,65.5,73.2,66.0,73.4,67.7,71.8,72.3,70.8,66.3,69.0,66.8,68.5,69.0,70.0,69.8,71.4,68.2,72.0,66.0,72.5,74.8,71.1,69.3,68.5,70.9,65.9,69.0,67.5,65.5,64.8,75.4,72.2,73.3,68.8,70.8,68.1,74.7,67.8,68.0,72.7,71.3,73.6,73.2,73.9,71.4,67.5,68.8,71.7,72.6,70.1
4682,68.8,65.5,65.7,72.2,75.0,75.4,75.7,73.5,72.7,73.6,72.6,73.5,72.7,73.2,74.3,73.2,72.1,64.4,71.9,71.0,73.2,72.2,73.7,72.8,71.8,74.0,76.8,72.3,71.9,72.8,74.4,71.0,70.6,71.9,72.9,71.2,68.9,64.5,72.0,64.4,72.3,66.8,70.7,70.8,69.3,65.2,67.5,65.1,65.7,67.2,69.0,67.5,70.2,67.1,70.7,64.1,70.9,73.8,69.2,67.9,66.8,69.4,64.0,66.4,65.4,63.5,62.8,74.7,71.5,72.5,67.5,69.2,66.6,73.4,65.8,66.5,72.0,70.6,72.9,72.0,72.8,70.1,67.1,68.2,70.9,71.6,69.2
4683,67.2,64.5,64.7,71.1,74.1,74.5,74.8,72.5,72.0,72.7,72.0,72.7,72.0,72.4,73.5,72.7,71.5,62.9,71.3,70.4,72.4,71.7,72.9,71.9,70.9,73.1,76.1,71.6,71.4,72.1,73.6,70.4,69.7,70.9,72.3,70.6,68.5,63.6,71.0,63.2,71.2,66.1,69.7,69.6,67.9,64.1,66.2,63.4,63.3,65.6,68.1,65.7,68.9,66.4,69.5,62.3,69.7,72.7,67.5,66.7,65.2,67.9,62.2,63.8,63.5,61.6,60.8,73.7,70.6,71.9,66.3,68.2,65.2,72.2,63.8,65.2,71.4,69.9,72.2,71.1,71.6,69.0,66.0,67.3,69.9,70.8,68.4
4684,65.9,63.8,63.8,70.1,73.3,73.7,73.7,71.7,71.4,72.0,71.4,72.0,71.4,71.8,72.8,72.1,70.8,61.5,70.7,70.0,71.7,71.0,72.5,71.3,70.0,72.2,75.3,70.8,70.5,71.5,72.7,69.9,68.8,70.3,71.5,69.9,67.5,62.8,70.1,61.8,70.4,65.4,68.8,68.2,66.6,63.1,64.7,62.1,61.5,64.3,67.1,64.2,67.5,65.4,68.2,60.8,68.5,72.1,65.9,64.8,63.8,66.3,60.8,61.6,62.2,59.6,59.0,73.0,70.1,71.3,65.0,67.2,64.1,70.7,61.5,63.8,70.9,69.3,71.6,70.0,70.8,68.1,65.0,66.8,69.1,70.1,67.7
4685,65.0,63.2,63.1,69.2,72.4,73.0,73.1,71.1,70.9,71.5,70.9,71.5,70.8,71.3,72.0,71.5,70.2,60.9,70.2,69.7,71.1,70.5,71.9,70.4,69.3,71.4,74.7,70.2,69.8,71.0,72.1,69.4,68.1,69.6,70.8,69.2,66.8,61.9,69.4,60.6,69.4,65.1,68.1,66.9,65.7,62.4,63.5,61.1,60.1,63.0,66.2,63.0,66.1,64.9,67.2,60.6,67.6,71.4,64.9,64.7,63.6,64.9,60.3,59.9,60.9,58.8,57.2,72.5,69.7,70.8,63.9,66.3,63.1,69.6,60.8,62.7,70.5,68.9,71.0,69.2,70.1,67.3,63.4,66.7,68.3,69.5,67.1
4686,68.1,66.0,66.4,68.5,72.3,72.9,73.1,71.4,71.9,72.1,72.5,72.0,72.6,71.3,72.0,72.3,70.9,66.0,71.6,71.7,71.4,71.0,72.3,70.5,69.0,71.3,74.8,70.6,70.9,71.6,72.4,70.9,68.3,70.1,71.0,69.6,68.8,64.0,68.5,62.7,69.7,68.1,67.6,68.1,68.1,64.9,64.7,65.5,65.3,63.2,65.7,64.6,66.4,67.4,66.8,64.2,67.8,71.9,64.4,67.7,66.3,63.9,65.0,65.0,62.1,63.3,60.1,72.5,70.8,72.2,64.1,65.6,66.1,70.7,66.7,62.8,72.3,70.8,71.6,68.9,69.8,66.8,63.7,68.7,68.1,69.9,68.0
4687,72.9,70.3,71.2,71.2,74.6,75.0,75.5,74.3,74.6,74.6,75.5,74.5,75.6,73.7,74.7,75.0,74.3,70.2,74.7,74.7,74.5,73.9,75.4,72.9,71.4,74.3,76.7,73.6,73.7,74.4,75.0,73.7,70.8,72.5,72.7,72.2,73.0,68.6,70.9,68.4,72.1,73.2,69.9,72.0,72.1,69.8,68.6,72.2,73.0,68.2,69.7,68.3,71.0,71.2,68.8,69.1,70.8,75.0,67.3,71.5,69.0,67.0,70.0,73.0,64.7,68.8,65.8,74.8,74.2,75.1,68.3,68.6,70.9,75.7,73.4,68.6,75.3,73.8,74.4,71.4,72.4,69.0,68.6,71.3,70.4,72.3,71.0
4688,77.4,74.5,75.6,75.9,78.2,77.7,78.7,77.4,77.7,77.1,78.4,77.3,78.4,76.5,78.0,78.0,77.6,73.3,77.9,77.8,77.8,77.1,78.7,76.0,75.5,77.7,79.0,77.0,76.2,77.8,77.9,76.6,73.9,75.8,75.3,74.8,77.0,73.0,75.5,72.9,74.8,77.7,74.0,75.9,76.3,75.2,72.6,76.7,79.6,74.6,74.7,72.7,76.0,75.3,71.8,73.8,74.9,78.5,71.2,75.3,72.3,71.5,73.8,79.2,67.9,73.1,70.2,77.4,77.4,77.7,73.0,74.2,75.6,79.9,78.1,73.6,78.4,76.8,77.5,75.2,76.3,72.7,73.4,74.0,73.4,75.5,74.1
4689,81.3,78.2,79.4,80.6,81.8,80.7,81.6,80.7,80.2,79.5,81.0,80.2,81.1,78.9,81.1,80.6,80.8,76.7,80.7,80.5,80.8,79.9,81.6,79.1,79.4,81.1,81.4,80.6,78.8,80.5,80.9,79.2,77.0,78.8,77.9,77.6,80.3,76.5,79.7,76.7,77.9,81.2,78.1,79.3,80.4,79.4,76.8,80.5,84.6,80.1,78.5,77.6,80.6,79.2,75.9,77.6,79.2,81.7,75.0,78.4,76.1,76.3,77.5,83.7,71.8,76.9,74.3,79.7,80.1,80.2,77.5,78.8,80.0,83.3,82.1,78.2,81.0,79.0,80.3,79.2,80.2,76.8,76.6,76.5,76.4,78.5,77.2
4690,85.2,81.7,82.7,84.5,85.0,83.5,84.5,83.6,82.5,81.6,83.3,82.5,83.5,81.1,83.9,82.7,83.4,79.8,82.8,82.5,83.4,81.9,84.1,82.1,83.0,84.3,83.5,83.1,81.2,82.9,83.5,81.5,79.8,81.5,80.5,80.2,83.6,79.9,83.4,79.9,80.8,84.1,81.8,82.5,84.3,83.0,80.8,83.9,88.6,84.2,81.6,82.1,84.4,82.6,80.0,80.6,82.6,84.7,78.7,81.0,79.9,80.1,80.7,87.2,75.5,80.2,78.0,81.8,82.2,82.5,81.2,82.7,83.8,86.2,85.3,82.0,83.2,81.2,82.6,82.7,83.6,80.5,79.2,78.7,79.0,81.0,79.9
4691,88.4,84.5,85.3,87.7,87.6,85.9,87.0,86.3,84.3,83.6,85.1,84.4,85.4,83.1,86.2,84.5,85.6,82.8,84.3,84.1,85.6,83.8,86.2,84.5,86.1,87.0,85.3,85.4,83.1,84.6,85.7,83.4,82.2,83.8,82.7,82.2,86.0,82.8,86.2,82.9,83.7,86.5,85.0,85.7,87.7,85.8,84.1,86.7,92.2,87.5,84.1,85.8,87.8,85.1,83.1,83.0,85.3,87.5,82.1,83.0,83.2,83.3,83.6,90.0,79.1,83.1,81.9,83.8,83.9,84.4,84.1,85.8,87.2,88.8,88.1,84.6,84.9,83.0,84.6,85.9,86.3,83.8,81.8,80.4,81.4,83.2,82.1
4692,90.8,86.7,87.2,90.1,89.9,88.0,89.1,88.3,85.7,85.2,86.8,85.9,86.8,84.6,88.2,85.9,87.4,85.4,85.8,85.1,87.4,85.4,87.7,86.6,88.6,89.2,87.1,87.1,84.9,85.9,87.4,84.8,84.2,85.7,84.5,83.9,88.0,85.1,88.4,85.3,86.1,88.3,87.5,88.4,90.5,87.5,87.3,88.7,94.8,90.1,85.6,88.8,90.0,87.4,85.3,85.2,87.2,89.8,85.2,84.6,85.9,86.2,86.1,92.3,82.8,85.4,85.2,85.4,85.2,86.0,86.0,88.2,89.8,91.1,90.7,86.5,86.1,84.1,86.3,88.6,88.5,86.2,84.3,81.6,83.5,85.0,84.0
4693,93.1,87.9,88.5,92.2,91.5,89.7,90.8,89.8,86.7,86.3,87.8,86.8,88.0,85.7,89.7,87.1,88.7,87.7,86.9,86.0,89.0,86.5,89.1,88.2,90.5,90.9,88.2,88.5,86.2,87.1,88.7,85.9,85.6,87.1,86.0,85.3,89.4,86.4,89.8,86.5,88.1,89.0,89.6,90.2,92.4,88.1,89.4,90.2,96.4,91.4,86.1,91.0,91.6,89.1,87.1,86.6,88.7,91.3,87.8,86.1,87.9,88.3,88.2,94.5,86.0,87.0,87.8,86.5,86.0,87.1,87.4,90.5,91.5,92.9,92.8,87.6,86.9,85.1,87.4,90.8,90.1,88.4,86.3,82.4,85.0,86.2,85.5
4694,94.2,88.2,89.3,93.6,92.6,90.8,91.9,90.7,87.2,87.4,88.2,87.7,88.6,86.7,90.8,87.6,89.6,89.4,87.5,86.6,89.7,87.3,90.0,89.4,91.8,92.2,88.9,89.6,87.0,87.8,89.5,86.3,86.7,88.2,86.9,86.4,90.2,86.6,90.9,86.9,89.6,89.6,91.1,91.9,93.8,87.6,91.1,90.9,97.2,92.0,86.3,92.2,92.1,90.3,88.2,87.8,89.9,92.2,89.9,87.2,89.3,90.3,90.1,95.7,88.4,88.3,89.8,87.2,86.4,88.1,87.8,92.0,92.2,94.0,94.3,87.8,87.3,85.7,88.4,92.3,91.4,89.9,87.4,82.6,86.4,86.9,86.3
4695,94.7,87.7,89.4,94.5,93.1,91.5,92.4,91.3,87.5,87.8,88.4,88.0,88.8,87.0,91.3,88.0,89.8,90.5,87.6,86.7,90.3,87.8,90.2,89.9,92.6,92.7,89.3,90.0,87.3,87.9,90.2,86.5,87.2,88.7,87.4,87.0,90.6,85.8,91.2,86.6,90.3,89.0,92.0,92.3,94.2,87.1,91.5,90.6,96.9,91.8,85.5,92.0,91.9,90.6,89.2,88.5,90.7,92.8,91.4,88.0,90.0,91.8,91.3,96.3,89.9,88.9,90.7,87.8,86.4,87.9,87.2,92.7,92.0,94.9,95.0,87.7,87.3,85.8,88.7,93.0,91.9,90.8,87.9,82.3,87.0,87.4,86.8
4696,94.0,86.4,88.8,94.6,93.0,91.7,92.6,91.1,87.3,87.6,88.0,88.1,88.4,87.1,91.1,87.9,89.7,90.7,87.2,86.3,90.1,87.9,90.3,89.9,92.7,92.5,89.3,90.0,87.4,87.9,90.1,86.2,87.3,88.7,87.3,87.0,89.9,84.7,91.2,85.9,89.5,88.0,92.3,92.3,93.6,86.3,91.2,90.0,96.1,91.3,85.1,91.3,91.1,90.1,89.4,88.8,91.0,93.0,92.3,88.3,90.2,92.7,91.7,96.1,90.4,88.9,90.5,87.9,86.0,87.8,85.8,92.9,90.4,94.6,94.7,87.0,86.5,85.4,88.6,93.2,92.1,90.8,88.5,81.7,87.4,87.3,87.0
4697,91.8,84.3,87.2,93.7,92.5,91.0,91.6,90.3,86.5,87.0,86.9,87.6,87.5,86.5,90.4,87.2,89.2,90.2,86.2,85.2,89.4,87.3,89.5,89.2,91.8,91.8,88.7,89.2,87.0,87.1,89.6,85.5,86.7,88.0,87.0,86.7,88.5,82.5,90.8,84.4,88.3,86.0,91.9,91.3,91.2,84.1,89.7,88.9,94.5,90.5,84.2,89.5,89.5,88.4,89.0,88.5,90.6,92.5,92.2,87.9,89.5,92.9,91.2,95.2,89.7,88.0,88.8,87.3,85.1,87.1,83.9,92.1,88.3,93.6,94.1,86.0,85.7,84.6,87.9,92.7,91.6,90.5,88.3,80.6,86.9,86.7,86.3
4698,88.4,81.7,83.7,92.0,91.0,89.6,90.2,88.8,85.0,85.9,85.5,86.5,86.0,85.2,88.8,85.7,87.6,88.5,84.6,83.5,87.9,85.9,88.1,87.9,90.3,90.2,87.6,87.5,85.7,85.6,88.5,83.7,85.1,86.6,86.2,85.4,85.8,79.9,89.4,81.7,86.5,83.1,90.1,89.1,87.7,81.3,87.3,87.0,91.8,89.2,82.8,87.2,87.6,85.2,87.8,87.2,89.5,91.2,91.7,86.5,87.8,92.2,89.8,93.3,87.7,86.0,86.1,86.1,83.7,85.4,81.5,90.1,86.0,92.2,91.8,84.2,84.1,83.3,86.6,91.0,90.1,88.7,86.9,78.9,85.4,85.4,85.0
4699,83.3,78.3,78.5,89.1,88.8,87.1,87.6,86.1,82.2,83.3,82.6,84.3,82.8,83.3,86.0,83.2,84.6,84.6,81.8,80.4,85.4,83.1,85.6,85.0,87.3,87.3,86.0,84.7,83.2,83.2,86.0,80.4,82.7,84.3,84.3,83.0,81.4,76.2,86.8,78.3,84.1,78.4,87.4,86.3,83.5,77.4,84.4,83.4,87.3,86.9,81.3,84.1,84.5,80.2,85.6,84.5,87.5,89.1,90.2,84.0,85.0,90.2,86.5,89.6,84.2,82.6,82.1,84.1,81.2,82.5,79.1,87.2,82.3,89.8,87.5,81.7,81.1,80.5,84.1,87.9,87.3,85.8,84.5,76.7,83.1,83.0,82.6
4700,79.4,74.3,74.3,84.4,85.2,84.0,84.4,81.9,79.2,80.0,79.5,81.1,79.3,80.4,82.3,79.9,79.4,77.6,78.6,77.2,81.3,79.4,81.2,80.7,82.7,82.8,83.9,80.5,79.5,79.8,82.2,76.8,78.9,80.9,81.5,79.7,77.4,72.7,82.7,74.6,80.9,74.5,82.7,81.6,79.8,73.9,80.1,78.8,83.3,82.1,78.1,80.7,80.6,75.6,81.5,80.1,83.2,84.7,86.9,78.8,81.3,85.3,80.4,83.8,79.6,77.2,76.9,81.5,78.0,79.0,76.2,82.3,78.3,85.2,82.3,77.1,77.8,77.0,80.3,83.3,82.6,81.3,76.4,74.5,79.9,79.3,78.1
4701,76.8,71.7,72.2,80.8,82.2,81.9,82.4,79.2,77.4,78.6,77.5,78.9,77.5,78.4,80.0,78.0,76.9,73.7,76.7,75.4,78.9,77.3,78.9,78.3,79.3,80.0,82.4,78.2,77.4,77.8,79.9,75.0,76.2,78.8,79.0,76.7,75.1,70.7,79.4,72.1,79.0,72.3,78.8,78.4,77.7,71.8,77.5,75.9,80.6,77.2,75.3,78.6,77.7,73.6,78.3,76.2,79.1,81.3,82.6,75.9,77.6,79.0,74.8,80.4,76.0,73.6,73.6,79.8,76.2,77.2,74.1,78.5,75.9,81.6,79.0,74.0,76.2,75.2,78.1,79.8,79.4,77.7,71.0,73.0,77.3,77.3,75.0
4702,74.8,70.3,70.4,78.6,80.2,80.3,80.8,77.8,76.0,77.3,76.2,77.3,76.2,77.1,78.4,76.7,75.6,71.4,75.4,74.2,77.5,76.0,77.6,76.7,77.2,78.6,81.0,76.7,75.8,76.6,78.7,74.0,74.7,77.1,77.5,75.2,73.4,69.4,77.3,70.4,77.2,71.0,76.7,76.6,75.9,70.1,75.0,73.4,78.0,74.7,73.3,76.5,75.8,72.0,76.6,73.2,77.0,79.3,79.0,73.8,75.3,76.0,71.8,78.1,73.4,71.5,70.9,78.5,75.0,76.0,72.6,76.3,73.5,79.9,76.0,72.4,75.1,74.0,76.7,77.8,77.6,75.5,70.1,71.6,75.8,76.0,73.2
4703,73.3,69.0,69.0,76.7,78.7,78.9,79.2,76.7,75.0,76.2,75.2,76.0,75.2,76.1,77.2,75.6,74.8,69.6,74.3,73.3,76.2,74.8,76.6,75.7,75.7,77.4,79.9,75.4,74.5,75.6,77.4,73.1,73.5,75.5,76.3,74.1,72.1,68.0,75.8,68.7,75.9,70.0,74.8,75.3,74.3,69.0,72.4,70.9,75.2,73.1,71.8,74.6,74.2,70.6,75.1,70.3,75.5,77.6,75.9,72.2,72.8,74.2,69.3,75.5,71.4,69.6,68.8,77.4,73.9,75.0,71.1,74.2,71.5,77.8,72.9,70.8,74.1,73.0,75.7,76.2,76.3,74.1,69.4,70.6,74.3,74.7,71.9
4704,72.0,67.6,67.8,74.8,77.6,77.6,78.0,75.6,74.1,75.0,74.3,75.2,74.4,75.1,76.2,74.8,73.9,67.9,73.3,72.4,75.1,73.9,75.5,74.8,74.2,76.3,78.8,74.3,73.6,74.6,76.2,72.4,72.5,74.1,75.2,73.3,71.0,66.8,74.6,67.4,74.6,68.9,73.2,73.7,72.6,67.8,70.8,68.7,72.1,71.1,70.8,72.4,72.8,69.3,73.7,68.1,74.0,76.0,73.5,70.9,70.6,72.5,67.5,72.3,69.5,67.7,67.0,76.4,73.1,74.2,69.9,72.6,69.8,76.3,70.2,69.6,73.4,72.2,74.7,74.6,75.3,72.8,68.2,69.7,73.0,73.7,70.9
4705,70.5,66.8,66.9,73.5,76.3,76.6,76.9,74.6,73.5,74.3,73.5,74.2,73.5,74.1,75.3,74.0,73.0,65.9,72.6,71.6,74.2,73.2,74.6,73.8,73.0,75.1,77.9,73.3,72.9,73.6,75.3,71.8,71.5,73.1,74.2,72.4,70.0,65.7,73.3,66.2,73.4,67.8,72.0,72.4,71.0,66.5,69.3,66.8,68.7,69.3,70.0,70.0,71.4,68.3,72.2,66.2,72.7,75.0,71.3,69.5,68.7,70.9,66.1,69.2,67.6,65.8,64.9,75.5,72.2,73.5,68.8,70.9,68.3,74.7,67.9,68.2,72.7,71.3,73.8,73.3,74.0,71.5,67.6,68.9,71.9,72.8,70.1
4706,69.0,65.8,65.7,72.3,75.2,75.5,75.9,73.6,72.7,73.7,72.8,73.6,72.8,73.3,74.5,73.3,72.3,64.6,72.0,71.0,73.4,72.4,73.8,73.0,71.9,74.2,77.0,72.5,71.9,72.9,74.6,71.1,70.7,72.1,73.1,71.4,69.0,64.7,72.1,64.6,72.3,67.0,70.8,71.0,69.6,65.4,67.7,65.1,66.0,67.4,69.0,67.7,70.2,67.2,71.0,64.3,71.2,74.0,69.3,68.1,67.0,69.4,64.2,66.6,65.6,63.8,62.9,74.8,71.5,72.7,67.5,69.3,66.8,73.5,66.0,66.7,72.0,70.6,73.0,72.2,72.9,70.2,67.2,68.3,71.0,71.8,69.2
4707,67.4,64.8,64.7,71.1,74.3,74.6,74.9,72.6,72.1,72.8,72.1,72.8,72.1,72.5,73.7,72.8,71.5,63.1,71.3,70.4,72.6,71.8,73.1,72.1,71.0,73.3,76.2,71.8,71.3,72.3,73.8,70.5,69.8,71.0,72.4,70.8,68.4,63.8,71.0,63.4,71.3,66.2,69.8,69.9,68.1,64.3,66.4,63.4,63.6,65.8,68.1,66.0,68.9,66.5,69.7,62.5,70.0,72.8,67.8,66.8,65.5,67.9,62.4,63.8,63.6,61.9,61.0,73.9,70.7,72.0,66.3,68.3,65.4,72.3,64.0,65.3,71.5,70.0,72.4,71.2,71.8,69.1,66.2,67.5,70.0,71.0,68.5
4708,66.1,64.1,63.9,70.1,73.5,73.8,73.9,71.8,71.4,72.1,71.5,72.1,71.6,71.9,72.9,72.1,70.9,61.6,70.7,69.9,71.8,71.2,72.7,71.4,70.2,72.4,75.4,71.0,70.5,71.6,72.9,70.0,68.9,70.4,71.7,70.1,67.6,63.0,70.1,61.9,70.5,65.5,68.8,68.4,66.8,63.4,64.9,62.1,61.8,64.4,67.2,64.4,67.5,65.5,68.4,60.9,68.7,72.2,66.1,65.0,64.1,66.3,61.0,61.7,62.4,59.8,59.1,73.1,70.1,71.4,65.1,67.3,64.3,70.8,61.7,63.8,70.9,69.3,71.8,70.1,71.1,68.2,65.2,66.8,69.2,70.2,67.8
4709,65.1,63.4,63.2,69.2,72.6,73.1,73.1,71.2,70.9,71.6,71.0,71.6,71.0,71.4,72.1,71.6,70.3,61.0,70.2,69.6,71.2,70.7,72.0,70.6,69.5,71.6,74.8,70.4,69.9,71.1,72.3,69.5,68.2,69.7,70.9,69.4,66.8,62.1,69.4,60.7,69.5,65.2,68.1,67.1,65.9,62.5,63.7,61.2,60.4,63.2,66.3,63.2,66.2,64.9,67.4,60.6,67.8,71.5,65.0,64.8,63.8,64.8,60.4,60.0,61.1,58.9,57.3,72.6,69.7,71.0,63.9,66.4,63.3,69.8,60.9,62.9,70.5,68.9,71.1,69.3,70.3,67.4,63.6,66.8,68.4,69.6,67.2
4710,68.3,66.1,66.4,68.4,72.4,72.9,73.1,71.5,71.9,72.2,72.6,72.1,72.7,71.5,72.1,72.4,70.9,66.0,71.6,71.6,71.5,71.1,72.4,70.7,69.1,71.5,74.9,70.7,70.9,71.7,72.5,71.0,68.3,70.2,71.1,69.7,68.8,64.2,68.5,62.9,69.8,68.2,67.6,68.2,68.2,65.0,64.9,65.5,65.4,63.3,65.8,64.8,66.5,67.5,66.9,64.2,67.9,72.0,64.6,67.8,66.5,63.8,65.1,65.0,62.2,63.3,60.2,72.6,70.8,72.4,64.1,65.7,66.3,70.8,66.8,62.9,72.3,70.8,71.7,69.0,69.9,66.9,63.8,68.7,68.3,70.0,68.1
4711,73.2,70.7,71.4,71.2,74.8,75.1,75.5,74.4,74.7,74.7,75.6,74.6,75.7,73.8,74.9,75.1,74.4,70.3,74.7,74.6,74.6,74.1,75.5,73.1,71.7,74.5,76.7,73.7,73.8,74.5,75.0,73.8,70.9,72.6,72.8,72.3,73.1,68.8,71.0,68.6,72.2,73.4,70.0,72.2,72.4,70.0,68.8,72.1,73.0,68.3,69.6,68.4,71.1,71.4,68.9,69.0,70.9,75.1,67.5,71.6,69.2,66.9,70.1,72.9,64.8,68.9,65.9,74.9,74.2,75.3,68.2,68.7,71.1,75.8,73.4,68.8,75.2,73.8,74.5,71.5,72.5,69.1,68.8,71.3,70.5,72.4,71.0
4712,77.8,74.9,75.9,76.1,78.3,77.9,78.8,77.5,77.7,77.1,78.5,77.4,78.5,76.6,78.2,78.1,77.7,73.4,78.0,77.7,77.9,77.2,78.9,76.1,75.8,78.0,79.1,77.2,76.3,77.8,78.0,76.6,74.0,75.9,75.3,74.8,77.0,73.3,75.6,73.0,74.8,78.0,74.2,76.1,76.6,75.6,72.7,76.6,79.6,74.7,74.6,72.8,76.0,75.5,72.0,73.7,75.0,78.6,71.4,75.3,72.4,71.5,73.9,79.1,68.0,73.2,70.4,77.5,77.4,77.9,72.9,74.4,75.9,80.0,78.1,73.7,78.3,76.9,77.6,75.4,76.4,72.8,73.7,73.9,73.5,75.6,74.1
4713,81.8,78.6,79.8,80.9,82.0,81.0,81.9,80.9,80.3,79.5,81.1,80.3,81.2,79.0,81.4,80.8,80.8,76.7,80.8,80.4,81.0,80.0,81.8,79.2,79.7,81.5,81.5,80.7,79.0,80.5,81.0,79.3,77.1,79.0,78.0,77.7,80.3,76.9,79.8,76.8,77.9,81.6,78.4,79.6,80.8,79.8,76.9,80.5,84.5,80.2,78.3,77.6,80.5,79.4,76.1,77.6,79.4,81.9,75.1,78.4,76.2,76.3,77.6,83.7,71.9,76.9,74.5,79.9,80.1,80.3,77.4,79.1,80.4,83.4,82.0,78.3,81.0,79.2,80.4,79.5,80.4,76.9,76.8,76.4,76.4,78.5,77.2
4714,85.7,82.1,83.1,84.8,85.2,83.8,84.8,83.8,82.6,81.7,83.4,82.6,83.5,81.2,84.1,82.9,83.5,79.8,82.9,82.4,83.5,82.1,84.3,82.3,83.3,84.6,83.6,83.3,81.2,83.1,83.6,81.6,79.8,81.7,80.5,80.1,83.6,80.2,83.5,80.1,80.9,84.6,82.2,82.7,84.7,83.4,80.9,83.9,88.5,84.2,81.4,82.1,84.3,83.0,80.2,80.6,82.8,85.0,78.8,81.1,80.0,80.1,80.9,87.2,75.6,80.3,78.2,82.0,82.2,82.6,81.1,82.9,84.3,86.4,85.3,82.0,83.2,81.4,82.7,83.0,83.8,80.7,79.4,78.5,79.1,81.1,79.9
4715,88.9,84.9,85.7,88.1,87.8,86.2,87.4,86.4,84.5,83.7,85.2,84.5,85.5,83.2,86.5,84.7,85.6,82.8,84.4,84.0,85.7,84.0,86.4,84.7,86.5,87.4,85.4,85.6,83.2,84.8,85.8,83.6,82.2,83.9,82.8,82.2,86.1,83.1,86.4,83.0,83.8,86.9,85.4,85.9,88.1,86.2,84.3,86.7,92.2,87.5,83.8,85.9,87.6,85.6,83.4,83.0,85.5,87.7,82.1,83.0,83.3,83.4,83.7,90.0,79.2,83.1,82.1,84.0,84.0,84.5,84.0,86.0,87.7,88.9,88.1,84.6,84.8,83.2,84.7,86.2,86.6,84.1,82.0,80.3,81.5,83.3,82.1
4716,91.2,87.1,87.5,90.5,90.1,88.4,89.5,88.5,85.9,85.3,86.8,86.0,86.9,84.8,88.5,86.1,87.5,85.5,85.9,85.1,87.6,85.6,87.9,86.8,89.0,89.6,87.2,87.3,85.1,86.1,87.5,85.1,84.2,85.8,84.5,84.0,88.0,85.6,88.5,85.4,86.2,88.6,87.9,88.6,90.8,88.0,87.4,88.7,94.7,90.0,85.4,88.8,89.9,87.9,85.6,85.2,87.4,90.1,85.3,84.7,86.1,86.2,86.2,92.3,82.9,85.4,85.4,85.6,85.3,86.1,85.8,88.4,90.2,91.2,90.7,86.5,85.9,84.3,86.4,88.9,88.9,86.5,84.5,81.4,83.5,85.1,84.0
4717,93.4,88.5,88.9,92.6,91.8,90.1,91.2,90.0,86.8,86.6,87.8,87.0,88.0,85.9,90.1,87.3,88.8,87.8,87.0,86.0,89.2,86.8,89.2,88.3,90.9,91.3,88.4,88.8,86.4,87.3,89.0,86.1,85.7,87.2,86.1,85.5,89.5,86.9,89.9,86.5,88.2,89.3,90.0,90.4,92.8,88.6,89.6,90.2,96.4,91.4,85.9,91.0,91.4,89.6,87.4,86.6,89.0,91.6,88.0,86.2,88.1,88.4,88.3,94.4,86.1,87.0,88.1,86.8,86.0,87.1,87.1,90.7,92.0,93.3,92.8,87.7,86.8,85.3,87.6,91.0,90.4,88.7,86.5,82.2,85.1,86.3,85.5
4718,94.5,88.9,89.7,94.0,92.9,91.2,92.3,90.9,87.5,87.7,88.4,87.8,88.7,87.0,91.2,87.8,89.8,89.4,87.6,86.7,90.0,87.5,90.2,89.5,92.2,92.6,89.1,89.9,87.3,88.0,89.8,86.5,86.8,88.3,87.1,86.5,90.2,87.1,91.0,86.7,89.7,89.8,91.5,92.2,94.2,88.2,91.2,90.9,97.1,92.1,86.2,92.2,91.9,90.8,88.5,87.9,90.2,92.5,90.1,87.3,89.5,90.3,90.1,95.7,88.6,88.2,90.1,87.5,86.4,88.2,87.4,92.2,92.6,94.3,94.3,87.8,87.1,85.9,88.6,92.5,91.7,90.3,87.7,82.4,86.6,87.1,86.3
4719,94.9,88.3,89.7,94.8,93.4,91.9,92.8,91.6,87.7,88.0,88.5,88.1,89.0,87.3,91.7,88.3,90.1,90.5,87.7,86.8,90.6,88.0,90.5,90.1,92.9,93.1,89.5,90.3,87.6,88.2,90.5,86.7,87.4,88.8,87.5,87.1,90.5,86.4,91.4,86.5,90.2,89.4,92.3,92.8,94.6,87.7,91.6,90.6,96.9,92.1,85.5,92.1,91.8,91.0,89.4,88.5,90.9,93.0,91.5,88.0,90.1,91.9,91.3,96.3,90.0,88.9,90.9,88.1,86.4,88.1,86.9,92.9,92.3,95.2,95.0,87.8,87.1,86.1,89.0,93.3,92.3,91.1,88.1,82.2,87.2,87.7,86.9
4720,94.2,87.0,89.1,95.0,93.3,92.1,93.0,91.4,87.6,88.0,88.0,88.3,88.6,87.4,91.5,88.1,90.1,90.7,87.3,86.4,90.4,88.1,90.6,90.0,93.0,92.8,89.5,90.3,87.7,88.1,90.5,86.3,87.5,88.8,87.5,87.1,89.8,85.2,91.4,85.8,89.5,88.2,92.6,92.7,94.0,86.7,91.3,89.9,96.1,91.5,85.0,91.4,90.8,90.5,89.6,88.8,91.2,93.2,92.5,88.3,90.2,92.7,91.7,96.1,90.5,89.0,90.7,88.2,86.0,88.0,85.4,93.1,90.9,94.9,94.7,87.1,86.6,85.6,88.9,93.5,92.4,91.1,88.7,81.5,87.7,87.5,87.1
4721,92.1,84.9,87.5,94.0,92.8,91.4,92.0,90.6,86.7,87.3,87.1,87.8,87.7,86.7,90.7,87.4,89.5,90.2,86.3,85.4,89.8,87.6,89.8,89.4,92.1,92.1,89.0,89.5,87.2,87.4,89.9,85.6,86.8,88.2,87.2,86.8,88.4,83.0,90.9,84.3,88.3,86.1,92.1,91.6,91.6,84.6,89.8,88.7,94.4,90.7,84.1,89.6,89.2,88.6,89.1,88.6,90.8,92.7,92.5,87.9,89.6,92.9,91.2,95.2,89.9,88.0,89.0,87.6,85.2,87.3,83.6,92.4,88.8,94.0,94.1,85.9,85.7,84.8,88.2,92.9,91.8,90.8,88.5,80.5,87.0,86.9,86.4
4722,88.8,82.3,84.0,92.2,91.2,89.9,90.5,89.1,85.2,86.2,85.5,86.6,86.1,85.5,89.1,85.9,87.9,88.4,84.6,83.7,88.3,86.2,88.5,88.1,90.4,90.5,87.9,87.8,85.9,85.8,88.8,83.9,85.3,86.8,86.4,85.6,85.8,80.4,89.5,81.5,86.5,83.2,90.3,89.5,88.1,81.7,87.4,86.8,91.7,89.2,82.7,87.3,87.2,85.4,87.9,87.2,89.8,91.3,91.9,86.5,87.9,92.2,89.9,93.4,87.8,85.9,86.2,86.5,83.8,85.6,81.3,90.5,86.5,92.5,91.8,84.2,84.2,83.4,86.9,91.3,90.2,88.9,87.0,78.8,85.6,85.6,85.1
4723,83.7,78.7,78.9,89.2,89.0,87.4,87.9,86.3,82.3,83.6,82.7,84.4,83.0,83.5,86.3,83.4,84.9,84.5,81.9,80.6,85.6,83.3,85.8,85.1,87.4,87.5,86.3,84.9,83.3,83.4,86.3,80.6,82.8,84.4,84.4,83.1,81.4,76.6,87.0,78.1,84.1,78.5,87.5,86.6,83.7,77.7,84.5,83.3,87.2,86.9,81.1,84.3,84.2,80.4,85.8,84.5,87.7,89.3,90.4,83.9,85.0,90.2,86.4,89.6,84.3,82.4,82.1,84.4,81.3,82.6,78.9,87.5,82.8,90.0,87.6,81.8,81.1,80.6,84.4,88.2,87.4,86.0,84.5,76.7,83.2,83.1,82.6
4724,79.7,74.8,74.6,84.6,85.4,84.3,84.6,82.1,79.3,80.3,79.6,81.2,79.4,80.6,82.5,80.1,79.6,77.6,78.7,77.2,81.5,79.5,81.5,80.8,82.8,82.9,84.1,80.7,79.6,79.9,82.4,76.8,79.0,81.0,81.6,79.9,77.4,73.1,82.8,74.5,80.9,74.6,82.8,82.0,79.9,74.3,80.1,78.7,83.2,82.2,77.9,80.9,80.4,75.8,81.8,80.1,83.4,84.9,86.9,78.7,81.3,85.4,80.3,83.9,79.7,77.0,77.0,81.8,78.1,79.1,76.0,82.6,78.8,85.3,82.2,77.2,77.8,77.0,80.5,83.5,82.6,81.5,76.4,74.5,80.0,79.5,78.1
4725,77.0,72.2,72.6,81.0,82.4,82.1,82.6,79.4,77.5,78.9,77.5,79.0,77.6,78.6,80.1,78.1,77.1,73.7,76.7,75.5,79.2,77.5,79.1,78.4,79.4,80.2,82.6,78.4,77.5,77.9,80.2,75.1,76.3,78.8,79.1,76.9,75.1,71.1,79.5,72.1,79.1,72.5,78.9,78.8,77.9,72.1,77.6,75.8,80.7,77.3,75.3,78.7,77.6,73.9,78.5,76.0,79.2,81.5,82.7,75.9,77.7,79.1,74.8,80.5,76.1,73.5,73.7,80.1,76.3,77.2,74.0,78.6,76.3,81.7,79.0,74.2,76.1,75.3,78.3,79.9,79.5,77.9,71.3,73.0,77.4,77.5,75.1
4726,75.0,70.7,70.8,78.8,80.4,80.5,81.0,77.9,76.0,77.5,76.2,77.4,76.3,77.3,78.6,76.8,75.8,71.4,75.4,74.2,77.6,76.1,77.7,76.8,77.4,78.7,81.2,76.9,76.0,76.7,78.9,74.2,74.8,77.1,77.6,75.3,73.5,69.8,77.5,70.4,77.2,71.0,76.8,76.8,76.1,70.3,75.2,73.3,78.1,74.8,73.3,76.6,75.8,72.3,76.8,73.0,77.2,79.6,79.1,73.7,75.4,76.2,71.8,78.0,73.5,71.5,71.0,78.7,75.0,76.1,72.5,76.4,73.8,80.1,76.0,72.6,75.0,74.1,76.9,77.9,77.7,75.8,70.4,71.6,75.9,76.2,73.2
4727,73.5,69.4,69.2,76.9,78.9,79.1,79.3,76.8,75.0,76.5,75.2,76.1,75.3,76.2,77.4,75.7,74.9,69.6,74.3,73.2,76.4,74.9,76.7,75.8,75.8,77.5,80.0,75.6,74.6,75.7,77.6,73.2,73.6,75.5,76.4,74.2,72.1,68.4,76.0,68.8,76.0,70.0,74.9,75.6,74.6,69.2,72.7,70.9,75.3,73.3,71.8,74.8,74.2,70.9,75.3,70.2,75.7,77.9,76.1,72.2,72.9,74.4,69.2,75.5,71.5,69.6,68.8,77.6,73.9,75.0,71.1,74.3,71.8,78.0,72.9,71.0,74.0,73.0,75.9,76.2,76.5,74.4,69.7,70.6,74.5,74.9,71.9
4728,72.2,68.1,68.1,75.0,77.8,77.8,78.1,75.8,74.2,75.2,74.3,75.3,74.4,75.2,76.3,74.9,74.0,67.9,73.3,72.4,75.3,74.0,75.6,74.9,74.4,76.4,78.9,74.4,73.7,74.7,76.4,72.5,72.6,74.1,75.3,73.4,70.9,67.2,74.7,67.5,74.8,68.9,73.4,74.1,72.9,68.0,71.1,68.7,72.3,71.3,70.9,72.6,72.9,69.5,73.9,68.1,74.2,76.3,73.7,70.9,70.7,72.7,67.6,72.4,69.7,67.6,67.0,76.6,73.0,74.3,69.8,72.7,70.2,76.6,70.2,69.7,73.2,72.3,74.9,74.7,75.5,73.1,68.5,69.8,73.2,73.8,70.9
4729,70.7,67.2,67.2,73.7,76.5,76.7,77.0,74.8,73.5,74.5,73.4,74.3,73.6,74.2,75.5,74.1,73.1,66.0,72.6,71.5,74.3,73.3,74.7,73.9,73.2,75.2,78.0,73.5,72.9,73.7,75.5,71.9,71.7,73.2,74.3,72.4,70.0,66.1,73.4,66.3,73.6,67.9,72.1,72.7,71.3,66.7,69.6,66.8,68.9,69.4,70.1,70.1,71.5,68.4,72.4,66.1,72.9,75.2,71.5,69.5,68.8,71.1,66.2,69.2,67.7,65.7,65.0,75.7,72.1,73.6,68.7,71.0,68.6,75.0,68.1,68.2,72.5,71.3,73.9,73.5,74.3,71.7,68.0,69.0,72.1,72.9,70.1
4730,69.2,66.2,66.0,72.5,75.5,75.6,76.0,73.8,72.8,73.8,72.8,73.6,72.7,73.4,74.7,73.4,72.4,64.5,71.9,70.8,73.6,72.4,73.8,73.1,72.0,74.3,77.1,72.6,71.9,72.9,74.8,71.1,70.8,72.3,73.2,71.6,68.9,65.1,72.2,64.8,72.5,67.0,70.9,71.3,69.9,65.6,68.1,65.1,66.1,67.7,69.1,68.0,70.3,67.3,71.2,64.2,71.4,74.2,69.6,68.1,67.2,69.5,64.2,66.7,65.7,63.7,62.9,74.9,71.5,72.8,67.4,69.4,67.1,73.7,66.1,66.8,71.9,70.6,73.1,72.3,73.1,70.4,67.4,68.4,71.2,71.9,69.2
4731,67.7,65.3,65.0,71.3,74.6,74.8,75.0,72.8,72.1,72.9,72.1,72.8,72.1,72.6,73.9,72.9,71.7,63.1,71.3,70.2,72.8,71.8,73.1,72.3,71.1,73.4,76.3,72.0,71.4,72.2,73.9,70.5,69.9,71.2,72.6,70.8,68.4,64.2,71.1,63.5,71.5,66.3,69.9,70.3,68.4,64.6,66.8,63.4,63.7,66.1,68.3,66.2,69.0,66.6,69.9,62.5,70.2,73.1,68.1,66.7,65.6,68.1,62.4,64.0,63.7,61.8,61.0,74.0,70.6,72.0,66.3,68.4,65.7,72.6,64.1,65.4,71.3,69.9,72.4,71.4,72.0,69.4,66.6,67.6,70.2,71.1,68.6
4732,66.3,64.5,64.2,70.3,73.7,73.9,74.0,72.0,71.4,72.2,71.4,72.1,71.5,72.0,73.2,72.2,71.0,61.5,70.6,69.8,72.0,71.2,72.7,71.6,70.3,72.6,75.5,71.2,70.6,71.6,73.1,70.0,69.1,70.6,71.8,70.2,67.6,63.4,70.3,62.1,70.6,65.6,68.9,68.7,67.2,63.7,65.3,62.1,62.0,64.8,67.3,64.7,67.8,65.7,68.6,60.9,68.9,72.4,66.3,65.0,64.2,66.5,61.1,61.9,62.5,59.8,59.0,73.2,70.1,71.4,65.1,67.4,64.6,71.1,61.9,64.0,70.8,69.3,71.9,70.2,71.2,68.4,65.5,67.0,69.4,70.3,67.9
4733,65.4,63.8,63.4,69.3,72.8,73.2,73.3,71.4,71.0,71.6,70.9,71.7,70.9,71.4,72.3,71.6,70.3,60.9,70.1,69.4,71.4,70.6,72.0,70.7,69.6,71.7,74.9,70.7,70.0,71.1,72.4,69.5,68.4,69.9,71.1,69.6,66.8,62.5,69.4,60.9,69.7,65.2,68.2,67.5,66.2,62.9,64.1,61.3,60.5,63.6,66.5,63.4,66.5,65.0,67.6,60.6,68.1,71.7,65.2,64.8,63.8,65.0,60.4,60.2,61.2,58.9,57.4,72.7,69.6,70.9,64.0,66.6,63.6,70.0,61.1,63.0,70.3,68.8,71.2,69.4,70.4,67.6,63.8,67.0,68.5,69.7,67.2
4734,68.5,66.5,66.6,68.5,72.6,73.1,73.2,71.7,71.9,72.3,72.5,72.1,72.6,71.6,72.3,72.4,71.0,65.9,71.4,71.5,71.7,71.1,72.4,70.8,69.2,71.6,75.0,70.9,71.0,71.7,72.7,70.9,68.5,70.2,71.2,69.8,68.8,64.4,68.5,63.1,70.0,68.1,67.6,68.5,68.4,65.3,65.2,65.5,65.5,63.6,66.0,65.0,66.7,67.6,67.1,64.1,68.1,72.1,64.7,67.7,66.5,64.0,65.0,65.1,62.2,63.1,60.1,72.8,70.7,72.4,64.1,65.7,66.5,70.9,66.9,62.9,72.1,70.8,71.7,69.1,70.0,67.1,64.0,68.8,68.4,70.1,68.1
4735,73.4,71.0,71.6,71.2,75.0,75.3,75.7,74.6,74.7,74.8,75.6,74.5,75.7,73.8,75.0,75.1,74.5,70.2,74.6,74.5,74.8,74.1,75.7,73.2,71.8,74.7,76.8,73.9,73.8,74.6,75.2,73.8,71.0,72.8,72.9,72.4,73.1,69.1,71.0,68.7,72.2,73.4,70.0,72.4,72.6,70.3,69.0,72.1,73.1,68.5,69.6,68.5,71.1,71.6,69.1,68.9,71.0,75.2,67.5,71.5,69.2,67.0,70.0,73.0,64.8,68.8,65.9,75.0,74.1,75.3,68.2,68.8,71.3,75.9,73.5,68.7,75.1,73.8,74.6,71.6,72.7,69.3,68.9,71.3,70.5,72.5,71.1
4736,78.1,75.3,76.2,76.2,78.6,78.1,79.1,77.8,77.8,77.3,78.5,77.4,78.5,76.7,78.4,78.1,77.9,73.3,77.9,77.6,78.1,77.3,79.1,76.3,75.9,78.2,79.2,77.4,76.4,77.9,78.1,76.7,74.1,76.1,75.5,75.0,77.0,73.6,75.6,73.1,74.9,78.0,74.3,76.3,76.8,75.8,72.9,76.6,79.7,74.8,74.4,72.9,75.8,75.7,72.2,73.7,75.1,78.6,71.4,75.2,72.4,71.5,73.8,79.2,68.0,73.1,70.4,77.6,77.5,77.9,72.8,74.5,76.1,80.2,78.2,73.6,78.3,76.9,77.7,75.5,76.7,72.9,73.7,73.9,73.6,75.7,74.2
4737,82.1,79.1,80.1,81.0,82.2,81.3,82.2,81.1,80.4,79.7,81.2,80.4,81.2,79.2,81.7,80.9,81.0,76.7,80.8,80.4,81.2,80.1,82.1,79.4,79.9,81.7,81.6,80.9,79.1,80.7,81.2,79.3,77.2,79.1,78.1,77.9,80.4,77.3,79.9,76.8,77.9,81.6,78.6,79.8,81.0,80.0,77.0,80.5,84.6,80.2,78.1,77.7,80.2,79.8,76.3,77.5,79.4,82.0,75.1,78.3,76.1,76.4,77.5,83.8,71.9,76.8,74.4,80.0,80.2,80.4,77.2,79.2,80.6,83.6,82.1,78.3,81.0,79.3,80.5,79.7,80.7,77.1,76.8,76.4,76.5,78.7,77.3
4738,86.0,82.6,83.5,85.0,85.5,84.1,85.2,84.1,82.7,81.8,83.4,82.7,83.5,81.4,84.5,82.9,83.6,79.7,82.9,82.4,83.7,82.3,84.5,82.5,83.7,84.9,83.7,83.6,81.3,83.3,83.8,81.7,79.9,81.8,80.6,80.2,83.6,80.7,83.5,80.2,80.9,84.5,82.5,82.9,85.0,83.6,81.0,83.8,88.5,84.1,81.2,82.2,84.1,83.3,80.3,80.6,82.8,85.1,78.7,81.0,79.9,80.1,80.8,87.3,75.6,80.1,78.2,82.1,82.3,82.6,81.0,83.0,84.6,86.5,85.4,82.0,83.2,81.4,82.9,83.3,84.1,81.0,79.4,78.5,79.2,81.2,80.0
4739,89.2,85.4,86.1,88.2,88.1,86.5,87.7,86.7,84.6,83.8,85.2,84.6,85.5,83.4,86.8,84.8,85.8,82.8,84.4,84.1,85.9,84.1,86.7,84.9,86.9,87.8,85.5,85.9,83.3,85.0,86.0,83.6,82.3,84.0,82.8,82.3,86.1,83.6,86.4,83.1,83.9,86.8,85.7,86.0,88.4,86.3,84.4,86.7,92.2,87.4,83.6,86.0,87.4,85.9,83.5,83.0,85.6,87.8,82.1,82.8,83.3,83.4,83.6,90.1,79.2,82.9,82.1,84.2,84.1,84.4,83.9,86.1,88.0,89.0,88.2,84.5,84.8,83.2,84.8,86.5,87.0,84.3,81.9,80.2,81.6,83.4,82.1
4740,91.6,87.6,87.9,90.7,90.4,88.7,89.9,88.7,86.0,85.5,86.8,86.1,86.9,85.0,88.9,86.2,87.7,85.4,85.9,85.1,87.9,85.7,88.2,87.0,89.4,90.0,87.3,87.6,85.2,86.3,87.8,85.1,84.3,85.9,84.6,84.1,88.0,85.9,88.5,85.3,86.2,88.6,88.3,88.7,91.1,88.2,87.5,88.7,94.8,90.0,85.1,89.0,89.6,88.2,85.7,85.1,87.5,90.1,85.2,84.5,86.0,86.2,86.1,92.3,83.0,85.3,85.4,85.8,85.4,86.0,85.8,88.6,90.6,91.3,90.8,86.4,86.0,84.3,86.6,89.2,89.3,86.8,84.4,81.4,83.6,85.1,84.0
4741,93.8,88.9,89.4,92.8,92.1,90.4,91.5,90.2,86.9,86.7,87.8,87.1,88.0,86.1,90.4,87.4,89.1,87.7,87.0,85.9,89.4,86.9,89.6,88.6,91.3,91.7,88.5,89.1,86.3,87.6,89.3,86.2,85.8,87.3,86.2,85.5,89.4,87.2,90.0,86.4,88.2,89.4,90.3,90.6,93.0,88.9,89.7,90.2,96.4,91.4,85.6,91.1,91.1,89.9,87.4,86.5,89.0,91.6,88.0,86.0,88.0,88.4,88.1,94.5,86.3,86.9,88.1,87.0,86.1,87.1,87.1,90.8,92.3,93.3,92.9,87.7,86.9,85.3,87.8,91.4,90.9,89.0,86.4,82.1,85.2,86.3,85.4
4742,94.9,89.1,90.2,94.1,93.2,91.6,92.5,91.1,87.5,87.8,88.4,87.9,88.8,87.2,91.5,87.9,90.1,89.3,87.5,86.5,90.2,87.7,90.6,89.7,92.5,92.9,89.3,90.2,87.3,88.3,90.1,86.6,86.9,88.4,87.1,86.5,90.2,87.3,91.0,86.6,89.6,89.9,91.8,92.3,94.5,88.4,91.3,91.0,97.2,92.1,85.8,92.3,91.5,91.1,88.5,87.7,90.2,92.5,90.0,87.1,89.4,90.4,89.9,95.7,88.8,88.1,90.2,87.7,86.5,88.2,87.4,92.3,92.8,94.5,94.4,87.8,87.1,85.9,88.9,92.9,92.1,90.6,87.6,82.2,86.7,87.1,86.3
4743,95.3,88.6,90.2,95.0,93.9,92.2,93.1,91.8,87.9,88.2,88.4,88.3,88.9,87.5,92.0,88.4,90.3,90.4,87.6,86.6,90.8,88.2,90.8,90.3,93.1,93.4,89.8,90.6,87.7,88.5,90.7,86.8,87.5,88.9,87.5,87.1,90.5,86.6,91.5,86.4,90.2,89.4,92.6,92.9,94.8,87.8,91.7,90.7,96.9,92.0,85.1,92.3,91.6,91.3,89.4,88.3,90.9,93.1,91.5,87.9,90.0,91.9,91.1,96.4,90.2,88.8,91.1,88.3,86.6,88.1,86.7,93.1,92.6,95.4,95.1,87.6,87.1,86.0,89.2,93.7,92.6,91.5,88.1,82.1,87.4,87.6,86.8
4744,94.6,87.2,89.5,95.1,93.7,92.4,93.3,91.7,87.7,88.1,88.1,88.4,88.6,87.6,91.8,88.2,90.3,90.6,87.3,86.2,90.7,88.4,91.0,90.2,93.2,93.1,89.7,90.6,87.7,88.3,90.7,86.4,87.5,89.0,87.5,87.2,89.8,85.3,91.4,85.8,89.4,88.3,92.9,92.8,94.2,86.7,91.3,90.1,96.1,91.4,84.6,91.6,90.7,90.8,89.7,88.7,91.3,93.3,92.5,88.2,90.1,92.7,91.5,96.2,90.8,88.9,90.9,88.5,86.3,88.0,85.1,93.2,91.1,95.0,94.9,86.8,86.6,85.5,89.1,93.9,92.8,91.4,88.7,81.4,87.7,87.5,87.0
4745,92.3,85.1,87.8,94.0,93.2,91.6,92.3,90.8,86.8,87.5,87.1,87.9,87.7,86.9,91.0,87.6,89.6,90.1,86.3,85.3,90.0,87.8,90.1,89.6,92.3,92.4,89.2,89.9,87.2,87.6,90.1,85.7,86.9,88.3,87.2,86.8,88.4,83.1,90.9,84.2,88.2,86.0,92.4,91.7,91.9,84.5,89.7,88.7,94.4,90.4,83.7,89.8,89.0,88.8,89.2,88.5,91.0,92.7,92.5,87.8,89.4,93.0,91.1,95.3,90.2,88.0,89.4,87.8,85.4,87.3,83.2,92.6,88.8,94.1,94.2,85.7,85.7,84.7,88.4,93.3,92.1,91.1,88.4,80.4,87.1,86.9,86.4
4746,89.0,82.4,84.3,92.4,91.5,90.2,90.8,89.2,85.2,86.3,85.5,86.7,86.2,85.7,89.4,86.0,88.0,88.3,84.6,83.6,88.4,86.3,88.7,88.3,90.7,90.7,88.1,88.0,85.9,86.1,88.9,84.0,85.3,87.0,86.3,85.5,85.8,80.4,89.5,81.4,86.4,83.2,90.6,89.7,88.2,81.7,87.3,86.8,91.7,89.0,82.4,87.5,86.8,85.6,88.1,87.1,89.9,91.4,91.8,86.4,87.9,92.2,89.7,93.5,88.0,86.0,86.6,86.7,84.0,85.5,81.0,90.7,86.5,92.7,91.8,84.0,84.1,83.3,87.0,91.6,90.5,89.2,87.0,78.7,85.7,85.5,85.0
4747,83.9,78.9,79.2,89.4,89.2,87.6,88.1,86.4,82.3,83.6,82.6,84.4,83.0,83.6,86.5,83.4,84.9,84.4,81.8,80.4,85.8,83.4,86.0,85.2,87.7,87.7,86.4,85.1,83.3,83.6,86.4,80.6,82.8,84.5,84.4,83.0,81.4,76.5,87.0,77.9,84.1,78.5,87.7,86.8,83.8,77.7,84.4,83.2,87.2,86.6,80.9,84.4,83.9,80.5,85.9,84.3,87.8,89.3,90.3,83.8,85.0,90.3,86.1,89.7,84.5,82.4,82.5,84.5,81.5,82.6,78.7,87.6,82.8,90.1,87.6,81.6,81.1,80.5,84.5,88.4,87.6,86.2,84.6,76.5,83.4,83.0,82.6
4748,79.9,74.9,74.8,84.8,85.5,84.5,84.8,82.2,79.3,80.3,79.5,81.2,79.3,80.7,82.7,80.0,79.7,77.4,78.7,77.1,81.6,79.5,81.4,80.9,83.1,83.1,84.2,80.9,79.6,80.0,82.5,76.8,79.0,81.0,81.5,79.7,77.4,73.2,82.8,74.4,81.0,74.6,82.9,82.2,80.1,74.4,80.1,78.6,83.2,82.1,77.7,81.0,80.1,75.9,81.9,79.9,83.4,84.9,86.9,78.6,81.3,85.3,79.9,84.0,79.9,76.9,77.2,81.8,78.1,79.1,75.8,82.6,78.8,85.5,82.3,77.0,77.7,76.9,80.6,83.7,82.9,81.7,76.4,74.3,80.1,79.4,78.1
4749,77.2,72.4,72.8,81.0,82.6,82.2,82.7,79.5,77.5,78.9,77.5,79.0,77.5,78.7,80.3,78.1,77.1,73.4,76.7,75.3,79.2,77.5,79.1,78.5,79.7,80.4,82.7,78.5,77.5,78.0,80.2,75.0,76.4,78.9,79.1,77.0,75.1,71.3,79.6,72.0,79.0,72.4,79.1,79.1,78.0,72.1,77.7,75.7,80.7,77.3,75.1,78.9,77.5,74.0,78.6,75.9,79.3,81.7,82.7,75.7,77.5,79.1,74.4,80.7,76.3,73.2,74.0,80.1,76.3,77.2,73.9,78.7,76.4,81.9,79.2,74.1,76.0,75.2,78.4,80.1,79.7,78.1,71.2,72.9,77.5,77.4,75.1
4750,75.3,70.8,71.1,78.9,80.6,80.6,81.0,78.0,76.0,77.5,76.2,77.3,76.3,77.4,78.7,76.8,75.8,71.1,75.3,74.1,77.7,76.0,77.7,77.0,77.6,78.8,81.3,76.9,76.0,76.7,78.9,74.1,74.8,77.2,77.6,75.2,73.5,69.9,77.5,70.4,77.2,71.0,76.9,77.1,76.3,70.5,75.2,73.4,78.1,74.8,73.2,76.8,75.7,72.4,76.9,72.8,77.2,79.6,79.1,73.5,75.3,76.3,71.4,78.2,73.6,71.2,71.3,78.8,75.0,76.0,72.4,76.5,74.0,80.3,76.2,72.5,74.9,73.9,77.0,78.1,78.0,76.1,70.5,71.5,75.9,76.1,73.2
4751,73.8,69.5,69.5,77.0,79.1,79.1,79.4,77.0,75.0,76.4,75.1,76.1,75.3,76.3,77.4,75.6,74.9,69.3,74.3,73.1,76.4,74.8,76.7,75.9,76.0,77.6,80.1,75.6,74.7,75.7,77.6,73.1,73.6,75.6,76.4,74.2,72.1,68.5,76.0,68.9,76.1,70.0,75.0,75.9,74.7,69.3,72.8,70.9,75.3,73.4,71.7,74.9,74.1,71.0,75.4,70.0,75.8,78.0,76.2,72.0,72.8,74.5,68.8,75.7,71.7,69.3,69.2,77.7,73.9,75.0,71.0,74.3,71.9,78.2,73.2,71.0,73.9,73.0,76.0,76.4,76.7,74.6,69.7,70.6,74.6,74.8,71.9
4752,72.4,68.1,68.4,75.1,78.0,77.8,78.2,75.9,74.1,75.3,74.2,75.3,74.4,75.2,76.4,74.7,74.1,67.7,73.2,72.3,75.3,74.0,75.5,75.1,74.5,76.5,79.0,74.5,73.8,74.6,76.5,72.5,72.7,74.2,75.3,73.3,70.9,67.3,74.7,67.7,74.7,68.9,73.5,74.4,73.1,68.1,71.3,68.8,72.2,71.3,70.8,72.8,72.9,69.7,74.0,67.7,74.2,76.4,73.7,70.8,70.5,72.8,67.2,72.7,69.9,67.3,67.3,76.7,72.9,74.2,69.8,72.7,70.3,76.8,70.4,69.8,73.1,72.1,74.9,75.0,75.7,73.3,68.5,69.7,73.3,73.8,71.0
4753,70.9,67.4,67.3,73.7,76.7,76.8,77.1,75.0,73.4,74.5,73.3,74.3,73.5,74.2,75.5,74.0,73.2,65.7,72.6,71.4,74.3,73.2,74.6,74.1,73.3,75.4,78.0,73.5,72.9,73.6,75.5,71.8,71.8,73.2,74.3,72.5,69.9,66.2,73.4,66.4,73.6,67.9,72.2,73.0,71.5,66.8,69.7,66.7,68.9,69.5,70.1,70.3,71.5,68.6,72.4,65.8,72.9,75.2,71.6,69.4,68.6,71.1,65.7,69.7,67.8,65.5,65.2,75.7,72.0,73.6,68.6,71.0,68.8,75.2,68.4,68.3,72.4,71.1,74.0,73.8,74.5,71.9,68.0,69.0,72.2,72.9,70.2
4754,69.4,66.3,66.3,72.6,75.7,75.7,76.1,74.0,72.7,73.9,72.7,73.6,72.7,73.4,74.7,73.3,72.4,64.1,71.9,70.6,73.6,72.4,73.8,73.2,72.2,74.5,77.2,72.7,72.0,72.9,74.8,71.1,70.9,72.2,73.3,71.6,68.9,65.3,72.2,64.9,72.6,67.0,71.1,71.6,70.1,65.8,68.3,65.1,66.1,67.9,69.1,68.1,70.4,67.5,71.3,63.9,71.5,74.3,69.6,67.9,67.0,69.6,63.9,67.1,65.9,63.6,63.1,74.9,71.4,72.8,67.4,69.5,67.3,74.0,66.4,66.7,71.8,70.4,73.2,72.6,73.3,70.6,67.5,68.4,71.3,71.9,69.4
4755,67.8,65.4,65.2,71.4,74.8,74.8,75.1,72.9,72.0,73.0,72.0,72.8,72.1,72.7,74.0,72.8,71.7,62.6,71.2,70.0,72.8,71.7,73.0,72.4,71.3,73.5,76.4,72.0,71.4,72.2,74.0,70.4,70.0,71.3,72.7,70.9,68.4,64.3,71.1,63.6,71.5,66.3,70.1,70.5,68.5,64.7,67.0,63.4,63.7,66.4,68.3,66.4,69.1,66.8,70.0,62.1,70.3,73.2,68.1,66.5,65.4,68.2,62.1,64.3,63.9,61.7,61.2,74.0,70.6,72.0,66.3,68.5,65.9,72.9,64.4,65.5,71.2,69.7,72.5,71.6,72.2,69.5,66.6,67.6,70.3,71.1,68.8
4756,66.5,64.7,64.4,70.3,73.9,74.0,74.1,72.2,71.4,72.3,71.4,72.1,71.5,72.0,73.3,72.2,71.0,61.1,70.6,69.6,72.0,71.1,72.6,71.7,70.5,72.7,75.6,71.3,70.6,71.5,73.1,69.9,69.2,70.7,72.0,70.3,67.6,63.5,70.2,62.2,70.6,65.6,69.0,69.0,67.4,63.8,65.5,62.1,62.0,65.0,67.3,64.9,67.9,65.8,68.7,60.5,69.0,72.6,66.3,64.7,64.0,66.5,60.7,62.3,62.6,59.5,59.2,73.3,70.0,71.4,65.2,67.6,64.8,71.5,62.1,64.1,70.7,69.1,71.9,70.4,71.4,68.5,65.6,67.1,69.5,70.4,68.1
4757,65.4,63.9,63.6,69.4,73.0,73.3,73.3,71.5,70.9,71.6,70.9,71.6,70.9,71.4,72.3,71.5,70.4,60.4,70.0,69.2,71.4,70.6,71.9,70.9,69.7,71.9,75.0,70.7,70.0,71.1,72.5,69.4,68.5,70.0,71.2,69.7,66.9,62.6,69.4,61.1,69.7,65.1,68.3,67.7,66.5,63.0,64.4,61.3,60.5,63.8,66.5,63.7,66.6,65.1,67.7,60.2,68.2,71.8,65.2,64.5,63.5,65.1,60.0,60.5,61.3,58.5,57.5,72.7,69.5,71.0,64.1,66.7,63.8,70.4,61.3,63.2,70.2,68.7,71.3,69.6,70.6,67.7,64.0,67.0,68.6,69.7,67.5
4758,68.6,66.6,66.7,68.6,72.8,73.1,73.3,71.7,71.8,72.3,72.5,72.1,72.5,71.6,72.3,72.3,71.0,65.6,71.4,71.2,71.6,71.1,72.4,70.9,69.3,71.7,75.1,70.9,71.0,71.6,72.7,70.7,68.6,70.3,71.3,69.9,68.8,64.6,68.5,63.1,70.0,68.0,67.7,68.7,68.6,65.4,65.4,65.5,65.5,63.7,66.0,65.1,66.7,67.7,67.3,63.8,68.1,72.2,64.7,67.5,66.3,64.0,64.6,65.2,62.3,62.9,60.2,72.8,70.6,72.4,64.2,65.9,66.6,71.1,67.0,63.1,71.9,70.6,71.7,69.2,70.2,67.2,64.1,68.8,68.5,70.0,68.3
4759,73.6,71.2,71.7,71.3,75.1,75.3,75.7,74.6,74.6,74.8,75.5,74.5,75.6,73.8,75.1,75.0,74.5,70.1,74.6,74.3,74.7,74.0,75.6,73.3,72.0,74.7,76.8,73.9,73.8,74.5,75.2,73.7,71.1,72.7,72.9,72.4,73.0,69.3,70.9,68.7,72.3,73.4,70.1,72.5,72.8,70.4,69.2,72.1,73.1,68.5,69.5,68.7,71.1,71.7,69.1,68.7,71.1,75.2,67.6,71.4,69.0,66.9,69.8,73.1,64.8,68.6,66.0,75.0,74.0,75.3,68.2,68.8,71.4,76.0,73.6,68.6,75.0,73.6,74.6,71.6,72.8,69.3,68.9,71.3,70.6,72.4,71.2
4760,78.3,75.4,76.3,76.2,78.7,78.2,79.2,77.8,77.7,77.3,78.5,77.4,78.5,76.7,78.5,78.1,77.9,73.2,77.9,77.5,78.1,77.2,79.1,76.3,76.1,78.3,79.2,77.5,76.4,77.8,78.2,76.6,74.1,76.0,75.5,75.1,77.0,73.7,75.6,73.1,74.9,78.0,74.4,76.3,77.0,75.9,72.9,76.6,79.7,74.8,74.3,73.0,75.8,75.8,72.3,73.6,75.2,78.6,71.5,75.2,72.3,71.4,73.7,79.3,68.2,73.0,70.5,77.6,77.4,77.9,72.8,74.5,76.3,80.2,78.4,73.6,78.1,76.8,77.7,75.6,76.7,72.9,73.9,73.9,73.6,75.7,74.3
4761,82.4,79.2,80.3,81.0,82.3,81.4,82.4,81.2,80.3,79.8,81.2,80.4,81.1,79.2,81.9,80.9,81.1,76.7,80.8,80.3,81.2,80.1,82.2,79.4,80.1,81.9,81.7,81.0,79.2,80.7,81.2,79.3,77.2,79.1,78.1,77.9,80.4,77.3,79.9,76.7,77.9,81.6,78.7,79.7,81.2,80.1,77.0,80.4,84.6,80.2,78.0,77.8,80.2,79.8,76.4,77.5,79.4,81.9,75.2,78.3,76.1,76.4,77.5,83.9,72.0,76.7,74.6,80.0,80.2,80.3,77.2,79.2,80.9,83.6,82.2,78.2,80.9,79.2,80.6,79.6,80.8,77.1,77.1,76.3,76.6,78.7,77.4
4762,86.2,82.7,83.6,85.1,85.5,84.2,85.4,84.2,82.7,81.9,83.3,82.7,83.5,81.5,84.6,82.9,83.8,79.8,82.8,82.3,83.8,82.4,84.7,82.5,83.8,85.0,83.8,83.7,81.3,83.3,83.9,81.7,80.0,81.8,80.7,80.4,83.8,80.7,83.6,80.0,80.9,84.6,82.6,82.8,85.2,83.7,81.0,83.8,88.6,84.0,81.1,82.3,84.0,83.3,80.3,80.6,82.9,85.1,78.9,81.0,80.0,80.2,80.8,87.4,75.8,80.0,78.4,82.2,82.4,82.6,80.9,83.1,84.9,86.5,85.5,81.9,83.1,81.3,83.0,83.3,84.2,81.0,79.6,78.4,79.2,81.3,80.1
4763,89.3,85.5,86.2,88.3,88.1,86.6,87.9,86.8,84.6,84.0,85.2,84.6,85.4,83.5,86.9,84.9,86.0,82.9,84.4,84.0,86.1,84.3,86.8,84.9,87.0,87.8,85.8,86.0,83.4,85.0,86.2,83.7,82.4,84.0,82.9,82.5,86.2,83.6,86.4,83.0,83.7,86.9,85.9,86.0,88.6,86.4,84.4,86.6,92.3,87.3,83.6,86.1,87.3,86.0,83.5,83.1,85.6,87.8,82.2,82.9,83.4,83.5,83.7,90.2,79.4,83.0,82.3,84.3,84.2,84.3,83.8,86.3,88.2,89.0,88.4,84.4,84.7,83.1,85.0,86.5,87.0,84.4,82.0,80.1,81.7,83.4,82.1
4764,91.6,87.7,88.0,90.8,90.5,88.9,90.0,88.8,86.0,85.7,86.8,86.1,86.8,85.1,89.0,86.4,87.8,85.5,85.8,85.0,88.1,85.8,88.4,87.0,89.6,90.0,87.5,87.7,85.2,86.5,88.0,85.2,84.3,85.9,84.7,84.3,88.1,86.0,88.6,85.2,86.1,88.7,88.5,88.6,91.2,88.2,87.4,88.7,94.9,89.8,85.0,89.0,89.6,88.2,85.7,85.1,87.5,90.0,85.4,84.6,86.1,86.3,86.2,92.5,83.2,85.3,85.7,85.9,85.6,85.9,85.8,88.8,90.6,91.3,90.9,86.3,86.0,84.2,86.8,89.2,89.4,86.9,84.6,81.3,83.7,85.2,84.0
4765,93.9,89.1,89.4,92.9,92.2,90.5,91.6,90.3,87.0,86.9,87.7,87.2,88.0,86.2,90.6,87.5,89.3,87.8,86.9,85.9,89.6,87.1,89.7,88.5,91.5,91.8,88.6,89.3,86.4,87.7,89.4,86.4,85.9,87.3,86.2,85.8,89.4,87.2,90.0,86.2,88.1,89.5,90.5,90.5,93.2,88.8,89.6,90.3,96.5,91.3,85.4,91.2,91.0,89.9,87.4,86.6,89.0,91.6,88.2,86.0,88.2,88.5,88.2,94.6,86.5,87.0,88.4,87.1,86.3,87.0,87.1,91.0,92.3,93.2,93.0,87.6,86.9,85.1,88.0,91.4,90.9,89.1,86.5,82.0,85.3,86.4,85.4
4766,94.9,89.2,90.2,94.3,93.3,91.6,92.7,91.1,87.6,87.9,88.5,88.0,88.8,87.3,91.7,88.1,90.2,89.4,87.4,86.4,90.4,87.8,90.8,89.7,92.7,93.0,89.4,90.3,87.4,88.5,90.2,86.9,87.0,88.5,87.2,86.7,90.2,87.1,91.1,86.3,89.5,90.0,92.0,92.1,94.4,88.3,91.2,91.0,97.3,92.1,85.7,92.4,91.3,91.1,88.5,87.8,90.2,92.5,90.3,87.1,89.6,90.6,90.0,95.8,89.0,88.2,90.5,87.8,86.7,88.1,87.2,92.4,92.9,94.4,94.4,87.9,87.1,85.8,89.0,92.9,92.2,90.6,87.8,82.1,86.8,87.1,86.3
4767,95.3,88.4,90.1,95.1,93.8,92.4,93.2,91.8,87.9,88.2,88.6,88.3,88.9,87.7,92.2,88.5,90.5,90.5,87.7,86.6,91.0,88.4,91.1,90.2,93.4,93.4,89.9,90.8,87.7,88.7,90.9,87.1,87.6,89.0,87.6,87.2,90.6,86.2,91.5,86.2,90.1,89.5,92.8,92.6,94.8,87.5,91.6,90.8,97.0,92.0,85.1,92.4,91.4,91.3,89.4,88.4,90.9,93.1,91.8,87.9,90.3,92.1,91.2,96.5,90.6,88.8,91.4,88.4,86.7,88.1,86.6,93.2,92.6,95.4,95.2,87.6,87.1,85.9,89.4,93.7,92.7,91.5,88.4,82.0,87.4,87.6,86.9
4768,94.6,87.0,89.4,95.1,93.7,92.5,93.3,91.6,87.7,88.2,88.1,88.4,88.6,87.7,91.9,88.4,90.3,90.8,87.4,86.2,90.8,88.5,91.1,90.3,93.4,93.2,89.8,90.6,87.8,88.5,90.7,86.7,87.5,89.1,87.7,87.3,89.9,85.0,91.3,85.6,89.4,88.3,93.0,92.6,94.2,86.3,91.3,90.2,96.1,91.5,84.3,91.7,90.4,90.8,89.7,88.7,91.3,93.3,92.8,88.2,90.4,93.0,91.6,96.4,91.1,89.1,91.2,88.6,86.5,88.0,85.0,93.4,91.0,95.0,95.0,86.9,86.5,85.4,89.2,94.0,92.8,91.4,89.0,81.3,87.8,87.5,87.0
4769,92.3,84.7,87.8,94.1,93.1,91.6,92.3,90.8,86.8,87.5,87.1,87.9,87.7,87.0,91.0,87.7,89.7,90.3,86.4,85.1,90.0,87.9,90.2,89.5,92.5,92.3,89.2,89.7,87.3,87.9,90.1,85.9,86.9,88.5,87.3,87.0,88.3,82.6,90.9,84.0,88.3,86.1,92.5,91.6,91.9,84.2,89.6,88.8,94.5,90.4,83.5,90.0,88.7,88.7,89.3,88.5,91.0,92.8,92.8,87.9,89.9,93.2,91.2,95.5,90.5,88.1,89.7,87.9,85.6,87.2,83.1,92.7,88.3,94.1,94.4,85.7,85.6,84.6,88.5,93.2,92.1,91.1,88.6,80.3,87.2,86.9,86.4
4770,88.9,81.9,84.2,92.4,91.5,90.1,90.8,89.3,85.3,86.4,85.5,86.9,86.2,85.7,89.4,86.1,88.1,88.6,84.7,83.5,88.4,86.3,88.8,88.2,90.7,90.7,88.1,87.9,86.0,86.3,88.9,84.1,85.4,87.1,86.4,85.7,85.8,79.9,89.5,81.4,86.4,83.0,90.6,89.6,88.2,81.3,87.2,86.9,91.8,89.1,82.2,87.6,86.7,85.5,88.2,87.2,90.0,91.5,92.2,86.6,88.3,92.4,89.8,93.6,88.4,86.2,86.8,86.7,84.1,85.5,80.8,90.8,86.0,92.6,91.9,84.0,84.1,83.2,87.1,91.4,90.5,89.2,87.2,78.6,85.8,85.5,85.0
4771,83.8,78.4,79.2,89.4,89.2,87.6,88.1,86.5,82.3,83.7,82.6,84.5,82.9,83.7,86.5,83.5,85.0,84.5,81.8,80.3,85.8,83.4,85.9,85.2,87.7,87.7,86.5,85.0,83.3,83.8,86.4,80.6,82.8,84.6,84.4,83.2,81.4,76.1,87.0,77.8,83.9,78.4,87.7,86.8,83.8,77.3,84.2,83.3,87.1,86.7,80.5,84.4,83.7,80.4,86.0,84.5,87.9,89.4,90.6,84.0,85.3,90.5,86.1,89.8,84.8,82.5,82.7,84.6,81.5,82.6,78.5,87.8,82.4,90.0,87.7,81.6,81.0,80.4,84.5,88.3,87.5,86.1,84.7,76.4,83.4,83.0,82.5
4772,79.9,74.5,75.0,84.9,85.6,84.5,84.8,82.3,79.2,80.4,79.5,81.2,79.4,80.8,82.7,80.1,79.7,77.4,78.6,77.0,81.7,79.6,81.4,80.8,83.1,83.2,84.3,80.9,79.7,80.2,82.7,76.8,79.0,81.1,81.5,79.8,77.4,72.8,82.9,74.3,80.8,74.7,82.8,82.2,79.9,74.0,80.0,78.7,83.1,82.1,77.5,81.1,80.0,75.9,82.1,80.0,83.5,85.1,87.1,78.7,81.5,85.5,79.9,84.0,80.1,77.0,77.4,81.9,78.1,79.0,75.7,82.8,78.5,85.5,82.4,77.0,77.6,76.8,80.7,83.6,82.8,81.8,76.4,74.2,80.1,79.5,78.0
4773,77.2,72.1,72.9,81.2,82.6,82.3,82.7,79.5,77.5,79.1,77.4,79.0,77.6,78.8,80.3,78.2,77.2,73.4,76.7,75.2,79.4,77.6,79.0,78.5,79.6,80.4,82.8,78.5,77.6,78.1,80.3,75.1,76.3,79.0,79.2,77.0,75.1,71.0,79.7,72.0,78.9,72.6,79.0,79.2,78.0,71.9,77.6,75.8,80.7,77.4,74.9,78.9,77.5,73.9,78.7,76.0,79.4,81.8,82.9,75.8,77.7,79.2,74.3,80.8,76.6,73.3,74.3,80.3,76.2,77.1,73.9,78.7,76.3,82.0,79.3,74.1,75.9,75.1,78.6,80.1,79.7,78.2,71.3,72.8,77.6,77.4,75.0
4774,75.3,70.7,71.2,79.1,80.7,80.7,81.1,78.1,76.1,77.8,76.1,77.4,76.3,77.5,78.8,76.9,76.0,71.2,75.2,73.9,77.7,76.2,77.8,77.0,77.6,78.8,81.4,77.0,76.1,76.8,79.0,74.2,74.9,77.2,77.6,75.3,73.5,69.6,77.6,70.3,77.2,71.1,76.8,77.2,76.2,70.3,75.2,73.3,78.0,74.9,73.1,76.9,75.7,72.4,77.0,72.8,77.3,79.7,79.2,73.6,75.6,76.4,71.3,78.3,73.9,71.2,71.5,78.9,75.0,76.0,72.3,76.7,73.9,80.4,76.3,72.6,74.7,73.9,77.1,78.1,78.0,76.1,70.6,71.4,75.9,76.1,73.2
4775,73.7,69.4,69.6,77.0,79.2,79.2,79.3,77.1,75.0,76.6,75.0,76.1,75.3,76.3,77.5,75.7,75.1,69.4,74.2,73.0,76.5,75.0,76.7,76.0,76.0,77.6,80.3,75.7,74.8,75.7,77.7,73.1,73.7,75.6,76.4,74.2,72.0,68.3,76.1,68.9,76.0,70.1,75.0,75.9,74.6,69.1,72.8,70.9,75.2,73.6,71.7,75.0,74.1,70.9,75.4,70.1,75.8,78.1,76.4,72.2,73.0,74.6,68.8,75.7,71.9,69.5,69.4,77.8,73.9,74.9,71.0,74.5,71.9,78.4,73.3,71.0,73.8,73.0,76.2,76.4,76.7,74.6,70.0,70.5,74.6,74.8,71.9
4776,72.4,68.1,68.5,75.1,78.0,77.9,78.1,76.0,74.1,75.4,74.1,75.2,74.4,75.3,76.5,74.9,74.1,67.7,73.1,72.2,75.5,74.1,75.6,75.1,74.6,76.5,79.1,74.5,73.9,74.8,76.6,72.6,72.8,74.2,75.4,73.3,70.9,67.2,74.7,67.5,74.8,69.1,73.5,74.5,73.0,68.1,71.3,68.8,72.1,71.5,70.7,72.9,72.9,69.7,74.1,67.7,74.2,76.5,73.9,70.9,70.7,73.0,67.3,72.9,70.0,67.5,67.5,76.8,72.9,74.2,69.7,72.9,70.3,76.9,70.5,69.9,73.0,72.1,75.0,75.0,75.7,73.3,68.8,69.7,73.3,73.9,70.9
4777,71.0,67.3,67.4,73.8,76.8,76.8,77.1,75.1,73.4,74.6,73.3,74.3,73.6,74.3,75.6,74.2,73.3,65.8,72.5,71.2,74.5,73.4,74.7,74.1,73.4,75.4,78.2,73.6,73.0,73.7,75.7,71.8,71.8,73.3,74.4,72.5,69.9,66.1,73.4,66.4,73.6,68.1,72.2,73.1,71.5,66.8,69.8,66.8,68.6,69.7,70.0,70.4,71.5,68.6,72.5,65.8,73.1,75.4,71.7,69.6,68.7,71.1,65.7,69.7,68.0,65.7,65.4,75.8,72.1,73.5,68.6,71.2,68.8,75.4,68.4,68.3,72.3,71.2,74.1,73.9,74.5,71.9,68.4,68.9,72.3,73.0,70.1
4778,69.5,66.3,66.4,72.6,75.7,75.7,76.0,74.1,72.6,73.9,72.6,73.6,72.7,73.6,74.8,73.5,72.5,64.2,71.8,70.5,73.7,72.5,73.9,73.2,72.2,74.5,77.3,72.7,72.1,73.0,74.9,71.1,70.9,72.4,73.5,71.7,69.0,65.3,72.2,64.9,72.6,67.1,71.1,71.8,70.1,65.7,68.3,65.1,65.9,68.0,69.0,68.2,70.4,67.5,71.4,63.9,71.6,74.4,69.8,68.2,67.2,69.7,63.9,67.1,66.0,63.8,63.3,75.0,71.3,72.8,67.5,69.7,67.4,74.1,66.5,66.8,71.7,70.5,73.3,72.6,73.4,70.6,67.9,68.4,71.3,72.1,69.3
4779,68.0,65.4,65.4,71.5,74.9,74.9,75.0,73.1,72.0,73.0,71.9,72.8,72.1,72.7,74.0,72.9,71.8,62.7,71.1,70.0,72.8,71.9,73.1,72.5,71.4,73.5,76.5,72.0,71.5,72.2,74.1,70.4,70.0,71.5,72.8,71.0,68.4,64.3,71.1,63.6,71.6,66.4,70.1,70.7,68.6,64.7,67.0,63.5,63.6,66.5,68.2,66.4,69.1,66.8,70.1,62.2,70.4,73.3,68.4,66.6,65.4,68.3,62.2,64.4,64.1,62.0,61.3,74.1,70.6,72.0,66.4,68.6,66.0,73.0,64.5,65.4,71.1,69.9,72.6,71.7,72.3,69.5,66.9,67.6,70.3,71.2,68.8
4780,66.6,64.8,64.5,70.4,74.0,74.1,74.1,72.3,71.3,72.3,71.3,72.1,71.5,72.1,73.3,72.3,71.1,61.2,70.5,69.4,72.1,71.3,72.6,71.7,70.6,72.7,75.7,71.3,70.7,71.6,73.2,69.9,69.2,70.8,72.0,70.3,67.6,63.5,70.2,62.2,70.7,65.7,69.1,69.2,67.5,63.9,65.6,62.3,61.8,65.1,67.2,64.9,67.8,65.8,68.8,60.6,69.1,72.7,66.5,64.9,64.1,66.6,60.8,62.3,62.8,59.7,59.4,73.4,70.0,71.4,65.2,67.7,64.9,71.5,62.3,64.2,70.6,69.2,72.0,70.5,71.4,68.4,65.8,67.1,69.5,70.5,68.1
4781,65.6,64.1,63.7,69.4,73.1,73.3,73.3,71.6,70.9,71.7,70.8,71.6,71.0,71.5,72.3,71.6,70.5,60.5,70.0,69.1,71.5,70.7,72.0,70.9,69.8,71.9,75.1,70.8,70.1,71.2,72.5,69.5,68.6,70.0,71.2,69.7,66.9,62.6,69.4,61.1,69.8,65.2,68.4,67.9,66.5,63.1,64.6,61.4,60.3,63.8,66.4,63.7,66.6,65.1,67.8,60.1,68.3,72.0,65.4,64.6,63.5,65.0,60.0,60.5,61.5,58.7,57.6,72.9,69.5,71.0,64.2,66.8,63.9,70.4,61.4,63.2,70.1,68.8,71.4,69.6,70.7,67.6,64.2,67.0,68.6,69.8,67.4
4782,68.7,66.6,66.8,68.6,72.9,73.1,73.2,71.8,71.7,72.3,72.4,72.1,72.5,71.6,72.3,72.3,71.0,65.6,71.4,71.2,71.7,71.1,72.4,70.9,69.3,71.7,75.1,70.9,71.0,71.7,72.8,70.8,68.6,70.2,71.3,69.9,68.8,64.5,68.6,63.0,70.0,68.0,67.8,68.8,68.7,65.4,65.6,65.5,65.4,63.6,65.9,65.1,66.7,67.8,67.3,63.7,68.2,72.3,64.9,67.6,66.3,64.0,64.5,65.1,62.4,63.0,60.3,72.9,70.5,72.3,64.2,66.0,66.6,71.0,66.9,63.1,71.9,70.6,71.8,69.2,70.3,67.1,64.1,68.8,68.4,70.1,68.2
4783,73.5,71.1,71.7,71.2,75.1,75.2,75.7,74.6,74.5,74.8,75.5,74.4,75.6,73.8,75.1,75.0,74.5,70.2,74.6,74.3,74.7,74.0,75.6,73.2,71.9,74.7,76.9,73.9,73.8,74.6,75.2,73.7,71.1,72.7,73.0,72.4,73.0,69.2,70.9,68.6,72.3,73.3,70.1,72.6,72.8,70.3,69.3,72.1,73.1,68.5,69.5,68.6,71.1,71.7,69.2,68.7,71.2,75.3,67.7,71.5,69.1,67.0,69.8,73.1,65.0,68.8,66.1,75.0,74.0,75.2,68.2,68.9,71.4,76.0,73.6,68.7,75.0,73.7,74.6,71.7,72.8,69.2,69.0,71.2,70.5,72.5,71.2
4784,78.1,75.3,76.4,76.1,78.7,78.2,79.1,77.7,77.6,77.3,78.5,77.3,78.4,76.8,78.5,78.0,77.9,73.4,77.9,77.5,78.1,77.2,79.1,76.3,76.0,78.2,79.2,77.5,76.5,77.9,78.2,76.5,74.2,76.0,75.6,75.2,76.8,73.6,75.5,72.9,74.9,77.8,74.3,76.4,77.0,75.8,73.0,76.6,79.8,74.8,74.3,73.0,75.8,75.9,72.4,73.7,75.3,78.8,71.7,75.4,72.4,71.5,73.8,79.4,68.4,73.2,70.6,77.6,77.4,77.8,72.7,74.5,76.2,80.1,78.4,73.6,78.1,76.8,77.6,75.6,76.7,72.9,74.0,73.9,73.6,75.7,74.3
4785,82.2,79.1,80.3,80.9,82.2,81.3,82.3,81.0,80.3,79.7,81.2,80.3,81.1,79.2,81.8,80.8,81.0,76.8,80.8,80.3,81.1,80.1,82.1,79.5,80.1,81.8,81.6,80.9,79.2,80.7,81.1,79.3,77.3,79.1,78.2,77.9,80.3,77.2,79.8,76.7,77.9,81.4,78.5,79.7,81.2,80.0,77.1,80.5,84.7,80.2,78.0,77.8,80.2,79.9,76.6,77.6,79.6,82.1,75.4,78.5,76.2,76.5,77.7,84.0,72.2,76.9,74.8,80.0,80.2,80.3,77.1,79.2,80.7,83.5,82.3,78.2,81.0,79.3,80.6,79.8,80.7,77.2,77.3,76.3,76.6,78.8,77.4
4786,86.0,82.6,83.6,84.9,85.4,84.2,85.3,84.0,82.6,81.9,83.4,82.7,83.4,81.4,84.6,82.9,83.7,80.0,82.9,82.4,83.7,82.4,84.7,82.5,83.7,85.0,83.7,83.6,81.4,83.2,83.8,81.7,80.1,81.8,80.7,80.4,83.7,80.5,83.5,79.9,80.8,84.4,82.4,82.8,85.2,83.5,81.0,83.9,88.8,84.1,81.1,82.4,84.1,83.4,80.6,80.7,83.1,85.2,79.0,81.1,80.2,80.3,80.9,87.6,76.0,80.2,78.6,82.1,82.4,82.6,80.8,83.0,84.7,86.4,85.6,82.1,83.2,81.4,82.9,83.5,84.1,81.1,79.8,78.4,79.3,81.3,80.1
4787,89.1,85.3,86.2,88.2,88.1,86.6,87.9,86.6,84.5,83.9,85.3,84.6,85.5,83.4,86.9,84.8,86.0,83.0,84.5,84.1,86.0,84.2,86.8,84.9,86.9,87.8,85.6,86.0,83.4,85.0,86.1,83.7,82.5,84.1,83.0,82.5,86.2,83.4,86.4,82.9,83.7,86.8,85.7,85.9,88.5,86.2,84.4,86.7,92.4,87.4,83.6,86.3,87.3,86.0,83.8,83.3,85.8,88.0,82.4,83.1,83.7,83.7,83.8,90.3,79.7,83.1,82.6,84.1,84.2,84.3,83.8,86.2,88.0,89.0,88.5,84.6,84.8,83.1,84.9,86.7,87.0,84.5,82.2,80.1,81.7,83.5,82.1
4788,91.5,87.6,88.0,90.7,90.5,88.8,90.0,88.7,85.9,85.6,86.8,86.1,86.8,85.0,89.0,86.2,87.8,85.7,85.9,85.1,87.9,85.7,88.4,87.0,89.5,90.1,87.4,87.7,85.2,86.4,87.9,85.2,84.4,86.0,84.7,84.4,88.0,85.8,88.5,85.1,86.0,88.6,88.4,88.6,91.1,88.0,87.4,88.8,95.1,89.9,85.0,89.2,89.6,88.2,86.0,85.3,87.6,90.2,85.5,84.8,86.4,86.5,86.3,92.6,83.6,85.6,86.0,85.8,85.6,85.9,85.8,88.7,90.4,91.2,91.0,86.5,86.0,84.2,86.7,89.3,89.3,87.0,84.8,81.3,83.7,85.2,84.0
4789,93.7,88.9,89.4,92.8,92.2,90.5,91.6,90.2,86.9,86.9,87.8,87.0,88.0,86.1,90.6,87.4,89.2,88.0,86.9,85.9,89.5,86.9,89.7,88.5,91.5,91.8,88.5,89.3,86.4,87.6,89.3,86.3,86.0,87.4,86.2,85.8,89.3,87.0,90.0,85.9,88.0,89.3,90.4,90.5,93.0,88.6,89.6,90.4,96.7,91.5,85.4,91.4,91.0,89.9,87.7,86.8,89.2,91.8,88.4,86.2,88.5,88.7,88.4,94.8,86.9,87.2,88.7,87.0,86.2,87.0,87.1,90.9,92.0,93.2,93.1,87.7,86.9,85.2,87.9,91.5,90.9,89.1,86.7,82.0,85.4,86.4,85.3
4790,94.8,89.1,90.1,94.2,93.3,91.7,92.7,91.0,87.5,87.9,88.5,87.8,88.7,87.3,91.7,87.9,90.2,89.6,87.4,86.5,90.4,87.7,90.7,89.6,92.8,93.0,89.4,90.3,87.3,88.3,90.2,86.7,87.0,88.5,87.2,86.7,90.1,86.9,91.0,85.9,89.4,89.7,91.8,92.0,94.2,88.1,91.1,91.1,97.4,92.2,85.7,92.4,91.5,91.0,88.8,88.0,90.4,92.7,90.4,87.3,89.9,90.7,90.2,96.0,89.4,88.4,90.8,87.8,86.7,88.1,87.3,92.4,92.7,94.4,94.5,87.9,87.1,85.8,89.0,92.9,92.2,90.6,88.1,82.2,86.8,87.2,86.2
4791,95.2,88.3,90.1,95.1,93.9,92.5,93.2,91.7,87.8,88.3,88.4,88.1,88.8,87.6,92.4,88.3,90.5,90.7,87.6,86.7,90.9,88.3,91.0,90.2,93.3,93.4,89.8,90.7,87.7,88.5,90.8,86.9,87.6,89.0,87.5,87.2,90.5,86.1,91.4,85.9,89.9,89.2,92.6,92.6,94.6,87.1,91.5,91.0,97.0,92.1,85.2,92.4,91.5,91.3,89.6,88.6,91.1,93.4,91.9,88.1,90.7,92.2,91.4,96.6,91.0,89.1,91.7,88.4,86.7,88.0,86.6,93.2,92.5,95.3,95.3,87.6,87.0,85.9,89.4,93.6,92.6,91.4,88.6,82.0,87.4,87.5,86.8
4792,94.3,87.0,89.3,95.1,93.7,92.4,93.3,91.6,87.6,88.2,88.0,88.2,88.5,87.7,92.0,88.3,90.3,91.0,87.3,86.2,90.8,88.4,91.2,90.2,93.4,93.2,89.8,90.6,87.7,88.4,90.7,86.5,87.5,89.1,87.6,87.3,89.9,84.9,91.3,85.3,89.2,88.0,92.8,92.5,93.8,86.0,91.1,90.1,96.1,91.5,84.3,91.9,90.5,90.6,89.9,89.0,91.5,93.5,92.9,88.5,90.7,93.2,91.8,96.5,91.5,89.3,91.5,88.5,86.4,87.9,85.1,93.3,90.7,94.9,95.1,87.0,86.4,85.4,89.2,93.7,92.7,91.4,89.1,81.3,87.8,87.4,87.0
4793,92.0,84.6,87.6,94.0,93.1,91.5,92.3,90.8,86.7,87.6,87.0,87.8,87.6,86.9,91.0,87.6,89.7,90.6,86.3,85.1,90.0,87.8,90.4,89.4,92.5,92.3,89.2,89.7,87.1,87.6,90.1,85.7,86.9,88.4,87.3,86.9,88.3,82.6,90.8,83.8,88.2,85.8,92.3,91.6,91.5,83.8,89.5,88.8,94.5,90.6,83.5,90.1,88.8,88.5,89.5,88.7,91.2,93.0,93.0,88.1,90.2,93.4,91.4,95.6,90.9,88.4,90.0,87.9,85.4,87.1,83.1,92.6,88.1,94.1,94.4,85.7,85.4,84.5,88.5,92.9,91.9,91.0,88.8,80.4,87.2,86.8,86.4
4794,88.6,81.9,84.0,92.3,91.5,90.1,90.8,89.3,85.1,86.3,85.4,86.6,86.0,85.7,89.4,86.0,88.0,88.9,84.5,83.4,88.4,86.2,88.9,88.0,90.6,90.7,88.0,87.9,85.9,86.1,88.8,84.0,85.3,87.1,86.4,85.5,85.7,79.8,89.4,81.1,86.2,82.8,90.4,89.7,87.8,80.7,87.0,87.0,91.7,89.0,82.2,87.7,86.7,85.3,88.4,87.4,90.2,91.7,92.3,86.8,88.6,92.6,90.0,93.7,88.8,86.4,86.9,86.6,84.0,85.4,80.7,90.7,85.8,92.7,92.1,84.0,83.9,83.2,87.1,91.2,90.3,89.1,87.4,78.7,85.7,85.4,84.9
4795,83.6,78.4,79.0,89.3,89.2,87.6,88.1,86.4,82.2,83.6,82.5,84.3,82.8,83.6,86.5,83.3,84.8,84.7,81.7,80.2,85.7,83.3,85.9,85.0,87.5,87.6,86.4,84.9,83.2,83.6,86.3,80.6,82.7,84.5,84.3,83.1,81.3,76.0,87.0,77.5,83.6,78.3,87.4,87.0,83.6,76.9,84.0,83.3,87.1,86.6,80.6,84.5,83.7,80.2,86.2,84.7,88.1,89.5,90.7,84.2,85.6,90.7,86.3,89.9,85.2,82.8,82.9,84.5,81.4,82.5,78.3,87.7,82.1,90.1,87.7,81.5,80.9,80.3,84.5,88.1,87.4,85.9,85.0,76.5,83.4,82.9,82.4
4796,79.8,74.4,74.8,84.9,85.5,84.5,84.7,82.1,79.1,80.3,79.4,81.1,79.3,80.8,82.7,80.0,79.5,77.6,78.6,77.0,81.6,79.4,81.3,80.6,82.9,83.1,84.2,80.8,79.5,80.0,82.5,76.7,78.9,81.0,81.4,79.6,77.3,72.7,82.9,74.1,80.5,74.7,82.6,82.5,79.8,73.8,79.9,78.7,83.1,82.0,77.6,81.2,80.1,75.8,82.3,80.1,83.6,85.2,87.2,78.9,81.8,85.6,80.1,84.1,80.5,77.3,77.6,81.9,78.1,79.0,75.5,82.7,78.4,85.7,82.4,77.0,77.6,76.8,80.6,83.5,82.7,81.6,76.5,74.3,80.0,79.4,78.0
4797,77.0,72.1,72.9,81.2,82.5,82.2,82.6,79.3,77.4,78.9,77.4,78.9,77.5,78.7,80.4,78.1,77.0,73.7,76.6,75.3,79.2,77.5,78.9,78.4,79.5,80.4,82.7,78.5,77.5,78.0,80.2,74.9,76.3,78.8,79.1,76.9,75.0,70.8,79.7,71.9,78.6,72.5,78.9,79.5,77.9,71.7,77.6,75.9,80.6,77.3,75.1,79.0,77.5,74.0,78.8,76.2,79.5,81.8,83.0,76.1,78.0,79.3,74.5,80.8,77.0,73.6,74.6,80.2,76.2,77.0,73.7,78.8,76.1,82.2,79.4,74.1,75.9,75.0,78.5,79.9,79.6,78.1,71.5,72.9,77.5,77.3,75.0
4798,75.1,70.7,71.1,79.1,80.6,80.6,81.0,78.0,75.9,77.6,76.1,77.2,76.2,77.4,78.8,76.8,75.8,71.5,75.3,74.0,77.6,76.1,77.6,76.9,77.5,78.7,81.3,77.0,75.9,76.7,78.8,74.1,74.8,77.1,77.6,75.2,73.4,69.5,77.6,70.2,76.9,71.0,76.7,77.5,76.1,70.2,75.2,73.4,78.0,74.8,73.2,77.0,75.8,72.4,77.2,73.0,77.4,79.7,79.3,73.7,75.8,76.5,71.5,78.4,74.2,71.5,71.9,78.9,75.0,75.9,72.3,76.6,73.9,80.6,76.4,72.5,74.8,73.8,77.0,77.9,78.0,76.1,70.8,71.5,75.9,76.0,73.2
4799,73.5,69.4,69.6,77.1,79.1,79.2,79.3,76.9,74.9,76.4,75.1,76.0,75.2,76.3,77.6,75.7,74.9,69.6,74.2,73.0,76.4,75.0,76.6,75.9,75.9,77.5,80.2,75.7,74.6,75.7,77.6,73.1,73.7,75.6,76.4,74.2,72.0,68.3,76.1,68.8,75.9,70.1,74.9,76.2,74.5,69.0,72.9,71.1,75.1,73.4,71.8,75.0,74.1,70.9,75.6,70.2,75.9,78.2,76.4,72.4,73.2,74.8,69.1,75.8,72.2,69.7,69.6,77.8,73.9,74.8,71.0,74.6,71.8,78.7,73.3,70.9,73.8,72.9,76.1,76.3,76.7,74.5,70.2,70.6,74.6,74.8,71.8
4800,72.3,68.1,68.4,75.1,77.9,77.8,78.1,75.9,74.0,75.2,74.2,75.2,74.3,75.2,76.5,74.8,74.0,68.0,73.1,72.2,75.3,74.0,75.6,75.0,74.5,76.4,79.0,74.5,73.7,74.7,76.5,72.6,72.8,74.2,75.4,73.3,70.8,67.2,74.7,67.5,74.7,69.0,73.4,74.8,73.0,68.0,71.4,69.0,72.0,71.5,70.9,73.0,73.0,69.6,74.2,67.9,74.4,76.7,73.9,71.2,70.9,73.1,67.7,73.1,70.3,67.7,67.7,76.8,72.9,74.1,69.8,73.0,70.2,77.2,70.6,69.8,73.0,72.1,74.9,74.9,75.6,73.2,68.8,69.7,73.3,73.8,70.8
4801,70.9,67.2,67.4,73.8,76.7,76.8,77.0,75.0,73.3,74.5,73.4,74.3,73.6,74.3,75.6,74.1,73.1,66.0,72.5,71.3,74.3,73.3,74.7,74.0,73.3,75.4,78.0,73.5,72.8,73.7,75.6,71.8,71.7,73.3,74.4,72.5,70.0,66.1,73.4,66.4,73.6,68.0,72.1,73.3,71.5,66.7,69.9,66.9,68.6,69.7,70.2,70.4,71.6,68.6,72.7,65.9,73.2,75.4,71.8,69.8,68.9,71.3,65.9,69.8,68.3,65.8,65.6,75.7,72.0,73.5,68.6,71.3,68.7,75.6,68.5,68.4,72.4,71.2,74.1,73.8,74.5,71.8,68.4,69.0,72.2,73.0,70.1
4802,69.5,66.3,66.4,72.6,75.7,75.6,76.0,74.0,72.6,73.8,72.7,73.5,72.7,73.5,74.7,73.4,72.4,64.5,71.8,70.6,73.6,72.5,73.9,73.2,72.2,74.4,77.2,72.7,72.0,72.9,74.8,71.2,70.9,72.3,73.4,71.7,69.0,65.2,72.1,65.0,72.5,67.1,71.0,71.9,70.2,65.7,68.5,65.3,65.9,68.1,69.1,68.2,70.5,67.4,71.6,64.0,71.8,74.5,69.9,68.3,67.3,69.8,64.1,67.1,66.2,63.9,63.5,74.9,71.3,72.7,67.5,69.8,67.4,74.3,66.6,66.7,71.7,70.5,73.2,72.6,73.3,70.5,67.8,68.4,71.3,72.1,69.4
4803,68.1,65.4,65.4,71.4,74.9,74.8,74.9,73.1,71.9,73.0,72.0,72.8,72.2,72.7,74.0,72.9,71.7,62.9,71.2,70.0,72.8,71.8,73.0,72.4,71.3,73.4,76.4,72.0,71.4,72.2,74.0,70.4,69.9,71.5,72.8,71.0,68.4,64.3,71.1,63.7,71.5,66.4,70.0,70.9,68.7,64.7,67.2,63.7,63.8,66.4,68.3,66.5,69.2,66.7,70.3,62.4,70.6,73.4,68.5,66.7,65.6,68.4,62.4,64.4,64.3,62.0,61.5,74.0,70.6,72.0,66.4,68.7,66.0,73.2,64.5,65.4,71.2,69.9,72.5,71.6,72.3,69.3,66.9,67.7,70.2,71.2,68.8
4804,66.7,64.7,64.6,70.3,74.0,74.0,74.0,72.3,71.4,72.3,71.4,72.1,71.5,72.1,73.3,72.2,71.1,61.4,70.6,69.5,72.1,71.2,72.6,71.7,70.6,72.7,75.7,71.4,70.6,71.6,73.2,69.9,69.2,70.8,72.0,70.3,67.6,63.6,70.3,62.3,70.6,65.6,69.0,69.3,67.7,63.8,65.8,62.5,61.9,65.1,67.3,65.0,68.0,65.7,69.0,60.8,69.3,72.7,66.7,65.1,64.2,66.7,60.9,62.3,62.9,59.7,59.7,73.4,70.0,71.4,65.3,67.7,64.9,71.7,62.3,64.3,70.6,69.2,71.9,70.5,71.5,68.3,65.9,67.1,69.4,70.4,68.0
4805,65.6,64.2,63.8,69.3,73.2,73.3,73.3,71.5,70.8,71.7,70.9,71.6,71.0,71.5,72.3,71.7,70.5,60.6,70.1,69.2,71.5,70.7,71.9,70.9,69.8,71.8,75.1,70.8,70.0,71.2,72.5,69.4,68.5,70.0,71.2,69.6,66.9,62.6,69.4,61.2,69.8,65.2,68.3,68.1,66.6,63.2,64.7,61.6,60.5,63.9,66.6,63.7,66.8,65.0,68.0,60.2,68.4,72.0,65.6,64.7,63.6,65.2,60.1,60.4,61.6,58.6,57.8,72.8,69.5,71.0,64.3,66.8,63.9,70.6,61.5,63.2,70.2,68.9,71.3,69.6,70.7,67.5,64.3,67.0,68.6,69.8,67.4
4806,68.7,66.6,66.8,68.5,72.9,73.1,73.2,71.7,71.6,72.3,72.4,72.0,72.4,71.6,72.4,72.3,71.0,65.7,71.4,71.2,71.7,71.1,72.4,70.8,69.3,71.7,75.1,70.9,70.9,71.6,72.7,70.7,68.5,70.3,71.2,69.8,68.7,64.4,68.6,63.1,70.0,68.0,67.8,68.9,68.7,65.4,65.7,65.6,65.4,63.8,66.1,65.1,66.9,67.7,67.5,63.8,68.3,72.3,65.0,67.7,66.4,64.1,64.6,65.0,62.5,63.0,60.4,72.9,70.4,72.3,64.4,66.1,66.5,71.2,66.9,63.0,71.9,70.6,71.7,69.2,70.3,66.9,64.2,68.8,68.4,70.1,68.2
4807,73.5,71.0,71.7,71.1,75.1,75.2,75.6,74.6,74.4,74.7,75.4,74.3,75.5,73.8,75.1,75.0,74.5,70.4,74.6,74.3,74.7,74.0,75.5,73.2,71.9,74.6,76.8,73.8,73.7,74.5,75.2,73.6,71.0,72.7,72.9,72.4,72.9,69.1,70.8,68.5,72.2,73.2,69.9,72.7,72.8,70.3,69.4,72.1,73.1,68.5,69.6,68.6,71.2,71.5,69.3,68.8,71.2,75.3,67.7,71.7,69.2,67.0,70.0,73.0,65.1,68.9,66.2,75.0,73.9,75.1,68.3,68.9,71.2,76.1,73.6,68.6,74.9,73.7,74.6,71.6,72.8,69.1,69.0,71.2,70.5,72.5,71.2
4808,78.0,75.3,76.4,76.0,78.7,78.1,79.0,77.6,77.5,77.2,78.5,77.3,78.3,76.7,78.5,78.0,77.9,73.6,77.9,77.5,78.1,77.2,79.0,76.1,75.9,78.2,79.2,77.4,76.4,77.9,78.2,76.4,74.1,76.0,75.5,75.2,76.8,73.5,75.4,72.8,74.8,77.6,74.1,76.5,76.9,75.7,73.1,76.6,79.7,74.6,74.3,73.0,75.8,75.8,72.5,73.9,75.3,78.7,71.7,75.5,72.5,71.6,74.1,79.4,68.5,73.4,70.7,77.6,77.3,77.8,72.7,74.4,76.0,80.3,78.4,73.4,78.1,76.8,77.6,75.5,76.7,72.9,74.0,73.9,73.5,75.7,74.3
4809,82.1,79.1,80.2,80.8,82.1,81.2,82.2,81.0,80.3,79.7,81.1,80.3,80.9,79.3,81.7,80.8,81.0,77.0,80.8,80.3,81.1,80.2,82.1,79.4,79.9,81.8,81.6,80.9,79.1,80.7,81.2,79.2,77.3,79.1,78.2,78.0,80.3,77.1,79.7,76.5,77.7,81.2,78.4,79.8,81.1,79.8,77.0,80.4,84.7,80.0,78.0,77.7,80.1,79.7,76.6,77.9,79.5,82.1,75.4,78.7,76.4,76.6,77.9,84.0,72.3,77.1,75.0,80.0,80.2,80.2,77.1,79.0,80.4,83.6,82.3,78.0,80.9,79.2,80.6,79.7,80.6,77.0,77.2,76.3,76.5,78.8,77.4
4810,85.9,82.6,83.4,84.7,85.3,84.1,85.3,83.9,82.7,81.9,83.3,82.7,83.3,81.5,84.5,83.0,83.7,80.3,82.9,82.4,83.7,82.4,84.6,82.4,83.6,84.9,83.8,83.6,81.3,83.2,83.8,81.7,80.0,81.9,80.8,80.4,83.5,80.4,83.4,79.8,80.6,84.3,82.3,82.9,85.1,83.4,80.9,83.8,88.8,83.9,81.1,82.4,84.0,83.2,80.7,81.0,83.1,85.3,79.1,81.4,80.3,80.4,81.1,87.6,76.3,80.5,78.8,82.2,82.4,82.5,80.7,82.8,84.5,86.5,85.7,82.0,83.1,81.2,82.9,83.4,84.0,81.0,79.8,78.4,79.3,81.3,80.1
4811,89.0,85.4,86.0,88.0,88.0,86.5,87.8,86.6,84.5,84.0,85.2,84.6,85.4,83.4,86.9,84.9,85.9,83.3,84.4,84.2,86.0,84.2,86.8,84.7,86.7,87.7,85.7,85.9,83.3,85.0,86.1,83.7,82.4,84.1,83.0,82.5,86.0,83.3,86.2,82.7,83.5,86.6,85.6,86.1,88.4,86.0,84.4,86.7,92.5,87.3,83.5,86.3,87.2,85.8,83.9,83.6,85.8,88.0,82.4,83.4,83.8,83.9,84.0,90.4,79.9,83.4,82.8,84.2,84.1,84.2,83.8,86.0,87.8,89.1,88.6,84.5,84.8,83.0,84.9,86.6,86.8,84.3,82.2,80.1,81.6,83.4,82.1
4812,91.3,87.7,87.8,90.5,90.4,88.7,89.9,88.6,85.9,85.6,86.7,86.1,86.8,85.1,89.0,86.2,87.8,86.0,85.8,85.1,87.9,85.7,88.4,86.9,89.4,90.0,87.3,87.7,85.0,86.4,87.9,85.2,84.3,86.0,84.7,84.4,87.8,85.7,88.3,84.8,85.8,88.4,88.2,88.8,90.9,87.8,87.3,88.8,95.2,89.9,85.0,89.2,89.5,88.0,86.0,85.6,87.5,90.1,85.6,85.1,86.5,86.7,86.5,92.7,83.8,85.8,86.2,85.8,85.6,85.8,85.7,88.5,90.3,91.3,91.1,86.4,86.1,84.0,86.8,89.2,89.2,86.7,84.8,81.3,83.6,85.2,84.1
4813,93.4,89.0,89.2,92.6,92.2,90.4,91.5,90.2,87.0,86.9,87.8,87.0,87.9,86.2,90.6,87.4,89.3,88.3,86.9,85.9,89.5,87.0,89.7,88.4,91.4,91.8,88.5,89.2,86.3,87.6,89.3,86.4,85.8,87.5,86.2,85.8,89.1,86.9,89.7,85.6,87.8,89.1,90.2,90.7,92.8,88.4,89.5,90.4,96.8,91.4,85.4,91.4,90.9,89.7,87.5,87.1,89.1,91.7,88.5,86.5,88.7,88.9,88.6,94.8,87.1,87.5,89.0,87.0,86.2,86.9,87.0,90.8,91.8,93.2,93.2,87.7,87.0,85.1,87.9,91.4,90.8,88.9,86.8,82.1,85.3,86.3,85.4
4814,94.6,89.1,89.9,94.0,93.2,91.6,92.6,91.0,87.6,87.9,88.5,87.8,88.7,87.4,91.7,88.0,90.2,89.9,87.4,86.5,90.3,87.7,90.7,89.5,92.6,92.9,89.5,90.3,87.2,88.3,90.2,86.8,87.0,88.6,87.2,86.7,90.0,86.8,90.8,85.5,89.1,89.4,91.6,92.1,94.0,88.0,91.0,91.1,97.5,92.0,85.8,92.5,91.4,90.8,88.7,88.3,90.3,92.7,90.6,87.7,90.1,90.9,90.4,96.1,89.7,88.7,91.1,87.8,86.7,88.0,87.3,92.3,92.5,94.6,94.5,87.9,87.1,85.7,89.0,92.7,92.0,90.4,88.3,82.2,86.7,87.1,86.4
4815,94.9,88.3,89.8,94.9,93.8,92.4,93.1,91.6,87.8,88.4,88.4,88.1,88.9,87.7,92.3,88.3,90.5,91.0,87.6,86.6,90.9,88.4,91.0,90.1,93.2,93.3,89.9,90.7,87.6,88.5,90.8,86.9,87.6,89.1,87.7,87.3,90.5,86.2,91.2,85.4,89.6,88.9,92.4,92.5,94.3,86.9,91.5,91.0,97.1,92.0,85.4,92.5,91.6,91.1,89.6,88.9,91.1,93.3,92.1,88.5,90.9,92.4,91.6,96.7,91.4,89.4,92.0,88.4,86.7,88.1,86.5,93.2,92.4,95.4,95.3,87.6,87.0,85.8,89.5,93.3,92.4,91.3,88.8,82.1,87.4,87.5,87.0
4816,93.9,87.0,89.1,94.9,93.6,92.4,93.3,91.5,87.6,88.2,87.9,88.3,88.5,87.8,92.0,88.2,90.2,91.3,87.2,86.2,90.7,88.4,91.2,90.0,93.2,93.2,89.8,90.6,87.6,88.4,90.7,86.5,87.6,89.1,87.8,87.4,89.7,84.9,91.1,84.9,88.9,87.6,92.6,92.5,93.5,85.6,91.0,90.2,96.1,91.4,84.5,92.0,90.4,90.5,89.9,89.3,91.5,93.4,93.0,88.8,91.1,93.4,92.1,96.6,91.9,89.7,91.9,88.5,86.3,88.0,85.1,93.2,90.7,94.9,95.2,86.9,86.5,85.3,89.2,93.4,92.6,91.2,89.2,81.3,87.8,87.4,87.1
4817,91.6,84.7,87.4,93.8,93.0,91.5,92.3,90.8,86.8,87.6,86.9,87.8,87.6,87.0,91.0,87.6,89.6,90.9,86.4,85.2,90.0,87.8,90.5,89.3,92.1,92.3,89.2,89.7,87.1,87.5,90.1,85.7,87.0,88.5,87.4,87.0,88.1,82.5,90.6,83.4,87.9,85.6,92.0,91.5,91.3,83.5,89.3,88.9,94.5,90.3,83.6,90.2,88.9,88.5,89.4,89.0,91.1,92.8,93.2,88.5,90.5,93.6,91.7,95.8,91.3,88.7,90.3,87.9,85.4,87.1,83.1,92.4,88.1,94.0,94.5,85.6,85.4,84.5,88.5,92.7,91.7,90.8,88.9,80.3,87.3,86.8,86.4
4818,88.2,81.8,83.8,92.1,91.5,90.0,90.8,89.3,85.2,86.3,85.3,86.7,85.9,85.7,89.3,85.9,88.0,89.2,84.5,83.5,88.3,86.2,89.1,87.9,90.3,90.6,88.0,88.0,85.9,86.0,88.8,84.0,85.5,87.1,86.4,85.6,85.6,79.7,89.3,80.8,85.9,82.5,90.1,89.6,87.6,80.6,86.9,87.0,91.8,88.9,82.4,87.9,86.6,85.2,88.3,87.7,90.1,91.5,92.5,87.1,88.9,92.9,90.3,93.8,89.1,86.6,87.2,86.6,83.9,85.3,80.6,90.5,85.7,92.6,92.2,83.9,83.9,83.1,87.1,90.9,90.0,89.0,87.5,78.7,85.8,85.5,85.0
4819,83.5,78.3,78.8,89.1,89.1,87.5,88.1,86.3,82.2,83.5,82.5,84.3,82.7,83.6,86.4,83.2,84.9,85.0,81.7,80.2,85.6,83.2,86.0,84.9,87.2,87.5,86.4,84.9,83.1,83.5,86.3,80.6,82.7,84.6,84.4,83.1,81.1,75.9,86.7,77.2,83.3,78.2,87.1,86.9,83.2,76.8,83.9,83.3,87.2,86.4,80.7,84.7,83.5,80.2,86.0,84.9,87.9,89.3,90.9,84.4,85.9,91.0,86.7,90.0,85.5,82.9,83.1,84.5,81.3,82.5,78.1,87.6,82.0,89.9,87.8,81.5,80.8,80.2,84.5,87.9,87.1,85.9,85.1,76.5,83.4,82.9,82.4
4820,79.7,74.5,74.7,84.7,85.4,84.5,84.7,82.0,79.0,80.1,79.4,81.0,79.2,80.7,82.6,80.0,79.5,77.9,78.5,77.0,81.6,79.4,81.4,80.6,82.7,83.0,84.2,80.8,79.4,80.0,82.4,76.7,78.9,81.0,81.4,79.6,77.3,72.7,82.6,73.8,80.2,74.6,82.3,82.5,79.6,73.7,79.8,78.7,83.2,81.8,77.6,81.4,79.9,75.9,82.1,80.4,83.5,84.9,87.3,79.1,82.1,85.8,80.3,84.2,80.8,77.5,77.8,81.8,78.0,79.0,75.3,82.6,78.2,85.5,82.5,77.0,77.5,76.7,80.5,83.2,82.5,81.6,76.5,74.3,80.0,79.3,77.9
4821,77.0,72.2,72.8,81.1,82.5,82.2,82.6,79.3,77.4,78.9,77.4,78.8,77.5,78.7,80.3,78.1,77.0,74.0,76.6,75.3,79.2,77.4,79.0,78.3,79.3,80.4,82.7,78.5,77.3,78.0,80.1,75.0,76.3,78.8,79.0,76.8,75.0,70.9,79.5,71.7,78.3,72.4,78.7,79.4,77.7,71.6,77.5,75.8,80.7,77.1,75.2,79.2,77.4,74.0,78.7,76.4,79.4,81.7,83.1,76.3,78.3,79.5,74.7,80.8,77.3,73.8,74.8,80.2,76.1,77.0,73.6,78.7,76.0,82.1,79.3,74.1,75.9,75.0,78.4,79.8,79.5,78.1,71.6,72.9,77.5,77.2,74.9
4822,75.1,70.8,71.2,79.0,80.6,80.6,81.0,77.9,75.9,77.5,76.0,77.2,76.1,77.4,78.8,76.8,75.7,71.7,75.2,74.0,77.5,76.1,77.7,76.9,77.4,78.8,81.3,77.0,75.7,76.7,78.8,74.1,74.8,77.1,77.5,75.2,73.4,69.6,77.4,70.0,76.6,71.0,76.5,77.4,75.9,70.1,75.2,73.5,78.0,74.8,73.3,77.1,75.7,72.4,77.0,73.2,77.3,79.6,79.5,74.0,76.0,76.7,71.7,78.4,74.5,71.7,72.0,78.9,74.9,75.9,72.2,76.5,73.8,80.4,76.5,72.6,74.8,73.7,77.0,77.8,77.8,76.1,70.9,71.6,75.8,75.9,73.1
4823,73.5,69.6,69.6,77.0,79.1,79.1,79.3,76.9,75.0,76.3,75.0,76.0,75.1,76.2,77.6,75.7,74.8,69.9,74.1,73.1,76.4,75.0,76.7,75.9,75.8,77.5,80.2,75.7,74.4,75.6,77.6,73.1,73.6,75.5,76.3,74.2,72.0,68.4,75.9,68.7,75.6,70.0,74.8,76.0,74.3,68.9,72.9,71.2,75.1,73.4,71.8,75.2,74.1,70.9,75.5,70.4,75.8,78.1,76.5,72.8,73.4,75.0,69.2,75.7,72.5,69.9,69.8,77.7,73.9,74.8,70.9,74.5,71.8,78.5,73.4,71.0,73.8,72.9,76.0,76.2,76.6,74.5,70.3,70.6,74.5,74.7,71.8
4824,72.2,68.2,68.4,75.1,77.9,77.8,78.1,75.9,74.0,75.1,74.1,75.1,74.2,75.2,76.5,74.8,74.0,68.2,73.1,72.2,75.3,74.0,75.6,75.0,74.5,76.4,78.9,74.5,73.5,74.7,76.5,72.5,72.7,74.2,75.3,73.3,70.8,67.3,74.5,67.3,74.4,68.9,73.4,74.6,72.8,67.9,71.4,69.1,72.0,71.3,70.9,73.1,73.0,69.6,74.2,68.1,74.3,76.6,74.0,71.4,71.0,73.3,67.9,73.2,70.6,67.8,67.8,76.7,72.9,74.0,69.7,73.0,70.2,76.9,70.7,69.7,73.0,72.0,74.8,74.9,75.5,73.3,69.0,69.7,73.2,73.8,70.8
4825,70.8,67.3,67.3,73.7,76.7,76.7,77.0,75.0,73.2,74.4,73.3,74.2,73.5,74.3,75.6,74.1,73.1,66.2,72.4,71.3,74.3,73.3,74.7,73.9,73.3,75.4,77.9,73.5,72.7,73.7,75.6,71.7,71.7,73.2,74.3,72.5,69.9,66.2,73.3,66.2,73.4,67.9,72.1,73.2,71.3,66.6,70.0,67.0,68.7,69.6,70.2,70.5,71.6,68.5,72.6,66.2,73.1,75.3,71.9,70.1,69.1,71.6,66.1,69.7,68.5,66.0,65.7,75.7,72.1,73.4,68.6,71.3,68.7,75.6,68.6,68.3,72.3,71.2,74.0,73.8,74.4,71.8,68.6,69.0,72.2,72.9,70.0
4826,69.5,66.3,66.3,72.6,75.8,75.6,76.0,74.0,72.5,73.7,72.6,73.4,72.6,73.5,74.7,73.4,72.4,64.7,71.7,70.6,73.6,72.4,73.9,73.2,72.2,74.4,77.1,72.7,71.9,73.0,74.8,71.1,70.8,72.3,73.3,71.6,69.0,65.3,72.1,64.9,72.4,67.0,71.0,71.9,70.0,65.7,68.5,65.4,65.9,67.9,69.2,68.3,70.5,67.4,71.5,64.2,71.7,74.4,70.0,68.6,67.5,70.2,64.0,67.1,66.4,64.0,63.6,74.9,71.4,72.7,67.5,69.8,67.4,74.1,66.7,66.6,71.7,70.5,73.1,72.6,73.3,70.6,68.0,68.4,71.2,72.1,69.4
4827,68.1,65.4,65.3,71.3,74.8,74.8,74.9,73.1,71.9,72.9,71.9,72.7,72.1,72.7,74.0,72.8,71.8,63.0,71.1,70.0,72.8,71.7,73.1,72.4,71.4,73.5,76.4,72.0,71.2,72.3,74.0,70.4,69.8,71.4,72.8,70.9,68.3,64.4,71.1,63.6,71.4,66.3,70.1,70.7,68.7,64.7,67.2,63.7,63.8,66.3,68.3,66.6,69.2,66.7,70.3,62.6,70.5,73.3,68.6,67.0,65.8,68.7,62.3,64.5,64.4,62.0,61.7,74.0,70.7,72.0,66.4,68.8,66.0,73.0,64.5,65.4,71.1,69.8,72.5,71.6,72.4,69.4,67.1,67.7,70.1,71.1,68.8
4828,66.7,64.7,64.6,70.4,73.9,74.0,74.1,72.3,71.3,72.2,71.3,72.0,71.4,72.1,73.3,72.3,71.1,61.5,70.5,69.6,72.2,71.2,72.6,71.6,70.6,72.6,75.6,71.4,70.4,71.6,73.2,69.8,69.2,70.7,71.8,70.2,67.5,63.6,70.2,62.4,70.5,65.6,69.1,69.3,67.6,63.8,65.9,62.6,62.0,65.1,67.4,65.2,68.0,65.7,68.9,60.9,69.3,72.6,66.8,65.2,64.3,67.1,60.9,62.3,63.0,59.8,59.8,73.3,70.1,71.4,65.4,67.8,65.0,71.6,62.3,64.3,70.6,69.2,72.0,70.6,71.5,68.4,66.0,67.2,69.3,70.4,68.0
4829,65.7,64.1,63.8,69.4,73.1,73.3,73.3,71.5,70.8,71.6,70.8,71.5,70.9,71.5,72.3,71.6,70.5,60.7,70.0,69.2,71.5,70.7,71.9,70.8,69.8,71.7,75.0,70.7,69.8,71.2,72.5,69.4,68.5,69.9,71.1,69.5,66.8,62.6,69.3,61.4,69.7,65.1,68.4,68.0,66.6,63.1,64.8,61.6,60.5,63.8,66.6,63.9,66.8,65.0,67.9,60.3,68.3,71.8,65.6,64.8,63.7,65.5,60.1,60.4,61.7,58.6,57.9,72.8,69.6,70.8,64.4,66.9,64.0,70.5,61.5,63.1,70.2,68.8,71.3,69.7,70.8,67.5,64.4,67.1,68.5,69.7,67.4
4830,68.7,66.5,66.7,68.5,72.8,73.1,73.2,71.7,71.6,72.2,72.3,72.0,72.3,71.5,72.3,72.3,70.9,65.8,71.3,71.1,71.7,71.1,72.4,70.8,69.3,71.6,75.1,70.9,70.7,71.6,72.7,70.7,68.4,70.1,71.1,69.7,68.6,64.4,68.5,63.0,69.7,67.8,67.8,68.8,68.7,65.2,65.7,65.5,65.3,63.6,66.2,65.2,66.8,67.6,67.3,64.0,68.2,72.1,65.0,67.8,66.5,64.3,64.6,64.8,62.6,62.9,60.3,72.8,70.5,72.1,64.4,66.2,66.4,71.0,66.9,62.8,71.8,70.5,71.7,69.3,70.3,66.9,64.3,68.9,68.3,69.9,68.1
4831,73.4,70.8,71.6,71.0,75.1,75.1,75.6,74.6,74.5,74.6,75.3,74.3,75.4,73.8,75.0,74.9,74.4,70.5,74.5,74.2,74.6,73.9,75.5,73.1,71.8,74.5,76.8,73.8,73.6,74.5,75.2,73.5,70.9,72.6,72.8,72.3,72.7,68.9,70.7,68.3,72.0,72.9,69.9,72.7,72.7,70.1,69.3,72.1,73.1,68.3,69.5,68.7,71.1,71.4,69.2,68.9,71.2,75.1,67.8,71.9,69.3,67.2,70.1,73.0,65.2,68.9,66.3,74.9,73.9,75.0,68.3,68.8,71.0,75.9,73.7,68.4,74.8,73.6,74.5,71.5,72.8,69.0,69.1,71.4,70.4,72.4,71.1
4832,77.9,75.0,76.2,75.7,78.6,78.1,79.0,77.6,77.5,77.1,78.4,77.2,78.2,76.7,78.4,77.9,77.8,73.8,77.8,77.4,78.0,77.1,79.0,76.0,75.9,78.2,79.1,77.3,76.3,77.8,78.2,76.3,74.0,75.8,75.4,75.1,76.6,73.2,75.2,72.5,74.6,77.3,74.0,76.4,76.8,75.5,73.0,76.7,79.9,74.4,74.1,73.1,75.7,75.5,72.5,74.0,75.3,78.6,71.9,75.6,72.6,71.8,74.2,79.4,68.6,73.6,70.8,77.5,77.3,77.7,72.6,74.2,75.7,80.1,78.6,73.3,78.0,76.7,77.6,75.3,76.6,72.7,74.1,74.1,73.3,75.7,74.2
4833,81.9,78.7,80.0,80.6,82.0,81.2,82.1,80.9,80.2,79.7,81.0,80.2,80.9,79.2,81.7,80.7,81.0,77.2,80.7,80.2,81.1,80.1,82.0,79.1,79.8,81.7,81.6,80.9,79.0,80.7,81.2,79.1,77.0,79.0,78.0,77.8,80.0,76.8,79.4,76.2,77.5,80.9,78.2,79.6,80.9,79.6,76.9,80.5,84.9,79.9,77.8,77.9,79.9,79.4,76.6,78.0,79.6,82.0,75.7,78.9,76.6,76.8,78.0,84.1,72.5,77.3,75.1,79.9,80.1,80.1,77.0,78.8,80.1,83.4,82.4,77.9,80.8,79.1,80.5,79.5,80.4,76.8,77.4,76.5,76.3,78.8,77.2
4834,85.7,82.3,83.1,84.5,85.2,84.0,85.1,83.8,82.6,81.9,83.2,82.7,83.3,81.4,84.4,82.9,83.7,80.6,82.8,82.4,83.7,82.4,84.5,82.2,83.4,84.7,83.8,83.6,81.3,83.2,83.7,81.6,79.7,81.7,80.6,80.3,83.3,80.0,83.1,79.5,80.4,83.9,82.1,82.7,84.9,83.1,80.8,84.0,89.0,83.9,80.9,82.5,83.8,82.8,80.8,81.2,83.2,85.2,79.3,81.6,80.5,80.6,81.3,87.7,76.5,80.8,78.9,82.2,82.4,82.4,80.6,82.6,84.2,86.2,85.9,81.9,83.1,81.2,82.9,83.2,83.8,80.7,79.9,78.6,78.9,81.4,79.9
4835,88.8,85.1,85.7,87.8,87.8,86.4,87.7,86.4,84.5,83.9,85.1,84.6,85.3,83.4,86.7,84.8,85.9,83.6,84.4,84.1,86.0,84.2,86.6,84.5,86.5,87.4,85.7,86.0,83.3,85.0,86.1,83.6,82.1,83.9,82.8,82.4,85.8,82.9,86.0,82.4,83.2,86.2,85.3,85.8,88.1,85.7,84.2,86.8,92.7,87.2,83.4,86.5,87.0,85.4,83.9,83.8,85.7,88.0,82.6,83.6,84.0,84.1,84.3,90.5,80.2,83.8,83.0,84.2,84.1,84.2,83.6,85.8,87.4,89.0,88.8,84.5,84.7,82.9,84.9,86.4,86.5,84.0,82.4,80.3,81.3,83.4,82.0
4836,91.0,87.4,87.5,90.3,90.2,88.7,89.7,88.5,85.9,85.6,86.6,86.0,86.7,85.1,88.8,86.2,87.8,86.2,85.8,85.0,87.8,85.8,88.2,86.6,89.2,89.8,87.3,87.7,85.0,86.4,87.8,85.1,83.9,85.7,84.6,84.2,87.6,85.3,88.1,84.6,85.6,88.0,88.0,88.6,90.6,87.5,87.2,88.9,95.3,89.8,85.0,89.4,89.3,87.5,86.0,86.0,87.6,90.2,85.9,85.5,86.8,86.9,86.8,92.9,84.1,86.2,86.5,85.8,85.6,85.7,85.6,88.3,90.0,91.2,91.3,86.3,86.0,84.0,86.8,89.0,88.8,86.5,85.0,81.4,83.3,85.1,83.8
4837,93.1,88.7,88.8,92.4,91.9,90.3,91.3,90.0,87.1,86.9,87.7,87.0,87.9,86.2,90.4,87.4,89.2,88.5,86.8,85.8,89.4,87.0,89.6,88.1,91.1,91.6,88.5,89.2,86.3,87.6,89.3,86.3,85.4,87.1,86.0,85.6,88.9,86.6,89.6,85.2,87.6,88.8,90.0,90.5,92.5,88.2,89.5,90.5,96.9,91.3,85.5,91.6,90.8,89.3,87.6,87.4,89.2,91.7,88.8,86.9,89.1,89.2,88.9,95.0,87.4,87.9,89.2,87.0,86.2,86.8,86.8,90.6,91.5,93.1,93.3,87.8,86.8,85.0,87.8,91.0,90.4,88.6,86.9,82.3,84.9,86.2,85.2
4838,94.2,88.9,89.5,93.6,92.9,91.4,92.5,90.9,87.7,87.9,88.4,87.8,88.7,87.3,91.6,88.0,90.1,90.1,87.3,86.3,90.2,87.8,90.7,89.2,92.4,92.7,89.4,90.2,87.0,88.3,90.1,86.8,86.6,88.3,87.0,86.4,89.9,86.5,90.6,85.2,88.9,89.1,91.3,91.9,93.7,87.7,91.0,91.2,97.5,92.1,85.9,92.7,91.3,90.4,88.8,88.6,90.4,92.7,90.9,88.0,90.5,91.2,90.6,96.3,90.1,89.1,91.3,87.7,86.7,87.9,87.0,92.1,92.2,94.6,94.7,88.0,87.0,85.5,88.9,92.3,91.7,90.0,88.4,82.5,86.3,87.1,86.2
4839,94.5,88.0,89.4,94.7,93.5,92.2,92.9,91.5,87.9,88.2,88.3,88.1,88.9,87.6,92.1,88.4,90.3,91.3,87.5,86.4,90.7,88.4,90.9,89.7,92.9,93.1,89.8,90.6,87.6,88.5,90.7,86.8,87.2,88.8,87.6,87.2,90.4,85.9,91.0,85.2,89.4,88.6,92.1,92.4,93.9,86.3,91.4,91.1,97.0,92.0,85.5,92.7,91.5,90.6,89.6,89.2,91.1,93.3,92.4,88.8,91.3,92.7,91.8,96.8,91.8,89.7,92.3,88.3,86.6,88.1,86.3,92.9,92.1,95.3,95.5,87.6,86.9,85.6,89.4,92.9,92.2,90.6,88.9,82.4,87.0,87.4,86.8
4840,93.5,86.6,88.6,94.6,93.4,92.2,93.0,91.4,87.7,88.1,87.9,88.4,88.5,87.7,91.7,88.3,90.1,91.5,87.1,86.0,90.6,88.5,91.1,89.8,92.9,93.1,89.7,90.4,87.5,88.3,90.6,86.4,87.1,88.8,87.7,87.3,89.7,84.4,90.9,84.5,88.7,87.4,92.2,92.4,93.1,85.0,90.9,90.2,96.0,91.3,84.6,92.2,90.3,90.0,89.9,89.6,91.5,93.3,93.3,89.0,91.5,93.7,92.3,96.8,92.3,90.0,92.2,88.5,86.3,88.0,85.0,93.0,90.6,94.7,95.3,87.0,86.3,85.2,89.1,92.9,92.3,90.6,89.4,81.6,87.3,87.3,86.9
4841,91.2,84.4,86.8,93.4,92.8,91.4,92.1,90.7,86.8,87.5,86.9,87.8,87.6,86.9,90.9,87.6,89.6,91.2,86.3,84.9,89.9,87.9,90.3,89.1,91.8,92.2,89.1,89.6,87.0,87.4,90.0,85.6,86.5,88.3,87.2,86.8,88.0,82.3,90.4,83.2,87.8,85.2,91.6,91.4,90.9,82.8,89.0,88.8,94.5,90.4,83.5,90.4,88.7,88.1,89.4,89.3,91.1,92.8,93.5,88.7,90.9,93.9,91.9,95.9,91.7,89.0,90.7,87.8,85.4,87.1,82.9,92.2,87.7,93.8,94.6,85.6,85.3,84.4,88.4,92.2,91.5,90.3,89.1,80.6,86.8,86.8,86.2
4842,87.8,81.6,83.4,91.8,91.3,89.9,90.7,89.2,85.2,86.1,85.3,86.7,86.0,85.6,89.2,86.0,87.9,89.5,84.4,83.4,88.2,86.3,88.9,87.6,89.9,90.5,88.0,87.9,85.8,85.9,88.7,83.9,85.0,86.9,86.2,85.4,85.5,79.6,89.0,80.6,85.6,82.1,89.6,89.5,87.1,80.1,86.7,86.9,91.7,88.9,82.2,88.0,86.5,84.9,88.3,87.9,90.1,91.4,92.8,87.3,89.2,93.1,90.4,93.9,89.4,86.9,87.5,86.6,83.9,85.3,80.5,90.3,85.2,92.4,92.3,83.9,83.7,83.0,87.0,90.5,89.7,88.5,87.8,78.9,85.3,85.4,84.7
4843,83.1,78.1,78.5,88.7,88.9,87.4,87.9,86.2,82.2,83.4,82.5,84.4,82.7,83.5,86.4,83.3,84.7,85.2,81.6,80.1,85.6,83.2,85.8,84.7,86.8,87.5,86.3,84.8,83.1,83.4,86.1,80.6,82.4,84.4,84.1,82.8,80.9,75.8,86.4,77.0,83.1,77.8,86.7,86.7,82.8,76.3,83.8,83.3,87.2,86.2,80.4,84.8,83.2,79.9,86.1,85.2,87.9,89.3,91.2,84.6,86.2,91.4,86.7,90.0,85.8,83.1,83.4,84.4,81.1,82.4,78.1,87.3,81.4,89.8,87.8,81.5,80.6,80.1,84.3,87.5,86.8,85.5,85.3,76.7,82.9,82.8,82.1
4844,79.5,74.3,74.4,84.5,85.2,84.3,84.5,82.0,79.1,80.1,79.4,81.1,79.2,80.6,82.5,80.0,79.6,78.0,78.4,76.9,81.6,79.4,81.2,80.4,82.4,83.0,84.2,80.8,79.3,79.9,82.5,76.8,78.6,80.8,81.1,79.3,77.2,72.5,82.4,73.7,80.1,74.4,82.0,82.2,79.2,73.3,79.7,78.8,83.2,81.6,77.4,81.5,79.8,75.7,82.1,80.6,83.5,84.9,87.6,79.2,82.3,86.0,80.4,84.3,81.1,77.6,78.0,81.8,77.8,79.0,75.2,82.4,77.9,85.4,82.5,76.9,77.4,76.7,80.4,82.8,82.2,81.1,76.5,74.5,79.6,79.3,77.6
4845,76.8,72.1,72.5,80.9,82.3,82.0,82.5,79.3,77.4,78.8,77.4,78.9,77.5,78.7,80.3,78.1,77.1,74.1,76.5,75.3,79.2,77.4,78.8,78.1,79.2,80.4,82.8,78.4,77.3,77.9,80.1,75.0,76.0,78.6,78.8,76.6,74.9,70.8,79.3,71.6,78.1,72.2,78.5,79.3,77.3,71.2,77.4,75.9,80.8,77.0,75.0,79.3,77.2,73.7,78.8,76.6,79.5,81.7,83.3,76.5,78.5,79.7,74.7,80.8,77.6,73.9,75.0,80.2,76.0,77.0,73.4,78.6,75.6,81.9,79.3,74.1,75.8,75.0,78.4,79.5,79.3,77.7,71.7,73.1,77.2,77.2,74.7
4846,74.8,70.6,70.9,78.8,80.5,80.5,80.9,77.9,76.0,77.6,76.0,77.2,76.1,77.4,78.8,76.8,75.8,71.8,75.2,73.9,77.6,76.1,77.6,76.6,77.2,78.8,81.4,77.0,75.7,76.6,78.9,74.1,74.5,76.9,77.4,75.1,73.3,69.5,77.2,69.9,76.5,70.8,76.3,77.3,75.5,69.8,75.2,73.6,78.0,74.8,73.1,77.2,75.7,72.3,77.0,73.3,77.3,79.5,79.6,74.3,76.3,76.9,71.7,78.3,74.8,71.8,72.2,78.9,74.8,75.9,72.0,76.4,73.6,80.3,76.5,72.6,74.8,73.7,77.0,77.5,77.7,75.9,71.0,71.7,75.5,75.8,72.9
4847,73.3,69.4,69.4,76.9,79.0,79.0,79.3,76.9,75.1,76.4,74.9,76.1,75.0,76.3,77.5,75.7,74.9,70.0,74.0,73.0,76.5,75.0,76.6,75.7,75.6,77.4,80.2,75.7,74.5,75.5,77.6,73.0,73.4,75.4,76.1,74.0,71.9,68.3,75.8,68.6,75.5,69.8,74.7,76.0,74.0,68.7,72.9,71.3,75.2,73.5,71.7,75.3,74.2,70.7,75.5,70.6,75.8,78.1,76.7,72.9,73.6,75.2,69.2,75.7,72.7,70.2,70.1,77.8,73.8,74.8,70.8,74.4,71.6,78.3,73.5,71.1,73.7,72.9,76.0,75.8,76.4,74.3,70.4,70.7,74.2,74.7,71.5
4848,72.1,68.1,68.2,74.9,77.8,77.6,78.0,75.8,74.1,75.1,74.1,75.2,74.2,75.2,76.4,74.9,74.1,68.3,73.1,72.1,75.4,74.0,75.5,74.8,74.3,76.3,79.0,74.5,73.6,74.5,76.5,72.5,72.5,74.0,75.1,73.2,70.7,67.1,74.4,67.3,74.3,68.7,73.2,74.4,72.5,67.7,71.3,69.3,72.1,71.4,70.8,73.2,73.0,69.4,74.2,68.2,74.3,76.6,74.2,71.5,71.3,73.5,68.0,73.1,70.9,68.1,68.0,76.8,72.8,74.0,69.6,72.9,70.1,76.8,70.7,69.8,72.9,72.0,74.9,74.6,75.3,73.0,69.0,69.9,73.0,73.7,70.5
4849,70.7,67.1,67.1,73.6,76.6,76.6,77.0,74.8,73.3,74.5,73.2,74.3,73.4,74.4,75.6,74.2,73.2,66.3,72.4,71.2,74.3,73.3,74.6,73.8,73.1,75.3,78.0,73.5,72.7,73.6,75.6,71.7,71.5,73.1,74.1,72.3,69.8,66.1,73.2,66.2,73.3,67.8,71.9,73.0,71.1,66.4,69.9,67.2,68.7,69.6,70.1,70.7,71.6,68.4,72.6,66.3,73.1,75.3,72.1,70.2,69.2,71.8,66.1,69.6,68.7,66.3,65.9,75.7,72.0,73.4,68.5,71.3,68.6,75.4,68.6,68.4,72.2,71.2,74.0,73.6,74.2,71.7,68.7,69.2,72.0,72.8,69.7
4850,69.4,66.1,66.1,72.5,75.7,75.6,75.9,73.9,72.6,73.7,72.5,73.5,72.5,73.5,74.7,73.5,72.5,64.8,71.6,70.6,73.6,72.4,73.9,73.0,72.1,74.3,77.1,72.7,71.8,72.9,74.8,71.1,70.6,72.1,73.2,71.4,68.9,65.2,71.9,64.9,72.3,66.8,70.9,71.6,69.9,65.5,68.5,65.5,66.0,68.1,69.1,68.4,70.5,67.3,71.6,64.3,71.8,74.3,70.3,68.7,67.7,70.3,64.0,67.0,66.6,64.3,63.8,74.9,71.3,72.6,67.5,69.8,67.3,73.9,66.8,66.7,71.6,70.4,73.2,72.4,73.1,70.4,68.0,68.5,71.0,72.0,69.1
4851,68.1,65.3,65.2,71.3,74.7,74.7,74.8,73.0,72.0,72.9,71.8,72.7,72.0,72.7,73.9,72.9,71.8,63.2,71.0,70.0,72.8,71.7,73.0,72.2,71.2,73.4,76.3,72.0,71.2,72.2,74.0,70.4,69.7,71.2,72.6,70.7,68.3,64.2,70.9,63.6,71.3,66.1,69.9,70.5,68.5,64.5,67.1,63.9,63.7,66.5,68.3,66.8,69.2,66.5,70.3,62.7,70.5,73.2,68.8,67.1,66.0,68.8,62.5,64.6,64.6,62.3,61.8,74.0,70.7,71.9,66.4,68.8,66.0,72.9,64.6,65.5,71.0,69.8,72.5,71.4,72.2,69.3,67.2,67.8,70.0,71.0,68.5
4852,66.7,64.6,64.4,70.3,73.8,74.0,74.0,72.2,71.4,72.3,71.3,72.0,71.4,72.0,73.2,72.3,71.1,61.6,70.5,69.5,72.1,71.1,72.6,71.6,70.4,72.6,75.6,71.3,70.4,71.6,73.2,69.9,69.0,70.5,71.6,70.0,67.4,63.4,70.0,62.4,70.4,65.3,68.9,69.1,67.5,63.6,65.8,62.7,62.0,65.2,67.4,65.3,68.1,65.6,68.9,61.0,69.3,72.6,67.0,65.3,64.5,67.2,61.1,62.4,63.2,60.0,59.9,73.3,70.1,71.3,65.4,67.8,65.0,71.4,62.5,64.5,70.5,69.2,71.9,70.4,71.3,68.3,66.0,67.3,69.1,70.3,67.8
4853,65.7,64.0,63.7,69.3,73.0,73.3,73.3,71.4,70.8,71.5,70.8,71.6,70.9,71.4,72.3,71.6,70.5,60.9,70.0,69.2,71.4,70.6,71.9,70.7,69.7,71.7,75.0,70.7,69.8,71.2,72.5,69.4,68.3,69.7,70.9,69.3,66.7,62.5,69.2,61.4,69.6,64.9,68.2,67.9,66.6,63.0,64.8,61.8,60.5,64.0,66.6,64.1,66.9,64.9,67.9,60.3,68.4,71.9,65.9,64.8,63.8,65.5,60.2,60.5,61.9,58.8,57.9,72.7,69.5,70.8,64.4,66.9,63.9,70.4,61.7,63.3,70.1,68.8,71.3,69.5,70.6,67.4,64.5,67.2,68.4,69.6,67.1
4854,68.6,66.3,66.5,68.5,72.8,73.1,73.2,71.6,71.5,72.1,72.2,71.9,72.2,71.5,72.2,72.2,70.9,65.9,71.2,71.1,71.6,71.0,72.3,70.7,69.2,71.5,75.0,70.8,70.7,71.6,72.6,70.6,68.2,69.9,70.9,69.5,68.5,64.2,68.3,62.9,69.7,67.5,67.7,68.6,68.6,65.0,65.6,65.6,65.1,63.8,66.2,65.2,66.8,67.4,67.4,64.0,68.2,72.1,65.2,67.7,66.6,64.3,64.7,64.7,62.7,63.0,60.2,72.8,70.4,72.0,64.4,66.2,66.3,70.8,66.9,62.8,71.7,70.4,71.6,69.1,70.2,66.8,64.3,68.9,68.2,69.8,67.8
4855,73.2,70.6,71.2,70.8,74.9,75.1,75.5,74.5,74.4,74.5,75.2,74.2,75.3,73.7,74.9,74.8,74.3,70.7,74.4,74.2,74.5,73.8,75.4,72.9,71.6,74.4,76.6,73.7,73.5,74.5,75.0,73.4,70.7,72.4,72.6,72.1,72.5,68.7,70.4,68.2,71.9,72.6,69.7,72.4,72.5,69.8,69.2,72.1,73.1,68.4,69.4,68.8,71.0,71.2,69.1,69.0,71.2,75.1,68.0,71.9,69.5,67.2,70.2,73.0,65.3,69.0,66.4,74.8,73.9,74.9,68.3,68.8,70.8,75.7,73.7,68.4,74.7,73.5,74.3,71.3,72.6,68.8,69.1,71.4,70.1,72.2,70.8
4856,77.7,74.7,75.8,75.5,78.3,78.1,78.9,77.5,77.3,77.0,78.4,77.2,78.0,76.6,78.4,77.7,77.7,74.0,77.7,77.3,77.9,77.0,78.9,75.8,75.6,78.0,78.9,77.2,76.2,77.8,78.0,76.2,73.7,75.6,75.2,74.8,76.5,72.9,74.9,72.3,74.5,76.9,73.8,76.1,76.5,75.2,73.0,76.7,79.8,74.5,74.0,73.2,75.7,75.3,72.4,74.2,75.3,78.6,72.1,75.7,72.8,71.7,74.3,79.5,68.7,73.7,70.9,77.3,77.3,77.5,72.6,74.0,75.5,79.9,78.6,73.3,77.9,76.5,77.4,75.1,76.3,72.4,74.2,74.1,73.0,75.5,73.9
4857,81.6,78.4,79.6,80.2,81.7,81.1,82.0,80.7,80.1,79.5,80.8,80.1,80.7,79.1,81.6,80.5,80.8,77.4,80.5,80.1,80.9,79.9,81.9,78.8,79.5,81.5,81.3,80.7,78.9,80.6,80.9,79.1,76.7,78.7,77.8,77.6,79.8,76.5,79.1,75.9,77.3,80.4,77.9,79.3,80.5,79.3,76.8,80.6,84.9,79.9,77.8,78.0,79.9,79.0,76.6,78.2,79.6,82.0,75.9,79.1,76.8,76.8,78.2,84.2,72.6,77.5,75.3,79.7,80.2,79.9,76.9,78.4,79.7,83.3,82.6,77.9,80.7,78.9,80.4,79.1,80.1,76.5,77.5,76.5,75.9,78.5,77.0
4858,85.3,82.0,82.7,84.1,84.9,83.9,85.0,83.5,82.4,81.7,83.0,82.5,83.1,81.3,84.4,82.7,83.5,80.8,82.7,82.2,83.5,82.2,84.5,81.8,83.0,84.5,83.6,83.5,81.1,83.2,83.5,81.5,79.4,81.3,80.3,79.9,83.1,79.7,82.7,79.2,80.2,83.5,81.7,82.4,84.5,82.6,80.7,84.0,89.1,83.8,80.9,82.7,83.8,82.4,80.8,81.5,83.2,85.2,79.5,81.8,80.7,80.6,81.5,87.9,76.6,81.0,79.1,82.0,82.4,82.2,80.5,82.2,83.8,86.1,86.0,81.9,82.9,81.0,82.7,82.9,83.4,80.4,80.0,78.7,78.6,81.1,79.7
4859,88.4,84.8,85.3,87.4,87.5,86.3,87.6,86.0,84.3,83.8,84.9,84.4,85.0,83.3,86.7,84.7,85.7,83.8,84.2,84.0,85.8,84.1,86.6,84.1,86.0,87.2,85.5,85.9,83.2,85.0,85.9,83.6,81.7,83.5,82.5,82.0,85.6,82.7,85.7,82.1,82.9,85.9,84.9,85.5,87.6,85.3,84.1,86.9,92.8,87.1,83.4,86.6,87.0,85.0,83.9,84.0,85.7,88.0,82.8,83.9,84.3,84.2,84.4,90.7,80.3,84.0,83.1,84.0,84.1,83.9,83.6,85.5,87.0,88.8,88.9,84.6,84.5,82.6,84.7,85.9,86.0,83.7,82.5,80.4,80.9,83.1,81.7
4860,90.7,87.0,87.1,89.9,89.8,88.6,89.6,88.0,85.7,85.4,86.4,85.8,86.5,85.0,88.8,86.2,87.6,86.4,85.5,84.9,87.6,85.7,88.2,86.1,88.8,89.6,87.1,87.6,84.7,86.5,87.6,85.1,83.4,85.3,84.2,83.8,87.3,85.1,87.8,84.2,85.3,87.7,87.6,88.3,90.2,87.2,87.1,88.9,95.4,89.9,85.0,89.5,89.3,87.1,86.0,86.1,87.6,90.3,86.1,85.7,87.1,87.0,86.9,93.0,84.2,86.4,86.6,85.6,85.5,85.5,85.5,88.0,89.6,91.0,91.4,86.3,85.8,83.8,86.6,88.5,88.3,86.1,85.2,81.6,82.9,84.7,83.5
4861,92.7,88.4,88.4,92.0,91.5,90.2,91.2,89.6,86.9,86.6,87.5,86.9,87.7,86.1,90.3,87.3,89.0,88.8,86.6,85.6,89.1,86.9,89.6,87.6,90.8,91.4,88.2,89.1,85.9,87.7,88.9,86.2,85.1,86.6,85.7,85.1,88.7,86.3,89.3,84.8,87.4,88.6,89.6,90.3,92.2,87.9,89.3,90.5,96.9,91.2,85.6,91.8,90.8,89.0,87.6,87.6,89.2,91.7,89.0,87.1,89.4,89.3,89.1,95.1,87.5,88.1,89.4,86.8,86.3,86.6,86.7,90.3,91.2,93.0,93.5,87.6,86.5,84.8,87.8,90.4,89.9,88.2,87.2,82.5,84.5,85.8,84.8
4862,93.8,88.6,89.1,93.3,92.5,91.2,92.2,90.4,87.5,87.5,88.2,87.6,88.5,87.2,91.5,88.0,89.8,90.4,87.1,86.0,90.0,87.7,90.6,88.6,92.0,92.4,89.1,90.0,86.6,88.4,89.8,86.8,86.2,87.8,86.7,85.9,89.8,86.3,90.3,84.9,88.6,89.0,90.9,91.7,93.4,87.6,90.8,91.2,97.6,91.9,85.9,92.7,91.5,90.1,88.9,88.9,90.5,92.7,91.1,88.3,90.8,91.3,90.8,96.4,90.2,89.3,91.5,87.6,86.8,87.7,86.9,91.7,92.0,94.6,94.8,87.9,86.7,85.3,88.8,91.7,91.2,89.6,88.6,82.7,85.9,86.6,85.8
4863,94.1,87.8,89.1,94.3,93.0,91.9,92.7,90.9,87.7,87.9,88.2,88.0,88.6,87.4,91.9,88.3,90.0,91.5,87.3,86.1,90.5,88.3,90.9,89.2,92.6,92.7,89.5,90.4,87.2,88.6,90.3,86.7,86.8,88.3,87.2,86.8,90.3,85.7,90.8,84.9,89.1,88.6,91.7,92.2,93.7,86.0,91.3,91.1,97.0,91.9,85.6,92.7,91.6,90.4,89.7,89.5,91.2,93.3,92.6,89.1,91.5,92.9,92.0,97.0,91.9,90.0,92.5,88.1,86.7,87.8,86.2,92.6,91.8,95.3,95.6,87.5,86.7,85.5,89.1,92.4,91.7,90.3,89.1,82.6,86.6,86.9,86.5
4864,93.2,86.4,88.3,94.3,92.9,91.9,92.8,90.9,87.5,87.8,87.7,88.3,88.3,87.4,91.5,88.2,89.8,91.8,86.9,85.8,90.2,88.3,91.0,89.3,92.5,92.7,89.4,90.1,87.1,88.4,90.2,86.3,86.7,88.3,87.3,86.9,89.6,84.2,90.8,84.2,88.3,87.3,91.8,92.3,92.8,84.7,90.7,90.1,95.9,91.1,84.7,92.2,90.4,89.8,89.9,89.8,91.5,93.4,93.5,89.2,91.7,93.8,92.5,96.9,92.4,90.2,92.3,88.2,86.3,87.6,84.8,92.8,90.4,94.6,95.4,86.9,86.2,85.1,88.8,92.5,91.9,90.3,89.5,81.8,86.9,86.8,86.5
4865,91.0,84.3,86.5,93.2,92.4,91.1,91.8,90.2,86.6,87.1,86.6,87.6,87.3,86.6,90.5,87.5,89.2,91.4,86.1,84.8,89.5,87.6,90.2,88.5,91.5,91.7,88.8,89.2,86.6,87.5,89.6,85.5,86.2,87.8,86.9,86.4,88.0,82.0,90.1,82.8,87.5,85.1,91.3,91.2,90.6,82.8,88.9,88.7,94.4,90.1,83.5,90.4,88.8,87.9,89.4,89.5,91.2,92.8,93.8,88.9,91.1,94.1,92.1,96.0,91.7,89.3,90.7,87.5,85.4,86.8,82.7,92.0,87.6,93.7,94.6,85.4,85.2,84.2,88.1,91.8,91.1,89.8,89.2,80.7,86.4,86.4,85.8
4866,87.8,81.4,83.1,91.6,90.9,89.6,90.3,88.8,84.9,85.8,85.0,86.5,85.7,85.3,88.9,85.8,87.5,89.7,84.2,83.2,87.8,86.0,88.6,87.1,89.7,90.2,87.7,87.4,85.4,85.9,88.3,83.8,84.7,86.5,85.9,85.0,85.5,79.4,88.8,80.4,85.5,82.0,89.3,89.3,87.2,79.9,86.6,86.8,91.7,88.7,82.2,88.0,86.5,84.7,88.3,88.2,90.1,91.5,93.0,87.6,89.4,93.3,90.6,93.9,89.4,87.1,87.6,86.3,83.9,84.9,80.3,90.3,85.0,92.3,92.2,83.7,83.6,82.8,86.6,90.1,89.3,88.2,88.0,79.1,85.0,85.0,84.4
4867,83.0,77.8,78.3,88.6,88.4,87.1,87.6,85.8,81.9,83.2,82.3,84.1,82.5,83.2,86.0,83.0,84.3,85.3,81.4,79.9,85.2,82.9,85.5,84.3,86.5,87.2,85.9,84.4,82.8,83.4,85.7,80.4,82.0,84.1,83.9,82.5,80.9,75.6,86.3,76.8,83.0,77.7,86.4,86.6,82.9,76.1,83.7,83.1,87.1,85.9,80.3,84.8,83.2,79.8,86.1,85.4,88.0,89.2,91.4,84.8,86.3,91.5,86.8,90.0,85.8,83.2,83.4,84.1,81.1,82.0,77.8,87.2,81.2,89.6,87.8,81.2,80.5,79.9,84.0,87.0,86.4,85.2,85.5,76.8,82.6,82.4,81.8
4868,79.4,74.0,74.2,84.5,84.9,84.0,84.3,81.6,78.9,79.9,79.2,80.9,79.0,80.3,82.3,79.8,79.2,78.0,78.3,76.8,81.3,79.1,81.0,80.1,82.2,82.7,83.9,80.5,79.0,80.0,82.1,76.7,78.3,80.5,80.9,79.0,77.2,72.3,82.4,73.4,79.9,74.2,81.7,82.0,79.1,73.1,79.6,78.6,83.1,81.3,77.4,81.5,79.7,75.6,82.1,80.8,83.5,84.9,87.7,79.4,82.6,86.2,80.3,84.3,81.1,77.7,78.0,81.5,77.8,78.6,75.0,82.3,77.7,85.3,82.6,76.7,77.3,76.5,80.1,82.5,81.9,80.9,76.6,74.6,79.3,79.0,77.3
4869,76.6,71.9,72.3,80.9,82.1,81.9,82.3,79.1,77.2,78.6,77.2,78.7,77.2,78.5,80.0,77.9,76.9,74.2,76.3,75.1,79.0,77.1,78.7,77.9,79.0,80.1,82.5,78.2,76.9,78.0,79.8,75.0,75.9,78.4,78.6,76.3,75.0,70.6,79.3,71.4,78.0,72.0,78.3,79.1,77.1,71.1,77.3,75.8,80.7,76.9,75.0,79.3,77.3,73.6,78.8,76.8,79.5,81.7,83.6,76.8,78.7,79.8,74.7,81.0,77.6,74.0,75.0,79.9,76.1,76.8,73.3,78.5,75.4,81.9,79.4,74.0,75.7,74.7,78.1,79.2,79.1,77.6,71.9,73.1,77.0,76.9,74.4
4870,74.6,70.4,70.7,78.8,80.4,80.3,80.7,77.8,75.8,77.3,75.8,77.1,75.9,77.2,78.6,76.6,75.6,71.9,75.1,73.8,77.4,75.8,77.4,76.5,77.0,78.5,81.2,76.8,75.4,76.7,78.7,74.1,74.4,76.7,77.1,74.9,73.4,69.3,77.2,69.8,76.4,70.7,76.1,77.1,75.4,69.8,75.1,73.5,78.0,74.8,73.2,77.2,75.7,72.2,77.0,73.6,77.3,79.5,79.8,74.5,76.4,77.0,71.8,78.4,74.8,71.8,72.3,78.7,74.9,75.7,71.9,76.4,73.3,80.2,76.5,72.5,74.6,73.4,76.8,77.3,77.5,75.7,71.2,71.8,75.4,75.6,72.7
4871,73.1,69.2,69.3,76.8,78.9,78.9,79.1,76.8,74.8,76.1,74.7,75.9,74.8,76.1,77.4,75.5,74.8,70.1,73.9,72.8,76.3,74.8,76.4,75.6,75.5,77.3,80.0,75.5,74.2,75.6,77.5,73.0,73.3,75.2,75.9,73.9,72.0,68.2,75.8,68.5,75.4,69.7,74.5,75.7,73.8,68.6,72.9,71.2,75.1,73.3,71.7,75.3,74.2,70.6,75.6,70.8,75.9,78.1,76.9,73.1,73.8,75.4,69.4,75.7,72.7,70.2,70.1,77.6,73.8,74.6,70.7,74.4,71.5,78.3,73.5,71.0,73.7,72.6,75.8,75.6,76.2,74.0,70.6,70.8,74.1,74.5,71.4
4872,71.9,68.0,68.0,74.9,77.6,77.6,77.8,75.8,73.9,75.1,73.9,75.0,74.0,75.1,76.2,74.7,74.0,68.4,73.0,72.0,75.3,73.8,75.5,74.6,74.2,76.2,78.8,74.3,73.4,74.6,76.4,72.5,72.4,74.0,74.9,72.9,70.7,67.0,74.4,67.1,74.2,68.6,73.1,74.1,72.4,67.6,71.4,69.3,72.0,71.3,70.9,73.1,73.1,69.4,74.2,68.4,74.4,76.7,74.5,71.9,71.5,73.7,68.2,72.9,70.9,68.2,68.1,76.5,72.9,73.8,69.5,72.9,70.0,76.7,70.8,69.7,72.8,71.7,74.7,74.4,75.2,72.8,69.2,69.9,72.8,73.6,70.4
4873,70.6,67.0,66.9,73.6,76.6,76.5,76.9,74.8,73.1,74.4,73.1,74.1,73.3,74.2,75.5,74.1,73.2,66.5,72.2,71.1,74.2,73.1,74.6,73.7,73.2,75.3,77.8,73.4,72.5,73.7,75.4,71.7,71.3,73.1,74.0,72.1,69.9,66.0,73.1,66.0,73.2,67.7,71.9,72.8,71.0,66.3,69.9,67.2,68.6,69.6,70.2,70.6,71.6,68.3,72.7,66.4,73.2,75.4,72.3,70.5,69.3,72.0,66.2,69.4,68.7,66.5,65.9,75.5,72.0,73.2,68.4,71.3,68.5,75.3,68.6,68.3,72.1,70.9,73.9,73.4,74.1,71.5,68.9,69.2,71.8,72.7,69.6
4874,69.4,66.1,66.1,72.4,75.7,75.5,75.9,73.9,72.4,73.6,72.4,73.3,72.4,73.4,74.7,73.3,72.4,64.9,71.5,70.5,73.6,72.2,73.8,73.0,72.1,74.3,76.9,72.7,71.7,73.0,74.7,71.0,70.5,72.0,73.1,71.2,69.0,65.2,71.9,64.8,72.2,66.8,70.9,71.5,69.8,65.4,68.6,65.6,66.0,68.0,69.1,68.4,70.6,67.2,71.6,64.4,71.8,74.4,70.4,68.9,67.8,70.5,64.0,66.7,66.6,64.6,63.8,74.7,71.4,72.4,67.4,69.8,67.2,74.0,66.7,66.6,71.4,70.2,73.1,72.2,73.1,70.2,68.3,68.5,70.8,71.8,69.0
4875,68.0,65.4,65.1,71.2,74.7,74.7,74.8,73.0,71.8,72.8,71.7,72.5,71.9,72.6,73.9,72.7,71.7,63.3,70.9,69.9,72.7,71.5,73.1,72.1,71.2,73.4,76.2,72.0,71.0,72.3,73.9,70.4,69.6,71.2,72.4,70.6,68.3,64.2,70.9,63.6,71.2,66.1,69.9,70.3,68.4,64.4,67.1,63.9,63.6,66.5,68.4,66.7,69.3,66.4,70.5,62.8,70.7,73.3,69.0,67.3,66.0,69.0,62.5,64.5,64.6,62.6,61.7,73.8,70.7,71.8,66.4,68.8,65.9,73.0,64.5,65.5,70.9,69.6,72.5,71.3,72.1,69.1,67.3,67.9,69.8,70.9,68.4
4876,66.7,64.6,64.3,70.2,73.8,74.0,74.0,72.3,71.1,72.1,71.1,71.8,71.3,72.0,73.2,72.1,71.1,61.8,70.4,69.5,72.1,71.0,72.6,71.5,70.4,72.6,75.5,71.4,70.2,71.7,73.2,69.8,68.9,70.4,71.5,69.9,67.5,63.4,70.0,62.4,70.3,65.3,68.9,68.9,67.4,63.6,65.9,62.7,62.0,65.2,67.5,65.2,68.1,65.6,69.1,61.1,69.5,72.7,67.3,65.6,64.6,67.4,61.3,62.2,63.3,60.3,59.9,73.2,70.2,71.2,65.4,67.8,64.9,71.4,62.5,64.5,70.4,69.0,71.9,70.4,71.3,68.2,66.1,67.3,69.0,70.3,67.7
4877,65.7,64.0,63.6,69.3,73.0,73.3,73.4,71.5,70.6,71.5,70.6,71.5,70.7,71.4,72.3,71.5,70.6,61.1,69.9,69.2,71.5,70.5,71.9,70.7,69.6,71.7,74.9,70.7,69.7,71.2,72.5,69.3,68.3,69.5,70.8,69.2,66.8,62.4,69.1,61.4,69.6,64.8,68.2,67.7,66.5,62.9,64.8,61.8,60.5,64.0,66.7,64.1,67.0,64.9,68.1,60.4,68.6,72.0,66.1,64.9,63.9,65.7,60.3,60.4,61.9,58.9,58.0,72.7,69.5,70.6,64.4,66.9,63.8,70.4,61.6,63.3,70.0,68.7,71.3,69.5,70.6,67.2,64.6,67.2,68.3,69.6,67.1
4878,68.6,66.1,66.3,68.4,72.7,73.1,73.2,71.7,71.3,72.1,72.0,71.7,72.0,71.5,72.3,72.2,70.9,65.8,71.0,71.0,71.6,70.9,72.3,70.6,69.1,71.5,74.9,70.8,70.5,71.6,72.6,70.5,68.2,69.7,70.7,69.3,68.5,64.1,68.2,62.8,69.6,67.3,67.6,68.4,68.4,64.9,65.6,65.5,64.9,63.7,66.3,65.2,66.8,67.3,67.5,64.1,68.3,72.1,65.4,67.8,66.6,64.5,64.7,64.5,62.7,63.0,60.2,72.7,70.4,71.9,64.3,66.2,66.1,70.7,66.7,62.9,71.6,70.3,71.6,69.1,70.1,66.7,64.4,68.9,68.1,69.7,67.7
4879,73.2,70.3,71.1,70.7,74.8,75.0,75.5,74.5,74.1,74.3,75.1,74.1,75.1,73.6,74.9,74.7,74.3,70.7,74.2,74.0,74.4,73.7,75.4,72.7,71.5,74.3,76.5,73.6,73.3,74.5,75.0,73.3,70.5,72.3,72.4,72.0,72.5,68.5,70.3,68.0,71.8,72.4,69.6,72.2,72.4,69.6,69.2,72.0,72.9,68.3,69.4,68.8,70.9,71.1,69.2,69.0,71.2,75.1,68.1,72.1,69.5,67.3,70.1,72.8,65.3,69.1,66.3,74.6,73.9,74.8,68.2,68.7,70.7,75.6,73.6,68.4,74.6,73.3,74.2,71.2,72.4,68.7,69.1,71.4,70.0,72.1,70.7
4880,77.6,74.5,75.7,75.3,78.1,77.9,78.7,77.3,77.1,76.8,78.2,77.0,77.8,76.5,78.2,77.6,77.6,74.0,77.6,77.2,77.8,76.8,78.8,75.6,75.4,77.9,78.7,77.0,76.0,77.7,77.9,76.1,73.5,75.5,75.0,74.6,76.5,72.7,74.7,72.2,74.4,76.7,73.6,75.9,76.4,75.0,73.0,76.6,79.7,74.3,73.9,73.2,75.6,75.2,72.5,74.3,75.4,78.6,72.2,75.9,72.9,71.8,74.3,79.4,68.7,73.8,70.9,77.1,77.3,77.4,72.5,73.8,75.3,79.8,78.6,73.2,77.8,76.3,77.3,74.8,76.1,72.2,74.2,74.1,72.8,75.3,73.8
4881,81.5,78.2,79.4,80.0,81.4,80.8,81.8,80.4,79.8,79.3,80.6,79.9,80.5,78.9,81.3,80.4,80.7,77.4,80.4,80.0,80.8,79.7,81.7,78.6,79.2,81.2,81.1,80.4,78.7,80.6,80.8,79.0,76.5,78.5,77.7,77.4,79.8,76.4,78.9,75.8,77.3,80.2,77.7,79.2,80.3,79.1,76.7,80.5,84.9,79.8,77.7,77.9,79.7,79.0,76.7,78.4,79.7,82.0,76.0,79.3,76.9,76.8,78.2,84.2,72.5,77.5,75.2,79.5,80.2,79.8,76.7,78.2,79.5,83.2,82.6,77.8,80.6,78.7,80.2,78.9,79.8,76.4,77.5,76.6,75.7,78.3,76.8
4882,85.2,81.9,82.4,83.9,84.6,83.6,84.8,83.2,82.2,81.6,82.9,82.3,82.9,81.1,84.1,82.5,83.4,80.8,82.5,82.1,83.3,81.9,84.3,81.5,82.7,84.2,83.4,83.2,80.9,83.1,83.4,81.4,79.1,81.2,80.3,79.8,83.1,79.6,82.5,79.1,80.1,83.2,81.4,82.3,84.3,82.4,80.6,84.0,89.1,83.8,80.8,82.7,83.6,82.3,80.8,81.6,83.2,85.2,79.6,81.9,80.9,80.6,81.6,87.9,76.6,81.0,79.0,81.8,82.5,81.9,80.4,82.0,83.6,86.0,85.9,81.7,82.7,80.8,82.6,82.6,83.0,80.2,80.0,78.7,78.3,80.9,79.5
4883,88.3,84.7,85.0,87.2,87.1,86.1,87.4,85.6,84.0,83.6,84.7,84.1,84.8,83.1,86.4,84.4,85.5,83.9,84.1,83.8,85.5,83.8,86.3,83.9,85.7,86.9,85.3,85.6,83.0,84.9,85.6,83.5,81.4,83.4,82.4,81.9,85.6,82.6,85.5,82.0,82.9,85.6,84.6,85.4,87.4,85.0,84.1,86.9,92.8,87.1,83.3,86.6,86.8,85.0,83.9,84.2,85.7,88.0,82.9,84.1,84.5,84.2,84.4,90.8,80.4,84.1,83.1,83.8,84.1,83.7,83.4,85.4,86.9,88.7,88.9,84.4,84.3,82.5,84.5,85.6,85.7,83.4,82.6,80.4,80.6,82.9,81.6
4884,90.5,86.9,86.9,89.7,89.5,88.4,89.3,87.7,85.4,85.2,86.1,85.6,86.3,84.8,88.4,85.9,87.3,86.5,85.3,84.7,87.3,85.4,88.0,85.9,88.5,89.3,86.9,87.2,84.4,86.4,87.4,85.0,83.2,85.2,84.2,83.7,87.3,85.0,87.6,84.1,85.3,87.4,87.3,88.2,90.0,86.9,87.0,88.9,95.4,89.9,84.8,89.6,89.1,87.1,85.9,86.3,87.5,90.2,86.2,86.0,87.3,87.0,87.0,93.1,84.3,86.6,86.6,85.4,85.5,85.2,85.4,87.8,89.4,90.8,91.4,86.2,85.6,83.6,86.3,88.1,87.9,85.9,85.2,81.6,82.6,84.4,83.5
4885,92.5,88.3,88.4,91.7,91.1,89.9,91.0,89.3,86.5,86.4,87.2,86.6,87.4,85.9,90.0,87.1,88.7,88.9,86.4,85.5,88.8,86.7,89.3,87.3,90.5,91.1,87.9,88.7,85.7,87.5,88.6,86.1,84.9,86.5,85.6,85.1,88.6,86.3,89.2,84.7,87.3,88.4,89.3,90.1,92.0,87.6,89.3,90.6,96.8,91.2,85.5,91.8,90.7,88.9,87.6,87.9,89.2,91.7,89.0,87.4,89.6,89.4,89.2,95.1,87.6,88.3,89.4,86.4,86.3,86.3,86.6,90.1,91.0,92.8,93.5,87.4,86.4,84.7,87.5,90.1,89.7,87.9,87.3,82.5,84.2,85.5,84.8
4886,93.6,88.5,89.1,93.1,92.2,91.0,92.0,90.1,87.3,87.2,88.0,87.3,88.2,86.9,91.2,87.8,89.5,90.6,86.9,85.9,89.6,87.5,90.3,88.4,91.8,92.1,88.8,89.6,86.3,88.2,89.4,86.6,86.0,87.7,86.6,85.9,89.7,86.3,90.2,84.7,88.4,88.7,90.7,91.6,93.2,87.4,90.8,91.2,97.5,91.8,85.8,92.7,91.4,90.0,88.8,89.1,90.4,92.6,91.2,88.5,91.1,91.3,91.0,96.4,90.3,89.5,91.5,87.3,86.8,87.4,86.8,91.5,91.8,94.5,94.8,87.7,86.5,85.1,88.5,91.4,91.0,89.4,88.6,82.7,85.6,86.4,85.8
4887,94.0,87.8,89.1,94.1,92.8,91.7,92.5,90.7,87.4,87.7,87.9,87.7,88.4,87.2,91.7,88.1,89.7,91.7,87.1,86.0,90.1,88.0,90.7,89.0,92.4,92.4,89.2,90.1,86.9,88.4,90.0,86.6,86.6,88.2,87.2,86.7,90.1,85.7,90.7,84.7,88.9,88.4,91.5,92.2,93.4,85.9,91.3,91.1,96.8,91.7,85.7,92.7,91.4,90.4,89.6,89.7,91.1,93.2,92.7,89.3,91.9,93.0,92.1,96.9,91.9,90.2,92.6,87.8,86.9,87.5,86.1,92.4,91.7,95.1,95.6,87.5,86.5,85.3,88.8,92.1,91.5,90.2,89.2,82.5,86.3,86.7,86.4
4888,93.1,86.3,88.4,94.2,92.7,91.7,92.5,90.6,87.2,87.5,87.5,88.1,88.1,87.1,91.3,87.9,89.5,91.9,86.8,85.6,89.9,88.0,90.9,89.0,92.4,92.5,89.2,89.9,86.8,88.2,90.0,86.1,86.5,88.2,87.2,86.8,89.5,84.3,90.6,84.1,88.2,87.2,91.7,92.2,92.5,84.5,90.7,90.2,95.8,91.0,84.8,92.1,90.4,89.8,89.9,90.0,91.5,93.3,93.6,89.4,91.9,93.9,92.7,96.9,92.4,90.4,92.5,87.9,86.5,87.4,84.9,92.6,90.2,94.5,95.4,86.7,86.0,84.9,88.5,92.2,91.6,90.2,89.7,81.8,86.6,86.7,86.5
4889,91.0,84.2,86.6,93.2,92.2,90.9,91.6,90.0,86.3,86.9,86.4,87.3,87.1,86.3,90.4,87.2,88.9,91.5,85.9,84.6,89.2,87.3,90.1,88.4,91.4,91.6,88.5,89.0,86.4,87.3,89.3,85.3,86.0,87.6,86.8,86.2,87.9,82.1,90.0,82.9,87.4,85.0,91.2,91.1,90.6,82.6,88.9,88.8,94.3,89.9,83.7,90.4,88.8,87.8,89.3,89.7,91.1,92.8,93.9,89.1,91.4,94.2,92.3,96.0,91.8,89.5,90.8,87.1,85.6,86.5,82.8,91.9,87.6,93.6,94.5,85.2,85.1,84.1,87.8,91.5,90.8,89.7,89.2,80.7,86.1,86.2,85.8
4890,87.8,81.3,83.2,91.6,90.6,89.4,90.2,88.5,84.7,85.6,84.8,86.2,85.4,85.1,88.8,85.6,87.3,89.8,83.9,83.0,87.7,85.6,88.5,86.9,89.7,90.0,87.4,87.3,85.2,85.8,88.1,83.6,84.5,86.3,85.8,84.8,85.6,79.2,88.7,80.2,85.4,82.0,89.4,89.2,87.3,79.8,86.5,86.8,91.6,88.5,82.2,87.9,86.5,84.7,88.3,88.4,90.1,91.4,93.1,87.8,89.7,93.5,90.7,93.8,89.4,87.4,87.6,86.0,83.9,84.7,80.4,90.1,85.0,92.2,92.2,83.5,83.4,82.6,86.3,89.9,89.1,88.1,88.0,79.1,84.7,84.8,84.4
4891,83.2,77.8,78.2,88.7,88.2,86.9,87.5,85.5,81.7,83.0,82.0,83.8,82.2,82.9,85.9,82.8,84.1,85.3,81.2,79.8,85.0,82.6,85.4,84.1,86.5,87.0,85.7,84.2,82.6,83.2,85.5,80.2,81.9,83.9,83.8,82.4,80.9,75.4,86.2,76.5,82.8,77.6,86.4,86.5,82.9,76.0,83.5,83.1,87.1,85.7,80.4,84.7,83.2,79.7,86.1,85.6,87.9,89.2,91.4,84.9,86.6,91.7,86.8,89.8,85.9,83.3,83.4,83.8,81.1,81.8,77.8,87.1,81.1,89.7,87.6,80.8,80.2,79.7,83.7,86.9,86.4,85.1,85.5,76.8,82.5,82.2,81.7
4892,79.5,74.0,74.1,84.5,84.6,83.9,84.2,81.4,78.7,79.7,79.0,80.7,78.7,80.1,82.2,79.6,79.0,78.1,78.1,76.7,81.1,78.8,80.9,80.0,82.1,82.5,83.7,80.3,78.8,79.8,81.9,76.5,78.2,80.3,80.7,78.8,77.2,72.3,82.3,73.2,79.7,74.1,81.7,81.9,79.3,73.1,79.4,78.7,83.2,81.1,77.3,81.5,79.7,75.5,82.1,81.0,83.4,84.8,87.7,79.5,82.8,86.2,80.3,84.2,81.2,77.7,78.0,81.3,77.8,78.4,74.9,82.2,77.7,85.3,82.5,76.5,77.1,76.3,79.8,82.3,81.8,80.7,76.5,74.6,79.2,78.8,77.1
4893,76.7,71.9,72.3,80.9,81.9,81.7,82.1,78.9,77.0,78.4,77.0,78.5,77.0,78.3,80.0,77.8,76.7,74.4,76.1,75.1,78.8,76.9,78.6,77.9,78.9,79.9,82.2,78.1,76.7,77.9,79.6,74.9,75.8,78.2,78.5,76.1,75.0,70.6,79.2,71.3,77.8,72.0,78.2,79.0,77.2,71.1,77.1,75.9,80.7,76.9,75.0,79.2,77.2,73.5,78.8,77.0,79.5,81.7,83.7,77.0,78.9,79.7,74.9,81.0,77.6,74.1,75.0,79.7,76.1,76.6,73.3,78.5,75.3,81.9,79.3,73.7,75.5,74.6,77.9,79.1,78.9,77.4,72.0,73.1,77.0,76.7,74.2
4894,74.7,70.4,70.7,78.8,80.3,80.2,80.5,77.6,75.6,77.2,75.6,76.9,75.7,77.0,78.6,76.4,75.5,72.0,75.0,73.7,77.3,75.7,77.3,76.5,77.0,78.3,80.9,76.6,75.3,76.6,78.4,74.0,74.3,76.5,77.0,74.7,73.4,69.3,77.1,69.6,76.3,70.7,76.1,77.1,75.4,69.7,74.9,73.6,77.9,74.7,73.3,77.2,75.6,72.1,77.1,73.7,77.3,79.6,79.9,74.7,76.6,76.9,71.9,78.4,74.7,72.0,72.3,78.4,74.9,75.6,71.9,76.4,73.3,80.2,76.4,72.4,74.5,73.3,76.6,77.2,77.4,75.6,71.2,71.8,75.3,75.4,72.5
4895,73.2,69.2,69.2,76.8,78.7,78.7,78.9,76.6,74.7,76.0,74.6,75.9,74.7,75.9,77.3,75.4,74.6,70.2,73.8,72.8,76.1,74.6,76.4,75.5,75.4,77.0,79.8,75.4,74.1,75.5,77.2,73.0,73.2,75.0,75.8,73.7,71.9,68.1,75.8,68.4,75.3,69.8,74.5,75.7,73.7,68.5,72.8,71.4,75.1,73.3,71.8,75.2,74.2,70.5,75.7,71.0,75.9,78.2,77.0,73.3,73.9,75.3,69.6,75.6,72.7,70.3,70.1,77.3,73.8,74.6,70.6,74.4,71.5,78.3,73.4,70.9,73.6,72.5,75.7,75.5,76.1,73.9,70.5,70.7,74.0,74.3,71.2
4896,71.8,68.0,68.0,75.0,77.5,77.4,77.7,75.6,73.7,74.9,73.8,74.9,73.9,74.9,76.2,74.6,73.8,68.5,72.9,72.0,75.2,73.7,75.4,74.6,74.1,76.0,78.6,74.2,73.2,74.5,76.1,72.4,72.3,73.8,74.8,72.7,70.7,67.0,74.3,67.1,74.1,68.6,73.1,74.1,72.4,67.4,71.3,69.5,71.9,71.3,70.8,73.0,73.1,69.2,74.3,68.5,74.4,76.8,74.6,72.0,71.6,73.5,68.3,72.7,70.9,68.4,68.1,76.3,72.8,73.7,69.4,72.8,70.0,76.8,70.7,69.6,72.7,71.7,74.6,74.3,75.1,72.6,69.2,69.9,72.8,73.4,70.2
4897,70.6,67.1,67.0,73.6,76.4,76.4,76.7,74.6,72.9,74.3,73.0,74.0,73.2,74.1,75.4,73.9,73.0,66.5,72.1,71.1,74.1,73.0,74.6,73.6,73.1,75.1,77.6,73.3,72.2,73.6,75.3,71.6,71.2,73.0,73.8,71.9,69.9,66.0,73.1,66.0,73.1,67.6,71.8,72.7,71.1,66.2,69.9,67.3,68.6,69.6,70.1,70.5,71.6,68.2,72.8,66.5,73.3,75.5,72.4,70.7,69.4,71.8,66.2,69.2,68.8,66.6,65.9,75.3,72.0,73.1,68.4,71.3,68.5,75.4,68.5,68.3,72.0,70.9,73.8,73.2,74.0,71.3,68.9,69.2,71.7,72.6,69.5
4898,69.4,66.1,66.1,72.4,75.5,75.5,75.7,73.7,72.2,73.5,72.3,73.2,72.3,73.3,74.6,73.2,72.3,64.9,71.4,70.5,73.4,72.1,73.9,72.8,72.0,74.1,76.7,72.6,71.4,72.9,74.6,71.0,70.4,71.9,72.9,71.1,68.9,65.2,71.8,64.7,72.1,66.8,70.8,71.5,69.8,65.2,68.5,65.8,65.9,68.1,69.1,68.3,70.5,67.1,71.8,64.4,71.9,74.4,70.6,69.1,67.9,70.3,64.0,66.6,66.6,64.6,63.9,74.5,71.4,72.4,67.5,69.8,67.2,74.0,66.6,66.5,71.3,70.1,72.9,72.0,73.0,70.1,68.4,68.5,70.8,71.7,68.8
4899,68.1,65.4,65.1,71.2,74.5,74.6,74.7,72.8,71.6,72.7,71.6,72.4,71.8,72.5,73.9,72.6,71.6,63.3,70.8,69.9,72.6,71.4,73.1,72.0,71.1,73.2,76.0,71.9,70.8,72.3,73.7,70.3,69.5,71.1,72.3,70.4,68.2,64.2,70.8,63.5,71.0,66.0,69.8,70.3,68.5,64.4,67.2,64.1,63.6,66.5,68.3,66.6,69.2,66.4,70.6,62.8,70.8,73.5,69.1,67.4,66.1,68.8,62.6,64.3,64.6,62.8,61.7,73.7,70.8,71.7,66.4,68.9,65.9,72.9,64.6,65.4,70.8,69.6,72.3,71.2,72.1,69.0,67.3,67.8,69.7,70.8,68.3
4900,66.7,64.6,64.3,70.2,73.7,73.9,73.9,72.1,71.0,72.0,71.1,71.7,71.2,71.9,73.2,72.0,71.0,61.9,70.3,69.5,72.0,70.8,72.6,71.4,70.4,72.4,75.3,71.3,70.0,71.7,73.0,69.7,68.9,70.3,71.4,69.8,67.4,63.4,70.0,62.3,70.2,65.3,68.8,69.0,67.5,63.4,65.9,62.9,61.8,65.3,67.5,65.2,68.1,65.6,69.2,61.2,69.6,72.8,67.4,65.8,64.7,67.2,61.3,62.0,63.2,60.5,59.9,73.0,70.2,71.1,65.5,67.8,64.9,71.5,62.6,64.4,70.4,68.9,71.8,70.2,71.2,68.1,66.0,67.2,69.0,70.1,67.6
4901,65.8,64.0,63.6,69.2,72.8,73.2,73.3,71.3,70.5,71.4,70.6,71.3,70.7,71.3,72.3,71.5,70.5,61.1,69.9,69.2,71.4,70.4,72.0,70.5,69.6,71.5,74.7,70.7,69.5,71.2,72.4,69.3,68.2,69.5,70.7,69.1,66.7,62.4,69.1,61.4,69.5,64.8,68.1,67.8,66.5,62.8,64.8,61.9,60.3,64.2,66.7,64.0,66.9,64.9,68.2,60.4,68.6,72.0,66.2,65.0,63.9,65.5,60.3,60.1,61.9,58.9,58.0,72.5,69.6,70.6,64.4,66.9,63.9,70.4,61.6,63.3,70.0,68.6,71.2,69.3,70.4,67.1,64.6,67.1,68.3,69.5,67.0
4902,68.5,66.0,66.2,68.4,72.5,73.0,73.1,71.5,71.1,71.9,71.9,71.6,71.9,71.4,72.2,72.0,70.8,65.8,71.0,70.9,71.6,70.7,72.3,70.4,69.1,71.3,74.7,70.7,70.3,71.6,72.4,70.3,68.1,69.6,70.6,69.1,68.4,64.1,68.2,62.7,69.5,67.3,67.5,68.4,68.4,64.7,65.5,65.6,64.7,63.7,66.2,65.1,66.8,67.3,67.6,64.0,68.3,72.2,65.5,67.7,66.7,64.3,64.6,64.1,62.6,62.9,60.0,72.5,70.4,71.8,64.3,66.2,66.0,70.7,66.7,62.8,71.5,70.1,71.4,68.9,69.9,66.5,64.2,68.8,68.1,69.5,67.5
4903,73.1,70.3,71.0,70.6,74.5,74.9,75.3,74.2,74.0,74.1,75.0,73.9,74.9,73.4,74.8,74.5,74.1,70.8,74.0,74.0,74.3,73.5,75.2,72.6,71.4,74.1,76.2,73.3,73.1,74.4,74.8,73.2,70.5,72.2,72.3,71.8,72.4,68.5,70.2,67.9,71.7,72.3,69.5,72.2,72.3,69.4,69.1,72.0,72.9,68.2,69.3,68.7,70.9,71.1,69.3,69.0,71.2,75.1,68.2,72.1,69.6,67.1,70.0,72.6,65.2,69.1,66.1,74.4,73.9,74.7,68.1,68.7,70.6,75.4,73.6,68.2,74.5,73.1,74.0,71.0,72.2,68.5,69.0,71.3,70.0,71.9,70.5
4904,77.5,74.4,75.6,75.3,77.8,77.8,78.6,77.1,76.9,76.5,78.1,76.8,77.6,76.3,78.1,77.5,77.4,74.1,77.5,77.1,77.6,76.6,78.6,75.4,75.4,77.7,78.5,76.8,75.7,77.6,77.7,76.0,73.4,75.4,74.9,74.6,76.4,72.7,74.6,72.0,74.2,76.6,73.6,75.8,76.3,74.8,72.8,76.6,79.6,74.2,73.8,73.1,75.6,75.3,72.6,74.4,75.4,78.5,72.3,75.9,73.0,71.7,74.3,79.3,68.6,73.8,70.8,76.9,77.3,77.3,72.5,73.8,75.2,79.7,78.7,73.0,77.7,76.2,77.0,74.7,75.9,72.1,74.2,74.1,72.8,75.1,73.6
4905,81.4,78.1,79.4,80.1,81.1,80.7,81.7,80.1,79.6,79.1,80.5,79.7,80.3,78.7,81.1,80.2,80.4,77.4,80.3,79.9,80.4,79.5,81.6,78.4,79.2,81.0,80.9,80.2,78.4,80.5,80.5,78.9,76.5,78.5,77.6,77.4,79.7,76.4,78.8,75.6,77.1,80.1,77.8,79.1,80.3,78.8,76.5,80.5,84.9,79.6,77.5,77.9,79.6,79.0,76.8,78.5,79.7,82.0,76.2,79.4,77.1,76.6,78.2,84.3,72.5,77.6,75.2,79.3,80.1,79.7,76.7,78.1,79.5,83.0,82.6,77.5,80.5,78.6,80.0,78.8,79.7,76.4,77.4,76.5,75.7,78.1,76.8
4906,85.2,81.8,82.4,83.9,84.4,83.5,84.7,82.9,82.0,81.3,82.8,82.1,82.7,80.9,84.0,82.4,83.1,80.8,82.4,82.1,83.0,81.6,84.1,81.4,82.8,84.0,83.1,83.1,80.7,82.9,83.1,81.3,79.2,81.2,80.2,79.8,83.0,79.6,82.3,79.0,80.0,83.1,81.5,82.2,84.2,82.1,80.4,83.9,89.1,83.5,80.6,82.7,83.3,82.2,80.9,81.7,83.2,85.2,79.7,82.1,81.1,80.5,81.6,88.0,76.6,81.2,79.1,81.5,82.4,81.8,80.3,81.9,83.5,85.8,86.0,81.4,82.6,80.7,82.3,82.6,82.9,80.3,80.1,78.7,78.4,80.7,79.5
4907,88.2,84.7,84.9,87.2,87.0,86.0,87.3,85.4,83.8,83.3,84.6,83.9,84.6,82.9,86.3,84.2,85.3,84.0,83.9,83.8,85.3,83.5,86.2,83.7,85.8,86.7,85.0,85.4,82.7,84.7,85.4,83.3,81.5,83.4,82.4,81.9,85.4,82.5,85.4,81.8,82.7,85.5,84.7,85.3,87.3,84.7,83.9,86.8,92.7,86.9,83.1,86.7,86.6,85.0,83.9,84.4,85.7,88.0,83.1,84.3,84.7,84.1,84.5,90.8,80.4,84.3,83.1,83.5,84.0,83.5,83.3,85.3,86.8,88.5,89.1,84.1,84.3,82.4,84.3,85.6,85.6,83.5,82.6,80.3,80.6,82.7,81.6
4908,90.4,86.9,86.8,89.6,89.3,88.3,89.2,87.4,85.1,85.0,86.0,85.3,86.1,84.5,88.3,85.6,87.1,86.5,85.1,84.7,87.1,85.1,87.9,85.7,88.6,89.1,86.6,87.1,84.2,86.1,87.2,84.8,83.3,85.1,84.1,83.7,87.1,85.0,87.5,83.9,85.0,87.3,87.4,88.0,89.8,86.6,86.9,88.9,95.4,89.6,84.7,89.6,88.9,87.1,86.0,86.4,87.5,90.2,86.3,86.1,87.6,87.0,87.1,93.2,84.4,86.7,86.7,85.0,85.4,85.0,85.2,87.6,89.2,90.6,91.4,85.9,85.6,83.5,86.1,88.1,87.8,85.9,85.3,81.5,82.6,84.3,83.4
4909,92.3,88.2,88.3,91.7,91.0,89.8,90.9,89.1,86.2,86.1,87.0,86.3,87.2,85.7,89.9,86.8,88.5,89.0,86.3,85.4,88.5,86.4,89.3,87.1,90.7,91.0,87.7,88.6,85.4,87.3,88.5,85.9,84.9,86.5,85.5,85.0,88.5,86.2,89.1,84.5,87.0,88.2,89.4,90.0,91.8,87.3,89.1,90.5,96.8,90.9,85.4,91.8,90.5,88.9,87.5,88.0,89.2,91.6,89.1,87.6,89.9,89.4,89.3,95.1,87.7,88.4,89.5,86.2,86.1,86.1,86.5,90.0,90.8,92.6,93.6,87.2,86.4,84.5,87.2,90.0,89.6,87.9,87.3,82.4,84.2,85.2,84.7
4910,93.4,88.4,89.0,93.0,92.1,90.9,91.9,89.9,87.0,87.0,87.8,87.0,88.0,86.8,91.1,87.5,89.3,90.7,86.8,85.8,89.4,87.2,90.3,88.3,92.0,92.0,88.6,89.5,86.1,88.0,89.3,86.4,86.0,87.6,86.5,85.8,89.6,86.1,90.1,84.5,88.3,88.5,90.8,91.5,93.0,87.1,90.5,91.2,97.5,91.6,85.6,92.7,91.2,89.9,88.8,89.2,90.4,92.5,91.4,88.6,91.4,91.4,91.1,96.5,90.4,89.6,91.6,87.1,86.6,87.1,86.6,91.4,91.5,94.2,94.9,87.4,86.5,85.1,88.3,91.3,90.9,89.4,88.7,82.6,85.5,86.1,85.7
4911,93.8,87.7,89.1,94.0,92.7,91.7,92.5,90.4,87.1,87.5,87.7,87.5,88.2,87.0,91.6,87.7,89.5,91.8,87.0,86.0,89.9,87.8,90.7,88.8,92.5,92.4,89.0,89.9,86.7,88.3,89.8,86.5,86.6,88.2,87.1,86.7,90.0,85.5,90.8,84.4,88.6,88.2,91.6,92.1,93.3,85.6,91.0,91.0,96.8,91.5,85.7,92.8,91.2,90.3,89.6,89.8,91.1,93.1,92.9,89.4,92.1,93.1,92.2,96.9,92.1,90.3,92.8,87.5,86.8,87.2,86.1,92.3,91.5,94.9,95.6,87.2,86.4,85.2,88.6,92.0,91.5,90.1,89.3,82.3,86.2,86.5,86.3
4912,93.0,86.2,88.3,94.1,92.6,91.7,92.5,90.4,86.9,87.3,87.3,87.8,87.9,86.9,91.4,87.6,89.3,92.2,86.6,85.6,89.7,87.8,90.8,88.9,92.4,92.4,88.9,89.8,86.7,88.1,89.8,85.9,86.4,88.1,87.2,86.8,89.4,84.1,90.7,83.9,88.0,86.9,91.6,92.1,92.4,84.3,90.5,90.0,95.7,90.7,84.9,92.2,90.2,89.6,89.8,90.1,91.4,93.2,93.8,89.5,92.1,94.1,92.8,96.9,92.6,90.5,92.6,87.6,86.4,87.1,84.8,92.5,90.0,94.4,95.4,86.5,86.0,84.8,88.3,92.1,91.5,90.2,89.8,81.6,86.4,86.6,86.4
4913,90.9,84.1,86.4,93.2,92.0,90.9,91.6,89.8,86.0,86.7,86.2,87.1,86.9,86.1,90.4,86.9,88.8,91.7,85.7,84.5,89.1,87.1,90.0,88.2,91.5,91.5,88.3,88.8,86.2,87.2,89.2,85.2,85.9,87.5,86.7,86.1,87.8,82.0,90.2,82.6,87.1,84.9,91.1,91.1,90.4,82.3,88.6,88.6,94.1,89.6,83.7,90.4,88.7,87.7,89.3,89.8,91.1,92.6,94.1,89.3,91.6,94.4,92.4,95.9,92.0,89.7,90.9,86.9,85.5,86.3,82.7,91.7,87.5,93.5,94.5,85.0,85.0,84.0,87.6,91.5,90.7,89.6,89.5,80.5,86.0,86.0,85.7
4914,87.7,81.3,82.9,91.6,90.5,89.4,90.2,88.3,84.3,85.4,84.5,85.9,85.2,85.0,88.8,85.3,87.2,90.0,83.7,82.9,87.5,85.4,88.4,86.7,89.7,89.9,87.2,87.1,85.1,85.7,87.9,83.4,84.4,86.2,85.6,84.7,85.4,79.2,88.8,80.0,85.0,81.8,89.3,89.1,87.1,79.5,86.2,86.5,91.5,88.2,82.1,87.9,86.4,84.6,88.1,88.5,89.9,91.2,93.3,87.9,89.8,93.7,90.8,93.8,89.6,87.5,87.7,85.7,83.9,84.5,80.1,90.0,84.9,92.0,92.2,83.3,83.3,82.5,86.2,89.9,88.9,88.0,88.2,78.9,84.5,84.7,84.2
4915,83.1,77.8,77.9,88.7,88.1,86.9,87.5,85.3,81.3,82.9,81.8,83.5,82.0,82.8,85.9,82.5,84.0,85.4,81.0,79.6,84.9,82.4,85.2,84.0,86.6,86.9,85.5,84.1,82.4,83.2,85.3,80.0,81.7,83.7,83.6,82.2,80.8,75.5,86.4,76.3,82.4,77.5,86.3,86.3,82.8,75.8,83.2,82.9,87.0,85.4,80.3,84.7,83.1,79.5,86.0,85.7,87.8,89.0,91.6,85.0,86.7,91.9,86.8,89.7,86.0,83.4,83.4,83.5,81.0,81.6,77.5,87.0,80.8,89.5,87.6,80.5,80.0,79.5,83.5,86.9,86.1,85.0,85.7,76.6,82.3,82.0,81.5
4916,79.3,73.9,73.9,84.5,84.5,83.9,84.1,81.2,78.3,79.6,78.8,80.4,78.5,79.9,82.2,79.4,78.8,78.1,77.9,76.6,81.0,78.6,80.8,79.9,82.1,82.3,83.5,80.2,78.5,79.7,81.7,76.4,78.0,80.1,80.4,78.5,77.1,72.3,82.5,73.0,79.4,74.0,81.6,81.6,79.1,72.9,79.2,78.6,83.1,80.7,77.2,81.5,79.6,75.4,82.1,81.0,83.4,84.6,87.9,79.5,83.0,86.3,80.6,84.1,81.3,77.7,78.1,81.0,77.7,78.2,74.8,82.1,77.4,85.1,82.5,76.3,76.9,76.1,79.6,82.2,81.6,80.6,76.6,74.5,78.9,78.6,76.9
4917,76.5,71.8,72.0,80.9,81.8,81.7,82.1,78.7,76.6,78.2,76.7,78.2,76.7,78.1,80.0,77.5,76.4,74.5,76.0,74.9,78.6,76.7,78.5,77.8,78.9,79.7,82.0,78.0,76.5,77.8,79.4,74.6,75.6,78.0,78.2,75.8,74.9,70.5,79.4,71.1,77.5,71.9,78.2,78.8,77.0,71.0,76.9,75.8,80.7,76.6,74.9,79.3,77.1,73.3,78.8,77.0,79.6,81.6,83.8,77.0,79.0,79.8,75.1,81.0,77.8,74.1,75.1,79.4,76.0,76.4,73.2,78.4,75.1,81.8,79.4,73.6,75.3,74.3,77.7,78.9,78.8,77.3,72.3,73.1,76.7,76.5,74.0
4918,74.6,70.1,70.4,78.8,80.1,80.2,80.5,77.3,75.4,77.1,75.4,76.5,75.4,76.9,78.6,76.2,75.2,72.0,74.8,73.6,77.0,75.4,77.3,76.3,76.9,78.2,80.7,76.5,75.0,76.4,78.2,73.7,74.1,76.3,76.7,74.5,73.3,69.1,77.3,69.4,76.0,70.5,76.0,76.9,75.2,69.6,74.7,73.6,77.8,74.6,73.2,77.3,75.5,71.9,77.0,73.7,77.3,79.5,80.0,74.8,76.8,77.0,72.1,78.5,74.9,72.0,72.4,78.1,74.8,75.4,71.8,76.3,73.1,80.0,76.5,72.3,74.3,73.1,76.5,77.0,77.3,75.4,71.5,71.6,75.0,75.2,72.2
4919,73.0,68.9,69.0,76.7,78.7,78.7,78.9,76.4,74.4,75.9,74.3,75.4,74.4,75.7,77.3,75.1,74.4,70.3,73.6,72.7,75.9,74.4,76.4,75.2,75.3,76.9,79.6,75.3,73.9,75.4,77.0,72.7,73.0,74.8,75.4,73.4,71.8,68.0,75.8,68.2,75.1,69.6,74.4,75.4,73.7,68.3,72.6,71.4,74.9,73.1,71.7,75.2,74.0,70.4,75.7,70.9,75.9,78.2,77.1,73.5,74.0,75.4,69.6,75.6,72.8,70.3,70.3,77.1,73.7,74.4,70.6,74.3,71.4,78.0,73.5,70.7,73.4,72.2,75.5,75.3,76.0,73.7,70.7,70.7,73.8,74.1,70.9
4920,71.7,67.9,67.8,74.9,77.3,77.4,77.7,75.4,73.4,74.9,73.5,74.5,73.5,74.8,76.2,74.3,73.6,68.5,72.8,71.9,74.9,73.4,75.4,74.3,74.1,75.9,78.3,74.1,72.9,74.4,75.9,72.1,72.0,73.5,74.5,72.5,70.6,66.8,74.3,66.9,73.9,68.5,73.1,74.0,72.3,67.3,71.2,69.5,71.7,71.0,70.8,73.0,72.9,69.2,74.3,68.5,74.5,76.8,74.6,72.1,71.7,73.5,68.3,72.7,71.0,68.3,68.2,76.1,72.7,73.5,69.4,72.7,69.9,76.4,70.7,69.4,72.5,71.4,74.4,74.1,75.0,72.3,69.5,69.8,72.6,73.2,70.0
4921,70.4,66.8,66.8,73.5,76.3,76.4,76.7,74.4,72.7,74.2,72.7,73.6,72.8,73.9,75.4,73.7,72.9,66.4,72.0,71.0,73.9,72.8,74.6,73.3,73.0,75.0,77.4,73.2,72.0,73.5,75.0,71.4,71.0,72.7,73.5,71.7,69.8,65.9,73.0,65.8,72.9,67.5,71.8,72.6,71.0,66.0,69.8,67.3,68.4,69.3,70.0,70.5,71.5,68.2,72.9,66.5,73.3,75.6,72.5,70.6,69.6,71.9,66.1,69.1,68.9,66.5,66.0,75.1,71.9,72.9,68.3,71.2,68.5,75.1,68.5,68.1,71.8,70.6,73.6,73.0,73.9,71.0,69.2,69.0,71.6,72.4,69.3
4922,69.2,65.9,65.9,72.3,75.4,75.4,75.6,73.5,72.0,73.4,72.0,72.8,71.9,73.2,74.6,73.0,72.2,64.7,71.3,70.4,73.2,71.9,73.8,72.6,72.0,74.0,76.5,72.4,71.3,72.8,74.3,70.8,70.1,71.7,72.6,70.9,68.8,65.1,71.7,64.6,71.9,66.8,70.9,71.4,69.7,65.0,68.4,65.8,65.7,67.9,69.1,68.3,70.5,67.1,71.8,64.4,72.0,74.5,70.6,69.1,68.1,70.4,64.1,66.6,66.7,64.6,64.0,74.3,71.3,72.2,67.4,69.7,67.2,73.7,66.6,66.3,71.1,69.9,72.8,71.8,72.8,69.8,68.5,68.4,70.6,71.5,68.6
4923,68.0,65.2,64.9,71.1,74.3,74.6,74.6,72.6,71.4,72.6,71.3,72.1,71.5,72.4,73.8,72.4,71.5,63.2,70.6,69.7,72.5,71.2,73.0,71.8,71.1,73.1,75.8,71.8,70.6,72.2,73.5,70.1,69.3,70.9,72.0,70.2,68.1,64.1,70.7,63.4,70.9,66.0,69.9,70.2,68.4,64.3,67.1,64.2,63.4,66.3,68.2,66.6,69.2,66.4,70.6,62.7,70.8,73.6,69.2,67.4,66.2,69.0,62.6,64.2,64.7,62.6,61.7,73.5,70.7,71.4,66.4,68.8,65.8,72.7,64.6,65.2,70.6,69.3,72.2,71.0,71.9,68.8,67.4,67.7,69.5,70.6,68.0
4924,66.6,64.4,64.2,70.1,73.5,73.9,73.8,72.0,70.8,71.9,70.8,71.5,70.9,71.8,73.1,71.8,70.9,61.8,70.1,69.3,71.8,70.6,72.5,71.1,70.4,72.3,75.1,71.1,69.9,71.6,72.8,69.6,68.7,70.2,71.1,69.5,67.3,63.2,69.9,62.2,70.0,65.3,68.8,68.9,67.4,63.3,66.0,62.9,61.7,65.1,67.4,65.2,68.1,65.6,69.3,61.1,69.7,72.8,67.6,65.9,64.8,67.4,61.3,62.0,63.3,60.4,59.9,72.7,70.1,70.8,65.5,67.8,64.9,71.4,62.6,64.2,70.2,68.7,71.6,70.0,71.0,67.9,66.1,67.2,68.7,70.0,67.3
4925,65.7,63.8,63.5,69.2,72.6,73.1,73.2,71.2,70.3,71.3,70.3,71.1,70.4,71.2,72.2,71.3,70.4,60.9,69.7,69.0,71.2,70.2,71.9,70.3,69.5,71.4,74.5,70.5,69.4,71.2,72.2,69.1,68.1,69.3,70.4,68.8,66.6,62.3,68.9,61.4,69.3,64.8,68.1,67.7,66.4,62.7,64.9,61.9,60.3,64.1,66.7,64.0,67.0,64.9,68.2,60.3,68.6,72.2,66.3,65.0,64.0,65.7,60.3,60.1,61.9,58.7,58.0,72.3,69.5,70.3,64.4,66.9,63.9,70.4,61.7,63.1,69.7,68.3,71.0,69.2,70.3,66.9,64.6,67.0,68.1,69.3,66.7
4926,68.4,65.8,66.0,68.3,72.3,72.8,72.9,71.2,70.9,71.7,71.6,71.3,71.5,71.2,72.0,71.8,70.7,65.7,70.7,70.7,71.4,70.5,72.1,70.2,69.0,71.2,74.4,70.4,70.2,71.5,72.2,70.2,67.9,69.4,70.3,68.9,68.3,63.9,68.1,62.6,69.3,67.2,67.5,68.3,68.3,64.5,65.5,65.5,64.6,63.6,66.2,65.1,66.7,67.3,67.6,63.9,68.3,72.3,65.5,67.7,66.7,64.5,64.5,64.0,62.6,62.8,59.9,72.3,70.3,71.5,64.3,66.2,65.9,70.6,66.6,62.6,71.2,69.8,71.3,68.7,69.8,66.3,64.3,68.7,67.9,69.4,67.2
4927,72.9,70.1,70.8,70.5,74.3,74.8,75.2,74.0,73.7,73.9,74.7,73.6,74.6,73.3,74.7,74.3,74.0,70.8,73.8,73.7,74.0,73.3,75.1,72.3,71.3,74.0,76.0,73.2,72.8,74.2,74.6,73.0,70.2,72.0,72.0,71.5,72.4,68.4,70.2,67.7,71.5,72.2,69.4,72.1,72.2,69.2,69.0,72.0,72.8,68.0,69.2,68.6,70.8,71.0,69.3,68.9,71.2,75.1,68.2,72.1,69.6,67.1,69.9,72.6,65.2,69.0,66.0,74.2,73.7,74.5,68.1,68.6,70.5,75.2,73.6,67.9,74.2,72.8,73.8,70.9,72.1,68.3,69.0,71.2,69.7,71.6,70.2
4928,77.4,74.2,75.4,75.2,77.6,77.7,78.5,76.9,76.6,76.3,77.9,76.5,77.4,76.1,78.0,77.2,77.2,74.0,77.3,76.9,77.4,76.3,78.4,75.2,75.3,77.5,78.2,76.6,75.4,77.3,77.4,75.8,73.1,75.1,74.6,74.3,76.3,72.5,74.5,71.8,74.0,76.5,73.5,75.6,76.1,74.5,72.7,76.5,79.5,73.9,73.7,73.0,75.4,75.1,72.6,74.4,75.5,78.4,72.3,76.0,73.0,71.7,74.3,79.3,68.7,73.8,70.7,76.6,77.1,77.1,72.3,73.7,75.0,79.4,78.6,72.7,77.4,75.9,76.8,74.6,75.7,71.9,74.2,73.9,72.6,74.8,73.4
4929,81.3,78.0,79.2,80.0,81.0,80.7,81.6,79.9,79.3,78.9,80.3,79.4,80.1,78.5,81.1,80.0,80.2,77.5,80.1,79.7,80.3,79.2,81.4,78.3,79.1,80.9,80.6,80.2,78.2,80.3,80.3,78.7,76.2,78.2,77.4,77.1,79.7,76.2,78.7,75.4,76.9,80.1,77.6,78.8,80.1,78.5,76.4,80.3,84.8,79.3,77.3,77.8,79.4,78.9,76.7,78.6,79.7,82.0,76.2,79.5,77.1,76.6,78.1,84.2,72.5,77.6,75.2,79.0,80.0,79.5,76.5,78.1,79.2,82.6,82.6,77.2,80.2,78.4,79.8,78.7,79.6,76.3,77.4,76.4,75.5,77.8,76.6
4930,85.1,81.7,82.3,83.9,84.2,83.5,84.6,82.7,81.7,81.1,82.6,81.8,82.5,80.8,83.9,82.1,82.9,80.9,82.2,81.8,82.9,81.3,84.0,81.3,82.7,84.0,82.9,83.0,80.5,82.8,83.0,81.1,78.9,81.0,80.0,79.5,82.9,79.5,82.3,78.7,79.8,83.0,81.4,81.9,84.0,81.9,80.2,83.8,89.0,83.3,80.4,82.7,83.1,82.1,80.8,81.8,83.1,85.1,79.7,82.2,81.1,80.6,81.6,87.9,76.7,81.2,79.2,81.3,82.2,81.6,80.1,81.9,83.2,85.4,86.0,81.1,82.4,80.6,82.1,82.4,82.9,80.1,80.1,78.5,78.2,80.5,79.3
4931,88.2,84.6,84.8,87.1,86.9,85.9,87.2,85.1,83.5,83.1,84.4,83.7,84.3,82.7,86.3,83.9,85.1,84.0,83.8,83.5,85.1,83.2,86.2,83.6,85.8,86.7,84.8,85.3,82.5,84.6,85.2,83.0,81.3,83.1,82.1,81.7,85.4,82.5,85.4,81.6,82.5,85.3,84.7,85.0,87.1,84.5,83.7,86.7,92.6,86.6,82.9,86.7,86.4,84.8,83.9,84.5,85.7,87.9,83.1,84.5,84.8,84.2,84.5,90.8,80.6,84.4,83.3,83.3,84.0,83.4,83.1,85.2,86.4,88.1,89.0,83.8,84.1,82.3,84.1,85.4,85.5,83.3,82.7,80.1,80.5,82.4,81.4
4932,90.4,86.8,86.7,89.6,89.2,88.2,89.1,87.1,84.9,84.8,85.8,85.1,85.9,84.4,88.3,85.4,86.9,86.6,85.0,84.5,86.9,84.8,87.8,85.6,88.6,89.1,86.4,87.0,84.0,86.1,87.0,84.6,83.1,84.9,83.9,83.5,87.0,84.9,87.5,83.6,84.9,87.2,87.3,87.7,89.6,86.5,86.6,88.8,95.3,89.3,84.5,89.6,88.8,87.0,85.9,86.5,87.4,90.0,86.4,86.3,87.7,87.0,87.2,93.2,84.5,86.8,86.8,84.8,85.4,84.9,85.0,87.6,88.8,90.2,91.5,85.6,85.4,83.4,85.9,88.0,87.8,85.8,85.3,81.4,82.4,84.0,83.2
4933,92.2,88.1,88.2,91.7,90.9,89.8,90.8,88.8,86.0,86.0,86.8,86.1,87.0,85.6,89.9,86.5,88.3,89.1,86.2,85.3,88.4,86.1,89.2,87.0,90.7,90.9,87.5,88.5,85.2,87.3,88.3,85.7,84.7,86.3,85.3,84.9,88.5,86.1,89.1,84.2,86.9,88.2,89.4,89.7,91.6,87.1,88.9,90.4,96.7,90.7,85.0,91.8,90.2,88.9,87.4,88.1,89.1,91.5,89.1,87.7,90.1,89.4,89.4,95.1,88.0,88.6,89.8,86.0,86.1,85.9,86.4,90.0,90.5,92.3,93.6,86.8,86.2,84.3,87.1,89.9,89.5,87.8,87.3,82.4,84.0,85.0,84.4
4934,93.4,88.2,88.9,93.0,91.9,90.9,91.9,89.7,86.8,86.9,87.6,86.8,87.8,86.7,91.1,87.2,89.1,90.8,86.6,85.7,89.2,86.9,90.2,88.0,92.0,92.0,88.4,89.5,86.0,88.0,89.1,86.3,85.9,87.5,86.4,85.7,89.6,85.9,90.2,84.2,88.1,88.5,90.8,91.1,92.8,86.8,90.3,91.0,97.4,91.4,85.3,92.8,90.9,89.8,88.7,89.3,90.3,92.4,91.3,88.7,91.5,91.5,91.1,96.5,90.7,89.8,91.8,86.9,86.7,86.9,86.5,91.4,91.2,93.9,94.8,87.1,86.4,84.8,88.1,91.2,90.7,89.3,88.7,82.4,85.3,85.9,85.5
4935,93.8,87.5,89.1,94.0,92.6,91.6,92.4,90.2,87.0,87.4,87.6,87.3,88.0,86.9,91.6,87.5,89.3,92.0,86.8,85.8,89.8,87.5,90.6,88.6,92.6,92.3,88.8,89.8,86.6,88.4,89.7,86.3,86.4,88.1,86.9,86.5,89.9,85.3,90.8,84.2,88.4,88.2,91.6,91.7,93.2,85.3,90.7,90.7,96.7,91.3,85.6,92.9,90.9,90.2,89.5,89.9,91.0,93.0,92.9,89.5,92.3,93.1,92.3,96.9,92.4,90.4,93.0,87.4,86.9,87.1,86.1,92.3,91.1,94.6,95.6,87.0,86.4,85.0,88.4,91.9,91.4,90.0,89.4,82.1,86.0,86.3,86.2
4936,92.9,86.0,88.3,94.1,92.5,91.6,92.4,90.2,86.8,87.2,87.2,87.6,87.8,86.9,91.3,87.4,89.2,92.3,86.5,85.5,89.6,87.6,90.7,88.7,92.6,92.2,88.8,89.7,86.6,88.1,89.7,85.9,86.3,88.1,86.9,86.6,89.3,83.9,90.8,83.6,87.7,86.8,91.7,91.7,92.1,84.1,90.1,89.7,95.6,90.5,84.7,92.2,90.0,89.7,89.7,90.2,91.3,93.1,93.8,89.6,92.2,94.2,92.9,96.9,93.0,90.7,92.9,87.5,86.6,87.0,84.6,92.5,89.7,94.2,95.4,86.3,86.0,84.6,88.2,92.0,91.4,90.3,89.9,81.4,86.2,86.4,86.2
4937,90.9,83.7,86.4,93.2,91.9,90.9,91.6,89.5,85.9,86.7,86.0,86.9,86.7,86.1,90.4,86.8,88.7,91.9,85.6,84.4,89.0,86.9,89.9,88.0,91.6,91.4,88.2,88.8,86.1,87.2,89.0,85.1,85.7,87.5,86.5,85.9,87.7,81.8,90.2,82.1,86.8,84.9,91.2,90.7,90.2,82.0,88.2,88.3,94.0,89.5,83.5,90.5,88.5,87.7,89.2,89.9,91.0,92.5,94.1,89.4,91.7,94.4,92.6,95.8,92.3,89.9,91.2,86.8,85.6,86.1,82.5,91.8,87.1,93.4,94.5,84.8,85.0,83.8,87.5,91.4,90.6,89.7,89.6,80.4,85.9,85.9,85.4
4938,87.7,81.0,82.9,91.5,90.4,89.3,90.2,88.1,84.2,85.3,84.4,85.8,85.0,84.9,88.8,85.1,87.0,90.2,83.7,82.7,87.4,85.2,88.4,86.5,89.8,89.9,87.1,87.1,84.9,85.6,87.8,83.3,84.3,86.1,85.4,84.5,85.4,78.9,88.8,79.6,84.6,81.8,89.3,88.8,87.0,79.3,85.9,86.2,91.4,88.0,81.9,88.0,86.1,84.5,88.0,88.6,89.8,91.2,93.3,88.0,90.0,93.5,90.8,93.7,90.0,87.7,87.9,85.6,83.9,84.3,79.8,90.0,84.7,91.9,92.1,83.0,83.1,82.4,86.1,89.8,88.9,88.1,88.3,78.7,84.4,84.5,83.9
4939,83.1,77.4,77.8,88.7,88.0,86.9,87.5,85.1,81.2,82.8,81.6,83.4,81.8,82.7,85.8,82.3,83.8,85.6,80.8,79.4,84.7,82.2,85.2,83.7,86.7,86.8,85.3,84.0,82.2,83.1,85.2,79.9,81.5,83.5,83.3,82.0,80.8,75.2,86.3,75.8,81.9,77.4,86.3,86.0,82.7,75.5,82.8,82.6,86.8,85.3,80.0,84.8,82.9,79.3,85.9,85.7,87.7,89.0,91.5,85.0,86.7,91.7,86.9,89.5,86.3,83.5,83.5,83.4,81.0,81.4,77.2,87.0,80.7,89.4,87.4,80.4,79.9,79.3,83.4,86.7,86.1,85.1,85.7,76.4,82.1,81.8,81.2
4940,79.2,73.7,73.8,84.4,84.4,83.8,84.1,80.9,78.2,79.5,78.5,80.2,78.3,79.9,82.1,79.1,78.7,78.2,77.8,76.4,80.8,78.3,80.8,79.7,82.1,82.2,83.3,80.1,78.3,79.6,81.5,76.2,77.8,80.0,80.2,78.2,77.2,72.1,82.4,72.6,79.0,73.9,81.4,81.4,79.0,72.7,79.0,78.4,82.9,80.5,77.0,81.6,79.4,75.2,82.0,81.1,83.3,84.5,87.8,79.5,83.1,86.1,80.5,83.9,81.5,77.8,78.2,80.8,77.5,78.0,74.5,82.0,77.2,85.0,82.3,76.1,76.7,75.9,79.5,82.0,81.5,80.7,76.5,74.3,78.9,78.5,76.6
4941,76.5,71.5,72.0,80.8,81.7,81.7,82.0,78.5,76.5,78.2,76.5,78.0,76.5,78.1,79.9,77.4,76.3,74.5,75.8,74.7,78.4,76.5,78.4,77.6,78.9,79.6,81.8,77.8,76.2,77.7,79.2,74.5,75.4,77.8,78.0,75.6,75.0,70.3,79.3,70.8,77.1,71.8,78.0,78.6,77.0,70.8,76.7,75.6,80.6,76.4,74.7,79.3,77.0,73.2,78.8,77.0,79.5,81.5,83.8,77.0,79.0,79.7,75.0,81.0,78.0,74.2,75.2,79.3,75.9,76.2,73.0,78.3,74.9,81.8,79.2,73.4,75.1,74.1,77.6,78.8,78.6,77.3,72.4,72.9,76.5,76.4,73.7
4942,74.5,70.1,70.4,78.7,80.0,80.1,80.4,77.1,75.2,77.0,75.1,76.3,75.2,76.8,78.5,76.1,75.0,72.1,74.6,73.4,76.8,75.2,77.2,76.1,76.8,78.1,80.5,76.4,74.8,76.3,77.9,73.5,73.9,76.2,76.4,74.2,73.3,69.0,77.2,69.1,75.7,70.4,75.8,76.7,75.0,69.5,74.5,73.4,77.8,74.5,73.0,77.4,75.3,71.8,77.0,73.6,77.1,79.5,80.0,74.8,76.8,76.9,72.0,78.4,75.1,72.1,72.6,77.9,74.7,75.2,71.6,76.2,73.0,79.9,76.5,72.1,74.1,72.8,76.3,76.9,77.1,75.4,71.6,71.5,74.8,75.0,71.9
4943,73.1,68.7,68.9,76.7,78.5,78.7,78.8,76.1,74.2,75.8,74.0,75.2,74.1,75.6,77.2,75.0,74.1,70.3,73.4,72.5,75.8,74.2,76.2,75.1,75.2,76.8,79.4,75.2,73.6,75.3,76.8,72.6,72.8,74.6,75.1,73.2,71.9,67.8,75.7,68.0,74.8,69.5,74.3,75.3,73.6,68.1,72.5,71.3,74.8,73.0,71.5,75.3,73.9,70.3,75.6,70.9,75.8,78.1,77.1,73.4,74.1,75.4,69.6,75.4,73.0,70.3,70.5,76.9,73.6,74.1,70.4,74.2,71.3,77.9,73.5,70.5,73.1,72.0,75.3,75.2,75.8,73.7,70.8,70.5,73.7,73.9,70.7
4944,71.7,67.8,67.7,74.8,77.2,77.4,77.6,75.2,73.2,74.7,73.2,74.2,73.2,74.7,76.1,74.1,73.3,68.6,72.5,71.7,74.8,73.2,75.2,74.2,73.9,75.8,78.1,74.0,72.7,74.3,75.6,72.0,71.9,73.4,74.2,72.3,70.7,66.7,74.2,66.7,73.6,68.5,73.0,73.8,72.2,67.1,71.0,69.3,71.7,71.0,70.6,73.0,72.8,69.2,74.3,68.5,74.4,76.7,74.7,72.1,71.7,73.5,68.3,72.5,71.2,68.2,68.3,75.8,72.6,73.3,69.3,72.7,69.8,76.4,70.7,69.1,72.2,71.2,74.2,74.0,74.8,72.2,69.6,69.6,72.5,72.9,69.7
4945,70.4,66.7,66.9,73.3,76.1,76.3,76.6,74.2,72.4,74.0,72.4,73.3,72.5,73.8,75.3,73.5,72.7,66.5,71.7,70.7,73.8,72.6,74.4,73.1,72.9,74.8,77.2,73.1,71.8,73.4,74.8,71.2,70.9,72.5,73.3,71.6,69.8,65.8,72.9,65.7,72.6,67.5,71.8,72.5,71.0,65.8,69.7,67.1,68.3,69.2,69.8,70.5,71.5,68.1,72.9,66.5,73.2,75.5,72.5,70.6,69.7,71.9,66.1,69.1,69.1,66.6,66.1,74.9,71.8,72.6,68.2,71.1,68.4,75.0,68.5,68.0,71.5,70.3,73.5,72.9,73.7,70.9,69.2,68.9,71.4,72.1,69.0
4946,69.3,65.7,65.8,72.1,75.2,75.4,75.5,73.3,71.8,73.2,71.7,72.6,71.6,73.0,74.5,72.8,71.9,64.8,71.0,70.1,73.1,71.7,73.6,72.4,72.0,73.9,76.3,72.4,71.0,72.7,74.1,70.6,70.0,71.5,72.4,70.8,68.9,65.0,71.6,64.4,71.6,66.8,70.8,71.3,69.7,64.9,68.3,65.7,65.7,67.8,68.8,68.4,70.4,67.1,71.7,64.3,72.0,74.3,70.7,69.0,68.2,70.3,64.1,66.6,66.8,64.6,64.0,74.0,71.2,71.9,67.3,69.6,67.1,73.6,66.6,66.1,70.8,69.6,72.7,71.6,72.7,69.8,68.5,68.2,70.5,71.3,68.3
4947,68.0,65.1,64.9,71.0,74.1,74.6,74.5,72.4,71.2,72.4,71.0,71.9,71.2,72.2,73.8,72.2,71.3,63.3,70.4,69.5,72.4,71.0,72.9,71.6,71.0,73.0,75.5,71.7,70.4,72.1,73.3,70.0,69.1,70.8,71.7,70.0,68.1,64.0,70.6,63.3,70.6,65.9,69.8,70.1,68.5,64.2,67.1,64.2,63.4,66.2,68.0,66.6,69.1,66.3,70.5,62.7,70.7,73.4,69.3,67.4,66.3,68.9,62.5,64.1,64.9,62.6,61.8,73.3,70.6,71.2,66.3,68.8,65.8,72.6,64.6,65.0,70.3,69.1,72.1,70.8,71.8,68.8,67.4,67.6,69.4,70.5,67.8
4948,66.7,64.3,64.2,70.1,73.2,73.9,73.8,71.7,70.6,71.7,70.5,71.2,70.6,71.6,73.1,71.6,70.7,61.9,69.9,69.1,71.7,70.5,72.4,70.9,70.3,72.2,74.9,71.1,69.7,71.5,72.6,69.4,68.6,70.0,70.9,69.3,67.3,63.1,69.8,62.1,69.8,65.2,68.7,68.7,67.5,63.2,65.9,62.9,61.8,65.0,67.2,65.2,68.0,65.5,69.2,61.1,69.6,72.6,67.7,65.7,64.9,67.2,61.2,61.9,63.5,60.4,59.9,72.5,70.0,70.6,65.5,67.8,64.8,71.5,62.7,64.0,69.8,68.4,71.5,69.8,70.9,67.9,66.1,67.0,68.7,69.9,67.1
4949,65.7,63.7,63.6,69.1,72.3,73.1,73.1,70.9,70.0,71.1,70.0,70.9,70.1,71.0,72.1,71.1,70.2,61.1,69.5,68.8,71.1,70.0,71.8,70.1,69.4,71.2,74.2,70.4,69.2,71.1,72.1,68.9,68.0,69.2,70.2,68.6,66.6,62.2,68.8,61.3,69.0,64.8,68.1,67.5,66.5,62.6,64.9,61.9,60.3,64.0,66.6,64.0,67.0,64.8,68.2,60.2,68.6,71.9,66.5,64.8,64.1,65.7,60.2,60.2,62.1,58.7,58.1,72.1,69.5,70.1,64.4,66.9,63.9,70.4,61.7,62.9,69.4,68.0,70.9,69.0,70.1,66.8,64.7,66.8,68.0,69.2,66.5
4950,68.3,65.6,66.0,68.3,72.0,72.8,72.8,70.9,70.6,71.5,71.3,71.0,71.2,71.0,71.9,71.6,70.4,65.7,70.5,70.4,71.2,70.3,72.0,70.0,68.9,71.0,74.2,70.4,70.0,71.3,72.0,69.9,67.8,69.3,70.0,68.7,68.1,63.7,68.0,62.4,69.1,67.1,67.5,68.1,68.3,64.4,65.4,65.3,64.5,63.5,66.1,65.0,66.8,67.2,67.4,63.8,68.2,72.1,65.6,67.5,66.7,64.5,64.3,63.9,62.6,62.6,59.8,72.1,70.2,71.2,64.3,66.2,65.8,70.5,66.5,62.4,70.9,69.5,71.1,68.6,69.6,66.2,64.3,68.5,67.8,69.2,66.9
4951,72.8,69.9,70.7,70.4,74.1,74.7,75.1,73.8,73.4,73.7,74.5,73.3,74.3,73.1,74.6,74.0,73.7,70.9,73.6,73.5,73.8,73.1,74.9,72.2,71.3,73.8,75.8,73.1,72.6,74.1,74.4,72.9,70.1,71.9,71.8,71.4,72.3,68.2,70.1,67.5,71.2,72.1,69.4,72.0,72.1,69.0,68.8,71.8,72.7,67.9,69.0,68.5,70.7,70.9,69.2,68.8,71.1,74.9,68.2,72.0,69.5,67.0,70.0,72.5,65.3,69.0,65.9,74.0,73.6,74.2,68.0,68.6,70.3,75.0,73.5,67.8,74.0,72.6,73.6,70.7,71.9,68.2,68.9,71.1,69.6,71.5,69.9
4952,77.3,74.0,75.3,75.2,77.5,77.6,78.4,76.7,76.4,76.2,77.7,76.3,77.2,75.9,78.0,77.1,77.0,74.2,77.1,76.7,77.2,76.1,78.3,75.1,75.3,77.4,78.0,76.6,75.3,77.2,77.2,75.6,73.0,75.0,74.4,74.1,76.3,72.4,74.5,71.6,73.8,76.4,73.5,75.4,76.1,74.2,72.5,76.2,79.4,73.7,73.5,72.9,75.3,75.1,72.4,74.3,75.3,78.3,72.3,75.9,73.0,71.6,74.3,79.3,68.7,73.8,70.8,76.5,77.0,76.8,72.1,73.6,74.9,79.3,78.6,72.4,77.2,75.7,76.6,74.5,75.6,71.9,74.1,73.8,72.5,74.7,73.1
4953,81.2,77.7,79.1,80.0,80.9,80.6,81.5,79.8,79.2,78.8,80.2,79.2,79.9,78.4,81.1,79.8,79.9,77.7,80.0,79.6,80.2,79.0,81.4,78.2,79.1,80.8,80.5,80.2,78.1,80.2,80.1,78.6,76.0,78.1,77.2,77.0,79.7,76.0,78.7,75.1,76.7,79.9,77.6,78.6,80.1,78.2,76.2,80.1,84.7,79.0,77.2,77.7,79.2,78.9,76.5,78.6,79.5,81.7,76.1,79.5,77.1,76.6,78.3,84.2,72.7,77.7,75.3,78.9,80.0,79.4,76.3,78.0,79.1,82.5,82.5,76.9,80.1,78.4,79.6,78.6,79.5,76.2,77.3,76.3,75.4,77.8,76.3
4954,84.9,81.4,82.0,83.8,84.2,83.4,84.5,82.6,81.6,81.0,82.5,81.7,82.4,80.7,83.9,82.0,82.8,81.1,82.2,81.8,82.7,81.2,84.0,81.2,82.7,83.8,82.8,83.1,80.4,82.8,82.8,81.0,78.8,80.9,79.8,79.4,82.8,79.3,82.3,78.5,79.5,82.8,81.4,81.7,83.9,81.6,79.9,83.6,88.9,83.0,80.3,82.7,82.9,82.0,80.6,81.9,82.9,84.9,79.7,82.3,81.2,80.5,81.7,87.9,76.8,81.3,79.3,81.2,82.2,81.5,79.9,81.8,83.0,85.2,85.9,80.9,82.4,80.6,82.0,82.4,82.9,80.1,80.0,78.5,78.2,80.5,79.0
4955,88.1,84.2,84.5,87.0,86.9,85.9,87.2,85.0,83.4,83.1,84.4,83.6,84.3,82.7,86.2,83.9,85.0,84.2,83.8,83.5,85.1,83.1,86.2,83.5,85.8,86.5,84.7,85.3,82.5,84.6,85.1,83.0,81.2,83.0,81.9,81.5,85.3,82.2,85.4,81.3,82.2,85.1,84.6,84.7,87.0,84.1,83.4,86.5,92.6,86.4,82.7,86.7,86.1,84.7,83.6,84.6,85.4,87.6,83.1,84.6,84.9,84.2,84.6,90.8,80.7,84.5,83.4,83.2,84.0,83.4,82.8,85.1,86.2,87.9,89.0,83.5,84.1,82.2,84.0,85.3,85.5,83.4,82.6,80.2,80.4,82.4,81.1
4956,90.2,86.5,86.4,89.4,89.2,88.2,89.0,87.1,84.9,84.8,85.7,85.1,85.8,84.4,88.2,85.4,86.8,86.8,84.9,84.5,86.9,84.7,87.8,85.5,88.5,89.0,86.4,87.0,84.0,86.1,87.0,84.6,83.0,84.7,83.7,83.4,87.0,84.7,87.4,83.2,84.6,86.9,87.2,87.4,89.4,86.2,86.4,88.6,95.3,89.1,84.3,89.6,88.5,87.0,85.7,86.7,87.2,89.7,86.5,86.4,87.9,87.0,87.3,93.1,84.7,87.0,86.9,84.8,85.5,84.9,84.7,87.5,88.6,89.9,91.4,85.4,85.3,83.4,85.8,87.8,87.8,85.8,85.1,81.4,82.3,84.0,83.0
4957,92.0,87.8,87.9,91.4,90.7,89.7,90.7,88.7,86.0,86.0,86.7,86.1,86.9,85.6,89.8,86.5,88.2,89.2,86.1,85.3,88.3,86.0,89.2,86.7,90.6,90.8,87.5,88.5,85.2,87.3,88.2,85.7,84.6,86.2,85.2,84.8,88.4,85.8,89.1,83.9,86.6,88.0,89.2,89.5,91.4,86.8,88.6,90.2,96.6,90.6,84.8,91.7,89.9,88.7,87.2,88.2,88.9,91.3,89.2,87.8,90.3,89.4,89.4,95.1,88.1,88.7,90.0,86.0,86.2,85.9,86.1,89.9,90.3,92.0,93.5,86.6,86.1,84.2,87.0,89.7,89.5,87.7,87.2,82.4,83.9,85.0,84.2
4958,93.1,87.9,88.6,92.8,91.7,90.8,91.7,89.5,86.8,86.9,87.5,86.8,87.7,86.7,91.0,87.2,89.0,90.9,86.5,85.7,89.1,86.8,90.2,87.9,91.7,91.9,88.4,89.4,86.0,88.0,89.1,86.3,85.7,87.3,86.2,85.6,89.5,85.7,90.2,83.8,87.8,88.3,90.6,90.9,92.5,86.5,90.0,90.8,97.3,91.4,85.2,92.8,90.8,89.7,88.5,89.4,90.1,92.2,91.3,88.8,91.7,91.5,91.3,96.4,90.9,89.9,92.1,86.9,86.7,86.9,86.2,91.1,91.0,93.6,94.8,86.8,86.3,84.7,88.1,91.0,90.5,89.2,88.7,82.5,85.2,86.0,85.3
4959,93.5,87.3,88.9,93.8,92.3,91.6,92.4,90.0,86.9,87.4,87.5,87.2,87.9,87.0,91.5,87.5,89.3,92.1,86.7,85.8,89.8,87.5,90.7,88.4,92.4,92.2,88.8,89.7,86.7,88.4,89.7,86.3,86.3,88.0,86.8,86.3,89.8,85.1,90.8,83.9,88.1,87.9,91.3,91.5,92.9,85.0,90.5,90.6,96.6,91.2,85.3,92.8,90.6,90.1,89.3,90.0,90.8,92.8,92.9,89.6,92.4,93.2,92.4,96.9,92.6,90.6,93.2,87.4,86.9,87.0,85.9,92.1,90.7,94.4,95.6,86.8,86.3,84.9,88.4,91.7,91.1,90.0,89.4,82.2,85.9,86.3,86.0
4960,92.7,85.8,88.0,93.8,92.1,91.5,92.3,90.0,86.7,87.2,87.0,87.6,87.6,86.9,91.2,87.4,89.2,92.4,86.4,85.5,89.6,87.6,90.8,88.4,92.4,92.1,88.8,89.6,86.6,88.2,89.7,85.8,86.1,87.9,86.8,86.5,89.2,83.6,90.9,83.3,87.5,86.5,91.4,91.5,92.0,83.7,89.7,89.6,95.5,90.3,84.5,92.1,89.6,89.5,89.6,90.3,91.1,92.8,93.8,89.7,92.4,94.2,93.0,96.8,93.2,90.8,93.1,87.5,86.6,86.8,84.4,92.2,89.3,93.9,95.4,86.2,86.0,84.5,88.2,91.7,91.1,90.2,89.8,81.4,86.0,86.3,85.9
4961,90.6,83.5,86.1,92.9,91.5,90.8,91.5,89.3,85.7,86.6,85.8,86.9,86.6,86.1,90.3,86.7,88.7,92.0,85.5,84.4,88.9,86.8,89.9,87.7,91.3,91.2,88.2,88.7,86.0,87.3,89.0,85.0,85.6,87.3,86.3,85.7,87.6,81.5,90.2,81.9,86.7,84.5,90.9,90.6,90.1,81.5,87.7,88.2,94.0,89.4,83.4,90.4,88.2,87.7,89.0,89.9,90.8,92.3,94.1,89.4,91.9,94.4,92.6,95.7,92.5,90.0,91.4,86.7,85.7,85.9,82.2,91.6,86.7,93.2,94.5,84.8,84.9,83.6,87.5,91.0,90.3,89.6,89.5,80.3,85.7,85.8,85.1
4962,87.5,80.8,82.6,91.3,90.0,89.2,90.0,87.8,83.9,85.2,84.1,85.6,84.9,84.9,88.7,85.0,87.0,90.3,83.5,82.7,87.3,85.2,88.4,86.1,89.5,89.6,87.1,87.0,84.8,85.7,87.7,83.2,84.1,85.9,85.2,84.3,85.3,78.7,88.8,79.4,84.4,81.4,89.1,88.6,86.9,78.6,85.5,86.1,91.4,87.8,81.9,87.9,85.8,84.4,87.9,88.6,89.6,91.0,93.3,88.0,90.0,93.5,90.8,93.5,90.2,87.8,88.1,85.5,83.9,84.1,79.7,89.8,84.2,91.6,92.1,82.9,83.1,82.2,86.0,89.4,88.5,87.9,88.2,78.6,84.2,84.4,83.7
4963,82.9,77.2,77.5,88.4,87.6,86.7,87.3,84.8,80.9,82.6,81.3,83.3,81.6,82.6,85.6,82.2,83.7,85.5,80.6,79.3,84.5,82.0,85.1,83.4,86.4,86.6,85.2,83.8,82.0,83.1,85.0,79.8,81.3,83.3,83.1,81.8,80.6,75.1,86.3,75.6,81.6,77.1,86.0,85.9,82.6,75.0,82.5,82.5,86.7,85.1,80.0,84.8,82.7,79.2,85.8,85.7,87.5,88.7,91.5,84.9,86.7,91.6,86.8,89.3,86.5,83.5,83.7,83.2,81.0,81.1,77.1,86.7,80.3,89.1,87.3,80.2,79.7,79.1,83.2,86.4,85.6,85.0,85.6,76.3,81.9,81.7,81.0
4964,78.9,73.4,73.7,84.2,84.1,83.7,83.9,80.6,77.9,79.5,78.2,80.0,78.0,79.8,81.9,79.0,78.4,78.3,77.6,76.2,80.6,78.2,80.7,79.4,81.8,81.9,83.2,79.9,78.1,79.6,81.3,76.1,77.5,79.8,79.9,78.1,77.0,71.9,82.4,72.4,78.7,73.8,81.2,81.3,78.8,72.2,78.7,78.3,82.9,80.3,77.0,81.6,79.4,75.1,81.9,81.0,83.1,84.3,87.8,79.6,83.1,85.9,80.5,83.7,81.7,77.8,78.4,80.7,77.5,77.7,74.3,81.7,76.9,84.8,82.3,76.0,76.5,75.7,79.3,81.7,81.1,80.5,76.4,74.2,78.6,78.4,76.3
4965,76.2,71.3,71.8,80.7,81.4,81.5,81.8,78.2,76.2,78.0,76.2,77.8,76.2,77.9,79.7,77.3,76.1,74.6,75.7,74.5,78.3,76.3,78.3,77.4,78.6,79.3,81.6,77.7,76.0,77.7,79.0,74.3,75.1,77.6,77.8,75.4,74.9,70.1,79.2,70.6,76.8,71.7,77.8,78.6,76.8,70.5,76.4,75.5,80.6,76.3,74.6,79.3,76.8,73.0,78.7,76.9,79.4,81.4,83.8,77.1,79.1,79.7,75.0,80.8,78.2,74.2,75.4,79.0,75.8,76.0,72.8,78.1,74.7,81.6,79.1,73.2,74.9,73.8,77.3,78.5,78.3,77.1,72.4,72.8,76.3,76.2,73.5
4966,74.3,69.8,70.2,78.6,79.7,80.0,80.3,76.9,75.0,76.8,74.9,76.2,75.0,76.6,78.3,75.9,74.9,72.2,74.4,73.3,76.7,75.0,77.1,76.0,76.6,77.8,80.2,76.2,74.6,76.3,77.7,73.4,73.7,76.1,76.2,74.0,73.2,68.8,77.1,68.8,75.5,70.3,75.7,76.7,74.9,69.2,74.3,73.3,77.8,74.4,72.9,77.4,75.2,71.6,76.9,73.6,77.0,79.3,80.1,74.9,76.9,77.1,71.9,78.1,75.3,72.1,72.8,77.7,74.6,75.0,71.5,76.1,72.8,79.7,76.4,71.9,73.9,72.5,76.1,76.6,76.9,75.1,71.7,71.4,74.6,74.8,71.8
4967,72.8,68.4,68.7,76.7,78.2,78.6,78.7,75.9,73.9,75.6,73.8,75.1,73.9,75.5,77.1,74.8,74.0,70.5,73.3,72.3,75.6,74.0,76.1,75.0,75.0,76.6,79.2,75.0,73.4,75.3,76.6,72.5,72.6,74.4,74.9,73.0,71.9,67.6,75.6,67.8,74.6,69.4,74.2,75.3,73.4,67.7,72.4,71.2,74.9,72.8,71.4,75.3,73.7,70.3,75.5,70.9,75.7,77.9,77.1,73.5,74.2,75.4,69.7,75.2,73.2,70.3,70.6,76.7,73.5,73.9,70.3,74.1,71.0,77.8,73.4,70.4,73.0,71.7,75.2,74.9,75.6,73.5,70.7,70.4,73.4,73.8,70.6
4968,71.5,67.6,67.5,74.7,77.0,77.3,77.5,75.1,73.0,74.5,73.0,74.0,73.0,74.6,76.0,73.9,73.2,68.7,72.3,71.5,74.6,73.0,75.1,74.0,73.7,75.5,77.9,73.9,72.4,74.3,75.5,71.9,71.6,73.1,74.0,72.1,70.7,66.5,74.1,66.5,73.4,68.3,72.8,73.8,72.1,66.8,70.9,69.2,71.7,70.9,70.5,72.9,72.7,69.1,74.1,68.6,74.2,76.6,74.8,72.1,71.9,73.5,68.4,72.2,71.4,68.2,68.4,75.7,72.6,73.0,69.2,72.6,69.6,76.3,70.6,69.0,72.0,70.9,74.1,73.7,74.6,72.0,69.6,69.6,72.3,72.8,69.6
4969,70.3,66.5,66.7,73.2,75.9,76.2,76.5,74.1,72.1,73.9,72.2,73.1,72.3,73.7,75.2,73.3,72.5,66.6,71.5,70.5,73.6,72.4,74.3,73.0,72.7,74.6,77.0,72.9,71.6,73.4,74.6,71.0,70.6,72.3,73.0,71.3,69.7,65.7,72.7,65.5,72.5,67.4,71.6,72.5,70.8,65.6,69.5,67.1,68.3,69.1,69.6,70.4,71.4,68.0,72.7,66.5,73.1,75.4,72.6,70.6,69.8,72.0,66.1,68.9,69.2,66.6,66.2,74.7,71.8,72.5,68.0,71.1,68.2,74.8,68.5,67.8,71.3,70.1,73.4,72.5,73.5,70.8,69.2,68.9,71.1,72.0,68.9
4970,69.1,65.7,65.8,72.0,75.1,75.2,75.4,73.2,71.5,73.0,71.5,72.4,71.4,72.9,74.4,72.6,71.8,64.8,70.8,70.0,72.9,71.4,73.4,72.2,71.8,73.7,76.1,72.3,70.8,72.7,73.9,70.5,69.7,71.3,72.1,70.6,68.9,64.9,71.6,64.2,71.4,66.6,70.6,71.4,69.6,64.7,68.2,65.7,65.7,67.6,68.7,68.3,70.3,67.0,71.6,64.4,71.9,74.2,70.8,69.1,68.3,70.4,64.2,66.3,67.0,64.5,64.1,73.8,71.2,71.7,67.2,69.7,66.9,73.4,66.5,65.9,70.7,69.4,72.6,71.4,72.5,69.6,68.5,68.2,70.2,71.2,68.0
4971,67.9,64.9,64.9,70.8,74.0,74.4,74.5,72.4,70.9,72.2,70.8,71.7,71.0,72.2,73.7,72.0,71.2,63.3,70.2,69.4,72.3,70.8,72.8,71.3,70.8,72.9,75.4,71.5,70.1,72.1,73.2,69.8,68.8,70.6,71.4,69.8,68.1,64.0,70.6,63.2,70.5,65.8,69.6,70.0,68.4,64.0,66.9,64.2,63.3,66.1,67.9,66.5,68.9,66.1,70.4,62.7,70.6,73.3,69.4,67.5,66.5,69.0,62.5,63.9,65.0,62.6,61.9,73.1,70.7,71.1,66.2,68.7,65.6,72.5,64.4,64.9,70.2,68.8,72.0,70.5,71.6,68.5,67.4,67.5,69.2,70.4,67.4
4972,66.6,64.2,64.1,69.9,73.1,73.8,73.8,71.6,70.3,71.5,70.3,71.0,70.3,71.5,73.0,71.3,70.6,61.8,69.7,68.9,71.6,70.3,72.3,70.6,70.1,72.1,74.7,71.1,69.6,71.4,72.5,69.3,68.3,69.8,70.6,69.0,67.4,63.0,69.8,62.0,69.6,65.1,68.6,68.6,67.4,63.1,65.8,62.9,61.8,64.9,67.0,65.1,67.9,65.4,69.2,61.2,69.6,72.6,67.8,65.9,65.0,67.4,61.1,61.7,63.6,60.2,60.0,72.3,70.0,70.5,65.3,67.8,64.7,71.5,62.6,63.8,69.7,68.2,71.4,69.6,70.7,67.5,66.1,67.0,68.4,69.6,66.8
4973,65.7,63.7,63.6,68.9,72.2,73.0,73.1,70.8,69.8,70.9,69.8,70.7,69.9,70.9,72.1,70.9,70.1,60.9,69.3,68.6,71.0,69.8,71.7,69.9,69.2,71.2,74.0,70.4,68.9,71.0,71.9,68.8,67.7,68.9,69.9,68.3,66.6,62.1,68.7,61.1,68.9,64.6,67.9,67.6,66.4,62.5,64.8,61.9,60.3,63.9,66.4,63.9,66.9,64.7,68.0,60.2,68.6,71.9,66.5,64.9,64.2,65.8,60.1,59.9,62.2,58.5,58.1,71.8,69.5,69.9,64.3,66.9,63.8,70.3,61.6,62.9,69.3,67.8,70.7,68.8,70.0,66.6,64.7,66.8,67.8,69.0,66.2
4974,68.1,65.4,65.8,68.2,71.9,72.7,72.8,70.8,70.4,71.3,71.1,70.8,70.9,70.9,71.9,71.4,70.3,65.7,70.3,70.2,71.1,70.1,71.9,69.8,68.7,70.9,74.0,70.3,69.7,71.3,71.9,69.8,67.5,69.0,69.7,68.4,68.1,63.6,68.0,62.1,69.0,67.0,67.3,68.0,68.2,64.1,65.3,65.2,64.3,63.4,65.9,64.9,66.6,67.1,67.4,63.7,68.1,71.9,65.7,67.6,66.8,64.6,64.2,63.6,62.7,62.4,59.7,71.8,70.2,71.0,64.1,66.2,65.6,70.4,66.3,62.3,70.8,69.3,70.9,68.3,69.5,66.0,64.3,68.5,67.6,68.9,66.5
4975,72.6,69.6,70.5,70.2,74.0,74.5,75.0,73.6,73.2,73.5,74.3,73.1,74.1,72.9,74.4,73.8,73.5,70.9,73.4,73.3,73.6,72.8,74.8,72.0,71.1,73.6,75.5,72.9,72.4,74.0,74.2,72.7,69.8,71.6,71.5,71.1,72.3,68.0,70.0,67.2,71.1,71.8,69.1,71.9,71.9,68.6,68.7,71.5,72.5,67.7,68.9,68.4,70.5,70.7,69.0,68.7,70.9,74.7,68.2,72.0,69.6,67.1,69.9,72.3,65.3,69.0,65.9,73.8,73.6,74.1,67.8,68.4,70.0,74.9,73.3,67.6,73.8,72.4,73.5,70.4,71.7,68.0,68.7,71.1,69.3,71.3,69.6
4976,77.0,73.7,74.9,74.9,77.2,77.5,78.3,76.5,76.2,76.0,77.5,76.1,77.1,75.7,77.8,76.9,76.7,74.3,77.0,76.5,77.0,75.9,78.2,74.9,75.0,77.3,77.8,76.4,75.0,77.2,77.0,75.5,72.7,74.7,74.2,73.9,76.2,72.2,74.4,71.3,73.6,76.0,73.1,75.4,75.8,73.8,72.4,76.0,79.3,73.6,73.5,72.7,75.1,74.8,72.3,74.3,75.1,78.1,72.2,76.0,73.0,71.6,74.3,79.1,68.8,73.8,70.8,76.2,76.9,76.7,71.9,73.3,74.5,79.1,78.5,72.2,77.1,75.6,76.4,74.2,75.3,71.6,73.9,73.8,72.2,74.5,72.8
4977,80.8,77.4,78.6,79.6,80.6,80.5,81.4,79.5,79.0,78.6,80.1,79.1,79.8,78.2,80.9,79.7,79.7,77.7,79.8,79.4,80.0,78.8,81.3,77.9,78.8,80.6,80.3,80.0,77.8,80.2,79.9,78.6,75.8,77.8,77.0,76.8,79.5,75.8,78.6,74.9,76.5,79.5,77.2,78.5,79.7,77.7,76.0,79.8,84.5,78.8,77.2,77.6,79.0,78.5,76.3,78.6,79.2,81.6,76.1,79.6,77.1,76.6,78.4,84.1,72.7,77.7,75.3,78.7,80.0,79.3,76.1,77.7,78.6,82.3,82.5,76.7,80.0,78.2,79.4,78.2,79.2,75.9,77.1,76.3,75.2,77.5,76.1
4978,84.5,81.1,81.5,83.4,83.9,83.3,84.4,82.3,81.4,80.8,82.4,81.6,82.3,80.5,83.8,81.9,82.5,81.1,82.0,81.6,82.5,81.0,83.9,80.9,82.4,83.7,82.6,82.9,80.2,82.8,82.6,81.0,78.6,80.6,79.6,79.2,82.7,79.0,82.1,78.2,79.3,82.4,81.0,81.6,83.5,81.1,79.7,83.3,88.7,82.7,80.3,82.6,82.6,81.6,80.3,81.9,82.7,84.7,79.7,82.3,81.2,80.6,81.7,87.8,76.9,81.3,79.5,81.0,82.3,81.4,79.6,81.5,82.5,85.0,85.9,80.6,82.3,80.3,81.8,81.9,82.5,79.8,79.9,78.5,78.0,80.2,78.8
4979,87.6,83.9,84.0,86.5,86.5,85.8,87.0,84.7,83.3,82.9,84.3,83.5,84.2,82.5,86.1,83.8,84.8,84.3,83.6,83.4,84.8,83.0,86.1,83.2,85.5,86.4,84.5,85.1,82.3,84.6,84.9,83.0,81.0,82.8,81.7,81.3,85.2,82.0,85.2,81.0,82.0,84.7,84.2,84.6,86.5,83.7,83.3,86.2,92.3,86.1,82.8,86.6,85.8,84.3,83.4,84.7,85.2,87.4,83.1,84.7,84.9,84.3,84.5,90.8,80.8,84.5,83.5,83.0,84.1,83.2,82.7,84.8,85.7,87.6,89.0,83.4,83.9,82.1,83.9,84.9,85.1,82.9,82.6,80.2,80.1,82.2,80.9
4980,89.6,86.1,85.9,89.0,88.9,88.0,88.8,86.7,84.9,84.6,85.7,85.0,85.7,84.2,88.1,85.3,86.6,86.9,84.9,84.4,86.6,84.5,87.7,85.2,88.2,88.8,86.2,86.8,83.8,86.1,86.8,84.7,82.8,84.5,83.5,83.3,86.8,84.4,87.4,82.9,84.4,86.5,86.8,87.2,88.9,85.7,86.1,88.3,95.0,88.8,84.3,89.6,88.3,86.6,85.4,86.8,86.9,89.5,86.4,86.5,87.8,87.1,87.3,93.1,84.8,87.0,87.0,84.6,85.5,84.8,84.6,87.2,88.0,89.7,91.4,85.2,85.2,83.3,85.7,87.4,87.4,85.3,85.1,81.4,82.1,83.8,82.8
4981,91.3,87.4,87.5,91.0,90.5,89.6,90.6,88.5,86.0,85.9,86.7,86.2,86.9,85.5,89.7,86.4,88.0,89.3,86.0,85.2,88.1,85.9,89.1,86.6,90.3,90.6,87.3,88.4,85.1,87.3,88.0,85.7,84.3,86.0,85.0,84.6,88.3,85.5,89.0,83.6,86.3,87.7,88.8,89.3,90.9,86.3,88.4,89.9,96.4,90.4,84.8,91.8,89.7,88.3,86.8,88.3,88.6,90.9,89.1,87.9,90.2,89.5,89.5,95.0,88.3,88.7,90.1,85.9,86.3,85.9,85.9,89.5,89.7,91.8,93.5,86.4,86.0,84.1,86.9,89.3,89.2,87.2,87.1,82.4,83.6,84.9,83.9
4982,92.5,87.5,88.1,92.4,91.5,90.7,91.5,89.4,86.9,86.7,87.5,86.7,87.7,86.6,90.8,87.1,88.9,91.0,86.6,85.6,89.0,86.7,90.0,87.6,91.4,91.6,88.3,89.2,85.8,88.0,89.0,86.4,85.5,87.2,86.0,85.4,89.4,85.4,90.1,83.5,87.6,87.9,90.1,90.7,92.2,85.9,89.8,90.6,97.1,91.1,85.1,92.8,90.5,89.3,88.2,89.5,89.8,91.9,91.3,88.9,91.6,91.6,91.3,96.4,91.1,89.9,92.2,86.8,86.9,86.8,85.9,90.8,90.5,93.4,94.7,86.7,86.3,84.7,87.9,90.6,90.2,88.8,88.6,82.4,84.9,85.8,85.0
4983,92.9,86.7,88.4,93.4,92.0,91.4,92.2,89.8,87.0,87.2,87.5,87.3,87.9,86.9,91.3,87.5,89.2,92.1,86.8,85.8,89.7,87.4,90.5,88.1,92.0,92.0,88.7,89.7,86.5,88.4,89.6,86.4,86.0,87.7,86.5,86.1,89.7,84.6,90.6,83.6,87.8,87.5,90.9,91.4,92.3,84.5,90.1,90.4,96.5,91.0,85.3,92.8,90.2,89.8,89.1,90.1,90.6,92.6,93.0,89.7,92.5,93.3,92.3,96.9,92.8,90.6,93.4,87.3,87.0,87.0,85.6,91.7,90.2,94.1,95.5,86.7,86.2,84.7,88.3,91.3,90.8,89.6,89.3,82.1,85.6,86.1,85.7
4984,91.9,85.2,87.7,93.5,91.9,91.3,92.2,89.8,86.8,87.0,87.0,87.7,87.6,86.8,91.0,87.4,89.1,92.5,86.4,85.5,89.5,87.6,90.7,88.1,92.1,92.0,88.7,89.5,86.4,88.2,89.6,85.9,85.8,87.7,86.6,86.2,89.0,83.1,90.6,82.9,87.0,86.1,91.0,91.4,91.4,83.0,89.3,89.6,95.6,90.2,84.3,92.1,89.3,89.2,89.3,90.4,90.9,92.5,93.8,89.8,92.4,94.3,93.0,96.7,93.4,90.9,93.3,87.4,86.7,86.7,84.1,91.9,88.8,93.7,95.4,86.1,85.8,84.4,88.1,91.3,90.8,89.9,89.7,81.4,85.7,86.2,85.7
4985,90.0,83.0,85.8,92.7,91.2,90.6,91.3,89.1,85.8,86.5,85.8,87.0,86.5,86.0,90.1,86.8,88.5,92.1,85.5,84.4,88.8,86.8,89.9,87.4,91.1,91.1,88.0,88.6,85.8,87.3,88.9,85.2,85.2,87.0,86.1,85.5,87.3,81.0,89.9,81.6,86.4,84.1,90.5,90.5,89.6,81.0,87.3,88.1,94.0,89.2,83.3,90.5,87.8,87.3,88.7,90.0,90.5,92.0,94.1,89.5,91.8,94.5,92.6,95.7,92.8,90.0,91.6,86.6,85.7,85.9,82.1,91.3,86.2,93.0,94.4,84.5,84.8,83.6,87.4,90.7,90.0,89.2,89.4,80.3,85.3,85.6,84.9
4986,87.0,80.4,82.3,91.0,89.7,89.0,89.8,87.6,84.0,85.0,84.1,85.7,84.9,84.8,88.5,85.0,86.8,90.4,83.6,82.5,87.1,85.1,88.3,85.9,89.2,89.5,86.9,86.9,84.5,85.7,87.5,83.4,83.7,85.6,84.9,84.0,84.8,78.4,88.6,79.0,84.1,80.9,88.6,88.5,86.5,78.3,85.0,86.0,91.4,87.5,81.8,88.0,85.6,84.0,87.6,88.6,89.3,90.8,93.4,88.0,90.0,93.5,90.8,93.5,90.4,87.8,88.3,85.4,83.9,84.1,79.8,89.4,83.6,91.3,92.1,82.8,82.9,82.2,85.9,89.2,88.2,87.6,88.1,78.5,83.8,84.1,83.4
4987,82.4,76.8,77.2,88.1,87.4,86.6,87.1,84.6,80.9,82.4,81.3,83.4,81.6,82.5,85.5,82.1,83.5,85.5,80.6,79.2,84.4,81.9,85.0,83.2,86.1,86.3,85.0,83.7,81.8,83.1,84.8,79.9,80.9,83.0,82.8,81.5,80.3,74.7,86.0,75.2,81.3,76.7,85.7,85.7,82.2,74.6,82.0,82.3,86.6,84.8,79.9,84.7,82.5,78.9,85.5,85.7,87.3,88.5,91.5,84.9,86.7,91.6,86.7,89.1,86.7,83.4,83.8,83.1,81.0,81.2,77.1,86.4,79.7,88.8,87.2,80.0,79.6,79.0,83.1,86.2,85.3,84.6,85.5,76.2,81.5,81.4,80.7
4988,78.4,73.1,73.4,83.9,83.8,83.6,83.7,80.4,77.8,79.2,78.1,80.1,78.1,79.6,81.8,78.9,78.2,78.2,77.5,76.1,80.5,78.0,80.6,79.1,81.5,81.6,83.0,79.7,77.9,79.6,81.1,76.2,77.1,79.5,79.6,77.7,76.9,71.6,82.1,72.1,78.4,73.6,80.9,81.2,78.4,71.8,78.4,78.1,82.7,80.0,77.0,81.6,79.2,74.8,81.6,81.0,82.8,84.0,87.7,79.5,83.2,85.8,80.4,83.5,81.9,77.6,78.5,80.5,77.5,77.8,74.3,81.4,76.5,84.5,82.2,75.8,76.5,75.6,79.1,81.5,80.8,80.1,76.2,74.1,78.2,78.1,76.0
4989,75.8,71.1,71.5,80.5,81.3,81.3,81.6,78.0,76.2,77.7,76.2,77.9,76.2,77.8,79.6,77.2,75.9,74.5,75.6,74.4,78.1,76.2,78.2,77.1,78.2,79.0,81.4,77.6,75.7,77.7,78.8,74.5,74.8,77.3,77.4,75.1,74.8,69.9,79.1,70.3,76.6,71.5,77.5,78.4,76.4,70.0,76.1,75.3,80.5,76.0,74.5,79.3,76.8,72.7,78.5,77.0,79.1,81.2,83.8,77.1,79.1,79.7,74.9,80.7,78.4,74.0,75.5,78.9,75.9,76.0,72.7,77.9,74.4,81.3,79.0,73.1,74.9,73.7,77.2,78.2,78.1,76.7,72.2,72.6,76.0,76.0,73.2
4990,73.9,69.6,69.9,78.4,79.5,79.7,80.1,76.7,75.0,76.6,74.9,76.3,75.0,76.5,78.1,75.8,74.7,72.2,74.4,73.2,76.5,75.0,77.0,75.8,76.3,77.5,80.0,76.1,74.4,76.3,77.5,73.6,73.3,75.7,75.8,73.7,73.1,68.5,76.9,68.7,75.3,70.1,75.4,76.6,74.6,68.8,74.1,73.1,77.6,74.1,72.8,77.4,75.0,71.3,76.7,73.6,76.8,79.1,80.1,74.9,76.9,77.4,71.8,77.9,75.5,71.9,72.9,77.6,74.6,75.0,71.4,75.9,72.4,79.4,76.3,71.8,73.8,72.4,76.0,76.2,76.7,74.8,71.6,71.4,74.3,74.5,71.4
4991,72.4,68.1,68.4,76.4,78.1,78.4,78.5,75.8,73.9,75.4,73.8,75.1,73.9,75.4,76.9,74.7,73.7,70.4,73.2,72.2,75.4,73.9,76.0,74.8,74.8,76.3,79.0,74.9,73.2,75.3,76.4,72.7,72.3,74.0,74.6,72.8,71.8,67.3,75.4,67.6,74.4,69.2,74.0,75.2,73.1,67.3,72.1,71.0,74.8,72.6,71.3,75.2,73.6,69.9,75.3,71.0,75.5,77.7,77.2,73.5,74.2,75.6,69.6,75.2,73.4,70.1,70.7,76.6,73.6,74.0,70.2,73.9,70.7,77.5,73.3,70.3,72.9,71.6,75.0,74.6,75.3,73.1,70.8,70.4,73.1,73.5,70.2
4992,71.1,67.3,67.3,74.5,76.8,77.1,77.3,74.9,72.9,74.4,73.0,74.0,73.0,74.5,75.8,73.8,73.0,68.7,72.3,71.4,74.5,72.9,75.0,73.8,73.5,75.3,77.8,73.8,72.2,74.3,75.3,72.0,71.3,72.8,73.7,71.8,70.6,66.2,74.0,66.4,73.3,68.2,72.6,73.6,71.8,66.5,70.7,69.0,71.6,70.7,70.4,72.8,72.6,68.8,73.9,68.6,74.1,76.4,75.0,72.1,71.9,73.8,68.3,72.0,71.6,68.1,68.4,75.5,72.6,73.0,69.2,72.5,69.3,76.0,70.6,68.9,72.0,70.8,73.9,73.5,74.3,71.6,69.7,69.6,72.0,72.5,69.2
4993,70.0,66.1,66.5,73.1,75.7,76.0,76.3,73.9,72.1,73.7,72.1,73.1,72.2,73.6,75.0,73.2,72.4,66.6,71.5,70.5,73.5,72.2,74.1,72.7,72.5,74.3,76.8,72.7,71.3,73.4,74.5,71.1,70.3,71.9,72.7,71.0,69.7,65.4,72.6,65.4,72.3,67.2,71.3,72.3,70.6,65.3,69.2,67.0,68.2,69.0,69.5,70.4,71.3,67.7,72.5,66.6,72.9,75.2,72.8,70.8,69.7,72.2,66.0,68.9,69.4,66.5,66.4,74.5,71.8,72.5,68.0,70.9,67.9,74.5,68.5,67.7,71.2,69.9,73.3,72.3,73.2,70.4,69.3,68.8,70.9,71.7,68.5
4994,68.9,65.4,65.6,71.8,74.8,75.1,75.2,73.0,71.4,72.8,71.4,72.3,71.4,72.8,74.2,72.5,71.6,64.7,70.8,69.9,72.8,71.3,73.3,71.9,71.6,73.5,75.9,72.1,70.5,72.7,73.7,70.6,69.4,71.0,71.9,70.3,68.9,64.6,71.5,64.1,71.3,66.4,70.4,71.2,69.4,64.4,68.0,65.5,65.6,67.5,68.5,68.2,70.1,66.8,71.4,64.4,71.6,73.9,70.8,69.2,68.3,70.5,64.1,66.4,67.2,64.5,64.3,73.7,71.2,71.7,67.2,69.6,66.8,73.2,66.4,65.7,70.6,69.2,72.5,71.2,72.2,69.2,68.4,68.2,69.9,70.9,67.7
4995,67.7,64.6,64.7,70.7,73.7,74.3,74.3,72.2,70.8,72.0,70.7,71.6,70.9,72.1,73.5,71.9,71.0,63.1,70.1,69.3,72.1,70.6,72.6,71.0,70.6,72.6,75.2,71.4,69.8,72.1,73.0,69.9,68.6,70.3,71.1,69.5,68.1,63.7,70.5,63.1,70.4,65.6,69.4,69.9,68.1,63.8,66.8,64.2,63.4,66.0,67.8,66.5,68.7,65.8,70.2,62.7,70.4,73.1,69.4,67.7,66.5,69.1,62.4,64.0,65.3,62.7,61.9,73.0,70.7,71.1,66.1,68.6,65.4,72.3,64.3,64.7,70.1,68.6,71.9,70.2,71.4,68.2,67.3,67.5,69.0,70.1,67.1
4996,66.4,64.0,64.0,69.7,72.8,73.6,73.6,71.5,70.2,71.4,70.2,71.0,70.2,71.4,72.9,71.3,70.4,61.7,69.7,68.9,71.4,70.1,72.1,70.3,69.9,71.9,74.6,70.9,69.3,71.4,72.3,69.3,68.1,69.5,70.3,68.7,67.4,62.8,69.7,61.9,69.6,64.9,68.4,68.5,67.3,62.8,65.7,62.8,61.7,64.8,66.9,65.0,67.8,65.1,68.9,61.2,69.3,72.3,67.9,66.0,65.1,67.5,61.0,61.7,63.8,60.3,60.0,72.2,70.0,70.5,65.3,67.7,64.5,71.3,62.5,63.8,69.6,68.0,71.3,69.3,70.5,67.2,66.0,67.0,68.1,69.4,66.5
4997,65.6,63.5,63.4,68.8,72.0,72.9,72.9,70.5,69.6,70.7,69.8,70.6,69.7,70.7,72.0,70.8,69.8,60.8,69.2,68.6,70.8,69.6,71.5,69.6,69.1,71.0,73.8,70.2,68.7,71.0,71.8,68.8,67.5,68.7,69.6,68.1,66.6,61.9,68.7,61.2,68.9,64.5,67.8,67.4,66.2,62.1,64.6,61.9,60.3,63.9,66.2,63.8,66.8,64.5,67.9,60.2,68.3,71.7,66.6,64.9,64.1,65.8,60.0,59.9,62.4,58.5,58.2,71.7,69.4,69.9,64.2,66.9,63.6,70.1,61.5,62.7,69.2,67.7,70.5,68.5,69.7,66.3,64.6,66.8,67.6,68.7,65.9
4998,67.9,65.1,65.6,68.0,71.7,72.5,72.7,70.6,70.2,71.1,71.0,70.7,70.8,70.7,71.8,71.2,70.0,65.5,70.2,70.1,70.8,69.9,71.7,69.5,68.4,70.7,73.8,70.1,69.4,71.2,71.6,69.7,67.2,68.6,69.4,68.1,68.0,63.3,67.9,62.0,69.0,66.8,67.1,67.8,68.0,63.8,65.1,65.0,64.0,63.2,65.8,64.7,66.6,66.9,67.2,63.6,67.9,71.7,65.8,67.5,66.7,64.6,63.9,63.3,62.9,62.2,59.5,71.7,70.1,70.9,64.0,66.0,65.3,70.2,66.1,62.2,70.6,69.1,70.7,68.0,69.2,65.7,64.1,68.5,67.3,68.7,66.3
4999,72.3,69.3,70.1,70.0,73.7,74.3,74.8,73.3,73.1,73.3,74.2,73.0,74.0,72.7,74.3,73.6,73.2,70.9,73.3,73.2,73.4,72.6,74.6,71.7,70.8,73.4,75.3,72.7,72.2,73.9,73.9,72.6,69.5,71.3,71.2,70.8,72.1,67.7,69.9,67.0,70.9,71.4,68.9,71.7,71.6,68.3,68.5,71.4,72.3,67.4,68.7,68.2,70.4,70.4,68.8,68.7,70.7,74.5,68.3,72.0,69.6,67.0,69.8,72.0,65.4,68.9,65.9,73.6,73.5,74.1,67.6,68.2,69.7,74.6,73.1,67.4,73.7,72.2,73.2,70.1,71.4,67.7,68.6,71.0,69.0,71.0,69.2
5000,76.7,73.4,74.5,74.5,76.9,77.3,78.0,76.1,76.1,75.8,77.4,76.0,77.1,75.5,77.6,76.8,76.5,74.3,76.8,76.4,76.7,75.7,78.0,74.5,74.6,76.9,77.6,76.2,74.8,77.0,76.8,75.4,72.5,74.4,73.9,73.7,76.1,71.9,74.3,71.0,73.5,75.6,72.8,75.2,75.5,73.5,72.1,75.9,79.2,73.4,73.4,72.5,75.0,74.5,72.0,74.3,74.9,77.9,72.3,76.0,73.0,71.5,74.3,78.9,69.0,73.8,70.8,76.0,76.8,76.7,71.8,73.0,74.1,78.9,78.3,72.0,76.9,75.5,76.2,73.8,74.9,71.3,73.6,73.8,71.9,74.3,72.5
5001,80.5,77.1,78.2,79.1,80.2,80.2,81.1,79.2,78.9,78.5,80.0,79.0,79.8,78.1,80.7,79.5,79.5,77.8,79.8,79.3,79.7,78.7,81.1,77.6,78.4,80.3,80.2,79.8,77.6,80.0,79.6,78.5,75.6,77.6,76.8,76.6,79.4,75.5,78.4,74.7,76.3,79.1,76.8,78.3,79.4,77.3,75.7,79.7,84.5,78.7,77.2,77.4,78.9,78.3,76.1,78.7,79.0,81.4,76.2,79.7,77.1,76.5,78.4,84.0,72.9,77.8,75.3,78.5,79.8,79.2,75.9,77.3,78.2,82.1,82.3,76.6,79.8,78.2,79.2,77.8,78.7,75.6,76.9,76.2,74.9,77.3,75.9
5002,84.1,80.8,81.1,82.9,83.4,83.0,84.0,82.0,81.3,80.7,82.4,81.5,82.2,80.3,83.5,81.8,82.3,81.2,82.0,81.6,82.2,80.9,83.7,80.6,82.0,83.2,82.5,82.7,80.0,82.6,82.4,80.9,78.3,80.4,79.5,79.0,82.5,78.8,81.9,77.9,79.1,82.0,80.5,81.4,83.1,80.7,79.5,83.2,88.6,82.6,80.3,82.5,82.5,81.3,80.2,82.1,82.5,84.7,79.7,82.4,81.1,80.5,81.7,87.7,77.1,81.6,79.6,80.8,82.1,81.4,79.5,81.1,82.0,84.8,85.8,80.5,82.1,80.4,81.6,81.5,82.1,79.3,79.6,78.4,77.7,80.0,78.6
5003,87.2,83.6,83.6,86.0,86.0,85.5,86.5,84.4,83.3,82.8,84.3,83.5,84.1,82.3,85.8,83.8,84.5,84.4,83.6,83.3,84.6,82.9,85.8,82.9,85.0,85.9,84.3,84.9,82.1,84.4,84.7,82.9,80.8,82.5,81.5,81.1,85.1,81.8,85.0,80.8,81.7,84.3,83.7,84.3,86.2,83.3,83.1,86.1,92.2,86.0,82.8,86.5,85.7,84.0,83.3,84.9,85.1,87.3,83.1,84.8,84.9,84.2,84.6,90.6,81.0,84.8,83.6,82.8,83.9,83.2,82.5,84.4,85.2,87.3,88.8,83.2,83.8,82.1,83.7,84.4,84.7,82.5,82.3,80.1,79.9,81.9,80.7
5004,89.3,85.9,85.6,88.5,88.2,87.6,88.3,86.3,84.9,84.4,85.7,85.0,85.7,84.0,87.7,85.2,86.4,87.1,84.9,84.3,86.3,84.4,87.5,84.8,87.7,88.2,86.0,86.6,83.5,86.0,86.5,84.5,82.5,84.2,83.3,83.0,86.7,84.3,87.2,82.7,84.2,86.1,86.2,86.9,88.6,85.4,85.9,88.2,94.9,88.7,84.4,89.4,88.2,86.2,85.3,87.0,86.9,89.4,86.4,86.7,87.9,87.0,87.4,93.0,84.9,87.3,87.1,84.4,85.3,84.8,84.4,86.8,87.6,89.3,91.2,85.2,85.1,83.4,85.5,86.9,86.9,84.8,85.0,81.4,81.9,83.6,82.6
5005,91.0,87.2,87.2,90.5,89.9,89.1,90.1,88.0,85.9,85.7,86.7,86.1,86.8,85.3,89.3,86.3,87.8,89.5,86.0,85.1,87.8,85.7,88.9,86.3,89.8,90.1,87.1,88.0,84.8,87.2,87.7,85.6,84.1,85.7,84.7,84.4,88.1,85.3,88.9,83.4,86.2,87.4,88.3,89.0,90.6,86.1,88.1,89.8,96.3,90.3,84.9,91.6,89.5,88.0,86.7,88.6,88.4,90.7,89.1,88.1,90.4,89.4,89.7,94.9,88.4,89.0,90.1,85.7,86.2,85.9,85.7,89.2,89.4,91.4,93.3,86.2,86.0,84.1,86.7,88.8,88.6,86.8,87.0,82.3,83.4,84.7,83.7
5006,92.1,87.2,87.8,92.0,91.0,90.2,91.1,89.1,86.8,86.6,87.4,86.7,87.6,86.3,90.4,87.0,88.6,91.2,86.6,85.5,88.7,86.5,89.8,87.3,91.0,91.1,88.1,88.9,85.7,88.0,88.7,86.3,85.2,86.9,85.8,85.2,89.3,85.1,90.0,83.5,87.4,87.6,89.7,90.3,91.9,85.6,89.5,90.4,96.9,91.1,85.3,92.6,90.3,89.0,88.1,89.8,89.7,91.8,91.2,89.1,91.8,91.6,91.5,96.3,91.3,90.2,92.2,86.6,86.9,86.8,85.8,90.5,90.1,93.0,94.6,86.7,86.2,84.6,87.7,90.1,89.8,88.4,88.4,82.3,84.6,85.6,84.8
5007,92.5,86.5,88.1,93.0,91.6,91.0,91.7,89.6,86.9,87.1,87.4,87.3,87.8,86.6,90.9,87.4,89.0,92.3,86.7,85.7,89.4,87.2,90.4,87.9,91.6,91.4,88.5,89.4,86.3,88.3,89.3,86.2,85.7,87.4,86.3,85.9,89.6,84.5,90.5,83.5,87.5,87.1,90.5,91.0,92.0,84.0,89.8,90.4,96.4,91.1,85.4,92.7,90.1,89.4,88.9,90.4,90.4,92.4,92.9,90.0,92.7,93.3,92.6,96.8,93.0,90.9,93.3,87.0,87.0,86.9,85.4,91.4,89.9,93.7,95.5,86.7,86.1,84.7,88.1,90.8,90.4,89.1,89.1,82.0,85.4,86.0,85.5
5008,91.5,85.0,87.3,93.1,91.5,90.9,91.7,89.7,86.6,86.9,86.9,87.6,87.5,86.6,90.6,87.3,89.0,92.7,86.2,85.4,89.3,87.4,90.4,87.8,91.6,91.5,88.5,89.3,86.3,88.1,89.4,85.8,85.6,87.4,86.4,86.1,89.0,83.0,90.4,82.6,86.8,85.8,90.5,91.0,91.1,82.5,89.0,89.4,95.5,90.2,84.5,92.1,89.3,88.8,89.2,90.6,90.8,92.4,93.7,90.1,92.6,94.2,93.2,96.7,93.5,91.2,93.3,87.1,86.7,86.6,84.0,91.5,88.5,93.3,95.4,86.0,85.7,84.3,87.9,90.8,90.4,89.4,89.5,81.3,85.4,86.0,85.5
5009,89.6,82.8,85.3,92.4,90.9,90.2,90.9,88.9,85.6,86.3,85.7,86.9,86.4,85.9,89.7,86.7,88.4,92.3,85.4,84.3,88.6,86.6,89.6,87.2,90.7,90.7,87.9,88.3,85.7,87.3,88.7,85.0,84.9,86.7,85.9,85.3,87.3,80.9,89.9,81.3,86.2,83.6,90.0,90.1,89.4,80.6,87.1,88.0,93.9,89.1,83.7,90.5,87.9,87.0,88.7,90.2,90.4,92.0,94.0,89.6,92.1,94.3,92.8,95.6,92.9,90.3,91.6,86.4,85.7,85.8,82.1,91.1,85.9,92.8,94.4,84.5,84.7,83.5,87.2,90.2,89.6,88.7,89.1,80.2,85.0,85.4,84.8
5010,86.6,80.2,81.8,90.7,89.5,88.8,89.5,87.4,83.9,84.8,84.0,85.6,84.7,84.7,88.2,85.0,86.6,90.6,83.4,82.4,87.0,84.9,88.1,85.6,88.9,89.1,86.8,86.7,84.3,85.7,87.4,83.3,83.5,85.3,84.7,83.8,84.7,78.2,88.5,78.8,83.9,80.6,88.1,88.0,86.2,77.9,84.7,85.9,91.4,87.4,82.1,87.9,85.7,83.8,87.5,88.9,89.3,90.7,93.3,88.2,90.3,93.3,91.0,93.5,90.5,88.1,88.2,85.2,84.0,84.0,79.8,89.2,83.4,91.1,92.1,82.8,82.7,82.0,85.7,88.7,87.9,87.0,88.0,78.4,83.5,83.9,83.2
5011,82.1,76.5,76.9,87.7,87.1,86.3,86.9,84.4,80.7,82.1,81.1,83.3,81.4,82.4,85.2,82.0,83.3,85.6,80.4,79.0,84.2,81.7,84.8,82.9,85.7,86.0,84.9,83.5,81.6,82.9,84.6,79.7,80.7,82.6,82.5,81.2,80.3,74.6,85.9,74.9,81.2,76.4,85.2,85.1,82.0,74.2,81.8,82.2,86.5,84.7,80.1,84.7,82.6,78.6,85.5,85.9,87.3,88.3,91.4,85.0,86.8,91.4,86.9,88.9,86.8,83.6,83.7,82.9,81.0,81.0,77.0,86.1,79.4,88.5,87.2,79.9,79.4,78.8,82.9,85.8,85.0,84.1,85.2,76.1,81.2,81.1,80.4
5012,78.2,72.8,73.1,83.5,83.5,83.3,83.5,80.2,77.7,79.1,78.0,80.0,78.0,79.5,81.5,78.9,78.0,78.3,77.3,75.9,80.3,77.8,80.3,78.8,81.1,81.2,82.9,79.5,77.7,79.4,80.8,76.0,76.8,79.1,79.4,77.5,76.8,71.4,81.9,71.7,78.2,73.3,80.5,80.6,78.2,71.5,78.2,78.0,82.8,79.9,77.2,81.5,79.2,74.6,81.5,81.2,82.7,83.8,87.6,79.7,83.4,85.6,80.5,83.3,82.0,77.8,78.5,80.4,77.5,77.7,74.3,81.1,76.2,84.2,82.1,75.8,76.3,75.4,79.0,81.0,80.5,79.7,75.7,74.0,77.9,77.9,75.7
5013,75.6,70.9,71.2,80.2,81.0,81.1,81.3,77.8,76.1,77.6,76.0,77.8,76.1,77.7,79.4,77.1,75.7,74.6,75.4,74.2,77.9,76.0,78.0,76.8,77.8,78.7,81.3,77.4,75.5,77.5,78.5,74.4,74.5,77.0,77.1,74.8,74.8,69.7,78.9,70.0,76.4,71.4,77.2,77.9,76.2,69.7,75.9,75.2,80.5,75.9,74.7,79.4,76.7,72.5,78.3,77.2,78.9,81.1,83.7,77.3,79.3,79.7,75.0,80.5,78.6,74.2,75.6,78.7,75.7,75.9,72.7,77.6,74.1,81.1,79.1,73.1,74.6,73.5,77.0,77.8,77.7,76.5,72.0,72.6,75.7,75.8,72.9
5014,73.7,69.4,69.7,78.2,79.3,79.4,79.8,76.5,74.8,76.5,74.7,76.2,74.8,76.3,77.8,75.7,74.4,72.3,74.2,72.9,76.3,74.8,76.8,75.4,75.9,77.2,79.9,75.9,74.2,76.1,77.4,73.5,73.1,75.4,75.5,73.4,73.2,68.4,76.8,68.4,75.1,69.9,75.1,76.2,74.4,68.4,74.0,72.9,77.5,74.0,72.8,77.4,75.0,71.1,76.6,73.8,76.6,79.0,80.0,75.2,77.1,77.3,72.0,77.7,75.7,72.1,73.0,77.4,74.5,74.8,71.3,75.7,72.2,79.2,76.3,71.7,73.6,72.2,75.8,75.9,76.3,74.5,71.3,71.4,74.0,74.3,71.1
5015,72.2,68.0,68.3,76.2,77.8,78.1,78.3,75.5,73.8,75.3,73.6,75.1,73.7,75.3,76.7,74.7,73.5,70.5,73.0,72.1,75.2,73.8,75.8,74.5,74.4,76.1,78.8,74.7,72.9,75.2,76.2,72.6,72.1,73.7,74.3,72.5,71.7,67.3,75.3,67.4,74.3,68.9,73.7,74.9,72.9,67.0,72.0,70.9,74.8,72.5,71.4,75.1,73.6,69.8,75.2,71.1,75.4,77.6,77.2,73.8,74.3,75.6,69.8,75.2,73.6,70.3,70.7,76.4,73.4,73.9,70.2,73.8,70.5,77.3,73.3,70.2,72.7,71.4,74.8,74.4,75.0,72.8,70.6,70.4,72.9,73.3,69.9
5016,70.9,67.2,67.2,74.4,76.5,76.9,77.1,74.6,72.8,74.2,72.8,74.0,72.9,74.3,75.6,73.9,72.7,68.7,72.2,71.2,74.3,72.8,74.9,73.5,73.1,75.0,77.7,73.5,71.9,74.1,75.1,71.9,71.0,72.5,73.5,71.5,70.6,66.2,73.7,66.2,73.1,68.0,72.3,73.3,71.6,66.2,70.6,68.9,71.6,70.7,70.5,72.7,72.6,68.7,73.9,68.7,74.1,76.3,75.0,72.5,72.0,73.8,68.5,71.9,71.8,68.3,68.4,75.4,72.4,72.9,69.1,72.4,69.1,75.7,70.5,68.8,71.7,70.6,73.8,73.2,74.0,71.3,69.6,69.6,71.8,72.2,68.9
5017,69.8,66.0,66.4,72.9,75.5,75.9,76.1,73.6,72.0,73.7,72.0,73.1,72.1,73.5,74.9,73.3,72.2,66.6,71.4,70.3,73.3,72.1,74.0,72.5,72.2,74.1,76.8,72.6,71.1,73.2,74.2,71.0,70.2,71.7,72.5,70.8,69.8,65.3,72.5,65.1,72.0,67.0,71.1,72.0,70.3,65.0,69.1,66.9,68.2,68.9,69.6,70.3,71.3,67.7,72.5,66.7,72.9,75.2,72.8,71.1,70.0,72.2,66.1,69.0,69.5,66.7,66.4,74.5,71.7,72.3,68.0,70.8,67.6,74.3,68.5,67.6,71.0,69.7,73.2,72.0,73.0,70.1,69.1,68.8,70.7,71.4,68.2
5018,68.6,65.2,65.5,71.7,74.6,75.0,75.1,72.8,71.3,72.7,71.3,72.3,71.3,72.8,74.1,72.5,71.4,64.8,70.6,69.8,72.6,71.2,73.2,71.6,71.3,73.3,75.9,72.0,70.3,72.6,73.5,70.5,69.2,70.8,71.7,70.1,68.9,64.5,71.3,63.9,71.2,66.3,70.2,70.9,69.1,64.3,67.9,65.4,65.5,67.5,68.5,68.1,70.1,66.7,71.4,64.5,71.6,73.9,70.9,69.5,68.5,70.4,64.2,66.4,67.3,64.7,64.2,73.6,71.1,71.6,67.2,69.5,66.5,72.9,66.4,65.7,70.3,69.0,72.4,70.9,72.0,69.0,68.2,68.1,69.8,70.7,67.4
5019,67.5,64.6,64.7,70.5,73.5,74.2,74.2,72.0,70.7,72.0,70.6,71.6,70.7,72.1,73.4,71.9,70.9,63.2,70.0,69.2,71.9,70.6,72.5,70.9,70.4,72.4,75.2,71.3,69.7,71.9,72.8,69.7,68.4,70.1,70.9,69.3,68.1,63.6,70.3,62.9,70.2,65.5,69.2,69.5,67.9,63.6,66.6,64.1,63.4,65.9,67.7,66.4,68.6,65.7,70.2,62.8,70.4,73.1,69.5,67.9,66.7,68.9,62.5,63.9,65.4,62.8,61.9,73.0,70.6,70.9,66.1,68.5,65.2,71.9,64.3,64.7,69.9,68.5,71.9,70.0,71.2,68.0,67.1,67.5,68.8,69.9,66.8
5020,66.2,63.9,63.9,69.6,72.6,73.5,73.5,71.3,70.2,71.3,70.0,70.9,70.1,71.4,72.8,71.3,70.3,61.7,69.5,68.7,71.3,70.0,72.0,70.2,69.7,71.6,74.6,70.8,69.1,71.3,72.2,69.2,67.9,69.3,70.1,68.6,67.4,62.7,69.6,61.8,69.4,64.8,68.2,68.2,67.1,62.6,65.5,62.8,61.7,64.7,66.8,64.9,67.7,65.0,69.0,61.3,69.4,72.3,68.0,66.3,65.2,67.3,61.1,61.7,64.0,60.7,60.0,72.2,69.9,70.3,65.2,67.6,64.3,71.0,62.6,63.7,69.5,67.8,71.3,69.1,70.3,67.2,65.7,67.1,68.0,69.3,66.3
5021,65.4,63.3,63.4,68.6,71.8,72.8,72.8,70.4,69.6,70.7,69.6,70.5,69.6,70.7,71.8,70.8,69.7,60.9,69.1,68.4,70.7,69.6,71.4,69.5,68.8,70.9,73.8,70.1,68.6,70.9,71.7,68.7,67.3,68.6,69.5,68.0,66.6,61.9,68.6,61.1,68.7,64.4,67.6,67.2,66.1,62.0,64.6,61.8,60.2,63.8,66.2,63.8,66.8,64.4,67.8,60.2,68.3,71.7,66.7,65.2,64.2,65.7,60.1,59.8,62.6,58.9,58.2,71.7,69.3,69.7,64.2,66.7,63.4,69.9,61.5,62.7,69.0,67.5,70.5,68.3,69.5,66.2,64.5,66.8,67.4,68.6,65.6
5022,67.6,64.9,65.5,67.9,71.5,72.4,72.5,70.4,70.1,71.0,70.8,70.6,70.6,70.7,71.6,71.1,70.0,65.5,70.0,70.0,70.7,69.8,71.6,69.3,68.3,70.5,73.7,70.0,69.2,71.1,71.5,69.6,67.0,68.5,69.3,68.0,67.9,63.2,67.8,61.9,68.8,66.6,67.0,67.5,67.8,63.6,65.0,64.8,63.9,62.9,65.7,64.6,66.4,66.7,67.1,63.6,67.8,71.6,65.9,67.6,66.8,64.6,63.9,63.0,62.9,62.3,59.4,71.6,70.0,70.7,64.0,66.0,65.1,70.0,65.9,62.1,70.4,68.8,70.7,67.8,69.0,65.7,63.9,68.4,67.2,68.5,66.0
5023,72.1,69.1,70.0,69.8,73.4,74.2,74.6,73.1,72.9,73.3,74.0,72.9,73.8,72.7,74.1,73.6,73.1,70.9,73.1,73.0,73.2,72.5,74.4,71.5,70.6,73.2,75.3,72.6,72.1,73.7,73.8,72.5,69.3,71.1,71.1,70.7,72.1,67.5,69.7,66.6,70.7,71.3,68.7,71.4,71.4,68.2,68.3,71.2,72.2,67.3,68.6,68.1,70.2,70.3,68.7,68.7,70.6,74.5,68.3,72.2,69.7,66.8,69.7,71.7,65.5,68.9,65.8,73.5,73.3,73.9,67.6,68.0,69.5,74.4,72.9,67.3,73.4,72.1,73.2,69.9,71.1,67.6,68.2,71.0,68.9,70.9,69.0
5024,76.5,73.1,74.3,74.3,76.7,77.2,77.9,75.9,76.0,75.7,77.2,75.9,76.9,75.5,77.5,76.8,76.4,74.3,76.6,76.2,76.6,75.6,77.8,74.3,74.5,76.7,77.5,76.0,74.7,76.8,76.6,75.2,72.3,74.3,73.8,73.6,76.1,71.7,74.1,70.6,73.2,75.5,72.5,74.9,75.3,73.3,71.9,75.8,79.1,73.2,73.4,72.4,74.8,74.2,71.9,74.4,74.8,77.8,72.4,76.2,73.0,71.3,74.3,78.6,69.0,73.9,70.7,76.0,76.6,76.5,71.8,72.8,73.9,78.7,78.1,72.1,76.6,75.3,76.1,73.6,74.7,71.1,73.3,73.7,71.7,74.1,72.4
5025,80.2,76.8,78.1,79.0,80.0,80.2,81.0,78.9,78.9,78.4,79.9,78.9,79.6,78.0,80.6,79.5,79.3,77.8,79.6,79.2,79.6,78.6,80.9,77.5,78.2,80.1,80.1,79.6,77.5,79.8,79.5,78.3,75.4,77.4,76.8,76.6,79.4,75.3,78.3,74.3,76.1,78.9,76.6,78.1,79.2,77.3,75.5,79.6,84.4,78.5,77.3,77.2,78.7,78.0,75.9,78.8,78.9,81.3,76.2,79.9,77.1,76.3,78.4,83.8,72.9,77.9,75.2,78.4,79.5,79.1,75.8,77.2,78.0,81.8,82.1,76.6,79.5,78.1,79.0,77.5,78.5,75.3,76.7,76.2,74.7,77.2,75.7
5026,83.9,80.6,80.9,82.7,83.2,82.9,83.9,81.9,81.2,80.7,82.2,81.4,82.1,80.2,83.4,81.8,82.2,81.3,81.8,81.4,82.0,80.8,83.5,80.4,81.8,83.1,82.4,82.6,80.0,82.4,82.2,80.8,78.1,80.3,79.4,78.9,82.5,78.6,81.9,77.6,78.9,81.8,80.2,81.2,82.9,80.6,79.3,83.1,88.6,82.5,80.5,82.2,82.4,81.1,80.0,82.3,82.3,84.5,79.8,82.6,81.2,80.4,81.8,87.5,77.0,81.7,79.5,80.7,81.8,81.3,79.4,81.0,81.9,84.6,85.6,80.5,81.8,80.3,81.5,81.2,81.8,79.0,79.5,78.3,77.6,79.9,78.5
5027,86.8,83.4,83.4,85.8,85.8,85.4,86.5,84.2,83.1,82.8,84.1,83.3,84.0,82.2,85.7,83.7,84.5,84.5,83.5,83.1,84.4,82.7,85.7,82.7,84.8,85.8,84.2,84.8,82.0,84.3,84.6,82.8,80.6,82.4,81.4,81.0,85.2,81.7,85.0,80.5,81.5,84.2,83.4,84.1,86.0,83.3,82.9,85.9,92.1,86.0,82.9,86.3,85.6,83.8,83.1,85.1,84.9,87.1,83.1,85.0,85.0,84.1,84.7,90.4,81.0,85.0,83.6,82.7,83.6,83.2,82.3,84.3,85.1,87.0,88.6,83.3,83.5,82.0,83.5,84.2,84.5,82.2,82.1,80.0,79.7,81.9,80.5
5028,89.0,85.7,85.3,88.3,88.1,87.6,88.3,86.2,84.7,84.3,85.6,84.9,85.5,84.0,87.6,85.0,86.4,87.2,84.8,84.2,86.2,84.3,87.4,84.7,87.6,88.1,85.9,86.5,83.5,85.8,86.4,84.4,82.3,84.1,83.2,82.9,86.8,84.1,87.3,82.5,83.9,86.0,86.0,86.7,88.4,85.4,85.7,88.0,94.8,88.7,84.4,89.2,88.1,86.0,85.2,87.2,86.7,89.2,86.5,86.9,88.0,86.9,87.5,92.7,85.0,87.5,87.0,84.3,85.1,84.7,84.2,86.8,87.5,89.2,90.9,85.3,84.9,83.3,85.3,86.7,86.6,84.5,84.8,81.4,81.7,83.5,82.3
5029,90.6,87.0,86.8,90.4,89.7,89.1,90.0,87.9,85.7,85.6,86.5,86.0,86.6,85.3,89.2,86.2,87.7,89.6,85.9,85.0,87.8,85.5,88.8,86.0,89.6,89.9,87.0,88.0,84.8,87.1,87.7,85.4,83.9,85.5,84.5,84.1,88.3,85.2,88.9,83.2,86.0,87.2,88.0,88.8,90.3,86.0,87.9,89.5,96.1,90.3,84.9,91.4,89.4,87.8,86.6,88.8,88.3,90.6,89.2,88.4,90.5,89.4,89.8,94.6,88.4,89.2,90.1,85.6,86.0,85.7,85.5,89.1,89.2,91.3,93.1,86.2,85.8,84.1,86.6,88.4,88.4,86.5,86.9,82.2,83.2,84.6,83.5
5030,91.8,87.1,87.5,91.9,90.7,90.2,91.0,88.9,86.6,86.5,87.2,86.5,87.4,86.2,90.3,87.0,88.6,91.3,86.3,85.4,88.6,86.4,89.8,87.0,90.8,90.9,88.1,88.8,85.6,87.9,88.7,86.1,85.0,86.6,85.5,85.0,89.5,85.0,90.1,83.3,87.2,87.4,89.4,90.0,91.6,85.4,89.2,90.2,96.7,91.0,85.3,92.3,90.2,88.8,87.9,90.1,89.5,91.6,91.3,89.4,92.0,91.5,91.7,95.9,91.4,90.4,92.2,86.5,86.6,86.6,85.6,90.5,90.0,92.8,94.4,86.6,86.0,84.5,87.6,89.8,89.5,88.0,88.3,82.2,84.4,85.5,84.5
5031,92.2,86.3,87.7,92.9,91.3,90.9,91.6,89.4,86.8,87.0,87.2,87.1,87.6,86.6,90.8,87.4,89.0,92.5,86.6,85.6,89.3,87.1,90.5,87.7,91.5,91.2,88.4,89.3,86.3,88.3,89.3,86.1,85.5,87.1,86.1,85.6,89.8,84.3,90.5,83.1,87.4,87.0,90.2,90.6,91.9,83.8,89.5,90.2,96.3,91.0,85.5,92.5,90.0,89.3,88.6,90.6,90.2,92.2,92.8,90.2,92.8,93.2,92.8,96.5,93.0,91.2,93.3,86.9,86.8,86.7,85.2,91.4,89.8,93.4,95.2,86.8,86.0,84.7,88.0,90.5,90.2,88.8,89.0,82.0,85.1,85.9,85.2
5032,91.2,84.7,87.0,93.1,91.3,90.8,91.6,89.5,86.6,86.8,86.7,87.5,87.3,86.5,90.5,87.2,88.8,92.8,86.1,85.3,89.1,87.2,90.5,87.7,91.5,91.2,88.4,89.2,86.3,88.1,89.3,85.7,85.3,87.1,86.2,85.8,89.2,82.7,90.5,82.3,86.6,85.5,90.3,90.8,90.9,82.3,88.8,89.3,95.4,90.3,84.7,91.9,89.2,88.5,89.0,90.9,90.5,92.1,93.6,90.3,92.7,94.2,93.3,96.4,93.5,91.4,93.2,86.9,86.6,86.5,84.2,91.5,88.4,93.2,95.2,86.1,85.5,84.2,87.8,90.4,90.2,89.2,89.3,81.3,85.1,85.9,85.2
5033,89.5,82.7,84.9,92.3,90.7,90.1,90.8,88.7,85.6,86.1,85.6,86.9,86.2,85.8,89.6,86.6,88.2,92.4,85.3,84.2,88.5,86.5,89.7,87.0,90.5,90.5,87.7,88.3,85.6,87.2,88.6,84.9,84.6,86.4,85.7,85.1,87.5,80.7,89.9,81.1,86.1,83.4,89.8,89.9,89.3,80.3,86.9,87.8,93.8,89.2,83.9,90.3,87.8,86.6,88.4,90.4,90.1,91.7,93.9,89.8,92.1,94.3,93.0,95.4,92.9,90.5,91.3,86.3,85.6,85.6,82.2,91.0,85.8,92.6,94.2,84.7,84.5,83.4,87.1,89.8,89.4,88.4,88.8,80.1,84.6,85.2,84.5
5034,86.4,80.0,81.4,90.6,89.2,88.6,89.3,87.2,83.9,84.6,83.9,85.6,84.5,84.5,88.1,84.9,86.5,90.6,83.4,82.3,86.8,84.8,88.1,85.4,88.7,88.9,86.6,86.7,84.2,85.7,87.2,83.1,83.1,85.0,84.4,83.6,84.8,77.9,88.5,78.7,83.7,80.4,87.8,87.8,86.1,77.6,84.5,85.7,91.2,87.5,82.3,87.8,85.7,83.3,87.2,89.1,88.9,90.3,93.1,88.4,90.3,93.1,91.1,93.2,90.5,88.2,87.9,85.0,83.8,83.8,79.8,89.0,83.2,91.0,91.9,82.9,82.6,81.9,85.6,88.4,87.7,86.7,87.6,78.3,83.1,83.7,83.0
5035,81.8,76.3,76.6,87.6,86.9,86.2,86.7,84.2,80.7,82.0,80.9,83.2,81.3,82.2,85.1,82.0,83.1,85.6,80.3,78.8,84.1,81.7,84.8,82.7,85.5,85.8,84.7,83.4,81.3,82.9,84.5,79.6,80.3,82.4,82.3,81.0,80.3,74.3,85.8,74.8,81.1,76.2,85.0,84.9,81.8,74.0,81.7,81.9,86.3,84.7,80.1,84.5,82.6,78.2,85.0,86.0,86.8,87.9,91.2,85.1,86.9,91.2,86.9,88.6,86.8,83.6,83.5,82.7,80.9,80.8,77.0,86.0,79.2,88.2,86.9,80.0,79.2,78.7,82.8,85.5,84.9,83.7,84.8,76.0,80.7,81.0,80.2
5036,78.0,72.6,72.9,83.3,83.4,83.2,83.4,80.0,77.6,79.0,77.7,80.0,77.8,79.4,81.4,78.8,77.9,78.3,77.2,75.8,80.1,77.8,80.4,78.7,80.9,81.1,82.8,79.5,77.6,79.4,80.7,75.9,76.5,78.9,79.1,77.2,76.8,71.2,81.8,71.6,78.1,73.1,80.4,80.5,78.1,71.4,78.0,77.7,82.7,79.8,77.1,81.4,79.2,74.4,81.1,81.4,82.3,83.4,87.4,79.6,83.5,85.4,80.5,83.1,82.1,77.7,78.4,80.2,77.4,77.5,74.3,81.0,76.0,83.9,81.9,75.8,76.2,75.3,78.9,80.7,80.4,79.3,75.5,73.8,77.5,77.8,75.5
5037,75.4,70.7,71.1,80.1,80.9,81.0,81.2,77.6,76.0,77.5,75.8,77.7,75.9,77.6,79.4,77.1,75.6,74.5,75.3,74.1,77.8,75.9,78.1,76.7,77.7,78.5,81.2,77.4,75.4,77.5,78.4,74.3,74.2,76.7,76.9,74.6,74.8,69.5,78.8,69.9,76.3,71.2,77.1,77.8,76.0,69.6,75.8,74.9,80.2,75.7,74.6,79.2,76.7,72.3,78.0,77.3,78.7,80.8,83.6,77.3,79.4,79.6,75.2,80.3,78.6,74.3,75.4,78.6,75.6,75.8,72.7,77.6,73.9,80.9,78.9,73.1,74.5,73.4,77.0,77.5,77.7,76.2,71.9,72.4,75.4,75.6,72.7
5038,73.5,69.2,69.6,78.1,79.2,79.4,79.7,76.3,74.8,76.4,74.5,76.2,74.6,76.3,77.8,75.7,74.4,72.3,74.1,72.9,76.2,74.7,76.9,75.3,75.8,77.0,79.8,75.9,74.0,76.2,77.2,73.4,72.8,75.1,75.3,73.1,73.1,68.2,76.8,68.3,75.1,69.8,75.1,76.1,74.2,68.3,73.9,72.6,77.2,73.9,72.8,77.2,74.9,70.8,76.3,73.9,76.4,78.8,79.9,75.2,77.2,77.3,71.9,77.4,75.8,72.1,72.8,77.3,74.4,74.7,71.3,75.6,72.1,79.0,76.2,71.7,73.5,72.1,75.8,75.6,76.3,74.2,71.2,71.3,73.7,74.1,70.9
5039,72.0,68.0,68.2,76.1,77.7,78.0,78.2,75.3,73.7,75.3,73.3,75.1,73.6,75.2,76.6,74.7,73.5,70.4,72.9,72.0,75.2,73.7,75.9,74.4,74.4,76.0,78.8,74.7,72.8,75.2,76.1,72.5,71.7,73.5,74.1,72.2,71.7,67.2,75.2,67.3,74.2,68.8,73.8,74.8,72.7,67.0,72.0,70.5,74.4,72.4,71.3,74.9,73.6,69.6,74.9,71.2,75.1,77.4,77.2,73.8,74.5,75.6,69.8,74.9,73.6,70.3,70.6,76.4,73.3,73.7,70.2,73.6,70.3,77.1,72.9,70.2,72.6,71.3,74.8,74.1,75.0,72.5,70.4,70.3,72.6,73.2,69.8
5040,70.8,67.1,67.0,74.3,76.4,76.8,76.9,74.5,72.8,74.2,72.6,74.0,72.7,74.3,75.6,73.8,72.7,68.7,72.1,71.2,74.3,72.7,74.9,73.4,73.1,74.9,77.6,73.5,71.8,74.1,75.0,71.8,70.7,72.3,73.2,71.2,70.7,66.1,73.7,65.9,73.0,67.9,72.3,73.2,71.4,66.1,70.4,68.6,71.1,70.7,70.4,72.5,72.5,68.6,73.6,68.7,73.8,76.0,75.0,72.6,72.2,73.6,68.5,71.7,71.8,68.3,68.2,75.4,72.3,72.8,69.1,72.3,69.0,75.5,70.2,68.9,71.6,70.5,73.8,73.0,73.9,71.0,69.5,69.4,71.5,72.1,68.7
5041,69.6,66.0,66.3,72.9,75.4,75.8,76.0,73.4,72.0,73.6,71.8,73.1,71.9,73.5,74.7,73.2,72.1,66.6,71.4,70.3,73.3,72.1,74.1,72.4,72.1,74.0,76.7,72.5,71.0,73.2,74.2,71.0,69.9,71.5,72.2,70.6,69.8,65.2,72.4,64.9,72.0,67.0,71.1,71.9,70.2,64.9,69.0,66.7,67.9,68.9,69.5,70.1,71.3,67.6,72.3,66.8,72.7,75.0,72.9,71.1,70.1,72.0,66.1,68.7,69.5,66.7,66.2,74.5,71.6,72.2,67.9,70.8,67.6,74.2,68.2,67.5,70.9,69.6,73.2,71.9,72.9,69.8,69.0,68.7,70.4,71.3,68.0
5042,68.5,65.1,65.5,71.6,74.5,74.9,75.1,72.6,71.3,72.7,71.2,72.3,71.2,72.8,74.1,72.5,71.4,64.8,70.6,69.8,72.5,71.1,73.2,71.5,71.3,73.2,75.9,71.9,70.2,72.6,73.4,70.4,69.0,70.6,71.4,69.9,69.0,64.5,71.3,63.8,71.1,66.3,70.2,70.8,69.0,64.2,67.8,65.2,65.2,67.4,68.5,67.9,69.9,66.6,71.2,64.5,71.4,73.6,71.0,69.6,68.6,70.4,64.2,65.9,67.3,64.8,64.0,73.6,71.0,71.5,67.1,69.5,66.5,72.8,66.0,65.6,70.3,68.9,72.4,70.8,71.9,68.8,68.1,68.0,69.6,70.5,67.1
5043,67.4,64.6,64.7,70.5,73.4,74.1,74.2,71.8,70.7,72.0,70.4,71.6,70.6,72.0,73.3,71.9,70.9,63.2,69.9,69.1,71.9,70.5,72.6,70.8,70.4,72.2,75.1,71.2,69.6,71.9,72.7,69.7,68.2,69.9,70.7,69.0,68.2,63.6,70.4,62.7,70.1,65.5,69.2,69.4,67.9,63.5,66.5,63.9,63.1,65.8,67.6,66.2,68.5,65.7,69.9,62.8,70.2,72.8,69.6,68.0,66.9,68.9,62.5,63.5,65.3,62.9,61.8,72.9,70.6,70.8,65.9,68.6,65.3,71.9,63.9,64.8,69.8,68.3,71.9,70.0,71.2,67.9,67.0,67.3,68.6,69.8,66.6
5044,66.2,63.9,63.9,69.6,72.5,73.4,73.5,71.2,70.2,71.3,69.9,71.0,70.0,71.4,72.6,71.3,70.3,61.7,69.4,68.6,71.2,70.0,71.9,70.0,69.7,71.5,74.5,70.8,69.0,71.3,72.1,69.2,67.7,69.1,69.9,68.4,67.4,62.7,69.7,61.6,69.3,64.9,68.3,68.1,67.1,62.6,65.4,62.5,61.4,64.6,66.8,64.7,67.6,64.9,68.8,61.2,69.2,72.1,68.1,66.4,65.3,67.3,61.2,61.3,63.9,60.7,59.9,72.1,69.9,70.2,65.1,67.6,64.3,70.8,62.3,63.7,69.4,67.7,71.3,69.1,70.3,67.0,65.4,66.9,67.9,69.1,66.1
5045,65.4,63.3,63.4,68.6,71.8,72.7,72.8,70.2,69.6,70.7,69.5,70.6,69.5,70.7,71.7,70.9,69.7,60.9,68.9,68.3,70.6,69.5,71.4,69.4,68.9,70.8,73.8,70.1,68.5,70.9,71.7,68.7,67.1,68.4,69.3,67.9,66.7,61.9,68.7,60.9,68.6,64.4,67.6,67.0,66.1,62.0,64.5,61.5,59.9,63.6,66.1,63.5,66.6,64.3,67.6,60.1,68.0,71.4,66.8,65.1,64.3,65.8,60.1,59.5,62.5,58.9,58.1,71.6,69.3,69.6,64.0,66.8,63.5,69.7,61.2,62.6,69.0,67.4,70.6,68.4,69.5,66.1,64.2,66.6,67.2,68.5,65.5
5046,67.5,64.7,65.4,67.9,71.4,72.3,72.5,70.3,70.1,71.0,70.7,70.6,70.6,70.6,71.5,71.1,69.9,65.5,69.9,69.9,70.7,69.8,71.5,69.2,68.3,70.5,73.7,69.9,69.1,71.1,71.5,69.5,66.9,68.4,69.1,67.8,68.0,63.1,67.9,61.7,68.7,66.6,67.0,67.3,67.7,63.5,64.8,64.4,63.4,62.7,65.6,64.3,66.2,66.6,66.9,63.4,67.6,71.3,66.0,67.6,66.8,64.5,63.8,62.5,62.8,62.2,59.2,71.5,69.9,70.6,63.8,66.0,65.0,69.8,65.5,61.9,70.3,68.7,70.7,67.8,68.9,65.6,63.6,68.2,67.1,68.4,65.9
5047,71.9,68.9,69.8,69.7,73.3,74.0,74.5,72.9,73.0,73.2,73.9,72.8,73.7,72.6,73.9,73.6,73.1,70.8,73.1,73.0,73.1,72.4,74.3,71.3,70.5,73.1,75.2,72.4,71.9,73.7,73.7,72.4,69.1,70.9,70.9,70.5,72.2,67.4,69.7,66.5,70.6,71.2,68.7,71.2,71.3,68.1,68.1,70.8,71.9,67.1,68.5,67.8,70.1,70.0,68.5,68.6,70.4,74.2,68.1,72.2,69.7,66.7,69.7,71.2,65.3,68.9,65.5,73.4,73.3,73.8,67.5,68.0,69.3,74.1,72.6,67.1,73.3,72.0,73.1,69.8,71.1,67.4,68.0,70.8,68.7,70.7,68.9
5048,76.2,72.9,74.2,74.1,76.4,77.0,77.7,75.7,76.0,75.6,77.2,75.9,76.9,75.4,77.3,76.7,76.2,74.3,76.5,76.2,76.3,75.5,77.6,74.2,74.3,76.5,77.4,75.7,74.5,76.8,76.5,75.2,72.0,74.0,73.5,73.3,76.3,71.5,74.1,70.5,73.1,75.4,72.4,74.7,75.3,73.2,71.7,75.5,78.8,73.1,73.3,72.1,74.7,73.9,71.7,74.3,74.5,77.6,72.2,76.2,73.0,71.2,74.4,78.3,68.8,73.8,70.5,75.9,76.5,76.4,71.6,72.7,73.8,78.4,77.9,71.9,76.6,75.3,76.0,73.4,74.6,70.8,73.0,73.6,71.4,73.9,72.2
5049,80.0,76.6,77.8,78.7,79.7,79.9,80.7,78.7,78.9,78.3,79.9,78.9,79.7,77.9,80.3,79.5,79.1,77.9,79.6,79.2,79.3,78.5,80.7,77.2,78.0,79.8,79.9,79.3,77.3,79.8,79.3,78.3,75.0,77.2,76.4,76.2,79.6,75.2,78.3,74.2,76.0,78.8,76.3,77.9,79.1,77.1,75.4,79.2,84.1,78.4,77.2,76.9,78.7,77.6,75.8,78.8,78.6,81.1,76.0,80.0,77.1,76.1,78.5,83.4,72.8,78.0,75.1,78.3,79.5,79.1,75.8,77.0,78.0,81.6,81.9,76.5,79.5,78.1,78.9,77.2,78.3,74.9,76.5,76.1,74.4,76.9,75.4
5050,83.6,80.4,80.7,82.4,82.9,82.7,83.6,81.6,81.3,80.5,82.3,81.5,82.2,80.1,83.1,81.8,81.9,81.3,81.9,81.4,81.8,80.7,83.3,80.1,81.6,82.8,82.3,82.3,79.8,82.4,81.9,80.8,77.7,79.9,79.1,78.6,82.8,78.4,81.9,77.6,78.8,81.8,79.9,81.0,82.9,80.4,79.2,82.7,88.3,82.4,80.4,81.9,82.4,80.7,79.8,82.3,82.2,84.3,79.7,82.8,81.2,80.3,81.9,87.2,76.9,81.8,79.3,80.6,81.8,81.4,79.4,80.8,81.8,84.3,85.3,80.4,81.8,80.3,81.3,80.8,81.5,78.6,79.3,78.3,77.3,79.7,78.1
5051,86.7,83.1,83.1,85.6,85.4,85.2,86.1,83.9,83.2,82.7,84.2,83.4,84.1,82.1,85.4,83.7,84.2,84.6,83.6,83.2,84.1,82.7,85.5,82.3,84.6,85.4,84.1,84.5,81.9,84.3,84.3,82.8,80.2,82.0,81.1,80.6,85.4,81.4,85.1,80.4,81.4,84.1,83.1,83.9,85.8,83.1,82.8,85.6,91.8,85.8,82.8,86.0,85.6,83.4,83.0,85.3,84.8,87.0,83.0,85.2,84.9,84.1,84.9,90.1,80.9,85.0,83.5,82.5,83.6,83.2,82.3,84.2,84.9,86.9,88.3,83.2,83.6,82.0,83.3,83.7,84.2,81.8,82.0,79.9,79.4,81.6,80.1
5052,88.8,85.4,85.0,88.1,87.7,87.3,88.0,85.9,84.8,84.2,85.6,84.9,85.6,83.9,87.4,85.1,86.2,87.3,85.0,84.2,86.0,84.3,87.3,84.3,87.4,87.8,85.8,86.3,83.3,85.9,86.1,84.4,81.9,83.7,82.8,82.4,87.1,83.8,87.4,82.4,83.9,86.0,85.7,86.5,88.3,85.2,85.6,87.7,94.5,88.5,84.3,88.9,87.9,85.6,85.1,87.4,86.7,89.0,86.3,87.1,88.1,86.8,87.7,92.3,84.9,87.5,86.7,84.2,85.2,84.7,84.1,86.7,87.4,88.9,90.6,85.1,84.9,83.3,85.2,86.3,86.3,84.1,84.6,81.3,81.3,83.3,82.0
5053,90.4,86.7,86.5,90.2,89.3,88.9,89.8,87.6,85.8,85.5,86.6,86.0,86.7,85.2,89.0,86.3,87.6,89.6,86.0,85.0,87.5,85.5,88.7,85.7,89.4,89.6,86.9,87.8,84.6,87.1,87.4,85.4,83.4,85.2,84.1,83.7,88.6,84.9,89.0,83.1,86.0,87.2,87.7,88.5,90.1,85.8,87.8,89.3,95.8,90.1,84.9,91.0,89.3,87.4,86.6,89.0,88.2,90.5,89.0,88.5,90.6,89.3,89.9,94.3,88.3,89.2,89.7,85.5,86.1,85.8,85.3,89.1,89.1,91.0,92.8,86.1,85.9,84.0,86.5,88.0,88.1,86.0,86.7,82.1,82.8,84.4,83.1
5054,91.6,86.8,87.1,91.8,90.3,90.0,90.8,88.7,86.7,86.3,87.2,86.6,87.4,86.1,90.1,87.0,88.4,91.3,86.4,85.4,88.3,86.3,89.6,86.7,90.6,90.5,87.9,88.6,85.5,87.8,88.5,86.2,84.6,86.3,85.2,84.6,89.8,84.8,90.1,83.1,87.2,87.4,89.2,89.7,91.5,85.3,89.1,89.9,96.6,90.7,85.2,92.0,90.0,88.5,87.9,90.2,89.5,91.6,91.1,89.5,92.0,91.4,91.8,95.6,91.3,90.4,91.9,86.3,86.7,86.6,85.4,90.5,89.9,92.5,94.1,86.5,86.1,84.4,87.5,89.3,89.2,87.6,88.2,82.1,84.1,85.2,84.3
5055,92.0,86.0,87.4,92.8,91.0,90.7,91.4,89.1,86.8,86.8,87.2,87.2,87.7,86.4,90.5,87.4,88.8,92.4,86.6,85.5,89.0,87.0,90.3,87.3,91.3,90.9,88.3,89.1,86.1,88.3,89.0,86.3,85.1,86.8,85.8,85.3,90.1,84.1,90.8,82.8,87.3,86.9,90.0,90.4,91.8,83.6,89.3,89.9,96.2,90.8,85.4,92.2,90.0,88.9,88.6,90.7,90.2,92.1,92.7,90.4,92.8,93.1,92.8,96.2,92.8,91.2,93.0,86.8,86.9,86.7,85.1,91.5,89.6,93.1,94.9,86.6,86.0,84.6,87.8,90.1,89.8,88.4,89.0,81.9,84.8,85.6,84.9
5056,91.0,84.2,86.6,93.0,90.9,90.6,91.3,89.3,86.6,86.6,86.7,87.5,87.3,86.3,90.3,87.3,88.7,92.8,86.2,85.3,88.9,87.1,90.3,87.4,91.3,90.9,88.2,89.0,86.0,88.0,89.0,85.8,85.0,86.8,86.0,85.5,89.5,82.2,90.6,82.1,86.5,85.5,90.1,90.4,90.7,82.1,88.7,89.0,95.3,90.0,84.7,91.5,89.2,88.2,88.9,91.0,90.5,92.1,93.5,90.4,92.8,94.0,93.3,96.1,93.4,91.5,92.9,86.8,86.6,86.4,84.3,91.5,88.3,92.9,95.0,85.9,85.5,84.2,87.6,90.0,89.7,88.9,89.2,81.2,84.9,85.7,84.9
5057,89.2,82.2,84.5,92.2,90.3,89.8,90.6,88.5,85.7,85.9,85.6,86.9,86.2,85.6,89.5,86.5,88.0,92.4,85.3,84.2,88.2,86.3,89.5,86.8,90.2,90.2,87.5,88.1,85.2,87.2,88.3,84.9,84.3,86.1,85.4,84.7,87.8,80.3,90.1,80.8,85.8,83.5,89.5,89.5,89.1,80.2,86.9,87.6,93.8,89.0,83.9,89.8,87.6,86.3,88.3,90.5,89.9,91.5,93.6,90.0,92.2,94.1,93.0,95.1,92.8,90.5,90.9,86.1,85.7,85.5,82.4,91.0,85.6,92.2,94.0,84.5,84.5,83.3,87.0,89.4,89.0,88.2,88.6,80.0,84.4,85.0,84.2
5058,86.2,79.5,81.0,90.5,88.9,88.5,89.1,87.0,83.8,84.4,83.7,85.6,84.4,84.4,87.9,84.9,86.3,90.6,83.4,82.3,86.6,84.6,87.9,85.2,88.6,88.6,86.4,86.6,83.9,85.6,87.0,83.1,82.9,84.8,84.1,83.3,85.1,77.5,88.6,78.6,83.5,80.5,87.7,87.6,85.9,77.4,84.3,85.4,91.1,87.2,82.4,87.3,85.6,83.1,87.0,89.2,88.7,90.0,92.8,88.5,90.3,93.0,91.2,92.9,90.4,88.2,87.6,84.8,83.9,83.7,80.0,89.1,82.9,90.6,91.6,82.7,82.6,81.8,85.5,88.1,87.4,86.5,87.4,78.2,82.9,83.5,82.7
5059,81.6,75.8,76.2,87.5,86.6,86.1,86.6,84.0,80.6,81.8,80.8,83.2,81.2,82.0,84.9,81.9,82.9,85.4,80.2,78.7,83.8,81.5,84.6,82.5,85.5,85.5,84.5,83.3,81.1,82.8,84.3,79.5,80.1,82.1,82.0,80.7,80.6,74.0,85.9,74.6,81.0,76.1,84.9,84.7,81.6,73.8,81.4,81.6,86.2,84.3,80.1,84.0,82.6,78.0,84.7,86.0,86.6,87.7,90.9,85.1,86.9,90.8,86.9,88.2,86.6,83.6,83.2,82.6,80.9,80.6,77.2,86.1,78.8,87.8,86.7,79.8,79.1,78.6,82.6,85.3,84.6,83.5,84.6,75.8,80.5,80.8,79.9
5060,77.8,72.2,72.6,83.2,83.2,83.1,83.3,79.9,77.5,78.9,77.6,80.0,77.7,79.3,81.3,78.7,77.8,78.2,77.1,75.6,80.0,77.5,80.3,78.5,80.8,80.9,82.5,79.4,77.3,79.4,80.6,75.8,76.3,78.6,78.9,76.9,77.1,70.8,81.9,71.4,78.3,73.1,80.2,80.3,77.8,71.3,77.7,77.4,82.5,79.4,77.2,81.0,79.1,74.2,80.8,81.4,82.1,83.3,87.1,79.7,83.4,85.0,80.5,82.8,82.0,77.7,78.1,80.1,77.5,77.3,74.4,81.1,75.7,83.5,81.8,75.5,76.1,75.2,78.8,80.5,80.2,79.1,75.3,73.7,77.3,77.5,75.2
5061,75.1,70.3,70.9,80.0,80.7,80.9,81.1,77.5,76.0,77.4,75.7,77.7,75.8,77.6,79.3,77.0,75.7,74.5,75.3,74.0,77.7,75.7,78.1,76.6,77.6,78.5,80.9,77.3,75.1,77.6,78.3,74.3,74.1,76.6,76.7,74.3,75.0,69.2,79.0,69.8,76.3,71.3,77.1,77.6,75.8,69.5,75.5,74.6,79.9,75.4,74.6,78.8,76.6,72.1,77.8,77.4,78.5,80.7,83.3,77.4,79.4,79.4,75.1,80.1,78.6,74.2,75.3,78.5,75.6,75.6,72.7,77.7,73.7,80.5,78.8,72.9,74.4,73.3,77.0,77.3,77.6,76.0,71.8,72.2,75.2,75.3,72.6
5062,73.3,68.8,69.5,78.1,78.9,79.4,79.7,76.3,74.8,76.3,74.4,76.2,74.5,76.2,77.8,75.7,74.4,72.2,74.0,72.8,76.2,74.6,76.9,75.3,75.8,77.0,79.7,75.9,73.8,76.2,77.1,73.4,72.6,74.9,75.2,73.0,73.3,67.9,76.9,68.2,75.1,69.8,75.0,76.0,74.1,68.1,73.6,72.3,77.0,73.5,72.8,76.8,74.8,70.7,76.1,74.1,76.3,78.6,79.7,75.4,77.1,77.2,71.9,77.3,75.8,72.2,72.6,77.2,74.4,74.5,71.3,75.6,71.9,78.7,76.1,71.5,73.4,72.0,75.7,75.4,76.2,74.1,71.2,71.1,73.5,73.9,70.9
5063,71.9,67.7,68.1,76.1,77.6,78.1,78.2,75.3,73.7,75.2,73.3,75.1,73.5,75.2,76.6,74.7,73.5,70.4,72.9,71.9,75.1,73.6,75.9,74.3,74.4,75.9,78.6,74.7,72.6,75.2,76.0,72.5,71.7,73.4,74.0,72.0,71.9,66.9,75.3,67.1,74.2,68.8,73.8,74.6,72.6,66.8,71.8,70.1,74.2,72.0,71.3,74.6,73.4,69.4,74.7,71.2,74.9,77.2,77.0,73.9,74.5,75.3,69.7,74.7,73.6,70.3,70.4,76.3,73.4,73.6,70.1,73.8,70.3,76.8,72.8,69.9,72.5,71.2,74.8,74.0,74.8,72.5,70.3,70.1,72.5,72.9,69.7
5064,70.7,67.0,67.0,74.3,76.2,76.8,77.0,74.5,72.7,74.2,72.5,74.0,72.6,74.3,75.6,73.9,72.8,68.7,72.1,71.1,74.2,72.6,75.0,73.3,73.2,74.9,77.5,73.5,71.7,74.2,74.9,71.8,70.7,72.2,73.1,71.1,70.9,65.9,73.9,65.7,73.1,67.9,72.3,73.1,71.3,65.9,70.2,68.2,70.8,70.4,70.3,72.2,72.3,68.5,73.4,68.7,73.7,75.9,74.8,72.6,72.1,73.5,68.4,71.5,71.8,68.3,68.1,75.3,72.4,72.6,69.0,72.5,68.9,75.2,70.0,68.6,71.5,70.4,73.9,72.9,73.9,71.0,69.4,69.1,71.3,71.9,68.8
5065,69.5,65.7,66.3,72.9,75.3,75.9,76.0,73.4,72.0,73.6,71.7,73.1,71.9,73.5,74.7,73.2,72.1,66.7,71.3,70.3,73.3,72.0,74.2,72.3,72.1,73.9,76.6,72.6,70.9,73.3,74.1,70.9,69.9,71.3,72.1,70.4,70.0,65.0,72.6,64.7,71.9,67.0,71.0,71.8,70.1,64.7,68.8,66.3,67.7,68.6,69.4,69.7,71.1,67.5,72.3,66.7,72.6,74.9,72.7,71.3,70.0,71.9,66.1,68.3,69.5,66.7,66.0,74.4,71.6,72.0,67.8,71.0,67.5,73.9,67.9,67.2,70.7,69.5,73.2,71.8,72.9,69.8,69.0,68.4,70.3,71.1,68.0
5066,68.5,65.0,65.5,71.6,74.4,75.0,75.1,72.6,71.3,72.6,71.0,72.3,71.1,72.8,74.1,72.4,71.4,64.8,70.5,69.7,72.5,71.1,73.3,71.5,71.3,73.1,75.8,72.0,70.1,72.6,73.4,70.4,68.9,70.4,71.3,69.7,69.2,64.3,71.5,63.6,71.0,66.2,70.2,70.6,68.9,64.1,67.6,64.9,65.1,67.2,68.3,67.5,69.8,66.5,71.1,64.5,71.4,73.5,70.9,69.6,68.6,70.3,64.1,65.6,67.3,64.8,63.9,73.5,71.1,71.2,66.9,69.7,66.4,72.5,65.8,65.4,70.1,68.8,72.5,70.7,71.9,68.7,68.0,67.7,69.5,70.4,67.2
5067,67.3,64.4,64.7,70.5,73.3,74.2,74.2,71.9,70.7,72.0,70.3,71.6,70.5,72.1,73.4,71.9,71.0,63.1,69.9,69.1,71.9,70.5,72.6,70.8,70.4,72.2,75.0,71.2,69.5,71.9,72.7,69.7,68.1,69.7,70.5,68.9,68.4,63.4,70.6,62.6,70.0,65.5,69.2,69.2,67.9,63.4,66.3,63.5,62.8,65.5,67.4,65.8,68.4,65.6,69.8,62.8,70.1,72.8,69.4,68.1,66.9,68.8,62.5,63.2,65.2,62.9,61.6,72.9,70.6,70.7,65.7,68.6,65.2,71.6,63.7,64.5,69.7,68.2,71.9,69.8,71.2,67.8,66.9,67.1,68.5,69.6,66.7
5068,66.1,63.7,64.0,69.6,72.5,73.5,73.5,71.2,70.2,71.4,69.8,71.0,69.9,71.4,72.6,71.3,70.3,61.7,69.4,68.6,71.2,70.0,72.0,70.1,69.6,71.5,74.4,70.8,69.0,71.3,72.1,69.2,67.6,69.0,69.9,68.2,67.5,62.5,69.9,61.6,69.2,64.9,68.4,67.9,66.9,62.4,65.2,62.1,61.1,64.4,66.6,64.4,67.4,64.9,68.7,61.2,69.2,72.1,68.0,66.3,65.3,67.3,61.2,60.9,63.9,60.8,59.7,72.1,69.9,70.1,64.9,67.7,64.3,70.5,62.1,63.6,69.3,67.6,71.3,69.0,70.3,67.0,65.2,66.6,67.9,69.0,66.1
5069,65.2,63.2,63.4,68.6,71.8,72.8,72.8,70.3,69.6,70.7,69.4,70.5,69.4,70.7,71.8,70.8,69.8,60.9,68.9,68.3,70.7,69.5,71.4,69.4,68.9,70.8,73.7,70.1,68.5,71.0,71.6,68.7,67.1,68.3,69.3,67.7,66.8,61.7,68.8,60.8,68.5,64.5,67.7,66.9,66.1,61.9,64.3,61.1,59.5,63.4,65.9,63.2,66.4,64.3,67.6,60.0,68.1,71.4,66.8,65.1,64.2,65.7,60.2,59.2,62.5,58.9,57.9,71.6,69.3,69.5,63.9,66.9,63.5,69.5,60.9,62.4,68.9,67.3,70.7,68.3,69.5,66.1,64.1,66.3,67.3,68.4,65.5
5070,67.3,64.5,65.3,67.9,71.4,72.4,72.5,70.3,70.1,70.9,70.5,70.6,70.4,70.6,71.6,71.0,69.9,65.3,69.8,69.8,70.7,69.7,71.5,69.2,68.3,70.5,73.6,69.9,69.0,71.2,71.4,69.5,66.9,68.3,69.1,67.7,68.0,62.9,68.2,61.6,68.5,66.5,67.1,67.1,67.6,63.3,64.6,64.0,62.9,62.5,65.3,64.0,66.0,66.4,67.0,63.3,67.6,71.3,65.9,67.4,66.6,64.4,63.6,62.1,62.8,62.1,58.9,71.5,69.9,70.4,63.7,66.1,64.9,69.5,65.1,61.7,70.1,68.6,70.7,67.7,68.9,65.5,63.5,68.0,67.1,68.3,65.8
5071,71.6,68.5,69.6,69.7,73.2,74.0,74.5,72.9,72.9,73.0,73.8,72.8,73.6,72.5,73.8,73.4,73.0,70.8,73.0,72.9,73.0,72.3,74.2,71.2,70.4,73.0,75.1,72.3,71.9,73.7,73.5,72.3,69.0,70.7,70.8,70.4,72.3,67.2,69.9,66.3,70.5,71.1,68.7,71.0,71.1,67.8,67.9,70.5,71.6,66.8,68.3,67.4,69.8,69.8,68.4,68.5,70.3,74.1,68.1,72.0,69.6,66.6,69.6,70.8,65.2,68.9,65.3,73.3,73.2,73.6,67.4,67.9,69.2,73.8,72.2,66.8,73.2,71.9,73.0,69.7,71.0,67.3,67.8,70.7,68.6,70.6,68.8
5072,75.9,72.5,73.8,74.0,76.3,76.9,77.6,75.6,75.9,75.5,77.0,75.8,76.8,75.1,77.1,76.5,76.0,74.2,76.4,76.1,76.2,75.3,77.4,73.9,74.1,76.3,77.2,75.6,74.3,76.7,76.3,75.1,71.8,73.8,73.4,73.2,76.4,71.2,74.2,70.4,73.1,75.2,72.2,74.4,75.0,72.9,71.5,75.2,78.6,72.9,73.2,71.7,74.5,73.5,71.6,74.3,74.3,77.4,72.1,76.2,72.9,71.0,74.3,78.1,68.7,73.8,70.2,75.7,76.4,76.3,71.6,72.6,73.5,78.1,77.6,71.6,76.5,75.2,75.7,73.2,74.4,70.6,72.8,73.5,71.3,73.7,72.0
5073,79.6,76.3,77.4,78.4,79.5,79.8,80.6,78.5,78.8,78.1,79.7,78.7,79.5,77.7,80.1,79.3,78.9,77.9,79.5,79.2,79.1,78.3,80.5,77.0,77.8,79.6,79.7,79.1,77.0,79.8,79.1,78.2,74.8,76.9,76.3,76.1,79.8,74.9,78.4,74.1,75.9,78.6,76.1,77.6,78.8,76.8,75.2,79.0,83.9,78.0,77.2,76.6,78.5,77.2,75.5,78.8,78.4,80.9,75.9,80.0,77.0,76.1,78.4,83.1,72.7,78.0,74.8,78.1,79.3,78.9,75.6,76.9,77.6,81.3,81.5,76.1,79.4,78.0,78.7,76.9,78.0,74.6,76.2,76.1,74.3,76.9,75.3
5074,83.1,80.0,80.3,82.2,82.6,82.5,83.4,81.4,81.2,80.4,82.1,81.3,82.0,79.9,82.8,81.7,81.8,81.3,81.8,81.5,81.5,80.5,83.1,79.7,81.5,82.6,82.1,82.0,79.8,82.3,81.8,80.6,77.5,79.7,79.0,78.6,83.0,78.1,82.1,77.4,78.8,81.5,79.6,80.6,82.5,80.1,79.0,82.5,88.1,82.1,80.4,81.6,82.3,80.2,79.5,82.4,81.9,84.0,79.5,82.8,81.1,80.3,81.9,86.8,76.8,81.8,79.1,80.4,81.7,81.3,79.2,80.8,81.4,84.1,84.9,80.0,81.8,80.1,81.1,80.4,81.3,78.2,79.0,78.3,77.1,79.6,78.0
5075,86.2,82.7,82.7,85.4,85.1,85.0,85.9,83.8,83.1,82.6,84.0,83.2,84.0,81.9,85.2,83.5,84.1,84.5,83.5,83.1,84.0,82.5,85.3,81.9,84.5,85.1,83.9,84.3,81.7,84.0,84.1,82.6,80.0,81.8,81.0,80.6,85.7,81.1,85.2,80.3,81.4,84.0,82.9,83.5,85.4,82.8,82.5,85.3,91.6,85.4,82.8,85.6,85.4,82.9,82.7,85.4,84.5,86.6,82.9,85.3,84.8,84.0,84.9,89.7,80.8,85.1,83.2,82.4,83.4,83.1,82.1,84.2,84.5,86.5,88.0,82.7,83.5,81.8,83.2,83.3,83.8,81.4,81.7,80.0,79.2,81.5,80.0
5076,88.3,85.0,84.6,87.9,87.2,87.2,87.8,85.7,84.6,84.2,85.4,84.7,85.4,83.7,87.2,85.0,86.0,87.3,84.9,84.2,85.8,84.1,87.1,83.9,87.2,87.5,85.7,86.1,83.2,85.7,86.0,84.2,81.7,83.6,82.8,82.4,87.4,83.3,87.5,82.3,83.8,85.8,85.5,86.1,87.9,84.9,85.4,87.4,94.2,88.1,84.3,88.5,87.8,85.1,84.8,87.5,86.4,88.6,86.2,87.2,88.0,86.7,87.7,92.0,84.8,87.7,86.5,84.0,85.0,84.6,83.9,86.7,86.9,88.6,90.3,84.7,84.9,83.1,85.0,85.8,85.9,83.7,84.4,81.4,81.1,83.2,81.9
5077,89.9,86.2,86.1,90.1,88.8,88.8,89.6,87.3,85.7,85.5,86.4,85.9,86.6,85.1,88.8,86.2,87.5,89.6,85.9,84.9,87.3,85.4,88.6,85.4,89.2,89.3,86.8,87.6,84.6,86.9,87.3,85.2,83.3,85.1,84.0,83.7,88.9,84.4,89.2,83.0,85.9,87.1,87.5,88.0,89.7,85.6,87.5,89.0,95.7,89.7,84.8,90.7,89.1,86.9,86.1,89.1,87.8,90.1,88.9,88.6,90.5,89.2,89.9,94.0,88.2,89.3,89.4,85.3,85.9,85.6,85.2,89.1,88.6,90.5,92.5,85.7,85.8,83.8,86.3,87.6,87.7,85.6,86.4,82.3,82.6,84.2,83.0
5078,91.3,86.5,86.7,91.6,89.9,89.9,90.6,88.4,86.6,86.2,87.1,86.5,87.3,85.9,89.9,86.9,88.2,91.4,86.3,85.3,88.1,86.2,89.5,86.4,90.5,90.2,87.7,88.4,85.4,87.7,88.2,86.0,84.4,86.1,85.1,84.5,90.0,84.4,90.3,83.1,87.1,87.4,88.9,89.2,91.1,84.9,88.7,89.6,96.4,90.3,85.2,91.7,89.8,88.0,87.4,90.3,89.0,91.1,90.9,89.6,92.0,91.3,91.8,95.2,91.1,90.5,91.6,86.2,86.6,86.5,85.4,90.5,89.5,91.9,93.7,86.2,86.0,84.1,87.2,88.9,88.7,87.1,88.0,82.2,83.8,85.0,84.1
5079,91.7,85.7,87.1,92.7,90.7,90.6,91.1,88.9,86.8,86.7,87.1,87.1,87.5,86.2,90.3,87.3,88.6,92.4,86.5,85.4,88.7,86.9,90.2,87.1,91.2,90.6,88.2,88.9,85.9,88.0,88.8,86.2,84.9,86.6,85.6,85.2,90.3,83.7,90.8,82.9,87.2,86.8,89.8,89.8,91.3,83.1,89.0,89.6,96.0,90.4,85.4,91.9,89.8,88.4,88.2,90.9,89.7,91.6,92.5,90.5,92.9,92.9,92.9,95.8,92.7,91.3,92.7,86.6,86.8,86.5,85.2,91.5,89.3,92.5,94.5,86.3,85.9,84.3,87.6,89.6,89.2,87.9,88.8,82.0,84.5,85.4,84.7
5080,90.8,83.9,86.2,92.8,90.6,90.5,91.0,89.1,86.5,86.5,86.5,87.4,87.2,86.2,90.1,87.1,88.5,92.9,86.0,85.2,88.7,87.0,90.2,87.1,91.1,90.6,88.1,88.8,85.9,87.9,88.8,85.7,84.8,86.6,85.8,85.4,89.7,81.9,90.6,82.0,86.3,85.5,89.8,89.9,90.2,81.6,88.4,88.8,95.1,89.8,84.7,91.2,89.0,87.6,88.4,91.1,90.0,91.6,93.3,90.6,92.9,93.9,93.3,95.8,93.2,91.6,92.6,86.6,86.7,86.3,84.4,91.5,88.0,92.3,94.7,85.7,85.4,83.9,87.4,89.6,89.3,88.4,88.9,81.3,84.6,85.5,84.8
5081,88.8,81.8,84.1,92.1,90.0,89.7,90.4,88.2,85.5,85.8,85.4,86.7,86.1,85.5,89.2,86.3,87.9,92.4,85.1,84.2,88.0,86.1,89.3,86.5,90.1,89.9,87.4,87.9,85.1,87.1,88.2,84.9,84.1,85.9,85.2,84.6,87.7,79.9,90.0,80.7,85.7,83.4,89.2,88.9,88.6,79.9,86.5,87.5,93.7,88.7,83.9,89.5,87.6,85.8,87.9,90.6,89.5,91.0,93.4,90.1,92.2,94.0,93.1,94.7,92.6,90.6,90.6,85.9,85.8,85.4,82.5,90.9,85.1,91.6,93.7,84.4,84.4,83.1,86.8,89.1,88.6,87.7,88.3,80.0,84.1,84.8,84.0
5082,85.7,79.0,80.6,90.5,88.6,88.3,88.9,86.7,83.7,84.4,83.6,85.4,84.3,84.3,87.7,84.8,86.2,90.5,83.2,82.2,86.4,84.4,87.7,84.9,88.4,88.4,86.3,86.4,83.8,85.4,86.9,82.9,82.7,84.6,83.9,83.2,84.9,77.1,88.5,78.6,83.3,80.4,87.4,87.0,85.5,77.0,84.0,85.3,91.0,87.0,82.4,87.0,85.7,82.6,86.6,89.2,88.3,89.6,92.7,88.5,90.3,92.9,91.1,92.5,90.2,88.3,87.3,84.7,84.0,83.6,80.1,88.9,82.5,89.9,91.4,82.5,82.4,81.6,85.3,87.7,87.1,86.1,87.2,78.3,82.7,83.4,82.5
5083,81.1,75.3,75.8,87.3,86.3,85.9,86.4,83.8,80.5,81.7,80.6,83.0,81.1,81.9,84.8,81.8,82.8,85.3,80.1,78.6,83.6,81.3,84.4,82.3,85.2,85.3,84.3,83.1,80.9,82.6,84.1,79.3,79.8,81.9,81.8,80.5,80.6,73.7,85.7,74.7,80.8,76.1,84.6,84.1,81.3,73.5,81.2,81.4,86.0,84.1,80.2,83.6,82.6,77.6,84.3,86.0,86.0,87.2,90.8,85.0,86.9,90.6,86.9,87.8,86.4,83.7,82.9,82.4,81.0,80.4,77.3,85.9,78.3,87.2,86.3,79.5,78.9,78.4,82.5,84.9,84.3,83.1,84.3,75.9,80.3,80.6,79.7
5084,77.5,71.8,72.4,82.9,83.0,83.0,83.2,79.7,77.4,78.8,77.5,79.9,77.7,79.2,81.1,78.6,77.8,78.2,77.0,75.6,79.8,77.5,80.2,78.3,80.6,80.8,82.4,79.3,77.2,79.4,80.4,75.8,76.0,78.5,78.6,76.7,77.2,70.5,81.8,71.3,78.1,73.1,80.0,79.7,77.6,71.0,77.5,77.2,82.4,79.1,77.1,80.6,79.0,73.9,80.4,81.4,81.6,82.8,87.0,79.7,83.5,84.7,80.5,82.4,81.8,77.9,78.0,79.9,77.5,77.2,74.4,80.9,75.3,83.0,81.4,75.2,76.0,75.1,78.7,80.2,80.0,78.7,75.0,73.7,77.1,77.3,75.1
5085,75.0,70.0,70.7,79.8,80.6,81.0,81.1,77.4,75.9,77.3,75.6,77.7,75.8,77.6,79.3,76.9,75.6,74.6,75.2,74.0,77.5,75.6,78.1,76.4,77.5,78.4,80.8,77.2,75.0,77.6,78.2,74.3,73.8,76.4,76.5,74.2,75.0,69.0,78.9,69.8,76.1,71.2,76.9,77.1,75.6,69.3,75.2,74.4,79.7,75.2,74.5,78.5,76.4,71.9,77.4,77.6,78.1,80.3,83.1,77.5,79.4,79.1,75.3,79.8,78.4,74.4,75.2,78.3,75.7,75.5,72.6,77.6,73.3,80.1,78.4,72.6,74.4,73.2,76.9,77.1,77.5,75.7,71.6,72.2,75.0,75.1,72.5
5086,73.1,68.5,69.2,77.9,78.8,79.4,79.7,76.1,74.7,76.2,74.4,76.2,74.5,76.2,77.8,75.6,74.3,72.4,73.9,72.8,76.1,74.6,77.0,75.1,75.7,77.0,79.5,75.8,73.7,76.3,77.0,73.4,72.4,74.9,75.0,72.9,73.3,67.6,76.9,68.1,74.9,69.8,74.8,75.5,73.9,68.0,73.2,72.0,76.7,73.3,72.6,76.4,74.6,70.4,75.7,74.2,75.9,78.2,79.5,75.5,77.1,77.1,72.1,77.1,75.6,72.4,72.5,77.1,74.5,74.5,71.3,75.6,71.6,78.2,75.8,71.2,73.4,72.0,75.6,75.2,76.0,73.8,71.0,71.0,73.3,73.8,70.9
5087,71.8,67.5,67.9,76.0,77.4,78.1,78.3,75.1,73.6,75.2,73.3,75.2,73.5,75.2,76.6,74.7,73.4,70.6,72.9,71.9,75.0,73.6,76.0,74.1,74.3,75.9,78.4,74.6,72.6,75.2,75.9,72.6,71.5,73.3,73.8,72.0,71.9,66.6,75.3,67.0,73.9,68.7,73.6,74.1,72.3,66.7,71.4,69.8,73.9,71.7,71.1,74.2,73.2,69.3,74.3,71.4,74.5,76.8,76.8,74.1,74.5,75.1,70.0,74.5,73.4,70.5,70.2,76.2,73.6,73.5,70.0,73.8,70.1,76.4,72.5,69.7,72.5,71.2,74.7,73.8,74.7,72.2,70.2,70.0,72.3,72.8,69.7
5088,70.6,66.6,66.8,74.2,76.1,76.9,77.0,74.3,72.7,74.2,72.5,74.0,72.6,74.2,75.6,73.8,72.7,68.9,72.1,71.1,74.1,72.6,75.1,73.1,73.1,74.9,77.4,73.5,71.7,74.2,74.8,71.9,70.5,72.2,73.0,71.0,70.9,65.6,73.9,65.7,72.8,67.9,72.1,72.6,71.1,65.8,69.9,67.8,70.5,70.0,70.1,71.8,72.1,68.3,73.1,69.0,73.4,75.5,74.7,72.8,72.2,73.3,68.6,71.3,71.5,68.6,67.8,75.2,72.5,72.6,68.9,72.5,68.7,74.7,69.8,68.3,71.5,70.4,73.8,72.7,73.7,70.7,69.4,69.0,71.2,71.8,68.7
5089,69.4,65.5,66.1,72.8,75.2,75.9,76.1,73.3,71.9,73.6,71.8,73.1,71.9,73.5,74.7,73.2,72.0,67.0,71.3,70.3,73.2,72.0,74.3,72.1,72.1,73.9,76.5,72.6,70.8,73.4,74.0,71.0,69.7,71.2,72.0,70.4,70.1,64.7,72.6,64.6,71.7,67.0,70.9,71.3,69.8,64.6,68.4,66.0,67.3,68.4,69.1,69.3,70.9,67.3,71.9,67.0,72.2,74.5,72.6,71.4,70.2,71.8,66.3,68.1,69.3,66.9,65.7,74.3,71.7,72.0,67.7,71.0,67.4,73.4,67.7,66.9,70.8,69.5,73.2,71.7,72.8,69.5,68.9,68.3,70.1,71.0,68.0
5090,68.4,64.7,65.3,71.6,74.3,75.0,75.1,72.6,71.3,72.7,71.0,72.3,71.2,72.8,74.1,72.5,71.3,65.1,70.6,69.7,72.4,71.2,73.3,71.3,71.3,73.1,75.7,72.0,70.2,72.7,73.3,70.5,68.8,70.3,71.1,69.6,69.2,63.9,71.5,63.5,70.8,66.2,70.1,70.0,68.6,63.9,67.1,64.5,64.9,66.9,68.0,67.1,69.6,66.3,70.7,64.8,71.0,73.1,70.8,69.8,68.8,70.2,64.4,65.3,67.1,65.0,63.6,73.4,71.1,71.2,66.8,69.7,66.3,72.0,65.6,65.1,70.2,68.8,72.5,70.6,71.8,68.4,67.9,67.5,69.4,70.3,67.2
5091,67.2,64.1,64.5,70.4,73.2,74.2,74.2,71.8,70.7,72.0,70.4,71.7,70.6,72.1,73.4,71.9,70.9,63.5,69.9,69.2,71.8,70.6,72.7,70.5,70.3,72.2,74.9,71.2,69.6,72.1,72.7,69.8,68.0,69.6,70.4,68.9,68.4,63.0,70.5,62.4,69.8,65.5,69.1,68.7,67.6,63.2,65.9,63.2,62.4,65.1,67.1,65.4,68.1,65.4,69.5,63.1,69.8,72.4,69.3,68.3,67.0,68.8,62.8,62.9,65.1,63.1,61.4,72.8,70.7,70.7,65.6,68.6,65.1,71.1,63.4,64.2,69.7,68.2,71.9,69.6,71.1,67.5,66.7,66.9,68.4,69.6,66.7
5092,66.1,63.4,63.8,69.5,72.4,73.5,73.5,71.1,70.2,71.4,69.8,71.0,70.0,71.4,72.7,71.3,70.4,62.1,69.5,68.6,71.3,70.1,72.1,69.9,69.6,71.6,74.3,70.8,69.0,71.5,72.0,69.3,67.6,68.9,69.7,68.2,67.5,62.2,69.8,61.5,69.0,65.0,68.3,67.4,66.7,62.2,64.8,61.9,60.7,64.1,66.3,64.0,67.0,64.8,68.4,61.4,68.9,71.7,68.0,66.5,65.4,67.2,61.5,60.7,63.7,61.0,59.6,72.1,70.0,70.2,64.7,67.8,64.2,69.9,61.8,63.2,69.3,67.7,71.3,68.8,70.2,66.8,65.0,66.4,67.8,69.0,66.1
5093,65.1,63.0,63.3,68.6,71.7,72.9,72.9,70.3,69.5,70.7,69.4,70.6,69.5,70.8,71.9,70.9,69.8,61.2,69.0,68.3,70.6,69.6,71.5,69.3,68.9,70.9,73.6,70.0,68.5,71.1,71.6,68.8,67.1,68.2,69.2,67.7,66.8,61.4,68.9,60.7,68.3,64.4,67.6,66.4,65.9,61.6,63.9,60.8,59.2,63.0,65.5,62.8,66.1,64.2,67.3,60.3,67.8,71.0,66.7,65.1,64.3,65.7,60.5,58.8,62.3,59.0,57.7,71.6,69.5,69.5,63.7,66.8,63.4,68.9,60.6,62.0,68.9,67.4,70.7,68.1,69.4,65.9,63.8,66.1,67.2,68.4,65.5
5094,67.1,64.2,65.1,67.9,71.3,72.4,72.5,70.2,70.0,70.9,70.6,70.7,70.5,70.6,71.5,71.0,70.0,65.5,69.9,69.8,70.6,69.7,71.6,69.1,68.3,70.5,73.5,69.8,69.0,71.2,71.4,69.6,66.8,68.2,69.0,67.6,68.0,62.6,68.2,61.3,68.3,66.4,67.1,66.7,67.3,63.0,64.1,63.6,62.3,62.1,65.0,63.5,65.6,66.2,66.7,63.3,67.3,70.9,65.9,67.4,66.7,64.4,63.8,61.5,62.6,62.1,58.6,71.4,70.0,70.4,63.5,66.0,64.7,68.9,64.7,61.5,70.1,68.6,70.7,67.6,68.9,65.4,63.3,67.8,67.0,68.3,65.8
5095,71.3,68.2,69.3,69.6,73.0,73.9,74.4,72.7,72.8,73.0,73.8,72.8,73.6,72.4,73.7,73.3,72.9,70.9,73.0,72.9,72.9,72.2,74.1,71.0,70.3,72.9,75.0,72.1,71.8,73.7,73.4,72.3,68.8,70.6,70.7,70.2,72.3,66.8,69.8,66.1,70.3,71.0,68.6,70.5,70.8,67.5,67.5,70.2,71.2,66.4,68.0,67.0,69.5,69.5,68.1,68.4,70.0,73.7,68.0,72.0,69.6,66.5,69.7,70.3,65.1,68.9,65.0,73.2,73.2,73.6,67.2,67.8,69.0,73.2,71.9,66.5,73.2,71.8,72.9,69.5,70.8,67.1,67.5,70.6,68.5,70.5,68.6
5096,75.6,72.1,73.4,73.8,76.0,76.7,77.4,75.3,75.8,75.4,77.0,75.7,76.7,74.9,76.9,76.4,75.8,74.3,76.4,76.1,76.0,75.2,77.2,73.7,73.9,76.1,77.0,75.3,74.2,76.6,76.1,75.1,71.7,73.6,73.2,73.0,76.3,70.8,74.1,70.2,72.9,75.1,72.0,74.0,74.7,72.6,71.0,74.9,78.2,72.5,73.1,71.3,74.3,73.2,71.2,74.2,74.0,77.1,72.0,76.1,72.9,71.0,74.4,77.7,68.5,73.8,69.9,75.5,76.3,76.3,71.5,72.4,73.3,77.6,77.2,71.2,76.5,75.1,75.5,72.9,74.1,70.4,72.5,73.5,71.2,73.6,71.9
5097,79.2,75.8,77.0,78.2,79.1,79.5,80.2,78.2,78.6,77.9,79.7,78.5,79.5,77.5,79.8,79.1,78.7,77.8,79.4,79.1,78.8,78.1,80.3,76.7,77.6,79.2,79.5,78.8,76.9,79.5,78.8,78.1,74.7,76.7,76.1,75.8,79.7,74.4,78.3,73.9,75.8,78.5,75.8,77.2,78.6,76.5,74.8,78.7,83.6,77.6,77.2,76.1,78.5,76.8,75.2,78.8,78.1,80.5,75.8,80.0,77.0,75.9,78.4,82.7,72.5,77.9,74.6,77.9,79.2,78.9,75.6,76.8,77.4,80.9,81.2,75.8,79.4,77.8,78.4,76.5,77.7,74.3,75.9,76.1,74.1,76.6,75.1
5098,82.7,79.6,79.8,81.9,82.2,82.2,83.1,81.1,80.9,80.2,82.0,81.1,82.0,79.7,82.5,81.5,81.5,81.2,81.7,81.4,81.2,80.3,82.9,79.5,81.2,82.2,81.8,81.7,79.6,82.0,81.5,80.5,77.3,79.5,78.8,78.3,83.0,77.6,81.9,77.2,78.7,81.4,79.3,80.2,82.2,79.9,78.6,82.2,87.9,81.8,80.4,81.2,82.3,79.7,79.2,82.4,81.5,83.5,79.4,82.8,81.1,80.2,81.9,86.4,76.6,81.8,78.9,80.1,81.5,81.3,79.2,80.6,81.1,83.7,84.6,79.7,81.8,80.1,80.8,80.0,80.9,77.8,78.7,78.4,76.9,79.4,77.8
5099,85.8,82.3,82.2,85.2,84.8,84.7,85.6,83.5,82.9,82.3,84.0,83.0,83.9,81.7,84.9,83.2,83.8,84.4,83.4,83.1,83.7,82.3,85.1,81.7,84.1,84.8,83.7,84.0,81.5,83.8,83.8,82.4,79.9,81.6,80.8,80.4,85.7,80.6,85.0,80.1,81.3,83.8,82.6,83.2,85.2,82.6,82.2,85.1,91.3,85.2,82.8,85.3,85.5,82.4,82.3,85.3,84.1,86.2,82.8,85.4,84.9,83.9,84.9,89.3,80.6,85.1,83.0,82.0,83.3,83.0,82.1,84.0,84.1,86.1,87.6,82.5,83.5,81.7,82.9,83.0,83.4,81.0,81.6,80.1,79.0,81.4,79.8
5100,88.0,84.7,84.1,87.7,87.0,87.0,87.5,85.5,84.4,83.9,85.4,84.5,85.4,83.5,86.9,84.7,85.8,87.2,84.9,84.2,85.5,83.9,86.9,83.8,86.9,87.2,85.4,85.8,83.0,85.5,85.7,84.0,81.6,83.4,82.5,82.2,87.4,82.9,87.4,82.2,83.6,85.7,85.1,85.7,87.6,84.6,85.1,87.2,94.0,87.9,84.4,88.2,87.7,84.5,84.3,87.4,85.9,88.2,86.1,87.2,88.0,86.7,87.7,91.7,84.5,87.6,86.2,83.7,84.9,84.6,83.9,86.5,86.5,88.3,89.9,84.5,84.8,83.0,84.8,85.5,85.6,83.3,84.2,81.5,80.9,83.0,81.6
5101,89.5,85.9,85.5,89.8,88.5,88.5,89.4,87.1,85.6,85.2,86.4,85.6,86.6,84.9,88.5,86.0,87.2,89.5,85.9,85.0,87.1,85.2,88.3,85.2,88.9,89.1,86.7,87.3,84.5,86.7,87.0,85.0,83.1,85.0,83.8,83.5,89.0,84.0,89.1,83.0,85.8,86.9,87.2,87.7,89.4,85.2,87.3,88.7,95.5,89.4,84.9,90.4,89.0,86.4,85.7,89.1,87.4,89.7,88.7,88.7,90.6,89.1,89.9,93.6,87.8,89.3,89.2,85.1,85.8,85.6,85.1,88.9,88.3,90.2,92.1,85.5,85.8,83.7,86.1,87.2,87.3,85.1,86.3,82.4,82.4,84.2,82.8
5102,90.9,86.2,86.2,91.4,89.6,89.7,90.4,88.3,86.4,86.0,87.1,86.3,87.2,85.7,89.7,86.7,88.0,91.3,86.4,85.4,87.8,86.0,89.3,86.3,90.3,90.0,87.6,88.1,85.3,87.4,88.0,85.8,84.3,86.0,84.9,84.4,90.2,84.1,90.3,83.1,87.2,87.2,88.6,88.9,90.8,84.4,88.5,89.3,96.2,89.9,85.4,91.4,89.9,87.4,87.0,90.3,88.5,90.7,90.8,89.7,92.1,91.1,91.8,94.9,90.8,90.5,91.3,86.0,86.5,86.4,85.4,90.3,89.1,91.6,93.4,86.1,86.0,84.1,87.0,88.5,88.5,86.7,87.7,82.4,83.5,85.0,84.0
5103,91.3,85.4,86.6,92.5,90.4,90.4,90.9,88.7,86.6,86.6,87.1,86.9,87.5,86.1,90.1,87.2,88.5,92.4,86.5,85.5,88.5,86.7,89.9,86.9,91.0,90.4,88.0,88.6,85.9,87.7,88.7,86.0,84.7,86.5,85.5,85.1,90.4,83.3,90.8,83.0,87.3,86.7,89.5,89.6,90.9,82.7,88.8,89.4,95.9,90.2,85.7,91.5,89.8,87.8,87.9,90.9,89.4,91.2,92.3,90.5,92.9,92.7,92.9,95.4,92.4,91.3,92.4,86.4,86.7,86.5,85.3,91.3,88.9,92.2,94.2,86.3,86.0,84.3,87.4,89.2,89.0,87.4,88.5,82.2,84.3,85.5,84.6
5104,90.3,83.8,85.7,92.7,90.4,90.3,90.8,89.0,86.4,86.5,86.6,87.2,87.1,86.1,89.8,87.0,88.4,92.8,86.1,85.3,88.5,86.8,89.9,87.0,91.0,90.4,88.0,88.6,85.9,87.6,88.7,85.6,84.6,86.5,85.7,85.3,89.7,81.7,90.5,82.1,86.4,85.3,89.6,89.7,89.8,81.3,88.2,88.5,95.1,89.5,85.0,90.8,89.1,87.1,88.1,91.1,89.6,91.2,93.1,90.6,92.9,93.7,93.3,95.4,92.9,91.5,92.2,86.4,86.5,86.2,84.4,91.4,87.7,92.1,94.4,85.7,85.5,84.0,87.3,89.1,89.0,88.0,88.7,81.5,84.4,85.5,84.6
5105,88.5,81.7,83.7,92.0,89.8,89.6,90.2,88.1,85.4,85.8,85.4,86.5,86.0,85.4,89.0,86.2,87.7,92.2,85.1,84.2,87.9,85.9,89.0,86.4,90.0,89.7,87.3,87.7,85.2,86.8,88.1,84.8,84.0,85.9,85.1,84.5,87.9,79.9,89.8,81.0,85.8,83.4,88.9,88.7,88.1,79.6,86.4,87.3,93.6,88.7,84.1,89.1,87.7,85.4,87.5,90.5,89.1,90.7,93.2,90.1,92.1,93.8,93.0,94.4,92.3,90.5,90.2,85.8,85.7,85.3,82.6,90.8,84.9,91.3,93.3,84.4,84.4,83.1,86.7,88.7,88.3,87.2,88.1,80.2,84.0,84.7,83.8
5106,85.4,78.9,80.2,90.4,88.4,88.2,88.7,86.7,83.6,84.3,83.6,85.2,84.2,84.2,87.5,84.8,86.1,90.2,83.2,82.2,86.2,84.4,87.4,84.8,88.3,88.2,86.2,86.2,83.7,85.1,86.8,82.7,82.5,84.5,83.7,83.0,85.1,77.1,88.4,78.8,83.5,80.3,87.1,86.7,85.2,76.8,84.1,85.2,90.9,87.0,82.5,86.6,86.0,82.2,86.2,89.1,87.9,89.2,92.5,88.5,90.1,92.7,91.0,92.2,89.8,88.1,86.9,84.6,83.8,83.5,80.2,88.9,82.3,89.8,91.1,82.6,82.5,81.6,85.2,87.3,86.9,85.6,87.0,78.4,82.5,83.2,82.3
5107,80.6,75.1,75.3,87.1,86.1,85.8,86.3,83.8,80.5,81.6,80.6,82.9,81.0,81.8,84.6,81.8,82.6,85.0,80.1,78.5,83.5,81.1,84.3,82.2,85.0,85.1,84.2,83.0,80.8,82.4,84.0,79.2,79.8,81.8,81.7,80.4,80.7,73.5,85.5,74.8,80.9,76.0,84.3,83.8,80.9,73.2,81.3,81.2,85.8,84.0,80.3,83.3,82.9,77.2,83.9,85.9,85.7,86.7,90.6,84.9,86.7,90.2,86.8,87.3,86.0,83.4,82.4,82.3,80.8,80.3,77.3,85.8,78.3,87.1,86.0,79.4,78.9,78.4,82.3,84.6,84.1,82.7,84.0,76.0,80.1,80.4,79.5
5108,77.1,71.7,72.1,82.7,82.8,82.9,83.1,79.7,77.3,78.8,77.5,79.8,77.6,79.0,81.0,78.6,77.7,78.1,77.0,75.6,79.7,77.4,80.2,78.2,80.4,80.5,82.3,79.2,77.0,79.3,80.3,75.8,75.9,78.4,78.6,76.7,77.2,70.3,81.7,71.4,78.1,72.9,79.7,79.4,77.2,70.7,77.5,77.0,82.2,78.9,77.2,80.3,79.1,73.5,79.9,81.3,81.3,82.5,86.7,79.6,83.3,84.4,80.6,81.9,81.4,77.7,77.6,79.8,77.5,77.2,74.3,80.6,75.2,82.7,81.1,75.0,76.0,75.1,78.6,79.8,79.8,78.3,74.7,73.8,77.0,77.3,74.8
5109,74.5,69.8,70.3,79.7,80.5,80.9,81.0,77.3,75.9,77.2,75.6,77.6,75.8,77.4,79.2,76.9,75.5,74.6,75.3,74.1,77.5,75.6,78.1,76.3,77.3,78.2,80.6,77.1,74.9,77.5,78.2,74.4,73.8,76.3,76.5,74.2,75.0,68.7,78.7,69.8,76.1,71.1,76.7,76.7,75.3,69.1,75.2,74.2,79.5,74.9,74.4,78.1,76.4,71.5,77.1,77.4,77.8,79.9,82.8,77.5,79.4,79.0,75.5,79.3,78.0,74.5,74.9,78.2,75.7,75.5,72.5,77.5,73.0,79.8,78.0,72.4,74.4,73.3,76.8,76.8,77.3,75.3,71.3,72.3,74.9,75.2,72.3
5110,72.6,68.4,68.8,77.7,78.7,79.2,79.6,76.0,74.7,76.2,74.4,76.2,74.5,76.1,77.6,75.6,74.2,72.5,74.0,72.8,75.9,74.6,77.0,75.1,75.5,76.9,79.4,75.7,73.6,76.3,76.9,73.4,72.3,74.8,75.0,72.9,73.2,67.3,76.8,68.1,75.0,69.6,74.7,75.2,73.5,67.6,73.2,71.7,76.6,73.0,72.5,76.1,74.5,70.0,75.4,74.2,75.7,78.0,79.4,75.5,77.0,76.9,72.4,76.7,75.3,72.5,72.2,76.9,74.5,74.4,71.2,75.5,71.3,77.8,75.5,71.0,73.4,72.1,75.6,74.9,75.9,73.4,70.7,71.1,73.2,73.8,70.7
5111,71.4,67.2,67.5,75.8,77.2,78.0,78.2,75.0,73.6,75.2,73.3,75.1,73.6,75.0,76.5,74.7,73.4,70.8,72.9,72.0,74.9,73.6,76.0,74.1,74.2,75.9,78.3,74.5,72.5,75.2,75.7,72.6,71.4,73.2,73.8,71.9,71.9,66.3,75.2,66.9,73.9,68.6,73.4,73.7,72.0,66.5,71.2,69.5,73.7,71.3,71.1,73.9,73.2,68.8,74.1,71.4,74.3,76.4,76.7,74.2,74.5,75.0,70.3,73.9,73.1,70.6,69.9,76.0,73.6,73.5,69.9,73.7,69.9,75.9,72.1,69.4,72.6,71.2,74.6,73.6,74.5,71.7,69.9,70.1,72.2,72.8,69.6
5112,70.2,66.5,66.4,74.1,76.0,76.8,76.9,74.2,72.7,74.1,72.6,74.1,72.7,74.1,75.4,73.9,72.7,69.0,72.1,71.2,74.1,72.6,75.1,73.1,72.9,74.8,77.2,73.4,71.6,74.3,74.7,71.9,70.4,72.1,72.9,70.9,70.9,65.3,73.7,65.6,72.8,67.8,71.9,72.1,70.7,65.5,69.6,67.5,70.2,69.6,70.1,71.5,72.0,67.9,72.8,69.0,73.1,75.2,74.6,72.8,72.2,73.1,68.8,70.7,71.2,68.7,67.6,75.1,72.6,72.6,68.8,72.4,68.5,74.2,69.3,68.0,71.6,70.6,73.7,72.4,73.5,70.3,69.0,69.1,71.0,71.7,68.6
5113,69.0,65.4,65.7,72.7,75.1,75.7,75.9,73.3,72.0,73.5,71.9,73.1,71.9,73.4,74.6,73.2,71.9,67.1,71.4,70.4,73.2,72.0,74.3,72.1,72.0,73.8,76.4,72.5,70.8,73.4,73.9,71.0,69.5,71.2,71.9,70.3,70.0,64.5,72.5,64.4,71.7,66.9,70.8,70.8,69.4,64.4,68.1,65.8,66.9,68.0,69.1,69.0,70.9,66.9,71.6,67.1,72.0,74.3,72.5,71.4,70.2,71.6,66.5,67.5,69.0,67.0,65.5,74.2,71.8,72.0,67.5,70.9,67.1,73.0,67.3,66.7,70.9,69.7,73.1,71.4,72.6,69.1,68.6,68.4,70.0,71.0,67.9
5114,68.0,64.6,64.9,71.4,74.2,74.9,75.0,72.5,71.3,72.6,71.1,72.4,71.3,72.7,74.0,72.4,71.2,65.3,70.6,69.9,72.4,71.1,73.4,71.3,71.1,73.0,75.6,71.9,70.1,72.7,73.2,70.5,68.7,70.3,71.0,69.6,69.2,63.7,71.4,63.3,70.7,66.2,70.1,69.6,68.2,63.7,66.8,64.3,64.5,66.4,67.9,66.9,69.5,66.0,70.5,64.9,70.8,72.9,70.7,69.8,68.8,70.0,64.6,64.8,66.8,65.1,63.4,73.3,71.2,71.2,66.6,69.6,66.1,71.5,65.2,64.9,70.3,69.0,72.3,70.3,71.6,68.1,67.5,67.6,69.2,70.3,67.0
5115,66.9,64.0,64.2,70.3,73.0,74.2,74.1,71.8,70.7,71.9,70.5,71.7,70.6,72.0,73.3,71.9,70.9,63.7,70.0,69.3,71.8,70.6,72.7,70.5,70.2,72.1,74.8,71.2,69.6,72.1,72.6,69.8,67.9,69.5,70.3,68.8,68.4,62.9,70.5,62.3,69.8,65.4,69.0,68.2,67.3,63.0,65.6,63.0,62.1,64.6,67.0,65.2,68.0,65.1,69.2,63.3,69.6,72.2,69.3,68.3,67.0,68.6,63.0,62.4,64.9,63.1,61.1,72.7,70.7,70.7,65.4,68.4,64.8,70.6,63.0,63.8,69.8,68.3,71.8,69.4,71.0,67.2,66.3,66.9,68.3,69.6,66.5
5116,65.7,63.3,63.5,69.3,72.3,73.4,73.4,71.1,70.2,71.4,69.9,71.1,70.1,71.3,72.5,71.3,70.3,62.3,69.5,68.8,71.2,70.1,72.1,69.8,69.4,71.5,74.3,70.7,69.0,71.5,72.0,69.3,67.4,68.8,69.6,68.1,67.5,62.0,69.8,61.3,69.0,64.9,68.2,67.0,66.4,62.0,64.5,61.6,60.3,63.6,66.2,63.7,66.8,64.5,68.1,61.5,68.6,71.4,67.9,66.6,65.5,67.1,61.7,60.2,63.5,61.1,59.3,72.0,70.1,70.1,64.4,67.6,63.9,69.4,61.4,62.7,69.4,67.8,71.3,68.6,70.1,66.5,64.6,66.4,67.7,69.0,65.9
5117,64.9,62.8,63.0,68.5,71.6,72.8,72.9,70.2,69.5,70.7,69.4,70.7,69.5,70.8,71.8,70.9,69.8,61.5,69.0,68.5,70.7,69.6,71.6,69.2,68.8,70.8,73.6,70.0,68.5,71.1,71.5,68.9,66.9,68.2,69.1,67.6,66.8,61.3,68.8,60.6,68.2,64.4,67.5,66.0,65.6,61.4,63.6,60.5,58.9,62.4,65.4,62.5,65.9,64.0,67.0,60.3,67.5,70.8,66.7,65.0,64.4,65.6,60.7,58.4,62.1,59.1,57.5,71.5,69.6,69.5,63.5,66.7,63.1,68.3,60.2,61.7,69.1,67.4,70.7,68.0,69.2,65.7,63.5,66.1,67.1,68.4,65.3
5118,66.8,63.9,64.8,67.8,71.1,72.3,72.4,70.1,70.0,70.9,70.5,70.7,70.5,70.6,71.4,71.0,69.9,65.5,69.8,69.9,70.6,69.7,71.6,69.0,68.1,70.4,73.4,69.8,69.0,71.2,71.3,69.6,66.6,68.1,68.9,67.5,67.9,62.4,68.1,61.1,68.3,66.3,66.9,66.3,67.0,62.6,63.8,63.3,61.8,61.5,64.8,63.2,65.4,65.9,66.3,63.2,66.9,70.6,65.8,67.1,66.7,64.2,63.8,61.1,62.3,61.9,58.3,71.4,70.1,70.3,63.2,65.9,64.4,68.3,64.2,61.1,70.2,68.6,70.6,67.4,68.7,65.1,62.9,67.8,66.9,68.3,65.6
5119,71.0,68.0,69.1,69.4,72.8,73.8,74.3,72.6,72.8,72.9,73.8,72.9,73.6,72.4,73.6,73.4,72.8,70.7,72.9,72.9,72.9,72.3,74.1,70.9,70.1,72.8,75.0,72.0,71.7,73.7,73.4,72.4,68.6,70.5,70.6,70.2,72.2,66.6,69.8,66.0,70.2,70.8,68.4,70.2,70.5,67.1,67.2,70.0,70.8,66.0,67.9,66.7,69.2,69.2,67.8,68.2,69.6,73.4,67.8,71.7,69.6,66.2,69.5,69.8,64.8,68.7,64.7,73.1,73.2,73.5,66.9,67.6,68.7,72.7,71.5,66.1,73.3,71.7,72.9,69.3,70.6,66.8,67.0,70.6,68.3,70.5,68.4
5120,75.2,71.9,73.2,73.6,75.8,76.5,77.2,75.2,75.9,75.3,76.9,75.7,76.7,74.9,76.7,76.4,75.8,74.1,76.3,76.1,75.9,75.2,77.2,73.7,73.7,75.9,77.0,75.1,74.1,76.6,76.0,75.2,71.4,73.4,73.1,72.8,76.2,70.6,74.0,70.1,72.8,75.0,71.8,73.8,74.4,72.3,70.8,74.7,77.9,72.2,73.0,71.0,74.1,72.9,70.9,73.9,73.7,76.8,71.9,75.8,72.8,70.8,74.2,77.2,68.2,73.6,69.6,75.4,76.3,76.2,71.3,72.2,73.0,77.3,76.9,70.9,76.6,75.0,75.5,72.7,73.9,70.2,72.1,73.5,71.0,73.4,71.6
5121,78.8,75.7,76.8,77.9,79.0,79.3,80.0,78.1,78.7,77.9,79.6,78.6,79.5,77.4,79.5,79.1,78.6,77.6,79.3,79.1,78.7,78.1,80.2,76.7,77.3,79.0,79.4,78.6,76.7,79.5,78.8,78.2,74.4,76.6,75.9,75.7,79.6,74.2,78.1,73.9,75.8,78.4,75.6,77.0,78.3,76.3,74.6,78.5,83.3,77.3,77.1,75.8,78.4,76.6,75.0,78.5,77.9,80.3,75.7,79.7,76.8,75.7,78.2,82.4,72.2,77.7,74.2,77.9,79.2,78.9,75.5,76.6,77.1,80.7,80.9,75.6,79.5,77.8,78.4,76.4,77.5,74.0,75.5,76.2,73.9,76.5,74.8
5122,82.3,79.5,79.6,81.7,82.1,81.9,82.8,81.0,81.0,80.1,82.0,81.2,82.1,79.6,82.2,81.5,81.3,80.9,81.7,81.4,81.1,80.3,82.8,79.4,81.0,81.9,81.7,81.5,79.4,82.0,81.4,80.6,77.1,79.4,78.6,78.2,82.9,77.6,81.7,77.2,78.6,81.3,79.1,80.0,81.9,79.6,78.5,82.0,87.5,81.7,80.4,80.9,82.3,79.6,79.0,82.1,81.3,83.3,79.2,82.6,80.9,80.0,81.7,86.1,76.2,81.6,78.5,80.1,81.5,81.3,79.1,80.5,80.8,83.5,84.3,79.6,81.8,80.0,80.6,79.9,80.8,77.6,78.4,78.5,76.7,79.2,77.5
5123,85.5,82.3,82.0,85.0,84.7,84.5,85.4,83.4,82.9,82.2,84.0,83.0,84.0,81.6,84.6,83.3,83.6,84.1,83.4,83.0,83.5,82.2,84.9,81.7,83.9,84.6,83.5,83.8,81.4,83.8,83.7,82.5,79.7,81.6,80.6,80.2,85.6,80.6,84.9,80.1,81.4,83.7,82.3,83.1,84.9,82.4,82.1,84.9,91.1,85.1,82.8,84.9,85.4,82.3,82.1,85.0,83.9,86.0,82.6,85.1,84.6,83.6,84.7,89.0,80.2,85.0,82.6,81.9,83.4,83.1,81.9,83.8,83.8,86.0,87.2,82.4,83.5,81.7,82.8,83.0,83.3,80.9,81.3,80.2,78.8,81.2,79.7
5124,87.7,84.6,83.9,87.5,86.8,86.8,87.2,85.5,84.6,83.8,85.5,84.6,85.5,83.3,86.6,84.7,85.6,87.0,84.9,84.2,85.3,83.8,86.7,83.8,86.7,87.0,85.3,85.6,82.9,85.5,85.5,84.1,81.4,83.3,82.4,82.1,87.4,82.9,87.2,82.3,83.7,85.5,84.8,85.6,87.4,84.5,85.0,87.0,93.8,87.9,84.4,87.9,87.7,84.5,84.1,87.2,85.7,88.0,85.8,87.0,87.7,86.4,87.4,91.3,84.2,87.5,85.8,83.6,84.9,84.7,83.7,86.3,86.3,88.2,89.6,84.4,84.8,83.0,84.6,85.4,85.4,83.2,83.9,81.6,80.8,82.9,81.5
5125,89.4,85.7,85.3,89.6,88.3,88.3,89.1,87.1,85.7,85.1,86.5,85.7,86.6,84.8,88.3,85.9,87.1,89.3,86.0,85.1,86.9,85.1,88.2,85.3,88.6,88.9,86.5,87.1,84.3,86.7,86.9,85.0,82.9,84.9,83.7,83.4,89.1,84.0,89.0,83.2,85.8,86.7,86.9,87.6,89.2,85.0,87.2,88.5,95.3,89.3,85.0,90.1,88.9,86.3,85.4,88.9,87.2,89.5,88.4,88.5,90.3,88.8,89.7,93.3,87.5,89.1,88.8,84.9,85.8,85.8,85.1,88.7,88.1,90.1,91.8,85.5,85.7,83.8,85.9,87.1,87.2,85.0,86.0,82.4,82.3,84.1,82.7
5126,90.7,86.2,86.0,91.1,89.4,89.6,90.2,88.2,86.5,86.0,87.1,86.3,87.2,85.6,89.4,86.6,87.9,91.2,86.5,85.5,87.6,85.9,89.1,86.4,90.0,89.8,87.4,87.9,85.2,87.4,87.9,85.8,84.0,85.8,84.8,84.4,90.1,84.3,90.3,83.3,87.2,87.0,88.3,88.9,90.6,84.1,88.5,89.1,96.1,89.8,85.5,91.1,89.8,87.4,86.7,90.1,88.3,90.5,90.5,89.5,91.8,90.9,91.6,94.7,90.3,90.4,91.0,85.9,86.4,86.6,85.4,90.1,89.0,91.5,93.2,86.1,86.0,84.1,86.9,88.4,88.3,86.6,87.4,82.6,83.4,85.0,83.9
5127,91.1,85.5,86.4,92.2,90.3,90.2,90.8,88.7,86.7,86.6,87.1,86.9,87.5,85.9,89.9,87.0,88.4,92.2,86.6,85.5,88.4,86.5,89.8,87.0,90.8,90.3,87.9,88.4,85.9,87.6,88.5,86.0,84.6,86.3,85.4,84.9,90.2,83.6,90.7,83.2,87.4,86.5,89.3,89.6,90.7,82.6,88.7,89.2,95.7,90.1,85.7,91.3,89.6,87.7,87.7,90.8,89.1,91.0,92.0,90.4,92.6,92.5,92.7,95.2,91.9,91.1,92.1,86.3,86.6,86.6,85.3,91.1,88.7,92.0,94.0,86.3,85.9,84.3,87.1,89.1,88.8,87.4,88.1,82.3,84.2,85.5,84.5
5128,90.1,83.8,85.6,92.4,90.3,90.2,90.7,89.0,86.4,86.5,86.5,87.1,87.1,85.9,89.6,86.9,88.4,92.6,86.0,85.3,88.3,86.6,89.8,86.8,90.7,90.3,87.9,88.4,85.9,87.6,88.7,85.6,84.6,86.3,85.6,85.1,89.5,82.0,90.4,82.2,86.4,85.3,89.4,89.7,89.6,81.5,88.2,88.4,95.0,89.5,85.3,90.5,89.0,87.0,87.9,91.0,89.4,91.0,92.9,90.4,92.5,93.5,93.1,95.1,92.5,91.3,91.9,86.2,86.4,86.3,84.5,91.1,87.5,91.9,94.1,85.8,85.4,83.9,87.1,88.9,88.9,87.8,88.2,81.6,84.3,85.5,84.5
5129,88.2,82.0,83.6,91.7,89.6,89.5,90.0,88.0,85.5,85.8,85.3,86.4,86.0,85.3,88.9,86.1,87.6,91.9,85.1,84.2,87.8,85.8,88.9,86.2,89.8,89.6,87.3,87.6,85.2,86.7,88.0,84.8,83.9,85.7,85.0,84.4,87.7,80.1,89.6,81.1,85.8,83.2,88.8,88.6,87.8,79.7,86.4,87.3,93.5,88.8,84.4,88.9,87.8,85.2,87.3,90.4,88.9,90.4,92.9,89.9,91.7,93.5,92.8,94.2,91.8,90.3,89.7,85.7,85.6,85.3,82.8,90.7,85.1,91.2,93.0,84.5,84.4,83.1,86.5,88.7,88.3,87.0,87.7,80.3,83.8,84.7,83.7
5130,85.1,79.1,80.1,90.2,88.2,88.1,88.6,86.6,83.6,84.2,83.5,85.1,84.1,84.1,87.4,84.6,86.0,89.8,83.1,82.2,86.2,84.3,87.3,84.7,88.1,88.0,86.1,86.1,83.6,84.9,86.7,82.6,82.4,84.4,83.6,82.9,85.0,77.3,88.0,78.9,83.6,80.2,87.0,86.5,85.0,76.8,84.2,85.2,90.8,87.0,82.7,86.4,86.0,82.0,86.0,88.9,87.7,89.0,92.2,88.3,89.8,92.4,90.8,91.9,89.4,87.8,86.5,84.5,83.7,83.5,80.3,88.6,82.5,89.7,90.9,82.6,82.5,81.5,85.0,87.2,86.9,85.4,86.4,78.5,82.4,83.1,82.3
5131,80.4,75.2,75.1,86.9,85.9,85.8,86.1,83.7,80.4,81.5,80.5,82.7,80.9,81.7,84.5,81.6,82.5,84.7,80.0,78.5,83.3,81.0,84.2,82.1,84.8,84.9,84.1,82.9,80.7,82.3,83.9,79.1,79.6,81.7,81.5,80.3,80.4,73.6,85.2,74.9,81.0,75.8,84.2,83.6,80.7,73.4,81.4,81.1,85.6,84.2,80.5,83.0,83.0,77.0,83.7,85.6,85.4,86.4,90.2,84.6,86.4,89.9,86.6,86.9,85.6,83.1,82.0,82.1,80.8,80.3,77.5,85.4,78.4,87.0,85.6,79.5,78.9,78.3,82.1,84.3,84.0,82.4,83.5,76.1,80.0,80.3,79.4
5132,76.9,71.8,71.8,82.5,82.7,82.8,82.9,79.5,77.3,78.6,77.4,79.7,77.6,78.9,80.9,78.4,77.5,78.0,77.0,75.6,79.6,77.3,80.1,78.1,80.1,80.3,82.1,79.1,76.9,79.2,80.1,75.8,75.8,78.2,78.5,76.6,77.1,70.5,81.3,71.4,78.2,72.6,79.7,79.1,77.2,70.8,77.5,76.8,81.9,78.8,77.3,80.1,79.0,73.3,79.7,81.0,81.0,82.2,86.3,79.3,83.0,84.0,80.5,81.6,81.0,77.4,77.3,79.7,77.5,77.2,74.3,80.2,75.2,82.4,80.8,74.8,76.0,75.1,78.4,79.6,79.6,78.0,74.2,73.9,76.9,77.2,74.7
5133,74.3,69.9,70.0,79.4,80.4,80.8,80.9,77.2,75.9,77.0,75.6,77.5,75.7,77.3,79.0,76.8,75.4,74.4,75.3,74.1,77.3,75.5,78.0,76.2,77.1,77.9,80.4,77.1,74.8,77.4,78.0,74.4,73.7,76.2,76.4,74.1,74.9,68.8,78.4,69.7,76.1,70.9,76.6,76.4,75.1,69.1,75.2,74.0,79.3,74.6,74.4,77.9,76.3,71.4,76.9,77.3,77.5,79.6,82.4,77.3,79.2,78.7,75.5,78.9,77.6,74.3,74.5,78.1,75.8,75.5,72.5,77.2,73.0,79.5,77.6,72.3,74.4,73.3,76.5,76.5,77.2,75.1,70.9,72.4,74.8,75.1,72.2
5134,72.4,68.4,68.5,77.4,78.6,79.1,79.4,75.9,74.6,76.0,74.3,76.1,74.4,75.9,77.5,75.5,74.0,72.3,74.0,73.0,75.8,74.5,76.9,75.0,75.3,76.7,79.2,75.6,73.4,76.2,76.7,73.4,72.2,74.7,74.9,72.8,73.1,67.3,76.6,68.1,74.9,69.5,74.6,74.9,73.4,67.6,73.1,71.4,76.4,72.7,72.5,75.9,74.4,69.8,75.2,74.2,75.3,77.7,79.0,75.3,76.9,76.6,72.5,76.3,75.0,72.4,71.8,76.7,74.6,74.4,71.1,75.2,71.2,77.5,75.0,70.8,73.4,72.1,75.4,74.6,75.7,73.2,70.3,71.2,73.1,73.8,70.6
5135,71.3,67.3,67.2,75.6,77.1,77.9,78.1,74.9,73.5,75.0,73.2,75.1,73.5,74.9,76.4,74.6,73.2,70.6,72.9,72.1,74.7,73.4,75.9,73.9,73.9,75.7,78.1,74.4,72.4,75.1,75.6,72.6,71.2,73.2,73.6,71.9,71.9,66.3,74.9,66.9,73.9,68.5,73.3,73.5,72.0,66.4,71.1,69.3,73.5,71.0,71.0,73.7,73.1,68.7,73.8,71.3,74.0,76.0,76.5,73.9,74.4,74.6,70.3,73.7,72.8,70.5,69.6,75.8,73.6,73.5,69.8,73.4,69.8,75.6,71.6,69.3,72.6,71.2,74.4,73.3,74.4,71.5,69.5,70.2,72.1,72.8,69.4
5136,70.1,66.5,66.1,73.9,75.9,76.7,76.8,74.0,72.6,74.0,72.6,74.0,72.5,74.0,75.4,73.7,72.5,68.9,72.2,71.3,73.9,72.4,75.0,73.0,72.7,74.7,77.1,73.3,71.5,74.2,74.5,71.8,70.2,72.1,72.7,70.8,70.9,65.3,73.6,65.6,72.8,67.6,71.8,71.8,70.6,65.4,69.4,67.2,69.9,69.2,70.1,71.2,71.8,67.7,72.5,69.0,72.8,74.8,74.4,72.7,72.1,72.6,68.8,70.3,70.9,68.5,67.3,74.9,72.6,72.5,68.7,72.1,68.5,74.0,69.0,67.7,71.7,70.5,73.6,72.2,73.4,70.1,68.7,69.2,70.9,71.7,68.4
5137,68.9,65.4,65.6,72.5,74.9,75.7,75.9,73.1,71.9,73.4,71.8,73.1,71.8,73.3,74.5,73.0,71.8,67.0,71.4,70.5,73.1,71.7,74.2,71.9,71.7,73.7,76.2,72.5,70.7,73.3,73.8,71.0,69.4,71.1,71.7,70.1,70.0,64.4,72.3,64.4,71.7,66.8,70.6,70.5,69.3,64.4,67.9,65.4,66.7,67.7,69.0,68.9,70.7,66.7,71.3,67.0,71.7,73.9,72.4,71.2,70.2,71.3,66.6,67.3,68.7,66.8,65.2,74.1,71.9,71.9,67.4,70.7,67.0,72.7,67.0,66.4,71.0,69.5,72.9,71.2,72.5,68.9,68.1,68.4,69.9,70.9,67.7
5138,67.9,64.5,64.7,71.2,74.0,74.8,74.9,72.3,71.2,72.5,71.0,72.3,71.1,72.6,73.9,72.2,71.1,65.3,70.7,70.0,72.3,70.9,73.3,71.1,70.9,72.9,75.5,71.9,70.0,72.6,73.1,70.5,68.6,70.1,70.9,69.4,69.2,63.6,71.3,63.2,70.7,66.0,69.8,69.3,68.1,63.7,66.6,63.9,64.2,65.9,67.8,66.7,69.3,65.8,70.2,64.8,70.5,72.5,70.6,69.6,68.8,69.7,64.7,64.5,66.6,64.9,63.1,73.2,71.2,71.1,66.4,69.4,66.0,71.2,64.9,64.6,70.4,68.8,72.2,70.1,71.5,67.9,67.1,67.6,69.1,70.2,66.9
5139,66.7,63.9,64.0,70.1,72.9,74.1,74.1,71.6,70.6,71.8,70.4,71.6,70.4,71.9,73.3,71.7,70.7,63.7,70.0,69.5,71.7,70.4,72.7,70.4,69.9,72.0,74.7,71.1,69.4,72.0,72.5,69.8,67.7,69.3,70.2,68.7,68.3,62.7,70.3,62.1,69.7,65.3,68.9,67.9,67.2,63.0,65.3,62.6,61.8,64.2,66.9,65.0,67.8,65.0,69.0,63.2,69.2,71.8,69.1,68.2,67.1,68.3,63.0,62.1,64.6,62.9,60.9,72.6,70.8,70.6,65.2,68.3,64.7,70.2,62.7,63.5,69.8,68.1,71.7,69.1,70.8,67.1,65.9,66.9,68.2,69.4,66.3
5140,65.5,63.2,63.3,69.1,72.1,73.3,73.3,71.0,70.1,71.3,69.8,71.0,69.9,71.3,72.4,71.2,70.2,62.2,69.5,69.0,71.1,69.9,72.1,69.6,69.2,71.3,74.1,70.6,68.9,71.4,71.8,69.3,67.2,68.6,69.4,68.0,67.5,61.9,69.7,61.2,68.9,64.8,68.0,66.8,66.3,61.9,64.2,61.3,60.0,63.3,66.1,63.5,66.6,64.4,67.9,61.4,68.2,71.1,67.8,66.4,65.6,66.9,61.7,59.9,63.2,61.0,59.1,71.9,70.1,70.0,64.2,67.5,63.8,69.1,61.0,62.3,69.4,67.6,71.1,68.4,69.9,66.4,64.2,66.5,67.6,68.8,65.8
5141,64.6,62.7,62.9,68.2,71.4,72.7,72.8,70.0,69.5,70.6,69.3,70.6,69.4,70.7,71.7,70.7,69.6,61.4,69.0,68.7,70.5,69.5,71.5,69.0,68.5,70.6,73.5,69.9,68.3,71.0,71.4,68.8,66.7,68.0,68.9,67.5,66.8,61.2,68.7,60.4,68.1,64.3,67.2,65.8,65.4,61.3,63.2,60.1,58.5,62.1,65.3,62.2,65.7,63.9,66.8,60.2,67.2,70.5,66.6,64.8,64.4,65.3,60.7,58.1,61.8,58.9,57.3,71.4,69.5,69.4,63.3,66.5,62.9,68.0,59.9,61.3,69.1,67.3,70.5,67.8,69.2,65.6,63.2,66.2,67.0,68.2,65.3
5142,66.4,63.8,64.6,67.6,71.0,72.2,72.3,69.9,70.0,70.8,70.4,70.6,70.3,70.4,71.3,70.9,69.7,65.2,69.7,70.0,70.5,69.6,71.5,68.8,67.9,70.2,73.3,69.7,68.8,71.1,71.1,69.5,66.4,67.9,68.8,67.4,67.8,62.3,68.0,60.9,68.1,66.2,66.7,66.0,66.7,62.5,63.4,62.9,61.1,61.2,64.7,63.0,65.1,65.7,66.1,63.0,66.7,70.2,65.6,66.7,66.6,64.0,63.6,60.6,61.9,61.6,57.9,71.3,70.1,70.2,63.0,65.8,64.3,67.8,63.8,60.8,70.2,68.4,70.4,67.3,68.5,65.1,62.5,67.8,66.7,68.1,65.5
5143,70.7,67.8,68.8,69.2,72.7,73.6,74.1,72.4,72.7,72.8,73.7,72.8,73.5,72.3,73.4,73.2,72.7,70.4,72.8,72.9,72.7,72.1,74.0,70.8,69.9,72.6,74.8,71.9,71.6,73.6,73.2,72.3,68.4,70.3,70.4,70.0,72.1,66.5,69.7,65.9,70.1,70.7,68.2,69.9,70.3,66.9,66.9,69.7,70.5,65.7,67.7,66.5,68.9,69.0,67.5,68.0,69.3,73.1,67.6,71.3,69.4,65.9,69.3,69.5,64.4,68.4,64.3,73.0,73.2,73.5,66.7,67.4,68.6,72.4,71.2,65.8,73.2,71.6,72.7,69.1,70.4,66.7,66.6,70.6,68.1,70.3,68.2
5144,74.9,71.8,72.9,73.5,75.7,76.4,77.0,75.1,75.9,75.2,76.8,75.6,76.7,74.8,76.5,76.3,75.7,73.9,76.2,76.1,75.8,75.1,77.1,73.5,73.5,75.7,76.9,75.0,73.9,76.4,75.9,75.1,71.2,73.2,72.9,72.7,76.2,70.5,73.9,70.0,72.7,74.9,71.7,73.5,74.1,72.1,70.6,74.5,77.6,71.9,72.9,70.8,73.9,72.7,70.6,73.6,73.4,76.5,71.7,75.4,72.7,70.5,73.9,76.9,67.8,73.3,69.2,75.4,76.2,76.2,71.0,72.0,72.8,77.2,76.7,70.7,76.5,74.9,75.4,72.4,73.7,70.0,71.7,73.5,70.7,73.3,71.4
5145,78.5,75.5,76.4,77.8,78.9,79.1,79.8,78.1,78.7,77.9,79.6,78.5,79.5,77.4,79.3,79.0,78.6,77.4,79.3,79.0,78.7,78.0,80.1,76.5,77.2,78.8,79.4,78.4,76.6,79.3,78.7,78.0,74.2,76.4,75.7,75.4,79.6,74.1,78.0,73.9,75.7,78.3,75.4,76.8,78.0,76.0,74.5,78.4,83.0,77.3,77.1,75.6,78.1,76.2,74.7,78.2,77.6,80.1,75.4,79.3,76.6,75.4,77.9,82.1,71.8,77.4,73.8,77.8,79.1,78.9,75.3,76.4,77.0,80.6,80.6,75.4,79.4,77.7,78.2,76.1,77.2,73.8,75.0,76.2,73.6,76.3,74.5
5146,82.1,79.4,79.3,81.5,82.0,81.8,82.6,81.0,81.0,80.1,81.9,81.0,82.0,79.6,82.1,81.4,81.3,80.6,81.7,81.3,81.1,80.2,82.6,79.2,80.8,81.7,81.7,81.3,79.3,81.7,81.4,80.4,76.8,79.2,78.5,78.0,82.8,77.5,81.5,77.2,78.6,81.2,78.9,79.9,81.7,79.4,78.5,81.9,87.3,81.6,80.5,80.7,82.1,79.2,78.6,81.7,81.0,83.1,79.0,82.2,80.7,79.6,81.5,85.9,75.9,81.3,78.1,80.1,81.4,81.3,78.9,80.3,80.7,83.5,84.0,79.4,81.8,80.0,80.6,79.5,80.5,77.3,78.0,78.4,76.4,79.1,77.3
5147,85.2,82.1,81.7,84.7,84.4,84.3,85.2,83.4,82.9,82.2,83.9,82.9,83.9,81.6,84.4,83.2,83.6,83.9,83.4,82.9,83.5,82.1,84.8,81.5,83.7,84.3,83.5,83.7,81.2,83.5,83.7,82.3,79.4,81.4,80.5,80.1,85.6,80.5,84.7,80.2,81.3,83.6,82.0,83.0,84.6,82.1,82.1,84.8,90.9,84.9,82.9,84.7,85.3,82.0,81.8,84.6,83.6,85.8,82.4,84.7,84.4,83.4,84.5,88.8,79.9,84.6,82.1,82.0,83.3,83.1,81.7,83.6,83.7,86.0,87.0,82.3,83.5,81.6,82.7,82.5,83.0,80.6,81.0,80.1,78.6,81.1,79.5
5148,87.4,84.4,83.6,87.2,86.5,86.6,87.0,85.4,84.5,83.8,85.4,84.4,85.3,83.4,86.4,84.7,85.6,86.7,84.8,84.1,85.2,83.8,86.6,83.5,86.4,86.7,85.3,85.5,82.7,85.3,85.5,83.9,81.2,83.1,82.3,81.9,87.4,82.8,87.1,82.4,83.7,85.4,84.4,85.5,87.2,84.2,85.0,86.9,93.6,87.7,84.4,87.7,87.6,84.2,83.8,86.9,85.5,87.8,85.6,86.6,87.5,86.1,87.1,91.1,83.8,87.1,85.4,83.7,84.8,84.6,83.6,86.2,86.1,88.3,89.5,84.4,84.8,83.0,84.5,85.0,85.1,82.9,83.6,81.5,80.5,82.7,81.3
5149,89.0,85.7,85.0,89.3,88.0,88.0,88.8,86.9,85.7,85.1,86.3,85.6,86.5,84.8,88.0,86.0,87.0,89.0,85.8,85.0,86.8,85.1,88.0,85.0,88.3,88.6,86.5,86.9,84.1,86.5,86.9,84.9,82.7,84.7,83.6,83.3,89.0,83.9,88.9,83.3,85.8,86.6,86.6,87.6,89.0,84.8,87.2,88.3,95.1,89.2,85.2,89.8,88.8,86.0,85.2,88.5,87.0,89.4,88.2,88.2,90.0,88.5,89.4,93.1,87.0,88.8,88.3,84.9,85.6,85.5,85.0,88.5,88.0,90.2,91.7,85.5,85.7,83.7,85.8,86.6,86.8,84.6,85.9,82.3,82.0,83.9,82.6
5150,90.4,86.1,85.8,90.8,89.2,89.3,89.9,88.0,86.5,85.9,86.9,86.3,87.0,85.5,89.1,86.6,87.8,90.8,86.3,85.4,87.5,86.0,88.9,86.1,89.8,89.5,87.3,87.7,85.1,87.3,87.8,85.8,83.8,85.7,84.7,84.3,90.0,84.1,90.2,83.6,87.2,86.9,88.1,88.9,90.4,84.0,88.4,89.0,95.9,90.0,85.6,91.0,89.6,87.1,86.5,89.8,88.1,90.3,90.3,89.2,91.5,90.5,91.4,94.5,89.9,90.0,90.5,85.8,86.3,86.4,85.4,89.9,88.8,91.5,93.0,86.3,85.9,84.1,86.8,87.9,87.9,86.3,87.3,82.4,83.1,84.8,83.8
5151,90.9,85.3,86.1,91.9,90.0,89.8,90.4,88.5,86.7,86.4,87.0,86.8,87.5,85.8,89.6,87.0,88.3,91.9,86.5,85.3,88.1,86.3,89.6,86.7,90.6,90.0,87.8,88.2,85.7,87.6,88.4,86.0,84.3,86.2,85.3,84.8,90.1,83.6,90.5,83.4,87.5,86.5,89.1,89.6,90.5,82.5,88.7,89.1,95.7,90.3,85.8,91.1,89.4,87.5,87.4,90.5,88.9,90.8,91.8,90.0,92.3,92.2,92.4,95.0,91.4,90.7,91.6,86.1,86.6,86.4,85.2,90.8,88.4,92.0,93.9,86.5,86.0,84.3,87.0,88.6,88.5,87.0,88.0,82.2,83.9,85.4,84.3
5152,89.9,83.7,85.4,92.2,90.0,89.9,90.3,88.8,86.4,86.3,86.4,87.0,86.9,85.7,89.4,86.8,88.1,92.2,86.0,85.2,88.1,86.4,89.4,86.6,90.3,90.0,87.7,88.0,85.7,87.6,88.4,85.7,84.4,86.2,85.4,85.0,89.3,81.8,90.1,82.5,86.6,85.3,89.2,89.7,89.5,81.3,88.1,88.5,95.0,89.7,85.3,90.3,88.9,86.7,87.7,90.6,89.2,90.9,92.6,90.1,92.1,93.2,92.8,95.0,92.0,90.9,91.4,86.1,86.4,86.1,84.4,90.9,87.4,92.0,94.0,85.9,85.5,83.8,86.9,88.7,88.6,87.5,88.1,81.5,84.0,85.5,84.4
5153,87.9,81.8,83.4,91.4,89.3,89.1,89.6,87.8,85.3,85.6,85.2,86.3,85.7,85.1,88.6,85.9,87.3,91.5,85.0,84.2,87.6,85.5,88.5,86.0,89.3,89.2,87.1,87.3,85.1,86.7,87.7,84.8,83.7,85.6,84.9,84.2,87.3,79.9,89.2,81.3,85.9,83.1,88.7,88.7,87.6,79.7,86.4,87.2,93.4,88.9,84.4,88.6,87.7,85.0,87.2,90.0,88.7,90.4,92.7,89.5,91.3,93.3,92.5,93.9,91.3,89.8,89.3,85.5,85.7,85.1,82.8,90.4,85.0,91.2,93.0,84.6,84.5,83.0,86.3,88.5,88.0,86.7,87.6,80.2,83.5,84.5,83.5
5154,84.7,79.0,80.0,89.8,87.9,87.7,88.2,86.3,83.5,84.1,83.3,85.0,83.9,83.9,87.0,84.5,85.9,89.4,83.0,82.2,85.9,84.1,86.9,84.5,87.9,87.6,86.0,85.8,83.4,85.0,86.5,82.5,82.2,84.2,83.4,82.7,84.7,77.1,87.6,79.1,83.7,80.1,86.8,86.6,84.8,76.9,84.2,85.1,90.7,87.4,82.7,86.1,86.0,81.8,85.9,88.5,87.6,89.0,92.0,87.9,89.4,92.2,90.4,91.7,88.9,87.3,86.1,84.3,83.8,83.2,80.5,88.3,82.3,89.7,90.7,82.8,82.5,81.4,84.7,87.1,86.6,85.2,86.2,78.3,82.1,83.0,82.1
5155,80.0,75.0,74.9,86.5,85.5,85.4,85.7,83.4,80.2,81.3,80.2,82.6,80.7,81.5,84.1,81.5,82.3,84.3,79.8,78.4,83.1,80.8,83.9,81.8,84.6,84.5,84.0,82.6,80.5,82.2,83.7,79.0,79.4,81.5,81.4,80.1,80.2,73.3,84.9,75.0,81.2,75.5,84.1,83.5,80.4,73.3,81.4,80.9,85.4,84.5,80.5,82.8,82.9,76.7,83.5,85.1,85.2,86.3,90.0,84.1,85.9,89.5,86.1,86.7,85.2,82.7,81.6,82.0,80.7,80.0,77.7,85.0,78.2,87.0,85.4,79.7,78.7,78.1,81.9,84.1,83.6,82.2,83.2,75.9,79.8,80.1,79.1
5156,76.5,71.7,71.6,82.2,82.4,82.5,82.6,79.3,77.2,78.5,77.1,79.5,77.2,78.7,80.6,78.3,77.3,77.6,76.8,75.5,79.4,77.2,79.8,77.9,79.9,80.0,82.0,78.9,76.7,79.1,79.9,75.7,75.5,78.1,78.3,76.4,77.0,70.4,81.0,71.5,78.5,72.4,79.5,79.0,77.0,70.6,77.5,76.5,81.8,78.9,77.1,79.9,78.9,73.1,79.5,80.6,80.8,82.1,86.0,78.9,82.6,83.6,80.1,81.4,80.5,76.9,76.9,79.5,77.4,76.9,74.5,79.8,75.0,82.4,80.6,74.9,75.8,74.9,78.2,79.3,79.2,77.8,73.9,73.7,76.6,77.0,74.5
5157,74.0,69.8,69.9,79.1,80.2,80.5,80.7,77.0,75.7,76.8,75.3,77.4,75.4,77.2,78.8,76.6,75.3,74.1,75.1,74.1,77.1,75.3,77.9,76.0,76.9,77.7,80.3,76.8,74.7,77.4,77.8,74.3,73.5,76.0,76.2,74.0,74.9,68.7,78.2,69.8,76.3,70.7,76.4,76.2,75.0,68.9,75.2,73.7,79.1,74.7,74.4,77.7,76.2,71.2,76.7,76.9,77.3,79.5,82.2,77.0,78.8,78.4,75.3,78.7,77.2,73.9,74.1,77.9,75.6,75.3,72.6,76.8,72.7,79.3,77.4,72.3,74.2,73.1,76.3,76.3,76.9,74.9,70.7,72.2,74.6,74.9,71.9
5158,72.3,68.2,68.4,77.1,78.4,78.9,79.2,75.7,74.5,75.8,74.0,76.0,74.1,75.9,77.3,75.3,73.8,72.0,73.8,72.9,75.6,74.3,76.8,74.8,75.1,76.5,79.1,75.4,73.3,76.2,76.6,73.4,71.9,74.5,74.7,72.6,73.0,67.3,76.3,68.2,75.2,69.3,74.5,74.7,73.2,67.4,73.0,71.2,76.3,72.8,72.4,75.7,74.3,69.7,75.0,73.8,75.1,77.6,78.8,75.0,76.6,76.2,72.3,76.2,74.6,72.0,71.4,76.6,74.4,74.2,71.2,74.9,71.0,77.3,74.7,70.8,73.2,71.9,75.2,74.4,75.4,73.0,70.1,71.0,72.9,73.6,70.3
5159,71.2,67.2,67.1,75.4,77.0,77.7,77.9,74.6,73.4,74.9,72.9,74.9,73.2,74.8,76.1,74.4,73.0,70.3,72.7,72.0,74.6,73.2,75.7,73.7,73.7,75.5,78.0,74.2,72.3,75.1,75.3,72.5,70.9,73.0,73.4,71.6,71.8,66.3,74.7,66.8,74.1,68.3,73.2,73.3,71.9,66.2,71.0,68.9,73.2,71.1,70.9,73.6,73.0,68.6,73.6,71.0,73.8,75.8,76.3,73.5,74.1,74.2,70.0,73.5,72.4,70.1,69.2,75.7,73.4,73.2,69.8,73.1,69.5,75.3,71.4,69.3,72.4,71.0,74.3,73.0,74.1,71.4,69.3,70.0,71.9,72.6,69.2
5160,70.0,66.5,66.0,73.6,75.7,76.5,76.6,73.8,72.5,73.9,72.2,73.8,72.3,73.9,75.1,73.5,72.4,68.5,71.9,71.2,73.8,72.3,74.9,72.7,72.5,74.5,77.0,73.1,71.3,74.1,74.3,71.7,70.1,71.8,72.4,70.5,70.8,65.2,73.4,65.5,72.9,67.5,71.7,71.7,70.4,65.2,69.3,66.8,69.6,69.2,69.9,71.1,71.8,67.7,72.3,68.7,72.6,74.6,74.3,72.4,71.8,72.2,68.5,70.0,70.5,68.2,67.0,74.8,72.4,72.3,68.6,71.9,68.2,73.8,68.7,67.8,71.5,70.3,73.4,71.8,73.2,70.0,68.4,69.0,70.8,71.5,68.2
5161,68.7,65.5,65.4,72.4,74.8,75.5,75.7,72.8,71.8,73.2,71.4,72.9,71.5,73.2,74.3,72.8,71.7,66.7,71.2,70.4,72.9,71.6,74.1,71.7,71.5,73.4,76.1,72.2,70.5,73.2,73.5,70.8,69.3,70.9,71.5,69.8,69.9,64.4,72.1,64.3,71.8,66.7,70.5,70.4,69.1,64.2,67.7,65.1,66.4,67.7,68.8,68.7,70.6,66.6,71.2,66.8,71.5,73.8,72.2,70.8,70.0,70.9,66.3,67.1,68.3,66.6,64.9,73.9,71.7,71.7,67.3,70.5,66.8,72.5,66.7,66.3,70.7,69.3,72.8,70.9,72.3,68.8,67.8,68.2,69.8,70.7,67.5
5162,67.8,64.5,64.6,71.0,73.8,74.6,74.8,72.1,71.1,72.3,70.6,72.1,70.8,72.5,73.7,72.0,71.0,64.9,70.4,69.9,72.1,70.8,73.2,70.9,70.7,72.7,75.3,71.6,69.8,72.6,72.8,70.4,68.4,69.9,70.7,69.1,69.2,63.6,71.1,63.1,70.8,65.9,69.7,69.2,67.9,63.6,66.4,63.5,63.8,65.9,67.7,66.6,69.1,65.7,70.0,64.6,70.3,72.4,70.4,69.3,68.5,69.3,64.5,64.3,66.2,64.6,62.8,73.1,71.1,70.9,66.3,69.2,65.7,71.0,64.6,64.6,70.1,68.5,72.1,69.8,71.2,67.8,66.8,67.4,69.0,70.0,66.6
5163,66.4,63.9,63.9,69.9,72.6,73.9,73.9,71.3,70.5,71.7,70.1,71.4,70.1,71.8,73.0,71.5,70.5,63.4,69.7,69.3,71.5,70.3,72.6,70.1,69.8,71.9,74.6,70.9,69.3,71.9,72.3,69.7,67.6,69.1,69.9,68.5,68.3,62.7,70.1,62.0,69.8,65.2,68.7,67.8,67.0,62.8,65.2,62.2,61.3,64.2,66.7,64.9,67.7,64.9,68.7,63.0,69.0,71.7,68.9,67.9,66.9,67.9,62.8,61.9,64.3,62.6,60.6,72.5,70.6,70.3,65.1,68.1,64.5,70.0,62.4,63.5,69.5,67.9,71.6,68.9,70.5,67.0,65.6,66.8,68.1,69.3,66.1
5164,65.2,63.2,63.2,69.0,71.9,73.1,73.2,70.7,69.9,71.1,69.4,70.8,69.6,71.1,72.2,71.0,70.0,61.9,69.2,68.8,70.8,69.8,71.9,69.4,69.0,71.1,74.0,70.4,68.8,71.4,71.5,69.2,67.1,68.4,69.2,67.7,67.5,61.8,69.4,61.1,69.0,64.8,67.9,66.7,66.1,61.8,64.0,60.8,59.6,63.1,66.0,63.4,66.4,64.3,67.7,61.2,68.0,70.9,67.6,66.2,65.4,66.5,61.5,59.7,62.9,60.7,58.8,71.8,70.0,69.7,64.2,67.3,63.5,69.0,60.8,62.2,69.1,67.4,71.0,68.3,69.7,66.3,63.9,66.3,67.5,68.6,65.6
5165,64.3,62.6,62.8,68.1,71.1,72.5,72.6,69.8,69.3,70.5,69.0,70.4,69.1,70.5,71.5,70.5,69.4,61.2,68.7,68.4,70.3,69.3,71.4,68.8,68.3,70.4,73.3,69.7,68.2,71.0,71.1,68.7,66.6,67.7,68.8,67.3,66.8,61.2,68.5,60.3,68.2,64.2,67.1,65.6,65.3,61.2,63.0,59.7,58.0,62.0,65.1,62.1,65.5,63.8,66.6,60.0,67.0,70.3,66.4,64.6,64.1,65.0,60.5,57.9,61.5,58.8,57.0,71.3,69.5,69.1,63.2,66.4,62.7,67.8,59.5,61.2,68.8,67.0,70.4,67.7,68.9,65.4,62.9,66.0,66.8,68.0,65.1
5166,66.1,63.7,64.5,67.5,70.8,72.0,72.2,69.6,69.7,70.6,70.1,70.3,70.0,70.3,71.1,70.7,69.5,64.8,69.4,69.8,70.2,69.4,71.3,68.6,67.7,70.0,73.2,69.4,68.7,71.1,70.9,69.4,66.3,67.6,68.6,67.2,67.7,62.2,67.9,60.8,68.1,66.1,66.6,65.8,66.5,62.3,63.1,62.5,60.6,60.9,64.5,62.8,64.9,65.6,65.9,62.7,66.5,70.0,65.4,66.4,66.3,63.6,63.2,60.3,61.6,61.3,57.6,71.1,70.0,69.9,62.8,65.7,64.0,67.6,63.4,60.7,69.9,68.2,70.3,67.1,68.2,64.9,62.2,67.6,66.6,67.9,65.3
5167,70.4,67.8,68.7,69.1,72.4,73.5,74.0,72.1,72.6,72.7,73.5,72.6,73.3,72.2,73.2,73.0,72.4,70.0,72.5,72.7,72.5,71.9,73.9,70.5,69.7,72.4,74.7,71.7,71.4,73.5,73.0,72.2,68.3,70.1,70.3,69.8,72.0,66.4,69.5,65.8,70.1,70.6,68.1,69.7,70.0,66.8,66.7,69.4,70.2,65.7,67.5,66.3,68.8,69.0,67.3,67.6,69.1,73.0,67.4,71.0,69.1,65.5,69.0,69.2,64.1,68.1,64.0,72.9,73.0,73.2,66.5,67.3,68.5,72.2,70.9,65.6,73.0,71.3,72.6,68.9,70.1,66.5,66.4,70.4,68.1,70.1,68.0
5168,74.7,71.8,72.9,73.4,75.5,76.2,76.9,74.8,75.7,75.1,76.6,75.4,76.5,74.7,76.3,76.1,75.5,73.5,76.0,75.9,75.6,74.9,77.0,73.4,73.4,75.5,76.7,74.8,73.8,76.4,75.7,75.0,71.2,73.1,72.8,72.4,76.0,70.5,73.8,70.0,72.8,74.8,71.5,73.4,73.9,72.0,70.5,74.3,77.3,72.0,72.7,70.6,73.7,72.7,70.4,73.2,73.2,76.5,71.5,75.1,72.4,70.1,73.6,76.7,67.6,73.0,68.9,75.2,76.0,76.0,71.0,71.9,72.8,77.1,76.4,70.8,76.3,74.7,75.3,72.3,73.4,69.9,71.5,73.3,70.7,73.1,71.2
5169,78.5,75.6,76.3,77.6,78.7,79.0,79.7,78.0,78.6,77.8,79.5,78.3,79.3,77.2,79.1,78.9,78.4,77.0,79.0,78.9,78.6,77.8,80.0,76.4,77.1,78.7,79.3,78.3,76.6,79.2,78.5,77.9,74.2,76.2,75.6,75.3,79.5,74.2,77.9,73.9,75.8,78.3,75.3,76.7,77.9,76.0,74.4,78.2,82.8,77.3,77.0,75.4,78.0,76.3,74.6,77.8,77.4,80.1,75.2,79.0,76.3,75.0,77.6,81.9,71.5,77.0,73.5,77.7,79.0,78.7,75.2,76.3,77.0,80.6,80.4,75.5,79.2,77.6,78.1,75.9,77.0,73.8,74.8,76.0,73.6,76.2,74.4
5170,82.0,79.5,79.3,81.5,81.9,81.7,82.5,81.0,80.9,80.0,81.9,80.8,81.9,79.5,81.9,81.3,81.3,80.2,81.5,81.2,81.0,80.1,82.6,79.1,80.8,81.6,81.6,81.3,79.2,81.6,81.3,80.3,76.9,79.1,78.4,77.9,82.8,77.6,81.4,77.2,78.8,81.1,78.9,79.8,81.6,79.5,78.4,81.7,87.1,81.6,80.3,80.5,82.0,79.3,78.6,81.4,80.9,83.1,78.9,81.9,80.4,79.3,81.2,85.7,75.6,81.0,77.8,80.0,81.2,81.2,78.8,80.2,80.7,83.5,83.9,79.4,81.6,79.9,80.4,79.4,80.3,77.3,77.9,78.1,76.4,79.0,77.2
5171,85.1,82.2,81.7,84.6,84.4,84.3,85.0,83.4,82.8,82.1,83.8,82.7,83.7,81.6,84.3,83.1,83.6,83.5,83.3,82.8,83.4,82.0,84.7,81.5,83.8,84.3,83.4,83.6,81.2,83.5,83.6,82.1,79.5,81.4,80.4,80.0,85.6,80.6,84.6,80.2,81.5,83.5,82.0,82.8,84.7,82.2,82.0,84.6,90.7,84.9,82.7,84.5,85.2,82.0,81.8,84.3,83.6,85.8,82.2,84.4,84.1,83.0,84.2,88.6,79.6,84.3,81.8,81.9,83.2,83.0,81.6,83.6,83.8,86.0,86.8,82.2,83.3,81.6,82.7,82.4,82.9,80.6,80.9,79.9,78.6,81.1,79.5
5172,87.4,84.5,83.5,87.1,86.5,86.5,86.9,85.4,84.5,83.8,85.3,84.3,85.2,83.3,86.3,84.6,85.5,86.4,84.7,84.1,85.2,83.7,86.5,83.5,86.4,86.6,85.3,85.5,82.7,85.2,85.5,83.7,81.3,83.2,82.3,81.9,87.5,82.8,87.1,82.5,83.9,85.4,84.4,85.3,87.3,84.2,84.9,86.7,93.4,87.6,84.3,87.4,87.6,84.3,83.9,86.5,85.6,87.8,85.5,86.3,87.2,85.7,86.9,90.9,83.5,86.9,85.1,83.6,84.7,84.5,83.5,86.1,86.1,88.2,89.3,84.3,84.6,83.0,84.4,84.8,85.0,83.0,83.5,81.3,80.6,82.7,81.3
5173,89.1,85.6,85.0,89.2,88.0,87.9,88.8,86.8,85.6,85.1,86.2,85.5,86.4,84.7,87.9,86.0,86.9,88.7,85.8,84.9,86.8,85.1,87.9,85.0,88.3,88.5,86.5,86.8,84.1,86.4,86.9,84.7,82.8,84.7,83.6,83.3,89.0,84.0,88.9,83.4,86.0,86.6,86.5,87.5,89.1,84.9,87.1,88.2,94.9,89.2,85.0,89.6,88.8,86.1,85.2,88.3,87.0,89.4,88.0,87.9,89.7,88.2,89.1,92.9,86.8,88.6,88.0,84.9,85.5,85.6,84.9,88.4,88.0,90.1,91.5,85.4,85.5,83.7,85.8,86.5,86.7,84.7,85.7,82.1,82.0,83.9,82.6
5174,90.4,86.1,85.8,90.8,89.2,89.3,89.7,88.0,86.5,85.9,86.9,86.2,86.9,85.5,89.0,86.6,87.9,90.5,86.3,85.3,87.5,85.9,88.8,86.1,89.8,89.5,87.3,87.7,85.1,87.3,87.8,85.7,83.8,85.6,84.7,84.3,90.1,84.2,90.2,83.8,87.3,86.8,88.1,88.9,90.5,83.9,88.3,88.9,95.7,90.0,85.5,90.6,89.5,87.2,86.5,89.5,88.1,90.4,90.1,88.9,91.3,90.2,91.1,94.2,89.6,89.8,90.2,85.8,86.1,86.3,85.4,89.8,88.9,91.4,92.8,86.2,85.8,84.1,86.7,87.8,87.9,86.3,87.1,82.2,83.1,84.8,83.8
5175,90.9,85.4,86.1,91.9,89.9,89.8,90.4,88.5,86.7,86.4,87.0,86.8,87.4,85.8,89.5,86.9,88.3,91.6,86.5,85.3,88.1,86.3,89.5,86.7,90.6,90.0,87.8,88.1,85.6,87.5,88.4,85.9,84.3,86.1,85.4,84.8,90.0,83.6,90.5,83.5,87.6,86.5,89.1,89.7,90.7,82.5,88.6,88.9,95.4,90.2,85.8,90.8,89.3,87.6,87.4,90.2,89.0,90.8,91.5,89.8,92.0,91.9,92.1,94.6,91.2,90.5,91.3,86.0,86.5,86.4,85.1,90.6,88.5,92.0,93.6,86.4,85.9,84.3,86.9,88.6,88.4,87.1,87.9,82.0,83.9,85.3,84.2
5176,90.1,83.8,85.3,92.1,90.0,89.9,90.3,88.8,86.4,86.3,86.4,86.9,86.9,85.7,89.3,86.8,88.2,91.9,86.0,85.1,88.1,86.3,89.4,86.6,90.3,89.9,87.7,88.0,85.7,87.5,88.5,85.6,84.3,86.2,85.4,84.9,89.3,81.9,90.1,82.6,86.6,85.4,89.2,89.8,89.6,81.5,88.1,88.4,94.8,89.6,85.2,90.0,88.7,86.8,87.7,90.4,89.2,90.9,92.3,89.9,91.9,92.8,92.6,94.6,91.7,90.7,91.1,86.0,86.3,86.1,84.4,90.8,87.5,91.9,93.7,85.8,85.4,83.9,86.8,88.7,88.5,87.5,87.9,81.3,84.0,85.3,84.3
5177,88.1,81.9,83.2,91.3,89.3,89.1,89.6,87.8,85.4,85.6,85.3,86.3,85.7,85.1,88.6,85.8,87.3,91.2,85.0,84.0,87.6,85.5,88.6,86.0,89.5,89.3,87.1,87.2,85.1,86.7,87.7,84.8,83.6,85.6,84.9,84.2,87.3,80.0,89.2,81.4,86.0,83.1,88.7,88.7,87.8,79.9,86.4,87.2,93.2,89.0,84.4,88.3,87.6,84.9,87.1,89.7,88.6,90.3,92.4,89.3,91.1,93.0,92.2,93.6,91.0,89.6,89.0,85.4,85.6,85.0,82.8,90.3,85.1,91.2,92.6,84.7,84.5,82.9,86.2,88.5,88.0,86.8,87.3,80.0,83.5,84.4,83.5
5178,84.8,79.0,79.9,89.7,87.9,87.7,88.1,86.2,83.4,84.0,83.3,84.9,83.9,83.9,87.0,84.4,85.8,89.1,83.0,82.0,86.0,84.0,86.9,84.4,87.9,87.6,85.9,85.7,83.4,85.0,86.5,82.5,82.2,84.1,83.4,82.7,84.6,77.3,87.6,79.3,83.9,80.1,86.9,86.6,84.9,77.1,84.2,85.0,90.4,87.3,82.7,85.8,86.0,81.7,85.8,88.2,87.4,89.0,91.7,87.6,89.2,91.8,90.1,91.3,88.7,87.1,86.0,84.2,83.8,83.2,80.5,88.3,82.4,89.6,90.4,82.8,82.5,81.3,84.6,87.1,86.6,85.2,85.9,78.1,82.1,82.9,81.9
5179,79.9,75.0,74.6,86.5,85.6,85.4,85.7,83.4,80.1,81.3,80.1,82.5,80.6,81.4,84.1,81.3,82.1,83.9,79.8,78.3,83.0,80.7,83.9,81.6,84.7,84.5,83.8,82.5,80.5,82.1,83.6,78.9,79.3,81.4,81.3,80.0,80.1,73.4,84.9,75.0,81.3,75.4,84.2,83.4,80.6,73.4,81.4,80.7,85.1,84.4,80.4,82.4,83.1,76.5,83.4,84.8,85.1,86.3,89.7,83.8,85.7,89.0,85.7,86.2,84.9,82.4,81.4,81.9,80.6,79.9,77.7,84.9,78.3,87.0,85.0,79.6,78.6,77.9,81.8,84.2,83.6,82.1,82.9,75.7,79.7,80.0,79.0
5180,76.5,71.6,71.4,82.1,82.3,82.5,82.6,79.3,77.2,78.5,76.9,79.4,77.1,78.7,80.5,78.1,77.2,77.3,76.7,75.4,79.3,77.1,79.7,77.7,79.9,79.9,81.9,78.8,76.7,79.1,79.8,75.7,75.4,78.0,78.2,76.2,76.8,70.4,81.0,71.6,78.6,72.3,79.5,78.8,77.1,70.6,77.4,76.2,81.5,78.7,77.1,79.5,78.9,72.9,79.4,80.3,80.6,82.0,85.6,78.6,82.3,83.2,79.8,81.1,80.3,76.6,76.7,79.4,77.3,76.8,74.6,79.7,75.0,82.3,80.3,74.6,75.7,74.6,78.1,79.3,79.1,77.7,73.6,73.5,76.6,76.9,74.3
5181,74.0,69.7,69.8,79.0,80.1,80.5,80.6,76.9,75.7,76.8,75.2,77.3,75.3,77.2,78.7,76.5,75.2,73.9,75.0,74.0,77.1,75.2,77.9,75.9,76.9,77.5,80.3,76.7,74.7,77.4,77.6,74.3,73.4,76.0,76.1,73.8,74.7,68.8,78.2,69.9,76.4,70.7,76.5,76.1,75.0,68.9,75.1,73.5,78.8,74.5,74.3,77.4,76.2,71.1,76.6,76.7,77.1,79.5,81.8,76.7,78.6,78.0,75.2,78.4,77.0,73.7,73.9,77.8,75.5,75.2,72.7,76.8,72.8,79.2,77.2,72.2,74.1,72.9,76.4,76.2,76.8,74.9,70.5,71.9,74.6,74.9,71.8
5182,72.3,68.2,68.2,77.0,78.3,78.9,79.1,75.6,74.4,75.9,73.9,75.8,74.0,75.8,77.1,75.1,73.8,71.8,73.7,72.8,75.6,74.2,76.7,74.7,75.1,76.3,79.0,75.3,73.4,76.1,76.5,73.3,71.8,74.4,74.7,72.5,72.9,67.3,76.3,68.2,75.2,69.3,74.5,74.6,73.3,67.5,72.9,70.9,76.0,72.7,72.4,75.4,74.2,69.6,75.0,73.6,75.1,77.5,78.5,74.7,76.4,75.9,72.1,75.8,74.5,71.8,71.1,76.5,74.3,74.1,71.3,74.8,70.9,77.2,74.4,70.6,73.0,71.7,75.3,74.2,75.3,72.8,69.9,70.8,72.9,73.5,70.3
5183,71.2,67.2,67.0,75.3,76.9,77.6,77.8,74.5,73.3,74.8,72.8,74.8,73.1,74.8,76.0,74.2,73.0,70.1,72.6,71.8,74.5,73.1,75.6,73.6,73.7,75.4,77.9,74.0,72.3,75.0,75.2,72.5,70.9,72.9,73.4,71.5,71.7,66.2,74.6,66.9,74.2,68.3,73.2,73.2,72.0,66.3,70.8,68.6,73.0,71.1,70.9,73.3,73.0,68.5,73.6,70.8,73.7,75.7,76.1,73.2,73.9,73.8,69.9,73.2,72.2,69.8,69.0,75.6,73.3,73.1,69.8,73.0,69.4,75.3,71.1,69.1,72.2,70.8,74.2,73.0,74.0,71.3,69.1,69.8,71.9,72.5,69.1
5184,70.0,66.4,66.0,73.6,75.5,76.4,76.5,73.6,72.4,73.9,72.1,73.7,72.1,73.9,75.0,73.4,72.3,68.3,71.8,71.0,73.6,72.2,74.8,72.6,72.5,74.3,76.9,72.9,71.3,74.0,74.1,71.8,70.0,71.8,72.4,70.4,70.7,65.2,73.4,65.6,73.0,67.5,71.7,71.6,70.5,65.3,69.2,66.5,69.2,69.2,69.9,70.8,71.7,67.6,72.2,68.5,72.4,74.5,74.1,72.1,71.7,71.8,68.3,69.7,70.3,68.1,66.7,74.7,72.3,72.2,68.6,71.7,68.2,73.8,68.4,67.7,71.3,70.0,73.4,71.8,73.1,69.9,68.3,68.8,70.7,71.4,68.1
5185,68.7,65.4,65.4,72.3,74.6,75.4,75.6,72.7,71.7,73.2,71.3,72.8,71.4,73.1,74.2,72.7,71.5,66.5,71.1,70.3,72.8,71.5,73.9,71.6,71.5,73.3,76.1,72.1,70.5,73.1,73.4,70.9,69.1,70.8,71.4,69.7,69.9,64.4,72.0,64.4,71.8,66.7,70.5,70.3,69.2,64.2,67.6,64.8,66.0,67.7,68.7,68.4,70.6,66.5,71.1,66.6,71.4,73.7,72.1,70.6,69.9,70.4,66.2,66.9,68.0,66.5,64.6,73.8,71.6,71.5,67.3,70.4,66.7,72.5,66.4,66.2,70.6,69.1,72.7,70.7,72.2,68.7,67.6,68.0,69.7,70.6,67.4
5186,67.8,64.4,64.6,71.0,73.6,74.6,74.7,71.8,71.1,72.2,70.5,72.0,70.7,72.4,73.5,71.9,70.8,64.7,70.3,69.7,72.0,70.8,73.0,70.7,70.7,72.6,75.3,71.5,69.8,72.5,72.7,70.3,68.3,69.9,70.7,69.0,69.1,63.5,71.0,63.1,70.9,65.9,69.7,69.2,68.0,63.7,66.3,63.2,63.5,65.7,67.6,66.3,69.0,65.6,69.9,64.5,70.2,72.3,70.3,69.1,68.4,68.8,64.5,64.0,65.9,64.5,62.5,73.0,71.0,70.7,66.2,69.1,65.7,71.0,64.3,64.5,70.0,68.4,72.0,69.7,71.1,67.7,66.7,67.2,68.9,69.8,66.5
5187,66.4,63.8,63.9,70.0,72.5,73.8,73.9,71.0,70.5,71.6,69.9,71.2,69.9,71.7,72.9,71.4,70.4,63.2,69.6,69.1,71.4,70.2,72.4,69.9,69.8,71.7,74.5,70.8,69.3,71.8,72.1,69.7,67.5,69.0,69.9,68.4,68.3,62.6,70.0,62.0,69.8,65.2,68.6,67.8,67.0,62.9,65.1,61.9,61.0,64.1,66.6,64.6,67.5,64.8,68.6,62.9,69.0,71.7,68.7,67.8,66.8,67.4,62.9,61.6,64.0,62.6,60.4,72.4,70.5,70.2,65.0,68.0,64.5,69.9,62.2,63.3,69.4,67.7,71.4,68.7,70.4,66.8,65.4,66.6,68.1,69.2,66.0
5188,65.2,63.2,63.2,68.9,71.7,73.0,73.1,70.4,69.8,71.1,69.3,70.7,69.5,71.0,72.0,70.8,69.8,61.9,69.1,68.6,70.7,69.7,71.8,69.2,68.9,70.9,73.9,70.3,68.7,71.3,71.4,69.1,67.0,68.3,69.2,67.6,67.5,61.7,69.4,61.0,69.1,64.8,67.8,66.7,66.0,61.9,63.9,60.6,59.3,63.0,65.9,63.1,66.3,64.1,67.6,61.2,67.9,70.8,67.5,66.1,65.4,66.0,61.6,59.5,62.7,60.7,58.6,71.7,69.8,69.6,64.0,67.2,63.5,68.9,60.6,62.0,69.0,67.4,70.9,68.1,69.6,66.1,63.7,66.1,67.4,68.5,65.5
5189,64.3,62.6,62.9,68.1,71.0,72.4,72.5,69.6,69.3,70.5,68.8,70.2,69.0,70.5,71.4,70.4,69.3,61.0,68.6,68.3,70.1,69.2,71.3,68.6,68.2,70.2,73.2,69.6,68.2,70.9,70.9,68.7,66.5,67.6,68.8,67.3,66.7,61.2,68.5,60.2,68.2,64.3,66.9,65.5,65.2,61.2,62.9,59.4,57.8,61.8,65.0,61.8,65.3,63.7,66.5,59.9,66.9,70.2,66.3,64.5,64.2,64.6,60.5,57.7,61.3,58.8,56.8,71.2,69.4,69.0,63.0,66.3,62.7,67.6,59.3,61.0,68.6,66.9,70.3,67.5,68.8,65.4,62.8,65.8,66.8,67.9,65.0
5190,66.1,63.6,64.5,67.5,70.6,71.9,72.0,69.3,69.7,70.5,69.9,70.2,69.9,70.2,70.9,70.5,69.3,64.5,69.3,69.6,70.0,69.3,71.1,68.4,67.6,69.8,73.0,69.3,68.6,71.0,70.7,69.4,66.2,67.5,68.6,67.1,67.7,62.2,68.0,60.7,68.1,66.0,66.5,65.7,66.4,62.2,63.0,62.2,60.0,60.7,64.4,62.5,64.8,65.5,65.8,62.5,66.3,69.9,65.3,66.2,66.3,63.2,63.0,59.9,61.4,61.2,57.3,71.0,69.9,69.7,62.7,65.5,63.9,67.5,63.2,60.5,69.6,68.0,70.2,66.9,68.1,64.9,62.0,67.4,66.5,67.8,65.2
5191,70.4,67.8,68.6,69.1,72.3,73.3,73.8,71.9,72.4,72.6,73.3,72.4,73.1,72.0,73.0,72.9,72.3,69.8,72.4,72.6,72.3,71.8,73.7,70.3,69.6,72.2,74.6,71.5,71.4,73.4,72.8,72.2,68.2,69.9,70.2,69.7,71.9,66.5,69.5,65.8,70.1,70.7,67.9,69.6,69.9,66.8,66.6,69.1,69.8,65.5,67.4,66.0,68.6,68.9,67.2,67.4,68.9,72.9,67.2,70.7,69.0,65.0,68.8,68.8,63.8,67.8,63.6,72.7,72.9,73.1,66.4,67.1,68.4,72.1,70.6,65.4,72.9,71.2,72.4,68.7,70.0,66.4,66.2,70.2,68.0,70.0,67.9
5192,74.7,71.9,72.9,73.4,75.4,76.0,76.7,74.7,75.6,75.0,76.5,75.2,76.4,74.6,76.1,76.0,75.4,73.3,75.8,75.8,75.4,74.8,76.8,73.3,73.2,75.4,76.7,74.7,73.7,76.3,75.6,75.0,71.1,73.0,72.8,72.3,76.0,70.6,73.8,70.0,72.8,75.0,71.4,73.3,73.9,72.1,70.4,74.1,77.0,71.8,72.6,70.3,73.6,72.7,70.3,73.1,73.0,76.3,71.3,74.9,72.2,69.8,73.4,76.4,67.3,72.7,68.6,75.1,76.0,75.9,70.9,71.8,72.7,77.1,76.1,70.6,76.3,74.6,75.2,72.2,73.3,69.8,71.4,73.0,70.7,72.9,71.1
5193,78.6,75.8,76.3,77.7,78.7,78.9,79.5,77.9,78.4,77.7,79.4,78.2,79.2,77.2,79.0,78.8,78.4,76.8,78.9,78.9,78.5,77.7,80.0,76.4,77.0,78.6,79.3,78.2,76.5,79.2,78.5,77.9,74.3,76.2,75.6,75.3,79.5,74.4,77.9,73.9,75.9,78.4,75.3,76.7,78.0,76.1,74.4,78.1,82.4,77.2,77.0,75.1,77.9,76.4,74.4,77.6,77.3,79.9,75.0,78.8,76.1,74.7,77.4,81.6,71.3,76.8,73.3,77.7,79.0,78.7,75.2,76.4,77.0,80.6,80.2,75.5,79.2,77.5,78.1,75.9,77.0,73.8,74.8,75.7,73.7,76.0,74.4
5194,82.1,79.7,79.3,81.5,81.9,81.6,82.3,81.0,80.7,80.0,81.7,80.7,81.8,79.4,81.8,81.2,81.2,80.0,81.4,81.1,81.0,80.0,82.6,79.2,80.7,81.6,81.5,81.2,79.2,81.5,81.3,80.3,77.0,79.2,78.4,77.9,82.8,77.8,81.5,77.3,78.8,81.4,78.8,79.8,81.6,79.5,78.4,81.5,86.8,81.5,80.3,80.2,81.9,79.4,78.5,81.2,80.8,83.0,78.7,81.6,80.0,78.9,81.0,85.4,75.3,80.7,77.6,80.0,81.3,81.1,78.8,80.2,80.7,83.6,83.6,79.3,81.6,79.8,80.4,79.4,80.3,77.4,77.7,77.8,76.6,78.9,77.2
5195,85.2,82.4,81.8,84.7,84.4,84.1,84.9,83.5,82.7,82.1,83.7,82.5,83.6,81.5,84.2,83.0,83.6,83.2,83.2,82.8,83.4,82.0,84.7,81.5,83.7,84.2,83.4,83.6,81.2,83.4,83.7,82.1,79.7,81.5,80.5,80.1,85.5,80.9,84.6,80.3,81.6,83.7,82.0,82.8,84.8,82.3,82.0,84.5,90.5,84.9,82.7,84.3,85.2,82.1,81.8,84.0,83.6,85.8,82.1,84.2,83.8,82.7,84.0,88.3,79.4,84.1,81.6,81.8,83.2,82.9,81.6,83.6,83.8,86.0,86.6,82.0,83.3,81.6,82.7,82.4,82.9,80.7,80.8,79.6,78.8,81.0,79.5
5196,87.5,84.7,83.7,87.2,86.4,86.3,86.8,85.4,84.3,83.7,85.1,84.2,85.1,83.3,86.2,84.5,85.5,86.2,84.6,84.0,85.3,83.6,86.5,83.6,86.4,86.5,85.3,85.4,82.7,85.1,85.6,83.7,81.6,83.3,82.4,82.0,87.5,83.1,87.1,82.6,83.9,85.5,84.4,85.3,87.4,84.3,85.0,86.6,93.2,87.5,84.3,87.2,87.5,84.4,83.8,86.3,85.5,87.8,85.3,86.2,86.9,85.4,86.7,90.6,83.3,86.6,84.9,83.6,84.7,84.5,83.6,86.1,86.2,88.2,89.1,84.2,84.5,83.0,84.4,84.8,85.0,83.0,83.4,81.0,80.8,82.7,81.4
5197,89.2,85.8,85.1,89.2,88.0,87.8,88.6,86.9,85.4,85.1,86.0,85.4,86.1,84.8,87.8,85.9,87.0,88.6,85.6,84.9,86.9,85.0,87.9,85.2,88.2,88.3,86.5,86.7,84.1,86.3,87.0,84.7,83.0,84.8,83.8,83.4,89.0,84.2,88.9,83.7,86.1,86.7,86.6,87.4,89.2,84.9,87.1,88.0,94.8,89.2,84.9,89.3,88.7,86.3,85.2,88.1,86.9,89.3,87.7,87.7,89.4,87.8,89.0,92.6,86.6,88.3,87.7,84.9,85.5,85.4,85.1,88.4,88.1,90.1,91.2,85.2,85.5,83.7,85.8,86.6,86.8,84.8,85.6,81.7,82.3,84.0,82.7
5198,90.6,86.2,85.9,90.8,89.2,89.2,89.6,88.0,86.4,85.9,86.7,86.1,86.8,85.6,88.9,86.5,88.0,90.4,86.0,85.4,87.7,85.9,88.8,86.2,89.8,89.4,87.4,87.7,85.2,87.2,88.0,85.6,84.1,85.8,84.9,84.4,90.1,84.4,90.1,84.0,87.4,87.0,88.1,88.8,90.6,84.0,88.2,88.8,95.6,89.8,85.3,90.4,89.2,87.4,86.5,89.3,88.1,90.3,89.8,88.7,90.9,89.9,90.9,93.9,89.4,89.5,89.9,85.8,86.2,86.2,85.5,89.8,89.0,91.3,92.5,85.9,85.7,84.1,86.7,88.0,87.9,86.5,87.0,81.9,83.4,84.9,83.9
5199,91.1,85.7,86.1,91.9,90.0,89.7,90.3,88.6,86.6,86.5,86.8,86.6,87.3,85.9,89.4,86.9,88.4,91.4,86.3,85.3,88.3,86.3,89.6,86.9,90.7,90.0,87.9,88.2,85.6,87.5,88.5,85.8,84.5,86.3,85.5,84.9,89.9,83.8,90.4,83.7,87.8,86.7,89.2,89.7,90.8,82.8,88.6,88.8,95.5,90.2,85.5,90.6,89.1,87.8,87.4,90.0,88.9,90.8,91.1,89.5,91.6,91.6,91.9,94.4,90.8,90.2,90.9,86.1,86.6,86.3,85.2,90.5,88.6,92.0,93.4,86.2,85.8,84.3,87.0,88.7,88.5,87.5,87.8,81.7,84.2,85.5,84.3
5200,90.2,84.0,85.5,91.9,89.9,89.8,90.2,88.8,86.3,86.4,86.3,86.7,86.8,85.8,89.3,86.7,88.3,91.7,86.0,85.0,88.2,86.3,89.5,86.7,90.3,90.0,87.8,88.1,85.7,87.4,88.6,85.6,84.6,86.4,85.5,85.0,89.2,82.2,89.9,82.9,86.8,85.7,89.4,89.7,89.7,81.9,88.2,88.3,94.8,89.5,85.1,89.8,88.7,87.0,87.6,90.2,89.1,90.8,92.0,89.7,91.5,92.5,92.3,94.3,91.5,90.3,90.8,86.1,86.3,86.0,84.4,90.7,87.6,92.0,93.5,85.6,85.3,83.9,87.0,88.9,88.6,87.8,87.8,81.1,84.3,85.4,84.4
5201,88.2,82.1,83.4,91.2,89.2,89.1,89.6,87.8,85.3,85.7,85.2,86.2,85.7,85.2,88.5,85.9,87.3,91.0,84.9,84.0,87.6,85.5,88.7,86.1,89.5,89.2,87.2,87.3,85.1,86.7,87.8,84.7,83.8,85.7,84.9,84.2,87.2,80.2,89.2,81.7,86.3,83.5,88.8,88.7,87.9,80.4,86.5,87.1,93.2,88.8,84.5,88.1,87.6,84.9,87.1,89.5,88.6,90.4,92.1,89.1,90.7,92.7,91.9,93.3,90.8,89.3,88.8,85.5,85.5,85.0,82.9,90.1,85.4,91.3,92.5,84.6,84.3,82.9,86.2,88.7,88.1,87.1,87.2,79.8,83.7,84.5,83.6
5202,84.8,79.3,80.2,89.7,87.9,87.7,88.0,86.3,83.3,84.1,83.1,84.8,83.9,83.9,87.0,84.4,85.8,88.9,83.0,81.9,85.9,84.0,87.0,84.6,87.9,87.6,85.9,85.7,83.5,85.0,86.5,82.4,82.3,84.3,83.5,82.7,84.5,77.5,87.6,79.4,84.1,80.3,87.0,86.7,85.2,77.5,84.5,84.9,90.4,87.2,82.8,85.7,86.0,81.6,85.7,87.9,87.4,88.9,91.4,87.3,88.7,91.6,89.9,91.1,88.4,86.7,85.7,84.3,83.6,83.1,80.5,88.2,82.7,89.7,90.2,82.6,82.4,81.2,84.6,87.3,86.7,85.5,85.7,77.9,82.3,82.9,82.0
5203,79.8,75.1,74.6,86.5,85.6,85.4,85.6,83.4,80.1,81.3,79.9,82.3,80.4,81.4,84.0,81.3,82.0,83.6,79.7,78.2,83.0,80.7,83.9,81.7,84.6,84.5,83.8,82.4,80.4,82.1,83.6,78.8,79.5,81.4,81.3,80.0,80.0,73.5,84.9,75.1,81.5,75.6,84.2,83.5,80.6,73.7,81.5,80.6,85.0,84.4,80.5,82.2,83.1,76.4,83.3,84.5,85.0,86.2,89.3,83.4,85.3,88.6,85.4,86.0,84.6,82.0,81.0,81.8,80.5,79.7,77.6,84.9,78.5,87.1,84.7,79.4,78.4,77.7,81.7,84.4,83.5,82.3,82.6,75.5,79.9,80.0,79.0
5204,76.4,71.6,71.4,82.0,82.3,82.4,82.6,79.2,77.1,78.5,76.6,79.2,76.9,78.7,80.4,78.1,77.0,77.1,76.5,75.4,79.3,77.0,79.8,77.7,79.8,79.7,81.9,78.6,76.6,79.0,79.7,75.5,75.4,78.0,78.3,76.1,76.7,70.3,80.9,71.6,78.7,72.4,79.5,78.9,77.2,70.9,77.6,75.9,81.5,78.7,77.1,79.3,78.9,72.8,79.3,80.0,80.5,81.8,85.2,78.3,82.0,82.7,79.5,80.8,80.0,76.3,76.4,79.4,77.2,76.6,74.5,79.7,75.2,82.3,80.0,74.5,75.5,74.5,78.1,79.3,79.0,77.8,73.3,73.3,76.8,76.8,74.3
5205,73.9,69.7,69.8,79.0,80.1,80.4,80.5,76.8,75.6,76.8,74.9,77.1,75.1,77.2,78.6,76.4,75.1,73.7,74.8,73.9,77.0,75.1,77.9,75.9,76.8,77.3,80.2,76.7,74.5,77.3,77.6,74.1,73.4,76.0,76.2,73.7,74.7,68.8,78.2,69.9,76.5,70.7,76.4,76.0,75.0,69.1,75.2,73.3,78.8,74.4,74.2,77.3,76.2,71.1,76.5,76.5,77.0,79.3,81.5,76.4,78.2,77.7,75.0,78.2,76.7,73.4,73.6,77.8,75.4,75.0,72.7,76.8,72.9,79.2,76.9,72.1,73.9,72.7,76.3,76.2,76.7,74.9,70.4,71.8,74.7,74.8,71.8
5206,72.2,68.2,68.2,77.0,78.2,78.8,79.0,75.5,74.3,75.7,73.6,75.6,73.8,75.8,77.0,75.0,73.7,71.6,73.5,72.8,75.5,74.1,76.7,74.7,75.0,76.1,78.9,75.2,73.2,76.0,76.4,73.2,71.9,74.4,74.6,72.4,72.8,67.3,76.3,68.2,75.3,69.3,74.4,74.6,73.3,67.6,72.9,70.7,76.0,72.6,72.4,75.2,74.2,69.6,74.9,73.5,75.0,77.5,78.2,74.5,76.1,75.5,72.0,75.6,74.2,71.5,70.9,76.5,74.3,73.9,71.3,74.8,70.9,77.2,74.2,70.5,72.8,71.6,75.2,74.2,75.2,72.8,69.9,70.6,73.0,73.4,70.2
5207,71.2,67.3,67.0,75.3,76.8,77.5,77.6,74.4,73.1,74.7,72.6,74.6,72.9,74.7,75.8,74.1,72.9,70.0,72.5,71.8,74.4,73.0,75.6,73.6,73.6,75.2,77.8,73.9,72.1,74.9,75.2,72.5,70.9,72.9,73.5,71.4,71.7,66.3,74.6,66.9,74.2,68.2,73.1,73.1,71.9,66.5,70.8,68.4,72.8,70.8,70.8,73.1,72.9,68.5,73.6,70.7,73.6,75.7,75.8,73.1,73.7,73.5,69.8,72.9,71.9,69.6,68.7,75.5,73.3,73.0,69.9,72.9,69.3,75.3,70.9,68.9,72.1,70.6,74.2,73.0,74.0,71.2,69.2,69.6,71.9,72.4,69.0
5208,69.9,66.5,66.1,73.6,75.5,76.3,76.4,73.6,72.3,73.8,71.9,73.5,71.9,73.8,74.9,73.2,72.1,68.2,71.6,71.0,73.5,72.0,74.6,72.7,72.4,74.2,76.8,72.8,71.1,73.9,74.1,71.7,70.0,71.8,72.4,70.4,70.6,65.3,73.3,65.6,73.1,67.5,71.6,71.6,70.5,65.4,69.2,66.2,69.0,69.0,69.7,70.6,71.6,67.5,72.2,68.3,72.4,74.5,73.8,72.0,71.5,71.6,68.2,69.4,70.0,67.9,66.5,74.6,72.2,72.0,68.6,71.6,68.1,73.9,68.1,67.5,71.2,69.9,73.4,71.8,73.2,69.9,68.2,68.7,70.7,71.3,68.1
5209,68.5,65.5,65.4,72.3,74.5,75.3,75.4,72.6,71.6,73.0,71.1,72.6,71.2,72.9,74.0,72.5,71.4,66.5,71.0,70.2,72.7,71.3,73.8,71.6,71.4,73.2,76.0,72.1,70.4,73.1,73.4,70.8,69.2,70.8,71.5,69.7,69.8,64.5,71.9,64.3,71.9,66.6,70.4,70.4,69.1,64.2,67.5,64.6,65.7,67.5,68.5,68.1,70.5,66.5,71.0,66.5,71.3,73.6,71.9,70.5,69.8,70.2,66.1,66.6,67.8,66.3,64.3,73.8,71.5,71.3,67.2,70.2,66.6,72.5,66.0,66.1,70.5,69.0,72.6,70.8,72.2,68.6,67.5,67.8,69.7,70.5,67.4
5210,67.6,64.4,64.6,71.0,73.5,74.4,74.5,71.8,70.9,72.1,70.3,71.8,70.4,72.2,73.3,71.7,70.6,64.7,70.2,69.7,71.8,70.6,72.9,70.7,70.6,72.5,75.2,71.4,69.7,72.4,72.6,70.3,68.4,69.9,70.7,69.0,69.0,63.6,70.9,63.0,70.9,65.9,69.6,69.2,67.8,63.6,66.2,62.9,63.2,65.5,67.4,66.1,68.9,65.6,69.8,64.4,70.2,72.2,70.0,69.0,68.3,68.6,64.5,63.8,65.7,64.3,62.2,72.9,70.9,70.6,66.2,69.0,65.6,71.1,64.0,64.4,69.9,68.2,71.9,69.7,71.1,67.6,66.6,67.1,68.9,69.8,66.6
5211,66.2,63.8,63.9,69.9,72.5,73.7,73.7,70.9,70.3,71.5,69.8,71.1,69.7,71.6,72.7,71.2,70.2,63.2,69.5,69.1,71.2,70.1,72.3,69.9,69.7,71.5,74.5,70.7,69.1,71.7,72.1,69.6,67.6,69.0,69.9,68.4,68.3,62.7,70.0,61.9,69.8,65.2,68.6,67.8,66.9,62.8,65.0,61.6,60.8,64.0,66.5,64.3,67.5,64.8,68.5,62.9,68.9,71.6,68.5,67.7,66.7,67.1,62.8,61.4,63.8,62.4,60.1,72.3,70.4,70.1,64.9,67.8,64.3,69.9,61.9,63.1,69.3,67.5,71.3,68.7,70.4,66.8,65.3,66.4,68.1,69.1,66.1
5212,65.1,63.2,63.1,68.8,71.6,72.9,72.9,70.3,69.7,71.0,69.1,70.4,69.3,70.9,71.8,70.7,69.7,61.8,69.0,68.6,70.5,69.6,71.6,69.2,68.9,70.9,73.9,70.2,68.6,71.2,71.3,68.9,67.1,68.3,69.3,67.6,67.4,61.8,69.3,60.9,69.0,64.8,67.8,66.7,65.8,61.8,63.9,60.3,59.0,62.9,65.7,62.9,66.1,64.1,67.6,61.1,67.8,70.8,67.3,66.0,65.3,65.7,61.5,59.3,62.5,60.5,58.3,71.6,69.7,69.4,63.9,67.1,63.4,68.9,60.4,61.6,68.9,67.1,70.8,68.1,69.6,66.1,63.8,65.9,67.5,68.4,65.6
5213,64.1,62.5,62.7,68.0,70.9,72.2,72.3,69.5,69.1,70.4,68.6,70.0,68.8,70.3,71.2,70.3,69.2,60.9,68.4,68.2,70.0,69.1,71.1,68.6,68.2,70.2,73.2,69.5,68.1,70.7,70.8,68.5,66.5,67.7,68.8,67.2,66.7,61.1,68.5,60.1,68.2,64.3,66.9,65.5,65.0,61.1,62.8,59.1,57.5,61.5,64.9,61.6,65.2,63.6,66.5,59.8,66.8,70.2,66.1,64.4,64.1,64.3,60.4,57.5,61.1,58.6,56.7,71.1,69.2,68.8,62.8,66.2,62.6,67.6,59.1,60.7,68.5,66.7,70.2,67.4,68.8,65.3,62.9,65.5,66.8,67.8,65.0
5214,65.9,63.6,64.3,67.5,70.5,71.8,71.8,69.2,69.5,70.4,69.6,69.9,69.7,70.1,70.7,70.3,69.2,64.2,69.1,69.5,69.8,69.1,70.9,68.4,67.6,69.7,72.9,69.2,68.4,70.8,70.6,69.2,66.1,67.5,68.6,67.1,67.6,62.0,67.9,60.5,68.1,66.0,66.4,65.6,66.2,62.2,62.9,61.8,59.6,60.4,64.3,62.2,64.7,65.4,65.7,62.3,66.2,69.9,65.2,66.0,66.1,62.9,62.8,59.6,61.1,61.0,57.0,70.9,69.7,69.5,62.6,65.5,63.7,67.4,62.8,60.2,69.4,67.8,70.1,66.9,68.1,64.7,62.0,67.1,66.5,67.7,65.2
5215,70.3,67.8,68.6,69.0,72.2,73.2,73.7,71.8,72.3,72.5,73.1,72.1,72.9,72.0,72.8,72.8,72.1,69.5,72.2,72.4,72.2,71.7,73.6,70.4,69.5,72.2,74.6,71.4,71.3,73.2,72.8,72.1,68.3,70.0,70.3,69.7,71.9,66.5,69.4,65.8,70.1,70.7,67.9,69.6,69.8,66.7,66.5,68.9,69.6,65.2,67.2,65.7,68.5,68.8,67.2,67.1,68.8,72.8,67.0,70.5,68.8,64.7,68.6,68.4,63.5,67.5,63.3,72.7,72.8,72.9,66.2,67.0,68.2,72.1,70.4,65.2,72.6,71.1,72.3,68.7,70.0,66.3,66.0,70.0,68.0,69.9,67.8
5216,74.8,72.0,72.9,73.4,75.4,75.9,76.6,74.7,75.6,75.1,76.3,75.1,76.3,74.6,76.0,76.0,75.3,73.0,75.7,75.6,75.4,74.7,76.7,73.4,73.3,75.4,76.7,74.7,73.7,76.2,75.6,74.9,71.2,73.0,72.8,72.4,75.9,70.7,73.6,70.1,72.9,75.0,71.4,73.3,73.8,72.1,70.3,73.9,76.8,71.6,72.5,70.0,73.4,72.6,70.2,72.8,72.9,76.2,71.0,74.6,71.9,69.4,73.2,76.1,67.0,72.4,68.3,75.1,75.9,75.7,70.8,71.7,72.7,77.1,75.9,70.5,76.0,74.6,75.2,72.1,73.4,69.7,71.2,72.9,70.8,73.0,71.0
5217,78.6,75.9,76.5,77.8,78.8,78.8,79.5,78.1,78.4,77.9,79.3,78.1,79.2,77.2,79.0,78.8,78.5,76.5,78.8,78.8,78.6,77.7,80.0,76.6,77.1,78.7,79.4,78.2,76.6,79.1,78.6,77.8,74.3,76.4,75.6,75.4,79.4,74.5,77.8,74.0,75.9,78.5,75.3,76.7,78.0,76.2,74.4,77.9,82.3,77.0,76.9,74.9,77.8,76.4,74.3,77.3,77.2,79.9,74.7,78.5,75.7,74.4,77.1,81.4,71.0,76.6,73.0,77.7,78.9,78.6,75.1,76.5,77.1,80.7,79.9,75.4,79.0,77.6,78.1,76.0,77.1,73.8,74.5,75.5,73.8,76.2,74.3
5218,82.2,79.9,79.5,81.7,82.0,81.6,82.4,81.3,80.8,80.2,81.7,80.7,81.8,79.5,81.9,81.3,81.4,79.7,81.3,81.1,81.1,80.1,82.5,79.4,80.9,81.8,81.7,81.3,79.4,81.5,81.5,80.2,77.2,79.3,78.4,78.0,82.7,78.0,81.5,77.4,78.9,81.5,79.0,79.8,81.7,79.7,78.4,81.5,86.7,81.5,80.1,80.0,81.9,79.5,78.5,80.9,80.9,83.0,78.4,81.4,79.7,78.6,80.7,85.1,75.0,80.5,77.3,80.1,81.2,81.2,78.8,80.3,80.8,83.5,83.4,79.3,81.6,79.9,80.5,79.5,80.4,77.4,77.5,77.6,76.7,79.1,77.2
5219,85.4,82.5,82.0,85.0,84.6,84.2,84.9,83.8,82.7,82.3,83.7,82.5,83.7,81.7,84.3,83.0,83.8,83.0,83.1,82.7,83.6,82.0,84.7,81.8,83.9,84.4,83.6,83.6,81.3,83.3,83.9,82.0,79.8,81.7,80.5,80.3,85.6,81.0,84.7,80.4,81.7,83.8,82.1,82.9,84.9,82.5,82.0,84.4,90.4,84.9,82.6,84.1,85.1,82.3,81.9,83.8,83.6,85.8,81.8,83.9,83.4,82.4,83.7,88.1,79.1,83.9,81.3,82.0,83.2,83.0,81.6,83.7,83.9,86.0,86.4,81.9,83.2,81.6,82.8,82.5,83.1,80.8,80.6,79.3,79.0,81.2,79.5
5220,87.7,84.9,83.8,87.4,86.7,86.4,86.9,85.9,84.4,84.0,85.1,84.2,85.1,83.4,86.2,84.6,85.7,86.0,84.6,84.0,85.5,83.7,86.5,83.9,86.5,86.6,85.5,85.5,83.0,85.0,85.8,83.6,81.8,83.5,82.6,82.2,87.6,83.2,87.1,82.7,84.0,85.7,84.6,85.4,87.5,84.5,85.0,86.5,93.1,87.4,84.2,87.0,87.4,84.6,83.9,86.1,85.5,87.8,85.0,85.9,86.5,85.2,86.4,90.4,83.0,86.3,84.6,83.7,84.7,84.5,83.6,86.2,86.2,88.2,88.9,84.1,84.4,83.0,84.6,85.0,85.2,83.2,83.1,80.7,81.0,82.9,81.4
5221,89.5,86.0,85.3,89.5,88.3,87.8,88.6,87.3,85.5,85.3,86.0,85.4,86.2,84.9,87.8,85.9,87.3,88.3,85.6,84.9,87.1,85.1,87.9,85.5,88.3,88.4,86.8,86.9,84.4,86.2,87.3,84.7,83.2,85.0,83.9,83.6,89.1,84.4,88.9,83.9,86.2,86.8,86.8,87.4,89.4,85.1,87.1,87.9,94.8,89.2,84.8,89.1,88.6,86.5,85.2,87.8,86.9,89.4,87.4,87.4,88.9,87.6,88.8,92.4,86.3,88.1,87.4,85.0,85.5,85.5,85.1,88.4,88.2,90.0,91.0,85.3,85.5,83.7,85.9,86.8,86.9,85.0,85.3,81.4,82.5,84.3,82.8
5222,90.8,86.3,86.1,91.0,89.5,89.3,89.8,88.3,86.5,86.2,86.7,86.2,86.8,85.7,88.9,86.6,88.2,90.1,86.0,85.4,87.9,86.0,88.8,86.5,89.8,89.6,87.7,87.8,85.4,87.1,88.3,85.6,84.3,86.0,85.0,84.7,90.2,84.6,90.1,84.0,87.6,87.1,88.4,88.8,90.8,84.1,88.3,88.7,95.5,89.9,85.3,90.3,89.1,87.5,86.5,89.1,88.0,90.3,89.5,88.5,90.5,89.7,90.7,93.7,89.1,89.3,89.6,86.0,86.1,86.3,85.4,89.9,89.2,91.2,92.4,85.9,85.8,84.2,86.9,88.3,88.0,86.7,86.8,81.7,83.6,85.1,84.0
5223,91.2,85.8,86.2,92.0,90.1,89.8,90.4,89.0,86.7,86.8,86.9,86.7,87.4,86.1,89.5,87.0,88.7,91.1,86.3,85.4,88.5,86.4,89.5,87.1,90.7,90.2,88.2,88.3,85.8,87.4,88.8,85.9,84.8,86.6,85.6,85.2,89.9,84.0,90.3,83.5,88.0,86.8,89.5,89.7,91.0,83.1,88.6,88.8,95.4,90.2,85.6,90.5,88.9,87.9,87.4,89.7,88.9,90.8,90.9,89.3,91.2,91.2,91.7,94.2,90.6,89.9,90.7,86.3,86.5,86.4,85.2,90.6,88.7,92.0,93.2,86.1,85.8,84.3,87.2,89.0,88.5,87.7,87.6,81.4,84.4,85.7,84.4
5224,90.3,84.3,85.5,92.1,90.1,89.9,90.3,89.0,86.4,86.7,86.4,86.8,86.9,86.0,89.4,86.9,88.5,91.3,86.1,85.1,88.4,86.4,89.6,86.9,90.5,90.1,88.0,88.3,85.9,87.3,88.8,85.6,84.8,86.6,85.7,85.3,89.2,82.5,90.0,82.9,87.1,85.6,89.6,89.6,89.9,82.1,88.1,88.3,94.7,89.5,85.2,89.8,88.5,86.9,87.6,89.9,89.2,90.8,91.6,89.4,91.2,92.2,91.9,94.1,91.3,90.0,90.6,86.3,86.3,86.2,84.3,90.7,87.6,92.0,93.3,85.6,85.3,83.8,87.1,89.1,88.6,87.9,87.6,80.7,84.5,85.6,84.5
5225,88.2,82.4,83.5,91.2,89.3,89.2,89.7,87.9,85.4,85.8,85.3,86.3,85.8,85.4,88.7,86.0,87.6,90.7,85.0,84.0,87.7,85.6,88.7,86.3,89.6,89.3,87.4,87.6,85.2,86.5,87.9,84.7,84.1,86.0,85.1,84.5,87.1,80.5,89.2,81.8,86.4,83.4,88.9,88.7,88.2,80.6,86.4,87.1,93.1,88.8,84.6,88.1,87.5,84.9,87.2,89.2,88.6,90.3,91.7,88.8,90.3,92.4,91.6,93.1,90.6,89.0,88.6,85.7,85.4,85.1,83.0,90.2,85.5,91.2,92.4,84.6,84.3,82.9,86.4,88.9,88.1,87.3,87.0,79.4,83.9,84.6,83.7
5226,84.8,79.5,80.2,89.7,88.0,87.7,88.1,86.3,83.5,84.2,83.2,84.9,84.0,84.0,87.1,84.5,85.9,88.5,83.1,81.9,86.0,84.2,87.1,84.7,88.0,87.7,86.1,85.9,83.5,84.8,86.6,82.4,82.5,84.5,83.6,83.0,84.5,77.8,87.7,79.4,84.2,80.2,87.2,86.6,85.2,77.7,84.4,84.9,90.3,87.1,82.9,85.6,85.9,81.5,85.7,87.6,87.4,88.8,91.0,87.0,88.4,91.2,89.5,90.9,88.3,86.4,85.5,84.4,83.6,83.3,80.6,88.1,82.9,89.6,90.1,82.7,82.4,81.2,84.8,87.4,86.7,85.5,85.4,77.6,82.4,83.0,82.1
5227,79.7,75.3,74.5,86.5,85.6,85.4,85.6,83.4,80.1,81.2,79.9,82.4,80.4,81.5,84.0,81.3,82.0,83.1,79.7,78.1,82.9,80.7,83.9,81.8,84.7,84.5,83.8,82.4,80.4,81.9,83.6,78.8,79.5,81.5,81.4,80.2,80.0,73.7,84.8,75.1,81.4,75.4,84.2,83.4,80.6,73.9,81.4,80.4,84.8,84.4,80.6,82.2,83.0,76.2,83.2,84.1,84.9,86.0,88.9,83.0,84.8,88.2,85.0,85.6,84.4,81.6,80.8,81.8,80.4,79.8,77.6,84.8,78.7,86.9,84.4,79.5,78.2,77.6,81.8,84.5,83.5,82.3,82.2,75.1,79.9,80.0,79.0
5228,76.4,71.8,71.4,81.9,82.3,82.5,82.6,79.0,77.2,78.4,76.6,79.2,76.8,78.8,80.4,78.1,77.0,76.8,76.5,75.3,79.2,77.0,79.7,77.7,79.7,79.7,81.9,78.6,76.6,78.8,79.7,75.5,75.4,78.1,78.4,76.2,76.7,70.5,80.8,71.7,78.7,72.3,79.5,78.8,77.2,71.0,77.5,75.8,81.4,78.7,77.1,79.3,78.8,72.8,79.2,79.7,80.5,81.7,84.8,78.0,81.5,82.2,79.2,80.5,79.8,76.0,76.2,79.3,77.1,76.6,74.4,79.7,75.2,82.1,79.6,74.5,75.3,74.4,78.1,79.4,79.0,77.8,73.1,72.9,76.8,76.8,74.3
5229,73.9,69.8,69.8,78.9,80.0,80.4,80.5,76.7,75.6,76.7,74.9,77.1,75.0,77.1,78.6,76.3,74.9,73.4,74.8,73.9,76.9,75.1,77.8,75.9,76.7,77.4,80.2,76.6,74.5,77.1,77.5,74.1,73.4,76.0,76.3,73.8,74.5,68.9,78.2,69.8,76.5,70.7,76.4,76.0,75.1,69.1,75.1,73.1,78.7,74.3,74.2,77.2,76.0,71.1,76.4,76.2,76.9,79.2,81.1,75.9,77.9,77.3,74.7,77.8,76.5,73.2,73.4,77.7,75.3,75.0,72.6,76.7,72.9,79.0,76.6,72.0,73.7,72.7,76.3,76.3,76.6,74.9,70.4,71.4,74.7,74.8,71.8
5230,72.4,68.4,68.2,76.9,78.1,78.7,79.0,75.4,74.3,75.6,73.6,75.5,73.7,75.6,76.9,75.0,73.6,71.3,73.4,72.7,75.3,74.0,76.6,74.7,74.9,76.1,78.9,75.1,73.3,75.8,76.3,73.1,71.9,74.4,74.8,72.5,72.8,67.4,76.3,68.2,75.3,69.2,74.4,74.5,73.5,67.6,72.8,70.5,75.8,72.5,72.3,75.2,74.0,69.6,75.0,73.1,75.1,77.4,77.8,74.3,75.8,75.2,71.6,75.1,74.1,71.2,70.7,76.4,74.1,73.8,71.2,74.7,71.0,77.0,73.9,70.4,72.6,71.5,75.0,74.2,75.2,72.8,69.8,70.3,73.0,73.4,70.3
5231,71.2,67.4,67.0,75.2,76.7,77.4,77.5,74.3,73.1,74.6,72.5,74.5,72.8,74.6,75.7,73.9,72.7,69.6,72.4,71.8,74.2,72.9,75.4,73.6,73.5,75.2,77.8,73.8,72.1,74.7,75.0,72.4,70.9,72.9,73.6,71.5,71.5,66.4,74.6,66.8,74.2,68.1,73.0,73.1,72.0,66.6,70.6,68.2,72.6,70.9,70.8,73.0,72.8,68.5,73.6,70.3,73.7,75.7,75.4,72.8,73.3,73.1,69.4,72.6,71.9,69.2,68.5,75.4,73.1,72.9,69.9,72.8,69.3,75.2,70.6,68.9,71.8,70.5,74.0,73.0,73.9,71.3,69.1,69.3,71.9,72.4,69.1
5232,69.9,66.5,66.1,73.4,75.3,76.2,76.2,73.4,72.2,73.6,71.8,73.4,71.8,73.7,74.7,73.1,71.9,67.8,71.6,70.9,73.4,71.9,74.4,72.6,72.2,74.1,76.8,72.7,71.2,73.7,74.0,71.6,70.1,71.7,72.5,70.5,70.6,65.4,73.3,65.6,73.1,67.4,71.6,71.6,70.5,65.5,68.9,65.9,68.8,68.9,69.6,70.5,71.4,67.6,72.2,68.0,72.4,74.4,73.4,71.8,71.2,71.2,67.9,69.4,69.9,67.5,66.3,74.6,72.1,71.8,68.6,71.5,68.1,73.6,67.9,67.5,71.0,69.8,73.2,71.8,73.1,69.9,68.1,68.4,70.7,71.3,68.2
5233,68.5,65.5,65.5,72.3,74.3,75.1,75.3,72.4,71.4,73.0,71.0,72.4,71.0,72.8,73.8,72.3,71.2,66.1,71.0,70.1,72.5,71.2,73.6,71.6,71.3,73.0,75.9,71.9,70.5,72.8,73.3,70.7,69.2,70.8,71.5,69.7,69.7,64.5,71.9,64.4,71.8,66.5,70.4,70.3,69.1,64.2,67.3,64.3,65.5,67.5,68.5,68.1,70.3,66.5,71.0,66.2,71.3,73.6,71.6,70.3,69.5,69.8,65.8,66.5,67.7,65.9,64.2,73.7,71.3,71.2,67.2,70.2,66.6,72.3,65.7,66.1,70.3,68.9,72.5,70.8,72.2,68.7,67.3,67.5,69.7,70.5,67.5
5234,67.5,64.4,64.6,70.9,73.4,74.2,74.3,71.6,70.8,72.0,70.2,71.6,70.3,72.0,73.2,71.5,70.5,64.2,70.1,69.5,71.7,70.5,72.7,70.7,70.5,72.3,75.1,71.3,69.8,72.2,72.5,70.1,68.3,69.8,70.8,69.0,69.0,63.6,70.9,63.0,70.9,65.7,69.5,69.2,67.8,63.6,66.0,62.7,63.0,65.5,67.3,66.1,68.7,65.5,69.8,64.0,70.2,72.1,69.7,68.7,68.0,68.3,64.2,63.7,65.5,63.9,62.0,72.9,70.7,70.4,66.0,68.9,65.5,70.7,63.8,64.3,69.7,68.2,71.7,69.7,71.0,67.6,66.4,66.8,68.9,69.7,66.5
5235,66.2,63.8,63.9,69.8,72.3,73.5,73.5,70.8,70.2,71.4,69.6,70.9,69.5,71.4,72.5,71.1,70.1,62.9,69.4,68.9,71.1,69.9,72.0,69.9,69.6,71.3,74.4,70.5,69.2,71.4,72.0,69.4,67.6,69.0,70.0,68.4,68.3,62.7,69.9,61.8,69.8,65.1,68.6,67.7,66.9,62.9,64.9,61.4,60.6,63.9,66.4,64.3,67.2,64.7,68.5,62.6,68.8,71.5,68.2,67.4,66.4,66.8,62.6,61.3,63.7,62.0,60.1,72.2,70.2,69.9,64.8,67.7,64.3,69.6,61.8,63.0,69.1,67.5,71.1,68.7,70.3,66.8,65.2,66.1,68.0,69.1,66.0
5236,65.0,63.2,63.1,68.8,71.4,72.7,72.7,70.1,69.6,70.9,69.0,70.3,69.1,70.8,71.6,70.5,69.5,61.4,68.9,68.4,70.4,69.4,71.4,69.1,68.8,70.7,73.8,70.0,68.6,70.9,71.2,68.8,67.0,68.3,69.3,67.6,67.4,61.8,69.2,60.9,69.0,64.6,67.7,66.6,65.8,61.8,63.7,60.1,58.8,62.8,65.6,62.8,65.9,64.0,67.5,60.9,67.7,70.7,67.0,65.8,65.0,65.4,61.2,59.2,62.4,60.1,58.2,71.6,69.6,69.2,63.7,67.0,63.3,68.6,60.2,61.6,68.7,67.0,70.6,67.9,69.5,66.0,63.6,65.7,67.4,68.3,65.5
5237,64.1,62.5,62.7,68.0,70.7,72.0,72.1,69.3,69.0,70.3,68.5,69.8,68.7,70.2,71.0,70.1,69.0,60.4,68.3,68.0,69.8,69.0,70.9,68.4,68.1,70.1,73.1,69.3,68.1,70.5,70.7,68.5,66.5,67.5,68.8,67.2,66.7,61.1,68.4,60.1,68.2,64.2,66.9,65.5,65.0,61.1,62.7,58.9,57.4,61.4,64.7,61.5,65.0,63.5,66.4,59.6,66.7,70.0,65.8,64.2,63.8,64.0,60.2,57.3,61.0,58.3,56.6,71.0,69.0,68.6,62.7,66.1,62.5,67.3,58.9,60.6,68.3,66.6,70.1,67.3,68.7,65.3,62.7,65.3,66.7,67.7,65.0
5238,65.8,63.5,64.2,67.5,70.4,71.5,71.6,69.0,69.4,70.2,69.4,69.7,69.5,70.0,70.4,70.1,69.0,63.7,68.9,69.3,69.6,69.0,70.7,68.2,67.5,69.6,72.9,69.0,68.4,70.5,70.5,69.0,66.0,67.4,68.6,66.9,67.5,62.0,67.9,60.4,68.0,65.9,66.4,65.5,66.1,62.2,62.8,61.6,59.2,60.3,64.1,62.1,64.4,65.3,65.6,62.0,66.1,69.7,65.0,65.8,65.7,62.5,62.4,59.3,61.1,60.5,56.7,70.8,69.5,69.3,62.4,65.4,63.6,67.0,62.6,60.0,69.2,67.7,69.9,66.7,68.0,64.7,61.8,66.8,66.4,67.6,65.0
5239,70.2,67.8,68.6,69.1,72.1,73.0,73.5,71.7,72.2,72.4,73.0,72.0,72.8,71.9,72.7,72.7,72.0,69.1,72.1,72.3,72.1,71.5,73.3,70.3,69.5,72.1,74.5,71.3,71.2,72.9,72.6,71.9,68.1,69.9,70.2,69.7,71.7,66.3,69.4,65.7,70.1,70.7,67.9,69.4,69.7,66.8,66.4,68.7,69.3,64.9,67.1,65.5,68.3,68.7,67.1,66.9,68.6,72.6,66.6,70.1,68.5,64.3,68.3,68.1,63.4,67.2,63.1,72.6,72.6,72.8,66.0,66.9,68.2,71.7,70.2,64.9,72.4,71.0,72.2,68.5,69.9,66.2,65.7,69.6,68.0,69.8,67.7
5240,74.8,72.0,73.0,73.4,75.4,75.8,76.5,74.6,75.5,75.1,76.2,74.9,76.2,74.5,76.0,75.9,75.2,72.7,75.5,75.5,75.3,74.7,76.6,73.3,73.2,75.3,76.7,74.6,73.7,75.9,75.6,74.8,71.1,73.0,72.7,72.4,75.8,70.7,73.6,70.0,72.8,75.0,71.3,73.1,73.8,72.2,70.1,73.8,76.7,71.4,72.4,69.9,73.3,72.6,70.0,72.5,72.7,76.1,70.7,74.3,71.5,68.9,72.9,75.9,66.9,72.2,68.1,75.1,75.7,75.7,70.7,71.7,72.6,76.8,75.7,70.4,75.9,74.6,75.1,72.1,73.3,69.7,71.0,72.5,70.8,72.9,71.0
5241,78.7,76.0,76.6,77.9,78.8,78.8,79.4,78.0,78.4,77.9,79.2,78.0,79.1,77.2,79.0,78.8,78.4,76.2,78.8,78.8,78.5,77.7,79.9,76.7,77.0,78.7,79.4,78.2,76.5,78.9,78.6,77.7,74.4,76.4,75.6,75.5,79.4,74.5,77.9,73.9,75.9,78.6,75.3,76.6,78.0,76.3,74.3,77.9,82.2,76.9,76.9,74.7,77.7,76.4,74.2,77.0,77.1,79.8,74.4,78.2,75.4,74.0,76.9,81.2,70.8,76.3,72.8,77.8,78.7,78.6,75.1,76.6,77.0,80.5,79.8,75.4,78.9,77.6,78.1,75.9,77.0,73.8,74.4,75.2,73.9,76.1,74.3
5242,82.2,79.9,79.6,81.8,82.0,81.6,82.3,81.4,80.8,80.2,81.7,80.6,81.7,79.5,81.8,81.3,81.3,79.5,81.3,81.1,81.1,80.1,82.5,79.5,80.7,81.8,81.7,81.3,79.3,81.3,81.4,80.1,77.3,79.3,78.4,78.1,82.7,78.1,81.7,77.4,78.9,81.6,78.9,79.6,81.7,79.8,78.3,81.4,86.6,81.4,80.2,79.8,81.9,79.5,78.5,80.6,80.8,82.9,78.1,81.1,79.4,78.4,80.5,84.9,74.9,80.2,77.1,80.1,81.0,81.2,78.8,80.4,80.9,83.3,83.2,79.3,81.5,80.0,80.4,79.4,80.5,77.4,77.3,77.4,76.8,79.2,77.2
5243,85.4,82.7,82.1,85.0,84.6,84.2,84.9,83.8,82.7,82.3,83.7,82.5,83.7,81.7,84.3,83.1,83.8,82.7,83.2,82.8,83.6,82.1,84.8,81.8,83.8,84.4,83.6,83.6,81.3,83.2,83.9,81.9,80.0,81.7,80.5,80.3,85.5,81.1,84.9,80.3,81.6,84.0,82.0,82.6,85.0,82.6,81.9,84.3,90.3,84.8,82.7,83.9,85.2,82.3,81.8,83.5,83.6,85.7,81.5,83.6,83.1,82.1,83.6,87.9,79.0,83.6,81.1,82.0,83.0,83.1,81.6,83.6,84.0,85.8,86.2,82.0,83.2,81.7,82.8,82.6,83.1,80.8,80.4,79.1,79.2,81.3,79.5
5244,87.8,85.0,84.0,87.6,86.8,86.4,86.9,85.9,84.4,83.9,85.2,84.1,85.1,83.5,86.3,84.6,85.7,85.8,84.6,84.1,85.5,83.8,86.5,84.0,86.3,86.6,85.5,85.5,82.9,84.9,85.8,83.5,81.9,83.5,82.5,82.2,87.5,83.3,87.3,82.7,84.0,85.8,84.6,85.2,87.6,84.5,85.0,86.4,93.0,87.3,84.3,86.9,87.6,84.6,83.8,85.8,85.4,87.6,84.7,85.5,86.2,84.9,86.3,90.2,82.9,86.1,84.3,83.7,84.5,84.6,83.6,86.3,86.3,88.1,88.8,84.1,84.4,83.0,84.6,85.1,85.2,83.2,82.9,80.5,81.1,83.0,81.4
5245,89.6,86.1,85.4,89.7,88.3,87.8,88.6,87.3,85.5,85.3,86.0,85.4,86.2,84.9,87.9,85.9,87.3,88.0,85.7,85.0,87.2,85.1,87.9,85.6,88.3,88.5,86.9,86.9,84.4,86.2,87.4,84.7,83.3,85.0,83.9,83.6,89.0,84.6,89.0,83.8,86.1,86.9,86.7,87.3,89.4,85.2,87.0,87.8,94.8,89.1,85.0,89.1,88.8,86.5,85.1,87.6,86.8,89.3,87.2,87.1,88.7,87.3,88.6,92.2,86.2,87.8,87.1,85.1,85.3,85.6,85.1,88.5,88.3,89.9,90.9,85.3,85.4,83.7,85.9,86.9,87.0,85.1,85.1,81.2,82.7,84.4,82.8
5246,90.9,86.5,86.2,91.2,89.6,89.3,89.7,88.4,86.4,86.3,86.7,86.2,86.9,85.7,89.0,86.6,88.3,89.8,86.1,85.5,88.0,86.1,88.8,86.5,89.8,89.6,87.8,87.9,85.5,87.0,88.3,85.7,84.4,86.0,85.0,84.7,90.1,84.7,90.3,83.9,87.5,87.3,88.3,88.6,90.9,84.2,88.3,88.6,95.5,89.8,85.5,90.2,89.2,87.5,86.4,88.8,88.0,90.2,89.3,88.2,90.3,89.4,90.4,93.5,89.0,89.0,89.4,86.0,85.9,86.4,85.5,90.0,89.4,91.1,92.3,86.0,85.8,84.2,86.9,88.4,88.1,86.8,86.6,81.5,83.8,85.2,84.0
5247,91.3,86.0,86.2,92.1,90.1,89.8,90.3,89.0,86.7,86.8,86.9,86.7,87.4,86.1,89.6,87.1,88.8,90.8,86.3,85.4,88.6,86.4,89.5,87.2,90.7,90.2,88.2,88.3,85.9,87.3,88.9,85.9,84.7,86.5,85.6,85.2,89.9,84.1,90.4,83.5,88.0,86.9,89.5,89.5,91.1,83.3,88.6,88.7,95.4,90.3,85.7,90.4,89.0,87.8,87.3,89.4,88.8,90.6,90.6,89.0,90.9,91.0,91.4,94.1,90.6,89.6,90.5,86.3,86.3,86.5,85.3,90.6,88.9,91.8,93.1,86.1,85.8,84.4,87.2,89.1,88.6,87.7,87.4,81.2,84.5,85.6,84.3
5248,90.4,84.3,85.6,92.0,90.2,89.9,90.2,89.0,86.3,86.7,86.4,86.7,87.0,86.1,89.4,86.9,88.6,91.1,86.1,85.1,88.4,86.5,89.5,87.0,90.5,90.2,88.0,88.2,85.9,87.3,88.9,85.6,84.7,86.5,85.6,85.3,89.2,82.4,90.0,82.6,87.1,85.7,89.6,89.4,90.1,82.3,88.2,88.3,94.8,89.5,85.4,89.6,88.4,86.8,87.5,89.6,89.0,90.6,91.4,89.1,90.8,91.9,91.7,94.0,91.2,89.7,90.4,86.4,86.1,86.3,84.4,90.8,87.8,91.8,93.2,85.6,85.3,83.9,87.2,89.2,88.8,87.9,87.3,80.5,84.5,85.5,84.4
5249,88.3,82.5,83.5,91.1,89.4,89.2,89.6,88.0,85.4,85.8,85.4,86.2,85.9,85.4,88.6,86.1,87.6,90.4,85.1,84.0,87.7,85.7,88.6,86.3,89.6,89.3,87.4,87.5,85.2,86.4,88.0,84.7,84.0,85.9,85.0,84.5,86.9,80.6,89.3,81.6,86.4,83.4,88.9,88.5,88.3,80.9,86.5,87.1,93.2,88.9,84.7,87.9,87.5,84.7,87.0,88.9,88.4,90.2,91.4,88.4,90.0,92.0,91.3,93.0,90.6,88.6,88.5,85.7,85.2,85.2,83.1,90.1,85.6,91.1,92.3,84.7,84.3,83.0,86.4,89.0,88.3,87.2,86.8,79.3,83.9,84.6,83.5
5250,84.8,79.4,80.2,89.5,88.1,87.7,88.0,86.4,83.5,84.1,83.3,84.9,83.9,84.0,86.9,84.5,85.9,88.3,83.2,81.7,86.0,84.2,87.0,84.8,88.0,87.6,86.1,85.8,83.5,84.7,86.6,82.4,82.3,84.3,83.5,83.0,84.3,77.8,87.5,79.4,84.2,80.3,87.2,86.5,85.2,77.8,84.6,84.9,90.3,87.2,83.0,85.5,85.9,81.3,85.5,87.3,87.3,88.7,90.7,86.7,88.0,90.8,89.2,90.8,88.2,86.0,85.4,84.4,83.4,83.3,80.7,88.0,83.0,89.4,89.9,82.9,82.3,81.2,84.8,87.5,86.8,85.4,85.3,77.4,82.4,83.0,82.0
5251,79.7,75.0,74.5,86.3,85.7,85.3,85.4,83.3,80.0,81.0,79.8,82.3,80.3,81.4,83.8,81.2,81.8,82.8,79.7,77.9,82.8,80.7,83.7,81.7,84.6,84.5,83.8,82.3,80.3,81.7,83.5,78.8,79.4,81.4,81.3,80.1,79.8,73.5,84.5,75.1,81.6,75.3,84.1,83.2,80.6,74.0,81.6,80.4,84.7,84.4,80.6,82.0,83.0,76.0,83.0,83.8,84.7,85.8,88.6,82.6,84.5,87.8,84.6,85.4,84.3,81.2,80.7,81.7,80.2,79.7,77.7,84.7,78.8,86.7,84.2,79.7,78.1,77.6,81.6,84.4,83.5,82.1,81.9,75.0,79.8,79.8,78.9
5252,76.3,71.5,71.2,81.7,82.3,82.4,82.5,78.9,77.0,78.3,76.6,79.1,76.7,78.7,80.2,77.9,76.8,76.5,76.5,75.2,79.0,76.9,79.5,77.6,79.6,79.6,81.8,78.5,76.5,78.6,79.6,75.4,75.3,78.0,78.3,76.1,76.5,70.3,80.5,71.7,78.9,72.3,79.3,78.5,77.2,71.1,77.7,75.6,81.3,78.7,77.1,79.1,78.8,72.5,79.0,79.3,80.2,81.5,84.5,77.7,81.3,81.8,78.8,80.2,79.7,75.7,76.1,79.2,76.9,76.6,74.5,79.5,75.3,81.9,79.4,74.5,75.2,74.4,77.9,79.3,79.0,77.5,72.7,72.8,76.7,76.6,74.2
5253,73.9,69.6,69.7,78.7,79.9,80.3,80.3,76.6,75.5,76.5,74.9,76.9,74.9,77.0,78.5,76.1,74.8,73.1,74.7,73.7,76.8,75.0,77.6,75.8,76.7,77.3,80.1,76.5,74.5,76.9,77.5,74.1,73.3,76.0,76.2,73.8,74.4,68.8,78.0,69.8,76.5,70.6,76.3,75.7,75.1,69.1,75.1,72.9,78.5,74.2,74.2,77.1,75.9,70.9,76.2,75.9,76.8,79.0,80.7,75.6,77.6,77.0,74.4,77.4,76.5,72.8,73.4,77.6,75.1,74.9,72.6,76.5,72.9,78.7,76.4,72.1,73.6,72.6,76.2,76.2,76.7,74.7,70.2,71.3,74.6,74.6,71.8
5254,72.2,68.2,68.1,76.8,78.0,78.6,78.9,75.3,74.2,75.5,73.5,75.4,73.6,75.5,76.8,74.8,73.4,71.0,73.3,72.6,75.2,73.8,76.4,74.6,74.9,76.1,78.8,75.1,73.2,75.7,76.3,73.1,71.8,74.4,74.7,72.5,72.6,67.3,76.1,68.1,75.3,69.1,74.3,74.2,73.4,67.6,72.8,70.3,75.6,72.4,72.3,75.0,74.0,69.4,74.8,72.8,74.9,77.2,77.4,74.0,75.6,75.0,71.4,74.7,74.1,70.8,70.7,76.4,74.0,73.7,71.2,74.5,70.9,76.7,73.7,70.3,72.5,71.4,74.9,74.2,75.1,72.6,69.7,70.2,72.9,73.3,70.2
5255,71.1,67.4,67.0,75.1,76.7,77.3,77.4,74.3,72.9,74.4,72.4,74.2,72.7,74.5,75.6,73.8,72.5,69.4,72.4,71.6,74.1,72.7,75.2,73.6,73.5,75.1,77.7,73.7,72.1,74.6,75.0,72.3,70.8,72.9,73.5,71.6,71.4,66.3,74.4,66.8,74.2,68.1,72.9,72.9,72.0,66.6,70.7,68.0,72.5,70.7,70.7,72.8,72.7,68.4,73.3,70.2,73.4,75.5,75.1,72.6,73.2,72.9,69.2,72.5,71.8,69.0,68.4,75.4,73.0,72.7,69.9,72.7,69.3,75.1,70.5,68.8,71.7,70.5,73.9,73.0,74.0,71.1,68.9,69.2,71.8,72.3,69.1
5256,69.8,66.5,66.0,73.3,75.3,76.1,76.1,73.4,72.1,73.5,71.6,73.1,71.7,73.6,74.6,72.9,71.8,67.7,71.4,70.8,73.2,71.7,74.2,72.6,72.3,74.0,76.8,72.6,71.2,73.5,73.9,71.5,69.9,71.6,72.5,70.6,70.4,65.3,73.1,65.5,73.1,67.3,71.5,71.3,70.5,65.5,68.9,65.8,68.6,68.8,69.6,70.4,71.4,67.5,72.0,67.9,72.2,74.2,73.1,71.6,71.1,71.1,67.6,69.3,69.8,67.2,66.2,74.5,72.0,71.7,68.6,71.4,68.1,73.5,67.6,67.5,70.9,69.7,73.1,71.8,73.1,69.8,68.0,68.3,70.5,71.1,68.1
5257,68.5,65.5,65.3,72.2,74.3,75.0,75.2,72.4,71.3,72.8,70.8,72.2,70.9,72.7,73.8,72.1,71.0,65.9,70.8,70.0,72.5,71.0,73.4,71.5,71.3,73.0,75.9,71.8,70.4,72.7,73.2,70.6,69.0,70.7,71.5,69.7,69.6,64.5,71.7,64.3,71.8,66.4,70.4,70.1,69.1,64.3,67.3,64.2,65.3,67.3,68.4,68.0,70.3,66.4,70.8,66.1,71.0,73.3,71.2,70.1,69.4,69.6,65.7,66.4,67.6,65.6,64.1,73.6,71.2,71.1,67.1,70.1,66.6,72.1,65.5,66.0,70.2,68.8,72.4,70.8,72.1,68.6,67.2,67.5,69.6,70.4,67.4
5258,67.5,64.4,64.5,70.8,73.4,74.1,74.2,71.6,70.6,71.8,70.0,71.4,70.2,72.0,73.1,71.3,70.4,64.1,70.0,69.4,71.6,70.3,72.5,70.7,70.5,72.3,75.1,71.2,69.7,72.0,72.4,70.1,68.2,69.8,70.7,69.0,68.9,63.6,70.8,62.9,70.9,65.7,69.5,68.9,67.8,63.7,65.9,62.5,62.8,65.4,67.3,65.9,68.7,65.5,69.5,64.0,69.9,71.9,69.4,68.6,67.9,68.1,64.1,63.5,65.5,63.7,61.9,72.8,70.6,70.3,66.0,68.8,65.6,70.5,63.5,64.3,69.6,68.1,71.6,69.7,71.0,67.6,66.3,66.7,68.8,69.7,66.5
5259,66.2,63.8,63.8,69.8,72.3,73.4,73.5,70.8,70.0,71.3,69.5,70.8,69.4,71.3,72.5,70.9,69.9,62.7,69.3,68.8,71.0,69.8,71.9,69.8,69.7,71.4,74.3,70.4,69.2,71.2,71.9,69.4,67.4,68.9,69.9,68.4,68.2,62.7,69.8,61.7,69.8,65.0,68.5,67.4,66.9,63.0,64.8,61.2,60.4,63.7,66.4,64.2,67.2,64.6,68.3,62.6,68.6,71.2,67.9,67.3,66.4,66.6,62.5,61.1,63.7,61.8,60.0,72.2,70.0,69.8,64.8,67.6,64.3,69.4,61.5,62.8,69.0,67.4,71.0,68.6,70.3,66.7,65.0,66.1,67.9,69.0,66.0
5260,65.0,63.1,63.0,68.7,71.4,72.6,72.7,70.1,69.4,70.8,68.8,70.1,69.0,70.7,71.5,70.3,69.4,61.2,68.7,68.3,70.3,69.2,71.2,69.1,68.8,70.8,73.7,69.9,68.6,70.7,71.1,68.7,66.8,68.2,69.2,67.6,67.4,61.8,69.1,60.8,69.0,64.6,67.7,66.4,65.8,61.8,63.6,59.9,58.6,62.6,65.5,62.7,65.9,64.0,67.3,60.9,67.5,70.5,66.8,65.7,64.9,65.2,61.1,59.1,62.3,59.9,58.0,71.5,69.3,69.1,63.5,66.8,63.3,68.4,59.9,61.5,68.6,67.0,70.5,67.9,69.5,65.9,63.4,65.7,67.3,68.3,65.4
5261,63.9,62.4,62.6,67.9,70.7,71.9,72.0,69.3,68.8,70.2,68.4,69.6,68.6,70.1,70.9,69.9,68.9,60.2,68.2,67.8,69.7,68.8,70.7,68.4,68.2,70.1,73.1,69.2,68.1,70.2,70.6,68.4,66.3,67.4,68.8,67.2,66.6,61.1,68.3,59.9,68.2,64.2,66.9,65.2,64.9,61.1,62.6,58.8,57.2,61.2,64.7,61.4,65.0,63.5,66.1,59.6,66.5,69.8,65.6,64.1,63.8,63.8,60.1,57.2,61.0,58.2,56.4,71.0,68.8,68.6,62.5,65.9,62.5,67.0,58.6,60.5,68.1,66.5,70.0,67.2,68.7,65.3,62.5,65.3,66.6,67.7,64.9
5262,65.5,63.4,64.1,67.4,70.4,71.5,71.6,68.9,69.2,70.1,69.3,69.5,69.3,69.8,70.3,69.9,68.8,63.4,68.7,69.1,69.5,68.8,70.6,68.1,67.5,69.6,72.8,68.9,68.3,70.2,70.4,69.0,65.9,67.2,68.5,66.9,67.5,61.8,67.8,60.2,68.0,65.8,66.4,65.2,66.0,62.1,62.5,61.4,58.8,60.1,64.0,61.9,64.4,65.1,65.4,61.9,65.9,69.4,64.6,65.7,65.5,62.3,62.2,59.1,60.9,60.3,56.5,70.7,69.2,69.2,62.2,65.2,63.5,66.7,62.2,59.9,68.9,67.5,69.8,66.6,67.9,64.6,61.7,66.8,66.2,67.5,65.0
5263,70.0,67.6,68.4,68.9,72.1,72.9,73.4,71.6,72.0,72.3,72.8,71.7,72.6,71.7,72.5,72.4,71.8,68.9,71.9,72.1,72.0,71.3,73.2,70.1,69.3,72.0,74.5,71.2,71.1,72.7,72.5,71.8,67.9,69.6,70.1,69.5,71.7,66.2,69.2,65.5,70.0,70.5,67.7,69.1,69.6,66.7,66.2,68.5,69.1,64.6,67.0,65.3,68.2,68.4,66.8,66.7,68.4,72.3,66.3,69.9,68.3,64.0,68.2,67.8,63.3,67.0,62.9,72.5,72.4,72.7,65.9,66.7,68.0,71.5,69.9,64.8,72.2,70.8,72.1,68.4,69.8,66.1,65.4,69.5,67.8,69.6,67.6
5264,74.5,71.9,72.8,73.2,75.4,75.7,76.4,74.5,75.3,75.0,76.1,74.6,76.0,74.4,75.8,75.7,75.1,72.6,75.4,75.4,75.2,74.5,76.5,73.3,73.1,75.3,76.7,74.5,73.6,75.8,75.4,74.7,70.9,72.7,72.5,72.2,75.8,70.6,73.4,69.9,72.8,74.8,71.2,73.0,73.7,72.1,70.1,73.7,76.5,71.2,72.3,69.7,73.2,72.2,69.8,72.3,72.4,75.9,70.4,74.2,71.4,68.7,72.8,75.6,66.8,72.1,67.9,75.0,75.5,75.5,70.7,71.5,72.4,76.7,75.5,70.4,75.7,74.4,75.0,71.9,73.2,69.5,70.7,72.4,70.6,72.7,70.8
5265,78.5,75.8,76.4,77.6,78.7,78.7,79.3,78.0,78.3,77.8,79.1,77.8,79.1,77.1,78.8,78.6,78.2,76.1,78.7,78.6,78.5,77.5,79.8,76.6,76.9,78.7,79.4,78.1,76.4,78.7,78.4,77.7,74.1,76.0,75.3,75.1,79.4,74.4,77.7,73.9,75.9,78.4,75.1,76.5,77.9,76.3,74.3,77.8,82.1,76.8,76.9,74.5,77.9,76.1,73.9,76.9,76.8,79.4,74.1,78.0,75.2,73.8,76.8,80.9,70.7,76.2,72.7,77.7,78.5,78.5,75.1,76.4,76.8,80.4,79.5,75.5,78.8,77.6,78.0,75.7,76.9,73.6,74.1,75.0,73.6,75.9,74.0
5266,82.0,79.7,79.4,81.6,81.9,81.5,82.3,81.3,80.7,80.2,81.6,80.5,81.7,79.4,81.7,81.1,81.3,79.3,81.2,81.0,81.0,80.1,82.4,79.3,80.6,81.9,81.7,81.1,79.2,81.2,81.3,80.1,77.0,78.9,78.1,77.7,82.7,78.0,81.6,77.3,79.0,81.6,78.7,79.5,81.6,79.8,78.4,81.4,86.5,81.4,80.2,79.6,82.1,79.3,78.2,80.5,80.5,82.6,77.8,80.9,79.2,78.1,80.4,84.6,74.8,80.1,76.9,80.1,80.9,81.2,78.9,80.2,80.7,83.3,83.1,79.4,81.3,79.8,80.3,79.2,80.3,77.2,77.1,77.2,76.5,78.9,76.9
5267,85.2,82.4,81.9,84.9,84.6,84.1,84.9,83.8,82.6,82.2,83.6,82.4,83.7,81.6,84.3,83.1,83.7,82.6,83.1,82.7,83.5,82.1,84.7,81.7,83.6,84.4,83.5,83.5,81.2,83.1,83.8,81.9,79.6,81.3,80.1,79.9,85.6,81.0,84.8,80.3,81.7,83.9,81.8,82.6,84.9,82.6,82.0,84.3,90.2,84.9,82.9,83.8,85.3,82.1,81.6,83.3,83.3,85.4,81.2,83.4,82.9,81.8,83.5,87.6,78.9,83.4,80.9,82.0,82.9,83.0,81.7,83.5,83.8,85.7,86.0,82.2,83.1,81.5,82.7,82.4,83.0,80.6,80.1,78.9,78.8,81.0,79.2
5268,87.6,84.8,83.7,87.4,86.7,86.3,86.8,85.8,84.4,83.8,85.1,84.1,85.1,83.3,86.2,84.6,85.6,85.6,84.6,84.0,85.4,83.8,86.4,83.8,86.1,86.6,85.4,85.4,82.8,84.9,85.7,83.5,81.6,83.2,82.2,81.9,87.6,83.2,87.3,82.7,84.0,85.8,84.5,85.1,87.6,84.6,85.1,86.4,93.0,87.4,84.4,86.7,87.7,84.4,83.6,85.6,85.2,87.4,84.3,85.3,86.0,84.7,86.1,89.9,82.8,85.9,84.2,83.6,84.4,84.5,83.8,86.2,86.2,88.0,88.5,84.3,84.3,82.9,84.5,85.0,85.1,83.0,82.6,80.3,80.8,82.8,81.1
5269,89.5,85.9,85.2,89.5,88.2,87.7,88.5,87.2,85.5,85.2,86.0,85.4,86.2,84.8,87.8,85.9,87.2,87.9,85.6,84.9,87.0,85.0,87.8,85.4,88.1,88.4,86.7,86.8,84.2,86.1,87.2,84.6,82.9,84.6,83.5,83.2,89.1,84.4,89.0,83.9,86.2,87.0,86.6,87.3,89.4,85.3,87.1,87.8,94.8,89.3,85.2,88.9,88.9,86.3,85.0,87.4,86.6,89.0,86.8,86.9,88.4,87.1,88.5,92.0,86.2,87.6,87.0,85.0,85.3,85.6,85.3,88.3,88.3,89.8,90.7,85.4,85.3,83.6,85.8,86.8,86.8,84.9,84.9,81.0,82.4,84.1,82.5
5270,90.8,86.3,86.0,91.1,89.4,89.1,89.6,88.2,86.4,86.2,86.7,86.2,86.8,85.6,88.8,86.6,88.1,89.6,86.1,85.4,87.9,86.0,88.7,86.3,89.6,89.5,87.6,87.8,85.3,87.0,88.2,85.6,84.0,85.6,84.5,84.4,90.2,84.7,90.3,83.8,87.6,87.3,88.2,88.5,90.8,84.4,88.5,88.6,95.5,90.0,85.7,90.1,89.3,87.3,86.2,88.7,87.7,90.0,88.9,88.0,90.0,89.1,90.3,93.3,89.0,88.8,89.3,85.9,85.9,86.3,85.7,90.0,89.4,91.0,92.1,86.2,85.7,84.1,86.7,88.3,88.1,86.6,86.4,81.3,83.6,84.8,83.6
5271,91.2,85.8,86.0,92.0,90.0,89.6,90.2,88.8,86.6,86.6,87.0,86.6,87.4,85.9,89.4,87.0,88.5,90.7,86.3,85.3,88.4,86.4,89.4,87.0,90.6,90.1,88.1,88.1,85.7,87.3,88.7,85.8,84.5,86.0,85.2,84.8,90.0,84.0,90.3,83.6,88.2,86.9,89.4,89.4,91.0,83.4,88.8,88.7,95.5,90.6,85.8,90.3,89.2,87.5,87.1,89.3,88.5,90.5,90.3,88.8,90.7,90.6,91.3,93.9,90.5,89.4,90.4,86.2,86.3,86.5,85.4,90.6,88.9,91.7,93.0,86.3,85.7,84.3,87.1,89.0,88.6,87.5,87.1,81.0,84.4,85.3,83.9
5272,90.3,84.1,85.4,91.9,90.0,89.7,90.1,88.7,86.3,86.5,86.4,86.7,87.0,85.9,89.2,86.8,88.4,90.9,86.0,85.0,88.2,86.3,89.4,86.7,90.5,90.1,87.8,88.1,85.6,87.2,88.7,85.6,84.5,86.1,85.2,84.8,89.1,82.3,90.0,82.7,87.3,85.7,89.6,89.4,90.1,82.3,88.3,88.4,94.8,89.9,85.5,89.5,88.6,86.6,87.3,89.5,88.9,90.6,91.0,88.9,90.6,91.6,91.5,93.8,91.2,89.5,90.4,86.2,86.0,86.2,84.6,90.7,87.8,91.7,93.1,85.8,85.1,83.8,87.0,89.2,88.8,87.7,87.0,80.3,84.3,85.1,84.0
5273,88.2,82.3,83.4,91.0,89.2,89.0,89.4,87.7,85.4,85.6,85.3,86.2,85.8,85.2,88.4,85.9,87.4,90.2,85.0,83.8,87.4,85.5,88.6,86.1,89.6,89.2,87.2,87.3,84.9,86.3,87.7,84.6,83.8,85.5,84.6,84.1,86.9,80.3,89.2,81.7,86.5,83.3,88.9,88.5,88.3,80.8,86.7,87.3,93.4,89.2,84.9,87.8,87.6,84.5,86.9,88.7,88.3,90.1,91.0,88.3,89.7,91.7,91.1,92.8,90.6,88.4,88.6,85.5,85.1,85.2,83.4,90.1,85.5,90.9,92.1,85.0,84.1,82.8,86.3,88.9,88.3,87.0,86.5,79.1,83.7,84.2,83.1
5274,84.7,79.0,80.1,89.5,87.9,87.5,87.8,86.2,83.4,83.9,83.2,84.8,83.9,83.8,86.7,84.3,85.6,88.1,83.1,81.6,85.7,84.0,86.9,84.6,88.0,87.5,85.9,85.6,83.2,84.7,86.3,82.4,82.1,84.0,83.1,82.6,84.3,77.5,87.4,79.6,84.4,80.2,87.2,86.4,85.2,77.8,84.9,85.2,90.4,87.4,83.3,85.4,86.0,81.0,85.5,87.2,87.3,88.8,90.3,86.5,87.9,90.5,88.9,90.6,88.2,85.8,85.5,84.2,83.3,83.2,81.0,88.1,82.9,89.3,89.8,83.2,82.1,81.1,84.6,87.3,86.8,85.2,85.0,77.3,82.2,82.6,81.6
5275,79.6,74.6,74.3,86.2,85.5,85.1,85.1,83.0,80.0,80.7,79.7,82.2,80.2,81.2,83.5,81.1,81.5,82.6,79.5,77.8,82.6,80.4,83.6,81.4,84.5,84.2,83.6,82.1,80.1,81.6,83.2,78.7,79.1,81.0,80.9,79.7,79.7,73.2,84.4,75.3,81.8,75.2,84.0,83.0,80.5,73.9,81.8,80.5,84.6,84.6,80.9,81.9,83.0,75.7,83.0,83.6,84.6,85.8,88.3,82.4,84.3,87.5,84.2,85.1,84.2,81.0,80.7,81.6,80.1,79.5,78.0,84.6,78.6,86.5,84.0,80.0,77.9,77.4,81.4,84.2,83.5,81.8,81.6,74.8,79.6,79.5,78.5
5276,76.3,71.1,71.3,81.7,82.1,82.1,82.3,78.7,76.9,78.1,76.5,79.0,76.7,78.5,80.0,77.8,76.6,76.4,76.3,75.1,78.8,76.8,79.4,77.3,79.6,79.4,81.6,78.3,76.3,78.6,79.4,75.3,75.0,77.6,78.0,75.8,76.4,70.0,80.4,71.7,79.0,72.3,79.3,78.4,77.2,71.1,77.7,75.6,81.2,78.9,77.2,79.1,78.8,72.4,78.8,79.1,80.1,81.4,84.1,77.6,81.0,81.3,78.3,80.0,79.7,75.3,76.1,79.0,76.9,76.5,74.7,79.4,75.2,81.6,79.2,74.7,75.0,74.3,77.7,79.1,78.9,77.3,72.3,72.6,76.5,76.4,73.9
5277,73.8,69.3,69.7,78.8,79.8,80.1,80.2,76.4,75.5,76.3,74.8,76.9,75.0,76.9,78.3,76.1,74.7,72.9,74.6,73.6,76.7,74.9,77.6,75.5,76.6,77.3,79.9,76.4,74.3,76.9,77.3,74.1,73.1,75.7,75.9,73.6,74.4,68.5,78.0,69.8,76.6,70.6,76.3,75.6,75.1,69.0,75.2,72.9,78.4,74.3,74.3,77.0,76.0,70.7,76.1,75.7,76.5,78.9,80.3,75.5,77.5,76.6,74.1,77.1,76.4,72.5,73.4,77.5,75.2,74.8,72.8,76.5,72.8,78.5,76.1,72.2,73.5,72.6,76.0,76.1,76.5,74.6,69.8,71.1,74.4,74.4,71.6
5278,72.2,68.0,68.1,76.8,77.9,78.4,78.7,75.2,74.1,75.3,73.5,75.4,73.6,75.4,76.7,74.7,73.4,70.8,73.2,72.4,75.1,73.8,76.4,74.4,74.8,76.1,78.7,75.0,73.1,75.7,76.2,73.1,71.6,74.1,74.5,72.4,72.7,67.0,76.1,68.2,75.3,69.2,74.3,74.1,73.4,67.5,72.7,70.3,75.7,72.4,72.3,74.9,74.1,69.3,74.7,72.7,74.7,77.0,77.1,73.9,75.4,74.6,71.1,74.5,74.0,70.5,70.6,76.3,74.0,73.6,71.3,74.4,70.9,76.6,73.5,70.3,72.3,71.4,74.8,74.0,75.1,72.5,69.4,70.1,72.8,73.1,70.1
5279,71.0,67.2,66.9,75.2,76.5,77.2,77.3,74.2,72.9,74.3,72.4,74.3,72.7,74.4,75.5,73.8,72.5,69.2,72.3,71.5,74.0,72.6,75.2,73.5,73.5,75.1,77.6,73.6,72.0,74.6,74.9,72.4,70.6,72.7,73.4,71.4,71.5,66.0,74.5,66.8,74.2,68.1,72.9,72.8,72.0,66.5,70.7,67.9,72.5,70.7,70.7,72.7,72.7,68.2,73.1,70.0,73.2,75.3,74.8,72.3,73.1,72.6,69.0,72.1,71.8,68.7,68.4,75.3,73.1,72.7,69.9,72.6,69.2,75.1,70.2,68.9,71.6,70.5,73.8,72.8,73.9,71.0,68.7,69.1,71.5,72.1,69.0
5280,69.7,66.3,65.9,73.4,75.2,76.0,76.0,73.3,72.0,73.3,71.6,73.1,71.7,73.5,74.5,72.9,71.7,67.5,71.4,70.6,73.2,71.6,74.2,72.5,72.3,74.0,76.7,72.5,71.1,73.5,73.9,71.5,69.7,71.5,72.3,70.4,70.5,65.1,73.1,65.5,73.1,67.4,71.5,71.2,70.4,65.4,68.8,65.7,68.6,68.9,69.5,70.4,71.4,67.3,71.8,67.7,72.0,74.0,73.0,71.4,70.9,70.8,67.4,68.9,69.7,67.0,66.2,74.4,72.1,71.6,68.6,71.3,68.0,73.5,67.4,67.6,70.7,69.7,73.0,71.6,73.0,69.6,67.8,68.2,70.3,71.0,67.9
5281,68.4,65.3,65.3,72.2,74.2,74.9,75.1,72.3,71.2,72.6,70.8,72.2,70.9,72.7,73.7,72.1,71.0,65.7,70.8,69.9,72.4,71.0,73.4,71.5,71.3,73.0,75.8,71.7,70.4,72.7,73.2,70.6,68.8,70.6,71.3,69.6,69.6,64.3,71.7,64.2,71.8,66.5,70.3,69.9,69.0,64.2,67.2,64.1,65.3,67.4,68.3,67.9,70.2,66.2,70.5,65.9,70.8,73.1,71.0,69.9,69.3,69.3,65.5,66.3,67.6,65.5,64.1,73.6,71.3,70.9,67.2,70.0,66.5,72.1,65.3,66.0,70.0,68.8,72.3,70.6,72.1,68.4,66.9,67.3,69.3,70.3,67.2
5282,67.5,64.2,64.4,70.9,73.3,74.0,74.1,71.6,70.5,71.7,70.0,71.4,70.2,71.9,73.0,71.3,70.3,64.0,69.9,69.3,71.6,70.3,72.5,70.5,70.5,72.2,75.0,71.1,69.7,72.0,72.4,70.1,68.0,69.6,70.6,68.8,68.9,63.3,70.8,62.9,70.9,65.7,69.5,68.7,67.7,63.6,65.8,62.4,62.8,65.4,67.2,66.0,68.6,65.2,69.3,63.8,69.7,71.6,69.2,68.5,67.8,67.7,63.9,63.5,65.4,63.6,61.8,72.8,70.6,70.2,65.9,68.8,65.4,70.5,63.4,64.3,69.5,68.0,71.6,69.5,70.9,67.4,66.0,66.6,68.5,69.6,66.4
5283,66.1,63.6,63.7,69.8,72.2,73.3,73.4,70.8,69.9,71.2,69.4,70.8,69.4,71.2,72.4,70.9,69.8,62.5,69.2,68.7,70.9,69.8,71.8,69.7,69.7,71.3,74.3,70.4,69.1,71.2,71.9,69.4,67.2,68.8,69.8,68.3,68.2,62.5,69.9,61.7,69.8,65.0,68.5,67.3,66.7,62.8,64.6,61.1,60.4,63.7,66.3,64.2,67.1,64.4,68.1,62.5,68.4,71.0,67.7,67.3,66.2,66.2,62.3,61.2,63.6,61.7,59.9,72.1,70.0,69.7,64.7,67.6,64.2,69.3,61.3,62.7,68.9,67.4,71.0,68.5,70.2,66.5,64.8,65.9,67.7,69.0,65.9
5284,65.0,63.0,63.0,68.7,71.3,72.5,72.6,70.0,69.3,70.7,68.8,70.1,69.0,70.6,71.4,70.3,69.3,61.0,68.6,68.2,70.2,69.2,71.2,69.0,68.8,70.7,73.7,69.9,68.5,70.6,71.1,68.7,66.6,68.1,69.1,67.5,67.3,61.6,69.1,60.8,69.0,64.5,67.7,66.3,65.7,61.7,63.4,59.7,58.6,62.4,65.4,62.6,65.7,63.7,67.0,60.7,67.2,70.2,66.6,65.6,64.8,64.8,60.9,59.1,62.3,59.8,58.0,71.6,69.4,69.1,63.5,66.8,63.2,68.2,59.8,61.4,68.5,67.0,70.5,67.8,69.3,65.7,63.1,65.5,67.1,68.2,65.5
5285,63.9,62.2,62.5,67.9,70.6,71.8,71.9,69.2,68.7,70.1,68.3,69.6,68.6,70.0,70.8,69.9,68.8,60.0,68.1,67.7,69.6,68.8,70.7,68.3,68.1,70.0,73.0,69.2,68.0,70.2,70.5,68.4,66.1,67.3,68.6,67.1,66.6,60.9,68.3,59.8,68.2,64.1,66.8,65.0,64.8,61.0,62.3,58.7,57.2,60.9,64.5,61.4,64.8,63.3,65.9,59.5,66.3,69.5,65.3,63.9,63.6,63.4,59.9,57.2,61.0,58.1,56.4,70.9,68.8,68.5,62.5,65.9,62.4,66.8,58.5,60.4,68.0,66.5,70.0,67.0,68.5,65.1,62.2,65.1,66.4,67.5,64.9
5286,65.3,63.1,64.0,67.3,70.3,71.4,71.5,68.9,69.1,70.0,69.2,69.5,69.3,69.8,70.3,69.8,68.6,63.1,68.6,69.0,69.4,68.7,70.6,68.0,67.5,69.5,72.7,68.9,68.2,70.1,70.3,68.8,65.7,67.1,68.4,66.7,67.3,61.6,67.8,60.1,67.9,65.6,66.3,65.0,65.8,61.8,62.2,61.2,58.6,59.9,63.8,61.8,64.2,64.9,65.1,61.7,65.6,69.0,64.4,65.5,65.4,61.9,61.9,58.9,60.9,60.1,56.3,70.6,69.2,69.2,62.2,65.2,63.4,66.5,61.9,59.8,68.8,67.6,69.7,66.4,67.8,64.5,61.4,66.6,66.1,67.4,64.9
5287,69.8,67.3,68.2,68.7,71.9,72.8,73.2,71.4,71.8,72.2,72.7,71.7,72.5,71.6,72.4,72.3,71.6,68.6,71.8,72.0,71.8,71.2,73.1,69.9,69.2,71.8,74.3,71.1,71.0,72.6,72.4,71.7,67.7,69.4,69.9,69.3,71.6,65.9,69.0,65.5,70.0,70.3,67.6,68.9,69.3,66.4,66.0,68.3,69.0,64.5,66.8,65.2,68.1,68.1,66.5,66.5,68.1,72.0,66.1,69.8,68.3,63.7,67.9,67.6,63.2,66.8,62.7,72.3,72.2,72.6,65.9,66.5,67.8,71.3,69.7,64.6,72.1,70.8,72.0,68.1,69.6,65.9,65.1,69.3,67.5,69.5,67.4
5288,74.2,71.5,72.5,73.0,75.1,75.4,76.2,74.2,75.2,74.8,75.9,74.6,75.9,74.2,75.6,75.5,74.8,72.4,75.3,75.3,75.0,74.4,76.4,73.0,72.9,75.1,76.5,74.3,73.4,75.6,75.2,74.6,70.6,72.4,72.2,71.9,75.7,70.2,73.2,69.9,72.8,74.6,71.0,72.8,73.4,71.9,69.9,73.6,76.5,71.1,72.3,69.5,73.2,71.9,69.5,72.1,72.1,75.7,70.2,74.0,71.2,68.3,72.5,75.5,66.7,71.9,67.8,74.8,75.4,75.5,70.8,71.3,72.1,76.6,75.4,70.4,75.6,74.4,74.8,71.6,72.9,69.2,70.4,72.1,70.3,72.5,70.5
5289,78.2,75.4,76.1,77.4,78.4,78.5,79.1,77.6,78.1,77.6,79.0,77.7,79.0,76.9,78.6,78.5,78.1,75.9,78.5,78.6,78.2,77.4,79.7,76.3,76.7,78.5,79.2,77.8,76.2,78.6,78.2,77.5,73.8,75.7,74.9,74.8,79.3,74.0,77.5,73.9,75.9,78.2,75.0,76.3,77.5,76.1,74.2,77.8,82.1,76.9,77.1,74.4,77.9,75.7,73.7,76.7,76.6,79.2,73.9,77.8,75.0,73.5,76.6,80.8,70.7,76.1,72.6,77.5,78.3,78.4,75.2,76.0,76.5,80.4,79.3,75.4,78.6,77.4,77.7,75.3,76.6,73.2,73.9,74.8,73.2,75.6,73.7
5290,81.7,79.2,79.0,81.3,81.5,81.3,82.1,81.0,80.6,80.0,81.5,80.4,81.6,79.2,81.5,81.0,81.0,79.2,81.1,81.0,80.6,80.0,82.3,78.9,80.3,81.6,81.5,80.9,78.9,81.0,81.0,79.9,76.6,78.6,77.7,77.3,82.6,77.5,81.4,77.4,79.0,81.3,78.5,79.4,81.2,79.6,78.3,81.4,86.5,81.4,80.4,79.5,82.2,78.9,78.1,80.4,80.4,82.5,77.7,80.8,79.0,77.8,80.2,84.6,74.8,79.9,76.8,79.9,80.7,81.0,79.0,79.8,80.4,83.3,82.9,79.5,81.2,79.7,80.1,79.0,79.9,76.8,76.8,77.0,76.0,78.6,76.5
5291,84.8,81.9,81.5,84.6,84.2,83.9,84.7,83.5,82.5,81.9,83.4,82.3,83.5,81.4,84.1,82.9,83.4,82.4,83.0,82.6,83.2,82.0,84.6,81.3,83.2,84.1,83.3,83.3,80.9,83.0,83.4,81.7,79.1,80.9,79.8,79.6,85.4,80.5,84.5,80.4,81.7,83.7,81.6,82.5,84.5,82.4,82.0,84.3,90.2,84.9,83.1,83.7,85.3,81.7,81.4,83.3,83.1,85.4,81.0,83.3,82.7,81.5,83.4,87.6,78.9,83.3,80.7,81.8,82.7,82.9,81.9,83.1,83.6,85.8,85.9,82.3,83.0,81.3,82.4,82.0,82.6,80.2,79.8,78.8,78.3,80.8,78.8
5292,87.3,84.2,83.3,87.0,86.3,86.1,86.7,85.5,84.2,83.6,84.9,83.9,84.9,83.1,86.0,84.5,85.3,85.5,84.4,83.9,85.1,83.6,86.3,83.4,85.7,86.3,85.1,85.2,82.5,84.7,85.4,83.3,81.1,82.8,81.8,81.5,87.3,82.7,87.0,82.8,84.1,85.5,84.2,85.0,87.3,84.3,85.2,86.4,93.0,87.5,84.6,86.7,87.8,83.9,83.5,85.6,85.1,87.3,84.1,85.2,85.7,84.3,86.0,89.9,82.7,85.8,84.0,83.4,84.2,84.4,83.9,85.8,86.0,88.1,88.4,84.3,84.2,82.8,84.2,84.6,84.7,82.7,82.3,80.1,80.4,82.5,80.7
5293,89.2,85.5,84.7,89.0,87.8,87.5,88.2,86.9,85.3,85.0,85.9,85.2,86.2,84.5,87.6,85.7,86.9,87.8,85.5,84.9,86.8,84.9,87.7,85.0,87.7,88.1,86.6,86.5,83.9,85.9,87.0,84.5,82.5,84.2,83.2,82.9,88.9,84.0,88.7,84.0,86.3,86.7,86.3,87.4,89.1,85.2,87.2,87.9,94.8,89.3,85.4,88.9,89.1,85.7,84.9,87.3,86.5,88.9,86.6,86.9,88.2,86.8,88.4,92.0,86.1,87.5,86.9,84.7,85.1,85.5,85.4,87.9,88.1,89.9,90.6,85.6,85.2,83.6,85.6,86.4,86.4,84.6,84.6,80.8,82.0,83.8,82.1
5294,90.4,85.9,85.5,90.6,89.0,88.9,89.3,87.8,86.1,85.9,86.6,85.9,86.7,85.3,88.6,86.4,87.7,89.6,86.0,85.2,87.6,85.9,88.6,86.0,89.3,89.2,87.4,87.5,85.0,86.8,87.9,85.5,83.6,85.2,84.1,84.0,90.0,84.4,90.0,84.0,87.6,87.1,87.9,88.5,90.5,84.4,88.5,88.7,95.5,90.0,85.8,90.1,89.6,86.9,86.1,88.6,87.6,89.9,88.7,87.9,89.8,88.8,90.2,93.2,88.9,88.7,89.2,85.7,85.7,86.3,85.8,89.5,89.2,91.1,92.0,86.4,85.6,84.0,86.5,87.9,87.7,86.2,86.1,81.1,83.2,84.6,83.2
5295,90.7,85.4,85.5,91.6,89.7,89.4,89.9,88.5,86.3,86.3,86.7,86.4,87.2,85.6,89.1,86.8,88.2,90.6,86.1,85.1,88.0,86.2,89.3,86.7,90.2,89.8,87.8,87.9,85.3,87.0,88.3,85.6,84.0,85.6,84.8,84.5,89.9,83.7,90.1,83.6,88.2,86.6,89.0,89.4,90.8,83.4,88.8,88.9,95.6,90.7,86.0,90.3,89.4,87.0,87.0,89.2,88.4,90.3,90.0,88.8,90.6,90.4,91.2,93.8,90.5,89.3,90.3,85.9,86.1,86.3,85.5,90.2,88.8,91.6,92.9,86.4,85.4,84.2,86.8,88.6,88.2,87.0,86.8,80.8,83.9,85.0,83.5
5296,89.9,83.8,84.9,91.5,89.6,89.5,89.9,88.4,86.0,86.2,86.1,86.4,86.6,85.5,88.9,86.6,88.0,90.7,85.8,84.8,87.8,86.1,89.3,86.4,90.1,89.9,87.5,87.7,85.3,86.9,88.3,85.3,84.0,85.7,84.8,84.5,89.1,82.1,89.6,82.7,87.4,85.5,89.2,89.5,89.9,82.2,88.5,88.5,94.9,90.0,85.6,89.5,88.8,86.1,87.2,89.4,88.7,90.4,90.8,88.9,90.5,91.3,91.4,93.7,91.2,89.4,90.2,85.9,85.8,85.9,84.9,90.4,87.6,91.7,93.0,85.9,84.8,83.6,86.7,88.8,88.4,87.1,86.8,80.2,83.9,84.8,83.7
5297,87.9,82.1,82.9,90.6,88.8,88.8,89.1,87.4,85.0,85.2,85.0,85.9,85.5,84.8,88.2,85.7,87.0,90.0,84.6,83.5,87.0,85.3,88.4,85.8,89.3,89.0,86.9,87.0,84.6,86.1,87.3,84.2,83.3,85.0,84.2,83.7,86.8,80.1,88.8,81.8,86.6,83.1,88.6,88.6,87.9,80.7,86.9,87.4,93.5,89.3,84.9,87.8,87.8,84.0,86.8,88.6,88.2,90.0,90.8,88.2,89.6,91.4,90.9,92.7,90.5,88.3,88.5,85.2,85.0,84.8,83.5,89.8,85.2,90.8,92.0,85.0,83.9,82.6,85.9,88.4,87.9,86.4,86.3,79.0,83.3,83.9,82.8
5298,84.4,78.8,79.6,89.2,87.6,87.2,87.5,85.8,83.0,83.5,82.9,84.5,83.6,83.5,86.4,84.1,85.3,87.8,82.8,81.3,85.3,83.7,86.7,84.3,87.6,87.2,85.6,85.2,82.9,84.3,85.9,82.0,81.6,83.5,82.7,82.2,84.0,77.3,87.0,79.7,84.6,79.9,86.9,86.4,84.9,77.7,85.0,85.4,90.6,87.6,83.4,85.4,86.1,80.5,85.4,87.1,87.1,88.6,90.0,86.4,87.7,90.4,88.8,90.6,88.2,85.7,85.4,83.9,83.1,82.8,81.2,87.7,82.5,89.2,89.7,83.3,81.9,80.8,84.2,86.7,86.5,84.6,84.7,77.2,81.8,82.3,81.3
5299,79.2,74.4,73.9,85.9,85.1,84.8,84.8,82.7,79.6,80.4,79.4,81.9,80.0,80.9,83.2,80.7,81.1,82.3,79.3,77.5,82.1,80.1,83.3,81.1,84.2,83.8,83.3,81.7,79.7,81.4,82.8,78.4,78.6,80.6,80.5,79.4,79.3,73.0,84.1,75.2,82.0,75.0,83.7,83.0,80.2,73.9,81.9,80.6,84.8,84.7,80.9,81.8,83.0,75.3,82.8,83.5,84.4,85.5,88.0,82.2,84.2,87.3,83.9,85.0,84.2,80.8,80.6,81.2,79.9,79.2,78.1,84.2,78.3,86.4,83.9,80.0,77.7,77.2,81.0,83.6,83.1,81.2,81.2,74.6,79.1,79.2,78.1
5300,75.9,70.9,70.9,81.4,81.8,81.8,82.0,78.5,76.6,77.7,76.2,78.8,76.5,78.1,79.7,77.5,76.4,76.2,76.2,74.9,78.5,76.6,79.1,77.0,79.3,79.2,81.3,78.0,76.0,78.3,79.1,75.2,74.6,77.3,77.6,75.6,76.2,69.8,80.1,71.8,79.2,72.1,79.1,78.2,77.0,71.0,77.7,75.6,81.3,78.8,77.2,79.0,78.8,72.1,78.7,79.1,79.9,81.3,83.7,77.4,80.9,81.1,78.2,80.0,79.7,75.1,76.0,78.7,76.7,76.2,74.8,79.1,75.0,81.5,79.1,74.7,74.9,74.1,77.4,78.5,78.6,76.7,72.0,72.5,76.0,76.0,73.6
5301,73.5,69.0,69.3,78.5,79.5,79.8,80.0,76.2,75.2,76.0,74.6,76.7,74.8,76.6,78.0,75.7,74.4,72.7,74.5,73.4,76.4,74.7,77.4,75.1,76.3,77.1,79.7,76.1,74.1,76.7,77.1,73.9,72.8,75.3,75.7,73.3,74.2,68.3,77.7,69.8,76.8,70.5,76.2,75.4,74.9,68.9,75.1,72.9,78.4,74.2,74.3,77.0,76.0,70.4,75.9,75.7,76.4,78.7,79.9,75.3,77.4,76.4,74.1,77.0,76.4,72.4,73.3,77.2,75.0,74.7,72.8,76.2,72.6,78.4,76.1,72.2,73.4,72.5,75.7,75.6,76.3,74.0,69.7,70.9,74.0,74.2,71.2
5302,71.9,67.7,67.7,76.6,77.7,78.2,78.6,74.9,73.8,75.0,73.3,75.1,73.5,75.2,76.4,74.4,73.2,70.6,73.2,72.3,74.9,73.6,76.2,74.0,74.6,75.8,78.4,74.7,72.9,75.5,76.0,73.0,71.3,73.7,74.3,72.0,72.4,66.8,75.9,68.1,75.4,69.1,74.2,73.9,73.2,67.3,72.6,70.2,75.6,72.4,72.3,74.8,74.1,68.9,74.5,72.7,74.6,76.8,76.8,73.8,75.3,74.2,71.1,74.3,74.1,70.4,70.6,76.0,73.9,73.5,71.4,74.1,70.6,76.5,73.3,70.2,72.3,71.3,74.6,73.6,74.8,72.1,69.3,69.9,72.4,72.9,69.9
5303,70.7,66.9,66.6,74.9,76.3,77.0,77.2,73.8,72.7,74.0,72.3,74.1,72.7,74.2,75.3,73.5,72.3,69.0,72.2,71.4,73.8,72.5,75.1,73.1,73.3,74.8,77.3,73.4,71.7,74.4,74.7,72.2,70.3,72.3,73.1,71.0,71.3,65.8,74.2,66.8,74.3,68.0,72.8,72.6,71.8,66.4,70.5,67.9,72.4,70.7,70.8,72.7,72.7,67.9,73.0,69.9,73.1,75.1,74.6,72.3,73.1,72.3,69.0,72.1,71.8,68.7,68.3,75.0,72.9,72.6,69.9,72.4,69.0,74.9,70.0,68.8,71.5,70.3,73.6,72.4,73.6,70.6,68.4,68.9,71.2,71.8,68.7
5304,69.4,66.0,65.6,73.2,74.9,75.8,75.8,73.0,71.8,73.1,71.6,72.9,71.7,73.3,74.3,72.7,71.5,67.2,71.3,70.5,72.9,71.5,74.1,72.1,72.2,73.8,76.4,72.3,70.9,73.3,73.6,71.4,69.4,71.1,72.0,70.1,70.4,64.9,72.9,65.4,73.2,67.2,71.3,71.0,70.1,65.4,68.6,65.6,68.4,68.7,69.6,70.2,71.3,66.9,71.7,67.7,71.8,73.8,72.7,71.3,71.0,70.6,67.4,69.0,69.7,67.0,66.1,74.2,72.0,71.6,68.6,71.1,67.7,73.3,67.3,67.6,70.7,69.6,72.8,71.2,72.8,69.3,67.7,68.0,69.9,70.8,67.7
5305,68.1,65.0,64.9,72.0,74.0,74.7,74.9,71.9,71.0,72.3,70.8,72.1,70.9,72.4,73.5,71.9,70.7,65.5,70.7,69.8,72.1,70.8,73.3,71.1,71.2,72.8,75.5,71.5,70.1,72.5,73.0,70.5,68.5,70.3,71.0,69.2,69.5,64.0,71.6,64.1,71.9,66.3,70.1,69.7,68.7,64.1,67.0,64.0,65.2,67.2,68.3,67.8,70.1,65.9,70.3,65.9,70.6,72.9,70.8,69.9,69.3,69.0,65.5,66.3,67.6,65.3,64.0,73.4,71.2,70.9,67.1,69.9,66.3,71.9,65.3,65.9,70.0,68.7,72.0,70.3,71.8,68.0,66.8,67.2,69.0,70.0,67.0
5306,67.1,63.9,64.1,70.7,73.0,73.8,74.0,71.2,70.3,71.5,70.0,71.3,70.1,71.7,72.7,71.1,70.0,63.8,69.9,69.3,71.2,70.2,72.5,70.2,70.3,72.1,74.8,70.8,69.4,71.8,72.1,70.0,67.7,69.3,70.3,68.5,68.7,63.1,70.7,62.8,71.0,65.5,69.2,68.4,67.4,63.4,65.6,62.4,62.6,65.2,67.2,65.8,68.5,64.9,69.1,63.7,69.5,71.5,69.0,68.5,67.8,67.5,63.8,63.4,65.4,63.5,61.8,72.6,70.4,70.2,65.8,68.7,65.3,70.4,63.3,64.3,69.5,68.0,71.3,69.2,70.7,67.1,65.8,66.4,68.3,69.3,66.1
5307,65.8,63.4,63.4,69.6,72.0,73.1,73.3,70.5,69.7,70.9,69.4,70.7,69.4,71.1,72.1,70.7,69.6,62.3,69.2,68.7,70.6,69.6,71.7,69.4,69.5,71.1,74.1,70.1,68.8,71.0,71.6,69.3,66.9,68.5,69.5,67.9,68.1,62.2,69.7,61.6,69.9,64.9,68.3,67.0,66.4,62.5,64.4,61.1,60.3,63.5,66.2,64.2,67.0,64.1,67.9,62.4,68.2,70.9,67.5,67.1,66.2,66.0,62.2,61.2,63.6,61.7,59.9,71.9,69.8,69.6,64.6,67.4,64.0,69.0,61.2,62.7,68.9,67.3,70.7,68.2,69.9,66.2,64.7,65.8,67.4,68.6,65.6
5308,64.7,62.8,62.7,68.6,71.1,72.2,72.4,69.7,69.1,70.4,68.7,70.0,69.0,70.4,71.2,70.1,69.1,60.8,68.6,68.2,69.9,69.0,71.1,68.6,68.6,70.4,73.5,69.6,68.2,70.4,70.8,68.6,66.3,67.8,68.9,67.2,67.2,61.4,69.0,60.7,69.0,64.3,67.5,66.1,65.4,61.4,63.1,59.7,58.4,62.3,65.4,62.6,65.5,63.4,66.8,60.6,67.0,70.1,66.4,65.5,64.8,64.5,60.8,59.0,62.2,59.8,57.9,71.4,69.2,69.0,63.3,66.5,63.1,67.8,59.7,61.3,68.5,66.9,70.3,67.5,69.1,65.4,62.9,65.4,66.8,67.9,65.2
5309,63.7,62.0,62.2,67.7,70.4,71.6,71.8,68.9,68.5,69.9,68.3,69.5,68.6,69.9,70.5,69.7,68.6,59.8,68.1,67.7,69.4,68.6,70.5,68.0,67.9,69.8,72.8,69.0,67.7,70.0,70.2,68.3,65.7,67.0,68.4,66.9,66.5,60.8,68.2,59.8,68.2,63.9,66.5,64.9,64.6,60.6,62.1,58.6,57.0,60.6,64.5,61.3,64.6,63.1,65.7,59.3,66.1,69.4,65.1,63.9,63.7,63.1,59.7,57.1,60.9,58.1,56.2,70.8,68.6,68.4,62.4,65.7,62.2,66.5,58.3,60.3,68.0,66.5,69.8,66.7,68.4,64.8,62.1,65.0,66.1,67.2,64.7
5310,65.0,62.7,63.7,67.1,70.0,71.2,71.3,68.6,68.8,69.8,69.1,69.3,69.2,69.6,70.1,69.6,68.4,62.8,68.5,68.9,69.1,68.5,70.4,67.7,67.2,69.3,72.5,68.6,67.9,69.9,69.9,68.7,65.3,66.8,68.1,66.5,67.2,61.4,67.7,59.9,67.9,65.3,66.1,64.8,65.4,61.5,62.0,61.1,58.1,59.6,63.8,61.7,63.9,64.6,64.9,61.5,65.5,68.8,64.2,65.3,65.4,61.7,61.8,58.7,60.8,60.1,56.2,70.5,69.0,69.1,62.1,65.0,63.1,66.1,61.6,59.6,68.7,67.4,69.5,66.2,67.6,64.2,61.2,66.4,65.8,67.0,64.7
5311,69.4,67.0,67.8,68.4,71.6,72.5,73.0,71.0,71.6,71.9,72.5,71.5,72.3,71.3,72.1,72.1,71.3,68.4,71.6,71.8,71.5,70.9,72.9,69.5,68.9,71.6,74.1,70.7,70.7,72.4,72.0,71.5,67.3,69.1,69.6,69.1,71.3,65.6,68.8,65.3,70.0,70.0,67.3,68.7,68.9,66.2,65.8,68.3,68.8,64.1,66.8,65.1,67.9,67.7,66.3,66.4,67.9,71.9,65.8,69.6,68.3,63.5,67.7,67.5,63.1,66.7,62.6,72.1,72.0,72.4,65.8,66.1,67.5,71.0,69.6,64.4,71.9,70.6,71.7,67.8,69.3,65.6,65.0,69.1,67.2,69.2,67.2
5312,73.8,71.2,72.1,72.6,74.8,75.1,75.8,73.9,74.9,74.4,75.7,74.3,75.7,73.9,75.2,75.2,74.5,72.2,75.0,75.1,74.7,74.1,76.0,72.6,72.5,74.8,76.2,73.8,73.2,75.3,74.9,74.4,70.3,72.1,71.9,71.6,75.4,69.9,72.9,69.8,72.9,74.3,70.7,72.6,72.9,71.7,69.7,73.7,76.5,70.9,72.3,69.4,73.1,71.5,69.3,72.0,71.9,75.5,70.0,73.9,71.3,68.0,72.4,75.3,66.6,71.8,67.7,74.5,75.1,75.2,70.8,71.0,71.7,76.4,75.2,70.3,75.3,74.1,74.5,71.2,72.7,68.8,70.3,72.0,70.0,72.2,70.3
5313,77.7,75.2,75.7,76.9,78.0,78.1,78.7,77.3,77.9,77.3,78.7,77.5,78.7,76.6,78.1,78.2,77.8,75.7,78.2,78.3,77.8,77.1,79.3,75.9,76.3,78.0,78.8,77.2,75.9,78.3,77.9,77.3,73.4,75.4,74.6,74.4,79.0,73.7,77.2,73.9,76.0,77.9,74.6,76.2,77.0,76.0,74.1,77.8,82.1,76.8,77.1,74.3,77.8,75.3,73.6,76.6,76.5,79.1,73.8,77.7,75.0,73.2,76.5,80.7,70.6,76.1,72.6,77.2,78.1,78.1,75.2,75.7,76.1,80.2,79.3,75.5,78.4,77.1,77.4,75.0,76.2,72.7,73.8,74.6,72.9,75.4,73.4
5314,81.3,79.0,78.6,80.9,81.2,80.8,81.6,80.6,80.3,79.7,81.2,80.1,81.4,78.8,81.0,80.7,80.7,79.1,80.9,80.7,80.3,79.7,81.8,78.6,79.9,81.2,81.2,80.3,78.6,80.7,80.7,79.7,76.2,78.3,77.3,77.0,82.3,77.4,81.1,77.3,79.1,81.1,78.2,79.2,80.8,79.4,78.4,81.5,86.5,81.4,80.5,79.5,82.2,78.5,78.0,80.4,80.3,82.4,77.4,80.7,78.9,77.6,80.2,84.6,74.8,79.8,76.8,79.5,80.5,80.7,79.0,79.5,80.0,83.2,82.9,79.5,80.9,79.3,79.7,78.6,79.5,76.4,76.7,76.9,75.7,78.3,76.3
5315,84.5,81.7,81.2,84.2,83.7,83.5,84.2,83.1,82.2,81.6,83.2,82.0,83.2,80.9,83.6,82.6,83.0,82.4,82.7,82.3,82.8,81.6,84.2,81.0,82.8,83.7,82.9,82.7,80.6,82.7,83.1,81.4,78.8,80.6,79.5,79.2,85.1,80.3,84.2,80.4,81.8,83.5,81.3,82.4,84.2,82.3,82.1,84.4,90.2,84.9,83.2,83.7,85.4,81.3,81.4,83.2,83.1,85.3,80.7,83.3,82.6,81.2,83.3,87.5,78.9,83.3,80.7,81.4,82.5,82.6,81.9,82.7,83.2,85.7,85.9,82.4,82.7,81.0,82.0,81.7,82.1,79.7,79.6,78.6,78.1,80.5,78.6
5316,87.0,84.1,83.0,86.7,85.8,85.7,86.2,85.1,83.8,83.3,84.7,83.6,84.7,82.7,85.5,84.1,85.0,85.5,84.2,83.7,84.7,83.2,85.9,83.1,85.3,85.8,84.7,84.7,82.2,84.4,85.0,83.1,80.7,82.5,81.5,81.1,87.1,82.6,86.7,82.8,84.1,85.4,84.0,85.0,87.0,84.2,85.2,86.5,93.1,87.5,84.7,86.7,87.9,83.4,83.5,85.6,85.0,87.3,83.8,85.2,85.7,84.1,86.0,89.9,82.8,85.8,84.0,83.0,84.0,84.1,84.0,85.5,85.7,88.1,88.4,84.4,84.0,82.5,83.7,84.2,84.3,82.2,82.2,79.9,80.1,82.2,80.4
5317,88.9,85.4,84.4,88.8,87.4,87.1,87.8,86.5,84.9,84.7,85.7,84.9,85.9,84.1,87.1,85.3,86.6,87.8,85.2,84.6,86.4,84.5,87.3,84.7,87.3,87.6,86.2,86.0,83.5,85.5,86.6,84.2,82.2,83.9,82.8,82.5,88.7,83.9,88.5,84.0,86.3,86.5,86.0,87.3,88.9,84.9,87.3,88.0,94.9,89.4,85.4,88.9,89.2,85.3,84.9,87.4,86.4,88.9,86.3,86.9,88.2,86.6,88.4,91.9,86.2,87.5,86.9,84.3,84.9,85.2,85.5,87.6,87.8,89.9,90.6,85.8,85.0,83.3,85.1,86.2,86.0,84.1,84.4,80.7,81.7,83.5,81.8
5318,90.2,85.7,85.2,90.3,88.6,88.5,89.0,87.5,85.7,85.6,86.4,85.6,86.5,84.9,88.1,86.0,87.3,89.6,85.8,85.0,87.2,85.5,88.1,85.6,89.0,88.7,87.0,87.1,84.6,86.3,87.4,85.1,83.2,84.9,83.8,83.6,89.8,84.2,89.7,84.1,87.7,86.8,87.6,88.5,90.3,84.0,88.5,88.8,95.6,90.1,85.9,90.1,89.7,86.4,86.0,88.6,87.5,89.8,88.5,88.0,89.8,88.6,90.2,93.2,89.0,88.7,89.2,85.3,85.6,86.0,85.9,89.3,89.0,91.1,92.0,86.6,85.4,83.7,86.0,87.6,87.4,85.8,85.9,81.1,82.9,84.3,82.9
5319,90.5,85.1,85.2,91.3,89.2,89.0,89.5,88.1,85.9,86.0,86.4,86.0,86.8,85.2,88.7,86.4,87.7,90.6,85.9,84.9,87.6,85.8,88.8,86.4,89.9,89.3,87.4,87.4,84.9,86.5,87.9,85.1,83.7,85.3,84.4,84.1,89.7,83.5,89.7,83.4,88.3,86.5,88.8,89.4,90.5,83.1,88.8,89.0,95.6,90.7,86.2,90.3,89.5,86.5,86.8,89.3,88.3,90.2,89.8,88.8,90.6,90.2,91.3,93.8,90.5,89.4,90.2,85.5,86.0,85.9,85.6,90.0,88.7,91.6,92.9,86.5,85.3,83.9,86.3,88.3,88.0,86.6,86.7,80.8,83.6,84.6,83.3
5320,89.6,83.6,84.5,91.3,89.3,89.1,89.5,88.0,85.6,85.8,85.8,86.0,86.3,85.1,88.5,86.2,87.6,90.8,85.6,84.6,87.4,85.6,88.9,86.1,89.8,89.4,87.1,87.3,84.9,86.4,87.8,84.8,83.7,85.4,84.5,84.1,88.9,82.0,89.1,82.6,87.4,85.4,89.0,89.4,89.7,82.1,88.5,88.6,94.9,90.0,85.9,89.5,88.9,85.6,87.0,89.5,88.5,90.3,90.6,88.9,90.5,91.1,91.4,93.7,91.3,89.5,90.3,85.5,85.5,85.6,84.9,90.2,87.6,91.6,93.0,86.0,84.6,83.3,86.2,88.5,88.2,86.6,86.6,80.1,83.6,84.5,83.4
5321,87.7,82.1,82.4,90.5,88.6,88.4,88.7,87.1,84.8,84.9,84.8,85.5,85.2,84.5,87.7,85.3,86.6,90.1,84.4,83.3,86.6,84.9,88.0,85.6,89.0,88.6,86.5,86.6,84.2,85.6,86.9,83.8,83.0,84.7,83.9,83.4,86.6,80.1,88.4,81.6,86.5,83.0,88.3,88.5,87.6,80.7,87.1,87.5,93.5,89.3,85.0,87.8,88.0,83.4,86.6,88.7,88.0,89.8,90.6,88.3,89.7,91.2,91.0,92.8,90.6,88.4,88.6,84.8,84.7,84.5,83.6,89.6,85.2,90.8,91.9,85.0,83.6,82.3,85.5,88.1,87.6,85.9,86.1,79.0,83.0,83.6,82.5
5322,84.0,78.6,79.1,89.1,87.3,86.8,87.1,85.6,82.8,83.3,82.7,84.2,83.3,83.1,86.0,83.7,84.8,87.9,82.6,81.1,84.9,83.3,86.3,84.1,87.4,86.9,85.2,84.8,82.5,83.9,85.5,81.6,81.3,83.2,82.4,81.9,83.8,77.2,86.6,79.5,84.5,79.9,86.6,86.4,84.6,77.9,85.2,85.4,90.6,87.5,83.4,85.4,86.2,80.1,85.1,87.2,86.9,88.4,89.8,86.4,87.8,90.2,88.8,90.6,88.2,85.8,85.4,83.5,82.7,82.5,81.2,87.6,82.5,89.3,89.6,83.3,81.7,80.6,83.8,86.4,86.2,84.1,84.5,77.2,81.5,82.0,81.0
5323,78.7,74.1,73.5,85.7,84.8,84.3,84.4,82.4,79.3,80.2,79.1,81.6,79.7,80.5,82.9,80.3,80.6,82.2,79.0,77.3,81.8,79.6,82.9,80.8,83.9,83.4,82.9,81.4,79.4,80.9,82.4,78.0,78.2,80.3,80.1,79.0,79.1,72.8,83.7,75.1,82.0,74.9,83.5,82.9,79.8,74.0,82.0,80.5,84.8,84.5,80.8,81.8,83.1,75.0,82.5,83.5,84.2,85.3,87.8,82.1,84.2,87.1,83.8,84.9,84.2,80.8,80.5,80.8,79.5,79.0,78.1,84.1,78.3,86.5,83.8,80.1,77.4,76.9,80.6,83.2,82.9,80.8,80.9,74.6,78.8,78.8,77.7
5324,75.7,70.6,70.5,81.1,81.6,81.5,81.7,78.1,76.4,77.5,76.0,78.4,76.2,77.8,79.4,77.0,76.0,76.0,75.9,74.8,78.2,76.2,78.8,76.6,79.0,78.8,80.9,77.7,75.6,78.0,78.7,74.8,74.3,77.0,77.3,75.0,76.1,69.6,79.7,71.6,79.2,72.0,78.9,78.1,76.7,71.1,77.8,75.5,81.3,78.5,77.1,79.0,78.8,71.8,78.4,79.1,79.6,81.1,83.5,77.3,80.9,80.7,78.0,79.9,79.7,75.0,75.9,78.4,76.5,76.0,74.9,78.9,74.9,81.5,78.9,74.6,74.7,73.8,77.1,78.2,78.4,76.5,71.7,72.4,75.7,75.7,73.3
5325,73.2,68.8,69.0,78.2,79.3,79.5,79.8,75.8,74.9,75.8,74.5,76.4,74.6,76.3,77.7,75.3,74.0,72.7,74.2,73.4,76.1,74.3,77.3,74.8,76.1,76.8,79.4,75.8,73.7,76.3,76.7,73.7,72.5,75.1,75.3,72.9,74.1,68.2,77.4,69.6,76.8,70.4,76.1,75.3,74.8,68.9,75.2,72.9,78.4,74.1,74.2,76.9,76.0,70.2,75.7,75.7,76.1,78.4,79.7,75.3,77.4,76.0,74.0,76.8,76.4,72.4,73.3,76.9,74.8,74.5,72.8,76.0,72.4,78.4,76.0,72.2,73.2,72.2,75.4,75.3,76.0,73.8,69.4,70.9,73.8,73.8,71.0
5326,71.6,67.5,67.4,76.3,77.4,78.0,78.4,74.5,73.5,74.7,73.1,74.8,73.2,74.9,76.1,74.1,72.8,70.6,73.0,72.3,74.6,73.3,76.1,73.7,74.5,75.5,78.1,74.5,72.5,75.2,75.7,72.6,71.1,73.4,73.9,71.5,72.3,66.7,75.7,68.1,75.4,69.0,74.0,73.7,73.0,67.3,72.5,70.2,75.5,72.3,72.3,74.7,74.1,68.7,74.3,72.8,74.3,76.5,76.5,73.9,75.3,73.8,71.1,74.1,74.1,70.4,70.6,75.7,73.6,73.3,71.4,73.9,70.4,76.4,73.2,70.3,72.1,71.0,74.3,73.3,74.5,71.8,68.9,69.7,72.2,72.5,69.5
5327,70.4,66.8,66.3,74.7,76.0,76.7,76.9,73.4,72.4,73.7,72.1,73.8,72.4,73.9,75.0,73.2,71.9,68.9,72.0,71.3,73.5,72.1,74.8,72.8,73.1,74.5,77.0,73.1,71.4,74.1,74.3,71.9,70.1,72.0,72.8,70.6,71.1,65.7,74.0,66.7,74.3,67.9,72.5,72.3,71.5,66.4,70.4,67.8,72.2,70.6,70.8,72.6,72.8,67.7,72.7,69.9,72.8,74.7,74.3,72.2,73.1,72.0,68.9,72.1,71.9,68.7,68.3,74.7,72.7,72.3,69.9,72.2,68.7,74.8,69.8,68.8,71.4,70.1,73.3,72.1,73.4,70.3,68.2,68.8,71.1,71.5,68.4
5328,69.1,65.9,65.4,73.0,74.7,75.5,75.6,72.6,71.5,72.8,71.3,72.7,71.4,73.0,74.0,72.4,71.1,67.1,71.1,70.5,72.6,71.2,73.9,71.8,72.0,73.5,76.1,72.1,70.5,73.1,73.3,71.1,69.2,70.8,71.7,69.6,70.2,64.8,72.7,65.3,73.2,67.1,71.2,70.7,69.9,65.3,68.4,65.6,68.3,68.5,69.5,70.1,71.4,66.6,71.4,67.6,71.6,73.5,72.5,71.3,71.0,70.3,67.2,68.8,69.7,67.1,66.1,73.9,71.7,71.4,68.6,70.8,67.5,73.1,67.2,67.6,70.6,69.3,72.5,70.9,72.5,69.1,67.5,67.9,69.8,70.4,67.3
5329,67.8,64.9,64.7,71.9,73.7,74.5,74.7,71.6,70.8,72.0,70.6,71.8,70.6,72.1,73.1,71.7,70.4,65.4,70.5,69.8,71.8,70.5,73.1,70.8,71.0,72.5,75.3,71.2,69.7,72.2,72.6,70.2,68.3,70.0,70.7,68.8,69.3,63.9,71.5,64.1,71.9,66.2,70.0,69.5,68.5,64.0,66.9,63.9,65.1,67.0,68.2,67.7,70.1,65.6,70.1,65.8,70.3,72.6,70.6,69.8,69.4,68.7,65.4,66.2,67.6,65.3,64.0,73.1,70.9,70.6,67.1,69.7,66.1,71.8,65.2,65.9,69.9,68.5,71.7,70.0,71.5,67.9,66.7,67.0,68.9,69.6,66.6
5330,66.9,63.8,63.8,70.6,72.7,73.6,73.8,70.8,70.1,71.1,69.8,71.0,69.9,71.4,72.4,70.9,69.7,63.8,69.7,69.2,70.9,69.9,72.3,69.9,70.1,71.8,74.5,70.6,69.0,71.5,71.8,69.7,67.6,69.0,70.1,68.1,68.5,63.0,70.5,62.7,71.0,65.4,69.2,68.1,67.1,63.3,65.3,62.3,62.5,65.0,67.1,65.7,68.5,64.6,68.9,63.7,69.2,71.2,68.9,68.3,67.8,67.2,63.7,63.4,65.3,63.5,61.8,72.3,70.1,69.9,65.8,68.5,65.0,70.2,63.3,64.3,69.3,67.7,71.0,69.0,70.3,67.0,65.8,66.3,68.1,68.9,65.9
5331,65.5,63.2,63.1,69.5,71.7,72.9,73.1,70.2,69.5,70.7,69.2,70.5,69.2,70.8,71.8,70.3,69.2,62.3,68.9,68.6,70.2,69.3,71.5,69.1,69.4,70.8,73.8,69.9,68.5,70.7,71.1,69.0,66.8,68.2,69.4,67.6,67.9,62.1,69.6,61.5,69.8,64.7,68.2,66.7,66.1,62.4,64.2,61.0,60.3,63.2,66.0,64.1,67.0,63.9,67.7,62.4,67.9,70.5,67.4,67.0,66.3,65.8,62.1,61.1,63.6,61.7,59.9,71.6,69.4,69.4,64.7,67.3,63.8,68.8,61.2,62.7,68.8,67.0,70.4,68.0,69.6,66.0,64.6,65.7,67.3,68.2,65.4
5332,64.5,62.5,62.5,68.5,70.9,72.1,72.2,69.5,68.9,70.2,68.5,69.8,68.8,70.2,70.8,69.8,68.7,60.8,68.4,68.1,69.5,68.7,70.9,68.4,68.5,70.1,73.1,69.3,67.9,70.1,70.4,68.4,66.2,67.6,68.7,66.9,67.0,61.2,68.9,60.6,69.0,64.2,67.4,65.8,65.2,61.2,62.9,59.7,58.4,61.9,65.3,62.5,65.5,63.2,66.5,60.5,66.8,69.8,66.3,65.4,64.8,64.3,60.7,58.9,62.2,59.9,57.9,71.0,68.9,68.7,63.3,66.4,62.9,67.5,59.6,61.2,68.2,66.7,69.9,67.3,68.8,65.3,62.9,65.2,66.6,67.5,65.0
5333,63.4,61.7,62.0,67.6,70.2,71.4,71.6,68.6,68.3,69.6,68.1,69.2,68.3,69.6,70.2,69.4,68.2,59.7,67.9,67.6,69.0,68.3,70.4,67.7,67.9,69.5,72.5,68.6,67.4,69.7,69.8,68.0,65.6,66.8,68.2,66.6,66.4,60.5,68.2,59.6,68.1,63.8,66.5,64.5,64.3,60.4,61.8,58.6,57.0,60.3,64.4,61.2,64.5,62.8,65.4,59.2,65.8,69.1,65.1,63.8,63.7,62.8,59.7,57.1,61.0,58.2,56.3,70.4,68.4,68.1,62.4,65.6,61.9,66.2,58.2,60.3,67.7,66.3,69.5,66.5,68.1,64.6,62.0,64.8,65.9,66.9,64.5
5334,64.7,62.5,63.4,67.1,69.7,71.0,71.1,68.3,68.5,69.5,68.8,69.1,69.0,69.3,69.7,69.3,68.0,62.5,68.3,68.8,68.8,68.2,70.2,67.3,67.2,69.1,72.2,68.3,67.5,69.6,69.6,68.3,65.1,66.6,68.0,66.2,67.0,61.1,67.6,59.7,67.8,65.2,66.0,64.4,65.1,61.3,61.6,61.0,57.9,59.3,63.7,61.6,63.8,64.2,64.5,61.4,65.2,68.5,64.2,65.2,65.3,61.4,61.6,58.5,60.7,60.0,56.1,70.2,68.8,68.8,62.0,64.9,62.8,65.8,61.4,59.4,68.5,67.1,69.2,66.0,67.4,64.0,61.2,66.2,65.6,66.8,64.5
5335,69.1,66.7,67.5,68.3,71.3,72.2,72.8,70.7,71.3,71.6,72.3,71.2,72.1,71.0,71.8,71.8,70.9,68.3,71.4,71.7,71.2,70.7,72.6,69.2,68.7,71.2,73.8,70.3,70.4,72.1,71.7,71.3,67.1,68.9,69.5,68.8,71.1,65.3,68.6,65.1,69.9,69.8,67.2,68.3,68.6,66.0,65.6,68.2,68.8,63.7,66.6,65.0,67.8,67.5,66.0,66.4,67.6,71.6,65.7,69.6,68.3,63.1,67.5,67.3,63.1,66.6,62.4,71.8,71.7,72.0,65.8,65.9,67.2,70.7,69.4,64.1,71.7,70.3,71.4,67.6,69.1,65.4,64.9,68.8,67.0,68.9,67.0
5336,73.6,71.0,71.8,72.4,74.5,74.8,75.5,73.6,74.7,74.2,75.5,74.1,75.5,73.7,74.8,75.0,74.2,72.2,74.8,74.9,74.3,73.9,75.7,72.4,72.3,74.4,75.9,73.5,73.0,75.0,74.6,74.2,70.1,71.8,71.8,71.3,75.2,69.7,72.6,69.7,72.8,74.2,70.5,72.4,72.6,71.6,69.6,73.7,76.5,70.6,72.2,69.4,73.0,71.4,68.9,72.0,71.6,75.3,69.9,73.9,71.2,67.8,72.3,75.2,66.6,71.8,67.7,74.3,74.8,75.0,70.8,70.8,71.5,76.2,75.1,70.2,75.1,73.9,74.2,71.0,72.4,68.6,70.2,71.7,69.8,72.0,70.0
5337,77.6,75.0,75.5,76.8,77.7,77.7,78.3,77.0,77.6,77.1,78.5,77.2,78.6,76.4,77.7,78.0,77.5,75.7,78.1,78.2,77.5,77.0,79.0,75.8,76.1,77.7,78.6,76.9,75.7,78.0,77.5,77.0,73.2,75.1,74.3,74.2,78.9,73.5,77.0,73.8,75.9,77.9,74.4,76.1,76.8,76.0,74.0,77.9,82.2,76.7,77.0,74.3,77.8,75.2,73.3,76.6,76.3,78.9,73.7,77.7,75.0,73.0,76.5,80.7,70.6,76.1,72.6,77.0,77.8,78.0,75.3,75.6,76.0,80.2,79.2,75.4,78.1,76.9,77.2,74.9,75.9,72.6,73.8,74.4,72.7,75.3,73.2
5338,81.1,78.8,78.5,80.7,80.8,80.5,81.3,80.5,80.1,79.5,81.0,79.9,81.2,78.6,80.6,80.5,80.4,79.1,80.7,80.5,80.0,79.5,81.5,78.5,79.7,80.7,80.9,80.0,78.4,80.4,80.4,79.4,76.0,78.0,77.1,76.7,82.2,77.2,80.8,77.3,79.1,81.0,78.0,79.1,80.6,79.5,78.4,81.6,86.6,81.4,80.5,79.5,82.2,78.4,77.9,80.5,80.2,82.2,77.4,80.8,79.0,77.4,80.2,84.6,74.8,80.0,76.7,79.3,80.2,80.6,79.1,79.4,79.9,83.2,82.8,79.5,80.7,79.2,79.4,78.5,79.2,76.2,76.6,76.7,75.5,78.1,76.0
5339,84.4,81.5,81.1,84.1,83.4,83.1,83.8,82.9,82.0,81.4,83.0,81.8,83.0,80.6,83.2,82.4,82.7,82.5,82.5,82.2,82.6,81.5,83.8,80.8,82.5,83.2,82.7,82.4,80.4,82.4,82.8,81.2,78.6,80.2,79.2,79.0,84.9,80.2,84.0,80.5,81.8,83.4,81.1,82.3,84.0,82.3,82.1,84.5,90.3,84.9,83.2,83.7,85.5,81.2,81.3,83.3,83.0,85.2,80.7,83.4,82.7,81.1,83.4,87.5,78.9,83.4,80.7,81.1,82.2,82.5,81.9,82.7,83.2,85.7,85.8,82.5,82.5,80.8,81.7,81.5,81.9,79.7,79.6,78.4,77.8,80.3,78.3
5340,87.0,83.8,83.0,86.6,85.5,85.3,85.8,84.9,83.5,83.1,84.4,83.4,84.5,82.4,85.1,83.9,84.7,85.6,84.0,83.5,84.5,83.0,85.6,82.8,85.0,85.4,84.5,84.3,82.0,84.1,84.8,82.8,80.5,82.2,81.2,80.9,87.1,82.4,86.5,82.9,84.1,85.3,83.8,85.0,87.0,84.2,85.3,86.6,93.2,87.7,84.8,86.7,87.9,83.3,83.5,85.7,85.0,87.3,83.8,85.4,85.9,84.0,86.1,89.8,82.9,86.0,84.0,82.7,83.7,84.1,84.1,85.4,85.7,88.1,88.3,84.6,83.7,82.3,83.4,84.1,84.0,82.2,82.2,79.8,79.8,82.0,80.1
5341,89.0,85.1,84.4,88.6,87.1,86.8,87.4,86.2,84.6,84.5,85.6,84.7,85.7,83.8,86.7,85.1,86.3,88.0,85.0,84.5,86.2,84.2,86.9,84.4,87.1,87.2,85.9,85.6,83.3,85.2,86.4,83.8,82.0,83.5,82.6,82.2,88.7,83.7,88.2,84.2,86.4,86.5,85.9,87.3,88.9,85.0,87.4,88.1,95.1,89.4,85.6,88.8,89.3,85.2,84.9,87.6,86.5,88.9,86.4,87.1,88.4,86.5,88.5,91.9,86.3,87.7,86.9,84.1,84.5,85.1,85.6,87.5,87.9,89.9,90.6,85.9,84.7,83.2,84.8,86.0,85.7,84.1,84.4,80.5,81.4,83.4,81.5
5342,90.3,85.6,85.2,90.2,88.3,88.2,88.6,87.2,85.4,85.4,86.2,85.3,86.2,84.6,87.8,85.7,87.1,89.8,85.6,84.8,87.0,85.2,87.9,85.3,88.7,88.3,86.8,86.7,84.4,86.0,87.3,84.7,83.1,84.5,83.6,83.3,89.7,84.1,89.5,84.3,87.7,86.8,87.5,88.5,90.3,84.2,88.6,88.9,95.7,90.2,86.2,90.0,89.8,86.3,86.0,88.8,87.5,89.8,88.5,88.2,90.1,88.6,90.3,93.2,89.0,88.9,89.2,85.0,85.1,85.9,86.0,89.2,89.0,91.1,92.0,86.7,85.1,83.6,85.7,87.4,87.1,85.7,85.9,81.0,82.7,84.1,82.7
5343,90.6,85.1,85.0,91.2,88.8,88.6,89.1,87.8,85.6,85.7,86.2,85.8,86.5,85.0,88.3,86.2,87.5,90.8,85.7,84.8,87.4,85.6,88.5,86.1,89.7,88.9,87.1,87.1,84.7,86.2,87.7,84.8,83.6,85.0,84.2,83.8,89.7,83.5,89.6,83.7,88.3,86.6,88.6,89.4,90.6,83.2,89.0,89.1,95.7,90.8,86.4,90.3,89.7,86.4,86.8,89.5,88.2,90.2,89.8,88.9,90.7,90.1,91.5,93.7,90.6,89.5,90.3,85.3,85.6,85.7,85.6,90.0,88.8,91.6,92.8,86.6,85.0,83.7,86.0,88.1,87.7,86.5,86.7,80.7,83.4,84.4,82.9
5344,89.8,83.6,84.4,91.0,88.9,88.7,89.1,87.7,85.3,85.6,85.5,85.7,86.0,84.8,88.1,86.0,87.3,90.9,85.3,84.4,87.1,85.4,88.6,85.9,89.6,89.0,86.9,87.0,84.7,86.1,87.5,84.5,83.6,85.1,84.2,83.8,89.1,82.0,89.0,82.9,87.7,85.4,88.8,89.4,89.8,82.3,88.7,88.6,94.9,90.2,85.9,89.5,89.1,85.5,86.9,89.6,88.5,90.3,90.6,89.0,90.7,91.0,91.6,93.7,91.3,89.6,90.2,85.3,85.1,85.5,85.0,90.2,87.6,91.6,92.9,86.1,84.4,83.2,85.9,88.3,88.0,86.5,86.5,79.9,83.5,84.2,83.0
5345,87.7,82.1,82.2,90.2,88.2,88.0,88.3,86.8,84.5,84.6,84.6,85.2,85.0,84.1,87.3,85.0,86.3,90.1,84.1,83.1,86.3,84.5,87.7,85.4,88.8,88.2,86.3,86.2,84.0,85.3,86.6,83.5,82.9,84.4,83.5,83.0,86.7,80.2,88.3,81.9,86.8,82.9,88.1,88.5,87.7,80.8,87.2,87.5,93.5,89.4,85.0,87.8,88.2,83.2,86.6,88.8,88.0,89.9,90.6,88.4,89.8,91.1,91.1,92.6,90.6,88.5,88.5,84.5,84.3,84.4,83.6,89.5,85.2,90.8,91.8,85.1,83.4,82.2,85.1,87.9,87.4,85.7,86.0,78.8,82.9,83.4,82.2
5346,84.0,78.5,78.9,88.9,86.9,86.5,86.8,85.2,82.5,83.0,82.4,84.0,83.0,82.7,85.6,83.3,84.5,87.9,82.3,80.9,84.6,82.9,86.0,83.8,87.1,86.5,84.9,84.4,82.2,83.6,85.1,81.2,81.1,82.9,82.1,81.6,83.9,77.2,86.5,79.6,84.8,79.8,86.4,86.4,84.5,77.9,85.3,85.4,90.4,87.6,83.5,85.3,86.3,79.9,85.2,87.2,87.0,88.4,89.8,86.5,87.9,90.2,88.8,90.4,88.3,85.8,85.4,83.2,82.4,82.3,81.2,87.5,82.4,89.4,89.5,83.4,81.4,80.4,83.5,86.1,85.9,83.9,84.4,77.0,81.3,81.7,80.6
5347,78.6,74.0,73.2,85.5,84.4,84.0,84.0,82.0,79.0,79.9,78.9,81.2,79.4,80.1,82.5,79.9,80.3,82.1,78.8,77.1,81.4,79.3,82.6,80.5,83.6,83.0,82.5,81.0,79.1,80.6,82.0,77.6,78.0,80.0,79.8,78.7,79.1,72.8,83.5,75.3,82.2,74.8,83.2,82.9,79.7,74.0,82.1,80.4,84.7,84.5,80.8,81.7,83.2,74.6,82.5,83.4,84.1,85.3,87.7,82.0,84.3,86.9,83.8,84.7,84.2,80.7,80.4,80.5,79.1,78.7,78.1,83.9,78.2,86.5,83.5,80.1,77.1,76.6,80.3,82.9,82.6,80.6,80.8,74.5,78.7,78.6,77.3
5348,75.5,70.5,70.3,80.9,81.2,81.1,81.3,77.7,76.1,77.3,75.9,78.1,75.8,77.6,79.1,76.8,75.7,76.1,75.7,74.6,77.8,76.0,78.5,76.3,78.7,78.5,80.5,77.4,75.4,77.7,78.4,74.5,74.1,76.7,77.0,74.7,76.0,69.5,79.4,71.7,79.3,71.8,78.7,78.0,76.5,71.2,78.0,75.5,81.2,78.5,77.0,78.9,78.9,71.6,78.3,79.0,79.4,81.0,83.4,77.3,80.9,80.5,78.1,79.8,79.7,75.1,75.9,78.1,76.2,75.8,74.8,78.7,74.8,81.4,78.8,74.5,74.4,73.7,76.9,77.8,78.1,76.2,71.5,72.3,75.5,75.5,73.0
5349,73.0,68.6,68.8,78.0,78.9,79.2,79.5,75.5,74.6,75.5,74.2,76.1,74.2,76.0,77.4,75.1,73.8,72.9,74.0,73.2,75.7,74.1,77.0,74.5,75.9,76.6,79.1,75.5,73.4,76.1,76.4,73.4,72.3,74.8,75.1,72.6,73.9,68.1,77.2,69.6,76.9,70.3,75.9,75.2,74.6,69.0,75.2,72.9,78.3,74.0,74.1,76.8,76.0,70.0,75.6,75.7,75.9,78.3,79.5,75.5,77.4,75.9,74.2,76.6,76.4,72.5,73.2,76.6,74.5,74.2,72.8,75.9,72.4,78.3,75.9,72.1,72.9,72.1,75.3,74.9,75.7,73.6,69.3,70.8,73.6,73.5,70.7
5350,71.5,67.3,67.2,76.1,77.0,77.7,78.1,74.2,73.3,74.4,72.9,74.5,72.9,74.6,75.8,73.8,72.5,70.7,72.7,72.1,74.2,73.0,75.8,73.3,74.2,75.3,77.9,74.2,72.1,74.9,75.4,72.4,70.9,73.1,73.8,71.2,72.1,66.5,75.5,68.1,75.5,68.9,73.9,73.6,72.8,67.4,72.5,70.1,75.4,72.3,72.2,74.7,74.2,68.5,74.2,72.8,74.2,76.3,76.4,73.9,75.4,73.6,71.4,73.7,74.0,70.4,70.4,75.4,73.3,73.1,71.3,73.8,70.4,76.3,73.1,70.1,71.8,70.9,74.0,72.9,74.2,71.6,68.8,69.7,72.0,72.2,69.3
5351,70.3,66.6,66.1,74.5,75.6,76.5,76.7,73.0,72.2,73.4,71.8,73.5,72.1,73.6,74.7,73.0,71.6,69.0,71.8,71.1,73.1,71.9,74.6,72.4,72.8,74.2,76.7,72.9,71.0,73.7,73.9,71.6,69.9,71.8,72.6,70.2,71.1,65.5,73.8,66.6,74.3,67.8,72.3,72.3,71.3,66.5,70.3,67.8,72.1,70.6,70.7,72.6,72.7,67.4,72.7,70.0,72.8,74.7,74.2,72.3,73.2,71.7,69.2,71.8,71.8,68.7,68.1,74.3,72.4,72.1,69.9,72.1,68.7,74.6,69.6,68.6,71.0,70.0,73.0,71.8,73.0,70.1,68.0,68.7,70.8,71.2,68.2
5352,69.0,65.7,65.1,72.8,74.2,75.3,75.4,72.2,71.3,72.4,71.1,72.4,71.2,72.7,73.7,72.1,70.7,67.2,70.9,70.3,72.2,70.9,73.7,71.5,71.7,73.3,75.8,71.8,70.1,72.8,72.9,70.8,69.0,70.5,71.5,69.3,70.1,64.6,72.5,65.3,73.3,67.0,71.0,70.7,69.8,65.3,68.3,65.5,68.2,68.5,69.5,70.0,71.3,66.4,71.4,67.7,71.5,73.4,72.4,71.3,71.0,69.9,67.5,68.6,69.6,67.1,65.9,73.6,71.5,71.2,68.4,70.7,67.4,73.0,67.1,67.4,70.3,69.2,72.2,70.6,72.1,68.8,67.4,67.7,69.6,70.1,67.2
5353,67.7,64.8,64.5,71.7,73.2,74.3,74.5,71.2,70.5,71.7,70.4,71.6,70.4,71.8,72.9,71.4,70.0,65.5,70.3,69.6,71.4,70.2,73.0,70.6,70.6,72.3,74.9,71.0,69.4,71.9,72.3,70.0,68.2,69.7,70.5,68.5,69.2,63.8,71.3,64.0,72.0,66.1,69.8,69.4,68.3,64.1,66.8,63.9,64.9,66.9,68.1,67.7,70.0,65.4,70.1,65.9,70.2,72.5,70.5,69.7,69.5,68.5,65.6,66.0,67.4,65.3,63.8,72.8,70.6,70.5,66.9,69.5,66.0,71.5,65.0,65.8,69.6,68.4,71.4,69.6,71.2,67.6,66.6,66.9,68.7,69.3,66.4
5354,66.8,63.7,63.6,70.4,72.3,73.4,73.7,70.4,70.0,70.8,69.6,70.8,69.7,71.1,72.2,70.5,69.3,64.0,69.5,69.0,70.6,69.6,72.1,69.7,69.7,71.5,74.2,70.3,68.7,71.2,71.4,69.4,67.4,68.8,69.9,67.8,68.3,62.9,70.4,62.6,70.9,65.2,68.9,68.1,66.9,63.4,65.2,62.3,62.3,64.9,67.0,65.7,68.4,64.4,68.9,63.7,69.2,71.2,68.9,68.3,67.9,67.0,63.9,63.1,65.2,63.5,61.6,72.0,69.9,69.8,65.6,68.4,64.9,69.9,63.2,64.2,69.1,67.8,70.7,68.6,70.0,66.7,65.8,66.1,67.9,68.6,65.7
5355,65.4,63.1,62.9,69.4,71.3,72.7,72.9,69.8,69.3,70.4,69.0,70.2,69.0,70.5,71.5,70.1,68.8,62.5,68.8,68.4,69.9,69.1,71.3,68.9,69.0,70.6,73.4,69.6,68.2,70.4,70.8,68.8,66.6,68.0,69.2,67.3,67.7,62.0,69.4,61.4,69.8,64.6,68.0,66.6,65.9,62.4,64.0,60.9,60.1,63.1,66.0,64.0,66.7,63.7,67.7,62.4,68.0,70.5,67.5,66.9,66.4,65.6,62.3,60.8,63.5,61.7,59.8,71.3,69.2,69.3,64.4,67.1,63.7,68.6,61.1,62.6,68.5,67.0,70.1,67.6,69.3,65.8,64.7,65.5,67.1,68.0,65.1
5356,64.4,62.3,62.3,68.3,70.6,71.9,72.1,69.1,68.7,69.9,68.3,69.6,68.7,69.9,70.5,69.5,68.3,61.0,68.3,68.0,69.3,68.5,70.7,68.1,68.2,69.9,72.8,69.0,67.6,69.9,70.1,68.2,66.0,67.4,68.5,66.6,66.9,61.1,68.6,60.5,68.9,64.1,67.1,65.6,65.0,61.3,62.8,59.6,58.2,61.7,65.1,62.5,65.2,63.0,66.6,60.6,66.8,69.8,66.3,65.2,65.0,64.0,61.0,58.8,62.1,59.9,57.9,70.7,68.8,68.6,63.0,66.3,62.6,67.2,59.5,61.1,68.0,66.7,69.6,67.0,68.4,65.1,62.9,65.0,66.4,67.3,64.7
5357,63.3,61.5,61.9,67.4,69.8,71.2,71.4,68.3,68.1,69.3,67.9,69.0,68.2,69.3,69.9,69.1,67.9,59.9,67.8,67.4,68.8,68.0,70.2,67.5,67.5,69.2,72.2,68.4,67.2,69.5,69.5,67.8,65.3,66.5,68.0,66.3,66.2,60.4,68.0,59.4,68.1,63.7,66.2,64.4,64.1,60.5,61.7,58.4,56.7,60.1,64.3,61.2,64.2,62.6,65.4,59.3,65.9,69.0,65.1,63.8,63.8,62.6,59.9,57.0,60.9,58.3,56.2,70.2,68.2,68.1,62.1,65.4,61.7,65.9,58.1,60.1,67.5,66.2,69.2,66.3,67.8,64.4,62.0,64.6,65.7,66.7,64.3
5358,64.5,62.2,63.2,66.9,69.4,70.7,70.8,68.0,68.3,69.2,68.6,68.8,68.8,69.0,69.4,69.1,67.8,62.6,68.1,68.6,68.5,67.9,70.0,67.1,67.0,68.8,71.9,68.0,67.3,69.4,69.3,68.1,64.9,66.4,67.8,65.9,66.8,60.9,67.4,59.6,67.7,65.0,65.7,64.1,64.9,61.3,61.4,60.8,57.6,59.1,63.6,61.6,63.5,64.0,64.5,61.4,65.3,68.4,64.2,65.1,65.4,61.3,61.8,58.3,60.6,60.0,55.9,69.9,68.5,68.6,61.8,64.8,62.6,65.5,61.3,59.3,68.2,67.1,68.9,65.8,67.1,63.8,61.2,65.9,65.4,66.5,64.2
5359,68.9,66.4,67.3,68.0,71.0,72.0,72.5,70.4,71.1,71.3,72.1,70.9,71.9,70.8,71.4,71.6,70.6,68.3,71.2,71.5,70.9,70.4,72.4,69.0,68.5,70.9,73.5,70.0,70.0,71.8,71.4,71.1,66.9,68.6,69.3,68.6,70.9,65.1,68.4,65.1,69.8,69.7,67.0,68.1,68.4,65.9,65.4,68.1,68.5,63.5,66.6,65.0,67.5,67.2,66.0,66.2,67.5,71.5,65.7,69.3,68.3,62.9,67.5,67.1,62.9,66.5,62.2,71.5,71.5,71.9,65.5,65.8,66.9,70.4,69.3,63.9,71.4,70.2,71.2,67.4,68.8,65.1,64.8,68.6,66.8,68.6,66.8
5360,73.3,70.8,71.6,72.1,74.1,74.5,75.2,73.4,74.5,74.0,75.3,73.8,75.3,73.4,74.5,74.8,73.9,72.1,74.6,74.8,74.1,73.7,75.4,72.2,72.1,74.1,75.7,73.2,72.7,74.8,74.3,74.0,69.9,71.6,71.6,71.1,75.0,69.4,72.4,69.7,72.7,74.2,70.3,72.2,72.4,71.5,69.5,73.7,76.3,70.4,72.1,69.4,72.8,71.1,68.9,71.7,71.5,75.2,69.9,73.6,71.2,67.5,72.2,75.1,66.4,71.7,67.5,74.1,74.7,74.9,70.7,70.6,71.2,76.0,75.0,69.9,74.9,73.7,74.0,70.7,72.2,68.3,70.2,71.5,69.6,71.8,69.8
5361,77.4,74.7,75.3,76.5,77.5,77.5,78.1,76.9,77.4,76.9,78.4,77.1,78.4,76.2,77.4,77.9,77.3,75.6,77.9,78.0,77.3,76.8,78.7,75.6,75.9,77.4,78.3,76.6,75.5,77.8,77.3,76.9,73.0,75.0,74.2,74.0,78.7,73.3,76.7,73.7,75.8,77.8,74.2,75.9,76.6,75.9,73.9,77.9,82.1,76.5,77.0,74.4,77.7,74.9,73.2,76.4,76.1,78.8,73.7,77.4,75.0,72.8,76.4,80.6,70.4,76.0,72.4,76.8,77.7,77.9,75.3,75.4,75.7,80.0,79.1,75.2,77.9,76.8,77.0,74.6,75.7,72.3,73.8,74.2,72.5,75.1,73.0
5362,81.0,78.5,78.4,80.5,80.7,80.2,81.0,80.3,79.9,79.3,80.9,79.7,81.0,78.4,80.4,80.3,80.2,79.0,80.6,80.4,79.8,79.3,81.2,78.3,79.5,80.5,80.7,79.7,78.3,80.1,80.2,79.3,75.9,77.8,76.9,76.6,82.0,77.0,80.5,77.3,79.0,81.0,77.9,78.9,80.4,79.4,78.3,81.6,86.6,81.2,80.5,79.5,82.2,78.2,77.7,80.2,80.0,82.1,77.4,80.6,78.9,77.2,80.1,84.5,74.7,79.7,76.6,79.1,80.2,80.4,79.1,79.3,79.7,83.1,82.8,79.3,80.5,79.1,79.2,78.2,79.0,76.1,76.7,76.5,75.3,78.1,75.9
5363,84.2,81.2,80.9,83.9,83.3,82.9,83.5,82.8,81.8,81.2,82.8,81.7,82.8,80.5,82.9,82.2,82.5,82.3,82.4,82.1,82.3,81.3,83.6,80.6,82.3,83.1,82.5,82.1,80.3,82.2,82.6,81.1,78.4,80.1,79.1,78.8,84.7,80.0,83.7,80.4,81.8,83.4,81.0,82.1,83.9,82.2,82.1,84.5,90.3,84.8,83.2,83.7,85.5,81.1,81.0,83.0,82.7,85.0,80.7,83.2,82.6,81.0,83.3,87.5,78.8,83.2,80.6,80.9,82.2,82.3,82.0,82.5,83.1,85.8,85.9,82.4,82.4,80.7,81.5,81.3,81.7,79.6,79.6,78.3,77.6,80.2,78.2
5364,86.8,83.5,82.8,86.3,85.4,85.1,85.6,84.8,83.3,83.0,84.3,83.3,84.3,82.2,84.9,83.7,84.5,85.5,83.8,83.5,84.3,82.7,85.3,82.7,84.8,85.2,84.3,84.0,81.9,83.8,84.6,82.6,80.4,82.1,81.1,80.7,86.9,82.1,86.2,82.8,84.1,85.2,83.7,84.9,86.8,84.1,85.4,86.7,93.1,87.5,84.8,86.7,87.9,83.1,83.2,85.5,84.7,87.0,83.8,85.1,85.7,83.9,85.9,89.8,82.8,85.8,84.0,82.6,83.6,83.9,84.1,85.2,85.5,88.2,88.4,84.5,83.6,82.2,83.2,83.8,83.9,82.1,82.2,79.6,79.7,81.9,80.0
5365,88.8,84.8,84.1,88.4,87.0,86.6,87.3,86.1,84.4,84.3,85.4,84.5,85.6,83.5,86.6,85.0,86.1,87.8,84.9,84.5,86.0,84.1,86.7,84.3,86.9,87.1,85.8,85.4,83.2,84.9,86.2,83.6,81.9,83.5,82.4,82.1,88.4,83.4,87.9,84.1,86.4,86.3,85.6,87.3,88.8,84.8,87.5,88.1,95.1,89.3,85.7,88.8,89.4,85.0,84.7,87.4,86.2,88.8,86.3,87.0,88.1,86.4,88.3,91.9,86.2,87.5,86.9,83.9,84.5,84.9,85.6,87.4,87.7,90.0,90.6,85.9,84.6,83.1,84.6,85.9,85.6,84.1,84.4,80.4,81.3,83.2,81.4
5366,90.1,85.3,84.9,90.0,88.2,88.0,88.5,87.0,85.2,85.2,86.1,85.2,86.0,84.4,87.6,85.6,86.9,89.6,85.4,84.8,86.8,85.1,87.7,85.3,88.4,88.2,86.6,86.5,84.3,85.7,87.1,84.6,83.0,84.5,83.4,83.2,89.5,83.9,89.2,84.2,87.7,86.7,87.3,88.5,90.2,84.2,88.7,88.8,95.9,90.1,86.2,90.1,90.0,86.1,85.8,88.6,87.4,89.6,88.3,88.0,89.8,88.5,90.2,93.2,88.9,88.7,89.2,84.8,85.0,85.7,86.1,89.0,88.9,91.1,92.1,86.7,85.0,83.5,85.5,87.4,86.9,85.7,85.9,80.8,82.5,84.0,82.5
5367,90.4,84.8,84.8,90.9,88.7,88.4,89.0,87.6,85.4,85.6,86.1,85.6,86.3,84.8,88.0,86.0,87.4,90.6,85.5,84.8,87.2,85.4,88.3,85.9,89.4,88.8,87.0,86.9,84.5,85.9,87.6,84.7,83.4,84.9,84.0,83.5,89.5,83.2,89.3,83.8,88.4,86.5,88.3,89.5,90.5,83.3,89.0,89.1,95.8,90.6,86.4,90.4,89.8,86.2,86.6,89.3,88.0,90.1,89.6,88.7,90.5,89.9,91.3,93.7,90.6,89.3,90.2,85.2,85.4,85.6,85.8,89.8,88.7,91.7,92.8,86.7,84.8,83.6,85.8,88.1,87.5,86.5,86.6,80.6,83.2,84.3,82.7
5368,89.6,83.2,84.2,90.7,88.6,88.5,88.9,87.5,85.1,85.5,85.4,85.5,85.9,84.7,87.8,85.8,87.2,90.7,85.2,84.4,87.0,85.2,88.4,85.7,89.3,88.8,86.7,86.7,84.5,85.9,87.3,84.4,83.4,84.9,84.0,83.6,88.8,81.6,88.7,83.1,87.7,85.1,88.5,89.5,89.6,82.4,88.7,88.6,95.0,90.1,85.9,89.6,89.2,85.3,86.7,89.4,88.3,90.3,90.3,88.8,90.4,90.8,91.4,93.7,91.3,89.4,90.1,85.1,84.9,85.3,85.2,90.0,87.5,91.6,92.9,86.1,84.3,83.1,85.8,88.3,87.8,86.4,86.4,79.8,83.4,84.1,82.9
5369,87.5,81.7,82.1,89.8,87.9,87.7,88.1,86.6,84.2,84.6,84.4,85.0,84.8,84.0,87.1,84.8,86.2,89.9,84.1,83.1,86.1,84.3,87.5,85.2,88.5,88.0,86.2,86.0,83.8,85.0,86.4,83.2,82.7,84.2,83.3,82.8,86.4,79.9,87.9,82.1,86.8,82.8,87.8,88.8,87.5,80.9,87.3,87.6,93.7,89.4,84.9,87.8,88.2,83.1,86.4,88.6,87.8,89.8,90.3,88.2,89.5,90.9,90.9,92.7,90.5,88.2,88.5,84.4,84.0,84.2,83.7,89.2,85.2,90.8,91.8,85.1,83.3,82.1,84.9,87.8,87.2,85.6,85.9,78.6,82.8,83.2,82.0
5370,83.8,78.2,78.7,88.5,86.6,86.1,86.5,84.9,82.2,82.9,82.2,83.7,82.9,82.5,85.3,83.1,84.3,87.6,82.1,80.8,84.3,82.7,85.8,83.5,86.7,86.2,84.7,84.1,82.0,83.3,84.9,81.0,81.0,82.8,81.9,81.4,83.6,77.0,86.1,79.7,84.8,79.7,86.1,86.7,84.3,77.9,85.4,85.5,90.5,87.7,83.4,85.4,86.3,79.6,84.9,86.9,86.7,88.3,89.5,86.2,87.5,89.9,88.5,90.4,88.2,85.4,85.3,83.0,82.2,82.2,81.3,87.1,82.5,89.4,89.5,83.4,81.3,80.3,83.2,86.0,85.6,83.9,84.2,76.8,81.3,81.5,80.4
5371,78.4,73.6,72.9,85.1,84.1,83.6,83.7,81.7,78.7,79.7,78.6,80.9,79.1,79.9,82.1,79.7,79.9,81.7,78.6,77.1,81.1,79.1,82.3,80.2,83.2,82.7,82.3,80.7,78.8,80.3,81.7,77.4,77.9,79.8,79.7,78.5,78.8,72.5,83.1,75.3,82.1,74.6,82.9,83.2,79.5,74.1,82.1,80.4,84.6,84.5,80.7,81.8,83.3,74.4,82.2,83.0,83.7,85.1,87.4,81.7,84.0,86.5,83.5,84.7,84.1,80.3,80.3,80.2,78.9,78.5,78.2,83.5,78.1,86.5,83.4,80.0,76.9,76.5,80.0,82.6,82.3,80.5,80.4,74.3,78.6,78.3,77.1
5372,75.2,70.2,70.1,80.6,80.9,80.8,81.0,77.5,75.8,77.0,75.6,77.8,75.6,77.3,78.8,76.6,75.4,76.0,75.5,74.6,77.5,75.7,78.3,76.2,78.4,78.3,80.3,77.1,75.0,77.6,78.1,74.3,74.0,76.6,76.8,74.5,75.9,69.3,79.0,71.8,79.4,71.7,78.3,78.2,76.3,71.1,78.0,75.4,81.2,78.4,76.9,79.0,78.9,71.3,78.1,78.7,79.1,80.9,83.0,77.0,80.6,80.1,78.0,79.8,79.6,74.9,75.9,77.8,76.0,75.5,74.8,78.4,74.7,81.4,78.7,74.3,74.2,73.6,76.6,77.6,77.8,76.1,71.3,72.1,75.4,75.2,72.8
5373,72.8,68.2,68.5,77.7,78.6,79.0,79.2,75.2,74.4,75.3,74.0,75.8,74.1,75.8,77.1,74.9,73.5,72.8,73.8,73.2,75.5,73.9,76.7,74.3,75.7,76.3,78.8,75.2,73.1,76.0,76.2,73.2,72.1,74.7,75.0,72.4,73.7,67.8,76.9,69.6,77.0,70.0,75.6,75.4,74.4,68.9,75.1,72.9,78.3,73.9,74.0,76.8,76.1,69.7,75.5,75.5,75.8,78.2,79.2,75.1,77.2,75.6,74.1,76.4,76.3,72.2,73.1,76.4,74.4,74.0,72.8,75.6,72.3,78.2,75.7,72.0,72.8,72.0,75.0,74.7,75.5,73.5,69.3,70.6,73.5,73.2,70.6
5374,71.2,66.9,66.9,75.8,76.7,77.5,77.8,74.0,73.0,74.2,72.7,74.2,72.8,74.4,75.7,73.6,72.3,70.6,72.6,72.1,74.0,72.8,75.7,73.1,74.0,74.9,77.6,73.9,71.8,74.8,75.0,72.3,70.8,73.1,73.7,71.1,71.9,66.2,75.1,68.0,75.4,68.7,73.6,73.7,72.6,67.4,72.4,70.1,75.4,72.0,72.1,74.7,74.3,68.2,74.0,72.5,74.0,76.1,76.1,73.6,75.3,73.3,71.2,73.7,73.9,70.2,70.3,75.2,73.3,72.9,71.3,73.6,70.3,76.2,72.9,70.0,71.8,70.9,73.7,72.8,74.0,71.4,68.8,69.5,71.9,72.0,69.2
5375,70.1,66.3,65.9,74.2,75.3,76.3,76.4,72.8,71.9,73.1,71.8,73.2,72.0,73.3,74.5,72.7,71.3,69.0,71.7,71.2,72.9,71.6,74.5,72.3,72.5,73.9,76.5,72.7,70.8,73.7,73.6,71.5,69.7,71.7,72.5,70.2,70.9,65.2,73.5,66.5,74.3,67.7,72.1,72.4,71.1,66.4,70.2,67.8,72.0,70.4,70.8,72.5,72.8,67.2,72.5,69.8,72.5,74.4,73.9,72.1,73.0,71.4,69.1,71.5,71.7,68.5,68.1,74.1,72.4,71.9,69.9,71.8,68.6,74.6,69.3,68.6,71.0,69.8,72.7,71.6,72.8,69.9,67.9,68.5,70.7,70.9,68.1
5376,68.8,65.5,64.9,72.5,73.9,75.1,75.2,71.9,71.1,72.3,71.0,72.1,71.0,72.5,73.5,71.9,70.5,67.2,70.8,70.4,72.0,70.7,73.5,71.4,71.5,73.0,75.6,71.7,69.9,72.8,72.7,70.7,68.8,70.3,71.4,69.2,69.8,64.4,72.3,65.2,73.2,66.9,70.7,70.7,69.5,65.2,68.2,65.5,68.1,68.4,69.5,70.0,71.3,66.2,71.2,67.5,71.2,73.1,72.2,71.0,70.9,69.6,67.5,68.3,69.4,66.8,65.8,73.4,71.4,71.1,68.5,70.5,67.3,73.1,66.8,67.3,70.3,69.1,71.9,70.4,71.9,68.7,67.2,67.6,69.4,69.9,67.1
5377,67.5,64.6,64.2,71.4,72.9,74.1,74.2,71.0,70.3,71.4,70.2,71.3,70.3,71.6,72.7,71.1,69.7,65.5,70.2,69.7,71.1,69.9,72.7,70.5,70.5,72.0,74.6,70.7,69.1,71.8,72.0,69.8,68.0,69.5,70.4,68.3,68.9,63.6,71.1,63.9,71.9,66.0,69.6,69.4,68.1,64.0,66.7,63.8,64.7,66.6,68.0,67.6,70.1,65.0,69.9,65.7,69.9,72.2,70.3,69.4,69.4,68.2,65.6,65.5,67.3,65.1,63.7,72.6,70.6,70.4,66.9,69.3,65.9,71.6,64.7,65.7,69.6,68.4,71.2,69.5,70.9,67.5,66.6,66.7,68.4,69.1,66.4
5378,66.6,63.5,63.4,70.3,72.0,73.2,73.4,70.2,69.8,70.5,69.5,70.5,69.6,70.8,72.0,70.3,69.1,63.9,69.4,69.0,70.3,69.4,71.8,69.6,69.6,71.3,73.9,70.1,68.5,71.1,71.2,69.3,67.2,68.5,69.7,67.6,68.1,62.6,70.2,62.5,70.8,65.2,68.7,68.2,66.7,63.3,65.1,62.2,62.2,64.6,66.9,65.7,68.4,64.1,68.7,63.6,68.9,70.9,68.7,68.0,67.7,66.7,63.9,62.8,65.0,63.3,61.5,71.7,69.8,69.7,65.5,68.2,64.7,70.0,63.0,64.1,69.1,67.7,70.5,68.4,69.8,66.5,65.8,65.9,67.6,68.4,65.7
5379,65.2,62.8,62.7,69.2,71.1,72.5,72.7,69.5,69.1,70.1,68.8,70.0,68.9,70.2,71.3,69.9,68.6,62.5,68.7,68.5,69.7,68.9,71.0,68.7,68.9,70.3,73.2,69.4,67.9,70.3,70.6,68.7,66.4,67.8,69.0,67.0,67.4,61.7,69.3,61.4,69.8,64.5,67.8,66.6,65.7,62.2,63.8,60.8,59.9,62.8,65.9,64.0,66.8,63.4,67.4,62.3,67.7,70.3,67.3,66.6,66.3,65.4,62.4,60.6,63.4,61.6,59.7,71.1,69.2,69.2,64.3,67.0,63.5,68.7,61.0,62.4,68.5,67.0,69.8,67.4,69.1,65.6,64.7,65.3,66.8,67.7,65.1
5380,64.2,62.1,62.2,68.2,70.3,71.7,71.9,68.9,68.5,69.6,68.3,69.4,68.6,69.7,70.3,69.3,68.1,61.0,68.2,68.0,69.1,68.3,70.4,68.0,68.1,69.7,72.5,68.8,67.4,69.8,69.9,68.1,65.8,67.2,68.3,66.4,66.7,60.8,68.5,60.4,68.9,63.8,66.9,65.6,64.7,61.1,62.6,59.5,58.0,61.5,65.0,62.4,65.2,62.7,66.3,60.5,66.5,69.5,66.1,65.0,64.9,63.9,60.9,58.6,61.9,59.7,57.8,70.5,68.7,68.5,62.9,66.1,62.4,67.2,59.4,60.9,67.9,66.6,69.4,66.8,68.3,64.8,63.0,64.8,66.2,67.1,64.6
5381,63.0,61.2,61.7,67.3,69.6,71.0,71.2,68.1,68.0,69.1,67.8,68.9,68.1,69.1,69.8,68.9,67.6,59.9,67.7,67.5,68.5,67.8,69.9,67.3,67.5,69.0,72.0,68.2,67.0,69.3,69.3,67.7,65.1,66.3,67.9,66.1,66.0,60.1,67.8,59.3,68.0,63.5,66.0,64.3,63.8,60.3,61.5,58.3,56.6,59.9,64.2,61.1,64.1,62.3,65.2,59.2,65.7,68.7,64.9,63.5,63.8,62.5,59.9,56.8,60.7,58.1,56.1,69.9,68.2,68.0,62.0,65.3,61.5,65.8,58.0,59.9,67.5,66.2,68.9,66.1,67.7,64.1,62.0,64.4,65.6,66.5,64.1
5382,64.2,61.9,62.9,66.7,69.2,70.6,70.6,67.7,68.1,69.0,68.6,68.7,68.7,68.7,69.2,68.9,67.5,62.3,68.1,68.5,68.3,67.6,69.7,66.8,66.8,68.5,71.6,67.8,67.0,69.1,69.0,68.0,64.7,66.1,67.6,65.7,66.6,60.6,67.3,59.4,67.6,64.7,65.5,64.1,64.6,61.0,61.2,60.6,57.2,58.9,63.4,61.5,63.4,63.7,64.3,61.2,65.0,68.1,63.9,64.7,65.3,61.1,61.6,58.0,60.4,59.7,55.7,69.6,68.5,68.5,61.6,64.6,62.3,65.4,61.1,59.0,68.1,67.0,68.7,65.7,67.0,63.5,61.1,65.7,65.2,66.3,64.0
5383,68.6,66.2,67.1,67.8,70.8,71.8,72.3,70.2,70.9,71.1,72.1,70.7,71.8,70.5,71.3,71.4,70.3,68.0,71.1,71.4,70.7,70.2,72.2,68.8,68.2,70.7,73.2,69.8,69.7,71.6,71.1,71.0,66.7,68.4,69.0,68.4,70.6,64.9,68.1,65.0,69.7,69.4,66.7,67.9,68.1,65.6,65.2,68.0,68.3,63.0,66.5,64.9,67.5,67.0,65.7,66.0,67.3,71.1,65.4,68.9,68.1,62.7,67.3,66.8,62.8,66.2,62.0,71.3,71.4,71.8,65.4,65.6,66.7,70.2,69.3,63.6,71.4,70.1,71.0,67.1,68.6,64.7,64.7,68.3,66.6,68.4,66.6
5384,73.0,70.6,71.5,71.9,74.0,74.3,75.0,73.2,74.2,73.8,75.2,73.6,75.2,73.2,74.3,74.6,73.7,71.9,74.6,74.7,73.9,73.4,75.3,72.1,71.8,73.9,75.5,73.0,72.5,74.6,74.1,73.9,69.8,71.5,71.4,70.9,74.6,69.3,72.0,69.7,72.6,73.9,70.1,72.1,72.1,71.2,69.3,73.7,76.2,70.1,72.1,69.4,72.7,71.0,68.6,71.4,71.2,74.9,69.6,73.3,71.0,67.3,72.0,75.0,66.3,71.5,67.4,73.9,74.7,74.8,70.6,70.3,71.0,76.0,75.0,69.7,74.8,73.6,73.9,70.6,72.0,68.1,70.1,71.3,69.4,71.6,69.7
5385,77.3,74.6,75.3,76.2,77.4,77.3,77.9,76.7,77.2,76.7,78.3,76.9,78.3,76.0,77.3,77.8,77.2,75.3,77.8,78.0,77.2,76.6,78.5,75.5,75.7,77.2,78.2,76.5,75.4,77.6,77.1,76.7,73.0,74.9,74.0,73.8,78.2,73.2,76.2,73.7,75.7,77.6,74.0,75.8,76.3,75.7,73.9,77.9,82.1,76.3,77.0,74.4,77.7,74.8,73.0,76.1,75.8,78.6,73.5,77.1,74.7,72.6,76.1,80.6,70.4,75.7,72.4,76.6,77.6,77.8,75.3,75.1,75.5,80.1,79.2,75.1,77.9,76.6,76.9,74.7,75.6,72.2,73.8,74.0,72.4,75.0,72.9
5386,80.9,78.4,78.3,80.2,80.6,80.0,80.8,80.2,79.7,79.2,80.8,79.5,80.8,78.3,80.2,80.2,80.1,78.7,80.5,80.5,79.7,79.2,81.1,78.3,79.3,80.3,80.6,79.5,78.1,80.0,80.1,79.1,75.9,77.8,76.8,76.4,81.6,77.0,80.1,77.2,78.9,80.7,77.7,78.9,80.2,79.2,78.3,81.7,86.6,81.1,80.5,79.5,82.2,78.1,77.5,79.9,79.8,81.9,77.1,80.2,78.6,77.0,79.7,84.5,74.7,79.4,76.6,79.0,80.1,80.3,79.1,79.0,79.5,83.1,82.8,79.3,80.6,78.9,79.2,78.3,78.9,76.0,76.7,76.3,75.2,78.0,75.9
5387,84.2,81.1,80.9,83.5,83.2,82.5,83.3,82.7,81.7,81.1,82.6,81.6,82.6,80.4,82.6,82.1,82.5,82.0,82.3,82.2,82.2,81.2,83.5,80.6,82.1,82.9,82.4,81.9,80.1,82.0,82.4,80.9,78.4,80.0,79.0,78.7,84.3,79.9,83.1,80.3,81.7,83.1,80.8,82.2,83.7,82.1,82.1,84.6,90.4,84.7,83.3,83.7,85.5,81.0,80.8,82.7,82.5,84.8,80.5,82.9,82.2,80.8,83.0,87.6,78.8,82.9,80.5,80.9,82.1,82.2,82.1,82.2,82.9,85.8,85.9,82.4,82.5,80.5,81.4,81.4,81.7,79.5,79.6,78.1,77.7,80.1,78.2
5388,86.8,83.4,82.7,86.0,85.4,84.8,85.3,84.7,83.1,82.9,84.0,83.1,84.2,82.1,84.6,83.7,84.4,85.2,83.6,83.5,84.1,82.6,85.1,82.6,84.6,85.0,84.2,83.8,81.7,83.7,84.4,82.4,80.4,82.0,81.0,80.6,86.5,82.0,85.7,82.7,84.0,84.9,83.6,85.0,86.7,83.9,85.4,86.7,93.2,87.5,84.9,86.9,88.0,83.1,83.0,85.1,84.5,86.9,83.5,84.8,85.3,83.7,85.6,89.9,82.8,85.4,83.9,82.5,83.5,83.6,84.3,84.9,85.3,88.2,88.5,84.5,83.7,82.1,83.1,83.9,83.9,82.2,82.1,79.4,79.7,81.7,80.0
5389,88.8,84.7,84.2,88.1,87.0,86.2,87.0,86.0,84.3,84.1,85.3,84.4,85.4,83.4,86.3,84.9,85.9,87.5,84.7,84.4,85.8,84.0,86.5,84.2,86.6,86.9,85.6,85.2,82.9,84.8,86.0,83.5,81.8,83.4,82.4,82.1,88.1,83.4,87.4,84.0,86.3,86.1,85.5,87.4,88.7,84.7,87.5,88.3,95.2,89.3,85.8,89.0,89.5,84.9,84.6,87.0,86.1,88.7,86.0,86.6,87.7,86.2,88.0,92.0,86.3,87.2,86.9,83.8,84.3,84.7,85.8,87.1,87.5,90.1,90.7,86.0,84.6,82.9,84.5,85.9,85.6,84.2,84.3,80.3,81.3,83.1,81.3
5390,90.1,85.2,85.0,89.7,88.2,87.6,88.2,87.0,85.2,85.0,85.9,85.0,85.9,84.2,87.2,85.5,86.7,89.2,85.2,84.7,86.6,85.0,87.4,85.3,88.3,88.1,86.4,86.3,84.0,85.5,86.9,84.3,83.0,84.5,83.4,83.1,89.1,83.8,88.7,84.2,87.6,86.5,87.1,88.7,90.0,84.2,88.8,89.0,96.0,90.1,86.3,90.4,90.0,86.0,85.8,88.3,87.2,89.6,88.2,87.7,89.3,88.2,89.8,93.4,89.0,88.4,89.2,84.7,84.9,85.5,86.3,88.6,88.7,91.2,92.2,86.9,84.9,83.4,85.3,87.3,86.9,85.7,85.8,80.7,82.5,83.9,82.6
5391,90.3,84.8,84.8,90.6,88.6,88.1,88.6,87.5,85.2,85.4,85.9,85.5,86.2,84.6,87.7,85.8,87.2,90.2,85.4,84.7,87.0,85.3,87.9,85.8,89.2,88.7,86.8,86.6,84.3,85.6,87.3,84.4,83.4,84.9,84.0,83.5,89.1,83.3,88.9,83.8,88.3,86.3,88.2,89.7,90.3,83.4,89.2,89.2,96.0,90.7,86.4,90.7,89.9,86.1,86.6,88.9,88.0,90.1,89.4,88.3,90.0,89.6,90.9,94.0,90.7,88.9,90.3,84.9,85.3,85.5,86.0,89.5,88.5,91.9,93.0,86.8,84.7,83.5,85.6,88.1,87.5,86.5,86.6,80.4,83.2,84.1,82.8
5392,89.5,83.4,84.1,90.4,88.6,88.2,88.6,87.4,84.8,85.3,85.2,85.3,85.7,84.5,87.5,85.6,86.9,90.3,85.1,84.3,86.8,85.0,88.1,85.7,89.0,88.7,86.6,86.5,84.2,85.5,87.1,84.2,83.4,84.9,84.0,83.5,88.4,81.9,88.3,83.1,87.7,85.0,88.4,89.6,89.5,82.4,88.9,88.8,95.2,90.2,86.0,89.9,89.4,85.3,86.7,89.0,88.2,90.2,90.2,88.4,89.9,90.5,91.0,93.9,91.4,89.0,90.2,84.9,84.9,85.2,85.3,89.7,87.5,91.7,93.1,86.2,84.2,83.1,85.6,88.3,87.6,86.4,86.5,79.5,83.4,83.9,82.9
5393,87.4,81.8,82.1,89.5,87.8,87.5,87.8,86.5,83.9,84.4,84.3,84.8,84.7,83.8,86.8,84.5,86.0,89.5,83.9,82.9,85.9,84.1,87.1,85.1,88.3,87.9,86.0,85.8,83.5,84.7,86.2,82.9,82.6,84.2,83.3,82.7,86.0,80.2,87.5,82.0,86.8,82.7,87.6,88.9,87.4,81.0,87.4,87.7,93.8,89.5,84.8,88.1,88.4,83.1,86.4,88.2,87.8,89.8,90.2,87.8,89.0,90.6,90.5,92.9,90.6,87.9,88.8,84.1,83.9,84.0,83.9,88.9,85.2,90.8,92.1,85.2,83.2,82.1,84.7,87.9,87.0,85.6,85.9,78.4,82.7,83.0,82.0
5394,83.7,78.2,78.7,88.1,86.5,85.9,86.2,84.8,81.8,82.7,82.0,83.4,82.7,82.3,85.0,82.8,84.0,87.1,82.0,80.7,84.1,82.5,85.5,83.3,86.4,86.1,84.6,83.8,81.8,83.0,84.6,80.7,80.9,82.7,81.9,81.3,83.2,77.2,85.6,79.7,84.9,79.5,85.9,86.8,84.2,78.0,85.5,85.6,90.6,87.8,83.3,85.6,86.4,79.5,85.0,86.6,86.8,88.4,89.3,85.9,87.0,89.6,88.1,90.6,88.3,85.1,85.5,82.8,82.0,82.0,81.5,86.7,82.6,89.3,89.7,83.5,81.2,80.3,83.0,85.9,85.5,83.9,84.3,76.6,81.2,81.3,80.4
5395,78.2,73.6,72.7,84.7,83.9,83.3,83.4,81.5,78.4,79.4,78.5,80.6,78.9,79.6,81.9,79.4,79.6,81.1,78.4,76.9,80.8,78.8,81.9,80.0,82.9,82.5,82.1,80.4,78.6,79.9,81.4,77.1,77.8,79.7,79.6,78.3,78.4,72.6,82.6,75.2,82.2,74.3,82.6,83.2,79.4,74.1,82.1,80.4,84.7,84.6,80.6,82.0,83.3,74.1,82.2,82.6,83.8,85.0,87.2,81.2,83.4,86.3,83.0,84.7,84.1,80.0,80.4,80.0,78.6,78.3,78.4,83.2,78.1,86.5,83.5,80.0,76.8,76.3,79.7,82.5,82.1,80.5,80.4,74.0,78.6,78.1,77.0
5396,75.0,70.2,69.9,80.3,80.5,80.6,80.7,77.2,75.5,76.8,75.5,77.5,75.5,77.0,78.5,76.3,75.2,75.6,75.4,74.5,77.3,75.5,78.0,75.9,78.0,78.0,80.1,76.8,74.7,77.3,77.9,74.2,73.9,76.5,76.7,74.3,75.7,69.3,78.6,71.7,79.5,71.5,78.0,78.1,76.2,71.0,78.0,75.6,81.3,78.3,76.8,79.2,79.0,71.0,78.1,78.3,79.0,80.9,82.8,76.7,80.1,79.8,77.6,79.9,79.6,74.7,76.0,77.6,75.7,75.3,74.9,78.0,74.8,81.3,78.8,74.3,74.2,73.4,76.3,77.4,77.6,76.0,71.3,71.9,75.3,75.0,72.6
5397,72.6,68.1,68.3,77.4,78.3,78.7,78.9,75.1,74.2,75.1,73.9,75.6,73.9,75.4,76.8,74.5,73.2,72.6,73.7,73.1,75.2,73.7,76.4,74.1,75.3,76.1,78.6,75.0,72.9,75.7,75.9,73.0,72.0,74.6,74.9,72.3,73.4,67.7,76.4,69.5,77.0,69.8,75.3,75.4,74.3,68.7,75.1,73.0,78.5,73.9,74.0,77.0,76.1,69.3,75.4,75.2,75.7,78.2,78.9,74.8,76.8,75.3,73.7,76.4,76.4,72.0,73.3,76.1,74.2,73.7,72.9,75.3,72.3,78.2,75.7,72.1,72.8,71.8,74.7,74.5,75.3,73.5,69.2,70.4,73.4,73.1,70.5
5398,71.1,66.8,66.6,75.5,76.4,77.3,77.5,73.7,72.8,73.9,72.6,73.9,72.6,74.1,75.5,73.4,72.0,70.4,72.5,72.0,73.7,72.6,75.2,72.9,73.7,74.7,77.4,73.6,71.7,74.4,74.8,72.1,70.8,73.0,73.6,71.1,71.6,66.1,74.7,67.8,75.4,68.6,73.3,73.7,72.6,67.3,72.4,70.2,75.5,72.1,72.1,74.9,74.3,68.0,73.9,72.2,73.8,76.0,75.8,73.3,74.9,73.0,70.9,73.8,73.9,70.0,70.5,74.9,73.1,72.7,71.4,73.3,70.3,76.2,72.9,70.0,71.7,70.6,73.5,72.6,73.8,71.3,68.7,69.2,71.9,71.8,69.1
5399,69.9,66.1,65.6,73.8,75.0,76.1,76.2,72.6,71.7,72.8,71.7,72.9,71.8,73.0,74.3,72.4,71.0,68.7,71.5,71.1,72.7,71.5,74.1,72.1,72.3,73.7,76.2,72.3,70.6,73.3,73.4,71.3,69.7,71.6,72.4,70.1,70.6,65.1,73.1,66.3,74.2,67.5,71.8,72.3,71.1,66.3,70.1,67.8,72.1,70.4,70.8,72.7,72.8,67.0,72.4,69.5,72.4,74.4,73.7,71.8,72.5,71.1,68.9,71.6,71.7,68.2,68.2,73.9,72.2,71.7,69.9,71.6,68.5,74.5,69.4,68.6,70.9,69.6,72.4,71.4,72.6,69.8,67.9,68.2,70.6,70.7,68.0
5400,68.5,65.3,64.7,72.3,73.7,74.9,74.9,71.7,70.9,71.9,70.8,71.8,70.9,72.2,73.3,71.6,70.2,66.9,70.7,70.2,71.7,70.5,73.2,71.2,71.2,72.8,75.3,71.4,69.8,72.4,72.4,70.5,68.7,70.3,71.4,69.2,69.6,64.3,72.0,65.0,73.1,66.7,70.5,70.5,69.4,65.1,68.2,65.4,68.2,68.3,69.5,70.1,71.4,65.9,71.1,67.2,71.0,73.1,71.9,70.7,70.5,69.3,67.3,68.5,69.4,66.6,66.0,73.1,71.3,70.9,68.4,70.2,67.2,72.9,66.9,67.2,70.3,68.9,71.6,70.3,71.8,68.5,67.1,67.3,69.2,69.7,67.0
5401,67.1,64.5,64.0,71.2,72.7,73.8,73.9,70.8,70.0,71.0,70.1,71.0,70.1,71.2,72.5,70.9,69.4,65.3,70.0,69.6,70.9,69.7,72.4,70.3,70.3,71.9,74.4,70.5,69.0,71.5,71.7,69.6,67.8,69.4,70.4,68.3,68.6,63.5,70.7,63.8,71.8,65.7,69.3,69.3,67.9,63.9,66.7,63.7,64.8,66.5,68.1,67.7,70.1,64.8,69.8,65.4,69.8,72.1,70.1,69.1,69.0,67.9,65.3,65.7,67.3,64.8,63.8,72.3,70.4,70.2,66.9,69.0,65.7,71.4,64.9,65.6,69.6,68.2,71.0,69.3,70.8,67.3,66.5,66.5,68.3,68.9,66.3
5402,66.2,63.4,63.1,70.1,71.8,73.0,73.1,70.1,69.5,70.3,69.3,70.2,69.4,70.5,71.8,70.1,68.8,63.6,69.3,68.9,70.1,69.2,71.6,69.4,69.2,71.1,73.6,69.9,68.3,70.8,71.0,69.1,67.0,68.5,69.7,67.5,67.9,62.4,69.9,62.4,70.7,64.9,68.4,68.0,66.4,63.2,65.0,62.2,62.2,64.5,66.9,65.8,68.6,63.8,68.6,63.4,68.7,70.8,68.4,67.6,67.4,66.3,63.7,63.1,65.1,63.0,61.8,71.5,69.6,69.5,65.5,67.9,64.6,69.7,63.1,64.0,69.0,67.6,70.2,68.3,69.6,66.3,65.8,65.8,67.4,68.2,65.7
5403,64.9,62.6,62.4,69.1,70.9,72.3,72.4,69.4,68.9,69.8,68.7,69.7,68.7,69.9,71.1,69.7,68.3,62.3,68.6,68.4,69.5,68.6,70.7,68.6,68.6,70.1,73.0,69.3,67.7,69.9,70.4,68.5,66.2,67.8,69.0,66.9,67.2,61.5,68.9,61.3,69.6,64.2,67.5,66.4,65.4,62.1,63.7,60.8,59.9,62.7,65.8,64.1,66.9,63.1,67.3,62.1,67.6,70.2,67.0,66.2,66.0,65.1,62.1,60.8,63.5,61.4,59.8,70.8,69.0,69.0,64.3,66.8,63.3,68.4,61.1,62.3,68.4,66.9,69.6,67.2,68.8,65.4,64.8,65.1,66.6,67.6,65.0
5404,63.9,61.9,61.9,68.0,70.1,71.4,71.5,68.7,68.3,69.4,68.1,69.1,68.4,69.4,70.1,69.1,67.9,60.7,68.1,67.9,68.9,68.1,70.1,67.8,67.8,69.4,72.3,68.6,67.2,69.4,69.7,67.9,65.5,67.0,68.3,66.3,66.4,60.6,68.2,60.3,68.8,63.6,66.6,65.5,64.4,61.0,62.4,59.5,58.0,61.4,65.0,62.5,65.3,62.4,66.2,60.4,66.4,69.3,65.8,64.6,64.6,63.5,60.7,58.8,62.0,59.3,57.9,70.2,68.5,68.3,62.9,65.9,62.2,67.1,59.4,60.8,67.8,66.5,69.2,66.6,68.1,64.6,63.1,64.6,65.9,66.9,64.6
5405,62.6,60.9,61.3,67.2,69.4,70.8,70.9,67.8,67.7,68.8,67.7,68.6,67.9,68.8,69.5,68.7,67.4,59.6,67.6,67.4,68.3,67.6,69.7,67.1,67.1,68.7,71.8,68.0,66.8,69.1,69.0,67.5,64.9,66.2,67.8,65.9,65.8,59.9,67.6,59.2,67.9,63.3,65.8,64.1,63.5,60.2,61.3,58.4,56.7,59.8,64.2,61.2,64.2,62.0,65.1,59.1,65.5,68.6,64.6,63.2,63.5,62.2,59.6,56.9,60.8,57.8,56.1,69.7,68.0,67.8,62.0,65.1,61.3,65.6,58.2,59.8,67.4,66.1,68.6,65.9,67.5,63.8,62.1,64.2,65.3,66.3,64.0
5406,63.8,61.7,62.6,66.6,69.0,70.3,70.3,67.4,67.9,68.7,68.4,68.4,68.5,68.5,69.0,68.7,67.1,62.0,67.9,68.4,68.0,67.5,69.4,66.6,66.5,68.2,71.4,67.5,66.8,68.8,68.7,67.8,64.3,65.9,67.5,65.5,66.3,60.4,67.1,59.2,67.5,64.4,65.2,63.8,64.2,60.8,61.1,60.6,57.1,58.8,63.4,61.5,63.4,63.3,64.2,60.9,64.9,68.0,63.7,64.4,65.0,60.8,61.3,58.1,60.5,59.4,55.6,69.4,68.3,68.3,61.6,64.5,62.0,65.2,61.2,58.9,68.1,66.9,68.4,65.4,66.7,63.1,61.3,65.5,64.9,66.1,63.9
5407,68.4,66.0,66.8,67.6,70.5,71.5,72.0,69.9,70.6,70.9,71.9,70.5,71.6,70.3,71.1,71.2,70.0,67.8,71.0,71.3,70.5,70.0,71.9,68.5,67.9,70.3,73.0,69.6,69.5,71.3,70.9,70.9,66.4,68.2,68.9,68.2,70.2,64.8,67.8,64.8,69.6,69.2,66.4,67.7,67.8,65.4,65.0,67.9,68.3,62.8,66.4,65.0,67.4,66.9,65.6,65.7,67.1,71.0,65.1,68.5,67.8,62.3,67.1,66.9,62.8,65.8,61.9,71.1,71.2,71.6,65.3,65.4,66.4,70.1,69.3,63.4,71.3,70.0,70.7,66.9,68.3,64.4,64.6,68.2,66.3,68.2,66.4
5408,72.8,70.6,71.3,71.7,73.8,74.2,74.8,73.0,74.0,73.6,75.1,73.3,75.0,73.0,74.2,74.4,73.5,71.7,74.5,74.7,73.7,73.2,75.1,71.9,71.6,73.7,75.3,72.9,72.3,74.4,73.9,73.8,69.6,71.3,71.3,70.8,74.1,69.3,71.7,69.5,72.4,73.6,69.8,72.1,71.8,71.0,69.2,73.6,76.3,69.8,72.0,69.5,72.8,70.9,68.4,71.1,71.1,74.8,69.4,72.9,70.8,67.0,71.7,75.2,66.3,71.2,67.5,73.7,74.6,74.6,70.6,70.1,70.8,76.0,75.1,69.6,74.7,73.5,73.6,70.4,71.7,67.9,70.1,71.2,69.3,71.4,69.6
5409,77.1,74.6,75.1,76.2,77.2,77.2,77.8,76.6,77.0,76.5,78.2,76.7,78.2,75.8,77.2,77.6,77.0,75.1,77.7,78.0,77.0,76.5,78.4,75.3,75.4,77.1,78.0,76.4,75.2,77.4,76.9,76.6,73.0,74.8,73.9,73.7,77.7,73.2,75.8,73.5,75.6,77.3,73.8,75.8,76.0,75.5,73.8,78.0,82.2,76.3,77.0,74.5,77.7,74.9,72.8,75.8,75.7,78.5,73.3,76.7,74.5,72.3,75.8,80.7,70.3,75.4,72.4,76.5,77.5,77.6,75.3,74.9,75.2,80.1,79.3,75.0,77.8,76.5,76.6,74.5,75.4,72.2,73.7,73.9,72.3,74.8,72.8
5410,80.8,78.4,78.3,80.2,80.4,80.0,80.8,80.0,79.5,79.0,80.7,79.3,80.8,78.1,80.2,80.1,79.9,78.4,80.4,80.5,79.7,79.1,81.1,78.2,79.0,80.2,80.4,79.5,77.9,79.8,79.9,79.0,76.0,77.7,76.7,76.3,81.1,77.1,79.6,77.0,78.7,80.4,77.6,78.8,80.0,79.0,78.2,81.8,86.7,81.1,80.4,79.7,82.2,78.2,77.4,79.6,79.7,81.9,76.9,79.9,78.3,76.9,79.4,84.7,74.6,79.1,76.6,78.8,80.0,80.2,79.1,78.8,79.3,83.2,83.0,79.4,80.5,78.8,79.0,78.3,78.8,76.0,76.6,76.3,75.2,77.7,75.8
5411,84.0,81.1,80.8,83.5,83.1,82.5,83.3,82.6,81.5,80.9,82.7,81.4,82.5,80.3,82.6,82.0,82.4,81.8,82.3,82.2,82.2,81.0,83.4,80.6,81.9,82.8,82.3,81.9,80.0,81.9,82.3,80.8,78.5,80.0,78.9,78.7,83.9,80.0,82.6,80.1,81.5,82.7,80.7,82.1,83.4,81.8,82.1,84.8,90.5,84.7,83.1,84.0,85.5,81.1,80.7,82.4,82.4,84.7,80.3,82.5,81.9,80.6,82.7,87.8,78.8,82.6,80.4,80.8,82.0,82.1,82.0,82.0,82.7,85.9,86.1,82.4,82.4,80.4,81.3,81.4,81.6,79.6,79.4,78.1,77.7,79.9,78.2
5412,86.6,83.5,82.8,85.8,85.3,84.7,85.2,84.6,83.0,82.7,84.0,83.0,84.1,82.0,84.5,83.5,84.2,84.9,83.6,83.6,84.0,82.5,85.0,82.6,84.3,84.8,84.0,83.7,81.5,83.6,84.2,82.4,80.4,82.0,81.0,80.6,86.1,82.1,85.2,82.5,83.9,84.6,83.3,85.0,86.4,83.8,85.3,86.9,93.3,87.5,84.7,87.1,88.1,83.3,82.9,84.9,84.4,86.9,83.4,84.5,85.0,83.5,85.4,90.2,82.7,85.2,84.0,82.3,83.3,83.5,84.3,84.6,85.1,88.4,88.7,84.5,83.6,81.9,83.0,83.9,83.8,82.3,81.9,79.4,79.8,81.6,79.9
5413,88.7,84.8,84.2,87.9,86.9,86.1,86.8,85.9,84.1,83.9,85.1,84.2,85.3,83.2,86.1,84.7,85.7,87.2,84.6,84.4,85.6,83.9,86.4,84.2,86.3,86.7,85.5,85.0,82.8,84.7,85.9,83.4,82.0,83.4,82.4,82.0,87.6,83.5,87.0,83.9,86.2,85.8,85.2,87.5,88.5,84.7,87.5,88.3,95.3,89.3,85.6,89.2,89.5,85.2,84.6,86.7,86.0,88.7,85.9,86.4,87.5,86.0,87.7,92.3,86.2,87.0,86.9,83.7,84.1,84.5,85.9,86.8,87.4,90.3,90.9,86.0,84.5,82.8,84.3,86.0,85.5,84.4,84.3,80.3,81.4,83.0,81.3
5414,89.9,85.2,85.0,89.4,88.1,87.4,88.0,86.9,85.0,84.8,85.8,84.9,85.8,84.1,87.1,85.3,86.5,89.0,85.2,84.7,86.5,84.8,87.3,85.3,88.0,87.9,86.3,86.1,83.8,85.5,86.7,84.1,83.1,84.4,83.4,83.1,88.7,83.9,88.3,84.2,87.5,86.2,86.9,88.9,89.9,84.0,88.8,89.1,96.1,90.2,86.2,90.7,90.2,86.2,85.7,88.0,87.2,89.6,88.0,87.4,89.1,88.1,89.6,93.6,88.9,88.2,89.2,84.5,84.9,85.3,86.3,88.4,88.5,91.5,92.5,87.0,84.8,83.3,85.2,87.4,86.8,86.0,85.8,80.6,82.6,83.8,82.5
5415,90.1,85.0,84.8,90.2,88.6,87.9,88.4,87.4,85.0,85.2,85.8,85.3,86.1,84.5,87.5,85.7,87.1,90.1,85.3,84.7,86.9,85.1,87.8,85.9,88.8,88.6,86.6,86.4,84.1,85.6,87.2,84.2,83.6,84.9,84.0,83.4,88.7,83.4,88.5,83.9,88.2,86.0,87.9,89.8,90.1,83.3,89.2,89.3,96.1,90.8,86.4,91.0,90.0,86.3,86.6,88.7,88.0,90.1,89.4,88.0,89.8,89.5,90.7,94.2,90.5,88.7,90.4,84.8,85.2,85.3,86.0,89.2,88.4,92.0,93.3,86.9,84.7,83.4,85.5,88.2,87.4,86.7,86.5,80.3,83.3,84.0,82.7
5416,89.2,83.7,84.2,90.1,88.5,87.9,88.4,87.3,84.6,85.1,85.1,85.2,85.6,84.4,87.3,85.4,86.8,90.1,85.0,84.3,86.6,84.8,88.0,85.7,88.7,88.6,86.4,86.3,84.1,85.5,87.0,84.0,83.6,84.9,84.0,83.5,88.0,82.2,88.0,83.1,87.7,84.7,88.0,89.8,89.4,82.5,88.9,89.0,95.3,90.3,86.0,90.2,89.4,85.5,86.6,88.8,88.2,90.2,90.1,88.1,89.6,90.4,90.8,94.1,91.2,88.6,90.2,84.7,84.8,85.0,85.2,89.4,87.4,91.8,93.3,86.3,84.2,83.0,85.5,88.4,87.6,86.6,86.4,79.5,83.5,83.9,82.8
5417,87.3,82.2,82.1,89.2,87.7,87.3,87.7,86.4,83.7,84.3,84.2,84.6,84.6,83.6,86.5,84.3,85.8,89.1,83.8,82.9,85.7,84.0,87.0,85.0,88.0,87.7,85.9,85.5,83.5,84.6,86.1,82.8,82.8,84.3,83.3,82.7,85.7,80.5,87.1,82.0,86.9,82.4,87.3,89.0,87.4,80.9,87.4,87.9,93.9,89.7,84.8,88.4,88.5,83.2,86.3,87.9,87.8,89.9,90.2,87.5,88.7,90.5,90.2,93.1,90.4,87.6,88.9,84.0,83.8,83.9,83.8,88.4,85.3,91.0,92.3,85.3,83.1,81.9,84.5,87.9,87.0,85.7,85.9,78.4,82.8,83.0,81.9
5418,83.5,78.5,78.7,87.6,86.3,85.6,86.0,84.7,81.6,82.5,81.9,83.2,82.6,82.2,84.8,82.5,83.9,86.6,81.8,80.6,83.9,82.3,85.4,83.2,86.1,85.9,84.5,83.6,81.8,82.9,84.5,80.6,81.0,82.7,81.9,81.3,82.9,77.3,85.2,79.7,84.9,79.2,85.6,87.0,84.2,78.0,85.5,85.6,90.7,87.9,83.2,85.8,86.4,79.6,85.0,86.1,86.8,88.4,89.3,85.4,86.7,89.5,87.7,90.7,88.0,84.7,85.6,82.6,81.8,81.9,81.3,86.3,82.7,89.5,89.9,83.4,81.1,80.1,82.8,85.9,85.4,83.9,84.3,76.5,81.2,81.3,80.3
5419,78.0,73.7,72.6,84.2,83.7,83.0,83.1,81.3,78.1,79.2,78.3,80.4,78.6,79.4,81.6,79.1,79.4,80.8,78.2,76.8,80.5,78.6,81.7,79.8,82.6,82.3,82.0,80.0,78.4,79.7,81.2,76.9,77.8,79.7,79.5,78.2,77.8,72.6,82.1,75.2,82.0,74.0,82.3,83.3,79.4,74.0,82.1,80.6,84.8,84.6,80.4,82.2,83.2,74.1,82.3,82.1,83.7,84.9,87.2,80.7,83.1,86.2,82.6,84.8,83.9,79.5,80.4,79.8,78.3,78.2,78.1,82.7,78.2,86.7,83.6,79.9,76.6,76.1,79.5,82.4,81.9,80.5,80.2,73.9,78.5,78.0,76.9
5420,74.9,70.3,69.9,79.9,80.3,80.2,80.4,77.0,75.3,76.5,75.4,77.2,75.3,76.8,78.3,76.1,74.9,75.4,75.3,74.3,77.0,75.3,77.7,75.8,77.6,77.7,79.9,76.5,74.6,77.0,77.6,74.0,73.9,76.4,76.6,74.2,75.2,69.5,78.1,71.7,79.3,71.2,77.7,78.2,76.3,70.9,78.0,75.8,81.4,78.4,76.7,79.4,78.9,71.0,78.2,77.9,78.9,80.8,82.7,76.3,79.9,79.7,77.1,80.0,79.4,74.3,76.0,77.5,75.5,75.2,74.7,77.6,74.8,81.5,78.9,74.4,74.0,73.2,76.1,77.3,77.4,76.0,71.0,71.8,75.2,74.9,72.4
5421,72.6,68.2,68.2,77.1,78.1,78.4,78.6,74.8,74.0,74.9,73.7,75.3,73.7,75.2,76.5,74.4,73.0,72.3,73.5,73.0,75.0,73.6,76.2,74.0,75.0,75.8,78.5,74.7,72.8,75.4,75.7,72.9,72.0,74.5,74.8,72.2,73.0,67.9,76.0,69.5,76.9,69.6,75.0,75.5,74.3,68.7,75.2,73.2,78.6,74.0,73.9,77.2,76.1,69.3,75.4,74.8,75.6,78.1,78.8,74.4,76.5,75.3,73.5,76.6,76.2,71.6,73.2,76.0,74.0,73.6,72.8,74.9,72.3,78.2,75.9,72.1,72.6,71.6,74.5,74.5,75.1,73.4,69.2,70.3,73.3,73.1,70.3
5422,71.1,66.9,66.5,75.2,76.2,77.0,77.2,73.5,72.6,73.7,72.4,73.6,72.4,73.9,75.1,73.2,71.7,70.1,72.3,72.0,73.5,72.5,75.0,72.8,73.4,74.4,77.3,73.3,71.5,74.2,74.5,72.0,70.6,72.8,73.6,71.0,71.2,66.3,74.3,67.8,75.4,68.3,73.1,73.7,72.5,67.2,72.5,70.3,75.6,72.2,72.0,75.0,74.3,67.9,74.0,71.7,73.8,76.1,75.8,72.9,74.7,72.9,70.7,74.0,73.8,69.6,70.4,74.8,73.0,72.5,71.3,73.0,70.3,76.3,73.1,70.0,71.6,70.5,73.3,72.6,73.6,71.2,68.5,69.2,71.8,71.8,68.9
5423,69.8,66.2,65.5,73.5,74.7,75.8,75.8,72.3,71.5,72.6,71.4,72.6,71.6,72.8,74.0,72.2,70.7,68.5,71.3,71.0,72.4,71.3,73.8,71.9,72.0,73.4,76.1,72.0,70.5,73.0,73.2,71.1,69.5,71.4,72.4,70.0,70.2,65.3,72.8,66.3,74.2,67.2,71.5,72.4,71.0,66.3,70.1,68.1,72.1,70.5,70.7,72.9,72.9,66.9,72.4,69.2,72.4,74.4,73.6,71.3,72.4,71.2,68.7,71.8,71.7,67.8,68.2,73.7,72.0,71.5,69.9,71.2,68.4,74.5,69.5,68.7,70.8,69.5,72.1,71.3,72.4,69.6,67.8,68.3,70.5,70.7,67.8
5424,68.4,65.5,64.6,72.0,73.4,74.6,74.6,71.4,70.7,71.7,70.6,71.5,70.7,71.9,73.1,71.4,69.9,66.6,70.5,70.1,71.5,70.3,73.0,71.0,71.0,72.5,75.2,71.1,69.6,72.2,72.2,70.3,68.5,70.2,71.3,69.0,69.2,64.4,71.7,65.0,73.0,66.5,70.2,70.6,69.3,65.0,68.2,65.7,68.2,68.4,69.5,70.2,71.4,65.8,71.1,66.9,71.0,73.1,71.8,70.2,70.4,69.3,67.0,68.7,69.3,66.2,65.9,73.0,71.1,70.7,68.4,69.9,67.0,73.0,67.1,67.4,70.2,68.8,71.3,70.2,71.5,68.4,67.0,67.4,69.1,69.7,66.8
5425,67.0,64.6,63.9,71.0,72.4,73.5,73.6,70.5,69.8,70.8,70.0,70.8,69.9,71.0,72.2,70.6,69.1,65.1,69.8,69.5,70.6,69.5,72.1,70.2,70.0,71.7,74.3,70.3,68.8,71.2,71.5,69.5,67.6,69.3,70.3,68.2,68.3,63.6,70.5,63.8,71.8,65.5,69.1,69.3,67.9,63.9,66.6,64.0,64.8,66.6,68.0,67.9,70.1,64.7,69.8,65.1,69.8,72.1,69.9,68.6,68.9,67.9,65.1,65.9,67.2,64.3,63.8,72.1,70.2,70.0,66.9,68.7,65.6,71.5,65.1,65.7,69.5,68.1,70.7,69.1,70.5,67.2,66.4,66.6,68.1,68.8,66.1
5426,66.0,63.4,62.9,69.9,71.6,72.7,72.8,69.8,69.3,70.0,69.2,70.0,69.2,70.2,71.6,69.9,68.5,63.4,69.1,68.8,69.9,69.0,71.3,69.2,69.0,70.9,73.4,69.6,68.1,70.5,70.8,68.9,66.8,68.4,69.6,67.4,67.5,62.5,69.5,62.4,70.7,64.7,68.1,68.1,66.4,63.1,65.0,62.4,62.2,64.6,66.9,65.9,68.5,63.8,68.6,63.2,68.7,70.8,68.2,67.2,67.3,66.3,63.5,63.2,65.0,62.7,61.8,71.3,69.5,69.4,65.5,67.6,64.4,69.8,63.2,64.1,68.9,67.5,69.9,68.2,69.4,66.3,65.7,65.9,67.2,68.1,65.4
5427,64.8,62.6,62.3,68.8,70.7,72.0,72.0,69.1,68.7,69.6,68.5,69.4,68.6,69.7,70.8,69.5,68.0,62.2,68.5,68.3,69.2,68.4,70.5,68.4,68.4,69.9,72.8,69.1,67.5,69.7,70.1,68.3,66.1,67.6,68.9,66.8,66.9,61.6,68.6,61.3,69.6,64.0,67.3,66.5,65.3,62.1,63.7,61.0,60.1,62.9,65.9,64.1,66.9,63.1,67.4,61.8,67.6,70.2,66.8,65.8,65.9,65.0,61.9,61.0,63.4,60.9,59.9,70.7,68.8,68.8,64.3,66.5,63.2,68.4,61.2,62.4,68.3,66.7,69.3,67.2,68.6,65.4,64.7,65.2,66.5,67.5,64.7
5428,63.8,61.9,61.7,67.8,69.8,71.2,71.3,68.4,68.1,69.1,68.0,68.8,68.2,69.1,69.9,68.9,67.5,60.6,67.9,67.8,68.7,67.8,69.9,67.7,67.5,69.2,72.2,68.4,66.9,69.2,69.4,67.7,65.4,66.9,68.2,66.1,66.2,60.6,67.9,60.3,68.8,63.4,66.3,65.6,64.3,61.0,62.4,59.8,58.2,61.5,65.0,62.5,65.2,62.3,66.3,60.2,66.4,69.3,65.6,64.3,64.5,63.4,60.5,59.0,61.9,58.9,57.9,70.0,68.4,68.1,62.8,65.7,62.0,67.2,59.5,60.8,67.7,66.4,68.9,66.5,67.9,64.4,63.0,64.7,65.7,66.7,64.3
5429,62.6,60.9,61.2,67.0,69.2,70.5,70.6,67.6,67.5,68.6,67.5,68.3,67.8,68.5,69.3,68.5,67.1,59.4,67.4,67.3,68.1,67.4,69.4,67.0,66.9,68.5,71.6,67.8,66.5,68.8,68.8,67.4,64.7,66.0,67.7,65.8,65.5,59.9,67.3,59.1,67.9,63.1,65.5,64.2,63.4,60.2,61.3,58.6,56.8,59.9,64.3,61.3,64.1,61.8,65.1,58.9,65.5,68.7,64.3,62.9,63.4,62.1,59.4,57.0,60.7,57.4,56.1,69.5,67.8,67.6,61.9,64.9,61.1,65.7,58.3,59.8,67.3,65.9,68.3,65.7,67.3,63.6,62.0,64.3,65.1,66.1,63.8
5430,63.6,61.7,62.4,66.4,68.7,70.1,70.0,67.2,67.6,68.4,68.1,68.1,68.3,68.2,68.7,68.5,66.8,61.6,67.7,68.3,67.8,67.2,69.2,66.4,66.3,67.9,71.2,67.3,66.5,68.5,68.5,67.6,64.2,65.7,67.4,65.4,66.0,60.3,66.7,59.1,67.5,64.2,65.0,63.8,64.0,60.7,61.0,60.7,57.2,58.9,63.5,61.5,63.3,63.2,64.1,60.7,64.8,68.1,63.4,63.9,64.8,60.7,61.0,58.1,60.3,59.0,55.5,69.2,68.1,68.1,61.5,64.3,61.8,65.2,61.1,58.9,68.0,66.6,68.1,65.2,66.5,62.9,61.2,65.5,64.7,65.9,63.7
5431,68.2,66.0,66.7,67.4,70.3,71.2,71.7,69.6,70.3,70.7,71.7,70.2,71.4,70.1,70.8,71.0,69.8,67.4,70.7,71.2,70.3,69.7,71.7,68.4,67.7,70.1,72.8,69.4,69.2,71.1,70.7,70.7,66.3,68.1,68.8,67.9,69.9,64.8,67.5,64.6,69.5,68.9,66.1,67.8,67.7,65.4,64.9,68.0,68.3,62.8,66.4,65.0,67.4,66.8,65.5,65.4,66.9,71.0,64.7,68.2,67.5,62.2,66.7,66.9,62.6,65.3,61.8,70.9,71.1,71.4,65.3,65.1,66.3,70.1,69.3,63.5,71.2,69.8,70.4,66.7,68.1,64.2,64.4,68.2,66.1,68.0,66.2
5432,72.7,70.7,71.3,71.4,73.6,73.9,74.5,72.8,73.7,73.5,75.0,73.1,74.8,72.9,74.0,74.3,73.3,71.3,74.3,74.6,73.6,73.1,75.0,71.8,71.4,73.5,75.2,72.7,72.1,74.2,73.8,73.7,69.6,71.2,71.2,70.6,73.8,69.3,71.2,69.3,72.3,73.4,69.6,72.2,71.8,71.0,69.1,73.7,76.3,69.7,71.9,69.5,72.7,71.0,68.4,70.8,71.0,74.8,69.0,72.5,70.5,66.8,71.4,75.1,66.2,70.8,67.4,73.6,74.5,74.5,70.5,69.8,70.7,76.0,75.1,69.7,74.6,73.3,73.5,70.3,71.6,67.8,69.9,71.1,69.1,71.2,69.4
5433,77.1,74.7,75.2,75.9,77.1,76.9,77.6,76.4,76.8,76.5,78.0,76.5,78.1,75.8,77.0,77.5,76.9,74.7,77.6,77.9,76.9,76.4,78.3,75.3,75.1,77.0,77.9,76.4,75.1,77.3,76.8,76.5,73.0,74.8,73.9,73.6,77.4,73.2,75.3,73.3,75.4,77.2,73.7,75.9,76.1,75.6,73.7,78.0,82.2,76.3,76.9,74.6,77.6,75.0,72.8,75.5,75.7,78.5,73.0,76.4,74.1,72.1,75.4,80.8,70.2,75.0,72.3,76.4,77.5,77.4,75.3,74.6,75.2,80.2,79.4,75.1,77.7,76.3,76.6,74.6,75.4,72.2,73.5,73.9,72.3,74.7,72.8
5434,80.8,78.5,78.3,79.9,80.4,79.8,80.6,80.0,79.4,78.9,80.6,79.2,80.6,78.1,80.1,80.0,79.9,78.1,80.4,80.4,79.6,79.0,81.0,78.3,78.7,80.1,80.3,79.5,77.9,79.7,79.9,78.9,76.0,77.7,76.7,76.3,80.7,77.1,79.1,76.8,78.5,80.2,77.4,79.0,80.0,79.1,78.2,81.9,86.7,81.1,80.3,79.7,82.1,78.3,77.4,79.2,79.7,81.9,76.7,79.5,77.9,76.7,79.1,84.8,74.5,78.6,76.5,78.8,80.0,80.0,79.1,78.5,79.2,83.3,83.2,79.5,80.4,78.6,79.0,78.4,78.8,76.2,76.4,76.2,75.2,77.7,75.8
5435,84.1,81.3,80.9,83.2,83.1,82.3,83.1,82.6,81.3,80.8,82.5,81.3,82.4,80.2,82.4,81.9,82.4,81.5,82.2,82.1,82.2,81.0,83.4,80.8,81.6,82.8,82.2,81.9,79.9,81.8,82.3,80.8,78.5,80.0,78.9,78.7,83.4,80.0,82.2,79.9,81.3,82.5,80.5,82.3,83.6,81.9,82.0,84.9,90.7,84.9,83.1,84.1,85.4,81.2,80.8,82.0,82.4,84.9,80.1,82.1,81.5,80.4,82.3,88.0,78.7,82.1,80.4,80.7,82.0,81.9,82.0,81.7,82.8,86.1,86.3,82.6,82.2,80.3,81.2,81.5,81.6,79.8,79.2,78.1,77.7,79.8,78.2
5436,86.7,83.6,82.8,85.5,85.4,84.4,85.0,84.7,82.8,82.6,83.8,82.9,84.0,81.9,84.2,83.4,84.3,84.6,83.4,83.5,84.0,82.4,85.0,82.7,84.0,84.7,84.0,83.7,81.5,83.5,84.2,82.3,80.4,82.0,80.9,80.5,85.7,82.3,84.7,82.3,83.8,84.4,83.2,85.2,86.6,83.9,85.3,87.0,93.4,87.7,84.6,87.3,88.0,83.3,83.0,84.4,84.4,87.0,83.1,84.1,84.6,83.4,85.0,90.4,82.6,84.7,84.0,82.2,83.3,83.4,84.3,84.4,85.3,88.5,88.8,84.7,83.4,81.9,83.0,84.1,83.9,82.5,81.7,79.4,79.7,81.6,79.9
5437,88.9,84.9,84.3,87.6,87.0,85.8,86.5,86.0,84.0,83.8,85.0,84.1,85.1,83.1,85.8,84.6,85.7,86.9,84.5,84.4,85.6,83.8,86.3,84.3,86.1,86.6,85.4,85.0,82.8,84.6,85.8,83.3,81.9,83.3,82.3,81.9,87.3,83.7,86.6,83.8,86.0,85.6,85.2,87.6,88.7,84.7,87.4,88.5,95.4,89.5,85.5,89.4,89.5,85.1,84.6,86.3,86.1,88.8,85.7,85.9,87.0,85.9,87.4,92.5,86.1,86.5,86.9,83.6,84.2,84.4,85.9,86.6,87.5,90.4,91.1,86.2,84.4,82.8,84.3,86.1,85.6,84.6,84.0,80.2,81.4,83.0,81.2
5438,90.0,85.3,84.9,89.2,88.2,87.2,87.7,87.0,84.8,84.8,85.7,84.8,85.7,84.1,86.8,85.2,86.6,88.6,85.1,84.7,86.6,84.7,87.2,85.4,87.7,87.9,86.2,86.1,83.8,85.5,86.8,84.0,83.1,84.4,83.3,83.0,88.4,84.0,88.0,84.1,87.3,86.0,86.8,89.0,90.0,84.1,88.7,89.4,96.2,90.3,86.1,90.8,90.1,86.1,85.8,87.6,87.2,89.7,87.8,86.9,88.6,88.0,89.1,93.8,88.8,87.7,89.2,84.5,84.9,85.3,86.2,88.2,88.7,91.6,92.7,87.0,84.7,83.3,85.2,87.6,86.8,86.1,85.6,80.6,82.7,83.8,82.4
5439,90.2,85.0,84.6,90.0,88.5,87.7,88.3,87.5,84.8,85.2,85.7,85.2,85.9,84.5,87.3,85.5,87.1,89.6,85.2,84.7,86.9,85.0,87.7,85.9,88.7,88.4,86.6,86.3,84.1,85.6,87.2,84.0,83.5,84.9,83.9,83.4,88.5,83.5,88.2,83.9,88.1,85.9,87.9,89.9,90.4,83.5,89.2,89.5,96.2,90.9,86.1,91.1,90.0,86.2,86.5,88.2,88.0,90.1,89.1,87.6,89.2,89.4,90.3,94.3,90.4,88.2,90.4,84.8,85.3,85.2,85.8,89.0,88.6,92.1,93.4,86.9,84.6,83.4,85.5,88.4,87.5,86.7,86.2,80.3,83.3,84.0,82.6
5440,89.3,83.7,84.1,89.9,88.4,87.7,88.3,87.3,84.5,85.1,84.9,85.0,85.5,84.3,87.2,85.3,86.8,89.6,84.9,84.2,86.6,84.7,87.9,85.7,88.5,88.4,86.3,86.1,84.1,85.5,87.0,83.8,83.5,84.9,83.9,83.4,87.9,82.3,87.8,83.1,87.7,84.6,87.9,89.8,89.6,82.6,88.9,89.1,95.4,90.2,85.8,90.3,89.4,85.5,86.6,88.3,88.1,90.3,89.9,87.7,89.1,90.3,90.4,94.2,91.1,88.1,90.2,84.7,84.7,85.0,85.0,89.2,87.6,91.9,93.5,86.2,84.1,82.9,85.5,88.4,87.7,86.5,86.2,79.4,83.4,83.8,82.6
5441,87.3,82.2,82.0,88.9,87.6,87.1,87.4,86.3,83.6,84.2,84.0,84.6,84.4,83.5,86.3,84.4,85.7,88.7,83.8,82.8,85.6,83.9,86.9,85.0,87.9,87.4,85.8,85.3,83.4,84.6,86.0,82.7,82.6,84.2,83.1,82.6,85.6,80.5,87.0,82.0,86.8,82.3,87.3,88.9,87.6,81.0,87.5,88.0,93.9,89.7,84.7,88.6,88.4,83.3,86.1,87.5,87.8,89.8,89.8,87.0,88.2,90.3,89.7,93.2,90.3,87.0,88.9,83.9,83.7,83.8,83.7,88.3,85.5,91.2,92.5,85.2,83.0,81.9,84.4,87.9,87.1,85.6,85.7,78.3,82.6,83.0,81.8
5442,83.6,78.7,78.5,87.4,86.3,85.4,85.8,84.6,81.5,82.4,81.8,83.2,82.4,81.9,84.6,82.4,83.7,86.3,81.7,80.4,83.7,82.2,85.2,83.1,86.0,85.6,84.3,83.3,81.7,82.8,84.3,80.5,80.8,82.5,81.7,81.1,82.8,77.3,85.1,79.6,84.8,79.0,85.7,86.9,84.3,78.0,85.5,85.7,90.6,87.9,83.1,86.0,86.3,79.7,84.9,85.7,86.7,88.3,89.0,84.9,86.2,89.4,87.2,90.9,88.0,84.2,85.6,82.5,81.7,81.8,81.1,86.3,82.9,89.7,90.0,83.3,80.9,80.0,82.6,85.8,85.4,83.8,84.1,76.4,81.0,81.2,80.1
5443,78.1,73.8,72.6,84.1,83.5,82.8,82.9,81.1,77.9,79.0,78.1,80.2,78.4,79.2,81.3,78.9,79.2,80.3,78.0,76.6,80.3,78.3,81.5,79.6,82.5,82.0,81.8,79.7,78.3,79.6,81.0,76.7,77.7,79.4,79.3,78.0,77.6,72.5,82.0,75.1,82.0,73.8,82.3,83.3,79.6,74.0,82.0,80.6,84.8,84.5,80.2,82.3,83.1,74.0,82.2,81.6,83.6,84.8,86.8,80.2,82.5,86.0,82.0,84.8,83.8,79.0,80.4,79.6,78.1,78.0,77.9,82.6,78.3,86.7,83.6,79.8,76.4,76.0,79.2,82.2,81.9,80.4,79.8,73.8,78.3,77.9,76.5
5444,74.9,70.3,69.7,79.8,80.1,79.9,80.1,76.8,75.1,76.2,75.1,76.9,75.0,76.6,78.0,75.9,74.6,74.9,75.0,74.1,76.8,75.0,77.5,75.6,77.5,77.4,79.7,76.2,74.4,76.8,77.4,73.8,73.7,76.2,76.4,74.0,75.0,69.4,77.9,71.7,79.4,71.1,77.6,78.2,76.4,71.0,77.9,75.9,81.4,78.2,76.6,79.5,79.0,71.0,78.0,77.3,78.8,80.7,82.4,75.8,79.3,79.3,76.5,80.1,79.3,73.7,75.9,77.3,75.4,74.9,74.5,77.5,74.8,81.6,79.0,74.3,73.8,73.0,75.9,77.1,77.2,75.8,70.7,71.8,75.0,74.8,72.1
5445,72.6,68.2,68.0,77.0,77.9,78.1,78.3,74.6,73.8,74.6,73.4,75.0,73.4,74.9,76.3,74.1,72.7,71.8,73.3,72.7,74.7,73.4,75.9,73.7,75.0,75.5,78.3,74.5,72.6,75.2,75.5,72.7,71.9,74.3,74.7,71.8,72.8,67.8,75.9,69.5,76.9,69.5,75.0,75.5,74.4,68.7,75.1,73.3,78.6,73.9,73.9,77.3,76.2,69.3,75.4,74.3,75.6,78.0,78.5,73.9,76.0,74.9,72.9,76.7,76.1,71.0,73.1,75.8,73.9,73.3,72.6,74.8,72.3,78.3,76.0,72.1,72.4,71.5,74.2,74.4,74.9,73.3,68.8,70.3,73.1,72.9,70.1
5446,71.1,67.0,66.4,75.1,76.0,76.7,76.9,73.3,72.4,73.5,72.2,73.3,72.1,73.6,74.9,73.0,71.4,69.7,72.1,71.8,73.3,72.2,74.7,72.5,73.3,74.2,77.1,73.1,71.3,73.9,74.4,71.8,70.4,72.6,73.4,70.7,71.1,66.3,74.1,67.7,75.4,68.3,73.0,73.8,72.6,67.3,72.3,70.5,75.6,72.3,72.0,75.1,74.4,67.9,74.0,71.2,73.8,76.0,75.4,72.4,74.1,72.5,70.1,74.0,73.7,68.9,70.4,74.7,72.7,72.2,71.1,72.9,70.3,76.4,73.1,70.0,71.4,70.3,73.0,72.6,73.4,71.1,68.3,69.2,71.5,71.6,68.6
5447,69.8,66.3,65.5,73.4,74.5,75.5,75.6,72.2,71.3,72.3,71.2,72.3,71.3,72.5,73.8,72.0,70.4,68.2,71.1,70.8,72.2,71.0,73.5,71.7,71.9,73.1,76.0,71.8,70.2,72.8,73.0,71.0,69.4,71.1,72.2,69.7,70.1,65.3,72.6,66.2,74.2,67.3,71.5,72.5,71.1,66.3,70.0,68.3,72.1,70.6,70.6,72.9,72.9,66.9,72.4,68.7,72.4,74.4,73.2,70.8,71.8,70.9,68.0,71.8,71.6,67.3,68.2,73.5,71.8,71.2,69.7,71.1,68.4,74.7,69.6,68.8,70.5,69.3,71.9,71.2,72.2,69.6,67.6,68.3,70.2,70.5,67.5
5448,68.4,65.6,64.6,71.9,73.2,74.4,74.4,71.2,70.5,71.4,70.3,71.2,70.4,71.7,72.9,71.2,69.6,66.2,70.2,69.9,71.3,70.0,72.7,70.8,70.8,72.2,75.1,70.9,69.3,71.9,72.0,70.1,68.4,69.9,71.1,68.8,69.0,64.4,71.5,64.9,73.0,66.4,70.1,70.7,69.4,65.1,68.1,65.9,68.4,68.6,69.5,70.3,71.4,65.8,71.1,66.4,71.1,73.1,71.5,69.7,69.9,69.0,66.5,68.7,69.2,65.7,66.0,72.8,70.9,70.3,68.3,69.7,67.0,73.1,67.2,67.5,69.9,68.5,71.1,70.1,71.3,68.3,66.8,67.4,68.9,69.5,66.5
5449,67.0,64.6,63.8,70.8,72.2,73.3,73.3,70.2,69.6,70.5,69.7,70.5,69.6,70.8,72.0,70.4,68.9,64.7,69.6,69.3,70.4,69.2,71.9,70.0,69.9,71.4,74.1,69.9,68.5,71.0,71.3,69.3,67.5,69.0,70.2,68.0,68.1,63.6,70.3,63.7,71.7,65.4,68.9,69.5,68.0,63.9,66.5,64.1,65.0,66.7,68.1,67.9,70.1,64.7,69.8,64.6,69.7,72.2,69.5,68.1,68.4,67.5,64.6,65.8,67.2,63.8,63.8,71.9,70.0,69.7,66.9,68.5,65.4,71.7,65.1,65.8,69.2,67.9,70.4,69.0,70.4,67.2,66.1,66.6,67.9,68.6,65.8
5450,66.0,63.5,62.9,69.8,71.4,72.5,72.6,69.5,69.1,69.7,68.9,69.7,68.9,70.0,71.3,69.7,68.3,62.9,68.8,68.6,69.6,68.7,71.1,69.1,68.9,70.6,73.3,69.3,67.8,70.3,70.5,68.7,66.7,68.2,69.4,67.1,67.4,62.5,69.4,62.3,70.7,64.6,68.0,68.2,66.4,63.1,65.0,62.6,62.3,64.6,66.9,66.0,68.6,63.7,68.6,62.7,68.7,70.9,67.9,66.8,66.8,65.9,63.0,63.3,64.9,62.1,61.8,71.2,69.3,69.1,65.5,67.4,64.2,70.0,63.2,64.2,68.6,67.3,69.7,68.1,69.3,66.3,65.4,65.9,67.0,67.8,65.1
5451,64.7,62.6,62.2,68.8,70.5,71.7,71.8,68.9,68.4,69.3,68.3,69.1,68.3,69.5,70.5,69.2,67.8,61.7,68.2,68.1,69.0,68.0,70.3,68.3,68.3,69.6,72.6,68.8,67.1,69.4,69.8,68.0,65.9,67.4,68.7,66.5,66.7,61.6,68.5,61.2,69.6,63.9,67.2,66.7,65.3,62.1,63.7,61.1,60.2,63.1,65.9,64.2,67.0,63.0,67.4,61.4,67.6,70.2,66.4,65.4,65.4,64.6,61.4,60.9,63.3,60.3,59.9,70.5,68.6,68.5,64.2,66.4,63.0,68.5,61.2,62.5,68.0,66.6,69.1,67.2,68.5,65.3,64.4,65.2,66.2,67.2,64.4
5452,63.7,61.9,61.6,67.8,69.7,71.0,71.0,68.2,67.8,68.8,67.7,68.5,67.9,68.9,69.7,68.6,67.3,60.2,67.7,67.6,68.4,67.5,69.6,67.6,67.4,68.9,72.0,68.1,66.5,69.0,69.2,67.5,65.3,66.8,68.0,65.8,66.0,60.7,67.8,60.2,68.8,63.3,66.2,65.7,64.3,61.0,62.4,59.9,58.3,61.6,65.1,62.6,65.3,62.2,66.3,59.8,66.4,69.3,65.2,63.8,64.0,63.1,59.9,59.0,61.8,58.4,57.9,69.8,68.1,67.8,62.8,65.6,61.9,67.4,59.5,60.9,67.5,66.2,68.6,66.5,67.7,64.3,62.8,64.7,65.5,66.4,64.0
5453,62.4,61.0,61.1,67.0,69.0,70.3,70.4,67.4,67.2,68.3,67.3,68.0,67.4,68.3,69.0,68.2,66.8,58.9,67.2,67.1,67.9,67.0,69.2,66.8,66.8,68.2,71.4,67.5,66.1,68.6,68.6,67.2,64.5,65.7,67.5,65.5,65.4,59.9,67.2,59.0,67.9,62.9,65.4,64.3,63.3,60.1,61.3,58.7,57.0,59.9,64.3,61.4,64.2,61.7,65.1,58.5,65.4,68.7,64.0,62.5,63.0,61.7,58.9,57.1,60.6,56.9,56.1,69.3,67.6,67.3,62.0,64.8,61.0,65.9,58.4,59.9,67.0,65.8,68.0,65.7,67.2,63.5,61.7,64.2,64.9,65.8,63.5
5454,63.4,61.6,62.2,66.4,68.6,69.9,69.8,67.0,67.3,68.2,67.8,67.8,68.0,67.9,68.5,68.2,66.6,61.1,67.4,68.1,67.6,66.9,69.0,66.3,66.1,67.7,71.0,67.1,66.2,68.3,68.2,67.4,64.1,65.5,67.2,65.0,65.8,60.3,66.7,59.0,67.4,64.0,64.8,63.9,63.9,60.7,61.0,60.7,57.1,59.0,63.6,61.5,63.4,63.1,64.2,60.2,64.8,68.0,63.0,63.5,64.3,60.3,60.4,58.0,60.2,58.5,55.3,69.0,67.8,67.8,61.4,64.2,61.6,65.3,61.0,58.9,67.7,66.4,67.8,65.2,66.4,62.8,60.9,65.4,64.5,65.6,63.4
5455,68.1,66.1,66.5,67.3,70.2,71.1,71.4,69.5,70.1,70.5,71.5,69.9,71.2,69.9,70.5,70.8,69.6,67.0,70.5,71.0,70.1,69.5,71.5,68.2,67.5,69.9,72.7,69.2,69.0,70.9,70.4,70.6,66.1,67.8,68.6,67.6,69.7,64.8,67.3,64.5,69.4,68.8,65.9,67.8,67.6,65.3,64.9,67.9,68.3,62.8,66.3,65.0,67.4,66.7,65.5,65.1,66.8,70.9,64.4,67.8,67.0,61.7,66.2,66.8,62.5,64.8,61.7,70.7,70.9,71.1,65.1,65.0,66.1,70.1,69.2,63.4,70.9,69.7,70.2,66.6,68.0,64.1,64.1,68.0,65.9,67.7,65.9
5456,72.6,70.8,71.2,71.3,73.5,73.8,74.4,72.7,73.5,73.4,74.7,72.9,74.6,72.8,73.8,74.2,73.2,71.0,74.1,74.5,73.5,73.0,74.9,71.7,71.3,73.4,75.1,72.6,72.0,74.1,73.6,73.6,69.4,71.1,71.0,70.3,73.6,69.4,71.2,69.2,72.2,73.4,69.5,72.1,71.7,71.0,69.1,73.7,76.3,69.6,71.9,69.5,72.6,70.8,68.3,70.5,70.8,74.6,68.7,72.2,70.0,66.3,71.0,75.0,66.0,70.4,67.3,73.5,74.4,74.3,70.3,69.8,70.6,76.0,75.0,69.6,74.3,73.3,73.4,70.2,71.5,67.6,69.6,71.0,68.9,71.0,69.2
5457,77.0,74.8,75.2,75.8,77.1,76.9,77.5,76.4,76.7,76.4,77.9,76.4,77.9,75.7,76.9,77.5,76.9,74.4,77.5,77.8,76.9,76.4,78.2,75.2,75.1,76.9,77.9,76.3,75.0,77.2,76.8,76.5,72.8,74.7,73.7,73.5,77.3,73.3,75.3,73.3,75.3,77.2,73.6,75.8,76.0,75.6,73.7,78.0,82.2,76.2,76.8,74.6,77.6,74.8,72.8,75.1,75.6,78.4,72.7,76.0,73.7,71.7,75.1,80.7,70.0,74.7,72.2,76.4,77.4,77.3,75.1,74.6,75.1,80.2,79.4,75.0,77.5,76.3,76.6,74.5,75.3,72.1,73.4,73.7,72.1,74.6,72.6
5458,80.8,78.6,78.3,79.9,80.4,79.7,80.5,79.9,79.3,79.0,80.6,79.2,80.5,78.1,80.0,80.0,80.0,77.9,80.3,80.4,79.6,79.1,81.0,78.2,78.7,80.0,80.4,79.4,77.8,79.7,79.8,78.9,76.0,77.7,76.6,76.2,80.6,77.3,79.1,76.8,78.5,80.2,77.4,78.9,79.9,79.1,78.2,81.9,86.8,81.0,80.2,79.7,82.0,78.3,77.4,78.9,79.6,81.8,76.5,79.2,77.4,76.4,78.7,84.8,74.4,78.5,76.5,78.8,80.0,79.9,79.0,78.6,79.2,83.3,83.1,79.4,80.3,78.7,79.0,78.4,78.8,76.1,76.3,76.1,75.1,77.6,75.7
5459,84.1,81.3,81.0,83.2,83.1,82.2,82.9,82.5,81.3,80.9,82.4,81.3,82.3,80.2,82.3,82.0,82.4,81.3,82.2,82.2,82.2,81.1,83.3,80.6,81.6,82.7,82.2,81.8,79.8,81.7,82.3,80.8,78.4,80.0,78.9,78.6,83.2,80.2,82.2,79.9,81.2,82.5,80.6,82.2,83.6,81.9,82.0,84.9,90.7,84.7,82.9,84.1,85.4,81.2,80.8,81.8,82.4,84.8,79.9,81.8,81.0,80.1,82.0,88.0,78.6,81.9,80.3,80.7,82.0,81.8,81.9,81.8,82.8,86.0,86.2,82.6,82.2,80.4,81.3,81.4,81.6,79.6,79.0,77.8,77.6,79.8,78.1
5460,86.8,83.6,82.9,85.6,85.3,84.3,84.9,84.6,82.8,82.7,83.7,83.0,83.8,81.9,84.2,83.4,84.3,84.3,83.3,83.5,84.0,82.5,84.9,82.6,84.1,84.6,84.0,83.6,81.5,83.4,84.1,82.2,80.3,82.0,80.9,80.5,85.5,82.4,84.7,82.3,83.7,84.5,83.3,85.1,86.7,84.0,85.3,87.0,93.4,87.5,84.5,87.3,88.1,83.4,83.0,84.2,84.4,87.0,82.9,83.8,84.2,83.1,84.7,90.4,82.6,84.5,84.0,82.2,83.3,83.3,84.1,84.5,85.4,88.3,88.8,84.6,83.3,81.9,83.0,83.9,83.9,82.4,81.6,79.1,79.6,81.5,79.9
5461,89.1,84.9,84.4,87.7,87.0,85.7,86.4,86.0,83.9,83.8,85.0,84.1,85.1,83.1,85.7,84.6,85.7,86.7,84.4,84.4,85.6,83.8,86.2,84.2,86.2,86.5,85.4,84.9,82.8,84.5,85.8,83.3,81.8,83.2,82.4,81.9,87.1,83.9,86.5,83.7,85.7,85.6,85.3,87.6,88.9,85.0,87.3,88.5,95.4,89.4,85.4,89.4,89.6,85.2,84.6,86.1,86.0,88.7,85.5,85.6,86.5,85.6,87.0,92.4,86.1,86.3,87.0,83.5,84.1,84.4,85.8,86.7,87.6,90.2,91.1,86.0,84.3,82.9,84.3,86.0,85.5,84.5,83.9,80.0,81.2,83.0,81.1
5462,90.2,85.4,85.0,89.2,88.1,87.0,87.6,86.9,84.7,84.7,85.6,84.8,85.7,84.0,86.6,85.2,86.6,88.3,85.0,84.6,86.6,84.7,87.1,85.2,87.8,87.8,86.2,86.0,83.8,85.4,86.7,84.0,82.9,84.3,83.3,82.9,88.2,84.1,87.9,84.0,87.1,86.0,87.0,88.8,90.2,84.5,88.5,89.5,96.1,90.2,85.8,90.8,90.0,86.2,85.7,87.3,87.1,89.6,87.6,86.7,88.2,87.7,88.8,93.7,88.8,87.5,89.3,84.5,84.8,85.3,86.1,88.2,88.8,91.4,92.6,86.9,84.6,83.3,85.2,87.5,86.7,86.1,85.4,80.3,82.5,83.8,82.3
5463,90.3,84.9,84.7,90.0,88.4,87.5,88.1,87.4,84.7,85.2,85.6,85.2,85.9,84.4,87.2,85.5,87.1,89.3,85.1,84.7,86.8,84.9,87.7,85.7,88.8,88.3,86.6,86.2,84.0,85.6,87.1,83.9,83.4,84.8,83.9,83.3,88.4,83.6,88.2,83.7,87.9,85.8,88.0,89.6,90.5,83.9,89.0,89.6,96.2,90.7,85.8,91.2,89.9,86.2,86.4,87.9,87.9,90.0,88.9,87.2,88.9,89.2,90.0,94.4,90.5,87.9,90.4,84.7,85.2,85.3,85.7,89.0,88.6,91.9,93.4,86.8,84.5,83.4,85.5,88.3,87.4,86.7,86.0,79.9,83.2,83.9,82.5
5464,89.4,83.4,84.2,89.9,88.3,87.6,88.1,87.1,84.3,85.0,84.8,84.9,85.4,84.2,87.0,85.3,86.8,89.3,84.9,84.2,86.5,84.7,87.8,85.5,88.5,88.3,86.2,86.0,84.0,85.5,86.9,83.7,83.3,84.7,83.8,83.3,87.8,82.1,87.8,82.9,87.6,84.4,88.0,89.5,89.7,82.7,88.8,89.2,95.4,90.1,85.5,90.4,89.2,85.5,86.5,88.0,88.0,90.2,89.6,87.3,88.8,90.1,90.1,94.3,91.2,87.8,90.3,84.6,84.7,85.0,85.0,89.2,87.6,91.7,93.5,86.1,83.9,82.9,85.4,88.3,87.6,86.6,86.0,79.1,83.2,83.8,82.5
5465,87.3,82.0,82.0,88.9,87.5,86.9,87.3,86.2,83.4,84.1,83.9,84.5,84.3,83.3,86.3,84.3,85.8,88.4,83.7,82.7,85.5,83.8,86.9,84.8,87.8,87.4,85.7,85.2,83.4,84.5,85.9,82.5,82.5,83.9,83.0,82.4,85.5,80.3,87.0,81.7,86.6,82.1,87.3,88.7,87.8,81.1,87.4,88.0,93.9,89.6,84.5,88.7,88.1,83.2,86.0,87.1,87.6,89.7,89.6,86.6,87.9,90.1,89.4,93.3,90.4,86.7,89.1,83.8,83.6,83.9,83.4,88.3,85.5,91.1,92.5,85.0,82.9,81.9,84.3,87.7,87.0,85.6,85.5,78.0,82.5,83.0,81.7
5466,83.6,78.4,78.5,87.4,86.1,85.3,85.6,84.4,81.3,82.2,81.6,83.0,82.3,81.7,84.5,82.3,83.6,86.0,81.6,80.3,83.6,82.0,85.2,82.8,85.9,85.5,84.2,83.2,81.6,82.8,84.2,80.4,80.7,82.3,81.7,81.0,82.6,77.1,85.1,79.2,84.6,78.8,85.7,86.8,84.4,78.0,85.4,85.7,90.5,87.7,83.0,86.1,86.0,79.6,84.7,85.4,86.5,88.2,88.7,84.5,85.9,89.1,86.8,90.9,88.1,83.9,85.8,82.4,81.7,81.7,81.0,86.2,82.7,89.5,90.0,83.1,80.7,79.9,82.5,85.7,85.2,83.8,83.9,76.1,80.8,81.2,79.9
5467,78.1,73.6,72.5,84.0,83.4,82.6,82.7,80.8,77.6,78.8,77.9,80.0,78.2,79.1,81.2,78.6,79.0,79.9,77.9,76.3,80.2,78.2,81.3,79.2,82.4,81.8,81.7,79.5,78.1,79.5,80.9,76.5,77.5,79.3,79.2,77.9,77.4,72.5,82.0,74.7,81.8,73.6,82.2,83.1,79.6,74.0,81.8,80.6,84.7,84.2,80.0,82.5,82.8,73.9,82.0,81.2,83.3,84.7,86.5,79.7,82.2,85.8,81.6,84.8,83.9,78.6,80.5,79.5,78.0,77.8,77.7,82.4,78.0,86.5,83.5,79.6,76.2,75.8,79.0,81.9,81.7,80.2,79.5,73.5,78.0,77.8,76.3
5468,75.0,70.3,69.7,79.7,80.0,79.7,80.0,76.6,74.9,76.1,74.9,76.7,74.8,76.5,77.8,75.7,74.5,74.5,74.9,73.9,76.6,74.8,77.4,75.2,77.3,77.3,79.7,76.0,74.2,76.7,77.3,73.5,73.5,76.0,76.3,73.7,74.9,69.4,77.9,71.4,79.1,71.0,77.5,78.2,76.6,70.9,77.8,75.9,81.5,78.1,76.4,79.6,78.8,70.9,77.9,77.0,78.6,80.5,82.1,75.5,79.1,79.0,76.1,80.1,79.3,73.4,75.9,77.3,75.2,74.7,74.3,77.5,74.6,81.5,79.0,74.3,73.6,72.9,75.7,76.9,77.0,75.8,70.5,71.5,74.7,74.6,71.9
5469,72.7,68.3,67.9,76.8,77.8,78.0,78.2,74.4,73.5,74.5,73.2,74.7,73.2,74.8,76.1,74.0,72.5,71.5,73.1,72.5,74.6,73.2,75.8,73.5,74.8,75.5,78.3,74.3,72.4,75.0,75.3,72.5,71.7,74.1,74.6,71.7,72.8,67.8,75.8,69.2,76.7,69.5,74.9,75.5,74.5,68.6,75.0,73.3,78.5,73.9,73.8,77.4,76.1,69.2,75.2,74.0,75.4,77.9,78.2,73.6,75.8,74.6,72.5,76.7,76.1,70.6,73.1,75.7,73.7,73.1,72.5,74.8,72.2,78.3,76.0,72.0,72.1,71.3,74.0,74.1,74.7,73.2,68.8,70.0,72.8,72.8,69.9
5470,71.1,67.1,66.3,74.9,75.9,76.7,76.8,73.0,72.2,73.3,72.0,73.1,71.9,73.5,74.9,72.8,71.3,69.4,71.9,71.5,73.2,71.9,74.6,72.2,73.2,74.2,77.0,72.9,71.1,73.7,74.2,71.6,70.3,72.4,73.2,70.6,71.1,66.3,74.0,67.6,75.2,68.2,72.9,73.7,72.6,67.2,72.3,70.5,75.6,72.3,71.9,75.2,74.3,67.9,73.8,71.0,73.6,75.9,75.1,72.0,73.8,72.1,69.6,74.0,73.7,68.6,70.4,74.6,72.5,72.0,71.1,72.8,70.2,76.4,73.0,70.1,71.1,70.2,72.8,72.4,73.2,71.0,68.2,69.0,71.3,71.4,68.4
5471,69.8,66.3,65.5,73.3,74.3,75.4,75.5,71.9,71.1,72.2,71.0,72.0,71.0,72.5,73.8,71.8,70.3,67.8,70.9,70.6,72.1,70.8,73.4,71.4,71.8,73.0,75.9,71.7,70.0,72.6,72.9,70.8,69.2,70.9,72.1,69.5,70.1,65.3,72.5,66.1,74.0,67.2,71.4,72.5,71.1,66.2,70.0,68.3,72.2,70.7,70.5,73.0,72.8,66.9,72.3,68.4,72.2,74.2,72.9,70.4,71.6,70.6,67.6,71.8,71.6,67.0,68.3,73.5,71.6,71.0,69.6,71.0,68.3,74.8,69.6,68.8,70.2,69.2,71.7,71.1,72.0,69.5,67.5,68.0,70.0,70.4,67.4
5472,68.3,65.6,64.6,71.8,72.9,74.3,74.3,70.9,70.2,71.3,70.1,70.9,70.2,71.6,72.9,71.0,69.5,65.9,70.0,69.6,71.2,69.8,72.6,70.5,70.8,72.1,75.0,70.9,69.1,71.7,71.8,69.9,68.3,69.6,71.0,68.6,69.0,64.5,71.5,64.9,72.8,66.3,70.1,70.6,69.5,64.9,68.2,65.9,68.5,68.6,69.3,70.4,71.4,65.8,71.0,66.1,70.9,73.0,71.2,69.3,69.7,68.5,66.2,68.8,69.2,65.3,66.0,72.7,70.7,70.1,68.3,69.6,66.9,73.1,67.3,67.5,69.5,68.4,71.0,69.9,71.1,68.2,66.6,67.2,68.7,69.3,66.4
5473,66.9,64.4,63.8,70.7,72.0,73.3,73.2,70.0,69.3,70.4,69.5,70.2,69.4,70.7,72.0,70.2,68.8,64.3,69.4,69.0,70.3,69.0,71.7,69.8,69.8,71.2,74.0,69.9,68.2,70.8,71.1,69.1,67.4,68.7,70.0,67.7,68.1,63.5,70.3,63.7,71.6,65.2,68.8,69.5,68.0,63.9,66.7,64.2,65.1,66.7,67.9,67.9,70.1,64.7,69.7,64.2,69.5,72.0,69.2,67.8,68.2,67.1,64.3,65.8,67.1,63.4,63.9,71.9,69.8,69.5,66.8,68.3,65.4,71.7,65.1,65.9,68.8,67.7,70.3,68.8,70.2,67.1,66.0,66.3,67.7,68.4,65.6
5474,66.0,63.3,62.9,69.7,71.1,72.4,72.4,69.3,68.8,69.6,68.7,69.5,68.7,69.9,71.3,69.6,68.2,62.6,68.6,68.3,69.5,68.5,70.9,69.0,68.8,70.4,73.2,69.3,67.5,70.1,70.4,68.4,66.5,68.0,69.3,66.9,67.3,62.4,69.4,62.3,70.5,64.5,67.8,68.3,66.4,63.0,65.0,62.6,62.4,64.7,66.9,65.9,68.5,63.7,68.4,62.4,68.5,70.7,67.6,66.4,66.6,65.5,62.7,63.3,64.8,61.7,61.8,71.1,69.1,68.9,65.5,67.3,64.1,70.0,63.2,64.2,68.2,67.1,69.6,67.9,69.1,66.2,65.3,65.6,66.8,67.6,64.9
5475,64.7,62.5,62.1,68.7,70.3,71.6,71.6,68.6,68.2,69.1,68.1,68.9,68.1,69.3,70.5,69.1,67.6,61.5,68.0,67.7,68.8,67.8,70.1,68.1,68.1,69.4,72.5,68.7,66.8,69.2,69.7,67.8,65.8,67.2,68.5,66.3,66.6,61.6,68.5,61.2,69.4,63.8,67.0,66.8,65.3,61.9,63.7,61.2,60.3,63.1,65.9,64.2,67.1,62.9,67.3,61.0,67.4,70.0,66.1,65.0,65.2,64.1,61.2,60.8,63.2,59.9,59.9,70.4,68.3,68.3,64.2,66.3,62.9,68.6,61.1,62.7,67.8,66.4,68.9,66.9,68.3,65.2,64.3,65.0,66.1,67.0,64.2
5476,63.7,61.8,61.5,67.8,69.4,70.8,70.9,67.9,67.6,68.6,67.6,68.3,67.7,68.7,69.6,68.5,67.1,60.0,67.4,67.3,68.2,67.3,69.4,67.4,67.3,68.7,71.7,68.0,66.2,68.7,68.9,67.3,65.1,66.5,67.8,65.6,65.9,60.6,67.7,60.1,68.6,63.2,66.1,65.7,64.2,60.9,62.5,60.0,58.5,61.8,65.1,62.5,65.4,62.1,66.1,59.6,66.3,69.2,64.9,63.5,63.8,62.7,59.7,58.9,61.7,58.1,57.9,69.7,67.9,67.7,62.8,65.4,61.8,67.4,59.5,61.0,67.1,66.0,68.4,66.3,67.5,64.2,62.8,64.5,65.3,66.2,63.8
5477,62.4,60.9,60.9,66.9,68.8,70.2,70.2,67.2,67.0,68.1,67.1,67.8,67.2,68.1,68.9,68.0,66.7,58.7,66.9,66.8,67.7,66.8,69.0,66.6,66.7,68.0,71.2,67.3,65.8,68.3,68.4,67.0,64.3,65.5,67.3,65.2,65.2,59.8,67.1,58.9,67.7,62.9,65.2,64.4,63.2,60.1,61.4,58.8,57.0,60.1,64.4,61.4,64.3,61.5,65.0,58.2,65.2,68.4,63.7,62.2,62.8,61.2,58.7,57.1,60.5,56.7,56.1,69.0,67.3,67.1,61.9,64.7,60.9,66.0,58.4,59.9,66.7,65.6,67.8,65.5,66.9,63.3,61.7,64.0,64.7,65.6,63.4
5478,63.3,61.5,61.9,66.2,68.4,69.7,69.6,66.8,67.0,67.9,67.6,67.5,67.7,67.7,68.4,68.0,66.3,60.7,67.2,67.7,67.3,66.7,68.8,66.1,66.0,67.5,70.8,66.9,65.9,68.1,68.0,67.1,63.9,65.3,67.0,64.8,65.7,60.2,66.6,58.9,67.2,64.0,64.7,63.9,63.8,60.6,61.0,60.7,57.1,59.2,63.6,61.4,63.5,62.8,64.0,59.9,64.6,67.8,62.7,63.3,64.0,59.9,60.0,57.7,60.0,58.2,55.1,68.7,67.5,67.5,61.4,64.1,61.4,65.4,60.9,58.9,67.3,66.2,67.6,65.0,66.2,62.6,60.9,65.1,64.3,65.4,63.2
5479,67.9,66.0,66.3,67.1,69.9,70.9,71.2,69.3,69.8,70.3,71.3,69.6,71.0,69.6,70.4,70.4,69.3,66.7,70.3,70.7,69.8,69.2,71.3,67.9,67.4,69.7,72.4,69.0,68.7,70.6,70.2,70.3,65.9,67.6,68.4,67.4,69.6,64.7,67.2,64.3,69.2,68.6,65.7,67.7,67.4,65.2,64.9,67.9,68.3,62.7,66.2,64.9,67.4,66.5,65.3,64.8,66.6,70.7,64.0,67.6,66.8,61.2,66.0,66.6,62.3,64.6,61.5,70.4,70.7,70.9,65.0,64.8,65.9,70.0,69.1,63.4,70.5,69.5,69.9,66.4,67.7,63.8,64.0,67.8,65.7,67.4,65.7
5480,72.5,70.6,71.0,71.1,73.3,73.7,74.2,72.5,73.2,73.2,74.6,72.6,74.5,72.5,73.7,74.0,73.0,70.9,74.0,74.3,73.3,72.7,74.7,71.5,71.1,73.2,74.9,72.5,71.8,73.9,73.3,73.3,69.3,70.9,70.8,70.2,73.5,69.3,71.0,69.0,72.0,73.1,69.3,71.9,71.6,70.8,69.0,73.7,76.3,69.5,71.8,69.4,72.6,70.7,68.2,70.2,70.6,74.5,68.4,72.0,69.8,65.8,70.8,74.9,65.8,70.2,67.2,73.2,74.2,74.2,70.2,69.6,70.4,75.9,74.9,69.7,74.1,73.1,73.2,70.0,71.2,67.4,69.5,70.8,68.7,70.8,69.1
5481,77.0,74.6,74.9,75.6,76.8,76.7,77.3,76.2,76.4,76.2,77.8,76.2,77.8,75.5,76.8,77.3,76.7,74.3,77.4,77.8,76.7,76.1,78.0,74.9,75.0,76.7,77.7,76.2,74.8,77.1,76.5,76.2,72.8,74.5,73.6,73.3,77.1,73.2,75.2,73.1,75.1,77.0,73.5,75.6,75.9,75.5,73.5,78.0,82.3,76.2,76.6,74.5,77.5,74.7,72.6,74.9,75.4,78.2,72.5,75.8,73.5,71.3,75.0,80.6,69.9,74.6,72.2,76.1,77.2,77.3,75.0,74.4,75.0,80.1,79.3,75.1,77.3,76.2,76.4,74.3,75.0,71.9,73.3,73.5,71.9,74.4,72.6
5482,80.8,78.3,78.1,79.7,80.1,79.6,80.4,79.7,79.0,78.8,80.4,79.0,80.4,77.9,79.9,79.8,79.8,77.8,80.2,80.4,79.4,78.9,80.8,77.9,78.5,79.8,80.2,79.3,77.7,79.6,79.6,78.7,75.8,77.5,76.5,76.1,80.3,77.1,79.0,76.6,78.2,80.0,77.3,78.8,79.9,79.0,78.0,81.9,86.8,80.9,80.0,79.7,81.8,78.1,77.2,78.7,79.5,81.7,76.3,79.0,77.1,76.0,78.6,84.8,74.3,78.3,76.5,78.6,79.8,79.9,78.8,78.3,79.1,83.2,83.1,79.4,80.1,78.6,78.9,78.1,78.5,76.0,76.2,75.9,74.9,77.4,75.6
5483,84.1,81.1,80.7,83.0,82.9,82.1,82.8,82.2,80.9,80.7,82.3,81.1,82.2,80.1,82.2,81.8,82.3,81.1,82.1,82.2,81.9,80.9,83.3,80.4,81.5,82.4,82.1,81.7,79.7,81.7,82.1,80.5,78.3,79.8,78.8,78.4,83.0,80.0,82.1,79.6,81.0,82.4,80.5,82.0,83.4,81.9,81.8,84.9,90.7,84.6,82.7,84.1,85.2,81.1,80.6,81.7,82.2,84.6,79.7,81.7,80.8,79.8,81.8,88.0,78.6,81.8,80.4,80.6,81.8,81.8,81.7,81.6,82.7,85.9,86.3,82.6,82.0,80.3,81.2,81.2,81.3,79.5,78.9,77.6,77.4,79.6,78.0
5484,86.8,83.4,82.6,85.4,85.1,84.1,84.7,84.3,82.5,82.5,83.6,82.7,83.7,81.7,84.0,83.2,84.1,84.1,83.2,83.5,83.8,82.3,84.9,82.3,83.9,84.5,83.8,83.5,81.4,83.3,83.9,82.0,80.2,81.8,80.8,80.3,85.3,82.2,84.6,81.9,83.4,84.3,83.3,84.9,86.5,84.0,85.0,87.0,93.5,87.3,84.3,87.4,87.9,83.2,82.9,84.1,84.3,86.9,82.8,83.6,84.0,82.8,84.5,90.4,82.6,84.3,84.0,82.1,83.1,83.3,84.0,84.4,85.2,88.2,88.8,84.5,83.3,81.9,82.8,83.7,83.6,82.3,81.5,78.9,79.4,81.3,79.8
5485,88.9,84.7,84.1,87.6,86.7,85.6,86.3,85.7,83.6,83.7,84.9,83.9,85.0,82.9,85.6,84.4,85.6,86.5,84.4,84.3,85.5,83.6,86.3,83.8,86.1,86.3,85.3,84.7,82.6,84.4,85.6,83.1,81.7,83.1,82.3,81.7,86.8,83.6,86.3,83.3,85.4,85.5,85.3,87.4,88.8,85.0,87.1,88.5,95.4,89.2,85.2,89.6,89.4,85.1,84.5,85.9,85.9,88.5,85.4,85.4,86.4,85.4,86.9,92.4,86.2,86.1,87.1,83.5,84.0,84.3,85.6,86.5,87.4,90.1,91.1,86.0,84.2,82.8,84.2,85.7,85.3,84.3,83.8,79.8,81.0,82.8,81.0
5486,90.1,85.2,84.9,89.1,87.9,86.9,87.5,86.6,84.4,84.6,85.5,84.6,85.5,83.9,86.5,85.1,86.5,88.2,84.8,84.6,86.5,84.6,87.1,84.8,87.6,87.6,86.1,85.8,83.6,85.3,86.6,83.8,82.8,84.2,83.2,82.7,88.0,83.9,87.7,83.7,86.7,85.9,86.9,88.7,90.1,84.6,88.4,89.5,96.2,90.1,85.7,90.9,90.0,86.0,85.7,87.1,87.1,89.5,87.4,86.5,88.0,87.5,88.7,93.7,89.0,87.3,89.3,84.3,84.8,85.1,86.0,88.1,88.6,91.4,92.6,86.8,84.6,83.3,85.1,87.3,86.5,85.9,85.3,80.2,82.3,83.5,82.1
5487,90.2,84.7,84.7,89.9,88.3,87.4,88.0,87.2,84.4,85.0,85.4,85.0,85.6,84.3,87.0,85.4,87.0,89.1,84.9,84.7,86.7,84.9,87.7,85.3,88.6,88.1,86.4,86.2,83.8,85.5,86.9,83.7,83.2,84.6,83.7,83.1,88.3,83.3,88.1,83.3,87.5,85.7,87.9,89.6,90.4,83.9,88.8,89.7,96.2,90.5,85.7,91.3,89.8,86.1,86.3,87.7,87.8,90.0,88.8,87.0,88.6,89.0,89.8,94.4,90.6,87.7,90.5,84.6,85.1,85.1,85.7,88.9,88.4,91.9,93.5,86.7,84.4,83.3,85.4,88.1,87.3,86.5,86.1,79.8,83.0,83.6,82.3
5488,89.2,83.2,84.1,89.9,88.1,87.5,88.0,86.8,84.1,84.8,84.7,84.8,85.2,84.1,87.0,85.2,86.7,89.2,84.7,84.1,86.4,84.5,87.7,85.2,88.4,88.1,86.1,86.0,83.7,85.3,86.7,83.5,83.2,84.5,83.7,83.1,87.7,81.9,87.9,82.5,87.1,84.3,87.9,89.5,89.6,82.7,88.6,89.2,95.4,90.0,85.5,90.5,89.1,85.4,86.4,87.8,88.0,90.2,89.4,87.1,88.6,89.9,89.9,94.3,91.3,87.5,90.4,84.5,84.7,84.8,84.8,89.1,87.5,91.7,93.6,86.0,83.8,82.9,85.3,88.1,87.4,86.5,86.0,79.0,83.0,83.5,82.3
5489,87.2,81.7,81.9,88.8,87.3,86.8,87.2,86.0,83.2,83.8,83.8,84.4,84.1,83.3,86.1,84.1,85.7,88.2,83.5,82.6,85.3,83.6,86.8,84.5,87.7,87.2,85.6,85.1,83.1,84.4,85.7,82.3,82.2,83.7,82.7,82.2,85.5,80.1,87.1,81.3,86.1,82.0,87.1,88.7,87.7,80.8,87.2,88.0,93.9,89.3,84.4,88.8,88.0,83.1,85.8,86.9,87.5,89.6,89.4,86.4,87.6,90.0,89.1,93.3,90.6,86.4,89.2,83.7,83.4,83.7,83.2,88.2,85.4,91.1,92.6,84.8,82.7,81.8,84.2,87.5,86.8,85.6,85.5,77.8,82.2,82.8,81.5
5490,83.4,78.3,78.3,87.2,85.9,85.1,85.4,84.2,81.0,82.0,81.4,82.9,82.1,81.6,84.3,82.1,83.4,85.8,81.4,80.0,83.4,81.7,85.1,82.5,85.7,85.3,84.0,83.0,81.3,82.6,84.0,80.2,80.5,82.0,81.5,80.8,82.4,76.9,85.4,78.8,84.2,78.6,85.4,86.7,84.2,77.8,85.1,85.7,90.5,87.5,82.9,86.3,85.9,79.4,84.6,85.1,86.4,88.0,88.6,84.2,85.5,89.0,86.6,90.9,88.3,83.5,85.9,82.2,81.4,81.4,80.8,86.1,82.5,89.5,90.1,82.9,80.4,79.8,82.3,85.6,85.0,83.6,84.0,75.9,80.6,81.0,79.6
5491,78.0,73.5,72.3,83.8,83.1,82.3,82.5,80.5,77.3,78.5,77.6,79.8,77.9,78.8,81.0,78.4,78.7,79.6,77.6,76.0,79.9,77.9,81.2,78.8,82.1,81.6,81.5,79.3,77.9,79.3,80.6,76.2,77.2,78.9,78.9,77.6,77.3,72.3,82.0,74.3,81.4,73.4,81.9,83.0,79.3,73.8,81.5,80.6,84.8,83.9,79.9,82.6,82.7,73.7,81.8,80.9,83.1,84.5,86.3,79.4,81.8,85.6,81.2,84.6,83.9,78.2,80.5,79.3,77.7,77.5,77.5,82.4,77.8,86.4,83.6,79.4,75.8,75.6,78.8,81.9,81.4,80.1,79.3,73.2,77.8,77.5,75.9
5492,74.8,70.2,69.6,79.5,79.7,79.5,79.8,76.2,74.7,75.8,74.7,76.4,74.6,76.3,77.6,75.5,74.2,74.2,74.6,73.7,76.3,74.6,77.3,74.9,77.0,77.1,79.5,75.8,73.9,76.5,76.9,73.3,73.3,75.7,76.0,73.4,74.7,69.3,77.8,71.1,78.8,70.9,77.2,78.1,76.4,70.8,77.5,75.9,81.6,77.9,76.4,79.7,78.8,70.7,77.8,76.6,78.4,80.4,81.9,75.2,78.7,78.7,75.8,80.0,79.4,73.1,75.9,77.0,75.0,74.5,74.2,77.5,74.5,81.4,79.0,74.3,73.2,72.7,75.5,76.8,76.8,75.6,70.5,71.2,74.5,74.4,71.6
5493,72.6,68.1,67.8,76.7,77.5,77.7,78.0,74.1,73.3,74.3,73.1,74.5,73.1,74.5,75.9,73.8,72.3,71.3,72.8,72.2,74.4,72.9,75.7,73.1,74.6,75.3,78.2,74.1,72.1,74.8,75.0,72.3,71.4,73.8,74.3,71.4,72.6,67.7,75.8,69.0,76.4,69.4,74.6,75.4,74.3,68.5,74.7,73.2,78.6,73.9,73.7,77.5,76.1,69.0,75.1,73.6,75.3,77.9,78.1,73.3,75.4,74.4,72.1,76.7,76.1,70.2,73.0,75.6,73.5,72.9,72.4,74.7,72.1,78.3,76.0,71.9,71.8,71.2,73.9,74.0,74.5,73.0,68.9,69.8,72.5,72.5,69.6
5494,71.0,66.9,66.3,74.8,75.5,76.5,76.6,72.8,71.9,73.1,71.8,73.0,71.9,73.3,74.6,72.6,71.2,69.2,71.7,71.3,73.0,71.6,74.5,71.9,73.0,74.0,76.9,72.7,70.9,73.5,73.9,71.3,70.1,72.1,72.9,70.3,71.0,66.2,73.9,67.4,74.9,68.2,72.7,73.7,72.5,67.0,71.9,70.6,75.6,72.3,71.9,75.2,74.4,67.8,73.8,70.6,73.6,75.8,74.9,71.8,73.5,71.9,69.2,74.0,73.7,68.3,70.4,74.4,72.2,71.8,70.9,72.7,70.0,76.5,73.1,70.0,70.8,69.9,72.6,72.2,73.0,70.9,68.3,68.8,71.1,71.1,68.1
5495,69.6,66.1,65.4,73.1,74.0,75.2,75.4,71.6,70.9,72.0,70.9,71.8,70.9,72.3,73.6,71.5,70.1,67.6,70.7,70.3,71.9,70.5,73.2,71.2,71.6,72.8,75.8,71.5,69.7,72.4,72.6,70.6,69.1,70.5,71.8,69.2,69.9,65.2,72.5,65.9,73.7,67.1,71.2,72.3,70.9,66.1,69.8,68.3,72.2,70.6,70.6,72.9,72.9,66.8,72.3,68.1,72.3,74.3,72.6,70.2,71.3,70.5,67.3,71.7,71.6,66.6,68.4,73.3,71.3,70.8,69.6,70.9,68.1,74.8,69.6,68.7,69.8,69.0,71.6,70.9,71.8,69.4,67.4,67.8,69.8,70.0,67.1
5496,68.2,65.5,64.6,71.7,72.6,74.1,74.1,70.6,70.0,71.1,69.9,70.7,70.1,71.4,72.7,70.7,69.3,65.7,69.8,69.3,71.0,69.6,72.4,70.3,70.6,71.9,74.8,70.6,68.8,71.5,71.6,69.7,68.1,69.3,70.8,68.3,68.8,64.4,71.3,64.7,72.5,66.1,69.9,70.6,69.4,64.9,68.0,66.0,68.7,68.7,69.3,70.4,71.5,65.7,70.9,65.8,70.9,73.0,71.0,69.0,69.3,68.5,65.9,68.7,69.3,65.0,66.0,72.5,70.4,70.0,68.3,69.4,66.6,73.1,67.2,67.4,69.2,68.2,70.8,69.7,70.8,68.1,66.6,67.0,68.5,68.9,66.2
5497,66.8,64.3,63.7,70.6,71.7,73.1,73.0,69.7,69.1,70.2,69.3,70.0,69.2,70.5,71.8,69.9,68.5,64.2,69.1,68.7,70.1,68.7,71.5,69.6,69.7,71.0,73.8,69.6,68.0,70.5,70.8,68.8,67.2,68.4,69.8,67.5,67.9,63.4,70.1,63.6,71.3,65.1,68.6,69.5,67.8,63.7,66.5,64.2,65.2,66.7,67.9,67.8,70.1,64.6,69.7,63.9,69.5,72.0,69.0,67.6,67.8,67.0,64.0,65.7,67.1,63.2,63.8,71.7,69.5,69.3,66.8,68.2,65.1,71.7,65.0,65.8,68.4,67.5,70.2,68.6,69.8,67.0,66.0,66.2,67.5,68.0,65.4
5498,65.7,63.3,62.8,69.6,70.8,72.2,72.3,69.0,68.5,69.4,68.5,69.2,68.5,69.6,71.1,69.3,68.0,62.5,68.4,68.0,69.3,68.2,70.6,68.6,68.6,70.1,73.0,69.0,67.3,69.8,70.2,68.2,66.3,67.7,69.0,66.7,67.1,62.4,69.2,62.2,70.3,64.4,67.6,68.3,66.3,62.8,64.9,62.7,62.5,64.7,66.9,65.8,68.6,63.6,68.4,62.1,68.4,70.7,67.4,66.2,66.2,65.4,62.4,63.3,64.8,61.3,61.8,70.9,68.7,68.7,65.5,67.1,63.9,70.0,63.1,64.2,67.8,66.9,69.4,67.7,68.8,66.0,65.2,65.5,66.6,67.3,64.7
5499,64.5,62.3,62.0,68.6,70.0,71.4,71.4,68.3,67.9,68.9,67.9,68.6,68.0,69.1,70.2,68.8,67.4,61.4,67.7,67.4,68.6,67.5,69.9,67.8,68.0,69.2,72.2,68.5,66.6,69.0,69.3,67.6,65.6,66.9,68.3,66.0,66.4,61.6,68.4,61.0,69.1,63.7,66.8,66.8,65.1,61.8,63.6,61.3,60.4,63.1,65.9,64.1,67.1,62.8,67.2,60.7,67.3,70.0,65.9,64.9,64.9,64.0,60.9,60.8,63.2,59.6,59.8,70.2,68.0,68.1,64.2,66.2,62.7,68.7,61.2,62.6,67.4,66.1,68.7,66.8,68.0,65.1,64.3,64.9,65.8,66.7,64.0
5500,63.5,61.7,61.4,67.7,69.1,70.6,70.7,67.6,67.3,68.4,67.4,68.0,67.5,68.4,69.3,68.2,66.9,59.8,67.1,66.9,68.0,67.0,69.2,67.2,67.1,68.5,71.5,67.7,66.0,68.5,68.6,67.0,64.9,66.2,67.6,65.3,65.7,60.7,67.6,59.9,68.4,63.1,65.9,65.6,64.1,60.8,62.4,60.1,58.6,61.7,65.1,62.5,65.4,62.0,66.1,59.4,66.3,69.2,64.8,63.4,63.5,62.5,59.5,58.9,61.7,57.8,57.8,69.5,67.6,67.4,62.8,65.3,61.6,67.4,59.6,61.1,66.8,65.6,68.2,66.0,67.3,64.0,62.8,64.3,65.1,66.0,63.5
5501,62.2,60.8,60.7,66.9,68.5,70.0,70.0,66.9,66.7,67.9,66.9,67.5,67.0,67.8,68.7,67.7,66.5,58.6,66.7,66.4,67.5,66.5,68.7,66.4,66.6,67.8,70.9,67.0,65.5,68.1,68.1,66.7,64.2,65.3,67.0,64.9,65.0,59.9,67.0,58.7,67.5,62.8,65.1,64.3,63.0,59.9,61.4,58.9,57.1,60.3,64.5,61.4,64.3,61.4,65.0,58.0,65.2,68.4,63.5,62.1,62.4,61.1,58.4,57.1,60.5,56.4,56.1,68.8,67.1,66.8,61.9,64.6,60.7,66.1,58.4,60.0,66.3,65.2,67.6,65.2,66.7,63.2,61.7,63.9,64.6,65.3,63.1
5502,63.0,61.4,61.8,66.1,68.0,69.5,69.4,66.5,66.7,67.7,67.3,67.3,67.4,67.4,68.2,67.6,66.1,60.5,66.8,67.3,67.1,66.3,68.5,65.8,65.9,67.3,70.6,66.6,65.6,67.8,67.7,66.8,63.7,65.0,66.7,64.5,65.5,60.1,66.4,58.6,67.0,63.8,64.5,63.7,63.6,60.5,60.9,60.7,57.1,59.2,63.7,61.3,63.5,62.6,64.0,59.5,64.6,67.8,62.5,63.0,63.6,59.7,59.7,57.6,60.0,57.9,55.0,68.5,67.2,67.2,61.3,63.9,61.1,65.6,60.7,58.8,66.9,65.8,67.4,64.7,65.9,62.4,60.9,65.0,64.1,65.1,62.9
5503,67.8,65.9,66.0,66.9,69.7,70.7,71.0,69.0,69.4,70.0,71.0,69.4,70.7,69.3,70.1,70.1,69.0,66.5,70.0,70.4,69.5,68.8,71.0,67.7,67.1,69.4,72.1,68.6,68.4,70.3,69.9,70.0,65.6,67.3,68.1,67.0,69.4,64.6,67.0,64.0,69.0,68.5,65.5,67.6,67.2,65.1,64.7,67.8,68.2,62.6,66.1,64.8,67.4,66.3,65.3,64.5,66.6,70.5,63.7,67.4,66.4,60.9,65.7,66.4,62.3,64.2,61.4,70.2,70.3,70.7,65.0,64.6,65.7,70.0,69.0,63.2,70.2,69.3,69.7,66.1,67.4,63.6,63.9,67.6,65.4,67.1,65.4
5504,72.4,70.4,70.9,70.9,73.0,73.5,74.0,72.3,72.9,73.0,74.4,72.4,74.2,72.3,73.5,73.7,72.8,70.6,73.7,74.1,73.0,72.4,74.4,71.2,70.8,72.9,74.6,72.2,71.5,73.7,73.1,73.1,69.0,70.6,70.6,69.9,73.5,69.2,70.8,68.8,71.8,73.2,69.0,71.8,71.5,70.8,68.8,73.8,76.3,69.4,71.6,69.3,72.5,70.5,68.1,69.9,70.5,74.4,68.2,71.8,69.4,65.6,70.5,74.8,65.8,69.9,67.1,73.0,74.0,74.0,70.1,69.4,70.2,75.9,74.9,69.7,73.7,72.9,73.0,69.8,71.1,67.2,69.4,70.7,68.5,70.5,68.8
5505,76.9,74.5,74.8,75.4,76.6,76.6,77.2,75.9,76.1,76.0,77.6,75.9,77.6,75.3,76.6,77.1,76.5,74.0,77.2,77.6,76.4,75.9,77.8,74.7,74.7,76.5,77.5,75.9,74.6,76.9,76.3,76.1,72.5,74.2,73.4,73.1,77.1,73.1,75.0,72.8,74.9,77.0,73.3,75.5,75.9,75.6,73.3,78.1,82.3,76.0,76.4,74.5,77.5,74.5,72.5,74.7,75.3,78.1,72.3,75.6,73.2,71.1,74.7,80.5,69.8,74.3,72.2,75.9,77.0,77.1,74.9,74.3,74.9,80.0,79.3,74.9,77.1,76.1,76.2,74.1,74.8,71.7,73.4,73.4,71.7,74.2,72.3
5506,80.8,78.3,78.0,79.6,79.8,79.5,80.2,79.5,78.8,78.6,80.2,78.8,80.2,77.7,79.7,79.7,79.7,77.6,80.0,80.3,79.2,78.7,80.6,77.7,78.3,79.7,80.0,79.1,77.4,79.5,79.4,78.5,75.6,77.2,76.3,75.9,80.3,77.1,78.9,76.4,78.0,80.1,77.1,78.6,79.8,79.1,77.7,81.9,86.8,80.8,79.8,79.7,81.7,78.0,77.2,78.5,79.4,81.7,76.2,78.8,76.9,75.9,78.3,84.8,74.2,78.0,76.5,78.4,79.6,79.7,78.7,78.3,79.0,83.1,83.1,79.3,79.8,78.5,78.7,77.9,78.4,75.9,76.2,75.8,74.7,77.3,75.3
5507,84.1,81.0,80.6,83.0,82.7,82.0,82.6,82.0,80.7,80.6,82.1,81.0,82.0,79.9,82.0,81.7,82.2,80.9,81.9,82.1,81.7,80.8,83.1,80.2,81.3,82.4,82.0,81.5,79.5,81.6,81.8,80.4,78.1,79.5,78.6,78.2,82.9,79.9,81.9,79.4,80.7,82.4,80.4,81.8,83.4,82.0,81.5,84.9,90.7,84.5,82.5,84.2,85.1,81.0,80.5,81.5,82.1,84.6,79.7,81.4,80.5,79.7,81.5,88.0,78.5,81.5,80.4,80.4,81.6,81.7,81.6,81.5,82.6,85.8,86.3,82.5,81.8,80.3,81.0,81.1,81.2,79.4,78.9,77.5,77.2,79.5,77.7
5508,86.9,83.4,82.6,85.4,85.0,84.0,84.6,84.1,82.4,82.3,83.5,82.6,83.6,81.5,83.9,83.1,84.0,83.8,83.0,83.5,83.6,82.2,84.8,82.2,83.8,84.4,83.7,83.3,81.3,83.2,83.7,81.9,80.0,81.6,80.6,80.1,85.2,82.2,84.5,81.8,83.2,84.3,83.1,84.8,86.5,84.1,84.8,87.0,93.5,87.2,84.1,87.5,87.7,83.2,82.8,83.9,84.2,86.8,82.7,83.5,83.7,82.8,84.2,90.4,82.5,84.1,84.1,81.9,82.9,83.2,83.8,84.3,85.2,88.1,88.9,84.5,82.9,81.8,82.7,83.6,83.6,82.2,81.5,78.8,79.2,81.2,79.5
5509,89.0,84.7,84.1,87.5,86.6,85.5,86.2,85.6,83.5,83.4,84.8,83.8,84.8,82.8,85.5,84.3,85.4,86.2,84.2,84.4,85.3,83.5,86.2,83.6,85.9,86.2,85.1,84.7,82.5,84.3,85.4,82.9,81.5,82.9,82.1,81.5,86.7,83.7,86.2,83.2,85.2,85.5,85.2,87.2,88.8,85.1,86.9,88.5,95.5,89.1,84.8,89.6,89.2,85.0,84.5,85.7,85.9,88.4,85.3,85.3,86.0,85.3,86.6,92.4,86.2,85.9,87.2,83.3,83.9,84.3,85.3,86.5,87.4,90.1,91.1,85.8,84.0,82.8,84.1,85.7,85.2,84.4,83.6,79.7,80.8,82.6,80.8
5510,90.1,85.2,84.8,89.1,87.8,86.8,87.4,86.5,84.3,84.4,85.4,84.4,85.4,83.8,86.5,85.0,86.3,87.9,84.7,84.7,86.4,84.5,87.1,84.7,87.5,87.5,85.9,85.7,83.5,85.1,86.4,83.6,82.6,84.0,83.0,82.5,88.0,84.0,87.6,83.5,86.5,85.9,86.9,88.5,90.1,84.6,88.2,89.5,96.2,89.9,85.3,90.9,89.8,86.0,85.6,86.9,87.0,89.3,87.4,86.3,87.6,87.5,88.4,93.8,89.0,87.1,89.4,84.2,84.7,85.1,85.6,88.0,88.6,91.4,92.6,86.6,84.4,83.3,85.0,87.3,86.5,85.9,85.1,80.0,82.2,83.4,81.8
5511,90.2,84.7,84.6,89.9,88.2,87.4,87.9,87.1,84.2,84.8,85.3,84.9,85.5,84.3,86.9,85.4,86.8,88.9,84.9,84.7,86.6,84.9,87.6,85.2,88.4,88.1,86.3,86.0,83.7,85.3,86.8,83.5,83.1,84.4,83.5,82.9,88.2,83.3,88.1,83.1,87.3,85.6,87.8,89.4,90.4,84.0,88.7,89.7,96.2,90.3,85.2,91.4,89.5,86.1,86.3,87.5,87.7,89.9,88.7,86.9,88.2,89.0,89.5,94.4,90.7,87.5,90.7,84.6,85.0,85.2,85.4,88.9,88.6,91.8,93.5,86.5,84.3,83.4,85.4,88.0,87.3,86.4,85.9,79.7,82.9,83.5,82.1
5512,89.2,83.2,84.0,89.8,88.0,87.5,88.0,86.7,83.9,84.7,84.6,84.8,85.2,84.1,86.9,85.1,86.6,88.9,84.6,84.2,86.3,84.6,87.8,85.1,88.3,88.1,86.0,85.9,83.6,85.1,86.6,83.3,83.0,84.2,83.5,82.9,87.5,82.0,88.0,82.4,86.8,84.3,87.8,89.2,89.6,82.8,88.5,89.2,95.4,89.7,85.1,90.6,88.8,85.5,86.3,87.5,87.8,90.0,89.4,86.9,88.2,89.8,89.6,94.2,91.4,87.3,90.4,84.5,84.6,84.8,84.6,89.0,87.7,91.6,93.5,85.8,83.7,82.9,85.3,88.0,87.4,86.4,85.8,78.8,82.8,83.3,82.1
5513,87.2,81.7,81.8,88.8,87.3,86.9,87.2,85.9,83.0,83.7,83.8,84.3,84.2,83.2,86.1,84.1,85.6,87.9,83.4,82.6,85.2,83.6,86.9,84.4,87.7,87.2,85.4,85.1,83.0,84.3,85.6,82.2,82.1,83.4,82.5,82.0,85.5,80.2,87.0,81.2,85.8,82.0,86.9,88.3,87.9,80.9,87.0,88.0,93.9,89.0,84.0,88.9,87.5,83.2,85.6,86.7,87.4,89.4,89.3,86.2,87.4,89.8,88.9,93.2,90.7,86.1,89.4,83.6,83.3,83.8,82.9,88.0,85.6,91.0,92.6,84.5,82.6,81.9,84.2,87.3,86.8,85.5,85.3,77.7,82.0,82.7,81.2
5514,83.5,78.3,78.2,87.1,85.9,85.1,85.5,84.1,80.8,81.8,81.4,82.8,82.1,81.5,84.3,82.0,83.3,85.4,81.3,80.0,83.3,81.7,85.2,82.3,85.6,85.3,83.8,83.0,81.1,82.5,83.8,80.1,80.2,81.8,81.3,80.5,82.3,76.8,85.4,78.7,84.0,78.5,85.3,86.4,84.3,77.9,84.9,85.7,90.6,87.2,82.5,86.3,85.6,79.3,84.5,84.8,86.3,87.9,88.4,84.0,85.2,88.9,86.2,90.8,88.4,83.2,86.0,82.1,81.3,81.5,80.3,86.1,82.6,89.4,90.0,82.7,80.2,79.8,82.3,85.3,84.9,83.5,83.8,75.7,80.4,80.8,79.3
5515,78.0,73.4,72.3,83.7,83.0,82.3,82.4,80.3,77.1,78.3,77.6,79.6,77.8,78.7,80.8,78.2,78.5,79.1,77.4,76.0,79.8,77.7,81.1,78.6,82.0,81.5,81.4,79.2,77.7,79.1,80.4,75.9,76.9,78.6,78.7,77.3,77.1,72.3,82.0,74.3,81.2,73.3,81.7,82.7,79.4,73.9,81.2,80.5,84.8,83.6,79.5,82.6,82.4,73.7,81.7,80.5,83.0,84.4,86.0,78.9,81.6,85.5,80.8,84.4,84.0,77.7,80.4,79.1,77.6,77.4,77.1,82.4,77.9,86.2,83.4,79.1,75.6,75.5,78.6,81.6,81.2,80.0,78.9,73.0,77.5,77.3,75.6
5516,74.9,70.2,69.5,79.4,79.5,79.5,79.7,76.0,74.5,75.8,74.7,76.2,74.6,76.2,77.5,75.4,74.1,73.9,74.5,73.6,76.1,74.4,77.3,74.7,76.8,76.9,79.4,75.7,73.8,76.3,76.8,73.2,73.1,75.4,75.8,73.1,74.6,69.3,77.7,71.1,78.6,70.7,77.0,77.8,76.4,71.0,77.4,76.0,81.6,77.7,76.0,79.8,78.4,70.8,77.7,76.3,78.3,80.3,81.7,74.9,78.4,78.5,75.3,79.9,79.5,72.7,75.9,76.9,74.8,74.3,73.9,77.4,74.6,81.3,79.0,74.2,73.0,72.6,75.4,76.6,76.6,75.5,70.1,71.1,74.3,74.2,71.3
5517,72.6,68.2,67.7,76.6,77.2,77.7,77.9,73.9,73.1,74.3,73.0,74.3,73.1,74.4,75.8,73.6,72.2,71.0,72.7,72.2,74.2,72.8,75.6,73.0,74.3,75.2,78.0,73.9,72.0,74.6,74.9,72.1,71.2,73.6,74.1,71.2,72.5,67.7,75.7,68.9,76.3,69.3,74.4,75.1,74.4,68.7,74.5,73.2,78.7,73.8,73.4,77.5,75.8,69.1,75.1,73.4,75.2,77.8,77.9,72.9,75.2,74.2,71.7,76.6,76.1,69.8,73.1,75.4,73.3,72.8,72.1,74.6,72.2,78.3,76.0,71.8,71.7,71.1,73.8,73.9,74.3,72.9,68.6,69.7,72.3,72.3,69.4
5518,71.1,67.0,66.2,74.7,75.3,76.4,76.5,72.6,71.8,73.1,71.7,72.7,71.8,73.1,74.5,72.4,71.0,68.8,71.7,71.2,72.8,71.4,74.3,71.7,72.9,73.9,76.7,72.6,70.8,73.3,73.7,71.2,69.9,71.9,72.8,70.1,70.8,66.2,73.8,67.3,74.7,68.0,72.5,73.6,72.5,67.2,71.8,70.6,75.6,72.2,71.8,75.2,74.1,67.7,73.7,70.3,73.6,75.8,74.7,71.5,73.2,71.9,68.7,73.8,73.8,67.9,70.4,74.2,72.1,71.7,70.7,72.6,70.1,76.5,73.1,69.8,70.6,69.9,72.5,72.2,72.8,70.9,68.2,68.6,70.9,70.9,68.0
5519,69.7,66.1,65.4,73.0,73.6,75.1,75.2,71.5,70.7,72.0,70.9,71.6,70.9,72.1,73.5,71.4,69.9,67.2,70.7,70.1,71.7,70.3,73.1,71.1,71.5,72.6,75.6,71.3,69.6,72.3,72.5,70.4,68.9,70.3,71.7,69.1,69.7,65.2,72.3,65.9,73.6,67.1,71.0,72.1,70.9,66.2,69.7,68.4,72.3,70.5,70.4,72.9,72.6,66.7,72.3,67.9,72.3,74.3,72.5,70.0,71.0,70.4,66.9,71.5,71.5,66.3,68.4,73.1,71.1,70.7,69.3,70.9,68.2,74.8,69.6,68.6,69.7,69.0,71.5,70.8,71.7,69.3,67.4,67.7,69.6,69.8,66.9
5520,68.3,65.4,64.5,71.5,72.4,74.0,73.9,70.5,69.8,71.0,69.8,70.6,70.0,71.2,72.5,70.6,69.1,65.3,69.7,69.2,70.8,69.4,72.2,70.2,70.5,71.6,74.7,70.5,68.7,71.3,71.5,69.6,68.0,69.2,70.7,68.2,68.6,64.5,71.1,64.6,72.4,66.1,69.7,70.5,69.5,65.0,68.0,66.1,68.7,68.7,69.1,70.4,71.2,65.7,70.9,65.5,71.0,73.0,70.8,68.8,69.1,68.4,65.5,68.6,69.2,64.7,66.0,72.3,70.3,69.8,68.0,69.4,66.6,73.0,67.3,67.3,69.0,68.2,70.7,69.7,70.7,68.0,66.5,66.9,68.3,68.8,66.0
5521,66.8,64.2,63.7,70.5,71.4,73.0,72.8,69.6,68.9,70.1,69.3,69.8,69.1,70.3,71.6,69.8,68.4,63.7,69.1,68.6,69.9,68.5,71.3,69.4,69.6,70.8,73.7,69.5,67.9,70.4,70.8,68.7,67.2,68.3,69.8,67.4,67.7,63.4,70.0,63.5,71.1,65.0,68.5,69.4,67.9,63.9,66.5,64.3,65.4,66.6,67.8,67.7,69.8,64.7,69.7,63.6,69.5,72.0,68.9,67.4,67.6,66.8,63.7,65.7,67.0,62.8,63.7,71.5,69.4,69.3,66.6,68.1,65.2,71.6,65.1,65.8,68.3,67.5,70.0,68.6,69.8,67.0,66.0,66.1,67.4,67.9,65.4
5522,65.8,63.3,62.8,69.5,70.6,72.1,72.1,68.9,68.3,69.3,68.5,69.1,68.5,69.5,70.9,69.2,67.9,62.0,68.3,67.9,69.1,68.0,70.4,68.5,68.5,69.9,72.9,69.0,67.2,69.7,70.1,68.0,66.3,67.6,69.0,66.6,66.9,62.4,69.1,62.1,70.1,64.3,67.5,68.2,66.4,62.9,64.8,62.8,62.7,64.7,66.7,65.8,68.4,63.6,68.4,61.7,68.5,70.7,67.3,65.8,66.0,65.3,62.1,63.2,64.8,61.0,61.7,70.7,68.6,68.6,65.3,66.9,63.9,70.0,63.1,64.2,67.7,66.9,69.3,67.8,68.8,66.0,65.2,65.4,66.5,67.1,64.6
5523,64.6,62.4,62.0,68.5,69.8,71.3,71.2,68.3,67.7,68.9,67.8,68.4,67.9,68.9,70.0,68.7,67.4,61.0,67.7,67.3,68.5,67.3,69.7,67.7,67.9,69.0,72.2,68.4,66.5,68.8,69.2,67.4,65.6,66.9,68.3,66.0,66.2,61.6,68.3,60.9,69.0,63.6,66.7,66.6,65.1,61.9,63.5,61.4,60.6,63.0,65.8,64.0,66.7,62.8,67.3,60.4,67.4,69.9,65.9,64.6,64.6,63.9,60.6,60.7,63.2,59.2,59.7,70.1,67.8,68.0,64.0,66.0,62.6,68.7,61.2,62.7,67.3,66.2,68.6,66.8,68.0,65.1,64.4,64.8,65.7,66.6,63.9
5524,63.5,61.6,61.3,67.6,69.0,70.6,70.5,67.5,67.1,68.3,67.3,67.8,67.4,68.3,69.2,68.0,66.8,59.5,67.1,66.8,67.9,66.9,69.0,67.1,67.1,68.4,71.4,67.6,66.0,68.2,68.6,66.9,64.9,66.2,67.6,65.3,65.6,60.6,67.5,59.8,68.2,63.0,65.8,65.4,64.1,61.0,62.4,60.3,58.9,61.8,65.0,62.4,65.2,61.9,66.0,59.0,66.3,69.2,64.6,63.2,63.2,62.3,59.2,58.8,61.6,57.5,57.7,69.3,67.5,67.3,62.6,65.1,61.6,67.4,59.7,61.2,66.7,65.7,68.1,66.0,67.2,64.0,62.9,64.2,65.0,65.8,63.6
5525,62.2,60.7,60.6,66.7,68.5,69.9,69.9,66.8,66.5,67.8,66.8,67.3,66.9,67.7,68.6,67.6,66.4,58.1,66.7,66.3,67.4,66.3,68.6,66.4,66.5,67.8,70.8,67.0,65.5,67.9,68.0,66.5,64.2,65.3,67.1,64.9,64.9,59.8,66.9,58.6,67.3,62.7,64.9,64.2,63.0,60.0,61.4,59.1,57.3,60.4,64.3,61.3,64.1,61.4,64.9,57.8,65.2,68.4,63.3,61.9,62.1,61.0,58.0,57.1,60.4,56.0,55.9,68.7,66.9,66.7,61.7,64.4,60.7,66.1,58.5,60.0,66.2,65.3,67.5,65.3,66.6,63.3,61.8,63.8,64.5,65.2,63.1
5526,62.9,61.2,61.6,66.0,68.0,69.4,69.3,66.5,66.5,67.6,67.2,67.1,67.3,67.3,68.1,67.5,66.0,60.0,66.8,67.2,67.0,66.1,68.3,65.8,65.8,67.3,70.5,66.6,65.6,67.5,67.7,66.6,63.8,65.0,66.7,64.5,65.4,59.9,66.3,58.5,66.9,63.6,64.3,63.5,63.5,60.6,60.9,60.7,57.2,59.4,63.5,61.3,63.2,62.5,64.0,59.2,64.5,67.8,62.3,62.7,63.3,59.5,59.2,57.6,59.8,57.4,54.8,68.3,67.0,67.1,61.1,63.7,61.0,65.5,60.6,58.8,66.7,65.8,67.3,64.8,65.9,62.5,60.9,64.8,64.1,65.0,62.9
5527,67.7,65.7,65.8,66.7,69.5,70.6,70.8,68.8,69.2,69.8,70.9,69.2,70.6,69.1,70.0,69.9,68.9,66.2,69.9,70.3,69.4,68.7,70.9,67.6,67.0,69.2,72.0,68.5,68.3,70.1,69.7,69.9,65.5,67.2,68.0,67.0,69.3,64.5,66.8,63.9,68.8,68.4,65.4,67.4,67.2,65.1,64.6,67.8,68.2,62.4,65.9,64.7,67.1,66.1,65.2,64.2,66.4,70.4,63.5,67.0,66.1,60.7,65.2,66.3,62.2,63.8,61.2,70.0,70.2,70.6,64.7,64.4,65.6,69.9,68.9,63.1,70.1,69.2,69.5,66.1,67.3,63.6,63.7,67.4,65.3,67.0,65.4
5528,72.3,70.3,70.7,70.7,72.8,73.3,73.7,72.0,72.7,72.8,74.3,72.2,74.2,72.1,73.3,73.6,72.6,70.4,73.7,74.1,72.8,72.3,74.3,71.0,70.8,72.7,74.5,72.0,71.3,73.5,72.9,73.0,68.8,70.4,70.5,69.8,73.4,69.1,70.7,68.7,71.6,73.1,68.9,71.7,71.5,70.7,68.6,73.9,76.3,69.2,71.4,69.3,72.3,70.3,68.0,69.6,70.4,74.2,68.0,71.5,69.1,65.3,70.3,74.6,65.6,69.6,67.0,72.8,73.8,73.9,69.9,69.3,70.1,75.7,74.8,69.5,73.6,72.9,72.8,69.6,70.9,67.1,69.1,70.5,68.3,70.3,68.7
5529,76.8,74.3,74.8,75.4,76.4,76.4,77.0,75.6,76.0,75.8,77.5,75.9,77.5,75.1,76.5,76.9,76.2,73.9,77.2,77.6,76.2,75.8,77.8,74.5,74.6,76.3,77.3,75.7,74.3,76.8,76.1,76.0,72.2,74.0,73.2,72.9,77.1,73.0,74.9,72.7,74.7,77.0,73.2,75.4,75.8,75.6,73.1,78.1,82.3,75.7,76.2,74.5,77.2,74.3,72.3,74.5,75.1,77.9,72.2,75.4,72.8,70.9,74.5,80.4,69.7,74.0,72.1,75.7,76.9,77.1,74.7,74.3,74.7,79.8,79.3,74.7,77.0,76.1,76.0,74.0,74.7,71.5,73.2,73.2,71.4,73.9,72.1
5530,80.8,78.1,78.0,79.5,79.6,79.4,80.1,79.1,78.6,78.3,80.2,78.8,80.1,77.5,79.6,79.6,79.4,77.4,80.0,80.3,78.9,78.6,80.6,77.5,78.2,79.5,79.8,78.9,77.1,79.4,79.1,78.5,75.3,77.0,76.0,75.7,80.3,77.0,78.8,76.3,77.9,80.0,77.0,78.5,79.8,79.0,77.5,81.9,86.9,80.5,79.6,79.8,81.5,77.9,76.9,78.3,79.2,81.4,76.0,78.6,76.6,75.7,78.1,84.7,74.2,77.8,76.5,78.2,79.5,79.7,78.5,78.4,78.9,82.8,83.1,79.1,79.8,78.5,78.6,77.7,78.2,75.7,76.0,75.7,74.4,77.0,75.1
5531,84.1,80.9,80.7,82.9,82.5,81.9,82.5,81.7,80.6,80.3,82.1,81.1,82.0,79.6,81.9,81.6,81.9,80.8,81.9,82.1,81.4,80.7,83.0,79.9,81.1,82.2,81.8,81.3,79.2,81.5,81.6,80.4,77.8,79.2,78.3,78.0,82.8,79.8,81.9,79.3,80.5,82.4,80.3,81.6,83.4,81.9,81.3,85.0,90.7,84.2,82.4,84.1,84.8,80.9,80.3,81.3,81.9,84.3,79.6,81.2,80.2,79.5,81.3,88.0,78.6,81.3,80.3,80.2,81.5,81.7,81.4,81.6,82.6,85.6,86.3,82.4,81.8,80.2,80.7,81.0,81.1,79.2,78.6,77.5,76.9,79.2,77.5
5532,86.9,83.3,82.6,85.4,84.7,84.0,84.6,83.9,82.3,82.1,83.5,82.6,83.6,81.3,83.8,82.9,83.8,83.7,83.1,83.5,83.3,82.1,84.8,81.9,83.7,84.3,83.5,83.1,81.0,83.1,83.4,81.9,79.8,81.3,80.4,79.9,85.0,82.2,84.4,81.6,83.0,84.3,83.1,84.6,86.5,84.0,84.6,87.1,93.5,87.0,83.9,87.4,87.5,83.1,82.6,83.7,83.9,86.6,82.5,83.3,83.4,82.6,84.1,90.4,82.5,83.8,84.0,81.7,82.9,83.2,83.6,84.4,85.1,87.9,88.9,84.4,82.9,81.8,82.5,83.5,83.4,82.1,81.3,78.8,79.0,80.9,79.2
5533,89.1,84.7,84.2,87.5,86.4,85.5,86.2,85.4,83.2,83.2,84.8,83.7,84.8,82.6,85.5,84.1,85.2,86.0,84.3,84.5,85.0,83.4,86.1,83.4,85.8,86.1,84.9,84.5,82.3,84.2,85.1,82.9,81.3,82.6,81.8,81.3,86.8,83.6,86.1,83.0,84.9,85.5,85.1,87.0,88.7,84.9,86.7,88.6,95.5,88.8,84.6,89.6,88.9,85.0,84.2,85.5,85.7,88.2,85.2,85.1,85.8,85.2,86.4,92.3,86.2,85.6,87.2,83.1,83.9,84.3,85.1,86.5,87.3,89.9,91.1,85.7,84.0,82.8,83.9,85.6,85.1,84.3,83.5,79.7,80.6,82.3,80.5
5534,90.2,85.1,84.9,89.1,87.5,86.8,87.4,86.3,84.1,84.2,85.4,84.3,85.3,83.6,86.4,84.8,86.2,87.8,84.8,84.8,86.1,84.3,87.1,84.4,87.3,87.3,85.8,85.6,83.3,85.0,86.2,83.4,82.5,83.7,82.8,82.3,87.9,83.9,87.5,83.4,86.4,86.0,86.8,88.2,90.1,84.5,88.1,89.5,96.2,89.7,85.1,91.0,89.7,86.0,85.4,86.7,86.7,89.0,87.2,86.1,87.3,87.4,88.2,93.8,89.0,86.8,89.4,84.1,84.7,85.1,85.5,88.0,88.6,91.1,92.7,86.3,84.4,83.3,84.8,87.3,86.3,85.7,85.0,80.0,82.0,83.2,81.5
5535,90.2,84.5,84.8,89.8,88.0,87.4,87.9,86.9,84.1,84.7,85.4,84.8,85.4,84.0,86.8,85.2,86.7,88.7,84.9,84.8,86.4,84.7,87.6,85.0,88.3,88.0,86.2,85.9,83.5,85.2,86.5,83.4,82.9,84.2,83.2,82.6,88.2,83.3,88.0,83.1,87.2,85.6,87.7,89.0,90.3,83.8,88.6,89.7,96.3,90.0,84.9,91.4,89.3,86.1,86.0,87.2,87.4,89.5,88.6,86.6,87.9,88.9,89.3,94.5,90.7,87.2,90.6,84.4,85.0,85.1,85.2,89.0,88.5,91.5,93.5,86.4,84.2,83.3,85.2,88.0,87.1,86.4,85.7,79.7,82.7,83.3,81.8
5536,89.1,83.1,84.1,89.8,87.8,87.4,87.9,86.5,83.8,84.5,84.6,84.7,85.1,83.9,86.8,85.0,86.5,88.8,84.6,84.3,86.1,84.4,87.7,84.9,88.2,88.0,85.9,85.8,83.5,85.0,86.4,83.1,82.9,83.9,83.2,82.6,87.5,81.9,87.9,82.3,86.7,84.2,87.7,89.0,89.5,82.6,88.4,89.1,95.4,89.4,84.8,90.7,88.6,85.4,86.0,87.2,87.6,89.7,89.3,86.6,87.8,89.7,89.4,94.2,91.4,87.0,90.4,84.3,84.6,84.7,84.3,89.0,87.7,91.2,93.5,85.6,83.7,82.9,85.2,87.9,87.3,86.3,85.6,78.8,82.6,83.2,81.7
5537,87.1,81.6,82.0,88.8,87.1,86.8,87.1,85.7,82.8,83.6,83.7,84.1,84.1,83.0,86.0,84.0,85.5,87.7,83.3,82.7,85.0,83.5,86.8,84.2,87.6,87.1,85.3,85.0,82.7,84.2,85.4,82.0,82.0,83.2,82.3,81.7,85.6,80.1,87.0,81.1,85.7,81.9,86.9,88.0,87.7,80.7,86.9,87.9,94.0,88.8,83.7,89.0,87.4,83.3,85.4,86.4,87.2,89.1,89.2,85.9,87.0,89.7,88.6,93.2,90.7,85.9,89.3,83.5,83.3,83.7,82.7,88.1,85.4,90.6,92.6,84.3,82.6,81.9,84.2,87.2,86.6,85.4,85.2,77.6,81.8,82.4,80.9
5538,83.4,78.2,78.2,87.2,85.7,85.0,85.3,83.9,80.7,81.6,81.3,82.6,81.9,81.4,84.1,81.9,83.1,85.2,81.2,80.0,83.1,81.5,85.0,82.2,85.5,85.2,83.7,82.9,80.9,82.3,83.7,79.9,80.1,81.5,81.0,80.2,82.3,76.7,85.3,78.5,83.8,78.3,85.0,86.1,84.1,77.7,84.6,85.5,90.5,86.8,82.2,86.4,85.3,79.2,84.2,84.5,86.0,87.5,88.3,83.6,84.8,88.8,85.8,90.7,88.3,82.9,86.0,82.0,81.2,81.4,80.2,86.1,82.4,89.1,89.9,82.5,80.1,79.8,82.2,85.2,84.8,83.4,83.6,75.7,80.1,80.6,79.1
5539,77.9,73.4,72.3,83.6,82.7,82.1,82.2,80.0,76.9,78.1,77.4,79.4,77.6,78.6,80.7,78.1,78.4,78.7,77.3,75.9,79.6,77.6,80.8,78.4,81.8,81.3,81.3,79.0,77.4,78.9,80.2,75.7,76.7,78.3,78.5,77.1,77.1,72.2,81.8,74.2,81.0,73.1,81.4,82.4,79.3,73.7,80.9,80.4,84.7,83.2,79.3,82.6,82.1,73.6,81.4,80.2,82.7,84.1,85.9,78.5,81.2,85.3,80.4,84.3,83.9,77.3,80.3,79.0,77.4,77.3,76.8,82.3,77.7,85.8,83.3,78.8,75.4,75.5,78.5,81.4,81.1,79.9,78.6,73.0,77.3,77.1,75.3
5540,74.9,70.2,69.6,79.3,79.4,79.3,79.6,75.9,74.3,75.6,74.6,76.0,74.6,76.1,77.4,75.3,74.1,73.5,74.4,73.5,76.0,74.3,77.2,74.6,76.7,76.9,79.2,75.6,73.7,76.1,76.7,73.0,73.0,75.2,75.6,73.0,74.5,69.3,77.6,70.9,78.5,70.6,76.8,77.6,76.3,70.9,77.3,75.9,81.6,77.4,75.8,79.8,78.3,70.8,77.5,76.0,78.1,80.0,81.6,74.5,77.9,78.1,74.9,79.9,79.4,72.4,75.7,76.8,74.7,74.3,73.6,77.3,74.6,81.0,78.9,74.1,72.9,72.7,75.3,76.5,76.6,75.5,69.9,71.0,74.0,74.1,71.1
5541,72.5,68.3,67.7,76.5,77.1,77.6,77.8,73.8,72.9,74.1,72.9,74.2,73.1,74.3,75.7,73.6,72.2,70.6,72.7,72.1,74.1,72.7,75.5,72.9,74.2,75.3,77.9,73.8,71.9,74.5,74.9,72.0,71.1,73.4,74.0,71.2,72.4,67.7,75.6,68.8,76.2,69.2,74.2,75.0,74.4,68.7,74.4,73.2,78.8,73.6,73.2,77.5,75.7,69.0,74.9,73.0,75.0,77.6,77.6,72.6,74.8,73.9,71.2,76.5,76.0,69.4,73.0,75.3,73.2,72.8,71.8,74.4,72.1,78.0,75.9,71.6,71.6,71.2,73.7,73.9,74.3,72.8,68.5,69.6,72.1,72.2,69.3
5542,71.0,66.9,66.1,74.5,75.2,76.3,76.4,72.6,71.7,73.0,71.7,72.7,71.8,73.0,74.5,72.4,71.0,68.4,71.6,71.1,72.7,71.4,74.2,71.6,72.7,73.9,76.6,72.4,70.8,73.2,73.7,71.1,69.9,71.7,72.7,70.1,70.7,66.2,73.7,67.2,74.7,67.9,72.4,73.4,72.4,67.1,71.8,70.6,75.6,71.9,71.5,75.2,74.0,67.7,73.6,70.1,73.4,75.6,74.5,71.3,72.9,71.7,68.3,73.5,73.7,67.7,70.3,74.2,72.0,71.7,70.4,72.4,70.1,76.4,73.0,69.7,70.5,70.0,72.4,72.2,72.8,70.9,68.0,68.5,70.7,70.9,67.8
5543,69.6,66.1,65.3,72.9,73.6,75.1,75.1,71.5,70.7,71.9,70.9,71.6,71.0,72.0,73.5,71.4,69.9,66.9,70.6,70.1,71.7,70.3,73.0,71.0,71.4,72.6,75.5,71.2,69.7,72.2,72.5,70.4,68.9,70.2,71.6,69.1,69.6,65.2,72.2,65.9,73.4,66.9,70.9,71.9,70.7,66.2,69.6,68.4,72.3,70.2,70.2,72.9,72.5,66.7,72.1,67.6,72.1,74.0,72.3,69.8,70.6,70.0,66.6,71.3,71.5,66.0,68.2,73.1,71.0,70.7,69.1,70.6,68.2,74.7,69.6,68.5,69.5,69.1,71.4,70.8,71.6,69.3,67.3,67.5,69.5,69.8,66.9
5544,68.2,65.4,64.4,71.4,72.3,74.0,73.9,70.5,69.7,71.0,69.9,70.6,70.1,71.1,72.5,70.5,69.2,65.0,69.7,69.2,70.8,69.3,72.0,70.1,70.4,71.7,74.6,70.4,68.8,71.2,71.5,69.5,67.9,69.1,70.7,68.2,68.5,64.4,71.0,64.6,72.3,66.0,69.6,70.3,69.3,65.0,67.9,66.2,68.8,68.4,68.9,70.4,71.1,65.6,70.8,65.2,70.8,72.8,70.6,68.5,68.7,68.2,65.2,68.5,69.1,64.3,65.9,72.2,70.1,69.8,67.8,69.2,66.6,72.8,67.3,67.1,68.9,68.3,70.6,69.7,70.6,68.0,66.4,66.7,68.2,68.8,66.0
5545,66.7,64.2,63.6,70.3,71.3,72.9,72.8,69.6,68.9,70.1,69.3,69.8,69.1,70.2,71.6,69.7,68.5,63.4,69.1,68.6,69.9,68.5,71.2,69.4,69.5,70.8,73.7,69.5,68.0,70.3,70.8,68.7,67.2,68.3,69.7,67.5,67.6,63.3,69.8,63.4,71.0,64.9,68.4,69.2,67.7,63.8,66.3,64.3,65.5,66.3,67.6,67.7,69.7,64.6,69.6,63.3,69.4,71.8,68.6,67.1,67.3,66.6,63.3,65.7,66.9,62.5,63.6,71.4,69.2,69.3,66.3,67.9,65.1,71.4,65.1,65.7,68.2,67.6,70.0,68.6,69.8,67.0,66.0,65.9,67.3,67.9,65.3
5546,65.6,63.3,62.6,69.3,70.5,72.0,72.0,69.0,68.2,69.2,68.5,69.1,68.5,69.4,70.9,69.1,68.0,61.7,68.3,67.9,69.2,68.0,70.4,68.6,68.5,69.9,72.9,69.0,67.3,69.5,70.1,68.1,66.3,67.7,69.0,66.7,66.8,62.3,69.0,61.9,70.0,64.2,67.4,67.9,66.3,62.9,64.7,62.9,62.8,64.4,66.6,65.8,68.3,63.5,68.2,61.4,68.3,70.5,67.1,65.6,65.6,65.1,61.7,63.3,64.7,60.7,61.6,70.7,68.4,68.6,65.0,66.7,63.8,69.8,63.1,64.1,67.6,67.0,69.3,67.8,68.8,66.0,65.0,65.2,66.4,67.2,64.6
5547,64.4,62.3,61.8,68.3,69.8,71.2,71.2,68.4,67.6,68.8,67.8,68.5,68.0,68.8,70.1,68.6,67.4,60.7,67.7,67.3,68.5,67.3,69.7,67.8,67.8,69.1,72.1,68.3,66.6,68.8,69.3,67.4,65.7,66.9,68.3,66.0,66.1,61.5,68.1,60.8,68.9,63.5,66.6,66.5,65.1,61.9,63.3,61.5,60.6,62.8,65.6,64.1,66.7,62.7,67.2,60.1,67.2,69.8,65.7,64.3,64.3,63.7,60.1,60.6,63.1,58.8,59.6,70.0,67.7,68.0,63.8,65.8,62.5,68.6,61.2,62.6,67.2,66.3,68.6,66.9,68.0,65.0,64.2,64.5,65.7,66.6,63.9
5548,63.3,61.5,61.0,67.4,69.0,70.5,70.5,67.6,67.1,68.3,67.3,67.9,67.5,68.2,69.3,68.0,66.9,59.1,67.1,66.8,67.9,66.8,69.0,67.2,67.0,68.4,71.4,67.6,66.1,68.1,68.6,66.9,64.9,66.2,67.6,65.4,65.5,60.6,67.4,59.7,68.1,62.9,65.7,65.3,64.1,60.9,62.2,60.3,58.9,61.6,64.8,62.4,65.1,61.9,65.9,58.7,66.2,69.0,64.5,62.9,62.8,62.0,58.8,58.7,61.5,57.1,57.6,69.3,67.3,67.3,62.4,64.9,61.5,67.3,59.6,61.1,66.6,65.7,68.0,66.1,67.3,64.0,62.7,63.9,65.0,65.9,63.6
5549,62.0,60.7,60.4,66.6,68.5,69.9,69.8,66.8,66.5,67.8,66.8,67.3,66.9,67.6,68.6,67.5,66.4,57.9,66.6,66.3,67.4,66.2,68.5,66.5,66.4,67.8,70.8,66.9,65.6,67.8,68.1,66.5,64.2,65.4,67.1,65.0,64.8,59.7,66.8,58.5,67.2,62.5,64.9,64.2,63.0,60.0,61.2,59.2,57.3,60.3,64.2,61.3,64.0,61.3,64.9,57.4,65.1,68.3,63.2,61.6,61.7,60.7,57.7,57.0,60.3,55.7,55.8,68.6,66.7,66.7,61.6,64.2,60.7,66.0,58.4,60.0,66.1,65.4,67.4,65.3,66.7,63.1,61.6,63.4,64.4,65.3,63.1
5550,62.7,61.2,61.3,65.8,68.0,69.4,69.2,66.5,66.4,67.6,67.2,67.0,67.3,67.2,68.2,67.4,66.0,59.6,66.7,67.2,67.0,66.0,68.3,65.9,65.7,67.3,70.4,66.6,65.6,67.5,67.7,66.6,63.7,65.1,66.6,64.5,65.2,59.8,66.2,58.3,66.7,63.5,64.2,63.4,63.4,60.5,60.7,60.7,57.2,59.3,63.3,61.3,63.2,62.4,63.9,58.8,64.4,67.6,62.2,62.4,62.8,59.3,58.8,57.5,59.7,57.0,54.6,68.3,66.8,67.1,60.9,63.6,61.0,65.4,60.4,58.7,66.6,65.9,67.2,64.8,65.9,62.3,60.7,64.4,64.0,65.1,62.9
5551,67.5,65.6,65.7,66.5,69.5,70.5,70.8,68.8,69.0,69.8,70.9,69.1,70.6,69.0,70.0,69.8,68.8,65.8,69.9,70.3,69.3,68.5,70.8,67.6,66.9,69.2,72.0,68.4,68.3,70.0,69.7,69.8,65.4,67.2,68.0,67.0,69.2,64.3,66.6,63.7,68.5,68.1,65.3,67.1,67.1,65.0,64.4,67.7,68.1,62.1,65.7,64.7,66.9,66.0,65.0,63.8,66.3,70.2,63.3,66.8,65.7,60.3,64.9,66.1,62.1,63.5,61.0,70.0,70.0,70.6,64.5,64.2,65.6,69.7,68.8,62.8,70.0,69.2,69.5,66.0,67.3,63.5,63.3,67.2,65.2,67.0,65.3
5552,72.2,70.2,70.6,70.6,72.7,73.3,73.7,72.0,72.6,72.7,74.2,72.2,74.1,72.1,73.3,73.6,72.6,70.1,73.6,74.1,72.7,72.2,74.3,71.0,70.7,72.6,74.4,72.0,71.3,73.4,72.8,73.0,68.7,70.3,70.4,69.8,73.3,69.0,70.4,68.6,71.4,72.9,68.9,71.4,71.4,70.6,68.4,73.8,76.2,68.9,71.2,69.3,72.0,70.2,67.9,69.3,70.2,74.0,67.7,71.3,68.8,65.0,70.0,74.4,65.5,69.4,66.8,72.8,73.8,73.9,69.6,69.1,70.2,75.3,74.7,69.1,73.5,72.9,72.7,69.6,70.8,67.0,68.8,70.3,68.1,70.2,68.7
5553,76.7,74.2,74.8,75.3,76.3,76.4,76.9,75.6,75.9,75.6,77.5,75.9,77.5,75.1,76.4,76.9,76.2,73.7,77.1,77.6,76.0,75.8,77.7,74.3,74.5,76.2,77.2,75.7,74.3,76.7,75.9,75.9,72.1,73.8,73.1,72.9,77.0,72.9,74.7,72.6,74.6,76.9,73.1,75.1,75.8,75.5,72.9,78.0,82.4,75.4,76.0,74.4,77.0,74.2,72.1,74.3,74.9,77.7,72.0,75.2,72.5,70.5,74.3,80.3,69.6,73.9,72.0,75.7,76.8,77.1,74.5,74.0,74.8,79.4,79.2,74.3,76.9,76.1,76.0,73.9,74.6,71.4,73.0,73.1,71.3,73.8,72.0
5554,80.8,78.0,78.1,79.4,79.5,79.3,80.0,79.0,78.7,78.2,80.3,78.9,80.1,77.4,79.4,79.6,79.3,77.3,80.0,80.3,78.9,78.6,80.6,77.4,78.2,79.4,79.7,78.8,77.0,79.3,79.0,78.4,75.1,76.8,75.9,75.5,80.2,76.9,78.7,76.1,77.7,79.8,77.0,78.2,79.7,79.0,77.3,81.9,86.8,80.1,79.5,79.7,81.1,77.8,76.7,78.1,78.9,81.2,75.9,78.5,76.3,75.4,78.0,84.6,74.1,77.7,76.4,78.1,79.5,79.7,78.2,78.2,79.0,82.5,83.0,78.7,79.7,78.5,78.5,77.7,78.1,75.6,75.9,75.6,74.2,76.8,75.0
5555,84.2,80.8,80.7,82.8,82.4,81.8,82.4,81.6,80.7,80.2,82.2,81.1,82.0,79.6,81.8,81.6,81.9,80.7,81.9,82.2,81.4,80.6,83.1,79.8,81.1,82.2,81.7,81.2,79.0,81.4,81.5,80.4,77.7,79.1,78.2,77.9,82.8,79.7,81.8,79.2,80.3,82.2,80.3,81.3,83.4,81.9,81.1,85.0,90.6,83.9,82.3,84.0,84.5,80.9,80.0,81.2,81.7,84.0,79.4,81.1,79.9,79.3,81.2,87.9,78.5,81.2,80.2,80.1,81.5,81.8,81.2,81.5,82.6,85.3,86.2,82.2,81.8,80.3,80.7,81.0,81.0,79.2,78.5,77.4,76.7,79.0,77.4
5556,86.9,83.1,82.6,85.3,84.6,83.9,84.5,83.8,82.3,82.0,83.6,82.7,83.7,81.2,83.8,82.9,83.8,83.5,83.2,83.7,83.3,82.0,84.8,81.8,83.7,84.3,83.4,83.0,80.8,83.1,83.3,82.0,79.6,81.2,80.3,79.8,84.9,82.1,84.3,81.5,82.8,84.2,83.1,84.2,86.5,83.9,84.4,87.0,93.4,86.7,83.8,87.4,87.2,83.1,82.3,83.6,83.7,86.3,82.4,83.1,83.2,82.4,84.0,90.3,82.4,83.7,84.0,81.6,82.8,83.3,83.4,84.2,85.2,87.5,88.8,84.2,83.0,81.8,82.5,83.5,83.4,82.1,81.1,78.7,78.8,80.7,79.2
5557,89.1,84.5,84.2,87.5,86.3,85.5,86.2,85.3,83.3,83.1,85.0,83.8,84.9,82.5,85.5,84.0,85.2,85.9,84.4,84.6,85.0,83.3,86.1,83.3,85.9,86.1,84.8,84.5,82.1,84.1,85.0,82.8,81.2,82.5,81.7,81.2,86.6,83.6,86.0,82.9,84.8,85.3,85.1,86.7,88.8,84.9,86.5,88.6,95.4,88.6,84.6,89.6,88.8,84.9,83.9,85.4,85.4,87.9,85.0,84.9,85.5,85.1,86.3,92.2,86.1,85.5,87.2,83.0,83.8,84.5,84.9,86.3,87.3,89.6,91.0,85.5,84.0,82.8,83.8,85.6,85.1,84.3,83.3,79.5,80.5,82.2,80.4
5558,90.2,85.0,84.9,89.0,87.4,86.8,87.4,86.2,84.0,84.1,85.6,84.4,85.5,83.5,86.4,84.7,86.1,87.6,85.0,84.9,86.0,84.1,87.1,84.4,87.4,87.3,85.6,85.5,83.2,84.9,86.0,83.3,82.4,83.6,82.7,82.2,87.8,83.8,87.5,83.3,86.2,85.8,86.8,87.9,90.1,84.6,87.8,89.5,96.1,89.6,85.0,91.0,89.7,85.9,85.1,86.5,86.4,88.8,87.1,86.0,87.2,87.3,88.0,93.7,88.9,86.7,89.3,84.0,84.7,85.2,85.3,87.8,88.6,90.8,92.6,86.2,84.5,83.4,84.7,87.2,86.3,85.8,84.8,79.8,81.8,83.0,81.5
5559,90.2,84.4,84.8,89.8,87.9,87.4,87.8,86.8,84.1,84.5,85.5,84.8,85.5,83.9,86.8,85.0,86.5,88.6,85.2,85.0,86.3,84.6,87.5,84.9,88.3,87.9,86.0,85.8,83.5,85.1,86.4,83.3,82.8,84.0,83.2,82.6,88.1,83.3,88.0,82.9,87.0,85.4,87.6,88.7,90.4,83.9,88.2,89.6,96.2,89.8,84.8,91.4,89.4,86.1,85.7,87.1,87.2,89.3,88.5,86.5,87.8,88.8,89.3,94.4,90.7,87.1,90.7,84.3,84.9,85.3,84.9,88.8,88.6,91.2,93.4,86.2,84.4,83.4,85.1,88.0,87.1,86.4,85.5,79.4,82.6,83.2,81.8
5560,89.2,82.8,84.2,89.9,87.7,87.4,87.9,86.4,83.7,84.3,84.7,84.7,85.2,83.7,86.8,84.8,86.4,88.7,84.7,84.4,86.0,84.2,87.6,84.8,88.2,87.9,85.7,85.6,83.4,84.9,86.2,83.1,82.8,83.9,83.2,82.6,87.4,81.9,87.8,82.2,86.5,84.0,87.5,88.7,89.6,82.7,88.0,89.1,95.4,89.2,84.7,90.6,88.4,85.4,85.8,87.1,87.3,89.4,89.2,86.4,87.8,89.7,89.3,94.1,91.4,86.9,90.4,84.2,84.5,84.9,84.2,88.9,87.7,91.0,93.4,85.5,83.8,83.0,85.0,88.0,87.2,86.3,85.5,78.6,82.6,83.1,81.7
5561,87.2,81.3,82.1,88.9,87.1,86.8,87.0,85.5,82.8,83.4,83.7,84.1,84.1,82.8,85.9,83.8,85.4,87.6,83.5,82.9,85.0,83.3,86.7,84.0,87.6,87.0,85.1,84.9,82.6,84.1,85.3,82.0,81.9,83.1,82.3,81.8,85.4,80.0,87.0,80.9,85.4,81.8,86.7,87.8,87.8,80.7,86.6,87.8,93.9,88.6,83.6,89.0,87.2,83.4,85.1,86.3,86.9,88.9,89.1,85.7,86.9,89.7,88.5,93.1,90.6,85.8,89.3,83.3,83.2,83.8,82.6,88.1,85.5,90.3,92.4,84.1,82.7,81.9,84.0,87.3,86.5,85.3,85.0,77.4,81.7,82.4,80.9
5562,83.6,77.9,78.2,87.2,85.6,85.0,85.2,83.7,80.5,81.4,81.3,82.6,81.8,81.2,84.1,81.7,83.0,85.0,81.2,80.2,83.0,81.3,84.9,82.0,85.5,85.1,83.5,82.7,80.7,82.2,83.6,79.8,80.0,81.4,81.0,80.2,82.2,76.5,85.3,78.3,83.6,78.1,85.0,85.8,84.2,77.6,84.3,85.4,90.3,86.6,82.2,86.4,85.2,79.4,84.0,84.4,85.8,87.3,88.2,83.5,84.8,88.7,85.6,90.6,88.3,82.8,85.9,81.8,81.2,81.5,80.1,86.1,82.5,88.8,89.7,82.5,80.2,79.8,82.1,85.2,84.8,83.3,83.4,75.4,80.1,80.5,79.1
5563,78.1,73.1,72.4,83.6,82.6,82.1,82.1,79.8,76.7,78.0,77.4,79.3,77.6,78.3,80.6,77.9,78.2,78.4,77.2,75.9,79.4,77.3,80.7,78.1,81.7,81.1,81.1,78.9,77.2,78.8,80.0,75.5,76.6,78.2,78.4,77.0,77.0,72.0,81.8,73.9,80.8,73.0,81.4,82.1,79.4,73.7,80.6,80.2,84.5,82.8,79.2,82.6,82.0,73.6,81.2,80.0,82.4,83.8,85.8,78.2,81.0,85.1,80.0,83.9,83.9,77.1,80.2,78.8,77.4,77.4,76.7,82.2,77.8,85.5,83.0,78.6,75.5,75.5,78.3,81.2,81.0,79.7,78.3,72.6,77.2,77.1,75.2
5564,75.0,70.0,69.7,79.2,79.3,79.3,79.4,75.8,74.2,75.5,74.7,76.0,74.7,75.9,77.4,75.1,74.0,73.2,74.4,73.5,75.9,74.1,77.1,74.4,76.5,76.8,79.1,75.6,73.7,76.0,76.6,72.9,72.9,75.1,75.7,73.1,74.5,69.2,77.6,70.7,78.3,70.5,76.8,77.4,76.5,70.8,77.0,75.9,81.5,77.0,75.7,79.8,78.2,70.9,77.2,75.8,77.8,79.8,81.4,74.4,77.7,77.9,74.6,79.5,79.4,72.1,75.6,76.6,74.7,74.3,73.5,77.2,74.6,80.7,78.8,73.9,73.0,72.8,75.2,76.4,76.5,75.4,69.6,70.7,73.9,74.1,71.0
5565,72.8,68.1,67.7,76.4,77.0,77.6,77.7,73.8,72.8,74.0,73.0,74.1,73.1,74.1,75.6,73.4,72.1,70.4,72.8,72.2,74.0,72.6,75.4,72.9,74.2,75.2,77.8,73.8,72.0,74.4,74.8,71.9,71.1,73.2,74.0,71.2,72.3,67.6,75.5,68.6,76.0,69.0,74.2,74.8,74.5,68.7,74.1,73.2,78.5,73.3,73.2,77.5,75.5,69.0,74.7,72.7,74.8,77.4,77.5,72.5,74.6,73.7,70.9,76.2,76.0,69.2,72.9,75.2,73.2,72.8,71.7,74.3,72.2,78.0,75.8,71.6,71.5,71.3,73.6,73.8,74.2,72.9,68.3,69.3,72.0,72.2,69.2
5566,71.2,66.8,66.2,74.5,75.2,76.3,76.4,72.5,71.5,72.9,71.8,72.6,71.9,72.9,74.4,72.3,71.0,68.2,71.7,71.2,72.7,71.2,74.1,71.6,72.7,73.8,76.5,72.4,70.8,73.1,73.6,71.0,69.9,71.6,72.7,70.1,70.6,66.1,73.7,67.0,74.5,67.7,72.3,73.1,72.6,67.1,71.6,70.5,75.4,71.7,71.4,75.3,73.8,67.7,73.3,69.7,73.2,75.4,74.4,71.2,72.6,71.5,68.0,73.5,73.7,67.3,70.3,74.1,72.0,71.8,70.2,72.2,70.1,76.3,72.9,69.5,70.5,70.1,72.3,72.1,72.8,70.9,67.9,68.2,70.7,70.9,67.8
5567,69.7,65.9,65.3,72.8,73.5,75.0,75.1,71.5,70.6,71.8,71.0,71.5,71.0,71.9,73.4,71.3,69.9,66.6,70.7,70.2,71.7,70.2,72.9,71.0,71.3,72.7,75.4,71.2,69.7,72.0,72.5,70.3,68.8,70.1,71.6,69.1,69.5,65.0,72.0,65.6,73.3,66.9,70.8,71.8,70.9,66.1,69.4,68.4,72.1,70.0,70.1,72.9,72.3,66.7,71.8,67.3,71.9,73.8,72.3,69.7,70.4,69.8,66.2,71.1,71.5,65.7,68.1,73.0,70.9,70.8,68.8,70.5,68.2,74.6,69.4,68.4,69.5,69.2,71.4,70.8,71.6,69.3,67.0,67.2,69.5,69.9,66.8
5568,68.2,65.2,64.3,71.4,72.2,74.0,73.9,70.5,69.6,71.0,70.0,70.5,70.2,71.0,72.5,70.5,69.3,64.7,69.8,69.3,70.8,69.3,72.0,70.1,70.3,71.7,74.5,70.4,68.9,71.1,71.5,69.4,67.9,69.0,70.7,68.2,68.4,64.2,70.9,64.3,72.0,66.0,69.5,70.1,69.4,64.9,67.6,66.1,68.6,68.2,68.8,70.3,70.9,65.7,70.6,65.0,70.6,72.6,70.6,68.4,68.5,67.9,64.8,68.4,69.1,63.9,65.8,72.2,70.0,70.0,67.5,69.1,66.6,72.8,67.2,66.9,68.9,68.4,70.6,69.6,70.6,68.0,66.3,66.5,68.2,68.8,65.9
5569,66.8,64.1,63.5,70.2,71.3,73.0,72.7,69.7,68.8,70.1,69.4,69.8,69.2,70.2,71.6,69.7,68.6,63.0,69.1,68.7,69.9,68.4,71.2,69.4,69.4,70.8,73.6,69.4,68.0,70.2,70.8,68.6,67.2,68.2,69.8,67.5,67.5,63.1,69.9,63.2,70.8,64.9,68.3,69.0,67.8,63.8,66.0,64.3,65.4,66.1,67.5,67.7,69.4,64.6,69.4,63.0,69.2,71.6,68.6,67.0,67.0,66.3,62.9,65.6,66.8,62.1,63.5,71.4,69.1,69.4,66.1,67.8,65.1,71.3,65.0,65.4,68.1,67.7,69.9,68.5,69.7,67.0,65.8,65.6,67.2,67.9,65.3
5570,65.6,63.2,62.5,69.3,70.6,72.0,72.0,69.1,68.1,69.3,68.7,69.1,68.6,69.4,71.0,69.1,68.0,61.4,68.3,68.0,69.2,67.9,70.3,68.6,68.4,69.9,72.8,68.9,67.3,69.4,70.1,68.0,66.3,67.6,69.0,66.7,66.7,62.1,69.0,61.8,69.7,64.2,67.3,67.8,66.4,62.9,64.4,62.9,62.6,64.2,66.5,65.7,68.0,63.5,68.0,61.1,68.0,70.3,67.1,65.4,65.4,64.9,61.3,63.2,64.7,60.3,61.5,70.7,68.3,68.7,64.7,66.6,63.7,69.6,63.1,63.8,67.5,67.1,69.2,67.8,68.7,66.0,64.8,64.9,66.4,67.3,64.6
5571,64.4,62.2,61.7,68.3,69.8,71.2,71.1,68.4,67.5,68.9,67.9,68.4,68.0,68.8,70.2,68.6,67.4,60.4,67.7,67.3,68.5,67.2,69.6,67.8,67.7,69.1,72.1,68.2,66.7,68.6,69.3,67.4,65.6,66.8,68.2,66.0,66.0,61.3,68.1,60.6,68.7,63.5,66.5,66.3,65.1,61.8,63.1,61.5,60.5,62.5,65.5,64.1,66.5,62.7,67.0,59.8,67.0,69.6,65.7,64.1,64.1,63.5,59.6,60.5,63.1,58.5,59.5,70.0,67.6,68.1,63.5,65.7,62.5,68.5,61.1,62.3,67.1,66.4,68.6,66.8,68.0,65.0,64.0,64.3,65.6,66.7,63.9
5572,63.2,61.4,60.9,67.4,69.1,70.5,70.5,67.7,67.0,68.3,67.3,67.8,67.5,68.2,69.4,67.9,66.9,58.8,67.1,66.8,68.0,66.7,69.0,67.2,66.9,68.5,71.3,67.5,66.1,68.1,68.6,66.9,64.8,66.1,67.5,65.3,65.4,60.4,67.4,59.5,67.9,62.9,65.6,65.2,64.1,60.9,61.9,60.4,58.8,61.3,64.7,62.5,65.0,61.8,65.7,58.6,66.0,68.8,64.5,62.8,62.6,62.0,58.5,58.6,61.5,56.8,57.6,69.2,67.2,67.4,62.2,64.8,61.4,67.2,59.5,61.0,66.5,65.8,68.1,66.0,67.2,64.0,62.5,63.7,64.9,66.0,63.5
5573,61.9,60.5,60.3,66.5,68.5,69.9,69.8,66.9,66.4,67.8,66.9,67.3,66.9,67.6,68.7,67.5,66.4,57.6,66.7,66.3,67.4,66.1,68.5,66.5,66.4,67.8,70.7,66.9,65.6,67.7,68.0,66.5,64.1,65.3,67.0,64.9,64.7,59.6,66.8,58.3,67.0,62.5,64.8,64.1,63.0,59.9,60.9,59.2,57.2,60.1,64.0,61.4,63.8,61.2,64.7,57.3,65.0,68.1,63.2,61.6,61.4,60.6,57.4,57.0,60.4,55.6,55.8,68.6,66.6,66.8,61.4,64.1,60.5,65.9,58.4,59.7,66.1,65.4,67.4,65.2,66.6,63.1,61.3,63.3,64.3,65.4,63.1
5574,62.5,61.0,61.2,65.7,67.9,69.4,69.2,66.5,66.3,67.6,67.2,67.0,67.3,67.2,68.2,67.3,66.0,59.2,66.7,67.1,67.0,65.9,68.2,65.8,65.7,67.3,70.4,66.5,65.6,67.4,67.7,66.5,63.6,65.0,66.6,64.5,65.0,59.7,66.2,58.0,66.4,63.3,64.1,63.3,63.4,60.3,60.4,60.6,57.1,59.1,63.1,61.2,63.0,62.2,63.7,58.6,64.2,67.4,62.1,62.3,62.5,59.1,58.5,57.4,59.7,56.7,54.5,68.2,66.6,67.1,60.6,63.4,60.9,65.3,60.3,58.5,66.6,65.9,67.2,64.6,65.8,62.3,60.4,64.3,63.9,65.1,62.9
5575,67.5,65.4,65.6,66.3,69.4,70.4,70.7,68.8,69.0,69.7,70.9,69.1,70.6,68.9,69.9,69.8,68.7,65.7,69.9,70.4,69.2,68.5,70.7,67.4,66.8,69.1,71.9,68.3,68.3,69.9,69.6,69.7,65.3,67.0,67.9,66.9,69.1,64.2,66.5,63.4,68.3,68.0,65.1,66.9,67.1,64.8,64.2,67.6,68.0,61.8,65.4,64.6,66.7,65.9,64.8,63.6,66.1,69.9,63.2,66.7,65.4,60.0,64.6,66.0,62.0,63.3,60.9,69.9,69.9,70.6,64.2,64.1,65.6,69.4,68.6,62.4,70.0,69.3,69.4,65.9,67.2,63.4,63.0,67.0,65.0,66.9,65.3
5576,72.2,70.0,70.5,70.5,72.6,73.2,73.6,72.0,72.6,72.7,74.3,72.2,74.2,72.0,73.2,73.5,72.5,70.1,73.7,74.3,72.7,72.2,74.2,70.9,70.5,72.6,74.4,71.9,71.3,73.4,72.7,72.9,68.6,70.2,70.3,69.7,73.3,68.8,70.5,68.4,71.2,72.8,68.7,71.2,71.4,70.5,68.1,73.8,76.1,68.5,71.1,69.2,71.9,70.1,67.7,69.2,70.1,73.8,67.6,71.2,68.6,64.7,69.8,74.2,65.5,69.2,66.7,72.7,73.7,74.0,69.4,69.0,70.2,75.0,74.6,68.8,73.6,72.9,72.7,69.5,70.8,66.9,68.7,70.2,68.0,70.2,68.6
5577,76.7,74.0,74.7,75.2,76.3,76.4,76.9,75.4,76.0,75.6,77.5,75.9,77.5,75.0,76.4,76.9,76.1,73.6,77.2,77.8,76.0,75.7,77.7,74.3,74.4,76.1,77.1,75.7,74.3,76.8,75.9,75.9,72.0,73.7,73.0,72.7,77.0,72.8,74.7,72.4,74.4,76.8,73.0,74.9,75.8,75.4,72.6,78.0,82.3,75.1,75.9,74.3,76.8,74.3,71.9,74.2,74.7,77.4,71.9,75.1,72.3,70.2,74.1,80.1,69.6,73.7,71.9,75.6,76.8,77.3,74.2,74.0,74.8,79.1,79.1,74.0,77.1,76.1,76.0,73.8,74.6,71.3,72.9,73.1,71.2,73.7,71.9
5578,80.8,77.7,77.9,79.4,79.4,79.3,80.0,78.9,78.7,78.1,80.4,78.9,80.2,77.4,79.5,79.6,79.3,77.2,80.1,80.5,78.9,78.6,80.6,77.3,78.2,79.3,79.6,78.8,77.0,79.4,79.0,78.4,75.0,76.7,75.8,75.4,80.2,76.7,78.6,76.0,77.5,79.7,76.9,77.9,79.8,78.8,77.0,81.8,86.7,79.9,79.5,79.6,81.0,77.9,76.4,78.0,78.7,80.9,75.8,78.4,76.2,75.2,77.8,84.4,74.1,77.5,76.3,78.1,79.5,79.9,78.1,78.2,78.9,82.2,82.9,78.5,79.8,78.6,78.5,77.6,78.1,75.6,75.8,75.6,74.1,76.7,74.8
5579,84.1,80.5,80.6,82.8,82.3,81.9,82.5,81.6,80.7,80.2,82.3,81.2,82.2,79.5,81.9,81.6,81.9,80.6,82.0,82.4,81.3,80.7,83.1,79.8,81.2,82.1,81.6,81.3,79.0,81.5,81.4,80.4,77.6,79.0,78.1,77.8,82.7,79.5,81.7,79.0,80.2,82.1,80.3,80.9,83.4,81.7,80.8,84.9,90.5,83.7,82.4,83.9,84.4,80.8,79.8,81.1,81.5,83.8,79.4,81.0,79.7,79.1,81.1,87.8,78.4,81.1,80.2,80.1,81.5,82.0,81.1,81.4,82.5,85.0,86.1,81.9,82.0,80.3,80.7,80.9,81.1,79.1,78.4,77.4,76.6,79.0,77.2
5580,86.8,82.8,82.6,85.3,84.5,84.0,84.5,83.7,82.3,82.0,83.8,82.8,83.8,81.2,83.8,83.0,83.8,83.5,83.3,83.9,83.3,82.1,84.8,81.7,83.8,84.2,83.4,83.1,80.8,83.2,83.3,82.0,79.4,81.0,80.1,79.6,84.8,81.9,84.3,81.4,82.7,84.0,83.1,83.8,86.4,83.7,84.1,86.9,93.3,86.6,83.8,87.3,87.1,83.1,82.1,83.5,83.5,86.1,82.3,83.1,83.0,82.2,83.9,90.2,82.4,83.6,83.9,81.6,83.0,83.4,83.3,84.2,85.1,87.3,88.7,84.1,83.1,81.9,82.5,83.4,83.5,82.1,81.1,78.8,78.7,80.7,79.0
5581,89.0,84.2,84.1,87.5,86.2,85.7,86.2,85.2,83.3,83.0,85.1,83.8,85.0,82.5,85.5,84.0,85.2,85.8,84.5,84.8,85.0,83.4,86.2,83.1,85.9,86.1,84.7,84.5,82.1,84.3,85.0,82.9,81.1,82.4,81.5,81.1,86.5,83.4,86.0,82.8,84.7,85.1,85.1,86.4,88.7,84.8,86.2,88.5,95.3,88.5,84.6,89.5,88.7,84.7,83.8,85.4,85.3,87.7,85.0,84.9,85.5,85.0,86.2,92.1,86.0,85.4,87.1,83.0,83.9,84.6,84.8,86.2,87.2,89.4,90.9,85.4,84.1,82.9,83.9,85.6,85.2,84.2,83.3,79.6,80.3,82.0,80.2
5582,90.0,84.7,84.8,89.1,87.4,86.9,87.4,86.2,84.1,84.0,85.7,84.4,85.6,83.5,86.4,84.8,86.1,87.6,85.1,85.1,86.0,84.2,87.2,84.3,87.5,87.4,85.6,85.5,83.1,85.1,86.0,83.4,82.2,83.4,82.5,82.1,87.7,83.6,87.5,83.3,86.1,85.6,86.8,87.7,90.0,84.5,87.6,89.4,96.0,89.4,85.1,90.8,89.6,85.9,84.9,86.5,86.3,88.7,87.0,86.0,87.1,87.2,88.0,93.5,88.8,86.7,89.2,84.0,84.8,85.4,85.3,87.7,88.4,90.6,92.5,86.0,84.6,83.4,84.7,87.1,86.4,85.6,84.8,79.9,81.6,82.8,81.2
5583,90.1,84.1,84.8,89.7,87.9,87.5,87.9,86.7,84.1,84.4,85.6,84.9,85.7,83.9,86.9,85.1,86.5,88.6,85.4,85.2,86.3,84.6,87.6,84.8,88.4,88.0,85.9,85.9,83.4,85.3,86.3,83.4,82.6,83.9,83.0,82.4,87.9,83.0,88.0,83.0,86.9,85.2,87.6,88.5,90.2,83.8,88.0,89.6,96.1,89.6,84.9,91.3,89.2,86.0,85.5,87.0,87.0,89.1,88.5,86.4,87.8,88.7,89.2,94.2,90.5,87.0,90.5,84.3,85.1,85.5,84.9,88.7,88.5,91.1,93.3,86.2,84.5,83.5,85.1,87.8,87.1,86.3,85.5,79.5,82.4,83.0,81.6
5584,89.1,82.5,84.2,89.8,87.8,87.5,88.0,86.4,83.7,84.2,84.8,84.7,85.2,83.7,86.8,84.8,86.3,88.6,84.9,84.6,86.0,84.2,87.7,84.7,88.3,88.0,85.6,85.6,83.3,85.2,86.2,83.1,82.6,83.6,83.0,82.4,87.3,81.6,87.8,82.2,86.3,83.9,87.5,88.6,89.4,82.7,87.8,88.9,95.3,89.1,84.7,90.5,88.4,85.4,85.5,87.0,87.1,89.3,89.2,86.4,87.8,89.6,89.2,93.9,91.2,86.8,90.3,84.2,84.7,85.0,84.2,88.8,87.7,90.8,93.3,85.4,83.9,83.1,85.0,87.9,87.2,86.2,85.4,78.6,82.3,82.9,81.4
5585,87.1,80.9,82.1,88.8,87.0,86.8,87.0,85.5,82.7,83.3,83.7,84.2,84.1,82.7,85.9,83.8,85.4,87.6,83.6,83.0,85.0,83.4,86.7,83.9,87.6,87.1,84.9,84.8,82.6,84.3,85.4,82.0,81.7,82.8,82.0,81.5,85.4,79.8,86.8,80.8,85.4,81.8,86.6,87.6,87.6,80.6,86.6,87.7,93.7,88.5,83.6,88.8,87.2,83.3,84.9,86.3,86.7,88.7,89.1,85.6,86.8,89.5,88.3,92.9,90.5,85.7,89.1,83.2,83.4,83.9,82.6,88.1,85.4,90.3,92.2,84.0,82.8,82.0,84.0,87.1,86.5,85.2,85.0,77.4,81.5,82.1,80.6
5586,83.5,77.6,78.2,87.1,85.5,85.1,85.3,83.7,80.4,81.3,81.3,82.6,81.8,81.1,84.1,81.7,83.0,84.8,81.2,80.2,83.0,81.3,84.9,81.8,85.5,85.0,83.4,82.7,80.7,82.3,83.6,79.7,79.8,81.1,80.6,79.9,82.0,76.3,85.2,78.3,83.5,78.0,84.8,85.7,84.0,77.4,84.2,85.4,90.2,86.5,82.1,86.2,85.2,79.3,83.7,84.2,85.6,87.2,88.1,83.4,84.6,88.5,85.5,90.3,88.1,82.6,85.7,81.6,81.3,81.5,80.2,85.9,82.3,89.0,89.5,82.3,80.2,79.8,82.0,85.1,84.6,83.3,83.3,75.4,79.8,80.3,78.7
5587,78.0,72.7,72.3,83.5,82.5,82.1,82.1,79.6,76.5,77.9,77.4,79.3,77.5,78.2,80.5,77.7,78.2,78.2,77.2,76.0,79.4,77.2,80.6,77.9,81.6,80.9,81.1,78.9,77.0,78.9,80.0,75.5,76.4,77.8,78.0,76.7,76.8,71.8,81.6,73.9,80.7,72.9,81.3,81.9,79.2,73.4,80.4,80.1,84.3,82.6,79.1,82.4,81.9,73.4,81.0,79.7,82.2,83.7,85.7,78.0,81.0,84.9,79.8,83.6,83.7,76.8,80.0,78.7,77.4,77.4,76.7,82.0,77.5,85.4,82.8,78.3,75.4,75.6,78.2,81.1,80.8,79.6,78.0,72.6,77.0,76.9,74.8
5588,74.9,69.6,69.6,79.0,79.1,79.3,79.3,75.7,74.0,75.4,74.8,75.9,74.7,75.8,77.4,75.1,74.0,73.2,74.5,73.6,75.9,74.1,77.1,74.3,76.5,76.7,79.0,75.6,73.5,76.1,76.5,72.9,72.7,74.7,75.3,72.9,74.4,69.0,77.5,70.6,78.2,70.3,76.7,77.2,76.3,70.5,76.8,75.9,81.3,76.8,75.7,79.6,78.1,70.8,77.0,75.6,77.6,79.7,81.2,74.3,77.6,77.6,74.4,79.4,79.3,71.9,75.5,76.6,74.7,74.4,73.6,77.0,74.5,80.7,78.7,73.7,72.9,72.9,75.2,76.2,76.3,75.2,69.5,70.7,73.6,73.9,70.7
5589,72.6,67.7,67.5,76.2,76.9,77.6,77.6,73.7,72.7,74.0,73.0,74.1,73.2,74.1,75.6,73.5,72.1,70.4,72.9,72.3,74.0,72.7,75.4,72.9,74.1,75.1,77.7,73.8,71.9,74.5,74.7,71.9,70.9,72.9,73.7,71.0,72.3,67.4,75.4,68.5,75.9,68.8,74.1,74.7,74.3,68.5,74.1,73.1,78.4,73.2,73.1,77.3,75.5,68.8,74.5,72.5,74.5,77.2,77.3,72.4,74.6,73.4,70.7,75.9,75.9,69.0,72.8,75.3,73.3,72.9,71.7,74.1,72.0,77.9,75.6,71.5,71.5,71.4,73.6,73.6,74.1,72.6,68.2,69.3,71.8,72.1,69.0
5590,70.8,66.5,66.0,74.3,75.1,76.2,76.3,72.5,71.5,72.9,71.9,72.6,72.0,72.9,74.4,72.3,71.0,68.2,71.8,71.4,72.7,71.3,74.1,71.5,72.6,73.7,76.4,72.4,70.7,73.1,73.5,71.0,69.6,71.3,72.3,69.8,70.5,65.9,73.5,66.9,74.4,67.6,72.3,73.0,72.3,66.9,71.5,70.5,75.3,71.5,71.3,75.0,73.7,67.6,73.1,69.6,73.0,75.2,74.3,71.0,72.6,71.3,68.0,73.3,73.6,67.2,70.1,74.1,72.0,72.0,70.2,72.1,69.9,76.2,72.7,69.4,70.6,70.3,72.4,72.0,72.6,70.8,67.7,68.2,70.4,70.7,67.6
5591,69.4,65.6,65.1,72.7,73.5,75.0,75.1,71.4,70.6,71.8,71.0,71.5,71.0,71.9,73.3,71.4,69.9,66.6,70.8,70.3,71.7,70.3,72.9,70.8,71.3,72.6,75.3,71.2,69.6,72.0,72.5,70.3,68.6,69.9,71.3,68.9,69.4,64.9,71.9,65.5,73.2,66.7,70.8,71.6,70.7,65.9,69.4,68.4,71.9,69.8,70.0,72.7,72.1,66.5,71.6,67.2,71.6,73.6,72.3,69.5,70.5,69.7,66.2,70.7,71.3,65.6,68.1,73.0,71.0,70.9,68.7,70.3,68.0,74.4,69.2,68.3,69.6,69.4,71.4,70.6,71.5,69.2,67.0,67.2,69.2,69.7,66.6
5592,68.0,65.0,64.1,71.2,72.2,73.9,73.8,70.4,69.8,70.9,70.1,70.6,70.3,71.0,72.4,70.6,69.3,64.7,69.9,69.5,70.8,69.4,72.1,70.0,70.2,71.6,74.5,70.3,68.7,71.2,71.5,69.5,67.6,68.8,70.4,68.0,68.3,64.0,70.8,64.2,71.9,65.9,69.4,70.0,69.2,64.7,67.6,66.1,68.4,67.9,68.8,70.1,70.7,65.5,70.2,65.0,70.3,72.3,70.6,68.2,68.5,67.8,64.8,68.0,69.0,63.9,65.7,72.2,70.1,70.1,67.4,68.9,66.4,72.7,67.1,66.8,68.9,68.6,70.6,69.4,70.4,67.9,66.4,66.4,67.9,68.6,65.7
5593,66.6,63.8,63.2,70.0,71.2,73.0,72.7,69.6,68.9,70.0,69.5,69.9,69.3,70.2,71.5,69.9,68.6,63.1,69.2,68.9,69.9,68.6,71.2,69.3,69.3,70.7,73.5,69.4,67.8,70.3,70.7,68.7,67.0,67.9,69.5,67.3,67.4,62.9,69.8,63.0,70.7,64.8,68.1,68.8,67.6,63.6,66.0,64.3,65.2,65.8,67.4,67.5,69.2,64.4,69.1,63.0,69.0,71.3,68.7,66.8,67.1,66.3,62.9,65.2,66.7,61.9,63.4,71.4,69.2,69.6,66.0,67.6,64.9,71.2,64.9,65.1,68.2,67.8,69.9,68.3,69.6,66.9,65.9,65.6,67.0,67.8,65.1
5594,65.3,62.9,62.2,69.0,70.4,72.0,72.0,69.0,68.2,69.2,68.7,69.2,68.7,69.4,70.9,69.2,68.0,61.5,68.4,68.2,69.1,68.0,70.3,68.5,68.2,69.8,72.8,68.8,67.1,69.6,70.0,68.1,66.1,67.4,68.7,66.5,66.5,61.9,68.9,61.6,69.6,64.1,67.1,67.6,66.1,62.7,64.3,62.9,62.6,63.8,66.4,65.5,67.9,63.3,67.8,61.2,67.7,70.0,67.2,65.2,65.5,64.7,61.3,62.8,64.6,60.2,61.4,70.7,68.4,68.9,64.6,66.5,63.6,69.6,62.9,63.6,67.6,67.2,69.2,67.6,68.6,65.8,64.8,64.9,66.1,67.2,64.4
5595,64.1,62.0,61.4,68.0,69.8,71.2,71.1,68.3,67.6,68.8,68.0,68.6,68.2,68.8,70.1,68.6,67.4,60.4,67.8,67.6,68.4,67.3,69.6,67.6,67.5,69.0,72.0,68.2,66.5,68.8,69.1,67.5,65.3,66.7,68.0,65.8,65.8,61.1,68.0,60.5,68.7,63.3,66.2,66.1,64.9,61.6,62.9,61.5,60.4,62.2,65.4,63.9,66.4,62.5,66.7,59.8,66.8,69.3,65.7,63.9,64.2,63.3,59.7,60.2,63.0,58.4,59.4,69.9,67.7,68.3,63.4,65.6,62.3,68.5,61.0,62.2,67.2,66.6,68.6,66.7,67.8,64.9,64.0,64.3,65.3,66.6,63.7
5596,62.9,61.1,60.7,67.2,69.0,70.5,70.4,67.6,67.0,68.2,67.4,67.9,67.6,68.1,69.4,68.0,66.9,59.0,67.2,67.0,67.9,66.8,69.0,67.0,66.7,68.4,71.2,67.4,66.0,68.2,68.5,67.0,64.6,66.0,67.3,65.3,65.3,60.2,67.4,59.3,67.8,62.7,65.4,65.1,63.9,60.7,61.8,60.3,58.7,61.0,64.6,62.3,64.8,61.7,65.5,58.5,65.8,68.6,64.4,62.6,62.7,61.9,58.5,58.4,61.4,56.7,57.4,69.2,67.3,67.6,62.1,64.7,61.2,67.2,59.5,60.7,66.6,66.0,68.0,65.9,67.1,63.9,62.7,63.7,64.6,65.8,63.3
5597,61.6,60.3,60.0,66.3,68.4,69.9,69.8,66.8,66.4,67.7,67.0,67.3,67.0,67.6,68.7,67.5,66.4,57.7,66.8,66.5,67.4,66.2,68.5,66.3,66.1,67.7,70.7,66.8,65.4,67.8,67.9,66.5,63.9,65.1,66.8,64.7,64.6,59.5,66.7,58.1,66.8,62.3,64.6,64.0,62.7,59.7,60.8,59.2,57.1,59.7,63.8,61.2,63.6,61.0,64.5,57.2,64.8,68.0,63.3,61.3,61.5,60.4,57.4,56.9,60.3,55.5,55.7,68.6,66.7,67.0,61.2,64.0,60.4,65.9,58.4,59.6,66.2,65.6,67.4,65.1,66.4,62.9,61.4,63.3,64.1,65.2,62.9
5598,62.2,60.8,60.9,65.4,67.8,69.4,69.1,66.4,66.4,67.5,67.2,67.1,67.3,67.2,68.2,67.3,66.0,59.3,66.8,67.3,66.9,66.0,68.2,65.6,65.5,67.2,70.3,66.4,65.5,67.5,67.5,66.5,63.4,64.8,66.4,64.4,64.9,59.6,66.0,57.7,66.3,63.1,63.8,63.2,63.1,60.0,60.3,60.5,56.9,58.7,62.9,61.0,62.8,62.0,63.6,58.4,64.1,67.3,62.2,62.1,62.6,59.0,58.4,57.2,59.5,56.5,54.5,68.2,66.7,67.2,60.3,63.2,60.7,65.3,60.0,58.3,66.7,66.0,67.1,64.5,65.7,62.1,60.5,64.2,63.7,64.9,62.8
5599,67.2,65.2,65.4,66.0,69.3,70.3,70.6,68.6,69.0,69.6,71.0,69.1,70.7,68.8,69.8,69.7,68.7,65.7,70.0,70.6,69.2,68.5,70.7,67.3,66.6,68.9,71.7,68.2,68.2,70.0,69.4,69.7,65.1,66.8,67.6,66.6,68.9,64.2,66.4,63.2,68.1,67.8,64.8,66.8,66.9,64.5,64.0,67.5,67.8,61.5,65.3,64.4,66.5,65.8,64.6,63.5,65.8,69.7,63.3,66.6,65.4,59.8,64.5,65.7,61.9,63.1,60.7,69.8,70.0,70.7,63.9,63.8,65.4,69.4,68.4,62.2,70.2,69.3,69.3,65.7,67.0,63.2,63.0,66.9,64.7,66.8,65.1
5600,71.9,69.8,70.4,70.2,72.4,73.1,73.5,71.8,72.6,72.6,74.3,72.2,74.2,71.8,73.1,73.5,72.4,70.0,73.7,74.4,72.5,72.1,74.1,70.6,70.4,72.4,74.2,71.8,71.2,73.4,72.6,72.9,68.3,69.9,70.0,69.4,73.1,68.8,70.2,68.3,71.1,72.7,68.5,71.1,71.3,70.3,68.0,73.7,75.9,68.2,71.0,69.0,71.7,69.9,67.5,68.9,69.9,73.6,67.6,71.0,68.5,64.5,69.7,74.0,65.3,69.0,66.5,72.6,73.7,74.0,69.1,68.7,70.0,74.9,74.4,68.7,73.8,72.9,72.6,69.2,70.6,66.6,68.7,70.0,67.7,70.0,68.4
5601,76.4,73.9,74.5,74.9,76.1,76.3,76.9,75.3,76.0,75.5,77.6,75.9,77.6,74.9,76.4,76.9,76.1,73.6,77.3,77.9,75.9,75.7,77.6,74.0,74.4,76.0,77.0,75.5,74.2,76.8,75.7,75.9,71.7,73.5,72.7,72.4,76.8,72.7,74.4,72.4,74.3,76.6,72.9,74.8,75.7,75.1,72.5,77.9,82.1,74.9,75.9,74.0,76.7,74.1,71.7,74.0,74.5,77.3,72.0,74.9,72.2,70.0,74.0,79.9,69.4,73.4,71.8,75.5,76.8,77.3,74.2,73.7,74.6,79.1,79.0,73.9,77.2,76.1,75.9,73.6,74.4,71.1,72.9,72.9,70.9,73.5,71.6
5602,80.5,77.7,77.9,79.1,79.3,79.2,79.9,78.8,78.7,78.1,80.4,78.9,80.2,77.3,79.4,79.6,79.3,77.1,80.1,80.7,78.8,78.6,80.5,77.1,78.2,79.3,79.5,78.7,77.0,79.4,78.8,78.5,74.8,76.5,75.5,75.2,80.0,76.8,78.3,75.9,77.5,79.5,76.8,77.8,79.6,78.6,76.9,81.7,86.6,79.8,79.5,79.3,80.9,77.7,76.3,77.8,78.5,80.8,75.9,78.2,76.0,74.9,77.6,84.2,74.0,77.3,76.2,78.0,79.5,79.9,78.0,77.9,78.7,82.1,82.8,78.3,80.0,78.6,78.5,77.5,77.9,75.5,75.8,75.3,73.9,76.5,74.6
5603,83.9,80.5,80.5,82.5,82.2,81.8,82.4,81.4,80.7,80.1,82.3,81.2,82.2,79.4,81.8,81.6,81.8,80.5,82.1,82.6,81.2,80.6,83.0,79.6,81.2,82.1,81.5,81.2,79.0,81.5,81.3,80.4,77.4,78.8,77.9,77.5,82.6,79.5,81.4,79.0,80.2,81.8,80.2,80.8,83.2,81.5,80.7,84.8,90.4,83.6,82.3,83.7,84.4,80.7,79.7,80.9,81.3,83.7,79.5,80.9,79.5,78.9,80.9,87.6,78.3,80.8,80.1,80.0,81.5,82.0,81.0,81.2,82.4,85.0,85.9,81.9,82.1,80.3,80.6,80.7,80.9,79.1,78.4,77.2,76.4,78.8,77.0
5604,86.6,82.7,82.4,85.0,84.4,83.9,84.4,83.5,82.4,81.9,83.8,82.9,83.8,81.1,83.7,82.9,83.8,83.4,83.4,84.0,83.2,82.0,84.7,81.5,83.8,84.3,83.2,83.1,80.7,83.1,83.2,82.0,79.3,80.8,79.9,79.4,84.7,81.9,84.0,81.4,82.7,83.8,83.0,83.7,86.2,83.5,83.9,86.9,93.2,86.6,83.8,87.1,87.0,83.0,82.0,83.3,83.4,86.0,82.4,83.0,82.8,82.2,83.7,89.9,82.2,83.3,83.8,81.6,82.9,83.5,83.3,83.9,85.0,87.2,88.6,83.9,83.2,81.8,82.4,83.3,83.4,82.0,81.1,78.5,78.5,80.6,78.8
5605,88.7,84.1,83.9,87.1,86.1,85.6,86.2,85.0,83.4,82.9,85.1,83.9,85.0,82.4,85.4,84.0,85.1,85.7,84.5,84.9,84.9,83.3,86.1,82.9,85.9,86.0,84.6,84.4,82.1,84.2,84.9,82.9,81.0,82.2,81.4,81.0,86.4,83.3,85.7,82.9,84.6,84.9,85.1,86.3,88.5,84.5,86.1,88.4,95.1,88.5,84.5,89.3,88.7,84.6,83.7,85.2,85.2,87.7,84.9,84.7,85.3,84.9,86.0,91.8,85.8,85.2,87.0,82.9,83.9,84.6,84.8,85.9,87.0,89.3,90.7,85.3,84.2,82.9,83.8,85.3,85.1,84.1,83.2,79.4,80.2,82.0,80.1
5606,89.9,84.6,84.7,88.7,87.2,86.8,87.3,86.1,84.1,83.9,85.8,84.4,85.6,83.4,86.3,84.7,86.1,87.4,85.1,85.2,85.9,84.2,87.0,84.0,87.4,87.4,85.4,85.5,83.0,85.0,85.9,83.4,82.1,83.2,82.4,82.0,87.5,83.5,87.2,83.3,86.1,85.4,86.7,87.7,89.8,84.2,87.4,89.2,95.9,89.3,84.9,90.6,89.6,85.8,84.8,86.2,86.2,88.7,86.9,85.8,86.9,87.1,87.8,93.3,88.6,86.5,89.0,83.9,84.8,85.4,85.1,87.5,88.1,90.6,92.3,86.1,84.6,83.4,84.6,86.9,86.3,85.5,84.6,79.6,81.5,82.8,81.1
5607,89.9,83.9,84.7,89.4,87.7,87.4,87.9,86.5,84.2,84.4,85.7,85.0,85.7,83.8,86.7,85.0,86.5,88.4,85.5,85.2,86.1,84.6,87.5,84.6,88.3,88.0,85.9,85.7,83.3,85.3,86.2,83.3,82.6,83.7,82.9,82.3,87.8,82.9,87.8,83.0,86.8,85.1,87.5,88.5,90.0,83.6,87.9,89.4,96.0,89.5,84.7,91.1,89.3,85.9,85.4,86.8,86.9,89.1,88.4,86.2,87.6,88.6,89.0,93.9,90.3,86.8,90.3,84.2,85.0,85.5,84.8,88.5,88.2,91.1,93.1,86.2,84.5,83.4,85.0,87.7,86.9,86.2,85.4,79.3,82.2,82.9,81.5
5608,88.9,82.4,84.0,89.7,87.6,87.4,87.9,86.3,83.8,84.2,84.9,84.8,85.3,83.6,86.7,84.8,86.3,88.4,84.9,84.7,85.9,84.1,87.6,84.4,88.3,88.0,85.6,85.5,83.3,85.1,86.0,83.0,82.5,83.4,82.8,82.3,87.3,81.6,87.5,82.2,86.2,83.7,87.4,88.6,89.2,82.5,87.7,88.9,95.2,89.0,84.4,90.4,88.4,85.3,85.5,86.8,87.0,89.3,89.0,86.1,87.6,89.5,89.1,93.7,90.9,86.5,90.0,84.1,84.6,85.1,84.0,88.6,87.5,90.8,93.1,85.3,83.9,83.1,84.9,87.7,87.0,86.1,85.3,78.3,82.2,83.0,81.3
5609,86.9,81.0,81.9,88.8,86.8,86.7,87.0,85.3,82.8,83.3,83.8,84.2,84.2,82.7,85.8,83.8,85.3,87.2,83.6,83.2,84.9,83.3,86.7,83.7,87.5,87.1,84.9,84.7,82.5,84.3,85.3,81.9,81.6,82.6,81.8,81.4,85.5,79.8,86.6,80.8,85.2,81.6,86.5,87.7,87.4,80.4,86.5,87.5,93.6,88.4,83.4,88.7,87.3,83.2,84.8,85.9,86.6,88.7,89.0,85.4,86.6,89.4,88.0,92.7,90.1,85.3,88.8,83.1,83.5,83.9,82.6,87.9,85.3,90.2,92.1,84.0,82.8,82.0,83.9,86.9,86.2,85.1,84.8,77.2,81.4,82.1,80.4
5610,83.3,77.8,78.0,87.0,85.2,85.0,85.2,83.5,80.4,81.3,81.4,82.6,81.8,81.0,84.0,81.6,83.0,84.4,81.2,80.3,82.9,81.2,84.8,81.6,85.4,84.9,83.3,82.6,80.6,82.3,83.5,79.5,79.7,80.8,80.5,79.7,82.0,76.3,85.1,78.2,83.3,77.6,84.7,85.7,83.8,77.2,84.1,85.2,90.0,86.4,81.9,86.0,85.3,79.1,83.7,83.9,85.5,87.2,88.0,83.0,84.4,88.3,85.2,90.0,87.7,82.2,85.4,81.5,81.3,81.4,80.2,85.8,82.1,88.9,89.3,82.2,80.2,79.7,81.9,84.9,84.3,83.2,83.1,75.1,79.7,80.3,78.6
5611,77.7,72.8,72.2,83.3,82.2,82.0,82.0,79.4,76.5,77.9,77.4,79.3,77.5,78.2,80.4,77.6,78.1,77.8,77.1,76.0,79.2,77.1,80.5,77.7,81.4,80.7,81.0,78.8,76.9,78.8,79.8,75.3,76.2,77.6,77.8,76.5,76.7,71.9,81.6,73.7,80.5,72.6,81.2,81.7,79.0,73.1,80.2,79.9,84.1,82.5,78.9,82.2,81.9,73.3,80.8,79.2,82.0,83.5,85.5,77.7,80.7,84.5,79.4,83.3,83.2,76.4,79.7,78.7,77.3,77.3,76.7,81.9,77.3,85.2,82.6,78.2,75.4,75.5,78.1,80.8,80.5,79.5,77.7,72.3,76.8,76.7,74.5
5612,74.7,69.8,69.6,79.0,78.9,79.2,79.3,75.5,74.1,75.4,74.8,75.9,74.8,75.8,77.2,75.0,74.0,72.9,74.5,73.6,75.8,74.1,77.1,74.1,76.3,76.5,78.9,75.5,73.4,76.1,76.4,72.9,72.5,74.5,75.1,72.7,74.3,69.1,77.4,70.5,78.0,70.1,76.6,77.2,76.1,70.3,76.7,75.8,81.2,76.6,75.5,79.5,78.0,70.7,76.8,75.4,77.4,79.6,81.1,74.0,77.3,77.4,74.1,79.1,78.9,71.6,75.3,76.6,74.7,74.4,73.4,76.8,74.4,80.6,78.5,73.7,73.0,72.9,75.2,75.8,76.0,75.1,69.3,70.5,73.5,73.8,70.5
5613,72.4,67.8,67.4,76.1,76.7,77.5,77.5,73.6,72.7,74.0,73.0,74.1,73.2,74.1,75.6,73.4,72.1,70.2,72.9,72.3,74.0,72.6,75.3,72.7,73.9,74.9,77.6,73.7,71.7,74.5,74.6,71.8,70.7,72.6,73.5,70.8,72.2,67.5,75.3,68.4,75.8,68.7,74.0,74.7,74.0,68.3,74.0,73.1,78.3,73.0,72.9,77.2,75.5,68.8,74.4,72.3,74.4,77.1,77.2,72.1,74.4,73.2,70.5,75.7,75.5,68.9,72.5,75.2,73.3,73.0,71.6,74.0,71.9,77.8,75.4,71.4,71.6,71.4,73.5,73.3,73.8,72.5,68.0,69.1,71.6,72.0,68.7
5614,70.7,66.6,65.9,74.2,74.9,76.1,76.2,72.3,71.5,72.8,71.9,72.7,72.0,72.9,74.3,72.3,70.9,68.0,71.8,71.3,72.6,71.3,74.0,71.3,72.4,73.5,76.3,72.3,70.5,73.1,73.4,70.9,69.4,71.0,72.1,69.6,70.5,66.0,73.5,66.8,74.3,67.5,72.2,73.0,72.2,66.7,71.4,70.5,75.2,71.3,71.2,74.9,73.5,67.5,73.1,69.4,72.9,75.2,74.3,70.6,72.4,71.2,67.7,73.0,73.2,67.0,69.8,74.0,72.0,72.1,70.1,72.0,69.8,76.0,72.5,69.4,70.6,70.3,72.4,71.7,72.4,70.6,67.6,68.0,70.1,70.6,67.3
5615,69.3,65.6,65.0,72.5,73.1,74.9,75.0,71.3,70.6,71.8,71.1,71.6,71.1,71.9,73.3,71.4,69.9,66.4,70.8,70.3,71.6,70.3,72.9,70.6,71.1,72.3,75.2,71.1,69.5,72.1,72.3,70.2,68.5,69.6,71.0,68.6,69.4,65.0,71.9,65.4,73.1,66.6,70.7,71.6,70.5,65.8,69.3,68.3,71.7,69.8,69.9,72.5,72.0,66.4,71.7,66.9,71.5,73.6,72.3,69.1,70.3,69.6,66.1,70.4,71.0,65.4,67.9,73.0,71.0,70.9,68.6,70.2,67.9,74.2,69.1,68.2,69.6,69.4,71.4,70.3,71.2,69.0,66.9,67.1,69.0,69.5,66.4
5616,67.8,64.9,64.0,71.1,71.9,73.8,73.7,70.2,69.8,70.9,70.2,70.6,70.3,71.0,72.3,70.6,69.3,64.6,69.9,69.4,70.7,69.5,72.2,69.7,70.0,71.4,74.4,70.3,68.5,71.2,71.4,69.5,67.5,68.6,70.2,67.8,68.2,64.0,70.8,64.1,71.9,65.8,69.2,70.1,69.1,64.6,67.6,66.1,68.3,67.8,68.7,69.8,70.6,65.4,70.2,64.7,70.3,72.4,70.6,67.8,68.3,67.6,64.6,67.7,68.7,63.7,65.5,72.1,70.1,70.2,67.4,68.8,66.2,72.7,67.0,66.6,68.9,68.6,70.5,69.2,70.2,67.7,66.2,66.3,67.8,68.5,65.5
5617,66.4,63.8,63.1,69.8,71.0,72.9,72.5,69.4,68.9,70.0,69.5,70.0,69.4,70.1,71.4,69.9,68.6,63.1,69.2,68.9,69.8,68.6,71.2,69.1,69.1,70.5,73.4,69.3,67.7,70.4,70.5,68.6,66.8,67.7,69.3,67.0,67.3,62.9,69.7,62.9,70.6,64.7,67.9,68.9,67.5,63.6,66.0,64.3,65.1,65.8,67.3,67.3,69.0,64.3,69.2,62.8,69.0,71.4,68.7,66.5,66.9,66.1,62.8,64.8,66.4,61.7,63.2,71.3,69.3,69.6,65.9,67.5,64.8,71.1,64.9,65.1,68.1,67.9,69.9,68.1,69.3,66.8,65.8,65.4,66.8,67.6,64.9
5618,65.1,62.9,62.1,68.9,70.2,71.8,71.8,68.7,68.3,69.2,68.7,69.3,68.8,69.3,70.8,69.3,68.0,61.5,68.4,68.2,69.0,68.0,70.3,68.2,67.9,69.6,72.7,68.8,67.0,69.7,69.8,68.0,65.9,67.2,68.4,66.3,66.5,62.0,68.9,61.5,69.5,64.0,66.9,67.7,66.0,62.6,64.4,62.8,62.5,63.8,66.2,65.3,67.8,63.2,67.9,61.0,67.8,70.2,67.3,64.8,65.4,64.6,61.2,62.6,64.3,59.9,61.3,70.6,68.5,69.0,64.4,66.4,63.5,69.5,62.8,63.5,67.6,67.2,69.2,67.3,68.3,65.7,64.8,64.7,66.0,67.0,64.2
5619,63.8,62.0,61.3,67.9,69.5,71.0,70.9,67.9,67.6,68.7,68.0,68.7,68.2,68.8,70.0,68.6,67.4,60.4,67.8,67.6,68.4,67.3,69.6,67.4,67.2,68.7,71.9,68.1,66.3,68.9,69.0,67.4,65.2,66.4,67.8,65.5,65.7,61.1,68.0,60.4,68.5,63.2,66.1,66.2,64.7,61.5,62.9,61.4,60.3,62.2,65.3,63.7,66.3,62.4,66.8,59.6,66.8,69.5,65.8,63.4,64.1,63.3,59.7,60.0,62.8,58.2,59.3,69.9,67.8,68.3,63.2,65.5,62.2,68.4,60.9,62.2,67.2,66.6,68.5,66.4,67.5,64.8,64.0,64.1,65.2,66.4,63.5
5620,62.7,61.1,60.6,67.1,68.8,70.3,70.2,67.3,67.0,68.2,67.4,68.0,67.6,68.1,69.2,68.0,66.8,59.0,67.2,67.0,67.9,66.8,68.9,66.8,66.4,68.1,71.1,67.3,65.8,68.3,68.4,67.0,64.5,65.7,67.0,65.0,65.1,60.2,67.4,59.1,67.6,62.7,65.2,65.1,63.7,60.6,61.8,60.2,58.7,61.0,64.4,62.2,64.6,61.5,65.6,58.2,65.8,68.7,64.4,62.2,62.6,61.9,58.6,58.0,61.2,56.5,57.4,69.2,67.4,67.6,62.0,64.6,61.1,67.1,59.5,60.7,66.6,66.0,68.0,65.7,66.8,63.8,62.7,63.4,64.5,65.7,63.1
5621,61.5,60.2,60.0,66.2,68.1,69.7,69.6,66.5,66.4,67.6,67.0,67.4,67.0,67.6,68.5,67.6,66.3,57.7,66.8,66.5,67.3,66.2,68.5,66.1,65.9,67.4,70.6,66.7,65.2,67.9,67.8,66.5,63.7,65.0,66.5,64.5,64.4,59.6,66.7,57.9,66.7,62.2,64.4,64.1,62.6,59.6,60.8,59.0,57.0,59.8,63.7,61.0,63.4,60.8,64.7,56.9,64.8,68.1,63.2,61.0,61.4,60.5,57.5,56.6,60.1,55.3,55.7,68.5,66.8,67.0,61.2,63.9,60.3,65.9,58.4,59.5,66.2,65.7,67.3,64.8,66.2,62.8,61.3,63.0,63.9,65.1,62.7
5622,62.1,60.7,60.8,65.3,67.5,69.2,69.0,66.2,66.4,67.4,67.2,67.1,67.3,67.1,68.0,67.3,65.9,59.2,66.8,67.2,66.8,66.0,68.1,65.4,65.2,66.9,70.2,66.3,65.3,67.6,67.4,66.4,63.3,64.7,66.1,64.2,64.7,59.6,66.1,57.6,66.2,63.1,63.7,63.1,63.0,59.9,60.3,60.2,56.8,58.8,62.9,60.8,62.6,61.9,63.6,58.1,64.0,67.4,62.1,61.6,62.4,59.0,58.3,56.8,59.4,56.2,54.4,68.1,66.8,67.2,60.3,63.1,60.5,65.2,59.8,58.3,66.6,66.0,67.1,64.3,65.4,62.0,60.4,63.9,63.5,64.8,62.5
5623,67.1,65.2,65.3,65.8,69.0,70.1,70.4,68.3,68.9,69.5,70.9,69.2,70.6,68.7,69.6,69.7,68.5,65.4,69.9,70.6,69.0,68.5,70.6,67.0,66.4,68.6,71.6,68.1,67.9,70.0,69.3,69.6,64.9,66.6,67.3,66.4,68.7,64.1,66.3,63.1,68.0,67.7,64.7,66.8,66.8,64.6,63.9,67.3,67.6,61.5,65.1,64.2,66.2,65.7,64.7,63.1,65.8,69.8,63.1,66.1,65.2,59.7,64.3,65.4,61.6,62.7,60.4,69.7,70.0,70.7,63.8,63.7,65.3,69.3,68.2,62.1,70.1,69.3,69.2,65.4,66.7,63.0,62.8,66.7,64.5,66.6,64.8
5624,71.8,69.8,70.3,70.0,72.1,73.0,73.4,71.6,72.5,72.4,74.2,72.3,74.2,71.7,72.9,73.4,72.3,69.7,73.6,74.4,72.4,72.0,74.0,70.4,70.2,72.2,74.1,71.7,71.0,73.4,72.4,72.8,68.2,69.8,69.8,69.2,72.9,68.8,70.2,68.3,70.9,72.7,68.4,71.0,71.2,70.2,67.8,73.4,75.7,68.2,70.9,68.8,71.4,70.0,67.5,68.5,69.9,73.7,67.4,70.5,68.2,64.4,69.5,73.6,65.0,68.6,66.3,72.5,73.7,74.0,69.0,68.6,69.9,74.9,74.2,68.6,73.7,72.9,72.5,69.0,70.3,66.6,68.6,69.9,67.5,69.9,68.1
5625,76.3,73.9,74.5,74.8,75.8,76.2,76.8,75.2,75.9,75.4,77.5,75.9,77.5,74.8,76.2,76.8,76.0,73.3,77.2,77.9,75.7,75.6,77.5,73.8,74.2,75.7,76.9,75.4,74.1,76.7,75.6,75.8,71.6,73.4,72.6,72.3,76.7,72.8,74.4,72.2,74.1,76.6,72.7,74.7,75.6,75.2,72.4,77.6,82.0,74.8,75.9,73.8,76.4,74.1,71.8,73.4,74.5,77.4,71.7,74.5,71.9,69.8,73.7,79.6,69.1,72.9,71.4,75.4,76.8,77.2,74.0,73.6,74.5,79.0,78.8,73.8,77.1,75.9,75.8,73.4,74.2,71.0,72.8,72.8,70.8,73.4,71.5
5626,80.4,77.7,77.9,79.0,79.0,79.1,79.8,78.7,78.5,77.9,80.4,78.9,80.1,77.2,79.3,79.5,79.2,76.8,80.0,80.7,78.7,78.6,80.4,77.0,78.0,79.0,79.4,78.6,76.9,79.3,78.7,78.4,74.8,76.5,75.5,75.1,79.9,76.7,78.2,75.8,77.3,79.4,76.7,77.7,79.6,78.6,76.8,81.5,86.3,79.7,79.4,79.2,80.6,77.8,76.3,77.3,78.5,80.9,75.6,77.7,75.6,74.7,77.3,84.0,73.5,76.8,75.9,77.9,79.5,79.9,77.9,77.8,78.7,82.0,82.6,78.3,80.0,78.4,78.4,77.3,77.7,75.4,75.6,75.3,73.9,76.5,74.5
5627,83.9,80.6,80.5,82.5,82.0,81.7,82.3,81.3,80.6,80.0,82.3,81.2,82.1,79.4,81.6,81.5,81.8,80.1,82.0,82.6,81.2,80.5,82.9,79.5,81.1,81.9,81.5,81.2,78.9,81.4,81.2,80.4,77.3,78.8,77.9,77.5,82.4,79.6,81.3,79.0,80.1,81.8,80.1,80.8,83.2,81.5,80.6,84.6,90.1,83.5,82.2,83.6,84.2,80.8,79.7,80.5,81.4,83.7,79.2,80.4,79.1,78.7,80.5,87.3,77.8,80.3,79.7,79.9,81.5,82.0,81.0,81.2,82.3,84.9,85.7,81.7,82.1,80.2,80.5,80.6,80.8,79.0,78.2,77.2,76.4,78.8,76.9
5628,86.6,82.8,82.5,84.9,84.2,83.8,84.3,83.5,82.2,81.8,83.8,82.8,83.7,81.1,83.6,82.8,83.8,83.0,83.3,84.1,83.2,82.0,84.6,81.4,83.8,84.1,83.2,83.0,80.7,83.1,83.2,82.0,79.3,80.9,79.8,79.4,84.5,81.9,83.9,81.3,82.5,83.7,82.9,83.7,86.2,83.5,83.7,86.6,92.9,86.5,83.7,87.0,86.8,83.0,82.0,82.9,83.3,86.1,82.1,82.6,82.3,81.9,83.3,89.7,81.7,82.8,83.4,81.5,82.9,83.4,83.2,83.9,85.0,87.2,88.3,83.8,83.3,81.6,82.4,83.1,83.3,81.9,80.9,78.5,78.4,80.6,78.8
5629,88.7,84.2,84.0,87.1,86.0,85.5,86.2,85.0,83.1,82.9,85.0,83.7,84.8,82.4,85.3,83.9,85.2,85.2,84.5,84.9,84.9,83.2,86.0,82.8,85.8,86.0,84.6,84.4,82.1,84.1,84.9,82.7,81.0,82.2,81.4,81.0,86.2,83.5,85.6,82.8,84.5,84.8,84.9,86.2,88.5,84.5,86.0,88.2,94.8,88.3,84.3,89.2,88.7,84.7,83.7,84.7,85.1,87.8,84.6,84.2,84.8,84.6,85.6,91.6,85.3,84.7,86.5,82.9,83.8,84.6,84.7,85.9,87.1,89.3,90.5,85.2,84.2,82.7,83.8,85.2,84.9,84.0,83.0,79.4,80.0,82.1,80.1
5630,89.9,84.7,84.8,88.7,87.2,86.8,87.3,86.1,83.8,84.0,85.6,84.2,85.4,83.4,86.2,84.6,86.2,86.9,85.0,85.1,85.8,84.1,86.9,84.0,87.3,87.3,85.4,85.4,83.2,85.0,86.0,83.2,82.0,83.3,82.4,82.0,87.4,83.6,87.0,83.4,86.0,85.3,86.6,87.6,89.8,84.3,87.3,89.0,95.5,89.3,84.7,90.4,89.4,85.8,84.8,85.8,86.2,88.7,86.7,85.3,86.3,86.8,87.4,93.1,87.9,85.9,88.5,83.9,84.7,85.4,85.0,87.4,88.1,90.6,92.1,85.9,84.6,83.3,84.7,86.8,86.1,85.4,84.3,79.7,81.3,82.9,81.1
5631,89.9,83.9,84.8,89.4,87.6,87.5,87.8,86.5,83.9,84.5,85.5,84.8,85.4,83.9,86.7,84.9,86.7,87.7,85.3,85.2,86.1,84.6,87.4,84.5,88.2,88.0,85.9,85.7,83.5,85.1,86.3,83.0,82.4,83.8,82.9,82.4,87.7,82.9,87.6,83.2,86.7,85.0,87.4,88.4,90.1,83.7,87.8,89.1,95.7,89.3,84.6,90.8,89.1,86.0,85.3,86.2,86.9,89.1,88.1,85.7,87.0,88.3,88.5,93.6,89.6,86.2,89.7,84.2,84.9,85.5,84.6,88.4,88.2,91.0,92.8,86.0,84.5,83.3,85.1,87.5,86.7,86.0,85.0,79.4,82.0,83.0,81.6
5632,89.0,82.5,84.0,89.6,87.4,87.5,87.9,86.3,83.5,84.3,84.7,84.5,85.0,83.7,86.7,84.7,86.4,87.7,84.8,84.7,86.0,84.2,87.5,84.4,88.2,87.9,85.7,85.5,83.4,85.0,86.1,82.7,82.4,83.5,82.9,82.4,87.1,81.6,87.4,82.3,86.2,83.6,87.4,88.6,89.3,82.6,87.6,88.5,94.9,88.9,84.4,90.1,88.3,85.3,85.5,86.3,87.0,89.3,88.7,85.6,87.0,89.1,88.5,93.4,90.2,85.9,89.4,84.2,84.5,85.1,83.9,88.5,87.6,90.8,92.8,85.1,83.8,83.0,85.0,87.6,86.8,86.0,85.0,78.5,82.1,83.1,81.4
5633,87.0,81.1,82.0,88.7,86.7,86.8,87.0,85.3,82.5,83.4,83.6,83.9,84.0,82.7,85.8,83.7,85.4,86.5,83.5,83.1,85.0,83.4,86.6,83.6,87.4,86.9,85.0,84.7,82.6,84.1,85.3,81.6,81.5,82.7,81.9,81.5,85.3,79.9,86.5,80.9,85.3,81.5,86.5,87.6,87.5,80.6,86.4,87.2,93.3,88.2,83.2,88.4,87.1,83.3,84.8,85.4,86.6,88.7,88.5,84.8,85.9,89.0,87.4,92.4,89.3,84.7,88.2,83.2,83.3,83.8,82.4,87.8,85.4,90.2,91.9,83.7,82.7,82.0,84.0,86.8,86.0,85.1,84.4,77.3,81.2,82.2,80.5
5634,83.2,78.0,78.0,86.9,85.1,85.0,85.1,83.4,80.2,81.3,81.2,82.3,81.6,81.0,84.0,81.6,83.0,83.7,81.0,80.2,82.9,81.2,84.7,81.4,85.3,84.7,83.4,82.6,80.7,82.0,83.5,79.3,79.7,80.9,80.5,79.8,81.8,76.5,85.1,78.2,83.4,77.5,84.6,85.6,83.8,77.3,83.9,84.7,89.6,86.1,81.6,85.7,85.1,79.1,83.7,83.2,85.5,87.1,87.6,82.4,83.6,87.8,84.6,89.7,86.9,81.6,84.7,81.6,81.1,81.3,80.1,85.6,82.2,88.8,89.0,81.9,80.1,79.7,81.9,84.9,84.0,83.1,82.7,75.2,79.5,80.3,78.6
5635,77.6,73.0,72.1,83.2,82.1,81.9,82.0,79.3,76.3,77.9,77.3,79.1,77.3,78.1,80.3,77.5,77.9,77.1,77.0,75.9,79.1,77.0,80.3,77.4,81.2,80.5,81.0,78.6,76.8,78.5,79.7,75.1,76.1,77.5,77.8,76.5,76.6,72.1,81.5,73.7,80.6,72.5,81.1,81.5,78.9,73.1,80.0,79.5,83.7,82.2,78.6,81.9,81.7,73.3,80.8,78.6,81.8,83.4,85.0,77.2,80.1,83.9,79.0,82.8,82.5,75.8,79.0,78.6,77.2,77.2,76.5,81.7,77.5,85.1,82.3,77.8,75.4,75.3,78.1,80.7,80.1,79.5,77.1,72.4,76.6,76.7,74.5
5636,74.7,70.1,69.4,78.8,78.7,79.1,79.2,75.4,73.9,75.5,74.8,75.7,74.7,75.8,77.1,74.9,73.9,72.4,74.4,73.5,75.7,74.0,76.9,74.0,76.1,76.2,78.9,75.4,73.3,75.8,76.3,72.7,72.5,74.5,75.0,72.7,74.2,69.4,77.3,70.5,78.0,70.0,76.5,77.1,76.0,70.3,76.6,75.5,81.0,76.3,75.3,79.2,77.8,70.8,76.8,74.8,77.3,79.5,80.6,73.5,76.8,76.9,73.8,78.6,78.2,71.2,74.6,76.5,74.5,74.4,73.3,76.7,74.4,80.5,78.3,73.4,72.9,72.9,75.1,75.7,75.7,75.1,69.0,70.5,73.3,73.7,70.4
5637,72.4,68.2,67.3,76.0,76.5,77.4,77.4,73.5,72.5,74.1,73.0,74.0,73.1,74.0,75.4,73.3,72.1,69.8,72.9,72.3,73.8,72.5,75.2,72.7,73.7,74.6,77.6,73.6,71.6,74.3,74.4,71.7,70.7,72.6,73.4,70.8,72.1,67.8,75.1,68.3,75.9,68.6,73.9,74.7,73.9,68.4,73.9,72.8,78.0,72.9,72.7,76.9,75.4,68.9,74.4,71.9,74.4,77.0,76.7,71.7,73.9,72.9,70.2,75.3,74.9,68.5,71.9,75.1,73.1,73.0,71.4,73.9,72.0,77.8,75.2,71.2,71.6,71.3,73.4,73.2,73.6,72.5,67.8,69.1,71.5,71.9,68.6
5638,70.7,66.8,65.9,74.0,74.8,76.0,76.1,72.2,71.4,72.9,71.9,72.6,71.9,72.8,74.1,72.2,70.8,67.7,71.8,71.3,72.5,71.2,73.9,71.2,72.2,73.3,76.3,72.2,70.4,72.9,73.3,70.7,69.4,71.0,72.0,69.5,70.3,66.2,73.3,66.7,74.4,67.4,72.0,73.1,72.1,66.8,71.3,70.1,74.8,71.2,71.0,74.6,73.5,67.5,73.0,69.0,72.9,75.1,73.9,70.1,71.9,70.8,67.5,72.6,72.7,66.7,69.3,73.9,71.9,72.0,70.0,72.0,69.7,76.0,72.2,69.3,70.7,70.1,72.3,71.6,72.2,70.6,67.4,68.0,70.1,70.4,67.1
5639,69.3,65.7,65.0,72.3,73.0,74.8,74.9,71.1,70.5,71.8,71.1,71.5,70.9,71.9,73.1,71.3,69.8,66.1,70.8,70.3,71.5,70.2,72.7,70.5,70.9,72.1,75.2,71.0,69.3,71.9,72.2,70.1,68.5,69.6,71.0,68.5,69.3,65.2,71.7,65.4,73.2,66.5,70.5,71.7,70.4,65.8,69.1,68.0,71.3,69.6,69.7,72.2,71.9,66.4,71.6,66.6,71.6,73.6,71.9,68.7,69.8,69.1,65.8,70.1,70.5,65.0,67.4,72.9,70.9,70.9,68.5,70.2,67.9,74.2,68.7,68.1,69.7,69.3,71.3,70.2,71.0,69.1,66.7,67.0,69.0,69.4,66.2
5640,67.8,65.0,63.9,70.9,71.8,73.7,73.5,70.0,69.7,70.9,70.2,70.6,70.2,70.9,72.1,70.5,69.1,64.3,69.9,69.5,70.5,69.4,72.0,69.6,69.8,71.2,74.3,70.2,68.4,71.1,71.2,69.3,67.5,68.5,70.1,67.6,68.1,64.2,70.7,64.1,71.9,65.7,69.1,70.2,69.1,64.7,67.5,65.9,67.9,67.7,68.5,69.5,70.5,65.4,70.2,64.4,70.3,72.4,70.2,67.4,67.9,67.1,64.5,67.4,68.2,63.3,65.0,72.1,70.0,70.2,67.3,68.8,66.2,72.7,66.8,66.5,68.9,68.5,70.5,69.1,69.9,67.8,65.9,66.2,67.8,68.4,65.4
5641,66.3,63.9,63.0,69.7,70.8,72.7,72.4,69.2,68.8,70.0,69.5,69.9,69.3,70.1,71.2,69.8,68.4,62.8,69.2,68.9,69.6,68.5,71.1,69.0,68.9,70.3,73.4,69.1,67.5,70.2,70.3,68.6,66.8,67.6,69.1,66.9,67.2,63.0,69.7,63.0,70.6,64.7,67.8,69.0,67.5,63.6,65.9,64.0,64.8,65.7,67.3,67.0,69.0,64.3,69.1,62.5,68.9,71.3,68.3,66.1,66.6,65.7,62.6,64.4,66.0,61.2,62.8,71.2,69.1,69.7,65.8,67.4,64.7,71.1,64.6,65.0,68.2,67.8,69.8,68.1,69.2,66.9,65.5,65.3,66.8,67.5,64.8
5642,64.9,63.0,61.9,68.7,70.0,71.7,71.7,68.5,68.2,69.1,68.7,69.2,68.7,69.3,70.5,69.1,67.8,61.2,68.4,68.2,68.8,67.9,70.2,68.2,67.8,69.4,72.6,68.6,66.8,69.5,69.6,68.0,66.0,67.1,68.3,66.2,66.4,62.1,68.8,61.5,69.5,63.9,66.8,67.8,65.9,62.6,64.3,62.6,62.3,63.8,66.2,65.0,67.7,63.2,67.8,60.8,67.7,70.2,67.0,64.3,65.1,64.2,61.0,62.1,63.9,59.5,60.8,70.5,68.4,69.0,64.3,66.3,63.3,69.5,62.5,63.5,67.7,67.2,69.1,67.3,68.2,65.8,64.5,64.6,66.0,66.7,64.1
5643,63.6,62.0,61.1,67.7,69.4,70.9,70.8,67.7,67.6,68.6,68.0,68.7,68.1,68.7,69.7,68.5,67.3,60.2,67.8,67.6,68.2,67.1,69.5,67.3,67.1,68.6,71.9,67.9,66.2,68.8,68.8,67.4,65.2,66.3,67.7,65.5,65.7,61.2,67.9,60.3,68.4,63.2,66.0,66.4,64.6,61.5,62.8,61.2,60.0,62.1,65.2,63.4,66.2,62.4,66.8,59.4,66.7,69.5,65.5,62.9,63.9,62.9,59.5,59.4,62.4,57.8,58.8,69.8,67.7,68.3,63.2,65.4,62.0,68.5,60.7,62.3,67.3,66.5,68.4,66.4,67.5,64.9,63.7,63.9,65.2,66.2,63.4
5644,62.5,61.1,60.4,66.9,68.7,70.2,70.0,67.1,67.0,68.1,67.5,68.0,67.6,68.0,69.0,67.9,66.6,58.8,67.3,67.0,67.7,66.7,68.9,66.7,66.4,67.9,71.1,67.2,65.6,68.2,68.1,67.0,64.4,65.6,66.9,64.9,65.1,60.4,67.2,59.0,67.6,62.6,65.1,65.2,63.6,60.6,61.8,60.1,58.5,61.1,64.3,61.9,64.6,61.4,65.6,58.1,65.8,68.7,64.1,61.8,62.4,61.5,58.5,57.5,60.9,56.2,57.0,69.1,67.3,67.6,61.8,64.5,60.9,67.1,59.2,60.7,66.7,66.0,67.8,65.6,66.8,63.8,62.5,63.3,64.5,65.5,62.9
5645,61.3,60.3,59.8,66.1,68.1,69.6,69.5,66.4,66.4,67.5,67.0,67.4,67.0,67.5,68.3,67.5,66.1,57.6,66.8,66.6,67.1,66.1,68.4,66.0,65.8,67.2,70.5,66.5,65.1,67.7,67.6,66.5,63.7,64.8,66.4,64.4,64.3,59.6,66.6,57.8,66.7,62.1,64.3,64.2,62.5,59.7,60.8,58.9,56.8,59.9,63.6,60.7,63.4,60.8,64.7,56.8,64.8,68.1,63.0,60.7,61.2,60.2,57.5,56.2,59.8,55.1,55.3,68.4,66.8,67.0,61.1,63.7,60.1,65.9,58.1,59.5,66.3,65.6,67.3,64.8,66.1,62.8,61.1,62.8,63.9,65.0,62.5
5646,61.9,60.7,60.5,65.1,67.5,69.1,68.9,66.0,66.3,67.4,67.2,67.1,67.3,67.1,67.8,67.3,65.9,58.9,66.8,67.2,66.7,66.0,68.1,65.3,65.2,66.8,70.2,66.1,65.1,67.5,67.2,66.4,63.2,64.5,66.0,64.1,64.6,59.7,65.9,57.5,66.1,63.0,63.7,63.3,62.8,59.9,60.2,60.0,56.6,58.8,62.8,60.5,62.6,61.6,63.7,57.8,64.0,67.4,61.9,61.2,62.1,58.7,58.1,56.2,59.0,55.8,53.9,68.1,66.8,67.2,60.2,63.0,60.3,65.3,59.3,58.4,66.7,65.9,67.0,64.3,65.4,61.9,60.2,63.7,63.5,64.7,62.3
5647,66.9,65.2,65.2,65.7,68.9,70.1,70.3,68.3,68.8,69.4,70.8,69.1,70.6,68.7,69.4,69.6,68.4,65.1,69.9,70.5,68.9,68.4,70.4,66.9,66.3,68.5,71.5,67.9,67.9,69.9,69.1,69.5,64.9,66.5,67.2,66.3,68.6,64.2,66.2,63.0,67.8,67.6,64.5,66.8,66.6,64.6,63.9,66.9,67.3,61.4,65.0,63.9,66.1,65.7,64.7,62.7,65.7,69.7,62.7,65.6,64.8,59.4,64.0,64.8,61.2,62.2,59.9,69.6,69.9,70.6,63.6,63.6,65.1,69.2,67.8,62.0,70.1,69.1,69.1,65.3,66.6,62.9,62.5,66.6,64.5,66.5,64.6
5648,71.7,69.9,70.3,70.0,72.0,73.0,73.3,71.6,72.4,72.4,74.1,72.2,74.1,71.6,72.9,73.2,72.2,69.4,73.5,74.4,72.4,71.9,74.0,70.3,70.1,72.0,74.0,71.6,71.0,73.4,72.4,72.7,68.2,69.7,69.8,69.2,72.9,68.9,70.1,68.2,70.8,72.7,68.2,71.0,71.1,70.3,67.8,73.1,75.4,68.0,70.7,68.4,71.2,70.0,67.5,68.1,69.7,73.5,67.0,70.0,67.8,63.9,69.2,73.1,64.6,68.1,65.7,72.4,73.7,74.0,68.8,68.5,69.8,74.8,73.8,68.4,73.6,72.7,72.4,68.9,70.3,66.5,68.3,69.8,67.6,69.8,68.0
5649,76.4,74.0,74.6,74.8,75.8,76.2,76.7,75.2,75.7,75.3,77.4,75.8,77.3,74.6,76.2,76.6,76.0,73.0,77.1,77.9,75.8,75.4,77.4,73.8,74.2,75.7,76.8,75.4,74.1,76.7,75.6,75.7,71.7,73.4,72.5,72.3,76.7,72.9,74.4,72.2,74.1,76.6,72.6,74.7,75.6,75.3,72.3,77.3,81.7,74.5,75.7,73.5,76.2,74.2,71.7,73.0,74.3,77.1,71.2,74.0,71.4,69.4,73.4,79.1,68.6,72.4,70.9,75.3,76.7,77.1,73.9,73.6,74.5,78.9,78.5,73.5,77.1,75.8,75.7,73.4,74.2,71.1,72.4,72.7,70.9,73.4,71.4
5650,80.5,77.9,78.0,79.0,79.1,79.1,79.8,78.7,78.3,77.8,80.3,78.7,80.0,77.1,79.2,79.3,79.2,76.5,79.9,80.6,78.7,78.3,80.3,77.0,78.0,78.9,79.3,78.6,76.9,79.2,78.8,78.3,74.9,76.6,75.5,75.2,79.9,76.9,78.3,75.8,77.2,79.4,76.7,77.7,79.7,78.7,76.8,81.2,86.0,79.4,79.3,78.8,80.4,78.0,76.1,76.8,78.2,80.6,75.1,77.2,75.2,74.3,76.9,83.5,73.1,76.3,75.4,77.7,79.4,79.8,77.9,78.0,78.7,82.0,82.2,78.0,79.9,78.4,78.3,77.3,77.8,75.4,75.2,75.3,74.0,76.5,74.5
5651,84.0,80.9,80.6,82.5,82.1,81.6,82.2,81.4,80.3,79.9,82.3,81.0,82.0,79.3,81.5,81.3,81.8,79.7,81.9,82.6,81.2,80.3,82.8,79.6,81.2,81.9,81.4,81.1,79.0,81.3,81.3,80.2,77.6,78.9,77.9,77.6,82.4,79.8,81.4,78.9,80.0,81.9,80.2,80.7,83.4,81.7,80.5,84.3,89.8,83.2,82.0,83.2,84.1,81.0,79.4,79.9,81.1,83.4,78.7,79.8,78.5,78.3,80.1,86.8,77.4,79.8,79.2,79.7,81.4,82.0,80.9,81.3,82.4,84.8,85.3,81.4,82.1,80.2,80.5,80.6,80.9,79.1,77.8,77.1,76.6,78.9,77.0
5652,86.8,83.2,82.6,85.1,84.4,83.7,84.3,83.6,81.9,81.7,83.8,82.5,83.6,81.0,83.5,82.5,83.8,82.5,83.4,84.1,83.2,81.8,84.6,81.5,83.9,84.2,83.0,83.0,80.7,83.0,83.2,81.7,79.5,80.9,79.9,79.5,84.5,82.2,83.9,81.3,82.4,83.8,82.9,83.7,86.4,83.7,83.6,86.3,92.5,86.1,83.4,86.5,86.6,83.3,81.7,82.3,83.1,85.8,81.6,82.0,81.8,81.4,82.9,89.2,81.3,82.2,82.9,81.4,82.8,83.5,83.0,84.1,85.1,87.1,87.9,83.5,83.3,81.7,82.3,83.3,83.4,82.0,80.4,78.5,78.6,80.6,78.8
5653,88.8,84.5,84.1,87.3,86.1,85.5,86.1,85.1,83.0,82.8,85.1,83.6,84.8,82.3,85.2,83.8,85.2,84.7,84.5,85.0,84.9,83.1,85.9,83.0,86.0,86.1,84.4,84.4,82.1,84.0,84.9,82.5,81.2,82.4,81.4,81.0,86.1,83.8,85.7,82.7,84.4,84.9,85.0,86.1,88.7,84.6,85.7,87.8,94.4,88.0,84.0,88.7,88.2,85.0,83.4,84.1,84.9,87.4,84.1,83.6,84.2,84.1,85.1,91.0,84.8,84.1,86.0,82.8,83.7,84.6,84.5,86.2,87.2,89.2,90.0,84.8,84.2,82.8,83.7,85.3,85.0,84.1,82.5,79.4,80.2,82.1,80.1
5654,90.0,84.9,84.8,88.8,87.3,86.8,87.4,86.2,83.7,83.9,85.5,84.2,85.3,83.3,86.2,84.6,86.2,86.4,85.0,85.4,85.9,84.0,86.9,84.1,87.4,87.4,85.4,85.4,83.1,84.9,86.0,83.0,82.2,83.5,82.4,82.1,87.3,83.8,87.0,83.3,85.9,85.4,86.7,87.5,90.1,84.3,87.0,88.6,95.2,88.9,84.5,90.0,89.0,86.0,84.4,85.1,85.9,88.3,86.1,84.6,85.7,86.3,86.8,92.5,87.4,85.3,88.0,83.8,84.5,85.4,84.8,87.7,88.3,90.5,91.6,85.5,84.6,83.5,84.6,86.9,86.2,85.5,83.8,79.7,81.5,82.9,81.2
5655,90.1,84.0,84.9,89.6,87.7,87.5,87.9,86.6,83.9,84.5,85.7,84.8,85.5,83.8,86.7,84.9,86.7,87.1,85.3,85.5,86.2,84.5,87.2,84.6,88.4,88.1,85.9,85.8,83.5,85.1,86.3,82.8,82.6,84.0,83.0,82.4,87.6,83.0,87.6,83.2,86.7,85.1,87.5,88.3,90.2,83.8,87.5,88.8,95.4,89.0,84.4,90.4,88.9,86.3,85.0,85.6,86.5,88.7,87.5,85.0,86.4,87.8,87.9,93.1,89.0,85.6,89.2,84.2,84.8,85.6,84.5,88.6,88.4,91.0,92.3,85.8,84.6,83.5,85.2,87.7,86.8,86.2,84.5,79.4,82.2,83.0,81.7
5656,89.2,82.6,84.1,89.8,87.5,87.5,88.0,86.4,83.5,84.3,84.8,84.6,85.2,83.7,86.8,84.6,86.5,87.1,84.9,84.8,86.0,84.2,87.3,84.5,88.3,87.9,85.7,85.5,83.4,84.9,86.2,82.7,82.6,83.7,83.0,82.5,87.0,81.5,87.5,82.4,86.1,83.8,87.5,88.4,89.4,82.7,87.3,88.2,94.6,88.5,84.2,89.7,88.0,85.6,85.0,85.6,86.5,88.7,87.9,84.9,86.3,88.6,87.9,92.9,89.6,85.2,88.9,84.1,84.4,85.3,83.7,88.7,87.7,90.6,92.3,84.9,84.0,83.2,85.0,87.7,86.9,86.2,84.4,78.4,82.2,83.1,81.4
5657,87.0,81.0,82.1,88.9,86.8,86.8,87.1,85.4,82.5,83.4,83.8,83.9,84.1,82.7,85.8,83.6,85.5,85.9,83.6,83.3,85.1,83.3,86.5,83.6,87.4,87.0,85.0,84.7,82.6,84.0,85.4,81.6,81.7,82.8,82.0,81.6,85.3,79.9,86.6,81.0,85.2,81.6,86.6,87.4,87.7,80.7,86.1,86.9,93.0,87.8,83.0,88.0,86.9,83.4,84.3,84.8,86.1,88.1,87.8,84.1,85.2,88.6,86.8,91.9,88.8,84.0,87.6,83.2,83.1,84.0,82.3,88.0,85.5,89.9,91.4,83.5,82.8,82.1,84.0,87.0,86.0,85.3,83.8,77.2,81.4,82.2,80.7
5658,83.2,77.8,78.0,87.0,85.1,85.0,85.1,83.5,80.2,81.3,81.2,82.2,81.6,81.0,83.9,81.5,83.0,83.0,81.1,80.4,82.9,81.1,84.6,81.4,85.3,84.7,83.4,82.5,80.7,81.9,83.5,79.2,79.9,80.9,80.5,79.8,81.9,76.4,85.2,78.2,83.2,77.5,84.7,85.4,83.9,77.3,83.6,84.3,89.2,85.7,81.4,85.2,85.0,79.1,83.1,82.5,84.9,86.6,87.0,81.7,82.9,87.2,83.9,89.1,86.3,80.9,84.1,81.5,80.9,81.5,80.0,85.8,82.3,88.5,88.4,81.7,80.1,79.8,81.9,85.0,84.0,83.4,82.1,75.1,79.7,80.3,78.6
5659,77.6,72.8,72.2,83.2,82.0,81.9,81.9,79.2,76.2,77.8,77.4,79.0,77.4,78.1,80.2,77.5,77.9,76.5,77.0,76.0,79.1,77.0,80.3,77.3,81.1,80.4,81.0,78.6,76.7,78.3,79.7,75.1,76.3,77.5,77.8,76.4,76.7,72.0,81.5,73.7,80.5,72.4,81.0,81.3,78.9,73.2,79.7,79.1,83.3,81.7,78.4,81.5,81.6,73.3,80.2,77.9,81.2,82.8,84.4,76.4,79.3,83.3,78.2,82.2,81.8,75.1,78.4,78.6,77.0,77.3,76.4,81.8,77.5,84.8,81.7,77.4,75.4,75.4,78.1,80.8,80.0,79.6,76.4,72.3,76.7,76.6,74.4
5660,74.8,70.0,69.5,78.9,78.7,79.0,79.1,75.3,73.8,75.5,74.9,75.7,74.8,75.8,77.0,75.0,73.9,71.9,74.5,73.6,75.7,74.0,76.9,73.9,76.1,76.1,78.9,75.5,73.2,75.7,76.3,72.7,72.6,74.5,75.0,72.6,74.2,69.4,77.4,70.4,77.9,70.0,76.3,76.9,76.1,70.3,76.5,75.1,80.6,76.0,75.1,78.8,77.6,70.9,76.3,74.1,76.8,78.9,80.0,73.0,76.1,76.3,73.2,78.1,77.7,70.7,74.2,76.5,74.4,74.5,73.2,76.8,74.5,80.2,77.7,73.1,73.0,73.0,75.2,75.9,75.6,75.2,68.6,70.4,73.5,73.6,70.4
5661,72.6,68.1,67.4,76.1,76.5,77.3,77.4,73.4,72.5,74.0,73.1,74.0,73.2,74.1,75.3,73.4,72.1,69.4,73.0,72.4,73.8,72.5,75.2,72.6,73.8,74.6,77.6,73.6,71.4,74.2,74.3,71.7,70.8,72.6,73.3,70.7,71.9,67.8,75.1,68.4,75.8,68.6,73.8,74.6,74.0,68.4,73.8,72.5,77.6,72.5,72.5,76.4,75.1,69.1,73.9,71.2,73.9,76.5,76.2,71.2,73.3,72.3,69.6,74.7,74.4,68.0,71.4,75.2,73.0,73.1,71.4,74.0,72.1,77.6,74.6,71.0,71.7,71.5,73.5,73.3,73.5,72.6,67.4,69.0,71.6,71.8,68.6
5662,70.8,66.9,65.9,74.0,74.8,75.9,76.0,72.1,71.4,72.8,72.1,72.8,72.1,72.8,74.1,72.3,70.8,67.3,71.9,71.4,72.4,71.1,73.9,71.2,72.2,73.3,76.2,72.1,70.2,72.8,73.2,70.8,69.5,71.1,71.9,69.4,70.3,66.3,73.4,66.7,74.4,67.3,71.9,73.0,72.2,66.8,71.2,69.9,74.4,70.9,70.9,74.2,73.3,67.7,72.5,68.4,72.4,74.8,73.4,69.6,71.3,70.3,67.0,72.2,72.2,66.3,68.8,73.9,71.8,72.1,69.9,72.0,69.8,75.7,71.8,69.1,70.7,70.3,72.3,71.7,72.2,70.7,66.9,67.9,70.2,70.3,67.2
5663,69.3,65.8,65.0,72.3,73.0,74.7,74.8,71.1,70.5,71.7,71.2,71.7,71.0,71.7,73.0,71.4,69.7,65.7,70.9,70.3,71.4,70.3,72.7,70.5,70.9,72.1,75.0,70.9,69.2,71.8,72.1,70.2,68.6,69.7,70.9,68.5,69.2,65.3,71.8,65.3,73.1,66.4,70.4,71.5,70.5,65.7,69.1,67.7,71.0,69.3,69.5,71.8,71.7,66.6,71.1,66.1,71.0,73.2,71.5,68.2,69.2,68.6,65.4,69.6,70.0,64.5,66.9,72.8,70.9,71.0,68.5,70.2,68.0,73.9,68.3,67.9,69.8,69.5,71.2,70.3,71.1,69.1,66.2,66.8,69.1,69.3,66.2
5664,67.8,65.0,63.9,70.9,71.8,73.6,73.5,70.0,69.7,70.8,70.3,70.8,70.3,70.8,72.0,70.5,69.1,63.9,70.0,69.5,70.4,69.3,71.9,69.6,69.7,71.1,74.2,70.1,68.3,71.0,71.1,69.4,67.6,68.6,70.0,67.7,68.0,64.2,70.7,64.1,71.7,65.7,69.0,70.1,69.1,64.6,67.6,65.7,67.5,67.4,68.4,69.2,70.3,65.6,69.7,64.0,69.8,72.0,69.8,67.0,67.4,66.6,64.0,67.0,67.8,62.9,64.6,72.0,69.9,70.3,67.2,68.8,66.3,72.5,66.4,66.3,69.0,68.6,70.4,69.2,70.0,67.9,65.4,66.0,67.9,68.3,65.4
5665,66.4,63.9,63.0,69.6,70.8,72.6,72.4,69.3,68.8,69.9,69.6,70.0,69.4,70.0,71.1,69.7,68.4,62.5,69.2,69.0,69.6,68.4,71.0,69.0,68.8,70.3,73.3,69.1,67.4,70.2,70.3,68.6,66.9,67.6,69.1,66.9,67.1,63.1,69.6,62.9,70.6,64.6,67.7,68.8,67.5,63.6,65.9,63.8,64.5,65.4,67.2,66.7,68.8,64.4,68.7,62.1,68.5,70.9,68.0,65.6,66.0,65.2,62.2,64.1,65.6,60.7,62.3,71.1,69.1,69.8,65.6,67.4,64.7,70.9,64.2,64.9,68.3,67.9,69.7,68.1,69.1,67.0,65.0,65.1,66.9,67.5,64.7
5666,65.0,63.0,62.0,68.7,70.0,71.6,71.6,68.7,68.1,69.1,68.7,69.3,68.8,69.1,70.4,69.1,67.8,60.9,68.5,68.2,68.9,67.8,70.0,68.2,67.7,69.3,72.5,68.5,66.8,69.5,69.6,68.0,66.0,67.2,68.3,66.2,66.4,62.1,68.8,61.4,69.4,63.9,66.7,67.7,66.0,62.6,64.3,62.3,61.9,63.5,66.1,64.7,67.6,63.3,67.4,60.5,67.2,69.8,66.6,63.9,64.6,63.7,60.6,61.9,63.5,59.0,60.3,70.5,68.5,69.1,64.2,66.3,63.3,69.3,62.2,63.2,67.7,67.3,69.0,67.4,68.2,65.9,64.0,64.4,66.0,66.7,64.1
5667,63.6,62.0,61.2,67.7,69.4,70.8,70.7,67.8,67.5,68.7,68.1,68.6,68.1,68.6,69.6,68.5,67.3,59.7,67.9,67.6,68.2,67.1,69.4,67.4,67.0,68.6,71.8,67.9,66.1,68.8,68.8,67.4,65.2,66.4,67.7,65.5,65.6,61.2,67.9,60.2,68.3,63.1,65.9,66.3,64.7,61.6,62.8,60.9,59.8,61.8,65.1,63.1,66.2,62.4,66.4,59.1,66.3,69.1,65.2,62.5,63.4,62.5,59.2,59.1,62.0,57.2,58.3,69.7,67.8,68.4,63.1,65.3,62.0,68.3,60.3,62.0,67.3,66.6,68.4,66.5,67.5,64.9,63.3,63.7,65.2,66.2,63.3
5668,62.5,61.1,60.5,66.9,68.8,70.1,69.9,67.2,66.9,68.1,67.6,67.9,67.7,67.9,69.0,67.9,66.6,58.4,67.3,67.0,67.7,66.6,68.8,66.7,66.4,67.9,71.0,67.1,65.6,68.2,68.2,67.0,64.5,65.6,66.9,64.9,64.9,60.3,67.2,58.8,67.5,62.6,65.0,65.2,63.6,60.8,61.8,59.7,58.3,60.7,64.2,61.6,64.6,61.5,65.3,57.9,65.4,68.3,63.8,61.5,62.0,61.1,58.2,57.3,60.5,55.6,56.6,69.0,67.4,67.7,61.7,64.5,60.9,67.0,58.9,60.5,66.8,66.1,67.8,65.7,66.7,63.9,62.1,63.1,64.5,65.6,62.9
5669,61.4,60.2,59.8,66.1,68.1,69.6,69.4,66.5,66.4,67.6,67.0,67.3,67.1,67.5,68.3,67.4,66.2,57.2,66.9,66.6,67.2,66.1,68.4,66.1,65.8,67.3,70.4,66.6,65.0,67.7,67.7,66.5,63.8,64.8,66.4,64.4,64.2,59.6,66.6,57.7,66.6,62.1,64.3,64.1,62.5,59.8,60.8,58.5,56.7,59.6,63.5,60.4,63.4,60.7,64.4,56.6,64.5,67.7,62.6,60.4,60.8,59.8,57.2,55.9,59.4,54.6,54.9,68.4,66.9,67.1,60.9,63.6,60.1,65.8,57.7,59.3,66.4,65.7,67.3,64.9,66.1,62.9,60.7,62.6,63.9,65.0,62.4
5670,61.9,60.7,60.5,65.1,67.5,69.1,68.9,66.2,66.3,67.4,67.2,67.1,67.3,67.0,67.8,67.2,65.9,58.4,66.9,67.2,66.7,65.9,68.0,65.3,65.2,66.8,70.1,66.1,65.2,67.4,67.3,66.5,63.3,64.5,66.0,64.1,64.4,59.6,66.0,57.5,66.0,62.9,63.6,63.1,62.8,59.9,60.1,59.6,56.3,58.5,62.7,60.1,62.5,61.5,63.4,57.5,63.6,67.1,61.5,60.7,61.6,58.3,57.7,55.9,58.6,55.2,53.5,68.0,66.8,67.2,59.9,62.9,60.2,65.0,58.7,58.0,66.7,65.9,67.0,64.4,65.4,61.9,59.7,63.4,63.5,64.7,62.2
5671,66.9,65.2,65.0,65.6,68.9,70.1,70.3,68.3,68.7,69.4,70.8,69.1,70.6,68.6,69.4,69.5,68.4,64.6,69.9,70.5,68.9,68.3,70.4,66.9,66.2,68.5,71.4,67.9,67.8,69.8,69.2,69.5,64.8,66.4,67.1,66.3,68.6,64.1,66.2,63.0,67.8,67.6,64.5,66.6,66.6,64.6,63.8,66.5,66.9,61.1,64.8,63.5,65.9,65.6,64.3,62.3,65.3,69.2,62.3,65.2,64.3,58.9,63.6,64.3,60.8,61.7,59.4,69.5,69.9,70.6,63.3,63.5,65.0,68.9,67.3,61.8,70.1,69.1,69.0,65.3,66.6,62.9,61.9,66.3,64.5,66.4,64.5
5672,71.8,69.8,70.2,69.9,72.0,73.0,73.3,71.6,72.3,72.3,74.1,72.1,74.0,71.5,72.9,73.1,72.2,69.0,73.5,74.3,72.4,71.7,73.9,70.3,70.0,72.0,73.8,71.5,71.0,73.2,72.3,72.6,68.2,69.7,69.7,69.2,72.9,68.9,70.1,68.2,70.7,72.6,68.1,70.8,71.2,70.2,67.7,72.7,75.1,67.7,70.6,68.1,71.0,69.9,67.1,67.7,69.3,73.0,66.6,69.5,67.4,63.5,68.8,72.6,64.2,67.6,65.3,72.2,73.6,74.0,68.5,68.4,69.7,74.5,73.4,68.0,73.6,72.6,72.3,68.8,70.2,66.5,67.8,69.6,67.5,69.8,67.9
5673,76.4,74.0,74.6,74.8,75.9,76.2,76.8,75.3,75.6,75.2,77.3,75.6,77.2,74.5,76.2,76.4,75.9,72.6,77.0,77.8,75.8,75.2,77.3,73.7,74.1,75.7,76.7,75.3,74.0,76.4,75.6,75.4,71.8,73.4,72.5,72.3,76.8,72.9,74.4,72.1,73.9,76.6,72.5,74.5,75.6,75.2,72.2,77.0,81.3,74.1,75.5,73.1,76.0,74.2,71.3,72.6,73.8,76.6,70.8,73.6,71.0,68.9,73.0,78.6,68.2,72.0,70.5,75.2,76.5,77.1,73.6,73.6,74.5,78.7,78.0,73.0,77.0,75.8,75.6,73.3,74.1,71.1,71.9,72.5,70.9,73.4,71.4
5674,80.6,78.0,78.0,79.0,79.1,79.1,79.8,78.8,78.1,77.8,80.2,78.5,79.8,77.1,79.2,79.1,79.2,76.0,79.8,80.6,78.7,78.2,80.3,76.9,78.0,79.0,79.3,78.5,76.8,79.0,78.7,78.0,74.9,76.5,75.5,75.2,80.0,76.9,78.3,75.6,77.0,79.4,76.6,77.7,79.7,78.6,76.6,80.8,85.7,78.9,79.1,78.4,80.2,78.0,75.6,76.4,77.6,80.1,74.6,76.7,74.7,73.8,76.5,83.0,72.7,75.9,74.9,77.7,79.2,79.8,77.6,78.0,78.7,81.8,81.8,77.6,79.8,78.4,78.3,77.2,77.8,75.4,74.8,75.0,74.0,76.5,74.5
5675,84.0,81.0,80.7,82.6,82.0,81.7,82.3,81.5,80.1,79.9,82.1,80.8,81.9,79.3,81.6,81.2,81.9,79.2,81.9,82.6,81.2,80.2,82.7,79.5,81.1,81.9,81.4,81.1,78.9,81.0,81.2,79.9,77.6,78.9,77.9,77.6,82.5,79.8,81.4,78.8,79.7,81.8,80.1,80.7,83.4,81.7,80.3,83.9,89.5,82.7,81.8,82.7,83.9,81.1,78.9,79.5,80.5,82.8,78.2,79.4,78.0,77.8,79.7,86.3,77.0,79.3,78.9,79.7,81.2,81.9,80.6,81.4,82.4,84.7,84.8,81.0,81.9,80.2,80.5,80.6,80.9,79.2,77.4,76.8,76.6,78.9,77.0
5676,86.8,83.2,82.6,85.2,84.4,83.9,84.5,83.6,81.7,81.7,83.7,82.3,83.5,81.0,83.6,82.5,83.8,82.0,83.3,84.2,83.2,81.8,84.4,81.5,83.9,84.3,83.0,83.0,80.6,82.7,83.1,81.4,79.6,81.0,79.9,79.5,84.6,82.1,84.0,81.1,82.2,83.7,82.8,83.6,86.4,83.6,83.4,85.9,92.1,85.6,83.2,86.1,86.5,83.4,81.1,81.8,82.5,85.2,81.2,81.5,81.2,81.0,82.4,88.7,81.0,81.8,82.5,81.4,82.5,83.4,82.8,84.1,85.1,87.0,87.5,83.1,83.2,81.6,82.3,83.2,83.4,82.1,80.0,78.2,78.6,80.6,78.9
5677,88.8,84.6,84.1,87.4,86.2,85.6,86.2,85.1,82.9,82.7,84.9,83.4,84.6,82.3,85.3,83.8,85.2,84.2,84.4,85.0,84.9,83.1,85.9,82.9,85.9,86.2,84.3,84.4,82.1,83.8,84.9,82.2,81.3,82.4,81.4,81.2,86.2,83.7,85.7,82.6,84.2,85.0,85.0,85.9,88.7,84.7,85.5,87.5,94.1,87.4,83.9,88.3,88.0,85.1,82.8,83.6,84.3,86.9,83.6,83.1,83.6,83.6,84.6,90.5,84.5,83.6,85.6,82.8,83.5,84.4,84.3,86.1,87.2,89.0,89.5,84.3,84.1,82.8,83.7,85.3,85.1,84.3,82.1,79.1,80.2,82.0,80.2
5678,90.0,85.0,84.9,89.0,87.4,86.9,87.4,86.2,83.7,83.8,85.3,84.1,85.2,83.3,86.2,84.5,86.3,85.8,84.7,85.4,85.8,84.0,86.8,84.1,87.4,87.5,85.3,85.4,83.1,84.7,86.0,82.8,82.3,83.5,82.5,82.2,87.2,83.9,87.1,83.1,85.7,85.5,86.7,87.2,90.1,84.5,86.7,88.2,94.9,88.4,84.5,89.5,88.7,86.1,83.8,84.6,85.3,87.8,85.7,84.1,85.1,85.8,86.3,92.0,87.1,84.7,87.7,83.7,84.2,85.2,84.6,87.7,88.3,90.1,91.2,85.1,84.5,83.4,84.6,86.9,86.3,85.6,83.4,79.3,81.5,82.9,81.2
5679,90.1,84.2,84.9,89.7,87.8,87.6,88.0,86.6,83.8,84.4,85.5,84.7,85.5,83.7,86.7,84.8,86.7,86.6,85.1,85.5,86.1,84.5,87.2,84.6,88.4,88.2,85.8,85.8,83.4,84.9,86.2,82.8,82.7,84.0,83.0,82.5,87.4,83.1,87.8,83.1,86.4,85.2,87.6,88.0,90.3,84.0,87.3,88.4,95.1,88.6,84.3,90.1,88.6,86.4,84.5,85.1,86.0,88.2,87.0,84.4,85.8,87.4,87.4,92.6,88.8,85.0,88.9,84.1,84.5,85.6,84.3,88.6,88.5,90.7,91.8,85.4,84.4,83.4,85.1,87.6,86.8,86.3,84.0,79.0,82.2,83.1,81.7
5680,89.3,82.7,84.2,89.9,87.5,87.6,88.0,86.4,83.4,84.2,84.7,84.5,85.1,83.6,86.8,84.5,86.4,86.6,84.8,84.8,86.0,84.1,87.2,84.4,88.3,88.1,85.6,85.5,83.3,84.7,86.1,82.5,82.7,83.7,83.0,82.5,86.9,81.7,87.7,82.3,85.9,83.7,87.6,88.1,89.5,82.9,87.0,87.9,94.4,88.1,84.0,89.4,87.8,85.7,84.6,85.1,86.0,88.2,87.5,84.4,85.8,88.2,87.4,92.4,89.4,84.6,88.6,84.0,84.2,85.2,83.5,88.6,87.8,90.3,91.9,84.5,83.8,83.2,84.9,87.7,86.9,86.4,83.9,78.1,82.2,83.1,81.4
5681,87.1,80.9,82.3,89.0,86.8,86.9,87.1,85.4,82.3,83.2,83.7,83.8,84.0,82.5,85.8,83.4,85.4,85.4,83.5,83.2,85.0,83.2,86.4,83.5,87.4,87.0,84.8,84.7,82.6,83.8,85.3,81.4,81.8,82.8,82.0,81.6,85.2,79.9,86.8,80.9,85.0,81.5,86.6,87.2,87.9,80.8,85.8,86.5,92.8,87.4,83.0,87.7,86.6,83.6,83.7,84.2,85.5,87.7,87.4,83.5,84.6,88.2,86.3,91.5,88.6,83.4,87.4,83.1,82.9,84.0,82.2,87.9,85.6,89.5,91.0,83.2,82.6,82.1,83.9,86.9,86.0,85.5,83.4,76.8,81.4,82.1,80.7
5682,83.3,77.8,78.0,87.1,85.1,85.0,85.1,83.3,80.0,81.1,81.1,82.0,81.5,80.8,83.9,81.3,82.9,82.5,80.9,80.2,82.8,81.0,84.4,81.3,85.3,84.8,83.2,82.4,80.6,81.8,83.4,79.0,80.0,80.9,80.5,79.8,81.9,76.4,85.2,78.0,83.1,77.5,84.7,85.1,84.0,77.2,83.3,83.9,88.9,85.4,81.4,84.9,84.6,79.2,82.6,81.9,84.3,86.0,86.6,81.1,82.3,86.9,83.4,88.6,86.1,80.2,83.8,81.4,80.7,81.4,79.7,85.8,82.4,88.1,87.9,81.3,79.9,79.7,81.7,85.0,83.9,83.4,81.7,74.7,79.7,80.1,78.6
5683,77.8,72.8,72.1,83.2,82.0,81.9,81.9,79.1,76.0,77.6,77.3,78.8,77.2,77.9,80.2,77.3,77.8,75.8,76.8,75.9,79.0,76.8,80.1,77.2,81.0,80.3,80.9,78.5,76.6,78.1,79.6,75.0,76.2,77.4,77.7,76.3,76.6,72.0,81.5,73.4,80.3,72.3,81.0,80.9,79.1,73.1,79.2,78.7,82.9,81.3,78.4,81.2,81.3,73.2,79.7,77.3,80.6,82.2,83.9,75.8,78.8,82.8,77.7,81.6,81.5,74.4,78.1,78.5,76.8,77.1,76.2,81.7,77.6,84.3,81.2,77.0,75.3,75.4,77.9,80.9,79.8,79.6,75.8,71.9,76.7,76.4,74.4
5684,75.0,70.0,69.4,78.9,78.7,79.1,79.2,75.3,73.7,75.4,74.8,75.6,74.7,75.7,77.1,74.9,73.9,71.4,74.4,73.5,75.7,73.9,76.9,73.8,76.0,76.2,78.8,75.5,73.3,75.6,76.2,72.6,72.5,74.5,74.9,72.6,74.1,69.4,77.4,70.2,77.7,69.9,76.3,76.5,76.3,70.3,76.1,74.7,80.2,75.6,75.1,78.5,77.3,70.8,75.8,73.6,76.3,78.5,79.6,72.5,75.5,75.8,72.8,77.6,77.3,70.2,73.9,76.4,74.3,74.5,72.9,76.6,74.5,79.8,77.2,72.7,72.9,73.0,75.1,75.9,75.5,75.1,68.1,70.0,73.4,73.5,70.4
5685,72.7,68.1,67.4,76.1,76.5,77.3,77.4,73.4,72.4,73.9,73.1,73.9,73.2,74.0,75.3,73.3,72.1,68.9,73.0,72.3,73.8,72.4,75.2,72.5,73.7,74.7,77.5,73.6,71.5,74.1,74.3,71.6,70.7,72.5,73.3,70.7,71.9,67.7,75.1,68.3,75.6,68.5,73.8,74.3,74.1,68.5,73.5,72.1,77.1,72.1,72.5,76.1,74.8,69.0,73.5,70.7,73.5,76.2,75.8,70.7,72.8,71.9,69.1,74.3,74.2,67.5,71.1,75.1,72.9,73.0,71.2,73.9,72.2,77.2,74.1,70.7,71.6,71.5,73.4,73.3,73.5,72.5,67.1,68.6,71.6,71.7,68.6
5686,71.0,66.8,65.9,74.1,74.9,75.9,76.0,72.1,71.4,72.7,72.1,72.7,72.0,72.7,74.0,72.2,70.8,66.8,71.8,71.3,72.4,71.1,73.8,71.1,72.0,73.3,76.1,72.1,70.2,72.8,73.1,70.7,69.4,71.1,71.9,69.6,70.2,66.2,73.3,66.6,74.2,67.1,71.9,72.8,72.3,66.8,71.1,69.6,73.9,70.4,70.7,73.8,73.0,67.6,72.2,67.8,72.0,74.5,72.9,69.0,70.8,69.8,66.5,71.8,72.0,65.8,68.4,73.9,71.7,72.1,69.6,72.0,69.8,75.4,71.2,68.7,70.6,70.3,72.2,71.7,72.2,70.7,66.6,67.5,70.1,70.3,67.2
5687,69.4,65.6,64.9,72.4,73.0,74.7,74.8,71.1,70.4,71.6,71.2,71.6,70.9,71.6,73.0,71.3,69.8,65.2,70.8,70.2,71.4,70.2,72.6,70.4,70.9,72.1,75.0,70.9,69.2,71.8,72.0,70.1,68.5,69.7,70.9,68.7,69.1,65.1,71.7,65.2,72.9,66.3,70.4,71.3,70.6,65.7,69.0,67.4,70.6,68.7,69.3,71.5,71.4,66.4,70.8,65.5,70.6,72.9,71.2,67.8,68.7,68.0,65.0,69.1,69.7,64.0,66.5,72.7,70.8,71.0,68.2,70.2,68.1,73.7,67.9,67.5,69.6,69.4,71.2,70.3,71.1,69.1,65.8,66.5,69.0,69.3,66.1
5688,67.9,64.8,63.8,70.9,71.9,73.6,73.5,70.0,69.6,70.8,70.2,70.8,70.2,70.7,72.0,70.4,69.1,63.4,69.9,69.4,70.4,69.2,71.8,69.6,69.7,71.1,74.1,70.0,68.3,70.8,71.1,69.3,67.5,68.6,70.0,67.9,68.0,64.1,70.7,63.9,71.5,65.5,68.9,69.8,69.2,64.6,67.5,65.4,67.1,67.0,68.2,68.9,70.1,65.4,69.5,63.5,69.5,71.7,69.4,66.5,66.8,66.0,63.6,66.5,67.5,62.3,64.3,71.9,69.9,70.2,67.0,68.7,66.4,72.2,65.9,65.9,68.9,68.6,70.3,69.2,70.0,67.9,65.1,65.6,67.7,68.2,65.4
5689,66.5,63.7,62.9,69.6,70.8,72.6,72.3,69.3,68.7,70.0,69.4,69.9,69.3,69.9,71.1,69.5,68.4,62.1,69.1,68.8,69.6,68.4,70.9,69.0,68.8,70.3,73.2,69.1,67.4,70.1,70.3,68.6,66.8,67.7,69.1,67.1,67.1,62.9,69.5,62.7,70.5,64.5,67.6,68.6,67.5,63.6,65.8,63.5,64.1,65.0,67.0,66.4,68.5,64.2,68.5,61.7,68.3,70.7,67.7,65.1,65.5,64.7,61.8,63.5,65.4,60.2,62.0,71.0,69.1,69.6,65.4,67.3,64.8,70.6,63.7,64.5,68.1,67.9,69.7,68.1,69.2,66.8,64.6,64.8,66.7,67.5,64.7
5690,65.0,62.8,61.9,68.6,70.0,71.5,71.5,68.6,68.0,69.1,68.5,69.2,68.7,69.1,70.4,69.0,67.8,60.5,68.4,68.1,68.9,67.7,69.9,68.2,67.7,69.4,72.4,68.5,66.8,69.4,69.5,67.9,65.9,67.2,68.3,66.3,66.3,62.0,68.7,61.3,69.2,63.8,66.6,67.5,66.0,62.5,64.3,62.0,61.7,63.1,65.9,64.4,67.2,63.2,67.2,60.1,67.0,69.5,66.3,63.4,64.2,63.3,60.2,61.3,63.2,58.5,60.0,70.4,68.4,69.0,64.0,66.1,63.4,69.0,61.7,62.8,67.6,67.2,68.9,67.4,68.3,65.6,63.6,64.1,65.8,66.7,64.0
5691,63.7,61.8,61.1,67.6,69.4,70.7,70.6,67.7,67.4,68.6,67.9,68.5,68.0,68.5,69.5,68.4,67.3,59.3,67.8,67.4,68.2,67.0,69.3,67.3,66.9,68.6,71.7,67.8,66.0,68.7,68.8,67.4,65.2,66.4,67.6,65.5,65.5,61.0,67.9,60.0,68.2,63.1,65.8,66.1,64.7,61.5,62.7,60.6,59.5,61.5,65.0,62.8,65.8,62.3,66.1,58.7,66.0,68.8,64.9,62.1,62.9,61.9,58.8,58.6,61.7,56.7,58.0,69.6,67.8,68.3,62.8,65.2,62.0,67.9,59.8,61.5,67.2,66.6,68.3,66.5,67.5,64.7,62.9,63.4,65.1,66.1,63.3
5692,62.4,61.0,60.4,66.9,68.8,70.1,69.8,67.1,66.8,68.0,67.4,67.8,67.5,67.8,68.9,67.8,66.7,58.0,67.2,66.8,67.7,66.6,68.7,66.7,66.3,68.0,71.0,67.1,65.5,68.1,68.1,67.0,64.3,65.5,66.9,64.9,64.8,60.2,67.1,58.7,67.3,62.6,65.0,64.9,63.6,60.7,61.7,59.4,58.0,60.3,64.1,61.3,64.2,61.3,65.0,57.4,65.1,68.0,63.5,61.1,61.6,60.6,57.8,56.9,60.2,55.0,56.2,69.0,67.3,67.6,61.5,64.3,61.0,66.7,58.5,60.0,66.6,66.0,67.7,65.6,66.7,63.7,61.7,62.8,64.3,65.5,62.9
5693,61.3,60.1,59.7,66.0,68.1,69.5,69.3,66.5,66.2,67.5,66.8,67.2,67.0,67.4,68.3,67.3,66.2,56.9,66.7,66.4,67.1,66.1,68.3,66.0,65.7,67.3,70.4,66.5,65.0,67.6,67.6,66.5,63.7,64.8,66.4,64.4,64.1,59.5,66.5,57.7,66.4,62.1,64.2,63.9,62.5,59.7,60.7,58.3,56.5,59.2,63.3,60.1,63.1,60.6,64.1,56.3,64.2,67.4,62.3,59.8,60.3,59.3,56.8,55.4,59.1,54.1,54.6,68.3,66.8,67.0,60.6,63.5,60.2,65.5,57.5,58.8,66.3,65.6,67.2,64.7,66.0,62.7,60.3,62.3,63.8,64.9,62.4
5694,61.8,60.5,60.3,65.0,67.5,69.1,68.8,66.1,66.1,67.3,67.0,67.0,67.1,66.9,67.8,67.1,65.8,57.9,66.7,67.1,66.7,65.9,67.9,65.4,65.1,66.8,70.0,66.0,65.1,67.3,67.2,66.4,63.2,64.4,66.0,64.1,64.3,59.4,65.8,57.4,65.9,62.8,63.5,62.9,62.7,59.8,60.0,59.2,56.1,58.2,62.5,59.8,62.1,61.3,63.2,57.0,63.3,66.8,61.2,60.1,61.1,57.8,57.2,55.3,58.3,54.7,53.1,67.9,66.6,67.1,59.7,62.8,60.2,64.8,58.3,57.7,66.6,65.8,66.9,64.2,65.3,61.8,59.3,63.1,63.4,64.5,62.2
5695,66.9,64.9,64.9,65.5,68.8,70.0,70.2,68.2,68.5,69.2,70.6,68.9,70.4,68.4,69.3,69.3,68.3,64.2,69.7,70.4,68.7,68.2,70.2,66.8,66.0,68.4,71.3,67.8,67.7,69.6,69.1,69.3,64.7,66.3,67.0,66.3,68.5,63.8,66.0,62.8,67.6,67.5,64.3,66.3,66.7,64.4,63.6,66.1,66.7,60.7,64.6,63.1,65.5,65.4,64.1,61.8,65.0,68.9,62.0,64.7,63.8,58.4,63.1,63.8,60.5,61.1,59.1,69.4,69.7,70.5,63.0,63.4,65.1,68.6,66.9,61.4,70.0,69.1,68.9,65.1,66.4,62.7,61.4,66.0,64.3,66.3,64.4
5696,71.7,69.5,70.1,69.8,72.0,72.9,73.2,71.6,72.1,72.1,73.9,71.9,73.9,71.4,72.8,72.9,72.1,68.5,73.3,74.2,72.3,71.6,73.8,70.1,69.9,72.0,73.7,71.4,70.9,73.1,72.2,72.4,68.0,69.6,69.5,69.1,72.8,68.6,70.0,68.0,70.5,72.5,68.0,70.6,71.1,70.0,67.5,72.4,74.8,67.3,70.4,67.8,70.7,69.6,66.9,67.1,69.0,72.7,66.3,69.0,66.8,63.0,68.3,72.2,63.9,67.1,65.0,72.1,73.4,73.8,68.2,68.2,69.7,74.2,73.0,67.7,73.5,72.6,72.1,68.7,70.0,66.3,67.5,69.3,67.3,69.6,67.8
5697,76.4,73.6,74.4,74.8,75.8,76.2,76.8,75.2,75.4,75.0,77.1,75.4,77.0,74.3,76.2,76.2,75.8,72.1,76.8,77.8,75.7,75.0,77.3,73.6,74.0,75.6,76.6,75.3,73.9,76.2,75.5,75.3,71.6,73.3,72.4,72.1,76.8,72.6,74.3,71.9,73.7,76.5,72.5,74.3,75.7,75.0,72.0,76.7,81.1,73.7,75.4,72.8,75.7,74.0,71.0,72.0,73.5,76.2,70.6,73.1,70.4,68.3,72.5,78.2,67.9,71.5,70.1,75.0,76.4,76.9,73.3,73.5,74.4,78.4,77.7,72.7,76.9,75.7,75.5,73.1,74.0,70.8,71.6,72.2,70.7,73.3,71.3
5698,80.6,77.6,77.8,79.1,79.0,79.1,79.8,78.7,78.0,77.6,80.0,78.4,79.7,76.9,79.2,78.9,79.2,75.5,79.6,80.5,78.6,78.0,80.3,76.8,77.9,79.0,79.2,78.5,76.7,78.7,78.6,77.8,74.8,76.4,75.4,75.1,80.0,76.6,78.2,75.5,76.8,79.3,76.6,77.5,79.7,78.5,76.4,80.5,85.4,78.6,79.0,78.1,80.0,77.7,75.3,75.8,77.4,79.8,74.4,76.2,74.2,73.3,76.0,82.7,72.4,75.4,74.7,77.6,79.0,79.7,77.4,77.8,78.6,81.4,81.4,77.3,79.7,78.5,78.2,77.1,77.8,75.2,74.5,74.7,73.8,76.5,74.4
5699,83.9,80.7,80.4,82.5,82.0,81.8,82.4,81.4,80.0,79.8,82.0,80.6,81.8,79.2,81.7,81.0,81.8,78.7,81.7,82.6,81.0,80.1,82.7,79.4,81.2,81.9,81.4,81.2,78.8,80.8,81.1,79.7,77.5,78.9,77.7,77.5,82.5,79.5,81.3,78.6,79.6,81.7,80.1,80.4,83.4,81.4,80.1,83.6,89.3,82.4,81.7,82.5,83.6,80.9,78.5,78.9,80.3,82.5,78.0,78.8,77.4,77.3,79.1,86.0,76.7,78.8,78.6,79.7,80.9,81.9,80.4,81.2,82.2,84.3,84.5,80.6,81.8,80.4,80.4,80.5,80.9,78.8,77.0,76.5,76.5,78.8,76.9
5700,86.7,82.9,82.3,85.2,84.3,83.9,84.5,83.6,81.7,81.6,83.6,82.2,83.4,80.9,83.6,82.3,83.7,81.4,83.1,84.1,83.1,81.7,84.4,81.3,83.8,84.2,83.0,83.0,80.5,82.4,83.0,81.2,79.5,80.9,79.7,79.5,84.5,81.9,83.9,81.0,82.1,83.6,82.8,83.3,86.4,83.4,83.1,85.6,92.0,85.3,83.1,85.9,86.3,83.2,80.8,81.2,82.2,84.9,80.9,80.9,80.6,80.5,81.9,88.4,80.6,81.2,82.3,81.4,82.2,83.2,82.6,84.0,84.9,86.6,87.2,82.8,83.1,81.7,82.2,83.1,83.3,81.9,79.7,77.9,78.5,80.5,78.8
5701,88.8,84.4,83.8,87.4,86.0,85.6,86.2,85.1,82.8,82.6,84.7,83.3,84.5,82.2,85.3,83.7,85.0,83.7,84.3,84.9,84.8,83.1,85.8,82.8,85.9,86.1,84.3,84.4,82.0,83.6,84.7,82.1,81.1,82.4,81.2,81.1,86.1,83.6,85.5,82.4,84.0,84.9,84.9,85.6,88.6,84.5,85.3,87.2,93.8,87.2,83.7,88.1,87.7,84.9,82.5,83.0,84.0,86.6,83.3,82.5,83.0,83.2,84.1,90.3,84.1,83.0,85.3,82.7,83.2,84.3,84.2,85.9,87.0,88.7,89.3,84.1,84.0,82.9,83.7,85.2,85.0,84.1,81.8,78.8,80.1,81.8,80.0
5702,89.9,85.0,84.6,88.9,87.2,86.8,87.3,86.1,83.6,83.7,85.2,84.0,85.1,83.2,86.1,84.5,86.1,85.3,84.7,85.4,85.7,83.9,86.8,83.9,87.4,87.4,85.2,85.4,82.9,84.5,85.8,82.6,82.2,83.4,82.3,82.1,87.2,83.9,86.9,82.9,85.5,85.3,86.7,87.0,89.9,84.2,86.4,88.0,94.7,88.2,84.2,89.3,88.5,85.9,83.6,84.1,85.0,87.5,85.3,83.6,84.5,85.4,85.8,91.8,86.8,84.3,87.4,83.6,84.0,85.1,84.5,87.5,88.1,89.9,91.0,85.0,84.4,83.5,84.5,86.8,86.1,85.4,83.1,79.0,81.5,82.7,81.1
5703,90.0,84.2,84.9,89.6,87.7,87.4,87.8,86.5,83.7,84.2,85.4,84.5,85.4,83.6,86.6,84.7,86.5,86.1,85.0,85.5,85.9,84.4,87.1,84.5,88.3,88.0,85.7,85.6,83.3,84.7,86.0,82.6,82.6,83.9,82.8,82.4,87.4,83.1,87.6,82.9,86.2,85.0,87.6,87.8,90.2,83.7,87.1,88.2,94.9,88.4,84.1,89.8,88.5,86.2,84.3,84.6,85.8,87.9,86.6,83.9,85.3,86.9,86.8,92.4,88.4,84.6,88.6,84.0,84.3,85.5,84.1,88.4,88.3,90.4,91.6,85.2,84.4,83.4,85.0,87.6,86.7,86.1,83.7,78.7,82.1,82.9,81.6
5704,89.1,82.7,84.2,89.9,87.4,87.4,87.8,86.2,83.3,84.0,84.7,84.2,85.1,83.4,86.6,84.4,86.3,86.1,84.8,84.8,85.8,84.0,87.1,84.3,88.2,87.9,85.5,85.4,83.1,84.5,85.8,82.4,82.6,83.6,82.9,82.4,86.8,81.7,87.5,82.1,85.6,83.7,87.6,87.9,89.4,82.6,86.7,87.7,94.2,88.0,84.0,89.2,87.6,85.5,84.4,84.6,85.8,88.0,87.1,83.8,85.2,87.8,86.9,92.1,89.0,84.2,88.4,83.9,84.0,85.1,83.4,88.4,87.7,90.1,91.6,84.4,83.8,83.2,84.8,87.5,86.8,86.2,83.6,77.8,82.1,82.9,81.4
5705,87.0,80.8,82.2,88.9,86.6,86.6,86.9,85.2,82.2,83.0,83.6,83.6,83.9,82.4,85.6,83.4,85.2,85.0,83.4,83.2,84.8,83.3,86.2,83.3,87.3,86.7,84.7,84.5,82.4,83.6,85.0,81.3,81.7,82.7,81.9,81.6,85.2,79.8,86.7,80.6,84.7,81.6,86.6,86.9,87.7,80.5,85.5,86.4,92.6,87.3,82.9,87.5,86.4,83.5,83.5,83.7,85.3,87.4,87.0,83.0,84.1,87.7,85.8,91.3,88.2,83.0,87.1,83.0,82.7,83.8,82.1,87.8,85.7,89.4,90.8,83.0,82.6,82.1,83.7,86.8,85.8,85.4,83.1,76.5,81.2,81.9,80.6
5706,83.1,77.6,77.8,87.0,85.0,84.7,84.9,83.1,79.9,80.9,81.0,81.8,81.3,80.7,83.7,81.3,82.7,82.0,80.8,80.1,82.6,81.0,84.2,81.1,85.2,84.5,83.1,82.2,80.3,81.5,83.1,78.8,79.9,80.7,80.4,79.8,81.8,76.3,85.0,77.7,82.8,77.4,84.7,84.8,83.8,77.0,83.0,83.7,88.8,85.2,81.2,84.7,84.3,79.0,82.3,81.3,84.1,85.7,86.1,80.5,81.7,86.4,82.9,88.3,85.6,79.7,83.5,81.2,80.5,81.3,79.7,85.6,82.4,88.0,87.7,81.2,79.8,79.6,81.5,84.9,83.9,83.3,81.3,74.3,79.5,79.8,78.5
5707,77.7,72.6,72.1,83.1,81.7,81.7,81.7,78.8,75.9,77.4,77.1,78.6,77.0,77.7,80.0,77.1,77.5,75.3,76.7,75.7,78.7,76.7,79.8,76.9,80.9,80.1,80.8,78.2,76.2,77.9,79.3,74.7,76.1,77.3,77.6,76.2,76.4,71.8,81.3,73.1,80.0,72.2,80.9,80.6,79.0,72.9,78.9,78.4,82.8,81.1,78.2,81.0,80.9,73.1,79.4,76.7,80.3,81.9,83.4,75.2,78.2,82.3,76.9,81.1,81.1,73.8,77.8,78.4,76.6,76.9,76.0,81.6,77.5,84.0,80.9,76.8,75.1,75.2,77.7,80.7,79.7,79.4,75.2,71.5,76.5,76.1,74.2
5708,74.9,69.8,69.4,78.8,78.5,78.9,79.0,75.2,73.6,75.2,74.6,75.5,74.6,75.5,76.8,74.7,73.7,71.0,74.2,73.4,75.4,73.8,76.7,73.7,75.9,75.9,78.7,75.2,73.0,75.3,76.0,72.4,72.3,74.3,74.8,72.6,73.9,69.2,77.3,70.0,77.5,69.8,76.2,76.3,76.3,70.1,75.8,74.5,80.0,75.4,74.9,78.3,76.9,70.6,75.6,73.0,76.1,78.1,79.1,72.0,74.9,75.3,72.0,77.3,77.0,69.6,73.6,76.4,74.0,74.2,72.8,76.6,74.4,79.6,76.9,72.6,72.8,72.9,74.9,75.7,75.4,74.9,67.7,69.6,73.3,73.2,70.2
5709,72.7,67.9,67.2,76.0,76.4,77.1,77.2,73.3,72.2,73.7,72.9,73.7,73.0,73.8,75.1,73.2,71.9,68.4,72.8,72.2,73.6,72.3,75.0,72.4,73.5,74.4,77.3,73.3,71.3,73.8,74.1,71.4,70.6,72.5,73.1,70.6,71.8,67.6,75.0,68.2,75.5,68.4,73.6,74.1,74.1,68.3,73.2,71.8,77.0,71.9,72.4,75.9,74.5,68.9,73.3,70.1,73.3,76.0,75.3,70.2,72.3,71.2,68.5,74.0,73.8,67.0,70.8,75.0,72.7,72.8,71.0,73.8,72.1,77.0,73.8,70.5,71.4,71.4,73.2,73.3,73.4,72.3,66.7,68.2,71.5,71.6,68.5
5710,71.0,66.8,65.7,74.0,74.7,75.7,75.8,72.0,71.2,72.6,71.9,72.5,71.9,72.5,73.9,72.1,70.6,66.3,71.6,71.1,72.2,71.0,73.6,71.1,71.9,73.1,75.9,71.9,70.1,72.6,72.9,70.5,69.3,71.0,71.7,69.5,70.1,66.1,73.3,66.5,74.0,67.0,71.8,72.6,72.3,66.7,70.9,69.4,73.8,70.2,70.6,73.6,72.7,67.5,72.0,67.2,71.9,74.4,72.5,68.5,70.3,69.2,65.9,71.5,71.7,65.2,68.2,73.7,71.5,71.9,69.5,72.0,69.8,75.3,70.9,68.6,70.4,70.2,72.1,71.7,72.1,70.5,66.3,67.2,70.0,70.2,67.0
5711,69.3,65.5,64.8,72.3,73.0,74.5,74.6,71.0,70.2,71.6,70.9,71.5,70.7,71.6,72.8,71.1,69.6,64.7,70.6,70.1,71.2,70.1,72.4,70.3,70.8,71.9,74.9,70.7,69.2,71.6,72.0,69.8,68.4,69.6,70.8,68.6,69.0,65.0,71.6,65.2,72.7,66.2,70.3,71.0,70.6,65.6,68.9,67.1,70.4,68.5,69.2,71.2,71.2,66.3,70.7,65.0,70.5,72.8,70.7,67.3,68.3,67.3,64.4,68.7,69.4,63.5,66.3,72.7,70.6,70.8,68.0,70.1,67.9,73.6,67.6,67.4,69.5,69.4,71.1,70.2,71.1,69.0,65.6,66.3,68.9,69.2,66.0
5712,67.8,64.7,63.8,70.8,71.8,73.3,73.2,70.0,69.4,70.7,70.0,70.5,69.9,70.6,71.8,70.2,69.0,62.9,69.7,69.3,70.3,69.2,71.5,69.6,69.6,70.8,74.0,69.9,68.2,70.6,71.0,69.1,67.4,68.6,69.9,67.8,67.9,64.0,70.6,63.7,71.4,65.4,68.8,69.6,69.2,64.5,67.3,65.1,66.8,66.7,68.0,68.7,69.8,65.3,69.2,63.1,69.2,71.5,69.0,66.0,66.4,65.6,63.1,66.1,67.2,61.9,64.2,71.8,69.7,70.0,66.8,68.6,66.2,72.1,65.6,65.7,68.8,68.6,70.2,69.1,69.9,67.8,64.9,65.5,67.6,68.2,65.2
5713,66.3,63.6,62.9,69.4,70.7,72.3,72.1,69.1,68.5,69.9,69.2,69.7,69.0,69.8,70.8,69.4,68.3,61.6,68.9,68.7,69.5,68.3,70.6,68.9,68.8,70.0,73.1,68.9,67.3,69.8,70.1,68.4,66.6,67.6,69.0,67.0,67.0,62.9,69.4,62.6,70.3,64.4,67.5,68.3,67.5,63.4,65.6,63.2,64.0,64.8,66.9,66.1,68.3,64.2,68.2,61.2,68.0,70.4,67.3,64.7,65.1,64.2,61.3,63.3,65.1,59.7,61.7,70.9,68.9,69.4,65.3,67.2,64.6,70.6,63.5,64.3,68.0,67.7,69.5,68.0,69.2,66.8,64.3,64.7,66.6,67.4,64.6
5714,64.8,62.7,61.9,68.5,70.0,71.2,71.2,68.5,67.8,69.1,68.3,69.0,68.4,69.0,70.1,68.9,67.6,60.0,68.2,68.0,68.7,67.6,69.7,68.1,67.6,69.1,72.4,68.3,66.7,69.2,69.4,67.7,65.7,67.1,68.2,66.2,66.1,61.9,68.6,61.2,69.1,63.8,66.6,67.2,65.9,62.4,64.1,61.8,61.5,62.8,65.8,64.2,67.0,63.2,67.0,59.6,66.8,69.3,65.9,62.9,63.7,62.7,59.6,61.2,62.9,58.0,59.8,70.3,68.2,68.8,63.9,66.0,63.2,69.0,61.4,62.6,67.4,67.0,68.8,67.3,68.2,65.6,63.2,64.0,65.7,66.6,63.9
5715,63.5,61.7,61.1,67.4,69.3,70.5,70.3,67.6,67.2,68.5,67.7,68.2,67.8,68.4,69.3,68.3,67.2,58.8,67.6,67.3,68.1,66.9,69.1,67.3,67.0,68.4,71.7,67.7,65.9,68.6,68.6,67.2,65.1,66.3,67.5,65.5,65.4,61.0,67.9,59.8,68.1,63.0,65.6,65.9,64.6,61.4,62.6,60.4,59.4,61.3,64.9,62.6,65.7,62.2,65.9,58.3,65.8,68.5,64.5,61.8,62.5,61.4,58.3,58.5,61.5,56.1,57.7,69.5,67.6,68.0,62.7,65.1,61.9,67.8,59.6,61.4,67.0,66.4,68.2,66.4,67.5,64.7,62.5,63.3,65.0,66.0,63.2
5716,62.3,60.8,60.3,66.6,68.7,69.8,69.5,67.0,66.6,68.0,67.1,67.6,67.3,67.7,68.7,67.7,66.6,57.5,67.0,66.7,67.6,66.5,68.5,66.6,66.2,67.7,70.9,66.9,65.5,68.0,68.0,66.8,64.2,65.5,66.8,65.0,64.7,60.1,67.1,58.5,67.2,62.5,64.8,64.7,63.5,60.4,61.6,59.2,58.0,60.1,63.9,61.0,64.1,61.3,64.8,57.0,64.9,67.7,63.1,60.8,61.2,60.1,57.3,56.7,59.9,54.6,55.9,68.9,67.1,67.3,61.5,64.1,60.8,66.6,58.3,59.9,66.5,65.8,67.6,65.5,66.7,63.6,61.3,62.7,64.3,65.4,62.8
5717,61.2,60.0,59.7,65.8,68.0,69.4,69.1,66.4,66.0,67.5,66.6,67.0,66.7,67.3,68.1,67.3,66.1,56.3,66.5,66.3,67.0,66.0,68.1,66.0,65.6,67.1,70.3,66.3,64.9,67.5,67.5,66.3,63.6,64.9,66.3,64.4,64.0,59.4,66.4,57.5,66.3,61.9,64.0,63.8,62.3,59.5,60.5,58.2,56.4,59.0,63.2,59.9,62.9,60.5,63.9,55.9,63.9,67.1,62.0,59.4,59.9,58.8,56.3,55.0,58.8,53.6,54.4,68.2,66.5,66.7,60.5,63.3,60.1,65.4,57.2,58.6,66.1,65.4,67.1,64.7,66.0,62.7,59.9,62.2,63.7,64.8,62.3
5718,61.6,60.4,60.3,64.8,67.3,68.9,68.6,66.0,65.9,67.3,66.8,66.8,66.8,66.8,67.7,67.0,65.7,57.3,66.5,67.0,66.6,65.8,67.7,65.4,65.0,66.6,69.9,65.9,65.0,67.2,67.1,66.2,63.2,64.4,65.9,64.1,64.2,59.3,65.7,57.2,65.7,62.7,63.4,62.7,62.5,59.5,59.8,59.0,55.9,58.0,62.4,59.5,62.0,61.2,62.9,56.5,63.1,66.6,60.8,59.7,60.6,57.3,56.5,55.0,58.0,54.1,52.9,67.8,66.4,66.8,59.6,62.5,60.1,64.7,57.9,57.5,66.4,65.6,66.8,64.1,65.2,61.7,58.9,63.0,63.3,64.5,62.1
5719,66.7,64.8,64.8,65.3,68.7,69.8,69.9,68.1,68.4,69.2,70.4,68.7,70.2,68.3,69.1,69.2,68.2,63.6,69.5,70.2,68.6,68.0,70.0,66.7,65.9,68.2,71.2,67.6,67.7,69.5,68.9,69.1,64.6,66.2,66.9,66.2,68.3,63.7,65.9,62.5,67.5,67.4,64.1,66.1,66.5,64.3,63.4,66.0,66.6,60.4,64.4,62.8,65.3,65.3,63.8,61.4,64.8,68.6,61.6,64.3,63.4,57.8,62.5,63.6,60.2,60.6,58.8,69.3,69.5,70.3,62.8,63.1,64.9,68.5,66.5,61.1,69.9,68.9,68.7,65.0,66.3,62.6,61.0,65.9,64.2,66.1,64.2
5720,71.7,69.5,70.0,69.7,71.9,72.8,73.1,71.4,72.0,72.0,73.8,71.7,73.7,71.2,72.7,72.7,72.0,68.1,73.2,74.1,72.1,71.5,73.6,70.1,69.8,71.9,73.6,71.3,70.7,72.9,72.1,72.2,68.0,69.4,69.4,69.0,72.7,68.5,69.9,67.8,70.3,72.3,68.0,70.4,71.1,69.9,67.2,72.3,74.7,67.1,70.2,67.5,70.4,69.6,66.7,66.7,68.8,72.4,65.8,68.6,66.4,62.5,67.9,71.9,63.6,66.7,64.7,72.0,73.2,73.6,68.0,68.1,69.6,74.1,72.8,67.5,73.4,72.5,72.0,68.6,70.0,66.2,67.1,69.2,67.2,69.5,67.6
5721,76.4,73.6,74.3,74.8,75.8,76.1,76.7,75.1,75.4,74.9,77.0,75.3,76.9,74.2,76.2,76.0,75.7,71.7,76.8,77.8,75.5,74.9,77.2,73.5,73.9,75.6,76.5,75.2,73.7,76.1,75.3,75.1,71.5,73.1,72.2,71.9,76.8,72.6,74.2,71.7,73.6,76.3,72.4,74.2,75.7,74.9,71.8,76.5,81.0,73.6,75.3,72.6,75.4,74.0,70.9,71.7,73.4,76.0,70.1,72.8,70.0,67.9,72.1,78.0,67.6,71.1,69.8,74.8,76.2,76.8,73.1,73.4,74.3,78.3,77.5,72.6,76.9,75.7,75.3,73.1,74.0,70.7,71.2,72.1,70.6,73.1,71.0
5722,80.5,77.6,77.7,79.1,79.0,79.1,79.8,78.7,78.0,77.5,80.0,78.2,79.7,76.8,79.2,78.8,79.0,75.1,79.6,80.6,78.6,78.0,80.1,76.7,77.8,79.1,79.1,78.5,76.5,78.6,78.5,77.7,74.7,76.3,75.2,75.0,79.9,76.5,78.1,75.3,76.7,79.2,76.6,77.4,79.7,78.3,76.2,80.4,85.3,78.5,78.9,78.0,79.7,77.8,75.2,75.5,77.3,79.6,74.0,75.9,73.8,72.7,75.7,82.5,72.1,75.0,74.3,77.4,78.8,79.7,77.2,77.7,78.6,81.3,81.2,77.2,79.7,78.5,78.1,77.1,77.7,75.1,74.1,74.6,73.7,76.3,74.2
5723,84.0,80.6,80.4,82.5,82.0,81.8,82.5,81.4,79.9,79.6,82.0,80.5,81.8,79.1,81.7,80.9,81.7,78.4,81.7,82.6,81.0,80.0,82.6,79.3,81.1,82.0,81.2,81.2,78.7,80.7,81.1,79.6,77.4,78.7,77.5,77.4,82.4,79.4,81.2,78.4,79.4,81.6,80.1,80.4,83.5,81.2,79.9,83.4,89.2,82.3,81.7,82.4,83.5,80.9,78.5,78.6,80.2,82.4,77.6,78.5,76.9,76.8,78.8,85.8,76.4,78.4,78.3,79.5,80.7,81.9,80.3,81.1,82.1,84.3,84.3,80.6,81.8,80.4,80.3,80.5,80.8,78.8,76.7,76.4,76.4,78.6,76.7
5724,86.8,82.9,82.3,85.2,84.3,84.0,84.6,83.6,81.6,81.4,83.5,82.1,83.4,80.8,83.7,82.2,83.7,81.1,83.1,84.2,83.0,81.7,84.4,81.2,83.8,84.3,82.9,83.1,80.4,82.3,82.9,81.0,79.4,80.7,79.5,79.3,84.4,81.9,83.7,80.8,81.9,83.4,82.8,83.2,86.4,83.3,82.9,85.5,91.9,85.3,83.1,85.9,86.2,83.3,80.7,80.9,82.2,84.8,80.5,80.6,80.1,80.1,81.6,88.3,80.3,80.8,82.0,81.3,82.1,83.2,82.5,83.9,84.8,86.5,87.0,82.8,83.0,81.8,82.2,83.1,83.3,81.8,79.4,77.7,78.4,80.3,78.6
5725,88.8,84.4,83.7,87.3,86.0,85.6,86.3,85.0,82.8,82.5,84.7,83.2,84.4,82.2,85.3,83.5,84.9,83.3,84.3,85.0,84.7,83.1,85.7,82.8,85.8,86.2,84.1,84.4,81.9,83.5,84.6,82.0,81.0,82.2,81.1,81.0,86.1,83.5,85.4,82.3,83.8,84.7,85.0,85.5,88.6,84.4,85.0,87.0,93.8,87.3,83.8,88.1,87.6,85.0,82.4,82.7,83.9,86.4,82.9,82.1,82.6,82.8,83.8,90.1,83.8,82.7,85.0,82.7,83.1,84.3,84.0,85.8,86.9,88.6,89.1,84.1,83.9,83.0,83.6,85.2,85.0,84.0,81.5,78.7,79.9,81.6,79.9
5726,89.8,85.0,84.4,88.8,87.2,86.8,87.3,86.0,83.5,83.6,85.1,83.9,85.0,83.1,86.1,84.4,86.1,84.9,84.7,85.5,85.7,83.9,86.7,83.9,87.3,87.3,85.1,85.4,82.7,84.5,85.7,82.5,82.0,83.1,82.1,81.9,87.1,83.9,86.8,82.7,85.3,85.2,86.6,86.9,89.9,84.1,86.3,87.9,94.5,88.1,84.2,89.3,88.4,86.1,83.4,83.7,84.9,87.4,85.0,83.2,84.1,85.0,85.4,91.6,86.5,83.9,87.1,83.6,83.9,85.1,84.3,87.4,88.0,89.9,90.8,84.9,84.4,83.5,84.4,86.8,86.2,85.3,82.8,78.9,81.3,82.5,80.9
5727,89.9,84.3,84.8,89.5,87.6,87.4,87.8,86.5,83.7,84.1,85.3,84.4,85.4,83.5,86.7,84.7,86.4,85.6,85.0,85.4,85.9,84.4,87.2,84.6,88.2,87.9,85.6,85.7,83.2,84.7,85.9,82.6,82.5,83.8,82.6,82.4,87.2,83.2,87.4,82.8,85.9,84.8,87.5,87.8,90.0,83.6,87.0,88.1,94.7,88.4,84.1,89.7,88.4,86.3,84.2,84.2,85.7,87.8,86.4,83.6,84.9,86.7,86.4,92.2,88.1,84.3,88.3,83.8,84.3,85.5,84.0,88.2,88.2,90.4,91.4,85.1,84.5,83.5,84.9,87.5,86.7,86.1,83.4,78.5,82.0,82.8,81.5
5728,89.0,82.9,84.1,89.8,87.5,87.4,87.8,86.2,83.3,83.9,84.7,84.2,85.0,83.3,86.5,84.4,86.2,85.7,84.7,84.8,85.7,84.0,87.0,84.3,88.1,87.8,85.4,85.4,83.0,84.5,85.8,82.3,82.5,83.5,82.7,82.3,86.6,81.9,87.3,81.9,85.5,83.7,87.6,87.8,89.3,82.6,86.7,87.6,94.0,88.0,84.0,89.1,87.3,85.6,84.2,84.2,85.7,87.8,86.9,83.4,84.9,87.6,86.5,91.9,88.7,83.8,88.2,83.8,84.0,85.1,83.2,88.3,87.7,90.2,91.5,84.3,83.8,83.2,84.6,87.5,86.7,86.2,83.4,77.7,82.0,82.8,81.3
5729,86.9,81.1,82.1,88.9,86.7,86.6,86.9,85.2,82.2,82.9,83.6,83.6,83.9,82.3,85.5,83.3,85.1,84.6,83.4,83.2,84.7,83.2,86.1,83.2,87.2,86.7,84.6,84.5,82.3,83.5,85.0,81.2,81.6,82.6,81.8,81.5,85.0,80.0,86.5,80.5,84.5,81.6,86.7,86.8,87.7,80.4,85.3,86.3,92.4,87.1,82.9,87.4,86.2,83.5,83.3,83.3,85.1,87.2,86.9,82.5,83.7,87.6,85.3,91.0,87.9,82.6,86.8,82.8,82.7,83.7,81.9,87.6,85.6,89.4,90.6,82.9,82.5,82.1,83.6,86.6,85.8,85.4,82.9,76.4,81.1,81.7,80.4
5730,83.1,77.8,77.7,86.9,84.9,84.7,84.9,83.1,79.8,80.8,80.9,81.7,81.2,80.6,83.6,81.1,82.6,81.5,80.7,80.0,82.6,80.9,84.1,81.0,85.1,84.4,83.0,82.2,80.2,81.4,83.0,78.8,79.7,80.6,80.2,79.6,81.5,76.4,84.8,77.5,82.6,77.3,84.7,84.7,83.8,76.9,82.8,83.5,88.5,85.1,81.2,84.6,84.1,78.9,82.2,80.9,83.9,85.5,86.0,80.0,81.3,86.3,82.4,88.0,85.3,79.3,83.2,81.1,80.5,81.2,79.5,85.6,82.3,87.9,87.4,81.1,79.8,79.5,81.4,84.8,83.7,83.2,81.1,74.2,79.3,79.6,78.3
5731,77.7,72.7,71.9,83.0,81.6,81.6,81.6,78.6,75.8,77.2,77.0,78.4,76.8,77.6,79.8,76.9,77.3,74.6,76.5,75.6,78.6,76.5,79.6,76.7,80.7,79.9,80.7,78.2,76.0,77.7,79.2,74.6,75.8,77.1,77.2,76.0,76.2,71.9,81.2,72.9,79.8,72.0,80.8,80.4,79.0,72.7,78.8,78.1,82.5,80.9,78.1,80.9,80.5,72.9,79.2,76.3,80.1,81.7,83.2,74.7,77.8,82.0,76.5,80.8,80.7,73.3,77.5,78.3,76.5,76.7,75.7,81.6,77.6,83.9,80.6,76.7,75.0,75.0,77.5,80.6,79.5,79.2,74.7,71.4,76.2,75.9,73.9
5732,74.9,69.8,69.2,78.7,78.4,78.8,78.9,75.0,73.5,75.1,74.6,75.4,74.4,75.4,76.7,74.5,73.6,70.3,74.1,73.2,75.4,73.7,76.6,73.5,75.7,75.7,78.6,75.2,72.9,75.2,75.9,72.3,72.1,74.1,74.5,72.4,73.6,69.3,77.1,69.9,77.3,69.6,76.2,76.1,76.3,70.0,75.7,74.3,79.7,75.2,74.9,78.2,76.6,70.5,75.4,72.6,75.8,77.9,78.9,71.7,74.6,74.9,71.5,76.8,76.6,69.2,73.3,76.2,73.8,74.1,72.6,76.4,74.4,79.5,76.7,72.6,72.7,72.7,74.8,75.6,75.3,74.7,67.4,69.6,73.0,73.1,70.0
5733,72.7,67.9,67.1,75.8,76.3,77.0,77.1,73.1,72.1,73.6,72.9,73.6,72.8,73.8,75.0,73.0,71.7,67.9,72.7,72.0,73.5,72.2,74.9,72.4,73.5,74.3,77.2,73.3,71.2,73.6,74.0,71.2,70.3,72.2,72.8,70.5,71.6,67.6,74.8,68.1,75.3,68.3,73.6,73.9,74.0,68.2,73.2,71.7,76.6,71.8,72.3,75.8,74.1,68.7,73.1,69.6,72.9,75.7,75.0,69.8,71.9,70.8,68.2,73.9,73.5,66.7,70.5,74.9,72.4,72.7,70.9,73.7,72.0,76.8,73.5,70.3,71.3,71.2,73.1,73.2,73.3,72.1,66.5,68.1,71.2,71.4,68.2
5734,70.9,66.8,65.6,73.8,74.7,75.6,75.7,71.8,71.0,72.4,71.8,72.4,71.6,72.4,73.8,71.9,70.4,65.9,71.5,71.0,72.1,70.9,73.5,71.1,71.8,73.0,75.8,71.8,69.9,72.4,72.8,70.3,69.0,70.7,71.5,69.4,70.0,66.1,73.1,66.5,74.0,66.9,71.7,72.5,72.3,66.5,70.7,69.3,73.4,70.1,70.5,73.6,72.4,67.3,71.8,66.8,71.6,74.1,72.3,68.2,69.8,68.8,65.5,71.1,71.3,64.8,67.8,73.6,71.3,71.7,69.3,71.8,69.7,75.1,70.7,68.5,70.3,70.1,71.9,71.5,72.1,70.3,66.1,67.1,69.7,70.1,66.7
5735,69.2,65.3,64.7,72.1,72.9,74.4,74.4,70.8,70.0,71.4,70.8,71.3,70.4,71.4,72.7,71.0,69.5,64.3,70.4,69.9,71.1,70.1,72.2,70.2,70.7,71.8,74.7,70.6,69.0,71.4,71.8,69.7,68.2,69.3,70.5,68.5,68.8,64.9,71.5,65.1,72.7,66.1,70.2,70.8,70.6,65.5,68.7,67.0,70.2,68.3,69.0,71.0,70.9,66.2,70.5,64.5,70.3,72.5,70.5,67.0,67.8,67.0,63.9,68.2,69.0,63.1,66.0,72.5,70.3,70.7,67.8,69.9,67.8,73.4,67.5,67.2,69.4,69.2,71.0,70.1,71.0,68.9,65.4,66.2,68.6,69.1,65.7
5736,67.7,64.5,63.6,70.7,71.7,73.2,73.1,69.8,69.3,70.6,69.9,70.3,69.6,70.4,71.6,70.0,68.9,62.6,69.5,69.1,70.1,69.2,71.4,69.5,69.5,70.7,73.9,69.8,68.1,70.4,70.9,68.9,67.2,68.3,69.6,67.6,67.7,63.9,70.4,63.6,71.3,65.3,68.7,69.4,69.1,64.4,67.1,65.0,66.6,66.4,67.9,68.5,69.6,65.1,69.1,62.6,69.1,71.3,68.7,65.7,66.0,65.3,62.6,65.8,66.9,61.5,63.9,71.6,69.4,69.8,66.5,68.4,66.1,71.8,65.5,65.6,68.6,68.3,70.1,68.9,69.8,67.6,64.7,65.4,67.4,68.1,64.9
5737,66.2,63.4,62.7,69.3,70.6,72.2,71.9,68.9,68.4,69.9,69.1,69.5,68.8,69.6,70.6,69.3,68.1,61.2,68.8,68.5,69.3,68.3,70.5,68.8,68.6,69.9,73.0,68.8,67.2,69.7,70.0,68.3,66.4,67.5,68.7,66.8,66.8,62.8,69.2,62.5,70.2,64.3,67.4,68.1,67.4,63.3,65.5,63.1,63.8,64.6,66.8,66.0,68.0,64.1,68.0,60.7,67.8,70.2,67.1,64.4,64.6,63.9,60.8,63.3,64.7,59.4,61.4,70.8,68.7,69.2,65.0,67.0,64.4,70.1,63.4,64.1,67.8,67.6,69.3,67.9,69.1,66.6,64.2,64.7,66.4,67.3,64.3
5738,64.7,62.5,61.7,68.2,69.8,71.1,71.1,68.3,67.6,69.0,68.2,68.8,68.2,68.9,69.9,68.7,67.5,59.6,68.0,67.8,68.6,67.5,69.6,68.0,67.4,69.0,72.3,68.2,66.5,69.1,69.3,67.6,65.5,66.9,67.9,66.0,65.9,61.8,68.4,61.1,69.1,63.6,66.4,67.0,65.8,62.3,64.0,61.7,61.4,62.7,65.8,64.1,66.7,63.0,66.8,59.3,66.6,69.0,65.7,62.7,63.3,62.7,59.2,61.0,62.6,57.7,59.5,70.2,68.0,68.5,63.7,65.7,63.0,68.7,61.2,62.3,67.2,66.8,68.7,67.1,68.1,65.5,63.1,64.0,65.5,66.5,63.7
5739,63.4,61.6,60.9,67.1,69.2,70.3,70.2,67.4,67.0,68.5,67.5,68.0,67.5,68.2,69.1,68.1,67.0,58.4,67.4,67.1,68.0,66.9,69.0,67.2,66.7,68.3,71.6,67.5,65.8,68.5,68.5,67.1,64.9,66.0,67.2,65.4,65.2,60.9,67.6,59.7,68.0,62.8,65.5,65.8,64.5,61.3,62.5,60.3,59.3,61.1,64.9,62.4,65.4,62.1,65.7,58.0,65.5,68.2,64.2,61.5,62.0,61.3,57.9,58.2,61.2,55.7,57.5,69.4,67.4,67.8,62.5,64.8,61.6,67.4,59.5,61.2,66.8,66.2,68.0,66.3,67.3,64.6,62.4,63.3,64.8,65.9,63.0
5740,62.1,60.7,60.1,66.4,68.5,69.7,69.4,66.8,66.4,67.9,66.9,67.4,67.0,67.6,68.5,67.5,66.4,57.1,66.8,66.5,67.4,66.3,68.4,66.5,66.0,67.5,70.8,66.7,65.3,67.9,67.9,66.6,64.0,65.3,66.6,64.8,64.5,60.0,66.9,58.3,67.1,62.4,64.6,64.7,63.4,60.3,61.5,59.2,57.9,60.0,63.9,60.9,63.8,61.1,64.6,56.7,64.7,67.5,63.0,60.6,60.8,59.9,56.9,56.4,59.6,54.3,55.6,68.8,66.9,67.1,61.3,63.9,60.7,66.4,58.1,59.6,66.3,65.6,67.4,65.3,66.4,63.5,61.2,62.7,64.1,65.3,62.5
5741,61.0,59.9,59.5,65.5,67.9,69.2,69.0,66.2,65.9,67.5,66.4,66.8,66.5,67.2,67.9,67.0,65.9,55.8,66.3,66.1,66.8,65.9,68.0,65.9,65.5,66.9,70.2,66.1,64.8,67.3,67.3,66.1,63.4,64.7,66.1,64.2,63.8,59.3,66.1,57.4,66.2,61.8,63.8,63.7,62.2,59.4,60.4,58.1,56.4,58.8,63.1,59.7,62.7,60.3,63.6,55.5,63.7,66.9,61.8,59.2,59.5,58.5,55.9,54.9,58.5,53.3,54.1,68.2,66.3,66.5,60.2,63.1,59.9,65.3,57.1,58.5,65.9,65.1,66.9,64.5,65.8,62.5,59.8,62.3,63.5,64.6,62.0
5742,61.4,60.2,60.0,64.5,67.2,68.8,68.4,65.9,65.7,67.2,66.6,66.6,66.6,66.7,67.4,66.7,65.6,56.8,66.2,66.7,66.4,65.7,67.6,65.2,64.8,66.5,69.8,65.7,64.9,67.1,66.9,66.0,62.9,64.1,65.6,63.9,64.0,59.2,65.4,57.0,65.6,62.5,63.2,62.6,62.3,59.3,59.7,58.9,55.8,57.7,62.3,59.4,61.8,60.9,62.7,56.1,62.9,66.3,60.6,59.4,60.1,57.1,56.0,54.8,57.7,53.8,52.6,67.7,66.2,66.5,59.3,62.3,59.8,64.4,57.6,57.3,66.2,65.4,66.6,63.9,65.0,61.6,58.8,63.0,63.1,64.3,61.8
5743,66.5,64.7,64.6,64.9,68.5,69.7,69.8,67.9,68.2,69.0,70.2,68.5,70.0,68.1,68.9,68.9,68.0,63.2,69.3,70.1,68.4,67.9,69.8,66.5,65.7,68.0,71.1,67.4,67.5,69.4,68.7,69.0,64.4,65.9,66.7,65.9,68.2,63.7,65.6,62.4,67.4,67.3,63.9,66.0,66.4,64.1,63.3,65.8,66.4,60.2,64.2,62.7,65.0,65.0,63.6,61.0,64.5,68.3,61.2,64.0,63.0,57.4,62.0,63.3,59.8,60.2,58.4,69.1,69.4,70.0,62.5,62.9,64.6,68.2,66.2,60.8,69.7,68.7,68.5,64.8,66.1,62.3,60.7,65.8,64.0,65.9,64.0
5744,71.6,69.3,69.8,69.5,71.7,72.7,73.0,71.3,71.8,71.9,73.7,71.5,73.5,71.1,72.5,72.5,71.8,67.7,73.0,74.0,72.0,71.4,73.4,69.9,69.7,71.7,73.5,71.2,70.5,72.8,71.9,72.1,67.7,69.2,69.2,68.8,72.7,68.4,69.7,67.7,70.2,72.3,67.8,70.3,70.9,69.8,67.1,72.1,74.6,66.8,70.0,67.3,70.2,69.4,66.5,66.4,68.6,72.2,65.5,68.4,66.1,62.2,67.5,71.7,63.2,66.3,64.3,71.9,73.1,73.5,67.7,67.9,69.4,73.8,72.6,67.2,73.3,72.3,71.8,68.4,69.8,66.0,66.8,69.1,67.0,69.3,67.4
5745,76.2,73.5,74.0,74.7,75.6,76.0,76.6,75.0,75.3,74.8,76.9,75.2,76.8,74.1,76.1,75.9,75.5,71.4,76.7,77.7,75.4,74.8,77.0,73.4,73.8,75.5,76.3,75.1,73.5,76.0,75.2,75.1,71.3,72.9,72.1,71.9,76.8,72.5,74.1,71.7,73.5,76.3,72.3,74.1,75.5,74.8,71.7,76.4,80.9,73.3,75.1,72.4,75.1,73.8,70.7,71.4,73.1,75.8,69.8,72.5,69.7,67.6,71.7,77.8,67.2,70.8,69.5,74.8,76.2,76.8,72.9,73.3,74.2,78.1,77.3,72.2,76.8,75.6,75.2,72.9,73.9,70.5,70.9,72.1,70.4,72.9,70.8
5746,80.4,77.5,77.5,79.0,78.8,79.0,79.8,78.6,77.9,77.4,79.9,78.1,79.6,76.7,79.1,78.7,78.9,74.8,79.5,80.5,78.4,77.9,80.0,76.6,77.8,79.0,79.0,78.4,76.4,78.5,78.5,77.7,74.5,76.0,75.1,75.0,79.8,76.4,78.1,75.2,76.6,79.2,76.5,77.3,79.6,78.3,76.1,80.2,85.2,78.3,78.8,77.9,79.4,77.6,75.0,75.3,77.1,79.4,73.7,75.6,73.5,72.5,75.4,82.3,71.7,74.6,74.0,77.4,78.8,79.6,77.1,77.6,78.5,81.2,81.0,76.8,79.6,78.5,77.9,76.9,77.5,74.9,73.7,74.5,73.5,76.1,74.0
5747,83.9,80.6,80.3,82.5,81.8,81.8,82.4,81.3,79.9,79.6,82.0,80.4,81.8,79.0,81.7,80.8,81.6,78.0,81.7,82.6,81.0,79.9,82.4,79.2,81.1,81.9,81.1,81.1,78.7,80.6,81.1,79.6,77.2,78.5,77.4,77.4,82.4,79.3,81.2,78.3,79.4,81.6,80.0,80.3,83.3,81.2,79.8,83.3,88.9,82.1,81.6,82.3,83.2,80.7,78.4,78.4,80.1,82.3,77.4,78.3,76.7,76.6,78.5,85.6,76.0,78.1,77.9,79.5,80.8,81.9,80.1,81.1,82.1,84.1,84.1,80.3,81.7,80.5,80.2,80.3,80.7,78.6,76.3,76.3,76.1,78.5,76.6
5748,86.6,82.8,82.2,85.2,84.1,83.9,84.6,83.4,81.6,81.3,83.6,82.0,83.4,80.7,83.6,82.2,83.6,80.8,83.2,84.2,82.9,81.6,84.3,81.1,83.8,84.2,82.8,83.0,80.4,82.3,82.9,81.1,79.2,80.6,79.4,79.4,84.3,81.9,83.7,80.7,81.9,83.5,82.8,83.1,86.3,83.2,82.8,85.4,91.7,85.1,82.9,85.7,85.8,83.1,80.6,80.7,82.0,84.6,80.2,80.3,79.9,79.8,81.3,88.1,79.9,80.6,81.6,81.2,82.2,83.3,82.3,83.9,84.8,86.5,86.8,82.5,83.0,81.8,82.1,83.0,83.1,81.6,79.1,77.7,78.1,80.3,78.5
5749,88.7,84.4,83.6,87.4,85.8,85.6,86.3,84.9,82.7,82.5,84.8,83.2,84.5,82.1,85.2,83.5,84.8,82.9,84.4,85.1,84.6,82.9,85.6,82.6,85.9,86.0,84.0,84.3,81.9,83.4,84.5,82.1,80.9,82.1,80.9,80.9,86.0,83.4,85.4,82.2,83.7,84.8,85.0,85.4,88.5,84.4,84.9,86.8,93.5,87.1,83.6,87.9,87.4,84.9,82.2,82.4,83.8,86.3,82.6,81.9,82.4,82.5,83.5,89.8,83.4,82.3,84.7,82.6,83.3,84.5,83.9,85.8,86.9,88.5,88.9,83.9,83.9,83.1,83.4,85.1,84.7,83.8,81.1,78.6,79.8,81.6,79.8
5750,89.8,84.9,84.4,88.8,87.0,86.8,87.2,85.9,83.5,83.6,85.3,83.9,85.1,83.0,86.1,84.4,85.9,84.6,84.8,85.6,85.5,83.9,86.6,83.8,87.3,87.3,85.0,85.3,82.7,84.3,85.5,82.7,81.9,83.0,82.0,81.9,87.0,83.8,86.7,82.5,85.2,85.3,86.7,86.8,89.7,84.1,86.1,87.7,94.2,88.0,84.0,89.0,88.2,85.9,83.3,83.5,84.8,87.3,84.7,82.9,84.0,84.8,85.1,91.4,86.0,83.5,86.8,83.5,83.9,85.2,84.2,87.4,88.1,89.8,90.5,84.7,84.5,83.7,84.3,86.6,86.0,85.2,82.4,78.8,81.2,82.5,80.7
5751,89.8,84.1,84.7,89.5,87.4,87.4,87.8,86.3,83.7,84.0,85.4,84.5,85.4,83.3,86.6,84.6,86.3,85.3,85.1,85.5,85.8,84.4,87.0,84.5,88.2,87.8,85.5,85.6,83.1,84.6,85.9,82.7,82.4,83.6,82.5,82.4,87.2,83.1,87.4,82.7,85.8,84.9,87.6,87.6,90.0,83.6,86.8,87.8,94.4,88.2,84.0,89.4,88.2,86.2,84.1,84.0,85.6,87.7,86.0,83.3,84.7,86.5,86.0,91.9,87.7,84.0,88.0,83.8,84.3,85.5,83.8,88.3,88.2,90.3,91.1,84.8,84.6,83.6,84.8,87.3,86.5,86.0,83.0,78.5,81.9,82.8,81.3
5752,89.0,82.8,84.1,89.7,87.3,87.4,87.8,86.1,83.4,83.8,84.8,84.3,85.1,83.2,86.5,84.3,86.2,85.4,84.8,84.9,85.6,84.0,86.9,84.2,88.0,87.7,85.3,85.3,82.9,84.4,85.7,82.5,82.4,83.4,82.5,82.3,86.5,81.7,87.3,81.9,85.4,83.7,87.6,87.7,89.2,82.7,86.3,87.3,93.7,87.8,83.7,88.7,87.1,85.5,84.1,83.9,85.5,87.7,86.6,83.2,84.7,87.3,86.2,91.5,88.2,83.5,87.9,83.7,84.0,85.1,83.2,88.3,87.6,90.1,91.0,83.9,83.9,83.3,84.5,87.3,86.5,86.0,83.0,77.7,81.8,82.7,81.1
5753,86.7,80.9,82.1,88.9,86.5,86.6,86.8,85.0,82.3,82.8,83.6,83.6,83.9,82.1,85.4,83.2,85.0,84.2,83.4,83.2,84.6,83.2,85.9,83.1,87.1,86.5,84.4,84.3,82.3,83.4,84.9,81.3,81.5,82.4,81.6,81.4,84.8,79.7,86.5,80.4,84.3,81.6,86.7,86.6,87.6,80.4,85.1,86.0,92.1,86.9,82.7,87.0,86.0,83.4,83.2,83.0,84.9,87.0,86.5,82.2,83.5,87.3,84.9,90.6,87.5,82.3,86.5,82.8,82.7,83.8,81.8,87.7,85.5,89.3,90.2,82.5,82.6,82.1,83.5,86.4,85.6,85.2,82.5,76.4,81.0,81.6,80.3
5754,82.9,77.6,77.5,86.9,84.7,84.6,84.8,82.9,79.8,80.6,80.9,81.8,81.1,80.4,83.4,81.0,82.5,81.1,80.7,80.0,82.4,80.9,83.8,80.9,85.0,84.2,82.8,82.0,80.1,81.3,82.9,78.8,79.6,80.4,80.0,79.5,81.4,76.2,84.8,77.2,82.5,77.1,84.7,84.4,83.7,76.8,82.6,83.2,88.1,84.8,81.0,84.3,83.8,78.7,81.9,80.5,83.6,85.3,85.5,79.6,81.0,85.9,81.9,87.4,84.9,78.8,82.8,81.0,80.4,81.2,79.2,85.6,82.1,87.8,86.9,80.7,79.7,79.4,81.2,84.4,83.5,83.1,80.6,74.1,79.2,79.5,78.1
5755,77.5,72.5,71.8,82.9,81.4,81.5,81.4,78.3,75.6,77.0,76.8,78.3,76.6,77.4,79.6,76.8,77.0,74.3,76.3,75.4,78.3,76.4,79.4,76.4,80.6,79.7,80.5,77.9,75.8,77.6,78.9,74.5,75.6,76.8,77.0,75.9,76.1,71.7,81.1,72.8,79.6,71.9,80.8,80.2,78.8,72.7,78.4,77.8,82.1,80.5,77.9,80.6,80.2,72.8,78.9,75.9,79.7,81.3,82.6,74.2,77.6,81.6,75.9,80.2,80.3,72.7,77.0,78.1,76.3,76.6,75.4,81.5,77.4,83.7,80.1,76.3,74.8,74.9,77.2,80.3,79.1,79.0,74.1,71.4,76.0,75.7,73.6
5756,74.8,69.6,69.1,78.6,78.3,78.6,78.8,74.8,73.3,74.8,74.4,75.3,74.2,75.2,76.5,74.4,73.3,69.9,73.9,73.1,75.1,73.6,76.5,73.3,75.6,75.6,78.5,74.9,72.7,75.1,75.6,72.2,71.9,73.8,74.3,72.2,73.5,69.1,77.0,69.8,77.2,69.5,76.1,75.9,76.2,70.0,75.5,74.0,79.3,74.9,74.7,77.9,76.4,70.4,75.2,72.1,75.6,77.6,78.3,71.3,74.3,74.4,70.9,76.2,76.2,68.6,72.8,76.1,73.8,74.0,72.4,76.3,74.3,79.2,76.2,72.3,72.5,72.6,74.5,75.4,75.0,74.5,66.9,69.5,72.9,72.9,69.7
5757,72.6,67.7,67.0,75.7,76.2,76.8,77.0,73.0,71.9,73.3,72.7,73.5,72.6,73.6,74.9,72.9,71.5,67.4,72.4,71.9,73.2,72.1,74.8,72.1,73.3,74.1,77.0,73.0,70.9,73.6,73.7,71.1,70.1,72.0,72.6,70.3,71.5,67.5,74.8,67.9,75.1,68.2,73.5,73.7,74.0,68.1,72.9,71.5,76.2,71.6,72.1,75.5,73.8,68.7,72.9,69.2,72.7,75.4,74.5,69.6,71.6,70.4,67.7,73.4,73.1,66.2,70.0,74.7,72.4,72.6,70.6,73.7,71.8,76.6,73.1,70.1,71.1,71.2,72.8,72.9,73.1,71.9,66.1,68.2,71.0,71.2,67.9
5758,70.8,66.6,65.5,73.8,74.5,75.4,75.5,71.6,70.8,72.2,71.6,72.4,71.5,72.2,73.5,71.7,70.2,65.4,71.3,70.8,71.9,70.8,73.4,70.8,71.7,72.9,75.6,71.7,69.7,72.4,72.5,70.3,68.8,70.4,71.2,69.2,69.9,65.9,73.0,66.4,73.8,66.7,71.5,72.2,72.2,66.5,70.5,69.1,73.0,69.8,70.4,73.2,72.2,67.1,71.6,66.4,71.4,73.7,71.9,67.9,69.6,68.4,65.1,70.5,71.0,64.3,67.5,73.4,71.1,71.6,69.0,71.8,69.5,74.9,70.3,68.4,70.1,70.0,71.6,71.4,71.8,70.1,65.8,67.1,69.5,69.8,66.5
5759,69.1,65.2,64.7,72.1,72.8,74.2,74.2,70.7,69.9,71.2,70.6,71.2,70.3,71.3,72.4,70.8,69.2,63.9,70.2,69.7,70.9,69.9,72.1,70.0,70.5,71.6,74.5,70.5,68.8,71.4,71.6,69.6,67.9,69.0,70.3,68.3,68.8,64.7,71.5,65.1,72.6,66.0,70.0,70.6,70.4,65.4,68.5,66.9,69.7,68.1,69.0,70.6,70.7,66.0,70.3,64.2,70.1,72.2,70.1,66.8,67.6,66.5,63.5,67.8,68.6,62.8,65.7,72.3,70.2,70.5,67.6,69.9,67.6,73.2,67.3,67.1,69.2,69.1,70.7,69.9,70.8,68.7,65.1,66.3,68.3,68.8,65.5
5760,67.6,64.3,63.6,70.6,71.6,73.0,72.9,69.6,69.1,70.4,69.7,70.2,69.5,70.2,71.4,69.8,68.7,62.2,69.3,68.9,70.0,69.0,71.2,69.2,69.4,70.5,73.7,69.6,67.9,70.4,70.7,68.9,66.9,67.9,69.3,67.4,67.6,63.7,70.3,63.6,71.3,65.2,68.4,69.3,69.1,64.3,66.9,65.0,66.2,66.1,67.7,68.2,69.3,65.0,68.9,62.3,68.9,71.0,68.3,65.5,65.7,64.9,62.1,65.3,66.5,61.1,63.5,71.4,69.3,69.7,66.3,68.3,65.8,71.6,65.1,65.4,68.4,68.2,69.9,68.7,69.6,67.4,64.4,65.5,67.2,67.8,64.7
5761,66.1,63.2,62.6,69.1,70.5,72.0,71.8,68.8,68.2,69.7,68.9,69.3,68.6,69.5,70.4,69.1,68.0,60.9,68.6,68.3,69.2,68.1,70.4,68.5,68.4,69.7,72.8,68.6,67.0,69.7,69.8,68.1,66.2,67.1,68.3,66.5,66.7,62.5,69.2,62.4,70.2,64.1,67.2,68.0,67.4,63.2,65.3,63.1,63.6,64.4,66.6,65.7,67.6,63.9,67.9,60.5,67.7,69.9,66.7,64.3,64.4,63.5,60.4,62.8,64.3,59.0,61.0,70.6,68.6,69.1,64.8,66.8,64.2,70.1,62.9,64.0,67.6,67.4,69.1,67.6,68.9,66.4,63.7,64.7,66.1,67.0,64.0
5762,64.7,62.3,61.7,68.0,69.6,70.9,70.9,68.1,67.4,68.9,67.9,68.6,68.0,68.7,69.7,68.5,67.4,59.2,67.8,67.6,68.4,67.4,69.5,67.7,67.3,68.8,72.2,68.0,66.3,69.0,69.1,67.5,65.3,66.5,67.6,65.7,65.9,61.6,68.3,61.0,69.1,63.4,66.2,66.9,65.7,62.3,63.7,61.6,61.3,62.5,65.7,63.8,66.3,62.9,66.6,59.0,66.5,68.8,65.3,62.6,63.1,62.3,58.8,60.6,62.2,57.3,59.0,70.1,67.9,68.4,63.4,65.7,62.9,68.7,60.9,62.1,67.0,66.7,68.5,66.8,67.9,65.3,62.6,64.0,65.4,66.2,63.4
5763,63.4,61.4,60.9,66.9,68.9,70.1,70.0,67.2,66.8,68.3,67.3,67.9,67.3,68.1,68.9,67.8,66.9,57.9,67.1,66.9,67.7,66.7,68.9,66.9,66.5,68.2,71.4,67.3,65.6,68.4,68.3,67.0,64.7,65.8,66.9,65.1,65.1,60.7,67.5,59.5,68.0,62.7,65.3,65.8,64.4,61.2,62.3,60.3,59.1,61.0,64.7,62.1,65.1,62.0,65.5,57.8,65.4,68.0,63.9,61.5,61.7,60.8,57.5,57.7,60.7,55.4,57.1,69.2,67.3,67.6,62.1,64.6,61.6,67.4,59.1,61.0,66.6,66.0,67.8,65.9,67.1,64.3,61.9,63.3,64.6,65.6,62.7
5764,61.9,60.5,60.1,66.1,68.3,69.5,69.2,66.6,66.2,67.7,66.7,67.3,66.8,67.4,68.3,67.2,66.3,56.8,66.6,66.3,67.2,66.2,68.3,66.3,65.8,67.4,70.6,66.5,65.2,67.8,67.7,66.5,63.9,65.0,66.3,64.5,64.4,59.8,66.7,58.2,67.0,62.2,64.4,64.6,63.3,60.2,61.3,59.1,57.8,59.9,63.7,60.6,63.6,61.0,64.5,56.4,64.6,67.3,62.6,60.4,60.5,59.5,56.5,56.0,59.2,54.0,55.2,68.6,66.8,66.9,61.0,63.7,60.7,66.2,57.8,59.4,66.1,65.4,67.2,65.1,66.2,63.3,60.8,62.7,63.9,65.0,62.2
5765,60.9,59.7,59.4,65.2,67.6,69.0,68.8,66.1,65.7,67.2,66.2,66.6,66.3,67.0,67.7,66.8,65.8,55.5,66.1,65.9,66.6,65.7,67.8,65.7,65.3,66.8,70.0,66.0,64.6,67.3,67.2,66.0,63.3,64.4,65.8,63.9,63.7,59.1,65.8,57.2,66.2,61.6,63.6,63.7,62.2,59.2,60.2,58.0,56.2,58.7,62.9,59.4,62.4,60.2,63.5,55.3,63.5,66.7,61.5,59.1,59.3,58.1,55.5,54.6,58.1,53.1,53.8,68.0,66.2,66.4,60.0,62.8,59.8,65.2,56.7,58.3,65.6,65.0,66.7,64.2,65.5,62.3,59.4,62.2,63.4,64.3,61.8
5766,61.2,60.0,59.8,64.3,67.0,68.6,68.3,65.7,65.5,67.0,66.3,66.4,66.3,66.6,67.2,66.5,65.4,56.4,66.0,66.5,66.2,65.5,67.4,65.0,64.6,66.3,69.6,65.6,64.6,67.0,66.7,65.8,62.8,63.9,65.3,63.6,63.8,59.0,65.2,56.8,65.5,62.3,62.9,62.5,62.3,59.2,59.6,58.7,55.6,57.6,62.1,59.1,61.5,60.7,62.6,55.8,62.7,66.0,60.3,59.1,59.8,56.7,55.5,54.4,57.3,53.4,52.3,67.5,66.0,66.4,59.0,62.0,59.6,64.2,57.1,57.1,65.9,65.2,66.4,63.6,64.9,61.4,58.2,62.9,63.0,64.0,61.5
5767,66.3,64.4,64.3,64.6,68.3,69.5,69.6,67.7,67.9,68.8,70.0,68.3,69.7,67.9,68.6,68.7,67.8,62.8,69.0,69.9,68.1,67.7,69.6,66.2,65.5,67.8,70.9,67.2,67.2,69.2,68.5,68.7,64.2,65.6,66.4,65.6,68.1,63.3,65.4,62.2,67.2,67.0,63.7,65.8,66.3,63.9,63.1,65.7,66.1,60.0,64.0,62.3,64.7,64.7,63.4,60.7,64.3,68.0,60.8,63.7,62.7,57.0,61.6,62.9,59.4,59.9,57.9,68.9,69.1,69.8,62.2,62.6,64.4,68.0,65.8,60.4,69.4,68.5,68.3,64.5,66.0,62.1,60.2,65.7,63.8,65.6,63.7
5768,71.4,68.9,69.5,69.3,71.5,72.5,72.7,71.1,71.6,71.7,73.4,71.3,73.3,70.9,72.3,72.3,71.6,67.3,72.7,73.8,71.7,71.2,73.1,69.7,69.4,71.5,73.2,70.9,70.4,72.6,71.7,71.9,67.5,68.9,68.9,68.6,72.6,68.1,69.6,67.6,70.1,72.2,67.5,70.1,70.8,69.5,66.9,71.9,74.3,66.5,69.8,67.0,69.9,69.0,66.3,66.1,68.3,71.8,65.1,68.1,65.7,61.7,67.1,71.3,62.8,66.1,63.8,71.6,72.9,73.3,67.4,67.7,69.3,73.7,72.2,66.8,73.0,72.1,71.6,68.1,69.6,65.7,66.3,69.0,66.7,69.1,67.1
5769,76.0,73.0,73.8,74.4,75.4,75.8,76.4,74.8,75.0,74.6,76.7,75.0,76.6,73.9,75.8,75.7,75.4,71.0,76.4,77.5,75.2,74.7,76.8,73.1,73.7,75.3,76.1,74.8,73.4,75.8,75.1,74.9,71.0,72.7,71.8,71.7,76.7,72.2,74.1,71.6,73.4,76.1,72.1,74.0,75.4,74.5,71.5,76.1,80.6,72.9,75.0,72.1,74.9,73.4,70.4,71.1,72.8,75.4,69.5,72.3,69.3,67.1,71.4,77.4,66.9,70.6,69.1,74.5,76.0,76.6,72.7,73.1,74.0,78.0,77.0,71.9,76.6,75.6,74.9,72.6,73.6,70.1,70.4,71.9,70.1,72.8,70.6
5770,80.1,77.0,77.3,78.7,78.7,78.8,79.6,78.4,77.6,77.2,79.6,78.0,79.3,76.5,78.8,78.5,78.8,74.5,79.2,80.3,78.2,77.8,79.8,76.3,77.5,78.8,78.8,78.2,76.3,78.3,78.3,77.5,74.2,75.9,74.9,74.8,79.8,76.0,78.1,75.1,76.5,79.0,76.2,77.2,79.4,78.1,75.9,79.9,84.9,78.0,78.7,77.6,79.2,77.2,74.7,75.1,76.7,79.0,73.4,75.4,73.1,72.0,75.0,81.9,71.3,74.5,73.7,77.2,78.7,79.4,77.0,77.5,78.3,81.0,80.7,76.5,79.4,78.5,77.7,76.6,77.3,74.5,73.3,74.4,73.2,76.0,73.8
5771,83.7,80.2,80.1,82.2,81.6,81.6,82.2,81.1,79.7,79.4,81.7,80.2,81.5,78.7,81.5,80.7,81.4,77.7,81.4,82.4,80.7,79.9,82.2,78.9,80.8,81.7,80.9,80.8,78.5,80.4,80.9,79.4,76.9,78.4,77.2,77.2,82.3,79.0,81.2,78.2,79.3,81.5,79.8,80.1,83.1,80.9,79.6,83.0,88.6,81.9,81.6,82.0,83.0,80.4,78.0,78.2,79.7,81.8,77.1,78.1,76.3,76.1,78.2,85.2,75.7,77.9,77.7,79.3,80.6,81.7,80.0,81.0,81.9,83.9,83.8,80.1,81.4,80.4,80.0,80.0,80.3,78.2,75.9,76.2,75.9,78.4,76.4
5772,86.4,82.4,82.0,84.9,83.8,83.7,84.4,83.2,81.5,81.1,83.3,81.9,83.1,80.4,83.4,82.0,83.4,80.5,82.9,84.0,82.7,81.5,84.0,80.8,83.5,84.0,82.6,82.7,80.2,82.0,82.7,80.8,78.9,80.4,79.2,79.2,84.2,81.6,83.7,80.6,81.8,83.2,82.5,83.0,86.0,82.9,82.6,85.0,91.4,84.8,82.9,85.4,85.7,82.8,80.1,80.5,81.6,84.2,79.9,80.1,79.4,79.4,80.9,87.7,79.7,80.4,81.4,81.0,82.0,83.1,82.3,83.7,84.6,86.3,86.5,82.3,82.7,81.8,81.8,82.7,82.7,81.2,78.6,77.6,77.9,80.1,78.3
5773,88.4,84.0,83.4,87.1,85.5,85.4,86.1,84.6,82.5,82.3,84.5,83.0,84.2,81.8,85.0,83.3,84.5,82.7,84.2,84.9,84.3,82.8,85.4,82.4,85.6,85.9,83.7,84.1,81.7,83.2,84.3,81.8,80.6,81.9,80.7,80.8,85.9,83.2,85.3,82.1,83.6,84.5,84.7,85.2,88.2,84.2,84.7,86.5,93.1,86.9,83.5,87.5,87.3,84.5,81.7,82.2,83.3,85.8,82.2,81.6,81.9,82.1,83.2,89.5,83.3,82.1,84.5,82.3,83.1,84.2,83.8,85.6,86.6,88.2,88.6,83.7,83.6,83.0,83.2,84.8,84.4,83.5,80.6,78.5,79.5,81.4,79.6
5774,89.5,84.6,84.2,88.5,86.7,86.6,87.1,85.6,83.3,83.4,85.0,83.7,84.8,82.7,85.9,84.1,85.7,84.3,84.5,85.4,85.3,83.7,86.3,83.6,87.0,87.0,84.7,85.0,82.5,84.1,85.2,82.5,81.6,82.9,81.7,81.8,86.8,83.6,86.6,82.4,85.1,85.0,86.4,86.6,89.5,84.1,86.0,87.3,93.9,87.8,83.9,88.6,88.0,85.6,82.7,83.3,84.3,86.8,84.2,82.6,83.5,84.5,84.8,90.9,86.0,83.3,86.5,83.2,83.8,85.0,84.1,87.2,87.7,89.6,90.1,84.4,84.3,83.6,84.0,86.3,85.6,84.8,82.0,78.7,80.9,82.3,80.5
5775,89.6,83.7,84.5,89.2,87.1,87.2,87.6,86.1,83.6,83.8,85.2,84.3,85.2,83.0,86.4,84.4,85.9,85.1,84.9,85.4,85.5,84.2,86.8,84.2,87.9,87.6,85.3,85.2,82.9,84.4,85.6,82.5,82.1,83.4,82.3,82.2,87.0,82.8,87.2,82.6,85.8,84.5,87.3,87.3,89.7,83.6,86.6,87.4,94.1,87.9,83.9,88.9,88.1,85.9,83.6,83.7,85.1,87.2,85.6,83.1,84.3,86.1,85.7,91.4,87.6,83.8,87.8,83.6,84.1,85.4,83.8,88.0,87.9,90.1,90.7,84.5,84.3,83.5,84.4,86.9,86.2,85.7,82.6,78.5,81.6,82.5,81.0
5776,88.8,82.4,83.9,89.4,87.0,87.1,87.5,85.8,83.2,83.5,84.5,84.0,84.8,82.8,86.2,84.0,85.8,85.1,84.5,84.7,85.3,83.8,86.6,83.9,87.8,87.4,85.0,85.0,82.6,84.2,85.4,82.2,82.1,83.1,82.3,82.1,86.3,81.3,87.0,81.9,85.3,83.3,87.4,87.4,88.9,82.5,86.2,86.9,93.4,87.4,83.7,88.3,87.1,85.2,83.6,83.6,85.0,87.2,86.1,82.9,84.2,87.0,85.9,91.1,88.1,83.4,87.8,83.5,83.7,84.9,83.2,88.0,87.3,90.0,90.6,83.6,83.6,83.2,84.1,87.0,86.2,85.8,82.6,77.6,81.5,82.4,80.9
5777,86.5,80.4,81.9,88.6,86.2,86.3,86.6,84.8,82.0,82.4,83.3,83.3,83.6,81.8,85.1,82.9,84.7,84.0,83.1,83.1,84.3,82.9,85.6,82.9,86.9,86.3,84.1,84.0,82.0,83.2,84.5,81.0,81.3,82.1,81.4,81.2,84.6,79.2,86.2,80.3,84.2,81.2,86.4,86.4,87.3,80.2,85.0,85.6,91.8,86.6,82.6,86.7,85.9,83.1,82.7,82.7,84.3,86.5,86.0,82.0,83.0,86.9,84.6,90.1,87.4,82.1,86.4,82.5,82.5,83.7,81.8,87.5,85.2,89.0,89.6,82.3,82.3,82.0,83.1,86.1,85.3,85.0,82.1,76.3,80.7,81.3,80.0
5778,82.6,77.1,77.2,86.6,84.4,84.3,84.5,82.6,79.5,80.2,80.5,81.5,80.7,80.0,83.1,80.7,82.1,80.8,80.3,79.8,82.1,80.5,83.5,80.6,84.8,84.0,82.4,81.7,79.8,81.0,82.5,78.5,79.3,80.1,79.7,79.2,81.1,75.8,84.4,77.1,82.3,76.7,84.4,84.2,83.3,76.6,82.5,82.9,87.8,84.5,81.0,84.0,83.8,78.3,81.3,80.3,83.1,84.6,85.0,79.4,80.5,85.4,81.6,86.9,84.8,78.6,82.6,80.6,80.2,80.9,79.3,85.3,81.8,87.5,86.4,80.5,79.3,79.2,80.8,84.2,83.2,82.9,80.1,74.0,78.9,79.2,77.8
5779,77.3,72.2,71.5,82.6,81.1,81.1,81.1,78.0,75.3,76.6,76.5,78.0,76.3,77.0,79.3,76.5,76.7,74.0,76.0,75.2,78.0,76.1,79.0,76.1,80.3,79.3,80.1,77.6,75.5,77.3,78.6,74.2,75.3,76.5,76.6,75.6,76.0,71.5,80.8,72.6,79.5,71.5,80.4,79.8,78.5,72.5,78.3,77.5,81.8,80.2,77.8,80.3,80.2,72.4,78.3,75.5,79.0,80.7,82.1,73.9,77.2,81.1,75.4,79.7,80.1,72.4,76.7,77.7,76.1,76.3,75.4,81.2,77.1,83.3,79.4,76.0,74.5,74.7,76.8,79.9,78.8,78.6,73.5,71.3,75.7,75.4,73.3
5780,74.5,69.3,68.8,78.3,78.1,78.3,78.6,74.5,73.2,74.6,74.2,75.0,73.9,74.9,76.3,74.1,73.0,69.6,73.6,72.9,74.9,73.3,76.2,73.1,75.3,75.4,78.2,74.7,72.4,74.8,75.4,72.0,71.5,73.6,74.0,72.0,73.4,68.9,76.8,69.6,77.0,69.2,75.8,75.7,75.9,69.8,75.4,73.7,78.9,74.6,74.6,77.7,76.2,70.0,74.6,71.9,75.1,77.1,77.7,71.0,73.8,73.8,70.5,75.7,76.0,68.4,72.6,75.7,73.5,73.7,72.3,76.0,74.0,78.9,75.7,72.0,72.2,72.4,74.2,75.0,74.7,74.2,66.6,69.3,72.5,72.6,69.5
5781,72.3,67.4,66.8,75.4,75.9,76.5,76.8,72.7,71.7,73.1,72.5,73.3,72.4,73.3,74.6,72.6,71.3,67.2,72.2,71.7,73.0,71.8,74.5,71.9,73.0,73.9,76.7,72.8,70.7,73.3,73.4,70.9,69.8,71.7,72.3,70.1,71.3,67.1,74.5,67.8,75.0,68.0,73.2,73.5,73.6,67.9,72.7,71.2,75.9,71.3,72.0,75.3,73.7,68.3,72.4,68.9,72.3,74.9,74.0,69.4,71.2,69.8,67.3,72.7,72.9,66.2,69.8,74.4,72.1,72.3,70.5,73.5,71.5,76.4,72.7,69.9,70.8,70.9,72.6,72.6,72.9,71.5,65.7,68.0,70.7,70.9,67.6
5782,70.5,66.3,65.3,73.5,74.2,75.1,75.3,71.4,70.6,72.0,71.3,72.1,71.3,72.0,73.3,71.5,70.0,65.2,71.0,70.5,71.7,70.6,73.1,70.6,71.4,72.7,75.3,71.5,69.5,72.2,72.3,70.0,68.6,70.2,70.9,68.9,69.7,65.6,72.8,66.3,73.7,66.6,71.2,72.0,71.8,66.3,70.3,68.9,72.6,69.5,70.3,72.9,71.9,66.9,71.1,66.2,70.9,73.2,71.4,67.9,69.2,67.8,64.7,69.8,70.7,64.2,67.3,73.1,70.9,71.4,68.9,71.6,69.2,74.6,69.8,68.1,69.7,69.7,71.4,71.0,71.6,69.8,65.4,66.9,69.2,69.6,66.3
5783,68.9,64.9,64.4,71.7,72.6,73.9,74.0,70.4,69.7,71.0,70.4,70.9,70.0,71.1,72.2,70.6,69.0,63.6,70.0,69.5,70.7,69.7,71.8,69.7,70.3,71.5,74.2,70.3,68.6,71.2,71.4,69.4,67.7,68.8,69.9,68.0,68.5,64.4,71.2,64.9,72.4,65.8,69.7,70.4,70.1,65.2,68.3,66.6,69.5,67.7,68.8,70.3,70.4,65.7,69.8,64.0,69.6,71.7,69.7,66.7,67.2,65.9,63.2,67.0,68.3,62.6,65.4,72.1,69.9,70.3,67.4,69.7,67.3,73.0,66.7,66.8,68.9,68.9,70.5,69.5,70.6,68.4,64.6,66.1,68.0,68.5,65.2
5784,67.3,64.0,63.3,70.3,71.4,72.7,72.7,69.4,69.0,70.2,69.4,69.9,69.3,70.0,71.2,69.6,68.5,62.0,69.0,68.7,69.7,68.9,71.0,68.9,69.1,70.4,73.5,69.3,67.7,70.2,70.5,68.7,66.7,67.6,69.0,67.1,67.5,63.4,70.0,63.4,71.2,65.0,68.2,69.1,68.8,64.2,66.7,64.7,66.0,65.7,67.5,67.8,69.1,64.7,68.4,62.2,68.4,70.5,67.9,65.5,65.3,64.4,61.9,64.7,66.2,61.0,63.2,71.2,69.1,69.5,66.1,68.0,65.6,71.4,64.5,65.1,68.0,68.0,69.6,68.3,69.4,67.1,64.0,65.2,66.9,67.4,64.4
5785,65.8,62.8,62.3,68.7,70.2,71.7,71.6,68.6,68.1,69.5,68.5,69.1,68.4,69.3,70.2,68.9,67.8,60.6,68.3,68.0,69.0,68.0,70.1,68.2,68.1,69.5,72.6,68.3,66.8,69.5,69.6,67.9,65.9,66.8,68.0,66.1,66.6,62.2,68.8,62.2,70.1,63.9,67.0,67.7,67.1,63.1,65.1,62.8,63.3,64.0,66.5,65.4,67.4,63.6,67.3,60.4,67.1,69.3,66.5,64.3,64.1,62.9,60.2,62.2,63.9,59.0,60.7,70.4,68.4,68.8,64.6,66.5,64.0,69.7,62.4,63.6,67.3,67.3,68.9,67.3,68.6,66.1,63.4,64.4,65.9,66.6,63.7
5786,64.4,61.9,61.4,67.6,69.4,70.7,70.7,67.9,67.3,68.7,67.6,68.4,67.7,68.5,69.5,68.3,67.2,59.0,67.5,67.4,68.2,67.2,69.2,67.4,67.0,68.6,71.9,67.7,66.2,68.8,68.8,67.3,65.0,66.1,67.2,65.4,65.7,61.3,68.1,60.7,69.0,63.3,66.0,66.5,65.4,62.1,63.6,61.3,61.0,62.0,65.5,63.5,66.1,62.6,66.1,58.9,65.9,68.2,65.1,62.5,62.7,61.8,58.7,60.0,61.9,57.3,58.7,69.8,67.6,68.1,63.2,65.4,62.6,68.3,60.4,61.8,66.6,66.6,68.2,66.4,67.6,64.9,62.3,63.8,65.1,65.8,63.2
5787,62.9,61.1,60.6,66.6,68.7,69.9,69.9,67.0,66.7,68.1,67.0,67.8,67.1,67.9,68.7,67.6,66.8,57.7,66.8,66.7,67.5,66.5,68.6,66.6,66.3,68.0,71.2,67.0,65.5,68.2,68.1,66.7,64.3,65.4,66.6,64.8,64.9,60.4,67.2,59.3,67.9,62.5,65.0,65.3,64.2,61.0,62.1,60.0,58.8,60.5,64.6,61.9,64.9,61.7,65.0,57.6,64.9,67.4,63.7,61.4,61.4,60.3,57.4,57.1,60.5,55.3,56.7,69.0,67.0,67.4,62.0,64.4,61.3,67.1,58.7,60.6,66.2,66.0,67.6,65.6,66.8,64.0,61.5,63.1,64.3,65.3,62.4
5788,61.6,60.1,59.8,65.8,68.1,69.2,69.0,66.4,66.1,67.5,66.4,67.1,66.6,67.3,68.0,67.1,66.1,56.5,66.3,66.1,66.9,66.1,68.1,65.9,65.7,67.2,70.4,66.3,65.1,67.5,67.5,66.3,63.6,64.6,65.9,64.2,64.2,59.5,66.4,58.0,66.9,62.1,64.1,64.1,63.0,60.0,61.1,58.8,57.5,59.5,63.5,60.4,63.4,60.6,64.0,56.2,64.0,66.8,62.4,60.3,60.3,59.0,56.4,55.5,59.0,54.0,54.9,68.4,66.5,66.7,60.8,63.4,60.3,65.8,57.5,59.0,65.7,65.4,67.1,64.7,65.9,62.9,60.5,62.4,63.7,64.7,61.9
5789,60.6,59.4,59.1,65.0,67.3,68.8,68.6,65.9,65.6,67.0,65.9,66.5,66.1,66.8,67.4,66.6,65.6,55.4,65.8,65.6,66.3,65.5,67.6,65.4,65.0,66.6,69.7,65.7,64.5,67.0,66.9,65.8,63.0,64.1,65.4,63.7,63.5,58.9,65.5,57.1,66.0,61.4,63.4,63.2,61.9,59.2,60.0,57.7,55.9,58.3,62.7,59.1,62.2,59.8,63.0,55.2,63.0,66.1,61.4,59.0,59.0,57.6,55.4,54.0,57.8,53.1,53.4,67.8,65.9,66.2,59.8,62.6,59.4,64.8,56.4,57.9,65.3,64.9,66.6,63.9,65.2,61.9,59.0,62.0,63.1,64.0,61.5
5790,60.8,59.7,59.5,64.0,66.7,68.3,68.1,65.5,65.4,66.8,66.1,66.2,66.1,66.4,67.0,66.3,65.3,56.2,65.7,66.1,65.9,65.3,67.3,64.7,64.3,66.1,69.4,65.4,64.5,66.8,66.5,65.6,62.5,63.5,65.0,63.4,63.5,58.7,65.0,56.6,65.3,62.1,62.7,62.1,62.0,59.0,59.3,58.4,55.2,57.1,62.0,58.8,61.3,60.3,62.0,55.7,62.2,65.4,60.1,59.0,59.5,56.1,55.4,53.8,57.0,53.5,52.0,67.3,65.7,66.2,58.7,61.7,59.3,63.8,56.6,56.6,65.5,65.1,66.3,63.3,64.6,61.0,57.9,62.6,62.7,63.6,61.1
5791,66.0,64.0,64.1,64.4,68.0,69.3,69.3,67.4,67.8,68.5,69.7,68.1,69.5,67.7,68.3,68.5,67.6,62.6,68.8,69.6,67.8,67.5,69.3,65.9,65.2,67.5,70.6,66.9,66.9,68.9,68.2,68.6,63.9,65.3,66.1,65.3,67.8,63.0,65.1,62.1,67.0,66.7,63.4,65.4,66.0,63.7,62.9,65.3,65.7,59.3,63.7,62.0,64.4,64.3,62.8,60.4,63.8,67.4,60.7,63.5,62.4,56.3,61.4,62.3,59.1,59.8,57.5,68.6,68.8,69.6,62.0,62.3,64.1,67.5,65.3,59.7,69.1,68.3,68.0,64.2,65.7,61.7,59.9,65.5,63.5,65.3,63.3
5792,71.2,68.5,69.2,69.1,71.2,72.2,72.5,70.8,71.5,71.4,73.2,71.2,73.1,70.6,72.1,72.1,71.4,67.1,72.5,73.6,71.4,71.0,72.9,69.4,69.2,71.2,72.9,70.6,70.1,72.3,71.4,71.7,67.2,68.6,68.6,68.3,72.3,67.7,69.3,67.5,70.0,71.9,67.3,69.7,70.5,69.3,66.7,71.7,74.0,66.1,69.7,66.7,69.7,68.7,65.8,65.8,67.9,71.2,64.9,67.9,65.4,61.2,66.9,70.9,62.5,65.9,63.5,71.4,72.6,73.1,67.2,67.4,69.0,73.2,71.8,66.3,72.7,71.9,71.3,67.8,69.3,65.3,66.1,68.8,66.5,68.8,66.8
5793,75.8,72.6,73.5,74.3,75.1,75.6,76.1,74.6,74.9,74.3,76.5,74.8,76.4,73.6,75.6,75.5,75.1,70.9,76.2,77.3,74.9,74.5,76.4,72.9,73.5,75.1,75.8,74.5,73.2,75.5,74.8,74.7,70.6,72.4,71.5,71.4,76.5,71.8,73.8,71.5,73.3,75.8,71.8,73.6,75.0,74.3,71.4,75.9,80.3,72.5,75.0,71.8,74.7,73.1,69.9,70.9,72.3,74.9,69.3,72.0,69.0,66.6,71.1,77.0,66.7,70.5,68.9,74.3,75.8,76.5,72.5,72.9,73.7,77.6,76.6,71.5,76.3,75.4,74.7,72.3,73.3,69.7,70.2,71.7,69.8,72.5,70.3
5794,79.9,76.6,77.0,78.7,78.4,78.6,79.4,78.1,77.6,77.0,79.5,77.9,79.2,76.3,78.6,78.2,78.5,74.3,79.0,80.2,77.9,77.7,79.5,76.1,77.4,78.5,78.6,77.9,76.1,78.0,78.0,77.3,73.8,75.6,74.6,74.6,79.6,75.6,77.8,75.0,76.4,78.8,76.0,76.8,79.1,77.8,75.8,79.7,84.6,77.6,78.7,77.3,79.1,76.9,74.2,74.9,76.2,78.5,73.3,75.1,72.9,71.5,74.8,81.6,71.2,74.4,73.5,76.9,78.4,79.3,76.9,77.3,78.0,80.7,80.4,76.2,79.2,78.3,77.5,76.3,77.0,74.1,73.0,74.1,72.9,75.8,73.5
5795,83.4,79.7,79.8,82.2,81.4,81.5,82.1,80.8,79.7,79.2,81.6,80.0,81.4,78.5,81.4,80.5,81.1,77.5,81.2,82.3,80.4,79.7,81.9,78.7,80.7,81.4,80.7,80.5,78.3,80.1,80.6,79.2,76.6,78.2,77.0,77.0,82.2,78.6,81.0,78.1,79.2,81.4,79.6,79.7,82.8,80.7,79.6,82.8,88.3,81.6,81.7,81.7,83.0,80.1,77.5,78.0,79.2,81.3,76.8,77.8,76.0,75.6,77.9,84.9,75.6,77.8,77.5,79.1,80.4,81.6,80.0,80.8,81.6,83.6,83.6,79.8,81.3,80.3,79.7,79.8,80.1,77.9,75.8,75.9,75.5,78.2,76.2
5796,86.1,81.9,81.8,84.9,83.6,83.7,84.3,83.0,81.3,80.8,83.1,81.7,82.9,80.1,83.3,81.8,83.1,80.2,82.8,83.9,82.4,81.3,83.8,80.6,83.4,83.8,82.3,82.5,80.0,81.8,82.5,80.7,78.6,80.2,79.0,79.0,84.1,81.2,83.5,80.5,81.7,83.0,82.3,82.6,85.7,82.7,82.6,84.8,91.3,84.5,83.0,85.0,85.7,82.5,79.7,80.2,81.2,83.8,79.7,79.9,79.2,79.0,80.7,87.4,79.6,80.3,81.3,80.8,81.9,83.0,82.3,83.6,84.3,86.0,86.3,82.0,82.5,81.6,81.6,82.4,82.5,80.9,78.5,77.3,77.5,80.0,78.2
5797,88.1,83.5,83.1,87.0,85.3,85.3,86.0,84.4,82.4,82.0,84.3,82.9,84.1,81.5,85.0,83.0,84.3,82.5,84.0,84.8,84.0,82.5,85.2,82.2,85.4,85.7,83.5,83.9,81.4,82.9,84.1,81.6,80.3,81.8,80.6,80.6,85.7,82.8,85.1,82.1,83.6,84.3,84.5,84.9,87.9,84.0,84.7,86.3,93.0,86.6,83.6,87.3,87.3,84.4,81.3,81.9,82.9,85.4,81.9,81.4,81.6,81.8,82.9,89.2,83.2,82.0,84.4,82.0,82.9,84.0,83.9,85.5,86.3,88.0,88.3,83.5,83.5,82.8,82.9,84.5,84.2,83.2,80.5,78.2,79.2,81.1,79.4
5798,89.2,84.0,84.0,88.4,86.5,86.5,87.0,85.4,83.1,83.1,84.8,83.5,84.7,82.5,85.8,83.8,85.4,84.1,84.3,85.3,85.0,83.6,86.1,83.3,86.8,86.9,84.4,84.8,82.2,83.8,85.0,82.3,81.4,82.7,81.5,81.6,86.6,83.3,86.5,82.5,85.1,84.8,86.2,86.4,89.1,83.9,86.0,87.1,93.7,87.5,84.0,88.4,88.2,85.4,82.4,83.0,83.9,86.4,84.0,82.4,83.2,84.2,84.5,90.7,85.9,83.1,86.4,82.9,83.6,84.7,84.3,87.0,87.4,89.4,89.8,84.2,84.2,83.4,83.6,86.0,85.4,84.6,81.8,78.5,80.6,82.1,80.3
5799,89.4,83.3,84.4,89.0,86.9,87.1,87.5,85.8,83.4,83.4,85.0,84.0,85.0,82.8,86.3,84.0,85.7,84.9,84.7,85.3,85.2,84.0,86.5,84.0,87.7,87.5,84.9,85.1,82.6,84.1,85.3,82.2,81.9,83.1,82.1,82.0,86.7,82.5,87.0,82.6,85.7,84.3,87.0,87.2,89.3,83.4,86.7,87.2,94.0,87.7,84.1,88.7,88.1,85.7,83.2,83.5,84.7,87.0,85.3,82.8,84.0,85.8,85.5,91.1,87.5,83.7,87.7,83.3,83.8,85.2,84.1,87.8,87.6,90.0,90.5,84.5,84.2,83.4,84.1,86.7,85.9,85.5,82.4,78.2,81.3,82.3,80.9
5800,88.6,82.0,83.7,89.1,86.8,87.0,87.5,85.5,83.0,83.2,84.4,83.8,84.6,82.6,86.1,83.7,85.5,85.0,84.4,84.6,85.1,83.6,86.4,83.7,87.6,87.2,84.7,84.8,82.4,83.9,85.2,82.0,81.9,82.9,82.1,81.8,86.1,81.0,86.8,81.7,85.1,83.0,87.2,87.4,88.6,82.4,86.3,86.7,93.3,87.3,83.7,88.1,87.1,85.0,83.3,83.4,84.7,87.0,85.8,82.7,83.9,86.6,85.6,90.8,88.0,83.3,87.6,83.2,83.5,84.7,83.4,87.9,87.1,89.8,90.4,83.6,83.5,83.1,83.8,86.7,86.0,85.7,82.4,77.4,81.3,82.2,80.8
5801,86.4,80.0,81.8,88.4,86.0,86.2,86.5,84.5,81.8,82.1,83.1,83.1,83.4,81.6,85.0,82.6,84.4,83.8,82.9,82.9,84.0,82.7,85.4,82.6,86.7,86.2,83.8,83.9,81.7,82.9,84.3,80.7,81.1,82.0,81.2,81.0,84.3,79.1,86.0,80.1,84.1,81.0,86.2,86.3,87.0,80.0,84.9,85.5,91.7,86.4,82.7,86.5,86.1,82.8,82.5,82.5,84.0,86.2,85.9,81.8,82.8,86.6,84.2,89.8,87.3,82.1,86.2,82.2,82.2,83.4,82.0,87.3,85.0,88.8,89.4,82.3,82.1,81.7,82.8,85.8,85.0,84.9,81.8,76.0,80.6,81.0,79.9
5802,82.3,76.6,77.0,86.3,84.1,84.2,84.3,82.4,79.2,79.9,80.3,81.2,80.4,79.8,83.0,80.3,81.8,80.4,80.0,79.6,81.8,80.3,83.2,80.3,84.5,83.9,82.2,81.4,79.5,80.7,82.2,78.2,79.1,79.9,79.5,79.0,80.8,75.5,84.2,76.9,82.2,76.4,84.1,84.1,83.0,76.3,82.4,82.7,87.6,84.3,81.1,83.8,83.9,77.9,81.1,80.0,82.7,84.4,84.7,79.2,80.2,85.1,81.3,86.5,84.7,78.5,82.5,80.3,79.9,80.6,79.3,84.9,81.5,87.3,86.0,80.4,79.0,78.9,80.6,83.8,82.9,82.7,79.8,73.7,78.8,78.9,77.6
5803,77.0,71.7,71.2,82.3,80.9,81.0,80.9,77.8,75.1,76.3,76.3,77.7,76.0,76.7,79.0,76.1,76.3,73.5,75.8,75.0,77.7,75.9,78.7,75.8,79.9,79.1,79.8,77.3,75.2,77.0,78.2,73.9,74.9,76.2,76.4,75.3,75.7,71.2,80.5,72.4,79.4,71.2,80.1,79.6,78.1,72.2,78.3,77.1,81.5,79.8,77.8,80.2,80.2,71.9,78.0,75.3,78.7,80.5,81.7,73.6,76.9,80.7,75.0,79.2,80.0,72.2,76.5,77.4,75.8,76.0,75.5,80.8,76.7,83.0,79.1,75.7,74.2,74.5,76.5,79.5,78.4,78.3,73.3,71.0,75.5,75.1,73.0
5804,74.2,68.9,68.5,78.0,77.8,78.1,78.3,74.3,72.9,74.3,74.0,74.8,73.8,74.6,76.1,73.8,72.7,69.3,73.4,72.7,74.6,73.1,76.0,73.0,75.0,75.2,77.9,74.6,72.2,74.5,75.1,71.7,71.2,73.3,73.7,71.7,73.2,68.6,76.5,69.4,76.8,68.9,75.5,75.4,75.4,69.5,75.4,73.4,78.7,74.3,74.5,77.5,76.1,69.5,74.4,71.7,74.8,77.0,77.4,70.8,73.5,73.5,70.2,75.2,75.9,68.2,72.4,75.5,73.3,73.6,72.4,75.6,73.7,78.5,75.3,71.7,72.0,72.3,73.9,74.5,74.4,73.8,66.4,69.1,72.3,72.3,69.2
5805,71.9,67.0,66.5,75.1,75.7,76.3,76.6,72.5,71.5,72.9,72.4,73.2,72.3,73.1,74.4,72.4,71.1,67.0,71.9,71.5,72.8,71.7,74.4,71.8,72.7,73.7,76.4,72.7,70.6,73.1,73.1,70.7,69.5,71.5,72.0,69.9,71.1,66.8,74.2,67.6,74.8,67.7,72.8,73.3,73.3,67.5,72.8,71.0,75.7,71.1,72.0,75.0,73.5,67.8,72.2,68.7,72.0,74.6,73.7,69.2,71.1,69.4,67.0,72.1,72.9,66.0,69.5,74.2,72.0,72.3,70.6,73.1,71.2,76.1,72.3,69.6,70.6,70.8,72.3,72.1,72.6,71.1,65.6,67.7,70.4,70.6,67.4
5806,70.1,65.9,65.0,73.1,74.1,75.0,75.1,71.2,70.5,71.8,71.2,72.0,71.2,71.8,73.1,71.3,69.9,65.0,70.8,70.4,71.4,70.4,72.9,70.4,71.1,72.4,75.1,71.4,69.4,72.0,72.1,69.8,68.3,69.9,70.6,68.7,69.5,65.3,72.5,66.1,73.5,66.3,70.9,71.8,71.5,66.0,70.3,68.6,72.3,69.2,70.3,72.7,71.8,66.4,70.9,65.9,70.6,72.9,71.2,67.6,69.1,67.5,64.4,69.2,70.6,64.1,66.9,72.9,70.8,71.3,68.9,71.2,68.8,74.3,69.4,67.8,69.6,69.6,71.2,70.4,71.2,69.3,65.2,66.7,68.9,69.3,66.0
5807,68.5,64.4,64.0,71.4,72.4,73.7,73.8,70.2,69.5,70.8,70.2,70.8,69.9,70.8,72.0,70.3,68.9,63.3,69.8,69.3,70.4,69.6,71.7,69.6,69.9,71.3,74.0,70.1,68.4,71.0,71.1,69.2,67.3,68.5,69.6,67.7,68.4,64.1,70.9,64.8,72.3,65.5,69.5,70.2,69.8,64.9,68.4,66.4,69.2,67.3,68.9,70.0,70.3,65.2,69.6,63.8,69.3,71.5,69.5,66.5,67.1,65.7,63.1,66.4,68.2,62.4,65.1,71.9,69.7,70.2,67.4,69.4,66.9,72.7,66.2,66.5,68.7,68.7,70.3,69.0,70.2,67.9,64.3,65.8,67.7,68.3,64.9
5808,66.9,63.5,62.9,70.0,71.1,72.5,72.5,69.1,68.9,70.0,69.3,69.9,69.2,69.9,71.0,69.4,68.3,61.8,68.9,68.6,69.5,68.7,70.8,68.7,68.7,70.1,73.2,69.2,67.5,70.0,70.2,68.5,66.3,67.4,68.6,66.8,67.3,63.0,69.7,63.3,71.1,64.8,67.9,68.9,68.3,63.8,66.6,64.5,65.5,65.3,67.6,67.4,69.1,64.2,68.2,61.9,68.1,70.2,67.6,65.4,65.2,64.2,61.6,64.1,66.1,60.7,63.0,71.0,68.8,69.4,66.1,67.6,65.3,71.1,64.1,64.8,67.9,67.9,69.4,67.9,69.0,66.7,63.8,65.0,66.6,67.2,64.1
5809,65.4,62.3,62.0,68.4,70.0,71.5,71.4,68.3,68.0,69.3,68.4,69.0,68.3,69.0,70.0,68.7,67.5,60.5,68.2,67.9,68.8,67.9,69.9,67.9,67.7,69.2,72.3,68.2,66.7,69.3,69.4,67.8,65.5,66.6,67.7,65.8,66.4,61.9,68.5,62.1,70.0,63.8,66.7,67.4,66.6,62.8,65.0,62.6,62.9,63.7,66.5,65.1,67.3,63.2,67.1,60.2,66.9,69.0,66.3,64.1,64.0,62.7,59.9,61.5,63.7,58.8,60.6,70.1,68.1,68.6,64.5,66.1,63.8,69.5,62.0,63.4,67.1,67.2,68.6,66.8,68.2,65.6,63.1,64.2,65.5,66.4,63.5
5810,64.0,61.4,61.0,67.3,69.1,70.5,70.5,67.6,67.2,68.5,67.5,68.3,67.7,68.3,69.2,68.1,67.0,58.9,67.4,67.2,68.0,67.0,69.0,67.1,66.6,68.4,71.6,67.5,66.0,68.5,68.6,67.1,64.6,65.8,67.0,65.2,65.6,61.0,67.7,60.6,68.8,63.1,65.7,66.2,65.1,61.9,63.4,61.2,60.7,61.7,65.5,63.2,65.9,62.1,65.9,58.7,65.7,68.0,64.9,62.3,62.6,61.5,58.4,59.4,61.7,57.1,58.5,69.5,67.4,68.0,63.2,65.1,62.4,68.1,60.1,61.4,66.5,66.4,68.0,66.0,67.2,64.4,62.0,63.6,64.7,65.6,62.9
5811,62.6,60.6,60.3,66.3,68.4,69.7,69.7,66.7,66.6,67.9,66.8,67.6,67.0,67.7,68.4,67.4,66.5,57.5,66.7,66.6,67.3,66.4,68.4,66.3,65.8,67.7,70.9,66.8,65.4,68.0,67.9,66.6,63.9,65.1,66.3,64.5,64.7,60.0,66.9,59.2,67.8,62.4,64.7,65.0,63.8,60.8,62.0,59.9,58.6,60.1,64.5,61.5,64.7,61.3,64.7,57.5,64.7,67.1,63.5,61.2,61.3,60.1,57.3,56.7,60.3,55.3,56.6,68.7,66.8,67.2,61.9,64.1,61.1,66.8,58.3,60.2,66.1,65.8,67.4,65.2,66.4,63.5,61.2,62.9,63.9,65.1,62.1
5812,61.2,59.7,59.4,65.4,67.8,69.0,68.8,66.0,65.9,67.3,66.3,67.0,66.5,67.1,67.8,66.9,65.9,56.3,66.2,66.0,66.7,65.9,67.8,65.5,65.3,66.9,70.1,66.1,64.9,67.3,67.2,66.1,63.1,64.3,65.6,64.0,64.0,59.1,66.1,57.8,66.7,61.9,63.8,63.8,62.6,59.8,60.9,58.6,57.3,59.1,63.5,60.0,63.2,60.2,63.7,56.1,63.7,66.5,62.3,60.3,60.2,58.7,56.3,55.0,58.8,53.9,54.7,68.1,66.3,66.6,60.8,63.1,60.0,65.6,57.1,58.7,65.7,65.2,66.8,64.3,65.5,62.5,60.2,62.3,63.2,64.4,61.6
5813,60.3,59.0,58.7,64.6,67.0,68.5,68.4,65.4,65.5,66.8,65.8,66.4,66.0,66.6,67.2,66.4,65.4,55.2,65.7,65.6,66.0,65.3,67.3,65.0,64.6,66.3,69.5,65.5,64.4,66.8,66.6,65.6,62.5,63.8,65.1,63.4,63.3,58.5,65.2,56.9,65.8,61.2,63.1,62.9,61.6,58.9,59.9,57.6,55.7,57.9,62.7,58.7,62.1,59.5,62.7,55.1,62.8,65.8,61.1,58.8,58.9,57.2,55.3,53.5,57.7,53.1,53.2,67.5,65.7,66.1,59.6,62.3,59.0,64.6,56.1,57.6,65.2,64.8,66.3,63.5,64.9,61.6,58.8,61.8,62.7,63.8,61.1
5814,60.5,59.1,59.2,63.7,66.4,68.1,67.8,65.1,65.3,66.5,65.9,66.0,65.9,66.2,66.7,66.0,65.0,56.0,65.5,66.0,65.6,65.1,67.0,64.4,64.0,65.8,69.1,65.1,64.3,66.6,66.2,65.4,62.1,63.2,64.6,63.1,63.3,58.3,64.7,56.4,65.2,61.9,62.5,61.7,61.6,58.7,59.1,58.2,55.0,56.8,61.9,58.4,61.2,59.9,61.7,55.5,61.9,65.2,60.0,58.7,59.3,55.8,55.2,53.3,56.8,53.3,51.8,67.0,65.6,66.1,58.6,61.5,59.1,63.5,56.2,56.3,65.4,64.9,66.0,63.0,64.3,60.6,57.6,62.4,62.3,63.4,60.8
5815,65.6,63.4,63.8,64.0,67.6,69.0,69.1,67.0,67.6,68.2,69.5,67.9,69.3,67.4,68.1,68.2,67.2,62.3,68.5,69.5,67.5,67.3,69.0,65.5,64.9,67.1,70.3,66.6,66.6,68.6,67.8,68.2,63.4,64.9,65.7,65.0,67.6,62.5,64.8,61.9,66.9,66.4,63.1,65.0,65.6,63.4,62.7,65.1,65.4,58.9,63.6,61.7,64.2,63.9,62.5,60.2,63.4,67.1,60.5,63.2,62.2,56.0,61.1,61.8,59.0,59.6,57.2,68.3,68.6,69.4,61.9,62.0,63.7,67.1,64.9,59.3,68.9,68.0,67.7,63.8,65.3,61.3,59.6,65.3,63.0,65.0,62.9
5816,70.8,67.9,68.8,68.7,70.8,72.0,72.2,70.4,71.3,71.0,72.9,71.0,72.8,70.3,71.8,71.8,71.0,67.0,72.2,73.4,71.1,70.7,72.5,68.9,68.8,71.0,72.6,70.3,69.8,72.0,71.0,71.3,66.8,68.2,68.2,67.9,72.1,67.2,69.0,67.3,69.8,71.5,67.0,69.5,70.1,68.9,66.5,71.6,73.7,65.8,69.6,66.4,69.5,68.4,65.5,65.5,67.6,71.0,64.8,67.5,65.2,60.9,66.7,70.5,62.3,65.8,63.2,71.1,72.4,72.8,67.1,67.0,68.6,72.9,71.5,66.0,72.6,71.6,71.0,67.4,68.9,64.9,65.9,68.5,66.1,68.5,66.3
5817,75.4,72.0,73.2,74.0,74.7,75.3,75.9,74.2,74.7,74.0,76.2,74.6,76.1,73.3,75.4,75.1,74.7,70.7,75.9,77.2,74.6,74.1,76.2,72.5,73.1,74.8,75.5,74.2,72.8,75.3,74.4,74.3,70.2,72.0,71.1,71.0,76.2,71.4,73.4,71.3,73.2,75.3,71.5,73.4,74.6,73.9,71.2,75.8,80.1,72.2,74.9,71.6,74.5,72.9,69.6,70.6,72.0,74.6,69.2,71.7,68.8,66.4,70.9,76.8,66.6,70.3,68.7,74.0,75.6,76.2,72.4,72.5,73.2,77.3,76.5,71.3,76.2,75.1,74.3,71.9,72.9,69.3,70.1,71.5,69.4,72.2,69.8
5818,79.5,76.0,76.8,78.3,78.0,78.4,79.2,77.8,77.3,76.7,79.2,77.5,78.9,76.0,78.4,77.9,78.1,74.2,78.7,80.0,77.6,77.3,79.2,75.7,77.0,78.2,78.2,77.5,75.7,77.9,77.7,76.9,73.4,75.2,74.2,74.1,79.3,75.2,77.5,74.8,76.3,78.3,75.7,76.6,78.6,77.4,75.7,79.7,84.4,77.4,78.7,77.1,79.0,76.6,74.0,74.6,76.0,78.4,73.1,74.8,72.7,71.3,74.6,81.4,71.1,74.3,73.2,76.6,78.3,79.0,76.8,76.8,77.5,80.5,80.3,76.0,79.0,78.0,77.2,75.9,76.5,73.8,72.9,73.9,72.5,75.4,73.1
5819,82.9,79.2,79.5,81.8,81.0,81.3,81.9,80.5,79.4,78.8,81.3,79.7,81.1,78.2,81.1,80.1,80.7,77.4,81.0,82.1,80.1,79.3,81.7,78.4,80.3,81.2,80.3,80.2,77.9,80.1,80.3,78.9,76.2,77.8,76.4,76.6,81.9,78.2,80.6,77.9,79.1,80.9,79.2,79.5,82.3,80.2,79.4,82.7,88.2,81.5,81.6,81.6,82.9,79.8,77.3,77.6,79.1,81.2,76.7,77.5,75.9,75.5,77.8,84.7,75.4,77.6,77.3,78.7,80.2,81.4,79.9,80.2,81.1,83.4,83.5,79.6,81.1,80.0,79.4,79.3,79.6,77.6,75.7,75.8,75.2,77.8,75.7
5820,85.6,81.4,81.5,84.4,83.2,83.4,84.0,82.5,81.1,80.4,82.8,81.4,82.6,79.8,83.1,81.4,82.7,80.1,82.5,83.7,82.0,81.0,83.5,80.2,82.9,83.4,81.9,82.1,79.5,81.8,82.1,80.4,78.2,79.7,78.4,78.5,83.7,80.8,83.0,80.3,81.6,82.5,81.9,82.4,85.2,82.3,82.5,84.8,91.2,84.4,82.9,85.0,85.5,82.2,79.6,79.9,81.1,83.7,79.6,79.6,78.9,78.9,80.5,87.3,79.4,80.1,81.1,80.4,81.7,82.7,82.3,83.0,83.8,85.9,86.3,81.9,82.4,81.3,81.2,82.1,82.0,80.7,78.3,77.2,77.2,79.5,77.6
5821,87.6,83.0,82.8,86.5,84.9,85.0,85.7,83.9,82.2,81.6,84.0,82.6,83.7,81.1,84.7,82.7,83.8,82.4,83.8,84.7,83.5,82.2,84.9,81.8,85.0,85.3,83.0,83.5,81.0,82.9,83.6,81.4,79.9,81.3,79.9,80.0,85.4,82.5,84.7,82.0,83.6,83.9,83.9,84.8,87.4,83.6,84.7,86.3,92.9,86.6,83.5,87.2,87.0,84.1,81.2,81.6,82.8,85.3,81.8,81.1,81.3,81.7,82.7,89.1,83.0,81.9,84.2,81.6,82.7,83.8,83.8,84.9,85.9,87.9,88.3,83.4,83.3,82.6,82.5,84.2,83.8,83.0,80.4,78.2,78.9,80.7,78.9
5822,88.7,83.6,83.7,87.9,86.0,86.2,86.7,85.0,82.9,82.6,84.5,83.2,84.3,82.0,85.5,83.5,84.9,83.9,84.0,85.2,84.5,83.2,85.8,83.0,86.3,86.4,84.0,84.4,81.7,83.7,84.5,82.1,80.9,82.2,80.9,81.0,86.3,83.0,86.0,82.3,85.1,84.4,85.6,86.4,88.6,83.5,86.0,87.0,93.7,87.5,83.9,88.4,87.9,85.2,82.3,82.7,83.9,86.4,83.9,82.1,83.0,84.0,84.3,90.6,85.8,82.9,86.3,82.5,83.4,84.5,84.0,86.4,87.1,89.2,89.8,84.1,84.1,83.2,83.2,85.7,85.1,84.3,81.8,78.6,80.2,81.6,79.8
5823,88.9,82.9,84.1,88.5,86.5,86.8,87.2,85.5,83.2,82.9,84.7,83.8,84.8,82.3,85.9,83.6,85.1,84.7,84.5,85.2,84.8,83.7,86.2,83.7,87.1,87.1,84.4,84.7,82.1,83.9,84.9,82.0,81.5,82.6,81.5,81.4,86.3,82.2,86.5,82.3,85.6,84.0,86.4,87.2,88.9,83.0,86.6,87.1,94.0,87.7,84.0,88.7,87.9,85.5,83.2,83.2,84.6,86.9,85.2,82.5,83.7,85.6,85.2,91.0,87.3,83.5,87.5,82.8,83.7,85.0,83.7,87.3,87.4,89.7,90.5,84.3,84.0,83.1,83.6,86.3,85.6,85.2,82.4,78.3,80.9,81.8,80.4
5824,88.2,81.7,83.3,88.6,86.5,86.6,87.1,85.2,82.7,82.6,84.1,83.5,84.3,82.1,85.7,83.3,85.0,84.7,84.1,84.4,84.6,83.2,85.9,83.4,87.1,86.9,84.3,84.5,81.9,83.6,84.8,81.7,81.5,82.4,81.6,81.3,85.6,80.8,86.3,81.5,85.0,82.8,86.5,87.4,88.2,82.1,86.2,86.6,93.2,87.2,83.6,88.1,87.0,84.7,83.2,83.1,84.6,86.9,85.6,82.4,83.6,86.4,85.3,90.7,87.8,83.1,87.5,82.7,83.2,84.4,83.1,87.4,86.7,89.5,90.4,83.5,83.4,82.8,83.3,86.4,85.6,85.2,82.4,77.4,80.9,81.7,80.3
5825,86.0,79.7,81.4,87.8,85.5,85.7,86.1,84.2,81.5,81.6,82.8,82.7,83.0,81.1,84.7,82.2,84.0,83.6,82.6,82.8,83.7,82.3,85.0,82.3,86.0,85.8,83.3,83.5,81.2,82.6,83.9,80.4,80.7,81.4,80.7,80.5,83.7,78.8,85.5,79.9,83.8,80.8,85.7,86.2,86.6,79.7,84.7,85.4,91.6,86.4,82.4,86.5,86.0,82.6,82.4,82.2,83.9,86.1,85.7,81.5,82.4,86.3,83.9,89.7,87.1,81.8,86.0,81.8,82.0,83.1,81.9,86.8,84.8,88.5,89.3,82.2,81.9,81.5,82.4,85.4,84.6,84.5,81.8,76.0,80.2,80.6,79.4
5826,81.9,76.2,76.6,85.8,83.7,83.8,84.0,81.9,78.8,79.4,80.0,80.8,80.0,79.3,82.6,79.9,81.3,80.1,79.7,79.4,81.3,79.8,82.8,79.9,83.9,83.4,81.7,81.1,79.0,80.4,81.8,77.8,78.6,79.3,79.0,78.5,80.2,75.3,83.6,76.7,81.9,76.2,83.6,84.0,82.7,76.0,82.2,82.6,87.4,84.3,80.7,83.7,83.8,77.4,80.9,79.7,82.5,84.2,84.4,78.8,79.8,84.8,80.8,86.3,84.4,78.2,82.2,79.9,79.6,80.3,79.2,84.4,81.2,87.0,85.7,80.2,78.7,78.6,80.1,83.3,82.4,82.3,79.7,73.7,78.4,78.5,77.1
5827,76.6,71.3,70.9,81.8,80.4,80.6,80.5,77.2,74.8,75.8,75.9,77.3,75.7,76.3,78.6,75.7,75.8,73.2,75.4,74.8,77.3,75.4,78.3,75.4,79.4,78.7,79.4,77.0,74.7,76.7,77.7,73.6,74.3,75.6,75.8,74.7,75.2,70.8,80.0,72.2,79.1,71.0,79.6,79.4,77.8,71.9,78.0,77.0,81.3,79.6,77.5,80.0,80.0,71.5,77.8,74.9,78.5,80.2,81.4,73.2,76.6,80.4,74.4,78.9,79.7,71.8,76.2,77.0,75.5,75.7,75.3,80.5,76.6,82.6,78.9,75.5,74.0,74.1,76.0,79.0,78.0,77.9,73.0,71.0,75.0,74.7,72.4
5828,74.0,68.5,68.2,77.6,77.3,77.7,77.9,73.8,72.7,74.0,73.8,74.6,73.6,74.3,75.7,73.5,72.3,69.2,73.1,72.5,74.2,72.7,75.7,72.7,74.6,74.7,77.4,74.3,71.8,74.3,74.6,71.5,70.7,72.7,73.1,71.3,72.8,68.2,76.1,69.2,76.6,68.7,75.0,75.2,75.1,69.3,75.2,73.2,78.6,74.2,74.3,77.3,75.9,69.2,74.2,71.4,74.6,76.8,77.1,70.6,73.2,73.2,69.8,75.0,75.7,68.0,72.1,75.1,73.1,73.3,72.3,75.4,73.6,78.2,75.1,71.5,71.8,72.0,73.5,74.1,74.0,73.4,66.1,69.1,71.8,71.9,68.7
5829,71.6,66.5,66.2,74.8,75.3,76.0,76.2,72.0,71.3,72.5,72.1,73.0,72.0,72.7,74.0,72.1,70.7,66.9,71.7,71.3,72.4,71.3,74.0,71.4,72.3,73.2,75.9,72.3,70.1,72.9,72.7,70.5,68.9,70.9,71.4,69.3,70.7,66.4,73.8,67.4,74.6,67.4,72.4,73.1,73.0,67.4,72.6,70.9,75.7,70.9,71.8,74.9,73.3,67.5,72.0,68.4,71.8,74.4,73.4,68.9,70.7,69.1,66.8,71.9,72.7,65.8,69.3,73.8,71.7,72.1,70.5,72.8,71.0,75.8,72.1,69.4,70.4,70.5,72.0,71.7,72.2,70.7,65.3,67.7,70.0,70.2,66.8
5830,69.8,65.3,64.7,72.8,73.6,74.6,74.7,70.8,70.3,71.4,71.0,71.8,70.9,71.4,72.7,71.0,69.4,64.9,70.5,70.2,71.0,70.1,72.6,70.1,70.7,71.9,74.6,71.0,68.9,71.8,71.6,69.6,67.7,69.4,70.0,68.1,69.2,64.8,72.1,65.9,73.4,66.1,70.5,71.6,71.2,65.8,70.1,68.5,72.2,69.0,70.2,72.5,71.6,66.0,70.7,65.6,70.3,72.8,70.9,67.4,68.7,67.2,64.2,68.9,70.4,63.7,66.8,72.5,70.6,71.1,68.8,70.9,68.7,73.9,69.2,67.5,69.4,69.3,70.8,70.1,70.9,68.9,65.0,66.7,68.4,68.9,65.4
5831,68.1,63.9,63.6,71.1,72.0,73.4,73.5,69.7,69.3,70.5,69.9,70.6,69.7,70.5,71.6,70.1,68.5,63.2,69.5,69.1,70.0,69.3,71.4,69.3,69.5,70.9,73.5,69.8,68.0,70.8,70.7,68.9,66.7,68.0,69.0,67.2,68.1,63.7,70.7,64.6,72.1,65.3,69.1,70.0,69.5,64.7,68.1,66.3,69.1,67.2,68.8,69.8,70.1,64.7,69.3,63.5,69.1,71.3,69.3,66.3,66.8,65.4,63.0,66.2,68.1,62.0,64.8,71.6,69.5,70.1,67.3,69.1,66.8,72.3,65.9,66.2,68.5,68.5,69.9,68.7,69.9,67.4,64.2,65.8,67.3,67.7,64.3
5832,66.5,63.0,62.5,69.7,70.8,72.2,72.1,68.7,68.7,69.7,69.0,69.7,68.9,69.5,70.6,69.1,67.8,61.5,68.7,68.4,69.0,68.4,70.5,68.4,68.3,69.8,72.7,68.8,67.1,69.8,69.8,68.2,65.8,66.8,68.0,66.3,67.1,62.6,69.4,63.1,70.9,64.6,67.6,68.8,67.9,63.7,66.2,64.4,65.4,65.2,67.6,67.2,68.9,63.7,67.9,61.7,67.8,70.0,67.3,65.2,64.9,64.0,61.4,63.8,65.9,60.3,62.7,70.6,68.7,69.2,65.9,67.4,65.0,70.8,63.8,64.7,67.7,67.6,69.0,67.5,68.7,66.3,63.6,65.0,66.2,66.7,63.5
5833,65.1,61.9,61.6,68.2,69.7,71.2,71.1,67.9,67.9,68.9,68.1,68.9,68.1,68.7,69.7,68.5,67.1,60.2,67.9,67.7,68.2,67.6,69.6,67.5,67.4,68.9,71.9,67.8,66.3,69.1,68.9,67.5,64.9,66.0,67.1,65.3,66.2,61.5,68.2,61.9,69.8,63.6,66.4,67.1,66.3,62.6,64.7,62.5,62.8,63.5,66.4,64.9,67.1,62.7,66.8,60.0,66.7,68.8,66.1,63.8,63.7,62.5,59.7,61.4,63.6,58.4,60.4,69.8,68.0,68.4,64.4,65.9,63.5,69.2,61.9,63.2,66.9,67.0,68.3,66.5,67.9,65.2,62.9,64.3,65.1,65.9,62.9
5834,63.6,61.0,60.7,67.1,68.8,70.3,70.2,67.2,67.1,68.1,67.2,68.1,67.4,68.0,69.0,67.8,66.5,58.6,67.1,67.1,67.5,66.8,68.7,66.7,66.3,68.1,71.2,67.1,65.7,68.4,68.1,67.0,64.0,65.2,66.4,64.7,65.4,60.6,67.5,60.4,68.6,62.9,65.4,65.9,64.8,61.7,63.2,61.1,60.6,61.5,65.4,63.1,65.7,61.7,65.7,58.5,65.5,67.7,64.7,62.1,62.4,61.2,58.2,59.2,61.6,56.8,58.3,69.2,67.3,67.8,63.1,64.9,62.0,67.8,60.0,61.2,66.3,66.2,67.6,65.7,66.9,64.0,61.8,63.6,64.3,65.1,62.3
5835,62.2,60.1,59.9,66.1,68.1,69.5,69.4,66.3,66.4,67.4,66.6,67.4,66.8,67.3,68.2,67.2,66.1,57.2,66.4,66.4,66.9,66.2,68.1,65.9,65.5,67.4,70.5,66.4,65.0,67.8,67.4,66.5,63.4,64.5,65.8,64.1,64.5,59.5,66.6,59.0,67.6,62.1,64.4,64.7,63.5,60.6,61.8,59.8,58.5,59.9,64.5,61.4,64.5,60.9,64.5,57.4,64.5,67.0,63.4,61.0,61.1,59.9,57.1,56.7,60.2,55.0,56.3,68.3,66.7,67.0,61.9,63.9,60.8,66.5,58.3,60.0,65.9,65.6,67.0,64.9,66.1,63.1,61.0,62.9,63.5,64.6,61.5
5836,60.9,59.2,59.1,65.2,67.5,68.7,68.5,65.6,65.8,67.0,66.0,66.8,66.3,66.7,67.5,66.7,65.5,56.0,65.9,65.9,66.3,65.6,67.6,65.1,65.0,66.6,69.8,65.7,64.6,67.2,66.8,66.0,62.6,63.7,65.1,63.5,63.8,58.7,65.9,57.7,66.5,61.6,63.6,63.6,62.3,59.5,60.6,58.5,57.2,58.9,63.3,60.0,63.1,59.8,63.5,55.9,63.4,66.3,62.1,60.1,60.0,58.5,56.1,55.0,58.7,53.7,54.6,67.7,66.2,66.4,60.8,62.9,59.7,65.4,57.0,58.5,65.4,65.0,66.5,64.0,65.2,62.2,60.0,62.3,62.8,64.0,61.0
5837,60.0,58.5,58.4,64.4,66.7,68.3,68.1,65.0,65.3,66.4,65.6,66.2,65.8,66.3,66.8,66.2,65.0,54.9,65.5,65.4,65.7,65.1,67.1,64.7,64.3,65.9,69.1,65.1,64.0,66.6,66.2,65.5,62.0,63.2,64.5,62.9,63.2,58.1,65.0,56.8,65.7,60.9,62.9,62.5,61.2,58.6,59.7,57.5,55.8,57.8,62.5,58.6,61.9,59.0,62.5,54.9,62.6,65.5,60.9,58.6,58.7,57.2,55.0,53.6,57.6,52.8,53.0,67.2,65.7,65.8,59.6,62.1,58.8,64.3,55.9,57.5,65.0,64.6,66.0,63.2,64.7,61.2,58.6,61.9,62.3,63.3,60.5
5838,60.1,58.5,58.8,63.5,66.1,67.8,67.6,64.6,65.1,66.2,65.6,65.8,65.8,65.9,66.4,65.8,64.6,55.6,65.3,65.8,65.2,64.9,66.7,64.0,63.6,65.4,68.8,64.7,63.9,66.4,65.7,65.3,61.5,62.6,64.1,62.7,63.1,57.8,64.5,56.2,65.0,61.6,62.2,61.4,61.2,58.3,58.9,58.0,55.0,56.7,61.8,58.3,61.0,59.4,61.5,55.2,61.7,64.9,59.8,58.4,59.1,55.7,54.9,53.3,56.7,52.9,51.6,66.7,65.4,65.8,58.6,61.3,58.8,63.2,55.9,56.1,65.2,64.7,65.7,62.6,64.0,60.3,57.3,62.4,61.9,62.9,60.1
5839,65.2,62.6,63.4,63.8,67.3,68.7,68.8,66.5,67.3,67.8,69.1,67.6,69.0,67.1,67.7,68.0,66.8,62.0,68.2,69.2,67.1,67.0,68.7,65.0,64.5,66.7,69.9,66.2,66.1,68.5,67.4,68.0,62.8,64.3,65.1,64.4,67.3,61.9,64.6,61.6,66.7,66.0,62.9,64.6,65.2,63.0,62.4,64.8,65.2,58.6,63.5,61.4,64.0,63.4,62.2,59.9,63.2,66.7,60.2,62.9,62.0,55.9,60.8,61.6,58.8,59.2,56.9,68.0,68.4,69.1,61.8,61.8,63.4,66.8,64.6,58.8,68.7,67.7,67.4,63.4,65.0,60.9,59.3,65.3,62.6,64.6,62.3
5840,70.3,67.2,68.4,68.4,70.5,71.6,71.9,69.9,70.9,70.6,72.5,70.6,72.5,70.0,71.4,71.3,70.5,66.7,71.9,73.1,70.6,70.3,72.2,68.5,68.4,70.6,72.2,69.9,69.3,71.8,70.6,71.0,66.2,67.6,67.6,67.3,71.7,66.6,68.7,67.0,69.6,71.0,66.6,69.1,69.6,68.6,66.3,71.2,73.5,65.5,69.3,66.2,69.2,67.9,65.2,65.3,67.3,70.6,64.5,67.2,65.0,60.7,66.3,70.2,62.2,65.5,63.0,70.8,72.2,72.4,67.0,66.7,68.2,72.5,71.2,65.5,72.3,71.3,70.6,66.9,68.5,64.4,65.4,68.5,65.6,68.1,65.7
5841,74.9,71.4,72.7,73.6,74.3,74.9,75.5,73.8,74.3,73.5,75.8,74.2,75.7,72.9,74.9,74.6,74.2,70.4,75.5,76.9,74.1,73.7,76.0,72.0,72.7,74.4,75.0,73.8,72.4,74.9,74.0,74.0,69.6,71.4,70.5,70.4,75.7,70.8,73.0,71.0,73.0,74.8,71.0,73.0,74.1,73.5,71.0,75.4,79.9,71.9,74.7,71.3,74.3,72.4,69.2,70.3,71.7,74.2,68.9,71.4,68.5,66.2,70.6,76.4,66.4,70.1,68.4,73.6,75.4,75.8,72.3,72.1,72.7,76.8,76.1,70.8,75.9,74.7,73.9,71.4,72.5,68.7,69.6,71.4,68.9,71.7,69.3
5842,78.9,75.4,76.4,77.8,77.6,78.0,78.9,77.3,76.9,76.2,78.7,77.1,78.4,75.6,78.0,77.3,77.7,73.9,78.3,79.8,77.2,76.8,78.9,75.3,76.6,77.9,77.7,77.2,75.3,77.5,77.3,76.5,72.9,74.7,73.6,73.6,78.8,74.6,76.9,74.5,76.1,77.7,75.2,76.1,78.1,76.9,75.4,79.4,84.2,77.0,78.5,76.8,78.8,76.2,73.5,74.4,75.6,77.9,72.7,74.6,72.4,71.0,74.3,81.0,70.9,74.1,73.0,76.2,78.1,78.6,76.6,76.4,77.0,79.9,80.0,75.5,78.7,77.6,76.7,75.4,76.1,73.2,72.5,73.8,72.0,74.9,72.6
5843,82.3,78.6,79.2,81.2,80.5,80.9,81.6,80.0,79.0,78.3,80.8,79.3,80.5,77.7,80.8,79.6,80.3,77.1,80.5,81.8,79.7,78.9,81.3,77.9,79.7,80.8,79.9,79.8,77.5,79.7,79.9,78.5,75.6,77.3,75.9,76.1,81.4,77.6,80.0,77.6,78.8,80.3,78.7,79.0,81.7,79.7,79.2,82.4,88.0,81.0,81.4,81.4,82.6,79.3,76.9,77.4,78.7,80.7,76.2,77.2,75.6,75.2,77.4,84.3,75.2,77.3,77.0,78.3,80.0,80.9,79.8,79.7,80.5,82.9,83.1,79.1,80.8,79.5,78.9,78.8,79.2,77.0,75.2,75.7,74.7,77.4,75.2
5844,85.0,80.8,81.1,84.0,82.7,83.0,83.7,82.1,80.6,79.9,82.4,80.9,82.1,79.3,82.7,80.9,82.2,79.8,82.1,83.4,81.6,80.5,83.0,79.8,82.2,83.0,81.4,81.7,79.1,81.3,81.7,79.9,77.6,79.3,77.9,78.0,83.2,80.3,82.4,80.1,81.4,81.9,81.3,81.8,84.6,81.7,82.2,84.4,90.9,84.0,82.7,84.7,85.2,81.8,79.1,79.7,80.7,83.2,79.1,79.4,78.5,78.6,80.2,86.9,79.2,79.9,80.9,80.0,81.4,82.3,82.1,82.4,83.4,85.3,85.9,81.5,82.1,80.8,80.7,81.5,81.6,80.1,77.9,77.1,76.8,79.2,77.2
5845,87.0,82.4,82.4,86.0,84.4,84.5,85.2,83.5,81.7,81.0,83.5,82.1,83.3,80.7,84.1,82.2,83.3,82.1,83.3,84.4,83.0,81.7,84.3,81.5,84.3,84.7,82.5,83.0,80.5,82.5,83.2,81.0,79.4,80.8,79.4,79.6,84.9,81.9,84.1,81.8,83.5,83.3,83.3,84.2,86.8,83.0,84.3,85.9,92.6,86.2,83.2,86.9,86.7,83.6,80.8,81.4,82.3,84.8,81.3,80.8,80.9,81.3,82.4,88.8,82.8,81.6,83.9,81.2,82.5,83.3,83.7,84.3,85.4,87.3,87.9,83.0,83.0,82.0,82.0,83.7,83.4,82.5,79.9,78.1,78.5,80.2,78.4
5846,88.1,83.0,83.2,87.2,85.5,85.6,86.2,84.6,82.4,82.0,84.1,82.8,83.9,81.5,84.9,82.9,84.4,83.7,83.6,84.8,83.9,82.7,85.2,82.7,85.6,85.9,83.4,83.8,81.2,83.3,84.0,81.6,80.6,81.8,80.5,80.6,85.8,82.4,85.4,82.1,85.0,83.8,85.0,85.8,88.0,82.9,85.7,86.5,93.4,87.1,83.6,88.0,87.6,84.6,81.8,82.5,83.4,85.8,83.4,81.9,82.6,83.6,84.0,90.2,85.6,82.7,86.0,82.0,83.0,84.0,83.9,85.8,86.6,88.6,89.4,83.7,83.7,82.7,82.6,85.2,84.6,83.8,81.3,78.4,79.9,81.2,79.4
5847,88.4,82.2,83.5,87.8,85.9,86.2,86.6,85.0,82.7,82.4,84.3,83.3,84.3,81.8,85.3,83.1,84.6,84.5,84.1,84.9,84.2,83.1,85.5,83.4,86.3,86.4,83.9,84.1,81.6,83.6,84.4,81.6,81.1,82.2,81.1,81.0,85.7,81.8,85.8,82.1,85.4,83.4,85.7,86.6,88.3,82.4,86.2,86.6,93.6,87.3,83.6,88.2,87.7,84.9,82.6,83.0,84.0,86.3,84.6,82.3,83.3,85.2,84.9,90.6,87.2,83.3,87.2,82.3,83.2,84.4,83.4,86.7,87.0,89.2,90.1,83.9,83.7,82.6,83.1,85.9,85.1,84.7,81.8,78.1,80.6,81.5,80.1
5848,87.6,81.1,82.7,87.8,85.9,85.9,86.5,84.7,82.2,82.1,83.7,83.0,83.9,81.6,85.0,82.7,84.5,84.5,83.7,84.1,84.1,82.6,85.3,83.1,86.4,86.2,83.7,83.9,81.4,83.2,84.3,81.3,81.1,82.1,81.1,80.9,85.0,80.3,85.6,81.2,84.8,82.3,85.9,86.6,87.7,81.5,85.7,86.1,92.8,86.8,83.4,87.6,86.7,84.0,82.7,82.9,84.0,86.2,85.2,82.1,83.2,86.0,85.0,90.3,87.7,82.9,87.3,82.2,82.8,83.9,82.9,86.7,86.4,88.9,90.0,83.1,83.1,82.3,82.7,85.9,85.1,84.8,81.8,77.2,80.6,81.3,80.0
5849,85.5,79.0,80.9,87.1,85.0,85.1,85.5,83.7,80.9,81.1,82.3,82.2,82.6,80.6,84.1,81.6,83.5,83.3,82.2,82.5,83.1,81.8,84.3,82.0,85.3,85.2,82.8,83.0,80.7,82.2,83.4,79.9,80.4,81.2,80.4,80.1,83.2,78.2,84.9,79.7,83.7,80.2,85.1,85.6,86.0,79.3,84.4,84.8,91.1,85.9,82.2,85.9,85.7,81.9,81.8,81.9,83.3,85.5,85.2,81.2,82.0,85.9,83.6,89.3,86.9,81.6,85.8,81.2,81.6,82.6,81.6,86.1,84.3,88.0,88.8,81.8,81.6,81.0,81.8,84.9,84.1,84.0,81.2,75.8,79.9,80.2,79.1
5850,81.3,75.5,76.0,85.1,83.2,83.2,83.4,81.4,78.3,78.9,79.5,80.3,79.5,78.8,82.0,79.3,80.8,79.7,79.2,79.0,80.8,79.3,82.1,79.6,83.2,82.8,81.2,80.6,78.5,80.0,81.3,77.3,78.3,79.0,78.6,78.2,79.7,74.6,83.0,76.4,81.7,75.7,83.1,83.4,82.2,75.6,81.9,81.9,86.8,83.8,80.4,83.2,83.4,76.8,80.3,79.4,81.9,83.6,83.8,78.5,79.4,84.3,80.4,85.8,84.2,77.9,82.0,79.3,79.3,79.8,78.8,83.7,80.8,86.4,85.1,79.7,78.4,78.1,79.6,82.9,81.8,81.9,79.1,73.4,78.0,78.1,76.8
5851,76.1,70.6,70.4,81.2,79.8,80.0,79.9,76.7,74.4,75.4,75.6,76.9,75.3,75.9,78.1,75.2,75.3,72.9,75.0,74.4,76.8,75.0,77.6,75.1,78.7,78.0,78.9,76.5,74.3,76.3,77.2,73.2,74.0,75.3,75.4,74.2,74.7,70.3,79.4,72.1,78.8,70.5,79.0,78.8,77.3,71.5,77.7,76.3,80.9,79.1,77.2,79.5,79.6,71.0,77.1,74.6,77.8,79.6,80.8,72.9,76.2,79.8,74.0,78.4,79.5,71.5,75.9,76.5,75.1,75.2,75.0,79.8,76.2,82.0,78.3,75.0,73.6,73.7,75.6,78.5,77.4,77.3,72.2,70.8,74.6,74.3,72.0
5852,73.5,67.8,67.8,77.1,76.8,77.2,77.4,73.5,72.3,73.6,73.4,74.2,73.2,73.9,75.2,73.1,72.0,68.9,72.7,72.2,73.9,72.4,75.1,72.4,74.0,74.2,77.0,73.8,71.4,73.9,74.3,71.1,70.3,72.3,72.7,70.8,72.2,67.7,75.5,69.1,76.3,68.3,74.6,74.7,74.7,68.9,74.9,72.7,78.1,73.7,74.0,76.9,75.6,68.7,73.5,71.1,74.0,76.2,76.6,70.3,72.8,72.7,69.5,74.5,75.4,67.7,72.0,74.7,72.8,72.9,72.0,74.8,73.1,77.6,74.6,71.1,71.5,71.5,73.1,73.7,73.6,72.9,65.6,68.8,71.5,71.5,68.3
5853,71.1,66.0,65.8,74.3,74.9,75.5,75.7,71.8,70.9,72.1,71.8,72.6,71.5,72.4,73.6,71.7,70.4,66.6,71.3,71.0,72.1,71.0,73.5,71.1,71.8,72.7,75.5,71.9,69.8,72.5,72.4,70.1,68.6,70.6,71.1,69.0,70.2,65.9,73.2,67.2,74.2,67.0,72.0,72.7,72.6,67.0,72.2,70.5,75.2,70.4,71.5,74.4,72.9,67.1,71.4,68.1,71.2,73.8,72.9,68.7,70.4,68.7,66.5,71.4,72.6,65.7,69.2,73.4,71.4,71.7,70.2,72.2,70.6,75.3,71.7,69.0,70.1,70.1,71.6,71.3,71.8,70.3,64.8,67.5,69.6,69.8,66.5
5854,69.4,64.8,64.2,72.4,73.2,74.0,74.2,70.5,70.0,71.1,70.6,71.4,70.4,71.1,72.2,70.7,69.1,64.6,70.2,69.9,70.7,70.0,72.1,69.8,70.2,71.5,74.2,70.6,68.7,71.5,71.3,69.3,67.4,69.1,69.7,67.9,68.7,64.4,71.6,65.7,73.0,65.7,70.2,71.1,70.8,65.5,69.9,68.1,71.8,68.5,69.8,72.0,71.2,65.5,70.1,65.4,69.8,72.2,70.5,67.2,68.4,66.8,64.1,68.3,70.2,63.5,66.6,72.1,70.3,70.7,68.6,70.4,68.2,73.4,68.7,67.1,69.1,69.0,70.5,69.8,70.5,68.5,64.4,66.4,68.0,68.6,65.1
5855,67.7,63.5,63.2,70.7,71.7,72.9,72.9,69.4,69.0,70.2,69.5,70.2,69.2,70.2,71.2,69.8,68.2,62.9,69.2,68.9,69.7,69.1,71.0,68.9,69.1,70.5,73.1,69.4,67.8,70.5,70.4,68.6,66.3,67.7,68.7,66.9,67.6,63.1,70.2,64.4,71.8,64.8,68.7,69.5,69.1,64.3,67.8,65.9,68.7,66.7,68.4,69.4,69.7,64.3,68.8,63.3,68.5,70.8,68.9,66.1,66.5,65.1,62.8,65.7,67.9,61.9,64.6,71.2,69.3,69.7,67.0,68.6,66.3,71.8,65.6,65.7,68.2,68.2,69.6,68.4,69.5,67.0,63.7,65.5,66.9,67.5,64.0
5856,66.1,62.5,62.1,69.3,70.5,71.7,71.7,68.4,68.4,69.3,68.7,69.4,68.5,69.2,70.1,68.9,67.5,61.3,68.4,68.2,68.6,68.2,70.1,68.0,68.0,69.4,72.3,68.4,66.8,69.6,69.4,68.0,65.4,66.6,67.8,66.0,66.5,62.1,69.0,62.8,70.6,64.2,67.2,68.4,67.5,63.3,66.0,64.1,65.0,64.7,67.3,66.8,68.5,63.3,67.4,61.5,67.3,69.5,66.9,65.0,64.7,63.6,61.3,63.4,65.7,60.1,62.6,70.3,68.5,68.8,65.7,67.0,64.6,70.4,63.3,64.3,67.4,67.4,68.7,67.3,68.4,65.8,63.0,64.7,65.8,66.5,63.1
5857,64.7,61.4,61.3,67.8,69.4,70.7,70.6,67.6,67.7,68.6,67.8,68.6,67.8,68.3,69.3,68.3,66.8,59.9,67.6,67.5,67.9,67.5,69.2,67.2,67.0,68.6,71.5,67.5,66.1,68.8,68.6,67.3,64.6,65.7,66.8,65.0,65.8,61.0,67.8,61.5,69.6,63.3,66.1,66.6,66.0,62.2,64.5,62.2,62.5,63.0,66.1,64.6,66.7,62.3,66.3,59.9,66.2,68.3,65.7,63.6,63.5,62.2,59.5,61.0,63.4,58.2,60.1,69.5,67.8,68.0,64.1,65.4,63.2,68.8,61.5,62.8,66.7,66.8,68.0,66.3,67.6,64.8,62.3,64.0,64.7,65.8,62.5
5858,63.4,60.4,60.4,66.8,68.5,69.8,69.8,66.8,67.0,67.8,66.9,67.8,67.1,67.7,68.6,67.6,66.1,58.3,66.9,66.9,67.1,66.7,68.4,66.4,66.0,67.8,70.8,66.8,65.4,68.1,67.8,66.8,63.7,64.9,66.1,64.4,65.0,60.0,67.1,60.1,68.4,62.6,65.1,65.5,64.4,61.3,62.9,60.8,60.5,61.2,65.1,62.7,65.2,61.3,65.2,58.5,65.0,67.3,64.3,61.9,62.1,60.8,58.0,58.9,61.4,56.6,58.0,68.8,67.1,67.5,62.8,64.5,61.7,67.5,59.6,60.8,66.1,66.1,67.3,65.4,66.6,63.7,61.4,63.3,63.9,64.9,61.9
5859,62.0,59.6,59.6,65.7,67.8,69.1,69.0,66.0,66.3,67.1,66.3,67.3,66.6,67.0,67.8,67.0,65.7,56.9,66.2,66.2,66.6,66.1,67.8,65.6,65.2,67.1,70.1,66.0,64.7,67.6,67.2,66.3,63.1,64.3,65.5,63.8,64.2,59.0,66.2,58.7,67.4,61.8,64.1,64.2,63.1,60.3,61.5,59.5,58.3,59.6,64.2,61.1,64.2,60.5,64.0,57.3,64.0,66.5,63.0,60.8,60.9,59.5,56.9,56.4,60.0,54.9,56.0,67.9,66.5,66.8,61.7,63.5,60.4,66.0,57.9,59.6,65.7,65.5,66.7,64.7,65.9,62.8,60.5,62.6,63.2,64.4,61.2
5860,60.7,58.6,58.8,64.8,67.2,68.3,68.2,65.4,65.7,66.6,65.8,66.7,66.1,66.4,67.2,66.5,65.2,55.8,65.8,65.7,66.0,65.5,67.3,64.8,64.7,66.3,69.4,65.4,64.3,67.0,66.6,65.8,62.3,63.4,64.8,63.2,63.4,58.1,65.4,57.5,66.4,61.2,63.2,63.1,62.0,59.2,60.3,58.1,57.0,58.5,63.0,59.7,62.8,59.4,63.0,55.8,63.0,65.8,61.7,59.8,59.8,58.2,55.9,54.8,58.5,53.6,54.3,67.4,66.0,66.2,60.5,62.6,59.3,64.9,56.6,58.0,65.2,64.9,66.2,63.9,65.0,61.9,59.5,62.0,62.5,63.7,60.6
5861,59.7,58.0,58.1,64.0,66.4,67.9,67.8,64.8,65.2,66.0,65.4,66.1,65.7,66.0,66.5,66.0,64.7,54.7,65.4,65.2,65.4,65.0,66.8,64.4,64.0,65.7,68.8,64.9,63.7,66.5,65.9,65.4,61.7,63.0,64.3,62.7,62.8,57.6,64.6,56.6,65.4,60.6,62.6,62.2,60.9,58.2,59.4,57.2,55.6,57.3,62.2,58.2,61.6,58.7,62.1,54.8,62.3,65.1,60.6,58.4,58.5,56.9,54.8,53.3,57.4,52.7,52.8,66.9,65.5,65.7,59.4,61.8,58.5,63.8,55.5,57.1,64.8,64.5,65.7,63.0,64.4,61.0,58.1,61.6,62.0,63.1,60.2
5862,59.8,58.0,58.5,63.1,65.8,67.4,67.3,64.4,65.0,65.8,65.5,65.7,65.6,65.6,66.0,65.7,64.3,55.4,65.2,65.6,65.0,64.8,66.5,63.8,63.4,65.1,68.4,64.5,63.6,66.3,65.5,65.2,61.3,62.4,63.8,62.4,62.8,57.2,64.2,56.0,64.8,61.1,61.9,61.1,60.9,57.9,58.6,57.6,54.8,56.2,61.4,57.9,60.7,59.0,61.1,55.0,61.3,64.4,59.5,58.2,58.8,55.5,54.8,53.1,56.5,52.7,51.3,66.4,65.3,65.7,58.4,61.0,58.4,62.8,55.5,55.7,64.9,64.5,65.4,62.4,63.7,60.1,56.8,62.1,61.6,62.7,59.9
5863,64.8,62.1,62.9,63.4,66.9,68.3,68.4,66.2,67.1,67.4,68.8,67.4,68.7,66.8,67.3,67.8,66.4,61.7,68.0,68.9,66.7,66.8,68.4,64.7,64.2,66.4,69.5,65.9,65.8,68.2,67.1,67.8,62.6,64.0,64.9,64.1,66.8,61.4,64.2,61.3,66.4,65.4,62.5,64.3,64.8,62.5,62.1,64.4,64.8,58.2,63.1,61.0,63.6,62.9,61.7,59.6,62.7,66.2,59.8,62.6,61.8,55.6,60.5,61.2,58.6,59.0,56.6,67.6,68.2,68.7,61.5,61.4,63.0,66.3,64.1,58.3,68.4,67.4,67.0,63.1,64.6,60.5,58.7,64.9,62.3,64.3,61.9
5864,69.9,66.6,67.9,68.0,70.1,71.2,71.5,69.6,70.6,70.2,72.1,70.4,72.1,69.6,71.0,71.0,70.1,66.4,71.4,72.8,70.3,70.0,71.9,68.1,68.0,70.2,71.8,69.5,69.0,71.5,70.2,70.7,65.8,67.3,67.3,67.0,71.0,66.1,68.1,66.7,69.3,70.3,66.2,68.7,69.1,68.1,65.9,70.7,73.1,64.9,69.0,65.8,68.8,67.4,64.6,65.0,66.7,70.0,64.0,67.0,64.7,60.4,66.0,69.8,62.0,65.3,62.8,70.4,72.0,71.9,66.7,66.2,67.7,72.0,70.7,64.9,72.0,70.9,70.2,66.6,68.1,64.0,64.9,68.1,65.3,67.7,65.4
5865,74.4,70.9,72.1,73.1,73.9,74.5,75.1,73.4,74.0,73.0,75.4,73.9,75.3,72.5,74.5,74.2,73.8,70.2,75.0,76.5,73.7,73.5,75.6,71.7,72.2,74.0,74.6,73.4,72.0,74.7,73.5,73.6,69.2,71.2,70.2,70.2,75.1,70.4,72.4,70.6,72.7,74.1,70.6,72.6,73.5,73.0,70.6,74.9,79.6,71.2,74.3,71.0,73.9,71.9,68.7,70.1,71.1,73.6,68.5,71.1,68.2,65.9,70.3,76.0,66.3,70.0,68.1,73.2,75.1,75.3,72.0,71.5,72.2,76.2,75.7,70.2,75.6,74.3,73.5,70.9,72.0,68.3,69.0,71.1,68.5,71.4,69.0
5866,78.4,74.9,75.7,77.4,77.1,77.6,78.5,76.9,76.7,75.7,78.3,76.8,78.1,75.1,77.6,77.0,77.2,73.7,77.8,79.4,76.8,76.5,78.5,74.9,76.0,77.4,77.3,76.7,74.9,77.3,76.9,76.2,72.4,74.4,73.3,73.3,78.2,74.2,76.3,74.1,75.7,77.1,74.7,75.7,77.6,76.4,75.0,78.8,83.8,76.4,78.1,76.4,78.3,75.6,72.9,74.2,75.0,77.2,72.3,74.3,72.1,70.6,74.1,80.6,70.8,73.9,72.7,75.8,77.8,78.1,76.3,75.8,76.5,79.4,79.5,74.9,78.5,77.2,76.3,74.8,75.7,72.6,72.0,73.4,71.6,74.5,72.3
5867,81.8,78.1,78.5,80.7,80.0,80.5,81.2,79.6,78.8,77.9,80.5,79.0,80.2,77.3,80.4,79.2,79.8,76.9,80.1,81.4,79.2,78.6,80.9,77.5,79.2,80.4,79.4,79.3,77.1,79.4,79.5,78.2,75.1,76.9,75.6,75.9,80.8,77.2,79.3,77.2,78.5,79.6,78.2,78.6,81.2,79.2,78.7,81.8,87.6,80.4,81.0,81.0,82.1,78.8,76.3,77.2,78.0,80.0,75.7,77.0,75.3,74.9,77.3,83.9,75.1,77.2,76.8,77.9,79.8,80.4,79.5,79.1,80.1,82.3,82.7,78.4,80.5,79.0,78.4,78.1,78.7,76.4,74.7,75.3,74.2,77.0,75.0
5868,84.5,80.3,80.5,83.4,82.2,82.7,83.3,81.6,80.3,79.5,82.0,80.7,81.8,78.9,82.2,80.6,81.8,79.7,81.7,83.0,81.1,80.2,82.7,79.4,81.7,82.5,81.0,81.3,78.7,81.1,81.3,79.7,77.0,78.8,77.6,77.8,82.7,79.8,81.7,79.7,81.0,81.3,80.8,81.3,84.1,81.1,81.7,83.9,90.4,83.4,82.4,84.3,84.8,81.2,78.5,79.5,80.1,82.4,78.6,79.2,78.3,78.3,80.0,86.5,79.1,79.7,80.6,79.5,81.2,81.8,81.8,81.8,82.9,84.8,85.5,80.9,81.8,80.4,80.2,80.9,81.0,79.4,77.4,76.7,76.3,78.8,76.9
5869,86.5,81.8,81.8,85.4,83.8,84.2,84.9,83.0,81.4,80.6,83.2,81.9,83.0,80.2,83.8,81.8,82.9,81.9,83.0,83.9,82.6,81.3,84.0,81.0,83.8,84.3,82.1,82.5,80.1,82.2,82.7,80.8,78.8,80.4,79.1,79.3,84.4,81.3,83.4,81.3,83.2,82.7,82.8,83.7,86.3,82.6,83.9,85.4,92.2,85.6,83.0,86.5,86.4,82.9,80.2,81.1,81.6,84.0,80.8,80.6,80.7,81.0,82.2,88.3,82.7,81.5,83.6,80.7,82.2,82.9,83.3,83.8,85.0,86.7,87.4,82.5,82.7,81.6,81.5,83.1,82.8,81.8,79.4,77.7,77.8,79.9,78.2
5870,87.6,82.4,82.6,86.7,84.9,85.3,85.7,84.1,82.2,81.5,83.8,82.5,83.7,81.0,84.5,82.6,83.9,83.5,83.3,84.4,83.5,82.4,84.8,82.2,85.0,85.4,83.0,83.4,80.8,83.1,83.6,81.4,80.0,81.2,80.1,80.3,85.2,82.0,84.7,81.6,84.6,83.3,84.3,85.2,87.5,82.6,85.3,86.0,93.0,86.5,83.5,87.6,87.3,84.0,81.1,82.3,82.7,85.1,82.9,81.7,82.3,83.3,83.8,89.8,85.4,82.5,85.8,81.5,82.7,83.5,83.7,85.3,86.1,88.0,89.0,83.2,83.4,82.3,82.2,84.6,84.0,83.2,80.8,78.1,79.2,80.8,79.2
5871,87.9,81.8,82.9,87.4,85.4,85.8,86.2,84.5,82.5,81.8,84.0,83.1,84.0,81.3,84.9,82.8,84.2,84.2,83.7,84.4,83.7,82.7,85.1,82.9,85.8,85.8,83.4,83.7,81.2,83.4,84.0,81.3,80.5,81.7,80.6,80.7,85.3,81.3,85.2,81.7,85.0,82.9,85.1,86.0,87.9,82.3,85.7,86.1,93.1,86.8,83.6,87.9,87.4,84.2,81.9,82.8,83.3,85.6,84.1,82.1,83.1,84.8,84.7,90.2,87.0,83.1,87.0,81.8,82.9,84.0,83.2,86.2,86.5,88.5,89.6,83.3,83.4,82.2,82.6,85.3,84.5,84.1,81.3,77.7,80.0,81.1,79.8
5872,87.2,80.6,82.2,87.4,85.3,85.5,86.0,84.2,82.0,81.5,83.4,82.6,83.5,81.1,84.5,82.3,84.0,84.2,83.4,83.7,83.6,82.2,84.9,82.5,85.9,85.7,83.2,83.5,80.9,83.0,83.8,81.0,80.6,81.6,80.7,80.6,84.6,79.8,85.0,80.7,84.5,81.7,85.3,86.1,87.4,81.3,85.1,85.6,92.3,86.3,83.1,87.2,86.5,83.3,82.0,82.6,83.3,85.5,84.6,81.9,83.0,85.6,84.8,89.9,87.5,82.7,87.1,81.7,82.5,83.5,82.6,86.2,85.9,88.3,89.6,82.5,82.7,82.0,82.2,85.3,84.4,84.1,81.4,76.9,80.0,80.9,79.6
5873,85.0,78.5,80.3,86.7,84.4,84.6,85.0,83.2,80.7,80.6,82.0,81.9,82.3,80.1,83.6,81.2,82.9,83.1,81.9,82.1,82.6,81.4,83.9,81.4,84.7,84.7,82.3,82.5,80.2,81.9,82.9,79.6,79.9,80.7,80.0,79.7,82.8,77.6,84.4,79.1,83.3,79.8,84.5,85.1,85.6,79.0,83.8,84.3,90.6,85.4,82.0,85.6,85.6,81.2,81.1,81.6,82.6,84.7,84.7,81.0,81.7,85.5,83.4,88.8,86.7,81.4,85.5,80.7,81.3,82.2,81.4,85.8,83.8,87.2,88.4,81.3,81.2,80.6,81.3,84.4,83.4,83.4,80.7,75.4,79.4,79.7,78.7
5874,80.8,74.9,75.4,84.7,82.6,82.6,82.9,80.9,78.0,78.4,79.2,80.0,79.2,78.3,81.5,78.9,80.3,79.4,78.9,78.5,80.3,78.9,81.6,79.1,82.7,82.2,80.7,80.1,78.1,79.7,80.8,77.0,77.8,78.6,78.2,77.8,79.3,74.1,82.5,75.9,81.2,75.3,82.6,82.9,81.7,75.2,81.3,81.3,86.2,83.2,80.2,82.8,83.1,76.1,79.5,79.0,81.1,82.8,83.4,78.2,79.1,84.0,80.1,85.3,84.0,77.6,81.6,78.8,78.9,79.4,78.8,83.3,80.4,85.6,84.5,79.2,78.0,77.7,79.1,82.3,81.2,81.2,78.6,73.1,77.5,77.6,76.4
5875,75.7,70.1,69.8,80.8,79.3,79.5,79.4,76.2,74.1,74.9,75.2,76.5,75.0,75.4,77.7,74.8,74.9,72.5,74.7,74.1,76.3,74.6,77.3,74.6,78.2,77.5,78.5,76.0,73.8,76.1,76.8,73.0,73.5,74.8,75.0,73.8,74.3,69.8,78.9,71.5,78.4,70.2,78.5,78.2,76.8,71.1,77.1,75.7,80.5,78.5,76.9,79.2,79.2,70.4,76.2,74.2,76.9,78.7,80.4,72.6,75.9,79.3,73.7,77.9,79.1,71.2,75.6,76.1,74.9,74.9,74.8,79.3,75.6,81.2,77.8,74.4,73.3,73.3,75.1,78.0,76.9,76.7,71.6,70.4,74.0,73.9,71.7
5876,73.1,67.3,67.3,76.7,76.4,76.7,76.9,73.2,72.1,73.1,73.1,74.0,72.9,73.4,74.8,72.7,71.6,68.7,72.4,71.9,73.5,72.1,74.8,72.0,73.6,73.8,76.6,73.4,71.1,73.7,73.9,70.9,69.9,71.9,72.3,70.5,71.9,67.1,75.1,68.6,75.9,68.0,74.1,74.1,74.2,68.5,74.3,72.2,77.7,73.2,73.7,76.5,75.2,68.1,72.8,70.8,73.2,75.4,76.1,70.2,72.5,72.2,69.2,74.0,75.1,67.5,71.7,74.3,72.6,72.6,71.8,74.4,72.7,76.9,74.1,70.5,71.2,71.2,72.7,73.2,73.3,72.4,65.1,68.5,71.0,71.1,68.0
5877,70.7,65.4,65.3,74.0,74.5,75.0,75.3,71.5,70.7,71.7,71.5,72.3,71.3,72.0,73.2,71.4,70.0,66.4,71.1,70.7,71.7,70.7,73.2,70.8,71.5,72.4,75.1,71.6,69.5,72.4,72.1,69.9,68.1,70.2,70.7,68.6,69.8,65.4,72.8,66.7,73.8,66.6,71.6,72.2,72.1,66.6,71.7,70.0,74.7,70.0,71.2,74.0,72.6,66.5,70.7,67.8,70.5,73.0,72.4,68.5,70.0,68.3,66.3,70.8,72.4,65.5,69.0,73.0,71.3,71.4,69.9,71.9,70.1,74.6,71.1,68.4,69.8,69.9,71.2,70.9,71.4,69.8,64.3,67.1,69.2,69.5,66.2
5878,68.9,64.3,63.8,72.0,72.9,73.6,73.8,70.2,69.7,70.7,70.3,71.1,70.2,70.7,71.9,70.4,68.8,64.4,69.9,69.6,70.4,69.7,71.9,69.5,69.9,71.2,73.8,70.3,68.2,71.3,71.0,69.1,67.0,68.7,69.4,67.5,68.4,63.9,71.2,65.3,72.6,65.3,69.8,70.7,70.4,65.0,69.3,67.6,71.3,68.0,69.4,71.7,70.8,64.9,69.4,65.1,69.1,71.5,69.9,67.1,68.0,66.3,64.0,67.7,69.9,63.3,66.4,71.8,70.1,70.4,68.3,69.9,67.8,72.8,68.1,66.6,68.8,68.7,70.2,69.4,70.2,68.0,63.9,66.1,67.6,68.3,64.8
5879,67.2,62.8,62.7,70.4,71.5,72.5,72.6,69.2,68.8,69.8,69.3,70.0,68.9,69.8,70.8,69.6,67.9,62.8,68.9,68.6,69.4,68.9,70.8,68.6,68.7,70.3,72.7,69.1,67.3,70.4,70.1,68.5,65.9,67.4,68.4,66.6,67.2,62.6,69.9,64.0,71.4,64.4,68.3,69.1,68.7,63.8,67.3,65.5,68.3,66.0,68.1,69.0,69.3,63.7,68.1,63.0,67.9,70.1,68.3,66.0,66.2,64.7,62.6,65.2,67.6,61.7,64.4,70.9,69.2,69.5,66.8,68.2,66.0,71.2,65.1,65.1,68.0,68.0,69.3,68.0,69.2,66.6,63.1,65.2,66.4,67.2,63.7
5880,65.6,61.9,61.6,69.0,70.2,71.4,71.3,68.2,68.2,69.0,68.5,69.2,68.2,68.9,69.8,68.6,67.3,61.2,68.1,67.9,68.4,68.0,70.0,67.7,67.6,69.2,72.0,68.2,66.5,69.4,69.1,67.8,65.0,66.3,67.4,65.7,66.2,61.4,68.6,62.4,70.2,63.7,66.9,67.9,67.0,62.7,65.4,63.7,64.6,64.1,67.0,66.3,68.1,62.7,66.8,61.3,66.6,68.7,66.4,64.9,64.4,63.1,61.0,62.8,65.4,59.8,62.4,70.0,68.3,68.6,65.4,66.5,64.2,69.8,62.8,63.7,67.2,67.1,68.4,66.9,68.1,65.3,62.6,64.4,65.4,66.2,62.8
5881,64.3,60.7,60.7,67.4,69.2,70.4,70.4,67.4,67.5,68.2,67.6,68.4,67.6,68.1,69.0,68.1,66.5,59.9,67.4,67.2,67.6,67.4,69.1,67.0,66.6,68.4,71.1,67.2,65.7,68.6,68.3,67.1,64.1,65.4,66.5,64.7,65.4,60.4,67.4,61.1,69.3,62.9,65.7,66.2,65.5,61.6,64.0,61.8,61.9,62.4,65.7,64.2,66.3,61.7,65.7,59.7,65.5,67.5,65.2,63.5,63.2,61.7,59.3,60.5,63.2,57.8,60.0,69.2,67.6,67.8,63.9,65.0,62.7,68.2,61.1,62.1,66.5,66.5,67.7,65.9,67.3,64.3,61.9,63.7,64.4,65.5,62.2
5882,62.8,59.7,59.8,66.4,68.2,69.4,69.4,66.7,66.8,67.4,66.7,67.7,66.9,67.4,68.3,67.4,65.8,58.3,66.6,66.6,66.9,66.6,68.3,66.1,65.6,67.5,70.4,66.5,65.0,67.9,67.5,66.6,63.3,64.6,65.7,64.0,64.7,59.4,66.8,59.8,68.1,62.1,64.7,65.1,63.9,60.6,62.6,60.4,60.0,60.6,64.7,62.3,64.9,60.7,64.5,58.3,64.3,66.6,63.8,61.9,61.9,60.4,57.8,58.4,61.1,56.4,57.8,68.5,66.9,67.2,62.5,64.1,61.3,66.8,59.1,60.1,66.0,65.8,67.1,65.1,66.3,63.1,60.9,63.0,63.5,64.7,61.6
5883,61.4,58.8,59.0,65.3,67.6,68.8,68.7,65.7,66.1,66.8,66.1,67.1,66.3,66.8,67.5,66.8,65.4,56.9,66.0,66.0,66.3,65.9,67.6,65.3,64.8,66.8,69.8,65.7,64.4,67.4,66.9,66.1,62.6,64.0,65.1,63.4,63.8,58.4,65.9,58.4,67.1,61.3,63.7,63.8,62.6,59.7,61.1,59.1,58.0,59.1,63.8,60.7,63.8,59.9,63.3,57.2,63.4,65.8,62.6,60.6,60.7,59.3,56.7,56.0,59.8,54.6,55.8,67.6,66.3,66.5,61.3,63.1,60.1,65.4,57.4,59.0,65.5,65.2,66.4,64.3,65.6,62.3,60.0,62.3,62.8,64.1,60.8
5884,60.2,58.0,58.3,64.5,66.9,68.1,67.8,65.2,65.6,66.3,65.5,66.5,65.9,66.2,67.0,66.3,64.9,55.7,65.5,65.4,65.7,65.3,67.1,64.5,64.3,66.0,69.1,65.1,63.9,66.9,66.4,65.6,61.8,63.1,64.4,62.8,63.1,57.5,65.1,57.1,66.0,60.8,62.8,62.7,61.4,58.6,59.9,57.7,56.5,58.0,62.7,59.2,62.4,58.9,62.5,55.7,62.4,65.1,61.3,59.5,59.5,57.8,55.7,54.5,58.2,53.4,54.0,67.1,65.8,66.0,60.2,62.2,58.9,64.3,56.2,57.5,65.0,64.6,65.9,63.5,64.7,61.4,59.0,61.8,62.1,63.4,60.2
5885,59.2,57.3,57.6,63.7,66.1,67.6,67.4,64.6,65.1,65.7,65.2,65.9,65.5,65.7,66.3,65.8,64.4,54.6,65.1,65.0,65.1,64.9,66.7,64.1,63.7,65.4,68.5,64.6,63.4,66.3,65.6,65.2,61.3,62.6,63.8,62.3,62.5,56.9,64.2,56.3,65.2,60.1,62.2,61.7,60.4,57.6,59.0,56.8,55.2,56.8,61.9,57.8,61.2,58.1,61.5,54.7,61.7,64.4,60.2,58.1,58.3,56.5,54.8,52.8,57.2,52.5,52.4,66.6,65.2,65.5,59.1,61.4,58.0,63.3,55.1,56.6,64.6,64.1,65.4,62.6,64.0,60.5,57.5,61.4,61.6,62.8,59.8
5886,59.3,57.3,57.9,62.8,65.5,67.1,66.9,64.2,64.9,65.5,65.2,65.5,65.4,65.4,65.7,65.5,64.0,55.1,64.9,65.4,64.7,64.6,66.4,63.4,63.0,64.9,68.1,64.2,63.2,66.2,65.2,65.0,60.8,62.0,63.4,62.0,62.4,56.7,63.8,55.7,64.5,60.7,61.5,60.6,60.3,57.3,58.1,57.1,54.4,55.7,61.1,57.4,60.4,58.5,60.6,54.8,60.8,63.8,59.1,57.9,58.5,55.1,54.6,52.5,56.2,52.4,50.9,66.1,65.0,65.4,58.1,60.6,57.9,62.3,55.0,55.3,64.7,64.2,65.1,61.9,63.4,59.5,56.4,61.8,61.2,62.4,59.5
5887,64.2,61.5,62.3,63.0,66.6,67.9,68.0,65.9,66.9,67.1,68.5,67.2,68.4,66.5,67.0,67.5,66.1,61.4,67.7,68.7,66.3,66.4,68.1,64.4,63.8,66.0,69.2,65.6,65.3,68.0,66.7,67.5,62.1,63.5,64.4,63.7,66.4,60.9,63.8,60.9,66.0,65.0,62.1,63.7,64.2,62.0,61.6,63.8,64.4,57.7,62.8,60.6,63.2,62.4,61.2,59.4,62.1,65.6,59.3,62.3,61.4,55.1,60.3,60.7,58.2,58.7,56.2,67.3,68.0,68.4,61.2,61.0,62.5,65.7,63.6,57.6,68.1,67.0,66.6,62.7,64.2,60.0,58.2,64.5,61.9,63.9,61.5
5888,69.3,66.0,67.2,67.5,69.7,70.8,71.2,69.3,70.4,69.8,71.8,70.1,71.8,69.2,70.6,70.7,69.8,66.2,71.2,72.4,69.9,69.7,71.5,67.8,67.5,69.9,71.4,69.1,68.6,71.3,69.8,70.4,65.4,66.9,66.9,66.6,70.4,65.5,67.7,66.2,68.9,70.0,65.7,68.1,68.5,67.6,65.4,70.1,72.7,64.4,68.7,65.3,68.5,66.8,64.1,64.8,66.2,69.4,63.5,66.7,64.5,59.9,65.7,69.4,61.7,65.0,62.4,70.1,71.7,71.5,66.5,65.7,67.2,71.5,70.3,64.3,71.7,70.5,69.8,66.2,67.7,63.4,64.5,67.7,64.9,67.4,64.9
5889,73.9,70.2,71.3,72.6,73.5,74.0,74.7,73.1,73.8,72.7,75.0,73.5,75.0,72.1,74.1,74.0,73.4,69.9,74.6,76.1,73.3,73.1,75.2,71.3,71.7,73.6,74.2,73.0,71.7,74.5,73.2,73.3,68.8,70.7,69.8,69.8,74.5,69.7,72.0,70.1,72.2,73.6,70.1,72.0,73.0,72.4,70.1,74.4,79.2,70.8,74.0,70.5,73.6,71.3,68.2,69.8,70.6,73.0,68.0,70.9,67.9,65.4,70.0,75.6,66.0,69.8,67.8,72.8,74.9,74.9,71.7,71.0,71.7,75.6,75.2,69.7,75.3,73.8,73.1,70.5,71.6,67.7,68.6,70.7,68.1,71.1,68.7
5890,77.8,74.3,75.0,76.8,76.7,77.1,78.1,76.6,76.4,75.4,77.9,76.5,77.7,74.8,77.2,76.7,76.9,73.5,77.5,79.1,76.4,76.3,78.2,74.5,75.4,77.0,76.9,76.4,74.6,77.0,76.5,75.9,72.0,73.9,72.8,73.0,77.6,73.5,75.8,73.5,75.2,76.6,74.1,75.2,77.0,75.8,74.5,78.3,83.5,75.9,77.8,76.0,78.0,75.0,72.4,73.9,74.5,76.7,71.8,74.1,71.8,70.3,73.8,80.2,70.5,73.7,72.4,75.4,77.6,77.6,76.1,75.3,76.0,78.9,79.0,74.3,78.1,76.8,75.9,74.4,75.2,72.2,71.5,73.0,71.2,74.2,72.0
5891,81.2,77.4,77.8,80.1,79.5,80.0,80.8,79.2,78.5,77.5,80.2,78.7,79.9,76.9,79.9,78.9,79.5,76.7,79.7,81.0,78.9,78.2,80.5,77.1,78.6,79.8,79.0,78.9,76.8,79.2,79.1,77.9,74.6,76.5,75.2,75.5,80.2,76.5,78.9,76.6,78.0,79.0,77.6,78.0,80.5,78.6,78.2,81.3,87.2,79.9,80.7,80.6,81.7,78.2,75.7,77.0,77.6,79.5,75.2,76.8,74.9,74.6,77.0,83.4,74.9,76.9,76.6,77.5,79.6,80.0,79.3,78.5,79.5,81.8,82.2,77.8,80.2,78.7,78.0,77.7,78.2,75.9,74.3,74.8,73.8,76.7,74.6
5892,83.9,79.6,79.8,82.8,81.7,82.1,82.8,81.2,80.0,79.1,81.7,80.3,81.5,78.5,81.7,80.3,81.4,79.4,81.4,82.7,80.8,79.9,82.2,79.0,81.1,81.9,80.5,80.8,78.3,80.8,80.8,79.3,76.5,78.4,77.1,77.5,82.1,79.1,81.3,79.1,80.6,80.7,80.2,80.7,83.4,80.6,81.1,83.4,90.1,82.9,82.1,84.0,84.4,80.5,78.0,79.2,79.5,81.8,78.2,78.8,78.0,78.0,79.7,86.1,78.9,79.5,80.4,79.1,80.9,81.4,81.5,81.3,82.3,84.2,85.0,80.3,81.6,80.1,79.8,80.4,80.5,78.8,77.0,76.1,75.8,78.5,76.5
5893,85.9,81.2,81.1,84.8,83.3,83.6,84.3,82.6,81.3,80.2,82.8,81.6,82.6,79.8,83.2,81.5,82.5,81.7,82.7,83.6,82.1,80.9,83.4,80.7,83.2,83.7,81.6,82.1,79.7,82.0,82.3,80.5,78.3,80.0,78.7,79.0,83.8,80.7,82.9,80.7,82.6,82.2,82.2,83.1,85.7,82.1,83.2,84.9,91.8,85.1,82.8,86.2,86.0,82.3,79.7,80.9,81.1,83.4,80.4,80.4,80.4,80.7,81.9,88.0,82.5,81.3,83.5,80.3,82.0,82.4,83.0,83.2,84.4,86.2,87.0,81.9,82.5,81.3,81.1,82.6,82.2,81.2,78.9,77.0,77.4,79.5,77.8
5894,87.0,81.9,82.0,86.1,84.4,84.6,85.2,83.6,81.9,81.0,83.4,82.3,83.4,80.6,83.9,82.2,83.3,83.3,82.9,84.1,83.0,82.0,84.3,81.8,84.4,84.8,82.5,82.9,80.4,82.8,83.1,81.3,79.5,80.8,79.7,79.9,84.6,81.4,84.3,81.0,84.1,82.8,83.8,84.6,86.9,82.2,84.7,85.6,92.7,86.0,83.3,87.3,87.0,83.3,80.6,82.1,82.2,84.6,82.5,81.5,82.1,82.9,83.5,89.4,85.4,82.3,85.7,81.1,82.5,83.2,83.4,84.7,85.6,87.5,88.6,82.9,83.1,82.0,81.7,84.0,83.5,82.6,80.3,77.4,78.7,80.4,78.8
5895,87.2,81.4,82.4,86.8,84.9,85.0,85.6,84.0,82.2,81.3,83.5,82.9,83.7,80.8,84.2,82.3,83.6,84.0,83.4,84.1,83.2,82.3,84.6,82.4,85.2,85.2,82.8,83.2,80.8,83.1,83.4,81.2,80.1,81.3,80.2,80.3,84.7,80.8,84.6,81.2,84.6,82.3,84.5,85.5,87.3,81.9,85.2,85.7,92.8,86.3,83.4,87.6,87.2,83.6,81.4,82.6,82.9,85.0,83.7,81.9,82.8,84.5,84.4,89.8,87.0,82.9,87.0,81.3,82.8,83.6,83.0,85.6,85.9,88.0,89.3,82.9,83.1,82.0,82.1,84.7,84.0,83.5,80.8,77.1,79.4,80.6,79.4
5896,86.6,80.4,81.7,86.7,84.8,84.8,85.4,83.8,81.6,81.0,83.0,82.3,83.2,80.5,83.9,81.8,83.4,84.0,83.1,83.4,83.0,81.8,84.4,82.0,85.3,85.0,82.6,82.9,80.4,82.6,83.3,80.9,80.1,81.2,80.3,80.2,84.0,79.4,84.4,80.2,84.1,81.2,84.8,85.4,86.9,80.9,84.6,85.2,92.0,86.0,82.9,86.9,86.4,82.7,81.4,82.5,82.7,84.9,84.2,81.7,82.7,85.3,84.5,89.6,87.5,82.5,87.1,81.1,82.4,83.2,82.5,85.7,85.4,87.9,89.2,82.2,82.5,81.6,81.6,84.7,83.9,83.6,80.9,76.2,79.5,80.4,79.3
5897,84.5,78.0,79.8,86.0,83.9,84.0,84.4,82.7,80.3,80.0,81.7,81.5,81.9,79.5,83.0,80.7,82.4,82.8,81.6,81.8,82.0,80.8,83.3,80.9,84.1,84.1,81.8,81.9,79.8,81.5,82.4,79.3,79.3,80.2,79.4,79.3,82.1,77.2,83.8,78.7,82.8,79.2,83.9,84.6,85.2,78.7,83.2,83.9,90.2,85.1,81.8,85.4,85.4,80.6,80.5,81.4,82.0,84.1,84.2,80.8,81.4,85.2,83.1,88.5,86.8,81.1,85.4,80.1,81.1,81.8,81.3,85.2,83.4,86.8,88.0,81.0,80.9,80.2,80.7,83.7,82.8,82.8,80.3,74.7,78.8,79.3,78.3
5898,80.3,74.3,74.9,84.1,82.0,82.0,82.3,80.3,77.5,77.9,78.7,79.6,78.8,77.7,80.9,78.4,79.8,79.0,78.5,78.2,79.8,78.4,81.1,78.6,82.1,81.6,80.1,79.5,77.6,79.3,80.2,76.7,77.3,78.0,77.7,77.3,78.6,73.6,81.9,75.4,80.8,74.7,82.1,82.3,81.2,74.8,80.8,80.8,85.8,83.0,79.8,82.5,82.9,75.5,79.0,78.7,80.5,82.2,83.0,77.9,78.7,83.5,79.6,84.8,84.0,77.3,81.5,78.3,78.6,78.9,78.6,82.8,79.9,85.3,84.0,78.9,77.6,77.2,78.4,81.7,80.6,80.6,78.1,72.4,77.0,77.1,76.0
5899,75.1,69.6,69.3,80.2,78.8,78.8,78.9,75.7,73.6,74.4,74.8,76.1,74.5,74.8,77.1,74.3,74.3,72.2,74.4,73.8,75.7,74.1,76.7,74.1,77.6,76.9,77.9,75.4,73.4,75.7,76.2,72.7,72.9,74.3,74.5,73.4,73.8,69.3,78.2,71.0,78.0,69.7,78.0,77.6,76.3,70.7,76.7,75.3,80.1,78.1,76.4,78.9,78.9,69.9,75.7,73.9,76.4,78.1,79.9,72.3,75.5,78.9,73.1,77.3,79.0,70.7,75.4,75.5,74.6,74.4,74.6,78.7,75.2,80.7,77.2,74.1,73.0,72.8,74.6,77.3,76.2,76.1,70.9,69.8,73.4,73.3,71.2
5900,72.5,66.9,66.8,76.1,75.8,76.1,76.4,72.6,71.6,72.6,72.8,73.6,72.4,72.8,74.2,72.3,71.1,68.4,72.1,71.6,72.9,71.6,74.4,71.5,73.1,73.3,76.0,72.9,70.6,73.3,73.4,70.6,69.3,71.4,71.8,70.1,71.5,66.6,74.5,68.2,75.5,67.5,73.6,73.7,73.7,68.1,73.8,71.8,77.3,72.8,73.3,76.3,74.8,67.6,72.3,70.5,72.6,74.8,75.6,69.9,72.1,71.9,68.6,73.3,75.0,67.0,71.5,73.7,72.3,72.1,71.6,73.9,72.2,76.4,73.5,70.1,70.9,70.8,72.1,72.6,72.7,71.8,64.6,68.0,70.5,70.6,67.6
5901,70.3,64.9,64.8,73.4,73.9,74.4,74.7,71.0,70.3,71.1,71.2,71.9,70.9,71.3,72.6,70.9,69.5,66.2,70.8,70.3,71.2,70.3,72.8,70.3,71.0,71.9,74.5,71.0,69.0,72.0,71.5,69.6,67.6,69.7,70.2,68.2,69.5,64.9,72.3,66.3,73.5,66.2,71.1,71.7,71.6,66.2,71.3,69.5,74.2,69.5,70.8,73.7,72.1,66.0,70.2,67.5,70.0,72.5,72.0,68.3,69.6,68.0,65.9,70.1,72.2,65.2,68.8,72.4,71.0,71.0,69.7,71.4,69.7,74.1,70.5,68.0,69.5,69.4,70.6,70.3,70.7,69.2,63.9,66.7,68.6,69.0,65.7
5902,68.4,63.8,63.3,71.5,72.3,73.0,73.2,69.7,69.3,70.1,69.9,70.7,69.8,70.1,71.3,70.0,68.2,64.1,69.6,69.2,69.9,69.3,71.5,69.0,69.3,70.7,73.2,69.8,67.7,71.0,70.5,68.7,66.4,68.2,68.9,67.1,68.0,63.4,70.7,64.8,72.2,64.9,69.2,70.2,70.0,64.6,68.9,67.2,70.7,67.6,69.1,71.3,70.4,64.5,68.9,64.7,68.6,71.0,69.4,66.8,67.6,66.0,63.6,67.0,69.7,62.8,66.2,71.2,69.9,69.9,68.0,69.5,67.3,72.2,67.6,66.2,68.6,68.3,69.6,68.8,69.5,67.4,63.3,65.7,67.1,67.8,64.4
5903,66.6,62.3,62.2,69.8,70.8,72.0,72.0,68.6,68.4,69.2,68.9,69.6,68.5,69.3,70.2,69.2,67.3,62.4,68.6,68.3,68.9,68.4,70.3,68.1,68.1,69.6,72.2,68.6,66.8,70.1,69.5,68.1,65.4,67.0,67.9,66.1,66.9,62.1,69.4,63.5,71.0,64.0,67.7,68.7,68.2,63.4,66.9,65.0,67.8,65.5,67.7,68.7,68.8,63.2,67.6,62.6,67.3,69.6,67.8,65.7,65.8,64.3,62.2,64.5,67.4,61.2,64.1,70.4,68.9,69.0,66.5,67.8,65.6,70.7,64.5,64.7,67.7,67.5,68.7,67.3,68.6,66.1,62.6,64.9,65.9,66.7,63.3
5904,65.0,61.4,61.2,68.4,69.6,70.8,70.8,67.6,67.9,68.4,68.1,68.8,67.8,68.3,69.3,68.2,66.6,60.8,67.8,67.6,67.9,67.6,69.5,67.2,67.0,68.6,71.5,67.6,65.9,69.1,68.6,67.5,64.5,65.8,66.9,65.2,65.9,60.9,68.1,61.9,69.8,63.2,66.3,67.5,66.6,62.2,65.0,63.2,64.1,63.6,66.6,65.9,67.6,62.2,66.2,60.9,66.1,68.2,66.0,64.6,64.0,62.8,60.5,62.0,65.2,59.3,62.2,69.5,68.1,68.2,65.1,66.1,63.7,69.3,62.2,63.2,66.9,66.6,67.8,66.3,67.5,64.9,62.1,64.1,64.9,65.7,62.4
5905,63.7,60.3,60.1,66.9,68.5,69.8,69.8,66.9,67.1,67.6,67.2,67.9,67.2,67.6,68.4,67.6,65.9,59.5,67.0,66.9,67.0,66.9,68.6,66.4,66.0,67.8,70.6,66.7,65.2,68.3,67.8,66.8,63.6,64.9,66.0,64.2,65.0,59.9,67.1,60.6,68.9,62.4,65.1,65.7,65.0,61.2,63.5,61.4,61.5,61.9,65.3,63.8,65.8,61.2,65.1,59.3,65.0,67.0,64.8,63.2,62.8,61.4,58.8,59.8,62.9,57.4,59.8,68.7,67.4,67.3,63.6,64.7,62.3,67.7,60.6,61.7,66.2,66.1,67.2,65.3,66.7,63.8,61.5,63.4,63.9,65.0,61.7
5906,62.2,59.3,59.3,65.9,67.6,68.9,68.9,66.1,66.5,67.0,66.3,67.2,66.5,66.9,67.7,67.0,65.1,57.9,66.3,66.3,66.3,66.1,67.8,65.6,65.0,66.9,69.9,66.0,64.5,67.6,67.0,66.2,62.8,64.0,65.3,63.6,64.3,58.9,66.4,59.4,67.7,61.7,64.1,64.7,63.3,60.2,62.1,60.0,59.6,60.2,64.3,61.8,64.4,60.4,64.0,57.9,63.8,66.0,63.3,61.5,61.5,59.9,57.4,57.7,60.9,56.0,57.6,68.0,66.7,66.7,62.2,63.8,60.8,66.4,58.7,59.7,65.7,65.3,66.6,64.5,65.8,62.6,60.4,62.8,63.1,64.2,61.1
5907,60.8,58.4,58.6,64.8,67.0,68.3,68.1,65.3,65.7,66.3,65.8,66.7,66.0,66.3,67.0,66.3,64.8,56.6,65.7,65.7,65.8,65.5,67.1,64.8,64.3,66.2,69.2,65.2,63.9,67.0,66.3,65.7,62.1,63.4,64.6,62.9,63.4,57.9,65.5,58.0,66.7,60.9,63.1,63.4,62.1,59.2,60.6,58.7,57.7,58.6,63.4,60.3,63.3,59.4,62.8,56.7,62.9,65.3,62.1,60.3,60.3,58.8,56.4,55.4,59.6,54.3,55.5,67.1,66.0,66.1,61.0,62.8,59.6,64.9,57.0,58.6,65.3,64.7,65.9,63.7,65.0,61.9,59.5,62.2,62.4,63.6,60.3
5908,59.6,57.6,57.8,64.0,66.3,67.6,67.3,64.6,65.2,65.7,65.2,66.1,65.5,65.7,66.4,65.9,64.2,55.3,65.2,65.2,65.2,64.9,66.6,64.0,63.7,65.4,68.6,64.6,63.3,66.6,65.8,65.2,61.3,62.5,63.9,62.3,62.7,57.0,64.7,56.8,65.7,60.4,62.3,62.2,60.9,58.1,59.6,57.4,56.2,57.5,62.4,58.8,61.8,58.3,62.0,55.3,61.9,64.5,60.8,59.2,59.2,57.4,55.3,54.0,58.1,53.0,53.8,66.6,65.5,65.5,59.8,61.9,58.5,63.9,55.8,57.1,64.8,64.1,65.4,63.0,64.1,60.9,58.6,61.7,61.7,62.9,59.7
5909,58.7,56.9,57.1,63.2,65.6,67.0,66.9,64.1,64.7,65.2,64.9,65.5,65.1,65.2,65.7,65.4,63.8,54.2,64.8,64.7,64.6,64.5,66.1,63.6,63.1,64.8,68.0,64.1,62.8,66.0,65.2,64.8,60.8,62.0,63.3,61.7,62.1,56.5,63.9,55.9,64.8,59.8,61.7,61.3,59.9,57.1,58.6,56.5,54.9,56.3,61.4,57.4,60.7,57.6,61.0,54.3,61.2,63.8,59.7,57.7,58.0,56.0,54.4,52.4,57.0,52.1,52.2,66.1,65.0,65.0,58.6,61.1,57.5,62.9,54.7,56.2,64.4,63.7,64.9,62.1,63.5,60.0,57.1,61.3,61.2,62.3,59.2
5910,58.6,56.8,57.3,62.3,64.9,66.6,66.4,63.6,64.4,64.9,64.9,65.1,64.9,64.8,65.2,65.1,63.4,54.7,64.6,65.0,64.2,64.1,65.8,63.0,62.5,64.2,67.6,63.7,62.6,65.8,64.7,64.5,60.4,61.4,62.9,61.4,62.0,56.2,63.4,55.4,64.2,60.2,61.1,60.2,59.7,56.8,57.8,56.7,54.2,55.2,60.7,57.0,59.9,57.9,60.1,54.3,60.3,63.2,58.7,57.5,58.1,54.6,54.1,52.0,56.0,52.0,50.7,65.7,64.7,64.9,57.7,60.3,57.3,61.7,54.6,54.9,64.4,63.6,64.6,61.5,62.8,59.1,56.0,61.7,60.7,61.8,58.9
5911,63.5,60.9,61.7,62.5,65.9,67.3,67.5,65.3,66.5,66.5,68.1,66.7,67.9,65.9,66.4,67.0,65.5,60.9,67.3,68.2,65.8,65.9,67.5,63.9,63.3,65.4,68.6,65.0,64.8,67.6,66.2,67.1,61.6,63.0,63.9,63.1,65.9,60.3,63.4,60.5,65.7,64.5,61.5,63.3,63.7,61.5,61.1,63.3,63.9,57.1,62.3,60.2,62.7,61.9,60.6,58.9,61.5,65.0,58.9,61.9,61.1,54.6,59.7,60.2,58.0,58.2,55.8,66.7,67.6,67.8,60.7,60.6,61.8,65.1,63.1,57.1,67.7,66.5,66.1,62.1,63.7,59.5,57.8,64.3,61.4,63.4,60.9
5912,68.7,65.4,66.7,67.0,69.1,70.2,70.6,68.7,70.0,69.3,71.4,69.5,71.2,68.7,70.0,70.1,69.2,65.7,70.7,71.9,69.4,69.1,71.0,67.2,67.0,69.4,70.9,68.5,68.1,70.8,69.3,70.0,64.9,66.4,66.3,66.1,70.0,65.0,67.3,65.8,68.5,69.4,65.2,67.7,67.9,67.1,65.1,69.7,72.3,63.9,68.3,64.9,68.1,66.3,63.5,64.4,65.6,68.8,63.1,66.3,64.1,59.4,65.2,69.0,61.5,64.7,62.1,69.5,71.3,71.0,66.1,65.2,66.6,71.0,69.9,64.0,71.3,69.9,69.2,65.7,67.2,63.0,64.0,67.3,64.4,66.9,64.4
5913,73.2,69.6,70.9,72.0,72.9,73.5,74.2,72.5,73.3,72.2,74.6,73.0,74.4,71.6,73.6,73.4,72.9,69.5,74.2,75.7,72.8,72.5,74.7,70.8,71.2,73.1,73.7,72.4,71.3,74.0,72.7,72.8,68.3,70.3,69.3,69.3,74.0,69.2,71.5,69.7,71.8,73.1,69.5,71.5,72.3,72.0,69.7,74.0,78.8,70.4,73.7,70.2,73.2,70.8,67.6,69.4,70.0,72.4,67.6,70.5,67.6,65.1,69.6,75.2,65.8,69.4,67.5,72.3,74.5,74.3,71.4,70.6,71.1,75.2,74.9,69.3,74.9,73.3,72.5,70.0,71.2,67.2,68.2,70.3,67.6,70.7,68.2
5914,77.1,73.6,74.5,76.2,76.2,76.6,77.6,76.1,76.0,74.9,77.5,76.0,77.2,74.3,76.7,76.2,76.4,73.0,77.0,78.6,75.9,75.7,77.6,74.0,74.8,76.5,76.4,75.8,74.2,76.6,76.0,75.4,71.5,73.4,72.3,72.5,77.0,72.8,75.2,73.1,74.8,76.1,73.6,74.8,76.4,75.3,74.1,77.8,83.2,75.5,77.5,75.6,77.7,74.5,72.0,73.5,74.0,76.1,71.5,73.7,71.5,69.9,73.4,79.9,70.3,73.4,72.1,75.0,77.1,77.1,75.8,74.7,75.4,78.5,78.8,74.0,77.8,76.2,75.4,73.9,74.7,71.5,71.1,72.5,70.7,73.9,71.5
5915,80.5,76.8,77.3,79.5,79.0,79.6,80.3,78.7,78.1,77.1,79.7,78.2,79.4,76.4,79.4,78.4,79.0,76.2,79.3,80.6,78.3,77.8,79.9,76.7,78.0,79.3,78.5,78.3,76.6,78.8,78.7,77.4,74.1,76.0,74.7,75.0,79.6,76.0,78.3,76.2,77.7,78.5,77.1,77.5,79.9,78.1,77.8,80.8,86.9,79.5,80.3,80.3,81.5,77.7,75.3,76.6,77.1,79.0,74.9,76.5,74.6,74.2,76.5,83.2,74.7,76.6,76.4,77.1,79.1,79.4,79.0,78.0,79.0,81.3,81.9,77.4,79.7,78.1,77.5,77.1,77.6,75.2,73.8,74.3,73.3,76.3,74.2
5916,83.2,79.1,79.2,82.2,81.2,81.6,82.3,80.7,79.7,78.6,81.2,79.9,80.9,78.0,81.2,79.8,80.9,79.0,80.9,82.1,80.2,79.5,81.6,78.6,80.5,81.4,80.1,80.3,78.1,80.4,80.4,78.9,76.0,78.0,76.6,77.0,81.7,78.5,80.7,78.7,80.2,80.3,79.7,80.2,82.8,80.2,80.7,82.9,89.7,82.5,81.7,83.8,84.2,80.1,77.6,78.9,79.1,81.4,77.9,78.6,77.6,77.7,79.2,85.8,78.8,79.2,80.2,78.7,80.5,80.9,81.3,80.8,81.8,83.8,84.7,79.9,81.1,79.5,79.3,79.9,79.9,78.2,76.6,75.7,75.3,78.1,76.0
5917,85.2,80.6,80.5,84.2,82.8,83.0,83.8,82.0,80.9,79.8,82.3,81.2,82.1,79.3,82.7,81.1,81.9,81.3,82.2,83.1,81.6,80.5,82.9,80.2,82.6,83.1,81.2,81.5,79.3,81.6,81.7,80.1,77.7,79.5,78.1,78.5,83.3,80.1,82.4,80.3,82.2,81.8,81.6,82.6,85.1,81.6,82.9,84.4,91.5,84.6,82.6,86.0,85.7,81.8,79.4,80.6,80.7,82.9,80.0,80.2,80.0,80.4,81.5,87.7,82.4,81.0,83.3,79.9,81.6,81.9,82.8,82.8,83.9,85.7,86.8,81.5,82.0,80.8,80.6,82.1,81.6,80.6,78.5,76.6,76.8,79.1,77.4
5918,86.3,81.3,81.4,85.5,83.9,84.1,84.6,83.0,81.6,80.6,82.9,81.9,82.9,80.1,83.4,81.8,82.8,82.9,82.5,83.5,82.4,81.6,83.7,81.2,83.9,84.3,82.0,82.3,80.0,82.4,82.5,80.9,78.9,80.3,79.2,79.4,84.1,80.9,83.7,80.7,83.7,82.3,83.2,84.1,86.3,81.8,84.3,85.2,92.3,85.4,83.0,87.0,86.6,82.8,80.2,81.8,81.8,84.2,82.2,81.2,81.7,82.6,83.1,89.1,85.3,82.0,85.5,80.6,82.1,82.6,83.2,84.3,85.0,87.1,88.3,82.6,82.7,81.5,81.1,83.4,82.9,82.1,79.9,77.1,78.2,80.0,78.4
5919,86.5,80.8,81.7,86.3,84.3,84.5,85.0,83.4,81.9,80.8,83.1,82.4,83.2,80.3,83.7,81.9,83.1,83.7,82.9,83.6,82.6,81.8,84.1,81.9,84.6,84.7,82.4,82.6,80.3,82.7,82.9,80.8,79.5,80.7,79.6,79.8,84.2,80.2,84.1,80.8,84.2,81.9,84.0,85.0,86.7,81.4,84.9,85.2,92.4,85.8,83.2,87.3,86.9,83.1,81.0,82.3,82.5,84.5,83.4,81.6,82.5,84.1,84.0,89.5,87.0,82.6,86.8,80.8,82.4,83.1,82.9,85.1,85.4,87.6,89.0,82.6,82.7,81.6,81.6,84.1,83.4,83.0,80.4,76.8,78.9,80.1,79.0
5920,85.9,79.9,81.0,86.3,84.2,84.2,84.8,83.3,81.4,80.5,82.6,82.0,82.7,80.1,83.4,81.4,82.8,83.6,82.6,82.9,82.4,81.3,83.8,81.5,84.7,84.5,82.2,82.4,79.9,82.2,82.8,80.4,79.4,80.6,79.7,79.6,83.5,78.8,83.9,79.9,83.8,80.7,84.3,85.0,86.3,80.3,84.3,84.7,91.6,85.7,82.7,86.6,86.2,82.2,81.0,82.2,82.4,84.5,83.9,81.5,82.4,85.0,84.1,89.3,87.5,82.3,86.9,80.6,81.9,82.7,82.3,85.2,84.7,87.4,88.9,81.9,82.0,81.2,81.1,84.1,83.3,83.0,80.5,75.9,78.9,79.9,78.8
5921,83.9,77.6,79.0,85.6,83.3,83.4,83.9,82.2,79.9,79.5,81.3,81.1,81.5,79.0,82.5,80.2,81.9,82.4,81.1,81.3,81.5,80.3,82.7,80.4,83.5,83.5,81.3,81.3,79.3,81.1,81.9,78.9,78.7,79.6,78.9,78.7,81.6,76.6,83.3,78.3,82.5,78.7,83.5,84.1,84.5,78.1,83.0,83.4,89.7,84.7,81.6,85.1,85.3,80.0,80.2,81.1,81.6,83.7,83.8,80.5,81.0,84.8,82.7,88.1,86.7,80.9,85.3,79.6,80.7,81.4,80.9,84.7,82.7,86.4,87.7,80.6,80.4,79.8,80.1,83.0,82.2,82.3,79.8,74.4,78.2,78.7,77.8
5922,79.6,73.7,74.0,83.6,81.4,81.5,81.8,79.8,77.1,77.3,78.3,79.1,78.2,77.2,80.3,77.9,79.2,78.4,78.1,77.6,79.2,77.8,80.5,78.0,81.5,81.0,79.6,78.9,77.1,78.8,79.6,76.2,76.6,77.3,77.1,76.7,78.0,73.0,81.3,75.0,80.5,74.2,81.6,81.8,80.5,74.2,80.5,80.2,85.2,82.6,79.6,82.2,82.7,74.8,78.5,78.4,80.1,81.7,82.5,77.4,78.2,83.1,79.1,84.3,83.9,76.9,81.3,77.8,78.2,78.4,78.3,82.3,79.2,84.8,83.6,78.4,77.1,76.8,77.8,81.0,79.9,80.1,77.7,72.1,76.4,76.5,75.4
5923,74.6,69.1,68.6,79.7,78.1,78.3,78.3,75.1,73.3,73.8,74.4,75.6,74.0,74.3,76.5,73.8,73.7,71.5,73.9,73.3,75.1,73.6,76.1,73.5,76.9,76.2,77.4,74.9,72.7,75.1,75.6,72.2,72.3,73.7,73.9,72.7,73.3,68.7,77.7,70.7,77.6,69.3,77.4,77.1,75.8,70.1,76.4,74.8,79.6,77.6,76.1,78.6,78.6,69.4,75.2,73.5,75.9,77.6,79.4,71.8,75.1,78.3,72.5,76.9,78.8,70.2,75.2,75.0,74.1,73.8,74.2,78.2,74.6,80.1,76.8,73.6,72.5,72.4,74.0,76.7,75.5,75.5,70.1,69.6,72.9,72.7,70.6
5924,72.0,66.3,66.2,75.7,75.2,75.6,75.8,72.0,71.3,72.0,72.3,73.1,71.9,72.3,73.7,71.8,70.5,67.9,71.7,71.1,72.3,71.1,73.8,70.9,72.6,72.7,75.6,72.3,69.9,72.8,72.8,70.2,68.8,70.9,71.2,69.5,71.0,66.2,74.1,67.9,75.1,67.2,73.1,73.2,73.1,67.6,73.4,71.3,76.8,72.2,72.9,75.9,74.5,67.0,71.8,70.0,72.1,74.4,75.1,69.5,71.6,71.4,68.0,73.0,74.8,66.5,71.4,73.3,71.9,71.6,71.3,73.5,71.7,75.8,73.0,69.6,70.5,70.3,71.5,72.0,72.1,71.2,64.2,67.7,69.9,70.0,67.1
5925,69.7,64.5,64.4,73.0,73.4,73.9,74.2,70.4,69.9,70.6,70.8,71.4,70.4,70.8,72.1,70.5,68.8,65.6,70.3,69.9,70.6,69.8,72.2,69.8,70.5,71.3,74.0,70.4,68.3,71.6,71.0,69.2,67.1,69.3,69.7,67.7,69.1,64.4,71.9,66.0,73.2,65.9,70.7,71.2,71.1,65.8,70.9,69.1,73.8,69.1,70.4,73.3,71.7,65.5,69.9,67.1,69.5,72.1,71.5,67.8,69.2,67.6,65.4,69.7,72.0,64.6,68.6,71.9,70.6,70.4,69.3,71.1,69.2,73.4,70.1,67.5,69.2,69.0,70.1,69.7,70.2,68.7,63.4,66.4,68.1,68.5,65.3
5926,67.9,63.4,62.8,71.1,71.8,72.6,72.7,69.1,69.0,69.6,69.6,70.3,69.4,69.7,70.8,69.5,67.6,63.6,69.2,68.8,69.4,68.8,70.9,68.4,68.9,70.1,72.7,69.3,67.0,70.5,69.9,68.4,65.9,67.7,68.4,66.7,67.7,63.0,70.3,64.6,71.9,64.7,68.8,69.8,69.4,64.3,68.6,66.8,70.4,67.1,68.8,70.9,70.1,63.9,68.5,64.3,68.1,70.5,69.0,66.3,67.2,65.5,63.3,66.4,69.5,62.3,66.0,70.7,69.5,69.4,67.7,69.3,66.8,71.6,67.2,65.7,68.3,67.8,69.1,68.3,69.0,66.9,62.9,65.4,66.6,67.3,64.0
5927,66.1,61.8,61.7,69.5,70.3,71.5,71.5,68.1,68.1,68.7,68.5,69.2,68.2,68.8,69.8,68.7,66.7,62.0,68.2,67.9,68.3,68.0,69.7,67.6,67.7,69.1,71.7,68.1,66.1,69.6,69.0,67.7,64.9,66.5,67.4,65.6,66.6,61.6,69.0,63.2,70.8,63.7,67.3,68.2,67.7,63.0,66.5,64.6,67.5,65.0,67.4,68.3,68.5,62.7,67.2,62.1,66.8,69.1,67.4,65.2,65.3,63.8,61.9,64.0,67.2,60.7,63.9,69.9,68.6,68.5,66.2,67.6,65.1,70.1,64.1,64.2,67.4,67.1,68.1,66.9,68.1,65.6,62.2,64.6,65.4,66.2,62.9
5928,64.5,60.9,60.7,68.1,69.0,70.4,70.3,67.0,67.5,67.8,67.7,68.4,67.4,67.8,68.8,67.7,66.1,60.3,67.4,67.2,67.3,67.1,68.9,66.7,66.7,68.1,71.0,67.1,65.3,68.7,68.0,67.0,64.0,65.3,66.4,64.8,65.6,60.5,67.8,61.7,69.6,63.0,65.9,67.0,66.1,61.9,64.7,62.8,63.8,63.1,66.2,65.5,67.3,61.6,65.9,60.4,65.6,67.8,65.6,64.1,63.7,62.3,60.1,61.7,64.9,58.8,61.9,69.0,67.7,67.6,64.8,65.9,63.2,68.6,61.9,62.7,66.7,66.2,67.3,65.9,67.0,64.4,61.7,63.8,64.5,65.2,62.0
5929,63.3,59.8,59.7,66.5,68.0,69.4,69.4,66.3,66.8,67.1,66.8,67.5,66.8,67.1,68.0,67.2,65.3,59.0,66.6,66.5,66.5,66.5,68.1,66.0,65.7,67.3,70.1,66.2,64.6,67.9,67.2,66.3,63.2,64.5,65.5,63.8,64.7,59.5,66.7,60.4,68.7,62.2,64.7,65.3,64.5,60.9,63.3,61.0,61.2,61.5,65.0,63.5,65.5,60.6,64.8,58.9,64.5,66.6,64.4,62.7,62.4,60.8,58.5,59.5,62.8,56.9,59.5,68.2,67.1,66.8,63.3,64.5,61.8,67.1,60.3,61.3,65.9,65.7,66.7,64.8,66.2,63.3,61.0,63.1,63.5,64.6,61.3
5930,61.8,58.8,58.8,65.5,67.2,68.6,68.5,65.5,66.1,66.4,66.0,66.8,66.1,66.5,67.2,66.5,64.6,57.4,65.9,65.9,65.8,65.7,67.3,65.2,64.6,66.4,69.4,65.5,63.9,67.1,66.5,65.8,62.4,63.6,64.8,63.1,64.1,58.5,66.0,59.2,67.4,61.4,63.8,64.2,62.9,59.8,61.8,59.7,59.4,59.8,64.0,61.5,64.0,59.8,63.6,57.5,63.4,65.6,63.0,61.1,61.1,59.4,57.1,57.4,60.8,55.5,57.3,67.5,66.4,66.2,62.0,63.6,60.4,65.8,58.3,59.4,65.4,64.9,66.1,64.0,65.3,62.2,60.0,62.5,62.6,63.7,60.7
5931,60.4,58.0,58.1,64.5,66.5,67.9,67.7,64.7,65.4,65.7,65.4,66.3,65.6,65.8,66.4,65.9,64.3,56.0,65.3,65.3,65.3,65.1,66.7,64.3,63.9,65.8,68.7,64.8,63.3,66.6,65.9,65.4,61.6,62.9,64.1,62.5,63.2,57.6,65.1,57.7,66.5,60.7,62.8,63.0,61.6,58.9,60.4,58.4,57.4,58.2,63.1,60.0,62.9,58.9,62.5,56.3,62.5,64.8,61.7,59.9,60.0,58.3,56.1,55.1,59.4,53.9,55.3,66.7,65.7,65.6,60.8,62.6,59.2,64.4,56.7,58.2,64.9,64.4,65.4,63.2,64.6,61.3,59.1,61.9,61.9,63.1,59.9
5932,59.3,57.1,57.4,63.6,65.8,67.1,66.9,64.1,64.8,65.2,64.9,65.7,65.0,65.2,65.9,65.5,63.7,54.8,64.8,64.7,64.7,64.5,66.1,63.5,63.4,64.9,68.1,64.2,62.8,66.1,65.3,64.8,60.9,62.1,63.4,62.0,62.5,56.7,64.4,56.5,65.5,60.2,61.9,61.8,60.5,57.8,59.3,57.1,56.0,57.1,62.1,58.5,61.5,57.9,61.6,54.9,61.6,64.0,60.5,58.7,58.8,56.9,54.9,53.7,57.8,52.6,53.5,66.1,65.2,65.0,59.5,61.7,58.1,63.3,55.6,56.7,64.4,63.7,64.9,62.5,63.7,60.4,58.2,61.3,61.3,62.4,59.3
5933,58.4,56.5,56.6,62.8,65.1,66.6,66.4,63.6,64.3,64.7,64.5,65.1,64.7,64.7,65.3,65.0,63.3,53.7,64.5,64.3,64.1,64.0,65.7,63.1,62.8,64.4,67.5,63.6,62.3,65.5,64.7,64.4,60.4,61.6,62.9,61.4,62.0,56.1,63.6,55.7,64.6,59.5,61.3,60.8,59.5,56.9,58.4,56.2,54.7,55.9,61.1,57.0,60.2,57.2,60.6,53.8,60.7,63.3,59.3,57.2,57.6,55.6,54.0,52.1,56.8,51.6,51.9,65.7,64.6,64.5,58.4,60.9,57.1,62.4,54.4,55.8,64.0,63.3,64.4,61.6,63.1,59.6,56.7,60.9,60.7,61.8,58.8
5934,58.3,56.3,56.9,62.0,64.5,66.1,65.9,63.2,64.0,64.4,64.5,64.6,64.5,64.4,64.7,64.6,63.0,54.1,64.2,64.6,63.7,63.6,65.4,62.5,62.2,63.8,67.1,63.3,62.2,65.4,64.2,64.1,59.9,61.0,62.4,61.1,61.8,55.8,63.0,55.2,64.0,59.9,60.7,59.7,59.3,56.5,57.5,56.3,53.9,54.8,60.4,56.7,59.4,57.4,59.6,53.8,59.9,62.8,58.3,57.0,57.6,54.2,53.6,51.6,55.8,51.6,50.4,65.2,64.4,64.4,57.3,60.0,56.8,61.2,54.2,54.5,64.0,63.2,64.1,61.1,62.4,58.6,55.7,61.2,60.3,61.4,58.5
5935,63.0,60.3,61.2,62.1,65.5,66.9,67.0,64.8,66.0,66.0,67.6,66.2,67.5,65.4,65.9,66.4,65.0,60.3,66.8,67.8,65.3,65.4,67.1,63.4,62.9,64.9,68.1,64.5,64.3,67.1,65.7,66.6,61.1,62.5,63.3,62.6,65.5,59.8,63.0,60.1,65.5,64.1,61.1,62.8,63.1,61.1,60.7,62.8,63.5,56.6,61.9,59.8,62.2,61.3,60.2,58.4,61.1,64.5,58.4,61.4,60.6,54.2,59.2,59.7,57.7,57.7,55.4,66.2,67.1,67.3,60.4,60.3,61.2,64.6,62.6,56.6,67.3,66.0,65.5,61.6,63.2,59.0,57.4,63.8,60.9,62.8,60.3
5936,68.1,64.9,66.1,66.5,68.6,69.7,70.1,68.1,69.4,68.8,70.9,69.0,70.7,68.2,69.4,69.6,68.7,65.3,70.3,71.4,68.8,68.6,70.4,66.7,66.4,68.8,70.3,68.0,67.5,70.3,68.7,69.5,64.3,65.8,65.8,65.6,69.4,64.4,66.7,65.4,68.2,68.9,64.7,67.2,67.3,66.6,64.7,69.2,71.9,63.3,67.9,64.5,67.7,65.8,63.0,64.0,65.1,68.3,62.6,65.9,63.7,59.0,64.9,68.5,61.2,64.3,61.7,69.0,70.8,70.4,65.8,64.8,66.1,70.5,69.5,63.5,70.9,69.4,68.7,65.1,66.6,62.4,63.5,66.9,63.8,66.3,63.9
5937,72.5,69.0,70.3,71.5,72.3,72.9,73.7,71.9,72.8,71.7,74.1,72.4,73.8,71.0,73.0,72.8,72.3,69.1,73.8,75.1,72.1,72.0,74.0,70.2,70.6,72.5,73.1,71.8,70.6,73.5,72.0,72.4,67.7,69.7,68.7,68.8,73.4,68.6,70.9,69.3,71.4,72.6,69.0,71.1,71.7,71.4,69.4,73.5,78.4,69.8,73.3,69.8,72.8,70.2,67.1,69.1,69.5,72.0,67.1,70.2,67.2,64.6,69.3,74.8,65.5,69.2,67.2,71.8,74.1,73.6,71.0,70.1,70.5,74.8,74.5,68.9,74.5,72.8,71.8,69.4,70.4,66.6,67.7,69.8,67.1,70.1,67.7
5938,76.4,72.9,73.9,75.6,75.6,76.0,76.9,75.3,75.5,74.3,76.9,75.4,76.7,73.7,76.0,75.5,75.8,72.7,76.6,78.0,75.2,75.1,77.0,73.4,74.2,75.9,75.8,75.2,73.6,76.1,75.5,74.9,71.0,72.9,71.8,72.0,76.4,72.2,74.7,72.6,74.4,75.6,73.0,74.5,75.8,74.8,73.8,77.3,82.8,75.1,77.1,75.2,77.3,73.8,71.5,73.2,73.5,75.7,71.0,73.4,71.2,69.5,73.1,79.5,70.1,73.2,71.9,74.4,76.7,76.4,75.5,74.3,74.9,78.1,78.4,73.6,77.3,75.7,74.7,73.3,74.0,70.9,70.7,72.0,70.1,73.3,71.1
5939,79.9,76.1,76.7,78.9,78.3,78.8,79.5,78.0,77.6,76.5,79.1,77.6,78.7,75.8,78.7,77.7,78.3,75.9,78.8,80.0,77.6,77.2,79.3,76.1,77.3,78.6,77.9,77.7,76.0,78.2,78.0,77.0,73.5,75.5,74.2,74.5,79.0,75.3,77.7,75.7,77.2,78.0,76.5,77.3,79.3,77.6,77.5,80.4,86.5,79.0,80.0,80.0,81.1,77.0,74.8,76.4,76.6,78.5,74.5,76.2,74.4,73.8,76.2,82.8,74.5,76.4,76.1,76.5,78.7,78.6,78.7,77.5,78.4,81.0,81.6,77.0,79.2,77.6,76.8,76.5,76.9,74.6,73.4,73.8,72.8,75.7,73.7
5940,82.5,78.4,78.6,81.7,80.5,80.8,81.6,80.0,79.1,78.0,80.6,79.3,80.3,77.4,80.4,79.1,80.2,78.6,80.3,81.5,79.5,78.8,81.1,78.0,79.9,80.7,79.5,79.6,77.5,79.8,79.7,78.3,75.5,77.4,76.1,76.4,81.1,77.8,80.0,78.2,79.7,79.7,79.1,80.0,82.1,79.6,80.3,82.5,89.3,82.0,81.4,83.4,83.8,79.3,77.2,78.6,78.6,80.9,77.4,78.3,77.4,77.2,79.0,85.5,78.7,79.1,80.0,78.1,80.0,80.1,81.0,80.3,81.2,83.4,84.4,79.5,80.7,79.0,78.6,79.3,79.2,77.6,76.0,75.1,74.8,77.5,75.6
5941,84.5,79.9,79.9,83.6,82.2,82.3,83.1,81.4,80.4,79.2,81.7,80.6,81.5,78.7,81.9,80.4,81.2,80.9,81.7,82.5,80.8,79.9,82.3,79.8,82.0,82.4,80.6,80.8,78.7,81.1,81.0,79.5,77.2,79.0,77.6,77.9,82.7,79.3,81.8,79.8,81.7,81.2,80.9,82.4,84.4,81.0,82.5,84.0,91.2,84.2,82.3,85.6,85.4,81.2,78.9,80.4,80.1,82.4,79.6,79.9,79.8,79.9,81.3,87.4,82.3,80.9,83.0,79.2,81.1,81.1,82.5,82.3,83.2,85.3,86.4,81.2,81.7,80.3,79.9,81.5,80.9,80.0,78.0,76.1,76.4,78.6,76.9
5942,85.6,80.8,80.7,84.9,83.2,83.4,84.0,82.4,81.0,80.0,82.3,81.3,82.2,79.5,82.7,81.1,82.1,82.6,82.0,83.0,81.7,81.0,83.1,80.8,83.3,83.6,81.5,81.6,79.4,81.8,81.9,80.4,78.6,79.9,78.6,78.8,83.5,80.2,83.1,80.2,83.2,81.7,82.5,83.8,85.5,81.1,83.9,84.8,91.9,85.0,82.7,86.7,86.3,82.2,79.7,81.7,81.3,83.6,81.7,81.0,81.4,82.2,82.9,88.8,85.3,81.8,85.5,80.0,81.6,81.9,82.9,83.9,84.4,86.8,88.0,82.3,82.3,81.0,80.5,82.8,82.2,81.6,79.4,76.6,77.8,79.7,78.0
5943,85.9,80.2,81.1,85.7,83.7,83.8,84.4,83.0,81.4,80.2,82.5,81.8,82.6,79.7,83.0,81.3,82.4,83.3,82.3,83.0,81.9,81.2,83.4,81.5,83.9,84.0,81.8,81.9,79.8,82.1,82.3,80.1,79.0,80.3,79.2,79.3,83.7,79.6,83.4,80.3,83.7,81.5,83.3,84.7,86.0,80.8,84.5,84.8,92.1,85.5,82.9,86.9,86.7,82.4,80.5,82.2,82.0,84.1,83.0,81.4,82.2,83.8,83.8,89.2,87.0,82.4,86.8,80.2,81.8,82.3,82.6,84.6,84.7,87.2,88.6,82.2,82.3,81.1,80.9,83.5,82.8,82.4,79.9,76.4,78.4,79.9,78.5
5944,85.2,79.4,80.4,85.8,83.7,83.5,84.2,82.8,80.9,79.9,82.1,81.4,82.1,79.5,82.7,80.8,82.3,83.3,82.0,82.3,81.8,80.7,83.2,81.1,84.0,83.8,81.6,81.7,79.6,81.6,82.2,79.9,79.0,80.1,79.2,79.1,82.9,78.3,83.3,79.3,83.3,80.3,83.6,84.6,85.7,79.7,83.9,84.4,91.3,85.2,82.3,86.2,85.9,81.5,80.5,82.0,81.8,84.0,83.4,81.3,82.1,84.6,83.9,88.9,87.5,82.1,86.9,80.0,81.3,82.0,82.0,84.8,84.0,87.1,88.6,81.6,81.6,80.6,80.4,83.5,82.7,82.5,80.0,75.5,78.4,79.7,78.4
5945,83.3,77.0,78.5,85.1,82.8,82.7,83.2,81.7,79.4,79.0,80.8,80.5,81.0,78.5,81.8,79.5,81.2,82.1,80.6,80.7,80.9,79.6,82.1,80.0,82.8,82.9,80.8,80.7,78.9,80.5,81.3,78.3,78.2,79.2,78.5,78.3,81.0,76.0,82.8,77.7,82.0,78.1,82.9,83.7,84.0,77.6,82.5,83.0,89.3,84.3,81.1,84.7,84.9,79.4,79.6,80.9,81.1,83.2,83.4,80.3,80.8,84.6,82.5,87.7,86.7,80.7,85.3,79.2,80.1,80.7,80.6,84.2,82.2,85.9,87.3,80.4,79.9,79.2,79.5,82.5,81.7,81.7,79.3,74.0,77.7,78.5,77.5
5946,78.9,73.2,73.4,83.1,80.9,80.8,81.2,79.3,76.5,76.8,77.7,78.5,77.6,76.7,79.7,77.2,78.7,77.9,77.5,77.0,78.6,77.1,79.8,77.6,80.9,80.5,79.1,78.4,76.6,78.1,79.1,75.7,76.1,76.9,76.7,76.3,77.4,72.4,80.8,74.4,79.9,73.6,81.1,81.4,79.9,73.7,79.9,79.7,84.8,82.2,79.2,81.8,82.4,74.1,77.9,78.0,79.5,81.1,82.1,77.1,77.9,82.8,78.7,83.7,83.8,76.6,81.1,77.3,77.5,77.7,77.9,81.9,78.7,84.3,83.0,78.2,76.5,76.2,77.3,80.4,79.4,79.5,77.1,71.6,75.9,76.2,75.1
5947,74.0,68.6,68.0,79.2,77.6,77.6,77.7,74.5,72.8,73.3,73.8,74.9,73.3,73.8,75.9,73.2,73.1,70.9,73.3,72.7,74.6,73.0,75.4,73.0,76.2,75.6,76.9,74.3,72.2,74.5,75.1,71.5,71.7,73.2,73.5,72.2,72.7,68.2,77.3,70.2,77.1,68.8,76.8,76.5,75.3,69.7,75.8,74.2,79.3,77.0,75.6,78.2,78.1,68.9,74.5,73.1,75.2,76.9,78.9,71.4,74.7,77.9,72.0,76.4,78.7,69.8,75.1,74.5,73.5,73.1,73.8,77.6,74.1,79.5,76.2,73.1,72.0,71.8,73.4,76.0,75.0,74.9,69.3,69.1,72.3,72.3,70.1
5948,71.4,65.9,65.7,75.2,74.8,75.0,75.4,71.5,70.9,71.6,71.7,72.6,71.3,71.8,73.2,71.3,70.0,67.5,71.2,70.6,71.8,70.5,73.2,70.4,72.0,72.2,75.1,71.8,69.4,72.2,72.3,69.6,68.3,70.5,70.8,69.0,70.5,65.7,73.6,67.5,74.6,66.9,72.5,72.7,72.7,67.1,72.9,70.9,76.5,71.7,72.5,75.6,74.0,66.5,71.2,69.6,71.4,73.8,74.6,69.2,71.3,71.0,67.5,72.4,74.5,66.1,71.2,72.9,71.4,70.9,70.9,73.1,71.1,75.3,72.5,69.2,70.0,69.8,71.1,71.4,71.6,70.7,63.6,67.3,69.5,69.6,66.6
5949,69.2,64.0,63.8,72.6,72.8,73.4,73.8,69.9,69.5,70.2,70.2,70.9,69.9,70.3,71.7,70.0,68.4,65.2,69.7,69.3,70.2,69.3,71.7,69.2,70.0,70.9,73.6,70.0,67.8,71.0,70.6,68.7,66.6,68.8,69.3,67.2,68.6,63.9,71.5,65.6,72.8,65.5,70.1,70.7,70.7,65.2,70.4,68.6,73.4,68.6,70.0,73.0,71.3,65.0,69.3,66.7,69.0,71.4,71.0,67.7,68.8,67.2,65.0,69.1,71.8,64.2,68.5,71.5,70.0,69.8,69.0,70.7,68.7,73.0,69.6,67.0,68.7,68.4,69.6,69.2,69.8,68.2,62.8,66.0,67.7,68.1,64.8
5950,67.4,62.9,62.3,70.7,71.2,72.1,72.2,68.6,68.6,69.2,69.0,69.7,68.8,69.2,70.4,69.0,67.2,63.3,68.7,68.2,68.9,68.3,70.5,67.9,68.4,69.6,72.3,68.9,66.4,70.0,69.4,67.9,65.4,67.2,68.0,66.2,67.3,62.4,69.8,64.2,71.5,64.4,68.3,69.4,69.0,63.9,68.1,66.3,69.9,66.6,68.3,70.6,69.7,63.4,67.9,63.9,67.5,69.9,68.5,66.2,66.8,65.1,63.0,65.9,69.3,62.0,65.9,70.3,69.0,68.7,67.3,68.9,66.4,71.2,66.7,65.4,67.8,67.4,68.6,67.8,68.6,66.5,62.3,65.0,66.1,66.9,63.5
5951,65.6,61.4,61.2,69.1,69.7,71.1,71.0,67.6,67.7,68.3,68.0,68.7,67.6,68.3,69.4,68.2,66.2,61.6,67.7,67.3,67.9,67.4,69.3,67.1,67.2,68.6,71.3,67.7,65.6,69.0,68.4,67.2,64.4,66.0,67.0,65.2,66.2,61.1,68.6,62.8,70.3,63.3,66.8,67.8,67.3,62.6,65.9,64.1,67.1,64.4,66.9,68.0,68.1,62.2,66.6,61.8,66.3,68.6,66.8,65.0,64.8,63.3,61.7,63.5,67.0,60.3,63.7,69.4,68.1,67.7,65.9,67.1,64.7,69.7,63.7,63.8,66.9,66.6,67.7,66.5,67.6,65.1,61.7,64.2,65.0,65.8,62.5
5952,64.0,60.5,60.2,67.7,68.5,70.0,69.8,66.5,67.1,67.5,67.2,67.8,66.9,67.4,68.4,67.2,65.5,60.0,66.8,66.6,66.8,66.6,68.5,66.2,66.1,67.5,70.5,66.6,64.7,68.2,67.4,66.5,63.5,64.8,66.0,64.3,65.1,60.0,67.4,61.1,69.1,62.6,65.5,66.5,65.6,61.5,64.2,62.4,63.5,62.7,65.6,65.2,66.9,61.2,65.5,60.0,65.1,67.2,65.2,63.9,63.4,61.9,59.8,61.1,64.8,58.4,61.7,68.6,67.2,67.0,64.5,65.5,62.9,68.1,61.6,62.2,66.1,65.7,66.9,65.4,66.5,63.9,61.1,63.4,64.1,64.8,61.5
5953,62.7,59.3,59.2,66.2,67.5,68.9,68.9,65.8,66.3,66.6,66.2,66.9,66.2,66.6,67.6,66.6,64.7,58.7,66.1,65.9,66.0,65.9,67.7,65.5,65.2,66.7,69.6,65.8,64.1,67.3,66.7,65.9,62.7,64.0,65.1,63.3,64.3,59.0,66.3,60.0,68.2,61.9,64.4,64.9,64.1,60.5,62.7,60.6,60.9,61.1,64.6,63.2,65.2,60.2,64.2,58.4,63.9,66.0,64.0,62.5,61.9,60.3,58.1,59.1,62.5,56.6,59.2,67.7,66.5,66.1,63.0,64.0,61.5,66.5,60.0,60.8,65.3,65.2,66.2,64.5,65.7,62.8,60.5,62.8,63.1,64.1,60.9
5954,61.3,58.4,58.4,65.2,66.7,68.1,68.0,65.0,65.6,66.0,65.5,66.2,65.5,65.9,66.8,65.9,64.0,57.1,65.4,65.3,65.3,65.1,66.9,64.7,64.3,65.9,68.9,65.0,63.4,66.6,66.0,65.3,61.9,63.0,64.3,62.7,63.7,58.0,65.6,58.8,67.0,61.2,63.4,63.8,62.5,59.5,61.2,59.3,59.0,59.5,63.5,61.2,63.6,59.3,63.1,57.0,62.9,65.1,62.5,61.1,60.7,59.0,56.8,57.0,60.6,55.2,57.1,67.0,65.8,65.5,61.6,63.2,59.9,65.3,58.1,59.0,64.9,64.4,65.6,63.6,64.9,61.7,59.6,62.1,62.2,63.2,60.2
5955,59.9,57.5,57.7,64.1,66.0,67.4,67.2,64.2,64.9,65.3,64.9,65.6,65.0,65.3,66.0,65.3,63.7,55.8,64.8,64.7,64.8,64.6,66.2,63.9,63.6,65.3,68.3,64.3,62.8,66.0,65.4,64.8,61.2,62.4,63.7,62.0,62.8,57.1,64.8,57.3,66.0,60.5,62.4,62.6,61.2,58.6,59.9,58.0,57.1,57.8,62.7,59.7,62.5,58.4,62.0,55.9,61.9,64.3,61.3,59.8,59.5,57.9,55.6,54.9,59.2,53.5,55.0,66.2,65.1,64.9,60.5,62.2,58.8,63.8,56.5,57.9,64.4,63.9,64.9,62.8,64.2,60.8,58.6,61.5,61.5,62.6,59.4
5956,58.8,56.8,57.0,63.2,65.4,66.7,66.4,63.6,64.4,64.8,64.3,65.1,64.4,64.7,65.5,64.9,63.1,54.5,64.3,64.2,64.1,63.9,65.7,63.1,63.0,64.5,67.6,63.7,62.2,65.5,64.8,64.2,60.5,61.6,63.0,61.4,62.1,56.2,64.1,56.1,65.1,60.0,61.6,61.3,60.1,57.5,58.8,56.7,55.8,56.7,61.6,58.2,61.1,57.3,61.1,54.6,61.0,63.5,60.1,58.5,58.3,56.5,54.5,53.3,57.7,52.4,53.3,65.6,64.5,64.3,59.3,61.4,57.8,62.8,55.4,56.3,63.9,63.1,64.4,62.1,63.3,59.9,57.5,60.9,60.9,61.9,58.8
5957,57.9,56.2,56.2,62.5,64.7,66.2,66.0,63.1,63.8,64.2,64.0,64.5,64.1,64.2,64.8,64.4,62.7,53.4,63.9,63.8,63.6,63.5,65.2,62.7,62.5,64.0,67.0,63.1,61.7,65.0,64.2,63.8,59.9,61.1,62.4,60.9,61.6,55.7,63.3,55.4,64.2,59.3,60.9,60.4,59.1,56.5,57.9,55.8,54.4,55.5,60.8,56.8,59.9,56.7,60.1,53.5,60.2,62.6,58.9,57.0,57.2,55.2,53.5,51.8,56.6,51.3,51.7,65.2,64.0,63.9,58.1,60.5,56.7,61.8,54.2,55.4,63.5,62.7,63.8,61.2,62.7,59.1,56.2,60.6,60.4,61.3,58.3
5958,57.8,55.9,56.6,61.6,64.1,65.7,65.4,62.6,63.5,64.0,64.0,64.0,64.0,63.9,64.3,64.0,62.4,53.6,63.7,64.0,63.2,63.0,64.9,62.2,61.7,63.3,66.5,62.8,61.6,64.8,63.7,63.6,59.5,60.5,61.9,60.5,61.5,55.4,62.7,54.9,63.5,59.6,60.3,59.3,58.9,56.1,57.0,55.8,53.7,54.6,60.0,56.4,59.0,56.9,59.1,53.4,59.4,62.2,57.9,56.7,57.1,53.8,53.2,51.2,55.5,51.1,50.2,64.6,63.8,63.8,57.1,59.8,56.4,60.7,53.9,54.1,63.4,62.6,63.6,60.7,62.0,58.1,55.1,60.9,59.9,60.8,57.9
5959,62.5,59.8,60.7,61.8,65.1,66.4,66.5,64.2,65.5,65.4,67.1,65.6,66.9,64.9,65.4,65.9,64.4,59.8,66.2,67.2,64.7,64.8,66.5,63.0,62.4,64.4,67.5,64.0,63.7,66.5,65.1,66.1,60.6,62.0,62.9,62.1,65.0,59.3,62.7,59.7,65.0,63.8,60.7,62.3,62.6,60.7,60.2,62.3,63.1,56.2,61.5,59.4,61.9,60.7,59.7,58.1,60.5,63.9,57.9,61.1,60.2,53.7,58.8,59.1,57.4,57.2,55.0,65.7,66.6,66.7,60.1,59.9,60.9,64.0,62.2,56.1,66.7,65.5,65.0,61.2,62.8,58.5,56.8,63.5,60.5,62.3,59.8
5960,67.6,64.4,65.7,66.1,68.2,69.2,69.6,67.6,69.0,68.3,70.4,68.4,70.2,67.8,69.0,69.1,68.1,64.9,69.7,70.9,68.3,68.0,70.0,66.3,66.0,68.3,69.8,67.5,66.9,69.8,68.1,69.0,63.9,65.3,65.3,65.0,68.9,63.9,66.4,64.9,67.8,68.6,64.3,66.8,66.9,66.3,64.1,68.6,71.5,62.8,67.5,64.2,67.3,65.2,62.5,63.7,64.6,67.8,62.0,65.7,63.3,58.5,64.5,68.0,60.9,64.0,61.5,68.5,70.3,69.8,65.5,64.4,65.7,70.0,69.1,63.1,70.4,69.0,68.2,64.6,66.2,61.9,63.0,66.6,63.5,65.8,63.4
5961,72.2,68.5,69.9,71.1,71.8,72.5,73.2,71.5,72.5,71.2,73.6,71.9,73.4,70.6,72.5,72.4,71.8,68.8,73.2,74.6,71.7,71.5,73.7,69.9,70.1,72.0,72.6,71.4,70.1,73.0,71.5,72.0,67.4,69.2,68.3,68.3,73.0,68.1,70.5,68.8,71.0,72.3,68.6,70.8,71.3,71.1,68.8,73.0,78.1,69.3,73.0,69.5,72.5,69.6,66.6,68.9,68.9,71.4,66.5,70.0,66.8,64.2,68.9,74.2,65.2,69.0,67.0,71.3,73.7,73.1,70.7,69.7,70.2,74.4,74.1,68.5,74.0,72.4,71.4,69.0,70.0,66.0,67.3,69.6,66.7,69.6,67.2
5962,76.1,72.5,73.4,75.3,75.2,75.6,76.5,74.9,75.2,73.9,76.5,75.0,76.2,73.3,75.6,75.2,75.3,72.4,76.2,77.6,74.8,74.6,76.7,73.1,73.8,75.4,75.3,74.8,73.2,75.7,75.0,74.5,70.6,72.5,71.4,71.6,76.1,71.7,74.3,72.2,74.0,75.3,72.6,74.1,75.4,74.6,73.3,76.9,82.5,74.5,76.8,74.9,77.0,73.3,70.9,73.0,73.0,75.1,70.6,73.2,70.8,69.2,72.8,79.0,69.8,73.0,71.6,74.0,76.4,75.9,75.1,73.9,74.6,77.7,78.0,73.1,76.9,75.3,74.3,73.0,73.6,70.3,70.1,71.8,69.7,72.9,70.7
5963,79.6,75.7,76.1,78.7,77.9,78.5,79.1,77.6,77.3,76.0,78.7,77.2,78.4,75.4,78.3,77.4,77.8,75.6,78.4,79.6,77.2,76.7,79.0,75.8,77.0,78.2,77.5,77.2,75.5,77.9,77.6,76.6,73.1,75.1,73.7,74.1,78.7,74.8,77.3,75.2,76.8,77.7,76.1,76.9,78.9,77.4,77.0,79.8,86.1,78.5,79.7,79.6,80.7,76.5,74.3,76.2,76.0,77.9,74.0,76.0,74.0,73.4,75.9,82.4,74.3,76.3,75.9,76.0,78.3,78.2,78.4,77.2,78.0,80.5,81.1,76.5,78.8,77.2,76.5,76.2,76.6,74.2,72.8,73.6,72.4,75.4,73.3
5964,82.2,78.0,78.2,81.4,80.1,80.5,81.2,79.6,78.8,77.6,80.2,78.8,79.9,77.0,80.1,78.8,79.7,78.3,80.0,81.1,79.1,78.4,80.7,77.7,79.5,80.3,79.1,79.2,77.1,79.5,79.4,78.0,75.1,77.0,75.6,76.0,80.8,77.4,79.6,77.8,79.3,79.5,78.7,79.7,81.7,79.4,79.8,82.0,88.9,81.5,81.1,83.0,83.4,78.9,76.7,78.4,78.1,80.2,77.0,78.1,77.1,76.8,78.6,85.1,78.5,78.9,79.8,77.7,79.8,79.8,80.7,80.0,80.8,83.1,83.9,79.1,80.3,78.7,78.2,79.0,78.9,77.0,75.5,74.9,74.4,77.1,75.1
5965,84.2,79.6,79.4,83.4,81.8,82.0,82.7,81.1,80.0,78.8,81.4,80.2,81.2,78.3,81.5,80.1,80.8,80.6,81.3,82.2,80.4,79.6,81.9,79.5,81.7,82.0,80.2,80.5,78.3,80.8,80.6,79.2,76.8,78.6,77.1,77.4,82.4,79.0,81.4,79.4,81.4,81.0,80.6,82.0,84.0,80.8,82.0,83.5,90.8,83.7,82.0,85.3,84.9,80.7,78.4,80.1,79.6,81.8,79.2,79.6,79.4,79.5,80.9,87.0,82.1,80.7,82.9,78.9,81.0,80.8,82.1,82.1,82.9,84.9,86.0,80.8,81.3,80.0,79.5,81.2,80.6,79.5,77.5,75.9,76.0,78.3,76.4
5966,85.3,80.4,80.3,84.7,82.9,83.0,83.6,82.1,80.8,79.6,82.0,81.0,82.0,79.1,82.4,80.8,81.6,82.2,81.7,82.7,81.3,80.6,82.8,80.6,83.0,83.1,81.1,81.3,79.0,81.5,81.4,80.0,78.1,79.4,78.1,78.3,83.3,79.9,82.7,79.9,82.8,81.5,82.3,83.4,85.2,80.8,83.4,84.3,91.6,84.6,82.4,86.4,85.8,81.8,79.2,81.4,80.7,83.0,81.4,80.8,81.1,81.8,82.5,88.4,85.1,81.6,85.3,79.6,81.4,81.6,82.5,83.6,84.2,86.3,87.6,81.7,81.9,80.7,80.0,82.5,81.9,81.1,79.0,76.4,77.4,79.3,77.5
5967,85.5,80.0,80.5,85.4,83.4,83.4,84.0,82.6,81.1,79.8,82.2,81.5,82.3,79.3,82.7,80.9,81.9,83.0,81.9,82.7,81.5,80.9,83.1,81.2,83.6,83.6,81.4,81.7,79.3,81.7,81.9,79.9,78.6,79.8,78.7,78.8,83.3,79.4,83.1,80.1,83.3,81.3,83.1,84.2,85.6,80.3,84.0,84.2,91.7,85.1,82.5,86.5,86.1,82.0,79.9,81.9,81.4,83.5,82.6,81.1,81.9,83.4,83.4,88.8,86.8,82.2,86.5,79.8,81.6,82.0,82.1,84.4,84.5,86.6,88.2,81.8,82.0,80.7,80.4,83.1,82.5,81.9,79.6,76.2,78.0,79.6,78.0
5968,84.9,79.2,80.0,85.5,83.4,83.1,83.8,82.4,80.5,79.4,81.8,81.0,81.8,79.1,82.3,80.4,81.8,83.0,81.8,82.0,81.4,80.3,82.8,80.8,83.7,83.4,81.2,81.3,79.1,81.2,81.7,79.6,78.7,79.8,78.7,78.7,82.6,78.0,83.1,79.1,83.0,80.1,83.3,84.2,85.3,79.3,83.4,83.8,90.8,84.8,82.1,85.8,85.3,81.1,80.0,81.7,81.2,83.4,83.0,81.0,81.7,84.3,83.5,88.5,87.3,81.9,86.7,79.6,81.2,81.6,81.6,84.6,83.8,86.4,88.1,81.2,81.3,80.2,80.0,83.1,82.4,82.0,79.6,75.3,78.1,79.2,78.0
5969,82.9,76.7,78.1,84.9,82.5,82.3,82.8,81.3,79.0,78.5,80.5,80.1,80.5,78.1,81.4,79.1,80.7,81.8,80.3,80.4,80.4,79.2,81.6,79.6,82.6,82.5,80.3,80.3,78.4,80.1,80.8,78.0,77.9,78.7,78.0,77.7,80.6,75.7,82.4,77.4,81.7,77.8,82.6,83.2,83.6,77.2,82.0,82.4,88.8,83.8,80.9,84.3,84.3,79.0,79.1,80.6,80.5,82.5,83.0,80.0,80.4,84.3,82.1,87.2,86.6,80.5,85.1,78.8,79.9,80.3,80.2,83.9,82.0,85.4,86.8,79.9,79.6,78.7,79.1,82.1,81.4,81.3,78.9,73.8,77.4,78.1,77.1
5970,78.5,72.7,72.9,82.8,80.6,80.3,80.7,78.9,76.0,76.2,77.3,78.1,77.1,76.2,79.2,76.7,78.1,77.4,77.2,76.6,78.1,76.6,79.3,77.1,80.5,80.1,78.6,77.9,76.1,77.8,78.6,75.3,75.7,76.5,76.3,75.8,77.0,72.0,80.3,74.0,79.7,73.3,80.7,80.9,79.4,73.4,79.5,79.0,84.2,81.7,78.9,81.4,81.7,73.6,77.2,77.7,78.9,80.4,81.6,76.7,77.5,82.6,78.2,83.2,83.7,76.2,80.9,76.8,77.2,77.3,77.4,81.6,78.4,83.7,82.4,77.5,76.1,75.7,76.8,80.0,79.0,79.0,76.6,71.3,75.6,75.7,74.6
5971,73.6,68.1,67.5,78.8,77.2,77.1,77.3,74.1,72.4,72.8,73.4,74.4,72.7,73.2,75.5,72.7,72.5,70.4,72.9,72.2,74.1,72.5,74.8,72.4,75.8,75.2,76.4,73.8,71.7,74.0,74.6,71.0,71.3,72.8,72.9,71.6,72.4,67.8,76.8,69.9,76.9,68.4,76.3,76.0,74.9,69.3,75.4,73.5,78.9,76.4,75.3,77.7,77.5,68.3,73.9,72.7,74.5,76.2,78.3,71.0,74.3,77.5,71.4,75.9,78.6,69.4,74.8,74.0,73.1,72.6,73.3,77.2,73.6,78.8,75.6,72.5,71.5,71.2,72.9,75.6,74.6,74.4,68.6,68.9,71.9,71.8,69.6
5972,71.0,65.4,65.2,74.8,74.3,74.6,74.9,71.2,70.5,71.0,71.2,72.1,70.7,71.3,72.8,70.8,69.5,67.1,70.8,70.2,71.4,70.0,72.7,70.0,71.6,71.9,74.7,71.3,68.9,71.7,71.9,69.1,68.0,70.1,70.3,68.5,70.2,65.3,73.2,67.2,74.4,66.6,72.1,72.2,72.3,66.9,72.4,70.3,76.0,71.0,72.2,75.1,73.5,66.0,70.7,69.1,70.9,73.1,74.0,68.8,70.9,70.6,67.0,72.0,74.4,65.7,71.0,72.4,71.0,70.4,70.5,72.8,70.8,74.7,72.0,68.7,69.6,69.2,70.5,71.1,71.2,70.2,63.2,67.0,69.1,69.2,66.1
5973,68.9,63.6,63.4,72.2,72.4,73.0,73.3,69.5,69.1,69.7,69.7,70.4,69.3,69.8,71.3,69.5,67.9,64.9,69.3,68.9,69.7,68.8,71.2,68.8,69.6,70.6,73.1,69.5,67.4,70.5,70.1,68.2,66.3,68.4,68.9,66.8,68.2,63.4,71.1,65.3,72.5,65.2,69.8,70.2,70.4,64.9,69.8,67.9,72.9,68.0,69.7,72.5,70.8,64.6,68.7,66.2,68.4,70.8,70.5,67.3,68.4,66.9,64.5,68.6,71.8,63.7,68.3,71.1,69.6,69.2,68.5,70.4,68.3,72.4,69.2,66.5,68.3,68.0,69.2,68.9,69.5,67.8,62.4,65.7,67.3,67.7,64.4
5974,67.1,62.4,61.9,70.4,70.8,71.7,71.8,68.2,68.2,68.7,68.5,69.2,68.2,68.7,70.0,68.5,66.7,62.9,68.2,67.8,68.5,67.8,70.0,67.7,68.1,69.3,71.8,68.4,66.0,69.5,68.9,67.5,65.1,66.9,67.6,65.7,66.9,61.9,69.4,63.8,71.2,64.1,67.9,68.8,68.6,63.6,67.6,65.6,69.4,66.0,68.0,70.2,69.2,63.1,67.4,63.4,66.9,69.3,68.1,65.9,66.4,64.8,62.4,65.5,69.2,61.5,65.7,69.8,68.6,68.1,66.9,68.6,66.0,70.7,66.3,64.8,67.3,66.9,68.1,67.4,68.2,66.2,61.9,64.7,65.9,66.6,63.1
5975,65.2,61.0,60.8,68.7,69.4,70.7,70.6,67.2,67.3,67.9,67.4,68.2,67.0,67.8,69.0,67.6,65.7,61.1,67.1,66.9,67.4,66.9,68.9,66.9,66.9,68.3,70.7,67.3,65.2,68.5,68.0,66.8,64.1,65.6,66.6,64.8,65.9,60.5,68.2,62.4,69.9,63.0,66.5,67.3,66.9,62.3,65.4,63.5,66.6,63.7,66.6,67.6,67.7,61.8,66.0,61.3,65.7,68.0,66.4,64.8,64.4,63.0,61.0,63.1,66.9,59.9,63.5,68.9,67.7,67.2,65.5,66.9,64.3,69.1,63.3,63.3,66.4,66.1,67.2,66.1,67.2,64.8,61.3,64.0,64.7,65.5,62.0
5976,63.7,60.1,59.8,67.4,68.2,69.6,69.5,66.3,66.6,67.0,66.7,67.2,66.3,67.0,68.0,66.7,65.0,59.6,66.3,66.2,66.4,66.0,68.0,65.9,65.8,67.3,70.0,66.2,64.4,67.6,67.0,66.2,63.3,64.5,65.6,64.0,64.9,59.5,67.0,60.8,68.8,62.2,65.2,66.0,65.3,61.1,63.6,61.8,63.1,62.1,65.3,64.9,66.5,60.8,64.9,59.5,64.6,66.5,64.8,63.8,63.0,61.5,59.2,60.6,64.6,58.0,61.4,68.1,66.8,66.4,64.0,65.2,62.4,67.5,61.2,61.9,65.7,65.3,66.5,65.1,66.2,63.6,60.8,63.2,63.8,64.5,61.1
5977,62.3,58.9,58.8,66.0,67.2,68.5,68.5,65.6,65.8,66.2,65.7,66.4,65.7,66.2,67.2,66.1,64.3,58.1,65.6,65.4,65.7,65.3,67.2,65.2,64.9,66.4,69.1,65.4,63.7,66.8,66.4,65.4,62.5,63.6,64.7,63.1,64.1,58.4,66.0,59.6,67.9,61.6,64.0,64.4,63.7,60.1,62.1,60.0,60.5,60.5,64.3,62.9,64.8,59.8,63.7,57.9,63.4,65.4,63.6,62.2,61.6,60.0,57.5,58.7,62.3,56.2,58.9,67.3,66.1,65.5,62.5,63.7,61.1,66.0,59.6,60.4,64.9,64.7,65.9,64.2,65.4,62.4,60.1,62.6,62.9,63.8,60.4
5978,60.9,57.9,58.0,64.9,66.4,67.7,67.6,64.7,65.2,65.6,64.9,65.6,64.9,65.5,66.4,65.4,63.6,56.5,64.9,64.8,65.0,64.6,66.5,64.4,64.0,65.6,68.5,64.7,63.2,66.1,65.7,64.8,61.6,62.7,64.0,62.4,63.4,57.5,65.3,58.4,66.7,60.8,63.0,63.3,62.1,59.0,60.7,58.7,58.6,58.8,63.2,60.9,63.2,58.8,62.6,56.5,62.4,64.4,62.1,60.9,60.3,58.8,56.3,56.6,60.4,54.7,56.7,66.7,65.3,64.9,61.1,62.9,59.5,64.8,57.8,58.6,64.4,63.9,65.2,63.4,64.6,61.3,59.2,62.0,61.9,62.9,59.8
5979,59.6,57.0,57.2,63.8,65.7,67.1,66.8,63.9,64.4,64.9,64.4,65.0,64.4,64.9,65.7,64.8,63.3,55.2,64.3,64.2,64.4,64.1,65.8,63.6,63.3,65.0,67.8,64.0,62.5,65.5,65.0,64.3,60.9,62.1,63.3,61.8,62.6,56.6,64.4,56.9,65.7,60.1,62.1,62.0,60.9,58.1,59.4,57.4,56.7,57.4,62.4,59.3,62.1,58.0,61.5,55.4,61.5,63.8,60.9,59.6,59.1,57.6,55.1,54.6,59.0,53.1,54.7,65.8,64.6,64.2,60.1,61.9,58.3,63.3,56.1,57.5,63.9,63.3,64.5,62.5,63.9,60.4,58.3,61.3,61.2,62.3,59.0
5980,58.4,56.2,56.4,62.9,65.0,66.3,66.1,63.3,64.0,64.4,63.8,64.5,63.9,64.3,65.2,64.4,62.8,54.0,63.8,63.7,63.8,63.5,65.2,62.9,62.7,64.2,67.2,63.3,62.0,65.0,64.5,63.8,60.1,61.3,62.7,61.2,61.9,55.7,63.7,55.8,64.8,59.6,61.3,60.8,59.7,57.0,58.3,56.2,55.3,56.1,61.3,57.8,60.7,56.8,60.6,54.2,60.6,62.9,59.8,58.3,57.9,56.1,54.0,53.1,57.5,52.1,53.1,65.2,64.0,63.7,58.9,61.0,57.3,62.3,54.9,55.9,63.4,62.6,64.0,61.8,63.0,59.5,57.1,60.8,60.6,61.6,58.5
5981,57.4,55.7,55.7,62.2,64.3,65.8,65.6,62.8,63.4,63.8,63.5,64.0,63.6,63.8,64.5,63.9,62.4,52.9,63.5,63.3,63.3,63.0,64.8,62.4,62.1,63.7,66.6,62.8,61.4,64.5,63.8,63.4,59.7,60.7,62.1,60.6,61.3,55.2,62.9,55.1,63.9,59.0,60.6,59.9,58.7,56.1,57.4,55.3,54.1,55.0,60.4,56.5,59.5,56.2,59.6,53.1,59.8,62.1,58.7,56.7,56.8,54.9,53.0,51.6,56.4,50.9,51.3,64.8,63.5,63.4,57.6,60.3,56.2,61.4,53.8,55.0,63.1,62.2,63.5,60.9,62.5,58.6,55.9,60.5,60.0,60.9,58.0
5982,57.2,55.4,55.9,61.4,63.8,65.3,65.0,62.3,63.0,63.5,63.5,63.5,63.4,63.4,64.0,63.5,62.0,53.0,63.2,63.6,62.8,62.6,64.4,61.9,61.4,63.0,66.1,62.4,61.3,64.3,63.3,63.1,59.2,60.2,61.6,60.2,61.2,54.9,62.4,54.6,63.2,59.3,59.9,58.9,58.4,55.7,56.6,55.3,53.3,54.1,59.6,56.1,58.6,56.3,58.7,53.0,59.1,61.7,57.7,56.4,56.7,53.4,52.6,51.0,55.3,50.7,49.9,64.2,63.2,63.3,56.7,59.5,56.0,60.3,53.6,53.8,62.9,62.1,63.2,60.3,61.8,57.7,54.7,60.7,59.6,60.5,57.6
5983,62.0,59.3,60.2,61.5,64.7,66.0,66.0,63.8,65.0,65.0,66.5,65.0,66.3,64.5,65.1,65.3,63.9,59.3,65.7,66.7,64.3,64.3,66.0,62.7,62.0,64.1,67.1,63.6,63.3,66.0,64.6,65.6,60.2,61.6,62.5,61.6,64.7,58.7,62.3,59.4,64.7,63.4,60.4,61.9,62.2,60.1,59.7,61.7,62.6,55.5,61.0,59.0,61.4,60.1,59.3,57.7,60.0,63.4,57.7,60.8,59.7,53.3,58.2,58.7,57.2,56.7,54.7,65.3,66.1,66.0,59.6,59.6,60.4,63.5,61.7,55.5,66.3,64.9,64.6,60.8,62.5,58.0,56.5,63.3,60.1,61.9,59.4
5984,67.1,63.8,65.3,65.8,67.7,68.8,69.2,67.2,68.5,67.8,69.8,67.8,69.6,67.3,68.6,68.6,67.6,64.5,69.2,70.4,67.8,67.5,69.4,65.9,65.6,67.9,69.3,67.1,66.6,69.2,67.6,68.5,63.5,64.9,64.9,64.6,68.6,63.3,65.9,64.6,67.4,68.2,63.9,66.3,66.4,65.8,63.7,68.1,71.0,62.1,67.1,63.8,66.9,64.6,62.2,63.4,64.2,67.2,61.8,65.4,62.9,58.0,64.0,67.4,60.7,63.6,61.2,68.1,69.9,69.2,65.0,64.0,65.4,69.5,68.6,62.5,70.0,68.4,67.7,64.2,65.8,61.4,62.5,66.3,63.1,65.4,63.0
5985,71.7,68.0,69.4,70.7,71.4,72.0,72.7,71.0,72.0,70.7,73.1,71.4,72.9,70.1,72.1,71.9,71.3,68.3,72.7,74.2,71.1,71.1,73.1,69.5,69.7,71.6,72.1,70.9,69.7,72.5,71.0,71.4,66.9,68.8,67.8,67.9,72.6,67.6,70.0,68.5,70.6,71.9,68.2,70.3,70.8,70.7,68.4,72.5,77.7,68.7,72.6,69.1,72.0,69.1,66.2,68.6,68.5,70.9,66.3,69.7,66.4,63.7,68.5,73.8,65.1,68.7,66.7,70.9,73.2,72.5,70.3,69.3,69.8,73.9,73.7,67.8,73.6,72.0,70.9,68.6,69.6,65.4,66.8,69.3,66.2,69.2,66.9
5986,75.6,72.0,73.0,74.9,74.7,75.1,76.0,74.5,74.8,73.4,76.0,74.5,75.8,72.8,75.1,74.7,74.9,72.0,75.6,77.2,74.3,74.2,76.1,72.7,73.3,75.0,74.9,74.3,72.7,75.3,74.6,73.9,70.2,72.1,71.0,71.2,75.7,71.3,73.7,71.8,73.6,75.0,72.2,73.6,75.0,74.1,72.8,76.4,82.1,73.9,76.4,74.4,76.6,72.8,70.5,72.8,72.5,74.6,70.3,73.0,70.4,68.7,72.4,78.6,69.7,72.8,71.4,73.5,75.9,75.3,74.7,73.5,74.2,77.2,77.7,72.5,76.5,74.9,73.8,72.5,73.2,69.8,69.8,71.4,69.3,72.5,70.3
5987,79.2,75.2,75.7,78.2,77.5,77.9,78.6,77.2,76.9,75.6,78.2,76.8,77.9,74.9,77.7,76.9,77.4,75.3,77.8,79.2,76.7,76.3,78.4,75.4,76.5,77.7,77.1,76.8,75.2,77.5,77.1,76.1,72.7,74.8,73.4,73.8,78.3,74.3,76.8,74.8,76.4,77.3,75.6,76.4,78.5,76.9,76.6,79.4,85.7,77.8,79.4,79.2,80.3,76.0,73.8,76.0,75.6,77.5,73.7,75.8,73.7,73.0,75.5,82.0,74.3,76.2,75.8,75.6,77.9,77.6,78.0,76.8,77.6,80.0,80.8,75.8,78.4,76.9,76.0,75.7,76.2,73.6,72.6,73.2,71.9,74.9,73.0
5988,81.9,77.5,77.7,81.0,79.7,80.0,80.7,79.2,78.5,77.2,79.8,78.4,79.5,76.5,79.6,78.4,79.2,78.0,79.6,80.7,78.7,78.0,80.2,77.4,79.0,79.9,78.6,78.7,76.7,79.0,78.9,77.5,74.7,76.7,75.4,75.7,80.4,76.9,79.2,77.4,78.9,79.1,78.3,79.1,81.3,79.0,79.4,81.6,88.6,80.7,80.8,82.6,83.0,78.4,76.2,78.2,77.7,79.6,76.7,77.8,76.8,76.4,78.3,84.7,78.5,78.8,79.7,77.3,79.3,79.3,80.3,79.6,80.5,82.6,83.6,78.4,79.8,78.4,77.7,78.4,78.4,76.5,75.2,74.5,74.0,76.8,74.9
5989,83.9,79.2,78.9,83.0,81.4,81.5,82.2,80.7,79.7,78.3,80.9,79.9,80.8,77.8,81.0,79.6,80.2,80.3,80.8,81.8,80.0,79.1,81.4,79.1,81.2,81.6,79.8,80.1,77.9,80.3,80.2,78.8,76.4,78.2,76.8,77.1,82.1,78.5,81.0,79.0,81.0,80.6,80.3,81.5,83.6,80.2,81.5,83.1,90.5,82.8,81.7,84.8,84.5,80.2,77.9,79.9,79.0,81.2,79.0,79.5,79.2,79.1,80.6,86.6,82.1,80.5,82.8,78.4,80.4,80.3,81.8,81.6,82.5,84.2,85.6,80.1,80.8,79.7,79.0,80.7,80.2,79.0,77.2,75.4,75.6,77.8,76.2
5990,84.9,80.0,79.7,84.3,82.5,82.5,83.1,81.7,80.5,79.1,81.6,80.6,81.6,78.6,81.9,80.4,81.1,82.1,81.3,82.2,80.8,80.1,82.3,80.2,82.5,82.7,80.6,80.8,78.5,81.0,81.0,79.6,77.8,79.0,77.9,78.0,82.9,79.3,82.3,79.5,82.4,81.0,81.9,82.8,84.7,80.3,82.9,83.9,91.2,83.8,82.2,85.9,85.5,81.3,78.6,81.2,80.1,82.4,81.1,80.6,81.0,81.5,82.2,88.0,85.1,81.4,85.2,79.1,80.9,81.1,82.2,83.1,83.7,85.5,87.1,81.2,81.4,80.4,79.5,81.9,81.5,80.6,78.7,75.9,77.0,78.9,77.3
5991,85.1,79.6,80.1,85.0,83.0,82.9,83.6,82.2,80.8,79.3,81.8,81.1,81.9,78.7,82.2,80.5,81.4,82.9,81.6,82.3,81.1,80.3,82.6,80.8,83.2,83.2,80.9,81.2,78.9,81.3,81.4,79.6,78.3,79.4,78.4,78.5,82.9,79.0,82.7,79.6,82.8,80.8,82.7,83.5,85.2,79.8,83.5,83.9,91.2,84.4,82.3,86.1,85.8,81.5,79.2,81.7,80.7,82.8,82.3,81.0,81.8,83.1,83.2,88.4,86.8,82.1,86.5,79.3,81.2,81.5,81.8,84.0,84.1,85.9,87.8,81.3,81.6,80.4,79.9,82.6,82.1,81.4,79.3,75.7,77.7,79.2,77.8
5992,84.4,78.7,79.5,85.1,83.0,82.6,83.3,82.0,80.3,78.9,81.4,80.8,81.4,78.5,81.8,80.0,81.2,82.9,81.4,81.7,80.8,79.8,82.3,80.4,83.3,83.0,80.7,80.9,78.6,80.8,81.2,79.2,78.3,79.3,78.4,78.3,82.2,77.6,82.6,78.6,82.4,79.6,82.9,83.4,84.8,78.9,82.8,83.5,90.4,84.1,81.8,85.5,85.0,80.7,79.2,81.5,80.4,82.6,82.8,80.8,81.6,84.0,83.3,88.1,87.3,81.8,86.7,79.1,80.8,81.1,81.3,84.1,83.3,85.6,87.7,80.7,80.9,79.8,79.4,82.6,82.0,81.5,79.3,74.8,77.7,78.8,77.7
5993,82.4,76.3,77.6,84.4,82.1,81.7,82.4,80.9,78.7,77.9,80.1,79.9,80.2,77.5,80.9,78.7,80.2,81.7,79.9,80.0,79.9,78.7,81.1,79.2,82.1,82.1,79.8,79.8,77.9,79.6,80.4,77.7,77.5,78.3,77.7,77.3,80.2,75.3,82.0,76.9,81.1,77.2,82.1,82.5,83.1,76.8,81.4,82.1,88.4,83.3,80.7,83.9,84.1,78.5,78.2,80.3,79.7,81.7,82.7,79.7,80.3,83.9,81.9,86.7,86.6,80.3,85.0,78.2,79.5,79.8,79.9,83.4,81.5,84.7,86.3,79.5,79.2,78.3,78.5,81.5,81.0,80.7,78.6,73.2,77.0,77.6,76.8
5994,77.8,72.2,72.3,82.2,80.1,79.8,80.3,78.3,75.6,75.6,76.8,77.8,76.6,75.6,78.8,76.2,77.5,77.2,76.6,76.0,77.5,76.1,78.7,76.7,80.0,79.7,78.1,77.4,75.6,77.3,78.0,74.8,75.3,76.0,75.9,75.4,76.5,71.5,79.9,73.5,79.1,72.7,80.2,80.1,78.9,72.9,78.9,78.5,83.6,81.1,78.7,80.9,81.4,73.0,76.4,77.3,78.1,79.6,81.2,76.4,77.3,82.3,77.8,82.6,83.7,75.9,80.8,76.2,76.8,76.6,77.1,81.1,77.9,83.0,81.8,77.0,75.5,75.2,76.2,79.4,78.6,78.5,76.1,70.8,75.2,75.2,74.2
5995,73.2,67.6,67.1,78.2,76.7,76.6,76.9,73.6,72.0,72.2,72.8,73.9,72.2,72.7,75.1,72.2,72.0,70.2,72.4,71.7,73.5,71.9,74.3,72.0,75.3,74.8,75.9,73.3,71.3,73.5,74.0,70.5,70.7,72.3,72.5,71.2,72.0,67.2,76.3,69.5,76.3,67.9,75.8,75.2,74.4,68.8,74.7,73.0,78.5,75.7,75.0,77.3,77.1,67.8,73.1,72.4,73.7,75.3,77.9,70.6,74.0,77.1,71.0,75.4,78.6,69.0,74.7,73.5,72.6,71.9,72.9,76.7,73.0,78.1,75.2,72.0,70.8,70.7,72.3,74.9,74.1,73.8,67.9,68.4,71.6,71.4,69.1
5996,70.5,64.9,64.8,74.3,73.9,74.1,74.5,70.7,70.1,70.5,70.6,71.6,70.1,70.8,72.5,70.3,69.0,66.8,70.1,69.6,70.9,69.5,72.2,69.6,71.2,71.7,74.2,70.9,68.5,71.2,71.4,68.7,67.5,69.7,70.0,68.1,69.7,64.7,72.8,66.8,73.9,66.2,71.7,71.6,72.0,66.4,71.8,69.8,75.6,70.3,71.8,74.8,72.9,65.5,70.0,68.8,70.1,72.5,73.7,68.5,70.7,70.2,66.6,71.6,74.4,65.3,70.9,71.9,70.6,69.8,70.1,72.3,70.2,73.9,71.5,68.1,68.9,68.7,70.0,70.6,70.9,69.7,62.7,66.7,68.7,68.7,65.7
5997,68.4,63.0,62.9,71.8,72.0,72.6,72.9,69.2,68.7,69.1,69.1,69.9,68.7,69.3,71.0,69.1,67.4,64.6,68.7,68.3,69.3,68.3,70.7,68.5,69.3,70.4,72.6,69.1,66.9,70.0,69.7,67.7,65.9,68.0,68.6,66.4,67.8,62.9,70.6,65.0,72.0,64.8,69.4,69.6,70.0,64.5,69.2,67.5,72.5,67.3,69.3,72.1,70.3,64.0,68.1,65.9,67.7,70.1,70.2,67.0,68.2,66.5,64.1,68.1,71.7,63.4,68.2,70.6,69.2,68.5,68.1,69.9,67.7,71.6,68.7,66.0,67.6,67.4,68.7,68.4,69.2,67.3,62.0,65.3,66.9,67.4,64.0
5998,66.6,61.8,61.5,70.0,70.4,71.3,71.4,67.9,67.7,68.2,67.8,68.6,67.6,68.2,69.7,68.1,66.2,62.6,67.6,67.2,68.0,67.4,69.5,67.3,67.7,69.0,71.4,68.0,65.7,69.0,68.5,67.0,64.7,66.3,67.3,65.5,66.5,61.4,69.0,63.5,70.8,63.7,67.6,68.2,68.3,63.3,67.0,65.3,69.0,65.3,67.6,69.8,68.7,62.5,66.8,63.0,66.3,68.6,67.8,65.6,66.2,64.2,62.0,65.0,69.1,61.1,65.5,69.4,68.1,67.5,66.5,68.2,65.6,69.9,65.8,64.3,66.6,66.4,67.6,67.0,68.0,65.7,61.5,64.4,65.4,66.2,62.8
5999,64.8,60.6,60.3,68.4,69.1,70.3,70.2,66.9,66.8,67.4,66.8,67.6,66.5,67.3,68.6,67.1,65.3,60.8,66.5,66.3,67.0,66.4,68.5,66.5,66.5,68.0,70.3,66.9,64.9,68.1,67.6,66.4,63.7,65.1,66.3,64.5,65.5,60.1,67.8,62.1,69.5,62.6,66.1,66.4,66.6,62.0,64.9,63.0,66.1,63.0,66.3,67.3,67.1,61.3,65.4,60.9,65.1,67.3,66.2,64.5,64.2,62.5,60.7,62.6,66.8,59.4,63.3,68.4,67.2,66.5,65.0,66.5,63.9,68.4,62.9,62.7,65.7,65.6,66.7,65.7,67.0,64.4,61.0,63.7,64.3,65.1,61.7
6000,63.3,59.8,59.5,67.1,67.8,69.2,69.1,65.9,66.1,66.5,66.0,66.7,65.7,66.4,67.7,66.1,64.6,59.3,65.7,65.5,66.0,65.5,67.7,65.6,65.5,66.9,69.5,65.9,64.1,67.2,66.6,65.7,62.9,64.1,65.3,63.7,64.5,59.1,66.6,60.4,68.3,61.8,64.8,65.2,64.9,60.9,63.1,61.4,62.7,61.5,64.9,64.6,65.9,60.3,64.3,59.1,63.9,66.0,64.6,63.4,62.8,61.1,58.9,60.2,64.5,57.6,61.1,67.6,66.3,65.7,63.5,64.9,62.1,66.7,60.7,61.2,64.9,64.7,65.9,64.7,65.9,63.1,60.5,62.9,63.3,64.1,60.8
6001,62.0,58.6,58.5,65.6,66.9,68.1,68.1,65.2,65.3,65.7,65.1,65.8,65.1,65.7,66.9,65.6,63.8,57.8,65.0,64.7,65.2,64.8,66.8,64.8,64.5,66.1,68.6,65.1,63.4,66.4,66.0,64.9,62.0,63.2,64.4,62.6,63.8,58.1,65.5,59.2,67.4,61.1,63.6,63.7,63.4,59.9,61.6,59.7,60.2,59.8,63.7,62.5,64.2,59.3,63.2,57.5,62.9,64.9,63.4,61.9,61.3,59.6,57.2,58.3,62.1,55.9,58.6,66.8,65.5,64.7,62.1,63.4,60.8,65.2,59.2,59.6,64.1,64.1,65.4,63.7,65.1,61.9,59.8,62.3,62.4,63.4,60.1
6002,60.6,57.6,57.8,64.6,66.0,67.4,67.2,64.3,64.6,65.1,64.3,65.1,64.4,65.1,66.1,64.9,63.2,56.2,64.2,64.1,64.6,64.1,66.1,64.1,63.6,65.3,68.0,64.4,62.8,65.6,65.3,64.3,61.2,62.3,63.6,62.0,63.0,57.2,64.9,58.0,66.2,60.4,62.6,62.6,61.8,58.9,60.2,58.4,58.2,58.1,62.7,60.6,62.6,58.4,62.1,56.1,62.0,63.9,62.0,60.5,60.0,58.3,56.1,56.3,60.2,54.4,56.4,66.2,64.8,64.2,60.7,62.5,59.2,64.1,57.5,57.8,63.6,63.4,64.8,63.0,64.2,60.8,58.9,61.7,61.5,62.6,59.5
6003,59.3,56.7,57.0,63.5,65.4,66.7,66.4,63.6,63.9,64.4,63.8,64.4,63.8,64.4,65.4,64.3,62.8,54.9,63.7,63.5,64.1,63.5,65.4,63.3,62.8,64.7,67.3,63.6,62.2,65.1,64.6,63.7,60.5,61.7,63.0,61.3,62.2,56.3,64.0,56.6,65.4,59.6,61.7,61.3,60.6,58.0,58.9,57.1,56.4,56.7,61.9,59.1,61.5,57.6,61.0,55.0,61.1,63.2,60.7,59.3,58.8,57.2,54.9,54.3,58.8,52.9,54.5,65.3,64.0,63.6,59.6,61.6,58.0,62.5,55.9,56.7,63.1,62.8,64.1,62.2,63.5,59.9,58.0,61.1,60.7,61.9,58.7
6004,58.2,56.0,56.2,62.5,64.6,66.0,65.7,63.0,63.4,63.9,63.2,63.9,63.2,63.9,64.9,63.9,62.4,53.6,63.1,63.0,63.4,63.0,64.9,62.5,62.3,63.9,66.7,63.0,61.6,64.6,64.1,63.2,59.8,60.9,62.3,60.8,61.5,55.4,63.3,55.5,64.4,59.1,60.9,60.2,59.4,56.9,57.8,55.9,55.0,55.4,60.9,57.5,60.1,56.5,60.1,53.8,60.2,62.5,59.7,57.9,57.5,55.7,53.7,52.9,57.3,51.8,52.8,64.8,63.4,63.1,58.5,60.8,57.0,61.6,54.8,55.3,62.6,62.1,63.6,61.4,62.6,59.1,56.8,60.6,60.2,61.2,58.1
6005,57.1,55.4,55.4,61.9,64.0,65.5,65.2,62.5,62.8,63.3,62.8,63.4,62.9,63.3,64.3,63.4,61.9,52.6,62.8,62.6,62.9,62.5,64.4,62.2,61.7,63.4,66.1,62.5,61.1,64.1,63.5,62.8,59.2,60.4,61.8,60.2,60.9,54.9,62.6,54.7,63.5,58.7,60.3,59.2,58.4,55.9,56.9,54.9,53.9,54.3,59.9,56.2,58.9,55.8,59.2,52.7,59.4,61.6,58.5,56.3,56.5,54.6,52.6,51.3,56.2,50.6,51.1,64.3,62.8,62.7,57.2,60.0,55.8,60.7,53.6,54.4,62.3,61.7,63.0,60.5,62.1,58.2,55.6,60.3,59.6,60.5,57.6
6006,56.9,55.1,55.6,61.1,63.4,64.9,64.6,62.0,62.4,63.1,62.8,62.9,62.7,63.0,63.7,62.9,61.6,52.6,62.5,62.8,62.4,62.0,64.0,61.6,60.9,62.8,65.6,62.1,60.8,63.8,63.0,62.5,58.8,59.8,61.2,59.8,60.7,54.6,62.0,54.2,62.9,59.0,59.6,58.3,58.1,55.4,56.1,54.9,53.1,53.4,59.1,55.8,58.0,55.9,58.3,52.6,58.6,61.3,57.6,56.0,56.3,53.0,52.4,50.7,55.1,50.4,49.7,63.7,62.6,62.5,56.2,59.1,55.6,59.7,53.4,53.2,62.1,61.5,62.7,59.9,61.4,57.3,54.4,60.5,59.1,60.1,57.3
6007,61.7,58.9,59.8,61.2,64.3,65.6,65.6,63.4,64.4,64.5,65.9,64.4,65.5,63.9,64.7,64.8,63.4,58.9,65.0,66.1,63.9,63.7,65.5,62.3,61.6,63.7,66.6,63.2,62.8,65.5,64.2,65.0,59.7,61.2,62.2,61.2,64.2,58.3,61.9,58.9,64.3,63.1,60.0,61.2,61.8,59.9,59.2,61.3,62.2,54.8,60.5,58.7,60.8,59.7,58.8,57.3,59.6,62.9,57.6,60.3,59.4,52.8,57.8,58.2,57.0,56.3,54.3,64.7,65.5,65.3,59.2,59.3,60.1,62.8,61.3,54.8,65.6,64.4,64.1,60.4,62.1,57.4,56.1,63.0,59.7,61.5,59.0
6008,66.7,63.6,64.8,65.3,67.3,68.3,68.7,66.8,67.9,67.3,69.3,67.3,69.1,66.8,68.1,68.1,67.2,64.2,68.6,69.8,67.3,67.1,68.9,65.5,65.2,67.5,68.9,66.7,66.0,68.8,67.1,68.0,63.0,64.5,64.5,64.1,68.1,62.9,65.4,64.1,67.0,67.9,63.5,65.7,66.1,65.5,63.1,67.8,70.6,61.4,66.7,63.5,66.4,64.1,61.7,63.0,63.7,66.8,61.6,65.0,62.5,57.6,63.6,67.0,60.5,63.3,61.0,67.6,69.3,68.6,64.5,63.6,65.0,68.8,68.3,61.9,69.4,67.9,67.3,63.8,65.3,60.8,62.1,66.0,62.6,64.9,62.7
6009,71.4,67.7,68.8,70.2,71.0,71.4,72.2,70.5,71.5,70.3,72.6,70.9,72.4,69.7,71.5,71.5,70.9,68.0,72.2,73.7,70.5,70.7,72.6,69.0,69.2,71.2,71.8,70.4,69.3,72.1,70.5,71.0,66.5,68.4,67.4,67.4,72.1,67.2,69.5,68.0,70.2,71.5,67.8,69.6,70.5,70.3,67.8,72.2,77.3,68.1,72.1,68.8,71.5,68.6,65.7,68.2,68.0,70.5,66.2,69.3,66.0,63.3,68.1,73.5,64.9,68.5,66.6,70.4,72.8,71.9,69.9,68.8,69.5,73.2,73.4,67.4,73.2,71.5,70.5,68.0,69.0,64.9,66.5,68.8,65.8,68.8,66.5
6010,75.3,71.7,72.5,74.5,74.2,74.6,75.5,74.0,74.5,73.0,75.5,74.1,75.3,72.4,74.6,74.4,74.3,71.7,75.2,76.8,73.8,73.9,75.6,72.2,72.8,74.6,74.6,73.9,72.3,74.9,74.1,73.6,69.7,71.7,70.5,70.7,75.3,70.9,73.2,71.3,73.2,74.5,71.8,73.0,74.6,73.7,72.3,76.0,81.7,73.4,76.1,74.0,76.2,72.3,69.9,72.4,72.0,74.2,70.2,72.6,70.1,68.3,72.0,78.3,69.5,72.5,71.2,73.2,75.5,74.8,74.4,73.0,73.8,76.5,77.4,72.0,76.0,74.4,73.3,72.0,72.6,69.3,69.6,70.9,68.8,72.1,70.0
6011,78.7,74.8,75.3,77.9,76.9,77.4,78.1,76.6,76.6,75.1,77.7,76.5,77.5,74.5,77.3,76.6,76.8,75.0,77.3,78.8,76.2,76.0,77.9,74.9,75.9,77.3,76.7,76.3,74.8,77.1,76.6,75.7,72.2,74.3,73.0,73.3,78.0,73.9,76.3,74.3,75.9,76.8,75.2,75.8,78.0,76.3,76.1,79.0,85.4,77.3,79.1,78.8,79.9,75.5,73.3,75.7,75.1,77.1,73.7,75.5,73.5,72.6,75.2,81.7,74.0,75.9,75.6,75.2,77.5,77.1,77.6,76.3,77.2,79.4,80.6,75.4,78.0,76.4,75.6,75.2,75.5,73.2,72.4,72.7,71.5,74.6,72.6
6012,81.4,77.1,77.2,80.6,79.1,79.4,80.2,78.7,78.2,76.7,79.3,78.1,79.1,76.1,79.1,78.0,78.8,77.8,79.1,80.2,78.1,77.6,79.7,76.8,78.4,79.3,78.3,78.2,76.4,78.7,78.5,77.3,74.3,76.2,75.0,75.3,80.1,76.4,78.7,76.9,78.4,78.6,77.8,78.5,80.9,78.5,78.8,81.2,88.2,80.3,80.7,82.3,82.6,77.9,75.7,77.9,77.2,79.2,76.7,77.6,76.5,76.2,78.0,84.4,78.3,78.6,79.5,76.9,78.9,78.7,80.1,79.1,80.0,81.9,83.3,78.1,79.4,78.0,77.3,77.9,77.8,76.1,75.1,73.9,73.5,76.4,74.6
6013,83.4,78.8,78.5,82.5,80.8,80.9,81.7,80.1,79.4,77.9,80.4,79.5,80.3,77.3,80.5,79.2,79.8,80.1,80.3,81.3,79.5,78.7,80.9,78.6,80.6,80.9,79.5,79.5,77.6,80.0,79.7,78.5,76.0,77.7,76.4,76.7,81.8,78.0,80.5,78.5,80.5,80.1,79.7,80.9,83.1,79.8,81.1,82.8,90.1,82.4,81.6,84.5,84.3,79.8,77.3,79.7,78.6,80.8,78.9,79.3,79.0,79.0,80.3,86.3,81.9,80.3,82.6,78.0,80.1,79.8,81.5,81.1,82.0,83.6,85.4,79.8,80.4,79.2,78.6,80.2,79.6,78.6,77.0,74.9,75.2,77.5,75.8
6014,84.4,79.6,79.3,83.8,81.8,81.9,82.6,81.1,80.1,78.7,81.1,80.3,81.1,78.1,81.4,80.0,80.6,81.8,80.8,81.8,80.3,79.6,81.8,79.7,82.0,82.1,80.3,80.2,78.2,80.5,80.5,79.3,77.4,78.5,77.5,77.6,82.6,78.9,81.9,79.1,81.9,80.5,81.4,82.1,84.2,80.0,82.4,83.6,90.8,83.4,82.1,85.6,85.3,80.9,78.1,81.0,79.6,81.9,81.0,80.4,80.8,81.3,82.0,87.7,84.9,81.2,84.9,78.8,80.6,80.6,81.9,82.6,83.3,84.8,86.9,80.8,81.0,80.0,79.1,81.4,80.9,80.2,78.5,75.3,76.5,78.6,77.0
6015,84.7,79.5,79.7,84.5,82.4,82.3,83.0,81.6,80.4,78.8,81.3,80.7,81.4,78.3,81.6,80.1,80.9,82.7,81.1,81.9,80.5,79.8,82.1,80.3,82.6,82.5,80.6,80.6,78.6,80.8,80.9,79.3,77.9,78.9,78.0,78.0,82.7,78.7,82.2,79.3,82.4,80.2,82.2,82.9,84.6,79.5,83.0,83.5,90.8,84.0,82.1,85.7,85.5,81.1,78.7,81.5,80.3,82.4,82.2,80.8,81.6,82.9,82.8,88.1,86.5,81.8,86.1,78.9,80.8,80.9,81.6,83.5,83.6,85.2,87.5,80.9,81.1,79.9,79.4,82.1,81.5,81.0,79.1,75.2,77.2,78.8,77.5
6016,83.9,78.6,79.1,84.5,82.3,82.0,82.7,81.4,79.9,78.4,81.0,80.3,80.9,78.0,81.1,79.6,80.7,82.6,80.8,81.3,80.2,79.3,81.8,79.8,82.7,82.3,80.3,80.3,78.3,80.3,80.7,78.9,77.9,78.8,77.9,77.8,81.9,77.4,82.2,78.2,82.0,79.1,82.3,82.9,84.3,78.5,82.4,83.0,89.9,83.8,81.7,85.0,84.9,80.3,78.7,81.3,80.1,82.4,82.7,80.6,81.5,83.8,83.0,87.7,86.9,81.5,86.3,78.7,80.4,80.4,81.1,83.5,83.1,85.0,87.4,80.3,80.5,79.4,78.9,82.1,81.4,81.1,79.2,74.3,77.2,78.4,77.4
6017,81.9,76.2,77.1,83.8,81.3,81.1,81.6,80.3,78.2,77.4,79.7,79.3,79.6,77.1,80.3,78.2,79.6,81.3,79.4,79.6,79.3,78.1,80.6,78.7,81.5,81.4,79.4,79.2,77.5,79.2,79.8,77.3,77.1,77.9,77.3,76.9,79.8,75.0,81.6,76.5,80.8,76.7,81.6,81.9,82.6,76.5,80.9,81.6,87.9,82.8,80.6,83.4,83.9,78.1,77.8,80.0,79.4,81.4,82.6,79.4,80.2,83.7,81.6,86.4,86.1,79.9,84.7,77.7,79.1,79.2,79.7,82.9,81.3,84.2,86.0,79.0,78.8,77.8,77.9,81.1,80.4,80.3,78.4,72.7,76.6,77.2,76.3
6018,77.3,72.1,71.8,81.6,79.4,79.1,79.6,77.7,75.1,75.1,76.4,77.2,75.9,75.1,78.1,75.6,76.9,76.6,76.1,75.5,76.9,75.5,78.1,76.2,79.4,79.0,77.5,76.8,75.0,76.8,77.5,74.4,74.8,75.6,75.5,74.9,76.1,71.2,79.4,73.1,78.8,72.2,79.6,79.5,78.4,72.5,78.5,78.0,83.1,80.7,78.5,80.4,81.2,72.4,76.0,77.0,77.7,79.3,81.0,76.0,77.1,82.0,77.3,82.1,83.3,75.5,80.5,75.7,76.3,76.0,76.9,80.5,77.6,82.5,81.3,76.5,75.0,74.6,75.6,79.0,78.1,78.0,75.9,70.2,74.8,74.8,73.8
6019,72.7,67.5,66.6,77.7,76.0,75.9,76.2,73.0,71.5,71.7,72.3,73.4,71.5,72.2,74.5,71.7,71.4,69.7,71.8,71.1,72.9,71.4,73.8,71.5,74.8,74.2,75.4,72.7,70.8,73.0,73.5,70.1,70.2,71.9,72.1,70.8,71.6,66.9,75.7,69.1,76.0,67.5,75.2,74.6,74.0,68.4,74.2,72.5,78.0,75.1,74.7,76.9,76.7,67.3,72.6,72.0,73.3,75.0,77.6,70.2,73.9,76.7,70.6,75.0,78.2,68.5,74.3,73.0,72.1,71.3,72.5,76.1,72.7,77.5,74.8,71.4,70.3,70.1,71.8,74.4,73.6,73.3,67.5,67.8,71.2,71.0,68.6
6020,70.1,64.6,64.3,73.9,73.3,73.6,73.9,70.2,69.7,70.0,70.1,71.1,69.6,70.3,71.9,69.8,68.4,66.4,69.5,69.1,70.3,69.0,71.7,69.2,70.7,71.1,73.8,70.3,68.1,70.8,70.9,68.2,67.2,69.3,69.7,67.7,69.4,64.5,72.3,66.4,73.6,65.7,71.3,71.1,71.6,66.0,71.2,69.4,75.1,69.7,71.6,74.4,72.6,65.0,69.6,68.5,69.7,72.1,73.4,68.1,70.5,69.9,66.2,71.2,74.0,64.9,70.6,71.5,70.1,69.1,69.8,71.7,69.9,73.2,71.2,67.7,68.4,68.1,69.6,70.1,70.5,69.2,62.4,66.1,68.3,68.5,65.4
6021,67.9,62.9,62.5,71.3,71.5,72.1,72.4,68.7,68.4,68.7,68.6,69.4,68.1,68.8,70.5,68.6,67.0,64.2,68.1,67.8,68.8,67.9,70.2,68.1,68.8,69.8,72.2,68.6,66.8,69.6,69.3,67.3,65.6,67.5,68.3,66.1,67.6,62.6,70.1,64.6,71.6,64.4,69.0,69.0,69.5,64.1,68.7,66.9,72.1,66.8,69.1,71.8,69.9,63.6,67.8,65.6,67.4,69.8,70.0,66.7,68.1,66.2,63.7,67.9,71.4,62.9,67.8,70.1,68.7,67.9,67.8,69.4,67.4,70.9,68.4,65.5,67.0,66.8,68.3,68.0,68.7,66.9,61.7,64.7,66.6,67.1,63.6
6022,66.1,61.6,61.2,69.5,69.9,70.9,70.8,67.5,67.3,67.9,67.3,68.2,67.0,67.8,69.2,67.7,65.9,62.3,67.0,66.7,67.6,67.0,69.1,67.0,67.3,68.5,71.0,67.6,65.5,68.7,68.1,66.6,64.4,65.9,67.0,65.2,66.3,61.1,68.5,63.1,70.4,63.3,67.2,67.6,67.9,63.0,66.6,64.7,68.6,64.8,67.3,69.4,68.3,62.1,66.5,62.7,66.1,68.2,67.6,65.3,66.1,64.0,61.7,64.6,68.8,60.6,65.2,68.9,67.7,66.9,66.1,67.6,65.1,69.3,65.5,63.9,66.1,65.8,67.2,66.6,67.5,65.2,61.3,63.8,65.0,65.9,62.4
6023,64.4,60.3,59.9,67.9,68.6,69.8,69.6,66.5,66.4,67.0,66.3,67.1,65.9,66.9,68.2,66.7,64.9,60.5,66.0,65.8,66.6,65.9,68.1,66.2,66.1,67.5,69.9,66.6,64.7,67.7,67.2,65.9,63.3,64.8,65.9,64.1,65.2,59.8,67.4,61.7,69.1,62.3,65.7,65.9,66.1,61.8,64.4,62.6,65.6,62.5,66.0,66.9,66.7,60.8,65.2,60.6,64.9,67.0,65.9,64.2,64.0,62.1,60.4,62.0,66.5,59.0,63.0,68.0,66.8,65.9,64.6,65.9,63.5,67.8,62.7,62.3,65.1,65.0,66.4,65.3,66.5,64.0,60.9,63.1,63.8,64.8,61.3
6024,62.8,59.5,59.1,66.7,67.4,68.7,68.6,65.5,65.7,66.1,65.5,66.1,65.2,66.1,67.3,65.8,64.2,59.0,65.1,65.0,65.6,65.1,67.3,65.2,65.1,66.5,69.2,65.5,63.8,66.9,66.2,65.3,62.5,63.6,65.0,63.2,64.2,58.7,66.1,60.0,68.0,61.5,64.5,64.7,64.4,60.5,62.5,60.9,62.3,60.9,64.6,64.1,65.5,59.8,64.1,58.7,63.8,65.6,64.4,63.1,62.7,60.7,58.5,59.7,64.2,57.2,60.6,67.2,65.9,65.1,63.2,64.4,61.6,66.2,60.4,60.8,64.3,64.2,65.5,64.3,65.4,62.6,60.3,62.3,63.0,63.9,60.5
6025,61.5,58.3,58.1,65.3,66.4,67.7,67.7,64.8,64.9,65.3,64.6,65.3,64.6,65.3,66.5,65.3,63.4,57.6,64.4,64.2,64.9,64.4,66.5,64.4,64.1,65.7,68.3,64.8,63.2,66.1,65.6,64.5,61.7,62.7,64.0,62.1,63.5,57.7,65.1,58.8,67.0,60.9,63.3,63.3,62.9,59.5,61.1,59.3,59.8,59.3,63.4,62.2,63.8,58.8,62.9,57.1,62.7,64.6,63.2,61.5,61.2,59.3,56.9,57.8,61.8,55.6,58.4,66.4,65.1,64.1,61.7,62.9,60.4,64.6,58.9,59.1,63.6,63.6,65.0,63.3,64.7,61.4,59.6,61.7,62.0,63.1,59.8
6026,60.2,57.2,57.3,64.2,65.6,67.0,66.8,63.9,64.3,64.7,63.8,64.7,63.8,64.7,65.8,64.6,62.8,56.0,63.7,63.6,64.2,63.8,65.8,63.7,63.3,64.9,67.6,64.0,62.6,65.3,64.9,63.9,60.9,61.8,63.2,61.5,62.7,56.8,64.4,57.7,65.9,60.1,62.3,62.2,61.4,58.6,59.6,57.9,57.8,57.7,62.3,60.2,62.1,57.9,61.9,55.7,61.8,63.6,61.9,60.2,59.9,58.0,55.8,55.7,60.0,54.0,56.2,65.8,64.3,63.6,60.4,62.1,58.9,63.5,57.2,57.3,63.1,62.8,64.4,62.5,63.8,60.3,58.7,61.1,61.1,62.2,59.2
6027,58.9,56.3,56.6,63.2,64.9,66.4,66.1,63.2,63.5,64.0,63.3,64.0,63.3,64.1,65.1,64.0,62.5,54.7,63.1,63.0,63.7,63.2,65.1,62.9,62.6,64.3,67.0,63.3,62.0,64.8,64.2,63.3,60.2,61.2,62.6,60.9,62.0,55.9,63.7,56.2,65.0,59.4,61.4,60.8,60.2,57.7,58.4,56.7,56.1,56.3,61.5,58.7,60.9,57.0,60.8,54.6,60.9,62.9,60.6,59.0,58.7,56.8,54.6,53.8,58.6,52.6,54.2,64.9,63.6,63.0,59.3,61.2,57.6,62.0,55.7,56.3,62.6,62.2,63.8,61.7,63.1,59.4,57.8,60.6,60.4,61.5,58.3
6028,57.7,55.6,55.8,62.2,64.2,65.7,65.4,62.5,63.1,63.5,62.7,63.5,62.7,63.6,64.6,63.6,62.0,53.4,62.6,62.5,63.0,62.7,64.5,62.2,62.0,63.6,66.3,62.7,61.4,64.3,63.6,62.8,59.5,60.5,61.9,60.3,61.2,55.0,62.9,55.2,64.0,58.9,60.5,59.7,59.0,56.6,57.2,55.5,54.6,55.1,60.5,57.2,59.6,55.9,59.9,53.4,60.0,62.2,59.6,57.5,57.3,55.3,53.5,52.6,57.0,51.6,52.6,64.4,63.0,62.5,58.1,60.4,56.6,61.2,54.5,54.8,62.2,61.5,63.2,60.9,62.3,58.5,56.7,60.0,59.8,60.8,57.8
6029,56.7,55.1,55.0,61.5,63.6,65.2,65.0,62.0,62.5,63.0,62.3,63.0,62.3,62.9,64.0,63.1,61.5,52.4,62.2,62.1,62.5,62.3,64.0,61.8,61.4,63.1,65.7,62.1,60.8,63.8,63.0,62.4,58.9,59.9,61.3,59.6,60.8,54.5,62.1,54.4,63.1,58.4,59.9,58.7,58.0,55.6,56.4,54.6,53.5,54.0,59.6,55.8,58.3,55.3,58.9,52.3,59.2,61.4,58.4,56.0,56.2,54.2,52.5,50.9,56.0,50.3,50.9,64.0,62.4,62.1,56.8,59.6,55.5,60.2,53.4,53.9,61.8,61.1,62.6,60.0,61.7,57.7,55.5,59.8,59.3,60.2,57.3
6030,56.4,54.8,55.2,60.8,63.0,64.7,64.4,61.5,62.1,62.7,62.3,62.5,62.1,62.6,63.5,62.7,61.1,52.4,61.9,62.3,62.0,61.8,63.7,61.2,60.6,62.4,65.3,61.8,60.5,63.6,62.5,62.2,58.5,59.4,60.8,59.3,60.5,54.2,61.6,53.9,62.5,58.8,59.3,57.8,57.6,55.1,55.7,54.6,52.7,53.1,58.7,55.4,57.5,55.4,58.1,52.1,58.4,60.9,57.5,55.6,56.0,52.7,52.2,50.2,54.9,50.1,49.5,63.3,62.1,62.0,55.8,58.8,55.2,59.3,53.2,52.8,61.6,61.0,62.3,59.5,61.1,56.7,54.4,60.0,58.8,59.7,56.9
6031,61.2,58.6,59.4,60.8,63.8,65.3,65.3,62.9,64.0,64.1,65.4,64.0,65.0,63.5,64.4,64.5,62.9,58.5,64.5,65.5,63.4,63.4,65.1,61.9,61.2,63.3,66.2,62.8,62.4,65.2,63.8,64.7,59.3,60.7,61.7,60.6,63.8,57.9,61.5,58.5,63.9,62.8,59.7,60.7,61.5,59.6,58.6,60.8,61.7,54.3,60.1,58.3,60.3,59.2,58.5,56.7,59.2,62.6,57.4,59.9,59.1,52.4,57.4,57.8,56.7,55.8,53.9,64.4,65.1,64.8,58.8,58.9,59.8,62.2,60.9,54.3,65.1,63.9,63.7,59.9,61.7,56.9,56.0,62.4,59.2,61.0,58.6
6032,66.3,63.2,64.5,64.9,66.9,67.9,68.3,66.3,67.6,67.0,68.8,66.9,68.7,66.5,67.7,67.8,66.7,63.9,68.1,69.3,66.9,66.8,68.6,65.1,64.8,67.1,68.5,66.3,65.7,68.5,66.7,67.7,62.5,64.0,64.0,63.7,67.7,62.5,64.9,63.6,66.6,67.6,63.2,65.2,65.8,65.2,62.6,67.3,70.1,60.8,66.3,63.1,65.9,63.6,61.3,62.5,63.3,66.5,61.4,64.5,62.2,57.1,63.2,66.7,60.2,62.9,60.6,67.3,69.0,68.0,64.3,63.2,64.8,68.3,68.0,61.5,68.9,67.5,66.9,63.3,64.9,60.3,61.8,65.4,62.1,64.5,62.2
6033,71.0,67.4,68.6,69.8,70.5,71.0,71.8,70.0,71.2,70.0,72.2,70.6,72.0,69.4,71.1,71.3,70.5,67.7,71.8,73.3,70.1,70.5,72.3,68.7,68.8,70.7,71.4,70.1,69.0,71.9,70.1,70.7,65.9,67.9,66.9,66.9,71.7,66.9,69.0,67.6,69.9,71.2,67.4,69.2,70.2,70.1,67.3,71.7,76.9,67.7,71.8,68.4,71.2,68.1,65.3,67.8,67.8,70.2,65.9,68.8,65.7,62.8,67.6,73.1,64.5,68.1,66.1,70.2,72.4,71.5,69.7,68.4,69.2,72.6,73.0,67.1,72.7,71.1,70.1,67.5,68.6,64.4,66.3,68.3,65.3,68.5,66.0
6034,75.0,71.4,72.2,74.1,73.7,74.2,75.1,73.4,74.3,72.6,75.2,73.9,74.9,72.1,74.2,74.1,73.9,71.4,74.9,76.5,73.3,73.6,75.2,71.8,72.4,74.1,74.2,73.5,72.1,74.7,73.6,73.3,69.2,71.2,70.0,70.2,74.9,70.5,72.7,71.0,72.9,74.3,71.3,72.5,74.3,73.5,71.8,75.6,81.4,73.1,75.8,73.7,75.9,71.9,69.5,72.0,71.7,74.0,70.1,72.2,69.7,67.9,71.6,77.9,69.1,72.2,70.8,72.9,75.1,74.3,74.2,72.7,73.5,76.0,77.1,71.7,75.7,74.1,73.0,71.4,72.3,68.8,69.3,70.4,68.3,71.8,69.6
6035,78.5,74.4,75.0,77.4,76.5,77.0,77.7,76.1,76.4,74.7,77.4,76.2,77.1,74.1,76.8,76.3,76.4,74.7,76.9,78.4,75.7,75.7,77.6,74.5,75.6,76.8,76.4,75.9,74.6,76.9,76.2,75.5,71.7,73.8,72.5,72.9,77.5,73.5,75.8,74.0,75.7,76.6,74.9,75.2,77.8,76.0,75.6,78.6,85.0,77.0,78.8,78.5,79.6,75.1,73.0,75.3,74.8,76.8,73.4,75.0,73.1,72.2,74.8,81.4,73.6,75.5,75.1,74.9,77.2,76.6,77.5,76.1,76.9,78.8,80.3,75.2,77.6,76.1,75.1,74.6,75.1,72.6,72.0,72.1,71.0,74.3,72.2
6036,81.2,76.7,76.9,80.2,78.7,79.0,79.7,78.2,78.1,76.3,79.0,77.9,78.8,75.7,78.6,77.8,78.3,77.5,78.7,79.8,77.6,77.3,79.3,76.4,78.1,78.8,77.9,77.8,76.1,78.5,78.0,77.1,73.8,75.8,74.6,74.9,79.7,76.0,78.3,76.6,78.2,78.4,77.6,78.0,80.6,78.1,78.4,80.8,87.8,80.1,80.4,81.8,82.3,77.5,75.4,77.5,76.9,78.9,76.4,77.3,76.2,75.8,77.6,84.1,77.8,78.2,79.0,76.5,78.7,78.3,79.9,78.8,79.6,81.3,83.0,77.8,79.0,77.6,76.9,77.5,77.5,75.7,74.8,73.5,73.1,76.1,74.1
6037,83.1,78.3,78.2,82.1,80.3,80.5,81.3,79.6,79.2,77.5,80.1,79.3,80.0,77.0,80.1,78.9,79.3,79.8,80.0,81.0,79.0,78.3,80.5,78.1,80.4,80.5,79.1,79.1,77.4,79.8,79.3,78.2,75.5,77.2,76.0,76.1,81.4,77.6,80.1,78.2,80.2,79.8,79.5,80.4,82.8,79.4,80.7,82.3,89.7,82.1,81.4,84.1,84.1,79.5,77.0,79.3,78.2,80.5,78.6,78.9,78.7,78.6,79.9,85.9,81.4,79.9,82.1,77.6,79.9,79.4,81.2,80.9,81.6,83.1,85.0,79.4,80.0,78.9,78.2,79.7,79.1,78.2,76.7,74.4,74.7,77.2,75.4
6038,84.1,79.2,79.1,83.4,81.4,81.5,82.2,80.7,79.9,78.3,80.8,80.0,80.9,77.7,80.9,79.6,80.1,81.4,80.6,81.4,79.8,79.2,81.4,79.2,81.7,81.7,79.9,79.8,78.0,80.3,80.0,79.0,76.9,78.1,77.1,77.2,82.2,78.4,81.5,79.0,81.6,80.2,81.2,81.7,83.9,79.7,82.0,83.1,90.4,83.2,81.8,85.1,85.2,80.5,77.8,80.6,79.3,81.5,80.6,80.1,80.5,81.0,81.6,87.2,84.3,80.8,84.4,78.4,80.3,80.2,81.7,82.3,82.9,84.3,86.4,80.5,80.8,79.7,78.7,80.9,80.5,79.8,78.2,74.8,76.0,78.2,76.6
6039,84.3,79.1,79.3,84.1,81.9,81.8,82.6,81.1,80.2,78.4,81.0,80.5,81.1,77.9,81.2,79.7,80.4,82.3,80.9,81.5,80.0,79.4,81.6,79.8,82.3,82.1,80.2,80.1,78.2,80.6,80.4,78.9,77.5,78.4,77.6,77.6,82.4,78.3,81.8,79.0,82.2,79.9,81.9,82.4,84.3,79.2,82.6,83.1,90.3,83.6,81.9,85.2,85.3,80.8,78.3,81.1,79.9,82.1,81.9,80.5,81.3,82.5,82.4,87.6,85.9,81.4,85.5,78.6,80.5,80.5,81.4,83.2,83.2,84.8,87.0,80.5,80.8,79.7,79.0,81.7,81.1,80.6,78.8,74.7,76.8,78.4,77.2
6040,83.5,78.2,78.8,84.1,81.9,81.5,82.3,80.9,79.6,78.0,80.7,80.0,80.6,77.6,80.7,79.2,80.2,82.2,80.5,81.0,79.8,78.9,81.3,79.4,82.4,82.0,79.9,79.9,78.0,80.1,80.2,78.6,77.5,78.3,77.6,77.4,81.7,77.0,81.8,78.0,81.8,78.9,82.2,82.4,83.9,78.2,82.0,82.6,89.4,83.3,81.5,84.5,84.8,79.9,78.3,80.8,79.8,82.0,82.3,80.2,81.0,83.4,82.5,87.1,86.2,81.1,85.6,78.3,80.1,80.0,80.8,83.3,82.6,84.6,86.9,79.9,80.2,79.2,78.5,81.7,81.1,80.7,78.9,73.9,76.8,78.0,77.0
6041,81.6,75.9,76.7,83.4,80.9,80.7,81.2,79.9,78.0,77.0,79.3,79.1,79.3,76.7,79.9,78.0,79.1,80.8,79.0,79.3,78.8,77.8,80.0,78.3,81.2,81.1,79.0,78.8,77.1,78.9,79.3,77.0,76.7,77.4,76.9,76.4,79.4,74.6,81.2,76.3,80.5,76.6,81.4,81.3,82.2,76.2,80.6,81.1,87.4,82.4,80.3,82.8,83.7,77.7,77.5,79.6,79.1,81.0,82.1,79.0,79.7,83.2,81.1,85.8,85.5,79.4,84.0,77.4,78.8,78.8,79.4,82.6,80.9,83.6,85.5,78.5,78.5,77.6,77.5,80.7,80.1,79.9,78.1,72.3,76.2,76.9,76.0
6042,76.8,71.7,71.4,81.2,78.9,78.7,79.2,77.3,74.8,74.7,76.0,76.9,75.4,74.7,77.6,75.3,76.5,76.0,75.7,75.0,76.5,75.1,77.6,75.7,79.1,78.6,77.1,76.4,74.7,76.4,77.1,74.0,74.3,75.1,75.1,74.4,75.6,70.7,79.0,72.8,78.6,71.9,79.4,79.0,77.9,72.2,78.0,77.4,82.4,80.2,78.2,79.8,81.2,71.9,75.7,76.6,77.4,78.9,80.5,75.4,76.6,81.4,76.8,81.4,82.6,74.9,79.7,75.4,75.9,75.5,76.7,80.3,77.2,81.9,80.7,76.1,74.6,74.3,75.2,78.6,77.8,77.6,75.4,69.7,74.3,74.5,73.5
6043,72.2,67.1,66.2,77.2,75.5,75.5,75.8,72.6,71.3,71.3,71.8,73.0,71.1,71.8,74.0,71.4,70.9,69.3,71.4,70.7,72.5,70.9,73.3,71.1,74.4,73.9,75.0,72.2,70.5,72.7,73.1,69.7,69.7,71.3,71.7,70.2,71.3,66.5,75.3,68.8,75.7,67.2,74.9,74.0,73.6,68.2,73.9,71.9,77.6,74.6,74.4,76.3,76.5,66.9,72.3,71.6,72.9,74.5,77.0,69.9,73.4,76.0,70.1,74.5,77.7,67.9,73.7,72.7,71.9,70.8,72.2,75.7,72.2,76.9,74.3,70.9,69.9,69.7,71.4,73.9,73.3,72.8,66.9,67.3,70.7,70.7,68.2
6044,69.6,64.3,64.0,73.4,72.8,73.2,73.6,69.8,69.5,69.7,69.7,70.7,69.2,69.9,71.6,69.5,68.1,66.1,69.2,68.6,69.9,68.7,71.3,68.8,70.4,70.8,73.4,70.0,67.8,70.5,70.5,67.9,66.8,68.8,69.3,67.3,69.1,64.0,71.9,66.1,73.2,65.4,70.9,70.6,71.2,65.7,70.8,68.9,74.5,69.3,71.3,73.9,72.3,64.6,69.2,68.1,69.3,71.7,72.8,67.7,70.0,69.5,65.8,70.7,73.6,64.4,70.1,71.2,69.9,68.6,69.5,71.4,69.5,72.7,70.7,67.3,68.0,67.6,69.3,69.7,70.1,68.7,62.1,65.6,67.9,68.1,65.0
6045,67.4,62.6,62.2,70.8,71.0,71.7,72.0,68.4,68.1,68.4,68.1,69.0,67.7,68.5,70.2,68.4,66.7,63.9,67.7,67.3,68.5,67.6,69.8,67.8,68.5,69.4,71.9,68.2,66.5,69.3,69.0,67.0,65.2,67.1,67.9,65.7,67.3,62.3,69.8,64.2,71.3,64.0,68.7,68.3,69.1,63.8,68.2,66.5,71.7,66.4,68.8,71.3,69.7,63.3,67.5,65.2,67.1,69.4,69.5,66.3,67.7,65.8,63.5,67.3,71.0,62.4,67.4,69.8,68.5,67.4,67.5,69.0,67.0,70.4,68.0,65.1,66.6,66.4,68.0,67.6,68.4,66.5,61.3,64.3,66.1,66.8,63.2
6046,65.7,61.2,60.7,69.1,69.4,70.4,70.5,67.2,67.1,67.6,66.8,67.8,66.6,67.5,68.9,67.4,65.7,62.0,66.6,66.2,67.3,66.6,68.7,66.7,67.0,68.2,70.7,67.2,65.4,68.4,67.8,66.3,64.0,65.5,66.6,64.7,66.0,60.7,68.2,62.7,70.1,63.0,66.9,67.0,67.4,62.7,66.1,64.2,68.2,64.4,67.0,69.0,68.0,61.7,66.2,62.4,65.8,67.9,67.2,65.0,65.7,63.6,61.5,64.1,68.5,60.1,64.7,68.7,67.4,66.4,65.9,67.3,64.7,68.8,65.2,63.6,65.7,65.4,66.9,66.2,67.1,64.9,61.0,63.3,64.6,65.6,62.1
6047,63.9,60.0,59.6,67.6,68.1,69.4,69.3,66.2,66.2,66.7,65.9,66.7,65.5,66.7,67.9,66.5,64.7,60.2,65.5,65.3,66.3,65.6,67.9,65.9,65.7,67.2,69.7,66.2,64.6,67.5,66.9,65.7,62.9,64.3,65.6,63.7,64.9,59.4,67.1,61.4,68.8,62.0,65.4,65.4,65.6,61.5,64.0,62.0,65.1,62.2,65.7,66.4,66.4,60.5,64.8,60.3,64.6,66.6,65.5,63.8,63.7,61.8,60.0,61.5,66.1,58.6,62.5,67.8,66.5,65.4,64.4,65.6,63.1,67.3,62.3,61.9,64.7,64.6,66.1,65.0,66.2,63.5,60.6,62.6,63.5,64.7,61.1
6048,62.3,59.1,58.8,66.4,66.9,68.4,68.3,65.2,65.5,65.8,65.1,65.8,64.9,65.8,67.0,65.6,64.0,58.9,64.8,64.4,65.4,64.9,67.1,64.9,64.7,66.1,68.9,65.2,63.7,66.7,66.0,65.1,62.1,63.3,64.6,62.7,63.9,58.3,65.8,59.8,67.7,61.1,64.1,64.3,64.0,60.3,62.1,60.4,61.8,60.6,64.3,63.8,65.2,59.5,63.7,58.4,63.4,65.3,64.0,62.6,62.5,60.5,58.2,59.3,63.8,56.7,60.2,67.0,65.7,64.6,62.9,64.1,61.2,65.8,60.2,60.4,63.9,63.8,65.3,63.9,65.1,62.2,59.9,61.8,62.6,63.7,60.2
6049,61.0,58.0,57.7,65.0,66.0,67.4,67.3,64.5,64.7,65.1,64.2,65.0,64.2,65.1,66.2,65.1,63.3,57.3,64.1,63.7,64.6,64.2,66.3,64.1,63.8,65.3,68.0,64.6,63.1,65.9,65.3,64.3,61.2,62.4,63.7,61.7,63.3,57.4,64.8,58.6,66.6,60.5,63.0,62.9,62.5,59.3,60.7,58.8,59.4,59.0,63.1,61.8,63.4,58.5,62.6,56.8,62.3,64.2,62.9,61.2,60.9,58.9,56.7,57.5,61.6,55.2,58.0,66.2,65.0,63.7,61.4,62.7,60.0,64.1,58.6,58.8,63.2,63.2,64.8,62.9,64.3,61.0,59.2,61.1,61.7,62.9,59.5
6050,59.7,56.9,56.9,63.9,65.2,66.7,66.4,63.6,64.1,64.5,63.5,64.4,63.5,64.5,65.4,64.4,62.7,55.6,63.3,63.1,63.9,63.7,65.6,63.4,63.0,64.6,67.4,63.7,62.4,65.2,64.6,63.7,60.4,61.5,62.9,61.1,62.5,56.4,64.0,57.5,65.6,59.7,62.0,61.8,61.1,58.4,59.2,57.5,57.4,57.4,62.0,59.9,61.8,57.4,61.5,55.4,61.4,63.2,61.5,60.0,59.7,57.6,55.6,55.4,59.8,53.7,55.8,65.6,64.2,63.2,60.0,61.8,58.5,63.1,57.0,57.1,62.7,62.5,64.2,62.2,63.5,59.9,58.4,60.6,60.7,62.1,58.9
6051,58.5,56.0,56.2,62.8,64.6,66.1,65.8,62.9,63.4,63.8,62.9,63.8,63.0,63.9,64.8,63.8,62.3,54.6,62.8,62.4,63.4,63.2,65.0,62.6,62.3,64.0,66.7,63.1,61.8,64.6,63.9,63.1,59.7,60.8,62.3,60.5,61.8,55.5,63.3,55.9,64.7,59.1,61.1,60.4,59.8,57.5,58.0,56.3,55.7,56.0,61.1,58.4,60.6,56.6,60.4,54.4,60.5,62.5,60.3,58.7,58.5,56.5,54.5,53.5,58.4,52.5,54.0,64.7,63.4,62.6,58.9,60.9,57.2,61.7,55.4,56.0,62.2,61.9,63.6,61.3,62.9,59.0,57.4,60.0,60.0,61.4,58.1
6052,57.3,55.2,55.3,61.9,63.9,65.4,65.2,62.3,63.0,63.3,62.4,63.3,62.4,63.4,64.3,63.4,61.8,53.4,62.3,62.0,62.8,62.6,64.4,61.9,61.7,63.3,66.1,62.4,61.2,64.1,63.4,62.7,59.1,60.1,61.6,59.9,61.1,54.7,62.5,55.0,63.8,58.6,60.2,59.3,58.6,56.4,56.8,55.1,54.2,54.8,60.1,56.9,59.3,55.5,59.5,53.3,59.6,61.8,59.3,57.2,57.1,55.0,53.4,52.1,56.9,51.5,52.3,64.2,62.9,62.2,57.8,60.1,56.2,60.8,54.3,54.5,61.8,61.2,63.0,60.6,62.0,58.2,56.2,59.5,59.5,60.7,57.5
6053,56.2,54.8,54.6,61.2,63.2,64.9,64.6,61.7,62.4,62.7,62.1,62.8,62.0,62.7,63.7,62.9,61.4,52.4,61.9,61.6,62.3,62.1,63.9,61.5,61.1,62.8,65.5,61.9,60.7,63.6,62.8,62.3,58.5,59.6,61.0,59.3,60.6,54.2,61.8,54.1,62.9,58.1,59.6,58.4,57.7,55.3,56.0,54.2,53.1,53.7,59.2,55.5,58.1,54.9,58.6,52.1,58.8,61.0,58.2,55.8,56.1,53.9,52.4,50.6,55.8,50.3,50.6,63.8,62.3,61.8,56.5,59.3,55.1,60.0,53.2,53.7,61.3,60.8,62.4,59.7,61.4,57.2,55.1,59.2,58.9,60.0,57.0
6054,55.9,54.5,54.7,60.5,62.7,64.4,64.1,61.3,62.0,62.5,62.1,62.4,61.9,62.4,63.3,62.5,61.0,52.3,61.7,61.8,61.8,61.7,63.6,60.9,60.3,62.2,65.1,61.5,60.3,63.4,62.3,62.0,58.1,59.1,60.4,58.9,60.3,54.0,61.3,53.6,62.2,58.3,59.0,57.5,57.2,54.8,55.3,54.1,52.2,52.7,58.3,55.0,57.3,55.1,57.7,51.9,58.1,60.5,57.3,55.4,55.8,52.5,52.1,49.9,54.8,50.1,49.3,63.1,62.0,61.7,55.5,58.5,54.7,58.9,52.9,52.5,61.2,60.6,62.2,59.2,60.9,56.2,54.0,59.4,58.4,59.6,56.7
6055,60.7,58.3,59.0,60.5,63.5,64.9,64.9,62.5,63.9,63.9,65.1,63.8,64.8,63.3,64.1,64.3,62.7,58.2,64.2,65.1,63.2,63.1,64.9,61.6,60.9,63.0,66.0,62.6,62.2,65.0,63.5,64.5,58.9,60.3,61.3,60.3,63.6,57.6,61.2,58.1,63.5,62.4,59.3,60.3,60.9,59.2,58.2,60.2,61.1,53.9,59.7,58.0,59.9,58.8,58.1,56.4,58.7,62.1,57.0,59.5,58.8,52.2,57.1,57.2,56.5,55.5,53.5,64.1,64.9,64.4,58.4,58.6,59.2,61.8,60.4,53.8,64.7,63.5,63.4,59.6,61.4,56.4,55.5,61.8,58.9,60.8,58.3
6056,65.8,63.0,64.2,64.6,66.5,67.4,67.9,65.9,67.3,66.7,68.5,66.6,68.3,66.2,67.3,67.6,66.4,63.5,67.8,68.9,66.5,66.5,68.3,64.7,64.4,66.7,68.2,66.0,65.4,68.3,66.4,67.4,62.1,63.7,63.7,63.3,67.4,62.2,64.5,63.3,66.3,67.2,62.8,64.7,65.3,64.9,62.2,66.8,69.5,60.3,65.9,62.7,65.6,63.3,60.9,62.1,62.9,66.0,60.9,64.0,61.9,56.8,62.9,66.0,59.9,62.5,60.1,67.0,68.7,67.7,64.0,62.9,64.4,67.8,67.5,61.1,68.5,67.1,66.6,62.9,64.6,59.9,61.2,64.8,61.7,64.2,61.9
6057,70.6,67.2,68.4,69.5,70.1,70.6,71.3,69.6,70.9,69.6,71.9,70.3,71.7,69.0,70.7,70.9,70.1,67.3,71.4,72.9,69.8,70.1,71.9,68.3,68.4,70.4,71.1,69.6,68.7,71.6,69.7,70.4,65.6,67.5,66.6,66.6,71.3,66.6,68.6,67.2,69.5,70.8,67.0,68.7,69.7,69.7,66.9,71.2,76.3,67.1,71.5,67.9,70.9,67.8,64.9,67.3,67.3,69.8,65.4,68.3,65.3,62.4,67.2,72.5,64.2,67.6,65.6,69.8,72.2,71.1,69.4,68.1,68.9,72.2,72.6,66.7,72.5,70.7,69.8,67.0,68.3,63.9,65.7,67.7,65.0,68.0,65.8
6058,74.6,71.1,72.0,73.8,73.4,73.7,74.7,73.0,73.9,72.2,74.8,73.6,74.6,71.7,73.8,73.8,73.5,71.0,74.5,76.2,72.9,73.2,74.9,71.5,72.1,73.8,73.8,73.0,71.8,74.4,73.2,72.9,68.9,70.9,69.7,69.8,74.5,70.2,72.4,70.5,72.5,73.9,71.0,72.0,73.9,73.1,71.4,75.1,80.9,72.5,75.4,73.1,75.6,71.6,69.1,71.5,71.2,73.5,69.5,71.6,69.2,67.5,71.2,77.3,68.7,71.7,70.3,72.5,74.9,74.0,73.9,72.3,73.2,75.6,76.6,71.3,75.4,73.7,72.5,71.0,72.0,68.3,68.7,69.9,68.0,71.3,69.3
6059,78.2,74.2,74.8,77.1,76.2,76.5,77.3,75.7,76.1,74.4,77.1,75.9,76.8,73.7,76.4,75.9,76.0,74.3,76.6,78.1,75.4,75.3,77.2,74.2,75.3,76.5,75.9,75.4,74.4,76.6,75.7,75.1,71.4,73.6,72.3,72.6,77.1,73.2,75.5,73.4,75.2,76.3,74.6,74.7,77.3,75.8,75.2,78.1,84.5,76.5,78.4,77.9,79.3,74.8,72.6,74.8,74.4,76.3,72.8,74.5,72.7,71.8,74.4,80.8,73.1,75.0,74.5,74.4,76.9,76.2,77.1,75.8,76.7,78.4,79.9,74.8,77.4,75.7,74.7,74.3,74.9,72.3,71.5,71.7,70.7,73.9,72.0
6060,80.9,76.5,76.7,79.9,78.4,78.6,79.4,77.8,77.7,75.9,78.6,77.6,78.4,75.3,78.3,77.4,77.9,77.0,78.4,79.6,77.2,76.9,78.9,76.2,77.9,78.6,77.5,77.3,76.0,78.1,77.6,76.8,73.5,75.6,74.3,74.6,79.3,75.7,78.0,76.1,77.6,78.1,77.4,77.4,80.1,77.9,78.0,80.3,87.3,79.6,80.0,81.2,82.0,77.2,75.0,77.0,76.5,78.5,75.8,76.7,75.7,75.4,77.2,83.6,77.4,77.7,78.4,76.0,78.4,77.9,79.5,78.6,79.3,80.8,82.5,77.4,78.9,77.3,76.5,77.1,77.2,75.3,74.3,73.0,72.8,75.8,73.9
6061,82.9,78.1,78.0,81.9,80.1,80.1,81.0,79.3,78.8,77.2,79.8,79.0,79.7,76.6,79.8,78.5,79.0,79.3,79.6,80.8,78.6,77.8,80.1,77.9,80.2,80.3,78.7,78.6,77.2,79.4,78.9,77.9,75.3,77.0,75.8,75.8,80.9,77.2,79.9,77.7,79.7,79.4,79.3,79.8,82.4,79.2,80.1,81.9,89.2,81.6,81.1,83.5,83.9,79.2,76.5,78.8,77.8,80.1,78.0,78.4,78.1,78.1,79.4,85.3,80.8,79.4,81.4,77.2,79.6,79.0,80.8,80.7,81.2,82.6,84.4,79.0,79.8,78.6,77.7,79.3,79.0,77.9,76.2,73.9,74.4,77.0,75.3
6062,83.8,78.9,78.7,83.3,81.2,81.2,82.0,80.3,79.6,78.0,80.5,79.7,80.5,77.3,80.7,79.2,79.8,80.8,80.3,81.2,79.4,78.7,81.0,79.0,81.5,81.5,79.5,79.4,77.8,79.9,79.7,78.7,76.7,77.9,76.9,76.9,81.7,78.0,81.2,78.5,81.0,79.9,80.9,81.1,83.5,79.6,81.4,82.6,89.9,82.7,81.7,84.5,85.0,80.3,77.3,80.0,78.8,81.1,80.1,79.5,79.9,80.4,81.0,86.6,83.7,80.3,83.6,78.0,80.0,79.8,81.4,82.1,82.6,83.8,85.8,79.9,80.6,79.4,78.2,80.6,80.2,79.5,77.7,74.5,75.7,78.0,76.4
6063,84.1,78.7,78.9,84.0,81.7,81.7,82.5,80.8,79.8,78.1,80.7,80.1,80.7,77.5,81.0,79.3,80.1,81.8,80.5,81.3,79.7,79.1,81.2,79.6,82.1,82.0,79.8,79.8,78.0,80.2,80.1,78.6,77.2,78.1,77.4,77.3,81.8,77.9,81.5,78.5,81.7,79.6,81.7,81.8,83.9,79.0,82.0,82.5,89.9,83.0,81.7,84.6,85.1,80.3,77.8,80.5,79.4,81.6,81.3,79.9,80.6,82.0,81.8,87.0,85.2,80.7,84.8,78.2,80.2,80.1,81.2,82.9,82.9,84.2,86.5,80.0,80.6,79.4,78.6,81.4,80.9,80.4,78.3,74.5,76.5,78.3,77.1
6064,83.3,77.8,78.4,83.9,81.6,81.4,82.2,80.7,79.2,77.7,80.4,79.7,80.2,77.2,80.7,78.8,79.8,81.5,80.1,80.8,79.4,78.5,80.9,79.2,82.1,81.8,79.5,79.6,77.8,79.7,79.9,78.2,77.2,78.1,77.4,77.2,81.1,76.6,81.5,77.6,81.3,78.5,81.9,81.7,83.6,78.1,81.5,82.0,89.0,82.8,81.2,83.9,84.6,79.5,77.8,80.2,79.2,81.4,81.7,79.6,80.4,82.8,81.8,86.5,85.4,80.4,84.9,78.0,79.8,79.6,80.5,83.0,82.4,84.1,86.4,79.3,80.0,78.9,78.1,81.4,80.8,80.5,78.4,73.6,76.5,77.9,76.9
6065,81.3,75.5,76.4,83.1,80.6,80.5,81.1,79.5,77.6,76.7,78.9,78.7,78.9,76.3,79.8,77.5,78.8,80.1,78.6,79.0,78.5,77.4,79.7,78.0,80.9,80.9,78.6,78.5,76.9,78.5,79.1,76.6,76.4,77.1,76.7,76.1,79.0,74.2,80.8,75.8,80.1,76.2,81.0,80.7,81.9,76.1,80.2,80.5,87.0,81.9,80.2,82.2,83.5,77.3,76.9,79.0,78.5,80.4,81.5,78.4,78.9,82.7,80.4,85.1,84.6,78.7,83.2,77.0,78.5,78.3,79.1,82.2,80.6,83.1,84.9,78.0,78.2,77.3,77.1,80.3,79.9,79.6,77.5,71.9,75.9,76.8,75.8
6066,76.4,71.3,70.9,80.9,78.6,78.5,79.0,77.0,74.4,74.4,75.6,76.5,75.0,74.4,77.4,74.9,76.1,75.2,75.2,74.6,76.1,74.6,77.3,75.4,78.7,78.4,76.8,76.1,74.5,76.1,76.8,73.6,74.0,74.7,74.9,74.1,75.2,70.2,78.7,72.3,78.2,71.4,78.9,78.3,77.5,72.0,77.6,76.8,81.8,79.7,78.0,79.2,81.0,71.4,75.0,75.9,76.8,78.2,79.9,74.7,75.9,80.7,76.1,80.6,81.9,74.2,79.0,75.0,75.6,75.0,76.5,79.9,76.8,81.3,79.9,75.5,74.3,73.9,74.8,78.1,77.4,77.2,74.8,69.3,74.0,74.3,73.2
6067,71.9,66.8,65.8,76.9,75.2,75.2,75.6,72.3,70.9,71.0,71.5,72.6,70.8,71.5,73.8,71.1,70.6,68.8,71.0,70.3,72.1,70.5,73.0,70.9,74.0,73.6,74.6,71.9,70.3,72.4,72.8,69.3,69.4,71.0,71.4,69.8,70.9,66.1,74.9,68.3,75.4,66.8,74.4,73.3,73.1,67.8,73.4,71.3,77.1,73.9,74.2,75.7,76.2,66.5,71.6,71.0,72.3,73.9,76.4,69.3,72.7,75.3,69.7,73.9,77.0,67.4,73.0,72.4,71.6,70.5,72.0,75.3,71.8,76.3,73.6,70.3,69.7,69.4,71.0,73.4,72.9,72.3,66.3,66.9,70.3,70.5,67.9
6068,69.4,64.0,63.6,73.0,72.6,73.0,73.4,69.6,69.2,69.4,69.5,70.4,69.0,69.6,71.4,69.2,67.9,65.6,68.9,68.3,69.7,68.4,71.1,68.7,70.2,70.6,73.1,69.7,67.7,70.2,70.2,67.7,66.5,68.5,69.1,67.1,68.7,63.7,71.5,65.7,72.8,65.1,70.6,69.9,70.8,65.4,70.4,68.4,74.0,68.7,71.0,73.3,72.0,64.2,68.7,67.7,68.7,71.2,72.3,67.3,69.5,69.0,65.4,70.0,73.0,63.9,69.6,70.8,69.7,68.4,69.1,71.0,69.1,72.1,70.1,66.8,67.7,67.4,69.0,69.3,69.8,68.4,61.7,65.2,67.6,68.0,64.8
6069,67.1,62.4,61.8,70.5,70.8,71.5,71.8,68.2,67.9,68.1,67.9,68.8,67.5,68.2,70.0,68.1,66.4,63.5,67.4,67.0,68.3,67.3,69.7,67.6,68.3,69.2,71.5,68.1,66.3,69.1,68.7,66.7,65.0,66.8,67.7,65.5,67.0,62.0,69.5,63.8,70.9,63.7,68.3,67.7,68.7,63.6,67.7,65.9,71.2,65.9,68.4,70.7,69.3,62.8,66.9,64.8,66.5,68.9,69.0,65.8,67.2,65.5,63.1,66.7,70.4,61.9,66.9,69.5,68.3,67.2,67.2,68.6,66.5,69.9,67.4,64.7,66.4,66.2,67.7,67.3,68.1,66.2,61.0,63.8,65.8,66.6,63.0
6070,65.3,61.0,60.4,68.8,69.2,70.2,70.3,66.9,66.9,67.3,66.7,67.6,66.4,67.3,68.6,67.1,65.4,61.6,66.4,65.9,67.1,66.2,68.6,66.5,66.8,68.0,70.4,67.0,65.1,68.2,67.6,66.1,63.7,65.1,66.4,64.4,65.7,60.3,67.8,62.2,69.7,62.7,66.6,66.4,67.0,62.4,65.6,63.6,67.7,63.9,66.6,68.4,67.5,61.4,65.7,62.1,65.3,67.3,66.7,64.5,65.3,63.3,61.2,63.7,68.0,59.7,64.3,68.3,67.2,66.1,65.5,67.0,64.2,68.2,64.7,63.2,65.5,65.2,66.7,65.9,66.8,64.6,60.7,62.8,64.4,65.4,61.9
6071,63.5,59.7,59.2,67.2,67.8,69.2,69.2,65.9,66.1,66.4,65.7,66.6,65.4,66.3,67.7,66.2,64.4,59.9,65.3,65.0,66.1,65.3,67.7,65.6,65.5,67.0,69.4,66.0,64.3,67.3,66.6,65.5,62.5,64.0,65.4,63.5,64.6,59.0,66.8,60.9,68.4,61.6,65.1,64.8,65.2,61.1,63.4,61.5,64.5,61.6,65.2,65.9,66.0,60.0,64.2,60.1,64.1,66.1,65.1,63.3,63.3,61.6,59.7,61.0,65.7,58.2,62.1,67.6,66.4,65.1,64.0,65.2,62.6,66.7,61.8,61.4,64.5,64.3,65.8,64.7,65.9,63.3,60.2,62.1,63.2,64.4,60.9
6072,61.8,58.7,58.4,66.0,66.6,68.2,68.1,64.9,65.3,65.5,64.9,65.7,64.7,65.5,66.8,65.4,63.7,58.6,64.5,64.2,65.1,64.5,67.0,64.7,64.5,65.9,68.6,65.0,63.4,66.6,65.6,64.9,61.8,63.0,64.4,62.4,63.6,57.9,65.5,59.3,67.3,60.8,63.9,63.7,63.5,59.9,61.5,59.9,61.4,60.1,63.9,63.2,64.7,59.1,63.2,58.1,63.0,64.8,63.8,62.2,62.2,60.3,58.0,58.8,63.5,56.3,59.7,66.8,65.6,64.3,62.5,63.8,60.7,65.3,59.6,59.9,63.7,63.5,65.0,63.7,64.8,61.9,59.5,61.3,62.4,63.4,60.1
6073,60.5,57.6,57.2,64.7,65.8,67.2,67.2,64.3,64.5,64.8,63.9,64.9,64.1,64.8,66.0,64.9,63.0,57.1,63.8,63.5,64.3,64.0,66.1,63.9,63.6,65.1,67.7,64.3,62.8,65.8,65.0,64.1,60.9,62.1,63.5,61.4,63.0,56.9,64.6,58.0,66.2,60.1,62.8,62.4,62.1,58.9,60.0,58.4,58.9,58.4,62.5,61.2,62.9,58.1,62.1,56.6,61.8,63.7,62.5,60.7,60.6,58.7,56.5,56.8,61.4,55.0,57.6,66.0,64.8,63.4,61.0,62.4,59.5,63.5,58.0,58.3,62.9,62.9,64.5,62.7,64.0,60.7,58.9,60.6,61.4,62.7,59.2
6074,59.3,56.5,56.5,63.6,65.0,66.5,66.2,63.4,63.9,64.2,63.2,64.3,63.3,64.2,65.2,64.1,62.4,55.4,63.1,62.8,63.7,63.4,65.4,63.2,62.8,64.4,67.1,63.5,62.1,65.0,64.3,63.5,60.1,61.2,62.7,60.7,62.3,55.9,63.8,57.0,65.2,59.4,61.8,61.3,60.7,58.0,58.6,57.0,56.9,56.9,61.5,59.3,61.3,57.1,61.0,55.2,60.8,62.8,61.2,59.5,59.4,57.5,55.5,54.8,59.6,53.6,55.4,65.4,64.0,62.9,59.5,61.6,58.0,62.5,56.5,56.6,62.4,62.2,63.9,62.0,63.2,59.6,58.0,60.0,60.5,61.8,58.6
6075,58.0,55.5,55.8,62.6,64.4,65.8,65.6,62.8,63.2,63.5,62.7,63.7,62.8,63.6,64.6,63.6,62.0,54.5,62.4,62.1,63.2,62.9,64.7,62.4,62.0,63.9,66.4,62.8,61.6,64.4,63.7,62.9,59.4,60.5,62.0,60.0,61.5,55.0,63.0,55.5,64.3,58.7,60.9,59.9,59.4,57.1,57.3,55.9,55.2,55.4,60.6,57.9,60.1,56.2,59.9,54.1,60.0,62.0,60.1,58.3,58.2,56.4,54.4,53.0,58.2,52.4,53.7,64.4,63.3,62.3,58.4,60.6,56.7,61.1,55.0,55.4,62.0,61.6,63.3,61.1,62.6,58.7,57.2,59.5,59.8,61.2,57.9
6076,56.8,54.8,54.8,61.7,63.7,65.1,65.1,62.1,62.8,63.0,62.1,63.1,62.1,63.1,64.1,63.2,61.5,53.3,62.0,61.7,62.5,62.2,64.2,61.7,61.5,63.1,65.8,62.2,60.9,63.9,63.2,62.4,58.9,59.8,61.3,59.5,60.8,54.2,62.2,54.5,63.4,58.2,60.0,58.8,58.1,56.1,56.1,54.7,53.7,54.2,59.6,56.4,58.7,55.0,59.0,53.1,59.1,61.4,59.0,56.8,56.9,55.0,53.4,51.5,56.7,51.4,52.1,63.9,62.7,61.9,57.3,59.9,55.7,60.2,53.8,54.0,61.6,60.9,62.8,60.3,61.8,57.9,56.0,58.9,59.3,60.5,57.3
6077,55.7,54.4,54.1,61.1,63.0,64.7,64.5,61.6,62.2,62.4,61.9,62.6,61.8,62.5,63.5,62.7,61.1,52.4,61.6,61.3,62.1,61.8,63.7,61.2,60.8,62.8,65.2,61.7,60.4,63.4,62.6,62.1,58.3,59.2,60.7,58.9,60.3,53.7,61.5,53.7,62.5,57.7,59.4,57.8,57.2,55.0,55.4,53.7,52.6,53.1,58.7,55.1,57.5,54.5,58.0,52.0,58.3,60.6,57.9,55.6,55.9,53.8,52.5,50.1,55.7,50.1,50.4,63.4,62.1,61.6,56.0,59.1,54.5,59.4,52.8,53.1,61.1,60.6,62.2,59.5,61.2,56.8,55.0,58.7,58.7,59.9,56.8
6078,55.3,54.1,54.2,60.3,62.6,64.2,63.9,61.2,61.8,62.2,61.8,62.2,61.7,62.2,63.1,62.2,60.7,52.1,61.4,61.4,61.6,61.4,63.4,60.6,60.0,62.1,64.8,61.3,60.0,63.2,62.1,61.8,57.8,58.8,60.2,58.5,59.9,53.4,61.1,53.1,61.8,58.0,58.8,57.0,56.7,54.5,54.6,53.6,51.8,52.0,57.8,54.5,56.6,54.6,57.2,51.8,57.5,60.1,57.1,55.1,55.6,52.4,52.1,49.2,54.7,49.8,49.1,62.9,61.8,61.4,55.0,58.2,54.1,58.4,52.4,52.0,60.9,60.3,61.9,59.0,60.7,55.9,54.0,58.9,58.3,59.4,56.4
6079,60.1,57.9,58.5,60.3,63.3,64.6,64.8,62.3,63.6,63.5,64.8,63.6,64.5,63.0,63.9,64.0,62.4,57.8,63.9,64.7,62.9,62.8,64.7,61.3,60.6,62.8,65.6,62.3,61.9,64.7,63.2,64.2,58.6,60.0,61.0,59.9,63.2,57.2,60.9,57.6,63.1,62.1,59.0,59.7,60.4,58.9,57.5,59.7,60.6,53.1,59.1,57.5,59.3,58.3,57.6,56.0,58.1,61.7,56.8,59.0,58.4,52.0,56.9,56.6,56.3,55.0,53.1,63.8,64.6,64.1,57.8,58.2,58.7,61.1,59.9,53.2,64.3,63.1,63.2,59.3,61.1,56.0,55.4,61.2,58.6,60.5,58.0
6080,65.3,62.5,63.7,64.2,66.2,67.2,67.6,65.7,67.0,66.4,68.1,66.4,68.0,65.8,67.0,67.3,66.1,63.2,67.4,68.5,66.2,66.2,68.0,64.4,64.1,66.5,67.9,65.7,65.2,68.0,66.2,67.1,61.7,63.3,63.4,63.0,67.0,61.8,64.1,62.9,65.9,66.9,62.4,64.1,64.8,64.6,61.5,66.3,69.0,59.6,65.5,62.2,65.1,62.7,60.3,61.6,62.3,65.5,60.5,63.5,61.4,56.5,62.5,65.3,59.6,62.0,59.7,66.7,68.4,67.3,63.6,62.5,64.0,67.1,67.0,60.6,68.1,66.7,66.3,62.5,64.4,59.4,61.0,64.3,61.4,63.9,61.7
6081,70.2,66.8,67.9,69.1,69.8,70.3,71.0,69.3,70.7,69.4,71.5,70.0,71.4,68.7,70.4,70.7,69.8,66.9,71.0,72.5,69.5,69.9,71.6,68.0,68.2,70.1,70.8,69.2,68.6,71.3,69.5,70.1,65.1,67.1,66.3,66.3,70.9,66.2,68.3,66.9,69.1,70.6,66.8,68.2,69.3,69.5,66.3,70.7,75.8,66.5,71.1,67.5,70.5,67.2,64.3,66.7,66.7,69.3,65.0,67.7,64.8,62.1,66.9,71.9,63.8,67.1,65.2,69.5,71.8,70.7,69.0,67.7,68.7,71.6,72.1,66.3,72.1,70.3,69.4,66.6,68.0,63.5,65.5,67.2,64.6,67.7,65.5
6082,74.3,70.8,71.6,73.5,73.0,73.4,74.4,72.8,73.6,71.9,74.4,73.4,74.2,71.3,73.5,73.5,73.2,70.6,74.2,75.7,72.6,72.9,74.6,71.2,71.9,73.5,73.5,72.7,71.7,74.1,72.9,72.6,68.5,70.5,69.4,69.5,74.1,69.9,72.1,70.2,72.1,73.7,70.7,71.4,73.5,72.9,71.0,74.6,80.4,72.0,75.1,72.6,75.2,71.1,68.6,70.9,70.7,73.0,69.0,71.1,68.8,67.1,70.7,76.7,68.2,71.2,69.9,72.2,74.5,73.6,73.6,72.1,73.0,75.0,76.1,70.9,75.1,73.3,72.2,70.5,71.7,67.9,68.5,69.4,67.7,71.0,69.0
6083,77.8,73.8,74.4,76.9,75.8,76.2,77.0,75.4,75.9,74.1,76.8,75.7,76.4,73.4,76.1,75.7,75.6,73.8,76.2,77.7,75.0,75.0,76.9,73.8,75.2,76.2,75.6,75.0,74.2,76.3,75.4,74.8,71.0,73.2,72.0,72.2,76.8,72.9,75.3,73.2,74.8,76.2,74.3,74.2,77.0,75.6,74.7,77.5,84.0,76.0,78.0,77.2,79.0,74.3,72.1,74.2,73.9,75.9,72.3,73.9,72.2,71.4,73.9,80.2,72.6,74.5,74.0,74.1,76.5,75.8,76.8,75.6,76.5,77.8,79.3,74.4,77.1,75.3,74.4,73.8,74.5,71.8,71.2,71.2,70.3,73.6,71.7
6084,80.6,76.2,76.5,79.8,78.1,78.2,79.1,77.4,77.5,75.6,78.4,77.4,78.1,74.9,78.0,77.2,77.6,76.5,78.1,79.2,76.9,76.6,78.7,75.8,77.7,78.3,77.2,76.9,75.8,77.8,77.4,76.5,73.3,75.2,74.0,74.2,78.9,75.3,77.8,75.8,77.2,77.9,77.1,76.9,79.8,77.7,77.6,79.8,86.8,79.0,79.7,80.6,81.7,76.7,74.5,76.5,76.0,78.0,75.3,76.1,75.2,74.9,76.7,82.9,76.8,77.1,77.8,75.7,78.0,77.5,79.2,78.4,79.1,80.3,81.9,76.9,78.5,77.0,76.1,76.7,76.9,74.9,73.9,72.6,72.5,75.4,73.6
6085,82.6,77.7,77.8,81.7,79.7,79.8,80.6,78.9,78.6,76.9,79.5,78.8,79.4,76.2,79.4,78.2,78.7,78.8,79.3,80.4,78.3,77.5,79.8,77.4,80.0,80.0,78.4,78.2,76.9,79.0,78.7,77.6,75.0,76.7,75.3,75.4,80.5,77.0,79.7,77.3,79.3,79.3,79.1,79.3,82.1,79.0,79.7,81.4,88.7,81.0,80.8,82.8,83.6,78.7,76.1,78.2,77.3,79.6,77.5,77.8,77.6,77.6,78.9,84.6,80.2,78.9,80.7,76.8,79.1,78.7,80.5,80.6,81.0,82.1,83.8,78.6,79.5,78.2,77.4,78.9,78.6,77.4,75.7,73.5,74.2,76.7,74.9
6086,83.6,78.5,78.6,83.2,80.8,80.9,81.7,80.0,79.3,77.7,80.2,79.4,80.3,77.0,80.4,78.9,79.4,80.3,80.0,80.8,79.1,78.4,80.6,78.5,81.3,81.2,79.2,79.0,77.5,79.6,79.4,78.3,76.4,77.5,76.5,76.4,81.4,77.7,81.1,78.1,80.7,79.7,80.8,80.6,83.2,79.4,81.0,82.1,89.4,82.2,81.4,83.8,84.6,79.8,76.8,79.5,78.3,80.6,79.5,79.0,79.3,79.8,80.6,85.8,83.0,79.7,82.9,77.7,79.7,79.4,81.1,81.9,82.3,83.3,85.2,79.5,80.2,79.1,77.9,80.2,79.9,79.1,77.2,74.0,75.5,77.6,76.1
6087,83.9,78.4,78.7,83.9,81.4,81.4,82.1,80.5,79.5,77.8,80.4,79.8,80.4,77.2,80.7,79.0,79.7,81.2,80.1,81.0,79.3,78.7,80.8,79.2,82.0,81.6,79.4,79.5,77.7,79.8,79.8,78.2,76.9,77.8,77.0,76.8,81.5,77.5,81.4,78.2,81.3,79.5,81.5,81.3,83.7,79.0,81.5,82.1,89.5,82.5,81.5,84.0,84.8,79.9,77.3,79.9,78.9,81.2,80.6,79.4,80.0,81.3,81.3,86.2,84.5,80.2,84.0,77.9,79.8,79.8,80.9,82.7,82.6,83.7,85.8,79.6,80.2,79.1,78.2,81.0,80.5,79.9,77.8,74.0,76.2,77.8,76.6
6088,83.2,77.5,78.2,83.8,81.3,81.1,81.9,80.2,78.9,77.3,80.0,79.4,79.9,76.9,80.4,78.5,79.4,81.0,79.8,80.4,79.0,78.1,80.6,78.9,82.1,81.5,79.1,79.2,77.4,79.3,79.5,77.8,76.9,77.7,77.0,76.7,80.8,76.2,81.3,77.3,80.9,78.3,81.7,81.3,83.4,77.9,81.0,81.6,88.7,82.3,81.0,83.3,84.4,79.1,77.3,79.7,78.7,80.9,81.0,79.0,79.7,82.1,81.3,85.7,84.7,79.8,84.0,77.6,79.3,79.3,80.4,82.9,82.1,83.6,85.7,79.0,79.6,78.6,77.8,81.1,80.5,80.1,77.8,73.1,76.2,77.5,76.5
6089,81.2,75.2,76.1,82.9,80.3,80.1,80.8,79.2,77.2,76.3,78.5,78.4,78.5,76.0,79.5,77.2,78.3,79.4,78.2,78.6,78.1,76.9,79.5,77.8,80.8,80.6,78.2,78.1,76.5,78.1,78.6,76.2,76.1,76.8,76.3,75.7,78.6,73.8,80.6,75.5,79.9,75.9,80.8,80.2,81.6,76.0,79.8,80.1,86.6,81.4,80.0,81.5,83.4,76.8,76.4,78.4,78.1,79.9,80.8,77.8,78.3,81.9,79.9,84.3,83.9,78.0,82.4,76.6,78.1,78.0,79.0,82.1,80.4,82.7,84.1,77.7,77.9,77.0,76.7,80.0,79.5,79.3,76.9,71.4,75.6,76.4,75.4
6090,76.1,70.9,70.4,80.7,78.2,78.1,78.6,76.5,74.0,73.9,75.1,76.1,74.6,74.0,77.1,74.5,75.6,74.5,74.8,74.1,75.7,74.1,77.0,75.1,78.6,78.1,76.3,75.6,74.1,75.7,76.3,73.1,73.6,74.3,74.5,73.6,74.7,69.8,78.4,72.1,77.9,71.1,78.6,77.8,77.1,71.7,77.1,76.2,81.4,79.1,77.8,78.5,80.8,70.8,74.4,75.3,76.2,77.7,79.1,74.1,75.2,80.0,75.5,79.8,81.1,73.5,78.2,74.6,75.1,74.6,76.3,79.7,76.5,80.8,79.1,75.1,73.8,73.5,74.4,77.8,77.1,76.8,74.1,68.8,73.7,73.9,72.8
6091,71.5,66.5,65.5,76.6,74.7,74.9,75.3,71.9,70.6,70.6,71.1,72.3,70.4,71.1,73.5,70.8,70.2,68.3,70.6,69.9,71.7,70.2,72.7,70.6,73.7,73.3,74.3,71.5,70.0,72.1,72.4,69.0,69.0,70.6,71.1,69.3,70.6,65.8,74.5,68.0,75.2,66.6,74.1,72.8,72.7,67.6,72.9,70.9,76.9,73.2,73.8,75.0,76.1,66.0,71.0,70.5,71.7,73.4,75.6,68.8,72.1,74.5,69.2,73.1,76.3,66.8,72.3,72.0,71.2,70.1,71.7,74.9,71.4,75.6,72.9,69.7,69.3,69.1,70.6,72.8,72.5,71.8,65.5,66.4,69.9,70.1,67.5
6092,69.0,63.7,63.2,72.8,72.1,72.6,73.1,69.3,68.9,69.1,69.1,70.1,68.6,69.2,71.1,69.0,67.6,65.3,68.6,67.9,69.3,68.0,70.8,68.4,69.9,70.4,72.7,69.4,67.4,69.9,69.9,67.4,66.2,68.2,68.7,66.6,68.4,63.5,71.3,65.3,72.5,64.8,70.2,69.3,70.4,65.1,69.8,67.9,73.7,68.2,70.6,72.7,71.7,63.8,68.2,67.2,68.2,70.7,71.6,66.7,68.9,68.4,65.1,69.3,72.5,63.5,69.0,70.4,69.4,68.1,68.8,70.7,68.8,71.6,69.4,66.3,67.4,67.2,68.7,68.8,69.5,68.0,61.3,64.7,67.3,67.6,64.5
6093,66.7,62.2,61.4,70.3,70.4,71.2,71.5,67.9,67.7,67.8,67.6,68.6,67.2,67.8,69.6,67.8,66.1,63.1,67.1,66.6,68.0,66.9,69.4,67.2,68.0,69.0,71.2,67.7,66.0,68.9,68.4,66.5,64.6,66.5,67.4,65.1,66.7,61.8,69.2,63.4,70.6,63.5,68.0,67.1,68.4,63.4,67.2,65.4,71.0,65.3,68.0,70.1,69.0,62.4,66.4,64.4,66.1,68.4,68.4,65.2,66.7,65.0,62.8,65.7,69.9,61.3,66.4,69.1,68.0,66.9,66.8,68.3,66.2,69.5,66.8,64.3,66.1,65.9,67.4,66.8,67.7,65.7,60.5,63.3,65.5,66.2,62.8
6094,64.9,60.9,60.0,68.6,68.8,69.9,70.0,66.6,66.7,67.0,66.4,67.4,66.1,66.9,68.3,66.8,65.1,61.3,66.0,65.6,66.8,65.9,68.3,66.2,66.6,67.7,70.1,66.7,64.9,67.9,67.3,65.9,63.3,64.8,66.0,64.0,65.4,60.1,67.6,61.8,69.3,62.4,66.3,65.9,66.5,62.1,65.0,63.1,67.5,63.4,66.2,67.8,67.0,60.9,65.2,61.8,64.9,66.9,66.2,63.9,64.9,62.9,61.0,62.8,67.5,59.2,63.9,68.0,67.0,65.9,65.1,66.7,63.9,67.7,64.1,62.8,65.2,64.8,66.3,65.5,66.5,64.2,60.1,62.3,64.1,65.1,61.7
6095,63.0,59.6,58.8,67.0,67.5,68.9,68.9,65.7,65.9,66.1,65.4,66.4,65.1,66.0,67.4,65.9,64.1,59.6,65.1,64.7,65.8,65.0,67.4,65.3,65.3,66.7,69.1,65.7,64.0,67.1,66.3,65.2,62.2,63.7,65.0,63.1,64.3,58.8,66.5,60.3,68.0,61.4,64.8,64.4,64.8,60.8,62.8,60.9,63.9,61.2,64.9,65.4,65.5,59.6,63.8,59.8,63.7,65.8,64.7,62.7,62.9,61.1,59.6,60.2,65.3,57.7,61.7,67.3,66.1,64.9,63.7,64.9,62.3,66.2,61.2,61.1,64.2,64.0,65.5,64.2,65.5,62.7,59.7,61.5,62.9,64.1,60.6
6096,61.3,58.6,58.0,65.7,66.3,67.9,67.9,64.7,65.1,65.3,64.5,65.5,64.5,65.2,66.5,65.1,63.3,58.3,64.3,63.8,64.8,64.2,66.7,64.4,64.3,65.6,68.3,64.7,63.2,66.3,65.3,64.6,61.4,62.7,64.1,62.1,63.4,57.7,65.3,58.8,66.8,60.5,63.6,63.3,63.1,59.5,61.0,59.5,61.0,59.7,63.5,62.7,64.3,58.7,62.7,57.9,62.5,64.4,63.4,61.6,61.8,59.8,57.9,58.1,63.1,55.9,59.4,66.5,65.3,64.0,62.2,63.5,60.3,64.8,59.0,59.5,63.3,63.2,64.7,63.2,64.4,61.3,59.0,60.7,62.1,63.0,59.8
6097,60.0,57.5,56.8,64.3,65.6,66.9,66.9,64.0,64.3,64.5,63.7,64.7,63.8,64.5,65.7,64.6,62.7,56.8,63.5,63.1,64.0,63.6,65.9,63.5,63.3,64.8,67.4,64.1,62.6,65.5,64.7,63.8,60.6,61.8,63.2,61.1,62.7,56.6,64.4,57.4,65.8,59.9,62.5,61.9,61.6,58.5,59.4,57.8,58.5,57.9,62.2,60.8,62.5,57.7,61.7,56.3,61.3,63.3,62.1,60.2,60.3,58.2,56.3,56.1,61.0,54.5,57.3,65.7,64.5,63.0,60.7,62.1,59.1,63.2,57.5,57.9,62.6,62.5,64.3,62.3,63.6,60.1,58.3,59.9,61.2,62.3,59.0
6098,58.8,56.3,56.0,63.3,64.7,66.1,65.9,63.2,63.7,63.9,62.9,64.1,63.1,64.0,64.9,63.9,62.1,55.2,62.8,62.5,63.4,63.1,65.1,62.8,62.5,64.0,66.8,63.3,61.8,64.7,64.0,63.2,59.9,60.9,62.4,60.5,62.1,55.7,63.6,56.5,64.7,59.1,61.4,60.9,60.3,57.6,58.0,56.5,56.4,56.5,61.0,58.9,60.9,56.7,60.6,54.8,60.4,62.3,60.9,59.0,59.1,56.8,55.3,54.2,59.2,53.1,55.2,65.0,63.8,62.6,59.2,61.3,57.6,62.1,56.0,56.2,62.1,61.8,63.6,61.6,62.9,59.1,57.5,59.3,60.3,61.5,58.4
6099,57.5,55.4,55.3,62.3,64.1,65.5,65.3,62.5,63.0,63.2,62.3,63.5,62.5,63.3,64.3,63.3,61.6,54.3,62.2,61.8,62.9,62.6,64.4,62.0,61.8,63.5,66.1,62.6,61.3,64.1,63.4,62.6,59.1,60.3,61.7,59.8,61.4,54.8,62.8,55.1,63.8,58.5,60.5,59.4,59.0,56.8,56.7,55.3,54.8,55.0,60.2,57.5,59.6,55.8,59.4,53.8,59.5,61.6,59.8,57.7,58.0,55.7,54.3,52.4,57.9,51.9,53.4,64.2,63.0,62.1,58.1,60.4,56.3,60.8,54.5,55.0,61.6,61.3,63.0,60.6,62.2,58.2,56.7,58.8,59.5,60.9,57.6
6100,56.4,54.6,54.4,61.3,63.3,64.8,64.7,61.8,62.6,62.7,61.8,62.9,61.9,62.7,63.8,62.9,61.2,53.2,61.6,61.4,62.3,62.1,63.9,61.4,61.1,62.8,65.5,62.0,60.7,63.6,62.8,62.1,58.5,59.6,61.0,59.3,60.7,54.0,62.0,54.1,63.0,57.9,59.7,58.3,57.7,55.7,55.6,54.1,53.2,53.6,59.3,56.0,58.2,54.8,58.5,52.9,58.6,61.0,58.7,56.3,56.6,54.4,53.3,51.0,56.5,51.0,52.0,63.6,62.5,61.7,56.9,59.7,55.2,59.8,53.3,53.5,61.2,60.6,62.5,59.9,61.5,57.3,55.6,58.2,59.0,60.1,57.1
6101,55.3,54.3,53.7,60.7,62.7,64.3,64.1,61.4,62.0,62.1,61.6,62.4,61.5,62.2,63.2,62.4,60.8,52.4,61.3,61.0,61.9,61.6,63.4,61.0,60.4,62.4,65.0,61.4,60.2,63.2,62.3,61.8,58.0,58.9,60.4,58.6,60.1,53.4,61.3,53.3,62.1,57.5,59.1,57.3,56.8,54.7,54.8,53.2,52.1,52.6,58.4,54.7,57.0,54.2,57.5,51.8,57.8,60.1,57.6,55.1,55.7,53.3,52.4,49.5,55.5,49.8,50.2,63.1,61.9,61.2,55.6,58.8,54.0,59.0,52.3,52.7,60.7,60.2,61.9,59.1,61.0,56.4,54.7,58.0,58.4,59.6,56.6
6102,54.9,54.0,53.8,59.9,62.3,63.9,63.6,60.9,61.6,61.9,61.4,62.0,61.3,61.9,62.8,62.0,60.5,52.1,61.0,61.1,61.3,61.1,63.1,60.4,59.6,61.8,64.5,61.0,59.7,62.9,61.8,61.4,57.5,58.5,59.9,58.2,59.7,53.2,60.9,52.7,61.3,57.7,58.5,56.6,56.3,54.3,54.0,53.0,51.3,51.6,57.5,54.0,56.2,54.2,56.7,51.5,57.0,59.6,56.8,54.6,55.4,51.9,52.1,48.6,54.5,49.5,48.9,62.6,61.5,61.1,54.6,58.0,53.6,58.1,51.9,51.7,60.5,60.0,61.6,58.6,60.4,55.4,53.7,58.1,57.9,59.1,56.2
6103,59.7,57.7,58.1,60.0,62.9,64.3,64.4,62.0,63.3,63.2,64.3,63.3,64.1,62.7,63.6,63.8,62.1,57.6,63.5,64.3,62.6,62.5,64.3,61.1,60.2,62.5,65.3,62.0,61.6,64.4,62.9,63.8,58.2,59.6,60.7,59.5,62.9,56.9,60.7,57.2,62.6,61.8,58.7,59.2,60.0,58.6,57.0,59.1,59.9,52.6,58.7,57.0,58.8,57.9,57.0,55.6,57.4,61.1,56.5,58.4,58.1,51.6,56.7,55.9,56.1,54.6,52.7,63.5,64.2,63.7,57.4,57.9,58.3,60.8,59.2,52.7,63.9,62.7,62.8,58.8,60.8,55.5,55.0,60.5,58.3,60.1,57.6
6104,65.1,62.5,63.5,63.9,65.9,66.9,67.3,65.4,66.8,66.1,67.7,66.1,67.7,65.5,66.7,67.1,65.8,62.9,67.0,68.0,65.9,65.9,67.8,64.1,63.7,66.2,67.6,65.3,65.0,67.6,65.9,66.8,61.3,63.0,63.0,62.6,66.7,61.7,63.8,62.5,65.5,66.7,62.1,63.7,64.5,64.4,61.0,65.8,68.5,59.2,65.2,61.8,64.7,62.3,59.8,61.1,61.7,64.9,60.1,62.9,61.0,55.9,62.2,64.6,59.3,61.5,59.2,66.4,68.1,66.9,63.2,62.1,63.7,66.7,66.4,60.3,67.7,66.3,66.0,62.1,64.0,58.9,60.5,63.5,61.1,63.6,61.3
6105,70.0,66.8,67.8,68.9,69.5,70.0,70.7,69.1,70.4,69.1,71.1,69.8,71.0,68.4,70.1,70.4,69.6,66.6,70.6,72.1,69.3,69.6,71.4,67.8,67.7,69.8,70.5,68.9,68.3,71.0,69.2,69.8,64.8,66.9,65.9,65.8,70.6,66.0,68.0,66.6,68.7,70.5,66.4,67.7,69.0,69.4,65.8,70.2,75.4,66.2,70.8,67.0,70.2,66.8,63.7,66.2,66.1,68.7,64.5,67.1,64.4,61.5,66.6,71.3,63.5,66.6,64.7,69.2,71.5,70.2,68.7,67.5,68.3,71.2,71.6,66.0,71.7,69.9,69.2,66.2,67.6,63.1,65.0,66.5,64.4,67.4,65.1
6106,74.2,70.7,71.5,73.3,72.8,73.2,74.2,72.5,73.4,71.7,74.1,73.1,73.9,71.1,73.3,73.3,73.0,70.2,73.8,75.3,72.4,72.6,74.5,71.0,71.6,73.3,73.2,72.4,71.5,73.8,72.6,72.3,68.3,70.2,68.9,69.0,73.8,69.7,71.9,69.9,71.8,73.5,70.5,71.1,73.3,72.9,70.5,74.0,79.9,71.7,74.9,72.1,75.0,70.7,68.0,70.3,70.1,72.4,68.5,70.5,68.3,66.4,70.3,76.1,67.8,70.7,69.3,71.9,74.2,73.3,73.4,71.9,72.7,74.7,75.5,70.6,74.7,72.9,72.0,70.1,71.4,67.5,68.0,68.7,67.5,70.8,68.6
6107,77.8,73.8,74.3,76.8,75.6,76.0,76.8,75.2,75.7,74.0,76.4,75.5,76.1,73.2,76.0,75.5,75.5,73.4,75.9,77.3,74.8,74.8,76.8,73.6,75.0,76.0,75.5,74.9,74.0,76.1,75.2,74.5,70.8,73.0,71.6,71.8,76.6,72.7,75.1,72.9,74.5,76.0,74.2,73.9,76.9,75.5,74.3,77.0,83.5,75.6,77.8,76.7,78.7,74.1,71.4,73.6,73.3,75.3,71.8,73.3,71.6,70.6,73.6,79.6,72.2,74.0,73.4,74.0,76.2,75.4,76.7,75.5,76.2,77.5,78.8,74.0,76.7,75.0,74.3,73.5,74.1,71.6,70.7,70.5,70.1,73.4,71.3
6108,80.6,76.1,76.4,79.7,77.9,78.1,79.0,77.3,77.3,75.5,78.0,77.1,77.8,74.9,77.9,77.0,77.5,76.1,77.8,78.8,76.8,76.4,78.6,75.6,77.6,78.2,77.1,76.8,75.7,77.6,77.3,76.2,73.1,75.0,73.6,73.8,78.7,75.1,77.7,75.5,76.9,77.7,77.1,76.5,79.8,77.6,77.2,79.3,86.4,78.7,79.5,79.9,81.5,76.5,73.9,75.9,75.5,77.4,74.7,75.6,74.5,74.2,76.3,82.2,76.2,76.7,77.1,75.5,77.7,77.2,79.0,78.2,78.9,79.9,81.3,76.6,78.1,76.7,76.0,76.3,76.7,74.6,73.3,71.9,72.3,75.3,73.3
6109,82.6,77.7,77.8,81.6,79.6,79.7,80.5,78.8,78.4,76.8,79.2,78.5,79.1,76.2,79.3,78.0,78.7,78.4,79.0,80.0,78.3,77.4,79.7,77.2,79.9,79.9,78.4,78.1,76.9,78.9,78.6,77.3,74.8,76.4,75.0,75.1,80.1,76.8,79.6,77.1,79.1,79.1,79.1,78.9,82.1,78.8,79.3,80.8,88.3,80.6,80.7,82.1,83.4,78.5,75.5,77.6,76.7,79.0,76.8,77.3,76.9,76.9,78.5,83.9,79.6,78.5,80.0,76.7,78.9,78.3,80.3,80.4,80.8,81.7,83.1,78.2,79.2,77.9,77.4,78.6,78.4,77.2,75.2,72.7,74.0,76.6,74.7
6110,83.6,78.5,78.6,83.0,80.6,80.8,81.6,79.8,79.0,77.6,79.9,79.1,79.9,77.0,80.3,78.7,79.4,79.8,79.7,80.5,79.0,78.2,80.5,78.3,81.2,81.1,79.1,79.0,77.6,79.4,79.4,78.1,76.1,77.2,76.2,76.1,80.9,77.5,80.9,78.0,80.5,79.5,80.7,80.1,83.3,79.3,80.6,81.6,89.1,81.7,81.3,83.1,84.4,79.6,76.3,78.9,77.8,80.1,78.8,78.4,78.5,79.0,80.1,85.1,82.4,79.3,82.1,77.7,79.5,79.0,80.9,81.7,82.2,82.9,84.5,79.1,79.9,78.8,78.0,79.9,79.7,78.9,76.7,73.3,75.2,77.4,75.9
6111,84.0,78.4,78.7,83.8,81.3,81.3,82.1,80.3,79.3,77.8,80.1,79.6,80.2,77.2,80.7,78.8,79.7,80.7,79.8,80.7,79.2,78.6,80.8,79.1,81.9,81.5,79.4,79.3,77.7,79.6,79.7,78.0,76.6,77.6,76.7,76.5,81.1,77.4,81.2,78.1,81.1,79.3,81.4,81.0,83.8,78.9,81.3,81.7,89.1,82.1,81.3,83.3,84.7,79.6,76.7,79.3,78.3,80.6,79.8,78.8,79.2,80.6,80.9,85.5,83.8,79.6,83.2,77.8,79.5,79.4,80.7,82.5,82.6,83.3,85.2,79.3,79.9,78.8,78.2,80.7,80.4,79.7,77.2,73.3,76.0,77.7,76.4
6112,83.1,77.5,78.1,83.7,81.1,81.0,81.8,80.1,78.6,77.3,79.8,79.2,79.6,76.9,80.4,78.4,79.4,80.4,79.5,80.1,78.9,78.0,80.4,78.7,82.0,81.4,79.1,79.1,77.4,79.1,79.5,77.5,76.6,77.4,76.7,76.4,80.4,76.2,81.1,77.1,80.7,78.1,81.6,80.9,83.4,77.8,80.8,81.2,88.3,81.8,80.8,82.6,84.3,78.8,76.7,79.1,78.1,80.4,80.3,78.4,78.9,81.4,80.8,85.1,84.1,79.2,83.2,77.6,79.1,78.9,80.1,82.6,82.0,83.2,85.1,78.7,79.4,78.4,77.8,80.9,80.4,79.8,77.2,72.4,76.0,77.4,76.3
6113,81.1,75.2,75.8,82.7,80.1,80.0,80.6,79.0,77.0,76.2,78.2,78.2,78.2,76.0,79.4,77.1,78.2,78.8,78.0,78.3,77.9,76.8,79.3,77.6,80.7,80.5,78.2,78.0,76.4,77.9,78.5,75.9,75.8,76.5,76.1,75.4,78.3,73.8,80.2,75.4,79.7,75.6,80.6,79.9,81.5,75.8,79.6,79.6,86.2,80.9,79.8,80.9,83.2,76.4,75.8,77.7,77.5,79.3,80.0,77.1,77.5,81.3,79.3,83.7,83.2,77.5,81.6,76.6,77.8,77.6,78.8,81.8,80.4,82.3,83.5,77.4,77.6,76.8,76.8,79.9,79.4,79.0,76.2,70.7,75.4,76.3,75.3
6114,75.8,70.7,70.0,80.5,78.0,77.9,78.4,76.3,73.8,73.8,74.8,75.9,74.3,73.8,76.9,74.4,75.4,73.9,74.4,73.7,75.5,74.0,76.8,74.9,78.5,78.0,76.2,75.4,74.0,75.4,76.1,72.8,73.3,74.0,74.2,73.3,74.2,69.5,78.1,71.9,77.7,70.7,78.5,77.3,76.8,71.5,76.9,75.7,80.9,78.6,77.6,77.8,80.6,70.4,73.8,74.5,75.6,77.1,78.5,73.3,74.5,79.3,75.0,79.0,80.4,72.9,77.4,74.5,74.7,74.2,76.2,79.5,76.4,80.5,78.3,74.7,73.4,73.2,74.2,77.7,77.0,76.5,73.5,68.1,73.5,73.7,72.5
6115,71.4,66.2,65.2,76.3,74.5,74.7,75.1,71.7,70.5,70.6,70.9,72.1,70.2,71.0,73.3,70.7,70.0,67.8,70.4,69.5,71.5,70.1,72.5,70.4,73.5,73.1,74.2,71.4,69.9,71.8,72.2,68.8,68.7,70.4,70.7,68.9,70.1,65.5,74.1,67.7,75.0,66.3,73.8,72.2,72.5,67.4,72.6,70.3,76.5,72.6,73.6,74.5,75.8,65.7,70.4,69.8,71.1,72.9,75.0,68.2,71.4,73.8,68.9,72.5,75.7,66.4,71.6,71.9,70.9,69.7,71.5,74.6,71.2,75.2,72.3,69.3,68.9,68.8,70.5,72.6,72.3,71.5,64.8,65.6,69.6,69.9,67.1
6116,68.9,63.6,63.0,72.5,72.0,72.5,72.9,69.1,68.8,69.1,68.9,69.9,68.4,69.1,70.9,68.9,67.5,64.9,68.4,67.5,69.2,67.9,70.5,68.3,69.9,70.3,72.6,69.3,67.3,69.6,69.8,67.2,65.9,67.9,68.4,66.3,68.1,63.3,71.0,65.0,72.3,64.7,70.0,68.9,70.3,64.9,69.4,67.4,73.3,67.5,70.4,72.2,71.4,63.6,67.6,66.6,67.7,70.2,71.1,66.2,68.3,67.9,64.9,68.8,71.9,63.2,68.3,70.3,69.1,67.8,68.6,70.5,68.5,71.2,68.8,65.9,67.0,66.9,68.6,68.6,69.4,67.7,60.8,64.0,67.0,67.5,64.2
6117,66.5,62.0,61.3,70.1,70.2,71.0,71.3,67.7,67.6,67.9,67.4,68.4,66.9,67.7,69.5,67.6,66.0,62.9,66.9,66.2,67.8,66.8,69.1,67.2,68.0,68.9,71.1,67.6,65.9,68.6,68.3,66.3,64.4,66.2,67.1,64.8,66.3,61.6,68.9,63.2,70.3,63.2,67.8,66.6,68.3,63.2,66.9,64.9,70.6,64.7,67.7,69.5,68.7,62.2,65.9,63.8,65.6,67.9,67.9,64.7,66.1,64.7,62.5,65.0,69.4,61.0,65.9,69.1,67.8,66.7,66.5,68.0,65.9,69.1,66.2,63.8,65.7,65.7,67.3,66.6,67.6,65.5,60.0,62.6,65.2,66.1,62.5
6118,64.7,60.8,59.8,68.4,68.6,69.7,69.9,66.5,66.6,67.1,66.1,67.2,65.8,66.8,68.2,66.7,65.0,61.1,65.8,65.2,66.6,65.8,68.1,66.1,66.5,67.7,70.0,66.6,64.7,67.7,67.2,65.6,63.1,64.5,65.7,63.7,65.0,59.9,67.4,61.5,69.0,62.2,66.2,65.5,66.3,62.0,64.7,62.6,67.2,62.8,65.9,67.2,66.8,60.7,64.8,61.3,64.4,66.5,65.7,63.5,64.4,62.5,60.7,62.3,67.0,58.9,63.4,68.0,66.7,65.6,64.9,66.3,63.6,67.4,63.3,62.3,64.8,64.7,66.3,65.3,66.4,64.0,59.6,61.6,63.9,64.9,61.3
6119,62.8,59.6,58.6,66.8,67.3,68.7,68.8,65.5,65.8,66.1,65.1,66.2,64.9,66.0,67.3,65.8,64.1,59.4,64.8,64.4,65.6,64.9,67.3,65.2,65.2,66.7,69.1,65.6,63.8,66.8,66.2,65.0,62.0,63.4,64.7,62.8,64.0,58.6,66.2,60.0,67.7,61.2,64.7,64.0,64.6,60.7,62.5,60.4,63.7,60.6,64.5,64.8,65.2,59.4,63.3,59.2,63.2,65.3,64.1,62.2,62.5,60.9,59.4,59.6,64.8,57.3,61.1,67.2,65.9,64.6,63.4,64.6,62.0,65.9,60.5,60.6,63.8,63.8,65.5,64.1,65.4,62.5,59.1,60.8,62.8,63.9,60.3
6120,61.0,58.4,57.6,65.6,66.2,67.8,67.8,64.5,65.0,65.3,64.2,65.3,64.2,65.3,66.4,65.0,63.3,58.0,64.0,63.5,64.7,64.1,66.6,64.3,64.2,65.6,68.3,64.6,63.0,66.0,65.2,64.4,61.2,62.5,63.9,61.7,63.1,57.4,65.1,58.6,66.5,60.3,63.6,62.8,62.8,59.4,60.6,59.0,60.7,59.2,63.2,62.1,64.0,58.4,62.2,57.4,62.0,64.0,62.8,61.0,61.4,59.5,57.7,57.4,62.6,55.6,58.9,66.4,65.1,63.7,62.0,63.2,60.1,64.5,58.4,59.0,63.0,63.0,64.6,63.1,64.3,61.2,58.5,60.0,61.9,62.9,59.5
6121,59.7,57.3,56.5,64.3,65.5,66.8,66.9,63.8,64.3,64.5,63.4,64.6,63.6,64.5,65.7,64.5,62.5,56.5,63.3,62.8,63.9,63.6,65.7,63.5,63.2,64.8,67.3,64.0,62.4,65.3,64.5,63.7,60.4,61.5,63.0,60.8,62.5,56.4,64.2,57.1,65.6,59.8,62.5,61.5,61.3,58.4,59.0,57.3,58.2,57.4,61.9,60.2,62.3,57.4,61.1,55.9,60.7,62.9,61.6,59.6,60.0,57.9,56.0,55.4,60.5,54.1,56.8,65.6,64.2,62.7,60.4,61.8,58.9,62.8,56.9,57.4,62.3,62.4,64.2,62.2,63.5,59.9,57.9,59.2,61.1,62.2,58.7
6122,58.3,56.1,55.6,63.2,64.6,66.0,65.8,63.1,63.7,63.8,62.7,64.0,62.8,63.9,64.8,63.8,61.9,55.1,62.6,62.2,63.2,63.0,65.0,62.7,62.4,64.0,66.6,63.2,61.7,64.5,63.8,63.0,59.7,60.7,62.2,60.2,61.8,55.5,63.4,56.3,64.4,59.0,61.4,60.5,59.9,57.4,57.6,56.0,56.0,56.0,60.7,58.4,60.6,56.4,60.0,54.5,59.8,61.8,60.3,58.5,58.7,56.5,55.1,53.5,58.9,52.7,54.8,64.9,63.5,62.2,58.9,61.0,57.3,61.7,55.5,55.9,61.9,61.6,63.5,61.4,62.8,58.8,57.1,58.7,60.2,61.4,58.1
6123,57.0,55.1,54.9,62.2,63.9,65.4,65.2,62.3,62.9,63.1,62.1,63.3,62.3,63.2,64.3,63.2,61.4,54.2,61.9,61.6,62.7,62.5,64.3,61.9,61.7,63.4,66.0,62.5,61.2,63.9,63.1,62.5,59.0,60.1,61.5,59.5,61.2,54.6,62.6,54.9,63.6,58.2,60.4,59.0,58.7,56.6,56.3,54.8,54.5,54.4,59.9,57.0,59.3,55.4,58.8,53.4,58.9,61.0,59.2,57.2,57.6,55.4,54.0,51.9,57.6,51.6,52.9,64.1,62.8,61.7,57.8,60.2,55.9,60.5,54.0,54.6,61.4,61.1,62.9,60.5,62.1,57.9,56.3,58.1,59.4,60.7,57.3
6124,55.9,54.5,54.0,61.2,63.2,64.7,64.6,61.7,62.5,62.7,61.6,62.7,61.6,62.7,63.7,62.9,60.9,53.0,61.4,61.1,62.1,61.9,63.8,61.3,61.1,62.8,65.4,61.8,60.5,63.4,62.6,62.0,58.4,59.4,60.7,59.0,60.5,53.8,61.8,53.9,62.7,57.7,59.7,57.9,57.5,55.5,55.2,53.7,52.8,53.0,59.0,55.5,57.9,54.5,57.9,52.4,57.9,60.4,58.2,55.8,56.3,54.2,53.1,50.4,56.1,50.6,51.5,63.5,62.2,61.3,56.7,59.5,54.8,59.5,52.8,53.2,60.9,60.4,62.3,59.8,61.4,57.1,55.2,57.6,58.8,60.0,56.8
6125,54.8,54.2,53.3,60.6,62.6,64.2,64.0,61.2,61.9,62.1,61.4,62.1,61.3,62.1,63.1,62.3,60.6,52.2,61.1,60.7,61.7,61.5,63.3,60.9,60.4,62.3,64.8,61.3,60.0,63.0,62.1,61.7,57.8,58.6,60.2,58.4,60.0,53.2,61.2,53.1,61.7,57.3,59.0,57.0,56.5,54.5,54.4,52.7,51.7,52.0,58.0,54.2,56.8,53.9,56.9,51.4,57.2,59.5,57.1,54.6,55.4,53.1,52.2,49.1,55.2,49.5,49.7,63.0,61.6,61.0,55.3,58.6,53.6,58.6,51.8,52.3,60.5,60.0,61.8,59.0,60.8,56.1,54.3,57.4,58.3,59.5,56.3
6126,54.5,53.9,53.4,59.8,62.1,63.7,63.5,60.7,61.5,61.8,61.2,61.8,61.1,61.8,62.7,61.9,60.3,51.9,60.8,60.8,61.2,61.0,62.9,60.3,59.5,61.7,64.4,60.9,59.6,62.7,61.6,61.3,57.4,58.2,59.7,58.0,59.5,53.1,60.7,52.5,61.0,57.5,58.4,56.2,55.9,54.0,53.6,52.6,51.0,51.0,57.2,53.6,56.0,53.8,56.1,51.1,56.3,59.0,56.3,54.1,55.1,51.7,51.9,48.0,54.2,49.1,48.4,62.5,61.3,60.7,54.4,57.8,53.2,57.8,51.4,51.2,60.3,59.7,61.5,58.5,60.2,55.2,53.3,57.4,57.8,59.0,55.9
6127,59.2,57.7,57.8,59.8,62.7,64.1,64.3,61.8,63.2,63.1,64.1,63.1,63.8,62.6,63.4,63.5,61.9,57.2,63.2,64.0,62.4,62.2,64.2,60.9,60.1,62.4,65.2,61.8,61.4,64.2,62.7,63.7,58.0,59.3,60.4,59.2,62.6,56.7,60.5,56.9,62.3,61.6,58.5,58.8,59.7,58.4,56.5,58.5,59.5,51.9,58.3,56.5,58.5,57.6,56.4,55.1,56.7,60.4,56.0,57.9,57.7,51.3,56.4,55.2,55.7,54.0,52.2,63.4,64.0,63.4,57.0,57.6,58.0,60.3,58.6,52.2,63.6,62.5,62.7,58.7,60.6,55.3,54.4,59.8,58.1,60.0,57.3
6128,64.8,62.6,63.3,63.7,65.7,66.7,67.1,65.2,66.6,66.0,67.5,65.9,67.4,65.4,66.5,66.9,65.6,62.5,66.9,67.8,65.8,65.7,67.7,64.0,63.6,66.0,67.5,65.2,64.8,67.5,65.7,66.6,61.1,62.7,62.7,62.3,66.4,61.6,63.5,62.1,65.2,66.6,61.9,63.3,64.3,64.3,60.7,65.2,68.1,58.6,64.9,61.3,64.4,62.1,59.2,60.6,61.0,64.3,59.5,62.2,60.6,55.6,61.9,64.0,58.9,61.0,58.7,66.2,67.8,66.6,62.9,61.8,63.3,66.2,65.8,59.9,67.6,66.1,65.9,61.9,63.8,58.7,59.9,62.9,60.9,63.4,61.1
6129,69.8,66.8,67.8,68.8,69.3,69.9,70.6,69.0,70.3,69.0,71.0,69.5,70.9,68.3,70.1,70.3,69.5,66.2,70.5,71.9,69.1,69.6,71.3,67.7,67.6,69.7,70.4,68.9,68.3,70.8,69.1,69.6,64.7,66.7,65.7,65.6,70.2,65.9,67.7,66.2,68.4,70.4,66.4,67.4,69.0,69.3,65.5,69.6,74.9,65.6,70.5,66.5,69.9,66.7,63.0,65.6,65.5,68.1,63.8,66.5,64.0,61.1,66.2,70.7,63.1,66.0,64.2,69.2,71.2,70.0,68.4,67.3,68.1,70.8,70.9,65.6,71.6,69.7,69.1,66.1,67.6,62.9,64.5,65.9,64.3,67.3,65.0
6130,74.1,70.8,71.5,73.2,72.7,73.1,74.0,72.5,73.3,71.7,73.9,72.9,73.8,71.0,73.2,73.1,72.9,69.8,73.7,75.2,72.3,72.5,74.3,71.0,71.6,73.2,73.2,72.4,71.5,73.6,72.6,72.1,68.3,70.2,68.8,68.9,73.5,69.6,71.6,69.6,71.4,73.4,70.5,70.7,73.2,72.8,70.2,73.4,79.5,71.1,74.6,71.5,74.8,70.7,67.4,69.7,69.6,71.8,67.8,69.9,67.8,66.0,69.9,75.5,67.4,70.1,68.8,71.8,74.0,73.0,73.1,71.7,72.6,74.2,74.9,70.2,74.6,72.8,71.9,70.1,71.4,67.4,67.5,68.1,67.5,70.7,68.6
6131,77.7,73.8,74.3,76.8,75.6,75.9,76.7,75.2,75.6,73.9,76.3,75.4,76.0,73.2,75.9,75.3,75.4,72.9,75.8,77.2,74.8,74.7,76.6,73.6,75.1,76.0,75.4,74.8,74.0,75.8,75.2,74.4,70.9,72.9,71.5,71.7,76.3,72.6,74.9,72.7,74.2,75.9,74.3,73.4,76.9,75.4,73.9,76.5,83.1,75.0,77.5,76.2,78.4,74.0,70.9,73.0,72.7,74.7,71.1,72.7,71.1,70.1,73.0,79.0,71.7,73.3,72.9,73.9,76.0,75.3,76.5,75.3,76.1,77.0,78.2,73.6,76.7,74.9,74.2,73.5,74.2,71.5,70.2,69.9,70.2,73.3,71.3
6132,80.5,76.1,76.4,79.6,77.9,78.1,78.9,77.3,77.1,75.5,77.9,77.0,77.7,74.8,77.9,76.9,77.4,75.6,77.7,78.7,76.8,76.3,78.4,75.6,77.8,78.2,77.0,76.7,75.7,77.3,77.3,76.1,73.2,75.0,73.6,73.8,78.4,75.0,77.4,75.3,76.6,77.7,77.2,76.0,79.7,77.5,76.8,78.8,86.0,78.1,79.3,79.4,81.3,76.5,73.4,75.2,74.9,76.8,74.0,75.0,74.0,73.6,75.7,81.6,75.8,76.0,76.6,75.5,77.5,77.1,78.8,78.0,78.8,79.5,80.7,76.2,78.1,76.6,76.0,76.4,76.8,74.7,72.8,71.3,72.4,75.3,73.3
6133,82.5,77.6,77.8,81.7,79.6,79.7,80.5,78.7,78.3,76.7,79.1,78.3,78.9,76.2,79.3,77.9,78.7,77.8,78.9,79.9,78.3,77.4,79.6,77.3,80.1,79.9,78.4,78.1,77.0,78.6,78.6,77.1,74.9,76.4,75.1,75.1,79.9,76.6,79.4,76.8,78.7,79.0,79.3,78.4,82.0,78.6,78.9,80.4,87.9,80.0,80.5,81.7,83.2,78.5,74.9,76.9,76.1,78.5,76.2,76.6,76.4,76.3,77.8,83.3,79.1,77.8,79.4,76.7,78.7,78.1,80.1,80.3,80.8,81.2,82.6,77.7,79.1,77.8,77.3,78.7,78.6,77.2,74.8,72.1,74.0,76.5,74.8
6134,83.5,78.4,78.6,83.1,80.7,80.8,81.5,79.8,78.9,77.6,79.7,79.0,79.8,76.9,80.3,78.6,79.4,79.2,79.6,80.4,79.0,78.1,80.4,78.4,81.4,81.2,79.1,78.9,77.7,79.1,79.4,77.9,76.2,77.2,76.2,76.1,80.7,77.4,80.7,77.7,80.1,79.5,80.9,79.6,83.3,79.1,80.2,81.1,88.6,81.2,81.1,82.7,84.2,79.6,75.8,78.1,77.2,79.5,78.2,77.8,78.0,78.4,79.4,84.5,81.9,78.7,81.6,77.6,79.3,78.9,80.8,81.7,82.2,82.3,84.1,78.7,79.9,78.7,78.0,80.0,79.9,78.8,76.2,72.8,75.3,77.4,76.0
6135,83.8,78.4,78.6,83.9,81.3,81.3,82.1,80.3,79.2,77.7,79.9,79.4,80.0,77.1,80.7,78.8,79.7,80.0,79.7,80.6,79.2,78.5,80.7,79.0,82.1,81.6,79.3,79.4,77.8,79.3,79.7,77.8,76.7,77.6,76.8,76.5,81.0,77.3,81.1,77.8,80.8,79.3,81.5,80.4,83.7,78.7,80.8,81.3,88.7,81.6,81.2,82.9,84.4,79.6,76.2,78.6,77.8,80.0,79.2,78.1,78.6,80.0,80.2,85.1,83.4,79.0,82.6,77.8,79.3,79.2,80.6,82.4,82.5,82.8,84.7,78.9,80.0,78.8,78.2,80.8,80.5,79.6,76.7,72.8,76.1,77.7,76.6
6136,83.0,77.5,78.0,83.8,81.1,81.1,81.8,80.1,78.5,77.2,79.7,79.0,79.5,76.9,80.4,78.3,79.4,79.7,79.4,80.0,78.9,78.0,80.3,78.7,82.0,81.5,79.1,79.1,77.4,78.8,79.4,77.4,76.6,77.5,76.7,76.4,80.3,76.1,81.1,76.9,80.4,78.1,81.6,80.3,83.3,77.7,80.3,80.7,87.8,81.4,80.7,82.2,84.0,78.6,76.1,78.4,77.6,79.8,79.7,77.8,78.3,80.8,80.1,84.6,83.6,78.5,82.7,77.5,78.8,78.8,79.9,82.6,82.0,82.7,84.6,78.3,79.3,78.2,77.8,80.8,80.5,79.8,76.7,71.9,76.0,77.4,76.4
6137,81.0,75.2,75.6,82.8,80.0,80.0,80.6,78.9,76.8,76.1,78.1,78.0,78.0,75.9,79.4,76.9,78.1,78.1,77.8,78.2,77.8,76.8,79.2,77.6,80.7,80.6,78.2,78.0,76.4,77.7,78.4,75.8,75.7,76.5,76.0,75.4,78.1,73.7,80.2,75.2,79.4,75.6,80.7,79.2,81.4,75.7,79.2,79.1,85.7,80.4,79.7,80.5,82.9,76.1,75.3,77.0,77.0,78.8,79.4,76.5,76.9,80.7,78.5,83.1,82.7,76.8,81.1,76.6,77.5,77.4,78.5,81.7,80.3,81.8,83.1,77.0,77.4,76.7,76.7,79.8,79.4,79.0,75.7,70.2,75.3,76.2,75.3
6138,75.5,70.5,69.7,80.5,78.0,77.9,78.4,76.1,73.6,73.7,74.6,75.7,74.0,73.7,76.9,74.2,75.2,73.1,74.2,73.5,75.3,73.8,76.6,74.8,78.4,78.0,76.2,75.3,73.8,75.1,76.0,72.5,73.2,73.9,74.0,73.1,73.9,69.4,78.1,71.6,77.4,70.6,78.5,76.7,76.6,71.3,76.5,75.1,80.4,78.1,77.4,77.4,80.4,70.0,73.2,73.8,75.0,76.6,77.8,72.6,73.8,78.7,74.2,78.4,79.9,72.2,76.8,74.5,74.4,74.0,75.9,79.4,76.2,79.9,77.8,74.2,73.2,73.0,74.0,77.6,76.9,76.4,72.9,67.5,73.4,73.5,72.4
6139,71.2,66.2,65.0,76.3,74.4,74.7,75.0,71.5,70.3,70.5,70.7,72.0,70.0,70.8,73.3,70.5,69.9,67.1,70.2,69.4,71.3,70.0,72.4,70.2,73.5,73.0,74.2,71.3,69.8,71.6,72.1,68.5,68.5,70.1,70.6,68.6,69.9,65.3,74.1,67.4,74.7,66.3,73.8,71.7,72.4,67.2,72.1,69.7,76.0,71.9,73.4,74.0,75.5,65.5,69.9,69.2,70.5,72.3,74.3,67.7,70.8,73.1,68.3,72.0,75.3,65.7,71.1,71.9,70.6,69.5,71.2,74.4,71.0,74.5,71.8,68.8,68.8,68.7,70.5,72.4,72.2,71.4,64.2,65.0,69.5,69.8,66.9
6140,68.7,63.5,62.8,72.5,71.9,72.5,72.9,69.0,68.7,69.0,68.7,69.8,68.2,69.0,70.9,68.8,67.3,64.4,68.2,67.4,69.1,67.8,70.5,68.1,69.9,70.2,72.6,69.2,67.3,69.5,69.6,67.0,65.8,67.7,68.2,66.0,67.9,63.1,70.9,64.8,72.0,64.6,70.0,68.2,70.1,64.8,68.9,66.8,72.7,67.0,70.1,71.7,71.1,63.5,67.1,66.0,67.1,69.6,70.5,65.6,67.8,67.5,64.4,68.1,71.5,62.6,67.9,70.3,68.8,67.6,68.2,70.3,68.3,70.7,68.2,65.5,66.8,66.9,68.6,68.5,69.3,67.6,60.2,63.5,66.9,67.4,64.1
6141,66.4,61.9,61.0,70.0,70.1,71.0,71.3,67.6,67.4,67.8,67.2,68.2,66.8,67.6,69.5,67.5,65.8,62.3,66.7,66.1,67.7,66.7,69.1,67.0,68.0,68.9,71.0,67.6,65.9,68.5,68.2,66.1,64.4,66.0,67.0,64.5,66.2,61.4,68.8,62.9,70.0,63.1,67.8,66.0,68.0,63.0,66.4,64.3,70.0,64.1,67.5,69.1,68.4,62.0,65.4,63.2,65.0,67.4,67.4,64.1,65.7,64.3,62.0,64.5,69.0,60.3,65.4,69.0,67.6,66.5,66.1,67.8,65.8,68.5,65.6,63.3,65.6,65.6,67.2,66.5,67.6,65.5,59.4,62.1,65.1,65.9,62.4
6142,64.6,60.5,59.6,68.3,68.5,69.7,69.8,66.4,66.4,67.0,66.0,67.1,65.6,66.7,68.2,66.6,64.8,60.6,65.7,65.1,66.5,65.7,68.0,66.0,66.5,67.7,69.9,66.5,64.6,67.5,67.0,65.5,63.0,64.4,65.6,63.5,64.9,59.7,67.2,61.2,68.7,62.0,66.2,64.8,66.1,61.8,64.3,62.0,66.7,62.1,65.6,66.8,66.5,60.5,64.3,60.8,63.9,66.0,65.3,62.9,63.8,62.1,60.3,61.6,66.7,58.3,63.0,67.9,66.5,65.4,64.5,66.1,63.4,67.0,62.8,61.8,64.7,64.6,66.2,65.3,66.3,64.0,59.1,61.1,63.8,64.8,61.2
6143,62.6,59.3,58.5,66.9,67.2,68.7,68.7,65.5,65.6,66.0,65.0,66.0,64.7,65.9,67.2,65.7,63.9,59.0,64.7,64.3,65.4,64.8,67.2,65.2,65.2,66.6,69.0,65.6,63.7,66.6,66.1,64.8,61.8,63.3,64.6,62.6,63.8,58.2,66.1,59.6,67.3,61.0,64.7,63.3,64.4,60.5,62.0,59.9,63.0,60.1,64.3,64.3,64.9,59.2,62.8,58.7,62.7,64.9,63.6,61.6,62.1,60.4,58.9,59.1,64.4,56.7,60.7,67.2,65.7,64.4,63.1,64.5,61.8,65.4,60.1,60.0,63.7,63.7,65.4,64.0,65.4,62.5,58.6,60.3,62.7,63.8,60.2
6144,60.8,58.1,57.5,65.6,66.1,67.8,67.7,64.5,64.9,65.2,64.1,65.1,64.0,65.1,66.3,64.9,63.1,57.5,63.8,63.4,64.5,64.0,66.6,64.3,64.2,65.6,68.2,64.6,62.9,65.9,65.0,64.2,61.0,62.3,63.7,61.5,63.0,57.1,65.0,58.2,66.1,60.2,63.5,62.2,62.6,59.2,60.2,58.5,60.2,58.7,62.8,61.8,63.6,58.2,61.8,56.8,61.6,63.6,62.4,60.3,61.0,59.0,57.3,56.9,62.3,54.9,58.5,66.4,64.8,63.5,61.7,63.2,59.8,64.0,58.0,58.4,62.8,62.9,64.6,63.1,64.3,61.0,58.0,59.4,61.8,62.8,59.4
6145,59.5,57.1,56.4,64.3,65.4,66.8,66.8,63.9,64.1,64.4,63.3,64.4,63.4,64.4,65.5,64.4,62.4,56.1,63.1,62.7,63.8,63.5,65.8,63.4,63.2,64.7,67.3,63.9,62.2,65.1,64.4,63.5,60.3,61.5,62.8,60.6,62.3,56.2,64.1,56.8,65.1,59.7,62.4,61.0,61.0,58.2,58.6,56.8,57.7,56.9,61.6,59.8,62.0,57.2,60.7,55.3,60.2,62.4,61.0,58.9,59.5,57.5,55.6,54.9,60.3,53.4,56.5,65.5,64.0,62.6,60.1,61.8,58.5,62.4,56.5,56.8,62.1,62.3,64.1,62.2,63.5,59.8,57.4,58.7,61.0,62.2,58.7
6146,58.1,56.0,55.4,63.2,64.6,65.9,65.8,63.1,63.5,63.8,62.6,63.8,62.7,63.8,64.7,63.7,61.7,54.6,62.5,62.1,63.1,63.0,65.0,62.7,62.4,64.0,66.6,63.1,61.5,64.4,63.7,62.9,59.6,60.7,62.1,60.0,61.6,55.2,63.3,55.9,64.1,58.9,61.3,60.1,59.6,57.2,57.0,55.5,55.6,55.5,60.4,58.0,60.4,56.1,59.5,53.9,59.3,61.3,59.8,57.9,58.3,56.1,54.6,53.0,58.6,52.0,54.5,64.9,63.4,62.1,58.6,60.9,57.0,61.2,55.0,55.3,61.7,61.6,63.4,61.4,62.8,58.7,56.7,58.2,60.1,61.4,58.0
6147,56.9,54.9,54.6,62.2,64.0,65.3,65.1,62.4,62.8,63.1,62.0,63.2,62.1,63.1,64.2,63.1,61.3,53.6,61.8,61.5,62.6,62.4,64.3,61.9,61.6,63.4,65.9,62.4,61.0,63.9,63.0,62.3,58.9,60.0,61.4,59.4,61.0,54.3,62.5,54.6,63.1,58.1,60.4,58.6,58.5,56.4,55.8,54.3,54.0,53.9,59.5,56.7,59.0,55.1,58.3,52.9,58.4,60.5,58.7,56.6,57.3,55.0,53.6,51.5,57.3,51.0,52.6,64.0,62.6,61.5,57.4,60.0,55.6,60.0,53.6,54.1,61.2,60.9,62.8,60.5,62.1,57.8,55.8,57.6,59.3,60.7,57.3
6148,55.7,54.3,53.7,61.2,63.2,64.7,64.5,61.7,62.3,62.6,61.5,62.6,61.5,62.5,63.7,62.7,60.8,52.6,61.3,61.0,62.0,61.8,63.8,61.2,61.0,62.8,65.3,61.8,60.3,63.3,62.5,61.9,58.3,59.4,60.7,58.8,60.3,53.5,61.7,53.5,62.4,57.6,59.7,57.5,57.2,55.4,54.6,53.3,52.5,52.4,58.7,55.2,57.6,54.2,57.4,52.0,57.5,59.9,57.7,55.3,55.9,53.8,52.6,50.0,55.9,49.9,51.2,63.4,62.0,61.2,56.2,59.3,54.5,59.0,52.5,52.8,60.8,60.3,62.2,59.7,61.4,56.9,54.6,57.1,58.7,60.0,56.7
6149,54.6,53.9,53.0,60.5,62.6,64.2,64.0,61.2,61.7,62.0,61.3,62.0,61.1,62.0,63.1,62.1,60.5,51.8,61.0,60.6,61.7,61.3,63.2,60.8,60.3,62.3,64.8,61.2,59.8,62.9,62.0,61.6,57.8,58.6,60.2,58.2,59.9,52.9,61.2,52.7,61.5,57.2,59.0,56.6,56.1,54.2,53.9,52.3,51.4,51.5,57.7,53.9,56.4,53.5,56.5,50.9,56.8,59.0,56.6,54.2,55.0,52.8,51.7,48.7,55.0,48.9,49.5,62.9,61.5,60.8,54.9,58.5,53.4,58.2,51.5,52.0,60.3,59.8,61.7,58.9,60.8,56.0,53.7,56.8,58.2,59.5,56.3
6150,54.2,53.5,53.0,59.7,62.1,63.7,63.4,60.7,61.3,61.7,61.1,61.6,61.0,61.6,62.6,61.7,60.1,51.4,60.7,60.7,61.1,60.9,62.9,60.2,59.5,61.8,64.3,60.8,59.4,62.7,61.6,61.2,57.3,58.2,59.7,58.0,59.4,52.8,60.6,52.2,60.7,57.3,58.3,55.9,55.6,53.7,53.1,52.1,50.7,50.5,56.9,53.2,55.6,53.5,55.7,50.6,55.9,58.6,55.9,53.6,54.7,51.4,51.4,47.7,54.0,48.4,48.2,62.4,61.1,60.6,54.0,57.7,52.9,57.4,51.0,50.8,60.1,59.6,61.4,58.4,60.2,55.1,52.8,56.9,57.6,59.0,55.9
6151,58.9,57.2,57.3,59.5,62.7,64.0,64.2,61.7,62.9,63.0,63.9,62.8,63.6,62.4,63.3,63.3,61.7,56.6,63.0,63.9,62.3,62.0,64.1,60.8,59.9,62.3,65.1,61.7,61.2,64.1,62.6,63.4,57.9,59.3,60.4,59.1,62.4,56.4,60.3,56.4,62.0,61.4,58.4,58.3,59.3,58.0,56.0,58.0,59.0,51.5,58.0,56.1,58.0,57.2,56.0,54.5,56.2,59.8,55.5,57.4,57.4,51.0,55.8,54.8,55.4,53.3,51.8,63.3,63.8,63.2,56.6,57.5,57.5,59.8,58.2,51.7,63.5,62.4,62.5,58.6,60.5,55.1,53.7,59.2,57.9,59.9,57.2
6152,64.3,62.2,63.0,63.4,65.5,66.6,67.0,65.1,66.4,65.9,67.3,65.6,67.2,65.2,66.4,66.7,65.5,62.1,66.6,67.7,65.6,65.5,67.5,63.9,63.3,65.9,67.3,65.0,64.6,67.3,65.6,66.3,60.9,62.6,62.6,62.1,66.1,61.2,63.3,61.8,64.8,66.4,61.7,62.7,64.0,63.9,60.2,64.6,67.6,58.1,64.6,60.8,63.9,61.8,58.7,60.0,60.6,63.7,58.9,61.7,60.2,55.1,61.4,63.4,58.6,60.4,58.3,66.0,67.7,66.4,62.6,61.6,62.9,65.8,65.3,59.5,67.4,65.9,65.7,61.8,63.6,58.5,59.3,62.4,60.7,63.3,60.9
6153,69.4,66.5,67.5,68.5,69.2,69.8,70.4,68.8,69.9,68.9,70.9,69.3,70.6,68.1,69.9,70.1,69.3,65.8,70.3,71.7,69.0,69.4,71.1,67.6,67.5,69.4,70.2,68.7,68.1,70.6,68.9,69.4,64.4,66.5,65.5,65.4,70.0,65.6,67.5,66.0,68.0,70.2,66.3,66.9,68.6,68.9,65.0,69.1,74.5,65.1,70.2,66.1,69.5,66.4,62.6,65.0,65.1,67.6,63.3,65.9,63.6,60.6,65.7,70.3,62.7,65.5,63.7,69.0,71.0,69.8,68.2,67.0,67.8,70.3,70.5,65.2,71.5,69.6,68.8,65.9,67.3,62.7,63.9,65.5,64.1,67.1,64.8
6154,73.7,70.5,71.2,72.9,72.5,72.9,73.8,72.3,73.0,71.4,73.8,72.7,73.6,70.8,73.0,73.0,72.6,69.4,73.6,75.1,72.1,72.3,74.1,70.8,71.4,73.0,73.0,72.2,71.3,73.5,72.4,72.0,68.1,69.9,68.5,68.6,73.3,69.3,71.5,69.4,71.1,73.1,70.4,70.2,72.9,72.5,69.7,72.8,79.1,70.6,74.3,71.1,74.4,70.3,66.9,69.1,69.0,71.3,67.2,69.4,67.4,65.5,69.4,75.1,67.0,69.6,68.3,71.6,73.8,72.9,72.9,71.4,72.1,73.8,74.4,69.7,74.5,72.7,71.7,69.9,71.2,67.2,66.9,67.7,67.3,70.5,68.3
6155,77.3,73.5,74.0,76.5,75.3,75.7,76.4,74.9,75.3,73.6,76.1,75.2,75.8,72.9,75.7,75.2,75.2,72.5,75.6,77.1,74.5,74.5,76.3,73.3,74.9,75.7,75.2,74.5,73.8,75.7,74.9,74.3,70.7,72.6,71.2,71.4,76.1,72.3,74.7,72.4,73.9,75.6,74.0,73.0,76.5,75.0,73.5,75.9,82.6,74.6,77.2,75.7,78.1,73.7,70.3,72.5,72.2,74.1,70.6,72.2,70.7,69.6,72.6,78.5,71.3,72.9,72.4,73.7,75.8,75.1,76.3,75.0,75.7,76.6,77.6,73.1,76.6,74.8,73.9,73.2,74.0,71.3,69.5,69.7,70.0,73.1,71.0
6156,80.1,75.8,76.1,79.3,77.6,77.9,78.6,77.0,76.9,75.2,77.8,76.9,77.6,74.6,77.6,76.8,77.1,75.2,77.6,78.6,76.5,76.1,78.1,75.3,77.6,77.9,76.8,76.4,75.6,77.2,77.0,75.9,72.9,74.6,73.2,73.4,78.2,74.7,77.3,75.0,76.3,77.4,77.0,75.6,79.3,77.1,76.4,78.1,85.4,77.6,79.0,78.9,80.9,76.1,72.8,74.9,74.3,76.3,73.5,74.5,73.6,73.1,75.3,81.1,75.3,75.5,76.0,75.2,77.3,76.9,78.6,77.7,78.4,79.1,80.2,75.7,78.1,76.5,75.7,76.1,76.6,74.4,72.2,71.1,72.3,75.0,73.0
6157,82.2,77.4,77.5,81.4,79.3,79.4,80.2,78.4,78.1,76.5,79.0,78.2,78.8,75.9,79.0,77.8,78.3,77.4,78.7,79.9,77.9,77.2,79.2,77.0,80.0,79.6,78.1,77.8,76.8,78.5,78.3,77.0,74.7,76.0,74.6,74.7,79.7,76.3,79.2,76.6,78.5,78.7,79.1,78.0,81.6,78.3,78.5,79.7,87.4,79.5,80.2,81.1,82.9,78.1,74.3,76.5,75.6,77.9,75.7,76.2,76.0,75.8,77.5,82.8,78.6,77.3,78.8,76.4,78.5,78.0,79.9,80.0,80.4,80.7,82.1,77.3,79.1,77.7,76.9,78.4,78.4,76.9,74.1,71.9,73.9,76.3,74.4
6158,83.2,78.2,78.3,82.9,80.4,80.5,81.2,79.5,78.7,77.3,79.6,78.9,79.7,76.6,79.9,78.4,79.0,78.8,79.6,80.4,78.6,77.8,80.0,78.1,81.3,80.9,78.9,78.6,77.5,78.9,79.1,77.8,76.0,76.8,75.7,75.7,80.5,77.0,80.4,77.5,79.8,79.0,80.8,79.1,82.9,78.8,79.7,80.4,88.0,80.7,80.9,82.1,83.9,79.3,75.2,77.7,76.6,78.9,77.6,77.4,77.5,77.9,79.1,83.9,81.3,78.3,80.9,77.4,79.1,78.8,80.5,81.3,81.8,81.7,83.5,78.3,79.8,78.6,77.6,79.7,79.6,78.6,75.6,72.6,75.2,77.1,75.6
6159,83.5,78.2,78.3,83.7,81.0,80.9,81.7,79.9,79.0,77.4,79.8,79.3,79.9,76.8,80.3,78.5,79.3,79.6,79.7,80.6,78.8,78.2,80.3,78.8,81.9,81.3,79.0,79.0,77.6,79.1,79.4,77.7,76.5,77.3,76.3,76.1,80.8,77.0,80.7,77.5,80.5,78.8,81.4,79.9,83.4,78.5,80.3,80.7,88.1,81.1,80.9,82.3,84.1,79.4,75.6,78.2,77.3,79.4,78.7,77.7,78.2,79.4,79.8,84.5,82.8,78.5,81.9,77.5,79.1,79.1,80.2,82.0,82.3,82.2,84.1,78.4,79.9,78.6,77.9,80.5,80.3,79.4,76.2,72.6,75.9,77.3,76.1
6160,82.7,77.3,77.8,83.5,80.7,80.7,81.4,79.7,78.2,76.9,79.5,78.8,79.3,76.4,80.0,78.0,79.0,79.2,79.2,80.1,78.5,77.6,79.9,78.5,81.8,81.2,78.8,78.7,77.1,78.5,79.0,77.1,76.4,77.2,76.3,76.0,80.1,75.8,80.7,76.7,80.3,77.8,81.4,79.7,83.0,77.4,79.8,80.0,87.2,81.0,80.5,81.6,83.8,78.4,75.5,78.0,77.0,79.2,79.1,77.4,77.9,80.2,79.7,83.9,83.0,78.0,82.0,77.2,78.6,78.6,79.6,82.1,81.7,82.1,83.9,77.8,79.2,78.1,77.4,80.6,80.3,79.6,76.2,71.7,75.8,77.0,76.0
6161,80.6,74.9,75.4,82.5,79.7,79.6,80.3,78.6,76.5,75.7,78.0,77.8,77.9,75.5,79.0,76.6,77.7,77.5,77.7,78.1,77.4,76.4,78.8,77.3,80.5,80.3,77.9,77.5,76.1,77.4,78.0,75.5,75.5,76.2,75.6,75.0,77.8,73.4,79.8,75.1,79.2,75.2,80.4,78.6,81.1,75.4,78.8,78.3,85.1,80.0,79.4,79.8,82.6,76.0,74.7,76.5,76.5,78.3,78.7,76.0,76.4,80.1,78.2,82.4,82.1,76.2,80.4,76.2,77.3,77.3,78.2,81.2,80.0,81.3,82.3,76.4,77.4,76.5,76.3,79.6,79.1,78.8,75.2,70.0,75.2,75.9,74.9
6162,75.3,70.3,69.3,80.2,77.6,77.4,78.0,75.8,73.3,73.3,74.4,75.3,73.7,73.3,76.5,73.8,74.8,72.5,74.1,73.3,74.9,73.5,76.2,74.6,78.1,77.6,75.8,74.9,73.4,74.8,75.5,72.1,73.0,73.5,73.6,72.7,73.6,69.1,77.5,71.4,77.2,70.1,78.2,76.1,76.3,71.0,76.0,74.2,79.7,77.5,77.1,76.6,80.0,69.7,72.7,73.2,74.5,76.0,77.1,72.0,73.3,78.0,73.8,77.6,79.3,71.5,76.1,74.1,74.2,73.7,75.6,79.0,75.9,79.4,76.9,73.7,73.0,72.7,73.6,77.4,76.6,76.2,72.3,67.2,73.2,73.2,72.1
6163,70.9,66.0,64.7,75.9,74.0,74.2,74.7,71.2,70.0,70.2,70.5,71.6,69.7,70.5,73.0,70.2,69.6,66.6,70.0,69.2,70.9,69.6,72.0,69.9,73.1,72.7,73.9,70.9,69.3,71.3,71.7,68.2,68.3,69.7,70.2,68.2,69.6,65.1,73.5,67.3,74.4,65.8,73.5,71.1,72.1,67.0,71.7,69.1,75.5,71.4,73.0,73.3,75.0,65.3,69.4,68.5,69.9,71.7,73.6,67.2,70.3,72.4,67.9,71.4,74.6,65.0,70.5,71.5,70.4,69.2,70.8,73.9,70.8,74.0,71.1,68.3,68.5,68.4,70.1,72.2,71.8,71.2,63.4,64.7,69.2,69.4,66.6
6164,68.4,63.3,62.6,72.2,71.5,72.2,72.6,68.6,68.4,68.6,68.5,69.4,68.0,68.7,70.7,68.5,67.1,64.1,68.0,67.2,68.7,67.5,70.1,67.7,69.7,70.0,72.3,68.9,66.9,69.2,69.3,66.8,65.6,67.4,68.0,65.8,67.6,62.8,70.4,64.6,71.7,64.1,69.7,67.7,69.9,64.5,68.4,66.2,72.1,66.3,69.8,71.1,70.7,63.3,66.6,65.4,66.6,69.1,69.9,65.2,67.3,66.9,64.0,67.6,71.0,62.0,67.4,70.0,68.5,67.3,67.7,70.0,68.1,70.3,67.6,65.2,66.6,66.6,68.4,68.3,69.0,67.5,59.6,63.1,66.6,67.0,63.8
6165,66.1,61.7,60.8,69.8,69.7,70.7,71.0,67.3,67.3,67.5,67.0,67.9,66.5,67.3,69.2,67.2,65.5,62.0,66.6,65.9,67.4,66.5,68.7,66.7,67.8,68.6,70.7,67.3,65.5,68.2,68.0,65.8,64.2,65.7,66.6,64.3,65.8,61.1,68.4,62.7,69.8,62.6,67.5,65.5,67.8,62.8,65.9,63.6,69.4,63.6,67.1,68.5,67.9,61.9,64.9,62.7,64.5,66.9,66.8,63.7,65.2,63.8,61.7,63.9,68.5,59.8,64.9,68.7,67.3,66.2,65.7,67.6,65.6,68.0,65.1,63.0,65.4,65.4,66.9,66.4,67.3,65.4,58.9,61.8,64.9,65.6,62.1
6166,64.3,60.3,59.4,68.1,68.1,69.4,69.5,66.1,66.3,66.5,65.8,66.8,65.5,66.4,67.9,66.3,64.5,60.2,65.5,64.9,66.2,65.4,67.7,65.8,66.3,67.4,69.6,66.2,64.2,67.2,66.7,65.3,62.8,64.0,65.3,63.2,64.6,59.4,67.0,60.9,68.4,61.7,66.0,64.3,65.8,61.6,63.8,61.4,66.3,61.7,65.2,66.2,66.1,60.4,63.7,60.3,63.4,65.6,64.7,62.5,63.4,61.6,60.0,61.1,66.2,57.8,62.5,67.7,66.3,65.0,64.1,65.9,63.2,66.5,62.3,61.5,64.5,64.4,65.9,65.2,66.2,63.9,58.6,60.8,63.6,64.5,61.0
6167,62.4,59.0,58.2,66.6,66.9,68.4,68.4,65.3,65.4,65.6,64.8,65.8,64.5,65.6,66.9,65.5,63.6,58.7,64.5,64.1,65.1,64.6,66.9,64.9,65.0,66.3,68.7,65.3,63.4,66.4,65.8,64.6,61.6,62.9,64.3,62.3,63.5,58.0,65.8,59.3,67.0,60.6,64.5,62.9,64.1,60.2,61.5,59.2,62.6,59.7,63.9,63.8,64.5,59.1,62.3,58.2,62.2,64.3,63.2,61.2,61.7,59.9,58.5,58.5,63.9,56.3,60.2,66.8,65.5,64.1,62.7,64.3,61.6,65.0,59.7,59.8,63.5,63.5,65.1,64.0,65.2,62.4,58.1,60.0,62.4,63.5,60.0
6168,60.6,57.8,57.3,65.3,65.8,67.5,67.4,64.3,64.6,64.8,63.9,64.9,63.7,64.8,66.0,64.6,62.8,57.2,63.6,63.2,64.3,63.8,66.2,64.0,64.0,65.3,67.9,64.2,62.7,65.7,64.8,64.0,60.9,62.0,63.4,61.2,62.6,56.9,64.7,57.9,65.8,59.8,63.3,61.7,62.3,58.9,59.7,57.9,59.8,58.2,62.5,61.3,63.1,58.1,61.3,56.4,61.0,63.1,62.0,59.9,60.6,58.5,57.0,56.4,61.8,54.6,58.1,66.0,64.6,63.1,61.3,63.0,59.6,63.5,57.5,58.1,62.6,62.6,64.3,63.0,64.1,61.0,57.4,59.2,61.6,62.5,59.3
6169,59.3,56.8,56.1,64.0,65.2,66.5,66.5,63.6,63.8,64.1,63.0,64.1,63.0,64.2,65.2,64.1,62.1,55.8,62.9,62.5,63.5,63.2,65.5,63.2,63.0,64.5,67.0,63.6,61.9,64.9,64.1,63.2,60.2,61.1,62.5,60.3,62.0,55.9,63.8,56.4,64.7,59.2,62.1,60.6,60.9,58.0,58.1,56.2,57.4,56.4,61.2,59.4,61.5,57.0,60.2,54.9,59.7,61.9,60.6,58.5,59.2,57.0,55.3,54.6,59.9,53.0,56.0,65.3,63.8,62.3,59.8,61.6,58.2,61.9,56.1,56.5,61.9,62.0,63.9,62.1,63.3,59.7,56.9,58.5,60.9,61.8,58.5
6170,57.9,55.6,55.1,62.9,64.4,65.6,65.5,62.9,63.2,63.5,62.3,63.5,62.4,63.5,64.4,63.4,61.5,54.3,62.2,61.8,62.8,62.7,64.7,62.5,62.2,63.8,66.3,62.8,61.1,64.2,63.4,62.6,59.5,60.4,61.8,59.7,61.2,55.0,63.1,55.6,63.8,58.4,61.1,59.8,59.6,57.0,56.6,55.0,55.3,55.2,60.1,57.5,59.8,56.0,59.1,53.6,58.8,60.9,59.5,57.4,58.0,55.7,54.3,52.7,58.2,51.7,54.0,64.6,63.1,61.7,58.2,60.7,56.7,60.7,54.6,55.1,61.4,61.3,63.2,61.3,62.6,58.5,56.3,57.9,60.0,61.1,57.9
6171,56.6,54.7,54.3,61.9,63.7,65.0,64.8,62.2,62.5,62.8,61.7,62.9,61.8,62.8,63.9,62.8,61.0,53.4,61.6,61.3,62.3,62.2,64.0,61.7,61.4,63.2,65.5,62.1,60.7,63.7,62.7,62.1,58.7,59.8,61.1,59.1,60.7,54.1,62.2,54.3,62.8,57.7,60.2,58.3,58.3,56.2,55.4,53.8,53.7,53.5,59.2,56.2,58.5,54.9,57.9,52.5,58.1,60.1,58.4,56.2,56.9,54.6,53.4,51.2,56.9,50.6,52.1,63.8,62.3,61.2,57.1,59.7,55.3,59.6,53.3,53.9,61.0,60.7,62.6,60.4,62.0,57.6,55.4,57.4,59.2,60.3,57.2
6172,55.3,54.0,53.4,60.9,63.0,64.4,64.2,61.5,62.1,62.2,61.2,62.3,61.2,62.2,63.4,62.4,60.5,52.4,61.0,60.7,61.8,61.6,63.5,61.1,60.8,62.5,64.9,61.5,60.0,63.1,62.2,61.6,58.2,59.1,60.4,58.6,60.0,53.3,61.4,53.2,62.0,57.2,59.4,57.2,57.0,55.1,54.3,52.8,52.2,52.1,58.4,54.8,57.1,53.9,57.1,51.6,57.2,59.5,57.4,54.9,55.6,53.5,52.4,49.7,55.6,49.6,50.8,63.2,61.7,60.8,55.9,59.0,54.2,58.6,52.1,52.5,60.5,60.1,62.0,59.5,61.3,56.7,54.2,56.9,58.6,59.7,56.6
6173,54.3,53.5,52.7,60.1,62.4,63.9,63.6,61.0,61.6,61.7,61.0,61.7,60.8,61.7,62.9,61.8,60.2,51.6,60.7,60.3,61.3,61.1,63.0,60.6,60.1,62.1,64.4,61.0,59.5,62.8,61.7,61.4,57.6,58.3,59.9,57.9,59.6,52.6,60.8,52.4,61.1,56.8,58.7,56.4,56.0,54.1,53.6,51.8,51.1,51.2,57.5,53.6,55.9,53.2,56.2,50.5,56.4,58.6,56.4,53.8,54.7,52.5,51.5,48.3,54.6,48.6,49.2,62.6,61.1,60.5,54.6,58.2,53.1,57.9,51.2,51.7,60.0,59.5,61.4,58.7,60.6,55.8,53.4,56.6,58.0,59.2,56.1
6174,53.9,53.2,52.7,59.3,61.9,63.4,63.1,60.5,61.1,61.3,60.8,61.4,60.6,61.3,62.4,61.3,59.9,51.2,60.4,60.3,60.9,60.7,62.6,60.0,59.2,61.6,64.0,60.6,59.1,62.5,61.3,60.9,57.1,57.9,59.5,57.7,59.0,52.5,60.2,51.9,60.4,56.9,58.0,55.7,55.5,53.6,52.9,51.6,50.4,50.1,56.5,52.8,55.1,53.1,55.4,50.2,55.6,58.2,55.6,53.3,54.4,51.2,51.2,47.1,53.7,48.1,47.9,62.1,60.7,60.2,53.7,57.4,52.5,57.3,50.6,50.6,59.8,59.3,61.0,58.2,59.9,54.8,52.5,56.6,57.5,58.7,55.7
6175,58.7,56.9,57.1,59.1,62.4,63.7,63.9,61.4,62.7,62.6,63.6,62.5,63.3,62.0,63.0,63.0,61.4,56.3,62.8,63.5,62.0,61.7,63.7,60.5,59.6,62.1,64.7,61.4,60.9,63.9,62.3,63.2,57.6,58.9,60.0,58.8,62.0,56.1,59.9,56.0,61.6,61.0,58.0,58.0,59.2,57.9,55.7,57.3,58.5,51.1,57.6,55.6,57.6,56.9,55.7,54.1,55.9,59.5,55.2,57.0,57.0,50.8,55.5,54.2,55.0,53.0,51.4,63.0,63.4,62.8,56.2,57.2,57.2,59.6,57.6,51.4,63.2,62.1,62.2,58.2,60.2,54.8,53.3,59.0,57.7,59.6,57.0
6176,64.2,62.0,62.8,63.0,65.2,66.4,66.7,64.9,66.0,65.5,67.0,65.3,66.9,64.8,66.1,66.4,65.2,61.7,66.4,67.4,65.3,65.3,67.2,63.6,63.0,65.6,67.0,64.7,64.3,67.0,65.3,66.1,60.7,62.3,62.4,61.9,65.7,61.0,62.9,61.4,64.5,66.1,61.3,62.4,63.9,63.8,59.7,63.9,67.0,57.7,64.2,60.3,63.5,61.4,58.3,59.6,60.1,63.3,58.5,61.3,59.8,54.7,61.0,62.8,58.2,59.9,57.8,65.6,67.3,66.2,62.3,61.2,62.7,65.5,64.8,59.2,67.1,65.6,65.3,61.5,63.4,58.2,58.8,62.1,60.4,63.0,60.7
6177,69.4,66.3,67.4,68.2,68.9,69.5,70.1,68.5,69.6,68.5,70.6,68.9,70.4,67.8,69.5,69.8,69.0,65.4,70.1,71.4,68.7,69.2,70.7,67.4,67.1,69.1,69.8,68.3,67.8,70.3,68.6,69.1,64.3,66.3,65.2,65.2,69.6,65.3,67.2,65.6,67.6,69.9,66.0,66.5,68.6,68.8,64.5,68.3,73.8,64.6,69.8,65.5,69.2,66.0,62.1,64.6,64.5,67.0,62.8,65.5,63.1,60.0,65.3,69.6,62.2,64.9,63.1,68.6,70.7,69.5,67.9,66.6,67.5,69.9,69.9,64.6,71.1,69.3,68.5,65.7,67.1,62.5,63.4,65.2,63.9,66.8,64.6
6178,73.8,70.3,71.0,72.6,72.2,72.6,73.4,72.0,72.6,71.1,73.6,72.4,73.4,70.4,72.7,72.7,72.3,68.9,73.4,74.8,71.8,72.0,73.8,70.6,71.1,72.6,72.6,71.8,71.0,73.1,72.1,71.7,68.0,69.7,68.3,68.5,73.0,68.9,71.2,69.0,70.7,72.9,70.2,69.7,72.9,72.3,69.2,72.0,78.4,70.0,73.9,70.4,74.1,70.0,66.3,68.7,68.5,70.6,66.7,69.0,66.9,64.9,69.0,74.4,66.5,69.1,67.7,71.3,73.4,72.6,72.7,71.1,71.8,73.4,73.8,69.2,74.2,72.4,71.4,69.8,71.1,67.0,66.4,67.4,67.1,70.3,68.2
6179,77.3,73.3,73.8,76.2,75.1,75.4,76.1,74.7,74.9,73.3,75.9,74.9,75.6,72.7,75.3,75.0,74.9,72.0,75.4,76.8,74.3,74.3,76.0,73.2,74.7,75.4,74.9,74.3,73.6,75.3,74.7,73.9,70.6,72.4,71.1,71.3,75.7,72.0,74.5,72.0,73.6,75.3,73.9,72.5,76.4,74.9,72.9,75.1,81.9,73.9,76.8,75.0,77.7,73.4,69.7,72.0,71.6,73.6,70.1,71.8,70.2,69.0,72.2,77.8,70.7,72.3,71.7,73.4,75.5,74.8,76.0,74.8,75.4,76.2,76.9,72.5,76.3,74.6,73.6,73.2,73.9,71.2,69.0,69.4,69.9,72.9,71.0
6180,80.1,75.6,75.9,79.1,77.4,77.6,78.3,76.7,76.6,75.0,77.6,76.6,77.3,74.3,77.3,76.6,76.8,74.7,77.4,78.3,76.2,75.9,77.7,75.2,77.5,77.7,76.6,76.1,75.4,76.7,76.8,75.6,72.9,74.5,73.2,73.4,77.8,74.3,77.1,74.6,75.9,77.2,76.9,75.1,79.1,76.8,75.8,77.4,84.6,76.9,78.6,78.1,80.6,75.9,72.1,74.4,73.7,75.6,72.9,74.1,73.0,72.4,74.9,80.3,74.8,75.0,75.3,75.0,77.0,76.6,78.3,77.6,78.1,78.6,79.4,75.1,77.8,76.3,75.4,76.1,76.5,74.3,71.7,70.8,72.2,74.9,73.0
6181,82.1,77.2,77.3,81.2,79.1,79.2,79.9,78.2,77.8,76.3,78.8,77.9,78.6,75.6,78.7,77.6,78.1,76.9,78.5,79.5,77.7,77.0,78.9,76.9,79.8,79.5,77.9,77.6,76.7,77.9,78.2,76.6,74.7,76.0,74.7,74.7,79.4,76.0,79.0,76.1,78.0,78.4,79.1,77.4,81.4,77.9,77.8,79.0,86.5,78.8,79.9,80.2,82.6,77.9,73.6,76.1,74.9,77.2,75.0,75.8,75.5,75.1,77.0,82.0,78.0,76.7,78.1,76.3,78.2,77.7,79.6,79.9,80.1,80.1,81.2,76.6,78.8,77.5,76.7,78.4,78.2,76.9,73.6,71.6,73.9,76.2,74.5
6182,82.9,77.9,78.1,82.6,80.2,80.2,81.0,79.3,78.4,77.2,79.4,78.6,79.3,76.4,79.6,78.3,78.8,78.3,79.3,80.0,78.5,77.7,79.8,78.0,81.1,80.7,78.7,78.4,77.4,78.5,78.9,77.4,76.0,76.8,75.7,75.7,80.2,76.6,80.3,77.1,79.3,78.8,80.6,78.4,82.5,78.4,79.0,79.7,87.2,80.1,80.6,81.2,83.7,79.2,74.4,77.3,75.9,78.2,76.9,76.9,77.0,77.2,78.6,83.1,80.7,77.7,80.2,77.2,78.7,78.5,80.3,81.2,81.5,81.1,82.6,77.7,79.4,78.4,77.4,79.7,79.5,78.7,75.0,72.2,75.2,77.0,75.7
6183,83.2,77.9,78.1,83.4,80.8,80.6,81.5,79.6,78.7,77.3,79.5,79.0,79.5,76.6,80.1,78.4,79.1,79.0,79.3,80.1,78.6,78.1,80.1,78.6,81.7,81.0,78.9,78.7,77.5,78.7,79.2,77.3,76.5,77.3,76.4,76.2,80.5,76.5,80.6,77.2,80.0,78.5,81.3,79.2,83.0,78.2,79.7,79.9,87.3,80.4,80.7,81.4,83.8,79.2,74.9,77.7,76.4,78.5,78.0,77.2,77.6,78.8,79.3,83.6,82.1,77.9,81.1,77.3,78.8,78.7,80.1,81.9,81.8,81.5,83.2,77.8,79.5,78.4,77.7,80.4,80.1,79.4,75.6,72.2,75.9,77.2,76.2
6184,82.4,77.0,77.4,83.2,80.5,80.5,81.1,79.4,78.0,76.7,79.2,78.6,79.0,76.3,79.8,77.9,78.8,78.6,78.9,79.6,78.2,77.5,79.7,78.3,81.6,81.0,78.6,78.4,77.0,78.2,78.8,76.7,76.4,77.2,76.3,76.0,80.0,75.4,80.6,76.4,79.8,77.5,81.2,78.9,82.7,77.0,79.2,79.2,86.4,80.2,80.2,80.6,83.5,78.2,74.6,77.4,76.2,78.4,78.5,76.8,77.2,79.5,79.2,83.0,82.3,77.4,81.2,77.1,78.3,78.3,79.5,81.9,81.3,81.5,83.1,77.1,78.8,77.9,77.2,80.5,80.1,79.6,75.6,71.3,75.8,77.0,76.1
6185,80.2,74.5,75.1,82.3,79.5,79.3,80.0,78.3,76.3,75.5,77.7,77.6,77.6,75.3,78.7,76.4,77.5,76.9,77.4,77.7,77.1,76.3,78.6,77.2,80.3,80.0,77.7,77.2,75.9,77.1,77.8,75.2,75.5,76.2,75.6,75.0,77.7,72.9,79.7,74.7,78.9,74.9,80.2,77.8,80.7,75.1,78.2,77.5,84.3,79.1,79.1,78.9,82.2,75.7,73.9,76.0,75.7,77.4,78.0,75.4,75.8,79.4,77.6,81.5,81.3,75.5,79.6,76.0,77.0,77.0,78.1,80.9,79.5,80.6,81.4,75.8,77.1,76.3,76.1,79.5,79.0,78.7,74.6,69.6,75.1,75.8,75.0
6186,74.9,69.9,69.0,79.9,77.3,77.2,77.7,75.5,73.0,73.0,74.0,75.1,73.3,73.1,76.2,73.6,74.5,71.8,73.7,72.8,74.6,73.3,75.9,74.5,77.8,77.4,75.6,74.5,73.2,74.4,75.3,71.8,72.9,73.4,73.5,72.6,73.4,68.5,77.5,71.1,77.0,69.7,77.9,75.2,75.8,70.7,75.3,73.3,78.8,76.6,76.8,75.6,79.5,69.6,71.8,72.6,73.7,75.2,76.5,71.3,72.7,77.3,73.3,76.6,78.5,70.8,75.2,73.9,73.8,73.3,75.4,78.8,75.4,78.7,75.9,73.0,72.6,72.4,73.3,77.3,76.4,76.0,71.6,66.8,73.1,73.0,72.0
6187,70.6,65.6,64.5,75.6,73.7,73.9,74.4,70.9,69.8,69.9,70.1,71.4,69.3,70.2,72.6,70.0,69.2,66.2,69.6,68.9,70.6,69.4,71.6,69.7,72.8,72.4,73.6,70.6,69.1,70.9,71.4,67.9,68.2,69.6,70.0,68.1,69.4,64.6,73.4,66.9,74.2,65.4,73.1,70.2,71.8,66.7,71.0,68.2,74.7,70.5,72.7,72.5,74.5,65.2,68.6,68.1,69.2,70.9,72.9,66.6,69.6,71.7,67.7,70.5,73.9,64.6,69.7,71.3,70.0,68.7,70.6,73.5,70.4,73.4,70.2,67.5,68.2,68.1,69.8,72.0,71.6,71.0,62.7,64.3,69.1,69.2,66.5
6188,68.1,63.0,62.4,71.9,71.3,71.8,72.3,68.4,68.2,68.3,68.1,69.1,67.5,68.5,70.3,68.2,66.7,63.6,67.7,66.9,68.4,67.3,69.7,67.6,69.4,69.8,72.1,68.5,66.7,68.8,69.0,66.5,65.5,67.3,67.9,65.6,67.3,62.4,70.2,64.2,71.4,63.7,69.4,67.0,69.5,64.3,67.6,65.5,71.3,65.5,69.3,70.3,70.1,63.3,65.9,64.9,65.9,68.4,69.2,64.7,66.8,66.3,63.8,66.8,70.4,61.4,66.7,69.8,68.1,66.9,67.4,69.6,67.7,69.6,66.9,64.4,66.3,66.3,68.1,68.2,68.7,67.4,59.0,62.8,66.6,66.8,63.7
6189,65.9,61.4,60.6,69.4,69.4,70.4,70.7,67.0,67.0,67.3,66.6,67.6,66.1,67.0,68.9,67.0,65.2,61.5,66.2,65.7,67.1,66.3,68.4,66.5,67.5,68.4,70.6,66.9,65.3,67.8,67.7,65.6,64.2,65.6,66.7,64.2,65.6,60.8,68.2,62.3,69.4,62.3,67.3,64.8,67.5,62.5,65.2,62.8,68.5,62.9,66.7,67.8,67.4,61.9,64.3,62.3,63.8,66.3,66.2,63.2,64.7,63.4,61.4,63.1,67.9,59.3,64.3,68.5,66.9,65.7,65.4,67.3,65.2,67.4,64.3,62.3,65.1,65.0,66.6,66.4,67.1,65.3,58.3,61.6,64.8,65.4,62.1
6190,64.2,60.1,59.2,67.8,67.8,69.0,69.2,65.9,65.9,66.3,65.4,66.5,65.0,66.2,67.6,66.0,64.1,59.8,65.2,64.6,65.9,65.2,67.2,65.6,66.1,67.2,69.4,65.8,64.0,66.9,66.4,65.0,62.8,63.9,65.3,63.1,64.3,59.2,66.6,60.5,68.1,61.4,65.8,63.7,65.6,61.3,63.1,60.6,65.5,61.0,64.7,65.4,65.5,60.4,63.1,59.9,62.8,64.9,64.2,61.9,63.0,61.3,59.7,60.4,65.7,57.3,62.0,67.4,65.9,64.6,63.7,65.5,62.9,65.9,61.6,60.8,64.1,64.0,65.6,65.0,66.0,63.9,58.1,60.6,63.5,64.3,61.0
6191,62.3,58.9,58.1,66.2,66.6,68.0,68.1,65.0,65.2,65.3,64.5,65.5,64.1,65.3,66.6,65.2,63.2,58.2,64.1,63.7,64.8,64.4,66.5,64.7,64.9,66.1,68.5,64.9,63.2,66.0,65.4,64.3,61.6,62.8,64.2,62.2,63.2,57.8,65.4,59.0,66.7,60.3,64.2,62.3,63.9,60.0,61.0,58.5,61.7,58.9,63.3,63.1,63.9,59.0,61.7,57.8,61.6,63.8,62.7,60.7,61.3,59.5,58.1,57.7,63.4,55.8,59.7,66.5,65.1,63.6,62.2,63.9,61.2,64.4,59.0,59.1,63.2,63.1,64.8,63.9,65.0,62.4,57.8,59.7,62.4,63.4,60.0
6192,60.5,57.6,57.2,64.9,65.6,67.1,67.1,64.1,64.3,64.5,63.5,64.5,63.3,64.5,65.7,64.3,62.4,56.9,63.2,63.0,63.9,63.6,65.8,63.8,63.8,65.0,67.6,63.9,62.4,65.3,64.5,63.7,60.9,61.9,63.4,61.2,62.3,56.6,64.4,57.6,65.5,59.4,63.1,61.1,62.1,58.7,59.1,57.1,59.1,57.5,61.8,60.7,62.6,58.0,60.7,56.1,60.5,62.5,61.5,59.4,60.3,58.1,56.6,55.7,61.3,54.2,57.6,65.8,64.2,62.7,60.8,62.6,59.2,63.0,56.9,57.4,62.2,62.2,64.0,62.9,63.9,61.0,57.1,59.0,61.6,62.4,59.3
6193,59.2,56.6,56.0,63.6,64.9,66.1,66.1,63.4,63.5,63.8,62.6,63.7,62.6,63.9,64.8,63.8,61.8,55.5,62.5,62.2,63.2,62.9,65.0,63.0,62.8,64.2,66.8,63.3,61.7,64.6,63.8,62.9,60.1,61.1,62.5,60.2,61.7,55.7,63.5,56.2,64.5,58.8,61.9,60.1,60.7,57.7,57.5,55.6,56.7,55.7,60.6,58.8,60.9,57.0,59.7,54.6,59.2,61.4,60.2,58.0,58.8,56.6,55.1,53.9,59.4,52.7,55.6,65.0,63.4,61.9,59.4,61.2,57.9,61.4,55.4,55.8,61.6,61.6,63.6,62.0,63.2,59.7,56.6,58.2,60.8,61.7,58.4
6194,57.8,55.5,55.0,62.5,64.1,65.2,65.2,62.7,62.9,63.3,61.9,63.1,61.9,63.2,64.0,63.1,61.2,54.0,61.9,61.5,62.5,62.4,64.3,62.4,62.0,63.4,66.1,62.6,61.0,63.8,63.1,62.3,59.4,60.4,61.8,59.6,60.9,54.8,62.7,55.2,63.5,58.1,60.9,59.3,59.4,56.8,56.1,54.3,54.6,54.6,59.5,56.9,59.3,56.0,58.5,53.2,58.4,60.4,59.0,56.9,57.7,55.5,54.1,52.0,57.8,51.4,53.5,64.4,62.7,61.3,57.8,60.3,56.5,60.1,53.9,54.5,61.1,60.9,62.9,61.1,62.4,58.5,56.0,57.6,59.9,60.9,57.8
6195,56.5,54.6,54.2,61.5,63.5,64.6,64.4,62.0,62.2,62.6,61.4,62.5,61.3,62.5,63.6,62.5,60.7,53.2,61.3,60.8,62.0,61.9,63.7,61.6,61.2,62.9,65.3,61.9,60.5,63.3,62.5,61.7,58.7,59.7,61.1,59.0,60.4,54.0,61.8,54.0,62.5,57.4,60.0,57.7,58.2,56.0,54.8,53.1,53.0,52.8,58.5,55.6,57.9,54.9,57.5,52.2,57.6,59.7,57.9,55.7,56.6,54.3,53.1,50.4,56.4,50.2,51.7,63.6,61.9,60.7,56.6,59.4,55.1,58.9,52.7,53.2,60.6,60.2,62.3,60.2,61.7,57.6,55.2,57.1,59.1,60.2,57.2
6196,55.2,53.8,53.2,60.5,62.7,64.1,63.9,61.4,61.7,62.0,60.8,61.9,60.8,61.9,63.1,62.0,60.2,52.2,60.7,60.3,61.5,61.3,63.1,61.0,60.5,62.3,64.7,61.3,59.8,62.8,62.0,61.3,58.1,59.1,60.4,58.5,59.7,53.3,61.0,52.9,61.7,56.9,59.2,56.7,56.9,55.0,53.7,52.2,51.4,51.4,57.7,54.1,56.5,54.0,56.7,51.2,56.8,59.0,57.0,54.4,55.4,53.1,52.2,48.8,55.1,49.2,50.4,62.9,61.3,60.4,55.4,58.7,54.0,58.0,51.5,51.8,60.2,59.6,61.7,59.4,61.0,56.7,54.0,56.6,58.4,59.6,56.6
6197,54.1,53.5,52.5,59.8,62.1,63.6,63.3,60.9,61.2,61.5,60.6,61.3,60.3,61.4,62.5,61.5,59.9,51.4,60.4,59.9,61.0,60.8,62.6,60.4,59.8,61.9,64.2,60.7,59.4,62.4,61.4,61.0,57.6,58.3,59.9,57.9,59.3,52.5,60.4,52.1,60.8,56.6,58.5,55.9,55.9,53.9,53.0,51.1,50.4,50.5,56.8,53.0,55.3,53.3,55.7,50.3,55.9,58.2,56.0,53.4,54.5,52.1,51.4,47.5,54.2,48.2,48.8,62.4,60.7,60.1,54.1,57.9,52.8,57.4,50.6,51.0,59.6,59.2,61.2,58.6,60.4,55.8,53.1,56.2,57.9,59.1,56.1
6198,53.8,53.3,52.5,59.0,61.6,63.1,62.7,60.3,60.8,61.2,60.4,60.9,60.2,61.0,62.1,61.0,59.6,50.9,60.1,60.1,60.6,60.3,62.3,59.9,59.0,61.3,63.8,60.3,58.9,62.1,61.1,60.5,57.1,57.8,59.4,57.5,58.7,52.5,59.8,51.6,60.0,56.6,57.7,55.2,55.3,53.4,52.3,50.9,49.7,49.5,55.8,52.2,54.5,53.2,54.9,49.8,55.1,57.8,55.2,52.9,54.2,50.9,51.0,46.4,53.3,47.8,47.5,61.9,60.3,59.7,53.2,57.0,52.2,56.7,50.1,50.0,59.4,58.9,60.8,58.1,59.8,54.8,52.3,56.2,57.4,58.5,55.7
6199,58.5,56.9,56.8,58.8,62.1,63.4,63.6,61.2,62.4,62.4,63.2,62.1,62.9,61.7,62.7,62.7,61.1,55.9,62.4,63.1,61.7,61.4,63.3,60.4,59.3,61.8,64.5,61.1,60.7,63.5,62.1,62.8,57.5,58.8,60.0,58.6,61.7,55.9,59.6,55.6,61.3,60.7,57.8,57.4,59.0,57.6,55.0,56.6,57.7,50.3,56.9,55.1,56.9,56.8,55.2,53.7,55.3,59.0,54.8,56.4,56.6,50.4,55.2,53.4,54.5,52.5,50.9,62.7,63.0,62.5,55.6,56.7,57.0,58.9,57.1,50.7,62.8,61.7,61.9,58.2,60.0,54.7,53.0,58.6,57.6,59.4,56.9
6200,64.1,62.0,62.6,62.7,65.0,66.1,66.4,64.7,65.9,65.4,66.8,65.0,66.6,64.5,65.8,66.2,65.0,61.3,66.2,67.1,65.2,65.1,66.8,63.5,62.8,65.4,66.8,64.4,64.2,66.7,65.2,65.9,60.6,62.2,62.3,61.8,65.6,60.8,62.6,61.1,64.2,65.9,61.1,61.9,63.8,63.6,59.1,63.3,66.4,56.8,63.7,59.8,63.0,61.3,57.9,59.1,59.6,62.9,58.1,60.7,59.4,54.3,60.8,62.2,57.7,59.4,57.4,65.4,67.0,65.9,61.8,60.9,62.6,64.8,64.3,58.5,66.7,65.4,65.1,61.4,63.2,58.2,58.5,61.8,60.4,62.9,60.7
6201,69.4,66.3,67.2,67.9,68.8,69.3,69.9,68.4,69.5,68.5,70.5,68.7,70.2,67.6,69.4,69.8,68.9,65.1,69.9,71.3,68.6,69.0,70.4,67.4,66.9,68.9,69.7,68.2,67.8,70.0,68.6,69.0,64.3,66.2,65.2,65.1,69.5,65.1,67.0,65.3,67.4,69.9,65.9,65.9,68.5,68.6,63.9,67.7,73.2,63.9,69.4,65.0,68.7,65.8,61.6,64.1,64.1,66.7,62.3,65.0,62.7,59.6,65.0,69.0,61.7,64.4,62.6,68.4,70.3,69.4,67.4,66.4,67.5,69.5,69.3,64.1,70.8,69.2,68.4,65.6,67.0,62.6,63.2,64.8,63.9,66.8,64.6
6202,73.8,70.3,70.9,72.5,72.2,72.5,73.3,72.0,72.6,71.2,73.5,72.3,73.3,70.4,72.6,72.8,72.2,68.5,73.3,74.6,71.7,72.0,73.6,70.6,71.1,72.5,72.6,71.7,71.1,72.9,72.0,71.6,68.0,69.7,68.2,68.4,73.0,68.8,71.0,68.7,70.4,73.0,70.1,69.2,72.8,72.2,68.6,71.5,77.8,69.4,73.5,69.9,73.6,69.8,65.9,68.1,68.0,70.3,66.3,68.5,66.4,64.5,68.7,73.8,66.0,68.5,67.2,71.3,73.1,72.5,72.2,71.0,72.0,73.0,73.3,68.7,73.9,72.4,71.3,69.8,70.9,67.1,66.0,67.0,67.2,70.3,68.2
6203,77.3,73.3,73.8,76.1,75.1,75.3,76.0,74.7,75.0,73.3,75.8,74.9,75.5,72.7,75.2,75.0,74.9,71.5,75.4,76.8,74.3,74.2,75.8,73.2,74.8,75.3,74.9,74.2,73.8,75.1,74.6,73.9,70.6,72.4,71.0,71.3,75.8,71.9,74.4,71.8,73.4,75.4,73.9,72.0,76.4,74.8,72.4,74.6,81.2,73.4,76.5,74.4,77.3,73.2,69.2,71.4,71.1,73.2,69.7,71.3,69.7,68.6,71.9,77.2,70.2,71.8,71.2,73.4,75.2,74.7,75.5,74.8,75.4,75.8,76.5,72.0,76.2,74.7,73.6,73.2,73.9,71.3,68.6,69.0,70.0,72.9,71.0
6204,80.1,75.6,75.8,79.0,77.5,77.5,78.2,76.7,76.7,75.1,77.6,76.7,77.3,74.3,77.2,76.6,76.8,74.2,77.4,78.2,76.2,75.9,77.6,75.3,77.6,77.8,76.6,76.1,75.6,76.6,76.8,75.5,73.0,74.5,73.1,73.5,77.9,74.2,77.1,74.3,75.7,77.2,77.0,74.7,79.2,76.7,75.3,76.9,84.1,76.4,78.3,77.5,80.2,75.7,71.6,73.8,73.2,75.2,72.5,73.5,72.7,72.0,74.5,79.7,74.2,74.4,74.7,75.0,76.7,76.6,77.8,77.7,78.3,78.3,78.9,74.7,77.7,76.4,75.4,76.1,76.5,74.4,71.2,70.4,72.2,74.9,72.9
6205,82.0,77.2,77.3,81.2,79.1,79.1,79.9,78.2,77.9,76.4,78.8,78.0,78.5,75.6,78.8,77.6,78.1,76.3,78.4,79.4,77.8,77.1,78.9,76.8,79.9,79.5,77.9,77.7,76.9,77.8,78.2,76.5,74.7,76.0,74.6,74.6,79.5,75.9,79.2,75.8,77.8,78.5,79.2,77.0,81.4,77.8,77.2,78.5,86.0,78.3,79.6,79.6,82.2,77.7,73.0,75.5,74.4,76.7,74.7,75.2,75.0,74.7,76.6,81.4,77.4,76.2,77.5,76.3,77.9,77.8,79.1,80.1,80.2,79.8,80.7,76.1,78.7,77.7,76.8,78.3,78.2,76.9,73.1,71.2,73.9,76.2,74.4
6206,82.9,77.9,78.0,82.8,80.2,80.3,81.0,79.2,78.6,77.2,79.4,78.7,79.3,76.4,79.7,78.3,78.9,77.6,79.4,80.0,78.5,77.7,79.8,77.8,81.3,80.8,78.8,78.5,77.6,78.4,78.9,77.4,75.9,76.8,75.7,75.7,80.3,76.5,80.4,76.7,79.0,78.8,80.7,78.0,82.5,78.4,78.4,79.2,86.7,79.6,80.3,80.7,83.3,79.0,73.8,76.6,75.3,77.7,76.5,76.3,76.5,76.7,78.1,82.6,80.0,77.1,79.6,77.2,78.5,78.5,79.9,81.4,81.5,80.7,82.1,77.3,79.4,78.6,77.4,79.6,79.4,78.5,74.6,71.9,75.1,77.0,75.6
6207,83.1,77.9,78.0,83.6,80.8,80.7,81.4,79.6,78.7,77.3,79.6,79.1,79.5,76.6,80.2,78.5,79.2,78.5,79.4,80.1,78.7,78.2,80.1,78.4,81.9,81.2,79.0,78.8,77.6,78.5,79.2,77.3,76.4,77.3,76.3,76.1,80.5,76.4,80.8,77.0,79.7,78.6,81.4,78.7,83.0,78.2,79.1,79.5,86.9,79.9,80.5,81.0,83.5,79.1,74.5,77.0,75.9,78.1,77.6,76.5,77.2,78.3,78.8,83.0,81.5,77.3,80.6,77.4,78.7,78.8,79.9,82.1,81.8,81.1,82.6,77.3,79.4,78.6,77.7,80.4,80.1,79.2,75.2,72.0,75.7,77.1,76.2
6208,82.3,77.0,77.3,83.4,80.4,80.5,81.2,79.4,78.0,76.7,79.3,78.7,79.0,76.3,79.8,78.0,78.8,78.0,79.0,79.6,78.2,77.6,79.7,78.2,81.8,81.1,78.6,78.4,77.1,78.0,78.8,76.7,76.3,77.0,76.2,75.9,80.0,75.3,80.8,76.1,79.6,77.5,81.3,78.6,82.6,77.1,78.7,78.9,86.1,79.8,79.9,80.3,83.3,78.2,74.1,76.7,75.8,78.0,78.0,76.2,76.7,79.0,78.6,82.4,81.7,76.7,80.6,77.1,78.2,78.4,79.2,82.1,81.3,81.1,82.6,76.8,78.7,78.1,77.2,80.5,80.1,79.4,75.1,71.0,75.8,76.9,76.0
6209,80.0,74.6,74.9,82.4,79.4,79.4,80.0,78.2,76.4,75.5,77.7,77.7,77.5,75.3,78.7,76.5,77.5,76.3,77.4,77.5,77.1,76.3,78.6,76.9,80.4,80.0,77.7,77.2,76.0,76.9,77.8,75.1,75.3,75.9,75.4,74.9,77.6,72.9,79.8,74.4,78.7,74.8,80.2,77.4,80.6,75.1,77.7,77.3,83.9,78.7,78.9,78.5,81.9,75.6,73.4,75.3,75.3,77.0,77.6,74.7,75.3,78.9,77.1,81.0,80.7,74.9,79.0,76.0,76.8,77.0,77.9,81.0,79.5,80.2,80.9,75.4,76.9,76.5,76.1,79.5,78.9,78.5,74.1,69.3,75.0,75.7,74.8
6210,74.6,69.8,68.8,80.0,77.2,77.1,77.6,75.4,73.0,72.9,73.9,75.1,73.1,73.0,76.1,73.5,74.4,71.2,73.6,72.6,74.4,73.2,75.8,74.2,77.9,77.4,75.6,74.4,73.2,74.2,75.1,71.7,72.7,73.1,73.4,72.4,73.3,68.4,77.5,70.6,76.7,69.6,77.9,74.8,75.5,70.6,74.8,72.9,78.3,76.1,76.6,75.3,79.4,69.4,71.3,71.9,73.2,74.7,76.0,70.5,72.1,76.8,72.7,75.9,77.9,70.2,74.6,73.9,73.5,73.2,75.2,78.9,75.4,78.2,75.2,72.6,72.4,72.4,73.2,77.1,76.3,75.9,71.2,66.5,72.9,72.8,71.9
6211,70.4,65.6,64.3,75.6,73.5,73.8,74.3,70.7,69.8,69.8,69.9,71.2,69.0,70.1,72.4,69.9,69.0,65.7,69.4,68.8,70.4,69.3,71.5,69.5,72.7,72.4,73.6,70.4,69.0,70.6,71.2,67.7,68.0,69.4,69.9,68.0,69.4,64.5,73.3,66.5,74.0,65.3,73.0,69.7,71.5,66.6,70.5,67.8,74.2,69.9,72.3,72.1,74.2,65.1,68.1,67.4,68.7,70.4,72.4,66.0,69.0,71.1,67.2,69.9,73.3,64.0,69.2,71.2,69.7,68.6,70.3,73.5,70.2,72.8,69.6,67.0,68.0,68.1,69.6,71.8,71.4,70.9,62.2,64.0,69.0,69.0,66.4
6212,67.8,63.0,62.2,71.8,71.1,71.8,72.3,68.1,68.2,68.2,67.9,68.9,67.2,68.4,70.2,68.1,66.5,63.2,67.5,66.8,68.2,67.2,69.6,67.5,69.4,69.8,72.0,68.4,66.5,68.6,68.8,66.3,65.4,67.1,67.7,65.5,67.3,62.2,70.2,63.7,71.1,63.6,69.4,66.6,69.3,64.0,67.1,65.0,70.8,64.9,69.0,69.9,69.6,63.2,65.4,64.3,65.4,68.0,68.7,64.1,66.3,66.0,63.2,66.0,69.9,60.9,66.2,69.7,67.8,66.8,67.0,69.5,67.5,69.1,66.3,63.9,66.0,66.3,68.0,68.1,68.6,67.2,58.6,62.5,66.5,66.7,63.7
6213,65.6,61.2,60.5,69.3,69.2,70.3,70.6,66.8,67.0,67.2,66.3,67.4,65.9,66.9,68.8,66.8,65.0,61.1,66.0,65.4,66.7,66.1,68.3,66.4,67.5,68.3,70.5,66.8,65.1,67.6,67.5,65.4,64.1,65.4,66.5,64.0,65.5,60.6,68.1,61.8,69.3,62.2,67.2,64.4,67.2,62.2,64.7,62.4,68.0,62.4,66.2,67.4,66.8,61.7,63.9,61.8,63.4,65.8,65.7,62.5,64.4,63.0,60.9,62.3,67.4,58.8,63.8,68.4,66.6,65.6,65.0,67.3,65.0,66.9,63.6,61.8,64.9,64.9,66.5,66.3,67.0,65.2,58.0,61.3,64.7,65.3,62.0
6214,63.9,60.0,59.0,67.7,67.7,69.0,69.1,65.8,65.9,66.1,65.2,66.3,64.7,66.0,67.5,65.9,63.8,59.4,64.9,64.4,65.6,65.0,67.1,65.5,66.1,67.2,69.3,65.7,63.8,66.7,66.1,64.8,62.7,63.7,65.1,62.8,64.3,59.0,66.6,60.0,67.9,61.2,65.7,63.2,65.3,61.0,62.6,60.1,65.0,60.5,64.3,65.0,64.9,60.2,62.7,59.3,62.3,64.4,63.8,61.3,62.6,60.9,59.2,59.6,65.3,56.8,61.4,67.3,65.5,64.4,63.2,65.4,62.7,65.5,61.1,60.3,63.9,63.9,65.4,64.9,65.9,63.8,57.7,60.3,63.5,64.2,60.9
6215,62.0,58.7,57.8,66.0,66.5,67.9,68.0,64.9,65.0,65.1,64.1,65.3,63.8,65.0,66.5,65.0,62.9,57.9,63.9,63.6,64.5,64.3,66.4,64.6,64.8,66.0,68.4,64.7,63.0,65.8,65.2,64.1,61.5,62.7,64.1,62.0,63.1,57.6,65.4,58.6,66.5,60.2,64.1,61.9,63.6,59.7,60.4,58.0,61.2,58.4,62.9,62.6,63.3,58.8,61.3,57.3,61.2,63.3,62.4,60.1,60.9,59.0,57.7,57.0,63.0,55.4,59.2,66.4,64.7,63.4,61.6,63.8,61.0,64.0,58.5,58.6,62.9,62.9,64.6,63.8,64.9,62.4,57.4,59.4,62.4,63.2,60.0
6216,60.1,57.5,56.9,64.7,65.4,67.0,67.0,64.0,64.2,64.4,63.2,64.3,63.0,64.3,65.5,64.1,62.1,56.6,62.9,62.8,63.7,63.4,65.6,63.8,63.8,64.9,67.5,63.8,62.3,65.0,64.3,63.5,60.8,61.8,63.3,61.0,62.3,56.4,64.3,57.2,65.2,59.3,62.9,60.6,61.8,58.4,58.5,56.7,58.5,57.0,61.3,60.2,61.9,57.8,60.3,55.7,60.1,62.0,61.2,58.8,60.0,57.6,56.2,54.9,60.9,53.7,57.1,65.7,63.8,62.4,60.2,62.5,59.0,62.5,56.5,56.8,61.9,62.0,63.8,62.8,63.8,60.9,56.9,58.7,61.6,62.1,59.2
6217,58.8,56.5,55.6,63.4,64.7,66.0,66.0,63.3,63.4,63.7,62.3,63.5,62.3,63.6,64.7,63.5,61.5,55.2,62.2,62.0,63.0,62.7,64.9,62.9,62.7,64.0,66.6,63.2,61.5,64.3,63.7,62.7,60.1,61.0,62.5,60.1,61.6,55.5,63.4,55.8,64.2,58.7,61.8,59.7,60.4,57.5,56.7,55.1,56.2,55.1,60.1,58.3,60.3,56.6,59.3,54.2,58.8,61.0,59.9,57.4,58.5,56.1,54.8,53.1,59.0,52.2,55.2,64.9,63.0,61.6,58.8,61.1,57.7,60.9,54.9,55.2,61.3,61.4,63.4,61.9,63.0,59.6,56.4,57.9,60.8,61.5,58.5
6218,57.4,55.4,54.6,62.2,63.9,65.1,65.1,62.6,62.7,63.2,61.7,62.8,61.6,63.0,63.9,62.8,60.9,53.8,61.6,61.3,62.3,62.2,64.2,62.3,61.9,63.4,66.0,62.4,60.8,63.6,62.9,62.0,59.4,60.3,61.7,59.5,60.8,54.5,62.5,54.9,63.1,57.9,60.8,58.8,59.1,56.6,55.4,53.9,54.1,54.0,59.0,56.4,58.7,55.6,58.2,52.8,58.0,60.0,58.7,56.4,57.4,55.0,53.7,51.2,57.4,50.9,53.2,64.3,62.3,61.0,57.1,60.1,56.3,59.5,53.5,53.9,60.8,60.6,62.7,61.0,62.2,58.4,55.8,57.4,59.9,60.7,57.8
6219,56.1,54.4,53.8,61.2,63.3,64.5,64.3,61.9,62.1,62.5,61.1,62.1,61.0,62.3,63.4,62.2,60.4,52.9,60.9,60.6,61.7,61.7,63.5,61.5,61.1,62.8,65.2,61.7,60.3,63.1,62.3,61.4,58.7,59.6,61.0,58.9,60.3,53.7,61.7,53.6,62.1,57.3,59.9,57.3,57.9,55.7,54.1,52.8,52.6,52.3,57.9,55.2,57.2,54.5,57.1,51.8,57.2,59.2,57.6,55.1,56.3,53.9,52.8,49.7,56.1,49.8,51.4,63.5,61.5,60.5,55.9,59.2,55.0,58.5,52.3,52.6,60.3,60.0,62.2,60.0,61.5,57.4,55.0,56.8,59.0,60.0,57.2
6220,54.8,53.7,52.8,60.3,62.6,63.9,63.8,61.3,61.5,61.9,60.5,61.6,60.3,61.8,62.9,61.7,60.0,51.9,60.3,60.0,61.2,61.1,62.9,60.8,60.4,62.2,64.6,61.1,59.7,62.5,61.7,60.9,58.1,59.0,60.3,58.3,59.6,53.1,60.9,52.6,61.4,56.8,59.1,56.3,56.6,54.7,53.1,51.9,51.0,50.9,57.1,53.8,55.7,53.6,56.2,50.8,56.4,58.6,56.7,54.0,55.1,52.8,51.9,48.1,54.9,48.8,50.1,62.8,61.0,60.0,54.7,58.5,53.8,57.4,51.2,51.3,59.9,59.4,61.6,59.1,60.9,56.4,53.8,56.4,58.4,59.4,56.6
6221,53.8,53.4,52.1,59.6,62.0,63.5,63.2,60.8,61.0,61.4,60.3,61.0,59.9,61.3,62.4,61.2,59.8,51.0,60.0,59.6,60.7,60.6,62.4,60.3,59.6,61.8,64.1,60.6,59.2,62.1,61.2,60.7,57.5,58.1,59.8,57.7,59.1,52.3,60.3,51.8,60.4,56.5,58.3,55.4,55.7,53.6,52.3,50.8,50.0,50.0,56.2,52.6,54.5,52.9,55.3,49.8,55.4,57.8,55.8,53.0,54.3,51.8,51.1,46.8,53.9,47.8,48.4,62.3,60.4,59.7,53.4,57.7,52.6,57.0,50.2,50.3,59.4,58.9,61.1,58.4,60.2,55.4,52.9,56.0,57.8,58.9,56.1
6222,53.4,53.2,52.1,58.8,61.5,63.0,62.7,60.3,60.6,61.1,60.0,60.6,59.8,60.8,62.0,60.7,59.4,50.5,59.7,59.8,60.4,60.1,62.1,59.8,58.8,61.2,63.7,60.1,58.7,61.9,60.9,60.2,56.9,57.6,59.4,57.4,58.5,52.3,59.8,51.2,59.6,56.5,57.6,54.7,55.0,53.1,51.6,50.6,49.3,48.9,55.2,51.8,53.7,52.8,54.5,49.4,54.7,57.4,54.9,52.4,53.9,50.6,50.7,45.7,53.0,47.4,47.2,61.8,60.0,59.4,52.4,56.8,51.9,56.2,49.6,49.4,59.2,58.6,60.7,57.8,59.7,54.4,52.1,55.9,57.3,58.4,55.7
6223,58.2,56.8,56.6,58.6,62.0,63.3,63.4,61.1,62.1,62.3,62.9,61.7,62.5,61.5,62.6,62.4,60.9,55.4,62.1,62.9,61.4,61.2,63.1,60.3,59.1,61.6,64.3,60.9,60.5,63.2,61.9,62.5,57.3,58.7,59.8,58.4,61.7,55.7,59.5,55.2,60.9,60.8,57.5,56.9,58.7,57.3,54.4,56.2,57.2,49.6,56.3,54.6,56.1,56.5,54.8,53.1,54.8,58.6,54.5,55.9,56.3,50.0,54.8,52.7,54.1,51.9,50.4,62.6,62.7,62.2,54.8,56.5,56.8,58.3,56.5,50.0,62.5,61.6,61.7,57.8,59.8,54.3,52.6,58.3,57.6,59.1,56.8
6224,63.8,61.8,62.6,62.6,64.9,66.0,66.3,64.6,65.6,65.2,66.6,64.7,66.4,64.3,65.7,66.0,64.8,60.9,66.0,66.8,65.0,64.9,66.6,63.4,62.6,65.3,66.6,64.3,64.1,66.4,65.0,65.6,60.5,62.0,62.1,61.6,65.7,60.6,62.5,60.6,63.8,66.0,60.9,61.3,63.6,63.3,58.5,63.0,66.0,56.2,63.3,59.4,62.3,61.1,57.4,58.6,59.2,62.4,57.7,60.3,59.1,53.9,60.4,61.5,57.3,58.8,56.9,65.2,66.7,65.8,61.2,60.8,62.5,64.3,63.8,58.0,66.5,65.3,64.9,61.2,63.1,57.8,58.3,61.6,60.3,62.7,60.6
6225,69.1,66.2,67.3,67.9,68.7,69.2,69.8,68.3,69.3,68.4,70.4,68.5,70.0,67.4,69.3,69.6,68.7,64.7,69.8,71.3,68.5,68.8,70.2,67.3,67.0,68.9,69.6,68.0,67.6,69.7,68.5,68.8,64.2,66.1,65.0,64.9,69.7,65.0,67.0,65.0,67.0,70.1,65.9,65.4,68.3,68.4,63.4,67.5,72.8,63.4,69.2,64.6,68.1,65.8,61.2,63.5,63.6,66.2,61.9,64.5,62.4,59.3,64.7,68.5,61.2,63.9,62.2,68.2,70.1,69.3,66.9,66.4,67.5,69.0,68.9,63.6,70.6,69.2,68.2,65.4,66.9,62.3,63.0,64.7,63.9,66.7,64.6
6226,73.6,70.1,71.1,72.5,72.2,72.4,73.2,71.9,72.3,71.1,73.4,72.0,73.2,70.3,72.6,72.7,72.1,68.2,73.3,74.6,71.7,71.8,73.5,70.6,71.2,72.6,72.5,71.6,71.0,72.5,72.0,71.5,68.1,69.6,68.1,68.3,73.1,68.5,71.1,68.5,70.2,73.1,70.2,68.8,72.7,72.0,68.1,71.2,77.3,69.0,73.4,69.6,73.2,69.9,65.4,67.6,67.6,69.9,65.9,68.0,66.0,64.1,68.3,73.4,65.5,68.0,66.7,71.1,72.9,72.5,71.9,71.0,71.9,72.5,73.0,68.4,73.8,72.5,71.2,69.7,70.8,66.9,65.8,66.9,67.2,70.3,68.2
6227,77.2,73.0,73.9,76.3,75.2,75.3,75.9,74.7,74.8,73.2,75.8,74.7,75.4,72.5,75.2,74.9,74.7,71.2,75.4,76.7,74.2,74.1,75.7,73.3,75.0,75.3,74.8,74.2,73.8,74.8,74.6,73.7,70.7,72.3,70.9,71.2,75.9,71.5,74.6,71.7,73.1,75.5,74.0,71.6,76.3,74.5,72.0,74.4,80.8,73.0,76.4,74.0,77.1,73.3,68.8,71.0,70.7,72.8,69.4,70.7,69.3,68.1,71.5,76.8,69.7,71.3,70.7,73.3,74.9,74.8,75.4,74.8,75.4,75.4,76.2,71.8,76.0,74.8,73.5,73.2,73.8,71.3,68.3,69.0,70.1,73.0,70.9
6228,79.9,75.3,75.9,79.2,77.6,77.4,78.1,76.7,76.5,75.0,77.5,76.4,77.2,74.2,77.2,76.5,76.7,73.8,77.3,78.2,76.2,75.8,77.5,75.3,77.8,77.8,76.5,76.1,75.6,76.3,76.8,75.3,73.2,74.5,73.0,73.3,78.0,73.8,77.3,74.2,75.5,77.2,77.2,74.3,79.1,76.5,74.9,76.6,83.7,76.1,78.3,77.2,80.1,75.8,71.2,73.4,72.8,74.8,72.1,73.0,72.2,71.5,74.1,79.3,73.7,74.0,74.3,74.9,76.5,76.6,77.8,77.7,78.1,77.9,78.6,74.4,77.6,76.5,75.3,76.1,76.5,74.4,71.0,70.4,72.3,74.9,73.0
6229,81.9,76.9,77.4,81.5,79.2,79.0,79.9,78.3,77.7,76.3,78.7,77.8,78.3,75.5,78.7,77.5,78.0,75.9,78.3,79.4,77.8,77.0,78.7,76.8,80.1,79.5,77.8,77.6,76.9,77.5,78.2,76.3,74.9,76.0,74.5,74.5,79.5,75.6,79.2,75.8,77.5,78.5,79.4,76.6,81.2,77.6,76.8,78.3,85.6,78.1,79.7,79.2,82.1,77.7,72.6,75.0,74.0,76.5,74.3,74.7,74.6,74.2,76.1,81.1,76.9,75.7,77.0,76.2,77.6,77.7,79.3,80.1,80.0,79.5,80.4,75.9,78.5,77.7,76.7,78.4,78.3,77.0,72.9,71.3,74.1,76.3,74.5
6230,82.8,77.7,78.1,83.0,80.4,80.2,81.0,79.3,78.3,77.2,79.3,78.4,79.1,76.3,79.6,78.2,78.8,77.2,79.3,79.9,78.5,77.5,79.6,77.9,81.5,80.8,78.7,78.5,77.6,78.1,78.9,77.1,76.0,76.9,75.6,75.6,80.4,76.2,80.4,76.6,78.9,78.8,81.0,77.8,82.3,78.2,78.1,78.8,86.4,79.4,80.4,80.3,83.2,79.1,73.5,76.1,74.9,77.4,76.1,75.7,76.1,76.3,77.6,82.2,79.5,76.6,79.1,77.1,78.3,78.5,80.0,81.5,81.3,80.4,81.8,77.1,79.3,78.6,77.3,79.8,79.6,78.6,74.4,71.9,75.3,77.0,75.7
6231,82.9,77.7,78.0,83.8,80.9,80.6,81.5,79.7,78.5,77.3,79.5,78.8,79.3,76.5,80.2,78.2,79.1,78.0,79.4,80.0,78.7,78.1,79.9,78.5,82.2,81.3,78.9,78.7,77.7,78.2,79.2,77.1,76.5,77.4,76.3,76.1,80.5,76.1,80.8,76.9,79.6,78.6,81.7,78.4,82.7,78.0,78.8,79.1,86.6,79.7,80.5,80.6,83.5,79.1,74.1,76.5,75.6,77.9,77.2,76.0,76.7,77.9,78.2,82.7,80.9,76.8,80.0,77.3,78.4,78.7,79.9,82.1,81.6,80.9,82.3,77.3,79.3,78.7,77.7,80.5,80.2,79.4,75.0,71.9,75.9,77.2,76.2
6232,82.1,76.8,77.2,83.5,80.5,80.5,81.2,79.3,77.8,76.8,79.2,78.6,78.9,76.3,79.8,77.9,78.7,77.6,78.9,79.5,78.2,77.6,79.5,78.4,82.1,81.2,78.7,78.4,77.2,77.7,78.7,76.4,76.3,77.1,76.1,75.9,79.8,75.1,80.8,76.1,79.5,77.5,81.5,78.3,82.3,77.0,78.6,78.5,85.8,79.6,80.1,79.9,83.2,78.2,73.8,76.1,75.4,77.7,77.7,75.6,76.3,78.6,78.1,82.1,81.1,76.3,80.1,77.1,77.9,78.3,79.4,82.1,81.1,80.9,82.2,76.7,78.6,78.0,77.1,80.6,80.3,79.5,74.9,70.9,75.9,77.0,76.1
6233,79.9,74.4,74.8,82.5,79.5,79.3,80.0,78.2,76.1,75.5,77.5,77.5,77.3,75.3,78.7,76.3,77.5,75.8,77.3,77.4,77.0,76.2,78.4,77.0,80.7,80.1,77.7,77.1,76.0,76.6,77.7,74.9,75.3,76.0,75.4,74.8,77.7,72.8,79.8,74.5,78.7,74.8,80.5,77.2,80.3,74.9,77.6,76.9,83.6,78.5,79.1,78.2,82.0,75.6,73.1,74.7,75.0,76.8,77.2,74.1,74.8,78.4,76.5,80.6,80.1,74.4,78.5,76.0,76.5,76.9,78.0,81.0,79.3,80.0,80.5,75.4,76.7,76.4,76.0,79.6,79.2,78.6,73.8,69.2,75.1,75.8,74.9
6234,74.3,69.6,68.5,80.0,77.3,77.0,77.6,75.4,72.8,72.8,73.7,74.8,72.7,72.9,76.0,73.3,74.3,70.5,73.3,72.3,74.3,73.0,75.5,74.2,78.0,77.4,75.5,74.3,73.0,73.8,75.0,71.3,72.6,73.1,73.3,72.3,73.2,68.2,77.5,70.5,76.8,69.3,78.0,74.4,75.2,70.3,74.6,72.5,77.9,75.9,76.8,74.8,79.4,69.2,71.0,71.3,72.8,74.4,75.6,69.8,71.6,76.3,72.2,75.4,77.3,69.6,74.0,73.8,73.1,73.0,75.2,78.8,75.1,77.9,74.7,72.3,72.1,72.2,73.1,77.1,76.4,75.8,70.8,66.2,73.0,72.9,71.8
6235,70.1,65.4,64.1,75.4,73.4,73.7,74.3,70.6,69.6,69.7,69.7,70.9,68.7,70.0,72.4,69.7,68.9,65.2,69.2,68.6,70.2,69.2,71.3,69.4,72.7,72.3,73.5,70.3,68.8,70.3,71.1,67.4,67.8,69.4,69.8,67.8,69.3,64.3,73.2,66.3,74.0,65.1,73.0,69.3,71.3,66.3,70.2,67.3,73.9,69.5,72.4,71.7,74.1,64.9,67.8,66.9,68.3,70.2,71.9,65.3,68.6,70.5,66.8,69.4,72.8,63.6,68.6,71.1,69.3,68.4,70.1,73.3,69.9,72.4,69.2,66.6,67.8,67.9,69.5,71.6,71.4,70.7,61.6,63.8,69.0,69.1,66.2
6236,67.4,62.7,62.0,71.7,71.0,71.7,72.2,68.0,68.1,68.1,67.6,68.6,67.0,68.2,70.2,67.9,66.4,62.8,67.2,66.6,68.1,67.1,69.4,67.5,69.4,69.6,71.9,68.3,66.4,68.2,68.7,66.1,65.3,67.0,67.6,65.4,67.3,62.0,70.1,63.6,71.1,63.4,69.4,66.2,69.0,63.8,66.8,64.6,70.4,64.3,68.8,69.5,69.4,62.9,65.1,63.9,65.0,67.7,68.3,63.6,65.9,65.5,62.9,65.6,69.4,60.6,65.8,69.6,67.4,66.5,66.8,69.3,67.2,68.7,65.7,63.6,65.8,66.1,67.9,67.8,68.6,67.0,58.4,62.3,66.4,66.7,63.5
6237,65.3,60.9,60.3,69.2,69.1,70.2,70.5,66.7,66.8,67.0,66.2,67.1,65.6,66.8,68.7,66.6,64.8,60.7,65.7,65.3,66.6,66.0,68.1,66.3,67.5,68.2,70.3,66.6,65.0,67.2,67.4,65.2,63.9,65.4,66.4,63.8,65.5,60.4,68.0,61.5,69.2,62.1,67.2,63.9,67.0,61.9,64.2,61.9,67.6,61.9,66.0,66.9,66.7,61.4,63.5,61.4,63.0,65.6,65.4,62.1,64.0,62.4,60.6,61.8,66.9,58.4,63.4,68.2,66.2,65.3,64.7,67.0,64.7,66.4,63.1,61.6,64.7,64.7,66.4,65.9,67.0,64.9,57.8,61.0,64.6,65.2,61.8
6238,63.6,59.8,58.8,67.5,67.5,68.9,69.0,65.6,65.7,66.0,65.0,66.0,64.5,65.9,67.4,65.7,63.8,59.2,64.6,64.3,65.4,64.9,66.9,65.4,66.1,67.0,69.1,65.6,63.8,66.3,66.1,64.5,62.5,63.6,64.9,62.6,64.2,58.7,66.5,59.7,67.8,61.0,65.5,62.8,65.0,60.8,62.1,59.6,64.6,60.0,64.1,64.5,64.7,59.9,62.4,59.0,61.9,64.2,63.4,60.8,62.3,60.3,58.8,59.1,64.7,56.5,61.1,67.2,65.1,64.2,62.9,65.3,62.4,64.9,60.5,59.9,63.7,63.7,65.3,64.6,65.8,63.5,57.6,60.1,63.4,64.1,60.7
6239,61.7,58.5,57.5,65.9,66.3,67.8,67.8,64.7,64.8,65.0,63.9,65.0,63.5,64.9,66.4,64.7,62.8,57.5,63.6,63.4,64.4,64.1,66.1,64.4,64.7,65.7,68.2,64.7,63.0,65.4,65.1,63.8,61.3,62.5,63.9,61.8,63.1,57.4,65.4,58.3,66.3,60.1,64.0,61.4,63.3,59.4,59.9,57.5,60.8,58.0,62.6,62.1,63.0,58.5,61.0,57.1,60.8,62.9,62.1,59.5,60.6,58.5,57.3,56.3,62.6,55.0,58.9,66.3,64.3,63.1,61.2,63.5,60.6,63.4,58.0,58.2,62.7,62.8,64.5,63.4,64.7,62.0,57.2,59.2,62.3,63.2,59.7
6240,59.8,57.3,56.6,64.5,65.2,66.9,66.8,63.8,64.0,64.3,62.9,64.0,62.8,64.1,65.4,63.9,61.9,56.2,62.7,62.6,63.6,63.3,65.3,63.6,63.7,64.6,67.3,63.7,62.2,64.7,64.3,63.2,60.6,61.6,63.0,60.8,62.3,56.2,64.2,56.9,65.1,59.2,62.8,60.1,61.5,58.3,58.0,56.3,58.2,56.6,61.0,59.8,61.5,57.5,60.0,55.4,59.7,61.8,60.9,58.2,59.6,57.1,55.8,54.4,60.5,53.4,56.7,65.5,63.5,62.2,59.9,62.3,58.8,62.0,56.0,56.5,61.7,61.9,63.7,62.5,63.6,60.6,56.8,58.5,61.4,62.1,59.0
6241,58.4,56.4,55.3,63.1,64.6,65.9,65.9,63.1,63.2,63.6,62.0,63.2,62.1,63.5,64.6,63.2,61.3,54.8,61.9,61.8,62.8,62.5,64.7,62.7,62.6,63.7,66.5,63.0,61.4,64.0,63.5,62.4,59.9,60.8,62.2,59.9,61.6,55.2,63.4,55.5,64.0,58.6,61.7,59.2,60.2,57.4,56.2,54.7,56.1,54.7,59.9,57.9,59.9,56.4,59.0,53.9,58.4,60.7,59.6,56.9,58.3,55.7,54.5,52.5,58.6,52.1,54.8,64.8,62.7,61.4,58.4,61.0,57.4,60.4,54.4,54.9,61.1,61.3,63.2,61.5,62.8,59.2,56.3,57.7,60.5,61.4,58.2
6242,57.0,55.2,54.3,62.0,63.8,65.0,64.9,62.3,62.5,63.0,61.4,62.5,61.3,62.8,63.8,62.7,60.9,53.4,61.3,61.2,62.2,62.0,63.9,62.1,61.7,63.1,65.9,62.3,60.7,63.3,62.7,61.7,59.1,60.0,61.5,59.3,60.7,54.4,62.5,54.5,62.9,57.9,60.6,58.3,58.9,56.4,54.8,53.4,54.0,53.5,58.7,56.0,58.3,55.4,57.8,52.5,57.6,59.6,58.5,56.0,57.1,54.6,53.5,50.7,57.2,50.8,53.0,64.1,62.1,60.8,56.8,59.9,56.0,59.0,53.0,53.7,60.6,60.5,62.6,60.6,62.1,58.0,55.6,57.1,59.6,60.6,57.5
6243,55.9,54.3,53.5,61.0,63.1,64.3,64.1,61.7,61.9,62.3,60.8,61.8,60.8,62.2,63.3,62.0,60.4,52.5,60.7,60.4,61.5,61.5,63.3,61.3,61.0,62.5,65.1,61.6,60.2,62.7,62.1,61.2,58.4,59.3,60.8,58.7,60.1,53.5,61.7,53.3,61.9,57.3,59.8,56.8,57.6,55.5,53.5,52.4,52.5,51.7,57.6,54.8,56.8,54.3,56.8,51.4,56.7,58.8,57.3,54.7,56.1,53.4,52.6,49.2,55.8,49.7,51.1,63.3,61.2,60.2,55.5,59.0,54.7,58.0,51.9,52.3,60.1,59.8,62.0,59.7,61.3,57.0,54.8,56.5,58.8,59.9,56.9
6244,54.6,53.6,52.6,60.1,62.4,63.7,63.6,61.0,61.3,61.8,60.2,61.3,60.1,61.6,62.7,61.6,59.9,51.6,60.1,59.8,61.0,60.9,62.8,60.6,60.2,61.9,64.5,61.0,59.6,62.1,61.5,60.7,57.8,58.7,60.1,58.1,59.5,52.9,60.9,52.3,61.0,56.8,58.9,55.8,56.3,54.5,52.5,51.5,50.9,50.3,56.7,53.5,55.3,53.4,55.9,50.5,55.9,58.2,56.5,53.7,54.9,52.4,51.7,47.5,54.6,48.8,49.9,62.6,60.8,59.8,54.4,58.3,53.6,56.9,50.8,50.9,59.7,59.2,61.5,58.7,60.6,56.1,53.7,56.0,58.1,59.3,56.4
6245,53.5,53.3,51.9,59.3,61.8,63.3,63.0,60.5,60.8,61.3,60.0,60.7,59.7,61.1,62.2,61.0,59.6,50.8,59.8,59.5,60.6,60.4,62.2,60.0,59.4,61.5,63.9,60.4,59.1,61.8,61.0,60.4,57.2,57.8,59.6,57.5,59.0,52.1,60.3,51.4,60.2,56.4,58.1,55.0,55.4,53.4,51.7,50.4,49.9,49.4,55.8,52.2,54.1,52.6,55.0,49.5,55.0,57.5,55.6,52.7,54.1,51.4,50.9,46.3,53.6,47.8,48.3,62.1,60.2,59.5,53.0,57.5,52.4,56.5,49.8,49.9,59.2,58.7,60.9,58.1,60.0,55.1,52.7,55.6,57.5,58.8,55.9
6246,53.0,53.0,51.9,58.4,61.3,62.8,62.5,59.9,60.4,60.9,59.7,60.3,59.5,60.6,61.8,60.5,59.3,50.3,59.5,59.6,60.3,59.9,61.9,59.5,58.6,60.9,63.5,60.0,58.6,61.5,60.7,60.0,56.6,57.4,59.2,57.2,58.4,52.1,59.7,50.8,59.3,56.4,57.4,54.3,54.8,52.9,51.1,50.3,49.1,48.4,54.9,51.5,53.2,52.5,54.2,49.1,54.3,57.0,54.7,52.0,53.7,50.3,50.5,45.2,52.8,47.3,47.1,61.6,59.8,59.2,52.0,56.7,51.6,55.7,49.1,49.0,59.0,58.5,60.5,57.5,59.4,54.1,51.9,55.6,57.1,58.2,55.4
6247,57.9,56.5,56.4,58.2,61.7,63.1,63.1,60.7,61.9,62.1,62.6,61.4,62.2,61.3,62.4,62.2,60.6,55.1,61.8,62.7,61.3,61.0,62.8,60.0,58.8,61.3,64.2,60.7,60.3,62.9,61.7,62.3,57.0,58.3,59.6,58.1,61.5,55.4,59.4,54.9,60.5,60.7,57.3,56.4,58.4,57.0,53.8,55.9,57.0,48.9,55.9,54.3,55.7,56.2,54.4,52.7,54.3,58.2,54.3,55.4,56.0,49.7,54.4,52.0,53.8,51.7,50.1,62.4,62.4,62.0,54.4,56.3,56.5,57.8,56.1,49.5,62.3,61.5,61.6,57.5,59.5,54.0,52.4,58.0,57.2,58.9,56.5
6248,63.5,61.6,62.5,62.3,64.7,65.8,66.1,64.3,65.4,65.1,66.4,64.4,66.2,64.2,65.6,65.9,64.6,60.6,65.7,66.6,64.8,64.8,66.4,63.2,62.4,65.0,66.6,64.2,63.9,66.2,64.9,65.4,60.2,61.7,61.8,61.3,65.7,60.4,62.4,60.4,63.6,65.9,60.7,60.9,63.4,63.0,58.1,62.7,65.7,55.7,63.1,59.0,62.0,60.9,56.9,58.1,58.7,62.0,57.4,59.8,58.7,53.5,60.1,61.0,56.9,58.5,56.5,65.1,66.5,65.7,60.8,60.5,62.3,63.8,63.3,57.6,66.4,65.2,64.8,60.8,62.8,57.5,58.1,61.4,60.0,62.5,60.4
6249,68.9,65.9,67.3,67.6,68.5,69.1,69.6,68.1,69.1,68.3,70.2,68.3,69.9,67.4,69.2,69.5,68.5,64.4,69.7,71.1,68.4,68.7,70.0,67.1,66.8,68.7,69.6,67.9,67.5,69.5,68.4,68.7,64.0,65.9,64.8,64.7,69.8,64.8,66.9,64.9,66.8,70.0,65.7,65.2,68.1,68.3,63.0,67.2,72.5,63.0,69.1,64.2,67.9,65.6,60.7,63.1,63.2,65.9,61.7,64.0,62.0,58.9,64.4,68.0,60.8,63.4,61.8,68.2,70.0,69.3,66.7,66.2,67.4,68.7,68.6,63.3,70.4,69.1,68.2,65.2,66.7,62.0,62.8,64.5,63.7,66.6,64.4
6250,73.4,69.8,71.0,72.3,72.0,72.4,73.1,71.7,72.3,71.0,73.3,71.9,73.1,70.3,72.5,72.5,71.9,67.7,73.2,74.5,71.6,71.7,73.3,70.4,71.2,72.4,72.5,71.6,71.0,72.3,71.9,71.4,67.9,69.4,67.9,68.1,73.3,68.3,71.1,68.5,70.1,73.1,70.1,68.6,72.5,71.9,67.9,71.1,77.1,68.7,73.4,69.2,73.1,69.7,65.0,67.2,67.2,69.5,65.6,67.5,65.6,63.6,68.0,72.9,65.0,67.6,66.3,71.1,72.8,72.6,71.9,70.9,71.8,72.2,72.6,68.2,73.6,72.4,71.1,69.5,70.7,66.7,65.7,66.9,67.0,70.2,68.0
6251,77.1,72.7,73.7,76.2,75.0,75.3,75.9,74.5,74.7,73.2,75.7,74.6,75.3,72.5,75.1,74.9,74.6,70.8,75.3,76.6,74.2,74.0,75.6,73.1,75.0,75.3,74.8,74.2,73.8,74.7,74.5,73.6,70.6,72.2,70.7,71.0,76.0,71.3,74.5,71.7,73.1,75.4,73.9,71.4,76.2,74.4,71.9,74.2,80.6,72.8,76.5,73.7,77.0,73.1,68.4,70.5,70.3,72.4,69.1,70.3,69.0,67.6,71.2,76.4,69.2,70.8,70.2,73.2,74.7,74.9,75.4,74.8,75.3,75.1,75.8,71.8,75.9,74.8,73.5,73.0,73.7,71.1,68.2,68.9,70.0,72.9,70.8
6252,79.8,75.0,75.7,79.2,77.5,77.4,78.1,76.5,76.5,74.9,77.5,76.4,77.1,74.1,77.2,76.4,76.6,73.4,77.3,78.1,76.1,75.8,77.4,75.2,77.9,77.7,76.5,76.0,75.6,76.1,76.7,75.2,73.1,74.4,72.8,73.1,78.1,73.5,77.3,74.2,75.5,77.2,77.1,74.2,78.9,76.4,74.9,76.5,83.5,76.0,78.4,76.8,80.0,75.5,70.8,72.9,72.4,74.5,71.9,72.6,71.8,71.1,73.8,78.9,73.1,73.5,73.8,74.9,76.3,76.6,77.8,77.7,78.0,77.7,78.2,74.4,77.4,76.5,75.3,75.9,76.4,74.3,70.8,70.4,72.3,74.8,72.9
6253,81.6,76.6,77.1,81.5,79.1,79.1,79.8,78.1,77.6,76.3,78.6,77.7,78.3,75.5,78.8,77.5,77.9,75.5,78.2,79.3,77.7,77.1,78.7,76.7,80.1,79.5,77.8,77.5,76.9,77.3,78.1,76.1,74.8,75.9,74.4,74.4,79.6,75.3,79.2,75.9,77.6,78.4,79.3,76.5,81.1,77.5,76.9,78.1,85.4,78.0,79.7,78.8,82.0,77.5,72.3,74.5,73.7,76.3,74.0,74.2,74.3,73.8,75.7,80.6,76.3,75.3,76.5,76.1,77.4,77.7,79.3,80.2,79.9,79.3,80.0,75.9,78.4,77.8,76.6,78.2,78.2,76.9,72.7,71.4,74.0,76.2,74.4
6254,82.5,77.4,77.8,83.0,80.2,80.2,80.9,79.0,78.2,77.1,79.3,78.3,79.1,76.2,79.7,78.3,78.8,76.7,79.2,79.7,78.4,77.6,79.6,77.9,81.5,80.7,78.6,78.4,77.6,78.0,78.9,77.0,75.9,76.7,75.5,75.5,80.5,76.0,80.5,76.8,79.0,78.8,80.9,77.7,82.1,78.1,78.1,78.7,86.1,79.3,80.4,79.9,83.1,78.8,73.2,75.6,74.6,77.2,75.8,75.2,75.8,75.9,77.3,81.7,78.8,76.2,78.5,77.0,78.0,78.5,80.0,81.5,81.2,80.1,81.4,77.1,79.2,78.6,77.3,79.5,79.4,78.4,74.2,72.0,75.3,77.0,75.6
6255,82.8,77.4,77.7,83.8,80.7,80.6,81.4,79.4,78.4,77.2,79.5,78.7,79.3,76.4,80.1,78.3,79.0,77.5,79.2,79.8,78.6,78.1,79.8,78.4,82.1,81.2,78.9,78.6,77.7,78.0,79.2,76.9,76.4,77.2,76.2,76.0,80.6,75.9,80.9,77.1,79.6,78.6,81.6,78.4,82.5,78.0,78.9,79.0,86.4,79.6,80.6,80.0,83.4,78.8,73.8,76.0,75.3,77.6,76.8,75.5,76.4,77.5,77.9,82.1,80.3,76.3,79.4,77.3,78.1,78.7,80.0,82.2,81.5,80.7,81.9,77.2,79.2,78.7,77.5,80.3,80.0,79.1,74.7,72.0,75.8,77.1,76.2
6256,82.0,76.4,77.0,83.5,80.3,80.4,81.1,79.0,77.7,76.7,79.2,78.5,78.8,76.2,79.6,77.8,78.6,77.1,78.7,79.2,78.1,77.5,79.3,78.1,82.0,81.1,78.5,78.2,77.2,77.6,78.7,76.3,76.2,77.0,76.1,75.8,80.0,74.9,80.9,76.2,79.5,77.4,81.4,78.3,82.1,76.9,78.6,78.4,85.6,79.5,80.2,79.4,83.1,77.9,73.6,75.7,75.1,77.5,77.3,75.2,76.0,78.1,77.8,81.5,80.4,75.8,79.4,77.0,77.6,78.4,79.4,82.1,81.0,80.6,81.7,76.7,78.4,78.1,77.0,80.4,80.1,79.2,74.6,71.0,75.8,76.8,76.0
6257,79.6,74.2,74.5,82.5,79.2,79.2,79.9,77.9,76.1,75.4,77.4,77.4,77.3,75.1,78.5,76.2,77.3,75.3,77.1,77.1,76.8,76.1,78.3,76.8,80.6,80.0,77.5,76.9,75.9,76.5,77.5,74.8,75.2,75.9,75.4,74.7,77.8,72.6,79.9,74.5,78.7,74.7,80.4,77.1,80.1,74.8,77.7,76.8,83.4,78.3,79.2,77.6,81.9,75.3,72.9,74.2,74.7,76.5,76.8,73.6,74.4,77.9,76.2,80.1,79.5,73.9,77.8,75.8,76.3,76.9,78.1,81.0,79.2,79.8,79.9,75.3,76.5,76.4,75.9,79.4,78.9,78.3,73.5,69.2,74.9,75.7,74.8
6258,73.9,69.3,68.0,79.9,76.9,76.8,77.4,75.0,72.6,72.5,73.6,74.6,72.5,72.7,75.8,73.0,74.0,70.0,73.0,72.1,73.9,72.8,75.3,73.9,77.9,77.2,75.4,74.0,72.9,73.6,74.7,71.1,72.4,72.9,73.2,72.1,73.1,67.9,77.5,70.5,76.7,69.1,77.8,74.2,74.9,70.0,74.6,72.2,77.5,75.6,76.9,74.2,79.3,68.7,70.7,70.7,72.5,74.1,75.1,69.1,71.2,75.8,71.9,74.7,76.6,69.1,73.3,73.6,72.8,72.9,75.1,78.7,74.9,77.7,74.0,72.1,71.8,72.1,72.8,76.8,76.1,75.5,70.3,66.1,72.8,72.6,71.6
6259,69.8,65.0,63.7,75.2,73.1,73.6,74.1,70.3,69.5,69.5,69.5,70.7,68.5,69.8,72.1,69.5,68.5,64.7,69.0,68.4,69.9,69.0,71.1,69.2,72.4,72.1,73.3,70.0,68.6,70.1,70.7,67.1,67.5,69.2,69.5,67.4,69.2,64.0,73.1,66.3,73.9,64.9,72.7,69.0,71.0,66.1,70.1,67.1,73.6,69.0,72.4,71.1,73.9,64.3,67.4,66.5,67.9,69.8,71.4,64.9,68.2,69.9,66.6,68.9,72.1,63.2,68.0,70.9,69.0,68.3,69.9,73.1,69.6,72.0,68.7,66.3,67.6,67.9,69.2,71.2,71.1,70.3,61.2,63.7,68.7,68.8,65.9
6260,67.1,62.4,61.6,71.4,70.8,71.6,72.0,67.7,68.0,67.9,67.5,68.3,66.7,68.1,70.0,67.8,66.1,62.4,67.1,66.5,67.8,66.9,69.1,67.2,69.1,69.3,71.7,68.1,66.1,68.1,68.5,65.8,65.0,66.7,67.3,65.0,67.1,61.8,70.0,63.5,70.9,63.2,69.1,65.8,68.8,63.5,66.7,64.4,70.1,64.0,68.8,68.9,69.1,62.4,64.8,63.4,64.6,67.4,67.8,63.2,65.6,65.0,62.8,65.1,68.8,60.3,65.3,69.4,67.1,66.4,66.7,69.1,66.9,68.3,65.3,63.3,65.6,66.1,67.7,67.4,68.4,66.6,58.1,62.1,66.0,66.5,63.2
6261,64.9,60.5,59.9,68.9,68.8,70.0,70.3,66.3,66.7,66.8,66.0,66.9,65.4,66.7,68.6,66.5,64.5,60.4,65.6,65.2,66.4,65.7,67.8,66.1,67.2,67.9,70.1,66.5,64.7,67.0,67.1,64.9,63.5,65.0,66.0,63.5,65.2,60.0,67.9,61.4,69.0,61.8,66.9,63.6,66.7,61.7,64.0,61.7,67.2,61.5,65.9,66.4,66.4,60.8,63.3,61.0,62.6,65.2,64.9,61.7,63.7,62.1,60.3,61.4,66.3,58.1,62.9,68.1,65.9,65.2,64.6,66.8,64.4,66.0,62.7,61.3,64.5,64.6,66.2,65.5,66.7,64.6,57.5,60.9,64.3,65.0,61.5
6262,63.2,59.3,58.4,67.3,67.3,68.7,68.8,65.2,65.5,65.8,64.7,65.8,64.2,65.7,67.2,65.5,63.5,58.9,64.4,64.2,65.1,64.6,66.6,65.1,65.8,66.7,68.9,65.4,63.5,66.1,65.8,64.3,62.1,63.2,64.5,62.2,63.9,58.4,66.4,59.5,67.7,60.8,65.3,62.4,64.8,60.4,61.8,59.4,64.4,59.7,63.9,63.9,64.4,59.5,62.1,58.7,61.6,63.9,63.0,60.4,62.1,59.9,58.7,58.7,64.2,56.3,60.7,67.0,64.9,64.1,62.7,65.1,62.1,64.5,60.0,59.5,63.5,63.7,65.1,64.2,65.5,63.0,57.4,59.9,63.1,63.8,60.2
6263,61.4,58.2,57.1,65.6,66.0,67.5,67.6,64.3,64.6,64.8,63.7,64.7,63.2,64.8,66.1,64.5,62.5,57.3,63.4,63.3,64.0,63.9,65.9,64.1,64.5,65.5,68.0,64.5,62.6,65.2,64.8,63.5,60.9,62.0,63.5,61.4,62.9,57.1,65.2,58.1,66.2,59.8,63.7,61.1,63.0,59.1,59.6,57.3,60.5,57.8,62.4,61.6,62.9,58.1,60.7,56.7,60.4,62.7,61.8,59.1,60.4,58.2,57.1,56.0,62.1,54.7,58.5,66.0,64.1,63.0,61.0,63.3,60.3,63.0,57.5,57.9,62.5,62.7,64.3,63.0,64.5,61.6,57.0,59.0,61.9,62.8,59.3
6264,59.5,57.0,56.2,64.2,64.9,66.6,66.5,63.4,63.8,64.0,62.7,63.7,62.5,64.0,65.2,63.7,61.5,56.0,62.5,62.5,63.2,63.0,65.1,63.3,63.4,64.4,67.0,63.4,61.8,64.4,63.9,62.9,60.2,61.1,62.6,60.4,62.1,55.9,64.1,56.8,64.9,59.0,62.4,59.8,61.2,57.9,57.6,56.1,58.0,56.3,60.9,59.4,61.3,57.1,59.8,55.1,59.4,61.5,60.7,57.8,59.4,56.8,55.8,54.0,60.1,53.2,56.3,65.3,63.3,62.1,59.7,62.0,58.6,61.6,55.6,56.2,61.6,61.8,63.4,62.0,63.3,60.1,56.5,58.3,61.0,61.7,58.5
6265,58.1,56.0,55.0,62.9,64.2,65.6,65.6,62.6,62.9,63.3,61.8,62.9,61.7,63.3,64.3,63.0,61.0,54.7,61.7,61.7,62.5,62.3,64.3,62.4,62.3,63.5,66.3,62.7,61.0,63.7,63.2,62.0,59.4,60.3,61.8,59.5,61.4,55.0,63.2,55.3,63.8,58.3,61.3,58.9,59.9,57.1,55.9,54.5,55.9,54.4,59.7,57.4,59.6,55.9,58.8,53.7,58.2,60.4,59.4,56.5,58.1,55.4,54.4,52.1,58.2,51.8,54.5,64.5,62.5,61.2,58.2,60.7,57.2,59.9,53.9,54.5,60.9,61.1,62.9,61.1,62.5,58.7,56.0,57.5,60.2,61.0,57.8
6266,56.7,55.0,53.9,61.7,63.4,64.7,64.6,61.8,62.3,62.7,61.1,62.2,61.0,62.6,63.5,62.4,60.6,53.3,61.0,61.0,61.8,61.7,63.7,61.7,61.3,62.9,65.6,61.9,60.3,63.0,62.4,61.4,58.6,59.6,61.1,58.9,60.5,54.1,62.3,54.2,62.7,57.6,60.3,58.0,58.7,56.2,54.5,53.2,53.7,53.2,58.5,55.6,58.0,54.8,57.7,52.3,57.4,59.4,58.3,55.6,56.9,54.4,53.4,50.4,56.8,50.5,52.6,63.8,61.8,60.6,56.5,59.5,55.8,58.5,52.6,53.2,60.4,60.3,62.3,60.1,61.7,57.5,55.4,56.9,59.2,60.2,57.1
6267,55.6,54.1,53.2,60.8,62.8,64.0,63.8,61.2,61.6,62.0,60.5,61.6,60.4,61.9,63.0,61.8,60.0,52.4,60.4,60.2,61.1,61.1,63.0,61.0,60.6,62.3,64.8,61.3,59.8,62.5,61.7,60.9,57.9,58.9,60.4,58.3,59.9,53.2,61.4,53.0,61.7,57.0,59.4,56.5,57.3,55.3,53.2,52.2,52.2,51.5,57.4,54.4,56.5,53.8,56.6,51.2,56.5,58.5,57.2,54.2,55.9,53.1,52.5,48.8,55.4,49.4,50.9,63.1,61.0,60.0,55.2,58.6,54.4,57.5,51.5,51.8,60.0,59.6,61.7,59.3,60.9,56.5,54.6,56.3,58.3,59.5,56.5
6268,54.3,53.3,52.3,59.8,62.1,63.4,63.3,60.5,61.1,61.5,59.9,61.0,59.8,61.3,62.4,61.3,59.6,51.6,59.8,59.7,60.6,60.6,62.5,60.2,59.9,61.6,64.1,60.7,59.2,61.8,61.1,60.4,57.3,58.3,59.6,57.7,59.3,52.7,60.6,51.9,60.8,56.5,58.6,55.5,56.1,54.4,52.2,51.3,50.7,50.0,56.5,53.0,55.1,53.0,55.7,50.3,55.7,58.0,56.3,53.2,54.9,52.2,51.6,47.2,54.3,48.5,49.5,62.3,60.5,59.6,54.2,57.9,53.2,56.4,50.3,50.4,59.6,59.0,61.2,58.3,60.2,55.6,53.5,55.8,57.7,58.9,55.9
6269,53.2,53.0,51.7,59.0,61.4,63.0,62.7,60.1,60.5,61.0,59.7,60.4,59.3,60.8,61.8,60.8,59.3,50.9,59.5,59.3,60.2,60.1,61.9,59.7,59.0,61.1,63.6,60.2,58.8,61.5,60.7,60.1,56.7,57.4,59.2,57.1,58.8,51.8,59.9,51.1,59.9,56.1,57.7,54.6,55.1,53.2,51.3,50.2,49.6,49.1,55.6,51.9,53.7,52.3,54.8,49.3,54.8,57.3,55.4,52.4,54.0,51.2,50.9,45.8,53.3,47.6,48.0,61.8,59.9,59.3,52.7,57.1,52.0,55.9,49.4,49.5,59.1,58.5,60.6,57.7,59.5,54.6,52.6,55.4,57.1,58.3,55.4
6270,52.7,52.9,51.7,58.1,61.0,62.5,62.3,59.6,60.1,60.6,59.4,60.0,59.2,60.3,61.5,60.2,58.9,50.4,59.2,59.4,59.9,59.6,61.5,59.1,58.2,60.6,63.2,59.7,58.2,61.2,60.3,59.7,56.1,57.0,58.8,56.9,58.2,51.8,59.4,50.4,59.0,56.0,57.0,53.8,54.5,52.7,50.7,50.0,48.8,48.0,54.6,51.1,52.9,52.0,54.0,48.9,54.0,56.8,54.6,51.7,53.5,50.0,50.5,44.8,52.4,47.2,46.8,61.3,59.5,58.9,51.7,56.3,51.2,55.2,48.6,48.6,58.9,58.3,60.2,57.1,58.9,53.6,51.7,55.4,56.6,57.8,55.0
6271,57.6,56.3,56.2,57.8,61.3,62.8,62.8,60.3,61.5,61.7,62.3,61.1,61.9,61.0,62.1,61.8,60.2,54.9,61.5,62.5,60.8,60.7,62.5,59.6,58.4,61.0,63.8,60.3,59.8,62.5,61.2,61.9,56.4,57.9,59.2,57.7,61.3,55.2,59.0,54.5,60.2,60.4,56.8,56.0,58.1,56.8,53.5,55.6,56.6,48.5,55.6,53.8,55.3,55.8,54.2,52.5,54.1,57.9,54.1,55.0,55.7,49.4,54.3,51.4,53.4,51.4,49.6,62.0,62.1,61.7,54.1,55.9,56.2,57.2,55.5,49.0,62.1,61.2,61.2,57.0,59.0,53.4,52.1,57.8,56.7,58.5,56.1
6272,63.2,61.5,62.2,62.0,64.3,65.5,65.8,63.9,65.0,64.8,66.0,64.2,65.9,63.9,65.2,65.5,64.2,60.4,65.4,66.3,64.4,64.5,66.1,62.8,62.1,64.6,66.2,63.8,63.5,65.8,64.5,65.1,59.8,61.4,61.5,61.0,65.6,60.2,62.1,60.3,63.3,65.8,60.3,60.6,63.0,62.8,57.8,62.5,65.4,55.3,62.9,58.5,61.7,60.6,56.8,57.8,58.5,61.7,57.2,59.3,58.5,53.2,60.0,60.4,56.5,58.1,56.1,64.8,66.2,65.5,60.6,60.2,61.9,63.4,62.9,57.3,66.1,65.0,64.5,60.3,62.4,57.0,57.8,61.2,59.6,62.1,60.0
6273,68.7,65.9,67.1,67.4,68.1,68.8,69.3,67.7,68.7,68.0,69.9,68.0,69.7,67.1,68.9,69.3,68.2,64.1,69.4,70.9,68.1,68.5,69.7,66.7,66.6,68.4,69.3,67.6,67.2,69.2,68.0,68.4,63.8,65.5,64.5,64.4,69.7,64.6,66.6,64.8,66.6,69.9,65.4,64.9,67.9,68.1,62.7,67.0,72.2,62.7,69.0,63.8,67.7,65.4,60.5,62.7,62.9,65.6,61.4,63.6,61.7,58.4,64.2,67.5,60.3,63.0,61.4,67.9,69.6,69.2,66.6,65.9,67.1,68.3,68.1,63.1,70.2,68.9,67.9,64.8,66.3,61.6,62.6,64.4,63.5,66.2,64.1
6274,73.3,69.9,70.8,72.1,71.7,72.1,72.8,71.5,72.0,70.8,73.1,71.7,72.8,70.0,72.2,72.3,71.6,67.5,72.9,74.2,71.3,71.4,73.0,70.2,71.0,72.2,72.3,71.3,70.7,72.1,71.5,71.1,67.7,69.2,67.6,67.8,73.2,68.3,70.8,68.4,69.9,73.0,69.9,68.3,72.3,71.8,67.7,71.0,76.9,68.5,73.4,68.7,73.0,69.6,64.7,66.8,66.9,69.3,65.3,67.1,65.3,63.3,67.8,72.5,64.5,67.1,65.8,70.9,72.5,72.4,71.8,70.7,71.6,71.9,72.1,68.0,73.3,72.3,70.8,69.3,70.5,66.5,65.3,66.8,67.0,69.9,67.9
6275,76.9,72.9,73.6,76.0,74.8,75.0,75.7,74.3,74.4,72.9,75.5,74.4,75.1,72.3,74.9,74.6,74.4,70.5,75.1,76.4,74.0,73.8,75.4,72.9,74.8,75.2,74.5,74.0,73.5,74.5,74.2,73.3,70.6,72.1,70.5,70.8,75.9,71.3,74.3,71.6,73.0,75.4,73.7,71.2,76.0,74.4,71.8,74.1,80.4,72.6,76.5,73.1,77.0,73.1,68.2,70.1,70.0,72.2,68.7,69.9,68.6,67.3,71.0,75.9,68.7,70.4,69.7,73.0,74.5,74.7,75.4,74.7,75.1,74.9,75.4,71.6,75.6,74.7,73.2,72.8,73.6,71.0,67.9,69.0,70.0,72.7,70.7
6276,79.7,75.2,75.7,79.0,77.3,77.2,77.9,76.3,76.0,74.7,77.2,76.1,76.9,73.9,77.0,76.3,76.4,73.2,77.0,78.0,75.9,75.6,77.2,75.0,77.7,77.6,76.3,75.9,75.4,75.9,76.5,74.9,73.1,74.3,72.7,73.0,78.1,73.6,77.1,74.1,75.3,77.1,76.9,74.1,78.9,76.3,74.8,76.4,83.3,75.8,78.4,76.3,80.0,75.5,70.6,72.5,72.2,74.3,71.5,72.2,71.5,70.7,73.6,78.4,72.7,73.2,73.3,74.7,76.1,76.4,77.7,77.6,77.9,77.5,77.8,74.2,77.2,76.4,75.1,75.8,76.2,74.2,70.5,70.4,72.3,74.7,72.9
6277,81.5,76.8,77.1,81.4,78.9,78.9,79.6,77.9,77.2,76.1,78.4,77.5,78.0,75.3,78.6,77.4,77.7,75.2,77.9,79.1,77.5,76.8,78.4,76.6,79.9,79.4,77.5,77.4,76.8,77.0,78.0,75.8,74.8,75.9,74.3,74.4,79.5,75.4,79.0,75.9,77.5,78.3,79.3,76.4,81.0,77.5,76.8,78.0,85.2,77.8,79.7,78.3,82.0,77.5,71.9,74.0,73.5,76.1,73.6,73.8,73.9,73.5,75.5,80.1,75.9,74.9,76.0,76.0,77.1,77.5,79.3,80.1,79.8,79.1,79.5,75.8,78.2,77.6,76.4,78.0,78.1,76.8,72.4,71.3,74.0,76.1,74.4
6278,82.5,77.6,77.8,82.9,80.0,80.0,80.8,78.9,77.8,76.9,79.0,78.1,78.8,76.1,79.5,78.1,78.6,76.4,78.9,79.6,78.3,77.3,79.4,77.7,81.3,80.6,78.4,78.2,77.5,77.7,78.7,76.6,76.0,76.7,75.4,75.5,80.4,76.1,80.4,76.8,78.9,78.7,80.8,77.7,82.1,78.0,78.1,78.5,86.0,79.2,80.4,79.4,83.1,78.8,72.9,75.2,74.4,76.9,75.4,74.8,75.4,75.5,77.0,81.2,78.3,75.7,78.1,76.9,77.7,78.3,79.9,81.4,81.1,80.0,80.9,77.0,78.9,78.4,77.1,79.5,79.3,78.4,73.9,72.0,75.4,76.9,75.6
6279,82.8,77.7,77.8,83.6,80.5,80.4,81.3,79.3,78.0,77.1,79.2,78.5,79.0,76.3,79.9,78.1,78.8,77.2,79.0,79.7,78.5,77.9,79.6,78.2,82.1,81.1,78.7,78.5,77.7,77.7,79.0,76.6,76.6,77.3,76.3,76.0,80.5,76.0,80.9,77.1,79.5,78.5,81.5,78.3,82.5,78.0,78.9,78.8,86.3,79.5,80.5,79.6,83.4,78.8,73.5,75.5,75.0,77.3,76.5,75.1,76.0,77.1,77.6,81.5,79.8,75.8,79.0,77.1,77.8,78.5,80.0,82.1,81.4,80.6,81.4,77.1,78.9,78.5,77.4,80.4,79.9,79.2,74.5,71.9,76.0,77.0,76.2
6280,82.0,76.7,77.0,83.4,80.2,80.2,80.9,78.9,77.3,76.5,78.8,78.2,78.5,76.0,79.5,77.7,78.4,76.8,78.4,79.0,78.0,77.3,79.1,78.0,81.9,81.0,78.4,78.0,77.1,77.3,78.5,76.0,76.4,77.1,76.1,75.8,80.1,75.1,80.9,76.2,79.5,77.4,81.4,78.2,82.1,77.0,78.5,78.2,85.4,79.3,80.1,78.9,83.0,77.9,73.2,75.2,74.8,77.1,76.9,74.7,75.5,77.7,77.4,80.9,79.8,75.3,79.0,76.8,77.3,78.1,79.4,82.0,81.1,80.5,81.2,76.5,78.1,77.9,76.9,80.4,80.0,79.3,74.3,70.9,76.0,76.8,76.1
6281,79.5,74.4,74.5,82.4,79.0,79.0,79.7,77.7,75.7,75.2,77.1,77.2,76.9,75.0,78.4,76.0,77.1,74.9,76.7,76.8,76.6,75.9,78.1,76.7,80.5,79.8,77.3,76.7,75.8,76.1,77.4,74.4,75.4,76.0,75.4,74.7,77.9,72.8,79.8,74.5,78.7,74.6,80.4,77.1,80.0,74.7,77.5,76.5,83.2,78.1,79.1,77.1,81.7,75.2,72.4,73.7,74.3,76.2,76.4,73.0,73.9,77.5,75.7,79.6,78.9,73.3,77.4,75.7,75.9,76.6,78.2,80.9,79.2,79.7,79.4,75.0,76.2,76.2,75.7,79.5,78.9,78.4,73.2,69.0,75.1,75.6,74.9
6282,73.6,69.5,67.9,79.8,76.7,76.6,77.2,74.7,72.2,72.2,73.2,74.3,72.1,72.5,75.6,72.8,73.7,69.5,72.7,71.8,73.7,72.6,75.1,73.7,77.8,76.9,75.1,73.8,72.7,73.2,74.5,70.7,72.5,72.9,73.1,72.0,73.0,68.0,77.4,70.4,76.6,68.7,77.8,74.0,74.8,69.9,74.5,72.0,77.3,75.3,76.8,73.7,79.1,68.6,70.4,70.2,72.0,73.7,74.7,68.5,70.8,75.4,71.4,74.1,75.9,68.5,72.7,73.3,72.4,72.5,75.1,78.6,74.8,77.5,73.3,71.8,71.4,71.7,72.6,76.8,76.0,75.5,69.9,65.9,72.8,72.5,71.5
6283,69.3,65.2,63.6,74.9,72.8,73.3,73.8,70.0,69.1,69.3,69.2,70.4,68.2,69.6,71.9,69.3,68.2,64.5,68.7,68.1,69.6,68.7,70.8,69.0,72.2,71.7,73.1,69.8,68.5,69.7,70.4,66.8,67.4,69.1,69.3,67.2,69.0,64.1,72.9,66.1,73.8,64.6,72.5,68.8,70.9,66.0,69.9,66.8,73.5,68.6,72.2,70.7,73.7,64.2,67.1,66.0,67.4,69.5,70.9,64.5,67.8,69.4,66.3,68.4,71.5,62.9,67.5,70.7,68.6,68.0,69.8,72.8,69.5,71.8,68.1,66.0,67.2,67.6,69.0,70.9,70.9,70.1,60.7,63.5,68.7,68.6,65.7
6284,66.6,62.5,61.4,71.0,70.4,71.3,71.8,67.5,67.6,67.7,67.1,68.0,66.5,67.8,69.7,67.6,65.7,62.2,66.7,66.2,67.5,66.6,68.8,67.1,69.0,69.0,71.5,67.8,65.9,67.7,68.1,65.6,64.8,66.5,67.1,64.7,66.8,61.8,69.8,63.4,70.8,62.9,68.9,65.6,68.6,63.3,66.6,64.1,69.9,63.7,68.7,68.4,69.0,62.3,64.4,63.1,64.2,67.1,67.4,62.8,65.3,64.7,62.6,64.6,68.3,60.2,64.7,69.2,66.8,66.2,66.6,68.8,66.7,68.0,64.7,63.1,65.2,65.7,67.4,67.2,68.2,66.4,57.8,62.0,66.0,66.3,63.1
6285,64.4,60.5,59.7,68.5,68.5,69.7,70.0,66.0,66.4,66.6,65.6,66.6,65.1,66.5,68.3,66.3,64.2,60.3,65.3,65.0,66.0,65.4,67.5,65.9,67.0,67.5,69.9,66.2,64.4,66.7,66.8,64.7,63.4,64.8,65.8,63.2,65.0,60.0,67.7,61.3,68.9,61.6,66.6,63.4,66.6,61.4,63.9,61.4,67.0,61.1,65.8,65.9,66.2,60.8,62.9,60.6,62.3,64.9,64.5,61.3,63.5,61.8,60.2,60.9,65.8,58.0,62.4,67.8,65.6,65.0,64.4,66.4,64.2,65.8,62.2,61.0,64.1,64.3,66.0,65.2,66.5,64.3,57.2,60.7,64.1,64.8,61.2
6286,62.8,59.4,58.2,66.9,67.0,68.4,68.5,64.9,65.2,65.5,64.4,65.5,63.9,65.5,67.0,65.3,63.1,58.7,64.1,64.0,64.8,64.4,66.3,65.0,65.6,66.4,68.6,65.0,63.3,65.8,65.5,64.1,61.9,62.9,64.3,61.9,63.7,58.4,66.1,59.3,67.5,60.5,65.1,62.2,64.7,60.2,61.6,59.1,64.1,59.4,63.7,63.5,64.3,59.4,61.8,58.4,61.3,63.6,62.7,60.1,61.9,59.7,58.4,58.2,63.7,56.2,60.2,66.8,64.5,63.9,62.6,64.7,61.9,64.2,59.4,59.3,63.1,63.3,64.8,63.8,65.3,62.7,57.1,59.7,62.9,63.6,60.0
6287,61.0,58.3,57.0,65.3,65.8,67.2,67.3,64.0,64.2,64.5,63.3,64.4,62.9,64.5,65.8,64.3,62.1,57.0,63.1,63.0,63.7,63.6,65.6,64.0,64.2,65.2,67.8,64.1,62.3,64.9,64.5,63.3,60.7,61.8,63.3,61.1,62.6,57.1,64.9,57.9,66.0,59.6,63.5,60.7,62.8,58.9,59.4,57.1,60.1,57.5,62.2,61.1,62.7,58.0,60.4,56.5,60.1,62.4,61.4,58.8,60.3,58.0,56.9,55.6,61.6,54.6,58.1,65.8,63.7,62.8,60.9,62.9,60.1,62.6,57.0,57.6,62.2,62.3,64.0,62.7,64.2,61.2,56.8,58.9,61.7,62.6,59.1
6288,59.2,57.0,56.0,63.9,64.7,66.3,66.2,63.1,63.4,63.8,62.3,63.4,62.2,63.7,64.9,63.5,61.1,55.8,62.2,62.1,62.9,62.8,64.8,63.1,63.1,64.1,66.8,63.2,61.5,64.1,63.6,62.6,59.9,60.8,62.4,60.2,61.8,56.0,63.8,56.6,64.6,58.7,62.1,59.5,61.0,57.7,57.4,55.7,57.7,56.0,60.7,59.0,61.2,56.9,59.4,54.9,59.1,61.2,60.3,57.6,59.2,56.6,55.6,53.5,59.6,53.1,55.8,65.0,62.9,61.8,59.6,61.6,58.4,61.3,55.1,56.0,61.3,61.4,63.1,61.6,63.0,59.8,56.3,58.2,60.7,61.4,58.4
6289,57.8,56.1,54.8,62.5,64.0,65.4,65.3,62.2,62.6,63.1,61.5,62.6,61.4,63.0,64.1,62.8,60.6,54.6,61.4,61.4,62.2,62.1,64.1,62.2,62.0,63.2,66.0,62.4,60.7,63.4,62.9,61.8,59.1,60.0,61.6,59.2,61.2,54.9,62.8,55.0,63.5,58.1,61.1,58.5,59.7,56.9,55.6,54.2,55.6,54.0,59.5,57.0,59.4,55.8,58.5,53.5,57.9,60.1,59.0,56.3,57.9,55.3,54.3,51.6,57.7,51.8,54.1,64.2,62.1,61.0,58.1,60.3,57.0,59.6,53.5,54.2,60.7,60.7,62.6,60.7,62.2,58.5,55.8,57.5,59.9,60.7,57.6
6290,56.3,55.1,53.8,61.4,63.2,64.4,64.3,61.4,61.9,62.4,60.8,61.9,60.7,62.3,63.3,62.2,60.2,53.2,60.8,60.8,61.5,61.5,63.4,61.5,61.1,62.6,65.3,61.7,60.0,62.7,62.0,61.1,58.2,59.4,60.8,58.7,60.3,54.0,61.9,53.9,62.4,57.3,60.0,57.7,58.4,55.9,54.3,52.9,53.4,52.9,58.2,55.2,57.7,54.7,57.4,52.2,57.1,59.1,57.9,55.3,56.7,54.2,53.3,49.9,56.3,50.4,52.2,63.6,61.5,60.3,56.4,59.1,55.6,58.3,52.2,52.8,60.2,60.0,62.0,59.8,61.4,57.4,55.1,56.9,58.9,59.9,56.9
6291,55.2,54.0,53.1,60.4,62.5,63.7,63.5,60.8,61.3,61.8,60.2,61.3,60.1,61.6,62.8,61.6,59.6,52.3,60.1,60.0,60.9,60.8,62.7,60.8,60.3,61.9,64.6,61.1,59.5,62.2,61.4,60.6,57.6,58.7,60.2,58.0,59.6,53.1,61.1,52.7,61.4,56.8,59.1,56.1,57.1,55.0,52.9,51.9,52.0,51.2,57.2,53.9,56.2,53.6,56.3,51.1,56.2,58.3,56.8,54.1,55.7,52.9,52.4,48.3,55.0,49.2,50.5,62.8,60.8,59.7,55.1,58.2,54.2,57.2,51.1,51.5,59.8,59.3,61.4,59.0,60.6,56.3,54.4,56.4,58.1,59.2,56.2
6292,53.9,53.2,52.2,59.5,61.8,63.1,63.0,60.2,60.8,61.2,59.6,60.7,59.5,61.1,62.2,61.1,59.1,51.6,59.5,59.5,60.4,60.3,62.2,60.0,59.6,61.3,63.9,60.5,58.9,61.6,60.8,60.2,57.0,58.0,59.4,57.4,59.0,52.5,60.2,51.7,60.5,56.3,58.2,55.2,55.8,54.1,51.8,50.9,50.3,49.8,56.2,52.6,54.8,52.9,55.4,50.2,55.4,57.8,56.0,53.1,54.7,52.0,51.5,46.6,53.9,48.4,49.1,62.1,60.3,59.3,54.0,57.6,53.0,56.0,49.8,50.1,59.4,58.6,60.9,58.0,59.9,55.4,53.3,55.9,57.4,58.6,55.7
6293,52.8,52.9,51.6,58.7,61.1,62.8,62.4,59.7,60.3,60.7,59.4,60.2,59.1,60.6,61.6,60.6,58.9,50.7,59.2,59.1,59.9,59.9,61.6,59.4,58.7,60.9,63.4,59.9,58.5,61.2,60.4,59.9,56.4,57.1,59.0,56.8,58.4,51.7,59.6,50.9,59.7,56.0,57.4,54.3,54.8,53.0,50.9,49.8,49.4,48.8,55.4,51.4,53.6,52.0,54.5,49.2,54.4,57.1,55.0,52.2,53.8,51.0,50.8,45.3,52.9,47.5,47.7,61.6,59.7,59.0,52.5,56.7,51.9,55.6,48.9,49.2,58.9,58.2,60.4,57.4,59.2,54.4,52.4,55.4,56.8,58.0,55.2
6294,52.3,52.9,51.4,57.8,60.6,62.3,62.0,59.2,59.9,60.4,59.2,59.8,59.0,60.1,61.3,60.1,58.5,50.2,58.9,59.2,59.6,59.4,61.3,58.9,57.9,60.4,63.0,59.4,57.9,61.0,60.1,59.5,55.8,56.6,58.6,56.5,57.8,51.7,59.1,50.2,58.8,55.9,56.7,53.6,54.2,52.5,50.3,49.7,48.6,47.7,54.5,50.6,52.8,51.8,53.8,48.8,53.7,56.5,54.2,51.5,53.4,49.9,50.4,44.2,52.1,47.1,46.4,61.1,59.3,58.6,51.5,55.9,51.1,54.9,48.0,48.4,58.7,58.0,60.0,56.7,58.6,53.3,51.5,55.3,56.4,57.5,54.8
6295,57.3,56.3,56.0,57.5,61.0,62.5,62.5,59.9,61.2,61.5,62.0,60.8,61.6,60.7,61.8,61.6,59.8,54.6,61.2,62.2,60.5,60.4,62.2,59.3,58.1,60.7,63.6,60.0,59.4,62.2,60.9,61.6,56.1,57.5,58.9,57.4,61.0,55.0,58.7,54.3,60.0,60.3,56.5,55.6,57.9,56.6,53.1,55.3,56.2,48.1,55.4,53.3,55.0,55.6,54.0,52.1,53.7,57.6,53.8,54.6,55.5,49.2,54.0,50.8,53.0,51.0,49.2,61.8,61.9,61.4,53.8,55.5,56.0,57.0,55.0,48.6,61.8,60.9,60.9,56.8,58.7,53.2,51.8,57.8,56.4,58.1,55.8
6296,63.0,61.5,62.1,61.7,64.0,65.2,65.6,63.7,64.8,64.6,65.8,63.9,65.7,63.7,65.1,65.4,63.9,60.1,65.1,66.1,64.2,64.2,65.9,62.6,61.8,64.5,66.1,63.6,63.3,65.6,64.2,64.9,59.6,61.0,61.3,60.7,65.5,60.2,61.9,60.1,63.1,65.9,60.1,60.3,62.9,62.7,57.4,62.1,65.1,54.9,62.6,58.0,61.4,60.5,56.4,57.4,58.1,61.4,56.8,58.9,58.2,52.9,59.6,59.9,56.1,57.7,55.6,64.6,65.9,65.3,60.4,59.9,61.9,63.1,62.4,57.0,65.8,64.7,64.4,60.2,62.1,56.8,57.5,61.1,59.4,61.9,59.9
6297,68.6,66.0,67.0,67.2,68.0,68.7,69.2,67.6,68.5,67.9,69.7,67.8,69.5,67.0,68.9,69.1,68.0,63.8,69.2,70.7,68.0,68.3,69.6,66.6,66.5,68.3,69.1,67.5,67.1,69.0,67.9,68.2,63.7,65.3,64.3,64.2,69.6,64.5,66.5,64.7,66.4,70.0,65.3,64.6,67.8,68.1,62.3,66.7,71.9,62.2,68.8,63.4,67.5,65.3,60.1,62.3,62.6,65.2,61.0,63.1,61.4,58.1,63.8,67.0,59.9,62.6,60.9,67.8,69.4,69.0,66.4,65.8,67.1,68.1,67.6,62.7,69.9,68.6,67.8,64.8,66.3,61.5,62.2,64.3,63.4,66.1,64.0
6298,73.2,69.9,70.7,72.0,71.6,72.0,72.8,71.5,71.8,70.7,72.8,71.5,72.7,69.9,72.2,72.2,71.5,67.1,72.7,74.1,71.3,71.3,72.9,70.1,71.0,72.1,72.2,71.3,70.7,72.0,71.4,70.9,67.7,69.0,67.5,67.7,73.1,68.2,70.8,68.4,69.8,73.2,69.9,68.1,72.3,71.9,67.4,70.6,76.6,68.0,73.2,68.4,72.8,69.6,64.3,66.3,66.5,68.9,64.9,66.6,64.9,63.0,67.4,72.0,64.2,66.6,65.4,70.8,72.3,72.2,71.6,70.7,71.6,71.7,71.7,67.6,73.2,72.1,70.7,69.3,70.5,66.4,65.0,66.8,67.0,69.9,67.9
6299,76.9,72.9,73.6,76.0,74.8,74.9,75.7,74.3,74.2,72.9,75.3,74.3,75.0,72.2,74.9,74.6,74.2,70.0,74.9,76.3,74.0,73.7,75.3,72.8,74.9,75.2,74.4,74.0,73.6,74.3,74.2,73.1,70.6,72.0,70.5,70.8,75.9,71.3,74.3,71.6,72.9,75.6,73.8,71.0,76.1,74.5,71.4,73.8,80.1,72.2,76.3,72.8,76.7,73.1,67.7,69.6,69.6,71.8,68.3,69.4,68.2,67.0,70.5,75.5,68.4,69.9,69.4,72.9,74.3,74.6,75.2,74.7,75.2,74.7,75.0,71.2,75.6,74.6,73.1,73.0,73.7,70.8,67.6,69.0,70.1,72.7,70.7
6300,79.7,75.2,75.6,78.9,77.3,77.3,78.0,76.3,75.9,74.7,77.1,76.1,76.8,73.8,77.0,76.2,76.3,72.7,76.9,77.9,75.9,75.6,77.1,75.1,77.9,77.7,76.2,75.9,75.5,75.8,76.5,74.8,73.2,74.3,72.7,73.0,78.2,73.6,77.1,74.1,75.3,77.3,77.0,73.9,78.9,76.4,74.6,76.1,83.0,75.4,78.3,76.0,79.8,75.6,70.1,72.0,71.7,73.9,71.1,71.6,71.0,70.4,73.1,78.0,72.3,72.6,73.0,74.6,76.0,76.4,77.5,77.6,78.0,77.3,77.3,73.9,77.1,76.4,75.0,75.9,76.3,74.1,70.2,70.5,72.4,74.7,73.0
6301,81.6,76.9,77.1,81.4,78.8,78.9,79.7,77.9,77.0,76.0,78.3,77.4,78.0,75.2,78.7,77.3,77.7,74.7,77.9,79.0,77.5,76.7,78.3,76.6,80.1,79.4,77.4,77.4,76.9,76.9,78.0,75.7,75.0,75.9,74.4,74.4,79.6,75.4,79.1,75.9,77.4,78.5,79.4,76.2,81.1,77.7,76.6,77.7,84.8,77.4,79.5,77.9,81.8,77.4,71.5,73.5,73.1,75.6,73.2,73.2,73.4,73.1,75.0,79.8,75.5,74.3,75.7,75.9,77.0,77.4,79.0,80.2,79.9,78.9,79.0,75.5,78.0,77.6,76.3,78.2,78.2,76.8,72.2,71.4,74.2,76.1,74.5
6302,82.6,77.7,77.9,83.0,80.0,79.9,80.8,78.9,77.6,76.8,78.9,78.0,78.8,76.0,79.5,78.0,78.5,75.9,78.8,79.5,78.3,77.2,79.3,77.7,81.5,80.6,78.3,78.2,77.6,77.6,78.7,76.5,76.0,76.8,75.5,75.5,80.4,76.1,80.4,76.8,78.8,78.9,81.0,77.5,82.3,78.3,77.8,78.2,85.7,78.9,80.3,79.1,82.9,78.8,72.4,74.6,73.9,76.5,75.0,74.2,74.8,75.1,76.4,80.8,77.9,75.2,77.8,76.8,77.6,78.2,79.8,81.5,81.2,79.8,80.5,76.6,78.9,78.4,77.1,79.6,79.4,78.4,73.7,72.0,75.5,76.8,75.7
6303,82.9,77.7,77.9,83.7,80.5,80.4,81.3,79.2,77.8,77.0,79.2,78.5,79.0,76.2,80.0,78.0,78.8,76.6,78.9,79.7,78.5,77.7,79.5,78.2,82.3,81.1,78.6,78.4,77.7,77.7,79.0,76.5,76.7,77.3,76.3,76.0,80.6,76.0,80.9,77.2,79.5,78.7,81.7,78.0,82.5,78.2,78.6,78.5,86.0,79.1,80.3,79.3,83.2,78.7,73.1,74.9,74.5,76.8,76.1,74.5,75.5,76.8,76.9,81.1,79.3,75.2,78.7,77.1,77.7,78.4,79.8,82.2,81.6,80.3,81.0,76.8,78.8,78.4,77.3,80.5,80.1,79.2,74.2,72.0,76.1,77.0,76.4
6304,82.1,76.7,77.1,83.5,80.1,80.2,81.0,78.8,77.1,76.4,78.7,78.1,78.4,75.9,79.5,77.5,78.3,76.1,78.3,78.9,77.9,77.1,79.0,78.0,82.1,81.0,78.2,78.0,77.1,77.2,78.5,75.9,76.6,77.1,76.1,75.8,80.1,75.0,80.9,76.4,79.5,77.5,81.5,77.9,82.1,77.2,78.3,77.9,85.2,79.0,80.0,78.7,82.9,77.9,72.7,74.5,74.3,76.6,76.5,74.0,75.0,77.3,76.8,80.6,79.5,74.7,78.7,76.7,77.2,78.0,79.2,82.1,81.1,80.3,80.9,76.1,78.0,77.8,76.7,80.5,80.0,79.4,74.1,70.9,76.2,76.7,76.2
6305,79.4,74.2,74.3,82.5,79.0,78.9,79.7,77.6,75.4,75.1,76.9,77.1,76.8,74.8,78.3,75.9,77.0,74.2,76.5,76.7,76.5,75.7,77.9,76.6,80.7,79.7,77.2,76.7,75.7,76.0,77.3,74.3,75.5,75.9,75.3,74.7,77.9,72.6,79.9,74.6,78.7,74.8,80.5,76.8,79.9,74.8,77.4,76.3,82.9,77.7,79.0,76.9,81.5,75.1,71.9,73.0,73.9,75.7,76.0,72.4,73.4,77.1,75.0,79.3,78.5,72.7,77.1,75.5,75.8,76.5,78.0,81.0,79.1,79.4,79.1,74.6,76.1,76.1,75.5,79.5,78.9,78.4,72.9,69.0,75.3,75.5,75.0
6306,73.3,69.2,67.5,79.9,76.5,76.4,77.0,74.4,71.9,72.0,73.0,74.1,71.9,72.3,75.4,72.6,73.5,68.7,72.4,71.6,73.5,72.3,74.8,73.6,77.9,76.8,75.0,73.6,72.5,73.0,74.3,70.4,72.5,72.8,73.0,71.8,72.9,67.7,77.4,70.4,76.6,68.6,77.9,73.6,74.5,69.9,74.3,71.5,76.8,74.9,76.6,73.4,78.8,68.3,69.9,69.4,71.5,73.2,74.3,67.8,70.3,74.9,70.6,73.7,75.5,67.8,72.4,73.1,72.2,72.4,74.8,78.7,74.5,77.1,72.8,71.3,71.1,71.5,72.4,76.7,76.0,75.4,69.5,65.9,72.9,72.4,71.4
6307,69.1,65.0,63.4,74.9,72.6,73.1,73.6,69.8,68.9,69.0,69.0,70.2,68.1,69.4,71.7,69.2,67.9,63.9,68.5,67.9,69.3,68.5,70.6,68.9,72.1,71.4,72.9,69.6,68.3,69.4,70.2,66.7,67.3,69.0,69.2,66.9,69.0,63.8,72.7,65.9,73.7,64.6,72.4,68.6,70.6,65.9,69.7,66.5,73.2,68.1,71.9,70.5,73.4,63.9,66.7,65.4,67.0,69.0,70.4,63.9,67.2,68.8,65.7,67.9,71.0,62.2,67.0,70.6,68.5,67.8,69.5,72.8,69.3,71.3,67.6,65.5,67.0,67.4,68.8,70.6,70.7,70.0,60.2,63.6,68.6,68.5,65.6
6308,66.4,62.3,61.2,71.0,70.2,71.0,71.5,67.2,67.4,67.5,66.9,67.9,66.3,67.6,69.5,67.4,65.4,61.6,66.6,66.1,67.2,66.5,68.6,67.1,69.0,68.9,71.2,67.5,65.8,67.6,67.9,65.4,64.7,66.3,66.9,64.5,66.8,61.6,69.6,63.2,70.7,62.9,68.8,65.3,68.4,63.2,66.4,63.7,69.4,63.3,68.4,68.1,68.7,62.0,64.0,62.5,63.8,66.6,66.9,62.1,64.8,64.2,62.2,64.1,67.9,59.6,64.3,69.0,66.6,66.1,66.1,68.7,66.5,67.7,64.3,62.7,65.0,65.5,67.2,66.9,68.1,66.1,57.5,62.1,65.9,66.1,63.0
6309,64.3,60.4,59.5,68.5,68.3,69.5,69.7,65.7,66.2,66.4,65.5,66.4,64.9,66.3,68.1,66.1,63.8,59.7,65.1,64.8,65.7,65.1,67.3,65.9,67.0,67.3,69.7,65.9,64.3,66.5,66.5,64.5,63.2,64.5,65.6,63.0,64.9,59.9,67.5,61.1,68.8,61.5,66.6,63.1,66.4,61.4,63.6,61.1,66.5,60.7,65.7,65.5,65.9,60.4,62.5,60.0,61.9,64.6,64.2,60.6,63.1,61.5,59.8,60.4,65.4,57.4,61.9,67.6,65.4,64.8,64.0,66.3,64.1,65.4,61.7,60.8,63.9,64.1,65.7,65.0,66.4,64.0,57.0,60.9,64.0,64.6,61.1
6310,62.7,59.3,58.0,66.8,66.8,68.1,68.3,64.6,65.0,65.3,64.3,65.4,63.8,65.2,66.8,65.1,62.8,58.1,64.0,63.8,64.5,64.2,66.1,65.0,65.5,66.1,68.3,64.7,63.1,65.6,65.2,63.9,61.7,62.7,64.1,61.7,63.6,58.3,66.0,59.1,67.3,60.4,65.0,61.9,64.4,60.2,61.2,58.7,63.7,59.1,63.6,63.1,64.0,59.1,61.4,57.9,60.9,63.2,62.3,59.4,61.4,59.4,57.9,57.8,63.2,55.6,59.8,66.5,64.3,63.8,62.2,64.6,61.7,63.8,58.9,58.9,62.9,63.1,64.6,63.5,65.1,62.4,56.9,59.9,62.7,63.4,59.8
6311,60.9,58.1,56.8,65.2,65.7,67.0,67.0,63.7,64.0,64.3,63.2,64.2,62.9,64.2,65.6,64.1,61.8,56.5,63.0,62.9,63.4,63.4,65.3,63.9,64.1,65.0,67.5,63.9,62.1,64.7,64.3,63.0,60.4,61.6,63.1,60.9,62.5,56.9,64.8,57.7,65.8,59.5,63.3,60.5,62.6,58.8,59.1,56.8,59.7,57.2,62.1,60.7,62.5,57.7,60.1,55.9,59.8,62.1,61.0,58.1,59.9,57.7,56.4,55.1,61.2,54.1,57.6,65.6,63.5,62.6,60.5,62.8,59.8,62.3,56.6,57.3,62.0,62.0,63.8,62.3,64.0,60.9,56.6,59.0,61.5,62.4,58.9
6312,59.0,56.7,55.8,63.7,64.5,66.1,66.0,62.8,63.2,63.6,62.1,63.3,62.1,63.5,64.8,63.3,61.0,55.3,62.0,62.0,62.7,62.5,64.5,63.0,63.0,63.9,66.5,63.0,61.4,63.8,63.3,62.4,59.5,60.6,62.1,60.0,61.7,55.7,63.6,56.4,64.5,58.6,62.0,59.3,60.7,57.5,57.1,55.4,57.3,55.6,60.4,58.7,60.9,56.6,59.2,54.4,58.8,60.9,59.9,56.8,58.7,56.3,55.2,53.1,59.2,52.5,55.4,64.8,62.7,61.6,59.2,61.5,58.1,61.0,54.7,55.7,61.1,61.1,62.9,61.2,62.8,59.5,56.1,58.4,60.4,61.2,58.2
6313,57.5,55.9,54.6,62.3,63.8,65.2,65.1,61.9,62.4,62.9,61.3,62.4,61.3,62.8,63.9,62.7,60.4,54.2,61.2,61.3,62.0,61.9,63.8,62.0,61.8,63.0,65.8,62.2,60.5,63.2,62.6,61.6,58.7,59.8,61.3,59.1,61.0,54.6,62.7,54.8,63.3,57.8,60.8,58.3,59.3,56.7,55.3,53.8,55.2,53.7,59.2,56.5,59.2,55.6,58.3,53.1,57.7,59.9,58.7,55.6,57.5,54.9,53.8,51.1,57.4,51.3,53.7,64.0,61.9,60.7,57.8,60.1,56.6,59.3,53.1,54.0,60.6,60.5,62.4,60.3,61.9,58.1,55.5,57.7,59.5,60.5,57.4
6314,56.1,54.8,53.5,61.2,62.9,64.3,64.1,61.2,61.8,62.2,60.5,61.8,60.6,62.2,63.1,62.1,59.9,52.7,60.5,60.6,61.2,61.3,63.1,61.2,60.9,62.3,65.0,61.5,59.7,62.4,61.7,60.9,57.9,59.2,60.6,58.5,60.1,53.7,61.8,53.8,62.3,57.1,59.8,57.4,58.1,55.7,54.0,52.6,53.0,52.5,58.0,54.7,57.4,54.5,57.2,51.8,56.8,58.8,57.5,54.7,56.5,53.8,52.9,49.5,56.0,50.0,51.8,63.4,61.4,60.1,56.1,58.9,55.3,58.0,51.7,52.3,60.0,59.7,61.8,59.5,61.1,57.0,54.8,57.1,58.6,59.7,56.7
6315,55.0,53.8,52.8,60.3,62.2,63.4,63.3,60.5,61.1,61.5,59.9,61.2,60.0,61.5,62.5,61.5,59.3,51.8,59.9,59.8,60.6,60.6,62.5,60.5,60.1,61.8,64.3,60.9,59.2,62.0,61.1,60.5,57.2,58.5,59.9,57.8,59.4,52.7,61.0,52.5,61.3,56.4,58.8,55.8,56.8,54.8,52.6,51.6,51.6,50.8,56.9,53.5,55.9,53.4,56.1,50.8,56.0,58.0,56.5,53.4,55.4,52.5,52.1,47.7,54.8,48.8,50.2,62.6,60.7,59.5,54.6,58.0,53.8,56.9,50.6,51.0,59.5,59.0,61.2,58.6,60.2,56.0,54.1,56.5,57.7,59.0,56.0
6316,53.6,52.9,51.9,59.3,61.5,62.9,62.8,59.9,60.5,61.0,59.4,60.6,59.4,60.9,61.9,61.0,58.9,51.0,59.2,59.2,60.1,60.1,61.9,59.7,59.3,61.1,63.7,60.3,58.7,61.4,60.5,60.1,56.6,57.7,59.1,57.1,58.8,52.1,60.0,51.5,60.3,56.0,58.0,55.0,55.5,53.8,51.5,50.7,50.0,49.4,55.9,52.2,54.4,52.7,55.2,49.7,55.2,57.6,55.7,52.7,54.4,51.6,51.2,46.2,53.6,48.0,48.8,61.9,60.2,59.1,53.5,57.3,52.7,55.8,49.4,49.7,59.2,58.4,60.7,57.7,59.5,55.0,53.2,56.1,57.0,58.4,55.4
6317,52.6,52.6,51.2,58.4,60.8,62.5,62.2,59.4,60.1,60.5,59.2,60.1,59.0,60.4,61.3,60.5,58.6,50.3,58.9,58.8,59.7,59.7,61.3,59.1,58.4,60.5,63.1,59.6,58.3,61.0,60.2,59.7,56.0,56.8,58.6,56.5,58.3,51.3,59.3,50.7,59.5,55.7,57.1,54.0,54.4,52.7,50.7,49.6,49.0,48.5,55.0,51.1,53.2,51.8,54.4,48.9,54.3,56.9,54.7,51.8,53.6,50.6,50.5,44.8,52.7,47.2,47.5,61.4,59.6,58.8,52.1,56.4,51.6,55.3,48.5,48.8,58.7,57.9,60.2,57.1,58.9,54.0,52.2,55.6,56.4,57.8,54.9
6318,52.0,52.6,51.0,57.5,60.3,62.1,61.7,58.9,59.7,60.1,59.0,59.7,58.9,59.9,61.0,59.9,58.3,49.8,58.7,58.9,59.4,59.3,61.1,58.5,57.7,60.1,62.8,59.2,57.7,60.7,59.8,59.4,55.4,56.3,58.2,56.2,57.6,51.3,58.7,50.0,58.6,55.5,56.4,53.3,53.8,52.2,50.0,49.4,48.2,47.4,54.1,50.2,52.5,51.5,53.6,48.4,53.6,56.4,53.9,51.0,53.1,49.6,50.0,43.8,51.9,46.8,46.2,60.9,59.2,58.4,51.1,55.5,50.7,54.7,47.5,48.0,58.4,57.7,59.7,56.4,58.3,53.0,51.3,55.4,56.0,57.2,54.5
6319,56.9,55.9,55.6,57.1,60.6,62.3,62.2,59.5,61.0,61.2,61.7,60.6,61.3,60.5,61.5,61.4,59.5,54.0,61.0,61.9,60.2,60.3,61.9,59.0,57.8,60.4,63.3,59.7,59.1,62.0,60.5,61.3,55.6,57.1,58.5,57.0,60.8,54.6,58.4,54.1,59.7,60.0,56.2,55.2,57.5,56.2,52.8,54.9,55.8,47.7,55.0,52.9,54.6,55.3,53.7,51.6,53.5,57.3,53.5,54.1,55.1,48.8,53.5,50.3,52.7,50.5,48.8,61.6,61.6,61.1,53.4,55.1,55.6,56.6,54.5,48.2,61.5,60.5,60.6,56.4,58.3,52.8,51.5,57.8,56.0,57.8,55.4
6320,62.6,61.2,61.7,61.3,63.7,65.0,65.3,63.4,64.4,64.3,65.5,63.7,65.4,63.4,64.8,65.1,63.6,59.5,64.8,65.8,64.0,64.0,65.6,62.3,61.5,64.2,65.8,63.3,63.1,65.4,64.0,64.6,59.1,60.6,60.9,60.4,65.5,59.7,61.6,59.8,62.8,65.5,59.8,59.9,62.5,62.3,57.1,61.8,64.8,54.5,62.2,57.6,60.9,60.3,56.2,56.8,57.8,61.1,56.4,58.4,57.9,52.4,59.1,59.4,55.8,57.2,55.3,64.3,65.7,65.0,59.9,59.6,61.5,62.8,62.0,56.5,65.5,64.3,64.1,59.8,61.8,56.5,57.1,61.1,59.0,61.5,59.5
6321,68.2,65.6,66.6,66.9,67.8,68.5,69.0,67.3,68.0,67.6,69.4,67.5,69.1,66.8,68.7,68.9,67.7,63.2,68.9,70.3,67.7,68.1,69.3,66.3,66.3,68.1,68.9,67.3,66.8,68.8,67.7,67.8,63.4,64.9,63.9,63.8,69.5,64.1,66.3,64.4,66.2,69.6,65.0,64.3,67.4,67.8,62.0,66.4,71.6,61.7,68.4,63.0,67.0,65.2,59.8,61.7,62.3,64.9,60.7,62.5,61.0,57.7,63.3,66.6,59.6,62.1,60.5,67.5,69.2,68.7,66.0,65.4,66.7,67.7,67.3,62.2,69.7,68.3,67.5,64.5,66.1,61.3,61.8,64.3,63.1,65.7,63.7
6322,72.8,69.5,70.4,71.8,71.4,71.8,72.6,71.2,71.4,70.5,72.6,71.3,72.3,69.7,72.0,72.0,71.2,66.6,72.4,73.7,71.1,71.1,72.7,69.9,70.8,72.0,71.9,71.0,70.5,71.7,71.2,70.6,67.5,68.7,67.2,67.3,73.0,67.8,70.7,68.2,69.6,72.8,69.7,67.6,71.9,71.6,67.1,70.3,76.2,67.6,72.9,68.1,72.4,69.4,63.9,65.8,66.2,68.6,64.5,66.1,64.5,62.5,66.9,71.7,63.9,66.1,65.0,70.6,72.1,71.9,71.3,70.4,71.2,71.3,71.4,67.2,72.9,71.7,70.5,69.1,70.3,66.3,64.6,66.8,66.8,69.6,67.6
6323,76.5,72.5,73.2,75.7,74.6,74.8,75.6,74.1,73.8,72.7,75.0,74.1,74.7,72.0,74.8,74.3,74.0,69.5,74.7,76.0,73.8,73.6,75.0,72.6,74.7,75.1,74.2,73.8,73.3,74.1,74.0,72.8,70.4,71.7,70.2,70.5,75.7,70.9,74.2,71.4,72.7,75.2,73.6,70.6,75.7,74.2,71.1,73.5,79.8,71.9,76.0,72.4,76.4,72.9,67.4,69.0,69.3,71.4,67.9,68.8,67.7,66.5,70.1,75.2,68.0,69.4,69.0,72.8,74.1,74.4,74.9,74.3,74.7,74.3,74.7,70.9,75.3,74.3,72.9,72.7,73.5,70.6,67.3,68.9,69.9,72.5,70.5
6324,79.3,74.8,75.3,78.6,77.0,77.1,77.9,76.1,75.5,74.5,76.7,75.9,76.5,73.6,76.9,76.0,76.1,72.2,76.7,77.7,75.7,75.4,76.9,74.9,77.7,77.6,75.9,75.7,75.3,75.6,76.3,74.4,73.0,74.0,72.4,72.7,77.9,73.2,77.0,73.9,75.1,76.9,76.8,73.4,78.5,76.1,74.4,75.9,82.7,75.1,78.1,75.6,79.5,75.3,69.8,71.5,71.4,73.6,70.7,71.1,70.5,70.0,72.7,77.7,71.9,72.2,72.6,74.4,75.8,76.1,77.3,77.3,77.5,76.9,77.0,73.5,76.8,76.1,74.7,75.7,76.1,74.0,69.9,70.4,72.2,74.4,72.8
6325,81.2,76.4,76.7,81.0,78.6,78.8,79.5,77.6,76.7,75.8,78.0,77.2,77.7,75.0,78.6,77.1,77.5,74.3,77.7,78.8,77.3,76.5,78.1,76.4,79.9,79.3,77.2,77.2,76.7,76.7,77.8,75.3,74.8,75.7,74.1,74.1,79.3,75.0,78.9,75.7,77.2,78.1,79.1,75.7,80.7,77.3,76.4,77.4,84.5,77.1,79.4,77.6,81.6,77.2,71.1,73.0,72.8,75.3,72.8,72.7,72.9,72.7,74.5,79.4,75.1,73.8,75.3,75.7,76.9,77.1,78.9,79.8,79.3,78.6,78.8,75.1,77.8,77.3,76.1,77.9,77.9,76.6,71.9,71.3,74.0,75.9,74.4
6326,82.1,77.4,77.6,82.6,79.7,79.8,80.7,78.6,77.3,76.6,78.6,77.8,78.5,75.8,79.3,77.8,78.3,75.5,78.5,79.3,78.1,77.0,79.0,77.4,81.2,80.4,78.0,78.0,77.5,77.4,78.5,76.2,75.9,76.6,75.3,75.2,80.0,75.7,80.2,76.6,78.6,78.5,80.7,77.1,81.8,77.9,77.7,77.9,85.4,78.7,80.2,78.7,82.9,78.5,72.1,74.0,73.6,76.1,74.5,73.7,74.4,74.7,76.0,80.5,77.5,74.7,77.3,76.6,77.4,77.9,79.7,81.0,80.6,79.4,80.2,76.3,78.6,78.1,76.9,79.3,79.1,78.3,73.4,71.9,75.4,76.5,75.6
6327,82.5,77.3,77.6,83.4,80.2,80.2,81.1,78.9,77.5,76.7,78.9,78.2,78.7,76.0,79.8,77.7,78.6,76.2,78.6,79.4,78.3,77.5,79.3,78.0,81.9,80.9,78.3,78.2,77.5,77.4,78.8,76.2,76.5,77.1,76.0,75.8,80.3,75.6,80.6,76.9,79.3,78.2,81.4,77.7,82.1,77.9,78.4,78.2,85.7,78.9,80.2,79.0,83.3,78.4,72.7,74.4,74.1,76.5,75.6,74.0,75.0,76.2,76.5,80.7,79.0,74.8,78.3,76.8,77.4,78.1,79.9,81.8,81.1,80.1,80.7,76.5,78.6,78.2,77.1,80.2,79.8,79.1,73.9,71.8,76.0,76.7,76.3
6328,81.7,76.3,76.8,83.1,79.8,80.0,80.8,78.5,76.7,76.2,78.4,77.9,78.1,75.6,79.3,77.3,78.1,75.7,77.9,78.6,77.7,76.9,78.7,77.8,81.8,80.7,77.9,77.8,76.9,76.8,78.2,75.7,76.4,76.9,75.9,75.6,79.7,74.6,80.6,76.2,79.3,77.1,81.1,77.6,81.6,76.9,78.1,77.5,84.9,78.7,79.9,78.4,82.9,77.5,72.4,74.1,74.0,76.3,76.0,73.6,74.6,76.7,76.4,80.2,79.1,74.3,78.4,76.4,76.8,77.7,79.3,81.7,80.6,80.1,80.5,75.9,77.7,77.6,76.4,80.3,79.7,79.2,73.8,70.8,76.0,76.5,76.1
6329,79.0,73.8,73.9,82.2,78.6,78.7,79.5,77.3,75.1,74.8,76.6,76.8,76.5,74.5,78.2,75.6,76.7,73.7,76.1,76.3,76.3,75.5,77.7,76.5,80.4,79.4,76.9,76.4,75.6,75.6,77.1,74.0,75.3,75.8,75.1,74.5,77.6,72.1,79.5,74.4,78.5,74.5,80.2,76.3,79.5,74.5,77.1,76.0,82.6,77.5,78.9,76.6,81.5,74.8,71.5,72.6,73.5,75.3,75.5,71.9,72.8,76.5,74.7,79.0,78.2,72.3,76.8,75.3,75.4,76.2,78.0,80.6,78.6,79.2,78.8,74.4,75.8,75.8,75.3,79.2,78.6,78.2,72.6,68.8,75.2,75.3,74.8
6330,72.9,68.8,67.1,79.5,76.2,76.1,76.8,74.1,71.5,71.7,72.6,73.7,71.5,72.0,75.2,72.2,73.1,68.2,72.0,71.2,73.2,72.0,74.5,73.3,77.5,76.4,74.6,73.2,72.2,72.7,74.0,70.0,72.2,72.6,72.7,71.4,72.5,67.3,77.1,70.1,76.3,68.2,77.5,73.2,74.0,69.6,73.9,71.1,76.5,74.5,76.5,73.2,78.7,68.0,69.5,68.9,71.0,72.7,73.7,67.3,69.9,74.3,70.1,73.2,75.1,67.2,72.0,72.9,71.8,72.0,74.8,78.2,74.0,76.8,72.4,71.1,70.8,71.1,72.0,76.4,75.6,75.2,69.1,65.8,72.7,72.1,71.1
6331,68.7,64.7,63.0,74.5,72.2,72.8,73.2,69.4,68.5,68.8,68.6,69.9,67.8,69.1,71.4,68.9,67.4,63.5,68.1,67.6,68.9,68.1,70.2,68.6,71.7,70.9,72.6,69.3,67.8,69.1,69.8,66.4,67.0,68.7,68.9,66.4,68.6,63.4,72.3,65.7,73.5,64.3,72.0,68.1,70.2,65.7,69.3,66.1,72.9,67.6,71.8,70.2,73.2,63.7,66.3,65.0,66.6,68.7,69.8,63.5,66.8,68.2,65.3,67.3,70.6,61.7,66.6,70.3,68.1,67.5,69.3,72.4,68.9,71.0,67.3,65.2,66.7,67.2,68.5,70.1,70.4,69.7,59.8,63.5,68.4,68.3,65.4
6332,66.1,62.0,60.8,70.6,69.8,70.8,71.2,66.7,67.0,67.2,66.6,67.6,66.0,67.4,69.2,67.1,65.0,61.2,66.2,65.7,66.8,66.2,68.1,66.8,68.6,68.4,70.9,67.2,65.4,67.3,67.4,65.2,64.4,66.0,66.6,64.1,66.4,61.2,69.3,63.0,70.5,62.5,68.5,64.9,68.0,63.0,66.1,63.4,69.2,63.0,68.2,67.7,68.5,61.7,63.6,62.1,63.5,66.3,66.4,61.7,64.4,63.6,61.8,63.5,67.6,59.1,63.9,68.7,66.2,65.8,65.9,68.3,66.1,67.5,63.8,62.4,64.7,65.2,66.9,66.5,67.7,65.9,57.3,62.0,65.6,65.9,62.8
6333,63.9,60.1,59.3,68.1,67.9,69.2,69.4,65.2,65.8,66.2,65.2,66.1,64.6,66.0,67.8,65.8,63.4,59.3,64.7,64.5,65.2,64.8,66.8,65.6,66.6,66.8,69.4,65.6,63.8,66.2,66.0,64.2,62.8,64.1,65.3,62.6,64.6,59.6,67.2,60.8,68.6,61.3,66.2,62.9,66.0,61.2,63.4,60.8,66.2,60.5,65.5,65.2,65.6,60.0,62.2,59.5,61.6,64.3,63.7,60.2,62.8,60.9,59.5,59.8,65.0,56.9,61.5,67.3,65.0,64.5,63.9,65.9,63.7,65.2,61.3,60.5,63.6,63.7,65.4,64.5,66.0,63.7,56.7,60.8,63.6,64.3,60.8
6334,62.2,59.1,57.7,66.4,66.4,67.8,67.9,64.1,64.6,65.1,64.0,65.0,63.5,64.9,66.4,64.9,62.3,57.7,63.6,63.5,64.0,63.8,65.7,64.6,65.1,65.6,68.0,64.4,62.7,65.3,64.7,63.5,61.4,62.4,63.7,61.4,63.2,58.0,65.7,58.8,67.2,60.1,64.6,61.7,64.1,59.9,61.0,58.4,63.4,58.8,63.3,62.7,63.7,58.7,61.0,57.4,60.5,62.9,61.8,58.9,61.1,58.8,57.5,57.1,62.8,55.1,59.3,66.2,64.0,63.4,62.0,64.1,61.3,63.6,58.6,58.6,62.6,62.7,64.2,63.1,64.7,62.0,56.7,59.8,62.3,63.1,59.6
6335,60.5,57.8,56.5,64.8,65.3,66.7,66.6,63.1,63.7,64.0,62.9,63.8,62.6,63.9,65.3,63.9,61.3,56.2,62.7,62.5,63.0,63.1,64.9,63.5,63.7,64.6,67.2,63.4,61.7,64.4,63.8,62.7,60.0,61.3,62.7,60.5,62.0,56.7,64.4,57.4,65.7,59.3,62.9,60.4,62.3,58.7,58.7,56.4,59.4,57.1,61.8,60.3,62.2,57.3,59.8,55.5,59.5,61.7,60.6,57.7,59.6,57.1,56.1,54.5,60.8,53.6,57.2,65.3,63.1,62.3,60.3,62.4,59.4,62.1,56.2,56.9,61.7,61.6,63.4,61.9,63.7,60.5,56.3,59.0,61.2,62.0,58.7
6336,58.7,56.4,55.6,63.3,64.1,65.8,65.6,62.2,62.9,63.3,61.8,63.0,61.8,63.1,64.4,63.1,60.4,54.8,61.7,61.7,62.2,62.2,64.1,62.7,62.6,63.5,66.2,62.6,60.9,63.5,62.9,62.0,59.1,60.2,61.8,59.5,61.2,55.4,63.2,56.1,64.2,58.4,61.6,59.0,60.5,57.4,56.7,55.0,57.1,55.3,60.2,58.4,60.6,56.2,58.9,54.0,58.5,60.6,59.5,56.3,58.5,55.7,54.9,52.6,58.9,52.1,55.0,64.5,62.4,61.3,59.0,61.0,57.8,60.8,54.3,55.3,60.9,60.7,62.5,60.7,62.4,59.0,55.7,58.3,60.0,60.8,57.8
6337,57.2,55.6,54.4,61.9,63.3,64.9,64.7,61.3,62.1,62.5,61.0,62.1,61.0,62.5,63.5,62.4,59.9,53.8,60.9,61.0,61.5,61.6,63.3,61.7,61.4,62.5,65.4,61.8,59.9,62.9,62.1,61.2,58.2,59.4,61.0,58.6,60.6,54.4,62.3,54.6,63.1,57.6,60.5,58.0,59.1,56.6,54.9,53.5,55.1,53.4,58.9,56.2,58.9,55.2,57.9,52.8,57.4,59.5,58.3,55.1,57.3,54.4,53.5,50.7,57.1,50.9,53.4,63.7,61.6,60.4,57.6,59.6,56.3,59.2,52.8,53.7,60.2,60.0,61.9,59.9,61.5,57.7,55.2,57.6,59.2,60.1,57.1
6338,55.9,54.5,53.3,60.8,62.4,63.9,63.7,60.6,61.5,61.9,60.3,61.5,60.3,61.8,62.9,61.9,59.3,52.3,60.3,60.3,60.7,60.9,62.7,60.9,60.5,61.9,64.7,61.0,59.2,62.1,61.2,60.6,57.5,58.7,60.2,58.0,59.8,53.4,61.4,53.6,62.1,56.9,59.4,57.2,57.9,55.6,53.6,52.3,52.9,52.2,57.8,54.5,57.1,54.2,56.8,51.5,56.5,58.5,57.2,54.2,56.2,53.2,52.6,49.2,55.7,49.6,51.5,63.0,61.0,59.7,55.9,58.4,55.0,57.9,51.5,52.0,59.6,59.3,61.4,59.0,60.7,56.5,54.5,57.0,58.2,59.3,56.4
6339,54.8,53.5,52.6,59.8,61.8,63.1,62.9,60.0,60.8,61.2,59.7,60.9,59.8,61.1,62.2,61.2,58.8,51.4,59.6,59.5,60.0,60.2,62.0,60.1,59.8,61.3,63.9,60.4,58.8,61.6,60.7,60.2,56.9,58.0,59.5,57.3,59.0,52.5,60.6,52.4,61.0,56.3,58.5,55.7,56.6,54.6,52.2,51.3,51.4,50.4,56.6,53.3,55.5,53.1,55.8,50.5,55.7,57.7,56.2,53.0,55.1,52.0,51.8,47.3,54.5,48.4,49.9,62.2,60.4,59.2,54.4,57.5,53.6,56.8,50.4,50.6,59.2,58.6,60.8,58.2,59.8,55.5,53.7,56.5,57.4,58.6,55.8
6340,53.4,52.6,51.7,58.8,61.0,62.6,62.4,59.4,60.2,60.6,59.1,60.3,59.1,60.6,61.6,60.7,58.3,50.7,58.9,58.9,59.6,59.7,61.5,59.4,59.0,60.6,63.3,59.9,58.2,61.0,60.1,59.7,56.2,57.4,58.7,56.6,58.5,51.8,59.7,51.4,60.0,55.9,57.6,54.7,55.3,53.7,51.2,50.4,49.8,49.1,55.7,52.0,54.0,52.4,54.9,49.5,54.9,57.2,55.4,52.3,54.3,51.1,50.8,45.9,53.3,47.5,48.5,61.5,59.9,58.8,53.3,56.9,52.4,55.6,49.2,49.3,58.9,58.0,60.3,57.3,59.1,54.6,53.0,56.1,56.6,58.0,55.2
6341,52.5,52.3,51.1,58.0,60.4,62.2,61.8,58.9,59.8,60.1,59.0,59.7,58.7,60.1,61.0,60.2,58.1,50.0,58.6,58.5,59.2,59.3,60.9,58.8,58.1,60.1,62.7,59.2,57.8,60.6,59.7,59.4,55.6,56.5,58.3,56.1,58.0,51.1,58.9,50.5,59.1,55.5,56.7,53.8,54.3,52.6,50.4,49.3,48.8,48.1,54.8,50.8,52.9,51.6,54.0,48.6,53.9,56.6,54.4,51.5,53.4,50.1,50.2,44.5,52.4,46.8,47.2,61.0,59.3,58.4,51.8,56.0,51.3,55.1,48.4,48.4,58.3,57.6,59.7,56.7,58.5,53.7,51.9,55.5,56.0,57.5,54.7
6342,51.8,52.3,50.9,57.1,59.9,61.7,61.3,58.4,59.4,59.8,58.7,59.3,58.6,59.6,60.6,59.7,57.7,49.5,58.3,58.5,58.9,58.9,60.6,58.3,57.3,59.6,62.4,58.8,57.3,60.4,59.4,59.0,55.0,56.0,57.9,55.8,57.3,51.0,58.3,49.9,58.3,55.3,56.0,53.0,53.6,52.1,49.7,49.1,48.0,47.0,53.9,50.0,52.2,51.3,53.2,48.1,53.2,56.0,53.6,50.7,52.8,49.1,49.6,43.4,51.6,46.4,45.8,60.6,58.9,58.0,50.8,55.1,50.5,54.5,47.4,47.6,58.1,57.3,59.3,56.0,58.0,52.6,51.1,55.4,55.6,56.9,54.2
6343,56.7,55.7,55.3,56.7,60.2,61.9,61.9,59.2,60.6,60.8,61.3,60.3,61.1,60.2,61.1,61.1,59.0,53.5,60.6,61.5,59.8,59.9,61.4,58.7,57.5,60.0,63.0,59.3,58.6,61.6,60.1,61.0,55.2,56.8,58.1,56.6,60.6,54.3,58.0,53.8,59.5,59.8,55.9,54.9,57.4,56.1,52.4,54.6,55.5,47.2,54.7,52.7,54.3,55.1,53.3,51.2,53.0,56.8,53.1,53.7,54.8,48.4,53.1,49.8,52.4,50.0,48.4,61.2,61.3,60.7,53.1,54.8,55.4,56.3,54.2,47.7,61.1,60.1,60.2,56.0,57.9,52.4,51.1,57.7,55.6,57.5,55.1
6344,62.5,61.0,61.4,61.0,63.5,64.8,65.1,63.0,64.1,64.1,65.2,63.4,65.1,63.2,64.6,64.9,63.3,59.2,64.6,65.4,63.7,63.7,65.4,62.1,61.3,64.0,65.5,63.0,62.7,65.2,63.7,64.4,58.8,60.3,60.6,60.1,65.2,59.6,61.3,59.5,62.6,65.3,59.5,59.6,62.3,62.2,56.7,61.5,64.4,54.1,61.9,57.4,60.6,60.1,55.7,56.4,57.3,60.6,56.0,58.0,57.6,51.9,58.7,59.1,55.5,56.9,54.9,64.0,65.4,64.6,59.8,59.3,61.2,62.5,61.7,56.1,65.2,64.0,63.8,59.5,61.5,56.1,56.8,61.0,58.8,61.2,59.3
6345,68.0,65.4,66.4,66.7,67.5,68.3,68.8,67.0,67.8,67.4,69.2,67.3,68.9,66.6,68.6,68.7,67.5,62.9,68.8,70.0,67.6,67.9,69.3,66.1,66.2,67.9,68.6,67.1,66.5,68.6,67.5,67.7,63.1,64.6,63.6,63.5,69.3,63.9,66.1,64.2,66.0,69.5,64.8,64.0,67.2,67.6,61.7,66.0,71.2,61.4,68.2,62.7,66.7,65.0,59.3,61.3,61.8,64.4,60.4,62.2,60.7,57.2,62.9,66.3,59.2,61.7,60.2,67.4,69.0,68.4,65.8,65.2,66.3,67.4,67.0,61.9,69.4,68.1,67.3,64.3,65.9,61.0,61.5,64.1,63.0,65.5,63.5
6346,72.6,69.3,70.1,71.6,71.2,71.7,72.5,71.0,71.2,70.4,72.4,71.1,72.1,69.6,72.0,71.9,71.1,66.3,72.3,73.4,70.9,71.0,72.8,69.6,70.8,71.8,71.7,71.0,70.3,71.6,71.0,70.5,67.4,68.4,66.9,67.1,72.8,67.7,70.5,68.1,69.5,72.6,69.6,67.4,71.6,71.5,66.7,69.9,75.9,67.4,72.7,67.7,72.1,69.2,63.4,65.4,65.7,68.1,64.2,65.7,64.1,62.0,66.5,71.4,63.5,65.8,64.6,70.4,72.0,71.7,71.1,70.2,70.9,71.0,71.0,67.0,72.7,71.6,70.4,68.9,70.1,66.0,64.2,66.5,66.7,69.4,67.4
6347,76.3,72.3,72.9,75.5,74.4,74.8,75.6,73.8,73.6,72.6,74.8,74.0,74.5,71.9,74.8,74.4,73.9,69.2,74.6,75.7,73.7,73.5,75.1,72.4,74.7,75.0,74.0,73.6,73.1,74.1,73.9,72.7,70.4,71.5,70.0,70.2,75.6,70.8,74.1,71.4,72.6,75.0,73.4,70.3,75.4,74.1,70.8,73.2,79.4,71.6,75.9,72.0,76.2,72.7,66.9,68.7,68.7,71.0,67.6,68.5,67.4,66.0,69.7,74.9,67.6,69.0,68.7,72.7,74.1,74.2,74.8,74.1,74.5,74.1,74.3,70.7,75.2,74.1,72.8,72.5,73.3,70.5,66.9,68.7,69.9,72.3,70.4
6348,79.1,74.6,75.0,78.5,76.8,77.1,77.8,75.9,75.4,74.4,76.6,75.9,76.4,73.5,76.9,76.0,75.9,71.9,76.5,77.4,75.5,75.4,76.9,74.7,77.6,77.5,75.8,75.6,75.2,75.6,76.2,74.4,73.0,73.8,72.2,72.4,77.7,73.0,76.9,73.9,75.0,76.7,76.7,73.1,78.2,76.0,74.1,75.6,82.3,74.9,78.0,75.2,79.3,75.1,69.4,71.2,70.9,73.2,70.3,70.8,70.2,69.5,72.3,77.4,71.6,71.8,72.2,74.3,75.7,75.9,77.2,77.0,77.2,76.6,76.7,73.4,76.7,75.9,74.7,75.5,76.0,73.9,69.6,70.1,72.2,74.2,72.6
6349,80.9,76.2,76.5,80.9,78.4,78.7,79.5,77.4,76.6,75.7,77.9,77.2,77.6,74.9,78.5,77.1,77.4,73.9,77.5,78.5,77.2,76.5,78.1,76.2,79.7,79.2,77.0,77.0,76.6,76.7,77.6,75.3,74.7,75.5,73.9,73.9,79.2,74.8,78.7,75.5,77.1,77.9,78.9,75.5,80.4,77.3,76.1,77.0,84.2,77.0,79.3,77.3,81.4,77.0,70.7,72.7,72.3,74.9,72.4,72.4,72.5,72.2,74.2,79.1,74.8,73.5,74.9,75.6,76.9,76.9,78.7,79.6,79.1,78.4,78.5,75.1,77.7,77.1,76.0,77.8,77.8,76.5,71.6,71.1,74.0,75.6,74.2
6350,81.9,77.2,77.4,82.4,79.5,79.7,80.6,78.4,77.2,76.4,78.5,77.8,78.4,75.7,79.3,77.7,78.1,75.0,78.3,79.0,77.9,77.0,79.0,77.3,80.9,80.3,77.9,77.8,77.3,77.4,78.3,76.2,75.7,76.4,75.1,75.1,79.9,75.6,80.1,76.4,78.5,78.4,80.4,76.8,81.6,77.9,77.3,77.5,85.2,78.5,80.1,78.4,82.7,78.3,71.6,73.7,73.2,75.8,74.2,73.3,73.9,74.2,75.7,80.1,77.1,74.3,76.9,76.5,77.4,77.7,79.6,80.9,80.4,79.4,79.8,76.1,78.5,77.8,76.7,79.2,78.9,78.2,73.1,71.6,75.3,76.3,75.5
6351,82.2,77.1,77.4,83.2,80.0,80.0,81.0,78.7,77.3,76.5,78.7,78.2,78.5,75.9,79.7,77.7,78.4,75.7,78.4,79.2,78.1,77.4,79.2,77.9,81.6,80.7,78.1,78.0,77.4,77.4,78.6,76.2,76.4,76.9,75.9,75.6,80.1,75.4,80.6,76.7,79.3,78.2,81.1,77.5,81.9,77.9,78.1,77.8,85.5,78.7,80.1,78.6,83.0,78.2,72.3,74.1,73.8,76.1,75.3,73.6,74.6,75.7,76.2,80.2,78.7,74.4,77.9,76.8,77.4,78.0,79.8,81.7,80.9,80.0,80.3,76.3,78.4,77.9,76.9,80.0,79.6,79.0,73.7,71.5,75.9,76.5,76.1
6352,81.5,76.1,76.6,83.0,79.6,79.8,80.7,78.3,76.6,76.0,78.2,77.9,78.0,75.5,79.2,77.1,77.9,75.1,77.8,78.3,77.5,76.8,78.7,77.7,81.5,80.5,77.8,77.6,76.8,76.9,78.1,75.7,76.2,76.7,75.7,75.4,79.6,74.5,80.6,76.1,79.4,77.1,80.9,77.4,81.4,76.8,77.9,77.2,84.6,78.4,79.9,78.1,82.7,77.3,72.1,73.7,73.6,75.9,75.7,73.2,74.1,76.2,76.0,79.8,78.8,73.9,77.9,76.3,76.8,77.5,79.3,81.6,80.2,80.0,80.1,75.7,77.6,77.3,76.3,80.1,79.5,79.0,73.6,70.4,76.0,76.3,76.0
6353,78.8,73.5,73.6,82.0,78.4,78.6,79.3,77.1,74.9,74.6,76.4,76.7,76.2,74.4,78.0,75.5,76.6,73.1,76.0,76.0,76.1,75.3,77.6,76.3,80.1,79.2,76.8,76.2,75.5,75.7,76.9,74.0,75.1,75.6,74.9,74.3,77.4,71.9,79.4,74.3,78.5,74.4,79.9,76.2,79.1,74.3,76.9,75.6,82.3,77.2,78.8,76.3,81.3,74.5,71.3,72.1,73.2,75.1,75.1,71.5,72.4,76.0,74.2,78.5,77.9,71.8,76.4,75.1,75.4,75.9,78.0,80.5,78.3,79.1,78.3,74.2,75.6,75.5,75.1,79.0,78.4,78.1,72.3,68.5,75.0,75.2,74.6
6354,72.5,68.5,66.7,79.4,75.8,75.9,76.5,73.8,71.3,71.5,72.4,73.6,71.2,71.9,74.9,72.0,72.8,67.6,71.8,70.9,72.9,71.8,74.3,73.0,77.2,76.0,74.4,73.0,71.9,72.6,73.8,69.8,72.0,72.4,72.4,71.2,72.3,67.0,77.0,69.9,76.3,68.0,77.3,73.1,73.5,69.3,73.7,70.7,76.1,74.2,76.4,72.8,78.6,67.7,69.2,68.4,70.7,72.4,73.3,66.7,69.4,73.8,69.7,72.7,74.7,66.7,71.5,72.7,71.7,71.7,74.7,78.1,73.6,76.6,71.8,70.9,70.5,70.7,71.7,76.1,75.2,74.9,68.8,65.4,72.5,72.0,70.9
6355,68.3,64.5,62.6,74.3,71.8,72.6,72.9,69.0,68.3,68.6,68.5,69.7,67.5,69.0,71.1,68.7,67.1,63.0,67.9,67.5,68.6,68.0,69.9,68.3,71.3,70.4,72.3,69.1,67.4,69.0,69.6,66.1,66.8,68.5,68.6,66.0,68.4,63.2,72.1,65.5,73.4,64.1,71.7,67.9,69.9,65.4,69.2,65.8,72.5,67.2,71.7,69.9,73.0,63.3,66.0,64.6,66.3,68.4,69.4,63.2,66.2,67.6,64.9,66.9,70.2,61.4,66.2,70.1,67.9,67.3,69.1,72.2,68.7,70.8,66.8,64.8,66.5,66.9,68.3,69.7,70.0,69.3,59.5,63.2,68.1,68.1,65.2
6356,65.7,61.8,60.4,70.4,69.4,70.5,70.8,66.3,66.8,67.0,66.4,67.3,65.7,67.1,68.9,67.1,64.6,60.9,66.1,65.5,66.4,66.0,67.8,66.6,68.2,67.8,70.6,66.9,65.0,67.1,67.2,64.9,64.1,65.7,66.3,63.8,66.2,61.0,69.1,62.8,70.4,62.3,68.3,64.8,67.6,62.8,65.9,63.1,68.7,62.7,68.1,67.4,68.2,61.4,63.3,61.7,63.2,66.0,66.0,61.4,64.0,63.1,61.4,63.0,67.2,58.8,63.5,68.6,66.0,65.7,65.7,68.2,65.9,67.3,63.4,62.1,64.5,64.9,66.6,66.0,67.3,65.6,57.0,61.7,65.4,65.7,62.6
6357,63.5,59.9,58.8,67.9,67.5,68.9,69.1,64.8,65.6,66.0,65.1,65.9,64.4,65.8,67.4,65.7,63.0,58.9,64.6,64.5,64.9,64.5,66.5,65.3,66.3,66.3,69.1,65.3,63.5,66.0,65.8,63.9,62.5,63.8,64.9,62.2,64.4,59.3,67.0,60.6,68.6,61.1,65.9,62.7,65.7,60.9,63.2,60.5,65.8,60.2,65.3,64.9,65.3,59.6,61.9,59.1,61.3,64.1,63.2,59.9,62.3,60.6,59.2,59.4,64.7,56.6,61.2,67.2,64.8,64.4,63.7,65.8,63.4,65.0,61.0,60.2,63.5,63.5,65.2,64.1,65.6,63.4,56.5,60.5,63.4,64.1,60.6
6358,61.8,58.9,57.3,66.0,66.0,67.6,67.6,63.7,64.4,64.9,63.9,64.8,63.3,64.7,66.1,64.8,61.9,57.4,63.5,63.4,63.7,63.6,65.3,64.3,64.7,65.2,67.8,64.0,62.4,65.0,64.5,63.3,61.1,62.0,63.3,60.9,63.1,57.7,65.5,58.6,67.1,59.9,64.3,61.5,63.7,59.6,60.8,58.1,62.9,58.5,63.2,62.4,63.5,58.4,60.8,57.0,60.2,62.7,61.3,58.7,60.7,58.4,57.4,56.6,62.6,54.8,59.1,66.1,63.7,63.2,61.8,64.0,61.0,63.4,58.3,58.4,62.6,62.5,64.0,62.7,64.3,61.5,56.4,59.5,62.1,62.9,59.2
6359,60.0,57.4,56.2,64.5,64.9,66.4,66.3,62.7,63.6,63.9,62.7,63.7,62.4,63.7,65.0,63.8,60.9,55.9,62.5,62.4,62.7,62.9,64.5,63.2,63.4,64.2,66.9,63.1,61.3,64.1,63.5,62.5,59.6,60.9,62.3,60.0,61.8,56.3,64.2,57.1,65.6,59.1,62.6,60.2,61.9,58.4,58.4,56.1,59.1,56.8,61.7,60.0,62.0,57.0,59.7,55.2,59.3,61.5,60.2,57.4,59.3,56.8,55.9,54.1,60.5,53.4,56.9,65.1,62.9,62.0,60.1,62.2,59.1,61.9,56.0,56.7,61.7,61.4,63.2,61.4,63.2,60.0,56.0,58.7,60.8,61.7,58.3
6360,58.1,56.0,55.1,63.0,63.7,65.5,65.3,61.8,62.8,63.2,61.7,62.8,61.6,63.0,64.1,63.0,60.1,54.5,61.5,61.6,61.9,62.0,63.6,62.3,62.4,63.1,66.0,62.3,60.4,63.2,62.6,61.8,58.7,59.8,61.4,59.1,61.0,55.0,63.0,55.9,64.1,58.2,61.3,58.9,60.0,57.2,56.4,54.7,56.7,55.0,60.0,58.0,60.4,55.9,58.7,53.7,58.3,60.3,59.2,56.1,58.1,55.5,54.6,52.2,58.6,51.8,54.9,64.3,62.1,61.0,58.8,60.8,57.4,60.6,54.1,55.1,60.8,60.5,62.3,60.3,62.1,58.6,55.5,58.0,59.7,60.5,57.5
6361,56.7,55.2,54.0,61.6,62.9,64.6,64.4,61.0,62.0,62.4,60.9,61.9,60.8,62.3,63.2,62.3,59.6,53.4,60.7,60.9,61.2,61.4,62.9,61.4,61.2,62.1,65.2,61.5,59.5,62.5,61.8,61.0,57.9,59.1,60.6,58.3,60.5,54.0,62.1,54.3,62.9,57.4,60.2,57.9,58.7,56.4,54.6,53.2,54.7,52.9,58.7,56.0,58.6,54.9,57.7,52.5,57.2,59.2,58.0,54.9,56.9,54.0,53.2,50.5,56.9,50.6,53.2,63.6,61.4,60.1,57.3,59.4,55.9,59.1,52.6,53.5,60.2,59.8,61.7,59.4,61.1,57.3,55.0,57.4,58.9,59.8,56.7
6362,55.3,54.3,52.9,60.5,62.0,63.6,63.4,60.2,61.3,61.7,60.2,61.2,60.1,61.7,62.6,61.7,58.9,52.0,60.1,60.2,60.4,60.8,62.2,60.7,60.2,61.5,64.5,60.7,58.8,61.8,60.9,60.4,57.1,58.3,59.8,57.7,59.7,53.1,61.2,53.3,61.9,56.8,59.2,57.1,57.4,55.3,53.3,52.0,52.6,51.9,57.5,54.2,56.8,53.9,56.6,51.3,56.3,58.2,56.9,54.0,55.9,52.9,52.2,48.9,55.6,49.4,51.4,62.8,60.9,59.5,55.6,58.2,54.7,57.7,51.3,51.8,59.6,59.1,61.1,58.5,60.3,56.1,54.3,56.8,57.9,58.9,56.1
6363,54.3,53.2,52.2,59.5,61.4,62.8,62.6,59.5,60.7,60.9,59.6,60.6,59.6,60.9,61.9,61.1,58.4,51.1,59.4,59.4,59.7,60.1,61.6,59.8,59.5,60.9,63.7,60.1,58.3,61.3,60.3,59.9,56.5,57.6,59.1,56.9,58.9,52.2,60.4,52.1,60.8,56.2,58.2,55.5,56.2,54.3,51.9,51.0,51.1,50.1,56.4,53.0,55.3,52.8,55.5,50.3,55.4,57.4,55.9,52.9,54.9,51.7,51.4,47.1,54.4,48.2,49.9,62.0,60.2,58.9,54.0,57.2,53.5,56.7,50.2,50.4,59.2,58.4,60.4,57.7,59.4,55.1,53.5,56.2,57.1,58.2,55.5
6364,52.9,52.2,51.4,58.6,60.6,62.3,62.0,59.0,60.0,60.4,59.0,60.0,59.0,60.3,61.3,60.5,57.9,50.5,58.8,58.8,59.2,59.4,61.1,59.0,58.7,60.2,63.0,59.6,57.7,60.8,59.7,59.5,55.8,57.0,58.3,56.2,58.5,51.6,59.5,51.0,59.8,55.8,57.3,54.5,54.9,53.4,50.8,50.0,49.5,48.8,55.4,51.8,53.8,52.0,54.6,49.2,54.6,56.9,55.1,52.2,54.1,50.8,50.5,45.7,53.2,47.2,48.5,61.3,59.7,58.5,52.9,56.6,52.2,55.4,49.0,49.0,58.8,57.7,59.9,56.8,58.8,54.1,52.9,55.8,56.3,57.6,54.9
6365,52.0,52.0,50.7,57.6,60.0,61.9,61.5,58.4,59.6,59.8,58.8,59.5,58.6,59.8,60.7,60.0,57.6,49.7,58.4,58.5,58.8,59.0,60.5,58.4,57.8,59.7,62.4,58.9,57.3,60.4,59.3,59.1,55.2,56.2,57.9,55.7,57.9,50.9,58.7,50.2,58.9,55.4,56.4,53.8,53.9,52.4,50.1,49.0,48.4,47.8,54.6,50.6,52.7,51.2,53.7,48.4,53.6,56.3,54.3,51.4,53.1,49.8,49.9,44.4,52.3,46.5,47.2,60.7,59.2,58.1,51.5,55.7,51.1,54.9,48.2,48.1,58.2,57.3,59.4,56.3,58.1,53.3,51.8,55.3,55.7,57.1,54.4
6366,51.3,51.9,50.4,56.8,59.5,61.4,61.0,57.9,59.1,59.4,58.6,59.1,58.4,59.3,60.3,59.5,57.2,49.2,58.2,58.5,58.5,58.6,60.2,57.9,57.1,59.3,62.1,58.4,56.8,60.1,58.9,58.8,54.7,55.6,57.5,55.5,57.1,50.8,58.1,49.6,58.0,55.1,55.7,52.9,53.3,51.8,49.4,48.7,47.6,46.7,53.7,49.8,51.8,50.9,53.0,47.8,52.9,55.7,53.4,50.6,52.6,48.8,49.4,43.3,51.5,46.0,45.8,60.3,58.8,57.7,50.4,54.9,50.4,54.3,47.1,47.3,58.0,57.1,58.9,55.6,57.6,52.2,51.0,55.1,55.3,56.5,53.9
6367,56.2,55.2,55.0,56.4,59.9,61.5,61.5,58.7,60.3,60.4,61.2,59.9,60.9,59.9,60.8,60.8,58.5,53.1,60.4,61.4,59.3,59.5,61.0,58.3,57.2,59.6,62.6,58.9,58.2,61.3,59.7,60.7,54.9,56.3,57.6,56.2,60.4,54.0,57.8,53.5,59.2,59.7,55.6,54.7,57.0,55.7,52.0,54.1,55.0,46.8,54.4,52.4,53.8,54.7,52.9,50.9,52.7,56.4,53.0,53.4,54.5,48.1,52.7,49.5,52.2,49.5,48.1,60.9,61.2,60.4,52.7,54.5,55.0,56.2,54.0,47.3,61.0,59.8,59.8,55.5,57.6,52.0,50.9,57.4,55.3,57.1,54.8
6368,62.0,60.5,61.2,60.7,63.2,64.5,64.8,62.6,63.9,63.8,65.0,63.1,64.9,63.0,64.4,64.7,62.9,58.7,64.5,65.3,63.5,63.4,65.1,61.7,61.0,63.8,65.2,62.7,62.4,64.9,63.4,64.1,58.5,60.0,60.2,59.8,65.1,59.2,61.2,59.3,62.3,65.3,59.2,59.4,61.9,61.9,56.4,61.1,64.0,53.7,61.7,57.1,60.3,59.8,55.3,56.0,57.0,60.2,55.7,57.7,57.3,51.6,58.2,58.7,55.3,56.4,54.6,63.8,65.4,64.4,59.5,59.1,60.9,62.3,61.4,55.7,65.1,63.7,63.5,59.2,61.2,55.8,56.5,60.5,58.5,60.8,59.0
6369,67.5,65.0,66.1,66.5,67.3,68.2,68.7,66.7,67.6,67.3,68.9,67.1,68.6,66.5,68.5,68.5,67.3,62.5,68.6,69.8,67.5,67.7,69.0,65.8,66.0,67.8,68.3,67.0,66.3,68.4,67.3,67.4,62.8,64.4,63.3,63.3,69.2,63.6,66.0,64.1,65.8,69.4,64.6,63.8,66.8,67.4,61.3,65.5,70.9,60.9,68.1,62.4,66.3,64.7,58.9,60.9,61.5,64.1,60.0,61.8,60.4,56.8,62.5,66.0,59.0,61.3,59.9,67.2,68.9,68.2,65.6,65.1,66.0,67.3,66.8,61.6,69.2,67.9,67.1,64.0,65.7,60.7,61.3,63.6,62.8,65.2,63.2
6370,72.1,68.8,69.8,71.3,71.1,71.7,72.5,70.8,71.0,70.3,72.2,71.0,72.0,69.5,72.0,71.7,71.0,65.8,72.2,73.1,70.9,70.9,72.7,69.4,70.6,71.8,71.5,70.9,70.2,71.5,70.9,70.4,67.1,68.2,66.7,66.8,72.7,67.3,70.5,68.0,69.3,72.5,69.3,67.2,71.3,71.3,66.4,69.6,75.6,67.0,72.6,67.4,71.8,68.9,63.1,65.0,65.4,67.6,63.8,65.4,63.8,61.7,66.1,71.1,63.2,65.4,64.3,70.3,71.9,71.5,70.9,70.1,70.6,70.8,70.8,66.7,72.5,71.4,70.3,68.7,69.9,65.8,64.0,66.1,66.6,69.3,67.1
6371,76.1,71.9,72.7,75.2,74.3,74.8,75.6,73.8,73.5,72.6,74.7,73.9,74.4,71.9,74.8,74.3,73.9,68.8,74.6,75.4,73.7,73.5,75.1,72.3,74.5,75.0,73.9,73.7,73.0,74.0,73.9,72.6,70.2,71.4,69.8,70.1,75.5,70.5,74.1,71.3,72.5,75.0,73.2,70.2,75.0,74.0,70.5,73.0,79.1,71.2,75.8,71.7,75.9,72.4,66.6,68.3,68.4,70.6,67.2,68.1,66.9,65.7,69.3,74.6,67.3,68.6,68.3,72.7,74.0,74.0,74.7,74.1,74.3,73.8,74.0,70.4,75.0,74.0,72.8,72.3,73.1,70.2,66.6,68.2,69.8,72.2,70.2
6372,78.9,74.1,74.8,78.3,76.8,77.1,77.8,75.8,75.3,74.4,76.5,75.9,76.3,73.5,77.0,76.0,75.9,71.5,76.4,77.2,75.6,75.4,76.9,74.5,77.5,77.5,75.7,75.7,75.1,75.5,76.2,74.2,72.8,73.7,72.0,72.3,77.7,72.8,76.9,73.8,74.9,76.7,76.4,72.8,77.9,75.9,74.0,75.3,82.0,74.6,77.9,74.9,79.2,74.8,69.1,70.8,70.5,72.8,69.9,70.4,69.7,69.2,71.9,77.0,71.2,71.4,71.8,74.3,75.6,75.8,77.2,77.0,77.0,76.4,76.4,73.2,76.5,75.7,74.6,75.2,75.9,73.6,69.2,69.8,72.0,74.1,72.5
6373,80.8,75.8,76.3,80.7,78.3,78.7,79.5,77.3,76.5,75.7,77.8,77.1,77.6,74.9,78.5,77.1,77.4,73.5,77.5,78.3,77.1,76.6,78.1,76.0,79.5,79.2,76.9,77.1,76.5,76.7,77.6,75.2,74.4,75.3,73.8,73.8,79.2,74.6,78.8,75.5,77.1,77.9,78.7,75.2,80.1,77.3,76.0,76.7,84.0,76.9,79.3,77.0,81.3,76.6,70.4,72.3,72.0,74.6,72.0,72.0,71.9,71.9,73.8,78.7,74.4,73.1,74.4,75.5,76.8,76.8,78.7,79.6,78.9,78.1,78.2,74.8,77.6,76.9,75.9,77.5,77.5,76.2,71.2,70.6,73.7,75.5,74.1
6374,81.8,76.7,77.2,82.3,79.4,79.7,80.6,78.3,77.0,76.4,78.4,77.8,78.3,75.6,79.4,77.8,78.1,74.6,78.2,78.8,77.8,77.2,79.0,77.1,80.7,80.3,77.8,77.8,77.2,77.4,78.3,76.0,75.5,76.2,74.8,74.9,79.9,75.3,80.2,76.4,78.5,78.4,80.2,76.6,81.4,77.8,77.2,77.2,84.9,78.3,80.0,78.1,82.6,77.9,71.3,73.4,72.9,75.5,73.8,72.9,73.3,73.9,75.2,79.7,76.8,74.0,76.5,76.4,77.4,77.6,79.6,80.9,80.1,79.2,79.6,75.9,78.4,77.6,76.7,78.9,78.6,77.9,72.7,71.1,75.1,76.2,75.3
6375,82.1,76.7,77.2,83.1,79.9,80.1,81.0,78.7,77.2,76.5,78.7,78.3,78.5,75.9,79.8,77.7,78.4,75.2,78.4,78.9,78.0,77.5,79.2,77.7,81.4,80.7,78.0,78.1,77.4,77.4,78.6,76.2,76.1,76.7,75.7,75.4,80.1,75.2,80.7,76.7,79.2,78.2,80.9,77.4,81.7,77.9,78.1,77.6,85.2,78.5,80.0,78.4,83.0,77.8,72.0,73.7,73.5,75.8,74.9,73.2,74.0,75.4,75.7,79.9,78.4,74.0,77.5,76.7,77.5,77.8,79.7,81.7,80.6,79.8,80.1,76.2,78.3,77.8,76.9,79.7,79.3,78.7,73.3,71.0,75.7,76.4,75.9
6376,81.3,75.7,76.3,82.9,79.5,79.8,80.7,78.2,76.5,75.9,78.1,77.9,77.9,75.4,79.3,77.1,77.9,74.7,77.7,78.0,77.5,76.9,78.6,77.5,81.2,80.5,77.6,77.7,76.7,76.8,78.1,75.6,76.0,76.4,75.5,75.2,79.6,74.3,80.7,76.1,79.4,77.0,80.7,77.2,81.2,76.7,77.9,76.9,84.3,78.2,79.7,77.8,82.7,76.9,71.9,73.3,73.3,75.6,75.3,72.8,73.6,75.9,75.6,79.5,78.6,73.5,77.5,76.2,76.8,77.4,79.3,81.6,79.9,79.8,79.8,75.6,77.5,77.1,76.2,79.8,79.3,78.8,73.1,69.9,75.7,76.2,75.7
6377,78.5,73.0,73.3,81.9,78.3,78.6,79.4,77.0,74.7,74.5,76.2,76.7,76.2,74.3,78.0,75.5,76.5,72.7,75.9,75.7,76.1,75.3,77.5,76.1,79.8,79.2,76.6,76.2,75.4,75.6,76.9,73.8,74.9,75.3,74.6,74.0,77.3,71.7,79.5,74.3,78.5,74.3,79.7,76.0,78.8,74.2,76.8,75.3,82.0,77.0,78.6,76.0,81.3,74.1,71.0,71.7,72.8,74.8,74.7,71.1,71.8,75.7,73.7,78.2,77.6,71.4,75.9,75.0,75.3,75.8,78.0,80.5,78.0,78.9,77.9,74.0,75.5,75.2,75.0,78.7,78.1,77.8,71.9,68.0,74.8,74.9,74.5
6378,72.1,67.9,66.4,79.3,75.7,76.0,76.5,73.5,71.0,71.3,72.1,73.5,70.9,71.7,74.9,71.8,72.6,67.2,71.5,70.6,72.7,71.7,74.1,72.8,76.9,75.9,74.3,72.8,71.6,72.3,73.6,69.5,71.7,72.0,72.0,70.8,72.0,66.6,77.0,69.8,76.2,67.8,76.9,72.7,73.1,69.0,73.4,70.3,75.6,74.0,76.1,72.5,78.5,67.3,68.8,67.9,70.2,72.0,72.9,66.2,68.8,73.3,69.3,72.1,74.4,66.1,70.9,72.5,71.5,71.4,74.5,78.0,73.3,76.2,71.4,70.6,70.2,70.4,71.5,75.7,74.9,74.6,68.3,65.0,72.2,71.7,70.6
6379,67.9,64.1,62.3,74.1,71.6,72.6,72.8,68.6,68.1,68.4,68.3,69.5,67.1,68.8,70.9,68.5,66.7,62.7,67.7,67.2,68.2,67.8,69.6,68.1,70.9,70.1,72.1,68.9,67.0,68.7,69.2,65.9,66.4,68.1,68.2,65.5,68.2,62.8,72.0,65.4,73.3,64.0,71.4,67.5,69.5,65.2,68.9,65.6,72.2,66.9,71.3,69.6,72.7,63.1,65.6,64.2,65.9,68.0,68.9,62.8,65.7,67.2,64.5,66.4,69.8,61.0,65.9,70.0,67.7,67.1,68.9,72.0,68.5,70.4,66.5,64.5,66.3,66.6,67.9,69.3,69.7,69.0,59.1,62.8,67.7,67.7,64.9
6380,65.3,61.4,60.1,70.1,69.2,70.3,70.6,65.9,66.5,66.8,66.2,66.9,65.3,66.9,68.7,66.8,64.2,60.6,65.9,65.2,66.0,65.9,67.5,66.3,67.9,67.4,70.3,66.7,64.7,66.8,66.8,64.7,63.7,65.2,65.9,63.4,66.1,60.6,69.0,62.7,70.2,62.2,68.0,64.4,67.3,62.6,65.5,62.9,68.5,62.5,67.8,67.0,67.9,61.0,63.0,61.3,62.8,65.6,65.6,61.0,63.5,62.8,61.1,62.5,66.9,58.5,63.2,68.4,65.7,65.4,65.5,68.0,65.6,66.9,63.1,61.8,64.2,64.6,66.3,65.7,67.1,65.3,56.9,61.4,65.0,65.3,62.2
6381,63.2,59.5,58.5,67.6,67.1,68.7,68.8,64.4,65.2,65.8,64.8,65.5,64.0,65.6,67.2,65.4,62.5,58.7,64.4,64.1,64.5,64.3,66.1,64.9,65.9,65.9,68.8,65.1,63.1,65.6,65.4,63.7,62.1,63.3,64.5,61.7,64.2,58.9,66.9,60.4,68.4,60.9,65.7,62.3,65.4,60.7,62.8,60.4,65.6,60.0,65.0,64.5,65.0,59.2,61.6,58.8,60.9,63.7,62.9,59.6,61.9,60.3,59.0,58.9,64.4,56.3,60.9,67.0,64.5,64.1,63.4,65.7,63.1,64.7,60.6,59.9,63.1,63.2,64.8,63.8,65.3,63.1,56.4,60.4,63.0,63.7,60.2
6382,61.5,58.4,56.9,65.8,65.6,67.4,67.3,63.2,64.1,64.7,63.6,64.4,62.9,64.5,65.9,64.5,61.5,57.1,63.2,63.0,63.4,63.4,65.0,64.0,64.4,64.9,67.5,63.7,61.9,64.7,64.1,63.0,60.6,61.6,63.0,60.5,62.9,57.4,65.4,58.4,67.0,59.7,64.0,61.1,63.5,59.4,60.4,57.9,62.8,58.1,62.9,62.0,63.2,58.1,60.5,56.7,59.8,62.4,61.0,58.4,60.3,58.2,57.1,56.1,62.2,54.5,58.7,65.9,63.5,62.9,61.6,63.9,60.6,63.0,58.0,58.1,62.3,62.2,63.7,62.4,63.9,61.2,56.1,59.4,61.7,62.5,58.9
6383,59.8,57.1,55.8,64.1,64.5,66.2,66.0,62.2,63.2,63.6,62.4,63.3,62.0,63.5,64.8,63.5,60.5,55.6,62.3,62.1,62.4,62.6,64.1,62.9,63.1,63.7,66.7,62.8,60.8,63.7,63.2,62.2,59.2,60.5,61.9,59.6,61.7,56.0,64.1,57.0,65.5,58.9,62.3,59.9,61.6,58.2,58.0,56.0,59.2,56.6,61.3,59.7,61.7,56.7,59.3,54.9,58.9,61.1,59.9,57.1,58.8,56.6,55.6,53.7,60.2,53.0,56.6,64.9,62.6,61.6,59.9,62.1,58.7,61.5,55.6,56.4,61.4,61.0,62.8,61.1,62.9,59.6,55.8,58.6,60.6,61.3,58.0
6384,57.8,55.7,54.7,62.6,63.3,65.2,65.0,61.3,62.4,62.9,61.3,62.4,61.2,62.7,63.9,62.7,59.7,54.2,61.2,61.2,61.6,61.6,63.2,61.9,62.1,62.6,65.7,61.9,60.0,62.8,62.2,61.5,58.3,59.4,61.0,58.8,60.9,54.8,63.0,55.7,63.9,58.0,61.0,58.5,59.7,57.0,56.0,54.6,56.8,54.7,59.6,57.7,59.9,55.5,58.3,53.4,57.8,59.9,58.9,55.8,57.6,55.3,54.3,51.9,58.3,51.5,54.6,64.1,61.8,60.7,58.4,60.6,57.1,60.2,53.8,54.8,60.5,60.1,62.0,60.0,61.7,58.3,55.3,58.0,59.4,60.1,57.1
6385,56.3,54.9,53.6,61.1,62.5,64.3,64.1,60.4,61.6,62.0,60.6,61.5,60.4,62.1,63.0,61.9,59.2,53.1,60.4,60.6,60.8,61.0,62.4,61.0,60.9,61.7,65.0,61.1,59.0,62.1,61.3,60.6,57.5,58.7,60.2,57.9,60.4,53.7,62.0,54.1,62.8,57.2,59.9,57.4,58.4,56.2,54.2,53.0,54.8,52.7,58.4,55.7,58.2,54.6,57.3,52.3,56.7,58.9,57.8,54.7,56.5,53.8,53.0,50.2,56.6,50.2,52.8,63.4,61.1,59.7,57.0,59.1,55.6,58.8,52.3,53.2,59.9,59.5,61.4,59.1,60.8,57.0,54.8,57.4,58.6,59.4,56.4
6386,54.9,54.0,52.6,60.0,61.6,63.3,63.1,59.8,60.9,61.3,59.8,60.7,59.7,61.4,62.3,61.4,58.5,51.6,59.7,59.8,60.0,60.3,61.8,60.3,60.0,61.0,64.1,60.3,58.3,61.3,60.6,59.9,56.7,58.0,59.4,57.4,59.6,52.8,61.0,53.0,61.7,56.7,58.8,56.7,57.0,55.1,52.9,51.9,52.7,51.6,57.3,54.1,56.4,53.6,56.2,51.1,55.8,57.9,56.7,53.8,55.5,52.7,51.9,48.7,55.3,49.0,51.1,62.6,60.5,59.1,55.2,57.9,54.4,57.4,51.0,51.5,59.2,58.7,60.8,58.2,60.0,55.8,54.1,56.8,57.6,58.5,55.8
6387,53.7,52.9,51.8,59.0,61.0,62.4,62.2,59.0,60.3,60.6,59.2,60.2,59.1,60.6,61.5,60.7,58.0,50.8,59.0,59.0,59.3,59.6,61.2,59.5,59.1,60.5,63.3,59.7,57.8,60.8,60.0,59.5,56.1,57.2,58.8,56.6,58.7,51.9,60.1,51.9,60.6,56.0,57.8,55.0,55.7,54.0,51.5,50.8,51.1,49.9,56.1,52.8,55.0,52.5,55.1,50.1,55.0,57.0,55.7,52.6,54.5,51.5,51.1,47.0,54.1,47.9,49.6,61.7,59.8,58.4,53.5,57.0,53.1,56.4,49.9,50.1,58.8,58.0,60.1,57.4,59.1,54.9,53.2,56.2,56.8,57.9,55.2
6388,52.5,52.0,50.9,58.1,60.3,61.9,61.6,58.5,59.6,60.0,58.6,59.6,58.5,60.0,60.9,60.1,57.5,50.2,58.4,58.5,58.9,59.1,60.6,58.7,58.3,59.7,62.7,59.2,57.3,60.2,59.4,59.1,55.4,56.7,58.0,56.0,58.2,51.2,59.2,50.8,59.6,55.6,56.9,54.2,54.6,53.1,50.4,49.9,49.4,48.5,55.1,51.7,53.4,51.7,54.2,49.0,54.2,56.5,54.8,51.9,53.7,50.6,50.2,45.5,52.9,46.9,48.2,61.0,59.3,58.0,52.4,56.3,51.8,55.1,48.8,48.8,58.4,57.4,59.6,56.6,58.3,53.9,52.5,55.9,56.0,57.2,54.6
6389,51.5,51.7,50.3,57.2,59.7,61.5,61.0,58.1,59.2,59.5,58.4,59.1,58.2,59.6,60.3,59.6,57.2,49.5,58.1,58.1,58.4,58.6,60.1,58.1,57.4,59.2,62.1,58.6,56.9,59.9,59.0,58.7,54.9,55.9,57.6,55.5,57.6,50.5,58.5,49.9,58.7,55.2,56.1,53.4,53.6,52.0,49.7,48.9,48.3,47.6,54.3,50.5,52.3,50.8,53.4,48.2,53.3,56.0,54.1,51.1,52.8,49.6,49.6,44.4,52.1,46.2,46.9,60.4,58.8,57.7,51.1,55.5,50.7,54.6,48.0,47.9,57.8,56.9,59.1,56.0,57.7,53.0,51.5,55.3,55.4,56.8,54.0
6390,50.9,51.5,49.9,56.3,59.2,61.0,60.6,57.6,58.7,59.1,58.1,58.6,58.0,59.1,59.9,59.1,56.9,49.0,57.9,58.1,58.2,58.1,59.8,57.5,56.7,58.8,61.8,58.1,56.4,59.6,58.6,58.4,54.3,55.2,57.1,55.3,56.8,50.4,57.9,49.3,57.8,54.9,55.4,52.5,53.0,51.5,49.0,48.5,47.5,46.4,53.5,49.7,51.5,50.5,52.7,47.6,52.6,55.4,53.2,50.4,52.3,48.6,49.1,43.2,51.3,45.7,45.7,60.1,58.3,57.3,49.9,54.6,50.0,53.9,47.0,47.0,57.6,56.7,58.6,55.2,57.1,52.0,50.6,55.2,55.0,56.1,53.6
6391,55.8,54.7,54.5,56.0,59.5,61.2,61.0,58.3,59.9,60.2,60.7,59.5,60.5,59.6,60.4,60.4,58.1,52.7,60.0,61.0,59.0,59.1,60.6,57.8,56.7,59.2,62.3,58.5,57.7,60.8,59.3,60.3,54.5,55.9,57.2,55.9,60.1,53.6,57.5,53.1,58.9,59.4,55.2,54.3,56.5,55.3,51.6,53.9,54.8,46.4,54.1,52.2,53.4,54.3,52.5,50.5,52.4,56.1,52.8,53.0,54.1,47.9,52.3,49.2,51.9,49.0,47.9,60.6,60.8,60.0,52.1,54.3,54.5,55.8,53.7,47.0,60.6,59.4,59.5,55.2,57.2,51.7,50.5,57.4,55.0,56.8,54.4
6392,61.6,60.1,60.7,60.4,62.9,64.2,64.6,62.3,63.5,63.6,64.7,62.7,64.5,62.8,64.1,64.4,62.6,58.4,64.1,65.0,63.2,63.1,64.8,61.4,60.7,63.4,65.0,62.3,62.1,64.5,63.0,63.8,58.3,59.6,59.8,59.5,64.9,58.8,61.0,59.1,62.1,65.1,58.8,58.9,61.4,61.5,56.0,60.7,63.8,53.3,61.4,56.9,59.8,59.4,54.9,55.6,56.6,59.8,55.4,57.4,56.9,51.3,57.9,58.4,55.0,56.0,54.3,63.6,65.0,64.0,59.0,58.8,60.3,61.9,61.1,55.3,64.8,63.3,63.2,58.9,60.8,55.4,56.0,60.4,58.2,60.5,58.7
6393,67.0,64.5,65.6,66.2,67.1,68.1,68.5,66.6,67.3,67.0,68.6,66.8,68.3,66.3,68.4,68.3,67.1,62.1,68.2,69.5,67.3,67.4,68.8,65.6,65.8,67.7,68.1,66.8,66.0,68.2,67.1,67.2,62.6,64.0,62.9,63.0,69.0,63.1,65.9,63.9,65.6,69.3,64.3,63.4,66.3,67.0,61.0,65.2,70.6,60.6,67.8,62.1,66.0,64.4,58.5,60.6,61.1,63.7,59.7,61.5,59.9,56.5,62.2,65.5,58.7,60.9,59.5,66.9,68.7,67.8,65.1,64.9,65.5,66.9,66.4,61.2,69.0,67.5,66.9,63.8,65.4,60.4,60.9,63.5,62.6,65.0,62.9
6394,71.6,68.3,69.3,71.1,70.9,71.6,72.4,70.8,70.7,70.1,71.8,70.8,71.8,69.3,71.9,71.5,70.9,65.5,71.8,72.8,70.8,70.7,72.6,69.2,70.4,71.8,71.3,70.7,69.9,71.3,70.8,70.2,66.9,67.8,66.3,66.6,72.5,66.9,70.3,67.9,69.1,72.2,69.1,66.8,70.8,70.9,66.1,69.3,75.4,66.7,72.4,67.0,71.4,68.5,62.7,64.6,65.1,67.3,63.4,65.0,63.3,61.3,65.9,70.6,62.9,65.1,63.9,70.1,71.8,71.2,70.5,69.9,70.2,70.3,70.4,66.3,72.3,71.0,70.1,68.5,69.6,65.5,63.6,65.8,66.4,69.0,66.8
6395,75.5,71.3,72.2,75.0,74.2,74.7,75.6,73.8,73.2,72.4,74.4,73.8,74.1,71.7,74.8,74.1,73.8,68.4,74.3,75.1,73.7,73.3,75.0,72.0,74.2,74.9,73.7,73.6,72.8,73.8,73.9,72.5,70.0,71.0,69.4,69.7,75.4,70.0,73.9,71.1,72.3,74.7,72.8,69.8,74.5,73.7,70.2,72.7,78.8,70.8,75.7,71.3,75.7,71.9,66.3,67.9,68.1,70.3,66.8,67.8,66.4,65.3,69.0,74.1,67.0,68.3,67.9,72.5,73.9,73.7,74.4,73.8,73.8,73.4,73.6,70.1,74.8,73.7,72.6,72.1,72.9,70.0,66.2,67.9,69.6,72.0,69.8
6396,78.3,73.6,74.2,78.0,76.6,77.1,77.8,75.8,75.0,74.3,76.2,75.8,76.1,73.4,76.9,75.8,75.9,71.1,76.2,76.9,75.6,75.2,76.9,74.3,77.2,77.4,75.5,75.6,74.9,75.3,76.2,74.1,72.5,73.3,71.7,71.9,77.6,72.3,76.8,73.6,74.7,76.4,76.0,72.4,77.5,75.7,73.7,75.0,81.7,74.3,77.7,74.6,79.0,74.4,68.8,70.4,70.3,72.5,69.4,70.0,69.2,68.7,71.6,76.5,70.9,71.0,71.4,74.1,75.5,75.5,76.9,76.8,76.6,76.0,75.9,72.9,76.3,75.4,74.5,75.0,75.6,73.3,68.8,69.4,71.8,73.9,72.1
6397,80.3,75.2,75.8,80.5,78.1,78.6,79.4,77.2,76.3,75.6,77.6,77.0,77.4,74.8,78.5,77.0,77.4,73.1,77.2,78.0,77.0,76.4,78.1,75.9,79.2,79.1,76.8,77.1,76.3,76.6,77.5,75.2,74.1,75.0,73.5,73.5,79.1,74.1,78.6,75.4,76.9,77.6,78.3,74.7,79.7,77.1,75.7,76.3,83.7,76.5,79.0,76.6,81.0,76.1,70.2,71.9,71.7,74.3,71.6,71.6,71.4,71.4,73.5,78.3,74.1,72.7,74.0,75.4,76.7,76.5,78.5,79.3,78.5,77.7,77.8,74.6,77.3,76.6,75.8,77.2,77.3,75.9,70.8,70.1,73.5,75.3,73.8
6398,81.3,76.2,76.6,82.1,79.2,79.6,80.5,78.3,76.8,76.3,78.2,77.7,78.0,75.6,79.3,77.6,78.1,74.2,78.0,78.5,77.9,77.1,79.0,76.9,80.3,80.1,77.7,77.8,77.1,77.3,78.3,76.0,75.1,75.9,74.5,74.5,79.9,74.9,80.0,76.2,78.3,78.1,79.7,76.2,80.9,77.5,77.1,76.8,84.7,78.0,79.7,77.8,82.3,77.4,71.1,73.0,72.6,75.2,73.3,72.4,72.7,73.4,74.8,79.3,76.5,73.6,76.0,76.3,77.3,77.3,79.4,80.7,79.7,78.8,79.2,75.7,78.2,77.3,76.6,78.6,78.4,77.5,72.3,70.6,74.8,76.0,74.9
6399,81.6,76.1,76.7,82.9,79.7,79.9,80.9,78.5,77.0,76.4,78.5,78.1,78.3,75.8,79.7,77.5,78.4,74.8,78.2,78.6,78.0,77.4,79.3,77.4,81.0,80.5,77.9,78.1,77.3,77.3,78.6,76.1,75.8,76.4,75.3,75.0,80.1,74.7,80.6,76.5,79.0,78.0,80.5,76.9,81.2,77.7,77.9,77.2,84.9,78.3,79.7,78.1,82.8,77.2,71.8,73.3,73.2,75.5,74.4,72.8,73.4,74.9,75.4,79.5,78.1,73.7,77.0,76.5,77.3,77.6,79.5,81.5,80.1,79.4,79.7,76.0,78.0,77.4,76.8,79.3,79.0,78.3,72.8,70.5,75.4,76.3,75.5
6400,80.8,75.0,75.7,82.7,79.2,79.7,80.5,78.0,76.2,75.8,77.9,77.7,77.7,75.4,79.2,76.9,77.9,74.3,77.5,77.7,77.5,76.7,78.7,77.2,80.8,80.3,77.4,77.6,76.6,76.7,78.1,75.5,75.7,76.1,75.1,74.8,79.5,73.6,80.5,75.9,79.2,76.7,80.2,76.7,80.7,76.5,77.6,76.5,84.0,77.9,79.4,77.4,82.4,76.4,71.6,72.9,73.0,75.3,74.8,72.3,73.0,75.4,75.2,79.2,78.3,73.2,77.0,76.0,76.6,77.2,79.1,81.4,79.4,79.4,79.4,75.3,77.2,76.7,76.1,79.4,78.9,78.3,72.7,69.4,75.4,75.9,75.3
6401,78.0,72.3,72.8,81.7,77.9,78.4,79.2,76.7,74.5,74.4,76.0,76.5,75.9,74.2,77.8,75.2,76.4,72.2,75.6,75.3,75.9,75.1,77.5,75.8,79.4,78.9,76.4,76.1,75.2,75.4,76.7,73.6,74.5,74.9,74.2,73.6,77.3,71.1,79.3,74.0,78.3,74.0,79.2,75.5,78.2,73.9,76.5,74.8,81.5,76.7,78.3,75.6,81.0,73.5,70.7,71.3,72.5,74.5,74.2,70.6,71.2,75.2,73.3,77.7,77.2,71.1,75.4,74.8,75.1,75.5,77.9,80.3,77.5,78.6,77.5,73.7,75.2,74.8,74.8,78.4,77.8,77.4,71.4,67.6,74.5,74.6,74.0
6402,71.5,67.3,65.7,79.0,75.3,75.7,76.2,73.0,70.6,70.9,71.9,73.2,70.7,71.5,74.6,71.4,72.3,66.7,71.2,70.2,72.5,71.3,73.9,72.4,76.3,75.6,74.0,72.5,71.2,72.1,73.2,69.2,71.2,71.6,71.5,70.4,71.8,66.0,76.8,69.4,75.9,67.4,76.4,72.2,72.6,68.6,73.0,69.9,75.2,73.6,75.8,72.1,78.1,66.6,68.4,67.4,69.8,71.5,72.3,65.7,68.2,72.7,68.8,71.6,74.0,65.7,70.4,72.2,71.2,71.2,74.3,77.7,72.8,75.8,70.8,70.3,69.9,70.0,71.2,75.3,74.4,74.1,67.6,64.7,71.9,71.3,70.2
6403,67.4,63.6,61.7,73.7,71.3,72.3,72.5,68.2,67.8,68.0,68.1,69.2,66.9,68.6,70.6,68.1,66.4,62.2,67.4,66.9,67.9,67.5,69.3,67.7,70.3,69.7,71.8,68.6,66.6,68.4,68.8,65.5,66.0,67.6,67.7,65.1,68.1,62.2,71.7,65.1,73.0,63.7,70.8,67.1,69.0,64.9,68.6,65.2,71.7,66.4,71.0,69.2,72.3,62.5,65.2,63.8,65.5,67.7,68.3,62.3,65.1,66.7,64.1,65.9,69.4,60.7,65.3,69.6,67.3,66.9,68.6,71.7,68.0,69.9,66.1,64.2,66.0,66.2,67.6,68.7,69.2,68.6,58.5,62.6,67.4,67.3,64.4
6404,64.7,60.9,59.5,69.8,68.8,70.0,70.3,65.4,66.0,66.5,66.0,66.6,65.1,66.6,68.4,66.4,63.8,60.1,65.6,65.0,65.7,65.5,67.1,65.9,67.4,67.0,69.9,66.3,64.2,66.4,66.4,64.3,63.2,64.7,65.4,62.9,65.9,60.2,68.8,62.5,70.0,61.9,67.4,64.1,66.8,62.2,65.2,62.5,68.1,62.1,67.5,66.6,67.5,60.4,62.6,60.9,62.4,65.2,65.0,60.5,62.9,62.3,60.8,62.0,66.4,58.1,62.7,68.0,65.4,65.2,65.2,67.8,65.1,66.6,62.7,61.4,64.0,64.4,66.0,65.2,66.6,64.9,56.4,61.3,64.5,65.0,61.7
6405,62.6,59.0,58.0,67.3,66.7,68.4,68.4,63.8,64.8,65.4,64.6,65.2,63.8,65.3,66.9,65.1,62.0,58.3,64.2,63.9,64.0,63.9,65.6,64.5,65.4,65.4,68.4,64.7,62.5,65.2,64.9,63.3,61.6,62.9,64.0,61.3,64.0,58.4,66.7,60.2,68.3,60.7,65.2,62.1,64.9,60.3,62.6,59.9,65.2,59.6,64.8,64.1,64.6,58.6,61.2,58.5,60.5,63.3,62.3,59.2,61.4,59.9,58.6,58.6,64.0,56.0,60.4,66.7,64.2,63.9,63.1,65.3,62.6,64.4,60.3,59.6,62.9,62.9,64.4,63.2,64.8,62.6,56.0,60.3,62.5,63.3,59.7
6406,60.8,57.9,56.5,65.4,65.1,67.1,66.8,62.7,63.7,64.3,63.4,64.1,62.7,64.2,65.5,64.1,60.9,56.8,63.0,62.8,62.8,63.1,64.6,63.5,64.0,64.4,67.1,63.3,61.4,64.2,63.5,62.5,60.2,61.2,62.5,60.1,62.7,57.1,65.2,58.2,66.8,59.5,63.5,60.9,63.0,59.0,60.1,57.6,62.4,57.9,62.5,61.6,62.8,57.5,60.0,56.4,59.5,61.9,60.6,57.9,59.7,57.7,56.7,55.8,61.7,54.1,58.2,65.6,63.1,62.7,61.2,63.5,60.3,62.6,57.6,57.7,62.0,61.9,63.3,61.9,63.5,60.7,55.7,59.3,61.2,62.0,58.4
6407,59.1,56.7,55.4,63.7,64.1,65.9,65.6,61.6,62.7,63.2,62.2,62.9,61.7,63.1,64.4,63.1,59.9,55.3,62.1,61.9,61.8,62.3,63.7,62.4,62.7,63.2,66.2,62.3,60.3,63.2,62.6,61.7,58.8,60.0,61.4,59.2,61.5,55.7,63.8,56.7,65.3,58.6,61.8,59.5,61.1,57.8,57.8,55.8,58.9,56.2,61.0,59.3,61.3,56.2,59.0,54.6,58.5,60.7,59.5,56.7,58.3,56.2,55.2,53.4,59.7,52.7,56.1,64.5,62.2,61.4,59.5,61.8,58.3,61.1,55.4,56.1,61.1,60.8,62.4,60.6,62.4,59.1,55.5,58.5,60.1,60.8,57.5
6408,57.2,55.4,54.3,62.2,62.9,65.0,64.5,60.8,61.9,62.4,61.1,62.0,60.9,62.3,63.5,62.3,59.1,53.9,61.0,61.0,61.0,61.3,62.7,61.4,61.6,62.2,65.2,61.4,59.4,62.3,61.7,61.1,57.9,58.9,60.5,58.3,60.6,54.5,62.7,55.5,63.8,57.8,60.6,58.1,59.2,56.5,55.7,54.3,56.6,54.4,59.3,57.3,59.5,55.1,58.0,53.2,57.5,59.6,58.5,55.6,57.2,54.8,54.0,51.6,57.9,51.2,54.1,63.7,61.3,60.4,58.0,60.3,56.7,59.7,53.5,54.5,60.2,59.8,61.6,59.5,61.3,57.8,55.0,57.9,58.9,59.6,56.6
6409,55.8,54.6,53.2,60.8,62.0,64.1,63.8,59.9,61.1,61.6,60.3,61.1,60.0,61.6,62.7,61.5,58.5,52.8,60.1,60.4,60.2,60.5,61.9,60.5,60.5,61.3,64.5,60.6,58.5,61.6,60.9,60.2,57.1,58.1,59.7,57.4,60.1,53.4,61.7,53.8,62.6,57.0,59.5,57.1,57.9,55.7,53.8,52.8,54.6,52.3,58.1,55.3,57.8,54.1,57.0,52.0,56.4,58.6,57.4,54.4,56.0,53.4,52.7,49.8,56.0,49.9,52.4,62.9,60.5,59.4,56.6,58.8,55.2,58.4,52.0,52.8,59.6,59.2,60.9,58.6,60.3,56.6,54.5,57.3,58.1,58.9,55.9
6410,54.3,53.7,52.1,59.8,61.2,63.1,62.7,59.2,60.4,60.8,59.5,60.3,59.3,60.9,62.0,60.9,57.9,51.4,59.4,59.7,59.5,59.8,61.3,59.8,59.6,60.6,63.6,59.9,57.9,60.8,60.1,59.5,56.3,57.4,58.9,57.0,59.3,52.5,60.8,52.7,61.5,56.5,58.4,56.3,56.5,54.6,52.5,51.6,52.5,51.1,57.0,53.7,56.0,53.2,55.9,50.8,55.5,57.6,56.3,53.4,55.1,52.3,51.6,48.3,54.8,48.8,50.6,62.1,60.0,58.7,54.8,57.5,53.9,56.9,50.7,51.0,58.9,58.5,60.3,57.7,59.5,55.4,53.8,56.8,57.2,58.0,55.2
6411,53.2,52.5,51.4,58.7,60.6,62.3,61.9,58.5,59.8,60.2,58.9,59.7,58.8,60.2,61.2,60.3,57.5,50.5,58.8,58.9,58.8,59.1,60.6,59.0,58.7,60.0,62.9,59.3,57.3,60.2,59.5,59.0,55.7,56.7,58.2,56.2,58.4,51.6,59.9,51.6,60.3,55.8,57.4,54.7,55.3,53.6,51.1,50.5,50.9,49.5,55.8,52.4,54.6,52.0,54.9,49.8,54.7,56.7,55.3,52.2,54.1,51.1,50.8,46.7,53.6,47.5,49.1,61.3,59.3,58.1,53.2,56.6,52.6,56.0,49.6,49.8,58.5,57.7,59.6,56.9,58.7,54.4,53.1,56.3,56.4,57.3,54.6
6412,52.0,51.7,50.5,57.8,59.8,61.7,61.4,58.0,59.1,59.6,58.2,59.1,58.1,59.6,60.6,59.7,57.0,49.9,58.1,58.4,58.3,58.6,60.2,58.2,57.9,59.3,62.2,58.7,56.8,59.7,58.9,58.7,54.9,56.2,57.4,55.5,57.9,50.9,59.0,50.6,59.3,55.4,56.5,53.8,54.1,52.7,50.1,49.7,49.3,48.2,55.0,51.3,53.0,51.3,54.0,48.7,53.9,56.2,54.4,51.5,53.2,50.2,49.9,45.3,52.5,46.6,47.7,60.6,58.8,57.6,52.0,56.0,51.4,54.6,48.5,48.6,58.1,57.1,59.1,56.0,57.9,53.4,52.3,55.9,55.6,56.7,54.0
6413,51.1,51.3,49.9,56.8,59.3,61.3,60.7,57.5,58.7,59.0,58.0,58.6,57.8,59.1,60.0,59.2,56.6,49.2,57.7,57.9,57.9,58.1,59.6,57.5,57.0,58.7,61.6,58.1,56.4,59.3,58.5,58.2,54.4,55.3,57.1,55.1,57.3,50.2,58.2,49.7,58.4,55.1,55.7,53.0,53.1,51.7,49.3,48.6,48.2,47.2,54.1,50.2,51.9,50.4,53.1,47.8,53.0,55.7,53.7,50.7,52.4,49.2,49.2,44.2,51.5,45.9,46.5,60.0,58.3,57.2,50.7,55.1,50.3,54.1,47.7,47.5,57.5,56.6,58.6,55.4,57.3,52.5,51.4,55.4,55.0,56.2,53.5
6414,50.5,51.1,49.5,56.0,58.7,60.8,60.3,57.0,58.2,58.6,57.7,58.1,57.7,58.6,59.6,58.7,56.3,48.7,57.5,57.8,57.7,57.6,59.3,57.0,56.3,58.3,61.3,57.6,55.8,59.0,58.1,57.9,53.9,54.7,56.7,54.8,56.5,50.1,57.6,49.0,57.6,54.7,54.9,52.1,52.6,51.2,48.6,48.2,47.5,46.1,53.2,49.4,51.0,50.0,52.4,47.2,52.3,55.1,52.9,50.1,51.7,48.2,48.7,43.0,50.8,45.3,45.2,59.7,57.8,56.8,49.5,54.2,49.7,53.5,46.7,46.7,57.3,56.4,58.2,54.6,56.6,51.5,50.5,55.2,54.5,55.6,53.0
6415,55.2,54.2,54.0,55.7,59.0,61.0,60.7,57.7,59.3,59.6,60.3,59.0,60.0,59.2,60.0,60.0,57.5,52.4,59.7,60.7,58.5,58.6,60.1,57.3,56.3,58.7,61.8,58.1,57.2,60.2,58.8,59.8,54.0,55.4,56.7,55.4,59.7,53.1,57.2,52.8,58.7,59.3,54.7,53.8,56.1,55.0,51.2,53.4,54.4,46.0,53.8,51.8,52.9,53.8,52.2,50.1,52.0,55.7,52.4,52.6,53.6,47.5,51.9,48.8,51.4,48.7,47.3,60.2,60.2,59.4,51.7,53.9,54.1,55.3,53.2,46.6,60.2,59.0,59.1,54.6,56.7,51.2,50.2,57.3,54.6,56.3,53.8
6416,61.0,59.7,60.2,60.0,62.4,64.0,64.3,61.9,63.1,63.2,64.3,62.4,64.1,62.5,63.8,64.0,62.2,58.0,63.8,64.7,62.8,62.7,64.4,60.9,60.3,63.0,64.6,62.0,61.6,64.1,62.6,63.4,57.8,59.0,59.3,59.0,64.6,58.5,60.7,58.9,61.8,64.9,58.3,58.5,60.9,61.1,55.6,60.1,63.5,52.8,61.1,56.5,59.3,58.9,54.6,55.2,56.2,59.4,55.0,57.1,56.4,50.8,57.5,57.9,54.5,55.6,53.8,63.2,64.6,63.6,58.6,58.5,59.9,61.4,60.6,54.9,64.5,63.0,62.8,58.4,60.3,54.9,55.7,60.2,57.8,60.1,58.1
6417,66.4,64.1,65.0,65.8,66.6,67.9,68.3,66.1,66.9,66.7,68.2,66.5,67.9,66.0,68.2,68.0,66.7,61.9,67.9,69.1,66.9,67.2,68.6,65.1,65.5,67.3,67.8,66.5,65.7,67.9,66.7,66.9,62.2,63.4,62.4,62.5,68.8,62.9,65.5,63.8,65.4,69.1,63.8,62.9,65.8,66.7,60.6,64.6,70.2,60.2,67.5,61.7,65.6,63.8,58.1,60.2,60.6,63.3,59.3,61.2,59.5,56.0,61.8,65.0,58.3,60.5,59.0,66.7,68.3,67.3,64.7,64.7,65.0,66.4,65.9,60.8,68.7,67.2,66.6,63.3,65.0,59.9,60.6,63.2,62.1,64.6,62.4
6418,71.0,68.0,68.9,70.7,70.6,71.5,72.2,70.4,70.4,69.9,71.5,70.5,71.4,69.1,71.7,71.3,70.7,65.2,71.6,72.4,70.6,70.6,72.4,68.8,70.0,71.5,71.1,70.6,69.5,71.1,70.5,70.0,66.4,67.4,65.8,66.2,72.4,66.6,70.0,67.8,69.0,72.1,68.6,66.4,70.3,70.7,65.8,68.7,75.0,66.4,72.2,66.6,71.1,67.9,62.3,64.3,64.6,66.9,63.1,64.6,62.8,60.9,65.6,70.1,62.5,64.7,63.5,69.9,71.5,70.8,70.2,69.7,69.7,69.8,69.9,65.9,72.0,70.6,69.9,68.1,69.2,65.1,63.2,65.5,66.0,68.6,66.3
6419,74.9,71.0,71.7,74.7,73.8,74.6,75.3,73.5,73.0,72.2,74.0,73.5,73.8,71.5,74.6,73.9,73.6,68.1,74.1,74.7,73.5,73.2,74.8,71.6,73.8,74.6,73.5,73.4,72.4,73.6,73.6,72.2,69.5,70.6,68.8,69.3,75.3,69.7,73.6,71.0,72.2,74.5,72.3,69.3,74.0,73.5,69.9,72.1,78.4,70.5,75.5,70.8,75.3,71.4,65.8,67.6,67.6,69.9,66.5,67.5,66.0,64.9,68.7,73.5,66.6,68.0,67.5,72.3,73.7,73.4,74.2,73.6,73.4,72.9,73.1,69.6,74.5,73.2,72.5,71.6,72.5,69.5,65.8,67.5,69.2,71.5,69.3
6420,77.7,73.2,73.8,77.7,76.2,76.9,77.6,75.6,74.7,74.1,75.9,75.5,75.8,73.3,76.7,75.6,75.6,70.8,75.9,76.5,75.4,75.2,76.7,74.0,76.7,77.1,75.3,75.4,74.5,75.2,75.9,73.9,71.9,72.8,71.1,71.5,77.6,72.0,76.5,73.5,74.7,76.2,75.6,71.9,77.0,75.5,73.4,74.4,81.2,73.8,77.5,74.1,78.8,73.9,68.3,70.1,69.7,72.0,69.1,69.7,68.8,68.3,71.3,76.0,70.4,70.8,70.9,74.0,75.2,75.2,76.7,76.6,76.3,75.4,75.5,72.4,75.9,75.0,74.3,74.5,75.2,72.8,68.4,68.8,71.3,73.5,71.6
6421,79.7,74.9,75.3,80.1,77.8,78.4,79.1,77.0,76.1,75.3,77.3,76.7,77.1,74.7,78.3,76.9,77.2,72.8,77.0,77.6,76.8,76.4,77.9,75.6,78.7,78.7,76.6,76.9,75.9,76.4,77.3,74.9,73.6,74.4,72.9,73.0,79.1,73.8,78.4,75.3,76.9,77.5,77.8,74.3,79.3,76.9,75.6,75.8,83.2,76.1,78.7,76.1,80.8,75.6,69.7,71.6,71.1,73.7,71.2,71.3,70.9,71.0,73.3,77.7,73.7,72.5,73.5,75.3,76.5,76.3,78.3,79.1,78.2,77.2,77.3,74.1,76.9,76.2,75.6,76.7,76.8,75.4,70.3,69.5,73.0,75.0,73.2
6422,80.8,75.8,76.2,81.7,78.8,79.4,80.1,78.0,76.6,76.0,77.9,77.5,77.8,75.4,79.1,77.5,77.9,73.9,77.7,78.1,77.7,77.0,78.8,76.5,79.9,79.8,77.4,77.7,76.8,77.2,78.1,75.7,74.6,75.3,73.9,74.0,80.0,74.5,79.9,76.2,78.4,78.0,79.3,75.7,80.5,77.4,77.0,76.3,84.2,77.5,79.4,77.3,82.0,76.8,70.6,72.7,72.0,74.7,72.9,72.1,72.4,73.0,74.6,78.8,76.1,73.3,75.5,76.1,77.1,77.1,79.2,80.6,79.4,78.2,78.7,75.3,77.8,76.9,76.4,78.1,78.0,76.9,71.7,69.9,74.4,75.7,74.4
6423,81.1,75.7,76.4,82.5,79.3,79.7,80.5,78.2,76.7,76.2,78.1,77.9,78.0,75.6,79.4,77.4,78.2,74.5,77.9,78.1,77.9,77.2,79.1,77.0,80.6,80.2,77.6,77.9,77.0,77.2,78.5,75.8,75.2,75.8,74.7,74.6,80.2,74.4,80.5,76.5,79.0,77.8,80.1,76.4,80.9,77.5,77.7,76.7,84.4,77.8,79.5,77.5,82.4,76.8,71.2,73.0,72.5,75.0,74.0,72.4,73.1,74.4,75.1,78.9,77.7,73.4,76.5,76.4,77.2,77.4,79.3,81.4,79.8,78.9,79.3,75.7,77.7,77.0,76.6,78.9,78.7,77.7,72.3,69.8,75.0,75.9,74.9
6424,80.4,74.6,75.4,82.3,78.8,79.3,80.1,77.7,76.0,75.6,77.5,77.5,77.3,75.2,78.7,76.7,77.7,74.0,77.2,77.1,77.2,76.4,78.4,76.8,80.4,79.9,77.2,77.3,76.3,76.5,77.9,75.1,75.1,75.5,74.5,74.2,79.6,73.2,80.5,75.8,79.1,76.7,79.8,76.2,80.3,76.3,77.4,76.0,83.4,77.4,79.1,76.8,82.1,75.9,71.0,72.5,72.4,74.8,74.4,71.9,72.6,75.0,74.9,78.6,77.9,72.9,76.4,75.9,76.3,76.9,78.9,81.3,79.0,78.9,78.9,75.1,76.8,76.2,75.9,79.0,78.6,77.7,72.1,68.8,75.0,75.5,74.8
6425,77.5,71.9,72.3,81.4,77.6,78.0,78.8,76.4,74.2,74.1,75.7,76.2,75.6,74.0,77.4,74.9,76.2,71.8,75.2,74.8,75.7,74.8,77.3,75.5,79.1,78.5,76.1,75.8,74.8,75.1,76.4,73.4,74.0,74.4,73.7,73.1,77.3,70.7,79.3,73.9,78.1,73.9,78.9,75.0,77.8,73.7,76.2,74.3,80.9,76.2,78.0,75.1,80.7,73.0,70.1,70.8,71.8,73.9,73.7,70.1,70.8,74.8,72.9,77.1,76.9,70.7,74.8,74.6,74.8,75.2,77.6,80.2,77.1,78.0,76.9,73.4,74.7,74.4,74.6,78.0,77.4,76.8,70.7,66.9,74.0,74.2,73.5
6426,71.0,66.8,65.2,78.6,74.9,75.3,75.8,72.6,70.3,70.5,71.5,72.9,70.3,71.2,74.1,71.1,71.9,66.3,70.9,69.8,72.1,71.0,73.6,72.0,75.9,75.1,73.7,72.2,70.8,71.7,72.8,68.8,70.6,71.0,70.9,69.8,71.6,65.6,76.7,69.2,75.7,67.1,76.1,71.6,72.1,68.3,72.7,69.3,74.5,73.0,75.4,71.5,77.8,66.0,67.8,66.9,69.1,70.9,71.8,65.1,67.8,72.4,68.4,71.0,73.6,65.2,69.8,71.9,70.7,70.8,74.0,77.6,72.3,75.2,70.2,69.8,69.4,69.5,70.9,74.8,74.0,73.6,66.9,64.2,71.3,70.8,69.5
6427,66.9,63.2,61.3,73.2,70.9,72.0,72.1,67.7,67.5,67.7,67.8,68.8,66.6,68.3,70.2,67.8,66.0,61.8,67.1,66.5,67.5,67.2,69.0,67.2,69.8,69.2,71.5,68.2,66.1,68.0,68.4,65.2,65.4,67.1,67.1,64.5,68.0,61.9,71.6,64.9,72.7,63.5,70.4,66.6,68.6,64.7,68.2,64.7,71.0,65.9,70.6,68.7,71.9,62.0,64.6,63.3,64.8,67.2,67.9,61.8,64.7,66.2,63.6,65.3,69.0,60.4,64.9,69.3,66.8,66.5,68.2,71.4,67.5,69.3,65.5,63.7,65.6,65.9,67.3,68.2,68.7,68.0,58.0,62.2,66.9,66.8,63.8
6428,64.1,60.6,59.1,69.5,68.3,69.7,69.8,64.9,65.7,66.1,65.7,66.3,64.9,66.3,67.9,66.2,63.4,59.8,65.3,64.6,65.3,65.2,66.7,65.4,66.9,66.5,69.6,65.9,63.7,66.0,66.0,64.0,62.8,64.2,64.9,62.3,65.7,59.8,68.6,62.3,69.8,61.8,67.1,63.5,66.3,62.0,64.9,62.0,67.5,61.6,67.2,66.0,67.3,59.9,62.1,60.4,61.8,64.7,64.6,60.1,62.5,61.9,60.4,61.4,66.0,57.8,62.2,67.7,64.9,64.8,64.9,67.5,64.6,66.1,62.3,61.1,63.6,64.0,65.6,64.7,66.2,64.3,56.0,60.9,64.1,64.5,61.1
6429,62.0,58.7,57.6,67.0,66.2,68.0,67.9,63.3,64.6,65.1,64.3,64.9,63.5,64.9,66.4,64.7,61.6,58.0,63.9,63.5,63.6,63.6,65.2,64.0,65.0,65.0,68.1,64.2,62.1,64.7,64.5,63.0,61.0,62.4,63.4,60.8,63.9,58.1,66.5,59.9,68.1,60.5,65.0,61.6,64.4,59.9,62.2,59.5,64.5,59.3,64.5,63.6,64.4,58.2,60.7,58.0,60.1,62.8,61.9,58.9,61.0,59.5,58.2,58.0,63.6,55.7,59.9,66.4,63.7,63.5,62.8,65.1,62.1,63.8,59.9,59.2,62.6,62.6,64.1,62.6,64.4,62.0,55.6,59.9,62.1,62.9,59.1
6430,60.2,57.6,56.1,65.1,64.7,66.7,66.4,62.3,63.4,63.9,63.1,63.8,62.5,63.8,65.0,63.8,60.5,56.5,62.7,62.4,62.4,62.7,64.1,63.2,63.5,63.9,66.7,62.8,61.0,63.7,63.1,62.2,59.6,60.7,62.0,59.6,62.5,56.8,65.0,57.9,66.5,59.3,63.2,60.3,62.5,58.6,59.7,57.2,61.7,57.6,62.4,61.1,62.5,57.1,59.5,55.9,59.0,61.4,60.1,57.6,59.3,57.3,56.4,55.3,61.4,53.9,57.7,65.2,62.6,62.4,60.9,63.3,60.0,62.0,57.1,57.3,61.7,61.6,62.9,61.3,63.0,60.2,55.2,58.9,60.8,61.5,57.7
6431,58.6,56.4,54.9,63.5,63.7,65.5,65.1,61.2,62.3,62.9,62.0,62.6,61.5,62.7,63.9,62.8,59.5,55.0,61.8,61.6,61.3,61.9,63.2,62.1,62.2,62.8,65.8,61.8,59.9,62.8,62.2,61.4,58.2,59.6,60.9,58.5,61.4,55.4,63.6,56.4,65.1,58.5,61.4,59.0,60.5,57.4,57.5,55.5,58.5,55.8,60.9,58.9,61.0,55.8,58.6,54.1,58.1,60.3,59.1,56.3,57.9,55.8,55.0,53.1,59.4,52.4,55.7,64.1,61.8,61.1,59.3,61.5,57.9,60.6,55.0,55.7,60.7,60.5,62.0,60.1,61.9,58.6,55.1,58.1,59.6,60.3,56.8
6432,56.7,55.1,53.9,62.0,62.5,64.5,64.0,60.3,61.6,62.1,60.8,61.7,60.6,61.9,63.0,61.9,58.6,53.6,60.7,60.7,60.5,60.9,62.2,61.1,61.2,61.8,64.8,60.9,59.1,61.8,61.3,60.7,57.3,58.3,59.9,57.8,60.4,54.1,62.5,55.3,63.5,57.6,60.1,57.7,58.7,56.2,55.4,54.0,56.1,54.1,59.1,56.9,59.3,54.6,57.7,52.7,57.0,59.1,58.2,55.2,56.7,54.3,53.7,51.2,57.6,50.9,53.8,63.2,60.8,60.0,57.8,60.0,56.4,59.2,53.2,54.1,59.9,59.5,61.1,59.0,60.8,57.3,54.6,57.6,58.4,59.2,56.0
6433,55.3,54.3,52.8,60.6,61.5,63.7,63.2,59.4,60.8,61.2,60.1,60.7,59.8,61.2,62.2,61.1,58.1,52.4,59.9,60.1,59.8,60.1,61.5,60.1,60.0,60.8,64.0,60.1,58.2,61.1,60.4,59.8,56.6,57.6,59.1,57.0,59.8,53.1,61.5,53.7,62.3,56.8,59.1,56.7,57.4,55.4,53.5,52.5,54.2,52.1,58.0,55.0,57.6,53.6,56.6,51.5,56.0,58.2,57.1,54.0,55.6,53.1,52.3,49.5,55.7,49.5,52.1,62.4,60.1,59.1,56.4,58.5,54.9,58.0,51.8,52.5,59.3,58.9,60.4,58.1,59.8,56.0,54.0,57.1,57.6,58.4,55.4
6434,53.9,53.4,51.7,59.4,60.7,62.7,62.2,58.6,60.1,60.4,59.3,59.9,59.1,60.5,61.6,60.5,57.4,51.1,59.2,59.4,59.0,59.4,60.8,59.3,59.2,60.1,63.2,59.3,57.5,60.3,59.6,59.2,55.8,56.9,58.4,56.5,59.1,52.2,60.5,52.5,61.2,56.2,58.0,55.9,56.2,54.2,52.2,51.2,52.2,50.9,56.9,53.4,55.9,52.6,55.5,50.3,55.1,57.3,55.9,53.1,54.6,51.9,51.3,47.9,54.5,48.3,50.4,61.6,59.5,58.3,54.6,57.2,53.6,56.5,50.4,50.8,58.6,58.2,59.8,57.1,59.0,54.8,53.3,56.4,56.6,57.5,54.7
6435,52.8,52.3,50.9,58.3,60.1,61.9,61.3,57.9,59.5,59.7,58.7,59.3,58.5,59.7,60.7,59.9,57.0,50.1,58.6,58.7,58.3,58.7,60.1,58.5,58.3,59.5,62.4,58.7,56.9,59.7,59.0,58.7,55.1,56.1,57.7,55.8,58.2,51.4,59.6,51.4,60.0,55.6,57.1,54.3,54.9,53.3,50.9,50.2,50.5,49.3,55.7,52.2,54.5,51.6,54.5,49.4,54.3,56.4,54.9,51.8,53.6,50.6,50.4,46.4,53.3,47.1,48.9,60.8,58.8,57.7,53.0,56.3,52.4,55.7,49.3,49.5,58.2,57.5,59.2,56.4,58.2,53.8,52.5,56.0,55.8,56.8,54.1
6436,51.7,51.5,50.0,57.4,59.4,61.3,60.8,57.4,58.8,59.1,58.0,58.7,57.9,59.1,60.1,59.3,56.4,49.4,58.0,58.1,57.8,58.1,59.7,57.6,57.5,58.7,61.7,58.2,56.3,59.3,58.4,58.3,54.3,55.6,56.9,55.0,57.6,50.7,58.8,50.5,59.0,55.2,56.1,53.5,53.8,52.4,49.8,49.4,48.9,48.1,54.8,51.1,52.9,50.9,53.7,48.3,53.6,55.9,54.1,51.1,52.8,49.9,49.5,45.1,52.2,46.2,47.5,60.1,58.3,57.3,51.8,55.7,51.1,54.3,48.3,48.4,57.9,56.8,58.7,55.5,57.4,52.7,51.8,55.6,54.9,56.1,53.4
6437,50.8,51.1,49.4,56.5,58.8,60.9,60.2,56.9,58.3,58.6,57.8,58.2,57.6,58.6,59.5,58.8,56.1,48.8,57.5,57.7,57.4,57.6,59.0,57.0,56.6,58.1,61.1,57.6,55.9,58.9,57.9,57.8,53.8,54.8,56.6,54.6,57.0,50.1,57.9,49.5,58.1,54.8,55.2,52.7,52.9,51.4,49.0,48.3,47.9,46.9,54.0,49.9,51.8,49.9,52.9,47.3,52.7,55.4,53.3,50.3,51.9,48.9,48.7,43.9,51.3,45.5,46.3,59.6,57.8,56.9,50.5,54.9,50.0,53.9,47.4,47.4,57.3,56.4,58.1,54.8,56.8,52.0,50.8,55.1,54.4,55.7,52.9
6438,50.1,51.0,49.2,55.6,58.2,60.3,59.8,56.4,57.8,58.1,57.5,57.7,57.4,58.1,59.1,58.2,55.8,48.3,57.2,57.6,57.1,57.1,58.7,56.4,55.9,57.8,60.8,57.1,55.3,58.5,57.6,57.5,53.2,54.1,56.1,54.2,56.2,49.9,57.3,48.8,57.3,54.3,54.5,51.8,52.3,50.8,48.4,47.8,47.2,45.9,53.1,49.2,50.9,49.5,52.2,46.7,52.0,54.7,52.5,49.7,51.2,47.9,48.3,42.8,50.6,45.0,45.1,59.2,57.3,56.5,49.4,54.0,49.4,53.3,46.3,46.5,57.0,56.2,57.7,54.1,56.1,51.0,49.9,54.9,53.9,55.1,52.4
6439,54.8,53.9,53.5,55.2,58.4,60.6,60.1,57.1,58.9,59.1,60.0,58.6,59.7,58.7,59.5,59.5,57.0,51.9,59.3,60.5,57.9,58.2,59.5,56.7,55.9,58.0,61.3,57.5,56.6,59.7,58.2,59.3,53.4,54.8,56.2,54.8,59.4,52.7,56.8,52.6,58.4,58.8,54.3,53.4,55.8,54.6,50.9,52.9,54.0,45.8,53.7,51.4,52.7,53.3,52.0,49.5,51.7,55.3,52.0,52.1,53.1,47.1,51.4,48.4,51.1,48.2,47.0,59.7,59.8,59.1,51.4,53.6,53.7,55.0,52.7,46.4,59.9,58.7,58.5,54.0,56.1,50.7,49.6,56.9,53.9,55.7,53.2
6440,60.6,59.3,59.8,59.5,61.9,63.5,63.8,61.2,62.6,62.7,64.0,62.0,63.7,62.0,63.3,63.5,61.6,57.5,63.4,64.4,62.2,62.3,63.9,60.4,59.8,62.4,64.1,61.5,61.1,63.6,62.0,62.9,57.2,58.4,58.8,58.5,64.2,58.0,60.2,58.7,61.6,64.4,57.8,58.1,60.5,60.7,55.4,59.6,63.0,52.4,60.8,56.0,59.2,58.5,54.3,54.8,55.8,58.9,54.5,56.6,56.0,50.3,57.0,57.4,54.2,55.1,53.5,62.8,64.2,63.2,58.4,58.0,59.4,60.9,60.0,54.5,64.2,62.5,62.4,57.8,59.8,54.4,55.0,59.7,57.2,59.5,57.6
6441,66.0,63.8,64.8,65.3,66.1,67.4,67.8,65.6,66.4,66.2,67.7,66.0,67.5,65.6,67.6,67.5,66.2,61.3,67.6,68.7,66.3,66.7,68.2,64.7,64.9,66.8,67.3,66.0,65.1,67.3,66.2,66.4,61.7,63.0,62.0,62.1,68.3,62.5,65.0,63.6,65.2,68.6,63.3,62.5,65.5,66.2,60.4,64.1,69.8,59.7,67.2,61.1,65.3,63.6,57.7,59.8,60.2,62.7,58.8,60.7,59.0,55.5,61.3,64.4,57.9,60.1,58.6,66.3,67.9,67.0,64.5,64.1,64.5,65.9,65.3,60.3,68.3,66.7,66.2,62.9,64.4,59.4,59.8,62.7,61.7,64.2,61.9
6442,70.6,67.7,68.5,70.2,70.1,71.0,71.7,69.9,69.9,69.4,71.0,70.0,70.9,68.7,71.2,70.8,70.2,64.6,71.1,71.9,70.1,70.3,71.9,68.3,69.4,71.0,70.6,70.1,69.0,70.6,70.0,69.4,66.1,67.0,65.4,65.8,72.0,66.2,69.5,67.6,68.8,71.6,68.0,65.8,69.9,70.2,65.6,68.2,74.5,65.8,71.8,66.0,70.8,67.7,61.8,63.9,64.0,66.3,62.6,64.2,62.2,60.4,65.1,69.5,62.1,64.3,63.0,69.5,71.1,70.4,70.0,69.1,69.1,69.3,69.3,65.4,71.6,70.1,69.5,67.7,68.7,64.7,62.6,65.0,65.7,68.2,65.9
6443,74.6,70.7,71.3,74.2,73.4,74.2,74.8,73.1,72.4,71.8,73.5,72.9,73.2,71.1,74.1,73.4,73.2,67.6,73.6,74.3,73.0,72.8,74.4,71.3,73.1,74.1,73.0,73.0,72.0,73.1,73.2,71.7,69.2,70.3,68.5,69.0,74.9,69.3,73.1,70.8,72.1,74.0,71.7,68.8,73.7,73.0,69.7,71.6,77.9,69.9,75.1,70.2,75.1,71.1,65.3,67.2,67.0,69.2,66.0,67.0,65.4,64.5,68.2,73.0,66.2,67.6,67.0,71.9,73.3,72.9,74.0,73.1,72.8,72.3,72.5,69.2,74.1,72.7,72.0,71.2,72.0,69.2,65.1,67.0,68.9,71.2,69.0
6444,77.4,72.9,73.4,77.2,75.8,76.5,77.0,75.2,74.2,73.7,75.4,74.9,75.2,72.9,76.3,75.1,75.2,70.3,75.3,76.1,75.0,74.7,76.3,73.7,76.1,76.6,74.9,75.0,74.1,74.7,75.5,73.3,71.6,72.5,70.8,71.3,77.2,71.6,76.0,73.2,74.5,75.8,75.0,71.3,76.6,75.1,73.1,73.9,80.7,73.2,77.1,73.5,78.5,73.5,67.6,69.6,69.0,71.3,68.7,69.3,68.1,67.9,70.8,75.5,70.0,70.3,70.3,73.7,74.8,74.7,76.5,76.1,75.7,74.9,75.0,71.9,75.5,74.5,73.9,74.1,74.8,72.6,67.7,68.4,71.0,73.2,71.4
6445,79.3,74.6,74.9,79.6,77.4,78.1,78.7,76.7,75.5,74.9,76.7,76.1,76.4,74.3,77.9,76.4,76.8,72.2,76.4,77.1,76.5,76.0,77.5,75.3,78.2,78.3,76.2,76.5,75.5,76.0,76.9,74.3,73.3,74.2,72.7,72.9,78.8,73.4,77.9,75.1,76.7,76.9,77.3,73.7,78.9,76.5,75.3,75.2,82.5,75.5,78.3,75.5,80.5,75.0,69.0,71.1,70.5,73.0,70.8,70.8,70.3,70.6,72.7,77.3,73.1,72.0,72.8,75.0,76.0,75.8,78.1,78.6,77.7,76.6,76.9,73.6,76.5,75.7,75.3,76.3,76.5,75.2,69.6,69.1,72.8,74.7,73.1
6446,80.4,75.5,75.8,81.2,78.5,79.0,79.7,77.7,76.1,75.7,77.2,77.0,77.1,75.1,78.7,77.1,77.6,73.4,77.1,77.7,77.4,76.7,78.4,76.3,79.4,79.3,77.1,77.3,76.5,76.8,77.8,75.0,74.4,75.2,73.7,73.9,79.6,74.2,79.4,76.0,78.2,77.4,78.8,75.2,80.2,77.1,76.7,75.7,83.5,76.9,79.0,76.6,81.7,76.4,69.9,72.2,71.3,73.9,72.5,71.7,71.7,72.6,74.0,78.2,75.5,72.8,74.8,75.8,76.6,76.5,78.9,80.0,79.0,77.7,78.2,74.7,77.3,76.3,76.1,77.8,77.7,76.6,71.1,69.4,74.2,75.5,74.3
6447,80.7,75.4,75.9,82.0,79.0,79.4,80.1,77.9,76.3,75.9,77.5,77.4,77.3,75.3,79.0,77.0,77.9,73.9,77.3,77.7,77.6,76.9,78.7,76.8,80.1,79.8,77.4,77.5,76.8,76.8,78.2,75.2,75.0,75.6,74.6,74.4,79.8,74.1,80.0,76.2,78.8,77.3,79.6,75.8,80.5,77.1,77.4,76.0,83.7,77.1,79.0,76.8,82.1,76.3,70.6,72.5,71.9,74.2,73.6,71.9,72.5,74.0,74.5,78.4,77.1,72.9,75.7,76.1,76.7,76.8,79.1,81.0,79.4,78.3,78.7,75.1,77.3,76.4,76.3,78.6,78.4,77.4,71.7,69.3,74.8,75.7,74.8
6448,80.0,74.2,74.9,81.8,78.5,79.0,79.7,77.4,75.5,75.3,76.9,77.0,76.7,74.9,78.4,76.3,77.4,73.3,76.6,76.6,77.0,76.1,78.1,76.5,79.8,79.5,77.0,77.0,76.1,76.0,77.6,74.5,74.9,75.3,74.4,74.1,79.2,72.8,79.9,75.5,78.9,76.2,79.4,75.6,79.9,75.9,77.1,75.3,82.7,76.8,78.7,76.1,81.7,75.4,70.3,72.0,71.7,74.0,73.9,71.4,72.0,74.5,74.3,78.0,77.4,72.3,75.6,75.6,75.9,76.3,78.6,80.7,78.6,78.3,78.2,74.5,76.4,75.6,75.6,78.7,78.3,77.4,71.6,68.3,74.8,75.3,74.7
6449,77.0,71.3,71.8,80.8,77.2,77.6,78.4,76.0,73.7,73.8,75.1,75.7,75.0,73.7,77.0,74.5,75.9,71.2,74.6,74.2,75.4,74.5,76.8,75.2,78.6,78.1,75.8,75.4,74.6,74.6,76.2,72.8,73.6,74.1,73.4,72.9,76.9,70.1,78.8,73.6,77.9,73.4,78.5,74.3,77.3,73.2,75.9,73.5,80.1,75.4,77.5,74.2,80.2,72.3,69.4,70.2,71.1,73.1,73.2,69.5,70.2,74.2,72.3,76.3,76.3,70.1,74.0,74.4,74.3,74.7,77.4,79.7,76.6,77.4,76.1,72.8,74.3,73.7,74.3,77.6,77.1,76.4,70.2,66.5,73.7,74.0,73.2
6450,70.5,66.1,64.7,78.0,74.5,74.9,75.4,72.2,69.9,70.2,70.9,72.4,69.7,70.8,73.7,70.7,71.6,65.5,70.3,69.3,71.8,70.6,73.0,71.6,75.4,74.6,73.4,71.7,70.4,71.1,72.5,68.2,70.2,70.6,70.6,69.4,71.2,64.9,76.2,68.8,75.3,66.6,75.6,70.8,71.7,67.8,72.2,68.4,73.7,72.2,74.9,70.7,77.2,65.5,67.0,66.2,68.2,70.1,71.2,64.5,67.1,71.7,67.6,70.2,72.9,64.6,69.1,71.6,70.2,70.3,73.6,77.0,71.8,74.4,69.4,69.1,68.8,68.9,70.5,74.3,73.6,73.1,66.3,63.7,70.9,70.5,69.2
6451,66.5,62.6,60.8,72.7,70.6,71.6,71.7,67.3,67.2,67.4,67.3,68.3,66.2,67.9,69.8,67.4,65.7,61.2,66.7,66.2,67.2,66.8,68.5,66.8,69.5,68.8,71.1,67.8,65.8,67.4,68.0,64.7,65.0,66.7,66.7,64.1,67.6,61.2,71.1,64.6,72.3,63.1,69.9,65.8,68.3,64.2,67.9,64.0,70.2,65.3,70.1,67.9,71.3,61.6,63.9,62.7,64.2,66.5,67.2,61.3,64.0,65.6,62.9,64.7,68.4,59.8,64.2,69.0,66.4,66.2,68.0,70.8,67.1,68.8,64.9,63.1,65.2,65.4,67.0,67.9,68.4,67.5,57.6,61.9,66.5,66.5,63.5
6452,63.8,60.0,58.7,69.0,68.1,69.4,69.4,64.6,65.4,65.8,65.3,65.8,64.4,66.0,67.6,65.7,63.1,59.1,64.8,64.3,64.9,64.9,66.3,65.0,66.6,66.2,69.2,65.5,63.3,65.5,65.7,63.4,62.4,63.9,64.5,62.0,65.3,59.2,68.2,61.9,69.5,61.4,66.8,62.9,66.0,61.6,64.6,61.5,66.8,60.9,66.7,65.3,66.9,59.5,61.6,59.8,61.3,64.1,63.9,59.6,61.8,61.4,59.8,61.0,65.5,57.2,61.5,67.4,64.4,64.5,64.7,67.0,64.2,65.5,61.7,60.5,63.2,63.5,65.3,64.5,65.8,63.9,55.6,60.6,63.7,64.2,60.8
6453,61.6,58.1,57.2,66.6,65.9,67.7,67.6,63.0,64.2,64.7,63.8,64.4,63.1,64.6,66.1,64.4,61.3,57.4,63.5,63.2,63.2,63.2,64.8,63.7,64.7,64.7,67.8,63.9,61.6,64.2,64.2,62.5,60.6,62.1,63.0,60.5,63.5,57.5,66.1,59.6,67.8,60.2,64.7,61.1,63.9,59.5,62.0,59.0,63.8,58.7,64.2,62.8,64.1,57.8,60.3,57.5,59.7,62.2,61.4,58.4,60.4,59.0,57.6,57.8,63.1,55.3,59.3,66.1,63.2,63.2,62.6,64.7,61.6,63.3,59.3,58.6,62.1,62.1,63.8,62.3,64.0,61.7,55.2,59.7,61.7,62.5,58.7
6454,59.9,56.9,55.8,64.7,64.4,66.4,66.1,61.9,63.0,63.5,62.7,63.3,62.1,63.4,64.7,63.4,60.2,55.9,62.3,62.1,62.0,62.3,63.7,62.7,63.2,63.6,66.3,62.5,60.5,63.3,62.7,61.7,59.2,60.3,61.6,59.2,62.2,56.2,64.6,57.7,66.3,59.1,62.8,59.9,62.0,58.3,59.6,56.7,61.1,57.1,62.1,60.4,62.2,56.6,59.1,55.4,58.6,60.9,59.6,57.1,58.8,56.9,55.9,55.0,60.8,53.5,57.1,64.9,62.1,62.0,60.7,62.9,59.5,61.5,56.7,56.8,61.2,61.2,62.5,61.0,62.7,59.8,54.8,58.7,60.4,61.2,57.2
6455,58.2,55.7,54.6,63.1,63.4,65.1,64.7,60.7,62.0,62.5,61.5,62.1,61.1,62.4,63.6,62.4,59.1,54.4,61.3,61.3,60.9,61.5,62.8,61.7,61.9,62.5,65.4,61.5,59.5,62.3,61.8,60.9,57.8,59.2,60.4,58.1,60.9,54.8,63.3,56.2,64.8,58.1,61.1,58.6,60.1,57.1,57.4,55.0,58.1,55.3,60.5,58.2,60.7,55.4,58.1,53.7,57.7,59.8,58.6,55.9,57.5,55.3,54.5,52.9,58.9,52.1,55.2,63.7,61.2,60.7,59.0,61.1,57.5,60.2,54.6,55.2,60.3,60.1,61.6,59.8,61.7,58.3,54.7,58.0,59.2,59.9,56.3
6456,56.4,54.5,53.5,61.7,62.2,64.2,63.7,59.9,61.2,61.6,60.4,61.2,60.2,61.5,62.7,61.6,58.2,53.0,60.3,60.3,60.1,60.5,61.8,60.6,60.9,61.4,64.4,60.5,58.6,61.3,60.9,60.3,56.9,57.8,59.4,57.2,60.1,53.6,62.2,55.1,63.4,57.2,59.8,57.1,58.2,55.9,55.4,53.6,55.8,53.5,58.8,56.3,59.1,54.3,57.3,52.4,56.7,58.7,57.6,54.8,56.2,54.0,53.2,51.0,57.1,50.6,53.3,62.8,60.3,59.7,57.6,59.6,55.9,58.8,52.9,53.5,59.5,59.2,60.7,58.6,60.5,57.1,54.2,57.5,58.0,58.8,55.5
6457,54.9,53.7,52.4,60.3,61.2,63.4,62.9,59.0,60.4,60.8,59.7,60.3,59.4,60.7,61.9,60.8,57.6,51.9,59.4,59.8,59.4,59.7,61.1,59.7,59.7,60.5,63.6,59.6,57.7,60.6,59.9,59.3,56.1,57.1,58.5,56.4,59.5,52.6,61.2,53.5,62.1,56.4,58.7,56.3,56.9,55.0,53.5,52.2,53.9,51.7,57.6,54.4,57.3,53.2,56.3,51.1,55.8,57.7,56.6,53.7,55.1,52.8,52.0,49.3,55.2,49.3,51.7,62.0,59.6,58.8,56.2,58.1,54.5,57.5,51.4,52.0,58.9,58.6,60.0,57.8,59.5,55.8,53.5,57.0,57.1,58.0,54.9
6458,53.6,52.9,51.3,59.1,60.4,62.4,61.9,58.2,59.7,60.0,58.9,59.5,58.7,60.1,61.2,60.2,57.0,50.6,58.7,59.0,58.5,59.0,60.4,58.8,58.8,59.8,62.7,58.9,57.0,59.9,59.1,58.8,55.3,56.4,57.8,55.9,58.6,51.7,60.2,52.4,61.0,55.8,57.7,55.4,55.7,54.0,52.2,50.9,52.0,50.4,56.7,52.9,55.6,52.3,55.2,49.9,54.9,56.9,55.5,52.8,54.1,51.6,51.0,47.7,54.1,48.1,50.0,61.2,59.0,58.0,54.4,56.8,53.3,56.2,50.0,50.5,58.3,57.9,59.5,56.8,58.7,54.5,52.8,56.4,56.1,57.0,54.1
6459,52.5,51.8,50.6,58.0,59.7,61.6,61.0,57.5,59.1,59.3,58.3,58.9,58.2,59.3,60.4,59.5,56.6,49.6,58.2,58.3,57.9,58.3,59.7,58.0,58.0,59.2,61.9,58.3,56.3,59.3,58.5,58.2,54.6,55.5,57.1,55.2,57.7,50.9,59.4,51.3,59.8,55.2,56.9,53.9,54.5,52.9,50.9,50.0,50.3,48.9,55.4,51.7,54.2,51.2,54.4,49.0,54.1,56.1,54.4,51.6,53.1,50.4,50.0,46.3,52.9,46.8,48.5,60.4,58.4,57.4,52.8,55.9,52.0,55.3,48.9,49.3,57.8,57.1,58.7,56.0,57.8,53.6,52.0,56.0,55.3,56.3,53.5
6460,51.3,51.0,49.7,57.1,59.0,60.9,60.5,57.0,58.4,58.6,57.6,58.3,57.6,58.7,59.8,58.9,56.1,49.0,57.6,57.8,57.4,57.6,59.3,57.1,57.2,58.4,61.2,57.8,55.8,58.8,57.9,57.9,53.8,55.0,56.3,54.4,57.2,50.2,58.5,50.3,58.8,54.8,55.8,53.0,53.5,52.1,49.8,49.1,48.8,47.7,54.5,50.6,52.8,50.4,53.5,48.0,53.4,55.5,53.6,50.9,52.3,49.6,49.2,45.0,51.8,45.9,47.1,59.7,57.8,56.9,51.7,55.2,50.8,53.9,47.9,48.2,57.4,56.5,58.2,55.2,57.1,52.5,51.3,55.6,54.4,55.6,52.9
6461,50.5,50.5,49.1,56.2,58.4,60.6,60.0,56.5,57.9,58.1,57.4,57.9,57.2,58.2,59.1,58.3,55.7,48.3,57.1,57.3,56.9,57.1,58.7,56.4,56.3,57.8,60.6,57.2,55.4,58.4,57.5,57.4,53.3,54.3,55.9,53.9,56.5,49.6,57.6,49.5,57.9,54.4,54.9,52.4,52.5,51.1,49.0,48.1,47.7,46.6,53.7,49.5,51.6,49.5,52.8,47.1,52.5,55.1,52.9,50.0,51.5,48.5,48.5,43.8,50.9,45.2,46.0,59.1,57.3,56.5,50.4,54.5,49.7,53.5,47.0,47.2,56.9,56.0,57.6,54.4,56.4,51.7,50.3,55.1,53.8,55.1,52.3
6462,49.7,50.4,48.8,55.3,57.8,60.0,59.5,56.0,57.4,57.6,57.1,57.3,57.0,57.7,58.7,57.8,55.3,47.8,56.8,57.2,56.7,56.7,58.3,55.9,55.7,57.5,60.3,56.7,54.8,58.1,57.1,57.2,52.7,53.6,55.5,53.7,55.8,49.4,57.0,48.7,57.2,53.9,54.1,51.5,51.9,50.4,48.3,47.5,47.0,45.6,52.8,48.7,50.8,49.1,52.0,46.4,51.9,54.4,52.1,49.4,50.8,47.6,48.0,42.6,50.2,44.7,44.8,58.7,56.9,56.1,49.2,53.6,49.1,52.9,45.9,46.3,56.6,55.8,57.2,53.8,55.7,50.8,49.4,55.0,53.4,54.6,51.8
6463,54.3,53.2,52.9,54.8,58.0,60.2,59.8,56.6,58.5,58.5,59.6,58.1,59.2,58.1,59.1,59.0,56.5,51.3,58.8,60.0,57.3,57.6,59.1,56.1,55.6,57.6,60.7,57.1,56.0,59.2,57.7,58.8,52.8,54.2,55.6,54.2,58.9,52.0,56.4,52.3,58.2,58.3,53.9,53.1,55.2,54.0,50.6,52.4,53.6,45.5,53.4,50.9,52.5,52.7,51.8,49.2,51.6,55.0,51.6,51.7,52.7,46.8,51.0,48.0,50.7,47.8,46.6,59.2,59.3,58.7,51.2,53.3,53.3,54.5,52.1,46.2,59.5,58.2,58.0,53.6,55.7,50.4,49.1,56.9,53.4,55.2,52.5
6464,59.9,58.6,59.0,59.0,61.3,63.0,63.4,60.6,62.2,62.1,63.5,61.4,63.2,61.4,62.8,63.0,61.1,57.0,63.0,64.0,61.7,61.8,63.4,59.8,59.3,61.8,63.5,61.0,60.4,63.1,61.4,62.5,56.6,57.8,58.1,57.9,63.7,57.3,59.8,58.4,61.4,63.7,57.3,57.7,59.9,59.9,55.1,58.8,62.4,51.8,60.4,55.4,58.9,57.8,53.9,54.3,55.5,58.5,54.0,56.2,55.5,49.9,56.6,56.8,53.7,54.7,53.0,62.2,63.8,62.9,58.1,57.6,58.8,60.4,59.3,53.8,63.8,62.1,61.8,57.3,59.3,54.0,54.3,59.6,56.6,58.9,56.9
6465,65.2,63.1,63.8,64.7,65.5,66.8,67.3,64.9,66.0,65.5,67.3,65.5,67.1,65.0,67.0,67.0,65.5,60.9,67.1,68.3,65.7,66.2,67.6,64.0,64.5,66.1,66.6,65.4,64.4,66.9,65.6,66.0,61.1,62.3,61.3,61.4,67.9,61.6,64.6,63.2,64.9,67.9,62.6,61.9,64.7,65.4,60.0,63.3,69.1,59.0,66.8,60.4,65.0,62.7,57.3,59.3,59.7,62.1,58.2,60.2,58.5,55.0,60.8,63.7,57.5,59.7,58.1,65.7,67.5,66.6,64.2,63.6,63.8,65.3,64.5,59.6,67.9,66.2,65.6,62.2,63.8,58.9,59.1,62.6,61.0,63.5,61.3
6466,69.7,66.9,67.4,69.4,69.3,70.3,71.0,69.1,69.5,68.7,70.6,69.5,70.5,68.0,70.5,70.3,69.4,64.1,70.8,71.6,69.4,69.8,71.3,67.5,68.7,70.2,69.9,69.4,68.3,70.2,69.4,68.9,65.3,66.3,64.8,65.1,71.4,65.4,68.9,67.2,68.5,70.8,67.2,65.2,69.1,69.3,65.2,67.4,73.8,65.0,71.2,65.2,70.4,66.7,61.2,63.4,63.3,65.7,62.0,63.7,61.6,59.9,64.6,68.7,61.7,63.9,62.5,68.8,70.6,70.0,69.6,68.5,68.3,68.6,68.5,64.6,71.3,69.6,68.8,67.0,68.0,64.0,61.8,64.8,64.9,67.5,65.3
6467,73.6,69.8,70.2,73.3,72.6,73.4,74.0,72.3,71.9,71.0,73.1,72.4,72.8,70.4,73.3,72.8,72.4,67.0,73.3,73.9,72.2,72.2,73.7,70.5,72.4,73.3,72.3,72.2,71.2,72.7,72.5,71.2,68.4,69.5,67.8,68.2,74.3,68.5,72.5,70.3,71.7,73.2,70.8,68.2,72.7,72.2,69.2,70.8,77.2,69.2,74.5,69.4,74.7,70.0,64.5,66.6,66.3,68.5,65.3,66.5,64.8,63.9,67.7,72.1,65.7,67.1,66.4,71.2,72.9,72.5,73.5,72.4,71.9,71.6,71.7,68.3,73.8,72.2,71.2,70.4,71.3,68.3,64.4,66.8,68.1,70.5,68.4
6468,76.4,72.0,72.3,76.2,75.0,75.7,76.3,74.3,73.7,72.9,74.9,74.4,74.7,72.1,75.5,74.5,74.4,69.8,75.0,75.7,74.2,74.0,75.7,72.9,75.2,75.9,74.1,74.3,73.2,74.2,74.7,72.9,70.8,71.8,70.1,70.5,76.7,70.8,75.3,72.6,74.0,75.0,74.0,70.5,75.7,74.4,72.5,73.0,79.9,72.3,76.6,72.7,78.0,72.4,66.8,69.0,68.2,70.5,67.9,68.7,67.6,67.3,70.3,74.7,69.5,69.8,69.7,72.9,74.4,74.2,75.9,75.4,74.8,74.1,74.1,71.1,75.2,74.0,73.1,73.3,73.9,71.6,66.9,68.1,70.2,72.4,70.7
6469,78.3,73.7,73.8,78.7,76.6,77.3,77.9,75.9,75.1,74.1,76.2,75.6,75.9,73.5,77.1,75.7,75.9,71.7,76.0,76.7,75.6,75.2,76.8,74.5,77.2,77.5,75.4,75.7,74.6,75.6,76.1,73.8,72.5,73.4,72.0,72.2,78.3,72.6,77.2,74.5,76.2,76.1,76.2,72.8,77.9,75.7,74.7,74.4,81.8,74.6,77.7,74.7,80.0,73.8,68.2,70.6,69.5,72.1,69.9,70.3,69.7,69.9,72.2,76.4,72.7,71.5,72.2,74.1,75.6,75.4,77.6,77.8,76.8,75.9,76.0,72.8,76.2,75.2,74.4,75.5,75.6,74.2,68.8,68.8,71.9,73.8,72.3
6470,79.4,74.6,74.7,80.3,77.6,78.2,79.0,76.9,75.6,74.7,76.8,76.5,76.6,74.2,77.9,76.3,76.7,72.8,76.7,77.4,76.5,75.9,77.7,75.5,78.5,78.6,76.2,76.4,75.6,76.4,76.9,74.5,73.5,74.4,73.1,73.2,79.3,73.3,78.7,75.3,77.6,76.7,77.8,74.3,79.2,76.4,76.0,74.9,82.7,75.9,78.4,75.7,81.3,75.2,69.0,71.7,70.3,73.0,71.6,71.2,71.2,72.0,73.5,77.4,75.1,72.2,74.2,74.9,76.2,76.1,78.4,79.3,78.0,76.9,77.4,73.9,77.0,75.8,75.2,76.9,76.8,75.6,70.3,69.2,73.2,74.7,73.5
6471,79.7,74.5,74.8,81.1,78.1,78.6,79.3,77.1,75.7,74.9,77.2,76.8,76.8,74.4,78.2,76.2,77.0,73.3,76.9,77.3,76.7,76.0,78.0,75.9,79.2,79.0,76.4,76.6,75.9,76.3,77.3,74.6,74.1,74.8,73.9,73.8,79.5,73.1,79.4,75.5,78.3,76.6,78.6,74.9,79.5,76.5,76.7,75.1,82.9,76.2,78.6,75.9,81.6,75.1,69.6,72.0,70.8,73.2,72.7,71.4,71.9,73.4,73.9,77.4,76.6,72.4,75.1,75.1,76.3,76.4,78.7,80.3,78.4,77.6,77.8,74.2,76.9,75.8,75.3,77.7,77.5,76.4,70.9,69.0,73.9,74.9,74.0
6472,79.0,73.2,73.9,80.9,77.6,78.2,78.9,76.5,75.0,74.3,76.5,76.4,76.2,73.9,77.6,75.5,76.4,72.8,76.2,76.3,76.1,75.3,77.4,75.7,78.9,78.7,76.0,76.2,75.3,75.5,76.8,73.9,73.9,74.6,73.7,73.4,78.8,71.9,79.3,74.9,78.4,75.4,78.4,74.6,78.9,75.2,76.4,74.4,81.8,75.9,78.1,75.2,81.1,74.2,69.3,71.5,70.7,73.0,73.0,70.9,71.4,73.8,73.7,77.1,76.9,71.8,75.0,74.7,75.5,75.8,78.2,80.1,77.6,77.5,77.4,73.6,76.0,75.0,74.6,77.8,77.3,76.4,70.8,68.0,73.9,74.5,73.9
6473,76.1,70.3,70.9,80.0,76.3,76.9,77.6,75.2,73.1,73.0,74.6,75.1,74.5,72.7,76.2,73.7,75.0,70.6,74.2,73.8,74.7,73.6,76.1,74.3,77.7,77.2,74.9,74.6,73.8,74.1,75.3,72.2,72.7,73.4,72.7,72.1,76.5,69.1,78.2,72.9,77.2,72.7,77.5,73.3,76.3,72.5,75.2,72.5,79.2,74.5,76.9,73.3,79.6,71.3,68.4,69.8,70.1,72.0,72.3,69.0,69.5,73.4,71.8,75.4,75.8,69.6,73.4,73.5,73.9,74.3,76.9,79.0,75.6,76.5,75.1,71.9,73.8,73.1,73.3,76.7,76.2,75.4,69.4,66.2,72.7,73.2,72.4
6474,69.6,65.3,64.0,77.3,73.6,74.2,74.6,71.4,69.3,69.3,70.4,71.7,69.1,70.0,72.9,69.9,70.7,64.9,69.9,68.9,70.9,69.7,72.3,70.7,74.4,73.7,72.6,71.0,69.6,70.5,71.7,67.5,69.3,69.9,69.9,68.7,70.8,64.0,75.6,68.1,74.7,65.9,74.6,69.8,70.8,67.1,71.4,67.4,72.8,71.2,74.2,69.7,76.6,64.6,66.0,65.7,67.2,69.0,70.3,63.9,66.5,71.0,67.0,69.4,72.4,64.0,68.4,70.7,69.8,69.8,73.0,76.3,70.8,73.4,68.5,68.2,68.3,68.2,69.7,73.4,72.7,72.1,65.5,63.5,69.9,69.7,68.5
6475,65.6,61.9,60.1,72.0,69.7,70.9,71.0,66.6,66.6,66.6,66.9,67.6,65.6,67.2,69.1,66.7,65.0,60.6,66.3,65.8,66.5,66.1,67.9,66.1,68.6,68.1,70.4,67.0,65.2,66.9,67.3,64.0,64.2,66.1,66.1,63.5,67.3,60.5,70.6,64.0,71.7,62.6,69.1,64.9,67.5,63.6,67.2,63.2,69.3,64.4,69.4,67.1,70.7,60.8,63.1,62.2,63.3,65.6,66.5,60.7,63.4,64.8,62.2,64.0,67.9,59.3,63.6,68.2,66.0,65.7,67.6,70.1,66.4,68.0,64.1,62.3,64.7,64.8,66.3,67.0,67.6,66.7,56.9,61.7,65.7,65.8,63.0
6476,63.0,59.4,58.0,68.4,67.2,68.7,68.8,64.0,64.9,65.1,64.8,65.1,63.8,65.3,67.0,65.0,62.5,58.5,64.4,64.0,64.2,64.3,65.7,64.3,65.8,65.5,68.5,64.9,62.8,65.0,65.0,62.9,61.7,63.3,64.0,61.4,65.0,58.4,67.7,61.4,69.0,60.9,66.1,62.1,65.3,61.1,64.0,60.7,66.1,60.2,66.1,64.5,66.3,58.7,60.8,59.4,60.6,63.3,63.2,58.9,61.3,60.6,59.3,60.3,65.0,56.7,61.0,66.6,64.0,64.0,64.2,66.4,63.6,64.8,61.0,59.7,62.8,62.9,64.6,63.8,65.1,63.1,55.0,60.5,63.0,63.6,60.3
6477,60.8,57.6,56.5,65.9,65.2,67.1,67.0,62.5,63.7,64.0,63.3,63.8,62.5,63.9,65.5,63.8,60.8,56.8,63.1,62.8,62.6,62.6,64.2,63.0,63.9,64.0,67.1,63.2,61.1,63.7,63.5,61.9,59.9,61.5,62.5,60.0,63.2,56.9,65.6,59.1,67.4,59.7,63.9,60.3,63.2,59.0,61.3,58.3,63.0,58.2,63.5,62.1,63.6,57.1,59.5,57.0,58.9,61.5,60.8,57.9,59.8,58.3,57.1,57.2,62.6,54.7,58.6,65.4,62.9,62.6,62.1,64.1,61.1,62.6,58.6,57.9,61.7,61.5,63.1,61.6,63.4,61.0,54.7,59.6,61.0,61.9,58.3
6478,59.2,56.3,55.2,64.1,63.7,65.8,65.5,61.3,62.5,62.7,62.2,62.7,61.5,62.7,64.2,62.8,59.6,55.3,61.8,61.8,61.4,61.8,63.1,62.1,62.5,63.0,65.7,61.8,60.0,62.7,62.1,61.1,58.5,59.9,61.1,58.8,61.9,55.5,64.1,57.2,65.8,58.6,62.2,59.2,61.5,57.7,59.1,56.1,60.5,56.5,61.5,59.8,61.7,56.0,58.3,54.9,57.9,60.2,59.0,56.5,58.2,56.3,55.3,54.4,60.3,52.9,56.5,64.2,61.7,61.5,60.3,62.4,59.0,60.8,56.0,56.0,60.8,60.6,61.9,60.4,62.0,59.1,54.3,58.7,59.7,60.6,56.8
6479,57.6,55.2,54.0,62.4,62.7,64.5,64.1,60.1,61.5,61.7,61.0,61.5,60.5,61.7,63.0,61.8,58.5,53.8,60.8,60.9,60.4,61.0,62.2,61.1,61.1,61.8,64.7,60.8,59.0,61.8,61.1,60.4,57.1,58.7,59.9,57.6,60.7,54.2,62.9,55.9,64.4,57.7,60.5,57.9,59.5,56.6,56.9,54.4,57.6,54.8,59.9,57.6,60.2,54.8,57.4,53.2,57.0,59.1,58.0,55.4,56.9,54.8,53.9,52.1,58.4,51.5,54.6,63.1,60.8,60.2,58.6,60.7,56.9,59.5,54.1,54.4,59.8,59.5,61.0,59.2,61.0,57.7,54.2,58.0,58.5,59.4,55.9
6480,55.8,54.0,53.1,61.1,61.5,63.6,63.1,59.3,60.8,60.9,60.0,60.6,59.7,60.8,62.1,61.0,57.6,52.4,59.9,60.0,59.5,60.0,61.2,60.0,60.1,60.9,63.7,59.9,58.1,60.9,60.3,59.7,56.3,57.4,58.9,56.8,59.7,53.0,61.8,54.7,62.9,56.7,59.2,56.6,57.6,55.4,55.0,53.0,55.3,52.9,58.2,55.7,58.5,53.8,56.6,52.0,56.1,58.1,57.0,54.3,55.6,53.4,52.7,50.3,56.7,50.0,52.7,62.2,59.9,59.3,57.1,59.2,55.4,58.2,52.3,52.7,59.1,58.6,60.1,58.2,59.9,56.4,53.7,57.5,57.3,58.3,55.0
6481,54.5,53.2,51.9,59.8,60.6,62.8,62.3,58.4,60.0,60.1,59.2,59.8,58.8,60.0,61.3,60.2,57.1,51.3,59.0,59.4,58.8,59.1,60.4,59.0,59.1,59.9,62.9,59.1,57.2,60.2,59.4,58.8,55.5,56.6,58.0,56.0,59.1,52.0,60.8,53.2,61.6,55.8,58.1,55.7,56.4,54.6,53.1,51.6,53.5,51.1,57.0,53.9,56.7,52.7,55.7,50.6,55.2,57.2,56.0,53.2,54.4,52.2,51.5,48.7,54.8,48.9,51.2,61.4,59.3,58.4,55.8,57.8,53.9,56.9,50.9,51.3,58.4,58.0,59.4,57.4,58.9,55.3,52.9,57.0,56.5,57.5,54.4
6482,53.2,52.4,51.0,58.5,59.8,61.8,61.3,57.6,59.2,59.3,58.5,59.0,58.2,59.4,60.7,59.6,56.4,50.0,58.3,58.6,57.9,58.4,59.8,58.2,58.3,59.2,62.1,58.3,56.5,59.4,58.6,58.3,54.7,55.8,57.3,55.5,58.2,51.1,59.9,52.1,60.5,55.4,57.1,54.9,55.2,53.5,51.9,50.4,51.6,49.8,56.1,52.4,55.1,51.9,54.7,49.4,54.4,56.4,54.9,52.3,53.5,51.1,50.5,47.3,53.7,47.7,49.5,60.6,58.6,57.6,54.0,56.5,52.7,55.6,49.6,49.8,57.8,57.3,58.9,56.4,58.2,54.1,52.3,56.4,55.5,56.5,53.7
6483,52.2,51.3,50.3,57.5,59.2,61.0,60.5,57.0,58.6,58.7,57.9,58.4,57.7,58.7,59.8,59.0,56.1,49.0,57.7,57.9,57.3,57.7,59.2,57.5,57.5,58.6,61.3,57.8,55.9,58.8,58.0,57.8,54.0,55.0,56.7,54.7,57.3,50.3,59.0,51.0,59.4,54.9,56.3,53.4,53.9,52.5,50.7,49.5,50.0,48.4,54.8,51.1,53.7,50.8,53.9,48.6,53.6,55.6,53.9,51.1,52.6,49.9,49.6,45.9,52.5,46.4,48.1,59.7,57.9,57.0,52.4,55.5,51.4,54.7,48.5,48.7,57.4,56.6,58.2,55.6,57.3,53.2,51.4,55.9,54.7,55.8,53.1
6484,51.1,50.6,49.4,56.7,58.5,60.4,60.0,56.5,58.0,58.0,57.2,57.9,57.1,58.1,59.2,58.4,55.6,48.3,57.1,57.4,56.8,57.1,58.7,56.6,56.7,57.9,60.6,57.3,55.4,58.4,57.4,57.4,53.3,54.5,55.9,53.9,56.9,49.6,58.1,50.1,58.3,54.5,55.3,52.5,53.0,51.6,49.5,48.5,48.4,47.2,54.0,50.0,52.2,50.0,53.0,47.5,52.9,55.1,53.1,50.4,51.7,48.9,48.7,44.6,51.3,45.5,46.7,59.1,57.4,56.6,51.3,55.0,50.3,53.3,47.5,47.6,57.0,55.9,57.7,54.8,56.6,52.2,50.7,55.5,53.9,55.1,52.4
6485,50.2,49.9,48.8,55.8,58.0,60.0,59.5,56.0,57.5,57.5,56.9,57.4,56.8,57.5,58.6,57.8,55.1,47.7,56.7,57.0,56.4,56.7,58.1,56.0,55.9,57.3,60.0,56.7,54.9,58.0,57.0,56.9,52.7,53.9,55.4,53.5,56.1,49.0,57.3,49.1,57.5,54.1,54.4,51.8,52.0,50.8,48.7,47.5,47.4,46.1,53.2,48.9,51.1,49.2,52.3,46.6,52.1,54.6,52.4,49.6,50.9,47.9,47.9,43.3,50.5,44.7,45.7,58.5,56.9,56.1,50.1,54.3,49.2,52.9,46.6,46.6,56.5,55.5,57.1,54.0,55.9,51.4,49.8,55.0,53.3,54.6,51.9
6486,49.4,49.8,48.6,55.0,57.4,59.5,59.1,55.5,57.0,57.0,56.7,56.8,56.6,57.0,58.2,57.3,54.8,47.2,56.4,56.8,56.2,56.2,57.8,55.5,55.2,57.0,59.7,56.2,54.3,57.7,56.6,56.7,52.3,53.2,55.0,53.2,55.4,48.7,56.6,48.4,56.8,53.6,53.7,51.0,51.4,50.1,47.9,46.9,46.5,45.2,52.4,48.2,50.3,48.8,51.5,45.8,51.4,54.0,51.6,48.9,50.2,47.1,47.4,42.3,49.8,44.2,44.5,58.1,56.4,55.7,48.9,53.3,48.6,52.4,45.6,45.9,56.2,55.2,56.7,53.4,55.3,50.4,48.9,54.9,53.0,54.1,51.5
6487,53.9,52.5,52.5,54.5,57.5,59.6,59.3,56.1,58.0,57.9,59.0,57.6,58.7,57.5,58.6,58.4,55.9,50.7,58.4,59.6,56.9,57.1,58.5,55.7,55.1,57.1,60.1,56.6,55.5,58.8,57.2,58.3,52.3,53.8,55.0,53.7,58.5,51.4,56.0,52.0,57.8,57.9,53.4,52.4,54.6,53.7,50.2,51.7,53.0,45.0,52.9,50.3,51.9,52.3,51.3,48.6,51.2,54.5,51.1,51.2,52.0,46.3,50.3,47.4,50.2,47.3,46.1,58.6,58.8,58.2,50.8,53.0,52.6,53.9,51.4,45.7,59.0,57.6,57.4,53.2,55.2,50.1,48.6,56.7,52.9,54.6,52.1
6488,59.4,57.8,58.3,58.6,60.8,62.4,62.8,60.1,61.6,61.4,63.0,60.9,62.6,60.7,62.2,62.4,60.5,56.4,62.4,63.5,61.1,61.2,62.8,59.2,58.8,61.3,62.8,60.4,59.8,62.6,60.8,62.0,56.0,57.3,57.5,57.3,63.3,56.6,59.5,58.0,60.9,63.2,56.8,56.9,59.3,59.6,54.6,58.0,61.8,51.2,59.9,54.7,58.3,57.3,53.4,53.8,54.9,58.0,53.4,55.7,54.9,49.3,56.0,56.1,53.3,54.2,52.4,61.6,63.3,62.3,57.6,57.2,58.2,59.7,58.6,53.1,63.2,61.5,61.1,56.7,58.7,53.5,53.7,59.4,56.0,58.4,56.4
6489,64.6,62.4,63.1,64.1,64.9,66.2,66.6,64.2,65.5,64.8,66.7,64.9,66.5,64.3,66.3,66.4,64.8,60.3,66.6,67.8,65.0,65.5,67.0,63.2,63.8,65.5,65.9,64.6,63.7,66.3,64.9,65.5,60.3,61.6,60.7,60.7,67.5,60.9,64.1,62.8,64.5,67.3,62.0,61.2,64.1,65.1,59.5,62.5,68.4,58.2,66.2,59.6,64.4,62.0,56.7,58.8,59.0,61.5,57.7,59.8,57.9,54.4,60.3,62.9,57.0,59.2,57.5,65.0,67.0,66.1,63.7,63.1,63.3,64.5,63.7,58.8,67.4,65.6,64.9,61.5,63.1,58.3,58.4,62.3,60.2,62.9,60.6
6490,69.2,66.2,66.8,68.8,68.6,69.6,70.4,68.5,68.9,68.0,70.1,69.0,70.0,67.3,69.8,69.6,68.7,63.5,70.3,71.1,68.7,69.1,70.7,66.7,68.0,69.5,69.1,68.5,67.5,69.6,68.7,68.4,64.4,65.5,64.0,64.4,71.0,64.6,68.4,66.7,68.0,70.4,66.5,64.4,68.5,68.9,64.6,66.6,73.0,64.2,70.6,64.3,69.8,65.9,60.5,62.9,62.7,65.0,61.4,63.2,61.1,59.3,64.2,67.8,61.1,63.4,61.8,68.1,70.1,69.6,69.1,67.9,67.7,67.9,67.7,63.7,70.8,69.0,68.0,66.1,67.2,63.2,61.2,64.6,64.1,66.8,64.5
6491,73.2,69.1,69.6,72.6,71.8,72.8,73.4,71.5,71.3,70.2,72.7,71.9,72.4,69.6,72.7,72.1,71.6,66.4,72.9,73.4,71.5,71.5,73.1,69.6,71.6,72.6,71.5,71.4,70.5,72.1,71.7,70.7,67.5,68.6,67.0,67.4,73.9,67.8,71.9,69.8,71.2,72.8,70.0,67.4,72.2,71.7,68.6,69.9,76.3,68.3,73.8,68.5,74.1,69.1,63.8,66.1,65.5,67.7,64.6,66.0,64.2,63.4,67.3,71.2,65.1,66.7,65.7,70.4,72.3,72.1,72.9,71.8,71.3,70.8,70.9,67.5,73.4,71.6,70.5,69.6,70.5,67.5,63.8,66.5,67.2,69.7,67.6
6492,76.0,71.3,71.7,75.6,74.2,75.1,75.6,73.6,73.1,72.2,74.5,73.9,74.2,71.4,74.9,73.8,73.7,69.2,74.6,75.1,73.5,73.3,75.1,72.0,74.4,75.1,73.3,73.6,72.5,73.7,74.0,72.4,69.8,70.9,69.3,69.7,76.3,70.1,74.7,72.1,73.6,74.5,73.2,69.7,75.2,73.9,71.9,72.1,79.0,71.3,76.0,71.7,77.4,71.5,66.0,68.5,67.4,69.7,67.3,68.2,67.1,66.7,69.8,73.9,68.9,69.3,69.0,72.2,73.9,73.8,75.3,74.8,74.2,73.2,73.3,70.3,74.9,73.5,72.4,72.4,73.0,70.7,66.3,67.8,69.3,71.7,69.8
6493,77.9,73.0,73.1,78.1,75.8,76.7,77.3,75.2,74.5,73.4,75.7,75.1,75.5,72.8,76.5,75.1,75.2,71.0,75.6,76.2,74.9,74.6,76.3,73.7,76.4,76.7,74.7,75.0,73.8,75.0,75.3,73.4,71.5,72.6,71.2,71.4,77.9,71.8,76.6,73.9,75.7,75.7,75.4,71.9,77.4,75.4,74.0,73.4,80.9,73.6,77.1,73.8,79.4,72.8,67.4,70.2,68.7,71.3,69.2,69.8,69.2,69.4,71.7,75.5,72.1,71.0,71.5,73.5,75.2,75.0,77.0,77.2,76.1,75.0,75.1,71.9,75.9,74.7,73.8,74.6,74.8,73.2,68.1,68.5,71.0,73.1,71.5
6494,79.0,73.8,73.9,79.7,76.9,77.5,78.3,76.1,75.1,74.1,76.5,76.0,76.2,73.6,77.3,75.7,76.0,72.2,76.3,76.9,75.8,75.3,77.1,74.7,77.7,77.8,75.5,75.8,74.9,75.9,76.2,74.0,72.6,73.5,72.3,72.4,78.9,72.6,78.1,74.8,77.1,76.2,77.0,73.5,78.7,76.1,75.3,74.0,81.8,74.9,77.7,74.8,80.6,74.2,68.1,71.3,69.5,72.1,70.9,70.7,70.7,71.5,73.1,76.5,74.4,71.7,73.5,74.3,75.7,75.7,77.8,78.8,77.4,76.1,76.5,72.9,76.6,75.2,74.6,76.0,75.9,74.7,69.4,68.8,72.3,74.0,72.6
6495,79.2,73.5,74.1,80.5,77.3,77.9,78.7,76.4,75.1,74.3,76.8,76.3,76.4,73.8,77.6,75.6,76.3,72.8,76.5,76.9,76.1,75.4,77.4,75.2,78.4,78.2,75.8,76.0,75.2,75.7,76.6,74.2,73.1,73.9,73.1,73.0,79.0,72.3,78.8,75.0,77.8,76.1,78.0,74.2,79.0,76.0,76.0,74.1,82.0,75.3,77.9,75.0,81.0,74.1,68.6,71.6,69.9,72.3,72.0,71.0,71.4,72.8,73.5,76.5,76.0,71.9,74.4,74.6,75.9,76.0,78.1,79.7,77.8,76.8,76.9,73.4,76.5,75.4,74.7,76.8,76.6,75.4,70.1,68.6,72.9,74.3,73.2
6496,78.5,72.2,73.1,80.5,76.9,77.5,78.3,75.8,74.4,73.8,76.1,75.9,75.8,73.4,77.0,74.9,75.8,72.3,75.8,75.8,75.6,74.7,76.9,74.9,78.1,77.9,75.4,75.5,74.7,74.9,76.2,73.4,73.0,73.7,72.9,72.6,78.4,71.0,78.7,74.3,77.9,74.9,77.8,73.9,78.4,74.7,75.7,73.5,81.0,74.9,77.4,74.4,80.4,73.2,68.4,71.0,69.8,72.0,72.4,70.5,70.9,73.3,73.3,76.2,76.3,71.3,74.3,74.1,75.0,75.4,77.7,79.5,77.0,76.7,76.4,72.7,75.6,74.5,74.1,76.8,76.5,75.5,69.9,67.6,73.0,73.9,73.1
6497,75.6,69.3,70.1,79.5,75.6,76.2,76.9,74.5,72.6,72.4,74.2,74.6,74.0,72.2,75.6,73.2,74.5,70.1,73.7,73.3,74.1,73.1,75.6,73.5,77.0,76.5,74.3,74.0,73.2,73.5,74.7,71.6,71.8,72.5,72.0,71.4,76.1,68.1,77.6,72.4,76.8,72.1,76.9,72.5,75.8,71.9,74.4,71.6,78.3,73.5,76.2,72.4,78.9,70.3,67.5,69.3,69.2,71.0,71.7,68.5,69.0,72.9,71.3,74.5,75.2,69.1,72.6,72.9,73.4,73.8,76.3,78.5,75.0,75.6,74.1,71.0,73.4,72.6,72.8,75.8,75.4,74.3,68.6,65.8,71.9,72.6,71.7
6498,69.0,64.4,63.3,76.7,72.9,73.5,74.0,70.7,68.7,68.7,70.0,71.1,68.6,69.4,72.2,69.3,70.2,64.3,69.4,68.3,70.3,69.2,71.8,69.9,73.8,73.0,71.9,70.3,69.0,69.9,71.1,67.0,68.4,69.1,69.1,67.9,70.5,63.1,75.0,67.5,74.3,65.3,73.9,68.9,70.2,66.4,70.6,66.4,71.8,70.1,73.4,68.9,75.8,63.7,65.1,65.2,66.2,68.0,69.7,63.2,66.1,70.4,66.5,68.4,71.7,63.5,67.6,70.1,69.3,69.3,72.3,75.7,70.0,72.5,67.6,67.2,67.9,67.6,69.2,72.5,71.9,71.1,64.6,63.1,69.1,69.1,67.7
6499,65.0,61.1,59.4,71.4,69.1,70.2,70.4,66.0,66.2,66.1,66.4,67.1,65.1,66.7,68.5,66.3,64.4,60.1,65.9,65.4,66.0,65.6,67.4,65.5,67.9,67.4,69.8,66.5,64.7,66.3,66.8,63.7,63.5,65.4,65.5,62.9,67.0,59.6,70.0,63.6,71.2,62.0,68.3,64.2,66.9,63.0,66.6,62.4,68.4,63.4,68.7,66.2,69.9,60.1,62.2,61.7,62.5,64.7,65.8,60.2,62.9,64.2,61.7,63.2,67.3,58.8,63.0,67.7,65.5,65.3,67.0,69.5,65.7,67.2,63.3,61.5,64.3,64.2,65.8,66.1,66.9,65.8,56.2,61.3,65.0,65.2,62.4
6500,62.3,58.6,57.4,67.9,66.7,68.1,68.2,63.4,64.4,64.7,64.3,64.7,63.4,64.7,66.3,64.6,62.0,58.0,64.0,63.5,63.7,63.8,65.2,63.7,65.2,65.0,68.0,64.3,62.2,64.6,64.5,62.5,60.9,62.7,63.4,60.9,64.7,57.7,67.1,60.9,68.6,60.4,65.4,61.4,64.6,60.5,63.4,60.0,65.2,59.4,65.4,63.7,65.6,58.0,60.0,58.8,59.9,62.5,62.6,58.4,60.8,60.0,58.7,59.7,64.4,56.2,60.4,66.1,63.6,63.6,63.8,65.9,62.9,64.1,60.2,58.9,62.4,62.4,64.1,63.0,64.4,62.3,54.4,60.1,62.3,63.1,59.7
6501,60.1,56.9,55.9,65.5,64.7,66.5,66.4,62.0,63.2,63.5,62.8,63.4,62.0,63.4,64.9,63.4,60.3,56.2,62.6,62.4,62.1,62.2,63.7,62.4,63.3,63.5,66.6,62.6,60.5,63.3,63.0,61.5,59.2,60.8,61.8,59.5,62.9,56.2,65.2,58.6,67.1,59.3,63.2,59.8,62.5,58.4,60.7,57.6,62.2,57.4,62.8,61.3,63.0,56.4,58.8,56.5,58.3,60.7,60.2,57.4,59.3,57.9,56.6,56.5,62.0,54.1,57.9,64.9,62.4,62.2,61.6,63.6,60.4,62.0,57.9,57.1,61.3,61.0,62.6,60.9,62.7,60.2,54.2,59.2,60.3,61.4,57.7
6502,58.4,55.7,54.5,63.6,63.2,65.2,64.9,60.8,62.1,62.2,61.7,62.3,61.0,62.3,63.6,62.4,59.1,54.7,61.4,61.3,60.9,61.3,62.7,61.4,61.8,62.4,65.2,61.3,59.5,62.3,61.6,60.7,57.8,59.2,60.4,58.2,61.7,54.9,63.7,56.8,65.5,58.1,61.5,58.6,60.8,57.2,58.4,55.4,59.6,55.9,60.8,59.0,61.1,55.4,57.6,54.4,57.2,59.5,58.3,56.0,57.7,55.8,54.8,53.8,59.7,52.3,55.8,63.7,61.3,61.1,59.8,61.9,58.3,60.2,55.3,55.2,60.4,60.1,61.4,59.7,61.3,58.4,53.8,58.4,59.1,60.1,56.4
6503,56.8,54.7,53.2,61.9,62.2,63.9,63.6,59.6,61.1,61.3,60.6,61.2,60.1,61.2,62.5,61.4,58.0,53.3,60.4,60.5,59.9,60.5,61.8,60.4,60.5,61.2,64.2,60.3,58.5,61.4,60.7,60.0,56.5,58.1,59.3,57.1,60.4,53.7,62.5,55.5,64.0,57.2,59.8,57.3,58.8,56.1,56.4,53.8,57.0,54.0,59.2,56.8,59.6,54.2,56.7,52.7,56.3,58.4,57.5,54.8,56.4,54.2,53.4,51.6,57.9,51.0,53.9,62.6,60.5,59.8,58.1,60.2,56.3,58.9,53.4,53.6,59.4,59.0,60.4,58.5,60.4,57.0,53.7,57.6,57.9,58.9,55.5
6504,55.0,53.4,52.4,60.5,60.9,63.0,62.5,58.7,60.3,60.4,59.6,60.2,59.3,60.3,61.6,60.6,57.2,51.8,59.5,59.5,59.0,59.4,60.7,59.4,59.5,60.3,63.2,59.4,57.6,60.5,59.8,59.4,55.8,56.8,58.3,56.3,59.4,52.4,61.3,54.3,62.5,56.2,58.5,56.0,57.0,54.9,54.5,52.4,54.7,52.2,57.5,55.0,57.9,53.1,55.9,51.5,55.4,57.4,56.5,53.9,55.1,52.8,52.1,49.8,56.1,49.5,52.1,61.6,59.6,58.9,56.6,58.7,54.9,57.7,51.7,51.9,58.7,58.1,59.6,57.5,59.2,55.8,53.1,57.2,56.7,57.7,54.6
6505,53.7,52.7,51.3,59.2,60.0,62.3,61.7,57.8,59.5,59.6,58.9,59.4,58.5,59.5,60.9,59.7,56.6,50.7,58.6,59.0,58.2,58.6,59.9,58.4,58.4,59.3,62.4,58.6,56.7,59.8,58.9,58.4,54.9,56.1,57.4,55.6,58.9,51.5,60.4,52.9,61.2,55.3,57.4,55.1,55.8,54.0,52.6,51.1,52.9,50.5,56.4,53.1,56.1,52.2,54.9,50.2,54.5,56.5,55.4,52.7,54.0,51.7,50.9,48.4,54.3,48.4,50.5,60.8,59.0,58.0,55.3,57.4,53.4,56.3,50.3,50.7,58.0,57.5,58.9,56.7,58.2,54.6,52.4,56.6,55.9,57.0,54.0
6506,52.5,51.8,50.5,58.0,59.2,61.4,60.8,57.0,58.8,58.8,58.1,58.6,57.9,58.9,60.2,59.2,55.9,49.5,57.9,58.2,57.4,57.9,59.4,57.6,57.6,58.6,61.5,57.9,56.0,59.1,58.1,57.9,54.1,55.3,56.7,55.2,58.0,50.6,59.4,51.8,60.2,54.9,56.5,54.3,54.6,52.9,51.4,49.8,51.0,49.1,55.4,51.7,54.4,51.4,54.0,48.9,53.7,55.8,54.4,51.8,53.0,50.6,50.0,46.8,53.2,47.3,48.8,60.0,58.2,57.3,53.6,56.0,52.2,55.1,49.1,49.1,57.4,56.9,58.4,55.7,57.5,53.6,51.8,56.0,54.9,55.9,53.3
6507,51.5,50.8,49.8,56.9,58.6,60.5,60.0,56.3,58.1,58.1,57.5,58.0,57.4,58.1,59.3,58.5,55.6,48.6,57.4,57.4,56.7,57.2,58.7,56.9,56.9,58.0,60.8,57.2,55.4,58.4,57.5,57.4,53.5,54.5,56.0,54.3,57.1,49.8,58.5,50.7,59.1,54.3,55.7,52.9,53.4,52.0,50.2,48.9,49.4,47.7,54.2,50.4,53.1,50.4,53.2,48.1,53.0,54.9,53.4,50.6,52.1,49.4,49.1,45.4,51.9,46.1,47.5,59.2,57.6,56.7,52.0,55.0,51.1,54.1,47.9,48.0,57.0,56.1,57.7,55.0,56.7,52.6,50.9,55.6,54.2,55.2,52.6
6508,50.5,50.0,49.0,56.1,57.9,59.9,59.5,55.9,57.5,57.5,56.8,57.4,56.7,57.6,58.7,58.0,55.0,47.9,56.7,57.0,56.3,56.7,58.2,56.1,56.1,57.3,60.1,56.7,54.9,57.9,56.9,57.0,52.7,54.0,55.2,53.5,56.5,49.2,57.6,49.8,57.9,54.0,54.7,51.9,52.5,51.1,49.1,48.0,47.9,46.5,53.3,49.4,51.7,49.7,52.4,47.0,52.3,54.5,52.6,49.9,51.2,48.5,48.3,44.0,50.8,45.2,46.2,58.6,57.1,56.2,50.9,54.5,49.9,52.8,46.8,46.8,56.6,55.5,57.2,54.3,56.0,51.7,50.3,55.2,53.3,54.5,52.0
6509,49.6,49.5,48.5,55.2,57.4,59.4,59.0,55.5,57.0,57.0,56.5,57.0,56.5,57.0,58.1,57.5,54.6,47.2,56.3,56.5,55.8,56.2,57.7,55.5,55.3,56.8,59.4,56.2,54.5,57.6,56.4,56.5,52.2,53.4,54.8,53.1,55.7,48.6,56.7,48.9,57.1,53.6,53.8,51.2,51.5,50.3,48.3,47.0,46.9,45.5,52.6,48.3,50.5,48.9,51.6,46.1,51.5,54.0,51.9,49.1,50.4,47.5,47.6,42.8,50.0,44.4,45.1,58.0,56.5,55.8,49.7,53.7,48.8,52.3,46.0,45.9,56.1,55.1,56.6,53.5,55.3,50.9,49.4,54.7,52.8,54.0,51.4
6510,48.9,49.5,48.3,54.4,56.9,59.0,58.5,55.0,56.6,56.5,56.3,56.5,56.2,56.6,57.7,57.0,54.3,46.8,56.0,56.4,55.6,55.8,57.4,55.0,54.6,56.4,59.1,55.7,53.9,57.3,56.0,56.3,51.7,52.7,54.4,52.6,55.1,48.4,56.1,48.2,56.4,53.0,53.0,50.4,50.9,49.6,47.5,46.3,46.1,44.6,51.7,47.5,49.7,48.6,50.9,45.4,50.9,53.4,51.2,48.5,49.6,46.7,47.1,41.7,49.3,44.0,44.0,57.7,56.1,55.4,48.5,52.8,48.3,51.8,45.0,45.2,55.8,54.8,56.2,52.8,54.8,50.0,48.5,54.5,52.4,53.5,51.0
6511,53.4,52.2,52.1,54.0,57.0,59.1,58.7,55.6,57.5,57.3,58.6,57.2,58.3,57.0,58.1,58.0,55.4,50.2,57.9,59.1,56.3,56.7,58.0,55.2,54.6,56.6,59.6,56.0,55.0,58.3,56.6,57.9,51.7,53.2,54.4,53.1,58.0,50.9,55.5,51.5,57.3,57.3,52.9,51.7,54.2,53.2,49.7,51.0,52.4,44.3,52.2,49.6,51.2,51.9,50.6,48.1,50.5,53.9,50.7,50.6,51.5,45.9,49.9,46.7,49.6,46.8,45.4,58.1,58.3,57.8,50.3,52.5,52.2,53.2,50.7,44.9,58.5,57.1,56.9,52.7,54.7,49.7,48.2,56.3,52.4,54.1,51.6
6512,58.9,57.4,57.9,58.0,60.3,61.8,62.2,59.5,61.2,60.8,62.6,60.5,62.2,60.2,61.6,61.8,59.9,56.0,62.0,63.0,60.5,60.6,62.2,58.6,58.2,60.7,62.2,59.8,59.3,62.1,60.3,61.6,55.4,56.6,56.9,56.7,62.8,56.1,58.9,57.5,60.5,62.7,56.1,56.3,58.8,59.2,54.1,57.3,61.1,50.4,59.1,54.0,57.6,56.8,52.7,53.3,54.2,57.2,52.9,55.2,54.4,48.8,55.6,55.4,52.7,53.7,51.8,61.0,62.8,62.0,57.1,56.5,57.7,58.9,57.9,52.3,62.8,61.1,60.6,56.1,58.1,53.0,53.1,59.0,55.4,57.8,55.8
6513,64.2,61.9,62.5,63.5,64.3,65.5,66.0,63.6,65.1,64.2,66.3,64.5,66.2,63.8,65.7,65.8,64.2,59.8,66.3,67.4,64.4,65.0,66.5,62.5,63.1,64.9,65.4,64.1,63.1,65.8,64.2,65.0,59.6,60.9,60.0,60.1,67.1,60.4,63.5,62.2,64.1,66.7,61.3,60.4,63.6,64.5,58.8,61.8,67.7,57.3,65.4,58.9,63.7,61.4,55.9,58.3,58.2,60.7,57.2,59.3,57.5,53.8,60.0,62.1,56.4,58.8,57.0,64.4,66.6,65.7,63.1,62.5,62.8,63.6,63.0,57.8,67.1,65.2,64.3,60.9,62.5,57.7,57.9,61.9,59.5,62.3,60.0
6514,68.7,65.6,66.2,68.3,68.0,68.9,69.7,67.8,68.4,67.4,69.8,68.6,69.6,66.8,69.1,69.0,68.1,63.1,70.0,70.6,68.0,68.5,70.2,66.0,67.4,68.9,68.5,67.9,66.9,69.2,68.0,68.0,63.6,64.9,63.5,63.8,70.5,64.0,67.7,66.2,67.6,69.8,65.8,63.5,68.0,68.3,63.8,65.9,72.3,63.2,69.8,63.6,69.1,65.4,59.7,62.4,61.8,64.2,60.9,62.7,60.7,58.7,63.9,67.1,60.6,63.0,61.3,67.6,69.7,69.2,68.5,67.4,67.3,66.9,67.0,62.8,70.5,68.5,67.4,65.5,66.6,62.6,60.7,64.2,63.3,66.2,63.9
6515,72.6,68.5,68.9,72.0,71.3,72.1,72.8,70.9,70.8,69.7,72.4,71.4,72.0,69.1,72.0,71.5,71.0,66.0,72.6,72.9,70.9,70.9,72.7,69.0,70.8,72.0,70.9,70.8,69.9,71.6,71.1,70.2,66.8,68.0,66.5,66.8,73.3,67.2,71.2,69.3,70.8,72.2,69.4,66.4,71.7,71.2,67.8,69.2,75.6,67.2,73.1,67.8,73.3,68.5,63.0,65.7,64.7,66.9,64.0,65.5,63.8,62.8,67.0,70.5,64.7,66.3,65.2,69.9,71.9,71.7,72.2,71.2,70.9,69.8,70.1,66.5,73.1,71.1,69.9,68.9,69.9,66.8,63.3,66.1,66.5,69.1,66.9
6516,75.4,70.6,71.1,75.0,73.7,74.5,75.1,73.1,72.6,71.7,74.1,73.3,73.8,70.9,74.3,73.2,73.1,68.8,74.2,74.7,72.9,72.7,74.6,71.4,73.7,74.5,72.7,73.0,72.0,73.2,73.4,71.9,69.3,70.3,68.8,69.1,75.7,69.4,74.1,71.6,73.2,74.0,72.6,68.7,74.7,73.4,71.1,71.4,78.3,70.2,75.3,71.1,76.5,70.9,65.2,68.1,66.6,68.8,66.7,67.8,66.7,66.2,69.5,73.2,68.5,68.9,68.6,71.6,73.5,73.3,74.5,74.2,73.7,72.1,72.5,69.2,74.5,72.9,71.8,71.7,72.5,70.1,65.7,67.4,68.6,71.1,69.2
6517,77.2,72.2,72.5,77.4,75.3,76.1,76.8,74.7,73.9,72.9,75.3,74.6,75.0,72.3,76.0,74.5,74.6,70.6,75.2,75.8,74.4,74.0,75.8,73.2,75.8,76.2,74.2,74.5,73.3,74.6,74.8,72.8,70.9,71.9,70.6,70.8,77.4,71.1,76.1,73.4,75.3,75.1,74.8,70.9,76.9,74.9,73.2,72.7,80.2,72.4,76.4,73.2,78.6,72.2,66.5,69.8,67.8,70.3,68.7,69.4,68.9,68.9,71.4,74.9,71.7,70.6,71.1,72.9,74.7,74.5,76.3,76.6,75.6,74.0,74.3,70.8,75.5,74.2,73.2,73.9,74.2,72.6,67.5,68.0,70.4,72.6,70.9
6518,78.3,73.1,73.3,79.0,76.4,77.0,77.8,75.7,74.5,73.6,76.0,75.5,75.7,73.2,76.9,75.2,75.5,71.9,75.8,76.5,75.3,74.8,76.7,74.1,77.0,77.3,75.0,75.3,74.4,75.3,75.7,73.4,72.0,72.9,71.8,71.8,78.5,71.9,77.6,74.3,76.8,75.8,76.4,72.4,78.2,75.5,74.5,73.3,81.2,73.7,77.0,74.3,79.8,73.5,67.3,70.9,68.5,71.1,70.4,70.3,70.4,71.0,72.8,75.9,74.1,71.4,73.2,73.8,75.3,75.3,77.2,78.3,76.8,75.1,75.8,71.9,76.2,74.7,74.1,75.3,75.3,74.0,68.9,68.2,71.7,73.5,72.1
6519,78.5,72.8,73.4,79.9,76.8,77.5,78.2,75.9,74.6,73.9,76.3,75.9,75.9,73.3,77.1,75.2,75.8,72.4,76.0,76.4,75.7,74.8,77.0,74.6,77.7,77.8,75.3,75.6,74.7,75.3,76.2,73.6,72.5,73.3,72.5,72.4,78.5,71.5,78.3,74.5,77.4,75.6,77.2,73.1,78.4,75.5,75.2,73.5,81.4,74.1,77.2,74.5,80.2,73.4,67.8,71.3,69.0,71.3,71.5,70.6,71.1,72.4,73.2,75.9,75.7,71.6,74.2,74.1,75.4,75.6,77.4,79.2,77.1,75.7,76.3,72.3,76.1,74.9,74.2,76.1,75.9,74.6,69.5,68.0,72.3,73.8,72.7
6520,77.8,71.5,72.4,79.9,76.4,77.0,77.8,75.4,73.9,73.3,75.7,75.5,75.3,73.0,76.6,74.5,75.4,72.0,75.4,75.2,75.2,74.3,76.4,74.3,77.4,77.4,75.0,75.2,74.3,74.5,75.8,72.9,72.4,73.1,72.3,72.0,78.0,70.2,78.3,73.8,77.4,74.5,77.1,72.8,77.7,74.2,74.8,72.8,80.3,73.7,76.7,73.9,79.7,72.4,67.5,70.6,68.8,71.0,71.8,70.1,70.6,72.8,73.0,75.6,76.0,71.1,74.0,73.6,74.5,75.0,77.0,79.0,76.2,75.6,75.8,71.7,75.2,74.0,73.6,76.1,75.8,74.7,69.4,67.1,72.3,73.5,72.6
6521,74.8,68.5,69.3,78.9,75.1,75.8,76.5,74.0,72.1,71.9,73.7,74.2,73.5,71.7,75.1,72.8,74.0,69.7,73.3,72.7,73.7,72.5,75.1,72.9,76.3,75.9,73.8,73.6,72.7,73.0,74.3,71.1,71.1,71.8,71.4,70.8,76.0,67.3,77.2,71.8,76.3,71.7,76.2,71.5,75.0,71.3,73.4,70.9,77.6,72.3,75.5,72.0,78.2,69.5,66.6,68.9,68.1,70.1,71.2,68.2,68.7,72.5,70.9,73.9,74.9,68.7,72.3,72.4,72.8,73.4,75.6,78.0,74.2,74.5,73.6,70.0,72.9,72.1,72.3,75.1,74.7,73.6,68.1,65.2,71.2,72.2,71.1
6522,68.2,63.5,62.6,76.1,72.2,72.9,73.4,70.0,68.3,68.2,69.5,70.7,68.1,69.0,71.6,68.9,69.7,63.8,69.0,67.8,69.9,68.6,71.2,69.3,73.0,72.3,71.5,69.8,68.6,69.5,70.7,66.5,67.7,68.5,68.5,67.3,70.0,62.3,74.6,66.8,73.8,64.8,73.1,67.8,69.4,65.9,69.8,65.6,71.1,68.9,72.6,68.4,75.0,63.0,64.1,64.9,65.2,67.0,69.2,62.8,65.8,69.9,66.1,67.8,71.4,63.1,67.1,69.6,68.7,68.8,71.6,75.3,69.3,71.3,66.8,66.1,67.4,67.1,68.7,71.7,71.1,70.3,63.9,62.7,68.4,68.7,67.1
6523,64.2,60.3,58.9,70.8,68.5,69.7,69.8,65.3,65.8,65.8,66.0,66.8,64.7,66.2,67.9,66.0,63.9,59.8,65.5,65.0,65.5,65.2,67.0,65.0,67.2,66.7,69.3,66.0,64.3,66.0,66.3,63.4,62.9,64.9,64.9,62.4,66.6,58.8,69.6,62.8,70.6,61.7,67.6,63.1,66.1,62.5,65.7,61.7,67.7,62.3,67.9,65.7,69.1,59.5,61.3,61.5,61.6,63.9,65.4,59.9,62.6,63.8,61.3,62.4,67.1,58.6,62.5,67.3,65.1,65.0,66.2,69.0,64.9,66.1,62.6,60.4,64.0,63.8,65.4,65.3,66.2,65.2,55.6,61.0,64.4,64.9,61.9
6524,61.6,57.9,56.8,67.3,66.1,67.5,67.5,62.9,64.1,64.3,63.9,64.4,63.0,64.3,65.8,64.2,61.6,57.7,63.7,63.2,63.2,63.4,64.7,63.2,64.5,64.3,67.5,63.7,61.9,64.2,64.1,62.2,60.4,62.2,62.9,60.4,64.3,57.0,66.7,60.2,68.0,60.0,64.7,60.5,63.8,59.8,62.6,59.3,64.4,58.4,64.7,63.1,64.8,57.5,59.2,58.6,58.9,61.6,62.1,58.1,60.5,59.6,58.4,58.8,64.1,56.0,59.9,65.6,63.3,63.3,63.0,65.4,62.1,63.0,59.5,57.8,62.1,62.0,63.6,62.4,63.8,61.8,54.0,59.8,61.8,62.6,59.2
6525,59.4,56.2,55.3,64.9,64.0,65.9,65.8,61.4,62.8,63.1,62.5,63.0,61.6,63.0,64.4,63.0,59.9,56.0,62.3,62.0,61.6,61.8,63.2,61.9,62.6,62.8,66.1,62.1,60.1,63.0,62.5,61.2,58.7,60.3,61.3,58.9,62.5,55.5,64.7,57.8,66.5,58.9,62.6,58.8,61.8,57.7,60.0,57.0,61.4,56.4,62.1,60.7,62.2,55.8,57.9,56.3,57.5,59.9,59.7,57.1,59.1,57.5,56.3,55.8,61.7,53.9,57.4,64.4,62.1,61.9,60.8,63.0,59.6,61.0,57.1,56.0,61.0,60.7,62.2,60.3,62.1,59.6,53.7,58.9,59.8,61.1,57.4
6526,57.7,55.0,54.0,63.0,62.6,64.6,64.3,60.2,61.7,61.9,61.4,62.0,60.6,61.9,63.2,62.1,58.7,54.5,61.1,61.0,60.4,61.0,62.2,60.9,61.1,61.7,64.7,60.8,59.1,62.0,61.1,60.4,57.4,58.8,59.9,57.7,61.3,54.3,63.2,56.1,64.9,57.6,60.8,57.6,60.1,56.5,57.7,54.8,58.8,55.0,60.0,58.4,60.3,54.8,56.9,54.2,56.4,58.7,57.9,55.8,57.5,55.4,54.6,53.1,59.4,52.2,55.2,63.2,61.0,60.8,59.1,61.3,57.5,59.2,54.7,54.1,60.1,59.8,61.0,59.1,60.7,57.7,53.2,58.0,58.6,59.7,56.0
6527,56.0,54.0,52.7,61.3,61.5,63.3,63.0,59.0,60.8,60.9,60.3,60.8,59.7,60.8,62.0,61.0,57.6,53.0,60.1,60.2,59.4,60.1,61.3,60.0,59.8,60.6,63.7,59.8,58.1,61.0,60.1,59.7,56.0,57.7,58.8,56.7,59.9,53.0,62.0,54.7,63.5,56.7,59.2,56.3,58.1,55.4,55.7,53.2,56.2,53.1,58.3,56.3,58.7,53.5,55.9,52.6,55.5,57.7,57.0,54.6,56.1,53.8,53.2,51.0,57.4,50.9,53.4,62.2,60.2,59.5,57.4,59.6,55.5,57.9,52.8,52.5,59.1,58.7,60.1,57.9,59.8,56.4,53.1,57.2,57.4,58.5,55.1
6528,54.3,52.9,51.8,59.9,60.3,62.4,61.9,58.2,60.0,60.0,59.4,59.9,58.9,59.9,61.2,60.3,56.7,51.5,59.2,59.2,58.5,59.1,60.3,59.0,58.8,59.6,62.7,59.0,57.1,60.1,59.3,59.1,55.2,56.4,57.9,55.9,58.9,51.8,60.8,53.7,62.0,55.7,57.9,55.0,56.3,54.2,53.7,51.8,54.1,51.3,56.6,54.5,57.1,52.4,55.1,51.3,54.7,56.7,56.1,53.7,54.8,52.5,51.9,49.2,55.7,49.4,51.5,61.2,59.4,58.6,55.9,58.1,54.1,56.7,51.2,50.9,58.3,57.9,59.2,56.9,58.7,55.2,52.7,56.7,56.3,57.3,54.2
6529,52.9,52.2,50.7,58.6,59.3,61.7,61.1,57.3,59.2,59.1,58.7,59.1,58.2,59.1,60.4,59.4,56.1,50.4,58.3,58.7,57.7,58.4,59.5,58.0,57.8,58.6,61.9,58.1,56.3,59.4,58.4,58.2,54.4,55.6,56.9,55.1,58.4,50.9,59.9,52.3,60.7,54.9,56.8,54.0,55.1,53.3,51.9,50.6,52.3,49.5,55.4,52.6,55.3,51.6,54.2,50.0,53.8,55.8,55.1,52.5,53.8,51.3,50.8,47.7,54.0,48.3,50.0,60.4,58.7,57.8,54.5,56.8,52.7,55.3,49.8,49.6,57.7,57.3,58.5,56.0,57.6,54.0,51.9,56.2,55.4,56.6,53.5
6530,51.6,51.3,49.9,57.4,58.6,60.8,60.2,56.4,58.4,58.4,57.9,58.3,57.6,58.5,59.7,58.8,55.4,49.3,57.6,58.0,56.9,57.6,58.9,57.2,57.0,57.9,61.0,57.3,55.7,58.7,57.6,57.6,53.6,54.8,56.2,54.6,57.4,49.9,58.8,51.3,59.6,54.3,55.9,53.3,53.8,52.2,50.7,49.3,50.4,48.1,54.5,51.2,53.6,50.7,53.3,48.8,53.0,55.0,54.0,51.6,52.9,50.2,49.8,46.2,52.8,47.2,48.5,59.6,58.0,57.1,52.8,55.4,51.6,54.1,48.5,48.1,57.2,56.6,57.9,55.1,56.9,53.0,51.3,55.6,54.4,55.6,52.8
6531,50.6,50.2,49.3,56.3,57.9,60.0,59.3,55.8,57.8,57.7,57.3,57.7,57.1,57.7,58.8,58.3,55.1,48.4,57.1,57.2,56.3,56.9,58.2,56.5,56.3,57.3,60.3,56.8,55.0,58.0,56.9,57.1,53.0,54.0,55.5,53.7,56.6,49.2,58.1,50.1,58.5,53.9,55.0,51.9,52.6,51.3,49.5,48.4,48.8,46.8,53.3,49.9,52.2,49.8,52.5,47.9,52.2,54.1,53.1,50.4,52.0,49.0,49.0,44.8,51.7,46.0,47.2,58.8,57.4,56.5,51.1,54.5,50.4,53.2,47.4,46.9,56.7,55.9,57.3,54.4,56.1,51.9,50.5,55.2,53.7,55.0,52.2
6532,49.6,49.5,48.4,55.6,57.4,59.4,58.9,55.4,57.1,57.1,56.7,57.1,56.4,57.2,58.2,57.8,54.5,47.7,56.5,56.7,55.9,56.2,57.7,55.7,55.5,56.7,59.7,56.2,54.5,57.6,56.4,56.7,52.2,53.6,54.7,52.9,55.9,48.6,57.1,49.4,57.4,53.5,54.1,51.0,51.8,50.4,48.4,47.5,47.4,45.6,52.4,48.9,50.9,49.1,51.7,46.9,51.5,53.7,52.3,49.8,51.2,48.1,48.1,43.5,50.5,45.1,45.8,58.1,56.9,56.0,50.1,53.9,49.3,51.9,46.4,45.8,56.4,55.2,56.8,53.7,55.3,51.0,49.8,54.7,52.9,54.2,51.6
6533,48.8,49.0,47.9,54.7,56.8,58.9,58.4,54.9,56.6,56.6,56.3,56.6,56.2,56.7,57.6,57.2,54.2,47.0,56.0,56.3,55.5,55.8,57.2,55.1,54.7,56.1,59.0,55.7,54.0,57.2,56.0,56.2,51.7,53.0,54.3,52.5,55.1,48.1,56.3,48.5,56.6,53.2,53.2,50.2,50.9,49.6,47.5,46.5,46.3,44.5,51.7,47.8,49.7,48.4,50.9,46.0,50.8,53.3,51.6,49.0,50.3,47.1,47.5,42.3,49.8,44.3,44.7,57.7,56.3,55.6,48.9,53.1,48.3,51.3,45.5,44.8,55.9,54.8,56.2,52.9,54.7,50.3,48.9,54.4,52.4,53.6,51.0
6534,48.1,49.0,47.6,53.9,56.3,58.4,57.9,54.4,56.2,56.1,56.1,56.1,56.0,56.3,57.2,56.7,53.8,46.6,55.7,56.1,55.1,55.4,56.8,54.5,54.1,55.8,58.7,55.2,53.5,56.9,55.5,56.0,51.2,52.4,53.9,52.2,54.5,47.9,55.6,47.8,55.9,52.6,52.5,49.4,50.2,48.9,46.8,45.8,45.5,43.7,50.8,47.1,48.9,47.9,50.2,45.3,50.2,52.6,50.8,48.3,49.5,46.2,47.0,41.3,49.0,43.9,43.6,57.3,55.9,55.3,47.7,52.3,47.6,50.8,44.5,44.2,55.6,54.5,55.8,52.2,54.2,49.4,48.1,54.2,51.9,53.2,50.6
6535,52.5,51.7,51.5,53.5,56.4,58.5,58.0,54.9,57.1,56.9,58.3,56.8,58.0,56.6,57.5,57.6,54.8,49.9,57.5,58.7,55.7,56.3,57.4,54.8,54.1,55.9,59.1,55.5,54.6,57.9,56.0,57.5,51.2,52.7,53.9,52.6,57.5,50.3,55.0,51.0,56.7,56.9,52.3,50.7,53.5,52.4,48.9,50.4,51.8,43.3,51.3,49.0,50.3,51.2,49.9,47.8,49.8,53.1,50.2,50.3,51.4,45.5,49.7,46.1,49.3,46.4,44.9,57.6,58.0,57.6,49.4,51.9,51.5,52.2,50.1,43.9,58.2,56.8,56.4,52.0,54.2,49.0,47.8,55.9,51.8,53.6,51.1
6536,58.1,56.9,57.3,57.4,59.7,61.2,61.6,58.9,60.9,60.5,62.3,60.2,61.9,59.9,61.1,61.6,59.4,55.6,61.7,62.7,60.0,60.2,61.7,58.1,57.7,60.0,61.8,59.3,58.8,61.8,59.7,61.2,54.8,56.2,56.5,56.3,62.4,55.6,58.4,56.9,59.9,62.2,55.6,55.3,58.0,58.5,53.4,56.8,60.6,49.4,58.2,53.5,56.8,56.2,52.1,53.0,53.5,56.5,52.5,54.9,54.2,48.3,55.4,54.7,52.4,53.4,51.4,60.7,62.5,61.7,56.3,56.0,57.1,57.9,57.2,51.3,62.6,60.7,60.2,55.4,57.5,52.3,52.7,58.7,54.9,57.4,55.4
6537,63.4,61.5,61.9,63.0,63.8,65.0,65.5,63.1,64.7,63.8,66.0,64.2,65.9,63.5,65.3,65.5,63.8,59.5,65.9,67.0,63.9,64.6,66.1,62.1,62.7,64.4,65.0,63.6,62.7,65.5,63.8,64.7,59.1,60.3,59.6,59.6,66.8,60.0,63.1,61.6,63.5,66.2,60.7,59.5,62.9,63.9,58.2,61.4,67.3,56.4,64.7,58.4,62.7,61.0,55.2,58.0,57.6,60.0,56.8,58.9,57.3,53.3,59.8,61.5,56.1,58.5,56.7,64.1,66.4,65.5,62.3,62.0,62.2,62.6,62.4,57.1,66.9,64.9,63.9,60.2,61.9,57.0,57.4,61.6,59.0,61.9,59.7
6538,67.9,65.2,65.7,67.8,67.6,68.5,69.3,67.4,68.0,67.0,69.5,68.3,69.3,66.4,68.8,68.7,67.6,62.8,69.7,70.4,67.6,68.1,69.8,65.6,66.9,68.5,68.1,67.5,66.6,68.8,67.6,67.6,63.1,64.4,63.1,63.3,70.3,63.6,67.3,65.6,67.0,69.4,65.2,62.7,67.3,67.7,63.3,65.4,71.9,62.4,69.2,63.1,68.1,65.0,59.1,62.1,61.2,63.5,60.6,62.3,60.4,58.4,63.6,66.5,60.2,62.7,61.1,67.2,69.4,68.9,67.7,67.0,66.8,65.9,66.4,62.1,70.3,68.2,67.0,64.9,66.0,62.0,60.3,64.0,62.9,65.9,63.6
6539,71.9,68.0,68.5,71.6,70.8,71.7,72.5,70.6,70.5,69.3,72.1,71.1,71.7,68.7,71.7,71.2,70.6,65.8,72.4,72.7,70.6,70.6,72.3,68.5,70.3,71.7,70.6,70.5,69.6,71.3,70.8,69.9,66.3,67.6,66.1,66.4,73.0,66.7,70.8,68.7,70.2,71.8,68.8,65.6,71.1,70.7,67.3,68.7,75.2,66.5,72.6,67.3,72.5,68.2,62.5,65.4,64.0,66.2,63.8,65.2,63.6,62.5,66.7,70.0,64.4,66.1,65.0,69.5,71.6,71.4,71.5,70.8,70.4,68.9,69.6,65.9,72.9,70.7,69.5,68.3,69.4,66.3,62.9,65.8,66.0,68.8,66.6
6540,74.8,70.2,70.6,74.6,73.3,74.1,74.8,72.8,72.2,71.3,73.9,73.0,73.5,70.5,74.0,72.9,72.8,68.5,74.0,74.5,72.7,72.4,74.3,71.0,73.2,74.1,72.4,72.8,71.6,72.9,73.1,71.6,68.8,69.9,68.5,68.8,75.6,69.0,73.6,71.1,72.7,73.5,71.9,67.9,74.1,73.0,70.6,71.0,77.9,69.7,74.9,70.8,75.7,70.5,64.7,67.8,66.0,68.2,66.5,67.5,66.4,66.0,69.2,72.7,68.2,68.7,68.3,71.2,73.2,73.0,74.0,73.8,73.3,71.2,72.1,68.7,74.4,72.6,71.5,71.1,71.9,69.6,65.3,67.1,68.2,70.8,68.9
6541,76.7,71.8,72.1,77.0,74.9,75.7,76.5,74.4,73.6,72.6,75.1,74.3,74.7,72.0,75.7,74.3,74.3,70.3,75.1,75.7,74.1,73.7,75.5,72.7,75.1,75.8,73.8,74.2,73.0,74.4,74.5,72.5,70.4,71.5,70.3,70.5,77.2,70.7,75.6,72.9,74.8,74.7,74.2,70.2,76.4,74.5,72.7,72.4,79.9,71.8,76.0,73.0,77.9,71.8,66.0,69.5,67.2,69.7,68.5,69.1,68.6,68.6,71.1,74.4,71.4,70.4,70.9,72.5,74.4,74.2,75.7,76.0,75.2,73.2,74.0,70.4,75.4,73.8,72.9,73.3,73.6,72.0,67.2,67.7,69.9,72.3,70.6
6542,77.9,72.7,72.9,78.6,75.9,76.7,77.5,75.4,74.2,73.3,75.7,75.2,75.5,72.8,76.6,74.9,75.2,71.5,75.6,76.4,75.1,74.5,76.4,73.7,76.4,76.9,74.6,75.0,74.1,75.1,75.5,73.1,71.5,72.6,71.5,71.6,78.3,71.5,77.1,73.8,76.3,75.3,75.8,71.8,77.9,75.2,74.0,73.0,80.8,73.2,76.7,74.1,79.2,73.0,67.0,70.6,68.0,70.6,70.1,70.0,70.0,70.7,72.5,75.5,73.9,71.2,73.0,73.4,75.0,75.0,76.7,77.7,76.4,74.5,75.5,71.5,76.1,74.4,73.7,74.7,74.7,73.4,68.6,67.9,71.2,73.2,71.8
6543,78.2,72.4,73.0,79.5,76.3,77.1,77.9,75.6,74.3,73.6,76.1,75.6,75.7,73.0,76.8,74.9,75.5,72.1,75.8,76.3,75.4,74.5,76.7,74.2,77.1,77.4,74.9,75.3,74.4,75.1,75.8,73.3,72.0,72.9,72.2,72.1,78.3,71.3,77.9,74.0,77.0,75.2,76.6,72.5,78.1,75.2,74.7,73.1,81.1,73.7,76.9,74.3,79.7,72.9,67.2,70.9,68.5,70.9,71.2,70.3,70.7,72.2,73.0,75.5,75.5,71.4,74.0,73.7,75.1,75.2,77.0,78.7,76.8,75.1,76.0,72.0,76.0,74.6,73.9,75.5,75.4,74.1,69.0,67.7,71.8,73.5,72.3
6544,77.4,71.2,72.1,79.5,75.9,76.7,77.5,75.1,73.6,73.0,75.4,75.2,75.0,72.6,76.2,74.1,75.0,71.6,75.1,75.2,74.9,73.9,76.1,73.8,76.8,77.0,74.6,74.8,73.9,74.2,75.5,72.7,72.0,72.7,72.0,71.7,77.6,70.0,77.9,73.4,77.0,74.1,76.6,72.2,77.3,73.9,74.4,72.5,80.0,73.3,76.4,73.7,79.3,72.0,67.2,70.3,68.3,70.6,71.5,69.8,70.3,72.6,72.7,75.3,75.8,70.8,73.8,73.2,74.3,74.7,76.6,78.6,75.9,75.0,75.5,71.4,75.0,73.7,73.2,75.5,75.2,74.2,69.0,66.8,71.9,73.2,72.2
6545,74.4,68.2,68.9,78.5,74.6,75.4,76.1,73.7,71.7,71.6,73.5,73.9,73.1,71.4,74.8,72.4,73.7,69.4,73.0,72.6,73.4,72.2,74.8,72.5,75.7,75.4,73.4,73.2,72.4,72.7,74.0,70.9,70.7,71.4,71.0,70.5,75.7,67.1,76.8,71.4,75.9,71.3,75.7,71.0,74.6,70.9,72.9,70.5,77.2,72.0,75.2,71.9,77.8,69.0,66.3,68.5,67.6,69.6,70.9,67.7,68.3,72.2,70.6,73.6,74.7,68.5,72.1,72.1,72.5,73.0,75.2,77.6,73.9,74.1,73.2,69.7,72.7,71.7,71.9,74.5,74.1,73.1,67.7,64.9,70.7,71.9,70.7
6546,67.6,63.1,62.1,75.7,71.7,72.5,72.9,69.5,67.9,67.8,69.1,70.2,67.6,68.6,71.2,68.5,69.1,63.4,68.6,67.5,69.4,68.2,70.7,68.7,72.5,71.7,71.0,69.4,68.1,69.1,70.3,66.0,67.1,68.0,68.1,66.8,69.6,62.0,74.1,66.3,73.3,64.3,72.6,67.2,68.9,65.4,69.1,65.1,70.7,68.5,72.2,68.3,74.5,62.4,63.7,64.5,64.6,66.4,68.8,62.4,65.4,69.5,65.7,67.3,71.1,62.7,66.7,69.2,68.3,68.4,71.0,74.8,68.8,70.7,66.3,65.7,67.1,66.7,68.3,71.0,70.4,69.8,63.3,62.3,67.9,68.4,66.5
6547,63.6,59.8,58.3,70.2,67.8,69.3,69.3,64.8,65.3,65.4,65.7,66.3,64.3,65.8,67.5,65.6,63.5,59.4,65.2,64.7,65.1,64.8,66.5,64.4,66.6,66.0,68.8,65.6,63.8,65.5,65.9,62.9,62.3,64.3,64.5,61.8,66.2,58.5,69.1,62.3,70.1,61.2,67.0,62.4,65.6,62.1,65.2,61.3,67.4,61.7,67.5,65.5,68.5,59.0,60.8,61.2,61.0,63.3,64.9,59.6,62.3,63.4,61.0,61.9,66.8,58.4,62.1,66.9,64.7,64.7,65.5,68.4,64.4,65.4,62.1,60.1,63.7,63.4,65.0,64.7,65.6,64.5,55.2,60.6,63.8,64.6,61.4
6548,61.0,57.4,56.3,66.7,65.4,67.1,67.0,62.5,63.6,63.9,63.6,63.9,62.6,63.9,65.4,63.9,61.1,57.4,63.3,62.8,62.8,63.0,64.3,62.7,64.0,63.6,67.1,63.3,61.4,63.8,63.6,61.8,59.9,61.7,62.4,59.9,63.8,56.7,66.2,59.7,67.5,59.5,64.2,59.8,63.4,59.4,62.0,58.9,64.1,57.9,64.2,62.9,64.1,56.9,58.8,58.3,58.4,61.1,61.7,57.9,60.2,59.2,58.1,58.4,63.7,55.8,59.5,65.3,63.0,63.0,62.5,64.8,61.5,62.3,59.1,57.4,61.8,61.6,63.2,61.7,63.3,61.2,53.7,59.4,61.2,62.4,58.8
6549,58.8,55.8,54.8,64.3,63.4,65.5,65.3,60.9,62.4,62.7,62.2,62.6,61.2,62.6,64.0,62.7,59.4,55.8,61.9,61.7,61.2,61.3,62.7,61.5,62.1,62.2,65.7,61.7,59.7,62.5,62.0,60.7,58.2,59.7,60.8,58.4,62.0,55.2,64.2,57.3,66.1,58.4,62.1,58.1,61.3,57.3,59.4,56.6,61.0,55.9,61.6,60.4,61.6,55.3,57.5,56.0,56.9,59.4,59.4,56.9,58.8,57.1,56.1,55.3,61.3,53.8,57.0,64.1,61.7,61.5,60.2,62.5,59.0,60.2,56.7,55.6,60.6,60.3,61.8,59.7,61.6,59.0,53.4,58.4,59.3,60.7,57.0
6550,57.1,54.6,53.5,62.5,61.9,64.2,63.8,59.6,61.3,61.6,61.0,61.5,60.1,61.4,62.8,61.7,58.2,54.3,60.7,60.7,60.0,60.5,61.7,60.5,60.6,61.1,64.3,60.4,58.6,61.6,60.7,59.9,56.9,58.3,59.4,57.2,60.7,53.8,62.8,55.6,64.4,57.2,60.3,57.1,59.6,56.2,57.1,54.4,58.3,54.4,59.5,58.1,59.7,54.2,56.4,53.9,55.9,58.2,57.6,55.6,57.2,55.0,54.4,52.7,59.0,52.2,54.7,62.9,60.7,60.5,58.5,60.8,56.8,58.4,54.2,53.7,59.8,59.4,60.6,58.5,60.3,57.2,52.9,57.6,58.1,59.3,55.6
6551,55.3,53.6,52.2,60.9,60.9,62.9,62.5,58.5,60.3,60.5,59.9,60.4,59.3,60.4,61.6,60.6,57.1,52.9,59.7,59.8,59.0,59.6,60.8,59.5,59.3,60.0,63.3,59.5,57.6,60.6,59.8,59.2,55.6,57.2,58.3,56.2,59.5,52.6,61.6,54.1,63.0,56.3,58.7,55.7,57.6,55.1,55.0,52.9,55.7,52.6,57.8,56.0,58.2,53.1,55.5,52.3,55.0,57.1,56.6,54.4,55.8,53.3,53.1,50.6,57.1,50.7,52.8,61.8,59.8,59.2,56.9,59.0,55.0,57.1,52.4,52.1,58.8,58.4,59.7,57.2,59.3,55.9,52.8,56.8,56.9,58.2,54.7
6552,53.5,52.5,51.3,59.5,59.7,62.0,61.3,57.6,59.6,59.6,59.0,59.4,58.5,59.5,60.7,59.9,56.4,51.4,58.8,58.9,58.1,58.7,59.9,58.5,58.4,59.0,62.3,58.5,56.7,59.7,59.0,58.6,54.8,56.0,57.4,55.4,58.5,51.5,60.4,53.0,61.5,55.3,57.4,54.4,55.8,53.7,53.2,51.5,53.6,50.8,56.1,54.2,56.4,51.8,54.8,51.0,54.2,56.2,55.7,53.5,54.5,52.0,51.7,48.7,55.5,49.3,51.0,60.8,59.0,58.2,55.4,57.5,53.5,56.0,50.8,50.5,58.0,57.5,58.7,56.2,58.2,54.6,52.4,56.3,55.8,57.0,53.9
6553,52.2,51.9,50.1,58.1,58.7,61.2,60.5,56.7,58.8,58.7,58.2,58.6,57.7,58.7,60.0,59.1,55.7,50.3,57.8,58.3,57.3,57.9,59.1,57.5,57.4,58.2,61.5,57.7,55.9,59.0,58.0,57.7,54.0,55.2,56.5,54.6,58.0,50.6,59.5,51.8,60.2,54.4,56.3,53.5,54.5,52.9,51.4,50.2,51.9,49.1,54.9,52.3,54.6,50.9,53.8,49.8,53.2,55.3,54.6,52.3,53.5,50.8,50.6,47.3,53.6,48.1,49.5,60.0,58.3,57.4,54.0,56.2,52.0,54.6,49.4,49.2,57.4,56.9,58.0,55.5,57.2,53.5,51.6,55.8,54.9,56.3,53.2
6554,50.9,50.9,49.3,57.0,58.0,60.3,59.7,55.8,57.9,58.0,57.4,57.8,57.1,58.1,59.3,58.4,55.0,49.3,57.2,57.6,56.5,57.2,58.4,56.7,56.6,57.4,60.5,56.9,55.2,58.3,57.2,57.1,53.2,54.4,55.7,54.2,57.0,49.6,58.5,50.7,59.1,53.9,55.4,52.7,53.3,51.8,50.2,49.0,50.1,47.6,54.0,50.9,52.9,50.0,52.9,48.6,52.5,54.5,53.6,51.4,52.6,49.7,49.7,45.8,52.5,47.1,48.0,59.2,57.6,56.7,52.2,54.9,51.0,53.5,48.2,47.6,56.8,56.2,57.5,54.6,56.5,52.4,50.9,55.2,53.9,55.2,52.5
6555,49.9,49.8,48.7,55.9,57.4,59.5,58.8,55.2,57.3,57.3,56.8,57.2,56.5,57.3,58.4,57.9,54.6,48.3,56.6,56.9,55.8,56.4,57.6,56.0,55.8,56.8,59.9,56.3,54.5,57.6,56.5,56.6,52.6,53.6,55.1,53.2,56.2,48.9,57.6,49.5,58.0,53.5,54.5,51.3,52.0,50.8,49.0,48.1,48.5,46.5,52.8,49.6,51.6,49.0,52.1,47.8,51.7,53.5,52.6,50.3,51.7,48.6,48.8,44.5,51.4,46.0,46.8,58.4,57.1,56.1,50.5,53.9,49.8,52.5,47.0,46.6,56.3,55.5,56.9,53.8,55.6,51.4,50.1,54.8,53.3,54.6,51.8
6556,48.8,49.0,47.8,55.1,56.8,58.9,58.4,54.8,56.7,56.7,56.1,56.6,55.8,56.9,57.8,57.4,54.0,47.5,56.0,56.5,55.4,55.9,57.2,55.3,55.0,56.1,59.2,55.8,54.0,57.1,55.9,56.2,51.8,53.2,54.3,52.5,55.6,48.2,56.7,48.8,56.9,53.1,53.6,50.3,51.2,50.0,47.9,47.2,47.1,45.2,51.9,48.5,50.3,48.3,51.2,46.8,51.0,53.1,51.9,49.7,50.9,47.7,48.0,43.2,50.3,45.0,45.4,57.8,56.5,55.6,49.5,53.3,48.7,51.4,46.1,45.4,56.0,54.9,56.3,53.1,54.9,50.4,49.3,54.4,52.5,53.8,51.2
6557,48.1,48.5,47.3,54.2,56.3,58.4,57.8,54.4,56.2,56.1,55.7,56.2,55.6,56.3,57.1,56.8,53.6,46.9,55.5,56.0,55.0,55.5,56.7,54.7,54.3,55.6,58.5,55.3,53.5,56.8,55.6,55.7,51.3,52.5,53.9,52.1,54.8,47.7,55.9,47.9,56.0,52.7,52.7,49.6,50.2,49.2,47.0,46.2,46.2,44.1,51.2,47.4,49.2,47.6,50.5,45.9,50.4,52.7,51.1,48.9,50.0,46.7,47.3,42.0,49.5,44.2,44.4,57.3,55.9,55.1,48.4,52.5,47.6,50.8,45.1,44.6,55.5,54.5,55.8,52.4,54.3,49.6,48.5,54.0,51.9,53.2,50.6
6558,47.3,48.4,47.1,53.4,55.8,57.9,57.4,53.9,55.7,55.6,55.6,55.7,55.3,55.8,56.7,56.3,53.3,46.6,55.2,55.6,54.7,55.1,56.3,54.1,53.7,55.3,58.2,54.8,52.9,56.4,55.0,55.5,50.7,52.0,53.4,51.7,54.1,47.4,55.1,47.3,55.4,52.3,51.9,48.9,49.6,48.5,46.3,45.5,45.3,43.3,50.4,46.8,48.3,47.2,49.8,45.1,49.7,52.2,50.3,48.2,49.2,45.7,46.8,41.0,48.8,43.7,43.2,56.9,55.5,54.9,47.1,51.7,47.1,50.3,44.1,43.9,55.2,54.1,55.3,51.6,53.7,48.7,47.6,53.8,51.4,52.8,50.2
6559,51.7,51.1,50.9,53.0,55.9,58.0,57.5,54.3,56.6,56.4,57.7,56.3,57.4,56.1,57.0,57.3,54.3,49.6,56.9,58.4,55.2,55.9,56.9,54.3,53.6,55.4,58.6,55.0,54.0,57.4,55.5,57.0,50.7,52.3,53.4,52.0,57.1,49.9,54.5,50.4,56.2,56.5,51.7,50.2,52.8,51.9,48.4,50.1,51.5,42.9,50.8,48.6,49.7,50.5,49.5,47.4,49.4,52.5,49.8,50.0,51.0,45.0,49.3,45.8,49.0,46.2,44.4,57.2,57.7,57.0,48.8,51.4,50.8,51.6,49.6,43.7,57.7,56.3,55.9,51.4,53.7,48.3,47.2,55.5,51.3,53.2,50.7
6560,57.4,56.3,56.8,56.9,59.2,60.7,61.2,58.4,60.4,60.0,61.8,59.7,61.4,59.4,60.7,61.2,58.9,55.3,61.2,62.5,59.5,59.8,61.3,57.7,57.2,59.6,61.4,59.0,58.4,61.4,59.2,60.9,54.4,55.7,56.0,55.8,62.0,55.1,57.9,56.4,59.3,61.8,55.0,54.8,57.3,57.9,53.0,56.5,60.2,49.0,57.8,53.1,56.2,55.5,51.6,52.6,53.0,55.9,51.9,54.7,53.8,47.8,55.0,54.3,52.1,53.0,50.9,60.2,62.2,61.2,55.9,55.4,56.4,57.4,56.8,50.9,62.2,60.4,59.7,54.8,57.0,51.6,52.0,58.3,54.3,56.9,55.0
6561,62.7,60.8,61.5,62.6,63.4,64.6,65.2,62.7,64.3,63.4,65.6,63.7,65.5,63.1,65.0,65.1,63.3,59.2,65.6,66.7,63.6,64.2,65.7,61.6,62.3,64.1,64.6,63.3,62.3,65.2,63.3,64.4,58.6,59.9,59.2,59.2,66.4,59.5,62.6,61.1,62.9,65.8,60.2,59.0,62.2,63.4,57.7,61.1,67.1,56.0,64.3,57.9,62.1,60.4,54.7,57.5,56.9,59.4,56.3,58.5,56.8,52.7,59.4,61.0,55.8,58.2,56.2,63.7,66.1,65.0,61.9,61.6,61.6,62.0,62.0,56.8,66.6,64.5,63.5,59.7,61.5,56.3,56.8,61.2,58.5,61.5,59.3
6562,67.3,64.4,65.3,67.4,67.2,68.3,69.0,67.1,67.6,66.6,69.2,67.9,68.9,66.0,68.5,68.3,67.2,62.4,69.4,70.0,67.3,67.8,69.4,65.1,66.4,68.2,67.7,67.3,66.2,68.6,67.2,67.4,62.7,64.0,62.7,62.9,69.9,63.1,67.0,65.2,66.5,68.9,64.7,62.3,66.7,67.2,63.0,65.2,71.7,62.0,68.8,62.7,67.7,64.4,58.6,61.8,60.6,63.0,60.1,61.9,59.9,57.8,63.2,66.1,59.9,62.4,60.7,66.8,69.1,68.5,67.4,66.6,66.1,65.3,66.0,61.8,70.1,67.8,66.6,64.4,65.7,61.3,59.7,63.5,62.4,65.5,63.3
6563,71.3,67.2,68.0,71.2,70.5,71.5,72.1,70.4,70.2,69.0,71.9,70.8,71.5,68.4,71.4,70.9,70.3,65.4,72.2,72.4,70.3,70.3,72.0,68.2,69.9,71.4,70.2,70.3,69.2,71.0,70.5,69.6,65.9,67.3,65.8,66.1,72.7,66.2,70.4,68.2,69.6,71.3,68.3,65.2,70.5,70.1,67.0,68.4,75.0,66.1,72.2,67.0,72.0,67.6,62.0,65.0,63.4,65.6,63.3,64.8,63.0,62.0,66.3,69.6,64.1,65.8,64.6,69.2,71.4,71.1,71.3,70.5,69.8,68.3,69.2,65.7,72.6,70.4,69.2,67.9,69.1,65.7,62.5,65.4,65.6,68.5,66.3
6564,74.2,69.5,70.2,74.2,73.0,73.8,74.5,72.6,71.9,71.1,73.7,72.8,73.3,70.3,73.7,72.7,72.5,68.1,73.7,74.2,72.5,72.2,74.0,70.7,72.8,73.9,72.1,72.6,71.3,72.6,72.8,71.4,68.4,69.6,68.1,68.5,75.2,68.4,73.3,70.6,72.1,73.0,71.5,67.6,73.5,72.5,70.3,70.7,77.6,69.3,74.5,70.4,75.4,70.0,64.2,67.4,65.5,67.7,66.0,67.1,65.8,65.5,68.8,72.4,67.9,68.3,68.0,70.9,73.0,72.7,73.8,73.3,72.6,70.7,71.7,68.5,74.1,72.3,71.2,70.6,71.7,69.0,64.9,66.6,67.9,70.5,68.7
6565,76.2,71.1,71.7,76.6,74.7,75.5,76.2,74.2,73.3,72.4,74.8,74.1,74.5,71.8,75.4,74.0,74.1,69.9,74.9,75.4,73.9,73.4,75.3,72.6,74.7,75.6,73.6,74.0,72.8,74.1,74.3,72.3,70.1,71.3,70.1,70.3,76.9,70.1,75.2,72.4,74.3,74.2,73.7,69.8,75.8,74.1,72.6,72.1,79.6,71.4,75.7,72.6,77.7,71.3,65.6,69.0,66.8,69.2,68.0,68.7,68.0,68.2,70.7,74.0,71.2,70.0,70.6,72.3,74.2,73.9,75.6,75.5,74.5,72.6,73.6,70.1,75.1,73.5,72.7,72.9,73.4,71.5,66.8,67.2,69.6,72.1,70.4
6566,77.3,72.0,72.5,78.2,75.7,76.4,77.2,75.2,73.9,73.1,75.5,75.0,75.3,72.7,76.3,74.7,75.0,71.1,75.3,76.0,74.9,74.2,76.1,73.6,76.0,76.6,74.3,74.8,73.9,74.8,75.3,72.9,71.3,72.3,71.3,71.3,78.1,71.0,76.6,73.3,75.8,74.9,75.3,71.4,77.3,74.8,73.8,72.6,80.6,72.8,76.4,73.8,78.9,72.5,66.6,70.2,67.6,70.2,69.7,69.6,69.6,70.4,72.1,75.1,73.6,70.8,72.7,73.2,74.8,74.7,76.4,77.2,75.8,73.9,75.1,71.2,75.8,74.1,73.5,74.3,74.5,73.0,68.1,67.4,70.8,73.0,71.6
6567,77.6,71.7,72.5,79.0,76.1,76.8,77.6,75.4,74.0,73.3,75.7,75.4,75.4,72.8,76.5,74.7,75.3,71.6,75.5,76.0,75.2,74.2,76.4,74.1,76.6,77.1,74.6,75.1,74.3,74.8,75.7,73.0,71.6,72.6,71.9,71.9,78.1,70.7,77.4,73.6,76.6,74.7,76.2,72.1,77.5,74.8,74.5,72.8,80.8,73.3,76.6,74.0,79.3,72.4,66.9,70.6,68.0,70.4,70.8,69.9,70.2,71.7,72.5,75.1,75.2,71.0,73.7,73.5,74.8,75.0,76.7,78.2,76.2,74.6,75.6,71.7,75.7,74.3,73.7,75.1,75.1,73.7,68.7,67.2,71.5,73.4,72.1
6568,76.9,70.4,71.7,79.0,75.7,76.4,77.2,74.9,73.3,72.8,75.1,75.0,74.7,72.4,76.0,73.9,74.8,71.1,74.7,74.8,74.7,73.6,75.9,73.7,76.3,76.7,74.3,74.6,73.8,74.0,75.3,72.4,71.6,72.5,71.7,71.5,77.3,69.5,77.3,73.0,76.6,73.6,76.2,71.9,76.8,73.5,74.2,72.1,79.7,73.0,76.1,73.4,78.8,71.4,66.8,69.9,67.9,70.1,71.1,69.4,69.8,72.2,72.2,74.8,75.5,70.3,73.5,73.0,74.0,74.4,76.3,78.0,75.2,74.6,75.0,71.1,74.8,73.4,73.0,75.1,74.9,73.9,68.6,66.3,71.5,73.0,71.9
6569,73.8,67.4,68.3,78.0,74.3,75.0,75.7,73.4,71.4,71.3,73.1,73.6,72.7,71.2,74.5,72.2,73.4,68.8,72.6,72.2,73.1,71.9,74.5,72.3,75.3,75.1,73.2,72.9,72.2,72.4,73.7,70.5,70.2,71.2,70.7,70.1,75.3,66.5,76.3,71.0,75.5,70.8,75.2,70.5,74.0,70.5,72.7,70.0,76.8,71.6,74.8,71.5,77.3,68.3,65.8,68.1,67.1,69.1,70.4,67.2,67.8,71.7,70.1,73.0,74.3,68.0,71.7,71.8,72.2,72.6,74.8,77.1,73.2,73.5,72.7,69.3,72.4,71.3,71.7,74.0,73.8,72.7,67.2,64.4,70.3,71.7,70.4
6570,67.1,62.4,61.4,75.1,71.3,72.0,72.4,69.2,67.4,67.4,68.7,69.8,67.2,68.3,70.8,68.2,68.7,62.8,68.1,67.1,69.0,67.8,70.3,68.4,71.9,71.3,70.7,69.0,67.7,68.7,69.9,65.6,66.7,67.5,67.6,66.5,69.1,61.3,73.5,65.8,72.9,63.8,72.0,66.6,68.3,65.0,68.7,64.6,70.3,68.0,71.8,67.8,74.0,61.6,63.2,64.0,64.0,65.9,68.3,61.8,64.9,69.0,65.2,66.8,70.7,62.2,66.2,68.9,67.9,67.9,70.6,74.2,68.1,69.9,65.8,65.3,66.6,66.1,67.9,70.5,70.0,69.3,62.7,61.9,67.4,68.0,66.1
6571,63.1,59.0,57.7,69.7,67.5,68.8,68.9,64.5,64.9,65.0,65.3,65.9,63.8,65.4,67.1,65.3,63.1,58.8,64.8,64.3,64.8,64.4,66.0,64.2,66.1,65.6,68.5,65.2,63.3,65.1,65.5,62.5,61.8,63.8,64.0,61.4,65.6,57.9,68.6,61.9,69.7,60.7,66.4,61.9,65.2,61.7,64.9,60.9,66.9,61.3,67.1,65.2,68.0,58.3,60.4,60.7,60.4,62.8,64.4,59.3,61.8,62.8,60.6,61.5,66.4,58.0,61.7,66.6,64.3,64.2,65.2,67.8,63.8,64.8,61.6,59.7,63.3,63.0,64.6,64.1,65.1,64.0,54.6,60.2,63.4,64.3,61.0
6572,60.6,56.6,55.7,66.2,65.1,66.6,66.6,62.2,63.2,63.6,63.2,63.5,62.1,63.6,65.0,63.6,60.7,56.9,62.9,62.4,62.5,62.6,63.8,62.4,63.5,63.2,66.7,62.9,61.0,63.4,63.3,61.4,59.4,61.2,62.0,59.5,63.2,56.2,65.7,59.3,67.0,59.1,63.6,59.2,62.9,59.0,61.7,58.5,63.7,57.5,63.9,62.5,63.8,56.3,58.4,57.9,57.9,60.6,61.2,57.5,59.8,58.6,57.7,58.0,63.4,55.5,59.0,65.0,62.6,62.5,62.2,64.3,61.0,61.8,58.7,57.0,61.4,61.2,62.8,61.3,62.9,60.7,53.3,59.1,60.8,62.1,58.4
6573,58.4,55.1,54.3,63.9,63.0,65.2,64.8,60.6,62.0,62.3,61.7,62.1,60.7,62.2,63.6,62.3,59.1,55.3,61.5,61.3,61.0,61.0,62.2,61.1,61.6,61.8,65.2,61.2,59.4,62.2,61.7,60.2,57.7,59.2,60.4,58.1,61.5,54.8,63.9,57.0,65.6,58.0,61.6,57.6,60.9,57.1,59.1,56.2,60.7,55.5,61.3,60.0,61.4,54.8,57.1,55.6,56.4,58.9,58.8,56.6,58.3,56.6,55.7,55.0,61.0,53.4,56.5,63.8,61.4,61.1,60.0,62.0,58.5,59.6,56.3,55.2,60.2,60.0,61.3,59.2,61.2,58.5,53.0,58.1,58.8,60.4,56.5
6574,56.6,54.0,53.0,62.1,61.5,63.9,63.4,59.3,60.9,61.3,60.6,61.0,59.7,61.1,62.4,61.3,58.0,53.8,60.4,60.3,59.8,60.1,61.2,60.1,60.1,60.7,63.9,60.0,58.2,61.2,60.4,59.5,56.4,57.9,59.0,56.9,60.2,53.4,62.4,55.1,64.0,56.9,59.8,56.5,59.1,55.9,56.8,54.1,57.9,54.0,59.2,57.8,59.6,53.6,56.0,53.5,55.4,57.7,57.0,55.3,56.7,54.5,53.9,52.5,58.6,51.9,54.4,62.5,60.4,60.1,58.3,60.4,56.3,57.8,53.8,53.4,59.3,59.0,60.2,58.0,59.9,56.6,52.6,57.3,57.5,59.0,55.2
6575,54.7,53.0,51.7,60.5,60.4,62.5,62.1,58.1,60.0,60.2,59.6,59.9,58.9,60.0,61.2,60.2,56.9,52.5,59.4,59.4,58.7,59.2,60.4,59.2,58.8,59.6,62.9,59.0,57.3,60.2,59.4,58.9,55.1,56.8,57.9,55.8,59.1,52.2,61.1,53.8,62.7,56.0,58.1,55.2,57.1,54.8,54.7,52.5,55.4,52.3,57.5,55.8,57.9,52.5,55.1,51.9,54.5,56.8,56.1,54.1,55.4,52.9,52.6,50.4,56.7,50.5,52.4,61.4,59.5,58.8,56.7,58.6,54.6,56.6,52.0,51.8,58.3,58.0,59.2,56.8,58.9,55.2,52.3,56.5,56.4,57.9,54.3
6576,53.0,52.0,50.7,59.0,59.3,61.6,60.9,57.2,59.2,59.3,58.6,58.9,58.0,59.1,60.3,59.5,56.1,51.0,58.4,58.4,57.7,58.3,59.4,58.1,57.9,58.6,61.9,58.1,56.4,59.3,58.6,58.2,54.3,55.5,56.9,55.0,58.1,51.1,60.0,52.7,61.1,54.9,56.8,53.9,55.3,53.5,52.9,51.1,53.3,50.4,55.9,53.9,56.3,51.2,54.4,50.6,53.7,55.7,55.1,53.1,54.1,51.7,51.3,48.5,55.0,49.1,50.5,60.4,58.7,57.8,55.2,57.1,53.1,55.4,50.4,50.2,57.7,57.1,58.3,55.7,57.8,54.0,51.9,56.1,55.2,56.7,53.5
6577,51.7,51.3,49.5,57.8,58.3,60.8,60.1,56.3,58.3,58.4,57.9,58.1,57.2,58.4,59.5,58.7,55.4,49.9,57.5,58.0,56.9,57.5,58.6,57.1,56.9,57.8,61.1,57.2,55.5,58.6,57.6,57.3,53.4,54.7,56.0,54.2,57.5,50.2,59.2,51.6,59.8,54.0,55.7,53.0,54.0,52.6,51.1,49.9,51.5,48.8,54.7,52.0,54.4,50.4,53.4,49.4,52.8,54.9,54.1,52.0,53.0,50.4,50.2,47.1,53.3,47.9,49.0,59.6,58.0,57.0,53.8,55.8,51.6,54.0,49.2,48.9,57.0,56.5,57.6,55.0,56.8,52.9,51.1,55.5,54.4,55.9,52.8
6578,50.4,50.3,48.7,56.6,57.5,59.9,59.3,55.4,57.5,57.6,57.0,57.4,56.6,57.7,58.9,58.1,54.6,48.8,56.8,57.2,56.1,56.7,57.9,56.3,56.1,57.0,60.1,56.4,54.8,57.9,56.8,56.8,52.6,53.9,55.2,53.8,56.6,49.2,58.1,50.5,58.8,53.5,54.8,52.4,52.8,51.6,49.9,48.6,49.8,47.3,53.8,50.7,52.7,49.4,52.6,48.3,52.1,54.0,53.1,51.1,52.1,49.3,49.3,45.6,52.2,46.9,47.6,58.8,57.3,56.3,52.1,54.5,50.5,53.0,47.9,47.4,56.5,55.9,57.0,54.1,56.1,51.8,50.4,54.9,53.3,54.9,52.1
6579,49.3,49.3,48.2,55.4,57.0,59.1,58.4,54.8,56.9,56.9,56.4,56.8,56.0,56.9,58.0,57.5,54.1,47.8,56.3,56.6,55.4,56.1,57.1,55.6,55.4,56.4,59.4,55.8,54.1,57.2,56.1,56.3,52.0,53.1,54.6,52.8,55.8,48.5,57.2,49.3,57.6,53.1,54.0,51.0,51.5,50.5,48.7,47.7,48.2,46.1,52.6,49.4,51.4,48.3,51.8,47.4,51.3,53.0,52.1,50.0,51.3,48.1,48.5,44.1,51.1,45.9,46.4,57.9,56.7,55.7,50.3,53.5,49.3,52.1,46.7,46.4,56.0,55.1,56.4,53.3,55.2,50.7,49.6,54.5,52.6,54.2,51.4
6580,48.3,48.5,47.3,54.6,56.4,58.5,57.9,54.3,56.3,56.2,55.7,56.2,55.4,56.4,57.4,57.0,53.5,47.1,55.7,56.1,55.0,55.4,56.7,54.8,54.6,55.7,58.7,55.3,53.6,56.7,55.6,55.8,51.2,52.7,53.8,52.0,55.2,47.6,56.2,48.5,56.5,52.6,53.1,50.0,50.7,49.7,47.7,46.8,46.7,45.0,51.7,48.3,50.1,47.7,51.0,46.5,50.6,52.7,51.3,49.3,50.4,47.2,47.6,42.9,49.9,44.9,45.1,57.4,56.1,55.2,49.3,52.9,48.2,50.9,45.8,45.3,55.6,54.5,55.8,52.6,54.4,49.8,48.8,54.1,51.9,53.4,50.8
6581,47.6,47.9,46.8,53.7,55.8,58.0,57.4,53.9,55.7,55.7,55.3,55.7,55.1,55.8,56.7,56.4,53.1,46.6,55.2,55.6,54.6,55.1,56.3,54.2,53.8,55.2,58.0,54.8,53.0,56.3,55.2,55.3,50.8,52.1,53.3,51.6,54.4,47.2,55.4,47.6,55.7,52.2,52.2,49.2,49.7,48.8,46.9,45.8,45.9,43.8,51.0,47.2,49.0,46.9,50.3,45.6,50.0,52.3,50.5,48.6,49.6,46.1,47.0,41.7,49.1,44.1,44.1,56.8,55.5,54.7,48.2,52.0,47.2,50.3,44.8,44.5,55.1,54.1,55.3,51.8,53.8,49.0,48.1,53.7,51.4,52.8,50.1
6582,46.8,47.8,46.4,53.0,55.3,57.5,57.0,53.4,55.2,55.2,55.2,55.2,54.9,55.4,56.3,55.9,52.8,46.2,54.8,55.2,54.3,54.6,55.9,53.7,53.3,54.9,57.7,54.3,52.4,56.0,54.6,55.1,50.2,51.5,52.9,51.2,53.7,46.9,54.6,47.0,55.1,51.7,51.4,48.5,49.1,48.2,46.2,45.1,44.9,43.0,50.2,46.5,48.2,46.5,49.5,44.9,49.3,51.7,49.8,48.0,48.8,45.3,46.5,40.7,48.5,43.6,43.0,56.5,55.2,54.5,47.0,51.2,46.7,49.9,43.9,43.7,54.8,53.7,54.9,51.1,53.2,48.1,47.2,53.5,50.9,52.4,49.7
6583,51.0,50.3,50.3,52.5,55.4,57.6,57.1,53.8,56.1,55.9,57.2,55.8,56.8,55.7,56.5,56.8,53.8,49.1,56.5,58.0,54.8,55.4,56.5,53.8,53.1,55.0,58.1,54.6,53.5,57.0,55.0,56.6,50.1,51.7,52.9,51.6,56.5,49.2,54.0,50.2,55.9,55.8,51.2,49.8,52.2,51.4,48.0,49.6,50.9,42.5,50.6,48.2,49.4,49.8,49.1,47.1,49.0,51.9,49.3,49.7,50.5,44.6,48.9,45.3,48.7,45.9,44.1,56.8,57.3,56.5,48.7,50.8,50.2,51.1,49.2,43.5,57.3,55.9,55.4,50.9,53.1,47.7,46.8,55.1,50.8,52.8,50.1
6584,56.6,55.5,56.1,56.3,58.7,60.3,60.7,57.9,60.0,59.6,61.4,59.3,61.0,59.0,60.3,60.7,58.4,54.8,60.8,62.1,59.1,59.3,60.8,57.1,56.7,59.1,60.9,58.5,57.9,61.0,58.8,60.5,53.8,55.2,55.4,55.3,61.4,54.4,57.3,56.1,59.0,61.2,54.5,54.4,56.6,57.3,52.7,56.0,59.8,48.5,57.4,52.6,55.9,54.8,51.3,52.1,52.6,55.4,51.3,54.2,53.3,47.2,54.4,53.7,51.8,52.6,50.5,59.8,61.9,60.7,55.7,54.8,55.7,56.8,56.3,50.6,61.9,59.9,59.2,54.3,56.4,51.0,51.4,57.8,53.7,56.4,54.4
6585,61.8,59.9,60.7,61.9,62.8,64.2,64.7,62.2,63.9,63.0,65.2,63.3,65.1,62.6,64.6,64.7,62.9,58.6,65.2,66.3,63.1,63.8,65.3,61.0,61.7,63.6,64.1,62.9,61.8,64.9,62.9,64.0,58.0,59.3,58.6,58.7,65.8,58.7,62.0,60.8,62.6,65.1,59.5,58.6,61.4,62.7,57.4,60.6,66.7,55.6,64.0,57.4,61.9,59.7,54.4,57.1,56.5,59.0,55.6,58.0,56.2,52.2,58.9,60.4,55.5,57.8,55.8,63.2,65.8,64.6,61.7,60.9,60.8,61.6,61.5,56.5,66.3,64.1,63.0,59.1,60.9,55.6,56.1,60.7,57.9,60.9,58.7
6586,66.4,63.6,64.4,66.8,66.6,67.8,68.5,66.6,67.4,66.2,68.8,67.5,68.6,65.6,68.0,68.0,66.8,61.8,69.1,69.7,66.9,67.5,69.0,64.5,65.8,67.6,67.2,66.8,65.7,68.3,66.8,67.1,62.0,63.4,62.2,62.5,69.3,62.3,66.3,64.8,66.1,68.2,63.9,62.0,65.8,66.5,62.7,64.6,71.3,61.7,68.4,62.0,67.4,63.6,58.1,61.2,60.1,62.5,59.4,61.4,59.3,57.3,62.6,65.5,59.7,61.9,60.3,66.4,68.9,68.2,67.0,66.0,65.3,64.8,65.4,61.4,69.9,67.5,66.1,63.8,65.1,60.6,59.1,63.0,61.9,64.9,62.6
6587,70.3,66.4,67.2,70.4,69.9,71.0,71.6,69.8,69.9,68.6,71.5,70.5,71.2,68.0,70.9,70.6,69.9,64.7,71.8,72.1,69.8,70.0,71.6,67.6,69.1,70.8,69.7,69.8,68.7,70.8,70.0,69.3,65.3,66.7,65.2,65.6,72.1,65.3,69.7,67.7,69.3,70.6,67.5,64.8,69.6,69.5,66.7,67.8,74.6,65.7,71.8,66.4,71.7,66.7,61.5,64.4,62.9,65.2,62.7,64.2,62.4,61.5,65.7,69.0,63.9,65.2,64.2,68.7,71.2,70.8,70.8,69.8,68.9,67.8,68.6,65.2,72.4,70.1,68.8,67.2,68.5,65.0,61.8,64.9,65.0,68.0,65.7
6588,73.3,68.6,69.3,73.3,72.4,73.3,74.0,72.1,71.7,70.7,73.4,72.5,73.0,70.0,73.2,72.4,72.2,67.5,73.4,74.0,72.0,71.8,73.6,70.1,72.0,73.3,71.6,72.1,70.9,72.5,72.4,71.1,67.8,69.0,67.6,68.0,74.6,67.6,72.6,70.1,71.7,72.4,70.6,67.1,72.6,71.8,70.0,70.1,77.1,68.8,74.1,69.8,75.0,69.1,63.7,66.8,64.9,67.2,65.4,66.5,65.2,65.0,68.2,71.8,67.7,67.8,67.6,70.6,72.8,72.4,73.3,72.6,71.7,70.2,71.0,68.0,73.9,72.0,70.9,69.9,71.0,68.3,64.1,66.2,67.2,70.0,68.1
6589,75.3,70.1,70.7,75.6,74.0,74.9,75.7,73.6,73.1,72.0,74.5,73.8,74.2,71.4,74.9,73.7,73.7,69.3,74.6,75.2,73.5,73.0,74.9,71.9,73.9,74.9,73.2,73.6,72.3,73.9,73.8,72.0,69.6,70.7,69.6,69.8,76.3,69.3,74.6,71.8,73.8,73.5,72.8,69.4,74.8,73.3,72.2,71.5,79.1,70.9,75.2,72.1,77.3,70.4,65.1,68.5,66.2,68.7,67.5,68.1,67.5,67.8,70.1,73.5,70.8,69.4,70.2,71.9,74.0,73.6,75.0,74.8,73.6,72.1,73.0,69.6,74.9,73.1,72.3,72.2,72.6,70.7,66.0,66.7,69.0,71.5,69.8
6590,76.3,71.0,71.6,77.2,75.0,75.8,76.7,74.6,73.7,72.7,75.2,74.8,75.0,72.3,75.8,74.3,74.5,70.5,75.1,75.8,74.5,73.8,75.8,72.9,75.1,75.9,74.0,74.3,73.4,74.5,74.8,72.6,70.7,71.8,70.8,70.7,77.5,70.1,76.0,72.8,75.2,74.1,74.4,70.8,76.4,74.0,73.4,72.1,80.1,72.3,75.9,73.2,78.4,71.6,66.1,69.6,67.1,69.7,69.1,69.0,69.0,69.8,71.4,74.4,73.3,70.2,72.2,72.8,74.6,74.5,75.8,76.3,74.9,73.3,74.4,70.6,75.6,73.8,73.1,73.5,73.7,72.2,67.3,66.9,70.2,72.4,70.9
6591,76.7,70.8,71.7,78.0,75.3,76.3,77.0,74.8,73.8,72.9,75.5,75.1,75.1,72.4,76.0,74.3,74.9,70.9,75.2,75.8,74.7,73.8,76.1,73.4,75.6,76.3,74.2,74.6,73.8,74.5,75.2,72.8,71.1,72.1,71.4,71.3,77.6,69.8,76.7,73.0,76.0,73.9,75.2,71.5,76.6,74.0,74.1,72.2,80.2,72.7,76.1,73.4,78.8,71.5,66.4,70.0,67.5,69.8,70.1,69.3,69.7,71.2,71.8,74.4,74.8,70.4,73.2,73.1,74.7,74.7,76.1,77.4,75.3,74.0,74.9,71.2,75.5,73.9,73.2,74.3,74.2,72.9,67.9,66.7,70.9,72.9,71.5
6592,76.0,69.4,70.9,78.0,74.9,75.7,76.5,74.3,73.1,72.3,74.8,74.7,74.5,72.0,75.4,73.5,74.3,70.4,74.5,74.6,74.2,73.1,75.5,72.9,75.3,75.9,73.9,74.0,73.2,73.7,74.8,72.2,70.9,71.8,71.2,70.9,76.9,68.5,76.7,72.4,76.0,72.8,75.2,71.3,75.9,72.7,73.7,71.5,79.0,72.4,75.6,72.8,78.3,70.5,66.3,69.2,67.4,69.5,70.4,68.8,69.2,71.6,71.5,74.1,75.1,69.7,73.0,72.6,73.8,74.1,75.6,77.2,74.3,74.1,74.3,70.5,74.6,73.0,72.6,74.2,74.1,73.0,67.8,65.9,70.8,72.5,71.2
6593,72.9,66.3,67.5,77.0,73.5,74.3,75.0,72.8,71.1,70.8,72.8,73.3,72.3,70.7,73.8,71.8,72.9,68.0,72.3,71.9,72.6,71.4,74.1,71.6,74.2,74.3,72.7,72.3,71.6,72.0,73.2,70.2,69.6,70.5,70.1,69.5,74.7,65.5,75.5,70.3,74.8,69.8,74.3,70.0,73.0,69.7,72.1,69.4,76.0,71.0,74.3,70.8,76.8,67.3,65.3,67.4,66.5,68.4,69.7,66.5,67.1,71.0,69.3,72.3,73.9,67.4,71.1,71.3,71.9,72.3,74.1,76.3,72.3,72.9,71.9,68.7,72.1,70.9,71.2,73.1,72.9,71.9,66.5,64.0,69.6,71.1,69.7
6594,66.3,61.3,60.7,74.0,70.5,71.3,71.7,68.4,67.1,66.9,68.3,69.5,66.8,67.8,70.1,67.7,68.1,62.1,67.8,66.8,68.5,67.3,69.8,67.6,70.9,70.4,70.2,68.3,67.1,68.3,69.4,65.2,65.9,66.8,66.9,65.8,68.6,60.4,72.7,65.2,72.2,63.0,70.9,66.1,67.5,64.2,68.2,63.9,69.6,67.4,71.2,67.2,73.4,60.8,62.5,63.3,63.2,65.1,67.5,61.3,64.2,68.1,64.4,65.9,70.2,61.6,65.5,68.4,67.6,67.6,69.8,73.4,67.2,69.3,65.0,64.7,66.3,65.8,67.4,69.7,69.1,68.4,61.7,61.5,66.6,67.5,65.4
6595,62.4,58.2,57.0,68.8,66.7,68.2,68.2,63.8,64.7,64.5,64.9,65.6,63.6,65.0,66.4,64.8,62.6,58.3,64.4,64.0,64.3,63.9,65.6,63.5,65.2,64.8,68.0,64.6,62.8,64.6,65.0,62.2,61.2,63.1,63.4,60.8,65.1,57.1,67.8,61.4,69.0,60.0,65.5,61.4,64.4,60.9,64.5,60.3,66.3,60.6,66.6,64.6,67.5,57.5,59.7,60.2,59.8,62.1,63.7,58.8,61.2,62.2,59.9,60.8,66.0,57.5,61.2,66.1,63.9,63.9,64.7,67.0,63.1,64.2,60.9,59.2,63.0,62.7,64.2,63.4,64.4,63.3,53.9,59.9,62.7,63.7,60.4
6596,60.1,55.8,55.1,65.5,64.3,66.0,66.0,61.5,62.9,63.1,62.8,63.2,61.8,63.1,64.3,63.2,60.1,56.3,62.6,62.1,62.0,62.1,63.3,61.7,62.7,62.5,66.2,62.4,60.5,63.0,62.7,61.1,58.8,60.6,61.4,58.9,62.7,55.3,65.0,58.7,66.5,58.4,62.7,58.8,62.3,58.4,61.5,57.9,63.1,57.1,63.4,62.0,63.2,55.7,57.7,57.3,57.2,59.9,60.5,57.0,59.3,58.2,57.1,57.4,63.0,55.0,58.6,64.5,62.3,62.2,61.7,63.6,60.3,61.3,58.1,56.5,61.1,60.9,62.4,60.7,62.2,60.1,52.7,58.8,60.1,61.5,57.8
6597,57.8,54.3,53.6,63.2,62.3,64.6,64.2,59.9,61.7,61.8,61.4,61.7,60.4,61.7,63.0,61.9,58.6,54.7,61.3,61.0,60.4,60.6,61.8,60.5,60.8,61.1,64.8,60.7,58.8,61.8,61.2,59.9,57.2,58.6,59.8,57.6,61.0,53.9,63.1,56.5,65.1,57.3,60.7,57.2,60.2,56.5,58.8,55.7,60.1,55.1,60.9,59.6,60.8,54.2,56.4,55.1,55.8,58.3,58.3,56.1,57.8,56.3,55.3,54.5,60.7,53.0,56.1,63.3,61.1,60.8,59.5,61.3,57.8,59.2,55.8,54.8,60.0,59.6,60.8,58.6,60.6,57.9,52.4,57.9,58.2,59.8,56.0
6598,56.0,53.2,52.4,61.4,60.8,63.3,62.8,58.6,60.6,60.7,60.4,60.6,59.4,60.5,61.8,60.8,57.4,53.2,60.1,59.9,59.2,59.6,60.8,59.6,59.4,60.0,63.4,59.4,57.7,60.8,59.9,59.2,55.8,57.2,58.4,56.3,59.7,52.5,61.7,54.8,63.5,56.2,59.0,56.1,58.4,55.3,56.6,53.7,57.4,53.5,58.9,57.4,59.1,53.1,55.4,53.0,54.8,57.1,56.5,54.9,56.2,54.1,53.5,52.2,58.3,51.4,53.9,62.1,60.1,59.8,57.9,59.7,55.7,57.4,53.4,53.1,59.1,58.7,59.7,57.5,59.2,56.0,52.0,57.1,56.9,58.4,54.7
6599,54.1,52.1,51.1,59.8,59.8,62.0,61.5,57.5,59.7,59.6,59.2,59.5,58.5,59.6,60.6,59.8,56.2,52.0,59.1,59.1,58.1,58.7,59.9,58.6,58.1,58.9,62.4,58.4,56.7,59.8,58.8,58.5,54.5,56.1,57.3,55.2,58.5,51.4,60.5,53.3,62.2,55.3,57.4,54.8,56.4,54.3,54.5,52.1,55.0,51.8,57.2,55.3,57.6,51.9,54.5,51.4,54.0,56.2,55.6,53.6,54.9,52.6,52.3,50.1,56.3,50.1,51.9,60.9,59.2,58.5,56.3,58.0,54.0,56.2,51.6,51.5,58.1,57.5,58.7,56.2,58.2,54.6,51.7,56.3,55.7,57.2,53.8
6600,52.4,51.1,50.0,58.4,58.7,61.0,60.3,56.6,58.8,58.7,58.3,58.5,57.6,58.6,59.6,59.0,55.5,50.6,58.1,58.1,57.1,57.7,59.0,57.5,57.2,57.9,61.4,57.4,55.7,58.9,57.9,57.8,53.6,54.8,56.3,54.3,57.5,50.3,59.4,52.2,60.6,54.2,56.1,53.7,54.7,52.9,52.7,50.7,52.8,49.9,55.5,53.6,56.0,50.7,53.8,50.2,53.2,55.1,54.6,52.7,53.6,51.3,51.0,48.2,54.7,48.7,50.1,59.8,58.4,57.4,54.7,56.5,52.4,55.0,50.1,49.7,57.4,56.7,57.7,55.2,57.2,53.4,51.3,55.9,54.5,56.0,53.0
6601,51.0,50.5,48.9,57.2,57.7,60.1,59.5,55.6,57.9,57.8,57.5,57.7,56.8,57.8,58.9,58.2,54.7,49.5,57.1,57.6,56.3,57.0,58.1,56.5,56.2,57.2,60.5,56.5,54.8,58.2,56.9,57.0,52.8,54.1,55.4,53.7,56.9,49.4,58.5,51.2,59.4,53.4,55.0,52.7,53.2,52.0,50.9,49.4,51.0,48.3,54.3,51.7,54.1,49.7,52.9,48.9,52.3,54.3,53.6,51.5,52.5,50.2,49.9,46.9,53.0,47.5,48.6,59.1,57.7,56.6,53.5,55.2,50.8,53.7,49.0,48.4,56.7,56.0,57.0,54.4,56.2,52.3,50.5,55.4,53.7,55.2,52.3
6602,49.7,49.6,48.1,56.0,57.0,59.3,58.6,54.8,57.1,57.0,56.6,56.9,56.2,57.1,58.2,57.5,53.9,48.5,56.4,56.9,55.5,56.2,57.3,55.8,55.5,56.4,59.5,55.8,54.1,57.4,56.1,56.3,52.0,53.3,54.7,53.2,56.0,48.4,57.4,50.1,58.4,52.8,54.1,52.1,52.0,50.9,49.8,48.2,49.3,46.9,53.4,50.5,52.4,48.7,52.0,47.8,51.5,53.5,52.7,50.6,51.7,49.0,49.1,45.3,51.8,46.5,47.2,58.2,57.0,55.9,51.8,54.1,49.8,52.8,47.6,46.9,56.1,55.3,56.4,53.6,55.4,51.2,49.9,54.8,52.8,54.2,51.6
6603,48.6,48.6,47.5,54.8,56.4,58.4,57.8,54.2,56.4,56.3,56.0,56.3,55.6,56.3,57.3,56.9,53.4,47.5,55.9,56.2,54.8,55.5,56.5,55.0,54.7,55.9,58.8,55.2,53.4,56.8,55.4,55.8,51.5,52.5,53.9,52.3,55.3,47.8,56.5,48.9,57.2,52.4,53.3,50.8,50.7,49.9,48.6,47.3,47.6,45.7,52.3,49.1,51.0,47.6,51.3,47.0,50.9,52.6,51.8,49.6,50.9,47.9,48.2,43.9,50.7,45.5,46.1,57.4,56.4,55.3,50.0,53.1,48.5,51.8,46.6,46.0,55.6,54.6,55.8,52.7,54.6,50.2,49.1,54.4,52.0,53.5,50.9
6604,47.5,47.8,46.6,54.1,55.8,57.9,57.3,53.8,55.8,55.6,55.4,55.7,55.0,55.8,56.7,56.3,52.8,46.8,55.2,55.7,54.5,54.8,56.1,54.3,53.9,55.2,58.1,54.6,52.9,56.4,55.0,55.4,50.6,52.1,53.2,51.4,54.7,47.0,55.6,48.1,56.1,51.9,52.3,49.8,49.9,49.1,47.5,46.3,46.2,44.7,51.4,48.0,49.8,47.0,50.5,46.1,50.1,52.2,50.9,48.8,50.0,46.8,47.4,42.7,49.6,44.5,44.8,56.8,55.7,54.8,48.9,52.4,47.5,50.6,45.6,44.9,55.2,54.1,55.2,52.1,53.8,49.2,48.3,54.0,51.3,52.7,50.2
6605,46.9,47.2,46.1,53.2,55.2,57.4,56.8,53.3,55.2,55.0,54.9,55.2,54.7,55.2,56.1,55.8,52.4,46.2,54.7,55.2,53.9,54.5,55.6,53.7,53.1,54.6,57.4,54.2,52.3,56.0,54.5,55.0,50.1,51.5,52.7,51.1,53.9,46.6,54.7,47.2,55.3,51.5,51.5,49.0,49.0,48.2,46.7,45.4,45.4,43.5,50.7,46.9,48.6,46.2,49.8,45.2,49.5,51.7,50.1,48.1,49.2,45.9,46.7,41.7,48.8,43.7,43.9,56.2,55.2,54.3,47.9,51.5,46.4,50.0,44.7,44.1,54.7,53.6,54.7,51.2,53.1,48.4,47.7,53.6,50.8,52.1,49.6
6606,46.0,47.2,45.7,52.5,54.7,56.9,56.4,52.8,54.7,54.6,54.8,54.7,54.4,54.8,55.7,55.4,52.1,45.9,54.3,54.8,53.5,54.1,55.2,53.1,52.6,54.2,57.1,53.7,51.7,55.6,53.9,54.7,49.6,51.0,52.3,50.6,53.2,46.2,53.9,46.6,54.7,51.0,50.7,48.3,48.3,47.6,46.0,44.6,44.3,42.6,49.9,46.2,47.9,45.8,49.1,44.6,48.8,51.2,49.4,47.6,48.4,45.0,46.3,40.6,48.2,43.2,42.7,55.8,54.9,54.0,46.8,50.6,46.1,49.6,43.8,43.3,54.3,53.2,54.2,50.5,52.5,47.5,46.8,53.4,50.3,51.8,49.2
6607,50.2,49.5,49.4,52.1,54.7,56.9,56.5,53.2,55.5,55.2,56.7,55.3,56.3,55.0,55.9,56.2,53.1,48.6,55.9,57.5,54.1,54.7,55.8,53.1,52.3,54.3,57.4,54.0,52.9,56.5,54.3,56.1,49.5,51.2,52.2,51.0,55.9,48.4,53.4,49.7,55.5,54.9,50.5,49.4,51.4,50.7,47.7,49.0,50.2,42.2,50.2,47.8,48.9,48.9,48.6,46.6,48.5,51.4,48.9,49.1,50.0,44.3,48.5,45.0,48.4,45.3,43.7,56.0,56.9,55.9,48.3,50.2,49.4,50.7,48.7,43.0,56.7,55.2,54.7,50.3,52.4,47.1,46.3,54.9,50.1,52.1,49.6
6608,55.8,54.6,55.2,55.6,57.9,59.7,60.1,57.2,59.4,58.8,60.9,58.6,60.4,58.2,59.6,60.0,57.7,54.1,60.4,61.6,58.3,58.6,60.1,56.3,55.8,58.3,60.1,57.7,57.2,60.4,58.0,59.9,53.1,54.5,54.8,54.7,60.7,53.5,56.6,55.6,58.6,60.3,53.7,54.0,55.8,56.5,52.3,55.3,59.1,48.0,56.9,52.1,55.3,53.9,50.7,51.6,52.0,54.9,50.8,53.7,52.7,46.8,53.9,53.1,51.4,52.1,50.0,59.0,61.4,60.2,55.2,54.2,54.7,56.3,55.8,50.0,61.4,59.4,58.4,53.6,55.6,50.2,50.8,57.6,53.0,55.7,53.8
6609,61.0,58.9,59.8,61.1,61.9,63.4,63.8,61.5,63.3,62.2,64.7,62.6,64.6,61.8,63.8,63.9,62.1,58.0,64.7,65.7,62.3,63.0,64.5,60.2,60.8,62.7,63.3,62.0,61.0,64.2,62.1,63.3,57.2,58.5,58.0,58.0,65.1,57.7,61.2,60.2,62.1,64.3,58.6,58.1,60.5,61.8,57.0,59.9,66.0,54.9,63.4,56.8,61.3,58.7,53.8,56.5,55.9,58.4,55.0,57.4,55.7,51.7,58.3,59.7,55.1,57.2,55.3,62.4,65.3,64.0,61.2,60.2,59.8,61.0,60.8,55.9,65.9,63.6,62.2,58.3,60.0,54.8,55.5,60.4,57.1,60.2,58.0
6610,65.5,62.6,63.5,65.9,65.7,66.8,67.6,65.7,66.6,65.4,68.3,66.8,68.0,64.7,67.0,67.2,66.0,61.2,68.6,69.2,66.1,66.6,68.2,63.6,64.8,66.6,66.4,65.9,64.9,67.6,66.0,66.3,61.2,62.6,61.5,61.7,68.6,61.2,65.5,64.2,65.6,67.4,63.0,61.4,64.9,65.7,62.2,63.8,70.6,61.0,67.8,61.3,66.7,62.6,57.5,60.6,59.6,61.9,58.8,60.7,58.7,56.7,62.0,64.8,59.3,61.4,59.9,65.5,68.4,67.5,66.5,65.1,64.3,64.4,64.8,60.7,69.4,67.0,65.3,62.9,64.1,59.7,58.4,62.7,61.0,64.2,61.9
6611,69.4,65.4,66.2,69.6,69.0,69.9,70.5,68.9,69.1,67.8,70.9,69.7,70.6,67.2,69.9,69.7,69.1,64.1,71.3,71.6,69.0,69.2,70.8,66.7,68.0,69.7,68.9,68.9,67.9,70.0,69.2,68.6,64.5,65.8,64.5,64.8,71.5,64.2,69.0,67.1,68.7,69.8,66.6,64.3,68.7,68.6,66.1,67.0,73.8,64.9,71.1,65.5,71.1,65.7,60.9,63.7,62.3,64.6,62.0,63.6,61.8,60.9,65.0,68.2,63.5,64.6,63.8,67.9,70.7,70.0,70.2,69.0,67.9,67.2,67.9,64.5,72.0,69.4,67.9,66.2,67.5,64.0,61.1,64.5,64.1,67.2,65.0
6612,72.3,67.5,68.4,72.5,71.5,72.2,72.9,71.2,70.9,69.8,72.7,71.7,72.3,69.1,72.1,71.5,71.3,66.8,72.9,73.4,71.2,71.0,72.8,69.1,70.9,72.2,70.8,71.2,70.1,71.7,71.6,70.3,67.0,68.2,66.9,67.2,74.0,66.5,71.9,69.5,71.1,71.6,69.7,66.5,71.5,71.0,69.3,69.3,76.3,68.0,73.4,69.0,74.4,68.1,63.0,66.1,64.3,66.6,64.6,65.7,64.5,64.2,67.5,71.0,67.3,67.2,67.1,69.7,72.3,71.7,72.7,71.7,70.6,69.7,70.3,67.3,73.5,71.3,70.0,69.0,70.0,67.3,63.3,65.8,66.4,69.1,67.3
6613,74.4,69.0,69.8,74.8,73.1,73.8,74.6,72.7,72.3,71.2,73.9,73.0,73.5,70.6,73.8,72.9,72.9,68.6,74.1,74.6,72.7,72.1,74.1,71.0,72.8,73.9,72.3,72.6,71.5,73.1,73.1,71.3,68.8,69.9,68.8,69.0,75.7,68.2,73.8,71.1,73.2,72.8,71.8,68.8,73.8,72.5,71.5,70.6,78.2,70.1,74.6,71.3,76.7,69.5,64.4,67.8,65.5,68.0,66.6,67.4,66.6,66.9,69.4,72.6,70.4,68.7,69.7,71.1,73.6,72.9,74.5,73.9,72.5,71.5,72.2,68.9,74.5,72.4,71.5,71.2,71.6,69.8,65.1,66.4,68.1,70.7,69.1
6614,75.4,69.9,70.7,76.3,74.0,74.8,75.6,73.8,73.0,72.0,74.6,74.0,74.2,71.5,74.7,73.5,73.7,69.8,74.6,75.3,73.6,72.9,74.9,71.9,74.0,74.9,73.1,73.4,72.6,73.7,74.0,71.8,69.9,71.0,69.9,69.9,76.9,68.9,75.2,72.1,74.6,73.4,73.4,70.2,75.3,73.2,72.6,71.3,79.2,71.5,75.3,72.4,77.8,70.7,65.3,68.9,66.4,69.0,68.2,68.3,68.1,69.0,70.7,73.6,72.8,69.5,71.7,72.0,74.1,73.7,75.3,75.6,73.8,72.8,73.6,69.9,75.2,73.1,72.3,72.5,72.7,71.3,66.4,66.5,69.4,71.6,70.1
6615,75.8,69.7,70.7,77.1,74.4,75.3,76.0,74.0,73.0,72.2,74.8,74.3,74.4,71.6,75.0,73.5,74.1,70.2,74.7,75.3,73.9,73.0,75.2,72.4,74.6,75.3,73.5,73.7,73.0,73.7,74.3,72.0,70.3,71.2,70.6,70.4,76.9,68.8,75.9,72.3,75.4,73.3,74.2,70.9,75.6,73.0,73.3,71.3,79.3,71.9,75.5,72.7,78.2,70.6,65.6,69.2,66.7,69.1,69.1,68.5,68.7,70.3,71.1,73.8,74.2,69.7,72.7,72.3,74.1,74.0,75.5,76.5,74.2,73.4,74.1,70.5,75.0,73.2,72.4,73.3,73.3,72.0,67.0,66.4,70.1,72.0,70.6
6616,75.1,68.4,69.9,77.1,74.0,74.8,75.6,73.5,72.3,71.6,74.1,73.9,73.7,71.2,74.5,72.7,73.5,69.6,73.9,74.2,73.3,72.3,74.7,72.1,74.3,74.9,73.2,73.1,72.4,72.9,73.9,71.3,70.1,71.0,70.3,70.0,76.2,67.4,75.9,71.7,75.4,72.0,74.2,70.6,74.8,71.7,72.9,70.5,78.1,71.6,74.9,72.0,77.7,69.5,65.5,68.4,66.6,68.8,69.3,67.9,68.2,70.7,70.7,73.4,74.4,68.9,72.3,71.8,73.1,73.4,75.1,76.5,73.2,73.4,73.5,69.6,74.1,72.3,71.8,73.3,73.1,72.1,66.9,65.6,70.0,71.6,70.4
6617,71.8,65.2,66.4,76.1,72.6,73.4,74.1,72.0,70.3,70.0,72.2,72.5,71.5,69.9,72.8,71.0,72.0,67.0,71.7,71.4,71.7,70.7,73.2,70.8,73.1,73.3,71.9,71.5,70.8,71.3,72.4,69.4,68.8,69.6,69.2,68.6,74.0,64.4,74.7,69.6,74.2,68.9,73.3,69.2,72.0,68.7,71.3,68.4,75.1,70.2,73.6,70.0,76.1,66.3,64.4,66.5,65.7,67.7,68.7,65.6,66.1,70.2,68.4,71.4,73.1,66.6,70.4,70.6,71.2,71.5,73.5,75.5,71.2,72.3,71.1,67.8,71.6,70.2,70.3,72.2,72.0,71.0,65.5,63.7,68.9,70.3,68.9
6618,65.3,60.3,59.8,73.1,69.6,70.4,70.7,67.6,66.4,66.1,67.6,68.8,66.1,67.0,69.1,67.0,67.3,61.4,67.2,66.3,67.7,66.5,68.9,66.8,69.8,69.4,69.4,67.5,66.2,67.5,68.6,64.5,65.1,65.9,66.1,64.9,67.9,59.4,71.9,64.5,71.5,62.2,69.9,65.3,66.4,63.3,67.4,63.0,68.8,66.5,70.4,66.5,72.6,60.0,61.7,62.4,62.4,64.4,66.5,60.4,63.3,67.2,63.5,65.1,69.4,60.9,64.7,67.7,66.8,66.7,69.2,72.6,66.1,68.5,64.3,63.8,65.7,65.1,66.6,68.8,68.2,67.6,60.7,61.2,65.9,66.7,64.6
6619,61.5,57.2,56.3,68.0,65.9,67.3,67.3,63.1,64.0,63.7,64.3,65.0,62.9,64.2,65.5,64.2,61.8,57.7,63.8,63.5,63.6,63.3,64.8,62.8,64.3,63.9,67.3,63.9,62.1,64.0,64.3,61.6,60.5,62.3,62.7,60.1,64.4,56.2,67.0,60.6,68.4,59.4,64.6,60.8,63.5,60.1,63.7,59.5,65.5,60.0,65.9,63.9,66.7,56.7,59.0,59.4,59.1,61.4,62.7,58.1,60.3,61.4,59.2,60.1,65.4,57.0,60.5,65.4,63.3,63.3,64.1,66.2,62.1,63.7,60.3,58.5,62.6,62.1,63.5,62.7,63.6,62.5,53.3,59.5,62.0,63.0,59.7
6620,59.2,55.0,54.4,64.6,63.6,65.2,65.1,60.8,62.3,62.4,62.3,62.6,61.2,62.3,63.6,62.6,59.5,55.8,62.0,61.6,61.3,61.5,62.6,61.1,61.9,61.7,65.5,61.7,59.9,62.3,62.1,60.5,58.2,59.9,60.8,58.3,62.0,54.5,64.3,58.1,65.9,57.8,61.9,58.2,61.4,57.6,60.8,57.1,62.3,56.5,62.8,61.3,62.7,55.0,57.0,56.6,56.7,59.3,59.7,56.3,58.5,57.6,56.5,56.7,62.4,54.4,58.0,63.8,61.6,61.6,61.1,62.8,59.4,60.8,57.6,55.8,60.6,60.3,61.6,60.0,61.4,59.4,52.1,58.5,59.6,60.9,57.1
6621,57.1,53.7,52.9,62.4,61.6,63.8,63.4,59.3,61.2,61.1,60.8,61.1,59.8,61.0,62.2,61.2,58.0,54.2,60.6,60.5,59.8,60.0,61.1,59.9,60.1,60.4,64.1,60.0,58.3,61.1,60.5,59.3,56.6,58.0,59.2,57.0,60.4,53.1,62.4,55.9,64.5,56.7,60.0,56.8,59.3,55.7,58.2,55.0,59.6,54.6,60.4,59.0,60.3,53.5,55.8,54.4,55.3,57.7,57.5,55.5,57.0,55.7,54.7,54.0,60.1,52.4,55.5,62.6,60.4,60.1,58.9,60.5,56.8,58.8,55.3,54.1,59.4,59.1,60.1,58.1,59.9,57.1,51.8,57.6,57.7,59.2,55.4
6622,55.3,52.5,51.8,60.7,60.2,62.6,62.1,58.1,60.0,60.1,59.8,60.1,58.8,59.8,61.1,60.2,56.9,52.8,59.4,59.4,58.6,59.1,60.1,59.0,58.8,59.3,62.8,58.7,57.2,60.2,59.3,58.6,55.3,56.7,57.9,55.8,59.1,51.7,61.0,54.1,62.8,55.6,58.3,55.7,57.5,54.7,56.0,53.1,56.8,52.9,58.3,56.9,58.6,52.4,54.8,52.4,54.3,56.5,55.8,54.3,55.5,53.6,53.0,51.7,57.8,50.8,53.3,61.5,59.4,59.1,57.3,58.9,54.8,57.1,53.0,52.5,58.6,58.1,59.1,56.9,58.6,55.3,51.4,56.8,56.3,57.8,54.1
6623,53.3,51.5,50.6,59.1,59.2,61.4,60.9,57.0,59.1,59.1,58.7,59.0,57.9,58.9,60.0,59.1,55.8,51.6,58.4,58.5,57.6,58.1,59.3,58.0,57.5,58.3,61.8,57.8,56.2,59.1,58.3,58.0,54.1,55.7,56.8,54.6,57.9,50.7,60.0,52.6,61.6,54.8,56.7,54.5,55.5,53.7,54.0,51.5,54.3,51.2,56.6,54.9,57.0,51.2,54.0,50.8,53.5,55.6,54.9,53.1,54.2,52.1,51.8,49.6,55.8,49.7,51.3,60.4,58.6,57.8,55.7,57.4,53.2,55.9,51.2,50.9,57.6,57.0,58.1,55.7,57.6,54.0,51.0,56.0,55.2,56.8,53.3
6624,51.7,50.5,49.4,57.8,58.2,60.4,59.7,56.1,58.3,58.2,57.7,58.0,57.1,57.9,59.1,58.4,55.1,50.2,57.5,57.6,56.7,57.1,58.4,57.0,56.6,57.4,60.8,56.9,55.3,58.3,57.5,57.4,53.2,54.4,55.8,53.8,56.9,49.6,58.9,51.5,60.1,53.7,55.5,53.2,53.8,52.3,52.2,50.0,52.1,49.5,54.9,53.1,55.4,50.0,53.3,49.6,52.7,54.7,54.0,52.2,53.0,50.8,50.5,47.8,54.2,48.2,49.6,59.3,57.8,56.8,54.1,55.9,51.6,54.7,49.9,49.2,56.8,56.2,57.2,54.7,56.6,52.8,50.6,55.5,54.0,55.6,52.5
6625,50.2,49.9,48.3,56.6,57.3,59.6,58.9,55.2,57.4,57.3,57.0,57.2,56.3,57.1,58.4,57.6,54.2,49.1,56.6,57.0,55.9,56.5,57.6,56.0,55.7,56.7,60.0,56.0,54.3,57.6,56.5,56.6,52.4,53.6,54.9,53.1,56.3,48.8,58.0,50.5,58.8,52.8,54.5,52.3,52.4,51.4,50.5,48.8,50.3,47.9,53.7,51.4,53.5,49.1,52.4,48.3,51.9,53.9,53.0,51.0,51.9,49.6,49.4,46.6,52.5,46.9,48.0,58.5,57.1,56.0,52.9,54.6,50.1,53.4,48.8,48.0,56.1,55.6,56.4,53.9,55.6,51.7,49.9,55.0,53.2,54.7,51.9
6626,49.0,49.0,47.6,55.4,56.5,58.7,58.1,54.4,56.6,56.5,56.1,56.4,55.7,56.6,57.7,56.9,53.5,48.0,55.9,56.4,55.1,55.7,56.8,55.2,55.1,55.9,59.0,55.3,53.6,56.9,55.7,55.9,51.7,52.9,54.1,52.6,55.5,47.8,56.9,49.6,57.8,52.3,53.6,51.7,51.2,50.2,49.3,47.6,48.5,46.4,52.9,50.2,51.9,48.2,51.5,47.4,51.1,53.1,52.0,50.0,51.1,48.5,48.6,45.0,51.3,46.1,46.7,57.7,56.4,55.4,51.3,53.5,49.1,52.5,47.3,46.5,55.5,54.9,55.9,53.0,54.8,50.7,49.3,54.4,52.2,53.8,51.2
6627,47.9,48.0,46.9,54.2,55.9,57.9,57.3,53.8,55.9,55.8,55.5,55.8,55.0,55.7,56.8,56.4,53.0,46.9,55.3,55.7,54.4,55.0,56.0,54.5,54.2,55.4,58.3,54.6,52.9,56.3,55.0,55.3,51.1,52.1,53.4,51.7,54.8,47.3,56.0,48.4,56.6,52.0,52.7,50.4,50.0,49.3,48.2,46.6,47.0,45.3,51.8,48.9,50.6,47.1,50.8,46.4,50.4,52.1,51.1,49.0,50.3,47.4,47.8,43.6,50.2,45.1,45.6,56.8,55.9,54.8,49.6,52.5,47.8,51.6,46.3,45.6,55.0,54.3,55.2,52.1,54.0,49.6,48.5,53.9,51.6,53.1,50.5
6628,46.8,47.2,46.0,53.6,55.3,57.3,56.8,53.4,55.3,55.1,54.9,55.2,54.4,55.2,56.2,55.8,52.4,46.3,54.8,55.2,54.0,54.4,55.7,53.8,53.5,54.7,57.7,54.1,52.4,55.8,54.6,54.9,50.3,51.7,52.8,50.9,54.2,46.5,55.1,47.6,55.5,51.5,51.8,49.5,49.2,48.4,47.1,45.7,45.6,44.3,50.9,47.8,49.3,46.4,50.0,45.6,49.7,51.7,50.2,48.3,49.3,46.4,47.0,42.4,49.1,44.0,44.3,56.2,55.3,54.3,48.4,51.8,46.9,50.4,45.4,44.6,54.6,53.8,54.7,51.4,53.3,48.6,47.7,53.5,50.9,52.3,49.9
6629,46.2,46.7,45.5,52.7,54.7,56.8,56.3,52.8,54.7,54.6,54.5,54.6,54.2,54.6,55.7,55.3,52.0,45.7,54.3,54.6,53.5,54.0,55.2,53.2,52.7,54.2,56.9,53.7,51.9,55.5,54.0,54.5,49.8,51.1,52.2,50.6,53.4,46.1,54.3,46.8,54.7,51.2,50.9,48.7,48.3,47.7,46.2,44.8,44.8,43.1,50.2,46.7,48.2,45.7,49.3,44.7,49.1,51.2,49.4,47.6,48.6,45.5,46.2,41.5,48.3,43.3,43.4,55.7,54.7,53.8,47.4,50.9,45.9,49.8,44.4,43.8,54.1,53.2,54.2,50.6,52.6,47.8,47.1,53.1,50.4,51.8,49.3
6630,45.4,46.6,45.2,52.0,54.2,56.4,55.9,52.4,54.2,54.1,54.3,54.2,53.9,54.3,55.2,54.9,51.7,45.3,53.8,54.3,53.1,53.6,54.9,52.6,52.1,53.8,56.6,53.2,51.3,55.2,53.5,54.2,49.2,50.6,51.8,50.1,52.7,45.8,53.5,46.2,54.1,50.7,50.1,48.1,47.7,47.0,45.5,43.9,43.8,42.3,49.4,46.0,47.4,45.3,48.6,44.0,48.4,50.8,48.7,47.1,47.8,44.7,45.8,40.2,47.7,42.7,42.3,55.3,54.3,53.6,46.3,50.1,45.6,49.3,43.5,43.0,53.8,52.9,53.7,49.8,52.0,47.1,46.2,52.9,49.9,51.4,48.9
6631,49.6,48.9,48.7,51.6,54.2,56.4,56.0,52.7,54.9,54.7,56.1,54.7,55.7,54.5,55.4,55.6,52.7,47.9,55.3,57.0,53.6,54.2,55.4,52.6,51.8,53.8,56.9,53.5,52.4,56.0,53.9,55.5,49.1,50.7,51.7,50.5,55.4,47.9,52.9,49.1,54.9,54.5,49.9,49.1,50.7,50.1,47.2,48.3,49.6,41.9,49.6,47.4,48.4,48.3,48.1,45.9,48.1,50.9,48.2,48.5,49.3,44.0,47.9,44.4,47.8,44.6,43.1,55.5,56.3,55.4,47.7,49.8,48.8,50.3,48.2,42.7,56.2,54.7,54.1,49.6,51.8,46.6,45.8,54.4,49.6,51.7,49.2
6632,55.1,53.9,54.4,55.0,57.3,59.1,59.5,56.7,58.8,58.2,60.4,58.1,59.8,57.6,59.1,59.5,57.2,53.4,59.9,61.1,57.8,58.0,59.6,55.7,55.2,57.7,59.5,57.2,56.7,59.8,57.5,59.4,52.5,54.0,54.3,54.1,60.0,52.9,56.1,55.0,58.0,59.7,52.9,53.5,55.2,55.8,51.8,54.5,58.4,47.5,56.3,51.7,54.8,53.1,50.2,50.9,51.4,54.3,50.0,53.0,52.1,46.3,53.1,52.5,50.9,51.3,49.4,58.4,60.8,59.7,54.6,53.6,54.2,55.8,55.2,49.5,60.9,58.9,57.9,52.9,55.0,49.6,50.0,57.0,52.4,55.3,53.3
6633,60.2,58.1,59.0,60.4,61.4,62.8,63.3,61.0,62.7,61.6,64.1,62.1,63.9,61.2,63.2,63.3,61.6,57.3,64.1,65.4,61.7,62.4,64.0,59.6,60.0,62.1,62.7,61.4,60.5,63.6,61.6,62.7,56.5,57.9,57.4,57.5,64.4,57.1,60.7,59.6,61.6,63.7,57.8,57.6,59.9,61.2,56.4,59.1,65.3,54.3,62.6,56.4,60.7,57.7,53.2,55.8,55.2,57.8,54.1,56.7,54.9,51.0,57.5,59.1,54.6,56.5,54.7,61.7,64.7,63.4,60.6,59.8,59.2,60.5,60.2,55.4,65.5,63.0,61.6,57.5,59.3,54.2,54.6,59.8,56.4,59.7,57.4
6634,64.7,61.7,62.7,65.3,65.1,66.3,67.0,65.2,66.0,64.8,67.8,66.2,67.4,64.1,66.5,66.5,65.4,60.5,68.0,68.9,65.4,66.0,67.6,63.0,64.0,66.0,65.8,65.2,64.2,67.0,65.5,65.8,60.3,61.9,60.9,61.1,67.9,60.4,65.0,63.7,65.1,66.8,62.2,60.8,64.2,65.1,61.6,62.9,69.7,60.2,67.1,60.8,66.1,61.5,56.8,59.9,58.7,61.1,57.9,59.9,58.0,56.0,61.2,64.1,58.7,60.8,59.2,64.9,67.7,67.0,65.9,64.6,63.6,63.8,64.2,60.2,69.0,66.4,64.7,62.0,63.4,58.9,57.5,62.1,60.1,63.6,61.2
6635,68.7,64.4,65.4,68.9,68.4,69.4,70.0,68.3,68.7,67.2,70.4,69.2,70.0,66.5,69.3,69.0,68.4,63.4,70.8,71.3,68.4,68.5,70.2,66.0,67.3,69.0,68.3,68.3,67.3,69.3,68.5,68.1,63.5,65.0,63.8,64.1,70.8,63.4,68.5,66.6,68.2,69.2,65.7,63.7,68.0,67.9,65.5,66.2,73.0,64.1,70.5,65.0,70.6,64.6,60.0,63.0,61.5,63.8,61.1,62.8,61.0,60.1,64.2,67.6,62.9,63.9,63.1,67.3,70.1,69.6,69.6,68.3,67.1,66.6,67.2,63.8,71.6,68.9,67.3,65.3,66.7,63.0,60.1,63.9,63.2,66.5,64.2
6636,71.6,66.4,67.4,72.0,70.8,71.6,72.3,70.5,70.5,69.2,72.3,71.2,71.8,68.5,71.6,70.9,70.7,66.0,72.4,73.1,70.6,70.3,72.3,68.4,70.2,71.6,70.2,70.6,69.4,71.1,70.9,69.9,65.9,67.4,66.1,66.5,73.3,65.6,71.3,68.9,70.6,71.0,68.9,65.9,70.8,70.3,68.7,68.5,75.5,67.2,72.8,68.3,73.9,66.9,62.1,65.3,63.4,65.8,63.7,64.9,63.7,63.5,66.6,70.2,66.6,66.4,66.3,69.0,71.7,71.3,72.1,71.1,69.8,69.0,69.6,66.6,73.1,70.8,69.4,68.0,69.2,66.2,62.4,65.1,65.4,68.5,66.5
6637,73.6,68.0,68.7,74.1,72.4,73.3,74.1,72.1,71.8,70.5,73.5,72.4,73.0,70.0,73.2,72.2,72.2,67.8,73.7,74.2,72.1,71.5,73.6,70.3,72.1,73.2,71.7,72.1,70.8,72.6,72.4,70.8,67.7,69.1,68.1,68.2,75.1,67.2,73.3,70.6,72.7,72.2,71.0,68.1,73.1,71.9,70.8,69.7,77.4,69.3,74.0,70.6,76.2,68.3,63.5,67.0,64.6,67.1,65.7,66.5,65.8,66.1,68.5,71.9,69.6,67.9,68.8,70.5,73.0,72.6,73.9,73.4,71.7,70.9,71.5,68.1,74.1,71.8,70.9,70.2,70.9,68.6,64.2,65.7,67.1,70.0,68.2
6638,74.5,68.8,69.6,75.7,73.3,74.3,75.1,73.2,72.4,71.3,74.2,73.5,73.8,70.9,74.2,72.8,73.0,68.9,74.2,74.9,73.0,72.3,74.4,71.2,73.3,74.3,72.5,72.9,71.9,73.2,73.4,71.4,68.8,70.2,69.2,69.2,76.3,67.9,74.7,71.4,74.2,72.8,72.6,69.5,74.5,72.5,71.9,70.4,78.4,70.6,74.7,71.7,77.3,69.5,64.4,68.0,65.5,68.1,67.1,67.3,67.2,68.1,69.8,72.8,71.9,68.6,70.8,71.3,73.6,73.3,74.7,75.0,73.0,72.0,72.9,69.0,74.7,72.5,71.7,71.5,72.0,70.1,65.4,65.8,68.3,70.9,69.3
6639,75.0,68.4,69.6,76.5,73.7,74.7,75.4,73.4,72.5,71.6,74.4,73.8,73.9,71.0,74.4,72.8,73.4,69.3,74.3,74.8,73.2,72.4,74.6,71.7,73.8,74.6,72.8,73.2,72.3,73.2,73.7,71.5,69.1,70.4,69.8,69.7,76.4,67.6,75.4,71.6,74.9,72.7,73.3,70.1,74.8,72.4,72.6,70.4,78.5,71.0,74.9,72.0,77.7,69.4,64.7,68.2,65.8,68.3,68.1,67.6,67.8,69.3,70.2,73.0,73.3,68.8,71.7,71.6,73.6,73.6,74.9,76.0,73.3,72.7,73.4,69.6,74.6,72.6,71.8,72.2,72.6,70.7,66.0,65.7,69.0,71.3,69.7
6640,74.1,67.1,68.7,76.4,73.3,74.2,75.0,72.9,71.8,71.0,73.7,73.3,73.2,70.6,73.9,72.1,72.9,68.6,73.5,73.7,72.7,71.7,74.2,71.4,73.4,74.3,72.5,72.5,71.7,72.4,73.4,70.8,69.0,70.1,69.4,69.2,75.7,66.2,75.2,71.1,74.9,71.4,73.3,69.8,73.9,71.1,72.2,69.7,77.3,70.6,74.3,71.2,77.1,68.3,64.6,67.4,65.7,67.9,68.3,66.9,67.2,69.8,69.7,72.7,73.5,68.0,71.3,71.2,72.7,72.9,74.5,75.9,72.3,72.7,72.7,68.9,73.7,71.7,71.2,72.2,72.4,70.8,65.8,64.8,68.9,70.9,69.5
6641,70.8,63.9,65.2,75.4,71.9,72.8,73.4,71.4,69.7,69.4,71.6,71.9,70.9,69.3,72.3,70.4,71.4,66.0,71.2,70.9,71.1,70.0,72.6,70.0,72.3,72.7,71.3,70.9,70.1,70.8,71.8,68.8,67.6,68.6,68.4,67.8,73.4,63.1,74.2,69.0,73.7,68.3,72.3,68.4,71.0,68.1,70.6,67.4,74.2,69.2,73.0,69.3,75.6,65.0,63.5,65.5,64.7,66.8,67.6,64.6,65.1,69.1,67.4,70.5,72.2,65.7,69.4,70.0,70.7,71.0,72.9,74.9,70.2,71.4,70.2,67.1,71.2,69.5,69.7,71.1,71.2,69.7,64.4,63.0,67.8,69.5,67.9
6642,64.4,59.1,58.8,72.4,68.9,69.8,70.1,67.0,66.0,65.5,67.0,68.2,65.5,66.4,68.5,66.3,66.6,60.4,66.6,65.8,67.1,65.8,68.3,66.0,68.8,68.8,68.8,66.9,65.6,66.9,67.9,63.9,64.0,65.1,65.3,64.0,67.3,58.2,71.3,63.9,71.0,61.7,68.9,64.5,65.5,62.6,66.6,62.0,68.0,65.6,69.7,65.7,71.9,58.8,60.8,61.4,61.5,63.4,65.4,59.3,62.3,66.2,62.6,64.2,68.4,60.0,63.8,67.1,66.4,66.3,68.5,71.9,65.1,67.5,63.5,63.0,65.4,64.5,66.0,67.6,67.4,66.3,59.5,60.5,64.7,66.0,63.6
6643,60.9,56.2,55.4,67.3,65.4,66.8,66.7,62.6,63.6,63.2,63.8,64.5,62.5,63.7,65.0,63.7,61.4,57.0,63.3,63.0,63.1,62.8,64.4,62.2,63.5,63.5,66.7,63.4,61.6,63.6,63.9,61.1,59.6,61.6,61.9,59.5,64.0,55.2,66.4,60.1,68.0,58.9,63.7,60.1,62.5,59.4,63.0,58.7,64.6,59.2,65.3,63.2,66.0,55.8,58.2,58.5,58.3,60.6,61.7,57.2,59.3,60.5,58.3,59.2,64.6,56.1,59.6,64.9,62.9,62.9,63.4,65.5,61.3,62.9,59.6,57.8,62.3,61.6,63.0,61.8,62.9,61.5,52.5,58.9,61.0,62.4,59.0
6644,58.6,54.1,53.6,64.1,63.0,64.8,64.7,60.4,61.9,61.9,61.8,62.2,60.8,61.9,63.1,62.1,59.3,55.0,61.5,61.1,60.9,61.0,62.3,60.5,61.1,61.4,64.9,61.2,59.4,62.0,61.7,60.1,57.3,59.2,60.1,57.8,61.7,53.5,63.8,57.4,65.5,57.3,61.2,57.5,60.5,57.0,60.0,56.3,61.6,55.7,62.2,60.7,62.0,54.0,56.2,55.7,55.9,58.4,58.7,55.5,57.5,56.7,55.7,56.1,61.6,53.6,57.2,63.3,61.3,61.2,60.4,62.3,58.6,60.2,57.0,55.1,60.3,59.8,61.2,59.2,60.8,58.5,51.3,57.8,58.6,60.3,56.4
6645,56.4,52.7,52.1,61.9,61.1,63.4,63.0,59.0,60.8,60.8,60.5,60.8,59.4,60.6,61.8,60.8,57.8,53.5,60.1,60.0,59.5,59.6,60.8,59.2,59.4,60.0,63.7,59.7,57.9,60.7,60.2,58.9,55.7,57.3,58.5,56.5,60.1,52.3,62.0,55.2,64.2,56.2,59.2,56.1,58.4,55.1,57.5,54.2,58.9,53.9,59.8,58.4,59.6,52.6,55.1,53.6,54.5,57.0,56.5,54.7,56.1,54.9,54.1,53.4,59.2,51.6,54.7,62.1,60.0,59.7,58.3,60.1,56.0,58.2,54.7,53.4,59.1,58.6,59.8,57.4,59.2,56.2,50.9,56.9,56.9,58.6,54.7
6646,54.6,51.5,51.0,60.2,59.7,62.2,61.7,57.8,59.6,59.7,59.4,59.7,58.3,59.4,60.7,59.8,56.7,52.1,59.0,58.9,58.3,58.7,59.9,58.2,58.1,58.9,62.4,58.4,56.8,59.8,59.0,58.1,54.6,56.1,57.2,55.2,58.7,50.9,60.6,53.6,62.5,55.2,57.6,55.1,56.7,54.0,55.2,52.5,56.1,52.1,57.7,56.2,57.8,51.5,54.1,51.7,53.6,55.9,55.1,53.4,54.6,52.8,52.5,51.2,57.0,50.1,52.5,61.0,59.0,58.6,56.6,58.5,54.1,56.4,52.6,51.8,58.2,57.6,58.7,56.1,57.9,54.5,50.6,56.2,55.5,57.2,53.5
6647,52.7,50.6,49.8,58.7,58.7,61.0,60.4,56.6,58.7,58.7,58.3,58.6,57.4,58.5,59.6,58.8,55.6,51.0,58.0,58.1,57.3,57.8,59.0,57.3,56.9,57.9,61.4,57.5,55.9,58.8,58.0,57.6,53.3,55.1,56.1,54.0,57.6,49.8,59.6,52.0,61.2,54.3,56.0,53.9,54.7,53.0,53.3,50.9,53.8,50.5,56.0,54.3,56.2,50.3,53.2,50.1,52.8,54.9,54.1,52.3,53.5,51.3,51.3,49.0,55.0,48.9,50.5,59.9,58.3,57.5,55.2,57.0,52.5,55.4,50.7,50.2,57.1,56.6,57.8,55.0,57.0,53.2,50.2,55.3,54.4,56.1,52.6
6648,51.1,49.6,48.7,57.3,57.6,59.9,59.3,55.7,57.9,57.8,57.4,57.7,56.6,57.6,58.6,58.0,55.0,49.6,57.0,57.1,56.4,56.8,58.1,56.3,56.1,56.8,60.4,56.6,55.0,57.9,57.1,57.0,52.5,53.9,55.1,53.1,56.5,48.8,58.5,50.9,59.6,53.2,54.9,52.7,53.2,51.7,51.7,49.4,51.6,48.8,54.4,52.5,54.7,49.2,52.6,48.9,52.1,53.9,53.2,51.3,52.3,50.1,50.0,47.3,53.5,47.5,48.9,58.9,57.5,56.4,53.5,55.6,50.9,54.1,49.3,48.6,56.4,55.8,56.9,54.0,56.0,52.0,49.7,54.8,53.3,55.0,51.8
6649,49.6,49.0,47.6,56.1,56.7,59.1,58.5,54.9,57.0,56.9,56.6,56.9,55.8,56.8,58.0,57.3,54.0,48.5,56.1,56.5,55.6,56.2,57.3,55.3,55.1,56.2,59.5,55.7,54.0,57.3,56.2,56.2,51.7,53.1,54.1,52.5,56.0,48.0,57.7,50.1,58.4,52.4,53.9,51.8,51.7,50.7,50.0,48.2,49.8,47.3,53.2,50.9,52.9,48.3,51.7,47.6,51.2,53.1,52.2,50.2,51.2,48.9,48.9,46.1,51.9,46.2,47.2,58.1,56.7,55.6,52.2,54.3,49.4,52.8,48.2,47.4,55.7,55.2,56.2,53.3,55.0,51.0,48.9,54.3,52.4,54.1,51.1
6650,48.4,48.0,46.9,55.0,56.0,58.3,57.7,54.1,56.2,56.1,55.8,56.2,55.3,56.1,57.2,56.5,53.3,47.4,55.4,55.9,54.8,55.4,56.6,54.6,54.4,55.4,58.5,54.9,53.3,56.6,55.3,55.5,50.9,52.2,53.4,51.9,55.2,47.1,56.6,49.1,57.4,51.8,53.1,51.2,50.6,49.6,48.8,47.0,48.1,45.9,52.3,49.6,51.3,47.5,50.8,46.7,50.4,52.4,51.3,49.2,50.5,47.8,48.2,44.6,50.7,45.4,45.9,57.3,56.1,55.1,50.6,53.2,48.4,51.9,46.8,46.1,55.1,54.6,55.5,52.4,54.2,49.9,48.4,53.7,51.5,53.2,50.5
6651,47.2,47.2,46.3,53.8,55.4,57.5,56.8,53.5,55.6,55.3,55.2,55.5,54.7,55.3,56.3,56.0,52.8,46.5,54.9,55.2,54.1,54.7,55.7,53.9,53.6,55.0,57.8,54.2,52.6,56.0,54.7,54.9,50.3,51.5,52.7,51.1,54.5,46.5,55.7,48.0,56.1,51.4,52.2,49.9,49.3,48.7,47.7,46.0,46.6,44.7,51.2,48.4,50.0,46.3,50.1,45.8,49.7,51.4,50.4,48.3,49.6,46.7,47.3,43.2,49.6,44.5,44.9,56.3,55.6,54.5,49.0,52.3,47.2,51.1,45.8,45.2,54.6,53.9,54.9,51.5,53.4,48.9,47.7,53.2,50.8,52.6,49.8
6652,46.2,46.5,45.4,53.2,54.7,56.8,56.3,52.9,55.0,54.7,54.6,55.0,54.2,54.8,55.7,55.5,52.1,45.8,54.3,54.7,53.6,54.1,55.4,53.2,52.9,54.3,57.2,53.7,52.1,55.5,54.1,54.5,49.5,51.1,52.1,50.3,53.9,45.8,54.8,47.2,55.1,50.9,51.2,49.0,48.5,47.8,46.6,45.1,45.3,43.8,50.3,47.3,48.7,45.8,49.3,45.0,49.0,51.0,49.6,47.6,48.7,45.7,46.5,42.1,48.5,43.5,43.7,55.7,55.0,54.0,47.8,51.5,46.2,49.8,44.9,44.1,54.2,53.5,54.3,50.8,52.7,47.9,46.8,52.8,50.1,51.8,49.2
6653,45.6,46.0,45.0,52.3,54.2,56.3,55.9,52.3,54.4,54.1,54.2,54.4,53.9,54.2,55.2,54.9,51.7,45.2,53.9,54.2,53.0,53.7,54.9,52.5,52.2,53.7,56.5,53.3,51.5,55.2,53.6,54.2,48.9,50.6,51.6,50.0,53.1,45.5,53.9,46.3,54.2,50.6,50.4,48.1,47.7,47.1,45.8,44.2,44.4,42.6,49.6,46.2,47.6,45.1,48.6,44.1,48.4,50.6,48.8,47.0,48.0,44.8,45.8,41.0,47.8,42.8,42.8,55.2,54.3,53.6,46.8,50.6,45.1,49.3,44.0,43.3,53.7,52.9,53.7,50.0,52.0,47.1,46.2,52.5,49.6,51.3,48.6
6654,44.9,45.8,44.6,51.6,53.7,55.9,55.5,51.9,53.9,53.7,53.9,54.0,53.6,53.7,54.7,54.5,51.4,44.8,53.5,53.8,52.7,53.3,54.5,52.0,51.6,53.3,56.1,52.8,51.0,54.9,53.1,53.8,48.5,50.0,51.2,49.6,52.4,45.1,53.1,45.7,53.7,50.0,49.5,47.6,47.1,46.5,45.1,43.3,43.4,41.8,48.8,45.5,46.9,44.6,47.9,43.4,47.7,50.1,48.1,46.4,47.3,44.1,45.5,39.8,47.1,42.2,41.7,54.8,54.0,53.4,45.6,49.8,45.0,48.8,43.1,42.5,53.3,52.6,53.3,49.3,51.4,46.5,45.4,52.2,49.1,50.9,48.2
6655,48.8,48.0,48.1,51.2,53.6,55.9,55.5,52.1,54.5,54.1,55.7,54.4,55.3,53.9,54.9,55.2,52.2,47.2,55.0,56.5,53.1,54.0,55.0,51.9,51.2,53.3,56.3,53.0,51.9,55.7,53.4,55.1,48.4,50.1,51.1,49.9,55.0,47.0,52.5,48.6,54.4,53.7,49.3,48.4,49.9,49.4,46.6,47.5,48.9,41.3,49.0,46.9,47.8,47.6,47.4,45.2,47.4,50.2,47.6,47.8,48.7,43.4,47.3,43.8,47.1,44.0,42.3,54.9,55.9,55.2,47.0,49.5,48.1,49.6,47.5,42.3,55.8,54.4,53.6,49.1,51.2,45.9,44.9,53.7,49.0,51.2,48.5
6656,54.2,52.8,53.6,54.4,56.6,58.6,58.8,56.0,58.3,57.5,59.9,57.6,59.3,56.9,58.4,58.8,56.6,52.7,59.5,60.6,57.1,57.5,59.0,54.9,54.4,57.0,58.9,56.5,56.0,59.2,56.9,58.8,51.7,53.3,53.6,53.4,59.5,52.1,55.5,54.5,57.6,58.8,52.3,52.8,54.4,55.0,51.2,53.7,57.7,46.8,55.8,51.1,54.1,52.2,49.4,50.2,50.6,53.5,49.3,52.2,51.4,45.5,52.5,51.8,50.2,50.5,48.7,57.7,60.3,59.3,54.0,53.0,53.2,55.1,54.4,48.8,60.5,58.4,57.2,52.1,54.2,48.8,49.1,56.4,51.6,54.6,52.6
6657,59.3,57.0,58.1,59.7,60.6,62.1,62.6,60.2,62.1,60.8,63.5,61.5,63.4,60.4,62.4,62.6,60.8,56.6,63.6,64.9,60.9,61.7,63.3,58.8,59.2,61.3,62.0,60.7,59.7,62.9,60.8,62.1,55.5,57.2,56.6,56.7,63.8,56.2,60.1,59.1,61.1,62.7,57.0,57.0,59.1,60.4,55.9,58.3,64.5,53.6,62.1,55.6,60.1,56.7,52.5,54.9,54.4,56.9,53.3,55.7,54.2,50.3,56.8,58.4,53.9,55.7,53.9,60.9,64.0,63.0,60.0,59.1,58.1,59.7,59.5,54.6,65.0,62.4,60.8,56.5,58.4,53.3,53.8,59.1,55.4,58.9,56.6
6658,63.8,60.6,61.8,64.5,64.2,65.7,66.2,64.3,65.3,63.9,67.1,65.5,66.7,63.3,65.7,65.8,64.6,59.8,67.5,68.4,64.6,65.2,66.9,62.1,63.1,65.2,65.0,64.4,63.3,66.2,64.6,65.1,59.3,61.1,60.1,60.3,67.3,59.6,64.3,63.2,64.6,65.8,61.2,60.2,63.3,64.1,61.0,62.1,69.0,59.5,66.6,60.0,65.6,60.4,56.1,59.1,57.9,60.3,57.2,59.0,57.2,55.2,60.5,63.3,57.9,59.9,58.4,64.0,67.0,66.4,65.3,63.8,62.5,63.1,63.4,59.3,68.5,65.7,63.8,60.9,62.3,57.9,56.7,61.3,59.1,62.7,60.3
6659,67.7,63.4,64.5,68.0,67.5,68.6,69.2,67.4,67.9,66.4,69.7,68.4,69.3,65.7,68.6,68.2,67.6,62.6,70.1,70.8,67.5,67.6,69.4,65.1,66.3,68.2,67.4,67.4,66.3,68.5,67.6,67.4,62.5,64.1,62.9,63.2,70.2,62.5,67.8,66.1,67.8,68.2,64.7,63.0,67.0,67.0,64.9,65.3,72.2,63.2,69.9,64.2,70.0,63.4,59.3,62.1,60.7,63.0,60.3,61.9,60.1,59.3,63.5,66.7,62.0,63.1,62.2,66.4,69.3,68.9,69.1,67.5,66.0,65.8,66.4,63.0,71.0,68.1,66.4,64.1,65.6,62.0,59.3,63.1,62.1,65.5,63.2
6660,70.6,65.4,66.4,71.1,69.8,70.9,71.6,69.7,69.7,68.3,71.5,70.4,71.1,67.6,70.9,70.0,69.8,65.2,71.6,72.5,69.7,69.5,71.6,67.4,69.1,70.7,69.3,69.8,68.4,70.3,69.9,69.2,64.8,66.4,65.2,65.6,72.6,64.7,70.6,68.4,70.2,70.2,67.8,65.2,69.8,69.4,68.1,67.6,74.7,66.3,72.3,67.6,73.3,65.7,61.3,64.4,62.6,65.0,62.8,64.0,62.8,62.6,65.8,69.4,65.8,65.5,65.5,68.2,70.9,70.6,71.6,70.2,68.8,68.2,68.8,65.7,72.5,69.9,68.5,66.9,68.1,65.2,61.5,64.4,64.3,67.5,65.5
6661,72.6,67.0,67.8,73.2,71.5,72.6,73.3,71.2,71.1,69.7,72.7,71.6,72.3,69.1,72.5,71.4,71.3,67.0,72.9,73.6,71.2,70.8,72.8,69.3,71.1,72.4,70.9,71.2,69.8,71.8,71.5,70.1,66.6,68.1,67.1,67.3,74.6,66.3,72.6,70.0,72.3,71.3,70.0,67.3,72.1,71.1,70.2,68.9,76.6,68.3,73.5,69.8,75.6,67.1,62.7,66.0,63.8,66.3,64.8,65.5,64.8,65.2,67.7,71.1,68.7,67.0,67.9,69.7,72.3,71.9,73.4,72.5,70.7,70.1,70.7,67.2,73.4,70.9,70.0,69.1,69.8,67.5,63.3,64.9,66.0,69.1,67.3
6662,73.5,67.8,68.5,74.7,72.5,73.6,74.4,72.2,71.7,70.5,73.4,72.7,73.0,70.1,73.4,72.1,72.2,68.1,73.4,74.3,72.1,71.6,73.7,70.3,72.3,73.4,71.7,72.0,71.0,72.4,72.5,70.6,67.7,69.2,68.2,68.2,75.8,67.1,74.0,70.9,73.7,71.9,71.6,68.7,73.5,71.8,71.3,69.6,77.6,69.7,74.2,70.9,76.7,68.4,63.6,67.0,64.7,67.3,66.2,66.3,66.3,67.2,69.0,72.1,71.0,67.7,69.8,70.5,72.9,72.6,74.3,74.1,72.0,71.2,72.1,68.1,74.0,71.6,70.9,70.4,70.9,69.0,64.5,65.1,67.2,70.0,68.3
6663,74.1,67.6,68.6,75.5,72.8,74.0,74.6,72.6,71.7,70.8,73.6,73.0,73.1,70.2,73.6,72.1,72.6,68.4,73.5,74.1,72.4,71.7,74.0,70.8,72.8,73.8,72.0,72.3,71.4,72.4,72.8,70.7,68.1,69.5,68.8,68.7,75.8,66.9,74.7,71.1,74.5,71.8,72.3,69.3,73.8,71.7,72.0,69.6,77.8,70.1,74.5,71.2,77.1,68.3,63.8,67.3,65.0,67.4,67.1,66.6,66.9,68.4,69.3,72.3,72.4,67.9,70.7,70.9,73.0,72.9,74.6,75.1,72.4,71.8,72.5,68.7,73.9,71.7,71.0,71.2,71.6,69.6,65.0,64.8,68.0,70.4,68.7
6664,73.2,66.2,67.7,75.5,72.5,73.5,74.2,72.1,71.0,70.2,73.0,72.5,72.5,69.8,73.1,71.4,72.1,67.7,72.7,73.0,71.9,71.0,73.5,70.5,72.5,73.4,71.8,71.7,70.9,71.6,72.5,70.1,67.9,69.2,68.5,68.3,75.1,65.5,74.6,70.6,74.4,70.5,72.4,69.0,72.9,70.4,71.6,68.9,76.6,69.7,73.9,70.5,76.6,67.2,63.7,66.5,64.8,67.1,67.3,66.0,66.2,68.8,68.7,72.0,72.6,67.1,70.3,70.5,72.0,72.2,74.1,75.0,71.4,71.8,71.9,68.0,73.0,70.8,70.4,71.2,71.4,69.7,64.9,64.0,67.8,70.0,68.4
6665,70.0,63.1,64.3,74.4,71.1,72.1,72.7,70.6,69.0,68.7,70.9,71.2,70.2,68.6,71.5,69.6,70.6,65.1,70.4,70.2,70.4,69.2,71.9,69.2,71.3,71.9,70.6,70.1,69.3,70.1,71.0,68.1,66.5,67.7,67.4,66.9,72.8,62.4,73.5,68.4,73.3,67.4,71.4,67.6,70.0,67.3,70.0,66.6,73.4,68.3,72.5,68.4,75.0,63.9,62.6,64.5,63.8,65.9,66.6,63.6,64.0,68.1,66.5,69.6,71.2,64.7,68.3,69.2,70.1,70.3,72.5,74.0,69.3,70.5,69.4,66.2,70.5,68.7,69.0,70.1,70.2,68.6,63.5,62.2,66.7,68.6,66.9
6666,63.6,58.3,57.9,71.4,68.0,69.1,69.3,66.2,65.2,64.9,66.3,67.5,64.8,65.7,67.8,65.6,65.8,59.6,65.8,65.2,66.3,65.1,67.6,65.2,67.9,68.0,68.1,66.1,64.7,66.2,67.1,63.3,62.9,64.2,64.3,63.2,66.6,57.5,70.5,63.3,70.6,60.9,67.9,63.6,64.6,61.8,65.8,61.1,67.2,64.5,69.2,64.9,71.3,57.9,59.8,60.6,60.5,62.5,64.4,58.5,61.3,65.1,61.8,63.2,67.5,59.1,62.7,66.3,65.7,65.6,68.0,70.9,64.2,66.5,62.6,62.0,64.8,63.8,65.3,66.7,66.3,65.2,58.4,59.8,63.7,65.1,62.7
6667,60.1,55.3,54.6,66.4,64.6,66.2,66.0,61.9,62.9,62.7,63.2,63.8,61.8,63.0,64.4,63.0,60.8,56.3,62.7,62.5,62.4,62.2,63.9,61.5,62.7,62.9,66.0,62.7,60.9,63.0,63.3,60.6,58.6,60.8,61.2,59.0,63.4,54.5,65.7,59.6,67.5,58.2,62.9,59.2,61.8,58.7,62.3,57.9,63.9,58.4,64.7,62.4,65.3,54.9,57.3,57.7,57.4,59.7,60.7,56.6,58.4,59.6,57.7,58.4,63.8,55.6,58.7,64.2,62.4,62.3,62.9,64.6,60.4,62.0,58.9,57.1,61.8,61.0,62.4,61.0,62.1,60.5,51.9,58.1,60.0,61.6,58.3
6668,57.8,53.4,52.8,63.2,62.4,64.2,64.0,59.8,61.2,61.4,61.3,61.6,60.1,61.3,62.5,61.5,58.8,54.5,60.8,60.7,60.4,60.5,61.7,59.7,60.4,60.8,64.3,60.7,58.8,61.3,61.2,59.5,56.4,58.5,59.5,57.2,61.1,52.8,63.2,56.8,65.2,56.7,60.4,56.7,59.7,56.3,59.3,55.6,60.8,54.9,61.7,59.9,61.3,53.2,55.4,55.1,55.2,57.7,57.8,54.9,56.7,56.0,55.2,55.4,60.9,53.1,56.4,62.7,60.8,60.7,60.1,61.5,57.8,59.3,56.3,54.4,59.8,59.2,60.7,58.4,60.1,57.7,50.5,57.1,57.7,59.6,55.8
6669,55.6,52.0,51.4,61.1,60.5,62.8,62.4,58.4,60.1,60.2,59.9,60.1,58.8,60.0,61.3,60.3,57.4,53.0,59.5,59.5,58.9,59.1,60.3,58.5,58.7,59.5,63.1,59.2,57.3,60.2,59.7,58.4,54.9,56.7,57.9,55.9,59.7,51.6,61.5,54.8,63.8,55.7,58.5,55.2,57.6,54.4,56.8,53.5,58.1,53.2,59.2,57.7,59.0,52.0,54.3,53.0,53.8,56.2,55.7,54.1,55.3,54.1,53.6,52.7,58.5,51.1,53.9,61.6,59.6,59.3,57.9,59.5,55.2,57.5,53.9,52.6,58.6,58.0,59.3,56.6,58.6,55.4,50.1,56.2,56.0,57.9,54.1
6670,53.8,50.8,50.3,59.6,59.0,61.7,61.1,57.3,59.1,59.2,58.8,59.1,57.7,58.9,60.2,59.2,56.4,51.7,58.4,58.5,57.8,58.2,59.4,57.6,57.5,58.4,61.9,57.9,56.3,59.3,58.5,57.6,53.8,55.4,56.6,54.7,58.3,50.2,60.1,53.2,62.1,54.6,56.8,54.3,56.0,53.3,54.7,51.7,55.3,51.3,57.2,55.4,57.2,50.8,53.4,51.2,52.9,55.1,54.3,52.9,53.9,52.1,52.0,50.6,56.4,49.6,51.8,60.5,58.7,58.2,56.2,57.9,53.4,55.7,51.9,51.1,57.7,57.1,58.2,55.4,57.4,53.8,49.8,55.4,54.8,56.6,52.9
6671,51.9,50.0,49.2,58.0,58.1,60.4,59.9,56.1,58.2,58.2,57.8,58.1,56.8,58.0,59.1,58.2,55.2,50.6,57.5,57.5,56.8,57.3,58.6,56.6,56.3,57.4,60.9,57.0,55.5,58.3,57.4,57.2,52.7,54.5,55.5,53.4,57.2,49.2,59.2,51.6,60.8,53.7,55.4,53.1,54.0,52.2,52.8,50.1,53.1,49.9,55.4,53.6,55.5,49.7,52.5,49.7,52.1,54.1,53.4,51.8,52.8,50.6,50.8,48.3,54.4,48.6,49.8,59.4,57.9,57.1,54.7,56.4,51.8,54.6,50.0,49.6,56.6,56.2,57.2,54.3,56.4,52.5,49.4,54.5,53.8,55.5,52.1
6672,50.4,49.1,48.2,56.8,57.1,59.4,58.8,55.3,57.3,57.3,56.9,57.2,56.0,57.1,58.1,57.5,54.5,49.2,56.5,56.5,55.9,56.4,57.7,55.7,55.5,56.4,59.9,56.1,54.5,57.4,56.7,56.5,52.0,53.3,54.5,52.6,56.2,48.3,58.1,50.6,59.2,52.7,54.2,52.0,52.5,51.0,51.1,48.6,50.9,48.0,53.8,51.8,54.0,48.6,51.8,48.5,51.3,53.2,52.5,50.9,51.7,49.5,49.6,46.7,52.8,47.1,48.3,58.4,57.1,56.0,53.1,55.1,50.3,53.4,48.7,47.9,55.8,55.3,56.4,53.4,55.5,51.3,48.9,54.0,52.8,54.5,51.3
6673,48.9,48.4,47.1,55.6,56.2,58.5,58.0,54.5,56.5,56.4,56.1,56.5,55.3,56.3,57.4,56.8,53.6,48.1,55.6,56.0,55.2,55.7,57.0,54.8,54.6,55.7,59.1,55.2,53.7,56.8,55.8,55.7,51.1,52.5,53.6,51.9,55.7,47.5,57.3,49.7,58.0,52.0,53.2,51.1,51.1,50.1,49.4,47.5,49.1,46.5,52.6,50.2,52.2,47.6,50.9,47.2,50.4,52.4,51.5,49.7,50.7,48.2,48.5,45.4,51.3,45.8,46.7,57.6,56.4,55.3,51.6,53.9,48.8,52.1,47.5,46.6,55.2,54.8,55.7,52.6,54.5,50.3,48.2,53.4,51.9,53.6,50.6
6674,47.7,47.4,46.4,54.5,55.5,57.7,57.2,53.6,55.7,55.6,55.4,55.7,54.8,55.6,56.7,56.0,53.0,47.1,55.0,55.3,54.4,54.9,56.2,54.1,53.9,55.0,58.1,54.5,52.9,56.2,55.0,55.1,50.4,51.7,52.9,51.3,54.9,46.6,56.1,48.7,56.8,51.4,52.4,50.5,49.8,49.0,48.2,46.3,47.5,45.1,51.8,49.0,50.6,46.9,50.1,46.3,49.6,51.7,50.6,48.7,49.9,47.2,47.9,43.8,50.1,45.0,45.4,56.8,55.7,54.8,50.1,52.8,47.8,51.2,46.2,45.4,54.7,54.1,55.0,51.7,53.8,49.3,47.7,52.8,50.9,52.7,50.0
6675,46.5,46.6,45.8,53.3,54.9,57.0,56.3,53.2,55.1,54.8,54.8,55.1,54.3,54.8,55.8,55.6,52.5,46.2,54.5,54.8,53.7,54.3,55.4,53.4,53.0,54.5,57.4,53.8,52.1,55.6,54.2,54.5,49.9,51.0,52.2,50.6,54.2,46.0,55.3,47.6,55.6,51.1,51.7,49.3,48.7,48.1,47.1,45.4,46.0,44.0,50.7,47.8,49.4,45.8,49.3,45.4,48.9,50.7,49.8,47.8,49.1,46.2,47.0,42.6,49.0,44.1,44.4,55.9,55.2,54.2,48.4,51.7,46.6,50.3,45.1,44.6,54.2,53.5,54.4,50.8,52.9,48.3,47.0,52.3,50.2,52.1,49.4
6676,45.6,45.9,45.0,52.7,54.3,56.3,55.8,52.6,54.5,54.2,54.3,54.5,53.7,54.3,55.3,55.1,51.8,45.6,54.0,54.3,53.3,53.7,55.0,52.7,52.4,53.8,56.7,53.3,51.7,55.1,53.8,54.1,49.1,50.7,51.7,49.8,53.6,45.3,54.4,46.7,54.7,50.6,50.7,48.4,47.9,47.3,46.0,44.5,44.8,43.2,49.8,46.7,48.2,45.2,48.6,44.6,48.2,50.3,48.9,47.1,48.2,45.1,46.2,41.4,48.0,43.1,43.1,55.2,54.6,53.8,47.3,51.0,45.6,49.0,44.2,43.5,53.8,53.0,53.9,50.2,52.2,47.4,46.0,51.8,49.6,51.4,48.7
6677,45.1,45.5,44.5,51.9,53.8,55.8,55.4,51.9,53.9,53.7,53.9,54.0,53.4,53.7,54.8,54.5,51.4,45.0,53.6,53.8,52.7,53.2,54.6,52.1,51.7,53.4,56.0,53.0,51.2,54.8,53.2,53.8,48.5,50.1,51.2,49.6,52.8,45.0,53.5,45.9,53.8,50.2,49.9,47.5,47.1,46.5,45.1,43.6,43.9,41.8,49.1,45.6,47.1,44.6,47.9,43.7,47.6,49.9,48.2,46.5,47.5,44.4,45.5,40.4,47.3,42.4,42.2,54.7,53.9,53.3,46.3,50.2,44.6,48.5,43.3,42.6,53.4,52.6,53.3,49.4,51.5,46.6,45.5,51.6,49.2,50.9,48.2
6678,44.4,45.3,44.2,51.3,53.3,55.5,55.1,51.5,53.3,53.3,53.6,53.5,53.1,53.3,54.3,54.1,51.1,44.7,53.2,53.4,52.3,52.9,54.3,51.5,51.1,52.9,55.6,52.5,50.6,54.5,52.7,53.4,48.0,49.6,50.8,49.2,52.0,44.7,52.8,45.3,53.3,49.7,49.1,46.9,46.5,45.9,44.4,42.7,42.9,41.1,48.4,45.0,46.3,44.1,47.3,43.1,47.0,49.4,47.5,45.9,46.8,43.6,45.3,39.3,46.7,41.9,41.2,54.3,53.6,53.1,45.1,49.5,44.5,48.0,42.5,41.8,53.0,52.3,52.9,48.7,50.9,45.9,44.8,51.3,48.6,50.6,47.8
6679,48.2,47.4,47.5,50.9,53.1,55.4,55.0,51.6,54.0,53.7,55.3,54.0,54.9,53.4,54.5,54.7,51.8,46.9,54.6,56.0,52.7,53.5,54.7,51.4,50.7,52.9,55.9,52.7,51.5,55.2,53.0,54.7,47.9,49.6,50.7,49.4,54.6,46.5,52.2,48.0,53.9,53.3,48.8,47.7,49.3,48.7,45.9,46.9,48.3,40.6,48.5,46.2,47.2,46.9,46.7,44.7,46.7,49.4,47.0,47.1,48.1,43.0,47.0,43.0,46.6,43.5,41.7,54.4,55.4,54.8,46.4,49.2,47.4,48.7,46.7,41.5,55.3,54.0,53.2,48.5,50.7,45.4,44.4,52.8,48.5,50.8,48.1
6680,53.7,52.2,53.0,54.0,56.1,58.1,58.3,55.6,57.8,57.1,59.4,57.2,58.9,56.4,57.9,58.3,56.2,52.2,59.0,60.1,56.6,57.0,58.5,54.3,53.8,56.5,58.4,56.2,55.6,58.7,56.4,58.3,51.1,52.8,53.1,52.9,59.0,51.6,55.1,54.0,57.1,58.4,51.7,52.1,53.8,54.5,50.6,53.0,57.0,46.0,55.2,50.4,53.6,51.6,48.7,49.6,49.8,52.7,48.6,51.5,50.8,45.0,52.0,51.0,49.7,49.9,48.0,57.2,59.8,58.9,53.5,52.7,52.6,54.2,53.7,48.0,60.1,57.9,56.7,51.5,53.6,48.2,48.6,55.5,51.0,54.2,52.0
6681,58.7,56.4,57.6,59.3,60.0,61.6,62.1,59.7,61.6,60.3,63.0,61.0,62.9,59.8,61.9,62.1,60.3,56.1,63.0,64.4,60.5,61.2,62.8,58.1,58.5,60.8,61.5,60.3,59.2,62.3,60.3,61.6,54.9,56.6,56.1,56.2,63.3,55.7,59.6,58.7,60.7,62.4,56.4,56.2,58.5,59.9,55.3,57.6,63.8,52.9,61.6,54.9,59.5,56.1,51.8,54.3,53.6,56.1,52.5,55.1,53.6,49.7,56.3,57.6,53.3,55.0,53.3,60.4,63.5,62.5,59.5,58.6,57.6,59.0,58.7,53.8,64.4,61.9,60.2,55.9,57.8,52.6,53.1,58.2,54.7,58.5,56.0
6682,63.3,60.0,61.2,64.0,63.7,65.1,65.6,63.7,64.7,63.4,66.5,65.0,66.2,62.7,65.2,65.3,64.0,59.2,66.9,67.9,64.0,64.7,66.3,61.5,62.5,64.7,64.5,63.9,62.9,65.6,64.1,64.5,58.6,60.5,59.5,59.7,66.9,59.0,63.7,62.8,64.2,65.5,60.6,59.6,62.7,63.7,60.4,61.5,68.2,58.7,66.0,59.3,65.0,59.8,55.4,58.3,57.1,59.5,56.4,58.2,56.6,54.6,59.9,62.5,57.3,59.2,57.8,63.5,66.4,65.9,64.8,63.4,62.0,62.4,62.7,58.6,67.9,65.1,63.3,60.3,61.7,57.2,56.1,60.5,58.4,62.3,59.7
6683,67.2,62.8,64.0,67.5,66.8,68.0,68.6,66.8,67.3,65.8,69.2,67.9,68.7,65.1,68.0,67.7,67.1,62.0,69.4,70.2,66.9,67.1,68.9,64.5,65.8,67.6,66.9,66.9,65.8,67.9,67.1,66.9,61.8,63.5,62.3,62.5,69.9,61.9,67.2,65.7,67.4,67.9,64.1,62.3,66.4,66.5,64.4,64.6,71.5,62.4,69.3,63.5,69.4,62.8,58.5,61.4,59.9,62.2,59.6,61.1,59.5,58.6,62.8,65.9,61.4,62.3,61.7,65.9,68.7,68.3,68.6,67.0,65.6,65.1,65.7,62.2,70.4,67.5,65.9,63.6,65.0,61.4,58.6,62.2,61.4,65.0,62.6
6684,70.2,64.8,65.9,70.6,69.2,70.2,70.9,69.0,69.2,67.8,71.0,69.9,70.5,67.1,70.2,69.5,69.3,64.6,71.0,71.9,69.1,69.0,71.1,66.8,68.5,70.1,68.9,69.1,68.0,69.7,69.4,68.7,64.2,65.8,64.5,65.0,72.3,64.1,70.0,68.1,69.8,70.0,67.2,64.5,69.4,69.0,67.5,66.9,74.0,65.5,71.6,66.9,72.7,65.0,60.5,63.6,61.8,64.2,62.1,63.2,62.1,61.9,65.1,68.6,65.1,64.7,64.9,67.7,70.2,70.0,71.1,69.8,68.4,67.4,68.1,65.0,72.0,69.2,68.0,66.3,67.5,64.5,60.9,63.5,63.7,67.0,64.9
6685,72.1,66.4,67.3,72.8,70.9,72.0,72.7,70.6,70.5,69.2,72.1,71.1,71.6,68.6,71.8,70.9,70.8,66.3,72.3,73.0,70.6,70.2,72.3,68.7,70.5,71.8,70.4,70.6,69.3,71.3,70.9,69.7,66.0,67.4,66.4,66.7,74.3,65.7,72.2,69.7,71.9,71.1,69.4,66.7,71.5,70.7,69.6,68.2,75.9,67.5,72.9,69.2,75.0,66.5,61.9,65.2,62.9,65.5,64.1,64.8,64.1,64.4,67.0,70.3,68.1,66.2,67.4,69.2,71.6,71.3,73.0,72.1,70.3,69.3,70.1,66.6,72.8,70.3,69.5,68.4,69.2,66.9,62.5,64.1,65.4,68.5,66.7
6686,73.0,67.2,68.0,74.3,71.9,73.0,73.8,71.6,71.2,70.0,72.9,72.2,72.5,69.5,72.9,71.5,71.7,67.3,72.9,73.8,71.5,71.1,73.3,69.7,71.8,72.9,71.2,71.4,70.4,71.9,71.9,70.2,67.1,68.5,67.6,67.5,75.7,66.5,73.6,70.6,73.3,71.7,71.0,68.0,73.0,71.6,70.8,69.0,76.9,68.9,73.6,70.4,76.1,67.7,62.8,66.3,63.8,66.4,65.5,65.6,65.5,66.4,68.2,71.4,70.4,67.0,69.3,70.0,72.2,72.1,73.8,73.8,71.6,70.4,71.4,67.5,73.5,71.0,70.4,69.8,70.4,68.3,63.8,64.3,66.6,69.4,67.7
6687,73.5,67.0,68.1,75.1,72.3,73.4,74.1,72.0,71.2,70.4,73.1,72.5,72.6,69.7,73.0,71.6,72.0,67.6,73.0,73.5,71.8,71.2,73.5,70.2,72.3,73.3,71.6,71.8,70.9,71.9,72.2,70.3,67.4,68.9,68.2,68.1,75.6,66.3,74.4,70.7,74.1,71.6,71.8,68.7,73.3,71.5,71.4,69.1,77.1,69.3,73.9,70.7,76.5,67.7,62.9,66.5,64.1,66.6,66.4,65.8,66.0,67.5,68.5,71.7,71.7,67.1,70.1,70.4,72.4,72.3,74.1,74.8,71.9,71.1,71.9,68.1,73.4,71.1,70.5,70.6,71.1,68.9,64.2,64.1,67.3,69.8,68.1
6688,72.7,65.6,67.1,75.1,71.9,72.9,73.6,71.5,70.5,69.7,72.5,72.1,71.9,69.3,72.5,70.9,71.5,67.0,72.2,72.5,71.3,70.5,73.1,69.9,72.0,72.9,71.4,71.2,70.3,71.2,71.9,69.6,67.3,68.6,67.9,67.7,74.9,64.9,74.3,70.2,74.1,70.3,71.9,68.3,72.4,70.2,71.0,68.3,75.9,68.9,73.2,70.0,76.0,66.5,62.8,65.7,63.9,66.2,66.6,65.2,65.4,68.0,67.9,71.4,71.9,66.3,69.7,70.0,71.5,71.7,73.6,74.7,71.0,71.1,71.2,67.4,72.5,70.3,69.9,70.7,71.0,69.1,64.0,63.3,67.2,69.4,67.8
6689,69.4,62.4,63.6,74.0,70.6,71.5,72.1,70.0,68.5,68.1,70.4,70.7,69.6,68.0,71.0,69.1,70.0,64.3,69.9,69.7,69.8,68.7,71.4,68.5,70.8,71.3,70.0,69.5,68.7,69.6,70.4,67.6,65.8,67.1,66.8,66.3,72.6,61.8,73.2,68.0,72.9,67.1,70.9,66.9,69.5,66.9,69.4,65.9,72.7,67.5,71.9,67.9,74.4,63.2,61.7,63.7,62.9,65.0,65.8,62.7,63.2,67.3,65.6,68.8,70.5,63.9,67.7,68.7,69.6,69.8,71.9,73.8,68.8,69.8,68.6,65.6,70.0,68.2,68.4,69.5,69.7,67.9,62.6,61.4,66.0,68.0,66.3
6690,63.0,57.6,57.3,70.9,67.4,68.6,68.7,65.7,64.8,64.3,65.9,67.0,64.3,65.1,67.2,65.2,65.2,58.9,65.3,64.7,65.7,64.6,67.2,64.6,67.3,67.4,67.6,65.6,64.0,65.7,66.5,62.8,62.1,63.6,63.6,62.6,66.4,56.8,70.2,62.8,70.2,60.5,67.3,62.8,64.0,61.4,65.2,60.5,66.5,63.7,68.5,64.3,70.6,57.2,58.9,59.8,59.5,61.5,63.6,57.7,60.4,64.2,61.1,62.5,66.8,58.4,62.0,65.8,65.2,65.2,67.2,70.6,63.6,65.7,61.8,61.3,64.4,63.3,64.7,66.0,65.8,64.5,57.4,59.0,62.9,64.4,62.1
6691,59.5,54.6,54.1,65.9,64.1,65.6,65.5,61.3,62.5,62.2,62.8,63.5,61.4,62.5,64.0,62.7,60.4,55.8,62.3,62.1,61.9,61.8,63.5,61.0,62.2,62.4,65.5,62.3,60.4,62.6,62.7,60.2,58.0,60.3,60.6,58.5,63.2,54.0,65.4,59.1,67.2,57.9,62.3,58.4,61.2,58.4,61.7,57.4,63.1,57.6,64.1,61.8,64.6,54.3,56.5,57.1,56.5,58.8,60.0,55.9,57.7,58.8,57.1,57.8,63.2,55.1,58.1,63.8,62.0,62.0,62.3,64.2,59.9,61.2,58.1,56.4,61.4,60.6,62.0,60.4,61.6,59.8,51.2,57.4,59.3,61.0,57.8
6692,57.2,52.7,52.3,62.8,61.9,63.7,63.5,59.3,60.8,60.9,61.0,61.2,59.8,60.8,62.1,61.2,58.3,54.0,60.5,60.4,59.9,60.1,61.4,59.2,59.9,60.3,63.8,60.3,58.4,60.9,60.7,59.2,55.8,58.0,59.0,56.8,60.9,52.3,62.9,56.4,64.8,56.5,59.8,55.9,59.1,55.8,58.7,55.2,60.0,54.2,61.1,59.4,60.6,52.7,54.7,54.5,54.3,56.9,57.1,54.3,55.9,55.4,54.7,54.7,60.3,52.8,55.9,62.2,60.5,60.4,59.4,61.1,57.3,58.5,55.6,53.9,59.5,58.9,60.3,58.0,59.7,57.1,49.8,56.3,57.1,59.1,55.3
6693,54.9,51.4,50.9,60.7,60.0,62.4,61.9,58.0,59.8,59.8,59.6,59.8,58.4,59.6,60.9,60.0,57.0,52.6,59.1,59.1,58.5,58.8,60.1,58.0,58.2,59.0,62.7,58.8,57.0,59.8,59.1,58.1,54.4,56.2,57.4,55.4,59.5,51.0,61.2,54.4,63.3,55.5,58.0,54.5,57.0,53.9,56.1,53.0,57.4,52.5,58.6,57.2,58.3,51.5,53.6,52.6,53.0,55.4,55.1,53.6,54.7,53.6,53.1,52.1,58.0,50.8,53.5,61.1,59.3,59.0,57.2,59.2,54.7,56.6,53.2,52.0,58.4,57.8,58.9,56.2,58.2,54.9,49.5,55.4,55.4,57.4,53.6
6694,53.3,50.2,49.8,59.2,58.5,61.3,60.7,56.9,58.8,58.8,58.5,58.9,57.3,58.5,59.8,58.9,56.0,51.4,58.1,58.1,57.4,58.0,59.2,57.1,57.0,58.0,61.5,57.6,55.9,58.9,58.1,57.3,53.3,54.9,56.2,54.2,58.1,49.6,59.9,52.8,61.6,54.4,56.4,53.6,55.5,52.9,54.0,51.3,54.6,50.7,56.5,54.9,56.6,50.4,52.7,50.8,52.1,54.3,53.8,52.5,53.2,51.7,51.7,50.1,55.8,49.4,51.4,60.0,58.4,57.9,55.6,57.6,52.9,55.0,51.2,50.4,57.4,56.8,57.9,55.0,56.9,53.3,49.2,54.6,54.2,56.1,52.6
6695,51.4,49.5,48.7,57.7,57.7,60.0,59.5,55.8,57.9,57.8,57.5,57.8,56.5,57.7,58.8,57.9,54.8,50.2,57.1,57.3,56.4,57.0,58.4,56.2,55.9,57.0,60.5,56.7,55.1,58.0,57.0,56.8,52.3,54.1,55.0,53.0,57.1,48.6,59.0,51.1,60.4,53.4,54.9,52.4,53.5,51.7,52.2,49.7,52.5,49.2,54.9,53.1,55.0,49.2,51.8,49.3,51.3,53.4,52.9,51.3,52.2,50.1,50.5,47.8,53.8,48.3,49.3,59.0,57.6,56.9,54.2,56.1,51.3,53.8,49.4,48.8,56.3,55.9,56.9,53.9,56.0,52.1,48.7,53.7,53.2,55.0,51.7
6696,49.9,48.6,47.6,56.5,56.7,59.0,58.4,54.9,57.0,56.8,56.6,56.9,55.7,56.8,57.8,57.2,54.2,48.9,56.1,56.3,55.6,56.2,57.6,55.4,55.1,56.0,59.5,55.8,54.1,57.1,56.3,56.2,51.4,52.9,54.1,52.2,56.2,47.8,58.0,50.1,58.8,52.4,53.8,51.4,51.9,50.6,50.5,48.3,50.3,47.4,53.3,51.3,53.4,48.1,51.1,48.2,50.5,52.4,51.9,50.5,51.1,49.0,49.4,46.0,52.4,46.8,47.8,58.0,56.8,55.8,52.5,54.9,49.7,52.6,48.1,47.3,55.5,55.1,56.1,53.0,55.2,50.9,48.3,53.2,52.2,54.0,50.9
6697,48.4,47.9,46.5,55.2,55.8,58.1,57.6,54.2,56.2,56.0,55.8,56.1,55.0,56.0,57.1,56.6,53.3,47.9,55.2,55.7,54.9,55.5,56.8,54.4,54.3,55.5,58.6,55.0,53.3,56.6,55.5,55.5,50.6,52.2,53.2,51.6,55.5,47.0,57.2,49.2,57.6,51.7,52.8,50.5,50.5,49.6,48.9,47.1,48.5,46.1,52.1,49.7,51.6,47.1,50.3,46.8,49.7,51.6,50.9,49.3,50.1,47.8,48.3,44.9,50.8,45.6,46.3,57.3,56.0,55.1,51.0,53.7,48.3,51.4,47.0,46.0,54.9,54.5,55.4,52.2,54.2,49.9,47.5,52.6,51.3,53.2,50.3
6698,47.1,46.8,45.9,54.2,55.2,57.4,56.9,53.4,55.4,55.2,55.1,55.4,54.4,55.4,56.3,55.8,52.7,46.9,54.6,55.1,54.2,54.8,56.0,53.7,53.6,54.8,57.8,54.2,52.7,55.9,54.7,54.9,49.8,51.3,52.5,51.0,54.7,46.1,56.1,48.1,56.3,51.1,52.0,49.8,49.2,48.5,47.7,46.0,46.8,44.6,51.2,48.5,50.0,46.3,49.5,46.0,49.0,50.9,50.1,48.3,49.4,46.9,47.6,43.1,49.6,44.8,45.1,56.5,55.4,54.6,49.5,52.6,47.3,50.4,45.7,44.9,54.4,53.9,54.7,51.2,53.5,48.9,47.0,52.0,50.5,52.3,49.7
6699,45.9,46.1,45.2,53.0,54.6,56.7,56.0,52.9,54.8,54.5,54.5,54.8,53.9,54.6,55.5,55.4,52.2,46.0,54.1,54.5,53.5,54.2,55.2,53.0,52.7,54.3,57.1,53.6,51.8,55.3,54.0,54.3,49.2,50.7,51.8,50.2,54.1,45.5,55.2,47.1,55.1,50.8,51.3,48.6,48.0,47.6,46.5,45.1,45.6,43.6,50.1,47.3,48.9,45.3,48.7,45.1,48.2,49.9,49.3,47.4,48.7,45.7,46.8,42.0,48.5,43.9,44.0,55.6,54.9,54.0,47.9,51.5,46.0,49.6,44.5,44.0,53.8,53.3,54.1,50.3,52.6,47.8,46.4,51.5,49.8,51.8,48.9
6700,44.9,45.6,44.5,52.5,54.0,56.1,55.6,52.4,54.3,53.9,54.0,54.3,53.3,54.0,55.0,54.9,51.5,45.4,53.6,54.0,53.0,53.6,54.8,52.3,52.1,53.6,56.5,53.1,51.5,54.9,53.5,53.9,48.5,50.2,51.2,49.6,53.5,44.8,54.3,46.3,54.2,50.2,50.3,47.7,47.4,46.8,45.4,44.2,44.4,42.7,49.3,46.2,47.6,44.7,48.0,44.3,47.5,49.5,48.4,46.7,47.8,44.7,46.1,40.8,47.6,42.9,42.8,54.9,54.3,53.6,46.7,50.8,45.0,48.4,43.6,42.9,53.4,52.8,53.7,49.7,51.9,46.9,45.4,51.0,49.1,51.1,48.2
6701,44.5,45.1,44.1,51.7,53.5,55.6,55.3,51.7,53.6,53.5,53.6,53.7,53.0,53.5,54.5,54.3,51.1,44.8,53.2,53.6,52.4,53.1,54.5,51.7,51.4,53.2,55.8,52.7,51.0,54.7,53.0,53.6,48.0,49.7,50.7,49.2,52.7,44.4,53.4,45.4,53.4,49.9,49.5,46.8,46.6,46.0,44.6,43.4,43.5,41.5,48.6,45.1,46.5,44.0,47.3,43.5,47.0,49.1,47.6,46.2,47.1,43.9,45.4,39.8,46.9,42.3,41.9,54.4,53.7,53.1,45.7,50.0,44.1,47.9,42.6,41.9,53.1,52.4,53.1,48.9,51.2,46.2,45.0,50.8,48.7,50.7,47.7
6702,43.7,44.9,43.7,51.0,53.0,55.3,54.9,51.3,53.1,53.1,53.4,53.3,52.8,53.1,54.1,53.8,50.9,44.4,52.8,53.1,52.1,52.8,54.1,51.1,50.8,52.7,55.4,52.3,50.5,54.3,52.5,53.2,47.5,49.1,50.3,48.8,51.8,44.1,52.6,44.8,52.8,49.4,48.7,46.2,45.9,45.3,43.8,42.4,42.4,40.6,47.8,44.4,45.7,43.5,46.7,42.8,46.4,48.7,47.0,45.5,46.4,43.3,45.1,38.7,46.2,41.7,40.9,54.0,53.3,52.9,44.6,49.3,43.9,47.4,41.8,41.2,52.6,52.0,52.7,48.2,50.5,45.5,44.2,50.5,48.2,50.3,47.3
6703,47.5,46.7,46.9,50.5,52.7,55.2,54.8,51.3,53.7,53.5,54.9,53.7,54.4,53.1,54.2,54.4,51.5,46.5,54.2,55.7,52.4,53.2,54.5,50.9,50.3,52.6,55.6,52.5,51.2,54.9,52.8,54.4,47.4,49.1,50.2,49.0,54.3,45.8,52.0,47.5,53.5,52.9,48.4,46.9,48.6,48.1,45.3,46.4,47.8,40.2,47.9,45.7,46.5,46.2,46.1,44.3,46.1,48.7,46.4,46.6,47.7,42.6,46.7,42.4,46.1,43.2,41.3,54.1,55.0,54.5,45.7,48.9,46.8,48.0,46.0,41.0,54.9,53.6,52.9,48.0,50.2,44.9,43.9,52.0,48.0,50.5,47.5
6704,53.0,51.5,52.5,53.5,55.6,57.7,57.9,55.1,57.4,56.6,59.0,56.9,58.5,55.9,57.5,57.9,55.8,51.8,58.6,59.7,56.2,56.7,58.2,53.8,53.4,56.1,58.1,55.8,55.2,58.4,56.0,58.0,50.5,52.3,52.5,52.3,58.7,50.8,54.8,53.5,56.7,58.1,51.2,51.4,53.2,53.9,50.0,52.6,56.6,45.4,54.6,49.9,52.9,50.9,48.0,49.1,49.2,52.0,48.0,50.9,50.3,44.6,51.6,50.4,49.2,49.4,47.6,56.7,59.4,58.6,52.8,52.2,52.0,53.5,53.1,47.3,59.7,57.5,56.3,50.9,53.1,47.6,47.9,54.7,50.4,53.8,51.4
6705,58.0,55.6,57.1,58.8,59.5,61.2,61.5,59.2,61.1,59.8,62.6,60.7,62.5,59.4,61.4,61.6,59.8,55.6,62.6,64.0,60.0,60.7,62.4,57.5,57.9,60.3,61.1,59.7,58.7,61.9,59.9,61.1,54.1,56.0,55.5,55.6,63.0,54.8,59.3,58.2,60.2,62.0,55.8,55.5,57.9,59.3,54.7,57.2,63.4,52.2,61.0,54.5,58.9,55.3,51.1,53.7,52.8,55.4,51.9,54.4,53.1,49.2,55.9,57.0,52.8,54.5,52.9,59.9,63.1,62.2,58.9,58.1,57.0,58.3,58.1,53.1,64.0,61.3,59.7,55.2,57.2,52.0,52.4,57.6,54.1,57.9,55.3
6706,62.7,59.2,60.7,63.5,63.1,64.7,65.1,63.2,64.3,62.8,66.1,64.5,65.8,62.2,64.6,64.7,63.5,58.7,66.5,67.5,63.5,64.1,65.8,60.8,61.9,64.1,63.9,63.4,62.3,65.2,63.6,64.1,57.7,59.8,58.8,59.0,66.6,58.1,63.4,62.2,63.6,65.2,60.1,58.8,62.2,63.1,59.9,61.0,67.8,57.8,65.4,58.8,64.5,59.0,54.7,57.7,56.4,58.7,55.8,57.6,56.1,54.1,59.4,61.9,56.8,58.6,57.3,62.9,66.0,65.6,64.2,62.9,61.4,61.7,62.2,57.9,67.5,64.5,62.7,59.5,61.0,56.5,55.6,59.9,57.6,61.6,58.9
6707,66.6,61.9,63.3,67.1,66.2,67.4,68.0,66.3,66.9,65.3,68.8,67.4,68.3,64.6,67.4,67.1,66.5,61.5,69.1,69.8,66.4,66.5,68.4,63.7,65.1,67.0,66.4,66.4,65.2,67.4,66.6,66.4,60.9,62.6,61.5,61.8,69.5,61.1,66.9,65.1,66.8,67.6,63.5,61.6,65.8,65.9,63.8,64.1,71.1,61.6,68.9,63.0,68.8,62.0,57.8,60.7,59.2,61.4,59.0,60.5,59.0,58.2,62.3,65.4,61.0,61.7,61.2,65.3,68.3,68.0,68.1,66.7,64.9,64.3,65.3,61.7,70.0,66.9,65.4,62.7,64.4,60.5,58.1,61.7,60.6,64.4,61.7
6708,69.4,63.9,65.2,70.1,68.6,69.7,70.3,68.4,68.7,67.3,70.6,69.3,70.1,66.7,69.7,68.9,68.8,64.1,70.6,71.5,68.6,68.4,70.5,66.0,67.9,69.4,68.4,68.6,67.3,69.3,68.9,68.2,63.3,64.9,63.7,64.2,72.0,63.2,69.7,67.5,69.3,69.6,66.6,63.8,68.6,68.3,67.0,66.5,73.7,64.7,71.2,66.5,72.2,64.2,59.8,63.0,61.1,63.4,61.6,62.5,61.5,61.5,64.6,68.1,64.7,64.1,64.4,67.2,69.9,69.7,70.6,69.6,67.7,66.6,67.6,64.3,71.5,68.8,67.5,65.5,66.8,63.6,60.3,63.0,62.8,66.4,64.0
6709,71.3,65.4,66.4,72.3,70.2,71.5,72.1,70.0,70.0,68.6,71.7,70.5,71.2,68.1,71.3,70.3,70.2,65.8,72.0,72.6,70.0,69.7,71.8,67.9,69.9,71.2,69.9,70.0,68.7,70.9,70.3,69.2,65.1,66.6,65.5,65.8,73.9,64.8,71.9,69.1,71.4,70.7,68.8,65.8,70.8,70.0,69.1,67.8,75.5,66.8,72.5,68.7,74.5,65.6,61.3,64.6,62.3,64.8,63.5,64.1,63.5,64.0,66.4,69.8,67.7,65.7,67.0,68.7,71.1,71.0,72.5,71.9,69.6,68.5,69.7,66.0,72.4,69.9,69.0,67.6,68.6,66.0,62.0,63.6,64.5,67.8,65.8
6710,72.2,66.1,67.1,73.9,71.3,72.4,73.2,71.0,70.7,69.4,72.5,71.6,72.0,69.0,72.3,71.0,71.1,66.9,72.5,73.4,70.9,70.5,72.8,68.9,71.2,72.3,70.6,70.9,69.8,71.4,71.3,69.7,66.2,67.7,66.7,66.7,75.4,65.5,73.2,70.0,72.9,71.2,70.4,67.2,72.2,70.9,70.4,68.6,76.6,68.2,73.1,70.0,75.6,66.7,62.2,65.7,63.2,65.8,64.9,64.9,64.9,65.9,67.7,70.9,70.0,66.4,68.9,69.5,71.8,71.7,73.3,73.5,70.9,69.6,71.0,67.0,73.1,70.7,69.9,69.0,69.7,67.4,63.1,63.8,65.7,68.7,66.7
6711,72.6,66.0,67.1,74.6,71.6,72.9,73.5,71.3,70.7,69.7,72.7,71.9,72.1,69.2,72.5,71.0,71.4,67.1,72.6,73.2,71.2,70.6,73.1,69.4,71.7,72.6,71.0,71.2,70.2,71.5,71.6,69.8,66.5,68.0,67.3,67.2,75.4,65.5,74.0,70.2,73.6,71.1,71.1,67.9,72.5,70.8,70.9,68.7,76.8,68.6,73.5,70.3,76.1,66.7,62.5,65.9,63.5,66.0,65.8,65.1,65.5,67.1,68.0,71.3,71.3,66.5,69.8,69.8,71.9,72.0,73.6,74.4,71.3,70.3,71.5,67.5,73.0,70.8,70.0,69.8,70.3,68.0,63.5,63.7,66.4,69.1,67.1
6712,71.7,64.7,66.2,74.6,71.2,72.2,73.0,70.8,70.1,69.1,72.0,71.5,71.4,68.8,71.9,70.3,70.9,66.5,71.7,72.1,70.7,69.9,72.6,69.1,71.3,72.3,70.8,70.5,69.6,70.8,71.3,69.1,66.3,67.7,66.9,66.8,74.5,64.0,73.9,69.6,73.6,69.8,71.2,67.5,71.5,69.6,70.5,67.8,75.6,68.2,72.8,69.6,75.5,65.5,62.2,65.0,63.3,65.6,66.0,64.5,64.7,67.6,67.3,70.9,71.5,65.7,69.4,69.4,71.1,71.4,73.1,74.1,70.3,70.3,70.9,66.7,72.1,70.0,69.4,69.9,70.2,68.2,63.4,62.9,66.3,68.6,66.8
6713,68.3,61.5,62.6,73.4,69.9,70.9,71.4,69.3,68.1,67.5,69.9,70.2,69.2,67.5,70.3,68.5,69.4,63.7,69.4,69.3,69.1,68.1,70.9,67.8,70.1,70.7,69.4,68.9,68.0,69.2,69.7,67.1,64.9,66.2,65.8,65.3,72.0,60.8,72.7,67.4,72.4,66.4,70.1,66.1,68.6,66.2,68.8,65.4,72.2,66.9,71.5,67.5,73.9,62.1,61.2,62.9,62.2,64.3,65.2,62.0,62.5,66.8,64.9,68.3,70.1,63.2,67.3,68.2,69.1,69.5,71.4,73.2,68.0,69.0,68.0,64.9,69.5,67.8,67.9,68.7,68.9,67.0,62.0,61.0,65.1,67.2,65.3
6714,62.1,56.7,56.4,70.2,66.7,67.9,68.1,64.9,64.4,63.8,65.5,66.6,63.9,64.5,66.6,64.7,64.6,58.2,64.9,64.3,65.0,64.2,66.8,63.8,66.5,66.7,67.0,65.0,63.3,65.3,65.9,62.4,61.1,62.7,62.7,61.7,65.9,55.9,69.7,62.1,69.7,59.9,66.3,61.9,63.2,60.7,64.5,59.9,66.1,62.9,67.9,63.9,70.0,56.2,58.2,59.2,58.8,60.8,63.0,57.0,59.8,63.6,60.4,61.9,66.3,57.8,61.6,65.2,64.7,64.9,66.5,70.0,62.7,64.8,61.3,60.5,64.0,63.0,64.1,65.1,65.0,63.5,56.6,58.6,61.9,63.6,61.1
6715,58.7,53.8,53.3,65.2,63.5,65.0,64.9,60.8,62.2,61.7,62.5,63.1,61.1,62.0,63.4,62.3,59.9,55.3,61.9,61.8,61.4,61.4,63.2,60.4,61.5,61.9,65.0,61.8,59.9,62.2,62.2,60.0,57.2,59.5,59.8,57.9,62.7,53.1,64.9,58.4,66.6,57.3,61.5,57.6,60.4,57.7,61.0,56.9,62.7,57.0,63.5,61.4,63.8,53.5,55.8,56.4,55.8,58.1,59.4,55.3,57.1,58.3,56.6,57.3,62.7,54.5,57.7,63.2,61.7,61.7,61.7,63.5,59.0,60.4,57.5,55.8,61.2,60.3,61.5,59.6,61.0,59.0,50.6,56.9,58.4,60.4,57.0
6716,56.4,52.0,51.6,62.1,61.3,63.2,63.0,58.8,60.6,60.5,60.7,61.0,59.5,60.4,61.6,60.8,57.9,53.4,60.2,60.1,59.4,59.8,61.2,58.7,59.2,59.9,63.4,59.8,58.0,60.7,60.2,59.0,55.1,57.3,58.2,56.2,60.5,51.5,62.4,55.6,64.2,55.9,59.1,55.1,58.3,55.1,58.0,54.8,59.6,53.6,60.5,59.0,60.0,51.9,54.0,53.9,53.5,56.2,56.6,53.7,55.3,54.9,54.2,54.2,59.8,52.2,55.4,61.7,60.3,60.1,58.8,60.4,56.5,57.7,55.1,53.3,59.3,58.7,59.9,57.2,59.1,56.3,49.2,55.9,56.3,58.5,54.6
6717,54.1,50.7,50.2,60.0,59.4,61.9,61.4,57.5,59.5,59.3,59.4,59.5,58.2,59.2,60.5,59.6,56.6,52.1,58.9,58.8,58.0,58.5,59.9,57.5,57.5,58.6,62.2,58.4,56.5,59.6,58.6,57.9,53.7,55.7,56.8,54.9,59.0,50.2,60.7,53.7,62.8,54.9,57.3,53.8,56.3,53.1,55.5,52.6,57.0,52.0,58.1,56.8,57.8,50.7,52.9,52.0,52.2,54.7,54.7,53.0,54.1,53.0,52.5,51.6,57.5,50.2,53.1,60.6,59.1,58.8,56.6,58.5,53.9,55.8,52.7,51.4,58.1,57.6,58.5,55.5,57.6,54.2,49.0,55.0,54.7,56.8,53.0
6718,52.5,49.5,49.1,58.6,58.0,60.8,60.2,56.4,58.4,58.3,58.4,58.6,57.1,58.1,59.4,58.6,55.6,50.9,57.8,57.8,56.9,57.7,58.9,56.6,56.4,57.4,61.0,57.2,55.5,58.8,57.6,57.1,52.6,54.3,55.6,53.7,57.7,48.9,59.3,52.1,61.1,53.8,55.7,52.9,54.5,52.0,53.3,50.8,54.3,50.2,56.0,54.5,55.9,49.6,52.0,50.2,51.4,53.6,53.3,51.8,52.7,51.2,51.1,49.7,55.4,48.9,51.1,59.5,58.2,57.7,55.0,56.9,52.1,54.2,50.7,49.8,57.1,56.6,57.5,54.3,56.3,52.6,48.6,54.2,53.6,55.6,52.1
6719,50.6,48.9,48.1,57.0,57.1,59.5,59.0,55.3,57.5,57.3,57.4,57.5,56.3,57.3,58.3,57.5,54.5,49.8,56.9,57.0,56.0,56.7,58.1,55.7,55.2,56.4,59.9,56.2,54.7,57.9,56.6,56.6,51.6,53.5,54.5,52.6,56.6,47.9,58.5,50.4,59.8,52.7,54.3,51.7,52.6,50.8,51.5,49.2,52.2,48.5,54.2,52.7,54.2,48.5,51.1,48.7,50.5,52.7,52.4,50.7,51.7,49.6,50.0,47.4,53.4,47.8,49.1,58.5,57.4,56.8,53.5,55.4,50.4,53.0,48.9,48.2,56.0,55.7,56.6,53.2,55.4,51.4,48.2,53.3,52.5,54.5,51.2
6720,49.2,48.0,47.0,55.8,56.1,58.5,57.9,54.5,56.7,56.4,56.4,56.5,55.5,56.4,57.3,56.9,53.8,48.6,55.9,56.1,55.1,55.9,57.4,54.9,54.5,55.5,58.9,55.5,53.8,57.0,55.9,56.1,50.7,52.4,53.5,51.8,55.6,47.1,57.4,49.4,58.2,51.7,53.2,50.7,51.1,49.7,49.7,47.8,50.0,46.8,52.7,51.0,52.7,47.3,50.4,47.7,49.8,51.8,51.5,49.9,50.6,48.5,49.0,45.5,52.0,46.4,47.6,57.5,56.6,55.8,51.9,54.2,48.9,51.9,47.6,46.7,55.3,54.8,55.7,52.3,54.5,50.2,47.7,52.9,51.5,53.6,50.4
6721,47.7,47.3,45.9,54.4,55.3,57.6,57.1,53.7,55.9,55.6,55.6,55.8,54.8,55.6,56.6,56.2,53.0,47.5,55.1,55.5,54.5,55.2,56.7,54.0,53.6,54.9,58.1,54.6,53.0,56.4,55.1,55.3,50.0,51.6,52.7,51.2,54.9,46.4,56.6,48.5,57.1,51.0,52.2,49.7,49.7,48.7,48.1,46.8,48.3,45.6,51.5,49.3,50.8,46.4,49.6,46.3,49.0,50.9,50.4,48.8,49.6,47.4,47.9,44.3,50.4,45.2,46.0,56.8,55.9,55.1,50.5,53.0,47.5,50.6,46.5,45.4,54.7,54.3,55.1,51.5,53.6,49.2,47.0,52.2,50.7,52.7,49.8
6722,46.4,46.1,45.3,53.4,54.6,56.9,56.4,52.9,55.1,54.9,54.9,55.1,54.1,55.0,55.8,55.5,52.4,46.6,54.5,54.9,53.7,54.5,55.8,53.1,53.0,54.3,57.3,53.8,52.4,55.7,54.3,54.7,49.1,50.9,51.9,50.5,54.1,45.4,55.5,47.6,55.8,50.5,51.4,49.1,48.5,47.6,47.0,45.6,46.6,44.2,50.6,48.1,49.3,45.6,48.8,45.5,48.2,50.2,49.6,47.8,48.9,46.4,47.3,42.6,49.3,44.4,44.8,56.0,55.3,54.5,49.0,51.9,46.5,49.7,45.1,44.4,54.2,53.6,54.4,50.6,52.8,48.2,46.6,51.6,49.8,51.9,49.2
6723,45.3,45.5,44.6,52.3,53.9,56.2,55.5,52.4,54.5,54.1,54.2,54.5,53.6,54.2,55.0,55.1,51.9,45.7,54.0,54.3,53.0,54.0,55.0,52.4,52.1,53.7,56.7,53.2,51.5,55.1,53.5,54.1,48.6,50.2,51.3,49.8,53.5,44.7,54.6,46.4,54.6,50.1,50.7,47.9,47.2,46.7,45.8,44.7,45.4,43.1,49.5,46.9,48.1,44.5,48.1,44.7,47.5,49.2,48.9,46.9,48.2,45.3,46.5,41.5,48.1,43.4,43.7,55.2,54.8,54.0,47.3,50.8,45.3,48.7,44.0,43.5,53.7,53.1,53.8,49.7,51.9,47.1,46.0,51.1,49.1,51.4,48.5
6724,44.3,45.0,43.9,51.8,53.4,55.5,55.1,51.8,54.0,53.5,53.8,54.0,53.1,53.7,54.5,54.7,51.1,45.0,53.4,53.8,52.5,53.3,54.7,51.7,51.5,53.0,56.0,52.6,51.2,54.7,53.1,53.7,47.8,49.7,50.8,49.2,52.8,44.1,53.6,45.6,53.7,49.6,49.7,47.0,46.7,46.0,44.7,43.9,44.2,42.2,48.6,45.8,46.9,43.9,47.4,43.8,46.9,48.8,47.9,46.3,47.3,44.4,45.7,40.3,47.3,42.5,42.5,54.5,54.1,53.5,46.2,50.0,44.4,47.6,43.1,42.3,53.3,52.6,53.3,49.0,51.3,46.2,45.0,50.5,48.5,50.7,47.8
6725,43.8,44.5,43.6,51.0,52.9,55.0,54.8,51.2,53.4,53.0,53.3,53.5,52.8,53.0,54.0,54.0,50.8,44.4,52.9,53.3,51.9,52.8,54.2,51.1,50.7,52.6,55.3,52.3,50.7,54.5,52.5,53.3,47.3,49.1,50.2,48.8,52.0,43.6,52.7,44.9,52.9,49.2,48.8,46.1,45.9,45.2,43.9,43.1,43.4,41.0,48.0,44.7,45.8,43.3,46.7,43.0,46.4,48.4,47.1,45.8,46.7,43.5,45.0,39.3,46.6,41.9,41.7,54.0,53.6,53.0,45.1,49.2,43.4,47.1,42.1,41.4,53.0,52.1,52.8,48.3,50.6,45.5,44.5,50.3,48.1,50.3,47.2
6726,43.1,44.3,43.2,50.3,52.3,54.8,54.4,50.7,52.9,52.6,53.2,53.1,52.5,52.6,53.6,53.6,50.6,44.1,52.6,52.9,51.6,52.5,53.8,50.5,50.1,52.1,54.9,51.9,50.2,54.1,52.0,53.0,46.8,48.5,49.8,48.3,51.3,43.4,52.0,44.3,52.2,48.8,47.9,45.4,45.2,44.6,43.1,42.0,42.3,40.2,47.2,44.0,45.0,42.8,46.1,42.4,45.8,48.0,46.5,45.0,46.0,42.9,44.7,38.3,45.9,41.4,40.6,53.5,53.2,52.8,44.0,48.6,43.2,46.6,41.3,40.6,52.5,51.8,52.3,47.6,50.0,44.8,43.8,50.0,47.5,49.8,46.7
6727,46.8,46.1,46.3,49.8,52.0,54.7,54.3,50.7,53.4,53.0,54.6,53.5,54.1,52.7,53.6,54.1,51.1,46.0,53.8,55.3,51.9,52.9,54.1,50.3,49.7,52.0,55.1,52.0,50.8,54.6,52.2,54.0,46.7,48.5,49.6,48.5,53.7,45.0,51.4,46.8,52.8,52.2,47.6,46.1,47.9,47.3,44.4,46.0,47.6,39.7,47.2,45.2,45.7,45.4,45.6,43.8,45.5,48.0,45.9,46.0,47.2,42.2,46.1,41.8,45.8,42.7,41.0,53.5,54.7,54.3,45.0,48.2,46.0,47.1,45.4,40.5,54.6,53.3,52.5,47.5,49.6,44.2,43.6,51.5,47.4,50.0,46.8
6728,52.2,50.9,51.9,52.7,54.8,57.1,57.2,54.4,57.0,56.0,58.6,56.5,58.1,55.4,56.8,57.5,55.2,51.3,58.1,59.3,55.5,56.2,57.7,53.1,52.6,55.4,57.4,55.1,54.5,58.0,55.3,57.6,49.7,51.5,51.9,51.7,58.1,50.2,54.1,52.8,56.1,57.3,50.4,50.7,52.5,53.1,49.3,52.2,56.2,44.9,54.0,49.4,52.2,50.2,47.5,48.5,48.6,51.3,47.5,50.4,49.8,44.0,51.1,49.8,48.9,48.9,47.2,56.1,58.9,58.2,52.2,51.4,51.2,52.6,52.5,46.6,59.3,57.1,55.7,50.2,52.4,46.8,47.4,54.4,49.6,53.2,50.6
6729,57.3,55.1,56.5,58.0,58.7,60.3,60.8,58.3,60.6,59.1,62.1,60.2,61.9,58.7,60.5,61.0,59.0,55.1,62.0,63.5,59.2,60.0,61.7,56.8,57.1,59.5,60.3,59.0,57.9,61.4,59.0,60.6,53.4,55.2,54.8,54.9,62.4,54.2,58.5,57.5,59.6,61.2,55.0,54.8,57.1,58.4,54.0,56.9,63.0,51.6,60.4,54.0,58.2,54.6,50.6,53.1,52.3,54.8,51.3,53.8,52.6,48.7,55.4,56.4,52.5,53.9,52.5,59.2,62.5,61.6,58.2,57.3,56.3,57.6,57.6,52.4,63.5,60.8,59.0,54.5,56.4,51.2,51.9,57.3,53.2,57.2,54.6
6730,61.9,58.7,60.2,62.8,62.2,63.8,64.2,62.3,63.7,62.0,65.5,63.9,65.2,61.4,63.7,64.0,62.6,58.2,65.8,67.0,62.6,63.4,65.0,60.0,61.0,63.2,63.1,62.5,61.4,64.5,62.7,63.5,56.9,59.0,58.0,58.3,66.0,57.5,62.6,61.6,63.1,64.5,59.3,58.1,61.4,62.3,59.2,60.6,67.4,57.3,64.8,58.4,63.8,58.4,54.2,57.1,55.9,58.2,55.2,57.0,55.6,53.5,58.9,61.4,56.5,58.0,57.0,62.2,65.4,65.0,63.6,62.1,60.7,61.1,61.7,57.3,67.0,63.9,61.9,58.8,60.3,55.8,55.1,59.7,56.8,60.7,58.1
6731,65.8,61.5,62.8,66.5,65.3,66.5,67.1,65.3,66.3,64.4,68.1,66.7,67.6,63.7,66.5,66.3,65.6,61.0,68.4,69.3,65.4,65.7,67.4,62.9,64.3,66.0,65.5,65.5,64.3,66.7,65.6,65.7,60.1,61.8,60.7,60.9,68.9,60.4,66.1,64.5,66.3,66.9,62.9,61.0,65.2,65.1,63.2,63.6,70.6,61.1,68.4,62.7,68.2,61.5,57.3,60.1,58.7,60.9,58.4,59.9,58.5,57.5,61.8,64.9,60.7,61.1,60.8,64.4,67.7,67.3,67.5,65.9,64.2,63.7,64.8,61.0,69.4,66.2,64.5,62.1,63.6,59.9,57.6,61.5,59.7,63.5,60.9
6732,68.6,63.4,64.6,69.5,67.7,68.9,69.4,67.5,68.0,66.4,69.9,68.6,69.4,65.7,68.8,68.1,67.8,63.5,69.9,70.9,67.6,67.6,69.6,65.3,67.2,68.5,67.4,67.6,66.4,68.6,67.9,67.5,62.5,64.1,62.8,63.4,71.3,62.6,68.9,66.9,68.7,69.0,66.0,63.2,67.9,67.5,66.4,66.0,73.2,64.2,70.7,66.1,71.5,63.6,59.4,62.4,60.6,62.9,60.9,61.9,61.1,60.8,64.0,67.7,64.3,63.5,64.0,66.3,69.2,69.0,70.0,68.8,66.9,66.1,67.2,63.8,70.8,68.0,66.5,64.9,66.1,63.0,59.9,62.8,62.1,65.5,63.2
6733,70.6,64.9,65.8,71.7,69.4,70.6,71.2,69.1,69.3,67.7,71.0,69.8,70.5,67.2,70.4,69.5,69.2,65.2,71.2,72.0,69.1,68.8,70.9,67.2,69.2,70.3,68.9,69.1,67.8,70.0,69.4,68.4,64.4,65.7,64.6,64.9,73.3,64.1,71.1,68.5,70.8,70.1,68.2,65.3,70.0,69.3,68.6,67.4,75.1,66.2,72.1,68.3,73.9,65.1,60.9,63.9,61.8,64.3,62.9,63.5,63.0,63.3,65.8,69.4,67.3,65.1,66.6,67.8,70.5,70.4,71.9,71.2,68.9,68.0,69.3,65.5,71.8,69.2,68.1,67.1,67.9,65.5,61.6,63.5,63.8,66.9,64.9
6734,71.5,65.7,66.5,73.3,70.5,71.5,72.3,70.2,70.0,68.5,71.8,70.8,71.4,68.1,71.4,70.1,70.2,66.2,71.8,72.7,70.0,69.6,71.9,68.3,70.5,71.4,69.7,70.0,68.9,70.6,70.4,69.0,65.5,66.9,65.8,65.9,74.8,64.9,72.5,69.4,72.3,70.5,69.8,66.7,71.5,70.2,69.8,68.2,76.2,67.6,72.8,69.6,75.0,66.1,61.8,65.0,62.7,65.3,64.3,64.3,64.4,65.2,67.0,70.6,69.6,65.8,68.6,68.6,71.2,71.0,72.8,72.8,70.2,69.1,70.5,66.4,72.4,70.0,69.0,68.5,69.0,66.9,62.7,63.8,65.0,67.8,65.8
6735,72.0,65.6,66.5,74.1,70.9,72.0,72.6,70.6,69.9,68.9,71.9,71.1,71.5,68.3,71.6,70.2,70.5,66.5,71.8,72.5,70.3,69.7,72.2,68.7,71.1,71.8,70.1,70.3,69.3,70.7,70.7,69.0,65.9,67.3,66.4,66.4,74.8,64.9,73.3,69.6,73.0,70.4,70.5,67.3,71.7,70.1,70.4,68.3,76.4,68.1,73.2,69.8,75.5,66.1,62.1,65.1,63.0,65.5,65.2,64.4,64.9,66.5,67.3,70.9,70.9,65.9,69.4,68.9,71.2,71.3,73.1,73.7,70.6,69.9,71.0,67.0,72.3,70.0,69.1,69.3,69.7,67.5,63.1,63.6,65.7,68.2,66.3
6736,71.0,64.3,65.6,74.0,70.5,71.4,72.1,70.1,69.3,68.3,71.3,70.7,70.8,68.0,71.0,69.5,70.0,65.8,70.9,71.5,69.9,69.1,71.8,68.4,70.7,71.4,70.0,69.7,68.7,70.0,70.4,68.4,65.7,67.0,66.1,66.0,73.8,63.4,73.2,69.0,72.9,69.1,70.6,67.0,70.8,68.9,69.9,67.5,75.2,67.7,72.5,69.2,74.9,64.9,61.8,64.2,62.8,65.2,65.5,63.7,64.1,66.9,66.6,70.4,71.1,65.0,69.1,68.6,70.4,70.7,72.5,73.4,69.6,69.9,70.4,66.2,71.4,69.2,68.6,69.3,69.5,67.6,62.9,62.8,65.6,67.8,66.0
6737,67.6,60.9,61.9,72.8,69.1,70.0,70.6,68.5,67.3,66.7,69.2,69.4,68.5,66.7,69.5,67.7,68.5,63.0,68.6,68.7,68.3,67.3,70.1,67.0,69.5,69.8,68.5,68.1,67.1,68.3,68.9,66.3,64.2,65.5,64.9,64.5,71.3,60.1,72.1,66.7,71.8,65.6,69.5,65.5,67.8,65.5,68.3,64.9,71.6,66.3,71.2,67.1,73.3,61.4,60.7,62.2,61.8,63.8,64.7,61.2,61.8,66.2,64.3,67.8,69.7,62.5,67.0,67.3,68.4,68.7,70.8,72.5,67.2,68.6,67.5,64.4,68.8,67.0,67.0,68.1,68.3,66.3,61.5,60.8,64.5,66.4,64.5
6738,61.3,56.1,55.7,69.4,65.9,67.0,67.2,64.2,63.7,63.0,64.8,65.8,63.4,63.7,65.7,64.0,63.7,57.6,64.3,63.9,64.2,63.5,65.9,63.0,65.7,65.8,66.1,64.2,62.4,64.4,65.0,61.7,60.3,61.8,61.8,61.0,65.2,55.2,68.9,61.4,69.0,59.1,65.6,61.1,62.4,60.0,63.9,59.4,65.6,62.1,67.5,63.6,69.3,55.5,57.8,58.4,58.2,60.2,62.4,56.4,59.2,62.9,59.8,61.5,65.8,57.2,61.1,64.4,64.1,64.3,65.8,69.2,61.9,64.2,60.7,59.9,63.5,62.3,63.3,64.3,64.2,62.8,56.0,58.4,61.2,62.8,60.2
6739,58.0,53.2,52.7,64.5,62.6,64.2,64.2,60.1,61.6,60.9,61.9,62.5,60.7,61.2,62.7,61.6,59.2,54.8,61.4,61.5,60.8,60.7,62.5,59.7,60.8,61.1,64.1,61.1,59.2,61.4,61.5,59.4,56.5,58.7,59.0,57.2,62.0,52.5,64.1,57.8,66.0,56.6,60.8,57.0,59.6,56.9,60.4,56.5,62.2,56.3,63.1,61.1,63.2,52.8,55.4,55.8,55.3,57.6,58.9,54.7,56.5,57.6,56.0,56.9,62.4,54.0,57.3,62.4,61.1,61.3,61.1,62.7,58.2,59.8,57.0,55.3,60.8,59.8,60.8,58.9,60.3,58.3,50.0,56.8,57.7,59.7,56.2
6740,55.6,51.5,51.0,61.5,60.5,62.5,62.3,58.1,60.0,59.7,60.1,60.5,59.1,59.7,61.0,60.2,57.3,52.9,59.6,59.8,58.8,59.1,60.6,58.0,58.5,59.3,62.6,59.1,57.2,59.9,59.6,58.5,54.5,56.6,57.5,55.5,59.8,50.8,61.7,54.9,63.7,55.2,58.4,54.4,57.5,54.3,57.4,54.2,58.9,53.0,60.0,58.7,59.4,51.2,53.6,53.4,53.1,55.7,56.0,53.2,54.8,54.3,53.7,53.8,59.5,51.7,55.1,60.9,59.7,59.7,58.3,59.7,55.5,57.2,54.6,52.8,59.0,58.1,59.3,56.5,58.4,55.6,48.6,55.8,55.6,57.8,53.8
6741,53.3,50.2,49.5,59.3,58.8,61.2,60.8,56.9,59.0,58.6,58.9,59.0,57.7,58.5,59.8,59.0,56.0,51.6,58.3,58.6,57.4,57.8,59.4,56.9,56.8,58.0,61.4,57.7,55.8,59.0,58.0,57.4,53.0,55.1,56.1,54.2,58.3,49.5,60.0,53.0,62.1,54.1,56.5,53.2,55.6,52.4,54.9,52.1,56.4,51.4,57.6,56.4,57.2,50.0,52.4,51.5,51.8,54.2,54.1,52.4,53.5,52.5,52.1,51.2,57.2,49.8,52.8,59.8,58.5,58.4,56.1,57.7,53.0,55.3,52.2,50.9,57.8,57.0,57.9,54.8,56.9,53.5,48.3,54.8,54.0,56.1,52.3
6742,51.7,49.0,48.4,57.8,57.4,60.1,59.6,55.9,57.9,57.5,57.8,58.0,56.6,57.4,58.7,58.0,54.9,50.4,57.3,57.6,56.2,57.0,58.3,56.0,55.7,56.9,60.3,56.5,54.8,58.2,57.0,56.5,52.0,53.6,54.9,53.1,57.0,48.2,58.6,51.3,60.5,53.1,54.9,52.2,53.8,51.2,52.7,50.4,53.5,49.6,55.6,54.2,55.3,48.9,51.6,49.8,51.0,53.1,52.7,51.3,52.2,50.6,50.7,49.3,55.1,48.5,50.9,58.8,57.6,57.2,54.5,56.2,51.3,53.7,50.2,49.3,56.8,56.0,56.9,53.5,55.7,51.9,48.2,54.1,52.9,54.9,51.4
6743,49.8,48.3,47.4,56.4,56.4,58.9,58.4,54.8,57.0,56.6,56.8,57.0,55.8,56.5,57.6,56.9,53.9,49.4,56.3,56.7,55.3,56.0,57.6,55.1,54.5,55.9,59.3,55.7,54.0,57.3,55.9,56.1,51.0,52.8,53.8,52.0,55.9,47.4,57.8,49.7,59.2,52.0,53.5,51.1,51.9,50.0,50.9,48.8,51.4,48.0,53.8,52.3,53.6,47.7,50.7,48.3,50.1,52.2,51.8,50.2,51.2,49.1,49.6,47.1,53.2,47.5,48.8,57.8,56.9,56.3,53.0,54.6,49.7,52.4,48.5,47.6,55.7,55.1,55.9,52.5,54.7,50.8,47.8,53.1,51.8,53.9,50.6
6744,48.4,47.5,46.3,55.1,55.4,57.8,57.3,54.0,56.2,55.7,55.9,56.0,55.0,55.6,56.6,56.3,53.2,48.2,55.4,55.8,54.5,55.3,56.9,54.4,53.7,54.9,58.3,54.9,53.1,56.4,55.2,55.5,50.0,51.8,52.9,51.3,54.9,46.5,56.6,48.6,57.6,51.1,52.4,50.2,50.5,49.0,49.1,47.3,49.3,46.2,52.2,50.6,52.2,46.7,50.1,47.3,49.5,51.3,50.8,49.4,50.2,48.0,48.6,45.2,51.7,46.1,47.4,56.8,56.1,55.3,51.6,53.4,48.2,51.2,47.2,46.0,55.0,54.3,55.1,51.6,53.9,49.6,47.3,52.7,50.7,53.0,49.9
6745,46.9,46.8,45.3,53.8,54.7,57.0,56.5,53.2,55.3,54.9,55.0,55.3,54.3,54.9,56.0,55.5,52.4,47.2,54.6,55.2,53.8,54.6,56.2,53.4,52.8,54.3,57.5,54.0,52.3,55.8,54.5,54.8,49.3,51.0,52.1,50.8,54.2,45.8,56.0,47.8,56.4,50.4,51.4,49.3,49.0,48.0,47.6,46.3,47.6,45.0,51.1,49.0,50.3,45.7,49.3,45.9,48.7,50.5,49.9,48.3,49.3,46.8,47.6,44.0,50.2,44.9,45.8,56.1,55.4,54.6,50.1,52.2,46.8,50.0,46.1,44.8,54.3,53.8,54.4,50.8,53.0,48.5,46.6,52.0,49.9,52.1,49.2
6746,45.6,45.6,44.7,52.8,54.1,56.2,55.7,52.2,54.5,54.2,54.4,54.6,53.7,54.3,55.2,54.9,51.9,46.4,54.0,54.6,53.0,53.9,55.2,52.6,52.2,53.7,56.7,53.2,51.8,55.1,53.7,54.3,48.4,50.3,51.4,49.9,53.4,44.8,54.8,47.0,55.2,49.7,50.6,48.6,47.8,47.0,46.4,45.2,46.1,43.6,50.1,47.7,48.8,44.9,48.5,45.2,47.9,49.7,49.1,47.4,48.6,45.9,47.0,42.3,49.1,44.2,44.6,55.4,54.8,54.0,48.6,51.1,45.7,49.0,44.7,43.8,53.8,53.1,53.7,49.9,52.2,47.5,46.0,51.4,49.1,51.4,48.6
6747,44.5,45.0,44.0,51.8,53.4,55.4,54.9,51.9,53.9,53.5,53.8,53.9,53.2,53.5,54.4,54.5,51.3,45.5,53.5,54.0,52.3,53.3,54.4,51.8,51.4,53.1,56.1,52.5,51.0,54.6,52.9,53.6,47.9,49.7,50.7,49.2,52.8,44.2,54.0,45.9,54.0,49.4,50.1,47.5,46.6,46.1,45.2,44.2,44.8,42.6,49.1,46.6,47.6,43.9,47.8,44.4,47.2,48.8,48.4,46.5,47.9,44.9,46.3,41.0,48.0,43.3,43.5,54.5,54.2,53.6,46.9,50.0,44.6,48.1,43.6,42.8,53.3,52.6,53.1,49.0,51.3,46.4,45.5,50.9,48.4,50.8,47.9
6748,43.7,44.5,43.3,51.2,52.9,54.9,54.4,51.2,53.4,52.9,53.4,53.4,52.6,52.9,53.7,54.1,50.5,44.8,52.9,53.4,51.9,52.6,54.0,51.1,50.8,52.4,55.4,52.0,50.5,54.1,52.4,53.1,47.2,49.1,50.1,48.6,52.2,43.6,53.0,44.9,53.0,48.9,49.0,46.6,46.0,45.4,44.2,43.4,43.7,41.6,48.2,45.5,46.4,43.4,47.0,43.6,46.5,48.3,47.5,46.1,47.1,43.9,45.5,39.9,47.1,42.4,42.3,53.9,53.7,53.1,45.8,49.3,43.6,47.0,42.7,41.8,52.9,52.1,52.6,48.3,50.6,45.5,44.6,50.2,47.7,50.2,47.2
6749,43.2,44.1,43.0,50.4,52.2,54.3,54.1,50.6,52.8,52.4,52.9,52.8,52.4,52.3,53.3,53.4,50.2,44.2,52.4,53.0,51.2,52.1,53.6,50.5,50.1,51.9,54.7,51.7,50.1,53.9,51.9,52.8,46.6,48.6,49.6,48.1,51.5,43.2,52.1,44.2,52.3,48.6,48.1,45.7,45.1,44.7,43.4,42.6,43.1,40.3,47.5,44.4,45.3,42.8,46.3,42.9,45.9,47.9,46.7,45.5,46.5,43.1,44.9,38.9,46.4,41.9,41.5,53.4,53.1,52.6,44.7,48.4,42.6,46.5,41.7,40.9,52.6,51.7,52.1,47.4,49.9,44.7,44.1,50.0,47.3,49.7,46.6
6750,42.4,43.9,42.7,49.7,51.7,54.0,53.6,50.1,52.3,52.0,52.8,52.5,52.0,51.9,52.8,53.0,49.9,43.8,52.1,52.6,50.9,51.9,53.1,49.9,49.4,51.4,54.3,51.2,49.6,53.5,51.3,52.4,46.1,48.0,49.2,47.6,50.7,43.0,51.4,43.7,51.6,48.1,47.2,45.0,44.5,44.0,42.6,41.7,42.0,39.7,46.7,43.8,44.5,42.2,45.7,42.3,45.4,47.5,46.1,44.7,45.9,42.4,44.5,37.8,45.8,41.3,40.5,52.9,52.7,52.3,43.6,47.9,42.4,46.1,40.9,40.1,52.1,51.3,51.7,46.9,49.3,44.1,43.5,49.7,46.7,49.3,46.2
6751,46.1,45.6,45.8,49.2,51.3,53.9,53.5,50.0,52.8,52.3,54.0,52.8,53.4,52.0,52.8,53.5,50.4,45.6,53.3,54.9,51.2,52.2,53.4,49.6,49.0,51.2,54.4,51.2,50.1,53.9,51.5,53.4,45.9,47.9,49.1,47.8,53.0,44.5,50.8,46.1,52.2,51.5,46.9,45.6,47.1,46.7,43.8,45.5,47.2,39.2,46.6,44.9,45.2,44.8,45.2,43.5,45.1,47.5,45.5,45.7,46.9,41.8,45.8,41.2,45.6,42.5,40.7,52.9,54.1,53.6,44.5,47.5,45.2,46.5,44.9,39.9,54.1,52.8,51.7,46.7,48.9,43.5,43.2,51.2,46.6,49.3,46.2
6752,51.6,50.5,51.5,52.1,54.0,56.3,56.4,53.7,56.3,55.3,58.0,55.8,57.4,54.7,56.0,56.9,54.5,50.8,57.6,58.8,54.8,55.6,57.0,52.4,51.9,54.6,56.8,54.4,53.9,57.3,54.7,56.9,49.0,50.8,51.2,51.0,57.5,49.7,53.5,52.2,55.4,56.6,49.6,50.2,51.8,52.5,48.7,51.7,55.8,44.2,53.4,49.1,51.7,49.7,47.1,48.2,48.1,50.8,47.0,50.0,49.5,43.6,50.8,49.3,48.7,48.4,46.9,55.5,58.4,57.7,51.7,50.6,50.6,52.2,52.0,46.1,58.7,56.5,55.0,49.4,51.7,46.1,47.0,54.0,48.9,52.5,49.9
6753,56.8,54.8,56.2,57.4,57.9,59.6,60.0,57.6,60.0,58.4,61.5,59.5,61.3,58.0,59.8,60.4,58.4,54.7,61.5,63.0,58.5,59.4,61.1,56.0,56.5,58.6,59.7,58.2,57.2,60.7,58.4,59.9,52.8,54.6,54.2,54.3,61.8,53.9,58.0,56.8,58.9,60.6,54.4,54.3,56.5,57.8,53.4,56.4,62.7,51.0,60.0,53.6,57.6,54.2,50.2,52.7,51.8,54.3,50.9,53.4,52.3,48.1,54.9,55.9,52.3,53.4,52.3,58.6,61.9,61.2,57.8,56.6,55.8,57.2,57.2,52.0,62.9,60.3,58.3,53.9,55.7,50.6,51.5,56.9,52.6,56.5,54.0
6754,61.5,58.4,59.9,62.3,61.5,62.9,63.4,61.5,63.1,61.4,64.9,63.2,64.6,60.8,62.9,63.3,62.0,57.8,65.3,66.4,61.8,62.7,64.3,59.4,60.5,62.3,62.5,61.8,60.7,63.8,62.0,62.8,56.4,58.5,57.5,57.7,65.4,57.2,62.1,60.9,62.4,64.1,58.9,57.7,61.0,61.8,58.6,60.1,67.0,56.7,64.4,58.1,63.3,58.0,53.7,56.6,55.4,57.7,54.8,56.5,55.2,52.9,58.4,61.0,56.3,57.5,56.8,61.6,64.8,64.6,63.2,61.5,60.3,60.8,61.3,56.8,66.3,63.3,61.2,58.3,59.6,55.3,54.7,59.4,56.2,60.0,57.5
6755,65.4,61.2,62.5,66.0,64.6,65.7,66.3,64.6,65.6,63.8,67.6,66.0,67.1,63.1,65.7,65.7,64.9,60.6,67.8,68.7,64.7,65.0,66.7,62.4,63.9,65.3,64.9,64.8,63.6,66.1,64.9,65.0,59.6,61.2,60.1,60.4,68.3,60.2,65.6,63.9,65.7,66.4,62.5,60.6,64.7,64.6,62.7,63.2,70.3,60.6,67.9,62.4,67.6,61.1,56.8,59.6,58.1,60.3,58.0,59.3,58.1,56.9,61.3,64.6,60.4,60.6,60.7,63.8,67.0,66.9,67.1,65.2,63.8,63.4,64.4,60.6,68.7,65.6,63.8,61.6,63.0,59.4,57.3,61.3,59.2,62.8,60.4
6756,68.2,63.3,64.4,69.0,67.1,68.1,68.6,66.8,67.3,65.8,69.3,67.9,68.8,65.1,68.0,67.4,67.1,63.1,69.3,70.2,66.9,66.9,68.9,64.8,66.8,67.9,66.8,66.9,65.7,67.9,67.2,66.8,62.1,63.5,62.2,62.8,70.8,62.4,68.4,66.3,68.2,68.4,65.7,62.9,67.4,67.1,65.9,65.6,72.9,63.7,70.3,65.9,70.9,63.3,58.9,61.9,60.1,62.3,60.6,61.4,60.7,60.2,63.6,67.3,64.0,63.0,63.9,65.7,68.5,68.5,69.7,68.3,66.5,65.7,67.0,63.4,70.2,67.4,65.9,64.5,65.5,62.6,59.5,62.5,61.6,64.8,62.7
6757,70.1,64.8,65.6,71.3,68.8,69.9,70.5,68.5,68.6,67.1,70.4,69.1,69.9,66.6,69.7,68.8,68.5,64.8,70.6,71.3,68.4,68.1,70.2,66.7,68.8,69.6,68.3,68.4,67.2,69.4,68.7,67.8,64.0,65.2,64.1,64.5,72.7,63.9,70.6,67.9,70.2,69.6,67.9,65.0,69.6,68.8,68.0,67.0,74.7,65.8,71.8,68.0,73.4,64.7,60.3,63.4,61.2,63.7,62.6,62.9,62.6,62.7,65.3,69.1,67.0,64.6,66.4,67.2,69.8,69.9,71.6,70.6,68.5,67.6,68.9,65.1,71.1,68.5,67.5,66.7,67.4,65.1,61.2,63.3,63.3,66.3,64.4
6758,71.2,65.6,66.4,72.8,69.9,70.8,71.6,69.5,69.3,67.9,71.1,70.2,70.8,67.5,70.7,69.5,69.6,65.8,71.2,72.0,69.3,68.9,71.3,67.8,70.2,70.8,69.1,69.4,68.3,70.0,69.7,68.3,65.1,66.5,65.4,65.5,74.2,64.7,72.0,68.9,71.7,70.0,69.5,66.4,71.1,69.8,69.3,67.9,75.8,67.2,72.6,69.2,74.6,65.8,61.2,64.4,62.2,64.7,64.0,63.7,63.9,64.6,66.6,70.2,69.3,65.3,68.4,68.0,70.5,70.5,72.5,72.2,69.8,68.9,70.1,66.1,71.8,69.3,68.4,68.1,68.6,66.6,62.3,63.5,64.6,67.2,65.4
6759,71.7,65.6,66.3,73.6,70.4,71.3,71.9,70.0,69.2,68.2,71.2,70.5,70.9,67.7,70.9,69.6,69.8,66.0,71.1,71.8,69.7,69.1,71.6,68.3,70.7,71.2,69.5,69.7,68.7,70.0,70.0,68.4,65.5,67.0,66.0,66.0,74.2,64.7,72.8,69.2,72.5,69.9,70.3,67.0,71.4,69.8,69.9,68.0,76.1,67.7,72.9,69.5,75.1,65.8,61.4,64.5,62.4,64.9,64.8,63.8,64.4,66.0,66.8,70.5,70.6,65.3,69.2,68.4,70.6,70.7,72.8,73.2,70.2,69.7,70.6,66.6,71.7,69.3,68.5,68.9,69.2,67.2,62.7,63.3,65.3,67.6,65.8
6760,70.7,64.3,65.4,73.5,70.0,70.8,71.5,69.5,68.6,67.7,70.6,70.1,70.1,67.4,70.4,68.9,69.4,65.3,70.2,70.9,69.3,68.5,71.1,68.0,70.4,70.9,69.4,69.0,68.2,69.3,69.8,67.7,65.3,66.7,65.6,65.7,73.3,63.3,72.8,68.5,72.4,68.6,70.2,66.7,70.5,68.5,69.5,67.2,74.8,67.4,72.2,68.9,74.5,64.6,61.2,63.7,62.2,64.6,65.1,63.2,63.7,66.4,66.1,70.0,70.8,64.5,68.9,68.0,69.8,70.1,72.2,72.9,69.3,69.7,70.0,65.9,70.8,68.5,68.0,68.9,69.1,67.2,62.5,62.5,65.2,67.2,65.5
6761,67.1,60.8,61.5,72.3,68.6,69.4,70.0,67.9,66.5,66.1,68.5,68.7,67.7,66.1,68.9,67.1,67.8,62.4,67.9,68.0,67.6,66.7,69.4,66.6,69.1,69.3,67.9,67.4,66.5,67.6,68.3,65.6,63.8,65.1,64.5,64.2,70.6,59.9,71.6,66.3,71.2,65.1,69.0,65.2,67.4,65.1,67.9,64.6,71.2,65.9,70.9,66.8,72.8,61.0,60.1,61.6,61.1,63.1,64.2,60.6,61.3,65.7,63.7,67.3,69.4,61.9,66.7,66.7,67.8,68.1,70.5,71.9,66.9,68.3,67.0,64.0,68.2,66.3,66.4,67.6,67.8,66.0,60.9,60.5,64.1,65.8,64.0
6762,60.8,56.0,55.3,68.9,65.3,66.3,66.5,63.5,63.0,62.4,64.1,65.2,62.5,63.1,65.0,63.4,63.0,57.1,63.6,63.3,63.5,62.8,65.2,62.5,65.1,65.2,65.5,63.5,61.7,63.7,64.4,61.0,59.8,61.3,61.3,60.5,64.4,55.0,68.3,60.8,68.5,58.6,65.1,60.6,61.9,59.5,63.4,59.0,65.2,61.6,67.1,63.2,68.7,55.2,57.1,57.8,57.5,59.5,61.9,55.8,58.8,62.4,59.2,61.0,65.4,56.6,60.7,63.8,63.4,63.6,65.4,68.6,61.4,63.7,60.3,59.4,62.7,61.7,62.5,63.8,63.7,62.3,55.4,58.0,60.6,62.2,59.6
6763,57.5,53.0,52.4,63.9,62.1,63.6,63.5,59.5,60.9,60.3,61.2,62.0,59.9,60.6,62.0,61.2,58.5,54.4,60.7,60.9,60.2,60.1,61.7,59.3,60.3,60.5,63.5,60.5,58.5,60.8,60.9,58.9,56.0,58.2,58.5,56.7,61.3,52.2,63.5,57.2,65.4,56.2,60.3,56.5,59.2,56.5,59.9,56.2,61.9,55.9,62.7,60.8,62.6,52.5,54.9,55.2,54.7,56.9,58.5,54.2,56.2,57.1,55.5,56.4,62.0,53.5,57.0,61.8,60.4,60.6,60.7,62.0,57.8,59.4,56.5,54.9,60.1,59.1,60.2,58.5,59.9,57.8,49.6,56.4,57.2,59.2,55.6
6764,55.1,51.2,50.6,60.9,60.0,61.9,61.6,57.6,59.4,59.1,59.5,60.0,58.2,59.1,60.4,59.7,56.7,52.5,59.0,59.3,58.3,58.5,60.0,57.7,58.0,58.8,62.0,58.6,56.6,59.3,59.1,57.9,54.0,56.1,57.0,55.1,59.1,50.6,61.2,54.3,63.1,54.7,57.9,54.0,57.2,54.0,56.8,54.0,58.5,52.7,59.7,58.4,58.9,51.0,53.1,52.8,52.5,55.2,55.6,52.6,54.5,53.9,53.2,53.3,59.2,51.3,54.8,60.4,59.1,59.0,58.0,59.0,55.1,56.8,54.2,52.4,58.3,57.4,58.6,56.2,57.9,55.2,48.3,55.4,55.1,57.3,53.3
6765,52.8,49.8,49.1,58.7,58.3,60.6,60.1,56.5,58.4,58.1,58.2,58.4,57.0,57.9,59.2,58.5,55.5,51.3,57.6,58.0,57.0,57.3,58.8,56.5,56.4,57.6,60.9,57.2,55.3,58.4,57.6,56.8,52.6,54.5,55.6,53.7,57.8,49.1,59.5,52.4,61.5,53.6,56.0,52.8,55.2,52.2,54.2,51.8,56.0,51.0,57.3,56.1,56.7,49.8,52.0,50.9,51.3,53.6,53.8,51.9,53.2,52.1,51.6,50.7,56.9,49.4,52.6,59.2,58.0,57.7,55.8,57.1,52.5,54.9,51.7,50.6,57.1,56.3,57.3,54.4,56.5,53.1,47.9,54.4,53.5,55.7,51.9
6766,51.2,48.8,48.1,57.2,57.0,59.5,59.0,55.4,57.4,57.0,57.1,57.5,55.9,56.8,58.2,57.5,54.4,50.0,56.6,57.1,55.8,56.4,57.7,55.6,55.3,56.5,59.8,56.1,54.3,57.5,56.5,55.9,51.6,53.1,54.4,52.6,56.4,47.7,58.0,50.7,60.0,52.6,54.4,51.9,53.3,51.0,52.1,50.1,53.3,49.3,55.2,53.9,54.9,48.6,51.2,49.3,50.4,52.5,52.4,50.8,51.9,50.2,50.4,48.9,54.9,48.1,50.6,58.2,57.1,56.7,54.3,55.6,50.8,53.4,49.9,49.0,56.1,55.3,56.3,53.1,55.3,51.5,47.8,53.7,52.4,54.6,51.0
6767,49.4,48.0,47.0,55.8,56.0,58.3,57.9,54.3,56.5,56.1,56.1,56.4,55.1,56.1,57.1,56.4,53.4,49.0,55.6,56.1,54.9,55.5,57.0,54.7,54.1,55.5,58.8,55.3,53.5,56.7,55.5,55.6,50.6,52.4,53.4,51.7,55.3,46.9,57.2,49.3,58.7,51.6,53.1,50.9,51.5,49.8,50.2,48.5,51.2,47.6,53.4,52.1,53.2,47.4,50.3,47.9,49.7,51.7,51.5,49.8,51.0,48.8,49.3,46.7,53.0,47.2,48.7,57.3,56.3,55.8,52.7,54.1,49.2,52.2,48.2,47.3,55.1,54.5,55.4,52.2,54.3,50.5,47.4,52.7,51.4,53.5,50.1
6768,48.0,47.2,45.9,54.6,55.0,57.2,56.7,53.6,55.7,55.3,55.2,55.4,54.3,55.2,56.1,55.8,52.8,47.8,54.8,55.3,54.1,54.7,56.3,54.0,53.3,54.5,57.8,54.5,52.7,55.9,54.9,54.9,49.7,51.4,52.5,51.0,54.3,46.1,56.0,48.1,57.0,50.7,52.0,49.8,50.1,48.8,48.4,47.1,49.1,45.8,51.8,50.4,51.7,46.2,49.6,46.9,49.0,50.8,50.5,48.9,50.0,47.6,48.2,44.9,51.5,45.7,47.2,56.3,55.5,54.8,51.3,52.8,47.7,51.0,47.0,45.7,54.4,53.8,54.6,51.3,53.5,49.2,46.9,52.2,50.4,52.7,49.5
6769,46.4,46.4,44.8,53.2,54.3,56.4,55.9,52.8,54.8,54.5,54.4,54.7,53.7,54.4,55.5,55.0,52.1,46.8,54.0,54.6,53.4,54.0,55.5,53.0,52.4,54.0,57.0,53.6,51.9,55.2,54.1,54.2,49.0,50.8,51.7,50.4,53.7,45.3,55.4,47.4,55.9,50.1,50.9,49.0,48.5,47.7,47.0,46.0,47.3,44.6,50.7,48.8,49.8,45.3,48.9,45.6,48.3,50.0,49.5,47.9,49.1,46.5,47.2,43.7,50.1,44.5,45.7,55.6,54.8,54.2,49.8,51.7,46.4,49.7,45.9,44.5,53.8,53.2,53.9,50.5,52.5,48.1,46.2,51.5,49.6,51.8,48.8
6770,45.0,45.2,44.2,52.3,53.6,55.6,55.2,51.9,54.0,53.8,53.9,54.0,53.1,53.8,54.7,54.4,51.6,45.9,53.4,54.0,52.7,53.4,54.7,52.3,51.8,53.2,56.2,52.8,51.4,54.6,53.4,53.7,48.2,50.0,51.0,49.6,52.9,44.4,54.4,46.7,54.7,49.4,50.2,48.3,47.2,46.7,45.8,45.0,45.9,43.3,49.8,47.5,48.4,44.5,48.1,44.9,47.6,49.3,48.8,47.0,48.4,45.6,46.6,42.1,49.0,43.8,44.6,54.9,54.2,53.6,48.3,50.6,45.2,48.8,44.5,43.6,53.3,52.5,53.3,49.6,51.7,47.0,45.7,50.9,48.8,51.0,48.2
6771,43.9,44.7,43.4,51.3,53.0,54.8,54.3,51.6,53.3,53.1,53.3,53.4,52.6,53.1,53.9,54.0,50.9,45.1,52.9,53.4,51.9,52.8,53.8,51.5,50.9,52.7,55.6,52.2,50.6,54.1,52.5,53.2,47.5,49.4,50.4,48.9,52.3,43.8,53.6,45.5,53.5,49.1,49.5,47.2,46.0,45.8,44.7,44.1,44.7,42.2,48.7,46.3,47.2,43.5,47.4,44.1,46.9,48.3,48.2,46.3,47.7,44.6,45.9,40.8,47.9,42.9,43.5,54.0,53.7,53.2,46.6,49.6,44.1,47.9,43.4,42.5,52.8,51.9,52.6,48.7,50.9,45.9,45.1,50.4,48.1,50.5,47.5
6772,43.0,44.2,42.8,50.7,52.5,54.3,53.8,50.9,52.9,52.4,52.9,52.8,52.1,52.5,53.2,53.6,50.1,44.4,52.4,52.8,51.5,52.1,53.5,50.8,50.4,52.0,54.9,51.6,50.2,53.6,52.0,52.6,46.8,48.8,49.9,48.4,51.6,43.3,52.6,44.5,52.6,48.6,48.5,46.3,45.5,45.0,43.7,43.2,43.6,41.2,47.8,45.3,46.0,42.9,46.6,43.2,46.2,47.9,47.2,45.8,47.0,43.7,45.2,39.6,47.0,42.1,42.3,53.4,53.1,52.7,45.6,48.9,43.1,46.8,42.4,41.4,52.4,51.5,52.1,48.0,50.3,45.1,44.3,49.8,47.3,49.9,46.9
6773,42.5,43.9,42.5,49.9,51.9,53.7,53.5,50.2,52.2,52.0,52.4,52.3,51.7,51.9,52.8,52.9,49.7,43.7,52.0,52.4,50.9,51.7,53.0,50.3,49.6,51.6,54.3,51.3,49.8,53.4,51.5,52.3,46.3,48.3,49.4,47.9,51.0,42.8,51.8,43.9,51.8,48.4,47.6,45.3,44.5,44.2,42.9,42.5,43.0,40.0,47.1,44.2,45.0,42.4,46.0,42.6,45.7,47.5,46.4,45.2,46.3,42.8,44.6,38.8,46.4,41.5,41.5,52.9,52.6,52.2,44.4,48.0,42.1,46.2,41.5,40.5,52.0,51.1,51.7,47.1,49.6,44.3,43.7,49.5,47.0,49.4,46.4
6774,41.7,43.5,42.2,49.2,51.3,53.4,53.1,49.7,51.7,51.6,52.2,51.9,51.4,51.5,52.4,52.5,49.6,43.5,51.5,52.0,50.6,51.4,52.6,49.6,49.0,51.0,53.8,50.8,49.3,53.0,51.0,51.9,45.8,47.8,49.0,47.4,50.2,42.6,51.0,43.4,51.1,47.8,46.7,44.7,44.0,43.5,42.1,41.6,41.8,39.4,46.4,43.6,44.2,41.8,45.5,41.9,45.1,47.1,45.8,44.4,45.8,42.1,44.2,37.7,45.7,41.0,40.4,52.4,52.2,52.0,43.4,47.4,41.8,45.8,40.7,39.8,51.6,50.8,51.3,46.6,48.9,43.7,43.1,49.2,46.4,48.9,46.0
6775,45.5,45.3,45.2,48.7,51.1,53.4,52.9,49.7,52.2,51.9,53.4,52.2,52.8,51.5,52.3,52.9,50.0,45.1,52.7,54.2,50.9,51.7,52.8,49.4,48.5,50.9,54.0,50.8,49.7,53.4,51.2,52.9,45.5,47.6,48.8,47.6,52.5,44.1,50.4,45.7,51.7,51.2,46.3,45.2,46.7,46.2,43.3,45.3,46.9,38.9,46.3,44.6,44.9,44.3,44.9,43.0,44.8,47.1,45.2,45.2,46.7,41.5,45.5,41.0,45.5,42.0,40.6,52.3,53.6,53.2,44.1,47.0,44.6,46.1,44.6,39.6,53.5,52.1,51.2,46.4,48.5,43.1,42.9,50.6,46.1,49.0,45.9
6776,51.1,50.1,51.2,51.5,53.7,55.7,55.8,53.3,55.8,54.8,57.5,55.3,56.8,54.1,55.5,56.3,54.0,50.3,57.0,58.2,54.4,55.1,56.3,52.1,51.4,54.2,56.3,53.9,53.5,56.7,54.3,56.3,48.5,50.6,50.9,50.7,57.1,49.3,53.1,51.6,55.0,56.4,49.1,49.8,51.5,52.2,48.3,51.5,55.5,43.8,53.0,48.8,51.3,49.2,46.8,47.7,47.8,50.4,46.7,49.5,49.3,43.1,50.3,48.9,48.5,47.9,46.7,54.9,57.8,57.3,51.4,50.1,50.1,51.8,51.7,45.6,58.1,56.0,54.4,49.0,51.1,45.6,46.6,53.5,48.5,52.2,49.6
6777,56.4,54.4,55.9,56.9,57.5,59.0,59.4,57.2,59.3,57.9,61.0,59.0,60.8,57.4,59.2,59.8,57.9,54.2,60.9,62.5,58.1,58.8,60.3,55.6,55.9,58.1,59.2,57.7,56.8,60.2,58.0,59.4,52.4,54.3,53.9,54.0,61.4,53.4,57.6,56.3,58.4,60.4,54.0,54.0,56.3,57.5,52.9,56.2,62.4,50.4,59.6,53.3,57.2,53.7,49.8,52.2,51.5,53.9,50.5,52.9,52.0,47.7,54.6,55.6,52.1,53.0,52.1,58.0,61.4,60.8,57.4,56.1,55.4,56.8,56.8,51.5,62.3,59.7,57.7,53.7,55.1,50.2,50.9,56.5,52.2,56.0,53.6
6778,61.2,58.1,59.5,61.8,61.0,62.4,62.9,61.1,62.4,60.8,64.4,62.6,64.0,60.2,62.3,62.7,61.4,57.3,64.7,65.9,61.3,62.0,63.6,59.0,60.1,61.7,61.9,61.2,60.2,63.2,61.5,62.3,56.0,58.1,57.1,57.4,65.1,56.7,61.7,60.4,62.0,63.8,58.6,57.4,60.7,61.4,58.1,59.9,66.8,56.1,64.0,57.7,62.8,57.6,53.4,56.2,55.1,57.2,54.2,56.0,54.8,52.5,58.0,60.6,56.1,57.1,56.6,60.9,64.2,64.1,62.9,61.1,59.8,60.4,61.0,56.4,65.8,62.7,60.6,57.9,59.0,54.8,54.3,59.0,55.8,59.6,57.1
6779,65.1,60.9,62.1,65.6,64.1,65.2,65.7,64.0,65.0,63.3,67.0,65.5,66.5,62.4,65.1,65.0,64.2,60.2,67.2,68.1,64.1,64.4,66.1,62.0,63.5,64.8,64.4,64.2,63.1,65.5,64.4,64.5,59.2,60.8,59.8,60.0,68.0,59.8,65.3,63.4,65.2,66.2,62.3,60.2,64.4,64.2,62.3,63.0,70.1,59.9,67.5,62.0,67.2,60.7,56.5,59.2,57.8,59.9,57.4,58.9,57.6,56.6,60.9,64.1,60.1,60.2,60.5,63.1,66.5,66.4,66.8,64.9,63.4,63.1,64.1,60.1,68.2,65.0,63.1,61.3,62.5,59.0,56.9,60.9,58.8,62.4,59.9
6780,67.8,62.9,64.0,68.7,66.6,67.5,68.1,66.3,66.7,65.2,68.7,67.4,68.2,64.4,67.5,66.8,66.5,62.7,68.8,69.7,66.3,66.3,68.3,64.3,66.4,67.3,66.2,66.3,65.2,67.4,66.6,66.3,61.7,63.2,61.9,62.4,70.4,61.9,68.2,65.9,67.7,68.1,65.5,62.6,67.1,66.6,65.4,65.4,72.7,63.2,70.0,65.4,70.5,62.9,58.6,61.4,59.8,62.0,60.0,60.9,60.3,59.8,63.1,66.9,63.9,62.6,63.6,65.0,68.1,68.0,69.5,67.9,66.2,65.4,66.6,63.0,69.7,66.8,65.2,64.2,65.1,62.2,59.2,62.3,61.2,64.4,62.3
6781,69.7,64.3,65.3,70.9,68.3,69.3,69.9,67.9,68.0,66.5,69.7,68.6,69.3,65.9,69.1,68.2,67.9,64.4,70.0,70.7,67.9,67.5,69.7,66.3,68.5,69.2,67.7,67.8,66.7,68.8,68.2,67.4,63.6,64.8,63.7,64.1,72.4,63.4,70.3,67.4,69.8,69.2,67.7,64.6,69.2,68.3,67.5,66.8,74.6,65.3,71.5,67.7,72.9,64.4,60.0,62.9,61.0,63.3,62.1,62.4,62.2,62.3,64.8,68.7,66.9,64.2,66.2,66.5,69.3,69.4,71.4,70.3,68.0,67.4,68.5,64.7,70.7,67.8,66.8,66.3,67.0,64.7,60.8,63.1,62.9,65.9,64.0
6782,70.7,65.1,65.9,72.4,69.5,70.3,71.1,69.0,68.6,67.3,70.5,69.6,70.1,66.8,70.2,68.9,68.9,65.4,70.6,71.5,68.8,68.3,70.7,67.4,69.9,70.3,68.5,68.8,67.7,69.4,69.2,67.9,64.7,66.0,65.0,65.1,73.8,64.2,71.7,68.4,71.2,69.6,69.1,66.0,70.7,69.3,68.8,67.7,75.6,66.7,72.2,68.9,74.2,65.4,60.8,63.9,61.9,64.3,63.5,63.2,63.5,64.2,66.1,69.8,69.1,64.8,68.2,67.3,70.1,69.9,72.3,71.8,69.4,68.5,69.7,65.7,71.3,68.6,67.7,67.7,68.2,66.3,61.9,63.4,64.2,66.8,65.0
6783,71.2,65.1,65.8,73.2,69.9,70.8,71.5,69.5,68.6,67.7,70.7,69.9,70.3,67.1,70.5,69.0,69.3,65.6,70.5,71.3,69.1,68.5,71.0,67.9,70.3,70.7,68.9,69.1,68.2,69.5,69.4,67.9,65.1,66.5,65.6,65.5,73.8,64.2,72.4,68.7,72.0,69.5,70.0,66.6,70.9,69.3,69.4,67.7,75.9,67.2,72.5,69.2,74.7,65.3,61.1,64.0,62.1,64.4,64.4,63.3,64.0,65.5,66.4,70.1,70.4,64.9,69.0,67.7,70.1,70.1,72.5,72.7,69.8,69.3,70.1,66.1,71.3,68.7,67.9,68.5,68.7,66.8,62.3,63.2,64.9,67.1,65.4
6784,70.1,63.8,64.8,73.0,69.5,70.3,71.1,69.1,68.0,67.2,70.0,69.5,69.5,66.8,70.0,68.3,68.8,64.9,69.7,70.4,68.8,67.9,70.6,67.5,70.0,70.5,68.7,68.5,67.7,68.9,69.2,67.2,64.9,66.2,65.1,65.2,72.8,62.8,72.4,68.2,72.0,68.1,69.8,66.3,69.9,68.2,69.0,66.9,74.6,66.9,71.9,68.6,74.1,64.0,60.8,63.2,61.9,64.1,64.6,62.7,63.2,65.9,65.7,69.6,70.6,64.1,68.8,67.4,69.4,69.6,71.9,72.4,68.9,69.3,69.4,65.4,70.4,67.8,67.4,68.5,68.5,66.8,62.1,62.3,64.8,66.7,64.9
6785,66.3,60.2,60.8,71.9,68.1,68.9,69.5,67.5,65.9,65.5,67.9,68.2,67.1,65.5,68.4,66.6,67.2,61.9,67.4,67.5,67.1,66.1,68.8,66.0,68.8,68.8,67.4,66.9,66.0,67.1,67.7,65.0,63.3,64.5,63.9,63.7,70.0,59.3,71.2,65.8,70.8,64.5,68.6,64.7,66.7,64.6,67.3,64.1,70.8,65.4,70.5,66.4,72.5,60.3,59.6,61.1,60.7,62.5,63.8,60.0,60.9,65.1,63.1,66.8,69.2,61.5,66.5,66.1,67.3,67.5,70.2,71.4,66.2,67.8,66.4,63.6,67.7,65.6,65.8,67.1,67.2,65.5,60.5,60.3,63.6,65.3,63.4
6786,60.2,55.4,54.8,68.4,64.7,65.8,65.9,63.0,62.4,61.8,63.5,64.6,61.9,62.5,64.5,62.8,62.4,56.6,62.9,62.8,62.9,62.1,64.5,61.9,64.6,64.6,65.0,63.0,61.1,63.2,63.8,60.4,59.2,60.8,60.7,60.0,63.9,54.4,67.8,60.4,68.0,58.1,64.5,60.1,61.3,59.0,62.9,58.6,64.9,61.0,66.7,62.8,68.3,54.7,56.7,57.4,57.0,58.9,61.4,55.4,58.3,61.8,58.7,60.5,65.2,56.3,60.3,63.1,62.9,63.0,64.9,68.0,60.7,63.1,59.8,58.9,62.2,60.9,61.9,63.1,63.0,61.7,54.8,57.7,60.1,61.6,58.9
6787,56.9,52.5,52.0,63.5,61.5,63.0,63.0,59.0,60.3,59.8,60.5,61.4,59.1,60.2,61.6,60.6,58.0,54.0,60.1,60.4,59.6,59.5,61.2,58.8,59.7,60.0,63.1,60.0,58.1,60.3,60.4,58.3,55.5,57.6,57.9,56.3,60.8,51.7,63.0,56.8,65.0,55.7,59.8,56.0,58.5,56.0,59.5,55.8,61.6,55.4,62.3,60.4,62.1,52.0,54.5,54.8,54.2,56.3,57.9,53.8,55.8,56.6,55.2,56.1,61.8,53.2,56.6,61.3,60.0,60.0,60.3,61.4,57.3,58.9,56.0,54.4,59.6,58.4,59.7,57.9,59.3,57.3,49.2,56.1,56.6,58.7,55.2
6788,54.5,50.6,50.1,60.4,59.5,61.4,61.2,57.2,58.9,58.6,58.8,59.4,57.4,58.7,59.9,59.1,56.2,52.2,58.3,58.7,57.8,58.0,59.5,57.2,57.5,58.2,61.6,58.2,56.2,58.9,58.6,57.3,53.4,55.6,56.5,54.6,58.6,50.1,60.7,53.8,62.7,54.2,57.3,53.6,56.6,53.4,56.4,53.6,58.3,52.3,59.4,58.0,58.5,50.5,52.7,52.5,52.2,54.7,55.1,52.2,54.2,53.4,52.9,52.9,58.9,50.9,54.5,59.9,58.7,58.5,57.6,58.5,54.7,56.4,53.7,51.9,57.7,56.8,58.1,55.6,57.4,54.7,48.0,55.1,54.5,56.9,52.9
6789,52.4,49.2,48.6,58.2,57.8,60.1,59.7,56.0,57.8,57.6,57.5,57.8,56.2,57.5,58.8,58.0,55.0,50.9,57.0,57.5,56.5,56.8,58.4,56.0,55.8,57.1,60.4,56.7,55.0,58.0,57.1,56.2,52.1,53.9,55.2,53.3,57.3,48.5,59.0,52.0,61.2,53.1,55.3,52.4,54.7,51.8,53.9,51.5,55.8,50.5,57.0,55.7,56.2,49.3,51.6,50.6,51.0,53.1,53.3,51.4,52.9,51.6,51.3,50.3,56.5,49.0,52.2,58.8,57.6,57.2,55.4,56.5,52.1,54.6,51.2,50.1,56.5,55.8,56.8,54.0,55.9,52.6,47.6,54.1,52.9,55.3,51.5
6790,50.7,48.2,47.5,56.6,56.4,59.1,58.5,54.9,56.8,56.6,56.4,56.9,55.2,56.4,57.7,57.0,54.0,49.7,55.9,56.6,55.5,55.9,57.3,55.0,54.7,56.0,59.3,55.7,54.0,57.1,56.1,55.4,51.2,52.6,54.0,52.2,55.8,47.1,57.6,50.4,59.7,52.1,53.9,51.7,52.8,50.6,51.7,49.8,53.1,48.8,54.9,53.5,54.5,48.1,50.8,48.9,50.1,52.0,51.9,50.3,51.6,49.8,50.1,48.5,54.6,47.8,50.3,57.8,56.7,56.1,53.9,55.0,50.2,53.2,49.4,48.4,55.4,54.8,55.8,52.7,54.7,51.1,47.5,53.3,51.9,54.1,50.5
6791,48.9,47.4,46.5,55.1,55.5,57.9,57.4,53.8,55.9,55.6,55.4,55.8,54.4,55.6,56.6,56.0,53.0,48.7,55.0,55.6,54.5,55.1,56.6,54.1,53.6,55.0,58.3,54.9,53.2,56.2,55.1,55.0,50.2,51.8,52.8,51.3,54.9,46.4,56.6,49.0,58.3,51.1,52.5,50.5,51.0,49.4,49.8,48.2,51.0,47.1,53.0,51.7,52.8,46.9,49.8,47.5,49.3,51.1,50.9,49.4,50.7,48.3,49.0,46.3,52.7,46.7,48.3,56.8,55.8,55.3,52.4,53.6,48.8,51.8,47.7,46.8,54.5,53.9,55.0,51.6,53.8,50.0,47.1,52.4,50.9,53.0,49.8
6792,47.6,46.6,45.4,54.0,54.5,56.8,56.3,53.1,55.1,54.8,54.6,54.8,53.7,54.8,55.7,55.4,52.4,47.5,54.1,54.7,53.7,54.3,55.9,53.4,52.8,54.1,57.4,54.1,52.3,55.4,54.5,54.3,49.2,51.0,52.0,50.5,53.8,45.6,55.6,47.8,56.7,50.2,51.4,49.4,49.6,48.4,48.0,46.9,48.9,45.3,51.5,49.9,51.3,45.8,49.1,46.6,48.7,50.2,50.0,48.4,49.8,47.2,48.0,44.5,51.1,45.4,46.9,55.9,55.1,54.3,50.9,52.3,47.2,50.7,46.5,45.2,53.8,53.2,54.2,50.8,53.0,48.7,46.6,51.9,49.8,52.2,49.1
6793,45.9,45.8,44.4,52.7,53.8,55.9,55.5,52.2,54.2,54.0,53.8,54.1,53.1,54.1,55.0,54.6,51.7,46.5,53.4,54.0,53.0,53.6,55.1,52.4,51.9,53.5,56.6,53.2,51.6,54.7,53.7,53.7,48.5,50.3,51.2,50.0,53.1,44.9,54.9,47.1,55.7,49.5,50.3,48.6,48.0,47.3,46.7,45.8,47.2,44.0,50.3,48.4,49.4,44.9,48.4,45.3,47.9,49.5,48.9,47.5,48.9,46.0,47.0,43.2,49.8,44.3,45.2,55.2,54.4,53.7,49.5,51.2,45.9,49.5,45.4,43.9,53.1,52.7,53.5,50.0,52.0,47.7,45.9,51.2,49.0,51.3,48.4
6794,44.5,44.7,43.7,51.8,53.1,55.2,54.7,51.4,53.5,53.4,53.3,53.5,52.4,53.4,54.2,54.0,51.2,45.7,52.7,53.4,52.3,53.0,54.3,51.7,51.2,52.8,55.8,52.4,51.0,54.1,52.9,53.2,47.7,49.5,50.5,49.2,52.3,44.0,53.9,46.3,54.4,48.9,49.6,47.9,46.7,46.2,45.5,44.7,45.7,42.7,49.3,47.0,47.9,44.1,47.7,44.7,47.2,48.6,48.2,46.6,48.2,45.2,46.4,41.7,48.6,43.6,44.1,54.6,53.8,53.1,48.0,50.1,44.7,48.5,44.0,43.0,52.7,51.9,52.9,49.1,51.2,46.7,45.4,50.6,48.3,50.6,47.8
6795,43.4,44.2,43.1,50.8,52.4,54.3,53.9,51.1,52.8,52.6,52.7,52.8,51.9,52.7,53.5,53.7,50.5,44.9,52.2,52.8,51.5,52.5,53.4,50.9,50.3,52.2,55.2,51.7,50.2,53.7,52.1,52.7,47.0,48.9,49.9,48.5,51.7,43.4,53.1,45.2,53.1,48.7,48.9,46.8,45.5,45.3,44.4,43.8,44.6,41.7,48.4,45.9,46.7,43.1,47.1,43.9,46.5,47.8,47.6,45.8,47.5,44.2,45.8,40.3,47.5,42.7,43.0,53.7,53.3,52.6,46.2,49.1,43.6,47.6,42.9,41.9,52.2,51.3,52.2,48.3,50.3,45.6,44.9,50.0,47.5,50.1,47.2
6796,42.6,43.7,42.5,50.1,51.9,53.8,53.4,50.4,52.4,52.0,52.3,52.3,51.4,52.1,52.8,53.2,49.6,44.4,51.7,52.2,51.1,51.9,53.0,50.3,49.7,51.6,54.5,51.2,49.8,53.2,51.5,52.1,46.3,48.4,49.3,48.0,51.2,42.8,52.2,44.3,52.2,48.2,47.9,45.9,45.0,44.5,43.5,42.9,43.5,40.7,47.4,44.8,45.5,42.5,46.3,43.1,45.8,47.3,46.6,45.3,46.8,43.2,45.1,39.0,46.6,42.0,41.8,53.0,52.7,52.1,45.2,48.4,42.6,46.4,42.0,40.7,51.7,50.9,51.8,47.5,49.7,44.7,44.0,49.5,46.9,49.4,46.6
6797,42.1,43.4,42.1,49.3,51.3,53.2,53.0,49.8,51.8,51.5,51.8,51.8,51.1,51.5,52.3,52.6,49.3,43.7,51.3,51.8,50.4,51.4,52.7,49.8,49.0,51.1,53.9,50.8,49.3,53.0,51.0,51.8,45.8,47.9,48.8,47.5,50.6,42.3,51.3,43.7,51.5,47.9,47.0,44.9,44.1,43.7,42.7,42.1,42.8,39.5,46.7,43.8,44.5,41.9,45.7,42.4,45.3,47.0,45.9,44.8,46.1,42.3,44.5,38.3,46.0,41.4,41.0,52.5,52.2,51.7,44.0,47.4,41.7,45.8,41.0,40.0,51.4,50.4,51.3,46.7,49.0,43.9,43.5,49.1,46.5,48.9,46.0
6798,41.3,43.1,41.8,48.6,50.8,52.9,52.5,49.3,51.2,51.1,51.6,51.4,50.7,51.0,51.9,52.2,49.1,43.4,50.9,51.4,50.1,51.1,52.3,49.2,48.4,50.5,53.4,50.4,48.9,52.6,50.5,51.4,45.3,47.4,48.4,46.9,49.7,42.2,50.6,43.2,50.7,47.4,46.2,44.2,43.6,43.0,41.9,41.2,41.7,38.9,45.9,43.2,43.9,41.4,45.1,41.8,44.7,46.6,45.3,44.1,45.7,41.7,44.1,37.2,45.3,40.8,39.9,52.0,51.8,51.5,43.0,46.9,41.4,45.5,40.4,39.2,50.9,50.1,50.8,46.1,48.3,43.3,42.9,48.8,45.9,48.5,45.6
6799,44.9,44.7,44.7,48.2,50.4,52.7,52.3,49.2,51.7,51.3,52.7,51.7,52.1,51.0,51.8,52.5,49.5,44.9,52.0,53.5,50.3,51.3,52.4,48.9,47.9,50.4,53.5,50.2,49.2,53.0,50.7,52.3,45.1,47.2,48.2,47.1,52.1,43.7,50.0,45.3,51.3,50.7,45.9,44.7,46.1,45.6,43.0,44.9,46.5,38.3,45.9,44.2,44.4,43.8,44.5,42.8,44.4,46.5,44.8,44.8,46.6,41.1,45.3,40.3,45.1,41.8,40.0,51.8,53.1,52.7,43.7,46.4,44.0,45.8,44.2,39.0,52.9,51.5,50.8,45.8,47.9,42.6,42.6,50.2,45.7,48.5,45.5
6800,50.4,49.6,50.6,51.0,53.0,55.0,55.2,52.8,55.2,54.2,56.9,54.7,56.3,53.5,54.8,55.8,53.5,50.1,56.4,57.6,53.8,54.5,55.7,51.4,50.8,53.6,55.7,53.3,53.0,56.3,53.8,55.9,47.9,50.0,50.3,50.1,56.6,48.8,52.6,51.2,54.6,55.8,48.6,49.3,50.9,51.5,47.8,51.1,55.1,43.2,52.6,48.3,50.8,48.6,46.4,47.3,47.4,49.8,46.2,49.0,49.0,42.6,50.2,48.3,48.1,47.6,46.2,54.3,57.3,56.7,51.0,49.5,49.5,51.4,51.2,45.0,57.5,55.4,53.8,48.5,50.5,45.1,46.3,53.1,47.9,51.6,49.1
6801,55.7,53.8,55.3,56.2,56.8,58.3,58.8,56.6,58.8,57.3,60.5,58.5,60.3,56.9,58.6,59.2,57.3,54.0,60.3,61.9,57.4,58.1,59.8,55.0,55.3,57.4,58.6,57.0,56.2,59.7,57.4,58.9,51.7,53.7,53.2,53.3,61.0,53.0,57.1,55.8,58.0,59.8,53.4,53.5,55.7,56.8,52.5,55.8,62.0,49.7,59.2,52.9,56.7,53.2,49.5,51.8,51.1,53.5,50.1,52.4,51.7,47.2,54.4,55.1,51.8,52.6,51.7,57.3,60.8,60.2,57.0,55.6,54.7,56.4,56.4,51.0,61.8,59.2,57.1,53.1,54.4,49.6,50.8,56.1,51.6,55.4,53.1
6802,60.5,57.4,58.9,61.1,60.3,61.7,62.2,60.3,61.9,60.2,63.9,62.2,63.6,59.6,61.7,62.1,60.7,57.2,64.2,65.4,60.6,61.3,63.0,58.3,59.5,61.0,61.3,60.5,59.6,62.8,60.8,61.9,55.3,57.4,56.4,56.6,64.6,56.2,61.2,59.9,61.5,63.1,58.0,56.9,60.0,60.7,57.6,59.5,66.5,55.5,63.6,57.4,62.4,57.1,53.1,55.7,54.7,56.8,53.9,55.6,54.6,52.1,57.8,60.3,55.8,56.7,56.3,60.2,63.7,63.6,62.4,60.6,59.2,60.0,60.6,55.8,65.2,62.2,59.9,57.4,58.3,54.2,54.1,58.6,55.1,58.9,56.4
6803,64.3,60.3,61.5,64.9,63.3,64.4,65.0,63.3,64.5,62.5,66.5,65.0,66.1,61.8,64.4,64.5,63.5,60.1,66.8,67.7,63.4,63.7,65.5,61.3,62.9,64.0,63.7,63.5,62.5,65.0,63.6,64.1,58.4,60.1,59.0,59.3,67.5,59.2,64.7,62.9,64.7,65.5,61.8,59.7,63.7,63.6,61.7,62.6,69.8,59.4,67.2,61.7,66.7,60.1,56.2,58.7,57.4,59.5,57.1,58.4,57.4,56.1,60.7,63.8,59.9,59.8,60.3,62.4,66.0,65.9,66.4,64.3,62.7,62.7,63.6,59.6,67.7,64.4,62.5,60.8,61.9,58.5,56.7,60.6,58.1,61.6,59.2
6804,67.0,62.3,63.3,68.0,65.8,66.7,67.4,65.5,66.2,64.4,68.3,67.0,67.8,63.7,66.7,66.3,65.7,62.6,68.4,69.2,65.6,65.6,67.6,63.7,65.8,66.5,65.5,65.6,64.5,66.9,65.9,66.0,60.9,62.4,61.2,61.7,70.0,61.4,67.5,65.3,67.2,67.3,64.9,62.1,66.3,65.9,64.9,65.1,72.4,62.7,69.7,65.3,70.0,62.3,58.3,61.0,59.4,61.5,59.7,60.4,60.0,59.4,62.9,66.6,63.8,62.3,63.6,64.3,67.6,67.6,69.0,67.2,65.5,64.9,66.2,62.5,69.2,66.1,64.4,63.6,64.4,61.6,58.9,61.9,60.5,63.6,61.5
6805,68.8,63.7,64.6,70.2,67.5,68.5,69.2,67.1,67.3,65.7,69.4,68.1,68.9,65.1,68.3,67.6,67.1,64.3,69.7,70.2,67.1,66.8,69.1,65.6,67.8,68.3,66.9,67.1,66.0,68.3,67.4,67.0,62.8,64.1,63.0,63.3,71.8,62.8,69.6,66.9,69.2,68.5,67.1,64.1,68.4,67.6,66.9,66.5,74.3,64.8,71.2,67.6,72.4,64.0,59.6,62.5,60.7,62.9,61.8,62.0,62.0,62.0,64.6,68.4,66.9,63.9,66.3,65.7,69.0,68.9,70.9,69.6,67.3,66.8,68.2,64.2,70.2,67.2,66.0,65.8,66.3,64.1,60.6,62.8,62.2,65.1,63.3
6806,69.8,64.5,65.2,71.7,68.7,69.5,70.4,68.2,67.9,66.5,70.2,69.0,69.8,66.0,69.4,68.2,68.1,65.2,70.3,71.0,67.9,67.6,70.1,66.7,69.2,69.5,67.6,68.0,67.0,68.8,68.3,67.6,64.0,65.3,64.3,64.3,73.3,63.5,71.1,67.8,70.7,68.9,68.5,65.5,69.8,68.6,68.2,67.4,75.4,66.2,71.9,68.9,73.7,64.7,60.5,63.5,61.5,64.0,63.2,62.8,63.2,63.9,65.9,69.6,69.1,64.6,68.3,66.5,69.7,69.5,71.7,71.1,68.7,68.0,69.4,65.2,70.9,68.0,66.9,67.2,67.5,65.7,61.7,63.0,63.5,66.0,64.3
6807,70.3,64.4,65.1,72.5,69.1,70.0,70.7,68.7,67.9,66.8,70.3,69.3,69.8,66.2,69.6,68.2,68.4,65.4,70.1,70.8,68.3,67.7,70.2,67.1,69.6,69.9,68.1,68.3,67.3,68.9,68.6,67.5,64.4,65.8,64.8,64.8,73.1,63.5,71.8,68.1,71.5,68.8,69.3,66.1,70.1,68.6,68.8,67.5,75.7,66.8,72.3,69.2,74.3,64.7,60.7,63.7,61.7,64.1,64.1,62.9,63.7,65.2,66.2,69.9,70.5,64.7,69.2,66.8,69.8,69.7,72.0,72.0,69.0,68.7,69.9,65.7,70.8,68.1,67.0,67.9,68.0,66.2,62.0,62.8,64.2,66.4,64.6
6808,69.2,63.2,64.1,72.3,68.7,69.4,70.2,68.2,67.2,66.3,69.6,68.9,69.0,66.0,69.1,67.6,67.9,64.8,69.2,69.9,67.9,67.0,69.9,66.7,69.3,69.6,67.8,67.6,66.8,68.3,68.4,66.8,64.1,65.4,64.4,64.5,72.1,62.1,71.8,67.6,71.5,67.4,69.1,65.8,69.1,67.4,68.4,66.7,74.5,66.4,71.7,68.6,73.7,63.4,60.5,62.9,61.5,63.8,64.4,62.3,62.9,65.7,65.5,69.4,70.8,63.9,69.0,66.4,69.0,69.0,71.5,71.8,68.0,68.7,69.3,65.0,70.0,67.2,66.5,67.8,67.8,66.1,61.8,61.9,64.1,66.0,64.2
6809,65.4,59.7,59.9,71.3,67.2,68.2,68.7,66.6,65.0,64.6,67.4,67.5,66.4,64.6,67.6,65.7,66.3,61.7,66.8,67.0,66.2,65.2,68.0,65.1,68.0,68.0,66.5,66.0,65.1,66.4,66.9,64.5,62.7,63.7,63.2,62.9,69.3,58.6,70.6,65.3,70.3,63.7,67.8,64.2,65.8,63.8,66.6,63.9,70.5,65.0,70.3,66.4,72.1,59.6,59.2,60.8,60.2,62.1,63.6,59.6,60.5,64.9,62.8,66.7,69.3,61.2,66.8,65.1,67.0,66.7,69.6,70.7,65.4,67.3,66.3,63.2,67.3,64.9,64.8,66.5,66.4,64.8,60.2,59.8,62.9,64.5,62.7
6810,59.4,54.8,54.1,67.6,63.8,65.0,65.1,62.2,61.6,61.0,62.9,63.9,61.2,61.7,63.6,62.0,61.5,56.5,62.3,62.3,62.0,61.5,63.7,61.1,63.7,63.7,64.1,62.1,60.3,62.5,63.0,59.9,58.6,60.1,60.0,59.3,63.1,53.8,67.1,59.8,67.5,57.4,63.6,59.6,60.4,58.3,62.2,58.3,64.6,60.5,66.4,62.9,67.8,54.1,56.3,57.1,56.6,58.4,61.1,55.0,58.1,61.5,58.5,60.3,65.2,56.0,60.3,62.3,62.4,62.3,64.3,67.2,59.8,62.4,59.5,58.4,61.8,60.3,61.0,62.3,62.2,61.0,54.4,57.2,59.4,60.9,58.2
6811,56.1,52.0,51.4,62.8,60.7,62.2,62.2,58.3,59.5,59.0,59.9,60.8,58.5,59.4,60.8,59.9,57.3,53.8,59.5,59.8,58.9,59.0,60.5,58.1,58.9,59.2,62.3,59.2,57.3,59.8,59.7,57.8,54.9,56.9,57.4,55.8,60.2,51.2,62.3,56.1,64.5,55.0,59.0,55.5,57.6,55.2,58.9,55.5,61.2,54.8,62.0,60.4,61.6,51.5,54.0,54.5,53.7,55.9,57.6,53.5,55.6,56.3,55.0,55.7,61.8,53.0,56.5,60.5,59.5,59.3,59.7,60.8,56.5,58.3,55.7,53.9,59.2,57.8,58.8,57.2,58.6,56.7,48.7,55.6,56.0,58.1,54.5
6812,53.7,50.1,49.5,59.8,58.7,60.7,60.4,56.5,58.1,57.8,58.3,58.8,56.9,57.9,59.2,58.5,55.4,52.1,57.8,58.2,57.2,57.4,58.8,56.6,56.7,57.5,60.8,57.5,55.5,58.3,57.9,56.8,52.9,55.0,56.0,54.1,57.9,49.5,60.1,53.2,62.3,53.5,56.6,53.2,55.8,52.7,55.8,53.2,57.8,51.8,59.0,57.9,58.0,50.1,52.2,52.2,51.6,54.2,54.8,52.0,54.0,53.1,52.6,52.4,58.9,50.7,54.5,59.1,58.2,57.8,57.0,57.8,53.9,55.9,53.3,51.4,57.4,56.2,57.4,54.9,56.8,54.2,47.7,54.5,53.9,56.3,52.4
6813,51.7,48.9,48.1,57.5,57.0,59.4,59.0,55.3,57.1,56.9,57.0,57.2,55.7,56.8,58.1,57.4,54.4,50.9,56.4,56.9,55.8,56.2,57.7,55.4,55.0,56.4,59.6,56.1,54.4,57.4,56.4,55.8,51.7,53.4,54.7,52.7,56.6,48.0,58.4,51.3,60.7,52.4,54.6,52.1,53.9,51.0,53.2,51.1,55.2,50.1,56.6,55.6,55.8,48.9,51.0,50.5,50.4,52.6,53.1,51.1,52.8,51.3,51.2,49.7,56.5,48.8,52.1,58.0,57.2,56.5,55.0,55.9,51.4,54.1,50.8,49.6,56.1,55.2,56.0,53.5,55.3,52.1,47.3,53.5,52.4,54.7,51.1
6814,50.0,47.9,46.9,55.9,55.7,58.4,57.8,54.3,56.1,56.0,55.9,56.3,54.6,55.7,57.0,56.5,53.4,49.6,55.3,56.1,54.9,55.3,56.7,54.5,53.9,55.3,58.6,55.0,53.4,56.5,55.5,54.9,50.8,52.1,53.4,51.7,55.2,46.7,56.9,49.7,59.2,51.4,53.2,51.2,52.1,49.8,51.0,49.3,52.4,48.2,54.4,53.3,54.1,47.7,50.3,48.8,49.5,51.5,51.7,50.2,51.5,49.5,49.9,48.0,54.5,47.6,50.1,57.0,56.2,55.4,53.4,54.5,49.6,52.6,48.9,48.0,54.9,54.2,55.1,52.1,54.0,50.6,47.3,52.8,51.3,53.6,50.2
6815,48.2,47.0,45.9,54.5,54.7,57.3,56.7,53.2,55.2,55.0,54.8,55.2,53.8,54.9,56.0,55.4,52.5,48.7,54.4,55.1,54.0,54.5,55.9,53.5,52.8,54.3,57.6,54.2,52.6,55.6,54.6,54.5,49.8,51.4,52.3,50.9,54.3,45.9,56.0,48.4,57.9,50.5,51.9,50.0,50.4,48.5,49.1,47.8,50.4,46.5,52.6,51.5,52.4,46.5,49.4,47.3,48.7,50.7,50.7,49.2,50.7,48.0,48.8,45.7,52.6,46.6,48.1,56.1,55.4,54.6,52.0,53.0,48.1,51.2,47.3,46.3,54.0,53.3,54.3,51.1,53.1,49.5,46.9,51.8,50.4,52.5,49.4
6816,46.9,46.3,44.8,53.3,53.8,56.1,55.6,52.5,54.4,54.2,54.0,54.2,53.0,54.2,55.0,54.8,51.9,47.4,53.5,54.2,53.2,53.7,55.2,52.9,52.1,53.5,56.7,53.5,51.8,54.8,53.9,53.8,48.9,50.5,51.6,50.2,53.3,45.2,54.8,47.2,56.1,49.7,50.7,49.0,49.0,47.7,47.3,46.4,48.3,44.8,51.0,49.8,50.9,45.3,48.7,46.3,48.1,49.7,49.8,48.3,49.7,46.9,47.9,43.9,51.0,45.2,46.7,55.2,54.6,53.6,50.5,51.7,46.5,50.0,46.2,44.7,53.3,52.5,53.6,50.3,52.4,48.3,46.3,51.3,49.4,51.7,48.8
6817,45.2,45.4,43.8,52.1,53.1,55.2,54.8,51.6,53.4,53.4,53.2,53.5,52.4,53.5,54.3,54.0,51.2,46.5,52.8,53.5,52.5,53.1,54.5,51.9,51.2,52.9,56.0,52.6,51.1,54.1,53.2,53.1,48.2,49.8,50.8,49.6,52.6,44.4,54.2,46.5,55.2,49.0,49.7,48.1,47.4,46.6,46.0,45.3,46.7,43.6,49.8,48.2,49.0,44.4,48.0,45.1,47.4,49.0,48.7,47.3,48.8,45.7,46.9,42.6,49.7,44.1,45.0,54.6,53.9,53.0,49.0,50.6,45.3,48.8,45.0,43.4,52.6,52.0,52.9,49.5,51.5,47.2,45.7,50.6,48.6,50.8,48.1
6818,43.8,44.4,43.2,51.2,52.5,54.5,54.0,50.8,52.8,52.8,52.7,52.9,51.8,52.8,53.6,53.5,50.7,45.7,52.1,52.8,51.7,52.5,53.7,51.3,50.6,52.2,55.2,51.9,50.5,53.6,52.4,52.6,47.3,49.1,50.1,48.8,51.9,43.6,53.2,45.7,53.9,48.4,48.9,47.4,46.1,45.5,44.7,44.2,45.2,42.2,48.8,46.8,47.4,43.6,47.3,44.5,46.7,48.2,48.1,46.3,48.2,44.8,46.3,41.2,48.5,43.4,43.9,53.9,53.4,52.4,47.5,49.5,44.1,47.8,43.7,42.2,52.1,51.3,52.3,48.6,50.6,46.2,45.2,50.0,47.9,50.2,47.5
6819,42.8,43.8,42.5,50.2,51.8,53.7,53.2,50.5,52.1,52.0,52.1,52.3,51.3,52.1,52.8,53.1,50.0,44.8,51.6,52.2,50.9,52.0,52.8,50.5,49.6,51.6,54.7,51.2,49.7,53.1,51.6,52.2,46.6,48.6,49.5,48.1,51.3,43.0,52.3,44.6,52.6,48.1,48.2,46.3,44.9,44.6,43.7,43.4,44.1,41.1,47.7,45.7,46.3,42.6,46.6,43.8,46.0,47.3,47.4,45.5,47.5,43.8,45.7,39.8,47.4,42.6,42.7,53.1,52.8,51.9,45.8,48.5,43.1,46.8,42.6,41.1,51.6,50.8,51.6,47.7,49.7,45.0,44.7,49.4,47.1,49.7,46.8
6820,41.9,43.2,42.0,49.5,51.4,53.1,52.7,49.9,51.7,51.4,51.7,51.7,50.8,51.6,52.2,52.7,49.1,44.2,51.1,51.7,50.5,51.4,52.5,49.9,49.0,51.0,53.9,50.6,49.3,52.6,51.0,51.6,45.9,48.0,49.0,47.6,50.7,42.4,51.5,43.7,51.7,47.7,47.3,45.4,44.3,43.9,42.7,42.5,43.1,40.2,46.8,44.7,45.0,42.0,45.8,42.9,45.3,46.9,46.5,45.1,46.7,42.9,44.9,38.6,46.6,41.8,41.5,52.4,52.2,51.5,44.7,47.9,42.1,45.8,41.7,40.0,51.2,50.4,51.2,47.0,49.1,44.2,44.0,48.9,46.4,49.1,46.3
6821,41.4,43.1,41.7,48.7,50.7,52.6,52.3,49.3,51.2,51.0,51.2,51.2,50.5,51.0,51.7,52.1,48.8,43.5,50.7,51.3,49.9,50.9,52.1,49.4,48.4,50.5,53.3,50.2,48.9,52.4,50.6,51.3,45.4,47.5,48.5,47.1,50.2,41.9,50.7,43.0,51.0,47.5,46.4,44.3,43.5,43.1,42.0,41.7,42.4,39.0,46.1,43.6,44.0,41.4,45.2,42.2,44.8,46.5,45.8,44.5,46.1,42.0,44.3,37.8,46.0,41.2,40.8,51.9,51.6,51.1,43.5,46.8,41.2,45.1,40.8,39.3,50.9,49.9,50.8,46.2,48.5,43.3,43.4,48.6,46.0,48.5,45.8
6822,40.6,42.7,41.4,48.0,50.2,52.3,51.8,48.8,50.6,50.6,51.0,50.9,50.1,50.5,51.2,51.8,48.6,43.2,50.3,50.8,49.7,50.6,51.7,48.8,47.8,49.9,52.9,49.9,48.4,52.0,50.1,50.9,44.9,47.1,48.1,46.6,49.2,41.8,49.9,42.6,50.1,46.9,45.7,43.7,43.0,42.6,41.2,40.8,41.2,38.4,45.3,43.0,43.3,40.9,44.7,41.6,44.3,46.2,45.2,43.8,45.6,41.4,44.0,36.9,45.3,40.7,39.6,51.4,51.3,50.9,42.5,46.4,40.8,44.8,40.1,38.5,50.5,49.7,50.3,45.6,47.7,42.7,42.9,48.3,45.4,48.1,45.3
6823,44.3,44.4,44.4,47.7,49.9,52.2,51.6,48.7,51.1,50.8,52.0,51.1,51.5,50.5,51.1,52.0,49.0,44.7,51.3,52.9,49.8,50.8,51.8,48.5,47.3,49.9,53.0,49.7,48.7,52.4,50.2,51.8,44.6,46.9,47.9,46.7,51.6,43.3,49.3,44.7,50.7,50.3,45.2,44.0,45.6,45.1,42.3,44.5,46.0,37.7,45.2,44.0,43.7,43.4,44.1,42.5,44.0,46.1,44.7,44.5,46.4,40.8,45.1,39.9,45.0,41.5,39.8,51.3,52.5,52.1,43.1,45.8,43.4,45.1,43.9,38.3,52.3,51.0,50.2,45.3,47.3,42.0,42.6,49.7,45.1,48.1,45.1
6824,50.1,49.5,50.7,50.4,52.5,54.5,54.6,52.3,54.5,53.7,56.2,54.2,55.6,53.0,54.2,55.3,53.0,49.9,55.8,56.9,53.2,53.9,55.1,51.0,50.1,53.1,55.2,52.7,52.5,55.6,53.3,55.2,47.6,49.7,50.0,49.7,56.2,48.7,52.1,50.6,54.0,55.6,48.0,48.6,50.4,51.2,47.2,50.9,54.8,42.7,51.9,48.1,50.1,48.5,46.1,47.0,47.0,49.4,46.1,48.7,49.0,42.3,49.9,48.1,48.1,47.2,45.9,53.7,56.6,56.1,50.4,48.9,49.1,50.7,51.1,44.4,56.9,54.8,53.3,48.1,49.9,44.5,46.4,52.6,47.5,51.2,48.7
6825,55.5,53.7,55.5,55.8,56.4,57.8,58.2,56.1,58.1,56.8,59.9,57.9,59.6,56.3,58.0,58.6,56.8,53.8,59.7,61.1,56.9,57.5,59.1,54.6,54.9,57.0,58.1,56.5,55.8,59.0,56.9,58.2,51.4,53.5,53.0,53.1,60.6,53.0,56.7,55.3,57.5,59.6,53.1,52.9,55.4,56.6,51.8,55.7,61.9,49.3,58.7,52.8,56.1,53.2,49.2,51.5,50.8,53.2,49.9,52.1,51.5,46.8,54.1,55.0,51.7,52.4,51.5,56.8,60.1,59.5,56.5,55.1,54.5,55.8,56.4,50.6,61.1,58.6,56.5,52.9,54.0,49.1,50.9,55.7,51.3,55.1,52.7
6826,60.2,57.3,59.1,60.9,60.0,61.2,61.6,60.0,61.2,59.7,63.2,61.6,63.0,59.1,61.2,61.5,60.2,57.1,63.5,64.6,60.1,60.6,62.3,58.1,59.1,60.6,60.9,60.1,59.2,62.0,60.3,61.2,55.2,57.2,56.2,56.4,64.3,56.3,60.8,59.5,61.1,63.0,57.8,56.5,59.8,60.6,57.0,59.5,66.4,55.2,63.3,57.4,61.7,57.3,53.0,55.4,54.6,56.5,53.9,55.2,54.5,51.7,57.5,60.3,55.7,56.4,56.3,59.7,62.9,62.8,61.9,60.3,59.2,59.5,60.7,55.6,64.5,61.5,59.4,57.2,58.1,53.9,54.2,58.3,55.0,58.6,56.1
6827,64.1,60.2,61.8,64.8,63.1,63.9,64.5,63.0,63.7,62.1,65.7,64.4,65.5,61.3,64.0,63.9,63.1,60.0,66.0,66.8,63.0,63.1,64.8,61.2,62.7,63.7,63.2,63.1,62.1,64.3,63.2,63.4,58.5,60.0,58.8,59.2,67.3,59.2,64.5,62.5,64.3,65.4,61.6,59.3,63.6,63.5,61.3,62.7,69.7,59.2,67.1,61.8,66.1,60.5,56.2,58.4,57.3,59.4,57.2,58.1,57.4,55.8,60.4,63.9,59.9,59.6,60.4,61.9,65.2,65.2,66.0,64.0,62.8,62.3,63.8,59.5,66.9,63.7,62.0,60.8,61.7,58.5,56.9,60.3,58.0,61.4,59.1
6828,66.9,62.1,63.6,67.9,65.6,66.4,66.9,65.3,65.4,64.0,67.5,66.3,67.1,63.2,66.3,65.7,65.3,62.4,67.6,68.3,65.3,65.0,67.0,63.5,65.7,66.2,65.1,65.2,64.3,66.1,65.5,65.2,61.0,62.4,61.0,61.6,69.8,61.4,67.3,65.0,66.9,67.4,64.8,61.9,66.3,65.8,64.5,65.2,72.4,62.6,69.7,65.4,69.5,62.7,58.2,60.6,59.4,61.5,59.7,60.1,60.0,59.2,62.7,66.7,63.7,62.0,63.8,63.9,66.9,66.8,68.6,67.1,65.5,64.5,66.3,62.4,68.4,65.5,64.0,63.7,64.4,61.8,59.1,61.6,60.5,63.5,61.4
6829,68.8,63.5,64.9,70.1,67.3,68.1,68.8,66.9,66.6,65.4,68.6,67.5,68.3,64.7,68.0,67.0,66.8,64.2,68.9,69.3,66.8,66.2,68.5,65.5,67.8,68.1,66.5,66.8,65.7,67.5,67.1,66.3,62.9,64.0,62.9,63.2,71.7,62.7,69.5,66.6,69.0,68.5,67.1,63.9,68.4,67.6,66.7,66.6,74.4,64.8,71.2,67.8,72.0,64.4,59.7,62.2,60.7,63.0,61.9,61.7,61.9,61.8,64.3,68.5,66.7,63.7,66.5,65.3,68.2,68.1,70.5,69.5,67.4,66.4,68.3,64.2,69.4,66.5,65.6,65.8,66.3,64.3,60.8,62.5,62.3,65.0,63.2
6830,69.8,64.4,65.5,71.6,68.6,69.2,70.0,68.1,67.2,66.3,69.4,68.4,69.1,65.7,69.1,67.7,67.8,65.2,69.5,70.0,67.7,67.1,69.5,66.6,69.2,69.2,67.3,67.8,66.8,68.1,68.1,66.9,64.1,65.2,64.1,64.2,73.2,63.4,71.0,67.7,70.5,68.9,68.5,65.3,69.8,68.4,68.0,67.6,75.5,66.3,71.9,69.1,73.4,65.1,60.5,63.1,61.5,64.1,63.3,62.5,63.1,63.7,65.7,69.7,69.0,64.4,68.4,66.1,68.9,68.7,71.4,71.0,68.7,67.6,69.5,65.3,70.1,67.3,66.5,67.3,67.5,66.0,61.8,62.8,63.7,65.9,64.3
6831,70.3,64.3,65.3,72.5,69.0,69.6,70.4,68.6,67.2,66.6,69.5,68.7,69.1,66.0,69.3,67.7,68.2,65.3,69.3,69.8,68.1,67.2,69.7,67.1,69.5,69.7,67.9,68.1,67.2,68.1,68.4,66.8,64.6,65.8,64.7,64.6,72.9,63.4,71.7,68.0,71.3,68.8,69.3,65.9,70.1,68.4,68.6,67.7,75.8,66.8,72.3,69.5,74.1,65.1,60.7,63.3,61.7,64.2,64.2,62.6,63.5,65.1,65.9,70.1,70.4,64.5,69.3,66.5,69.0,68.9,71.7,71.9,69.0,68.4,70.1,65.8,70.1,67.4,66.7,68.0,68.1,66.5,62.1,62.5,64.3,66.3,64.7
6832,69.1,63.0,64.1,72.4,68.6,69.1,69.9,68.2,66.5,66.1,68.8,68.3,68.4,65.7,68.8,67.1,67.7,64.6,68.4,69.0,67.7,66.6,69.3,66.7,69.3,69.4,67.6,67.4,66.6,67.6,68.2,66.1,64.3,65.3,64.2,64.3,71.9,62.0,71.7,67.5,71.3,67.4,69.1,65.7,69.0,67.3,68.2,66.9,74.5,66.4,71.7,68.8,73.5,63.8,60.4,62.5,61.5,63.9,64.5,62.0,62.8,65.6,65.2,69.6,70.7,63.7,69.2,66.2,68.2,68.3,71.2,71.7,68.1,68.4,69.5,65.1,69.2,66.6,66.2,68.0,67.8,66.3,61.8,61.6,64.2,65.9,64.2
6833,65.1,59.4,59.7,71.3,67.1,67.9,68.4,66.5,64.4,64.3,66.6,66.9,65.7,64.3,67.3,65.3,66.0,61.4,66.0,66.1,65.9,64.7,67.5,65.1,67.9,67.8,66.3,65.7,64.9,65.8,66.7,63.8,62.7,63.6,63.0,62.7,69.0,58.5,70.6,65.1,70.1,63.5,67.9,64.1,65.5,63.5,66.4,63.9,70.4,65.0,70.4,66.7,72.0,59.6,59.2,60.4,60.2,62.0,63.7,59.2,60.4,64.8,62.4,66.7,69.3,60.9,66.8,64.8,66.2,66.0,69.5,70.7,65.3,67.0,66.3,63.2,66.5,64.2,64.5,66.6,66.4,65.0,60.2,59.4,63.0,64.3,62.6
6834,58.9,54.5,53.7,67.4,63.5,64.6,64.7,61.8,61.0,60.6,62.2,63.4,60.7,61.4,63.2,61.6,61.0,56.3,61.5,61.5,61.6,61.0,63.2,60.9,63.5,63.3,63.8,61.7,59.9,61.8,62.7,59.3,58.4,59.8,59.7,59.0,62.7,53.6,66.9,59.7,67.3,57.1,63.4,59.3,60.0,57.9,61.9,58.3,64.4,60.3,66.4,63.1,67.5,54.0,56.2,56.8,56.4,58.3,61.1,54.7,57.9,61.3,58.2,60.3,65.0,55.7,60.3,61.9,61.7,61.6,63.9,67.0,59.5,62.0,59.6,58.2,61.1,59.8,60.6,62.1,62.0,61.0,54.2,56.9,59.3,60.7,57.9
6835,55.6,51.6,51.0,62.5,60.3,61.8,61.7,57.9,58.9,58.6,59.4,60.3,58.1,59.0,60.5,59.5,56.8,53.7,58.8,59.1,58.4,58.5,59.9,57.9,58.7,58.6,61.9,58.9,56.8,59.1,59.3,57.4,54.7,56.5,57.0,55.4,59.8,51.0,62.1,55.8,64.3,54.7,58.7,55.2,57.2,54.8,58.6,55.5,61.1,54.6,61.9,60.5,61.2,51.3,53.9,54.3,53.6,55.7,57.6,53.2,55.4,56.1,54.8,55.7,61.7,52.7,56.5,60.1,58.8,58.8,59.3,60.4,56.2,57.8,55.7,53.9,58.6,57.5,58.4,56.8,58.4,56.5,48.7,55.2,55.7,57.8,54.1
6836,53.1,49.7,49.1,59.4,58.2,60.3,59.9,55.9,57.6,57.3,57.8,58.4,56.5,57.5,58.8,58.1,54.9,52.0,57.2,57.6,56.7,56.9,58.3,56.4,56.3,56.9,60.3,57.0,55.0,57.7,57.5,56.3,52.7,54.6,55.6,53.7,57.5,49.2,59.8,52.8,62.0,53.2,56.2,52.8,55.4,52.2,55.3,53.2,57.6,51.6,58.9,58.0,57.6,49.9,52.1,52.0,51.5,54.0,54.7,51.9,53.9,53.0,52.4,52.4,58.7,50.5,54.4,58.8,57.6,57.3,56.5,57.5,53.5,55.5,53.3,51.4,56.9,55.9,56.9,54.5,56.6,54.0,47.7,54.2,53.6,56.0,51.9
6837,51.2,48.5,47.7,57.1,56.6,59.0,58.4,54.7,56.6,56.5,56.6,56.8,55.3,56.4,57.7,57.0,53.8,50.8,55.9,56.3,55.4,55.7,57.3,55.2,54.6,55.8,59.2,55.7,54.0,56.7,56.0,55.3,51.3,53.0,54.3,52.3,56.2,47.8,58.2,50.8,60.3,52.0,54.2,51.7,53.5,50.5,52.8,51.0,55.0,49.8,56.5,55.7,55.4,48.5,51.0,50.2,50.2,52.4,53.0,51.0,52.7,51.2,51.0,49.6,56.4,48.6,52.2,57.6,56.6,56.1,54.5,55.5,50.9,53.6,50.8,49.5,55.6,54.9,55.6,53.0,55.0,51.8,47.3,53.1,52.0,54.4,50.6
6838,49.4,47.6,46.5,55.5,55.3,57.9,57.2,53.7,55.6,55.6,55.5,55.9,54.3,55.3,56.6,56.1,52.9,49.5,54.8,55.5,54.4,54.8,56.2,54.2,53.6,54.7,58.1,54.6,53.0,55.9,55.0,54.5,50.5,51.6,53.0,51.2,54.8,46.5,56.7,49.3,58.9,51.0,52.7,50.9,51.7,49.3,50.5,49.2,52.1,47.9,54.2,53.4,53.7,47.3,50.2,48.5,49.3,51.3,51.7,50.0,51.5,49.3,49.8,47.9,54.5,47.4,50.2,56.6,55.7,54.9,52.9,54.0,49.0,52.1,48.9,47.9,54.5,53.9,54.7,51.7,53.7,50.2,47.4,52.5,51.0,53.2,49.7
6839,47.6,46.7,45.4,54.0,54.2,56.8,56.2,52.7,54.7,54.7,54.5,54.8,53.4,54.6,55.6,55.0,52.1,48.6,53.9,54.6,53.5,54.0,55.3,53.2,52.4,53.8,57.2,53.8,52.2,55.0,54.1,54.1,49.5,50.9,51.9,50.3,53.9,45.7,55.6,48.0,57.6,50.1,51.4,49.7,50.0,48.0,48.6,47.6,50.0,46.3,52.4,51.5,52.1,46.0,49.3,47.2,48.7,50.5,50.8,49.1,50.7,47.8,48.8,45.6,52.6,46.4,48.1,55.7,54.8,54.1,51.5,52.5,47.6,50.7,47.3,46.2,53.6,53.1,53.8,50.5,52.7,49.0,46.9,51.5,50.0,52.1,49.0
6840,46.4,46.0,44.3,52.8,53.3,55.6,55.1,52.0,53.8,53.9,53.6,53.8,52.7,53.8,54.6,54.4,51.5,47.4,53.0,53.7,52.7,53.2,54.7,52.6,51.7,52.9,56.4,53.1,51.3,54.1,53.5,53.3,48.5,50.1,51.1,49.7,52.9,44.9,54.5,46.7,55.8,49.4,50.3,48.7,48.7,47.2,46.8,46.3,48.0,44.6,50.8,49.8,50.5,44.8,48.7,46.1,48.1,49.6,49.9,48.1,49.8,46.7,47.9,43.9,51.0,45.1,46.7,54.9,54.1,53.2,50.1,51.2,46.0,49.5,46.3,44.7,52.8,52.3,53.1,49.6,51.9,47.8,46.4,51.0,49.0,51.3,48.4
6841,44.6,45.2,43.3,51.5,52.7,54.7,54.3,51.1,52.9,53.1,52.8,53.0,52.1,53.1,53.9,53.7,50.8,46.5,52.3,53.0,52.0,52.6,54.0,51.7,50.8,52.3,55.6,52.2,50.6,53.5,52.7,52.7,47.8,49.4,50.4,49.1,52.3,44.1,53.8,46.0,54.9,48.8,49.3,47.8,47.0,46.1,45.4,45.1,46.6,43.2,49.7,48.1,48.6,43.8,47.9,45.0,47.4,48.8,48.8,47.1,48.9,45.5,46.9,42.5,49.7,43.9,44.9,54.2,53.4,52.5,48.6,50.0,44.7,48.4,45.0,43.2,52.2,51.8,52.5,48.8,51.0,46.6,45.9,50.4,48.2,50.5,47.8
6842,43.2,44.1,42.7,50.7,52.0,54.1,53.5,50.3,52.2,52.4,52.3,52.4,51.4,52.4,53.1,53.1,50.3,45.7,51.7,52.3,51.3,51.9,53.3,51.0,50.1,51.7,54.9,51.5,49.9,52.9,51.9,52.1,46.9,48.7,49.6,48.3,51.7,43.4,52.7,45.2,53.6,48.2,48.5,47.1,45.7,45.1,44.2,44.1,45.2,41.9,48.6,46.8,47.0,43.1,47.3,44.4,46.7,48.1,48.2,46.2,48.3,44.7,46.3,41.0,48.5,43.4,43.9,53.6,52.9,51.8,47.1,48.9,43.6,47.4,43.8,42.0,51.7,50.9,51.9,48.0,50.1,45.6,45.3,49.7,47.5,49.8,47.1
6843,42.1,43.6,41.9,49.7,51.3,53.2,52.7,49.9,51.5,51.6,51.6,51.7,50.9,51.7,52.4,52.7,49.5,44.9,51.2,51.8,50.5,51.5,52.4,50.1,49.1,51.1,54.2,50.8,49.2,52.5,51.1,51.6,46.2,48.1,49.0,47.6,51.0,42.8,51.8,44.2,52.2,47.8,47.7,45.8,44.5,44.2,43.2,43.3,44.0,40.9,47.5,45.6,45.8,42.2,46.6,43.7,45.9,47.2,47.5,45.3,47.6,43.7,45.7,39.4,47.4,42.6,42.7,52.7,52.3,51.3,45.4,47.8,42.6,46.5,42.6,40.9,51.2,50.5,51.1,47.0,49.2,44.4,44.9,49.2,46.7,49.3,46.5
6844,41.2,42.9,41.4,48.9,50.8,52.7,52.1,49.3,51.1,51.0,51.2,51.1,50.4,51.2,51.7,52.3,48.6,44.4,50.6,51.2,50.0,50.8,52.0,49.5,48.6,50.4,53.5,50.2,48.8,51.9,50.5,51.0,45.5,47.5,48.5,47.2,50.4,42.3,51.1,43.3,51.3,47.3,46.7,45.0,43.8,43.4,42.3,42.5,43.1,39.9,46.6,44.6,44.5,41.5,45.8,42.8,45.4,46.8,46.6,44.9,46.9,42.8,45.0,38.4,46.6,41.9,41.5,52.0,51.7,50.9,44.3,47.1,41.6,45.5,41.7,39.9,50.7,50.0,50.8,46.3,48.5,43.6,44.2,48.7,46.0,48.6,45.8
6845,40.7,42.9,41.1,48.1,50.2,52.1,51.8,48.6,50.5,50.5,50.8,50.7,50.0,50.6,51.3,51.8,48.3,43.7,50.2,50.8,49.4,50.4,51.7,49.0,47.9,49.9,52.9,49.8,48.3,51.7,50.0,50.7,44.9,47.0,48.1,46.7,49.9,41.9,50.2,42.6,50.6,47.1,45.9,44.0,43.0,42.6,41.6,41.7,42.4,38.6,45.8,43.6,43.7,40.9,45.2,42.2,44.8,46.5,45.9,44.3,46.3,42.0,44.5,37.5,46.0,41.3,40.8,51.5,51.1,50.5,43.0,46.1,40.8,44.9,40.7,39.1,50.4,49.6,50.4,45.5,47.9,42.7,43.4,48.4,45.6,48.1,45.3
6846,40.0,42.7,40.8,47.4,49.6,51.7,51.3,48.2,50.0,50.1,50.5,50.4,49.7,50.1,50.8,51.4,48.1,43.4,49.8,50.3,49.1,50.1,51.2,48.3,47.3,49.3,52.4,49.4,47.8,51.3,49.5,50.4,44.4,46.6,47.7,46.0,48.8,41.8,49.5,42.1,49.8,46.6,45.1,43.4,42.5,42.0,40.8,40.8,41.4,38.1,45.1,42.9,42.8,40.4,44.8,41.5,44.3,46.2,45.2,43.7,45.8,41.4,44.1,36.6,45.3,40.7,39.6,51.0,50.7,50.3,41.9,45.7,40.4,44.6,40.0,38.2,50.0,49.3,49.8,44.8,47.2,42.1,43.0,48.1,45.0,47.6,44.8
6847,43.5,44.1,43.8,47.1,49.2,51.6,51.1,48.1,50.4,50.3,51.5,50.6,51.0,50.0,50.6,51.7,48.3,44.7,50.8,52.3,49.3,50.3,51.2,47.9,46.8,49.2,52.4,49.3,48.0,51.7,49.6,51.3,44.2,46.3,47.5,46.2,51.2,43.1,48.9,44.1,50.3,50.0,44.6,43.6,45.0,44.5,41.8,44.4,46.0,37.3,44.9,43.9,43.2,42.9,44.1,42.3,44.0,46.1,44.7,44.2,46.4,40.8,45.1,39.5,45.0,41.3,39.7,50.8,51.9,51.4,42.4,45.2,42.9,44.8,43.7,38.0,51.8,50.6,49.8,44.6,46.7,41.4,42.7,49.4,44.7,47.6,44.6
6848,49.4,49.2,50.3,49.9,52.0,54.0,54.1,51.7,53.9,53.3,55.8,53.7,55.3,52.6,53.8,54.8,52.4,49.8,55.3,56.3,52.7,53.4,54.6,50.5,49.7,52.6,54.7,52.3,51.9,55.0,52.7,54.6,47.1,49.2,49.6,49.2,55.9,48.5,51.7,50.3,53.7,55.4,47.4,48.3,50.0,50.8,46.7,50.9,54.9,42.2,51.6,48.0,49.6,48.1,46.1,46.7,47.0,49.3,46.0,48.4,48.9,42.2,49.8,47.8,48.0,46.9,45.8,53.3,55.9,55.6,49.9,48.4,48.7,50.5,51.0,44.2,56.4,54.4,52.8,47.5,49.4,43.9,46.3,52.4,47.1,50.7,48.2
6849,54.9,53.5,55.3,55.5,56.0,57.4,57.8,55.7,57.4,56.4,59.4,57.4,59.2,55.9,57.6,58.1,56.4,53.8,59.2,60.5,56.5,57.1,58.7,54.2,54.5,56.5,57.6,56.3,55.4,58.5,56.4,57.7,51.1,53.0,52.6,52.7,60.5,52.8,56.4,55.1,57.2,59.6,52.6,52.6,55.1,56.3,51.5,55.7,62.1,48.9,58.5,52.8,55.7,53.1,49.2,51.1,50.8,53.2,49.8,51.8,51.4,46.7,54.0,54.9,51.6,52.1,51.5,56.4,59.5,59.1,56.1,54.7,54.1,55.6,56.5,50.5,60.6,58.1,56.2,52.4,53.6,48.6,50.7,55.5,51.0,54.6,52.4
6850,59.7,57.1,58.9,60.7,59.6,60.9,61.3,59.6,60.7,59.4,62.7,61.1,62.6,58.7,60.9,61.1,59.9,57.0,63.0,63.9,59.9,60.2,61.9,57.8,58.9,60.4,60.5,59.9,58.8,61.6,60.0,60.8,55.0,56.9,55.9,56.1,64.3,56.1,60.7,59.3,60.8,63.0,57.6,56.2,59.6,60.4,56.8,59.7,66.6,55.0,63.2,57.5,61.4,57.2,52.9,55.1,54.6,56.5,53.8,54.9,54.3,51.6,57.4,60.3,55.6,56.2,56.1,59.3,62.5,62.4,61.6,60.1,59.0,59.3,60.8,55.6,63.9,61.1,59.1,56.9,57.9,53.7,54.2,58.0,54.7,58.3,55.8
6851,63.7,60.0,61.6,64.6,62.8,63.7,64.3,62.9,63.3,61.8,65.3,64.0,65.0,61.0,63.8,63.5,62.8,59.9,65.5,66.3,62.8,62.8,64.5,60.9,62.6,63.5,63.0,63.0,61.8,64.0,63.0,63.1,58.3,59.8,58.6,58.9,67.2,59.0,64.5,62.4,64.1,65.4,61.5,59.1,63.4,63.3,61.1,62.9,70.0,59.2,67.1,61.9,65.8,60.5,56.2,58.1,57.3,59.3,57.1,57.8,57.2,55.8,60.3,64.0,59.7,59.3,60.2,61.6,64.8,64.8,65.9,64.0,62.6,62.1,63.9,59.4,66.3,63.3,61.7,60.6,61.6,58.3,56.8,60.1,57.9,61.1,58.9
6852,66.5,61.9,63.3,67.7,65.4,66.1,66.7,65.1,65.0,63.7,67.1,65.9,66.8,63.0,66.1,65.3,65.0,62.3,67.1,67.8,65.0,64.7,66.7,63.4,65.6,66.1,64.8,65.1,64.0,65.9,65.3,64.9,60.9,62.2,60.8,61.3,69.7,61.2,67.4,64.9,66.8,67.3,64.8,61.6,66.1,65.6,64.4,65.4,72.6,62.7,69.6,65.6,69.2,62.7,58.2,60.3,59.4,61.5,59.7,59.7,59.8,59.1,62.5,66.7,63.5,61.8,63.6,63.6,66.5,66.4,68.5,67.1,65.4,64.4,66.5,62.3,67.8,65.1,63.7,63.6,64.3,61.6,59.1,61.5,60.4,63.2,61.3
6853,68.4,63.3,64.6,70.0,67.2,67.9,68.6,66.8,66.3,65.2,68.3,67.2,67.9,64.4,67.8,66.7,66.6,64.0,68.5,68.8,66.6,65.9,68.2,65.3,67.7,68.0,66.3,66.7,65.6,67.2,66.9,66.0,62.8,63.8,62.6,62.9,71.6,62.4,69.6,66.5,68.8,68.5,67.0,63.7,68.1,67.3,66.6,66.9,74.6,64.8,71.1,68.0,71.8,64.4,59.7,61.8,60.7,63.0,62.0,61.3,61.6,61.7,64.1,68.6,66.6,63.4,66.3,65.0,67.9,67.8,70.4,69.5,67.2,66.3,68.5,64.2,68.8,66.1,65.3,65.7,66.2,64.3,60.8,62.4,62.2,64.7,63.0
6854,69.5,64.2,65.3,71.5,68.5,69.0,69.8,68.0,66.9,66.1,69.0,68.1,68.8,65.4,68.9,67.4,67.6,65.0,69.1,69.5,67.5,66.7,69.4,66.5,69.2,69.1,67.1,67.6,66.5,67.8,67.9,66.6,64.0,65.1,63.9,64.0,73.1,63.2,71.1,67.5,70.3,68.9,68.3,65.1,69.5,68.1,67.9,67.7,75.8,66.3,71.9,69.3,73.2,65.1,60.5,62.8,61.5,64.1,63.3,62.1,62.9,63.5,65.4,69.8,68.8,64.2,68.3,65.8,68.6,68.4,71.2,71.0,68.5,67.5,69.7,65.3,69.6,66.9,66.2,67.2,67.5,65.9,61.8,62.7,63.5,65.6,64.1
6855,69.9,64.1,65.1,72.3,68.9,69.5,70.1,68.5,66.9,66.3,69.0,68.4,68.7,65.7,69.1,67.3,67.9,65.1,68.8,69.3,67.9,66.9,69.6,67.1,69.5,69.6,67.6,68.0,66.9,68.0,68.3,66.6,64.5,65.6,64.4,64.4,72.9,63.1,71.8,67.8,71.0,68.7,69.2,65.7,69.8,68.1,68.5,67.8,76.0,66.8,72.2,69.6,73.9,65.0,60.7,63.0,61.8,64.3,64.3,62.3,63.2,64.9,65.6,70.2,70.3,64.2,69.2,66.2,68.7,68.5,71.6,71.8,68.8,68.2,70.2,65.8,69.6,66.9,66.4,68.0,68.0,66.6,62.1,62.5,64.2,66.0,64.5
6856,68.6,62.9,63.9,72.2,68.5,68.9,69.7,68.1,66.2,65.8,68.3,68.0,68.0,65.4,68.6,66.8,67.4,64.2,67.8,68.4,67.4,66.2,69.2,66.6,69.3,69.3,67.3,67.3,66.4,67.5,67.9,65.8,64.1,65.1,64.0,64.1,71.8,61.8,71.7,67.2,70.9,67.3,68.9,65.5,68.5,67.0,68.1,67.0,74.7,66.4,71.8,68.9,73.4,63.7,60.4,62.2,61.5,63.9,64.5,61.6,62.5,65.4,64.9,69.7,70.6,63.4,69.0,65.9,68.0,67.9,71.1,71.6,67.7,68.2,69.6,65.0,68.7,66.0,65.9,68.0,67.9,66.3,61.9,61.5,64.1,65.5,64.0
6857,64.4,59.2,59.3,71.1,67.0,67.7,68.2,66.4,64.0,64.0,66.1,66.6,65.3,64.0,67.1,64.9,65.7,60.9,65.4,65.4,65.6,64.3,67.2,65.0,67.8,67.6,65.9,65.6,64.6,65.6,66.3,63.5,62.6,63.4,62.6,62.4,68.8,58.2,70.5,64.7,69.7,63.2,67.6,63.9,64.9,63.2,66.2,63.9,70.4,65.0,70.3,66.7,71.8,59.3,59.1,60.0,60.0,62.0,63.6,58.6,60.0,64.6,62.1,66.7,69.0,60.4,66.5,64.4,65.9,65.6,69.3,70.6,64.9,66.8,66.3,63.2,66.0,63.7,64.2,66.6,66.4,65.0,60.2,59.3,62.9,64.0,62.3
6858,58.4,54.2,53.4,67.1,63.3,64.4,64.4,61.6,60.6,60.3,61.8,63.1,60.4,61.0,63.0,61.2,60.6,55.9,61.0,61.0,61.2,60.5,62.8,60.6,63.1,63.0,63.5,61.5,59.5,61.5,62.3,59.0,58.1,59.3,59.3,58.5,62.4,53.3,66.6,59.2,66.8,56.8,63.0,59.0,59.4,57.6,61.6,58.4,64.5,60.2,66.3,63.1,67.3,53.6,56.1,56.5,56.3,58.1,61.0,54.3,57.6,60.9,57.9,60.1,64.8,55.4,60.0,61.5,61.3,61.3,63.6,66.7,59.0,61.6,59.5,58.1,60.7,59.4,60.2,61.9,61.8,60.7,54.0,56.8,59.0,60.3,57.5
6859,55.1,51.3,50.7,62.2,59.9,61.6,61.4,57.6,58.6,58.3,59.1,60.0,57.9,58.7,60.3,59.1,56.3,53.5,58.4,58.6,58.0,58.1,59.6,57.7,58.3,58.3,61.5,58.7,56.4,58.8,58.9,57.1,54.2,56.1,56.6,54.9,59.4,50.7,61.8,55.4,63.8,54.4,58.4,54.8,56.8,54.4,58.3,55.6,61.2,54.5,61.8,60.6,61.0,51.0,53.9,54.0,53.4,55.5,57.4,52.9,55.1,55.9,54.6,55.5,61.4,52.5,56.2,59.7,58.6,58.6,59.0,60.2,55.8,57.4,55.7,53.8,58.2,57.1,58.0,56.7,58.2,56.3,48.7,55.2,55.3,57.5,53.7
6860,52.7,49.3,48.8,59.1,57.9,60.1,59.6,55.6,57.2,57.0,57.6,58.1,56.3,57.2,58.6,57.8,54.4,51.9,56.8,57.2,56.3,56.5,57.9,56.2,56.0,56.5,59.9,56.8,54.6,57.3,57.0,56.0,52.3,54.2,55.1,53.2,57.0,48.9,59.5,52.5,61.6,53.0,55.9,52.5,55.1,51.8,55.1,53.1,57.6,51.4,58.8,58.0,57.3,49.5,52.0,51.7,51.3,53.9,54.5,51.5,53.7,52.9,52.3,52.3,58.5,50.3,54.0,58.4,57.4,57.1,56.2,57.1,53.2,55.2,53.3,51.3,56.5,55.6,56.6,54.3,56.4,53.7,47.7,54.1,53.1,55.6,51.4
6861,50.9,48.1,47.3,56.7,56.3,58.7,58.1,54.3,56.3,56.2,56.4,56.5,55.2,56.1,57.4,56.7,53.4,50.8,55.6,55.9,55.1,55.3,56.9,55.0,54.4,55.5,58.7,55.5,53.6,56.4,55.6,55.0,50.9,52.6,53.8,51.8,55.7,47.4,57.9,50.6,59.9,51.8,53.9,51.4,53.2,50.2,52.4,50.9,55.0,49.6,56.4,55.6,55.1,48.2,50.9,49.9,50.0,52.2,52.9,50.7,52.5,51.0,50.9,49.4,56.2,48.5,52.0,57.2,56.3,55.8,54.3,55.2,50.6,53.2,50.7,49.5,55.2,54.5,55.3,52.8,54.8,51.5,47.4,53.1,51.7,54.0,50.0
6862,49.2,47.2,46.2,55.1,55.0,57.7,56.9,53.3,55.2,55.3,55.3,55.6,54.1,55.0,56.4,55.7,52.4,49.5,54.5,55.0,54.0,54.3,55.8,54.0,53.4,54.4,57.7,54.3,52.7,55.5,54.7,54.1,50.0,51.2,52.6,50.6,54.3,46.1,56.4,49.0,58.5,50.9,52.4,50.6,51.2,49.0,50.1,49.0,52.1,47.7,54.0,53.3,53.5,46.9,50.1,48.3,49.2,51.2,51.6,49.7,51.3,49.1,49.7,47.8,54.3,47.1,50.0,56.2,55.4,54.6,52.6,53.7,48.6,51.7,48.8,47.9,54.1,53.5,54.3,51.5,53.5,49.8,47.3,52.3,50.6,52.9,49.1
6863,47.3,46.4,45.1,53.6,54.0,56.6,55.9,52.3,54.3,54.4,54.2,54.4,53.2,54.2,55.3,54.7,51.6,48.7,53.5,54.1,53.1,53.6,54.9,53.0,52.3,53.5,56.8,53.4,51.9,54.5,53.7,53.6,49.1,50.5,51.4,49.9,53.6,45.3,55.4,47.8,57.2,49.9,51.1,49.4,49.6,47.7,48.2,47.4,49.9,46.1,52.2,51.4,51.8,45.6,49.3,46.9,48.6,50.4,50.7,48.8,50.5,47.6,48.7,45.4,52.5,46.2,48.0,55.3,54.4,53.8,51.3,52.1,47.2,50.4,47.1,46.2,53.2,52.7,53.5,50.3,52.5,48.6,46.8,51.5,49.6,51.8,48.4
6864,46.2,45.6,43.9,52.5,53.0,55.3,54.8,51.6,53.4,53.5,53.3,53.5,52.5,53.5,54.2,54.1,51.0,47.5,52.6,53.3,52.3,52.8,54.3,52.3,51.5,52.7,55.9,52.7,50.9,53.7,53.0,52.9,48.1,49.6,50.6,49.1,52.6,44.6,54.2,46.5,55.5,49.2,50.0,48.5,48.3,46.9,46.4,46.1,47.9,44.4,50.6,49.7,50.3,44.5,48.7,45.9,47.9,49.4,49.7,47.8,49.6,46.6,47.8,43.6,50.8,44.9,46.5,54.4,53.7,52.8,49.8,50.8,45.6,49.2,46.2,44.8,52.4,51.9,52.7,49.3,51.7,47.4,46.4,51.0,48.6,51.0,47.8
6865,44.4,44.8,43.0,51.3,52.3,54.4,53.9,50.6,52.5,52.8,52.5,52.6,51.8,52.7,53.5,53.4,50.3,46.6,51.8,52.5,51.6,52.2,53.6,51.4,50.6,52.0,55.2,51.9,50.2,53.0,52.3,52.2,47.3,48.9,49.9,48.5,52.0,43.8,53.4,45.7,54.6,48.6,48.9,47.6,46.6,45.7,45.1,45.0,46.4,43.0,49.5,48.0,48.4,43.4,47.9,44.7,47.3,48.7,48.7,46.8,48.8,45.4,46.8,42.2,49.5,43.7,44.8,53.8,52.9,52.2,48.3,49.6,44.3,48.0,44.9,43.1,51.8,51.3,52.0,48.4,50.8,46.3,45.8,50.4,47.8,50.0,47.1
6866,42.9,43.7,42.2,50.4,51.6,53.8,53.1,49.8,51.8,52.1,52.0,52.0,51.1,52.0,52.8,52.8,49.8,45.7,51.2,51.9,50.9,51.5,52.8,50.7,49.9,51.4,54.4,51.1,49.4,52.5,51.5,51.7,46.5,48.1,49.2,47.7,51.3,43.0,52.4,44.9,53.2,47.9,48.1,46.8,45.3,44.7,43.9,44.0,45.0,41.7,48.5,46.6,46.8,42.6,47.2,44.2,46.6,47.9,48.0,45.8,48.2,44.6,46.2,40.7,48.4,43.1,43.7,53.1,52.4,51.5,46.8,48.6,43.3,47.0,43.5,42.0,51.3,50.5,51.4,47.5,49.8,45.1,45.1,49.7,47.1,49.4,46.4
6867,41.8,43.3,41.4,49.4,50.9,52.8,52.3,49.4,51.1,51.2,51.3,51.3,50.5,51.3,52.1,52.3,48.9,44.9,50.7,51.3,50.1,51.0,51.9,49.8,48.9,50.8,53.8,50.5,48.7,52.0,50.6,51.2,45.8,47.5,48.5,47.1,50.6,42.4,51.5,43.9,51.9,47.6,47.4,45.5,44.1,43.8,42.9,43.2,44.1,40.7,47.4,45.5,45.6,41.6,46.6,43.5,45.9,47.1,47.3,45.1,47.5,43.5,45.6,39.1,47.3,42.4,42.5,52.3,51.8,50.9,45.1,47.6,42.2,46.3,42.4,40.9,50.8,50.0,50.7,46.6,48.9,43.9,44.7,49.2,46.3,48.8,45.8
6868,40.9,42.6,41.0,48.6,50.3,52.3,51.8,48.8,50.7,50.6,50.8,50.7,49.9,50.7,51.4,51.9,48.1,44.4,50.1,50.7,49.6,50.3,51.6,49.1,48.3,50.1,53.1,49.9,48.3,51.5,50.1,50.6,45.1,46.8,48.0,46.6,50.1,42.0,50.9,43.0,50.9,47.1,46.4,44.8,43.4,43.0,42.0,42.3,43.1,39.8,46.5,44.4,44.3,41.0,45.9,42.7,45.3,46.7,46.4,44.7,46.8,42.5,44.9,38.1,46.5,41.7,41.4,51.6,51.2,50.4,44.0,46.8,41.1,45.2,41.5,40.0,50.3,49.6,50.3,45.7,48.1,43.1,44.0,48.7,45.6,48.2,45.2
6869,40.3,42.5,40.7,47.9,49.7,51.9,51.4,48.1,50.1,50.1,50.4,50.2,49.5,50.1,50.9,51.3,47.8,43.7,49.7,50.2,48.9,49.9,51.2,48.5,47.6,49.6,52.4,49.4,47.8,51.3,49.6,50.3,44.4,46.3,47.6,46.1,49.6,41.6,50.1,42.2,50.2,47.0,45.5,43.7,42.6,42.2,41.2,41.5,42.3,38.5,45.7,43.4,43.4,40.3,45.3,42.0,44.8,46.4,45.6,44.1,46.2,41.8,44.4,37.3,45.8,41.1,40.7,51.0,50.6,49.9,42.6,45.9,40.3,44.7,40.5,39.0,50.0,49.1,49.9,45.0,47.5,42.2,43.2,48.3,45.2,47.6,44.7
6870,39.5,42.2,40.4,47.2,49.1,51.5,51.0,47.6,49.6,49.6,50.1,49.9,49.2,49.6,50.5,51.0,47.6,43.4,49.3,49.8,48.7,49.6,50.7,47.8,47.1,48.9,51.9,49.0,47.4,50.9,49.0,50.0,44.0,45.9,47.2,45.5,48.5,41.3,49.4,41.6,49.4,46.4,44.7,43.0,42.0,41.6,40.4,40.7,41.3,37.9,44.9,42.7,42.6,39.8,44.8,41.3,44.3,46.1,45.0,43.4,45.7,41.2,44.0,36.3,45.2,40.5,39.6,50.6,50.2,49.7,41.4,45.4,39.8,44.4,39.8,38.2,49.6,48.8,49.3,44.3,46.7,41.5,42.8,48.1,44.6,47.1,44.2
6871,42.9,43.6,43.2,46.8,48.7,51.3,50.7,47.5,49.9,49.8,51.0,50.1,50.4,49.5,50.3,51.1,47.8,44.5,50.2,51.7,48.8,49.7,50.8,47.4,46.5,48.9,51.9,48.9,47.5,51.2,49.1,50.8,43.7,45.7,46.9,45.7,50.9,42.6,48.7,43.6,49.8,49.7,44.2,43.3,44.4,44.0,41.4,44.2,45.6,37.2,44.7,43.6,42.9,42.3,44.2,42.1,44.0,45.9,44.5,43.9,46.2,40.6,44.9,39.1,45.0,41.1,39.6,50.4,51.3,50.8,41.9,44.9,42.2,44.5,43.4,38.0,51.3,50.0,49.3,44.0,46.3,40.7,42.4,49.4,44.2,47.0,44.0
6872,48.7,48.7,49.8,49.5,51.5,53.7,53.7,51.2,53.4,52.9,55.2,53.2,54.7,52.1,53.5,54.4,51.9,49.6,54.7,55.7,52.3,53.0,54.3,50.0,49.3,52.2,54.3,51.9,51.4,54.5,52.2,54.2,46.7,48.6,49.0,48.7,55.6,48.2,51.4,49.8,53.2,55.1,47.0,48.0,49.4,50.2,46.3,50.8,54.9,42.0,51.4,47.8,49.3,47.5,46.1,46.3,47.0,49.2,45.7,48.0,48.7,41.9,49.4,47.5,47.9,46.5,45.6,52.8,55.5,55.0,49.4,48.1,48.0,50.2,50.8,44.1,55.9,53.8,52.4,46.9,49.0,43.3,46.0,52.3,46.6,50.1,47.6
6873,54.3,53.2,54.9,55.1,55.6,57.2,57.6,55.3,56.9,56.1,58.9,56.9,58.7,55.6,57.4,57.8,55.9,53.5,58.5,59.9,56.2,56.7,58.3,53.8,54.1,56.2,57.2,55.9,54.9,58.2,56.0,57.3,50.7,52.5,52.1,52.2,60.2,52.5,56.2,54.6,56.7,59.2,52.2,52.5,54.5,55.7,51.1,55.6,62.1,48.9,58.3,52.6,55.4,52.6,49.2,50.7,50.8,53.2,49.6,51.4,51.2,46.4,53.5,54.6,51.4,51.7,51.2,56.0,59.0,58.4,55.6,54.3,53.5,55.4,56.3,50.6,60.1,57.5,55.7,51.9,53.2,48.0,50.5,55.3,50.5,54.1,51.8
6874,59.1,56.8,58.5,60.2,59.2,60.7,61.1,59.2,60.2,59.1,62.1,60.6,62.0,58.4,60.7,60.7,59.6,56.7,62.3,63.3,59.6,59.8,61.6,57.4,58.5,60.0,60.2,59.6,58.4,61.3,59.7,60.3,54.6,56.4,55.3,55.7,64.0,55.9,60.4,58.8,60.3,62.6,57.0,56.1,59.0,59.8,56.5,59.6,66.6,55.0,63.1,57.4,61.1,56.8,53.0,54.6,54.6,56.5,53.6,54.4,54.0,51.3,56.9,60.0,55.4,55.6,55.9,58.9,62.0,61.8,61.2,59.7,58.4,59.2,60.6,55.7,63.4,60.5,58.7,56.4,57.3,53.1,54.0,57.8,54.3,57.8,55.4
6875,63.2,59.6,61.2,64.2,62.4,63.5,64.0,62.5,62.8,61.5,64.7,63.6,64.5,60.7,63.6,63.1,62.5,59.5,64.9,65.6,62.5,62.4,64.3,60.5,62.1,63.2,62.7,62.7,61.4,63.7,62.7,62.7,57.9,59.3,58.0,58.5,67.0,58.8,64.2,61.8,63.5,64.9,61.0,59.1,62.9,62.7,60.8,62.9,70.0,59.3,66.9,61.8,65.5,60.1,56.2,57.5,57.3,59.3,56.8,57.2,56.7,55.5,59.7,63.9,59.4,58.8,60.0,61.3,64.4,64.2,65.6,63.6,62.0,62.0,63.8,59.6,65.7,62.8,61.4,60.1,61.0,57.7,56.6,59.9,57.5,60.7,58.5
6876,66.1,61.6,62.9,67.2,65.0,65.9,66.4,64.7,64.6,63.4,66.5,65.6,66.3,62.7,65.9,64.9,64.7,61.8,66.5,67.1,64.6,64.4,66.5,62.9,65.1,65.8,64.5,64.9,63.6,65.7,64.9,64.5,60.4,61.8,60.3,60.9,69.4,61.0,67.1,64.3,66.1,66.8,64.2,61.7,65.6,65.0,64.1,65.4,72.7,62.9,69.5,65.5,69.0,62.3,58.3,59.6,59.4,61.5,59.4,59.1,59.3,58.7,61.9,66.5,63.2,61.2,63.3,63.3,66.1,65.9,68.2,66.6,64.8,64.4,66.4,62.5,67.3,64.6,63.4,63.1,63.7,61.1,58.9,61.3,60.0,62.8,60.8
6877,67.9,63.0,64.1,69.4,66.7,67.6,68.3,66.3,65.9,64.8,67.8,66.8,67.6,64.1,67.5,66.3,66.2,63.5,68.0,68.1,66.2,65.6,68.0,64.8,67.2,67.6,66.0,66.3,65.1,67.0,66.5,65.7,62.3,63.4,62.3,62.6,71.2,62.3,69.2,65.8,68.1,67.9,66.4,63.8,67.6,66.6,66.3,66.8,74.6,64.9,71.1,67.8,71.6,64.0,59.7,61.2,60.9,63.0,61.6,60.6,61.0,61.3,63.5,68.4,66.2,62.8,66.0,64.7,67.5,67.3,70.1,68.9,66.7,66.3,68.4,64.3,68.3,65.6,65.0,65.2,65.6,63.8,60.6,62.2,61.7,64.3,62.6
6878,68.9,63.8,64.9,71.0,68.0,68.7,69.4,67.5,66.4,65.7,68.6,67.7,68.4,65.1,68.6,67.1,67.2,64.4,68.6,68.8,67.2,66.4,69.1,65.9,68.5,68.7,66.7,67.3,66.1,67.6,67.5,66.4,63.5,64.6,63.5,63.6,72.7,62.8,70.6,66.9,69.6,68.3,67.8,65.2,69.0,67.5,67.7,67.7,75.8,66.5,71.9,69.1,73.0,64.6,60.4,62.1,61.6,64.1,63.0,61.4,62.2,63.2,64.7,69.6,68.4,63.5,67.9,65.5,68.3,67.9,70.9,70.3,67.9,67.5,69.5,65.5,69.1,66.4,65.8,66.7,66.9,65.5,61.6,62.6,63.0,65.2,63.6
6879,69.4,63.8,64.7,71.7,68.4,69.1,69.7,68.1,66.5,65.9,68.6,68.1,68.4,65.3,68.8,67.0,67.6,64.5,68.4,68.6,67.5,66.6,69.3,66.4,68.8,69.2,67.2,67.6,66.5,67.8,67.9,66.3,64.0,65.2,64.0,64.0,72.6,62.9,71.4,67.1,70.4,68.2,68.6,65.7,69.2,67.5,68.3,67.8,76.0,66.9,72.2,69.5,73.7,64.6,60.8,62.3,61.8,64.3,63.9,61.5,62.5,64.5,65.0,70.1,69.8,63.5,68.8,65.9,68.4,68.1,71.3,71.2,68.3,68.4,70.0,65.9,69.2,66.3,66.0,67.4,67.6,66.2,61.9,62.3,63.7,65.5,64.0
6880,68.2,62.5,63.4,71.6,68.1,68.5,69.3,67.6,65.7,65.4,67.8,67.7,67.6,65.1,68.2,66.5,67.0,63.6,67.3,67.8,67.0,65.9,68.9,66.1,68.7,68.9,66.9,66.9,65.9,67.3,67.5,65.6,63.6,64.7,63.5,63.6,71.3,61.5,71.2,66.5,70.3,66.7,68.4,65.6,68.1,66.5,67.9,67.0,74.7,66.5,71.7,68.8,73.1,63.2,60.4,61.5,61.6,63.9,64.1,60.8,61.7,64.9,64.2,69.5,70.1,62.7,68.5,65.5,67.7,67.4,70.8,71.1,67.3,68.3,69.5,65.1,68.2,65.5,65.6,67.5,67.4,65.8,61.5,61.3,63.5,65.0,63.5
6881,63.9,58.7,58.7,70.5,66.6,67.2,67.8,65.9,63.5,63.5,65.6,66.2,64.8,63.6,66.7,64.6,65.2,60.2,64.9,64.8,65.1,63.9,66.9,64.4,67.2,67.3,65.5,65.0,64.0,65.3,65.8,63.1,62.0,62.9,62.1,61.9,68.1,57.9,70.0,64.1,69.1,62.5,67.0,63.8,64.4,62.7,66.0,63.8,70.2,65.1,70.2,66.5,71.6,58.7,59.1,59.2,60.0,61.9,63.1,57.8,59.2,64.1,61.3,66.5,68.5,59.7,66.0,64.0,65.6,65.0,69.0,70.0,64.4,66.8,66.0,63.2,65.5,63.1,63.8,66.1,65.8,64.5,59.8,59.1,62.3,63.4,61.8
6882,57.8,53.7,52.8,66.5,62.9,64.0,64.0,61.1,60.2,59.9,61.3,62.7,59.9,60.6,62.6,61.0,60.0,55.4,60.4,60.4,60.7,60.2,62.5,60.1,62.6,62.7,63.0,61.0,58.9,61.2,61.7,58.6,57.5,58.7,58.8,57.9,61.9,52.9,66.1,58.7,66.2,56.2,62.4,58.8,58.9,57.0,61.4,58.3,64.4,60.1,66.1,62.9,67.0,53.2,56.1,55.7,56.2,58.0,60.4,53.6,56.8,60.4,57.3,59.8,64.2,54.8,59.4,61.1,61.0,60.7,63.3,66.1,58.4,61.6,59.3,58.0,60.2,58.9,59.8,61.3,61.3,60.2,53.4,56.6,58.4,59.7,56.9
6883,54.6,51.0,50.1,61.6,59.6,61.3,61.1,57.3,58.2,57.8,58.5,59.6,57.4,58.3,60.0,58.8,55.9,53.0,57.8,58.0,57.6,57.8,59.2,57.3,57.8,58.1,61.1,58.3,55.9,58.4,58.4,56.8,53.8,55.6,56.1,54.4,58.9,50.3,61.4,54.9,63.4,53.9,57.9,54.7,56.3,53.8,58.0,55.5,61.0,54.5,61.7,60.4,60.6,50.5,53.8,53.2,53.3,55.4,57.0,52.2,54.4,55.5,54.1,55.3,61.0,51.9,55.8,59.4,58.2,58.0,58.7,59.5,55.3,57.5,55.5,53.8,57.7,56.6,57.6,56.3,57.8,55.8,48.3,55.0,54.9,57.0,53.1
6884,52.1,49.0,48.2,58.6,57.6,59.8,59.4,55.3,56.9,56.5,57.1,57.7,55.8,56.8,58.3,57.5,54.0,51.5,56.3,56.6,55.9,56.2,57.6,55.8,55.6,56.3,59.5,56.5,54.2,57.0,56.6,55.6,51.9,53.8,54.7,52.6,56.6,48.5,59.1,52.0,61.1,52.6,55.4,52.5,54.5,51.2,54.8,53.1,57.5,51.4,58.6,57.9,57.0,49.1,52.0,51.0,51.3,53.7,54.1,50.8,53.1,52.4,51.8,52.2,58.2,49.7,53.6,58.0,57.0,56.6,55.9,56.5,52.6,55.3,53.1,51.4,56.1,55.1,56.1,53.9,56.0,53.2,47.4,53.9,52.7,55.1,51.0
6885,50.3,47.8,46.7,56.3,56.0,58.5,58.0,54.1,55.9,55.7,55.8,56.1,54.8,55.7,57.2,56.3,53.0,50.4,55.0,55.3,54.7,54.9,56.6,54.6,54.0,55.3,58.3,55.2,53.2,56.0,55.2,54.7,50.5,52.2,53.4,51.4,55.2,47.1,57.4,50.2,59.5,51.4,53.4,51.4,52.7,49.8,52.2,50.8,54.8,49.6,56.2,55.5,54.9,47.8,50.8,49.3,50.0,52.1,52.5,50.1,51.9,50.5,50.4,49.2,55.8,47.8,51.7,56.8,56.0,55.4,54.0,54.7,50.0,53.3,50.5,49.5,54.8,54.0,54.9,52.4,54.4,51.1,47.1,53.0,51.2,53.6,49.5
6886,48.7,46.9,45.6,54.7,54.7,57.5,56.7,53.2,54.8,54.9,54.8,55.1,53.6,54.6,56.1,55.4,52.1,49.2,53.9,54.5,53.7,53.9,55.6,53.6,53.1,54.2,57.2,54.1,52.3,55.2,54.4,53.7,49.7,50.9,52.2,50.3,53.9,45.8,56.0,48.6,58.2,50.5,52.0,50.5,50.7,48.5,49.9,49.0,52.0,47.7,53.9,53.2,53.3,46.5,50.1,47.7,49.1,51.1,51.3,49.2,50.8,48.8,49.3,47.5,53.9,46.5,49.7,55.9,55.1,54.2,52.3,53.2,48.1,51.9,48.6,47.9,53.6,53.0,53.9,51.0,53.2,49.5,47.1,52.2,50.2,52.5,48.7
6887,46.8,46.0,44.6,53.2,53.8,56.4,55.7,52.1,53.9,54.0,53.7,53.9,52.8,53.8,55.0,54.4,51.3,48.4,52.9,53.5,52.8,53.2,54.6,52.7,51.9,53.4,56.4,53.1,51.6,54.2,53.4,53.3,48.7,50.2,51.1,49.6,53.2,45.0,55.0,47.4,56.8,49.5,50.6,49.3,49.1,47.2,47.9,47.3,49.8,46.1,52.2,51.3,51.6,45.3,49.2,46.4,48.4,50.2,50.3,48.2,50.0,47.3,48.3,45.1,52.2,45.6,47.8,54.8,54.1,53.3,51.0,51.7,46.8,50.5,46.9,46.3,52.7,52.2,53.1,49.9,52.2,48.2,46.7,51.2,49.2,51.4,48.0
6888,45.7,45.2,43.6,52.1,52.9,55.2,54.6,51.4,53.1,53.2,52.7,53.0,52.1,53.1,54.0,53.7,50.8,47.1,52.1,52.7,52.1,52.4,54.0,52.0,51.1,52.5,55.6,52.4,50.7,53.3,52.8,52.5,47.7,49.3,50.3,48.9,52.2,44.2,53.8,46.0,55.1,48.8,49.6,48.4,47.7,46.6,46.2,46.0,47.7,44.4,50.6,49.5,50.1,44.2,48.6,45.4,47.8,49.3,49.4,47.2,49.1,46.1,47.3,43.3,50.6,44.3,46.4,54.1,53.3,52.3,49.5,50.5,45.3,49.2,45.9,44.8,52.0,51.4,52.4,48.9,51.4,47.0,46.2,50.7,48.2,50.7,47.3
6889,44.0,44.4,42.7,51.0,52.2,54.3,53.9,50.5,52.1,52.5,52.0,52.1,51.4,52.4,53.4,53.0,50.1,46.3,51.3,51.9,51.5,51.7,53.4,51.1,50.2,51.9,54.9,51.6,50.0,52.7,52.0,51.9,47.0,48.7,49.6,48.3,51.7,43.5,53.1,45.3,54.2,48.3,48.5,47.5,46.1,45.3,44.8,44.8,46.2,43.0,49.6,47.7,48.3,43.1,47.8,44.3,47.2,48.5,48.4,46.3,48.3,45.0,46.4,41.9,49.3,43.2,44.6,53.5,52.5,51.6,48.1,49.2,43.9,48.1,44.6,43.2,51.3,50.8,51.7,48.0,50.5,45.9,45.7,50.1,47.4,49.8,46.6
6890,42.6,43.4,42.0,50.1,51.4,53.8,53.0,49.7,51.4,51.8,51.5,51.5,50.6,51.7,52.7,52.5,49.6,45.4,50.7,51.3,50.7,51.0,52.7,50.3,49.6,51.2,54.1,50.9,49.2,52.1,51.3,51.4,46.1,47.9,48.8,47.4,51.0,42.8,52.1,44.5,52.8,47.6,47.7,46.6,44.9,44.2,43.6,43.8,44.8,41.7,48.5,46.4,46.7,42.4,47.1,43.7,46.5,47.8,47.6,45.3,47.7,44.2,45.8,40.5,48.1,42.5,43.5,52.9,51.9,50.9,46.5,48.2,42.8,47.0,43.3,42.1,50.7,49.9,51.2,47.1,49.4,44.7,45.0,49.5,46.7,49.2,46.1
6891,41.6,42.9,41.2,49.1,50.8,52.7,52.2,49.2,50.7,50.9,50.7,50.8,50.0,51.1,52.0,52.0,48.8,44.6,50.1,50.7,50.0,50.6,51.8,49.4,48.6,50.7,53.5,50.3,48.5,51.7,50.5,50.8,45.4,47.2,48.2,46.8,50.3,42.1,51.3,43.5,51.4,47.3,47.0,45.4,43.7,43.5,42.6,43.0,43.9,40.8,47.4,45.2,45.4,41.4,46.5,43.1,45.8,47.0,46.9,44.6,47.0,43.1,45.2,38.8,47.0,41.8,42.3,52.1,51.2,50.3,44.9,47.2,41.8,46.2,42.1,41.1,50.3,49.5,50.5,46.3,48.5,43.7,44.5,48.9,45.9,48.6,45.4
6892,40.7,42.3,40.8,48.3,50.1,52.2,51.7,48.6,50.3,50.3,50.3,50.2,49.5,50.5,51.3,51.5,48.0,44.0,49.6,50.1,49.5,50.0,51.4,48.7,48.0,50.0,52.8,49.7,48.2,51.2,50.0,50.3,44.7,46.6,47.7,46.4,49.8,41.7,50.7,42.6,50.5,46.8,45.9,44.6,43.0,42.7,41.7,42.1,42.9,39.8,46.6,44.2,44.1,40.8,45.8,42.2,45.2,46.6,46.0,44.2,46.2,42.2,44.5,37.9,46.3,41.0,41.2,51.3,50.7,49.9,43.7,46.5,40.8,45.1,41.2,40.1,49.7,49.1,50.1,45.4,47.9,42.8,44.0,48.4,45.2,47.9,44.9
6893,40.0,42.1,40.6,47.6,49.5,51.7,51.4,47.9,49.7,49.9,49.9,49.7,49.1,49.8,50.8,51.0,47.8,43.4,49.2,49.7,48.8,49.6,51.1,48.0,47.4,49.5,52.2,49.3,47.7,50.9,49.4,50.0,44.0,46.1,47.2,45.9,49.3,41.1,49.8,41.8,49.8,46.7,45.2,43.5,42.1,41.8,40.9,41.4,42.2,38.6,45.6,43.2,43.2,40.1,45.2,41.6,44.7,46.3,45.3,43.5,45.7,41.4,44.0,37.0,45.6,40.5,40.5,50.8,50.2,49.5,42.3,45.5,39.9,44.6,40.2,39.2,49.4,48.7,49.7,44.6,47.3,41.9,43.1,48.1,44.7,47.4,44.4
6894,39.1,41.8,40.2,46.9,49.0,51.3,50.9,47.5,49.2,49.5,49.6,49.4,48.7,49.4,50.4,50.7,47.5,43.1,48.8,49.2,48.6,49.3,50.7,47.4,46.7,48.7,51.7,48.9,47.2,50.6,48.9,49.7,43.7,45.6,46.9,45.3,48.3,40.9,49.1,41.2,49.1,46.2,44.4,42.9,41.5,41.2,40.0,40.5,41.1,38.0,44.9,42.5,42.3,39.7,44.7,40.9,44.2,46.0,44.7,42.9,45.3,40.9,43.7,36.0,45.0,39.9,39.5,50.3,49.7,49.1,41.1,45.1,39.5,44.3,39.5,38.3,49.0,48.4,49.2,44.0,46.4,41.2,42.6,47.8,44.2,46.9,43.9
6895,42.5,43.1,42.9,46.5,48.5,51.2,50.6,47.3,49.5,49.6,50.4,49.7,49.9,49.3,50.1,50.8,47.7,44.0,49.6,51.1,48.7,49.4,50.7,47.0,46.1,48.6,51.7,48.8,47.3,50.8,48.9,50.4,43.4,45.4,46.6,45.4,50.6,42.1,48.5,43.2,49.5,49.3,43.8,43.1,43.9,43.5,41.0,44.0,45.2,37.2,44.6,43.3,42.6,42.0,44.1,41.5,43.9,45.8,44.3,43.4,45.7,40.3,44.4,38.7,44.7,40.5,39.4,50.2,50.8,50.2,41.5,44.6,41.8,44.4,43.0,38.0,50.7,49.5,49.1,43.8,45.9,40.5,42.3,49.0,43.9,46.8,43.7
6896,48.3,48.2,49.3,49.1,51.2,53.4,53.5,50.9,52.9,52.6,54.6,52.7,54.2,51.8,53.2,54.0,51.8,49.2,54.1,55.1,52.1,52.7,54.1,49.5,48.8,51.9,54.0,51.7,51.1,54.1,52.0,53.8,46.2,48.2,48.6,48.3,55.3,47.5,51.1,49.5,52.8,54.8,46.6,47.9,48.9,49.7,45.9,50.6,54.6,42.1,51.3,47.5,49.0,47.1,45.9,45.8,46.8,49.0,45.4,47.5,48.3,41.5,48.9,47.1,47.6,45.8,45.3,52.5,54.9,54.4,49.0,47.6,47.6,50.0,50.5,44.1,55.3,53.3,52.1,46.5,48.6,43.0,45.7,51.9,46.2,49.8,47.2
6897,53.8,52.5,54.3,54.7,55.2,56.9,57.3,55.0,56.5,55.8,58.3,56.5,58.1,55.2,57.0,57.4,55.7,53.1,57.9,59.4,55.9,56.3,58.0,53.2,53.5,55.8,56.9,55.6,54.6,57.7,55.8,56.9,50.1,52.0,51.5,51.7,59.8,51.8,55.8,54.3,56.3,59.0,51.8,52.3,53.9,55.2,50.7,55.4,61.9,48.8,58.2,52.4,55.2,52.0,49.2,50.2,50.6,53.0,49.2,50.9,50.9,46.0,53.0,54.3,51.1,51.1,50.9,55.7,58.5,57.8,55.3,53.9,53.0,55.3,56.1,50.4,59.5,57.0,55.5,51.4,52.7,47.6,50.2,54.9,50.0,53.7,51.2
6898,58.7,56.1,57.8,59.8,58.8,60.3,60.7,58.8,59.8,58.8,61.6,60.2,61.5,58.1,60.3,60.4,59.4,56.3,61.7,62.7,59.3,59.5,61.3,56.8,57.9,59.6,59.9,59.3,58.1,60.8,59.4,59.9,53.9,55.8,54.7,55.1,63.6,55.2,60.0,58.4,60.0,62.4,56.6,56.0,58.5,59.4,56.1,59.4,66.5,54.9,63.0,57.1,60.9,56.1,52.8,54.1,54.4,56.3,53.1,53.9,53.7,50.8,56.4,59.7,55.1,55.1,55.5,58.6,61.6,61.2,61.0,59.3,57.9,59.1,60.4,55.6,62.8,60.0,58.5,55.8,56.8,52.5,53.7,57.3,53.7,57.4,54.7
6899,62.7,59.0,60.5,63.7,62.0,63.1,63.6,62.0,62.4,61.2,64.1,63.2,64.1,60.4,63.2,62.8,62.2,59.2,64.2,65.0,62.1,62.1,63.9,59.8,61.5,62.7,62.3,62.3,61.0,63.3,62.3,62.3,57.2,58.6,57.4,57.8,66.6,58.1,63.8,61.5,63.1,64.7,60.5,58.9,62.4,62.3,60.5,62.8,69.9,59.1,66.8,61.6,65.4,59.4,56.0,57.1,57.2,59.1,56.3,56.7,56.4,54.9,59.3,63.6,59.1,58.3,59.5,60.9,63.9,63.6,65.4,63.3,61.6,61.9,63.6,59.4,65.2,62.2,61.1,59.5,60.5,57.0,56.2,59.4,56.9,60.2,57.7
6900,65.6,60.9,62.2,66.8,64.5,65.4,65.9,64.2,64.2,63.0,65.9,65.2,65.8,62.4,65.5,64.6,64.3,61.5,66.0,66.5,64.2,64.0,66.2,62.3,64.6,65.2,64.2,64.5,63.1,65.2,64.5,64.2,59.7,61.0,59.6,60.2,68.9,60.3,66.7,63.9,65.8,66.5,63.8,61.5,65.0,64.5,63.8,65.3,72.6,62.6,69.3,65.2,68.9,61.5,58.1,59.3,59.2,61.4,58.8,58.6,59.0,58.2,61.4,66.2,62.9,60.7,62.9,62.9,65.7,65.3,67.9,66.3,64.3,64.2,66.2,62.3,66.7,63.9,63.1,62.5,63.2,60.4,58.5,60.7,59.3,62.2,60.1
6901,67.2,62.3,63.4,69.0,66.2,67.1,67.7,65.8,65.5,64.4,67.3,66.5,67.1,63.7,67.0,65.9,65.8,63.2,67.4,67.5,65.8,65.2,67.6,64.1,66.6,67.0,65.6,65.9,64.7,66.6,66.1,65.3,61.5,62.7,61.5,61.8,70.8,61.5,68.8,65.5,67.7,67.6,65.9,63.5,67.0,66.0,66.1,66.7,74.5,64.8,71.0,67.5,71.4,63.2,59.5,60.8,60.7,62.8,61.1,60.2,60.7,60.8,63.1,68.1,65.9,62.4,65.5,64.4,67.1,66.8,69.8,68.7,66.1,66.2,68.1,64.2,67.7,64.9,64.6,64.5,65.0,63.0,60.2,61.7,61.0,63.7,61.8
6902,68.2,63.1,64.1,70.6,67.4,68.1,68.8,66.9,66.0,65.3,68.0,67.3,67.9,64.7,68.1,66.6,66.8,64.0,68.0,68.2,66.7,66.0,68.6,65.2,68.0,68.2,66.3,66.8,65.6,67.2,67.1,66.0,62.6,63.8,62.6,62.8,72.2,62.0,70.3,66.5,69.3,68.0,67.3,65.0,68.4,67.0,67.5,67.6,75.7,66.2,71.8,68.8,72.9,63.6,60.2,61.7,61.4,63.9,62.5,60.9,61.9,62.7,64.3,69.3,68.1,63.1,67.4,65.1,67.8,67.4,70.7,70.0,67.4,67.4,69.3,65.3,68.5,65.7,65.4,66.0,66.3,64.6,61.1,62.0,62.2,64.6,62.8
6903,68.6,63.0,63.9,71.2,67.8,68.5,69.2,67.5,66.0,65.5,68.0,67.6,67.9,64.9,68.2,66.6,67.1,64.1,67.8,68.0,66.9,66.3,68.8,65.7,68.3,68.6,66.8,67.1,66.0,67.4,67.4,65.9,63.1,64.4,63.2,63.1,72.2,62.0,71.1,66.8,70.1,67.9,68.1,65.5,68.5,66.9,68.0,67.7,76.0,66.7,72.1,69.2,73.5,63.7,60.6,61.8,61.6,64.0,63.4,61.1,62.2,64.0,64.5,69.8,69.5,63.1,68.3,65.4,67.9,67.6,71.1,71.0,67.8,68.2,69.8,65.7,68.5,65.7,65.6,66.7,66.9,65.3,61.4,61.7,62.8,64.9,63.1
6904,67.4,61.7,62.6,71.1,67.4,68.0,68.8,66.9,65.3,65.0,67.3,67.2,67.0,64.6,67.6,66.1,66.5,63.1,66.8,67.1,66.4,65.5,68.4,65.4,68.1,68.3,66.5,66.3,65.4,66.8,66.9,65.1,62.7,63.8,62.7,62.8,71.0,60.7,70.9,66.2,70.0,66.3,67.8,65.3,67.4,65.9,67.6,66.8,74.6,66.3,71.6,68.5,72.9,62.3,60.3,61.0,61.3,63.6,63.7,60.4,61.4,64.5,63.7,69.2,69.8,62.2,68.1,65.0,67.2,66.8,70.6,70.8,66.7,68.1,69.1,64.8,67.6,64.8,65.1,66.8,66.8,64.9,61.0,60.7,62.6,64.3,62.6
6905,63.1,57.9,57.8,70.0,65.9,66.7,67.2,65.1,63.1,63.0,65.0,65.7,64.3,63.2,66.1,64.1,64.7,59.6,64.2,64.1,64.5,63.5,66.4,63.6,66.6,66.6,65.0,64.6,63.4,64.8,65.3,62.6,61.1,62.0,61.3,61.1,67.6,57.1,69.6,63.7,68.8,62.0,66.4,63.5,63.7,62.1,65.8,63.6,69.9,64.7,70.2,66.1,71.3,57.7,58.8,58.7,59.7,61.7,62.7,57.2,58.8,63.6,60.7,66.0,68.2,59.1,65.6,63.5,65.1,64.4,68.7,69.7,63.7,66.6,65.6,62.9,64.8,62.4,63.2,65.4,65.2,63.6,59.3,58.5,61.4,62.6,60.9
6906,57.1,53.2,52.0,65.9,62.3,63.5,63.6,60.4,59.9,59.4,60.9,62.3,59.6,60.1,62.1,60.6,59.6,54.9,59.9,60.0,60.2,59.9,62.0,59.4,61.9,62.0,62.5,60.5,58.3,60.7,61.2,58.3,56.6,57.9,58.0,57.2,61.5,52.2,65.6,58.3,65.9,55.7,61.7,58.5,58.3,56.4,61.1,58.1,64.2,59.7,66.0,62.5,66.6,52.5,55.8,55.2,55.8,57.7,60.0,53.1,56.5,59.9,56.6,59.4,63.8,54.3,59.0,60.7,60.5,60.2,62.9,65.6,57.8,61.4,58.9,57.6,59.7,58.4,59.4,60.5,60.6,59.3,52.9,56.1,57.5,59.0,56.1
6907,53.9,50.5,49.4,61.0,59.1,60.7,60.6,56.8,58.0,57.3,58.2,59.4,57.2,57.8,59.4,58.5,55.6,52.5,57.5,57.6,57.1,57.5,58.8,56.7,57.2,57.6,60.6,57.7,55.6,58.1,57.9,56.5,53.0,55.0,55.5,54.0,58.5,49.7,61.0,54.5,63.2,53.5,57.3,54.5,55.6,53.2,57.7,55.3,60.8,54.1,61.5,59.9,60.2,49.8,53.6,52.8,53.0,55.2,56.5,51.7,54.1,54.9,53.5,54.8,60.6,51.3,55.5,58.9,57.9,57.7,58.4,59.0,54.7,57.3,55.2,53.6,57.3,56.3,57.2,55.5,57.2,55.1,48.0,54.6,54.0,56.3,52.5
6908,51.3,48.5,47.5,58.0,57.1,59.2,58.8,54.7,56.7,56.0,56.8,57.5,55.7,56.4,57.8,57.2,53.7,51.0,56.0,56.2,55.4,55.9,57.3,55.3,55.0,55.8,59.0,56.0,53.8,56.7,56.1,55.4,51.1,53.2,54.1,52.2,56.2,47.9,58.6,51.7,60.9,52.1,54.8,52.3,53.9,50.7,54.6,52.9,57.2,51.0,58.5,57.4,56.7,48.3,51.7,50.5,51.0,53.5,53.7,50.3,52.6,52.0,51.1,51.7,57.8,49.1,53.3,57.6,56.8,56.3,55.6,56.0,52.1,55.1,52.7,51.1,55.8,54.8,55.8,53.2,55.4,52.5,47.1,53.5,52.0,54.5,50.4
6909,49.5,47.3,46.1,55.8,55.5,57.9,57.5,53.5,55.8,55.2,55.7,56.0,54.7,55.2,56.6,56.0,52.7,49.8,54.7,55.0,54.3,54.6,56.4,54.0,53.4,54.8,57.8,54.8,52.7,55.8,54.8,54.5,49.8,51.6,52.8,51.0,54.9,46.4,56.9,49.7,59.2,50.9,52.9,51.2,51.9,49.3,51.9,50.6,54.6,49.3,56.1,55.1,54.7,47.0,50.6,48.7,49.7,51.9,52.1,49.5,51.6,50.1,49.7,48.8,55.5,47.3,51.4,56.4,55.7,55.2,53.7,54.2,49.7,53.2,50.0,49.3,54.5,53.7,54.5,51.7,53.8,50.5,46.7,52.6,50.5,53.0,49.0
6910,47.8,46.4,44.9,54.2,54.3,56.9,56.2,52.6,54.6,54.5,54.7,55.0,53.6,54.2,55.6,55.1,51.9,48.6,53.7,54.2,53.4,53.7,55.3,53.1,52.5,53.8,56.8,53.6,51.9,55.0,53.9,53.6,49.0,50.3,51.7,49.8,53.5,45.2,55.4,48.3,57.9,50.1,51.4,50.4,50.0,47.9,49.7,48.8,51.8,47.4,53.8,52.8,53.0,45.8,49.9,47.2,48.9,50.7,50.8,48.7,50.4,48.4,48.7,47.1,53.6,45.9,49.4,55.4,54.9,54.0,52.1,52.7,47.8,51.8,48.3,47.6,53.3,52.7,53.5,50.3,52.6,48.9,46.7,51.8,49.5,52.0,48.2
6911,46.1,45.5,43.9,52.6,53.4,55.8,55.2,51.7,53.7,53.7,53.6,53.9,52.8,53.4,54.6,54.2,51.1,47.7,52.7,53.2,52.5,53.0,54.3,52.1,51.4,53.0,55.9,52.7,51.2,53.8,53.0,53.2,48.0,49.6,50.6,49.2,52.8,44.4,54.4,47.1,56.5,49.1,50.1,49.1,48.4,46.7,47.8,47.1,49.6,45.7,52.2,51.0,51.3,44.6,49.0,45.9,48.1,49.9,49.9,47.7,49.6,46.9,47.7,44.8,51.9,45.0,47.6,54.4,53.9,53.1,50.7,51.2,46.3,50.3,46.6,45.9,52.6,51.9,52.7,49.2,51.5,47.5,46.2,50.9,48.5,50.9,47.4
6912,45.0,44.7,42.8,51.5,52.5,54.7,54.2,51.0,52.9,52.9,52.6,53.0,52.0,52.7,53.7,53.6,50.5,46.5,51.9,52.4,51.8,52.1,53.6,51.5,50.6,52.2,55.2,52.0,50.3,53.0,52.4,52.4,47.1,48.7,49.8,48.4,51.8,43.7,53.3,45.7,54.8,48.4,49.0,48.2,47.0,46.0,45.9,45.8,47.6,44.0,50.6,49.2,49.9,43.7,48.3,44.9,47.5,48.9,49.0,46.8,48.7,45.8,46.8,43.1,50.2,43.7,46.1,53.6,53.1,52.3,49.3,50.0,44.8,49.1,45.6,44.4,51.8,51.2,52.1,48.2,50.8,46.3,45.7,50.3,47.5,50.2,46.7
6913,43.3,44.0,42.1,50.5,51.8,53.8,53.5,50.1,51.9,52.1,51.9,52.2,51.4,52.0,53.1,52.8,49.9,45.6,51.2,51.7,51.1,51.4,53.1,50.6,49.7,51.5,54.5,51.2,49.6,52.4,51.7,51.7,46.3,48.2,49.1,47.8,51.3,43.0,52.5,44.9,53.8,48.0,48.0,47.3,45.4,44.8,44.5,44.7,46.1,42.6,49.5,47.5,48.0,42.6,47.6,43.8,46.9,48.2,48.1,45.8,47.9,44.7,45.9,41.6,49.1,42.7,44.4,53.1,52.3,51.5,47.7,48.8,43.5,47.9,44.2,42.8,51.2,50.6,51.4,47.3,49.9,45.2,45.3,49.7,46.8,49.3,46.1
6914,42.0,43.1,41.5,49.5,51.1,53.3,52.7,49.3,51.4,51.4,51.4,51.5,50.6,51.4,52.4,52.2,49.4,44.7,50.6,51.0,50.5,50.8,52.4,49.8,49.1,50.8,53.8,50.5,48.8,51.8,51.0,51.3,45.5,47.5,48.4,47.0,50.6,42.4,51.6,44.2,52.5,47.3,47.2,46.4,44.2,43.7,43.3,43.7,44.7,41.3,48.4,46.1,46.3,42.0,46.9,43.2,46.2,47.5,47.4,44.8,47.3,43.9,45.2,40.2,47.9,42.0,43.3,52.4,51.7,50.8,46.3,47.8,42.4,46.9,43.0,41.7,50.6,49.8,50.8,46.4,48.8,44.0,44.6,49.0,46.1,48.7,45.6
6915,41.0,42.6,40.8,48.5,50.4,52.3,51.9,48.9,50.6,50.6,50.7,50.8,50.1,50.8,51.7,51.7,48.6,44.0,50.0,50.5,49.7,50.3,51.6,48.9,48.1,50.3,53.1,50.0,48.2,51.3,50.2,50.7,44.7,46.8,47.7,46.4,49.9,41.8,50.9,43.2,51.1,47.0,46.4,45.2,43.1,43.0,42.3,42.8,43.8,40.3,47.3,45.0,45.1,41.2,46.3,42.6,45.5,46.7,46.7,44.2,46.6,42.9,44.6,38.6,46.8,41.3,42.1,51.6,51.0,50.3,44.7,46.7,41.3,46.1,41.8,40.7,50.2,49.4,50.1,45.7,47.9,43.1,44.2,48.5,45.3,48.1,44.9
6916,40.1,42.1,40.4,47.8,49.7,51.8,51.4,48.3,50.1,50.0,50.3,50.2,49.6,50.2,51.0,51.3,47.8,43.4,49.5,49.9,49.2,49.7,51.2,48.2,47.5,49.6,52.5,49.4,47.9,50.9,49.7,50.2,44.1,46.1,47.2,46.0,49.4,41.3,50.3,42.3,50.1,46.6,45.3,44.5,42.5,42.2,41.3,42.0,42.9,39.4,46.5,44.0,43.7,40.5,45.5,41.7,45.0,46.2,45.8,43.8,45.9,41.9,43.9,37.6,46.1,40.6,41.0,50.9,50.5,49.8,43.3,46.1,40.3,45.0,40.9,39.8,49.7,49.0,49.7,44.8,47.3,42.4,43.7,48.0,44.6,47.5,44.4
6917,39.4,41.8,40.3,47.1,49.1,51.3,51.1,47.6,49.5,49.6,49.9,49.7,49.2,49.5,50.4,50.8,47.6,42.8,49.1,49.5,48.6,49.3,50.8,47.5,46.8,49.1,51.8,49.0,47.5,50.6,49.1,49.9,43.5,45.7,46.8,45.5,48.9,40.8,49.4,41.5,49.5,46.5,44.6,43.4,41.7,41.4,40.7,41.2,42.0,38.2,45.5,43.0,42.8,39.9,45.0,41.1,44.4,46.0,45.2,43.1,45.4,41.2,43.4,36.8,45.4,40.0,40.3,50.3,50.0,49.5,41.8,45.2,39.6,44.5,39.9,38.9,49.4,48.6,49.4,44.1,46.7,41.6,42.8,47.7,44.3,47.0,43.9
6918,38.7,41.4,39.9,46.5,48.6,51.0,50.6,47.2,49.0,49.2,49.6,49.3,48.9,49.2,50.0,50.4,47.4,42.5,48.8,49.1,48.4,48.9,50.4,47.0,46.1,48.4,51.3,48.7,46.9,50.3,48.7,49.6,43.2,45.2,46.5,44.9,47.9,40.5,48.8,40.9,48.8,45.9,43.8,42.8,41.1,40.7,39.7,40.3,41.0,37.6,44.8,42.3,41.9,39.4,44.5,40.6,44.0,45.6,44.6,42.6,44.9,40.7,43.1,35.8,44.8,39.5,39.3,49.8,49.6,49.2,40.7,44.8,39.1,44.2,39.2,38.0,49.0,48.3,48.9,43.5,45.9,40.9,42.5,47.4,43.8,46.5,43.5
6919,42.0,42.7,42.4,46.1,48.1,50.8,50.3,47.0,49.2,49.2,50.3,49.5,49.9,49.0,49.8,50.5,47.5,43.4,49.5,50.8,48.4,49.0,50.4,46.5,45.6,48.2,51.3,48.5,47.0,50.4,48.6,50.1,42.9,44.9,46.1,45.0,50.2,41.6,48.1,42.8,49.2,49.1,43.3,42.9,43.4,43.0,40.7,43.6,44.9,36.8,44.4,43.0,42.2,41.7,43.9,41.2,43.6,45.5,44.2,42.9,45.3,40.1,43.9,38.3,44.5,40.0,39.1,49.7,50.5,50.1,41.1,44.4,41.4,44.3,42.6,37.6,50.6,49.3,48.8,43.4,45.4,40.2,42.1,48.7,43.5,46.4,43.3
6920,47.9,47.8,48.8,48.7,50.7,52.9,53.0,50.4,52.4,52.1,54.3,52.4,53.9,51.4,52.7,53.4,51.3,48.6,53.8,54.7,51.7,52.1,53.6,49.0,48.2,51.4,53.5,51.2,50.7,53.5,51.6,53.2,45.7,47.6,48.1,47.8,54.9,47.0,50.6,49.1,52.5,54.7,46.1,47.7,48.6,49.4,45.5,50.3,54.3,41.6,51.1,47.3,48.6,46.7,45.6,45.4,46.6,48.7,45.2,47.0,47.9,41.1,48.3,46.7,47.3,45.3,45.0,52.0,54.4,54.1,48.6,47.2,47.1,49.7,50.1,43.7,55.1,52.8,51.6,46.1,48.0,42.6,45.4,51.5,45.7,49.3,46.6
6921,53.4,52.2,53.8,54.3,54.6,56.3,56.7,54.4,55.9,55.2,57.8,56.1,57.6,54.8,56.4,56.7,55.2,52.6,57.4,58.9,55.3,55.7,57.4,52.7,52.9,55.2,56.3,55.0,54.1,57.0,55.2,56.3,49.5,51.4,50.9,51.1,59.5,51.4,55.5,53.9,56.1,58.8,51.2,52.1,53.6,55.0,50.3,55.1,61.5,48.3,58.0,52.0,54.9,51.6,48.9,49.8,50.4,52.7,49.0,50.4,50.5,45.6,52.4,54.0,50.8,50.6,50.5,55.1,58.0,57.2,55.0,53.5,52.5,55.0,55.7,50.0,59.1,56.2,54.9,50.9,52.1,47.1,49.9,54.4,49.5,53.2,50.5
6922,58.3,55.9,57.4,59.4,58.2,59.6,60.0,58.2,59.2,58.1,60.8,59.6,60.8,57.5,59.6,59.7,58.7,55.8,60.9,62.2,58.5,58.8,60.6,56.2,57.2,58.9,59.3,58.7,57.4,60.1,58.7,59.1,53.2,55.1,54.0,54.4,63.4,54.9,59.7,58.1,59.8,62.1,56.0,55.7,58.2,59.1,55.7,59.1,66.2,54.4,63.0,56.9,60.6,55.7,52.6,53.6,54.1,56.0,52.8,53.5,53.4,50.4,55.9,59.4,54.7,54.6,55.1,57.9,61.0,60.4,60.7,59.0,57.6,58.9,60.1,55.1,62.2,59.1,57.8,55.2,56.2,52.0,53.4,56.9,53.1,56.7,53.9
6923,62.4,58.7,60.0,63.4,61.4,62.4,63.0,61.3,61.7,60.5,63.2,62.5,63.2,59.8,62.5,62.0,61.5,58.7,63.4,64.4,61.3,61.4,63.2,59.2,60.9,62.1,61.6,61.6,60.2,62.6,61.6,61.6,56.5,57.9,56.6,57.0,66.3,57.7,63.5,61.3,63.0,64.4,60.0,58.7,62.1,62.0,60.2,62.5,69.7,58.8,66.8,61.2,65.2,58.9,55.7,56.6,56.8,58.9,56.0,56.3,56.0,54.6,58.8,63.3,58.7,57.8,59.1,60.2,63.3,62.7,65.0,63.0,61.3,61.7,63.3,59.0,64.6,61.3,60.4,58.9,59.8,56.5,55.9,58.9,56.2,59.5,56.9
6924,65.3,60.7,61.7,66.4,63.9,64.7,65.3,63.5,63.4,62.3,65.1,64.4,65.0,61.6,64.8,63.8,63.5,61.0,65.2,65.9,63.5,63.3,65.5,61.6,64.0,64.6,63.4,63.7,62.3,64.6,63.8,63.5,59.0,60.3,58.8,59.4,68.6,59.9,66.4,63.8,65.7,66.2,63.2,61.2,64.7,64.1,63.5,65.0,72.4,62.3,69.4,64.9,68.7,61.0,57.8,58.8,58.9,61.1,58.5,58.2,58.6,57.8,61.0,65.9,62.4,60.4,62.5,62.2,65.1,64.5,67.6,66.0,64.0,64.0,65.9,61.9,66.1,62.9,62.2,61.8,62.5,59.8,58.2,60.2,58.7,61.5,59.2
6925,66.8,62.0,62.8,68.7,65.6,66.5,67.1,65.1,64.7,63.6,66.5,65.7,66.3,63.0,66.4,65.1,64.9,62.8,66.6,66.9,65.0,64.5,66.9,63.4,66.1,66.4,64.8,65.2,63.9,65.9,65.3,64.6,60.8,61.9,60.6,61.0,70.4,61.2,68.6,65.4,67.6,67.3,65.4,63.3,66.7,65.6,65.9,66.5,74.3,64.6,71.1,67.3,71.1,62.7,59.2,60.4,60.3,62.5,60.8,59.8,60.2,60.4,62.7,67.8,65.4,62.1,65.1,63.5,66.4,65.9,69.6,68.3,65.7,66.0,67.9,63.9,67.0,64.1,63.8,63.8,64.4,62.4,60.0,61.1,60.3,63.0,60.9
6926,67.8,62.8,63.6,70.1,66.9,67.5,68.3,66.3,65.2,64.4,67.2,66.6,67.2,63.8,67.5,65.8,66.0,63.6,67.3,67.4,65.9,65.3,67.9,64.6,67.5,67.7,65.5,66.1,64.8,66.4,66.3,65.3,61.9,63.1,61.8,62.1,71.8,61.7,70.1,66.4,69.2,67.7,66.8,64.8,68.0,66.6,67.3,67.4,75.5,66.0,72.0,68.6,72.6,63.2,59.9,61.3,61.1,63.5,62.2,60.5,61.4,62.3,63.9,69.1,67.6,62.8,66.9,64.2,67.2,66.5,70.5,69.7,67.0,67.2,69.0,65.0,67.7,64.8,64.6,65.4,65.7,64.1,60.8,61.5,61.5,63.9,61.9
6927,68.2,62.8,63.5,70.8,67.2,68.0,68.7,66.9,65.2,64.7,67.3,66.9,67.2,64.1,67.7,65.8,66.3,63.8,67.1,67.2,66.1,65.5,68.1,65.1,67.9,68.2,66.0,66.5,65.2,66.7,66.6,65.2,62.4,63.7,62.4,62.4,71.9,61.8,70.8,66.7,69.9,67.6,67.6,65.3,68.1,66.5,67.8,67.5,75.7,66.4,72.2,68.9,73.4,63.2,60.3,61.4,61.3,63.7,63.2,60.7,61.7,63.6,64.1,69.5,68.9,62.8,67.9,64.6,67.3,66.8,70.9,70.6,67.4,68.0,69.5,65.5,67.8,64.8,64.7,66.1,66.4,64.7,61.2,61.2,62.1,64.1,62.2
6928,66.9,61.5,62.0,70.8,66.9,67.5,68.3,66.4,64.5,64.2,66.6,66.5,66.3,63.8,67.2,65.3,65.7,62.7,66.2,66.3,65.7,64.7,67.6,64.7,67.6,67.8,65.6,65.7,64.6,66.1,66.2,64.4,62.1,63.2,61.9,62.0,70.7,60.4,70.6,66.1,69.9,65.9,67.3,65.1,67.0,65.5,67.4,66.6,74.4,66.0,71.7,68.2,72.8,61.8,59.9,60.6,60.9,63.2,63.4,60.0,60.9,64.0,63.3,68.9,69.2,62.0,67.6,64.2,66.5,66.0,70.5,70.5,66.3,67.8,68.9,64.6,66.8,64.0,64.3,66.2,66.2,64.2,60.7,60.1,62.0,63.6,61.8
6929,62.6,57.6,57.1,69.6,65.3,66.2,66.8,64.6,62.3,62.3,64.3,65.0,63.7,62.4,65.7,63.3,63.9,59.1,63.4,63.3,63.9,62.7,65.6,63.0,66.2,66.1,64.2,64.0,62.6,64.1,64.6,62.0,60.4,61.3,60.5,60.3,67.3,56.7,69.4,63.4,68.7,61.5,65.9,63.2,63.2,61.5,65.4,63.3,69.6,64.5,70.2,65.7,71.2,57.1,58.4,58.2,59.3,61.2,62.3,56.6,58.4,63.1,60.2,65.5,67.7,58.7,65.1,62.7,64.3,63.6,68.6,69.4,63.3,66.3,65.2,62.7,64.0,61.6,62.4,64.8,64.7,63.0,58.9,58.0,60.7,61.9,60.1
6930,56.5,52.8,51.5,65.3,61.6,63.0,63.1,59.9,59.2,58.8,60.4,61.8,59.2,59.5,61.6,60.0,58.9,54.6,59.5,59.4,59.6,59.2,61.3,58.8,61.2,61.4,61.8,60.0,57.7,60.1,60.5,57.9,55.8,57.2,57.2,56.3,61.2,51.9,65.2,58.1,65.7,55.2,61.1,58.1,57.8,55.9,60.8,57.8,63.9,59.3,65.9,62.2,66.4,51.9,55.3,54.8,55.4,57.2,59.5,52.7,56.1,59.4,56.2,59.0,63.2,53.9,58.5,60.0,59.9,59.7,62.6,65.1,57.3,61.0,58.5,57.3,59.2,57.8,58.7,59.8,60.0,58.6,52.4,55.5,56.7,58.3,55.3
6931,53.3,50.2,48.9,60.4,58.5,60.2,60.1,56.3,57.4,56.8,57.9,59.1,56.9,57.2,58.9,58.0,55.1,52.2,57.1,57.2,56.5,57.0,58.3,56.0,56.6,56.9,59.9,57.3,55.0,57.6,57.3,56.2,52.3,54.3,54.8,53.2,58.2,49.3,60.4,54.2,62.9,53.0,56.7,54.2,55.2,52.6,57.5,55.0,60.5,53.9,61.4,59.6,59.8,49.4,53.2,52.3,52.7,54.7,56.2,51.3,53.6,54.5,53.1,54.3,60.2,51.0,55.1,58.2,57.5,57.3,58.0,58.5,54.3,57.0,54.9,53.3,57.0,55.8,56.6,54.9,56.7,54.4,47.8,54.1,53.2,55.6,51.7
6932,50.6,48.2,47.0,57.5,56.5,58.7,58.3,54.2,56.1,55.5,56.5,57.2,55.4,55.8,57.4,56.7,53.1,50.7,55.6,55.8,54.9,55.4,56.9,54.6,54.4,55.2,58.3,55.5,53.2,56.2,55.5,55.1,50.3,52.5,53.3,51.5,55.9,47.6,58.1,51.5,60.7,51.6,54.2,52.0,53.4,50.1,54.3,52.6,56.8,50.8,58.4,57.1,56.4,47.9,51.4,50.0,50.7,53.1,53.4,49.8,52.2,51.7,50.8,51.3,57.4,48.8,53.0,57.0,56.3,56.0,55.3,55.4,51.6,54.8,52.4,50.9,55.5,54.3,55.2,52.5,54.7,51.8,46.9,53.0,51.2,53.9,49.7
6933,48.7,47.1,45.6,55.2,55.0,57.4,57.0,53.0,55.2,54.7,55.4,55.7,54.4,54.7,56.2,55.6,52.2,49.6,54.4,54.6,53.7,54.2,55.9,53.4,52.8,54.3,57.1,54.3,52.1,55.3,54.1,54.3,49.1,51.0,52.1,50.3,54.5,46.1,56.4,49.4,59.0,50.5,52.3,51.0,51.4,48.7,51.6,50.3,54.1,49.0,56.0,54.8,54.3,46.5,50.4,48.2,49.4,51.6,51.9,49.0,51.3,49.8,49.5,48.4,55.0,46.9,51.1,55.7,55.3,54.9,53.4,53.7,49.1,52.9,49.7,49.1,54.2,53.4,54.0,50.9,53.2,49.8,46.5,52.1,49.8,52.4,48.3
6934,47.2,46.1,44.5,53.6,53.8,56.4,55.7,52.0,54.1,53.9,54.4,54.8,53.3,53.7,55.1,54.7,51.3,48.4,53.3,53.9,52.8,53.2,54.9,52.4,51.9,53.3,56.1,53.2,51.3,54.4,53.2,53.2,48.3,49.5,51.0,49.2,53.1,44.9,55.0,48.0,57.6,49.6,50.9,50.2,49.5,47.4,49.4,48.5,51.4,47.2,53.7,52.4,52.7,45.3,49.6,46.8,48.6,50.5,50.7,48.2,50.1,48.1,48.5,46.7,53.3,45.5,49.1,54.7,54.5,53.6,51.9,52.2,47.2,51.4,48.0,47.4,53.1,52.4,53.0,49.6,51.9,48.3,46.5,51.3,48.7,51.4,47.5
6935,45.5,45.3,43.5,52.1,52.8,55.3,54.8,51.1,53.2,53.1,53.3,53.6,52.6,52.9,54.1,53.8,50.5,47.5,52.4,52.9,51.9,52.6,53.9,51.5,50.8,52.5,55.3,52.2,50.6,53.4,52.4,52.7,47.4,48.9,49.9,48.5,52.4,44.1,53.9,46.8,56.2,48.6,49.6,48.9,47.9,46.2,47.6,46.9,49.3,45.4,52.0,50.6,51.0,44.2,48.7,45.5,47.9,49.6,49.7,47.2,49.3,46.7,47.5,44.4,51.6,44.6,47.3,53.7,53.5,52.7,50.4,50.7,45.7,50.0,46.4,45.7,52.4,51.6,52.2,48.4,50.9,47.0,46.1,50.4,47.8,50.2,46.6
6936,44.5,44.5,42.5,51.0,51.9,54.2,53.8,50.4,52.4,52.3,52.3,52.7,51.8,52.2,53.2,53.2,50.0,46.2,51.5,52.1,51.3,51.7,53.2,50.8,50.0,51.7,54.5,51.6,49.7,52.5,51.8,52.1,46.4,48.0,49.1,47.8,51.4,43.4,52.8,45.5,54.6,48.0,48.6,48.1,46.5,45.6,45.8,45.7,47.4,43.8,50.4,48.9,49.5,43.2,48.0,44.5,47.3,48.7,48.9,46.3,48.5,45.6,46.6,42.7,50.0,43.4,45.8,53.0,52.7,52.0,49.0,49.5,44.2,48.8,45.4,44.2,51.5,50.9,51.6,47.5,50.1,45.8,45.5,49.9,46.9,49.6,46.0
6937,42.8,43.8,41.8,49.8,51.3,53.4,53.1,49.6,51.5,51.6,51.5,51.9,51.1,51.5,52.7,52.4,49.3,45.4,50.8,51.4,50.6,51.0,52.6,49.9,49.2,50.9,53.8,50.8,49.0,52.0,51.1,51.4,45.7,47.5,48.4,47.2,50.9,42.7,52.0,44.6,53.6,47.6,47.5,47.1,44.9,44.5,44.4,44.6,45.9,42.2,49.3,47.2,47.7,42.2,47.4,43.5,46.7,47.9,48.0,45.4,47.7,44.5,45.6,41.3,48.9,42.3,44.2,52.5,52.0,51.2,47.3,48.2,42.9,47.6,44.0,42.6,50.9,50.3,50.8,46.6,49.2,44.7,45.1,49.3,46.1,48.8,45.2
6938,41.4,43.0,41.1,48.9,50.5,52.8,52.2,48.7,51.0,50.8,51.1,51.2,50.4,50.9,51.9,51.8,48.9,44.5,50.3,50.8,50.0,50.3,51.9,49.2,48.5,50.3,53.1,50.1,48.3,51.4,50.5,50.8,45.0,46.8,47.6,46.3,50.2,42.1,51.0,43.9,52.3,46.8,46.7,46.2,43.7,43.4,43.1,43.6,44.5,41.1,48.2,45.8,46.1,41.6,46.6,42.8,46.0,47.2,47.3,44.4,47.1,43.7,45.0,39.8,47.8,41.6,43.0,51.8,51.3,50.5,45.9,47.2,41.8,46.6,42.7,41.4,50.3,49.5,50.3,45.7,48.3,43.5,44.5,48.6,45.5,48.1,44.7
6939,40.5,42.5,40.4,48.0,49.8,51.8,51.4,48.3,50.1,50.0,50.4,50.5,49.9,50.3,51.2,51.3,48.2,43.9,49.7,50.2,49.2,49.8,51.2,48.3,47.6,49.7,52.5,49.5,47.7,50.9,49.7,50.3,44.1,46.1,47.0,45.7,49.5,41.6,50.2,43.0,50.9,46.6,45.9,45.0,42.6,42.8,42.0,42.7,43.6,40.1,47.2,44.7,44.8,40.9,46.0,42.3,45.2,46.4,46.7,43.8,46.4,42.6,44.4,38.4,46.7,40.9,41.9,51.1,50.6,50.0,44.3,46.1,40.8,45.8,41.6,40.4,50.0,49.1,49.6,45.0,47.3,42.6,44.1,48.0,44.7,47.6,44.2
6940,39.7,42.1,40.0,47.2,49.2,51.3,50.9,47.8,49.6,49.5,50.0,49.9,49.4,49.7,50.5,50.8,47.4,43.3,49.2,49.6,48.8,49.2,50.7,47.7,46.9,49.0,51.9,49.0,47.4,50.5,49.1,49.8,43.6,45.5,46.5,45.4,48.9,41.2,49.7,42.1,50.0,46.2,44.8,44.4,42.0,42.0,41.0,41.9,42.7,39.2,46.4,43.6,43.5,40.3,45.3,41.4,44.7,46.0,45.8,43.5,45.7,41.7,43.7,37.5,46.1,40.3,40.9,50.3,50.1,49.5,43.0,45.6,39.8,44.7,40.7,39.5,49.5,48.7,49.2,44.2,46.7,41.9,43.6,47.6,44.1,47.0,43.6
6941,38.9,41.8,39.8,46.6,48.6,50.8,50.6,47.1,49.0,49.1,49.7,49.3,49.0,49.0,49.9,50.3,47.2,42.6,48.8,49.3,48.1,48.7,50.3,46.9,46.2,48.5,51.2,48.6,47.0,50.2,48.6,49.4,43.0,45.0,46.1,44.9,48.4,40.7,48.9,41.4,49.3,46.1,44.1,43.2,41.2,41.3,40.4,41.1,41.9,38.0,45.4,42.7,42.5,39.7,44.7,40.7,44.2,45.7,45.3,42.7,45.2,41.0,43.2,36.6,45.5,39.7,40.1,49.8,49.6,49.2,41.4,44.7,39.0,44.2,39.7,38.6,49.1,48.2,48.9,43.5,46.2,41.2,42.8,47.3,43.7,46.5,43.2
6942,38.1,41.4,39.5,45.9,48.0,50.4,50.1,46.7,48.5,48.6,49.3,49.0,48.6,48.6,49.5,49.9,46.9,42.4,48.5,48.9,47.9,48.4,49.9,46.3,45.6,47.8,50.8,48.2,46.5,49.8,48.2,49.1,42.6,44.5,45.8,44.2,47.4,40.4,48.3,40.8,48.5,45.7,43.3,42.5,40.7,40.5,39.3,40.3,41.0,37.5,44.7,42.2,41.7,39.2,44.3,40.2,43.8,45.4,44.7,42.2,44.7,40.5,42.9,35.6,44.7,39.2,39.2,49.3,49.2,48.8,40.3,44.4,38.5,43.9,38.9,37.9,48.8,47.9,48.4,42.9,45.4,40.5,42.4,47.0,43.2,45.9,42.8
6943,41.4,42.7,42.0,45.5,47.5,50.2,49.7,46.4,48.6,48.6,50.0,49.1,49.6,48.4,49.2,49.9,46.9,43.1,49.2,50.5,47.8,48.4,49.8,45.9,45.1,47.7,50.7,47.9,46.4,49.9,48.1,49.5,42.3,44.3,45.4,44.3,49.7,41.5,47.6,42.5,48.9,48.7,42.8,42.5,42.9,42.7,40.4,43.4,44.6,36.8,44.3,42.9,42.0,41.3,43.7,40.7,43.4,45.4,44.2,42.4,45.1,39.9,43.6,37.9,44.4,39.6,38.9,49.1,50.0,49.7,40.6,43.9,40.8,44.0,42.2,37.5,50.2,48.7,48.2,42.7,44.9,39.8,42.0,48.2,42.9,45.8,42.5
6944,47.5,47.8,48.4,48.1,50.0,52.3,52.5,49.8,51.8,51.4,53.8,51.9,53.4,50.8,52.1,52.8,50.7,48.2,53.3,54.2,51.1,51.5,52.9,48.5,47.6,50.8,52.8,50.7,50.0,52.9,51.0,52.6,45.0,46.9,47.4,47.1,54.5,47.0,50.2,48.8,52.2,54.4,45.5,47.3,48.2,49.2,45.3,50.0,54.0,41.3,50.9,47.1,48.3,46.3,45.4,44.9,46.4,48.4,45.2,46.6,47.7,40.8,47.9,46.4,47.1,44.8,44.6,51.3,53.8,53.6,48.2,46.7,46.7,49.4,49.9,43.4,54.6,52.1,51.0,45.5,47.4,42.1,45.3,50.9,45.1,48.7,45.8
6945,53.1,52.3,53.6,53.8,54.0,55.7,56.1,53.8,55.2,54.5,57.1,55.5,57.0,54.1,55.8,56.0,54.5,52.2,56.8,58.2,54.7,55.1,56.7,52.1,52.3,54.7,55.7,54.5,53.4,56.4,54.6,55.5,48.9,50.7,50.2,50.4,59.2,51.4,55.1,53.7,55.8,58.6,50.7,51.8,53.3,54.9,50.1,54.8,61.3,48.0,57.9,51.9,54.6,51.3,48.6,49.3,50.1,52.4,48.9,50.0,50.2,45.2,52.0,53.6,50.6,50.1,50.1,54.5,57.3,56.6,54.7,53.1,52.2,54.7,55.5,49.6,58.4,55.4,54.3,50.3,51.6,46.7,49.8,53.8,48.9,52.5,49.7
6946,58.0,56.0,57.2,59.0,57.7,59.1,59.5,57.6,58.3,57.5,60.1,58.9,60.0,56.9,59.1,58.9,58.1,55.4,60.2,61.3,57.9,58.1,59.9,55.7,56.8,58.4,58.6,58.2,56.7,59.4,58.1,58.3,52.6,54.4,53.3,53.7,63.1,55.0,59.4,57.8,59.5,61.9,55.6,55.4,58.0,59.1,55.5,58.9,66.0,54.0,62.8,56.8,60.3,55.4,52.3,53.2,53.9,55.8,52.7,53.0,53.1,49.9,55.5,59.2,54.3,54.1,54.8,57.2,60.3,59.6,60.5,58.7,57.3,58.6,59.9,54.7,61.4,58.1,57.2,54.7,55.8,51.6,53.4,56.2,52.5,56.1,53.2
6947,62.2,58.9,59.9,63.1,60.9,61.8,62.5,60.7,60.8,59.8,62.4,61.7,62.4,59.1,62.0,61.2,60.9,58.4,62.5,63.5,60.7,60.6,62.5,58.7,60.5,61.6,61.0,61.0,59.5,61.8,61.0,60.7,55.8,57.2,55.9,56.4,66.0,57.9,63.3,61.1,62.7,64.2,59.5,58.4,62.0,62.0,60.0,62.4,69.6,58.4,66.8,61.2,64.9,58.6,55.5,56.2,56.6,58.6,55.8,55.8,55.7,54.0,58.4,63.1,58.2,57.4,58.7,59.5,62.5,62.0,64.9,62.7,61.2,61.4,63.2,58.6,63.7,60.3,59.7,58.4,59.4,56.0,55.8,58.3,55.6,58.8,56.2
6948,65.1,60.9,61.6,66.2,63.4,64.2,64.8,63.0,62.5,61.6,64.2,63.6,64.2,61.0,64.3,62.9,62.9,60.7,64.2,65.0,62.8,62.5,64.8,61.1,63.7,64.2,62.8,63.1,61.6,63.7,63.2,62.7,58.4,59.7,58.1,58.7,68.3,60.2,66.2,63.6,65.4,66.1,62.8,61.0,64.7,64.1,63.4,64.9,72.3,61.9,69.4,64.9,68.5,60.9,57.6,58.4,58.7,60.9,58.2,57.8,58.2,57.2,60.6,65.6,61.9,59.9,62.1,61.5,64.3,63.7,67.6,65.8,64.1,63.7,65.8,61.6,65.2,61.9,61.6,61.5,62.2,59.4,58.1,59.6,58.0,60.9,58.5
6949,66.6,62.3,62.9,68.5,65.2,66.0,66.6,64.6,63.7,63.0,65.6,64.9,65.4,62.4,65.9,64.3,64.3,62.4,65.7,65.9,64.4,63.8,66.2,62.9,65.8,66.1,64.2,64.6,63.2,65.1,64.8,63.8,60.2,61.2,59.9,60.3,70.2,61.4,68.4,65.2,67.4,67.3,65.1,63.1,66.8,65.7,65.8,66.5,74.3,64.3,71.0,67.2,71.0,62.5,59.0,60.0,60.1,62.3,60.4,59.3,59.8,59.8,62.4,67.6,64.9,61.7,64.7,62.8,65.7,65.1,69.7,68.2,65.8,65.7,67.9,63.6,66.2,63.1,63.1,63.5,64.1,62.1,59.9,60.6,59.7,62.3,60.2
6950,67.8,63.1,63.6,70.0,66.5,67.0,67.8,65.8,64.2,63.8,66.3,65.8,66.2,63.2,67.0,65.0,65.4,63.2,66.4,66.5,65.3,64.6,67.3,64.1,67.2,67.3,64.9,65.6,64.1,65.8,65.7,64.5,61.3,62.4,61.1,61.4,71.5,61.9,70.0,66.2,69.0,67.7,66.5,64.5,68.0,66.6,67.3,67.4,75.4,65.7,72.0,68.5,72.5,63.0,59.7,60.9,60.8,63.2,61.9,60.1,61.0,61.7,63.5,68.9,67.1,62.4,66.5,63.6,66.5,65.8,70.5,69.6,67.1,66.9,69.0,64.8,66.9,63.7,63.9,65.1,65.4,63.8,60.7,60.9,61.0,63.3,61.2
6951,68.1,63.0,63.4,70.8,66.9,67.5,68.3,66.5,64.3,64.1,66.3,66.1,66.3,63.5,67.3,65.1,65.7,63.4,66.2,66.2,65.6,64.8,67.4,64.7,67.6,67.9,65.4,65.9,64.5,66.0,66.0,64.4,61.9,63.0,61.7,61.7,71.5,62.0,70.7,66.6,69.9,67.6,67.4,65.1,68.1,66.6,67.8,67.4,75.7,66.1,72.2,68.9,73.2,63.0,60.0,60.9,61.0,63.4,62.8,60.3,61.2,63.0,63.8,69.4,68.4,62.4,67.5,63.9,66.6,66.0,71.0,70.6,67.5,67.7,69.5,65.1,66.9,63.8,64.1,65.8,66.1,64.5,61.0,60.6,61.7,63.6,61.6
6952,66.8,61.7,61.9,70.7,66.6,67.1,67.8,65.9,63.5,63.5,65.6,65.7,65.4,63.2,66.7,64.6,65.1,62.3,65.2,65.3,65.2,64.1,67.0,64.3,67.4,67.5,65.0,65.3,64.0,65.4,65.7,63.6,61.6,62.5,61.2,61.3,70.5,60.6,70.5,66.0,69.8,66.0,67.0,64.8,66.9,65.5,67.3,66.5,74.5,65.7,71.6,68.1,72.7,61.6,59.6,60.2,60.6,62.9,63.0,59.5,60.4,63.4,62.9,68.7,68.7,61.5,67.2,63.6,65.8,65.2,70.5,70.5,66.3,67.6,68.8,64.4,65.9,62.9,63.7,66.0,65.9,64.2,60.5,59.6,61.6,63.0,61.2
6953,62.2,57.8,56.8,69.5,65.0,65.7,66.4,64.2,61.4,61.6,63.3,64.2,62.8,61.8,65.2,62.6,63.3,58.6,62.5,62.3,63.2,62.0,65.0,62.6,65.9,65.8,63.6,63.5,62.0,63.4,64.1,61.2,60.0,60.7,59.8,59.6,66.9,56.7,69.2,63.3,68.6,61.3,65.7,62.9,63.0,61.5,65.3,63.1,69.5,64.2,70.1,65.6,71.0,56.8,58.1,57.7,58.9,60.9,61.9,56.1,57.9,62.6,59.7,65.3,67.1,58.1,64.6,62.0,63.7,62.7,68.5,69.3,63.1,66.1,64.9,62.4,63.2,60.5,61.8,64.5,64.3,62.8,58.7,57.4,60.3,61.3,59.4
6954,56.2,53.0,51.1,65.1,61.3,62.5,62.7,59.5,58.4,58.2,59.5,61.1,58.4,58.9,61.1,59.4,58.3,54.2,58.6,58.5,59.0,58.6,60.7,58.4,60.9,61.1,61.2,59.6,57.1,59.5,59.9,57.1,55.3,56.6,56.5,55.5,60.8,51.9,65.0,58.0,65.6,55.2,60.8,57.7,57.5,55.9,60.6,57.7,63.8,58.9,65.7,62.1,66.1,51.6,55.1,54.2,55.1,57.0,59.0,52.3,55.7,58.8,55.7,58.8,62.7,53.5,58.1,59.4,59.4,59.0,62.5,65.0,57.0,60.7,58.4,57.0,58.5,56.9,58.0,59.4,59.6,58.3,52.2,55.1,56.3,57.6,54.6
6955,52.8,50.2,48.5,60.2,58.1,59.9,59.7,55.9,56.5,56.3,57.3,58.4,56.3,56.7,58.5,57.4,54.5,51.9,56.4,56.4,56.0,56.4,57.7,55.6,56.3,56.7,59.3,56.8,54.4,57.1,56.9,55.5,51.8,53.7,54.2,52.5,57.8,49.3,60.2,54.1,62.7,53.0,56.4,53.8,54.9,52.4,57.3,54.9,60.3,53.6,61.3,59.5,59.5,49.1,53.1,51.8,52.5,54.5,55.7,50.9,53.3,54.1,52.7,54.1,59.6,50.5,54.8,57.7,57.0,56.7,58.0,58.3,54.0,56.6,54.9,53.0,56.3,55.0,56.0,54.4,56.2,54.1,47.7,53.8,52.8,55.1,51.0
6956,50.1,48.3,46.6,57.3,56.0,58.3,57.9,53.8,55.3,55.0,55.9,56.6,54.7,55.3,57.0,56.2,52.7,50.4,54.9,55.1,54.4,54.9,56.4,54.2,54.0,55.0,57.8,55.1,52.6,55.7,55.1,54.4,49.9,51.9,52.7,50.8,55.6,47.7,57.9,51.3,60.5,51.6,54.0,51.7,53.1,49.8,54.0,52.5,56.6,50.6,58.3,56.9,56.2,47.5,51.3,49.6,50.6,53.0,52.9,49.5,51.9,51.2,50.4,51.2,56.9,48.4,52.6,56.4,55.8,55.3,55.2,55.3,51.3,54.5,52.2,50.7,54.8,53.5,54.6,52.1,54.3,51.5,46.8,52.6,50.8,53.3,49.0
6957,48.2,47.2,45.2,54.9,54.6,57.0,56.6,52.6,54.5,54.2,54.7,55.2,53.8,54.2,55.8,55.2,51.8,49.3,53.7,53.9,53.3,53.6,55.4,53.0,52.5,54.1,56.5,53.9,51.6,54.7,53.7,53.7,48.6,50.4,51.5,49.6,54.2,46.2,56.2,49.3,58.8,50.5,52.0,50.8,51.1,48.4,51.3,50.3,53.8,48.8,55.9,54.6,54.1,46.2,50.3,47.8,49.3,51.5,51.5,48.7,51.0,49.4,49.0,48.2,54.5,46.6,50.7,55.2,54.9,54.2,53.4,53.5,48.8,52.6,49.6,48.8,53.6,52.6,53.5,50.5,52.7,49.5,46.3,51.7,49.4,51.9,47.7
6958,46.6,46.2,44.1,53.2,53.4,56.0,55.4,51.6,53.5,53.4,53.7,54.3,52.8,53.3,54.8,54.3,50.8,48.1,52.7,53.2,52.4,52.7,54.5,52.0,51.5,53.1,55.5,52.8,50.7,53.9,52.8,52.6,47.9,48.9,50.4,48.6,52.9,45.0,54.8,47.8,57.5,49.6,50.6,49.9,49.3,47.2,49.1,48.4,51.1,47.0,53.5,52.3,52.5,45.0,49.5,46.5,48.5,50.4,50.2,47.9,49.8,47.7,48.2,46.5,52.9,45.2,48.7,54.2,54.0,53.1,51.9,52.0,46.9,51.1,47.9,47.1,52.4,51.7,52.6,49.1,51.5,47.9,46.3,50.9,48.3,50.8,46.9
6959,45.1,45.4,43.2,51.8,52.4,55.0,54.5,50.6,52.6,52.6,52.7,53.1,52.0,52.5,53.9,53.5,50.1,47.2,51.7,52.3,51.5,52.1,53.5,51.1,50.5,52.1,54.7,52.0,50.0,52.9,52.0,52.2,47.1,48.4,49.4,47.9,52.2,44.2,53.7,46.7,56.1,48.5,49.3,48.7,47.7,46.0,47.3,46.9,48.9,45.4,51.8,50.5,50.8,43.9,48.6,45.2,47.8,49.5,49.4,46.9,49.1,46.3,47.1,44.2,51.2,44.2,46.9,53.2,53.1,52.2,50.4,50.4,45.4,49.7,46.3,45.5,51.7,51.0,51.8,48.0,50.4,46.6,45.9,50.0,47.4,49.8,46.0
6960,44.1,44.6,42.2,50.7,51.5,53.9,53.5,49.9,51.8,51.8,51.7,52.3,51.3,51.8,53.0,52.9,49.6,45.9,50.9,51.5,50.9,51.3,52.8,50.3,49.7,51.4,54.0,51.3,49.2,52.1,51.4,51.5,46.1,47.5,48.6,47.2,51.2,43.4,52.5,45.4,54.5,47.9,48.2,47.8,46.4,45.5,45.5,45.6,47.2,43.6,50.2,48.7,49.2,42.9,48.0,44.1,47.1,48.6,48.5,46.0,48.3,45.2,46.1,42.5,49.7,43.1,45.4,52.6,52.3,51.5,49.0,49.2,44.0,48.6,45.2,44.1,50.9,50.3,51.2,47.1,49.7,45.4,45.3,49.5,46.6,49.1,45.4
6961,42.4,43.9,41.5,49.5,50.8,53.1,52.8,49.1,50.9,51.1,51.1,51.4,50.6,51.2,52.4,52.1,49.0,45.1,50.3,50.8,50.2,50.5,52.2,49.5,48.8,50.6,53.4,50.5,48.6,51.5,50.8,50.8,45.4,47.0,47.9,46.6,50.7,42.8,51.7,44.5,53.5,47.5,47.1,46.9,44.8,44.3,44.1,44.6,45.8,42.2,49.2,47.0,47.5,41.9,47.3,43.1,46.6,47.7,47.6,45.2,47.5,44.2,45.2,41.0,48.6,41.9,43.9,52.0,51.5,50.7,47.3,47.9,42.8,47.4,43.9,42.6,50.3,49.8,50.4,46.2,48.8,44.3,44.9,48.9,45.9,48.3,44.7
6962,41.1,43.1,40.8,48.6,50.1,52.4,51.9,48.2,50.4,50.4,50.6,50.9,49.9,50.6,51.6,51.5,48.5,44.2,49.7,50.2,49.6,49.9,51.6,48.8,48.1,49.9,52.7,49.8,48.0,50.9,50.1,50.4,44.7,46.3,47.1,45.8,50.0,42.2,50.8,43.8,52.1,46.8,46.4,45.8,43.5,43.3,42.8,43.6,44.4,41.1,48.1,45.6,46.0,41.4,46.5,42.5,45.8,47.0,46.9,44.1,46.9,43.4,44.6,39.7,47.5,41.2,42.8,51.4,50.8,50.1,45.8,46.9,41.7,46.4,42.6,41.4,49.8,49.0,49.9,45.3,47.9,43.1,44.3,48.2,45.2,47.7,44.2
6963,40.2,42.7,40.3,47.8,49.3,51.6,51.2,47.8,49.6,49.7,49.9,50.1,49.5,50.0,50.9,51.0,47.9,43.6,49.1,49.7,49.0,49.4,50.9,48.0,47.3,49.3,52.1,49.3,47.3,50.4,49.4,49.9,43.8,45.7,46.5,45.1,49.3,41.7,49.9,43.0,50.8,46.5,45.6,44.7,42.5,42.7,41.8,42.7,43.5,40.1,47.1,44.5,44.7,40.7,45.9,42.0,45.1,46.4,46.2,43.6,46.2,42.3,43.9,38.2,46.5,40.5,41.6,50.7,50.1,49.6,44.2,45.9,40.7,45.6,41.4,40.4,49.4,48.6,49.3,44.7,47.0,42.3,43.9,47.7,44.5,47.2,43.7
6964,39.5,42.3,40.0,47.0,48.8,51.0,50.6,47.3,49.2,49.2,49.5,49.6,48.9,49.4,50.2,50.6,47.1,43.0,48.7,49.1,48.5,48.9,50.4,47.3,46.7,48.6,51.5,48.8,46.9,50.0,48.8,49.3,43.3,45.1,46.1,44.9,48.6,41.3,49.4,42.1,49.9,46.1,44.5,44.1,41.9,41.9,41.0,41.9,42.7,39.1,46.3,43.5,43.3,40.1,45.1,41.1,44.6,45.8,45.4,43.3,45.6,41.4,43.2,37.2,45.8,39.8,40.6,50.0,49.6,49.1,42.9,45.3,39.7,44.5,40.4,39.4,49.0,48.1,48.9,43.9,46.4,41.5,43.4,47.2,43.8,46.6,43.2
6965,38.9,42.0,39.8,46.3,48.2,50.4,50.2,46.6,48.6,48.8,49.2,49.0,48.6,48.8,49.6,50.1,47.0,42.4,48.3,48.7,47.8,48.4,50.0,46.6,46.1,48.1,50.9,48.2,46.6,49.7,48.2,48.9,42.7,44.6,45.7,44.4,48.1,40.9,48.7,41.3,49.2,46.1,43.8,43.0,41.2,41.2,40.3,41.1,41.8,38.0,45.3,42.6,42.5,39.6,44.6,40.4,44.1,45.6,44.9,42.5,45.1,40.7,42.8,36.2,45.2,39.4,39.8,49.5,49.1,48.8,41.4,44.4,38.9,44.0,39.4,38.6,48.7,47.8,48.6,43.2,45.9,40.8,42.5,46.9,43.4,46.1,42.7
6966,38.1,41.7,39.6,45.6,47.7,50.1,49.7,46.3,48.1,48.3,48.9,48.7,48.2,48.4,49.2,49.6,46.6,42.0,48.0,48.4,47.5,48.1,49.6,46.0,45.4,47.5,50.5,47.8,46.1,49.3,47.8,48.7,42.4,44.1,45.4,43.7,47.1,40.6,48.1,40.7,48.5,45.7,43.0,42.3,40.7,40.4,39.2,40.2,41.0,37.3,44.6,42.0,41.6,39.1,44.1,39.9,43.7,45.2,44.3,41.9,44.5,40.3,42.5,35.3,44.5,38.8,38.9,49.0,48.6,48.5,40.1,44.1,38.4,43.6,38.6,37.9,48.4,47.6,48.2,42.6,45.2,40.2,42.2,46.6,42.9,45.6,42.4
6967,41.3,42.8,42.0,45.2,47.2,49.8,49.3,46.0,48.1,48.3,49.5,48.8,49.2,48.2,48.9,49.6,46.6,42.7,48.7,49.9,47.4,48.2,49.5,45.6,44.9,47.4,50.3,47.6,46.0,49.4,47.7,49.0,42.0,43.8,45.0,43.9,49.4,41.7,47.2,42.3,48.7,48.6,42.5,42.2,42.8,42.7,40.2,43.2,44.4,36.6,44.2,42.7,41.8,41.2,43.5,40.3,43.2,45.2,43.8,42.1,44.9,39.6,43.1,37.5,44.2,39.2,38.6,48.9,49.4,49.3,40.4,43.7,40.6,43.7,41.9,37.5,49.7,48.3,47.9,42.4,44.7,39.5,41.7,47.6,42.6,45.4,42.0
6968,47.4,48.0,48.5,47.9,49.8,52.0,52.1,49.4,51.3,51.1,53.2,51.6,52.9,50.5,51.7,52.5,50.4,47.8,52.6,53.6,50.7,51.2,52.6,48.2,47.5,50.6,52.5,50.3,49.6,52.5,50.6,52.1,44.7,46.5,47.0,46.7,54.2,47.1,49.8,48.6,52.0,54.3,45.3,46.9,48.1,49.1,45.1,49.8,53.9,41.1,50.6,46.9,48.1,46.2,45.2,44.4,46.1,48.1,44.7,46.2,47.5,40.5,47.4,46.0,46.9,44.3,44.3,51.0,53.1,53.1,48.0,46.4,46.6,49.0,49.5,43.2,54.0,51.6,50.7,45.2,47.2,41.8,44.8,50.3,44.8,48.3,45.4
6969,53.0,52.5,53.8,53.7,53.9,55.5,55.9,53.5,54.6,54.2,56.5,55.2,56.4,53.9,55.5,55.7,54.2,51.8,56.2,57.5,54.4,54.9,56.4,52.0,52.2,54.6,55.3,54.3,53.0,55.9,54.3,55.0,48.7,50.4,49.9,50.1,58.9,51.6,54.9,53.5,55.6,58.6,50.5,51.4,53.4,54.9,49.8,54.7,61.2,47.7,57.7,51.8,54.4,51.2,48.3,48.9,49.8,51.9,48.4,49.6,50.0,44.8,51.6,53.3,50.2,49.7,49.8,54.2,56.6,56.2,54.5,52.9,52.2,54.3,55.2,49.4,57.7,54.8,54.0,50.1,51.5,46.4,49.4,53.2,48.6,52.2,49.4
6970,58.0,56.3,57.4,58.9,57.8,58.9,59.4,57.4,57.8,57.2,59.4,58.6,59.5,56.7,59.0,58.6,57.8,55.1,59.5,60.6,57.7,57.8,59.6,55.6,56.7,58.5,58.4,57.9,56.4,59.0,57.8,57.9,52.5,54.2,53.0,53.5,62.7,55.3,59.2,57.5,59.3,61.9,55.4,55.0,58.1,59.2,55.3,58.8,66.0,53.6,62.7,56.7,60.1,55.4,52.0,52.7,53.6,55.3,52.2,52.7,52.7,49.5,55.2,58.8,53.9,53.7,54.3,57.0,59.6,59.2,60.3,58.6,57.3,58.2,59.7,54.5,60.7,57.6,57.0,54.6,55.8,51.4,52.9,55.7,52.3,55.8,53.0
6971,62.2,59.2,60.1,63.0,60.9,61.8,62.5,60.7,60.4,59.6,61.8,61.4,61.9,59.0,62.0,60.9,60.7,58.1,61.9,62.8,60.5,60.3,62.3,58.7,60.5,61.7,60.8,60.8,59.2,61.5,60.8,60.3,55.8,57.1,55.7,56.3,65.8,58.3,63.1,60.9,62.5,64.3,59.5,58.0,62.0,62.1,59.8,62.2,69.6,58.1,66.7,61.1,64.7,58.6,55.2,55.8,56.3,58.2,55.3,55.4,55.4,53.6,58.1,62.8,57.7,57.0,58.3,59.3,61.9,61.5,64.7,62.7,61.3,61.0,63.0,58.4,63.0,59.7,59.5,58.4,59.5,55.9,55.4,57.8,55.6,58.5,56.0
6972,65.2,61.3,61.8,66.2,63.5,64.2,64.9,63.1,62.0,61.4,63.7,63.2,63.7,60.8,64.4,62.7,62.7,60.4,63.7,64.3,62.7,62.2,64.6,61.1,63.7,64.3,62.6,63.1,61.4,63.4,63.0,62.2,58.3,59.5,57.9,58.6,68.1,60.5,66.0,63.3,65.2,66.0,62.8,60.6,64.8,64.1,63.2,64.8,72.3,61.6,69.3,64.7,68.3,60.8,57.2,58.1,58.3,60.4,57.8,57.4,57.9,56.8,60.3,65.3,61.4,59.5,61.6,61.3,63.7,63.3,67.4,65.8,64.1,63.2,65.7,61.4,64.5,61.4,61.4,61.5,62.3,59.3,57.7,59.1,58.0,60.7,58.3
6973,66.7,62.6,63.1,68.5,65.3,66.1,66.8,64.7,63.2,62.8,65.0,64.5,65.0,62.2,66.0,64.0,64.1,62.1,65.1,65.3,64.2,63.5,66.1,63.0,65.9,66.2,64.0,64.6,63.0,64.7,64.6,63.4,60.1,61.1,59.8,60.2,69.9,61.7,68.3,65.0,67.3,67.2,65.1,62.6,66.9,65.7,65.6,66.4,74.4,64.0,71.0,67.1,70.8,62.6,58.6,59.7,59.7,61.8,60.1,59.0,59.5,59.5,62.0,67.4,64.4,61.3,64.3,62.6,65.0,64.7,69.4,68.1,65.9,65.1,67.7,63.3,65.5,62.6,63.0,63.6,64.2,62.0,59.6,60.0,59.6,62.2,60.0
6974,67.9,63.3,63.7,70.0,66.7,67.1,68.0,65.9,63.7,63.6,65.7,65.4,65.7,63.1,67.2,64.8,65.3,62.9,65.7,65.8,65.3,64.3,67.2,64.1,67.2,67.5,64.8,65.7,64.0,65.4,65.7,64.0,61.2,62.3,60.9,61.3,71.2,62.2,69.8,66.1,68.8,67.5,66.5,64.0,68.1,66.5,67.1,67.3,75.5,65.4,71.9,68.4,72.3,63.0,59.3,60.6,60.4,62.8,61.7,59.8,60.7,61.4,63.2,68.6,66.6,62.1,66.1,63.4,65.9,65.4,70.3,69.5,67.2,66.3,68.9,64.5,66.2,63.3,63.8,65.2,65.5,63.7,60.5,60.4,60.9,63.2,61.0
6975,68.2,63.1,63.5,70.8,67.0,67.7,68.4,66.5,63.7,63.9,65.8,65.7,65.7,63.4,67.4,64.9,65.6,63.1,65.6,65.5,65.6,64.5,67.4,64.7,67.6,68.0,65.3,66.0,64.4,65.6,66.0,63.9,61.8,62.8,61.4,61.6,71.2,62.1,70.6,66.4,69.7,67.4,67.4,64.5,68.2,66.5,67.5,67.4,75.7,65.8,72.1,68.7,73.0,63.1,59.6,60.7,60.6,63.0,62.7,59.9,60.9,62.7,63.5,69.1,68.0,62.0,67.0,63.8,66.1,65.5,70.8,70.5,67.6,67.0,69.3,64.8,66.3,63.3,64.0,65.9,66.2,64.4,60.8,60.1,61.6,63.6,61.4
6976,66.8,61.7,61.9,70.7,66.7,67.2,67.9,66.0,63.0,63.5,65.1,65.3,64.9,63.1,66.8,64.3,65.0,61.9,64.6,64.6,65.1,63.9,66.9,64.3,67.4,67.6,64.9,65.3,63.9,65.0,65.7,63.1,61.4,62.3,61.0,61.1,70.1,60.6,70.4,65.8,69.5,65.9,67.1,64.1,67.0,65.4,67.1,66.4,74.4,65.4,71.6,68.0,72.4,61.6,59.2,59.8,60.2,62.4,62.8,59.1,60.1,63.1,62.6,68.4,68.4,61.2,66.8,63.4,65.3,64.7,70.2,70.4,66.3,66.9,68.6,64.1,65.3,62.4,63.6,66.1,66.0,64.0,60.4,59.0,61.4,62.9,60.9
6977,62.0,57.7,56.7,69.5,65.0,65.8,66.4,64.2,60.8,61.6,62.7,63.8,62.2,61.7,65.2,62.3,63.2,58.1,61.9,61.6,63.2,61.7,64.9,62.5,66.0,65.8,63.4,63.5,61.9,63.0,64.0,60.7,59.6,60.5,59.5,59.4,66.6,56.6,69.1,62.9,68.3,61.2,65.7,62.2,62.9,61.4,64.9,62.8,69.3,63.8,70.1,65.3,70.8,56.6,57.6,57.3,58.4,60.4,61.7,55.6,57.6,62.3,59.2,64.9,66.7,57.7,64.2,61.9,63.2,62.2,68.3,69.1,63.0,65.6,64.5,62.1,62.6,60.0,61.7,64.5,64.3,62.6,58.4,56.8,60.0,61.2,59.1
6978,56.0,52.9,51.1,64.9,61.2,62.4,62.6,59.4,57.9,58.2,59.0,60.7,58.0,58.8,61.1,59.2,58.2,53.7,58.1,57.9,59.0,58.5,60.6,58.2,60.7,61.0,61.1,59.5,57.0,59.1,59.9,56.7,54.9,56.3,56.2,55.2,60.5,51.8,64.7,57.7,65.3,55.0,60.7,57.1,57.5,55.8,60.2,57.3,63.6,58.3,65.6,61.8,65.8,51.5,54.6,53.9,54.7,56.4,58.8,52.0,55.5,58.4,55.2,58.3,62.3,52.9,57.6,59.3,59.0,58.6,62.1,64.6,56.9,60.1,58.0,56.5,58.0,56.5,57.9,59.2,59.4,58.0,51.9,54.6,55.9,57.4,54.3
6979,52.6,50.2,48.5,60.0,58.0,59.8,59.6,55.7,56.2,56.2,56.9,58.1,55.9,56.6,58.5,57.3,54.4,51.6,56.0,55.8,55.9,56.2,57.7,55.4,56.2,56.5,59.2,56.7,54.2,56.8,56.9,55.2,51.5,53.4,54.0,52.3,57.6,49.3,59.9,53.7,62.5,52.9,56.3,53.2,54.9,52.2,56.9,54.6,60.0,53.1,61.1,59.2,59.1,49.1,52.7,51.4,52.1,54.1,55.5,50.5,53.1,53.7,52.3,53.6,59.3,50.0,54.5,57.6,56.8,56.3,57.6,58.1,53.9,56.1,54.5,52.6,55.8,54.5,55.9,54.2,56.1,53.9,47.5,53.3,52.5,54.9,50.9
6980,49.9,48.2,46.6,57.0,55.9,58.2,57.8,53.6,54.9,55.0,55.5,56.4,54.5,55.3,57.0,56.1,52.7,50.1,54.5,54.7,54.3,54.7,56.4,54.0,53.9,54.8,57.7,55.1,52.4,55.4,54.9,54.2,49.6,51.7,52.5,50.6,55.4,47.6,57.6,51.0,60.3,51.5,53.7,51.1,53.0,49.6,53.6,52.1,56.1,50.2,58.2,56.6,55.9,47.5,51.0,49.3,50.1,52.6,52.8,49.1,51.8,50.8,50.0,50.7,56.5,48.0,52.2,56.3,55.7,55.0,54.9,55.1,51.2,53.8,51.7,50.3,54.4,53.2,54.6,51.8,54.1,51.3,46.5,52.2,50.5,53.1,48.8
6981,48.0,47.1,45.0,54.6,54.4,56.9,56.5,52.3,54.1,54.2,54.4,55.0,53.6,54.1,55.7,55.2,51.6,49.0,53.4,53.5,53.1,53.6,55.4,52.8,52.3,53.9,56.4,53.8,51.3,54.6,53.5,53.5,48.4,50.1,51.3,49.4,54.0,46.2,56.0,49.0,58.5,50.4,51.8,50.1,51.0,48.2,51.0,49.9,53.3,48.3,55.7,54.3,53.8,46.1,49.9,47.5,48.8,51.0,51.3,48.4,50.9,49.2,48.7,47.7,54.2,46.2,50.5,55.1,54.7,54.0,53.1,53.3,48.9,51.9,49.1,48.6,53.3,52.3,53.5,50.2,52.5,49.3,46.1,51.2,49.1,51.6,47.5
6982,46.3,46.1,44.0,53.0,53.1,55.9,55.2,51.2,53.2,53.3,53.5,54.1,52.7,53.2,54.7,54.3,50.7,47.7,52.4,52.7,52.2,52.6,54.5,51.8,51.4,52.9,55.3,52.7,50.5,53.8,52.5,52.4,47.6,48.7,50.2,48.4,52.6,44.9,54.5,47.5,57.2,49.5,50.4,49.3,49.1,47.0,48.9,48.0,50.7,46.6,53.4,51.9,52.2,44.9,49.1,46.2,48.0,49.9,50.0,47.5,49.7,47.5,47.8,45.9,52.6,44.9,48.4,54.0,53.9,52.9,51.6,51.8,47.0,50.4,47.5,46.9,52.2,51.5,52.5,48.9,51.3,47.8,46.0,50.5,48.1,50.6,46.6
6983,44.9,45.3,43.0,51.4,52.2,54.8,54.3,50.3,52.4,52.5,52.5,53.1,52.0,52.4,53.8,53.4,49.9,46.9,51.5,51.8,51.4,52.0,53.4,50.9,50.4,51.9,54.6,51.8,49.9,52.9,51.7,52.0,46.8,48.1,49.1,47.8,51.9,44.1,53.3,46.4,55.6,48.3,49.1,48.0,47.6,45.8,47.0,46.4,48.6,44.9,51.7,50.1,50.5,43.8,48.2,45.0,47.3,49.0,49.1,46.5,49.0,46.1,46.8,43.6,51.0,43.9,46.7,53.1,53.0,52.1,50.2,50.1,45.4,49.0,45.9,45.2,51.5,50.8,51.7,47.7,50.2,46.4,45.7,49.6,47.1,49.5,45.8
6984,43.8,44.4,42.1,50.4,51.2,53.7,53.3,49.6,51.6,51.7,51.6,52.2,51.3,51.7,52.8,52.8,49.3,45.6,50.7,51.1,50.7,51.1,52.7,50.2,49.6,51.2,53.8,51.2,49.0,52.0,51.1,51.3,45.8,47.3,48.3,46.9,50.9,43.2,52.1,45.1,54.1,47.7,48.0,47.2,46.3,45.3,45.1,45.2,46.9,43.2,50.1,48.2,48.9,42.8,47.5,43.9,46.6,48.0,48.2,45.7,48.2,45.0,45.9,42.0,49.5,42.8,45.2,52.4,52.2,51.4,48.8,48.9,44.0,47.9,44.7,43.7,50.7,50.0,51.0,46.8,49.5,45.2,45.1,49.1,46.3,48.8,45.1
6985,42.3,43.6,41.4,49.2,50.5,52.9,52.6,48.8,50.8,51.0,50.9,51.4,50.6,51.0,52.2,52.0,48.8,44.8,50.1,50.4,50.0,50.4,52.1,49.3,48.6,50.3,53.2,50.4,48.5,51.4,50.5,50.7,45.1,46.7,47.5,46.3,50.4,42.5,51.4,44.3,53.1,47.3,47.0,46.3,44.7,44.0,43.7,44.2,45.6,41.6,49.0,46.5,47.2,41.9,46.8,42.9,46.0,47.1,47.3,44.9,47.4,44.0,45.0,40.4,48.4,41.8,43.7,51.8,51.4,50.7,47.1,47.7,42.7,46.7,43.3,42.1,50.2,49.5,50.3,45.9,48.6,44.0,44.7,48.6,45.6,47.9,44.4
6986,41.0,42.8,40.7,48.3,49.7,52.2,51.6,48.0,50.2,50.2,50.5,50.8,49.9,50.5,51.4,51.4,48.3,44.1,49.6,49.8,49.3,49.8,51.4,48.6,47.9,49.6,52.5,49.7,47.8,50.8,49.8,50.2,44.3,46.0,46.8,45.6,49.7,41.9,50.4,43.5,51.8,46.6,46.2,45.2,43.4,43.2,42.4,43.2,44.2,40.6,47.9,45.1,45.6,41.2,46.0,42.3,45.3,46.4,46.6,43.9,46.8,43.2,44.3,39.0,47.3,41.0,42.7,51.2,50.7,50.0,45.6,46.7,41.7,45.7,42.0,40.9,49.7,48.8,49.8,45.0,47.7,42.7,44.1,47.9,44.9,47.4,43.9
6987,40.0,42.4,40.1,47.5,49.0,51.4,50.9,47.6,49.4,49.6,49.9,50.0,49.5,49.8,50.7,50.9,47.7,43.4,49.0,49.4,48.8,49.3,50.7,47.7,47.1,49.1,51.8,49.2,47.2,50.4,49.1,49.8,43.5,45.4,46.3,44.8,48.9,41.3,49.6,42.7,50.5,46.2,45.3,44.1,42.4,42.4,41.4,42.4,43.2,39.5,46.9,44.0,44.2,40.6,45.4,41.8,44.6,45.8,46.0,43.5,46.2,42.2,43.7,37.6,46.3,40.4,41.5,50.6,50.0,49.6,43.9,45.6,40.6,44.8,40.8,39.9,49.3,48.2,49.2,44.4,46.8,41.9,43.7,47.4,44.1,46.9,43.4
6988,39.4,42.0,39.8,46.7,48.4,50.8,50.3,47.1,49.0,49.0,49.3,49.5,48.9,49.3,49.9,50.5,46.9,42.8,48.5,48.8,48.3,48.7,50.2,47.0,46.5,48.3,51.2,48.6,46.7,50.0,48.6,49.2,43.0,44.8,45.7,44.6,48.2,41.0,49.1,41.7,49.6,45.9,44.3,43.4,41.9,41.6,40.5,41.6,42.4,38.5,46.1,42.9,42.9,39.9,44.7,40.9,44.1,45.3,45.2,43.1,45.6,41.3,43.1,36.7,45.6,39.8,40.5,49.8,49.4,49.0,42.5,45.1,39.6,43.9,39.9,38.8,48.8,47.8,48.8,43.7,46.1,41.2,43.2,46.9,43.5,46.3,42.8
6989,38.7,41.7,39.7,46.0,47.8,50.2,49.9,46.4,48.4,48.6,49.0,48.9,48.5,48.7,49.3,50.0,46.7,42.3,48.1,48.5,47.6,48.3,49.8,46.3,45.7,47.8,50.7,48.1,46.3,49.7,48.0,48.9,42.4,44.2,45.3,44.1,47.8,40.5,48.4,40.9,48.8,45.9,43.6,42.3,41.1,40.9,39.9,40.7,41.6,37.4,45.2,42.1,42.1,39.4,44.2,40.3,43.6,45.1,44.7,42.3,45.1,40.7,42.9,35.7,45.1,39.3,39.8,49.3,49.0,48.7,41.0,44.3,38.8,43.2,38.9,38.0,48.6,47.5,48.5,43.0,45.6,40.6,42.3,46.6,43.1,45.8,42.3
6990,37.9,41.4,39.4,45.4,47.3,49.8,49.5,46.0,47.9,48.0,48.8,48.6,48.1,48.3,48.9,49.5,46.3,42.0,47.9,48.1,47.3,47.9,49.5,45.7,45.0,47.2,50.2,47.7,45.8,49.3,47.5,48.6,42.0,43.8,44.9,43.4,46.7,40.3,47.7,40.4,48.1,45.3,42.8,41.6,40.5,40.0,38.8,39.9,40.7,36.7,44.3,41.5,41.1,39.0,43.6,39.8,43.2,44.6,44.2,41.8,44.5,40.2,42.5,34.8,44.4,38.9,38.9,48.9,48.6,48.3,39.8,43.9,38.2,43.0,38.0,37.3,48.2,47.3,47.9,42.5,44.9,39.9,42.0,46.3,42.6,45.2,41.9
6991,40.9,42.4,41.6,45.0,46.8,49.6,49.1,45.7,47.9,47.9,49.4,48.8,49.0,48.0,48.6,49.5,46.2,42.5,48.5,49.5,47.1,48.0,49.3,45.3,44.5,47.0,50.0,47.4,45.7,49.3,47.4,48.9,41.7,43.5,44.6,43.6,48.9,41.2,46.9,41.9,48.3,48.2,42.3,41.4,42.6,42.2,39.6,42.8,43.9,36.0,43.9,42.1,41.2,40.9,43.1,40.1,42.7,44.6,43.7,41.9,44.8,39.5,43.0,36.8,44.1,39.2,38.5,48.7,49.3,49.0,39.9,43.4,40.2,43.2,41.2,36.9,49.4,48.0,47.6,42.2,44.4,39.2,41.5,47.3,42.3,45.1,41.6
6992,47.2,47.4,48.1,47.6,49.4,51.7,51.8,49.0,51.0,50.7,53.0,51.4,52.7,50.3,51.4,52.2,50.0,47.5,52.4,53.2,50.3,50.9,52.3,47.8,47.0,50.1,52.1,50.1,49.2,52.3,50.2,51.8,44.4,46.1,46.5,46.3,53.9,46.5,49.5,48.1,51.6,54.0,44.9,46.2,47.7,48.6,44.5,49.4,53.6,40.5,50.2,46.3,47.6,45.9,44.6,44.1,45.6,47.5,44.6,45.8,47.3,40.3,47.3,45.4,46.6,44.1,44.1,50.8,52.9,52.8,47.6,46.2,46.1,48.2,49.0,42.5,53.6,51.2,50.3,44.9,46.9,41.5,44.5,50.0,44.4,47.8,44.9
6993,52.6,51.8,53.3,53.3,53.5,55.1,55.5,53.1,54.2,53.8,56.2,55.0,56.1,53.5,55.2,55.4,53.8,51.5,56.0,57.0,54.0,54.5,56.0,51.5,51.8,54.2,55.0,53.9,52.6,55.7,53.9,54.7,48.4,50.0,49.4,49.7,58.6,51.0,54.5,53.0,55.1,58.2,50.2,50.7,52.8,54.1,49.2,54.4,60.9,47.2,57.4,51.3,53.8,51.0,47.8,48.5,49.4,51.5,48.3,49.3,49.8,44.5,51.4,52.7,49.9,49.4,49.5,53.9,56.4,55.8,54.0,52.4,51.6,53.6,54.8,48.9,57.3,54.3,53.7,49.9,51.2,46.1,49.2,52.8,48.3,51.7,49.0
6994,57.6,55.6,56.8,58.5,57.3,58.5,59.0,57.0,57.3,56.7,59.1,58.3,59.1,56.4,58.6,58.1,57.4,54.8,59.2,60.0,57.3,57.4,59.2,55.2,56.4,58.1,58.0,57.6,56.0,58.7,57.4,57.5,52.2,53.7,52.5,53.0,62.4,54.6,58.8,57.0,58.8,61.4,55.2,54.4,57.5,58.3,54.6,58.6,65.9,53.2,62.5,56.2,59.5,55.2,51.6,52.3,53.3,54.9,52.0,52.2,52.5,49.2,54.8,58.4,53.6,53.3,54.1,56.7,59.4,58.7,59.8,58.1,56.8,57.5,59.3,54.1,60.2,57.0,56.6,54.3,55.4,51.1,52.8,55.3,52.0,55.3,52.5
6995,61.6,58.4,59.6,62.7,60.5,61.3,61.9,60.3,59.7,59.1,61.4,60.9,61.4,58.6,61.6,60.5,60.3,57.7,61.4,62.2,60.1,59.8,61.9,58.2,60.2,61.3,60.3,60.4,58.8,61.1,60.4,59.9,55.5,56.6,55.2,55.7,65.4,57.4,62.8,60.3,62.0,63.8,59.1,57.4,61.3,61.2,59.2,62.0,69.5,57.7,66.4,60.7,64.0,58.4,54.8,55.4,56.0,57.7,55.2,54.9,55.1,53.3,57.8,62.4,57.4,56.6,58.1,58.9,61.7,61.0,64.2,62.3,60.7,60.3,62.7,58.1,62.5,59.1,59.1,58.1,59.1,55.6,55.2,57.3,55.3,58.1,55.5
6996,64.5,60.5,61.3,65.7,63.0,63.7,64.3,62.6,61.3,61.0,63.1,62.7,63.1,60.4,63.9,62.2,62.3,60.0,63.2,63.7,62.3,61.7,64.1,60.6,63.3,63.9,62.2,62.6,60.9,62.9,62.6,61.7,58.1,59.0,57.3,58.0,67.7,59.7,65.6,62.7,64.7,65.4,62.4,60.0,64.0,63.2,62.5,64.6,72.2,61.3,69.1,64.5,67.6,60.6,56.8,57.6,58.0,60.0,57.7,56.9,57.5,56.5,59.9,64.9,61.1,59.1,61.4,60.9,63.4,62.7,67.0,65.4,63.5,62.6,65.4,61.1,64.1,60.7,61.0,61.2,61.9,59.1,57.5,58.6,57.7,60.2,57.8
6997,66.0,61.8,62.5,68.0,64.8,65.5,66.2,64.2,62.4,62.5,64.4,64.0,64.4,61.8,65.5,63.5,63.7,61.6,64.5,64.7,63.8,63.0,65.6,62.4,65.5,65.8,63.6,64.1,62.6,64.2,64.2,62.9,59.8,60.5,59.1,59.5,69.5,60.9,67.9,64.3,66.7,66.5,64.6,62.0,66.1,64.6,65.0,66.2,74.3,63.7,70.7,66.9,70.1,62.1,58.2,59.2,59.5,61.5,59.9,58.5,59.1,59.2,61.6,67.1,64.1,60.9,64.0,62.2,64.7,64.0,68.9,67.6,65.2,64.3,67.4,63.0,65.0,61.9,62.5,63.2,63.7,61.8,59.4,59.6,59.3,61.6,59.4
6998,67.3,62.5,63.1,69.5,66.2,66.6,67.4,65.4,63.0,63.2,65.1,64.8,65.1,62.7,66.7,64.3,64.8,62.4,65.1,65.3,64.8,63.8,66.7,63.5,66.7,67.0,64.3,65.2,63.5,64.8,65.2,63.5,60.9,61.7,60.2,60.5,70.8,61.4,69.3,65.5,68.2,66.8,65.9,63.4,67.3,65.4,66.4,67.1,75.4,65.1,71.7,68.2,71.7,62.5,59.0,60.1,60.2,62.4,61.6,59.4,60.2,61.1,62.7,68.3,66.4,61.7,65.8,63.0,65.5,64.6,69.8,68.9,66.4,65.6,68.6,64.3,65.7,62.5,63.3,64.9,65.0,63.5,60.4,60.0,60.6,62.7,60.3
6999,67.3,62.4,62.9,70.1,66.5,67.1,67.8,65.9,63.0,63.5,65.1,65.1,65.1,63.0,66.9,64.4,65.1,62.6,65.0,65.0,65.1,64.0,66.9,64.1,67.1,67.5,64.8,65.5,63.8,65.0,65.5,63.3,61.4,62.2,60.7,60.8,70.7,61.4,70.1,65.8,69.1,66.6,66.8,63.9,67.4,65.5,66.9,67.2,75.6,65.6,72.0,68.5,72.4,62.7,59.3,60.3,60.4,62.6,62.5,59.5,60.4,62.4,63.0,68.8,67.8,61.6,66.7,63.4,65.6,64.8,70.3,69.8,66.8,66.4,69.1,64.5,65.8,62.6,63.5,65.5,65.6,64.0,60.6,59.7,61.2,63.0,60.7
7000,66.0,61.0,61.4,70.0,66.2,66.7,67.4,65.4,62.3,62.9,64.4,64.8,64.3,62.6,66.3,63.8,64.5,61.5,64.0,64.0,64.6,63.4,66.5,63.7,66.8,67.1,64.4,64.8,63.3,64.5,65.1,62.5,61.0,61.7,60.3,60.4,69.4,59.9,69.8,65.1,68.9,65.0,66.5,63.5,66.3,64.3,66.4,66.2,74.3,65.1,71.4,67.7,71.9,61.2,58.8,59.5,59.9,62.0,62.6,58.7,59.6,62.7,62.1,68.1,68.0,60.7,66.5,62.9,64.8,63.9,69.7,69.6,65.5,66.2,68.3,63.8,64.8,61.6,63.0,65.7,65.4,63.7,60.1,58.6,61.0,62.2,60.2
7001,61.2,56.9,56.1,68.7,64.4,65.2,65.8,63.5,60.1,60.9,62.1,63.3,61.7,61.2,64.6,61.8,62.6,57.6,61.3,61.1,62.6,61.2,64.4,61.8,65.3,65.2,62.8,63.0,61.2,62.4,63.4,60.2,59.3,59.9,58.8,58.6,65.8,55.9,68.4,62.2,67.7,60.2,65.1,61.5,62.1,60.3,64.3,62.6,69.0,63.5,69.9,65.0,70.3,56.1,57.2,56.8,58.0,60.0,61.5,55.2,57.2,61.8,58.7,64.4,66.3,57.1,63.7,61.3,62.7,61.5,67.7,68.3,62.3,64.9,64.1,61.7,62.0,59.3,61.1,64.1,63.7,62.3,58.2,56.4,59.6,60.5,58.4
7002,55.2,52.1,50.5,64.0,60.5,61.7,61.9,58.7,57.3,57.6,58.7,60.3,57.7,58.3,60.5,58.7,57.6,53.4,57.7,57.5,58.3,58.0,60.1,57.6,59.9,60.2,60.5,58.9,56.4,58.5,59.3,56.3,54.4,55.6,55.5,54.5,59.7,51.1,63.9,57.0,64.7,54.1,60.0,56.3,56.8,54.9,59.6,57.1,63.4,57.8,65.3,61.5,65.2,51.0,54.2,53.5,54.2,55.9,58.5,51.7,55.0,57.9,54.9,57.9,61.9,52.5,57.1,58.7,58.6,58.1,61.5,63.7,56.1,59.4,57.6,56.0,57.6,56.0,57.3,58.6,58.7,57.6,51.6,54.3,55.4,56.8,53.6
7003,51.8,49.4,47.9,59.2,57.3,59.1,59.0,55.0,55.6,55.7,56.6,57.7,55.7,56.1,57.8,56.9,53.9,51.3,55.6,55.6,55.2,55.7,57.1,54.8,55.4,55.8,58.5,56.1,53.6,56.3,56.2,54.9,51.0,52.6,53.4,51.7,56.8,48.6,59.2,53.0,61.8,52.0,55.7,52.5,54.2,51.4,56.4,54.4,59.6,52.7,60.8,58.9,58.6,48.6,52.2,51.0,51.6,53.6,55.3,50.2,52.8,53.3,52.0,53.2,59.0,49.7,54.1,57.0,56.4,55.9,57.1,57.3,53.2,55.4,54.0,52.3,55.5,54.1,55.3,53.6,55.5,53.5,47.4,53.0,52.0,54.3,50.2
7004,49.2,47.4,45.9,56.3,55.2,57.5,57.1,52.9,54.4,54.4,55.3,56.0,54.3,54.8,56.3,55.6,51.9,49.8,54.2,54.4,53.6,54.2,55.8,53.4,53.2,54.1,57.0,54.5,51.9,55.0,54.2,53.8,49.1,51.0,52.0,50.1,54.5,46.9,56.7,50.4,59.5,50.7,53.1,50.4,52.4,48.8,53.2,51.8,55.7,49.7,57.9,56.2,55.4,46.9,50.6,48.9,49.7,52.2,52.5,48.8,51.6,50.5,49.7,50.2,56.2,47.6,51.9,55.8,55.4,54.6,54.4,54.3,50.4,53.2,51.3,50.0,54.2,52.9,53.9,51.3,53.5,50.8,46.5,51.9,50.0,52.5,48.3
7005,47.3,46.4,44.3,53.8,53.7,56.2,55.7,51.6,53.5,53.5,54.2,54.7,53.4,53.6,55.0,54.7,50.9,48.7,53.2,53.3,52.4,53.0,54.9,52.3,51.6,53.0,55.7,53.2,50.7,54.1,52.8,53.1,47.9,49.5,50.7,48.7,53.1,45.6,55.1,48.3,57.9,49.6,51.2,49.5,50.3,47.4,50.5,49.6,52.9,47.9,55.4,53.8,53.4,45.6,49.5,47.2,48.4,50.7,51.1,48.1,50.7,48.9,48.3,47.2,54.0,45.9,50.2,54.5,54.5,53.6,52.7,52.5,48.3,51.3,48.7,48.2,53.0,52.0,52.7,49.5,51.9,48.9,46.1,50.9,48.6,51.1,46.9
7006,45.7,45.4,43.4,52.2,52.5,55.1,54.5,50.5,52.7,52.6,53.3,53.8,52.5,52.6,54.0,53.8,49.9,47.5,52.2,52.5,51.5,52.1,53.8,51.3,50.7,52.0,54.6,52.1,49.8,53.3,51.8,52.0,47.1,48.1,49.7,47.8,51.8,44.3,53.7,46.9,56.5,48.6,49.8,48.7,48.4,46.3,48.3,47.7,50.3,46.3,53.1,51.5,51.8,44.3,48.7,45.9,47.6,49.5,49.8,47.3,49.5,47.3,47.4,45.4,52.4,44.6,48.1,53.4,53.6,52.6,51.3,51.0,46.3,49.8,47.1,46.6,52.0,51.2,51.8,48.2,50.6,47.3,45.8,50.2,47.5,50.0,46.1
7007,44.2,44.6,42.3,50.6,51.4,54.1,53.5,49.5,51.9,51.8,52.3,52.7,51.8,51.8,53.0,52.9,49.1,46.6,51.3,51.6,50.6,51.4,52.8,50.3,49.7,51.1,53.9,51.2,49.1,52.3,51.0,51.6,46.3,47.5,48.6,47.2,51.0,43.5,52.5,46.0,55.0,47.6,48.5,47.3,46.9,45.0,46.4,46.1,48.3,44.5,51.4,49.6,50.2,43.3,48.0,44.7,47.0,48.7,48.9,46.3,48.8,45.9,46.4,43.1,50.8,43.6,46.6,52.5,52.7,51.7,49.8,49.4,44.7,48.4,45.4,44.9,51.3,50.4,51.0,47.1,49.5,45.8,45.6,49.3,46.6,49.0,45.2
7008,43.1,43.8,41.4,49.6,50.5,53.1,52.5,48.8,51.1,51.0,51.4,51.8,51.0,51.1,52.1,52.3,48.6,45.3,50.4,50.9,49.9,50.5,52.0,49.6,48.9,50.4,53.1,50.5,48.3,51.5,50.4,50.9,45.3,46.7,47.8,46.4,50.1,42.6,51.3,44.7,53.4,46.9,47.5,46.6,45.6,44.6,44.6,45.0,46.6,42.8,49.8,47.8,48.5,42.3,47.3,43.7,46.3,47.8,48.0,45.4,48.1,44.8,45.5,41.3,49.4,42.5,45.2,51.7,51.9,51.1,48.4,48.1,43.2,47.3,44.1,43.2,50.6,49.7,50.3,46.1,48.8,44.7,45.0,48.8,45.8,48.2,44.6
7009,41.5,42.9,40.7,48.4,49.8,52.2,51.8,48.1,50.2,50.4,50.7,51.0,50.3,50.4,51.4,51.5,48.1,44.6,49.9,50.3,49.3,49.8,51.4,48.7,47.9,49.6,52.5,49.7,47.8,50.8,49.7,50.3,44.5,46.1,47.0,45.7,49.6,41.9,50.5,43.7,52.6,46.5,46.3,45.7,44.0,43.4,43.2,43.9,45.3,41.2,48.7,46.1,46.7,41.3,46.5,42.7,45.7,46.9,47.2,44.7,47.3,43.8,44.8,39.8,48.3,41.5,43.8,51.2,51.1,50.4,46.7,46.8,42.0,46.2,42.9,41.7,50.1,49.1,49.6,45.2,47.9,43.4,44.7,48.3,45.1,47.4,43.9
7010,40.3,42.3,40.1,47.5,49.0,51.5,50.8,47.2,49.6,49.7,50.2,50.3,49.6,49.9,50.8,50.9,47.5,43.9,49.3,49.7,48.6,49.1,50.7,47.9,47.2,48.8,51.9,49.0,47.1,50.2,49.1,49.8,43.9,45.4,46.3,45.0,48.8,41.3,49.7,43.0,51.2,45.8,45.5,44.6,42.8,42.6,41.8,42.9,43.9,40.1,47.6,44.7,45.2,40.6,45.7,42.1,45.0,46.1,46.4,43.8,46.6,43.0,44.0,38.5,47.2,40.8,42.7,50.6,50.4,49.7,45.2,45.8,41.0,45.2,41.6,40.4,49.5,48.4,49.2,44.3,46.9,42.2,44.1,47.6,44.4,46.8,43.3
7011,39.3,41.8,39.4,46.7,48.3,50.7,50.2,46.8,48.8,49.0,49.5,49.5,49.1,49.3,50.0,50.4,46.9,43.2,48.8,49.2,48.0,48.7,50.1,47.1,46.4,48.2,51.2,48.5,46.5,49.8,48.4,49.3,43.1,44.8,45.8,44.2,47.9,40.8,48.7,42.1,49.9,45.5,44.6,43.5,41.8,41.9,40.9,42.1,43.0,39.1,46.5,43.6,43.8,40.0,45.2,41.6,44.3,45.5,45.8,43.3,46.0,41.9,43.5,37.1,46.3,40.1,41.5,50.0,49.6,49.1,43.5,44.8,39.9,44.3,40.5,39.4,49.2,47.9,48.6,43.7,46.1,41.5,43.6,47.1,43.7,46.3,42.9
7012,38.7,41.5,39.1,45.8,47.8,50.2,49.6,46.3,48.3,48.4,49.0,48.9,48.5,48.7,49.3,49.9,46.2,42.6,48.2,48.6,47.5,48.1,49.6,46.4,45.8,47.6,50.6,47.9,45.9,49.4,47.9,48.7,42.6,44.2,45.2,44.0,47.3,40.4,48.2,41.2,49.0,45.2,43.6,42.8,41.2,41.2,40.1,41.3,42.2,38.1,45.7,42.6,42.4,39.3,44.4,40.7,43.8,45.0,45.0,42.8,45.4,41.1,42.9,36.2,45.6,39.5,40.6,49.3,49.0,48.6,42.2,44.3,39.0,43.4,39.5,38.4,48.6,47.4,48.2,43.0,45.5,40.8,43.2,46.6,43.0,45.6,42.3
7013,38.0,41.1,39.0,45.1,47.2,49.6,49.3,45.7,47.7,48.0,48.6,48.4,48.1,48.1,48.6,49.4,46.0,42.1,47.8,48.3,46.8,47.6,49.2,45.7,45.1,47.1,50.1,47.4,45.5,49.1,47.3,48.4,42.0,43.6,44.8,43.5,46.9,40.0,47.5,40.4,48.3,45.2,42.9,41.8,40.4,40.4,39.4,40.5,41.4,37.0,44.9,41.7,41.6,38.7,43.9,40.1,43.3,44.7,44.5,42.0,44.9,40.4,42.5,35.4,45.0,38.9,39.7,48.7,48.6,48.2,40.7,43.5,38.2,42.8,38.5,37.6,48.3,47.0,47.8,42.3,44.9,40.1,42.4,46.3,42.6,45.1,41.8
7014,37.1,40.9,38.6,44.6,46.7,49.1,48.8,45.4,47.2,47.4,48.5,48.1,47.7,47.7,48.2,49.0,45.5,41.7,47.5,47.9,46.6,47.2,48.8,45.1,44.3,46.5,49.6,47.0,45.1,48.7,46.8,48.1,41.6,43.2,44.5,42.8,46.0,39.7,47.0,39.9,47.6,44.7,42.1,41.1,39.8,39.5,38.4,39.6,40.4,36.3,44.0,41.2,40.6,38.3,43.3,39.5,42.9,44.3,43.9,41.6,44.3,39.9,42.2,34.3,44.3,38.5,38.9,48.3,48.1,47.8,39.6,43.1,37.5,42.6,37.6,36.9,48.0,46.8,47.3,41.8,44.1,39.4,42.1,46.0,42.1,44.6,41.4
7015,40.1,41.9,40.7,44.2,46.1,48.9,48.4,45.1,47.2,47.4,49.0,48.2,48.5,47.4,47.9,48.9,45.5,42.1,48.0,49.2,46.4,47.2,48.6,44.7,43.8,46.3,49.3,46.7,45.0,48.7,46.7,48.4,41.2,42.9,44.1,43.0,48.0,40.7,46.1,41.2,47.7,47.5,41.6,40.9,41.9,41.7,39.1,42.4,43.4,35.5,43.6,41.8,40.7,40.2,42.8,39.7,42.4,44.3,43.5,41.6,44.6,39.2,42.7,36.3,44.0,38.7,38.5,48.1,48.7,48.4,39.5,42.6,39.5,42.7,40.7,36.5,49.1,47.4,46.9,41.5,43.7,38.6,41.5,47.0,41.7,44.4,41.1
7016,46.4,47.0,47.4,46.8,48.7,50.9,51.2,48.3,50.3,50.1,52.4,50.9,52.1,49.7,50.7,51.7,49.2,47.1,51.8,52.7,49.7,50.4,51.7,47.2,46.3,49.4,51.5,49.3,48.5,51.8,49.5,51.3,43.9,45.5,46.0,45.7,53.0,46.0,48.7,47.4,50.9,53.2,44.1,45.7,46.9,47.9,44.0,49.0,53.2,40.0,49.8,46.0,47.2,45.3,44.3,43.6,45.2,47.1,44.2,45.4,47.0,39.9,46.8,44.8,46.4,43.6,43.8,50.2,52.4,52.1,47.2,45.4,45.4,47.7,48.6,42.1,53.2,50.6,49.7,44.2,46.2,40.8,44.3,49.6,43.9,47.2,44.3
7017,51.9,51.4,52.7,52.6,52.8,54.5,54.9,52.5,53.6,53.3,55.7,54.4,55.5,53.1,54.6,54.9,53.2,51.1,55.4,56.4,53.4,54.1,55.4,51.0,51.1,53.5,54.4,53.3,52.0,55.2,53.2,54.2,48.0,49.4,48.9,49.1,57.8,50.5,53.8,52.2,54.5,57.6,49.5,50.1,52.0,53.5,48.7,54.0,60.6,46.8,56.9,51.0,53.4,50.6,47.5,48.0,49.0,51.1,47.9,48.9,49.5,44.1,50.9,52.2,49.8,49.0,49.2,53.4,55.9,55.2,53.6,51.7,51.0,53.0,54.5,48.5,56.8,53.7,53.1,49.3,50.6,45.5,49.0,52.5,47.8,51.1,48.4
7018,56.9,55.1,56.3,57.9,56.7,58.0,58.4,56.4,56.6,56.2,58.5,57.7,58.6,55.9,58.0,57.7,56.8,54.4,58.6,59.4,56.8,57.0,58.6,54.6,55.7,57.4,57.4,57.0,55.5,58.2,56.9,56.9,51.8,53.2,52.0,52.4,61.7,54.2,58.2,56.2,58.1,60.8,54.6,53.8,56.8,57.7,54.1,58.2,65.6,52.8,62.1,55.9,59.0,55.0,51.1,51.8,52.9,54.5,51.6,51.9,52.1,48.8,54.4,57.9,53.4,52.9,53.8,56.2,58.9,58.1,59.4,57.5,56.2,56.8,59.0,53.8,59.6,56.4,56.1,53.9,54.9,50.6,52.6,55.0,51.6,54.8,52.0
7019,61.0,58.0,59.1,62.1,60.0,60.7,61.3,59.7,59.1,58.6,60.8,60.4,60.9,58.1,60.9,60.0,59.8,57.3,60.9,61.5,59.5,59.3,61.3,57.7,59.6,60.7,59.8,59.9,58.3,60.6,59.9,59.3,55.2,56.1,54.7,55.2,64.7,57.1,62.1,59.5,61.3,63.3,58.7,56.7,60.6,60.7,58.6,61.6,69.2,57.3,66.1,60.3,63.6,58.2,54.4,54.9,55.6,57.3,54.9,54.6,54.7,52.9,57.3,61.9,57.1,56.2,57.8,58.4,61.1,60.4,63.8,61.7,60.1,59.7,62.4,57.8,61.9,58.6,58.7,57.8,58.7,55.3,55.0,57.0,54.9,57.6,55.0
7020,63.9,60.0,60.9,65.1,62.6,63.1,63.7,62.1,60.7,60.5,62.6,62.2,62.6,59.9,63.3,61.6,61.8,59.6,62.6,63.1,61.8,61.1,63.5,60.1,62.7,63.3,61.7,62.0,60.5,62.4,62.1,61.2,57.8,58.5,56.9,57.5,66.9,59.3,65.0,61.9,63.9,64.8,61.9,59.3,63.3,62.6,61.9,64.2,71.9,60.9,68.8,64.0,67.1,60.4,56.5,57.2,57.6,59.6,57.4,56.5,57.1,56.1,59.5,64.5,60.8,58.7,61.0,60.4,63.0,62.1,66.5,64.8,62.9,61.9,65.1,60.8,63.4,60.2,60.6,60.8,61.5,58.9,57.3,58.3,57.3,59.7,57.3
7021,65.4,61.3,62.1,67.4,64.3,64.9,65.6,63.7,61.8,62.0,63.9,63.5,63.8,61.2,64.9,63.0,63.2,61.2,64.0,64.0,63.3,62.4,65.0,62.0,64.9,65.3,63.0,63.5,62.1,63.7,63.7,62.4,59.6,60.1,58.6,59.1,68.8,60.5,67.3,63.6,66.0,65.9,64.1,61.4,65.4,64.0,64.4,65.9,73.9,63.3,70.5,66.5,69.7,62.0,57.9,58.8,59.1,61.1,59.6,58.2,58.7,58.8,61.2,66.7,63.8,60.5,63.6,61.6,64.2,63.4,68.4,67.0,64.7,63.6,67.0,62.7,64.4,61.5,62.0,62.9,63.3,61.6,59.2,59.3,59.0,61.2,58.9
7022,66.8,61.9,62.8,68.9,65.7,65.9,66.8,64.9,62.4,62.7,64.5,64.3,64.5,62.1,66.1,63.7,64.3,62.0,64.5,64.6,64.2,63.2,66.1,63.1,66.1,66.5,63.8,64.6,63.0,64.3,64.7,63.0,60.5,61.3,59.7,60.1,70.2,60.9,68.6,64.8,67.5,66.2,65.5,62.8,66.7,64.8,65.9,66.8,75.0,64.7,71.5,67.8,71.2,62.3,58.6,59.8,59.8,62.1,61.3,59.0,59.7,60.7,62.2,67.9,66.1,61.4,65.4,62.4,65.0,64.1,69.4,68.4,65.9,65.0,68.2,64.0,65.1,62.0,62.8,64.5,64.6,63.2,60.1,59.7,60.3,62.1,59.9
7023,66.7,61.8,62.6,69.7,66.0,66.6,67.3,65.4,62.4,62.9,64.5,64.6,64.5,62.4,66.4,63.8,64.6,62.2,64.4,64.4,64.5,63.4,66.3,63.7,66.5,67.0,64.2,65.0,63.3,64.5,64.9,62.8,61.1,61.8,60.2,60.4,69.9,60.8,69.4,65.1,68.4,66.1,66.4,63.3,66.9,64.8,66.4,67.0,75.2,65.1,71.8,68.1,72.0,62.5,58.9,59.9,60.1,62.3,62.2,59.1,60.0,61.9,62.6,68.4,67.4,61.3,66.3,62.8,65.1,64.2,69.8,69.3,66.3,65.7,68.7,64.2,65.1,62.1,63.0,65.2,65.2,63.8,60.4,59.4,60.8,62.5,60.3
7024,65.4,60.3,61.0,69.5,65.6,66.2,66.8,64.8,61.7,62.4,63.8,64.3,63.7,62.1,65.7,63.3,63.9,61.0,63.4,63.4,64.0,62.8,65.9,63.3,66.2,66.5,63.8,64.3,62.8,63.9,64.5,62.0,60.6,61.2,59.8,59.9,68.7,59.2,69.1,64.3,68.2,64.5,66.0,62.8,65.7,63.5,65.9,65.9,74.0,64.7,71.3,67.3,71.5,60.9,58.5,59.0,59.6,61.7,62.2,58.3,59.1,62.3,61.7,67.6,67.7,60.3,66.1,62.3,64.2,63.3,69.2,69.2,65.0,65.5,67.8,63.5,64.2,61.1,62.5,65.3,64.9,63.5,59.9,58.3,60.6,61.7,59.7
7025,60.4,56.1,55.5,68.2,63.8,64.7,65.1,63.0,59.5,60.3,61.5,62.7,61.1,60.6,64.0,61.3,61.9,57.1,60.8,60.5,61.9,60.6,63.8,61.3,64.8,64.6,62.2,62.4,60.6,61.9,62.7,59.6,58.8,59.3,58.2,58.1,65.0,55.2,67.7,61.4,67.0,59.5,64.6,60.8,61.4,59.7,63.7,62.1,68.5,63.0,69.7,64.5,69.9,55.7,56.8,56.3,57.6,59.6,61.1,54.7,56.7,61.4,58.2,63.8,65.9,56.6,63.3,60.7,62.1,60.9,67.2,67.8,61.6,64.2,63.5,61.3,61.4,58.7,60.5,63.7,63.2,62.0,57.8,56.1,59.2,59.9,57.9
7026,54.4,51.4,50.0,63.4,59.9,61.0,61.3,58.1,56.7,56.9,58.1,59.7,57.2,57.6,59.7,58.2,56.8,52.9,57.2,57.0,57.7,57.4,59.5,57.0,59.1,59.5,59.8,58.2,55.8,57.9,58.6,55.7,53.9,55.0,55.0,53.9,59.1,50.5,63.2,56.2,63.9,53.5,59.4,55.6,56.2,54.4,59.1,56.8,63.1,57.3,64.9,61.1,64.8,50.6,53.8,53.1,53.9,55.6,58.1,51.2,54.6,57.4,54.3,57.5,61.5,52.1,56.6,58.1,58.0,57.5,60.9,63.1,55.5,58.7,57.1,55.6,57.1,55.5,56.6,58.1,58.1,57.3,51.2,54.1,55.0,56.2,53.0
7027,51.1,48.8,47.5,58.6,56.7,58.6,58.3,54.5,55.0,55.0,56.1,57.2,55.3,55.5,57.2,56.3,53.1,50.9,55.2,55.1,54.6,55.1,56.5,54.3,54.7,55.1,58.0,55.5,53.0,55.7,55.6,54.3,50.7,52.1,52.8,51.1,56.1,48.1,58.5,52.3,61.1,51.4,55.2,51.9,53.6,50.8,56.0,54.0,59.3,52.3,60.4,58.5,58.1,48.3,51.8,50.6,51.2,53.3,54.9,49.6,52.4,52.8,51.5,52.9,58.6,49.2,53.7,56.4,55.9,55.4,56.7,56.7,52.6,54.8,53.7,51.8,55.0,53.7,54.6,53.2,54.9,53.2,47.2,52.7,51.7,53.8,49.6
7028,48.5,46.9,45.5,55.7,54.6,56.8,56.4,52.4,53.9,53.8,54.8,55.6,53.9,54.2,55.6,55.1,51.2,49.3,53.7,53.9,53.0,53.6,55.2,53.0,52.5,53.3,56.4,53.8,51.3,54.5,53.6,53.3,48.8,50.5,51.4,49.5,53.8,46.3,56.0,49.8,58.9,50.1,52.5,49.9,51.9,48.2,52.7,51.4,55.3,49.4,57.6,55.9,55.0,46.5,50.2,48.4,49.4,51.8,52.1,48.3,51.2,50.1,49.2,49.9,55.8,47.1,51.5,55.2,54.8,54.1,54.1,53.7,49.9,52.7,50.9,49.6,53.7,52.5,53.3,50.9,52.9,50.5,46.3,51.7,49.6,52.0,47.8
7029,46.7,45.8,43.8,53.2,53.1,55.4,55.1,51.1,53.0,52.9,53.8,54.2,53.0,52.9,54.3,54.1,50.2,48.3,52.7,52.8,51.9,52.4,54.3,51.8,51.0,52.3,55.1,52.5,50.1,53.6,52.2,52.6,47.6,49.1,50.2,48.2,52.4,45.0,54.3,47.6,57.2,48.9,50.6,49.0,49.8,46.9,50.0,49.4,52.6,47.4,55.1,53.5,52.9,45.2,49.2,46.7,48.2,50.4,50.7,47.5,50.3,48.5,47.9,46.9,53.7,45.5,49.9,53.9,53.9,53.1,52.3,51.8,47.8,50.7,48.4,47.7,52.6,51.6,52.1,49.1,51.3,48.6,46.0,50.8,48.2,50.6,46.5
7030,45.1,44.7,42.9,51.5,51.9,54.4,53.8,50.0,52.1,52.0,52.9,53.3,52.1,52.1,53.3,53.3,49.3,47.0,51.8,52.1,51.0,51.4,53.2,50.8,50.1,51.3,54.0,51.4,49.2,52.8,51.2,51.6,46.7,47.7,49.2,47.3,51.1,43.8,52.9,46.2,55.9,48.0,49.2,48.2,47.9,45.7,47.8,47.4,50.1,45.8,52.8,51.2,51.3,43.9,48.4,45.4,47.3,49.2,49.5,46.7,49.2,46.9,46.9,45.0,52.2,44.2,47.8,52.8,53.0,52.1,50.9,50.3,45.7,49.3,46.8,46.1,51.6,50.8,51.2,47.8,50.0,46.9,45.6,50.0,47.1,49.5,45.6
7031,43.5,43.9,41.8,49.9,50.7,53.4,52.8,48.9,51.3,51.2,51.9,52.2,51.3,51.3,52.4,52.4,48.5,46.1,50.8,51.2,50.1,50.9,52.2,49.9,49.0,50.3,53.2,50.5,48.5,51.8,50.4,51.1,45.8,47.0,48.1,46.8,50.3,42.9,51.7,45.3,54.4,46.9,47.9,46.9,46.4,44.5,46.0,45.9,48.2,44.0,51.1,49.3,49.8,42.8,47.6,44.2,46.7,48.4,48.6,45.7,48.5,45.6,45.9,42.9,50.7,43.2,46.3,51.9,52.1,51.3,49.4,48.7,44.1,47.8,45.2,44.5,51.0,50.0,50.4,46.7,48.9,45.4,45.3,49.2,46.1,48.5,44.7
7032,42.5,43.2,40.9,48.9,49.9,52.5,51.8,48.2,50.5,50.5,51.0,51.3,50.5,50.5,51.5,51.8,48.0,44.9,50.1,50.6,49.4,49.9,51.3,49.1,48.2,49.7,52.5,49.9,47.7,51.0,49.8,50.5,44.9,46.3,47.3,45.8,49.3,42.1,50.5,44.1,52.9,46.3,47.0,46.1,45.1,44.1,44.2,44.8,46.5,42.4,49.5,47.5,48.0,41.8,47.0,43.3,46.0,47.5,47.7,44.9,47.8,44.4,44.9,41.2,49.3,42.1,44.8,51.1,51.5,50.6,48.0,47.3,42.6,46.7,43.9,42.8,50.2,49.4,49.8,45.7,48.2,44.2,44.8,48.6,45.3,47.7,44.2
7033,40.9,42.4,40.2,47.8,49.2,51.6,51.1,47.4,49.6,49.8,50.3,50.4,49.8,49.8,50.8,51.0,47.5,44.1,49.5,49.9,48.7,49.2,50.6,48.1,47.3,48.9,51.9,49.0,47.2,50.3,49.1,49.9,44.1,45.6,46.5,45.1,48.8,41.4,49.7,43.2,52.1,45.8,45.8,45.2,43.5,42.9,42.9,43.7,45.3,40.8,48.4,45.8,46.2,40.9,46.3,42.2,45.5,46.6,46.9,44.3,46.9,43.5,44.3,39.7,48.1,41.2,43.6,50.6,50.7,49.9,46.4,46.1,41.4,45.7,42.6,41.3,49.8,48.7,49.0,44.8,47.2,43.0,44.4,48.1,44.6,46.8,43.4
7034,39.8,41.8,39.5,46.8,48.3,50.9,50.2,46.6,49.1,49.2,49.7,49.8,49.1,49.3,50.1,50.4,46.9,43.4,49.0,49.4,48.0,48.6,50.0,47.4,46.5,48.1,51.3,48.4,46.5,49.7,48.5,49.4,43.4,44.9,45.7,44.4,48.1,40.8,48.9,42.5,50.7,45.2,45.0,44.1,42.3,42.1,41.6,42.8,43.9,39.8,47.3,44.4,44.8,40.1,45.5,41.7,44.8,45.9,46.2,43.4,46.3,42.6,43.5,38.3,47.1,40.5,42.5,50.0,49.9,49.2,44.8,45.0,40.4,44.7,41.4,40.1,49.2,48.0,48.6,43.9,46.2,41.8,43.8,47.5,44.0,46.2,42.8
7035,38.8,41.4,38.9,46.0,47.7,50.2,49.5,46.1,48.2,48.5,49.1,48.9,48.6,48.7,49.4,49.8,46.3,42.8,48.4,48.8,47.4,48.1,49.4,46.5,45.8,47.5,50.6,47.9,45.8,49.2,47.8,48.9,42.6,44.2,45.3,43.6,47.1,40.3,47.9,41.6,49.4,44.9,44.0,43.0,41.4,41.5,40.5,41.9,42.9,38.8,46.2,43.3,43.3,39.5,44.9,41.1,44.2,45.3,45.5,42.9,45.7,41.6,43.0,36.9,46.1,39.8,41.3,49.5,49.2,48.6,43.1,44.2,39.4,43.8,40.2,39.1,48.8,47.4,48.0,43.2,45.5,41.0,43.4,47.0,43.2,45.7,42.4
7036,38.2,41.1,38.7,45.1,47.2,49.5,49.0,45.6,47.8,47.8,48.6,48.4,48.0,48.1,48.6,49.3,45.5,42.2,47.8,48.3,46.8,47.6,48.8,45.8,45.1,46.9,50.0,47.3,45.3,48.8,47.2,48.3,42.0,43.6,44.7,43.5,46.5,40.0,47.4,40.7,48.5,44.6,43.1,42.3,40.7,40.7,39.8,41.1,42.1,37.8,45.5,42.3,41.9,38.8,44.2,40.3,43.6,44.7,44.7,42.5,45.1,40.8,42.4,36.1,45.5,39.2,40.3,48.7,48.6,48.0,41.8,43.6,38.4,43.0,39.3,38.3,48.3,46.9,47.6,42.5,44.9,40.2,42.9,46.6,42.5,44.9,41.8
7037,37.3,40.7,38.5,44.5,46.6,49.0,48.6,45.1,47.2,47.4,48.1,47.8,47.6,47.5,47.9,48.9,45.3,41.7,47.3,48.0,46.2,47.1,48.4,45.1,44.4,46.4,49.5,46.7,44.8,48.5,46.6,47.9,41.5,43.1,44.2,43.0,46.0,39.7,46.7,39.9,47.8,44.5,42.3,41.4,39.9,40.0,39.1,40.3,41.2,36.7,44.6,41.5,41.1,38.3,43.6,39.8,43.1,44.4,44.2,41.7,44.6,40.0,42.1,35.2,44.8,38.7,39.6,48.2,48.2,47.7,40.3,42.9,37.7,42.4,38.2,37.4,47.9,46.5,47.2,41.8,44.3,39.5,42.0,46.3,42.1,44.4,41.4
7038,36.4,40.4,38.2,43.9,46.0,48.5,48.1,44.8,46.7,46.8,47.9,47.5,47.1,47.1,47.6,48.4,44.8,41.3,47.0,47.6,45.9,46.6,48.0,44.5,43.7,45.8,49.0,46.2,44.4,48.1,46.1,47.6,41.1,42.7,43.9,42.4,45.2,39.3,46.2,39.3,47.1,44.1,41.5,40.7,39.3,39.1,38.0,39.4,40.3,36.0,43.7,41.0,40.1,37.9,43.1,39.3,42.7,44.1,43.7,41.3,44.1,39.6,41.7,34.2,44.1,38.3,38.7,47.7,47.7,47.2,39.3,42.4,36.9,42.1,37.5,36.8,47.6,46.2,46.7,41.3,43.5,38.8,41.7,46.0,41.6,43.9,41.0
7039,39.3,41.4,40.2,43.5,45.5,48.3,47.8,44.4,46.7,46.7,48.4,47.6,47.8,46.8,47.2,48.4,44.8,41.7,47.5,48.8,45.7,46.5,47.9,44.1,43.3,45.6,48.6,45.9,44.3,48.0,46.0,47.8,40.7,42.4,43.6,42.4,47.3,40.3,45.3,40.6,47.2,46.8,41.1,40.4,41.3,41.2,38.7,42.1,43.0,35.3,43.3,41.5,40.1,39.8,42.5,39.4,42.2,44.0,43.3,41.3,44.3,38.9,42.2,36.0,43.9,38.5,38.3,47.5,48.3,47.8,39.0,41.9,38.8,42.2,40.3,36.5,48.7,46.8,46.3,41.0,43.1,38.1,41.1,46.9,41.1,43.7,40.6
7040,45.7,46.5,46.8,46.0,48.1,50.2,50.5,47.6,49.7,49.4,51.9,50.2,51.5,49.1,50.0,51.1,48.4,46.5,51.2,52.2,48.9,49.7,50.9,46.7,45.7,48.7,50.7,48.6,47.8,51.1,48.8,50.8,43.3,44.9,45.4,45.1,52.3,45.4,48.0,46.6,50.3,52.7,43.5,45.1,46.2,47.3,43.5,48.6,52.9,39.7,49.4,45.7,46.7,44.8,44.0,43.2,44.9,46.8,44.0,45.0,46.7,39.4,46.2,44.4,46.2,43.2,43.4,49.5,51.9,51.4,46.5,44.6,44.8,47.1,48.1,41.8,52.6,49.9,49.0,43.6,45.5,40.2,43.8,49.5,43.2,46.5,43.7
7041,51.2,51.0,52.2,52.0,52.2,53.8,54.2,51.8,53.0,52.7,55.2,53.8,54.9,52.5,53.9,54.2,52.5,50.6,54.8,55.8,52.8,53.4,54.7,50.5,50.5,52.9,53.7,52.6,51.3,54.5,52.6,53.6,47.5,48.9,48.4,48.5,57.1,50.0,53.1,51.5,53.8,57.1,48.8,49.5,51.4,52.8,48.1,53.7,60.2,46.3,56.5,50.6,52.8,50.1,47.2,47.5,48.7,50.7,47.7,48.4,49.1,43.6,50.3,51.7,49.5,48.5,48.8,52.8,55.3,54.5,53.0,51.0,50.3,52.3,54.0,48.1,56.2,53.1,52.5,48.7,50.0,44.9,48.6,52.3,47.2,50.6,47.9
7042,56.3,54.7,55.8,57.3,56.2,57.3,57.7,55.9,56.0,55.7,58.0,57.2,58.0,55.3,57.4,57.0,56.3,53.8,58.0,58.7,56.2,56.3,57.9,54.2,55.2,56.8,56.9,56.4,54.9,57.5,56.3,56.4,51.4,52.7,51.5,51.9,60.9,53.7,57.6,55.4,57.4,60.2,54.0,53.2,56.1,57.1,53.5,57.8,65.3,52.3,61.6,55.5,58.4,54.4,50.8,51.3,52.6,54.2,51.3,51.4,51.7,48.2,53.8,57.4,53.0,52.4,53.3,55.6,58.4,57.5,58.7,56.9,55.6,56.1,58.5,53.3,59.1,55.9,55.5,53.4,54.4,50.0,52.1,54.8,51.1,54.3,51.5
7043,60.4,57.5,58.6,61.5,59.6,60.1,60.7,59.3,58.5,58.1,60.2,59.8,60.3,57.6,60.3,59.3,59.2,56.8,60.4,60.8,59.0,58.6,60.7,57.3,59.1,60.2,59.3,59.4,57.8,60.0,59.4,58.7,54.8,55.8,54.2,54.8,63.9,56.6,61.6,58.7,60.5,62.7,58.2,56.2,60.0,60.0,58.0,61.3,68.8,56.8,65.7,59.9,62.9,57.7,54.1,54.4,55.3,57.0,54.5,54.0,54.2,52.4,56.7,61.4,56.7,55.7,57.2,57.8,60.6,59.8,63.2,61.2,59.6,59.0,61.9,57.3,61.3,58.0,58.1,57.3,58.2,54.7,54.6,56.8,54.5,57.1,54.6
7044,63.3,59.6,60.4,64.6,62.2,62.6,63.1,61.7,60.1,60.0,62.0,61.6,62.0,59.4,62.7,61.0,61.3,59.1,62.0,62.4,61.3,60.5,62.9,59.7,62.3,62.8,61.2,61.5,60.0,61.8,61.6,60.6,57.4,58.2,56.5,57.1,66.2,58.9,64.5,61.2,63.2,64.2,61.5,58.7,62.7,62.0,61.3,63.8,71.5,60.4,68.5,63.5,66.5,59.9,56.2,56.6,57.3,59.3,57.0,56.0,56.5,55.6,59.0,64.0,60.3,58.3,60.3,59.8,62.5,61.5,66.0,64.3,62.4,61.3,64.6,60.4,62.8,59.6,60.1,60.4,61.1,58.4,56.9,58.1,56.9,59.3,56.9
7045,64.9,60.9,61.6,66.9,64.0,64.3,65.0,63.4,61.2,61.5,63.3,62.9,63.2,60.8,64.4,62.4,62.8,60.7,63.4,63.3,62.8,61.8,64.5,61.6,64.4,64.8,62.6,63.1,61.7,63.1,63.2,61.7,59.2,59.8,58.3,58.8,68.0,60.0,66.8,62.9,65.2,65.3,63.7,60.7,64.8,63.4,63.8,65.6,73.5,62.9,70.3,66.0,69.0,61.5,57.6,58.3,58.8,60.8,59.2,57.6,58.1,58.2,60.7,66.2,63.3,60.0,62.9,61.1,63.8,62.8,67.9,66.5,64.1,62.9,66.5,62.2,63.8,60.8,61.5,62.5,63.0,61.1,58.8,59.0,58.5,60.8,58.5
7046,66.3,61.5,62.4,68.4,65.3,65.5,66.3,64.6,61.8,62.3,63.9,63.7,63.9,61.7,65.6,63.1,63.9,61.6,63.9,63.7,63.9,62.6,65.6,62.7,65.6,65.9,63.4,64.2,62.6,63.7,64.3,62.3,60.2,60.9,59.4,59.7,69.4,60.3,68.1,64.1,66.8,65.6,65.1,62.2,66.1,64.1,65.3,66.5,74.7,64.3,71.3,67.3,70.6,61.9,58.3,59.1,59.5,61.7,60.9,58.4,59.2,60.1,61.8,67.3,65.6,60.9,64.7,62.0,64.5,63.4,68.9,67.9,65.3,64.3,67.7,63.5,64.5,61.3,62.3,64.1,64.3,62.8,59.7,59.3,59.8,61.8,59.4
7047,66.1,61.3,62.0,69.1,65.6,66.1,66.8,65.1,61.8,62.5,63.9,64.0,63.9,61.9,65.9,63.2,64.1,61.8,63.7,63.6,64.1,62.9,65.8,63.3,66.0,66.4,63.7,64.6,62.9,63.9,64.6,62.2,60.7,61.4,59.8,60.0,69.2,60.2,68.8,64.4,67.6,65.4,65.9,62.7,66.3,64.1,65.8,66.6,74.9,64.8,71.6,67.6,71.5,62.1,58.6,59.3,59.7,61.8,61.7,58.5,59.4,61.4,62.1,67.9,66.9,60.8,65.5,62.3,64.6,63.5,69.3,68.7,65.7,64.9,68.2,63.8,64.5,61.3,62.5,64.9,64.8,63.3,59.9,59.0,60.4,62.1,59.8
7048,64.8,59.8,60.4,69.0,65.2,65.7,66.3,64.5,61.1,61.9,63.1,63.7,63.1,61.6,65.3,62.7,63.5,60.5,62.7,62.6,63.6,62.3,65.3,62.9,65.7,66.0,63.3,63.9,62.4,63.3,64.1,61.3,60.2,60.8,59.4,59.5,68.0,58.6,68.5,63.6,67.5,63.8,65.5,62.2,65.1,62.8,65.4,65.6,73.6,64.4,71.2,66.8,71.0,60.5,58.2,58.4,59.2,61.2,61.8,57.7,58.6,61.8,61.2,67.0,67.2,59.8,65.3,61.8,63.7,62.6,68.8,68.5,64.3,64.8,67.3,63.1,63.5,60.3,61.9,64.9,64.5,63.1,59.4,57.9,60.2,61.4,59.2
7049,59.6,55.5,54.8,67.6,63.3,64.2,64.6,62.6,58.9,59.8,60.8,62.2,60.3,60.1,63.5,60.7,61.4,56.5,60.1,59.7,61.4,60.0,63.2,60.9,64.1,64.1,61.7,61.9,60.2,61.2,62.3,58.9,58.4,58.8,57.8,57.7,64.2,54.5,67.0,60.7,66.3,58.7,64.1,60.2,60.7,58.9,63.1,61.6,68.0,62.6,69.6,64.1,69.4,55.1,56.3,55.7,57.1,59.1,60.6,54.0,56.2,60.9,57.7,63.2,65.3,56.1,62.4,60.2,61.5,60.2,66.8,67.1,60.8,63.4,62.9,60.9,60.7,58.0,60.0,63.1,62.7,61.5,57.3,55.7,58.7,59.5,57.3
7050,53.6,50.9,49.5,62.8,59.4,60.5,60.6,57.6,56.1,56.4,57.5,59.1,56.6,57.1,59.2,57.6,56.3,52.5,56.5,56.4,57.2,56.8,58.8,56.6,58.5,59.0,59.3,57.7,55.3,57.3,58.3,55.0,53.5,54.4,54.5,53.3,58.4,50.0,62.4,55.6,63.2,52.9,58.8,54.9,55.6,53.7,58.5,56.3,62.5,56.7,64.6,60.6,64.2,50.1,53.4,52.6,53.4,55.1,57.6,50.7,54.1,56.9,53.9,56.8,61.0,51.7,55.9,57.6,57.5,56.8,60.4,62.3,54.7,57.9,56.6,55.0,56.5,54.9,56.1,57.4,57.6,56.8,50.6,53.8,54.5,55.8,52.3
7051,50.3,48.4,47.0,58.0,56.3,58.1,57.7,54.1,54.5,54.6,55.5,56.6,54.7,55.0,56.7,55.7,52.6,50.4,54.5,54.5,54.2,54.4,55.8,53.9,54.2,54.6,57.5,54.9,52.5,55.1,55.2,53.6,50.3,51.5,52.3,50.5,55.4,47.6,57.8,51.7,60.3,50.9,54.7,51.2,53.0,50.1,55.5,53.6,58.8,51.8,60.2,58.0,57.6,47.7,51.5,50.1,50.9,52.9,54.3,49.0,51.9,52.4,51.0,52.3,58.2,48.7,53.1,55.9,55.3,54.7,56.2,56.1,51.9,54.1,53.3,51.4,54.5,53.1,54.1,52.5,54.4,52.7,46.8,52.5,51.3,53.4,49.0
7052,47.8,46.5,44.9,55.1,54.2,56.3,55.8,52.0,53.3,53.4,54.2,55.0,53.3,53.7,55.2,54.5,50.8,49.0,53.1,53.3,52.6,53.0,54.6,52.6,52.1,53.0,55.9,53.3,50.8,53.8,53.2,52.6,48.4,50.0,50.8,49.0,53.1,45.8,55.3,49.1,58.2,49.4,52.0,49.4,51.2,47.5,52.2,50.9,54.7,49.0,57.4,55.4,54.5,46.0,49.9,48.0,49.1,51.5,51.6,47.8,50.8,49.7,48.8,49.3,55.4,46.6,51.0,54.7,54.2,53.5,53.6,53.1,49.3,52.0,50.5,49.2,53.1,51.9,52.7,50.2,52.5,50.0,46.0,51.5,49.2,51.6,47.2
7053,46.1,45.4,43.3,52.6,52.7,55.0,54.6,50.7,52.4,52.4,53.2,53.6,52.4,52.4,53.9,53.5,49.7,47.9,52.1,52.2,51.5,51.8,53.7,51.4,50.6,51.8,54.6,52.0,49.6,52.8,51.9,51.9,47.2,48.5,49.7,47.7,51.7,44.5,53.7,47.0,56.4,48.2,50.2,48.6,49.2,46.3,49.5,48.8,52.0,47.1,54.8,53.0,52.4,44.7,48.9,46.2,47.8,50.0,50.3,46.9,49.9,48.1,47.5,46.4,53.4,45.0,49.3,53.5,53.3,52.4,52.0,51.1,47.1,50.1,48.1,47.3,51.9,51.0,51.5,48.5,50.8,48.1,45.7,50.5,47.8,50.2,45.9
7054,44.4,44.4,42.4,50.9,51.4,53.9,53.2,49.6,51.5,51.6,52.3,52.6,51.6,51.5,52.9,52.7,48.8,46.6,51.2,51.5,50.6,50.9,52.5,50.5,49.6,50.8,53.6,51.0,48.7,52.1,50.9,51.0,46.3,47.3,48.6,46.7,50.4,43.3,52.3,45.6,55.2,47.3,48.7,47.7,47.2,45.1,47.3,47.0,49.5,45.4,52.5,50.8,50.9,43.3,48.1,44.9,47.1,48.8,49.1,46.1,48.8,46.5,46.6,44.5,51.9,43.7,47.2,52.4,52.4,51.4,50.6,49.6,45.1,48.7,46.6,45.8,50.9,50.3,50.7,47.2,49.6,46.3,45.4,49.8,46.7,49.1,44.9
7055,42.8,43.5,41.3,49.3,50.2,53.0,52.3,48.5,50.6,50.8,51.4,51.6,50.7,50.7,51.9,51.8,48.1,45.7,50.2,50.6,49.6,50.3,51.5,49.6,48.6,49.8,52.8,50.1,48.1,51.1,50.0,50.5,45.4,46.5,47.5,46.1,49.6,42.6,51.0,44.8,53.8,46.3,47.4,46.4,45.7,43.9,45.4,45.3,47.6,43.6,50.8,48.9,49.4,42.2,47.4,43.8,46.5,48.1,48.2,45.1,48.0,45.3,45.5,42.4,50.4,42.7,45.9,51.4,51.5,50.6,49.0,48.0,43.5,47.3,44.8,44.2,50.4,49.4,49.9,46.1,48.4,44.8,45.0,49.0,45.7,48.2,44.1
7056,41.7,42.8,40.3,48.2,49.4,52.0,51.2,47.7,49.9,50.0,50.5,50.7,50.0,49.9,51.1,51.2,47.5,44.5,49.5,49.9,48.9,49.3,50.7,48.6,47.8,49.2,52.1,49.4,47.2,50.3,49.4,49.8,44.5,45.7,46.7,45.2,48.6,41.7,49.8,43.6,52.3,45.8,46.4,45.6,44.4,43.3,43.7,44.2,46.0,41.9,49.3,47.1,47.6,41.3,46.7,42.9,45.8,47.2,47.3,44.3,47.3,44.1,44.5,40.7,49.0,41.6,44.4,50.7,50.9,50.0,47.6,46.5,42.1,46.1,43.6,42.5,49.7,48.8,49.2,45.1,47.7,43.6,44.4,48.4,44.9,47.3,43.5
7057,40.2,42.1,39.6,47.2,48.7,51.1,50.5,46.9,49.0,49.3,49.8,49.8,49.2,49.2,50.3,50.4,46.9,43.8,49.0,49.3,48.2,48.5,50.0,47.8,46.8,48.2,51.4,48.5,46.7,49.5,48.6,49.2,43.8,45.0,45.9,44.5,48.1,41.1,49.0,42.7,51.4,45.4,45.2,44.8,42.9,42.2,42.4,43.2,44.8,40.4,48.2,45.4,45.8,40.3,46.0,41.8,45.2,46.4,46.5,43.7,46.5,43.2,43.8,39.2,47.9,40.7,43.1,50.2,50.1,49.2,45.9,45.3,41.0,45.1,42.2,41.1,49.2,48.1,48.4,44.2,46.7,42.4,44.1,48.0,44.2,46.4,42.8
7058,39.1,41.6,38.9,46.2,47.8,50.4,49.5,46.0,48.4,48.7,49.3,49.1,48.5,48.7,49.6,49.8,46.3,43.2,48.4,48.8,47.4,47.8,49.4,46.9,46.0,47.5,50.7,47.9,46.0,49.0,47.9,48.6,43.1,44.3,45.2,43.8,47.4,40.5,48.1,42.0,50.2,44.7,44.4,43.7,41.8,41.5,41.1,42.2,43.4,39.4,47.1,44.1,44.3,39.6,45.2,41.3,44.6,45.7,45.8,42.8,45.9,42.3,43.1,38.0,46.9,40.0,42.0,49.6,49.3,48.4,44.4,44.4,39.9,44.2,41.0,39.9,48.6,47.3,48.0,43.3,45.7,41.2,43.5,47.4,43.5,45.8,42.2
7059,38.2,41.2,38.4,45.4,47.1,49.5,48.9,45.5,47.6,47.9,48.5,48.3,48.0,48.1,48.8,49.2,45.7,42.5,47.7,48.2,46.8,47.3,48.8,46.1,45.2,46.8,50.0,47.4,45.3,48.5,47.2,48.1,42.2,43.6,44.7,43.0,46.4,40.1,47.1,41.1,48.9,44.3,43.4,42.5,40.9,41.0,40.1,41.4,42.3,38.4,46.1,42.9,42.9,38.9,44.7,40.7,43.9,45.0,45.1,42.4,45.3,41.3,42.5,36.5,45.9,39.4,41.0,49.0,48.5,48.0,42.7,43.5,39.0,43.2,39.9,38.8,48.3,46.7,47.4,42.6,45.0,40.4,43.1,46.9,42.7,45.1,41.7
7060,37.6,40.8,38.1,44.5,46.7,48.8,48.3,45.0,47.1,47.2,48.0,47.7,47.4,47.5,47.9,48.7,44.9,42.0,47.3,47.7,46.3,46.9,48.2,45.4,44.5,46.2,49.4,46.7,44.7,48.1,46.6,47.5,41.7,43.0,44.1,42.8,45.8,39.8,46.6,40.1,48.0,44.0,42.4,41.8,40.2,40.3,39.3,40.6,41.5,37.3,45.2,42.0,41.5,38.3,43.9,39.9,43.3,44.5,44.3,41.9,44.6,40.4,42.0,35.8,45.3,38.8,40.0,48.2,48.0,47.3,41.5,43.0,38.0,42.5,39.0,38.1,47.7,46.2,46.9,42.0,44.3,39.6,42.6,46.5,42.1,44.4,41.2
7061,36.8,40.5,37.9,43.8,46.0,48.2,47.9,44.5,46.6,46.8,47.6,47.1,47.0,46.9,47.3,48.2,44.7,41.4,46.8,47.3,45.7,46.3,47.7,44.7,43.8,45.7,48.8,46.1,44.1,47.7,46.0,47.1,41.1,42.6,43.7,42.3,45.4,39.5,45.9,39.4,47.2,43.9,41.7,40.9,39.4,39.5,38.6,39.8,40.6,36.3,44.4,41.2,40.8,37.8,43.4,39.4,42.8,44.2,43.9,41.1,44.2,39.7,41.7,34.9,44.7,38.3,39.3,47.8,47.6,46.9,40.0,42.2,37.2,41.8,37.9,37.2,47.3,45.8,46.5,41.3,43.6,38.9,41.8,46.2,41.7,43.9,40.8
7062,35.9,40.2,37.7,43.2,45.4,47.7,47.4,44.1,46.0,46.1,47.2,46.7,46.5,46.4,46.9,47.7,44.1,41.1,46.4,47.0,45.3,45.9,47.4,44.0,43.1,45.1,48.3,45.6,43.7,47.4,45.5,46.8,40.7,42.1,43.4,41.7,44.6,39.2,45.4,38.8,46.5,43.6,40.9,40.2,38.9,38.7,37.7,38.9,39.7,35.6,43.5,40.6,39.8,37.4,42.8,38.9,42.5,43.8,43.4,40.8,43.6,39.2,41.4,33.9,44.0,37.9,38.4,47.3,47.1,46.5,39.0,41.7,36.4,41.6,37.1,36.5,47.1,45.5,45.9,40.7,42.9,38.2,41.5,45.9,41.1,43.3,40.4
7063,38.6,41.2,39.7,42.9,44.9,47.6,47.0,43.7,45.9,46.0,47.7,46.8,47.1,46.1,46.5,47.7,44.0,41.4,46.7,48.1,45.0,45.8,47.2,43.7,42.7,44.8,48.0,45.3,43.5,47.3,45.3,47.0,40.3,41.8,43.0,41.7,46.6,40.1,44.6,40.0,46.5,46.3,40.4,39.9,40.8,40.6,38.2,41.5,42.2,34.8,43.1,41.1,39.7,39.2,42.3,39.0,41.9,43.7,42.9,40.7,43.8,38.6,41.7,35.6,43.8,37.9,38.0,47.0,47.6,46.9,38.6,41.2,38.3,41.6,39.7,36.2,48.0,46.0,45.5,40.4,42.5,37.5,40.9,46.7,40.6,43.1,40.0
7064,45.1,46.2,46.4,45.3,47.5,49.5,49.7,47.0,49.0,48.9,51.2,49.4,50.8,48.4,49.4,50.5,47.7,46.2,50.5,51.6,48.3,48.9,50.2,46.2,45.2,48.0,50.1,48.0,47.1,50.3,48.2,50.1,42.9,44.3,44.9,44.4,51.7,45.1,47.2,46.1,49.7,52.1,42.8,44.6,45.7,46.8,43.0,48.1,52.2,39.1,49.1,45.2,46.2,44.3,43.7,42.8,44.6,46.3,43.7,44.3,46.2,39.1,45.8,43.9,46.0,42.5,42.9,49.0,51.2,50.7,46.0,43.8,44.4,46.5,47.5,41.5,51.9,49.2,48.4,42.9,45.0,39.6,43.6,49.3,42.7,45.9,43.2
7065,50.7,50.9,52.0,51.4,51.7,53.3,53.6,51.4,52.4,52.2,54.5,53.1,54.2,51.9,53.3,53.6,52.0,50.3,54.1,55.1,52.2,52.8,54.1,50.1,50.0,52.4,53.2,52.1,50.9,53.8,52.1,52.9,47.1,48.4,47.9,48.0,56.6,49.9,52.4,50.9,53.3,56.6,48.2,49.0,50.9,52.3,47.6,53.1,59.8,45.8,56.3,50.1,52.4,49.7,46.9,47.0,48.4,50.4,47.4,47.8,48.5,43.2,49.9,51.2,49.2,47.8,48.3,52.3,54.7,53.8,52.5,50.4,49.9,51.7,53.5,47.9,55.5,52.5,51.9,48.1,49.6,44.3,48.3,52.0,46.9,50.1,47.4
7066,55.8,54.6,55.8,56.8,55.9,56.8,57.2,55.6,55.4,55.2,57.3,56.5,57.4,54.8,56.9,56.5,55.8,53.4,57.3,58.0,55.7,55.8,57.4,53.9,54.6,56.4,56.4,55.9,54.4,56.8,55.8,55.7,51.2,52.4,51.1,51.5,60.5,53.6,57.0,55.0,56.9,59.8,53.5,52.7,55.7,56.7,53.0,57.4,64.9,51.9,61.3,55.0,58.0,54.2,50.4,50.7,52.2,53.8,50.9,50.8,51.1,47.6,53.3,56.8,52.7,51.8,52.8,55.2,57.7,56.8,58.3,56.4,55.3,55.5,57.9,53.0,58.4,55.2,55.0,53.0,54.1,49.5,51.8,54.4,50.8,54.0,51.1
7067,60.0,57.5,58.6,61.1,59.4,59.7,60.3,59.0,57.9,57.7,59.5,59.2,59.6,57.1,59.9,58.9,58.8,56.4,59.6,60.1,58.6,58.2,60.2,57.1,58.7,60.0,58.8,59.0,57.3,59.4,59.0,58.1,54.6,55.6,54.0,54.6,63.5,56.4,60.9,58.3,60.0,62.4,57.8,55.8,59.7,59.8,57.6,60.8,68.4,56.5,65.4,59.3,62.5,57.6,53.8,53.8,54.9,56.7,54.1,53.4,53.5,51.8,56.3,60.9,56.3,55.1,56.6,57.4,59.9,59.1,62.8,60.7,59.3,58.5,61.3,57.1,60.6,57.4,57.6,57.2,58.0,54.3,54.3,56.3,54.3,56.9,54.3
7068,63.1,59.6,60.5,64.2,62.0,62.2,62.8,61.6,59.5,59.7,61.3,61.1,61.3,58.9,62.4,60.6,60.9,58.6,61.3,61.7,61.0,60.1,62.4,59.6,62.0,62.6,60.7,61.3,59.7,61.2,61.3,60.0,57.3,58.1,56.3,57.0,65.8,58.7,63.9,60.8,62.7,63.8,61.1,58.3,62.5,61.7,60.8,63.4,71.2,60.0,68.2,62.9,66.0,60.0,55.7,56.1,57.1,58.9,56.6,55.4,55.9,55.0,58.5,63.5,59.9,57.7,59.7,59.4,61.8,60.9,65.6,63.9,62.2,60.8,64.0,60.1,62.2,58.9,59.6,60.2,60.9,58.2,56.5,57.6,56.8,59.1,56.7
7069,64.7,60.9,61.7,66.5,63.9,64.0,64.8,63.3,60.6,61.2,62.5,62.4,62.6,60.3,64.2,61.9,62.5,60.2,62.7,62.6,62.7,61.4,64.0,61.6,64.1,64.6,62.2,63.0,61.4,62.4,63.0,61.2,59.1,59.7,58.2,58.7,67.7,59.8,66.3,62.5,64.8,65.0,63.4,60.4,64.6,63.1,63.4,65.1,73.2,62.6,70.0,65.4,68.6,61.6,57.1,57.7,58.4,60.4,58.7,57.0,57.5,57.6,60.2,65.7,62.9,59.5,62.3,60.7,63.2,62.2,67.5,66.0,64.0,62.4,65.9,61.9,63.2,60.1,61.1,62.3,62.9,61.0,58.4,58.4,58.5,60.7,58.3
7070,66.1,61.5,62.5,68.0,65.2,65.2,66.0,64.6,61.2,62.1,63.2,63.2,63.4,61.3,65.4,62.6,63.7,61.1,63.2,63.0,63.7,62.2,65.1,62.7,65.4,65.8,63.1,64.1,62.5,63.1,64.1,61.8,60.2,60.9,59.3,59.7,68.9,60.1,67.6,63.7,66.3,65.4,64.8,61.8,65.9,63.8,64.9,66.0,74.3,64.0,71.0,66.8,70.3,62.1,57.9,58.6,59.1,61.3,60.4,57.9,58.6,59.6,61.2,66.7,65.1,60.4,64.1,61.7,63.9,62.9,68.5,67.5,65.1,63.8,67.2,63.2,63.9,60.6,62.0,64.0,64.3,62.7,59.4,58.7,59.8,61.7,59.4
7071,66.1,61.3,62.2,68.7,65.6,65.8,66.5,65.0,61.2,62.2,63.3,63.5,63.4,61.6,65.7,62.8,64.0,61.3,63.0,62.9,64.0,62.5,65.4,63.3,65.8,66.3,63.5,64.5,62.8,63.4,64.5,61.6,60.6,61.5,59.8,59.9,68.7,60.0,68.4,64.0,67.2,65.1,65.7,62.2,66.1,63.9,65.4,66.2,74.5,64.4,71.2,67.1,71.1,62.1,58.1,58.7,59.3,61.5,61.3,58.0,58.8,60.8,61.5,67.4,66.4,60.3,65.0,62.1,64.0,63.0,68.9,68.3,65.4,64.4,67.6,63.4,63.9,60.7,62.2,64.8,64.8,63.2,59.5,58.3,60.4,62.1,59.8
7072,64.8,59.6,60.4,68.6,65.2,65.5,66.1,64.5,60.5,61.7,62.5,63.2,62.5,61.3,65.1,62.3,63.3,60.0,62.1,62.0,63.5,61.9,64.9,62.9,65.5,65.9,63.0,63.8,62.2,62.8,64.0,60.8,60.1,60.9,59.4,59.7,67.5,58.5,68.1,63.2,67.1,63.5,65.3,61.7,65.0,62.6,64.9,65.0,73.1,64.0,70.8,66.2,70.6,60.4,57.7,57.8,58.8,60.8,61.3,57.1,57.9,61.2,60.6,66.4,66.5,59.3,64.7,61.6,63.2,62.1,68.4,68.4,64.2,64.3,66.7,62.8,62.9,59.7,61.7,64.9,64.5,63.0,59.0,57.2,60.1,61.3,59.2
7073,59.4,55.3,54.5,67.3,63.3,63.9,64.4,62.6,58.3,59.4,60.1,61.7,59.7,59.7,63.2,60.2,61.2,55.9,59.5,59.0,61.2,59.6,62.7,60.8,63.9,63.9,61.4,61.7,59.9,60.6,62.1,58.3,58.2,58.7,57.7,57.7,63.8,54.2,66.6,60.3,65.8,58.2,63.8,59.6,60.4,58.6,62.6,61.1,67.4,62.1,69.1,63.4,69.0,54.8,55.9,55.1,56.7,58.6,60.1,53.4,55.6,60.3,57.1,62.5,64.7,55.6,61.8,59.9,61.0,59.6,66.3,67.0,60.5,62.8,62.1,60.5,60.0,57.2,59.6,63.0,62.7,61.4,56.8,55.1,58.6,59.4,57.1
7074,53.5,50.7,49.4,62.3,59.1,60.1,60.3,57.4,55.6,56.0,56.8,58.6,56.0,56.7,58.9,57.2,56.0,52.0,55.9,55.7,57.0,56.2,58.3,56.4,58.2,58.7,59.0,57.4,55.1,56.7,58.0,54.4,53.3,54.2,54.4,53.2,57.8,49.8,61.9,55.1,62.7,52.6,58.5,54.3,55.4,53.6,58.1,55.9,62.1,56.1,64.2,60.0,63.7,49.9,53.0,52.1,52.9,54.6,57.0,50.2,53.5,56.2,53.3,56.2,60.5,51.2,55.3,57.4,56.9,56.2,60.1,61.8,54.4,57.3,56.0,54.6,55.9,54.2,55.8,57.3,57.4,56.6,50.0,53.2,54.3,55.8,52.1
7075,50.1,48.2,46.9,57.5,56.0,57.8,57.3,54.0,54.0,54.2,54.9,56.0,54.2,54.6,56.4,55.3,52.3,50.0,53.9,53.8,54.0,54.1,55.3,53.7,54.0,54.4,57.2,54.6,52.3,54.4,55.1,53.1,50.0,51.3,52.1,50.4,54.9,47.5,57.4,51.2,59.9,50.6,54.4,50.6,52.8,49.7,55.1,53.1,58.4,51.5,59.8,57.5,57.3,47.6,51.1,49.6,50.5,52.4,53.8,48.5,51.4,51.8,50.5,51.7,57.7,48.3,52.6,55.7,54.8,54.1,55.9,55.6,51.7,53.5,52.8,51.0,53.8,52.5,53.8,52.4,54.2,52.6,46.5,52.0,51.1,53.3,48.7
7076,47.6,46.3,44.8,54.7,53.9,56.0,55.5,52.0,52.8,53.0,53.6,54.4,52.8,53.3,54.9,54.1,50.6,48.5,52.5,52.7,52.5,52.5,54.0,52.4,51.9,52.8,55.6,53.1,50.5,53.2,53.0,52.2,48.2,49.8,50.7,48.7,52.7,45.7,54.8,48.8,57.7,49.2,51.7,48.8,51.0,47.3,51.8,50.4,54.3,48.6,57.0,54.9,54.2,45.7,49.7,47.5,48.8,51.0,51.1,47.3,50.3,49.3,48.4,48.7,55.0,46.2,50.5,54.5,53.7,52.8,53.3,52.7,49.0,51.5,49.9,48.8,52.4,51.4,52.4,50.1,52.3,49.9,45.9,50.9,49.0,51.5,47.0
7077,45.8,45.1,43.1,52.3,52.4,54.7,54.3,50.6,51.9,52.2,52.6,53.1,52.0,52.1,53.7,53.2,49.6,47.5,51.5,51.6,51.4,51.4,53.2,51.3,50.4,51.7,54.4,51.8,49.5,52.2,51.9,51.5,47.0,48.3,49.5,47.5,51.3,44.3,53.3,46.6,56.0,48.0,49.9,48.0,49.0,46.1,49.1,48.4,51.7,46.7,54.5,52.4,52.1,44.5,48.6,45.9,47.5,49.7,49.8,46.4,49.4,47.8,47.1,45.8,53.0,44.8,48.8,53.3,52.8,51.8,51.7,50.8,47.0,49.6,47.5,47.0,51.3,50.5,51.2,48.4,50.7,47.8,45.3,50.1,47.6,50.1,45.6
7078,44.3,44.1,42.2,50.7,51.3,53.7,52.9,49.4,51.1,51.4,51.7,52.1,51.0,51.2,52.6,52.3,48.7,46.1,50.6,50.8,50.5,50.4,52.1,50.3,49.4,50.7,53.4,50.7,48.6,51.5,50.8,50.6,46.2,47.1,48.5,46.7,50.0,43.1,52.0,45.5,54.9,47.2,48.5,47.3,47.0,45.1,47.0,46.5,49.3,45.0,52.3,50.3,50.7,43.2,47.8,44.6,46.7,48.6,48.6,45.7,48.5,46.3,46.1,43.9,51.6,43.4,46.8,52.3,51.9,50.8,50.3,49.3,45.0,48.2,46.0,45.5,50.2,49.8,50.3,47.2,49.5,46.1,45.0,49.4,46.5,48.9,44.7
7079,42.7,43.1,41.1,49.0,50.1,52.7,52.0,48.3,50.3,50.6,50.8,51.1,50.2,50.4,51.7,51.6,47.9,45.2,49.7,49.9,49.5,49.9,51.1,49.4,48.4,49.6,52.6,49.8,47.9,50.5,50.0,50.1,45.3,46.3,47.4,46.0,49.3,42.3,50.8,44.5,53.4,46.2,47.1,46.0,45.6,43.8,45.1,45.0,47.3,43.3,50.5,48.4,49.1,42.1,47.1,43.4,46.2,47.8,47.7,44.7,47.8,45.0,45.1,41.9,50.1,42.4,45.5,51.3,50.9,50.0,48.8,47.8,43.4,46.9,44.4,44.0,49.8,49.0,49.6,46.1,48.3,44.7,44.6,48.7,45.5,48.0,43.8
7080,41.5,42.5,40.1,48.0,49.3,51.7,50.9,47.6,49.6,49.9,49.9,50.2,49.4,49.7,50.8,50.9,47.4,44.1,49.0,49.3,48.8,48.9,50.2,48.5,47.5,49.1,51.9,49.0,47.1,49.6,49.2,49.3,44.4,45.5,46.6,45.1,48.3,41.4,49.6,43.3,51.9,45.8,46.1,45.2,44.2,43.3,43.4,43.9,45.8,41.6,49.1,46.6,47.4,41.2,46.4,42.4,45.5,46.9,46.8,43.8,47.0,43.8,44.0,40.3,48.7,41.3,44.0,50.5,50.2,49.4,47.4,46.3,42.0,45.6,43.1,42.2,49.0,48.4,48.9,45.1,47.5,43.4,44.0,48.1,44.8,47.1,43.2
7081,39.9,41.8,39.4,47.0,48.6,50.8,50.2,46.8,48.6,49.1,49.2,49.4,48.6,49.0,50.1,50.1,46.7,43.4,48.5,48.7,48.0,48.1,49.6,47.6,46.6,48.1,51.2,48.2,46.6,48.9,48.5,48.7,43.6,44.8,45.7,44.3,47.9,40.8,48.8,42.5,51.1,45.3,44.9,44.4,42.7,42.1,42.2,42.8,44.6,40.1,48.0,44.9,45.6,40.2,45.8,41.5,45.0,46.1,46.1,43.3,46.2,42.8,43.5,38.8,47.7,40.4,42.8,50.0,49.4,48.6,45.7,45.1,40.8,44.6,41.7,40.8,48.6,47.7,48.1,44.2,46.6,42.2,43.7,47.5,44.0,46.2,42.5
7082,38.8,41.4,38.7,46.0,47.7,50.0,49.3,46.0,48.1,48.4,48.7,48.7,48.0,48.4,49.3,49.5,46.0,42.8,47.9,48.2,47.3,47.5,49.0,46.8,45.8,47.3,50.5,47.6,45.9,48.5,47.8,48.1,42.9,44.1,45.0,43.6,47.2,40.2,48.0,41.7,49.9,44.6,44.1,43.3,41.7,41.4,40.9,41.9,43.2,39.1,46.9,43.6,44.2,39.5,45.0,40.9,44.3,45.4,45.3,42.4,45.6,41.9,42.7,37.6,46.7,39.7,41.7,49.4,48.6,47.8,44.2,44.1,39.8,43.7,40.6,39.7,48.1,47.0,47.7,43.2,45.6,41.0,43.1,47.0,43.3,45.6,41.9
7083,38.0,40.9,38.2,45.2,47.1,49.3,48.6,45.4,47.3,47.8,48.0,47.9,47.5,47.7,48.6,48.9,45.6,42.2,47.2,47.7,46.7,46.9,48.4,46.1,45.0,46.6,49.8,47.1,45.2,48.0,47.1,47.7,42.1,43.4,44.5,42.8,46.3,39.8,47.0,40.9,48.6,44.1,43.0,42.2,40.7,40.8,39.9,41.1,42.1,38.1,45.8,42.4,42.7,38.9,44.5,40.3,43.7,44.8,44.6,42.0,45.0,40.9,42.1,36.2,45.8,39.2,40.7,48.8,47.8,47.4,42.5,43.3,38.8,42.8,39.5,38.5,47.7,46.4,47.1,42.5,44.9,40.2,42.7,46.6,42.5,45.0,41.5
7084,37.4,40.5,37.9,44.2,46.6,48.7,48.1,45.0,46.8,47.1,47.4,47.3,47.0,47.2,47.8,48.4,44.8,41.7,46.8,47.2,46.1,46.5,47.8,45.3,44.3,46.1,49.3,46.5,44.6,47.6,46.5,47.2,41.5,42.8,43.9,42.5,45.6,39.6,46.5,40.0,47.7,43.8,42.0,41.5,39.9,40.1,39.0,40.3,41.2,37.0,45.1,41.5,41.4,38.3,43.7,39.6,43.1,44.3,43.9,41.4,44.4,40.0,41.6,35.4,45.2,38.6,39.8,48.0,47.2,46.7,41.1,42.8,37.7,42.2,38.5,37.9,47.2,45.9,46.7,41.8,44.1,39.5,42.1,46.2,41.9,44.2,40.9
7085,36.6,40.2,37.7,43.6,45.9,48.1,47.7,44.5,46.2,46.7,47.0,46.7,46.5,46.7,47.2,47.9,44.6,41.2,46.3,46.8,45.6,46.1,47.4,44.6,43.5,45.7,48.8,45.9,44.0,47.2,45.9,46.8,40.9,42.4,43.5,42.1,45.2,39.3,45.8,39.2,46.9,43.6,41.3,40.6,39.3,39.3,38.4,39.5,40.3,36.1,44.1,40.7,40.6,37.8,43.2,39.1,42.6,44.0,43.4,40.7,43.9,39.4,41.5,34.5,44.6,38.1,39.0,47.6,46.9,46.4,39.7,42.0,37.1,41.5,37.4,37.0,46.8,45.5,46.3,41.1,43.4,38.8,41.3,45.8,41.5,43.7,40.5
7086,35.6,40.0,37.6,43.0,45.4,47.5,47.2,44.2,45.7,46.1,46.7,46.2,46.0,46.3,46.8,47.5,44.0,40.9,45.9,46.6,45.2,45.6,47.1,43.9,42.8,45.0,48.3,45.6,43.6,46.9,45.4,46.4,40.4,41.8,43.2,41.5,44.4,38.9,45.2,38.5,46.3,43.3,40.6,39.9,38.7,38.5,37.5,38.7,39.4,35.2,43.3,40.2,39.6,37.5,42.6,38.7,42.3,43.6,42.9,40.4,43.3,38.9,41.2,33.6,44.0,37.7,38.2,47.2,46.5,45.9,38.6,41.5,36.2,41.2,36.7,36.4,46.6,45.2,45.8,40.5,42.7,38.0,40.9,45.6,40.9,43.2,40.2
7087,38.3,41.0,39.3,42.7,44.8,47.4,46.9,43.7,45.6,45.9,47.2,46.3,46.6,45.9,46.4,47.5,43.9,41.2,46.2,47.6,45.0,45.5,47.0,43.5,42.4,44.7,47.9,45.2,43.4,46.8,45.3,46.6,40.0,41.6,42.7,41.5,46.4,39.8,44.4,39.7,46.2,45.8,40.2,39.5,40.4,40.3,38.0,41.2,41.5,34.5,42.9,40.5,39.5,39.2,42.0,38.8,41.7,43.5,42.4,40.3,43.5,38.2,41.6,35.3,43.7,37.8,37.8,46.9,47.0,46.4,38.2,41.0,38.0,41.2,39.1,35.9,47.4,45.7,45.4,40.1,42.2,37.3,40.4,46.3,40.3,42.9,39.7
7088,44.8,45.8,46.0,45.1,47.3,49.3,49.6,46.9,48.7,48.7,50.8,49.0,50.3,48.2,49.2,50.2,47.7,45.9,50.1,51.1,48.2,48.6,50.0,45.9,44.8,47.8,50.0,47.8,47.0,49.9,48.1,49.7,42.6,44.0,44.6,44.2,51.4,44.7,46.9,45.7,49.3,51.8,42.5,44.1,45.4,46.3,42.7,47.6,51.7,38.7,48.7,44.6,45.9,44.0,43.4,42.4,44.2,46.0,43.2,43.9,45.8,38.7,45.5,43.3,45.8,42.1,42.5,48.9,50.8,50.3,45.5,43.5,44.1,45.9,46.9,41.2,51.5,48.9,48.2,42.6,44.7,39.3,43.0,48.8,42.4,45.7,42.8
7089,50.3,50.3,51.6,51.1,51.6,53.2,53.4,51.3,52.0,52.0,54.2,52.7,53.9,51.7,53.2,53.4,51.9,50.0,53.9,54.7,52.1,52.6,53.9,49.9,49.6,52.1,53.0,52.0,50.7,53.4,52.0,52.7,46.7,48.1,47.6,47.8,56.3,49.4,52.1,50.6,52.9,56.3,47.9,48.5,50.6,52.0,47.2,52.6,59.3,45.4,55.8,49.5,52.0,49.4,46.5,46.7,48.0,50.0,46.9,47.4,48.1,42.6,49.6,50.5,48.9,47.4,47.9,52.1,54.3,53.6,52.1,50.1,49.5,51.2,52.8,47.5,55.2,52.2,51.8,47.8,49.2,43.9,47.7,51.5,46.5,49.9,47.0
7090,55.4,54.1,55.4,56.3,55.6,56.6,57.1,55.5,55.2,55.1,57.0,56.2,57.1,54.6,56.8,56.4,55.6,53.1,57.1,57.7,55.6,55.6,57.3,53.6,54.3,56.1,56.3,55.8,54.3,56.5,55.8,55.5,50.8,52.1,50.8,51.4,60.1,53.2,56.6,54.6,56.5,59.5,53.1,52.2,55.4,56.3,52.6,56.8,64.5,51.5,60.9,54.4,57.6,53.7,50.0,50.4,51.7,53.4,50.3,50.4,50.7,47.1,53.1,56.2,52.3,51.3,52.3,55.1,57.4,56.5,57.9,56.1,54.9,55.0,57.2,52.6,58.2,55.0,54.9,52.7,53.7,49.1,51.2,53.8,50.5,53.8,50.7
7091,59.5,56.9,58.2,60.6,59.1,59.5,60.1,58.9,57.6,57.6,59.3,59.0,59.4,57.0,59.8,58.7,58.7,56.1,59.5,59.8,58.5,57.9,60.0,56.8,58.3,59.7,58.7,58.9,57.2,59.2,58.8,58.0,54.2,55.3,53.6,54.4,63.1,56.0,60.6,57.8,59.6,61.9,57.4,55.2,59.2,59.3,57.1,60.3,68.0,56.0,65.0,58.7,62.2,57.1,53.2,53.4,54.5,56.3,53.5,53.0,53.1,51.3,56.0,60.2,56.0,54.8,56.1,57.3,59.7,58.9,62.3,60.4,59.0,57.9,60.7,56.7,60.4,57.1,57.5,56.8,57.7,53.9,53.8,55.7,53.9,56.7,53.9
7092,62.6,59.0,60.1,63.7,61.7,61.9,62.6,61.4,59.3,59.5,61.0,60.9,61.1,58.8,62.2,60.3,60.8,58.3,61.2,61.4,60.8,59.8,62.2,59.4,61.6,62.3,60.6,61.2,59.5,61.0,61.1,59.8,56.8,57.7,56.1,56.9,65.5,58.2,63.6,60.3,62.3,63.4,60.8,57.8,62.0,61.2,60.3,62.9,70.7,59.5,67.8,62.4,65.7,59.4,55.2,55.7,56.5,58.4,56.1,55.0,55.5,54.5,58.2,62.8,59.5,57.4,59.3,59.3,61.6,60.7,65.2,63.6,61.8,60.2,63.4,59.6,62.1,58.7,59.5,59.8,60.6,57.7,55.9,57.0,56.4,58.9,56.3
7093,64.2,60.2,61.2,65.9,63.6,63.7,64.5,63.1,60.5,61.0,62.3,62.2,62.5,60.2,63.9,61.7,62.3,59.9,62.6,62.4,62.5,61.2,63.8,61.3,63.7,64.3,62.0,62.8,61.2,62.3,62.9,61.1,58.5,59.4,57.9,58.6,67.4,59.3,65.9,61.9,64.3,64.5,63.0,59.8,64.1,62.6,62.9,64.6,72.7,62.0,69.5,64.9,68.2,61.1,56.6,57.3,57.9,59.8,58.2,56.6,57.1,57.1,60.0,65.0,62.5,59.1,61.9,60.6,62.9,62.1,67.1,65.7,63.6,61.8,65.3,61.4,63.1,59.9,61.0,61.8,62.6,60.4,57.8,57.8,58.1,60.5,57.9
7094,65.5,60.7,62.0,67.5,64.8,64.9,65.7,64.3,61.1,61.9,63.0,63.0,63.2,61.1,65.1,62.5,63.4,60.8,63.0,62.8,63.5,62.0,64.9,62.4,65.0,65.5,62.9,63.9,62.2,62.9,64.0,61.7,59.6,60.5,59.0,59.4,68.6,59.5,67.3,63.2,65.9,64.9,64.4,61.2,65.3,63.2,64.3,65.5,73.9,63.4,70.5,66.2,69.9,61.6,57.3,58.2,58.5,60.7,59.9,57.5,58.2,59.0,61.0,66.1,64.8,60.1,63.7,61.5,63.7,62.8,68.0,67.2,64.7,63.2,66.6,62.7,63.7,60.3,61.7,63.5,64.0,62.1,58.8,58.1,59.3,61.5,58.9
7095,65.5,60.5,61.6,68.2,65.3,65.5,66.2,64.6,61.2,62.0,63.1,63.4,63.2,61.3,65.4,62.7,63.7,60.9,62.9,62.7,63.7,62.3,65.1,63.0,65.4,65.9,63.2,64.2,62.5,63.2,64.2,61.5,60.1,61.0,59.4,59.6,68.3,59.4,68.0,63.4,66.8,64.6,65.3,61.6,65.5,63.3,64.8,65.6,74.0,63.8,70.8,66.6,70.6,61.6,57.5,58.4,58.7,60.8,60.7,57.6,58.3,60.2,61.2,66.7,66.0,60.0,64.6,61.8,63.8,62.9,68.4,68.0,65.0,63.8,67.0,62.9,63.7,60.5,61.9,64.3,64.4,62.6,59.0,57.7,59.8,61.8,59.2
7096,64.2,58.8,59.9,68.1,64.8,65.2,65.8,64.2,60.4,61.4,62.4,63.1,62.4,61.0,64.8,62.1,63.0,59.6,62.0,61.7,63.1,61.6,64.6,62.5,65.1,65.5,62.7,63.5,61.9,62.6,63.7,60.7,59.5,60.4,59.0,59.3,67.1,57.7,67.7,62.6,66.6,63.0,64.9,61.1,64.4,62.0,64.3,64.5,72.6,63.5,70.3,65.7,70.1,59.8,57.1,57.4,58.2,60.1,60.7,56.7,57.4,60.7,60.3,65.7,66.2,59.0,64.3,61.4,63.0,62.1,67.9,67.9,63.7,63.6,66.0,62.3,62.7,59.5,61.3,64.4,64.1,62.4,58.5,56.7,59.5,61.0,58.6
7097,58.7,54.5,53.9,66.7,62.8,63.7,64.0,62.1,58.1,59.1,59.9,61.5,59.6,59.4,62.9,60.0,60.9,55.4,59.2,58.6,60.9,59.5,62.4,60.4,63.5,63.5,61.1,61.3,59.6,60.5,61.8,58.2,57.6,58.2,57.2,57.3,63.3,53.6,66.1,59.6,65.3,57.6,63.3,58.9,59.7,57.9,62.0,60.4,66.9,61.5,68.5,62.9,68.4,54.2,55.3,54.6,56.0,57.8,59.5,52.9,55.2,59.7,56.7,61.8,64.3,55.2,61.3,59.6,60.7,59.5,65.8,66.5,59.9,62.1,61.4,60.0,59.8,57.0,59.3,62.5,62.2,60.7,56.2,54.5,57.9,59.0,56.5
7098,53.0,50.0,48.9,61.8,58.8,59.8,59.9,57.1,55.5,55.8,56.6,58.5,55.8,56.5,58.6,57.0,55.7,51.7,55.8,55.4,56.8,56.1,58.0,56.0,57.7,58.2,58.8,57.1,54.9,56.6,57.7,54.3,52.7,53.8,54.0,52.8,57.5,49.2,61.4,54.6,62.2,52.2,57.9,53.7,55.0,53.0,57.5,55.3,61.7,55.5,63.7,59.5,63.0,49.4,52.5,51.7,52.3,53.9,56.5,49.8,53.1,55.6,52.9,55.4,60.2,50.8,54.9,57.3,56.7,56.2,59.6,61.2,53.7,56.7,55.2,54.0,55.7,54.1,55.6,56.7,56.8,55.9,49.4,52.6,53.7,55.4,51.7
7099,49.5,47.6,46.4,57.1,55.7,57.6,57.0,53.6,53.9,54.0,54.8,56.0,54.1,54.4,56.2,55.1,52.2,49.7,53.8,53.5,53.8,54.0,55.1,53.4,53.6,54.0,57.0,54.3,52.1,54.4,54.9,53.1,49.6,51.0,51.7,50.1,54.6,47.0,57.0,50.6,59.3,50.2,53.8,50.1,52.4,49.2,54.5,52.5,57.9,51.0,59.4,56.9,56.7,47.2,50.5,49.3,50.0,51.9,53.3,48.1,51.0,51.3,50.1,51.1,57.5,48.1,52.2,55.6,54.7,54.1,55.4,55.1,51.1,52.9,52.1,50.6,53.6,52.4,53.5,51.9,53.7,51.9,46.2,51.4,50.6,53.0,48.3
7100,47.2,45.7,44.4,54.2,53.6,55.7,55.0,51.7,52.7,52.8,53.6,54.3,52.7,53.0,54.5,53.9,50.4,48.3,52.4,52.4,52.2,52.4,53.8,52.1,51.4,52.4,55.4,52.7,50.4,53.2,52.8,52.1,47.8,49.5,50.4,48.5,52.3,45.2,54.5,48.2,57.2,48.8,51.2,48.4,50.7,46.8,51.3,49.9,53.9,48.0,56.6,54.3,53.7,45.4,49.2,47.2,48.4,50.5,50.7,46.9,50.0,48.8,48.1,48.1,54.8,46.0,50.1,54.3,53.6,52.8,52.9,52.2,48.5,50.9,49.3,48.4,52.3,51.4,52.1,49.7,51.8,49.3,45.6,50.3,48.6,51.2,46.6
7101,45.4,44.7,42.7,51.9,52.1,54.3,53.9,50.4,51.8,51.9,52.6,53.0,52.0,51.8,53.3,53.0,49.5,47.2,51.4,51.3,51.2,51.2,52.9,50.9,49.9,51.4,54.2,51.4,49.5,52.1,51.6,51.4,46.6,47.9,49.2,47.4,50.9,43.9,52.9,46.0,55.5,47.7,49.4,47.7,48.5,45.6,48.7,47.9,51.3,46.2,54.0,52.0,51.7,44.1,48.1,45.5,47.1,49.3,49.3,46.1,49.2,47.4,46.8,45.2,52.8,44.6,48.5,53.1,52.7,51.7,51.3,50.3,46.6,49.1,46.9,46.5,51.2,50.4,51.0,47.9,50.2,47.2,45.0,49.5,47.2,49.8,45.3
7102,43.9,43.7,41.8,50.3,50.9,53.3,52.6,49.1,50.9,51.2,51.7,52.0,51.0,51.0,52.2,52.1,48.7,45.8,50.5,50.6,50.3,50.2,51.9,49.9,48.9,50.3,53.2,50.4,48.5,51.4,50.6,50.5,45.7,46.8,48.1,46.5,49.7,42.7,51.6,45.1,54.3,46.9,48.0,46.9,46.7,44.7,46.6,46.0,49.0,44.6,51.8,49.9,50.2,42.7,47.4,44.2,46.4,48.2,48.3,45.3,48.2,45.9,45.7,43.4,51.4,43.2,46.5,52.0,51.8,50.8,49.9,48.9,44.5,47.8,45.4,45.1,50.1,49.8,50.2,46.8,49.0,45.6,44.7,48.7,46.1,48.6,44.3
7103,42.3,42.8,40.7,48.6,49.8,52.3,51.6,48.1,50.1,50.4,50.7,51.0,50.2,50.3,51.3,51.3,47.8,45.0,49.5,49.8,49.3,49.7,50.9,49.0,48.1,49.3,52.4,49.4,47.9,50.4,49.8,49.9,44.8,46.0,47.0,45.8,48.9,41.8,50.5,44.1,53.0,46.0,46.7,45.6,45.2,43.5,44.9,44.5,47.0,42.7,50.0,47.9,48.7,41.7,46.7,43.1,45.7,47.5,47.3,44.3,47.4,44.5,44.7,41.3,50.0,42.2,45.3,51.1,50.9,49.9,48.4,47.5,43.0,46.5,43.9,43.7,49.7,49.0,49.4,45.6,47.8,44.0,44.3,48.0,45.0,47.8,43.4
7104,41.2,42.1,39.7,47.7,48.9,51.3,50.6,47.2,49.3,49.7,49.9,50.0,49.5,49.5,50.4,50.7,47.2,43.8,48.8,49.1,48.6,48.9,50.0,48.0,47.1,48.6,51.7,48.7,47.0,49.6,49.0,49.2,43.9,45.1,46.2,44.8,48.0,41.0,49.3,43.0,51.5,45.6,45.7,44.7,43.8,42.9,43.1,43.4,45.5,41.1,48.7,46.1,46.9,40.8,46.0,42.1,45.0,46.5,46.5,43.5,46.6,43.4,43.7,39.7,48.7,41.2,43.8,50.4,50.1,49.4,47.0,46.0,41.6,45.3,42.6,42.0,49.0,48.4,48.7,44.7,46.9,42.8,43.7,47.4,44.3,46.8,42.7
7105,39.7,41.5,39.0,46.7,48.1,50.4,49.9,46.5,48.4,48.9,49.2,49.3,48.6,48.8,49.7,50.0,46.6,43.1,48.3,48.6,47.8,48.1,49.4,47.1,46.2,47.6,51.0,47.9,46.4,48.8,48.3,48.6,43.1,44.4,45.2,43.9,47.5,40.5,48.5,42.2,50.7,44.9,44.5,44.0,42.4,41.8,41.9,42.3,44.3,39.7,47.5,44.5,45.2,39.8,45.4,41.2,44.5,45.7,45.7,42.9,45.8,42.5,43.1,38.2,47.6,40.3,42.6,49.7,49.2,48.5,45.2,44.9,40.4,44.2,41.3,40.5,48.4,47.6,48.0,43.7,46.0,41.7,43.4,46.8,43.5,46.0,42.0
7106,38.6,41.0,38.2,45.7,47.3,49.6,48.9,45.8,47.9,48.2,48.5,48.5,47.9,48.3,48.9,49.4,45.9,42.4,47.7,48.1,47.1,47.4,48.9,46.3,45.4,47.0,50.3,47.3,45.7,48.4,47.5,47.9,42.4,43.6,44.5,43.2,46.8,39.9,47.6,41.3,49.6,44.3,43.7,42.8,41.3,41.0,40.5,41.4,42.9,38.6,46.4,43.2,43.7,39.1,44.5,40.6,43.9,45.1,44.9,42.1,45.2,41.6,42.4,37.0,46.6,39.5,41.5,49.2,48.6,47.7,43.8,43.9,39.4,43.4,40.2,39.4,48.0,46.9,47.6,42.8,45.1,40.4,42.8,46.3,42.8,45.3,41.4
7107,37.7,40.5,37.8,45.0,46.7,48.9,48.3,45.2,47.1,47.5,47.9,47.8,47.4,47.6,48.3,48.7,45.4,41.9,47.0,47.6,46.5,47.0,48.2,45.6,44.6,46.3,49.5,46.8,45.0,47.8,46.9,47.5,41.6,42.9,44.0,42.4,45.9,39.5,46.6,40.6,48.1,43.8,42.6,41.7,40.4,40.5,39.6,40.7,41.7,37.6,45.4,42.0,42.2,38.5,44.0,40.0,43.2,44.5,44.3,41.7,44.7,40.5,41.8,35.7,45.7,39.1,40.5,48.6,47.7,47.3,42.1,43.1,38.3,42.5,39.1,38.2,47.7,46.2,47.0,42.1,44.4,39.8,42.4,45.8,42.0,44.5,40.9
7108,37.1,40.2,37.5,43.9,46.2,48.3,47.8,44.6,46.6,46.8,47.2,47.2,46.9,47.1,47.5,48.2,44.5,41.5,46.6,47.1,45.9,46.5,47.7,44.9,43.9,45.8,49.0,46.2,44.3,47.4,46.2,47.0,41.0,42.3,43.4,42.1,45.3,39.3,46.1,39.7,47.3,43.4,41.7,41.1,39.6,39.7,38.7,39.9,40.8,36.6,44.7,41.1,40.9,37.9,43.3,39.3,42.6,44.0,43.4,41.1,44.1,39.7,41.3,35.0,45.1,38.5,39.6,47.7,47.2,46.6,40.7,42.5,37.4,41.8,38.1,37.6,47.1,45.7,46.5,41.5,43.7,39.0,41.9,45.5,41.4,43.8,40.4
7109,36.2,39.8,37.3,43.3,45.5,47.7,47.4,44.2,46.0,46.3,46.9,46.6,46.4,46.5,46.9,47.7,44.3,41.0,46.1,46.7,45.3,46.0,47.3,44.1,43.1,45.4,48.4,45.7,43.7,47.1,45.6,46.6,40.5,41.9,42.9,41.6,44.9,39.0,45.5,39.0,46.5,43.2,40.9,40.1,39.1,38.9,38.0,39.2,39.8,35.8,43.8,40.2,40.1,37.5,42.8,38.8,42.2,43.7,43.0,40.4,43.6,39.0,41.3,34.0,44.5,38.0,38.9,47.2,46.9,46.3,39.3,41.8,36.8,41.2,37.1,36.6,46.6,45.3,46.0,40.9,43.0,38.4,41.1,45.1,41.0,43.3,39.9
7110,35.3,39.7,37.2,42.7,45.0,47.2,46.9,43.8,45.5,45.7,46.6,46.2,45.9,46.0,46.5,47.2,43.7,40.8,45.7,46.4,44.9,45.4,47.0,43.5,42.4,44.7,47.8,45.3,43.2,46.8,45.1,46.3,40.0,41.4,42.6,41.0,44.2,38.6,44.9,38.4,45.9,42.8,40.2,39.5,38.4,38.2,37.1,38.3,39.0,34.8,43.0,39.7,39.2,37.1,42.2,38.4,41.9,43.3,42.5,40.1,43.0,38.5,41.1,33.2,43.8,37.5,38.0,46.8,46.4,45.8,38.3,41.2,35.9,40.8,36.3,36.1,46.4,44.9,45.5,40.3,42.3,37.7,40.8,44.9,40.4,42.8,39.6
7111,37.8,40.6,38.9,42.3,44.4,46.9,46.6,43.4,45.3,45.5,47.0,46.2,46.4,45.5,46.1,47.1,43.6,41.0,46.0,47.3,44.6,45.3,46.8,43.1,42.0,44.4,47.5,44.9,43.0,46.7,45.0,46.4,39.7,41.1,42.2,41.0,45.9,39.4,44.1,39.4,45.8,45.3,39.8,39.0,40.1,39.7,37.5,40.7,40.8,34.1,42.6,40.0,38.9,38.7,41.7,38.4,41.3,43.2,42.0,40.1,43.2,37.9,41.4,34.8,43.6,37.5,37.6,46.5,46.8,46.3,37.8,40.7,37.6,40.8,38.5,35.6,47.2,45.4,45.0,39.8,41.9,37.0,40.2,45.6,39.9,42.4,39.2
7112,44.2,45.3,45.4,44.6,46.8,48.9,49.1,46.4,48.3,48.2,50.5,48.8,50.1,47.7,48.8,49.7,47.1,45.6,49.8,50.8,47.7,48.1,49.6,45.4,44.3,47.3,49.5,47.4,46.4,49.7,47.6,49.4,42.0,43.5,44.0,43.7,50.9,44.2,46.4,45.3,48.9,51.3,42.0,43.6,44.9,45.7,42.2,47.1,51.1,38.2,48.1,44.0,45.3,43.5,43.0,42.0,43.8,45.6,42.8,43.6,45.5,38.3,45.3,42.7,45.6,41.8,42.1,48.3,50.5,50.0,45.0,43.0,43.5,45.3,46.4,40.8,51.2,48.5,47.7,42.2,44.2,38.9,42.6,48.2,41.8,45.2,42.2
7113,49.7,49.7,51.1,50.6,51.0,52.6,52.8,50.7,51.6,51.5,53.8,52.3,53.5,51.1,52.6,52.9,51.2,49.6,53.5,54.3,51.6,52.0,53.3,49.3,49.0,51.5,52.5,51.5,50.2,53.0,51.4,52.3,46.1,47.4,47.0,47.3,55.8,48.8,51.5,50.2,52.5,55.8,47.2,48.0,50.0,51.4,46.7,52.2,58.8,44.8,55.2,49.0,51.5,48.8,46.2,46.2,47.6,49.5,46.4,47.0,47.7,42.2,49.3,49.9,48.6,47.1,47.5,51.5,54.0,53.2,51.5,49.6,49.0,50.5,52.3,47.0,54.9,51.7,51.2,47.2,48.7,43.3,47.3,51.0,45.9,49.3,46.3
7114,54.8,53.3,54.9,55.8,55.0,56.1,56.4,54.9,54.7,54.4,56.5,55.7,56.6,54.0,56.1,55.7,55.0,52.7,56.6,57.3,55.0,55.0,56.7,53.0,53.6,55.5,55.6,55.1,53.6,56.1,55.1,55.0,50.2,51.4,50.2,50.8,59.6,52.6,56.1,54.1,56.1,59.0,52.4,51.7,54.8,55.7,52.1,56.3,64.0,50.9,60.4,54.0,57.0,53.1,49.6,49.9,51.3,52.9,49.8,49.9,50.3,46.7,52.7,55.6,52.0,51.0,51.8,54.4,57.0,56.0,57.3,55.6,54.4,54.4,56.7,52.2,57.8,54.4,54.2,52.1,53.2,48.4,50.9,53.4,49.8,53.1,50.1
7115,58.9,56.2,57.7,60.0,58.5,58.9,59.5,58.2,57.1,56.9,58.8,58.4,58.9,56.3,59.1,58.0,58.0,55.6,58.9,59.4,57.8,57.4,59.4,56.2,57.7,59.0,58.0,58.2,56.5,58.7,58.2,57.4,53.6,54.7,53.0,53.8,62.6,55.3,60.2,57.4,59.1,61.4,56.7,54.7,58.6,58.6,56.5,59.8,67.6,55.5,64.5,58.2,61.7,56.6,52.8,52.9,54.1,55.8,53.0,52.5,52.7,50.8,55.6,59.7,55.6,54.4,55.6,56.6,59.3,58.4,61.8,60.0,58.4,57.3,60.2,56.2,60.0,56.6,56.8,56.3,57.2,53.3,53.5,55.3,53.3,56.0,53.3
7116,62.0,58.2,59.5,63.2,61.1,61.3,61.9,60.8,58.8,58.9,60.5,60.3,60.6,58.2,61.6,59.7,60.1,57.8,60.6,61.0,60.1,59.2,61.7,58.7,61.1,61.6,60.0,60.6,58.7,60.5,60.4,59.3,56.3,57.1,55.5,56.3,65.0,57.5,63.2,59.8,61.8,62.9,60.2,57.2,61.5,60.4,59.8,62.5,70.3,58.8,67.4,62.0,65.2,58.9,54.8,55.2,56.1,58.0,55.5,54.5,55.0,54.0,57.7,62.3,59.1,57.0,58.7,58.7,61.2,60.3,64.6,63.2,61.2,59.5,63.0,59.1,61.6,58.1,58.9,59.3,60.1,57.1,55.5,56.7,55.9,58.2,55.7
7117,63.7,59.4,60.7,65.4,63.1,63.1,63.9,62.5,60.0,60.3,61.8,61.6,61.9,59.5,63.4,61.1,61.7,59.4,62.1,61.9,61.8,60.7,63.2,60.7,63.2,63.7,61.4,62.2,60.5,61.8,62.1,60.6,58.1,58.9,57.3,58.0,66.9,58.5,65.5,61.6,63.9,64.0,62.5,59.1,63.5,61.9,62.3,64.3,72.3,61.4,69.1,64.5,67.7,60.5,56.1,56.9,57.5,59.4,57.6,56.1,56.6,56.7,59.5,64.6,62.1,58.7,61.3,60.0,62.5,61.5,66.6,65.2,63.0,61.2,65.0,60.9,62.6,59.3,60.3,61.3,62.1,59.8,57.4,57.5,57.6,59.9,57.3
7118,64.7,59.8,61.4,66.9,64.3,64.4,65.2,63.7,60.6,61.2,62.5,62.4,62.6,60.4,64.6,61.9,62.8,60.3,62.5,62.4,62.8,61.4,64.3,61.9,64.5,64.9,62.3,63.3,61.5,62.4,63.2,61.1,59.1,59.9,58.4,58.9,68.1,58.7,66.8,62.7,65.4,64.5,63.8,60.6,64.7,62.5,63.8,65.1,73.4,62.9,70.2,66.0,69.4,61.0,56.9,57.7,58.2,60.3,59.3,57.1,57.8,58.6,60.5,65.7,64.3,59.6,63.1,60.9,63.3,62.3,67.5,66.7,64.1,62.5,66.2,62.1,63.2,59.8,61.1,63.1,63.6,61.5,58.4,57.9,58.8,60.9,58.3
7119,64.8,59.6,61.0,67.6,64.7,65.0,65.7,64.1,60.7,61.3,62.6,62.8,62.6,60.7,64.9,62.0,63.0,60.4,62.4,62.2,63.1,61.7,64.6,62.4,64.9,65.5,62.6,63.6,61.8,62.6,63.6,60.9,59.6,60.4,58.8,59.0,67.8,58.6,67.6,62.9,66.3,64.2,64.7,61.0,64.9,62.5,64.2,65.2,73.6,63.3,70.5,66.4,70.2,61.0,57.2,57.9,58.4,60.5,60.2,57.2,57.8,59.7,60.7,66.2,65.6,59.6,64.1,61.2,63.3,62.4,68.0,67.5,64.3,63.1,66.7,62.4,63.3,59.9,61.3,63.8,63.9,62.0,58.5,57.6,59.3,61.2,58.7
7120,63.6,57.9,59.2,67.6,64.3,64.6,65.3,63.6,59.8,60.7,61.8,62.5,61.8,60.4,64.2,61.5,62.4,59.1,61.4,61.2,62.5,61.0,64.1,62.0,64.6,65.0,62.1,62.9,61.2,62.0,63.1,60.1,59.0,59.8,58.4,58.7,66.6,56.9,67.2,62.0,66.1,62.5,64.4,60.5,63.7,61.2,63.7,64.0,72.3,63.0,70.1,65.4,69.6,59.2,56.7,56.9,57.9,59.8,60.2,56.1,56.8,60.1,59.8,65.3,65.7,58.5,63.7,60.8,62.5,61.6,67.4,67.4,62.9,62.9,65.7,61.8,62.3,58.9,60.7,63.9,63.6,61.9,58.0,56.5,59.0,60.4,58.1
7121,57.9,53.5,53.1,66.1,62.3,63.1,63.4,61.6,57.6,58.4,59.4,60.9,59.0,58.8,62.4,59.4,60.2,54.9,58.7,58.2,60.3,58.9,62.0,59.8,62.9,63.0,60.5,60.8,58.9,59.9,61.2,57.6,57.0,57.6,56.6,56.6,62.7,52.7,65.7,58.9,64.8,56.9,62.8,58.2,58.9,57.1,61.3,59.9,66.5,60.9,68.3,62.6,68.0,53.5,54.9,54.1,55.6,57.6,58.9,52.3,54.6,59.1,56.2,61.3,63.8,54.6,60.7,59.0,60.3,59.0,65.3,65.9,59.0,61.5,60.9,59.5,59.4,56.5,58.7,61.9,61.7,60.2,55.8,54.3,57.3,58.4,56.0
7122,52.2,49.2,48.2,61.2,58.2,59.3,59.4,56.5,55.1,55.2,56.2,58.0,55.4,55.9,58.1,56.5,55.1,51.3,55.3,55.1,56.2,55.5,57.5,55.5,57.0,57.7,58.2,56.6,54.3,56.2,57.1,53.9,52.0,53.2,53.4,52.1,57.1,48.4,60.8,54.1,61.7,51.7,57.2,53.1,54.3,52.3,57.0,54.7,61.2,54.8,63.3,59.2,62.6,48.8,52.1,51.3,52.0,53.7,55.9,49.3,52.6,55.0,52.5,55.0,59.7,50.4,54.4,56.7,56.4,55.7,59.0,60.6,52.8,56.0,54.8,53.4,55.4,53.6,55.0,56.0,56.2,55.3,49.0,52.5,53.1,54.8,51.0
7123,48.7,46.8,45.6,56.5,55.1,57.0,56.4,53.0,53.5,53.4,54.4,55.5,53.8,53.8,55.6,54.6,51.6,49.3,53.4,53.2,53.2,53.5,54.8,52.9,53.0,53.5,56.4,53.8,51.6,54.0,54.3,52.8,49.0,50.5,51.2,49.5,54.2,46.4,56.5,50.0,58.9,49.7,53.2,49.6,51.8,48.5,54.0,52.0,57.4,50.3,58.9,56.6,56.2,46.6,50.2,48.9,49.7,51.6,52.7,47.7,50.5,50.7,49.8,50.7,57.1,47.7,51.9,55.1,54.5,53.8,54.9,54.7,50.2,52.3,51.7,50.0,53.4,51.9,53.0,51.3,53.1,51.4,45.9,51.3,50.0,52.4,47.7
7124,46.4,45.1,43.7,53.6,52.9,55.1,54.5,51.1,52.4,52.3,53.2,53.8,52.5,52.5,54.0,53.5,49.8,48.0,52.0,52.1,51.5,51.9,53.5,51.6,50.9,51.8,54.8,52.2,49.9,52.8,52.2,51.8,47.2,49.0,49.8,47.9,51.9,44.6,53.9,47.6,56.7,48.3,50.6,47.8,50.0,46.1,50.8,49.3,53.3,47.5,56.1,54.0,53.1,44.7,48.9,46.8,48.1,50.2,50.1,46.5,49.5,48.4,47.7,47.8,54.5,45.7,49.7,53.7,53.3,52.5,52.3,51.8,47.8,50.3,48.9,47.9,52.1,51.0,51.6,48.9,51.2,48.6,45.3,50.3,48.0,50.6,46.0
7125,44.7,44.3,42.1,51.3,51.4,53.9,53.4,49.6,51.5,51.4,52.3,52.6,51.8,51.4,52.8,52.5,48.9,46.9,51.1,51.0,50.7,50.6,52.5,50.4,49.3,50.7,53.6,50.9,48.8,51.8,51.1,51.1,46.1,47.4,48.6,46.7,50.5,43.5,52.4,45.6,55.1,47.3,48.8,47.1,47.9,44.9,48.1,47.4,50.7,45.6,53.6,51.6,51.1,43.4,47.9,45.1,46.9,49.1,48.9,45.7,48.7,47.0,46.4,44.9,52.6,44.3,48.1,52.6,52.4,51.4,50.7,49.9,45.9,48.5,46.6,45.9,51.1,50.0,50.5,47.1,49.6,46.5,44.9,49.4,46.6,49.2,44.6
7126,43.3,43.1,41.2,49.7,50.2,52.7,52.1,48.5,50.6,50.6,51.4,51.6,50.8,50.5,51.7,51.6,48.2,45.6,50.2,50.3,49.7,49.8,51.5,49.4,48.3,49.6,52.6,49.9,47.8,51.1,50.1,50.2,45.2,46.1,47.5,45.8,49.2,42.4,51.1,44.5,53.9,46.4,47.4,46.3,46.1,44.0,46.1,45.5,48.3,43.9,51.3,49.5,49.6,42.1,47.1,43.8,46.2,48.0,47.8,44.9,47.8,45.5,45.4,43.1,51.2,42.9,46.2,51.6,51.6,50.4,49.3,48.4,43.8,47.0,45.1,44.5,50.0,49.3,49.6,46.0,48.3,44.9,44.5,48.6,45.4,48.0,43.7
7127,41.5,42.2,40.1,48.1,49.0,51.7,51.0,47.3,49.8,49.9,50.5,50.6,50.0,49.8,50.7,50.9,47.3,44.8,49.2,49.5,48.7,49.3,50.5,48.5,47.4,48.6,51.8,48.8,47.3,50.1,49.2,49.5,44.1,45.3,46.4,45.1,48.5,41.5,50.0,43.4,52.5,45.6,46.1,45.0,44.5,42.9,44.5,44.0,46.3,42.2,49.6,47.5,48.2,41.2,46.4,42.7,45.5,47.3,47.0,43.9,47.0,44.1,44.5,41.0,49.8,41.9,44.9,50.6,50.7,49.5,47.8,46.9,42.2,45.9,43.5,43.1,49.5,48.5,48.9,44.8,47.2,43.3,44.1,47.9,44.3,47.1,42.8
7128,40.6,41.7,39.3,47.1,48.3,50.7,49.9,46.5,49.0,49.2,49.6,49.7,49.1,49.0,49.9,50.3,46.6,43.7,48.5,48.9,47.9,48.4,49.6,47.4,46.5,47.9,51.1,48.1,46.3,49.3,48.4,48.9,43.3,44.5,45.6,44.1,47.7,40.7,48.8,42.4,51.1,45.1,45.1,44.3,43.2,42.3,42.8,42.8,44.9,40.6,48.3,45.7,46.5,40.3,45.7,41.6,44.8,46.4,46.0,43.1,46.2,43.1,43.4,39.4,48.5,40.9,43.6,49.9,50.0,49.0,46.5,45.4,40.9,44.7,42.1,41.5,48.7,47.9,48.1,43.8,46.3,42.1,43.5,47.4,43.6,46.2,42.1
7129,39.1,41.1,38.6,46.1,47.4,49.9,49.3,45.8,48.1,48.4,48.8,48.9,48.2,48.4,49.1,49.6,45.9,43.0,47.9,48.3,47.2,47.6,49.0,46.6,45.6,46.9,50.5,47.3,45.8,48.5,47.6,48.2,42.4,43.7,44.6,43.2,47.0,40.2,48.0,41.7,50.2,44.4,44.0,43.5,41.9,41.2,41.5,41.8,43.8,39.2,47.0,44.1,44.7,39.3,45.1,40.8,44.2,45.5,45.3,42.5,45.4,42.2,42.9,38.0,47.4,40.0,42.4,49.3,49.1,48.2,44.7,44.2,39.6,43.7,40.9,40.0,48.2,47.2,47.4,42.8,45.3,41.0,43.2,46.8,42.8,45.4,41.4
7130,38.1,40.7,38.0,45.0,46.6,49.0,48.3,45.0,47.5,47.7,48.1,48.1,47.5,47.8,48.3,48.9,45.3,42.3,47.4,47.8,46.5,46.9,48.5,45.8,44.8,46.4,49.8,46.7,45.1,48.0,46.9,47.5,41.8,43.0,43.8,42.5,46.3,39.6,47.1,40.8,49.1,43.6,43.1,42.3,40.8,40.5,40.2,40.9,42.3,38.2,46.0,42.8,43.2,38.7,44.3,40.2,43.7,44.9,44.5,41.7,44.9,41.2,42.2,36.8,46.5,39.3,41.2,48.7,48.3,47.4,43.2,43.2,38.8,42.8,39.8,38.9,47.7,46.5,47.0,41.9,44.4,39.9,42.7,46.3,42.1,44.6,40.7
7131,37.2,40.2,37.6,44.3,46.0,48.3,47.7,44.3,46.7,47.0,47.5,47.4,46.9,47.1,47.7,48.3,44.8,41.6,46.6,47.3,45.9,46.4,48.0,45.0,44.1,45.6,49.0,46.2,44.3,47.4,46.2,47.1,40.9,42.2,43.3,41.6,45.5,39.3,46.2,40.2,47.7,43.2,42.1,41.2,39.9,40.0,39.2,40.3,41.2,37.2,45.0,41.7,41.7,38.1,43.8,39.6,43.0,44.3,43.9,41.3,44.3,40.3,41.6,35.5,45.6,38.8,40.3,48.1,47.5,46.8,41.5,42.5,37.8,41.9,38.8,37.9,47.3,45.9,46.5,41.2,43.6,39.2,42.3,45.9,41.3,43.8,40.1
7132,36.6,39.8,37.3,43.3,45.4,47.7,47.1,43.8,46.2,46.4,46.8,46.8,46.4,46.6,46.9,47.7,44.0,41.2,46.2,46.8,45.3,46.0,47.3,44.2,43.4,45.1,48.5,45.6,43.6,47.0,45.5,46.6,40.4,41.6,42.6,41.2,44.8,39.1,45.6,39.3,46.9,42.8,41.1,40.5,39.2,39.3,38.2,39.5,40.2,36.2,44.2,40.7,40.4,37.5,43.0,38.9,42.5,43.8,43.1,40.6,43.7,39.4,41.0,34.8,45.0,38.2,39.4,47.3,47.0,46.1,40.2,41.9,36.9,41.2,37.9,37.1,46.7,45.3,46.0,40.7,42.9,38.6,41.7,45.5,40.8,43.0,39.6
7133,35.9,39.4,37.1,42.6,44.7,47.1,46.7,43.4,45.7,45.8,46.4,46.2,46.0,46.0,46.2,47.3,43.7,40.8,45.6,46.3,44.7,45.5,46.9,43.5,42.6,44.6,47.8,45.0,42.9,46.6,44.9,46.2,39.9,41.2,42.2,40.8,44.4,38.7,44.9,38.5,46.2,42.7,40.3,39.7,38.7,38.7,37.6,38.7,39.1,35.3,43.3,39.9,39.5,37.1,42.6,38.4,42.0,43.4,42.7,40.0,43.2,38.7,41.0,33.7,44.4,37.7,38.7,46.8,46.6,45.8,38.7,41.2,36.3,40.7,36.8,36.2,46.3,44.9,45.5,40.2,42.3,37.9,40.9,45.1,40.4,42.5,39.1
7134,35.0,39.4,37.0,42.1,44.1,46.6,46.2,43.0,45.2,45.2,46.1,45.7,45.5,45.4,45.9,46.8,43.0,40.6,45.3,46.0,44.3,44.9,46.6,42.8,41.9,43.9,47.3,44.7,42.5,46.4,44.4,45.8,39.4,40.6,41.9,40.2,43.7,38.4,44.3,37.9,45.6,42.4,39.6,39.0,38.0,37.9,36.7,37.8,38.4,34.4,42.6,39.4,38.5,36.8,41.9,38.1,41.6,43.1,42.2,39.8,42.7,38.3,40.9,32.8,43.6,37.2,37.9,46.3,46.1,45.3,37.6,40.6,35.6,40.2,36.0,35.8,46.0,44.4,44.9,39.6,41.6,37.2,40.6,44.9,39.8,42.1,38.9
7135,37.3,40.1,38.6,41.7,43.6,46.3,45.9,42.6,44.9,44.9,46.5,45.7,45.9,44.9,45.4,46.6,42.9,40.7,45.4,46.9,43.9,44.7,46.3,42.5,41.5,43.6,46.9,44.2,42.3,46.3,44.2,45.9,39.1,40.3,41.5,40.2,45.3,39.1,43.5,38.7,45.3,44.7,39.3,38.6,39.5,39.3,37.0,40.1,40.1,33.6,42.1,39.7,38.2,38.3,41.4,38.2,41.0,43.0,41.8,39.9,42.8,37.6,41.2,34.3,43.4,37.2,37.3,46.0,46.4,45.7,37.2,40.1,37.1,40.2,38.1,35.3,46.8,44.9,44.4,39.2,41.2,36.5,40.1,45.6,39.3,41.7,38.5
7136,43.7,44.8,45.0,44.0,46.1,48.2,48.5,45.6,47.8,47.6,49.9,48.2,49.5,47.1,48.2,49.1,46.5,45.3,49.2,50.3,47.0,47.5,49.3,44.8,43.7,46.5,48.9,46.7,45.7,49.1,46.9,48.9,41.4,42.7,43.3,42.9,50.3,43.9,45.6,44.7,48.4,50.8,41.4,43.1,44.3,45.2,41.6,46.6,50.6,37.7,47.5,43.7,44.6,43.2,42.7,41.6,43.4,45.2,42.5,43.3,45.1,38.0,44.9,42.2,45.3,41.4,41.8,47.8,50.0,49.4,44.3,42.3,43.0,44.7,45.9,40.4,50.7,47.9,47.1,41.5,43.5,38.4,42.3,48.1,41.2,44.4,41.4
7137,49.2,49.2,50.7,50.0,50.4,52.0,52.3,50.1,51.2,51.0,53.2,51.8,53.0,50.6,52.1,52.4,50.6,49.3,52.9,53.7,51.0,51.6,53.1,48.7,48.4,51.0,51.9,50.9,49.6,52.5,50.7,51.8,45.6,46.8,46.3,46.6,55.3,48.4,51.0,49.7,52.0,55.3,46.7,47.5,49.4,50.9,46.1,51.7,58.3,44.3,54.8,48.7,50.8,48.5,45.8,45.8,47.2,49.2,46.1,46.7,47.3,41.8,49.0,49.5,48.3,46.7,47.1,51.0,53.5,52.6,50.9,48.9,48.4,50.1,51.8,46.6,54.3,51.1,50.7,46.5,48.1,42.8,47.1,50.9,45.4,48.7,45.7
7138,54.3,52.9,54.7,55.4,54.6,55.6,56.0,54.4,54.3,54.0,56.0,55.2,56.1,53.6,55.7,55.3,54.5,52.3,56.1,56.6,54.6,54.6,56.4,52.5,53.2,55.1,55.2,54.8,53.2,55.6,54.6,54.5,49.7,50.9,49.6,50.2,59.1,52.2,55.7,53.7,55.6,58.5,51.9,51.3,54.3,55.2,51.6,55.8,63.6,50.5,60.0,53.5,56.5,52.8,49.2,49.5,50.9,52.6,49.5,49.6,49.8,46.1,52.4,55.1,51.8,50.6,51.5,54.0,56.5,55.5,56.7,55.1,54.0,54.0,56.4,51.8,57.3,53.9,53.8,51.5,52.7,48.0,50.6,53.2,49.4,52.7,49.6
7139,58.6,55.8,57.5,59.6,58.1,58.5,59.1,57.8,56.8,56.6,58.2,58.0,58.4,56.0,58.7,57.6,57.7,55.1,58.4,58.8,57.4,57.0,59.1,55.7,57.3,58.6,57.7,57.9,56.1,58.2,57.8,56.9,53.2,54.3,52.6,53.4,62.2,54.9,59.7,57.0,58.6,60.9,56.2,54.3,58.2,58.1,56.1,59.4,67.2,55.1,64.2,57.8,61.2,56.3,52.4,52.5,53.7,55.5,52.6,52.2,52.2,50.2,55.2,59.3,55.3,54.1,55.3,56.2,58.8,58.0,61.4,59.5,58.0,56.9,59.9,55.9,59.5,56.1,56.5,55.9,56.8,52.8,53.1,55.1,53.0,55.6,52.9
7140,61.8,57.8,59.4,62.7,60.8,60.9,61.6,60.5,58.5,58.6,60.1,59.9,60.2,58.0,61.2,59.3,59.9,57.3,60.2,60.4,59.8,58.8,61.4,58.4,60.6,61.3,59.7,60.3,58.4,60.0,60.1,58.8,56.0,56.8,55.2,56.0,64.5,57.1,62.7,59.5,61.4,62.4,59.6,56.9,61.1,60.0,59.4,62.0,69.9,58.5,67.1,61.6,64.8,58.6,54.4,54.8,55.7,57.7,55.2,54.3,54.4,53.5,57.3,61.8,58.7,56.6,58.4,58.4,60.8,59.8,64.3,62.6,60.8,59.2,62.6,58.8,61.1,57.6,58.6,58.9,59.7,56.8,55.2,56.5,55.6,58.0,55.3
7141,63.5,59.1,60.4,65.0,62.7,62.7,63.6,62.2,59.7,60.1,61.4,61.3,61.5,59.3,63.0,60.7,61.5,58.9,61.6,61.3,61.5,60.4,62.9,60.4,62.7,63.3,61.1,61.9,60.2,61.4,61.9,60.1,57.7,58.6,57.1,57.8,66.4,58.2,65.0,61.2,63.4,63.6,62.0,58.9,63.1,61.4,62.0,63.9,71.9,61.0,68.9,64.1,67.4,60.2,55.7,56.5,57.0,59.1,57.1,55.8,56.0,56.1,59.2,64.0,61.7,58.4,60.9,59.8,62.1,61.1,66.2,64.8,62.6,60.8,64.6,60.6,62.1,58.9,60.1,61.0,61.7,59.5,57.1,57.2,57.3,59.6,57.0
7142,64.5,59.5,61.2,66.5,64.0,64.0,64.8,63.4,60.4,61.0,62.1,62.1,62.2,60.2,64.2,61.5,62.4,59.8,62.0,61.8,62.5,61.0,64.1,61.5,64.0,64.6,62.0,63.1,61.2,62.1,63.0,60.8,58.9,59.7,58.2,58.7,67.6,58.4,66.3,62.2,65.0,63.9,63.6,60.3,64.4,62.1,63.6,64.7,73.0,62.4,70.0,65.5,69.1,60.8,56.5,57.4,57.7,59.9,58.8,56.7,57.1,58.1,60.0,65.2,63.9,59.3,62.8,60.6,62.8,61.9,67.2,66.3,63.7,62.2,65.8,61.9,62.7,59.4,60.9,62.7,63.3,61.2,58.1,57.6,58.5,60.6,58.0
7143,64.6,59.3,60.9,67.2,64.4,64.6,65.3,63.8,60.4,61.1,62.2,62.5,62.3,60.5,64.5,61.7,62.8,59.9,62.0,61.7,62.8,61.3,64.4,62.0,64.5,65.2,62.4,63.4,61.5,62.3,63.3,60.5,59.2,60.2,58.6,58.9,67.4,58.3,67.1,62.5,65.9,63.7,64.3,60.8,64.5,62.1,64.0,64.8,73.2,62.8,70.4,66.0,69.9,60.8,56.8,57.6,58.0,60.1,59.7,56.9,57.1,59.2,60.2,65.7,65.2,59.2,63.7,60.9,62.9,62.1,67.7,67.0,64.0,62.8,66.2,62.1,62.8,59.5,61.1,63.6,63.6,61.7,58.2,57.2,59.0,61.0,58.4
7144,63.3,57.5,59.0,67.2,64.0,64.3,64.8,63.4,59.6,60.4,61.4,62.2,61.4,60.2,63.9,61.2,62.1,58.5,61.0,60.6,62.2,60.7,63.9,61.6,64.1,64.7,61.8,62.7,61.0,61.7,62.8,59.8,58.7,59.6,58.1,58.5,66.1,56.6,66.8,61.6,65.8,62.0,64.0,60.3,63.4,60.7,63.5,63.7,71.9,62.6,70.0,65.1,69.4,59.0,56.3,56.5,57.4,59.4,59.6,55.7,56.1,59.5,59.3,64.8,65.3,58.0,63.3,60.6,62.1,61.2,67.1,67.0,62.5,62.6,65.3,61.4,61.7,58.5,60.5,63.6,63.3,61.6,57.6,56.1,58.7,60.2,57.8
7145,57.5,53.1,52.7,65.7,62.0,62.7,63.0,61.2,57.3,58.1,58.9,60.6,58.6,58.5,62.0,59.0,59.8,54.4,58.2,57.6,60.0,58.6,61.7,59.4,62.3,62.6,60.2,60.5,58.5,59.5,60.9,57.2,56.7,57.2,56.3,56.2,62.1,52.4,65.2,58.5,64.4,56.2,62.4,57.9,58.5,56.5,61.0,59.5,66.0,60.4,68.1,62.2,67.6,53.1,54.5,53.6,55.2,57.3,58.4,51.8,54.0,58.5,55.7,60.7,63.3,54.1,60.2,58.7,59.8,58.6,64.9,65.5,58.7,61.2,60.4,59.1,58.8,56.0,58.4,61.6,61.3,59.9,55.3,53.9,57.0,58.1,55.6
7146,51.8,48.8,47.8,60.7,57.7,58.9,58.9,56.1,54.9,54.9,55.8,57.6,55.0,55.6,57.7,56.1,54.7,50.9,54.9,54.4,55.9,55.2,57.1,55.1,56.5,57.2,57.8,56.2,53.9,55.7,56.8,53.7,51.6,52.7,53.0,51.6,56.6,48.1,60.3,53.6,61.3,51.1,56.7,52.7,54.0,51.8,56.6,54.4,60.8,54.2,63.1,58.8,62.1,48.5,51.7,50.8,51.6,53.4,55.4,48.8,52.0,54.4,52.0,54.5,59.2,49.9,54.0,56.4,56.0,55.3,58.6,59.9,52.5,55.6,54.4,53.0,55.0,53.2,54.6,55.6,55.7,54.9,48.4,52.3,52.7,54.5,50.6
7147,48.3,46.5,45.2,56.0,54.7,56.7,56.0,52.6,53.3,53.2,54.1,55.1,53.4,53.5,55.2,54.2,51.4,48.9,53.0,52.6,52.9,53.2,54.4,52.6,52.6,53.1,56.1,53.5,51.2,53.6,54.0,52.5,48.5,50.1,50.9,49.0,53.7,46.0,56.0,49.6,58.5,49.2,52.7,49.1,51.5,48.0,53.6,51.5,56.9,49.8,58.7,56.2,55.7,46.3,49.8,48.4,49.4,51.3,52.2,47.3,50.0,50.2,49.3,50.2,56.7,47.1,51.4,54.7,54.1,53.4,54.5,54.1,49.9,51.8,51.3,49.6,52.9,51.5,52.6,51.0,52.7,51.0,45.5,51.0,49.7,52.2,47.3
7148,46.1,44.8,43.4,53.1,52.5,54.8,54.0,50.6,52.2,52.0,52.8,53.4,52.1,52.2,53.7,53.1,49.5,47.6,51.6,51.6,51.2,51.6,53.1,51.3,50.5,51.3,54.5,52.0,49.5,52.3,52.0,51.5,46.9,48.6,49.5,47.6,51.4,44.3,53.4,47.3,56.4,47.8,50.1,47.4,49.7,45.6,50.4,48.9,52.9,47.0,55.8,53.6,52.6,44.5,48.6,46.3,47.9,50.0,49.7,46.3,49.0,47.9,47.2,47.3,54.1,45.3,49.2,53.5,52.9,52.0,51.8,51.3,47.3,49.7,48.5,47.6,51.6,50.6,51.4,48.6,50.8,48.4,44.9,50.0,47.7,50.3,45.6
7149,44.2,44.0,41.9,50.9,51.0,53.5,53.0,49.2,51.2,51.1,51.8,52.2,51.3,51.1,52.5,52.2,48.5,46.4,50.6,50.5,50.4,50.3,52.1,50.2,48.9,50.2,53.4,50.7,48.4,51.3,50.8,50.8,45.8,47.0,48.3,46.5,50.0,43.3,51.9,45.2,54.6,46.9,48.4,46.7,47.4,44.4,47.7,47.0,50.2,45.2,53.2,51.2,50.7,43.2,47.6,44.6,46.7,49.0,48.5,45.4,48.3,46.5,46.0,44.3,52.3,43.9,47.7,52.3,52.0,51.0,50.3,49.3,45.5,48.0,46.1,45.5,50.6,49.6,50.2,46.8,49.3,46.2,44.5,49.2,46.2,48.9,44.3
7150,42.8,42.9,40.9,49.4,49.9,52.3,51.7,48.1,50.3,50.3,51.0,51.1,50.3,50.3,51.4,51.3,47.9,45.2,49.8,49.7,49.3,49.5,51.1,49.2,48.0,49.2,52.3,49.6,47.5,50.7,49.8,50.0,44.8,45.7,47.3,45.5,48.8,42.2,50.6,44.1,53.4,46.1,47.0,45.9,45.8,43.6,45.7,45.1,47.8,43.6,51.0,49.2,49.1,41.7,46.9,43.4,46.0,47.9,47.5,44.5,47.3,45.1,45.0,42.6,50.9,42.5,45.7,51.3,51.2,50.0,48.9,47.9,43.5,46.5,44.6,44.1,49.6,48.9,49.3,45.6,48.0,44.6,44.1,48.4,45.0,47.6,43.4
7151,41.1,42.0,39.7,47.8,48.7,51.4,50.7,47.0,49.6,49.6,50.0,50.2,49.5,49.5,50.4,50.5,47.0,44.3,48.7,49.0,48.4,48.8,50.1,48.2,47.1,48.2,51.6,48.6,46.9,49.8,48.9,49.3,43.8,44.9,46.2,44.8,48.0,41.4,49.6,43.0,52.1,45.3,45.6,44.7,44.1,42.5,44.0,43.6,45.8,41.9,49.2,47.2,47.7,40.8,46.2,42.4,45.3,47.1,46.6,43.6,46.5,43.7,44.0,40.7,49.4,41.5,44.5,50.3,50.3,49.0,47.4,46.2,41.8,45.4,43.1,42.8,49.0,48.1,48.7,44.4,46.9,43.0,43.7,47.7,44.0,46.9,42.4
7152,40.1,41.5,38.9,46.7,48.0,50.4,49.5,46.2,48.8,48.9,49.1,49.3,48.5,48.7,49.6,49.9,46.3,43.3,48.0,48.3,47.7,48.0,49.2,47.1,46.1,47.5,50.8,47.8,46.0,48.9,48.1,48.7,43.0,44.1,45.3,43.7,47.2,40.5,48.4,41.9,50.6,44.8,44.7,44.0,42.9,41.9,42.2,42.4,44.4,40.4,48.0,45.4,45.9,40.0,45.5,41.3,44.5,46.2,45.7,42.8,45.8,42.6,42.9,39.1,48.2,40.4,43.1,49.6,49.6,48.5,46.0,44.9,40.6,44.3,41.8,41.2,48.3,47.6,47.9,43.5,46.0,41.8,43.0,47.1,43.4,45.9,41.7
7153,38.6,41.0,38.3,45.7,47.1,49.5,48.9,45.6,47.9,48.2,48.3,48.6,47.6,48.1,48.9,49.2,45.6,42.6,47.4,47.8,46.9,47.2,48.6,46.3,45.2,46.4,50.2,47.1,45.5,48.1,47.4,47.9,42.2,43.4,44.4,42.9,46.7,40.0,47.5,41.3,49.8,44.1,43.6,43.2,41.6,40.8,41.0,41.4,43.3,38.9,46.8,43.8,44.2,39.0,44.9,40.4,44.0,45.3,45.0,42.2,45.1,41.7,42.4,37.7,47.1,39.6,42.0,49.0,48.7,47.7,44.1,43.8,39.3,43.2,40.5,39.8,47.7,46.8,47.1,42.4,45.0,40.6,42.7,46.6,42.5,45.1,40.9
7154,37.6,40.6,37.7,44.7,46.3,48.6,48.0,44.7,47.2,47.5,47.7,47.8,46.9,47.5,48.1,48.6,44.9,41.8,46.9,47.3,46.2,46.6,48.2,45.5,44.4,45.9,49.5,46.5,44.8,47.5,46.7,47.3,41.5,42.7,43.6,42.2,46.1,39.4,46.6,40.3,48.6,43.5,42.7,42.0,40.5,40.0,39.7,40.5,41.9,37.8,45.7,42.5,42.6,38.3,44.1,39.8,43.5,44.7,44.2,41.3,44.5,40.7,41.7,36.4,46.2,38.9,40.8,48.4,47.9,47.0,42.8,42.8,38.5,42.3,39.4,38.7,47.2,46.1,46.7,41.5,44.1,39.4,42.2,46.0,41.7,44.3,40.3
7155,36.7,40.0,37.2,43.9,45.7,48.0,47.4,44.1,46.5,46.8,47.0,47.0,46.4,46.8,47.4,47.9,44.6,41.2,46.2,46.8,45.7,46.1,47.7,44.8,43.8,45.1,48.7,46.0,44.1,47.0,46.0,46.7,40.7,41.9,43.0,41.3,45.3,39.1,45.8,39.6,47.3,42.9,41.7,40.9,39.6,39.6,38.6,39.8,40.8,36.9,44.6,41.3,41.2,37.8,43.5,39.2,42.8,44.1,43.7,41.0,43.9,39.7,41.1,35.1,45.3,38.4,39.8,47.8,47.1,46.3,41.0,42.0,37.4,41.5,38.4,37.7,46.9,45.5,46.2,40.8,43.3,38.8,41.8,45.7,40.9,43.6,39.8
7156,36.1,39.7,36.9,42.9,45.0,47.4,46.8,43.5,45.9,46.2,46.3,46.4,45.9,46.3,46.6,47.4,43.8,40.7,45.7,46.2,45.1,45.6,47.0,44.0,43.2,44.7,48.2,45.4,43.4,46.6,45.3,46.3,40.2,41.4,42.4,41.0,44.6,38.9,45.2,38.7,46.5,42.6,40.7,40.2,38.8,39.0,37.6,39.1,39.8,35.9,43.9,40.4,40.0,37.2,42.8,38.5,42.2,43.6,42.8,40.3,43.4,38.8,40.6,34.4,44.8,37.7,39.0,47.0,46.6,45.6,39.7,41.4,36.6,40.8,37.5,37.0,46.3,45.0,45.7,40.2,42.6,38.1,41.2,45.3,40.5,42.8,39.2
7157,35.4,39.3,36.7,42.3,44.4,46.9,46.4,43.0,45.4,45.7,46.0,45.8,45.4,45.8,46.0,46.9,43.6,40.3,45.1,45.8,44.4,45.1,46.6,43.2,42.3,44.3,47.6,44.8,42.8,46.3,44.7,45.9,39.6,40.9,41.9,40.5,44.2,38.6,44.5,38.0,45.7,42.4,40.0,39.3,38.3,38.5,37.0,38.4,38.7,35.0,43.0,39.6,39.0,36.8,42.3,38.1,41.7,43.2,42.4,39.8,42.8,38.3,40.6,33.4,44.2,37.4,38.3,46.5,46.2,45.3,38.1,40.7,36.0,40.3,36.5,36.0,45.8,44.5,45.2,39.8,41.9,37.5,40.5,45.0,40.1,42.3,38.9
7158,34.5,39.1,36.6,41.7,43.9,46.4,46.0,42.7,44.9,45.0,45.7,45.4,44.9,45.2,45.7,46.4,42.8,40.1,44.8,45.5,44.1,44.6,46.3,42.5,41.6,43.6,47.1,44.5,42.3,46.0,44.2,45.6,39.1,40.3,41.7,39.9,43.6,38.1,43.9,37.4,45.0,42.2,39.2,38.7,37.5,37.7,36.1,37.5,38.1,34.2,42.2,39.1,38.0,36.5,41.6,37.8,41.4,42.9,42.0,39.5,42.3,37.8,40.4,32.6,43.5,36.8,37.6,46.0,45.7,44.7,36.9,40.1,35.2,39.8,35.6,35.5,45.6,44.1,44.7,39.2,41.3,36.9,40.2,44.7,39.5,41.8,38.7
7159,36.7,39.8,38.2,41.4,43.4,46.1,45.7,42.2,44.6,44.7,46.0,45.3,45.3,44.7,45.2,46.3,42.6,40.2,44.9,46.3,43.7,44.4,46.1,42.2,41.2,43.3,46.7,44.0,42.1,45.9,44.0,45.6,38.7,40.0,41.2,39.9,45.0,38.9,43.2,38.1,44.8,44.5,38.8,38.2,39.1,39.0,36.3,39.7,39.5,33.4,41.8,39.3,37.7,37.9,41.2,37.8,40.8,42.7,41.6,39.6,42.4,37.2,40.6,33.8,43.3,36.7,37.1,45.9,46.0,45.1,36.5,39.7,36.8,39.8,37.6,34.9,46.3,44.4,44.1,38.8,40.8,36.2,39.6,45.3,38.9,41.4,38.2
7160,43.2,44.4,44.7,43.5,45.7,48.0,48.2,45.2,47.5,47.5,49.4,47.8,49.0,46.9,48.0,48.8,46.2,44.8,48.7,49.8,46.8,47.3,49.0,44.4,43.3,46.2,48.6,46.5,45.4,48.8,46.6,48.5,41.0,42.4,43.0,42.5,50.1,43.6,45.3,44.2,47.9,50.7,40.9,42.7,43.9,45.1,41.1,46.1,50.2,37.4,47.0,43.3,44.0,42.8,42.3,41.3,43.1,44.9,42.2,43.0,44.8,37.6,44.4,41.7,45.2,40.9,41.5,47.6,49.6,48.9,43.6,42.0,42.6,44.2,45.4,39.9,50.3,47.4,46.9,41.1,43.1,38.0,41.8,47.8,40.8,44.1,41.1
7161,48.8,48.9,50.5,49.7,50.2,51.9,52.1,49.9,50.9,50.9,52.8,51.3,52.5,50.4,52.0,52.2,50.5,48.8,52.4,53.2,50.9,51.4,52.9,48.4,48.0,50.8,51.7,50.8,49.3,52.2,50.5,51.4,45.3,46.5,46.1,46.3,55.1,48.2,50.7,49.1,51.5,55.4,46.3,47.2,49.0,50.8,45.5,51.2,58.0,44.0,54.4,48.2,50.2,48.2,45.5,45.3,46.8,48.8,45.7,46.4,46.9,41.3,48.4,48.9,48.1,46.2,46.7,50.9,53.1,52.2,50.3,48.6,48.1,49.8,51.3,46.1,53.8,50.7,50.5,46.1,47.8,42.4,46.6,50.6,45.1,48.4,45.4
7162,54.1,52.6,54.5,55.2,54.4,55.5,55.9,54.2,54.0,53.9,55.6,54.8,55.6,53.4,55.6,55.2,54.4,51.8,55.6,56.2,54.5,54.4,56.3,52.3,52.9,55.0,55.1,54.7,52.8,55.4,54.5,54.1,49.6,50.7,49.4,50.0,59.0,52.0,55.5,53.2,55.1,58.6,51.6,51.0,54.0,55.1,51.0,55.4,63.3,50.2,59.6,53.0,55.9,52.6,48.9,49.1,50.6,52.3,49.0,49.2,49.5,45.6,51.9,54.6,51.4,50.2,51.0,53.9,56.3,55.1,56.2,55.0,53.6,53.7,55.9,51.4,56.9,53.6,53.8,51.2,52.5,47.6,50.1,52.9,49.2,52.5,49.4
7163,58.4,55.4,57.3,59.4,57.9,58.4,59.1,57.7,56.6,56.6,57.9,57.7,58.1,56.0,58.7,57.5,57.6,54.6,58.0,58.4,57.4,56.9,59.1,55.4,57.0,58.5,57.6,57.9,55.9,58.1,57.7,56.6,53.1,54.1,52.5,53.3,62.1,54.7,59.7,56.6,58.1,61.0,55.9,54.0,57.9,58.1,55.6,59.1,66.9,54.7,63.9,57.3,60.7,56.1,52.1,52.1,53.4,55.1,52.2,51.7,51.9,49.6,54.8,58.8,54.9,53.7,54.8,56.2,58.6,57.7,60.9,59.5,57.7,56.6,59.3,55.4,59.1,55.9,56.5,55.6,56.5,52.5,52.6,54.8,52.8,55.5,52.7
7164,61.6,57.4,59.2,62.6,60.7,61.0,61.6,60.4,58.4,58.6,59.8,59.7,60.0,58.0,61.2,59.2,59.9,56.8,59.8,60.0,59.8,58.8,61.4,58.1,60.3,61.2,59.7,60.3,58.3,59.9,60.0,58.6,55.9,56.6,55.0,55.8,64.4,56.8,62.8,59.2,60.9,62.5,59.4,56.7,60.9,59.9,59.0,61.8,69.6,58.0,66.8,61.0,64.3,58.4,54.0,54.4,55.3,57.3,54.7,53.9,54.1,52.8,56.9,61.2,58.2,56.2,57.9,58.4,60.6,59.6,63.9,62.7,60.5,58.9,62.1,58.4,60.7,57.5,58.6,58.7,59.5,56.5,54.7,56.1,55.4,57.8,55.1
7165,63.4,58.6,60.3,64.9,62.6,62.7,63.5,62.2,59.7,60.1,61.2,61.2,61.3,59.3,63.0,60.7,61.4,58.4,61.3,61.0,61.4,60.4,62.9,60.2,62.5,63.2,61.2,61.9,60.1,61.3,61.8,59.9,57.6,58.4,56.9,57.6,66.4,57.9,65.1,60.9,63.0,63.6,61.8,58.6,62.9,61.4,61.7,63.6,71.6,60.5,68.6,63.5,66.9,60.0,55.3,56.1,56.5,58.7,56.7,55.4,55.6,55.5,58.8,63.5,61.2,58.0,60.3,59.8,61.9,61.0,66.0,64.9,62.4,60.5,64.0,60.3,61.7,58.8,60.1,60.8,61.5,59.2,56.6,56.9,57.1,59.5,56.8
7166,64.3,59.0,61.1,66.5,63.9,63.9,64.7,63.4,60.4,60.9,61.8,62.1,62.1,60.2,64.1,61.5,62.4,59.3,61.7,61.5,62.5,61.0,64.1,61.3,63.8,64.5,62.0,63.0,61.1,62.0,62.9,60.6,58.7,59.6,58.0,58.5,67.5,58.1,66.4,62.0,64.6,64.0,63.4,60.0,64.2,62.1,63.2,64.4,72.7,62.0,69.8,65.0,68.7,60.6,56.1,56.9,57.3,59.5,58.4,56.3,56.7,57.5,59.6,64.7,63.4,58.8,62.1,60.6,62.6,61.8,67.0,66.4,63.5,61.9,65.2,61.5,62.3,59.3,60.8,62.5,63.1,61.0,57.6,57.2,58.3,60.5,57.8
7167,64.5,58.8,60.7,67.2,64.3,64.6,65.2,63.7,60.5,61.1,61.9,62.5,62.2,60.5,64.5,61.8,62.7,59.5,61.7,61.3,62.8,61.3,64.5,61.9,64.3,65.1,62.3,63.3,61.5,62.3,63.3,60.4,59.1,60.1,58.5,58.7,67.4,58.0,67.1,62.2,65.5,63.7,64.1,60.5,64.3,62.0,63.7,64.5,72.8,62.5,70.1,65.5,69.5,60.7,56.3,57.1,57.5,59.7,59.2,56.5,56.7,58.6,59.7,65.1,64.5,58.7,63.0,60.9,62.7,62.0,67.4,67.1,63.8,62.5,65.6,61.8,62.4,59.3,61.0,63.3,63.4,61.6,57.8,56.9,58.8,60.9,58.2
7168,63.2,57.1,58.8,67.1,63.9,64.2,64.8,63.3,59.6,60.4,61.2,62.2,61.3,60.2,63.9,61.2,62.1,58.0,60.7,60.2,62.2,60.7,63.8,61.5,63.9,64.6,61.8,62.6,60.9,61.7,62.8,59.7,58.6,59.4,58.0,58.3,66.1,56.3,66.8,61.3,65.4,61.9,63.8,60.0,63.2,60.7,63.2,63.3,71.4,62.1,69.7,64.5,69.0,58.8,55.8,56.0,57.0,59.0,59.1,55.2,55.7,58.9,58.7,64.2,64.6,57.4,62.6,60.5,61.9,61.2,66.8,67.0,62.4,62.3,64.6,61.0,61.3,58.4,60.5,63.3,63.1,61.5,57.1,55.8,58.5,60.1,57.6
7169,57.2,52.6,52.3,65.5,61.8,62.5,62.9,61.0,57.3,58.0,58.6,60.6,58.5,58.5,61.9,58.9,59.7,53.8,57.9,57.1,59.9,58.4,61.7,59.2,62.1,62.4,60.1,60.4,58.3,59.4,60.8,57.1,56.4,57.0,56.1,56.0,61.9,52.0,65.1,58.1,64.0,56.0,62.1,57.6,58.1,56.3,60.7,59.0,65.4,60.0,67.8,61.6,67.2,52.7,54.0,53.0,54.7,56.8,57.8,51.3,53.5,57.8,55.0,60.1,62.6,53.4,59.5,58.7,59.6,58.5,64.6,65.4,58.3,60.8,59.7,58.7,58.4,55.8,58.3,61.3,61.0,59.7,54.8,53.6,56.8,57.9,55.2
7170,51.4,48.4,47.5,60.4,57.5,58.6,58.7,55.8,54.8,54.9,55.6,57.6,54.8,55.6,57.5,56.1,54.6,50.3,54.7,54.0,55.7,55.0,56.9,54.8,56.2,56.9,57.7,56.1,53.6,55.6,56.6,53.5,51.2,52.3,52.7,51.3,56.4,47.9,60.0,53.3,60.9,50.8,56.4,52.1,53.6,51.6,56.3,53.9,60.3,53.8,62.7,58.2,61.5,48.3,51.3,50.3,51.2,53.1,54.9,48.4,51.4,53.7,51.4,53.9,58.6,49.3,53.3,56.4,55.8,55.2,58.3,59.7,52.2,55.1,53.8,52.6,54.6,52.9,54.5,55.3,55.3,54.7,47.9,52.0,52.4,54.3,50.2
7171,47.9,46.2,44.9,55.7,54.4,56.4,55.8,52.3,53.2,53.2,53.9,55.1,53.2,53.4,55.0,54.2,51.0,48.5,52.8,52.3,52.6,52.9,54.2,52.4,52.2,52.7,56.0,53.4,51.0,53.5,53.8,52.3,48.2,49.8,50.5,48.6,53.5,45.8,55.8,49.3,58.1,49.0,52.4,48.7,51.3,47.7,53.2,51.0,56.5,49.4,58.3,55.6,55.2,45.9,49.5,47.9,49.1,51.0,51.6,46.9,49.5,49.7,48.7,49.7,56.1,46.6,50.8,54.7,54.0,53.2,54.0,53.8,49.5,51.3,50.8,49.3,52.6,51.3,52.5,50.6,52.3,50.7,45.1,50.8,49.4,52.0,46.8
7172,45.6,44.5,42.9,52.7,52.2,54.4,53.8,50.4,52.1,51.9,52.6,53.3,51.9,52.1,53.5,53.0,49.2,47.1,51.4,51.2,50.9,51.3,52.9,51.1,50.1,50.9,54.3,51.8,49.3,52.2,51.8,51.3,46.5,48.2,49.1,47.1,51.2,44.1,53.2,46.9,55.9,47.6,49.8,47.0,49.3,45.3,50.0,48.4,52.5,46.7,55.4,53.1,52.1,44.1,48.4,45.8,47.6,49.7,49.1,45.7,48.5,47.4,46.7,46.9,53.6,44.8,48.7,53.4,52.8,51.8,51.5,51.0,46.9,49.2,48.0,47.3,51.3,50.4,51.1,48.2,50.4,48.0,44.5,49.8,47.5,50.0,45.0
7173,43.8,43.6,41.5,50.6,50.7,53.1,52.7,48.9,51.0,50.9,51.6,52.0,51.0,51.0,52.2,52.0,48.2,45.9,50.4,50.2,50.1,50.0,51.9,50.0,48.6,49.9,53.2,50.5,48.1,51.2,50.5,50.7,45.4,46.5,47.8,46.0,49.7,43.1,51.6,44.9,54.2,46.7,48.1,46.3,47.1,44.2,47.3,46.6,49.9,44.9,52.8,50.7,50.2,42.9,47.4,44.1,46.4,48.8,47.9,44.9,47.8,46.1,45.5,43.9,51.8,43.4,47.2,52.2,51.8,50.8,49.9,49.0,45.1,47.6,45.6,45.2,50.4,49.4,50.0,46.4,48.9,45.9,44.1,48.9,45.9,48.6,43.7
7174,42.4,42.6,40.5,49.1,49.6,52.0,51.4,47.8,50.2,50.1,50.8,50.9,50.0,50.1,51.1,51.1,47.5,44.7,49.6,49.3,49.0,49.2,50.8,49.0,47.7,48.9,52.1,49.3,47.2,50.4,49.5,49.8,44.4,45.3,46.9,45.1,48.6,41.9,50.4,43.8,53.0,45.9,46.7,45.5,45.5,43.5,45.3,44.7,47.6,43.5,50.6,48.7,48.6,41.4,46.6,42.8,45.7,47.7,47.0,43.9,46.8,44.7,44.5,42.1,50.4,42.0,45.2,51.2,50.9,49.9,48.6,47.5,43.2,46.1,44.2,43.7,49.4,48.6,49.1,45.2,47.8,44.2,43.7,48.1,44.8,47.3,42.9
7175,40.8,41.8,39.4,47.4,48.4,51.0,50.4,46.7,49.4,49.4,49.8,49.9,49.3,49.3,50.1,50.3,46.5,43.9,48.5,48.6,48.1,48.6,49.8,48.1,46.8,47.9,51.4,48.4,46.5,49.6,48.6,49.1,43.4,44.5,45.8,44.3,47.9,41.2,49.3,42.7,51.7,45.1,45.4,44.3,43.9,42.4,43.6,43.1,45.5,41.7,48.9,46.8,47.2,40.4,45.9,41.9,45.0,46.8,46.2,43.0,46.1,43.3,43.5,40.3,48.9,41.0,44.0,50.2,50.1,48.9,46.9,45.9,41.7,45.0,42.6,42.4,48.8,47.9,48.4,44.0,46.6,42.6,43.1,47.4,43.7,46.5,41.9
7176,39.8,41.1,38.7,46.4,47.7,50.1,49.3,45.9,48.5,48.7,49.0,49.0,48.3,48.5,49.3,49.7,46.0,42.8,47.8,47.9,47.4,47.7,48.9,46.9,45.9,47.2,50.6,47.5,45.7,48.7,47.8,48.4,42.6,43.7,45.0,43.3,47.1,40.4,48.2,41.7,50.3,44.6,44.4,43.6,42.7,41.8,41.9,42.0,44.1,40.2,47.8,44.9,45.4,39.7,45.2,40.9,44.2,46.0,45.3,42.2,45.3,42.2,42.4,38.7,47.8,40.0,42.8,49.5,49.4,48.4,45.5,44.6,40.4,43.9,41.2,40.9,48.1,47.3,47.6,43.1,45.7,41.4,42.5,46.8,43.1,45.6,41.3
7177,38.3,40.7,38.0,45.4,46.8,49.3,48.6,45.3,47.7,48.0,48.0,48.2,47.4,47.9,48.6,49.0,45.3,42.2,47.2,47.4,46.6,46.9,48.3,46.1,44.9,46.2,49.9,46.8,45.2,47.9,47.1,47.8,41.8,43.0,44.0,42.5,46.6,39.9,47.3,40.9,49.4,44.0,43.3,42.8,41.3,40.8,40.7,41.0,43.0,38.6,46.4,43.4,43.7,38.7,44.6,40.0,43.7,45.0,44.5,41.7,44.7,41.3,41.9,37.2,46.8,39.1,41.7,48.8,48.5,47.6,43.6,43.5,39.1,42.9,40.1,39.6,47.5,46.5,46.9,42.1,44.7,40.3,42.2,46.3,42.2,44.8,40.4
7178,37.3,40.3,37.4,44.3,45.9,48.3,47.8,44.3,47.0,47.2,47.4,47.5,46.7,47.3,47.8,48.3,44.6,41.4,46.7,46.9,45.9,46.3,47.8,45.2,44.0,45.6,49.2,46.2,44.5,47.3,46.4,47.0,41.1,42.2,43.1,41.7,45.9,39.4,46.4,40.0,48.3,43.4,42.4,41.6,40.4,40.0,39.4,40.2,41.6,37.6,45.3,42.1,42.2,38.1,43.8,39.3,43.2,44.3,43.7,40.8,44.0,40.3,41.2,35.9,45.9,38.4,40.5,48.1,47.7,46.8,42.3,42.6,38.3,42.0,39.0,38.5,47.0,45.8,46.4,41.2,43.7,39.1,41.8,45.8,41.5,44.1,39.8
7179,36.3,39.8,37.1,43.6,45.3,47.8,47.1,43.7,46.2,46.6,46.7,46.6,46.1,46.6,47.1,47.6,44.2,40.8,45.9,46.4,45.4,45.7,47.4,44.4,43.4,44.8,48.4,45.7,43.8,46.7,45.7,46.5,40.4,41.5,42.6,40.8,45.1,39.0,45.7,39.2,47.0,42.8,41.4,40.6,39.6,39.7,38.3,39.5,40.6,36.7,44.4,41.0,40.8,37.5,43.3,38.7,42.5,43.8,43.2,40.5,43.5,39.4,40.7,34.7,45.1,37.9,39.6,47.5,47.0,46.2,40.5,41.8,37.2,41.1,38.0,37.5,46.7,45.2,45.9,40.5,43.0,38.4,41.3,45.3,40.7,43.2,39.2
7180,35.9,39.6,36.8,42.6,44.7,47.1,46.5,43.1,45.6,46.0,46.0,46.1,45.6,46.0,46.4,47.1,43.5,40.3,45.4,45.9,44.8,45.3,46.7,43.6,42.8,44.3,48.0,45.1,43.1,46.4,45.0,46.1,39.9,41.0,42.0,40.5,44.4,38.9,45.0,38.3,46.2,42.5,40.3,39.9,38.8,39.1,37.4,38.8,39.6,35.6,43.6,40.0,39.6,36.9,42.5,37.9,42.0,43.3,42.3,39.8,43.0,38.5,40.2,34.0,44.6,37.2,38.7,46.8,46.4,45.4,39.2,41.2,36.4,40.5,37.1,36.7,46.1,44.7,45.4,39.9,42.3,37.8,40.6,45.0,40.2,42.5,38.7
7181,35.2,39.1,36.5,42.0,44.0,46.5,46.1,42.6,45.0,45.4,45.7,45.4,45.2,45.5,45.8,46.6,43.2,40.0,44.8,45.4,44.2,44.8,46.3,42.9,42.0,44.0,47.3,44.5,42.4,46.0,44.4,45.6,39.4,40.5,41.5,40.1,44.0,38.5,44.3,37.7,45.4,42.3,39.7,39.1,38.4,38.5,36.8,38.1,38.5,34.8,42.7,39.3,38.5,36.6,42.0,37.5,41.5,42.9,41.9,39.3,42.4,37.9,40.2,32.9,43.9,36.9,38.1,46.3,46.1,45.2,37.7,40.6,35.9,40.0,36.1,35.8,45.6,44.2,44.8,39.6,41.6,37.2,39.9,44.7,39.9,42.0,38.3
7182,34.4,39.0,36.4,41.6,43.5,46.0,45.7,42.3,44.5,44.8,45.4,45.0,44.5,45.0,45.4,46.1,42.4,39.8,44.6,45.1,43.8,44.3,46.1,42.2,41.3,43.3,46.8,44.2,42.0,45.7,43.9,45.2,38.9,39.9,41.3,39.5,43.4,38.0,43.7,37.0,44.8,42.1,38.9,38.4,37.6,37.8,35.9,37.2,37.8,33.9,42.0,38.7,37.5,36.3,41.4,37.3,41.0,42.5,41.5,39.1,41.9,37.4,40.0,32.1,43.2,36.4,37.3,45.8,45.6,44.5,36.5,39.9,35.1,39.5,35.3,35.2,45.3,43.8,44.3,38.9,41.1,36.7,39.6,44.3,39.3,41.5,38.1
7183,36.5,39.6,37.8,41.1,43.0,45.7,45.4,41.8,44.2,44.4,45.7,44.8,44.9,44.4,45.0,46.0,42.3,39.8,44.6,45.8,43.3,44.2,45.8,41.9,40.9,43.0,46.5,43.7,41.7,45.6,43.6,45.2,38.5,39.6,40.8,39.5,44.7,38.7,43.0,37.6,44.5,44.2,38.6,37.8,39.0,38.9,36.1,39.3,39.0,33.0,41.5,38.8,37.2,37.5,40.9,37.3,40.4,42.4,41.1,39.1,42.0,36.8,40.1,33.3,43.0,36.3,36.8,45.6,45.8,44.8,36.0,39.6,36.6,39.4,37.0,34.7,46.0,44.1,43.8,38.6,40.6,36.0,39.0,44.9,38.8,41.1,37.7
7184,42.7,43.9,44.1,43.2,45.3,47.6,47.9,44.8,47.1,47.2,49.1,47.4,48.6,46.6,47.7,48.6,45.9,44.4,48.4,49.4,46.5,47.0,48.7,44.1,42.9,45.8,48.3,46.2,45.0,48.5,46.2,48.3,40.8,41.9,42.6,42.1,49.8,43.1,45.0,43.8,47.6,50.3,40.6,42.4,43.7,44.8,40.8,45.7,49.8,36.9,46.7,42.8,43.5,42.3,42.0,40.7,42.7,44.5,41.7,42.5,44.3,37.1,43.9,41.0,44.8,40.4,41.0,47.3,49.5,48.7,43.1,41.7,42.4,43.7,44.8,39.4,50.0,47.1,46.6,40.8,42.8,37.7,41.1,47.4,40.6,43.7,40.5
7185,48.3,48.3,50.1,49.3,49.8,51.6,51.8,49.5,50.6,50.7,52.5,51.0,52.3,50.2,51.8,52.0,50.2,48.3,52.2,53.0,50.6,51.2,52.7,48.1,47.6,50.5,51.5,50.6,49.0,52.0,50.2,51.2,45.0,46.2,45.7,45.9,54.7,47.6,50.3,48.8,51.2,55.1,45.9,46.8,48.7,50.4,45.3,50.7,57.6,43.4,54.0,47.6,49.9,47.6,45.1,44.7,46.4,48.4,45.2,45.7,46.5,40.7,47.9,48.2,47.6,45.6,46.1,50.7,53.1,52.0,49.9,48.2,47.9,49.3,50.6,45.7,53.6,50.4,50.3,45.8,47.4,42.1,45.9,50.1,44.9,48.1,45.0
7186,53.7,52.1,54.1,54.7,54.1,55.3,55.6,53.9,53.8,53.8,55.5,54.6,55.4,53.3,55.4,55.0,54.2,51.2,55.4,56.0,54.3,54.3,56.1,52.0,52.4,54.8,54.9,54.5,52.6,55.3,54.3,54.1,49.2,50.4,49.1,49.6,58.6,51.4,55.2,52.9,54.7,58.4,51.1,50.6,53.7,54.8,50.8,54.9,63.0,49.6,59.2,52.4,55.5,52.0,48.4,48.5,50.1,51.7,48.5,48.5,49.0,45.0,51.3,53.9,50.9,49.5,50.4,53.8,56.2,55.0,55.7,54.7,53.3,53.2,55.2,50.9,56.7,53.4,53.6,50.8,52.1,47.2,49.3,52.3,48.9,52.2,49.1
7187,58.0,54.8,56.8,59.0,57.7,58.2,58.9,57.5,56.5,56.6,57.8,57.6,57.9,55.9,58.6,57.5,57.6,54.0,57.8,58.3,57.3,56.9,59.0,55.2,56.5,58.3,57.6,57.8,55.8,58.0,57.6,56.5,52.7,53.8,52.2,53.0,61.7,54.3,59.3,56.3,57.8,60.8,55.4,53.6,57.5,57.7,55.4,58.5,66.5,54.0,63.4,56.7,60.3,55.5,51.6,51.5,52.8,54.6,51.7,51.1,51.3,49.1,54.3,58.1,54.3,53.0,54.1,56.2,58.6,57.5,60.5,59.2,57.4,56.2,58.7,54.9,59.0,55.6,56.4,55.2,56.2,52.1,52.0,54.2,52.5,55.3,52.4
7188,61.2,56.9,58.7,62.2,60.4,60.8,61.4,60.2,58.3,58.7,59.7,59.7,59.8,57.9,61.0,59.3,59.8,56.2,59.7,60.0,59.7,58.8,61.3,57.8,59.9,60.9,59.7,60.2,58.2,59.9,59.9,58.6,55.4,56.3,54.7,55.5,64.1,56.4,62.4,58.9,60.6,62.2,59.0,56.3,60.4,59.6,58.7,61.2,69.2,57.4,66.4,60.4,63.9,57.9,53.5,53.8,54.8,56.8,54.2,53.2,53.5,52.3,56.4,60.6,57.6,55.6,57.2,58.4,60.6,59.5,63.6,62.3,60.1,58.5,61.4,57.9,60.6,57.3,58.6,58.3,59.2,56.0,54.1,55.6,55.0,57.6,54.8
7189,62.9,58.0,59.9,64.5,62.3,62.6,63.3,62.0,59.7,60.1,61.0,61.2,61.2,59.3,62.8,60.7,61.4,57.7,61.1,60.9,61.3,60.4,62.8,59.9,62.0,62.9,61.2,61.8,60.0,61.3,61.7,60.0,57.2,58.1,56.6,57.3,66.0,57.5,64.8,60.6,62.6,63.3,61.3,58.3,62.4,61.0,61.4,63.0,71.2,59.9,68.2,62.9,66.5,59.5,54.8,55.5,56.0,58.1,56.2,54.7,55.1,54.9,58.2,62.9,60.6,57.3,59.7,59.8,61.9,60.9,65.7,64.5,62.0,60.1,63.4,59.8,61.7,58.7,60.0,60.5,61.2,58.7,55.9,56.4,56.8,59.3,56.6
7190,63.9,58.4,60.5,66.1,63.7,63.7,64.5,63.2,60.4,60.9,61.7,62.1,62.0,60.2,63.9,61.5,62.3,58.7,61.6,61.5,62.4,61.1,64.0,61.0,63.4,64.2,62.0,62.8,61.0,62.1,62.8,60.7,58.3,59.2,57.7,58.2,67.0,57.7,66.1,61.6,64.3,63.7,63.0,59.7,63.8,61.8,62.9,63.8,72.3,61.3,69.3,64.4,68.2,60.0,55.5,56.2,56.8,58.9,57.9,55.5,56.1,56.9,59.0,64.1,62.8,58.1,61.5,60.7,62.7,61.7,66.8,66.0,63.1,61.4,64.6,60.9,62.2,59.1,60.8,62.1,62.7,60.5,57.1,56.7,58.0,60.2,57.5
7191,64.2,58.2,60.2,66.8,64.0,64.2,64.9,63.5,60.5,61.0,61.9,62.5,62.1,60.5,64.3,61.8,62.6,58.8,61.6,61.3,62.6,61.4,64.4,61.5,63.8,64.7,62.3,63.1,61.3,62.3,63.1,60.5,58.7,59.7,58.2,58.3,67.0,57.5,66.8,61.8,65.1,63.5,63.6,60.2,63.9,61.9,63.4,63.9,72.4,61.8,69.6,64.8,69.0,60.1,55.8,56.4,57.1,59.1,58.6,55.7,56.2,57.9,59.1,64.5,63.9,58.0,62.3,60.9,62.8,61.9,67.2,66.7,63.3,61.9,65.0,61.2,62.3,59.2,61.0,62.9,63.0,61.1,57.2,56.4,58.5,60.6,57.8
7192,62.8,56.5,58.2,66.7,63.5,63.9,64.4,63.0,59.6,60.3,61.1,62.2,61.3,60.1,63.5,61.2,62.0,57.3,60.6,60.2,61.9,60.6,63.7,61.1,63.4,64.1,61.7,62.5,60.7,61.6,62.6,59.8,58.2,59.1,57.7,58.0,65.8,55.8,66.4,60.9,65.0,61.6,63.4,59.6,62.8,60.3,62.9,62.7,71.0,61.5,69.2,63.9,68.5,58.2,55.3,55.3,56.5,58.4,58.5,54.4,55.1,58.3,58.1,63.5,64.0,56.8,61.9,60.5,62.0,61.1,66.6,66.7,62.0,61.7,63.9,60.5,61.3,58.2,60.4,62.9,62.7,61.0,56.6,55.3,58.1,59.8,57.3
7193,56.6,51.9,51.6,65.1,61.5,62.1,62.5,60.7,57.2,57.8,58.4,60.6,58.3,58.4,61.5,58.8,59.5,53.1,57.8,56.9,59.6,58.3,61.5,58.8,61.5,62.0,59.9,60.1,58.1,59.4,60.5,57.0,56.1,56.6,55.7,55.7,61.4,51.4,64.7,57.5,63.6,55.5,61.6,57.0,57.6,55.9,60.3,58.3,65.0,59.3,67.3,61.0,66.7,52.1,53.4,52.3,54.1,56.2,57.3,50.5,52.9,57.2,54.4,59.4,62.0,52.7,58.8,58.6,59.6,58.3,64.2,65.0,57.8,60.1,58.9,58.1,58.2,55.5,58.1,60.8,60.6,59.1,54.2,53.1,56.4,57.6,54.9
7194,50.9,47.9,46.9,59.9,57.1,58.3,58.3,55.6,54.7,54.8,55.4,57.6,54.7,55.4,57.3,56.0,54.4,49.8,54.5,53.8,55.5,55.0,56.7,54.5,55.6,56.5,57.6,55.9,53.4,55.6,56.4,53.5,50.9,51.9,52.4,51.0,55.9,47.4,59.6,52.8,60.5,50.5,55.9,51.6,53.2,51.4,55.9,53.3,59.9,53.0,62.1,57.7,60.9,47.8,50.7,49.6,50.6,52.4,54.3,47.8,50.8,53.0,50.8,53.3,58.0,48.7,52.7,56.3,55.8,55.0,57.9,59.2,51.7,54.5,53.2,52.1,54.5,52.7,54.3,54.8,54.8,54.1,47.3,51.6,52.1,54.1,50.0
7195,47.5,45.7,44.4,55.3,54.1,56.1,55.5,52.2,53.2,53.2,53.8,55.0,53.1,53.3,54.8,54.2,50.9,48.0,52.6,52.1,52.5,52.9,54.1,52.2,51.8,52.5,55.9,53.2,50.8,53.5,53.7,52.3,48.0,49.6,50.2,48.3,53.0,45.4,55.4,48.8,57.6,48.7,52.0,48.2,50.8,47.3,52.9,50.4,56.0,48.8,57.7,55.0,54.6,45.4,49.0,47.3,48.5,50.5,51.1,46.4,49.0,49.1,48.2,49.1,55.7,46.0,50.2,54.6,54.0,53.1,53.8,53.4,49.0,50.7,50.2,48.8,52.4,51.1,52.3,50.2,51.9,50.2,44.6,50.3,49.2,51.8,46.7
7196,45.2,44.1,42.6,52.3,52.0,54.2,53.6,50.2,52.0,52.0,52.5,53.3,51.8,52.0,53.2,53.0,49.2,46.7,51.2,51.0,50.8,51.3,52.8,50.9,49.8,50.7,54.3,51.6,49.2,52.3,51.6,51.3,46.4,47.8,48.9,46.8,50.9,43.7,52.8,46.7,55.6,47.4,49.4,46.5,48.8,44.9,49.7,47.9,52.0,46.2,54.9,52.6,51.6,43.7,47.8,45.3,47.0,49.2,48.6,45.2,48.1,46.9,46.3,46.3,53.1,44.3,48.2,53.3,52.8,51.8,51.4,50.7,46.4,48.6,47.5,46.8,51.1,50.2,51.0,47.8,50.1,47.6,44.0,49.3,47.3,50.0,44.9
7197,43.3,43.3,41.2,50.2,50.5,52.8,52.4,48.8,51.0,50.9,51.4,51.9,51.0,50.9,52.0,52.0,48.2,45.5,50.2,49.9,49.9,50.0,51.8,49.8,48.2,49.6,53.1,50.3,48.1,51.3,50.5,50.7,45.2,46.2,47.6,45.8,49.5,42.7,51.2,44.6,53.9,46.4,47.7,45.9,46.6,43.9,46.9,46.1,49.4,44.3,52.3,50.2,49.8,42.5,46.9,43.7,45.9,48.2,47.4,44.4,47.3,45.6,45.2,43.4,51.3,43.0,46.6,52.1,51.8,50.8,49.7,48.6,44.8,47.1,45.1,44.7,50.2,49.2,49.9,46.1,48.6,45.5,43.6,48.5,45.8,48.5,43.6
7198,41.9,42.1,40.2,48.6,49.3,51.8,51.2,47.7,50.2,50.1,50.6,50.8,50.1,50.1,50.8,51.1,47.5,44.4,49.4,49.0,49.0,49.2,50.8,48.8,47.3,48.5,52.0,49.2,47.1,50.5,49.4,49.8,44.2,45.2,46.7,45.0,48.3,41.5,50.0,43.4,52.7,45.7,46.3,45.1,45.0,43.2,44.9,44.3,47.3,42.9,50.3,48.2,48.2,41.1,46.2,42.5,45.2,47.2,46.5,43.5,46.4,44.2,44.2,41.7,50.0,41.7,44.6,51.2,50.9,49.9,48.4,47.1,43.0,45.5,43.7,43.3,49.2,48.5,49.1,45.0,47.4,43.9,43.2,47.6,44.6,47.2,42.8
7199,40.3,41.3,39.2,47.0,48.2,50.8,50.1,46.5,49.3,49.5,49.6,49.9,49.4,49.3,49.9,50.4,46.4,43.5,48.4,48.3,48.0,48.5,49.8,47.9,46.5,47.5,51.3,48.3,46.5,49.6,48.5,49.1,43.3,44.4,45.7,44.2,47.5,40.8,48.9,42.3,51.4,44.8,45.0,43.8,43.4,42.1,43.3,42.8,45.0,41.2,48.5,46.2,46.9,40.1,45.4,41.5,44.5,46.3,45.6,42.6,45.7,42.9,43.3,39.9,48.5,40.7,43.6,50.1,50.0,49.0,46.7,45.5,41.4,44.5,42.2,41.9,48.7,47.8,48.4,43.8,46.2,42.3,42.6,46.9,43.6,46.4,41.8
7200,39.0,40.6,38.4,46.0,47.5,49.9,49.0,45.7,48.4,48.7,48.8,49.0,48.3,48.5,49.1,49.7,45.9,42.6,47.7,47.7,47.3,47.7,48.8,46.8,45.5,46.8,50.5,47.4,45.6,48.8,47.6,48.5,42.4,43.5,44.9,43.2,46.8,40.0,47.8,41.2,50.0,44.3,44.0,43.1,42.2,41.5,41.5,41.6,43.7,39.6,47.5,44.4,45.0,39.3,44.8,40.7,43.8,45.4,44.7,41.8,45.0,41.8,42.2,38.2,47.5,39.6,42.3,49.4,49.3,48.4,45.2,44.1,40.1,43.4,40.7,40.5,48.1,47.2,47.6,42.9,45.4,41.1,42.0,46.2,42.9,45.4,41.2
7201,37.8,40.2,37.7,44.9,46.5,49.0,48.4,45.2,47.7,48.0,47.9,48.3,47.4,47.8,48.4,49.0,45.2,41.9,47.2,47.2,46.4,46.9,48.2,45.8,44.5,45.8,49.7,46.6,45.1,48.0,46.9,47.8,41.6,42.7,43.9,42.4,46.2,39.6,46.9,40.6,49.1,43.7,42.9,42.3,40.9,40.6,40.3,40.7,42.5,38.2,46.1,42.9,43.3,38.5,44.1,39.8,43.2,44.5,44.0,41.3,44.3,40.9,41.7,36.7,46.5,38.8,41.4,48.7,48.4,47.6,43.3,43.1,39.0,42.4,39.7,39.2,47.5,46.4,46.8,41.9,44.4,40.0,41.6,45.6,42.0,44.6,40.3
7202,36.8,39.9,37.1,44.0,45.7,48.1,47.5,44.3,47.0,47.2,47.3,47.5,46.7,47.2,47.6,48.3,44.5,41.1,46.6,46.7,45.8,46.2,47.7,45.0,43.7,45.2,49.1,46.0,44.5,47.3,46.2,47.1,41.0,42.1,43.0,41.6,45.4,39.1,46.0,39.7,47.9,43.1,42.0,41.1,39.9,39.8,39.0,39.9,41.1,37.2,45.0,41.6,41.9,37.7,43.4,39.1,42.8,43.8,43.2,40.5,43.6,39.9,41.0,35.6,45.7,37.9,40.1,48.0,47.7,46.9,42.0,42.2,38.0,41.5,38.5,38.1,47.0,45.8,46.3,41.0,43.4,38.7,41.2,45.1,41.3,43.9,39.6
7203,35.8,39.3,36.8,43.1,45.1,47.6,46.9,43.6,46.3,46.6,46.7,46.7,46.1,46.5,46.9,47.6,44.1,40.5,45.9,46.1,45.3,45.7,47.2,44.2,43.1,44.4,48.2,45.5,43.9,46.8,45.6,46.5,40.1,41.4,42.5,40.8,44.7,38.8,45.4,38.8,46.7,42.6,41.0,40.3,39.1,39.4,37.9,39.1,40.1,36.3,44.1,40.6,40.6,37.1,42.8,38.5,42.1,43.3,42.7,40.2,43.1,39.0,40.4,34.4,44.8,37.5,39.2,47.4,46.9,46.3,40.2,41.5,37.0,40.5,37.6,37.1,46.6,45.1,45.8,40.3,42.7,38.1,40.8,44.7,40.5,43.1,39.0
7204,35.4,39.2,36.4,42.1,44.5,46.8,46.3,43.0,45.7,46.0,45.9,46.2,45.6,46.0,46.1,47.0,43.4,40.1,45.4,45.7,44.6,45.3,46.6,43.5,42.5,44.1,47.8,44.8,43.1,46.4,44.9,46.1,39.6,41.0,41.9,40.4,44.1,38.6,44.6,37.9,46.0,42.4,40.0,39.5,38.4,38.8,37.1,38.4,39.1,35.3,43.3,39.6,39.3,36.6,42.1,37.7,41.5,42.7,41.9,39.4,42.7,38.1,40.0,33.7,44.3,36.8,38.4,46.7,46.4,45.6,39.0,41.0,36.2,40.0,36.7,36.2,46.1,44.6,45.3,39.7,42.0,37.5,40.2,44.3,40.0,42.4,38.6
7205,34.7,38.6,36.2,41.6,43.8,46.3,45.9,42.5,45.1,45.4,45.6,45.6,45.2,45.4,45.5,46.5,43.2,39.8,44.8,45.2,44.0,44.7,46.1,42.7,41.6,43.7,47.2,44.3,42.4,46.1,44.3,45.7,39.2,40.4,41.3,39.9,43.7,38.1,44.0,37.3,45.1,42.1,39.3,38.7,37.9,38.2,36.5,37.7,38.0,34.4,42.5,38.9,38.2,36.2,41.6,37.3,41.0,42.4,41.5,39.1,42.1,37.5,39.9,32.7,43.6,36.6,37.7,46.2,46.1,45.3,37.5,40.3,35.6,39.4,35.7,35.4,45.6,44.2,44.7,39.4,41.3,36.9,39.6,44.0,39.6,41.9,38.2
7206,34.0,38.5,36.0,41.2,43.3,45.8,45.4,42.2,44.6,44.8,45.4,45.1,44.5,44.9,45.1,46.0,42.4,39.5,44.5,44.9,43.7,44.2,45.9,42.0,40.9,43.0,46.7,43.9,42.1,45.7,43.8,45.2,38.6,39.8,41.1,39.4,43.2,37.6,43.5,36.7,44.5,41.7,38.5,38.0,37.3,37.5,35.6,36.8,37.3,33.5,41.7,38.4,37.2,35.9,41.0,37.1,40.6,42.1,41.2,38.9,41.6,37.0,39.7,31.8,43.0,36.0,37.0,45.7,45.6,44.6,36.5,39.8,34.9,39.0,34.9,34.8,45.4,43.7,44.2,38.7,40.8,36.4,39.2,43.6,39.0,41.4,38.0
7207,35.9,39.1,37.4,40.7,42.8,45.5,45.2,41.6,44.3,44.4,45.6,44.9,44.8,44.3,44.8,45.9,42.3,39.5,44.5,45.6,43.2,44.0,45.7,41.7,40.5,42.7,46.3,43.4,41.7,45.6,43.6,45.2,38.2,39.5,40.6,39.3,44.3,38.4,42.7,37.1,44.2,43.7,38.2,37.5,38.5,38.4,35.7,38.8,38.3,32.7,41.2,38.4,36.8,37.0,40.5,37.1,40.0,41.9,40.8,38.8,41.7,36.4,39.8,32.9,42.8,36.0,36.5,45.5,45.8,44.9,35.9,39.3,36.1,38.8,36.5,34.4,46.0,43.9,43.6,38.4,40.2,35.7,38.6,44.1,38.4,40.9,37.6
7208,42.2,43.3,43.7,42.6,45.0,47.4,47.6,44.5,47.1,47.0,48.9,47.4,48.4,46.4,47.3,48.3,45.6,43.9,48.2,49.2,46.1,46.8,48.5,43.8,42.4,45.4,48.1,45.8,44.8,48.4,46.0,48.2,40.4,41.7,42.3,41.8,49.3,42.6,44.6,43.3,47.1,49.8,40.0,41.9,43.1,44.2,40.4,45.1,49.1,36.4,46.2,42.3,43.1,41.8,41.5,40.4,42.1,44.0,41.4,42.1,44.0,36.6,43.5,40.4,44.5,40.0,40.5,47.1,49.4,48.5,42.7,41.3,41.9,43.1,44.2,38.9,49.8,46.8,46.3,40.4,42.3,37.3,40.7,46.6,40.1,43.5,40.3
7209,47.8,47.7,49.8,48.7,49.4,51.2,51.4,49.1,50.4,50.4,52.3,50.8,52.0,49.9,51.4,51.7,49.9,47.9,51.9,52.7,50.3,50.9,52.4,47.8,47.1,50.0,51.2,50.1,48.7,51.8,49.9,51.0,44.6,45.8,45.4,45.6,54.2,47.1,49.8,48.3,50.8,54.6,45.3,46.4,48.1,49.9,44.8,50.1,57.0,42.9,53.6,47.1,49.3,47.1,44.6,44.3,45.8,47.8,44.8,45.3,46.2,40.2,47.6,47.5,47.2,45.1,45.7,50.4,52.9,51.8,49.4,47.8,47.3,48.7,50.0,45.2,53.3,50.1,50.0,45.4,46.9,41.7,45.5,49.4,44.4,47.8,44.8
7210,53.2,51.5,53.7,54.1,53.6,54.8,55.2,53.5,53.6,53.4,55.2,54.2,55.1,53.0,55.0,54.7,53.8,50.9,55.1,55.7,53.9,54.0,55.8,51.6,51.9,54.3,54.5,54.1,52.2,54.9,53.9,53.7,48.8,50.1,48.8,49.4,58.1,51.0,54.6,52.4,54.3,57.8,50.6,50.2,53.0,54.2,50.2,54.3,62.5,49.0,58.8,51.8,55.0,51.5,47.9,48.0,49.5,51.2,48.1,48.1,48.7,44.4,50.9,53.3,50.6,49.1,50.0,53.5,56.0,54.7,55.2,54.2,52.7,52.7,54.5,50.3,56.4,53.0,53.3,50.4,51.6,46.7,48.9,51.7,48.6,51.9,48.8
7211,57.4,54.4,56.5,58.4,57.2,57.7,58.4,57.0,56.2,56.1,57.5,57.1,57.6,55.5,58.1,57.1,57.1,53.7,57.5,58.0,56.8,56.5,58.7,54.8,56.0,57.7,57.1,57.3,55.3,57.5,57.2,56.2,52.4,53.4,51.9,52.7,61.3,53.8,58.8,55.8,57.3,60.3,54.9,53.2,56.9,57.2,54.8,58.0,66.1,53.4,63.0,56.0,59.9,55.0,51.0,51.0,52.3,54.0,51.2,50.7,50.9,48.4,53.9,57.5,53.9,52.6,53.7,55.7,58.3,57.2,60.1,58.6,56.7,55.7,58.1,54.4,58.7,55.3,56.0,54.9,55.7,51.6,51.6,53.5,52.1,54.9,52.1
7212,60.7,56.5,58.5,61.7,59.9,60.2,60.9,59.7,58.0,58.2,59.3,59.2,59.4,57.4,60.6,58.9,59.3,55.9,59.3,59.7,59.2,58.3,60.9,57.5,59.3,60.4,59.2,59.6,57.8,59.4,59.4,58.2,55.1,56.0,54.4,55.3,63.6,56.0,61.9,58.4,60.1,61.7,58.4,55.9,59.8,59.0,58.1,60.8,68.8,56.7,66.1,59.8,63.6,57.4,53.1,53.4,54.3,56.2,53.8,52.8,53.1,51.7,56.0,60.1,57.2,55.3,56.9,57.9,60.3,59.1,63.2,61.8,59.6,58.0,60.8,57.4,60.3,56.9,58.1,58.0,58.7,55.6,53.7,54.9,54.7,57.3,54.5
7213,62.6,57.7,59.7,64.0,61.9,62.0,62.8,61.5,59.2,59.6,60.5,60.7,60.7,58.8,62.3,60.3,60.9,57.4,60.6,60.7,60.8,59.9,62.4,59.5,61.4,62.4,60.6,61.2,59.5,60.9,61.2,59.5,56.8,57.8,56.3,57.1,65.6,57.3,64.3,60.2,62.1,62.8,60.8,57.8,62.0,60.6,60.8,62.5,70.7,59.3,67.9,62.4,66.1,59.1,54.3,55.1,55.6,57.6,55.7,54.3,54.7,54.3,57.9,62.3,60.1,57.0,59.3,59.3,61.5,60.4,65.3,64.0,61.5,59.7,62.9,59.4,61.4,58.2,59.5,60.1,60.7,58.4,55.5,55.7,56.5,58.9,56.3
7214,63.4,58.2,60.3,65.6,63.2,63.1,64.0,62.7,60.0,60.4,61.3,61.6,61.5,59.6,63.4,61.1,61.7,58.4,61.1,61.2,61.8,60.6,63.5,60.6,62.8,63.6,61.5,62.3,60.5,61.7,62.3,60.1,58.0,58.9,57.4,57.9,66.6,57.4,65.6,61.2,63.8,63.2,62.4,59.3,63.3,61.3,62.4,63.4,71.8,60.8,69.1,63.9,67.8,59.6,55.2,55.8,56.4,58.4,57.3,55.1,55.7,56.3,58.6,63.5,62.3,57.9,61.1,60.2,62.3,61.3,66.5,65.4,62.6,61.0,64.1,60.5,61.8,58.7,60.3,61.7,62.2,60.2,56.6,55.9,57.7,59.8,57.3
7215,63.8,57.9,59.9,66.4,63.6,63.7,64.4,63.0,60.0,60.5,61.4,62.1,61.7,59.9,63.7,61.4,62.1,58.5,61.1,61.0,62.1,60.9,63.8,61.1,63.1,64.1,61.8,62.6,60.8,61.8,62.6,60.0,58.4,59.4,57.9,58.0,66.7,57.4,66.3,61.4,64.8,63.0,63.0,59.7,63.5,61.4,62.9,63.5,71.9,61.4,69.4,64.3,68.6,59.7,55.5,56.0,56.7,58.7,58.1,55.3,55.8,57.4,58.8,63.9,63.4,57.7,61.9,60.4,62.3,61.5,66.8,66.3,62.7,61.6,64.5,60.8,61.8,58.8,60.4,62.4,62.5,60.6,56.8,55.6,58.1,60.2,57.6
7216,62.5,56.3,57.9,66.2,63.0,63.3,63.9,62.5,59.2,59.8,60.6,61.7,60.8,59.5,63.0,60.7,61.4,57.0,60.1,59.8,61.4,60.1,63.1,60.7,62.8,63.5,61.2,61.9,60.2,61.2,62.1,59.2,57.9,58.7,57.4,57.7,65.3,55.5,66.0,60.5,64.8,61.1,63.0,59.1,62.4,59.9,62.5,62.3,70.5,61.0,68.8,63.5,68.2,57.8,54.9,54.9,56.1,58.0,58.0,54.0,54.7,57.7,57.8,63.0,63.5,56.4,61.5,60.0,61.5,60.6,66.2,66.1,61.5,61.4,63.4,60.1,60.9,57.8,59.8,62.4,62.1,60.5,56.1,54.5,57.8,59.4,57.1
7217,56.2,51.5,51.3,64.6,60.9,61.5,61.9,60.1,56.8,57.3,57.9,60.1,57.8,57.8,60.9,58.3,59.0,52.8,57.3,56.5,59.2,57.8,60.9,58.3,60.9,61.3,59.4,59.5,57.5,58.9,60.0,56.5,55.7,56.2,55.4,55.4,60.9,51.1,64.3,57.1,63.4,54.9,61.2,56.5,57.1,55.4,59.9,57.8,64.5,58.8,67.0,60.5,66.4,51.7,53.0,51.8,53.6,55.8,56.7,50.0,52.6,56.6,54.0,58.7,61.5,52.4,58.3,58.1,59.1,57.8,63.8,64.5,57.3,59.7,58.3,57.7,57.9,55.1,57.6,60.3,59.9,58.7,53.6,52.4,56.0,57.2,54.5
7218,50.5,47.6,46.6,59.3,56.5,57.6,57.7,55.0,54.4,54.3,55.0,57.1,54.3,54.9,56.6,55.6,53.9,49.5,54.1,53.5,55.0,54.6,56.1,54.0,55.0,55.9,57.2,55.3,53.1,55.2,55.9,53.1,50.5,51.5,52.2,50.7,55.6,47.2,59.2,52.5,60.2,50.1,55.4,51.1,52.9,51.0,55.5,52.8,59.4,52.5,61.8,57.2,60.4,47.5,50.3,49.2,50.2,52.0,53.7,47.3,50.5,52.5,50.5,52.7,57.6,48.3,52.3,55.9,55.5,54.6,57.4,58.6,51.2,54.1,52.6,51.6,54.2,52.3,53.9,54.3,54.2,53.7,46.8,50.9,51.7,53.7,49.5
7219,47.1,45.5,44.1,54.9,53.6,55.5,54.9,51.7,52.9,52.7,53.4,54.7,52.7,52.8,54.2,53.8,50.5,47.7,52.2,51.8,52.1,52.6,53.6,51.7,51.3,52.0,55.5,52.7,50.5,53.1,53.4,51.9,47.7,49.4,49.9,47.9,52.7,45.2,55.0,48.4,57.3,48.4,51.5,47.8,50.5,47.1,52.5,49.9,55.5,48.4,57.3,54.5,54.2,45.1,48.5,47.0,48.2,50.0,50.5,46.0,48.7,48.5,48.0,48.5,55.2,45.9,49.8,54.2,53.7,52.6,53.4,53.0,48.5,50.3,49.6,48.4,52.1,50.7,51.9,49.7,51.3,49.9,44.1,49.7,49.0,51.4,46.4
7220,44.6,43.9,42.3,51.9,51.5,53.6,53.0,49.8,51.7,51.5,52.1,53.0,51.5,51.6,52.7,52.6,48.9,46.4,50.9,50.7,50.5,51.0,52.3,50.6,49.2,50.2,53.9,51.1,48.9,52.0,51.3,51.0,46.1,47.4,48.5,46.5,50.7,43.5,52.5,46.3,55.2,47.1,48.9,46.2,48.4,44.7,49.4,47.4,51.4,45.7,54.6,52.1,51.3,43.4,47.4,45.0,46.6,48.7,48.1,45.0,47.8,46.4,46.1,45.6,52.7,44.2,47.9,52.9,52.5,51.4,51.1,50.3,46.1,48.2,46.8,46.2,50.8,49.9,50.6,47.3,49.6,47.2,43.5,48.7,47.0,49.6,44.6
7221,42.7,43.2,40.9,49.8,50.1,52.3,51.9,48.5,50.7,50.5,51.1,51.7,50.7,50.5,51.5,51.7,47.8,45.2,49.9,49.7,49.6,49.7,51.3,49.5,47.7,49.1,52.8,49.8,47.8,51.0,50.2,50.4,44.9,45.9,47.3,45.4,49.3,42.5,50.8,44.3,53.6,46.0,47.3,45.5,46.3,43.7,46.7,45.7,48.9,43.9,52.0,49.7,49.4,42.2,46.4,43.4,45.4,47.8,46.9,44.1,47.1,45.1,45.0,42.8,51.0,43.0,46.2,51.8,51.6,50.4,49.4,48.4,44.3,46.7,44.5,44.2,50.0,48.9,49.5,45.6,48.1,45.1,43.1,47.8,45.4,48.2,43.4
7222,41.3,42.0,40.0,48.2,48.8,51.3,50.7,47.3,49.9,49.7,50.3,50.6,49.8,49.7,50.4,50.8,47.1,44.1,49.2,48.8,48.7,48.9,50.3,48.5,46.8,48.1,51.8,48.8,46.8,50.2,49.2,49.6,43.9,44.8,46.4,44.6,48.0,41.3,49.6,43.1,52.4,45.3,45.9,44.7,44.7,43.0,44.6,43.9,46.8,42.5,50.1,47.7,47.9,40.7,45.7,42.2,44.7,46.8,46.0,43.3,46.1,43.7,44.0,41.0,49.7,41.8,44.2,50.9,50.6,49.6,48.2,46.7,42.6,45.1,43.1,42.8,49.0,48.3,48.6,44.5,46.9,43.6,42.9,47.0,44.3,46.9,42.6
7223,39.8,41.2,38.9,46.6,47.7,50.3,49.7,46.2,49.1,49.1,49.4,49.7,49.1,49.0,49.6,50.1,46.1,43.2,48.2,48.1,47.8,48.2,49.4,47.5,46.0,47.1,51.0,47.9,46.2,49.4,48.2,48.8,43.0,44.1,45.4,43.8,47.2,40.5,48.4,41.8,51.2,44.5,44.4,43.5,43.1,42.0,42.9,42.5,44.5,40.8,48.3,45.8,46.5,39.8,45.0,41.3,44.0,45.9,45.1,42.4,45.5,42.3,43.1,39.3,48.2,40.8,43.2,49.9,49.8,48.8,46.5,45.2,41.1,44.0,41.6,41.5,48.5,47.5,48.0,43.3,45.7,41.9,42.3,46.3,43.2,46.1,41.6
7224,38.6,40.5,38.1,45.6,47.0,49.5,48.6,45.3,48.2,48.4,48.6,48.7,48.0,48.2,48.8,49.4,45.6,42.4,47.4,47.4,47.0,47.5,48.5,46.4,45.0,46.4,50.2,47.1,45.3,48.6,47.5,48.3,42.2,43.3,44.6,42.9,46.5,39.8,47.3,40.9,49.8,43.9,43.4,42.8,42.0,41.3,41.2,41.2,43.2,39.2,47.2,44.0,44.7,39.0,44.3,40.4,43.3,45.1,44.3,41.6,44.8,41.2,42.0,37.6,47.2,39.6,42.0,49.2,49.1,48.2,45.0,43.9,39.8,42.9,40.2,40.0,47.9,46.9,47.2,42.5,44.9,40.7,41.7,45.6,42.6,45.1,41.0
7225,37.4,40.1,37.4,44.5,46.1,48.6,48.0,44.9,47.5,47.7,47.6,48.1,47.0,47.6,48.1,48.7,44.9,41.7,46.9,47.0,46.2,46.7,47.9,45.4,44.1,45.4,49.6,46.2,44.8,47.8,46.7,47.6,41.4,42.4,43.6,42.2,45.8,39.4,46.5,40.3,48.8,43.4,42.4,41.9,40.7,40.4,40.1,40.3,42.2,37.8,45.8,42.6,43.1,38.3,43.8,39.6,42.7,44.1,43.6,41.1,44.2,40.3,41.6,36.3,46.3,38.8,41.0,48.5,48.2,47.3,43.1,42.8,38.7,41.9,39.2,38.8,47.4,46.2,46.6,41.6,43.9,39.6,41.3,45.0,41.7,44.3,40.1
7226,36.4,39.8,36.8,43.6,45.3,47.7,47.2,43.9,46.8,46.9,46.9,47.4,46.3,47.1,47.3,48.1,44.3,41.0,46.4,46.4,45.6,46.0,47.5,44.7,43.3,44.8,49.0,45.7,44.3,47.1,46.0,46.9,40.7,41.9,42.8,41.4,45.1,39.0,45.7,39.4,47.7,42.8,41.5,40.7,39.7,39.7,38.6,39.5,40.7,36.9,44.7,41.3,41.6,37.4,43.0,39.0,42.4,43.4,43.0,40.4,43.5,39.3,40.9,35.1,45.5,37.9,39.9,47.9,47.6,46.6,41.7,41.8,37.6,41.1,38.1,37.7,46.9,45.6,46.1,40.7,43.0,38.4,41.0,44.5,41.0,43.7,39.5
7227,35.4,39.2,36.5,42.8,44.7,47.2,46.5,43.3,46.1,46.5,46.3,46.6,45.8,46.3,46.6,47.5,43.9,40.4,45.7,45.9,45.1,45.6,47.0,43.9,42.6,43.9,48.1,45.2,43.6,46.6,45.4,46.4,39.9,41.2,42.2,40.6,44.4,38.6,45.0,38.5,46.5,42.4,40.6,39.8,39.0,39.2,37.6,38.7,39.6,35.9,43.8,40.2,40.3,36.9,42.5,38.4,41.7,42.9,42.4,40.0,43.0,38.5,40.3,34.0,44.7,37.5,39.0,47.3,46.8,46.1,39.9,41.3,36.6,40.1,37.2,36.7,46.5,44.9,45.5,40.0,42.3,37.8,40.5,44.1,40.2,42.9,38.9
7228,35.0,39.0,36.3,41.8,44.2,46.5,45.9,42.6,45.6,45.8,45.6,46.0,45.4,45.8,45.8,46.8,43.2,40.0,45.2,45.5,44.4,45.1,46.4,43.2,42.1,43.6,47.7,44.6,42.9,46.3,44.7,45.9,39.4,40.8,41.7,40.2,43.8,38.3,44.4,37.6,45.7,42.2,39.6,39.1,38.1,38.7,36.7,38.1,38.6,35.0,42.9,39.3,39.1,36.3,41.7,37.6,41.1,42.4,41.6,39.3,42.5,37.7,39.9,33.2,44.2,36.8,38.2,46.5,46.4,45.4,38.7,40.7,35.9,39.6,36.3,35.9,45.9,44.4,45.1,39.5,41.6,37.1,40.0,43.7,39.8,42.2,38.4
7229,34.4,38.5,36.0,41.3,43.5,46.0,45.6,42.2,45.0,45.3,45.4,45.4,45.1,45.3,45.2,46.4,42.9,39.7,44.6,45.0,43.9,44.5,45.9,42.5,41.2,43.2,47.1,44.1,42.2,45.9,44.1,45.5,39.0,40.3,41.1,39.8,43.4,37.9,43.8,37.1,45.0,41.8,38.9,38.3,37.7,38.0,36.2,37.2,37.5,33.9,42.1,38.5,38.0,36.0,41.2,37.2,40.6,42.0,41.3,38.9,41.9,37.0,39.9,32.2,43.5,36.5,37.5,46.1,46.1,45.1,37.2,40.0,35.3,39.0,35.4,35.0,45.4,44.0,44.5,39.1,41.0,36.6,39.4,43.4,39.4,41.8,38.0
7230,33.6,38.3,35.9,40.9,43.0,45.5,45.0,42.0,44.5,44.7,45.2,45.0,44.4,44.7,44.8,45.9,42.2,39.4,44.4,44.8,43.5,44.1,45.7,41.8,40.5,42.7,46.5,43.6,41.9,45.6,43.7,45.1,38.5,39.7,40.9,39.3,42.9,37.4,43.2,36.5,44.3,41.5,38.1,37.7,37.0,37.4,35.3,36.4,36.8,33.0,41.4,38.1,37.0,35.7,40.6,37.0,40.2,41.8,41.0,38.7,41.5,36.6,39.7,31.4,42.9,36.0,36.8,45.6,45.6,44.5,36.2,39.5,34.5,38.6,34.6,34.5,45.2,43.6,44.0,38.5,40.4,36.1,39.0,43.1,38.8,41.3,37.8
7231,35.4,39.0,37.1,40.3,42.5,45.2,44.9,41.5,44.2,44.3,45.4,44.7,44.6,44.2,44.4,45.7,42.1,39.4,44.4,45.4,43.1,43.9,45.5,41.5,40.0,42.3,46.2,43.2,41.5,45.4,43.5,45.0,38.1,39.3,40.5,39.2,43.9,38.1,42.5,36.9,43.9,43.3,37.8,37.0,38.3,38.3,35.4,38.3,37.7,32.3,40.9,38.1,36.5,36.6,40.1,36.9,39.6,41.6,40.5,38.6,41.6,36.0,39.8,32.3,42.7,35.8,36.4,45.3,45.6,44.7,35.6,39.1,35.7,38.3,36.0,34.0,45.8,43.7,43.4,38.1,39.9,35.4,38.5,43.5,38.3,40.9,37.5
7232,41.9,43.1,43.4,42.2,44.7,47.0,47.2,44.2,46.9,46.8,48.6,47.1,48.2,46.2,47.0,48.1,45.3,43.7,47.9,48.9,45.9,46.5,48.2,43.6,42.0,45.0,47.9,45.4,44.6,48.1,45.7,48.0,40.1,41.5,42.1,41.5,49.1,42.3,44.3,43.0,46.8,49.7,39.6,41.4,42.8,44.2,39.9,44.7,48.6,35.8,45.7,41.9,42.8,41.5,41.0,40.1,41.7,43.5,41.1,41.7,43.8,36.2,43.3,39.8,44.3,39.7,40.3,46.9,49.1,48.2,42.3,40.9,41.7,42.6,43.7,38.5,49.4,46.6,46.0,40.0,41.9,37.0,40.4,46.1,39.9,43.4,40.0
7233,47.6,47.5,49.5,48.3,49.0,50.9,51.0,48.8,50.2,50.1,52.0,50.5,51.7,49.6,51.0,51.3,49.6,47.7,51.6,52.4,49.9,50.5,52.0,47.5,46.8,49.7,51.0,49.8,48.4,51.5,49.6,50.7,44.4,45.7,45.2,45.4,54.1,46.8,49.6,48.0,50.4,54.6,45.0,45.9,47.8,49.9,44.3,49.7,56.5,42.3,53.2,46.6,49.0,46.8,44.1,43.9,45.4,47.2,44.5,45.0,45.9,39.6,47.4,46.8,47.0,44.8,45.3,50.1,52.6,51.5,49.0,47.5,47.1,48.3,49.5,44.7,52.9,49.9,49.7,45.0,46.6,41.4,45.2,48.8,44.3,47.6,44.5
7234,53.0,51.4,53.5,53.8,53.4,54.5,54.8,53.2,53.2,53.2,54.8,53.9,54.8,52.6,54.7,54.3,53.5,50.7,54.7,55.4,53.6,53.6,55.4,51.4,51.7,53.9,54.3,53.7,52.0,54.6,53.7,53.4,48.7,49.9,48.5,49.0,58.0,50.7,54.5,52.1,53.9,57.8,50.5,49.7,52.8,54.3,49.7,53.9,62.1,48.5,58.5,51.3,54.7,51.2,47.5,47.6,49.0,50.6,47.8,47.8,48.4,43.9,50.7,52.7,50.2,48.8,49.6,53.1,55.6,54.5,54.8,54.0,52.5,52.3,54.1,49.8,56.0,52.7,53.0,50.2,51.4,46.5,48.6,51.2,48.4,51.7,48.5
7235,57.2,54.3,56.3,58.1,57.1,57.3,58.0,56.9,55.8,55.8,57.2,56.8,57.3,55.2,57.7,56.7,56.8,53.5,57.1,57.7,56.6,56.1,58.3,54.7,55.8,57.4,56.9,56.9,55.1,57.2,56.9,55.8,52.2,53.2,51.6,52.5,61.2,53.6,58.7,55.5,57.1,60.3,54.8,52.8,56.6,57.2,54.3,57.7,65.7,53.0,62.7,55.5,59.5,54.7,50.6,50.7,51.9,53.6,50.9,50.3,50.7,47.9,53.6,56.9,53.4,52.2,53.3,55.4,57.9,56.9,59.7,58.5,56.5,55.3,57.7,53.9,58.3,54.9,55.7,54.6,55.5,51.4,51.5,53.0,51.9,54.7,51.9
7236,60.3,56.5,58.2,61.5,59.8,59.9,60.5,59.5,57.5,57.9,59.0,58.8,59.1,57.1,60.2,58.5,59.1,55.6,58.8,59.4,59.0,57.9,60.4,57.4,59.1,60.2,58.9,59.3,57.6,59.0,59.2,57.7,54.9,55.8,54.2,55.0,63.6,55.8,61.8,58.2,59.9,61.8,58.3,55.4,59.5,59.1,57.7,60.4,68.4,56.3,65.8,59.4,63.1,57.2,52.7,53.0,53.9,55.8,53.5,52.3,52.8,51.2,55.8,59.6,56.7,54.8,56.4,57.6,59.7,58.8,62.9,61.8,59.4,57.6,60.4,57.0,59.9,56.5,57.8,57.8,58.6,55.4,53.5,54.4,54.4,57.0,54.3
7237,62.3,57.6,59.4,64.0,61.8,61.7,62.4,61.4,58.8,59.3,60.1,60.2,60.3,58.5,61.9,59.9,60.7,57.1,60.2,60.4,60.6,59.5,62.1,59.4,61.2,62.2,60.4,61.0,59.3,60.5,61.0,59.0,56.6,57.6,56.1,56.8,65.5,57.0,64.3,60.0,61.9,62.9,60.7,57.3,61.7,60.6,60.4,62.2,70.4,59.0,67.6,62.0,65.7,58.8,54.0,54.6,55.2,57.2,55.3,53.8,54.4,53.8,57.6,61.9,59.5,56.6,58.9,59.0,61.0,60.1,65.0,64.0,61.3,59.3,62.5,59.0,60.9,57.9,59.2,60.0,60.6,58.2,55.3,55.2,56.4,58.7,56.0
7238,63.2,58.2,60.0,65.6,63.1,62.8,63.6,62.6,59.5,60.2,60.8,61.2,61.1,59.4,63.1,60.6,61.5,58.1,60.6,60.8,61.7,60.2,63.2,60.5,62.6,63.3,61.3,62.0,60.3,61.2,62.1,59.7,57.9,58.8,57.2,57.7,66.4,57.3,65.6,61.0,63.6,63.3,62.2,58.8,63.0,61.3,62.0,63.1,71.5,60.4,68.8,63.6,67.4,59.4,54.8,55.3,56.1,58.0,57.0,54.6,55.4,55.8,58.3,63.1,61.8,57.4,60.6,59.9,61.7,60.8,66.2,65.4,62.3,60.6,63.7,60.1,61.4,58.3,60.0,61.6,62.1,60.0,56.5,55.5,57.6,59.6,57.0
7239,63.5,57.9,59.7,66.3,63.4,63.4,64.1,62.9,59.6,60.2,60.9,61.6,61.2,59.6,63.4,60.9,61.8,58.1,60.6,60.7,61.9,60.4,63.4,61.1,63.0,63.9,61.5,62.3,60.7,61.2,62.4,59.5,58.3,59.2,57.7,57.8,66.5,57.1,66.2,61.3,64.6,62.8,62.9,59.2,63.1,61.4,62.6,63.2,71.6,61.1,69.1,64.0,68.3,59.4,55.1,55.5,56.3,58.3,57.8,54.7,55.5,56.9,58.4,63.5,62.9,57.2,61.4,60.0,61.8,61.0,66.5,66.1,62.4,61.2,64.1,60.5,61.3,58.3,60.1,62.2,62.4,60.4,56.6,55.2,58.0,60.1,57.3
7240,62.2,56.2,57.6,66.1,62.8,63.0,63.6,62.4,58.7,59.5,60.1,61.2,60.3,59.2,62.7,60.2,61.2,56.5,59.7,59.4,61.2,59.7,62.7,60.6,62.6,63.3,60.9,61.6,59.9,60.6,61.9,58.7,57.7,58.5,57.2,57.5,65.2,55.3,66.0,60.4,64.6,60.9,62.8,58.6,62.1,59.7,62.1,62.0,70.1,60.6,68.6,63.2,67.8,57.5,54.5,54.3,55.7,57.6,57.7,53.4,54.3,57.3,57.3,62.6,62.9,55.9,60.9,59.6,61.0,60.1,65.9,66.0,61.2,61.0,63.0,59.8,60.3,57.3,59.5,62.3,62.0,60.3,56.0,54.0,57.6,59.3,56.8
7241,55.8,51.4,50.9,64.3,60.5,61.2,61.6,59.9,56.3,57.0,57.4,59.6,57.3,57.5,60.6,57.9,58.7,52.3,56.8,56.1,59.0,57.3,60.4,58.1,60.6,61.0,59.2,59.3,57.3,58.2,59.8,56.0,55.4,55.9,55.1,55.0,60.7,50.8,64.2,56.9,63.1,54.6,61.0,56.1,56.8,55.1,59.4,57.3,64.1,58.4,66.7,60.1,66.0,51.4,52.5,51.2,53.2,55.3,56.3,49.5,52.3,56.1,53.5,58.1,60.9,51.9,57.7,57.7,58.5,57.3,63.6,64.3,56.9,59.2,57.7,57.4,57.4,54.6,57.2,60.1,59.7,58.4,53.4,51.9,55.7,57.0,54.1
7242,50.1,47.5,46.2,59.0,56.0,57.3,57.3,54.6,54.0,54.1,54.5,56.7,54.0,54.6,56.3,55.1,53.7,49.2,53.7,53.2,54.8,54.2,55.7,53.7,54.5,55.3,56.9,55.1,52.9,54.7,55.7,52.7,50.2,51.3,51.9,50.4,55.3,47.0,58.9,52.3,59.9,49.8,55.0,50.6,52.6,50.6,55.1,52.4,59.0,51.9,61.5,56.9,59.9,47.2,49.9,48.7,49.8,51.5,53.3,46.9,50.3,51.9,50.1,52.1,57.2,48.0,51.9,55.5,55.0,54.2,57.1,58.3,50.9,53.5,52.2,51.2,53.9,52.0,53.5,54.0,53.9,53.4,46.6,50.5,51.4,53.5,49.2
7243,46.7,45.3,43.8,54.6,53.1,55.0,54.4,51.3,52.5,52.5,53.1,54.3,52.5,52.6,53.8,53.5,50.2,47.5,51.9,51.5,51.9,52.2,53.2,51.4,50.9,51.4,55.2,52.3,50.2,52.7,53.1,51.5,47.4,49.0,49.6,47.6,52.6,45.0,54.7,48.3,57.0,48.0,51.2,47.3,50.2,46.8,52.1,49.5,55.1,47.9,57.0,54.2,53.7,44.8,48.1,46.6,47.8,49.6,50.1,45.7,48.6,48.1,47.6,47.9,54.8,45.6,49.5,53.8,53.4,52.4,53.2,52.6,48.0,49.7,49.2,48.0,51.8,50.5,51.6,49.4,51.0,49.5,44.2,49.3,48.6,51.2,46.1
7244,44.3,43.8,42.0,51.6,51.1,53.1,52.5,49.4,51.4,51.3,51.8,52.7,51.3,51.4,52.2,52.3,48.5,46.2,50.6,50.4,50.2,50.7,51.9,50.2,48.8,49.6,53.6,50.7,48.6,51.6,51.0,50.7,45.8,47.1,48.2,46.3,50.6,43.3,52.2,46.0,55.0,46.8,48.6,45.7,48.2,44.4,49.1,47.0,51.0,45.4,54.3,51.8,50.9,43.1,47.0,44.6,46.2,48.3,47.8,44.7,47.6,46.0,45.8,45.1,52.4,44.0,47.6,52.6,52.2,51.2,50.8,50.0,45.7,47.6,46.4,45.8,50.6,49.7,50.4,47.0,49.2,46.9,43.6,48.4,46.6,49.4,44.3
7245,42.3,43.1,40.7,49.3,49.5,51.8,51.4,48.0,50.4,50.3,50.8,51.4,50.4,50.3,51.0,51.4,47.5,44.9,49.6,49.4,49.2,49.4,51.0,49.1,47.3,48.6,52.6,49.4,47.5,50.6,49.8,50.1,44.5,45.5,47.0,45.0,49.1,42.3,50.5,43.9,53.4,45.7,46.9,45.2,46.0,43.4,46.1,45.3,48.5,43.5,51.7,49.4,49.0,41.9,46.1,43.1,45.1,47.5,46.7,43.7,46.9,44.8,44.7,42.4,50.8,42.8,45.9,51.5,51.2,50.2,49.2,48.0,44.1,46.1,44.1,43.9,49.7,48.8,49.2,45.3,47.7,44.8,43.1,47.4,45.1,47.9,43.1
7246,40.9,41.9,39.6,47.8,48.3,50.8,50.2,46.9,49.7,49.4,50.1,50.3,49.6,49.5,49.9,50.6,46.8,43.8,48.9,48.6,48.3,48.5,49.9,48.1,46.3,47.6,51.6,48.4,46.4,49.8,48.8,49.3,43.4,44.4,46.0,44.2,47.8,41.1,49.3,42.7,52.1,45.0,45.5,44.4,44.4,42.6,44.2,43.5,46.4,42.0,49.6,47.4,47.5,40.5,45.5,41.9,44.5,46.4,45.9,43.0,46.1,43.4,43.7,40.7,49.6,41.7,44.1,50.6,50.2,49.4,47.9,46.3,42.3,44.5,42.8,42.5,48.8,48.1,48.3,44.1,46.5,43.2,42.8,46.6,43.9,46.6,42.2
7247,39.3,41.0,38.6,46.2,47.2,49.8,49.1,45.7,48.8,48.7,49.2,49.4,48.9,48.7,49.0,49.8,45.8,43.0,48.0,47.9,47.3,47.9,49.0,47.3,45.5,46.6,50.8,47.4,45.7,49.1,47.8,48.5,42.6,43.6,45.0,43.4,47.0,40.4,48.1,41.5,50.9,44.2,44.1,43.1,42.7,41.5,42.5,42.1,44.2,40.3,48.0,45.6,46.1,39.5,44.8,41.0,43.8,45.6,45.0,42.1,45.4,42.0,42.8,39.1,48.1,40.7,43.0,49.7,49.4,48.7,46.2,44.8,40.8,43.5,41.4,41.2,48.4,47.4,47.7,43.0,45.3,41.6,42.2,45.9,42.9,45.8,41.2
7248,38.2,40.4,37.8,45.1,46.4,48.9,48.0,44.8,47.9,48.1,48.4,48.5,47.8,47.9,48.2,49.2,45.1,42.2,47.2,47.2,46.5,47.3,48.1,45.9,44.5,45.8,49.9,46.6,44.9,48.3,47.0,48.0,41.8,42.8,44.2,42.4,46.3,39.6,47.0,40.6,49.4,43.6,43.1,42.4,41.7,40.9,40.8,40.8,42.8,38.8,46.8,43.8,44.3,38.8,44.1,40.2,43.1,44.8,44.2,41.4,44.7,41.0,41.9,37.4,47.1,39.6,41.9,49.0,48.7,48.1,44.7,43.4,39.4,42.3,40.0,39.6,47.7,46.8,46.8,42.1,44.4,40.4,41.7,45.3,42.2,44.7,40.6
7249,37.0,40.0,37.1,44.0,45.5,48.0,47.3,44.4,47.2,47.3,47.5,47.9,46.8,47.2,47.5,48.4,44.4,41.5,46.8,46.8,45.6,46.4,47.4,45.1,43.5,44.9,49.2,45.7,44.4,47.5,46.2,47.4,41.0,41.9,43.2,41.7,45.5,39.3,46.3,40.0,48.5,43.0,42.0,41.6,40.5,40.1,39.7,39.8,41.8,37.4,45.4,42.4,42.6,38.0,43.5,39.4,42.5,43.9,43.5,40.9,44.1,40.1,41.4,36.1,46.1,38.7,40.9,48.1,47.9,47.2,42.8,42.4,38.3,41.4,39.0,38.4,47.2,46.0,46.1,41.2,43.5,39.2,41.3,44.7,41.4,43.9,39.7
7250,35.8,39.7,36.5,43.2,44.7,47.1,46.5,43.4,46.5,46.5,46.8,47.2,46.2,46.6,46.7,47.8,43.8,40.9,46.2,46.2,45.0,45.8,47.0,44.3,42.8,44.2,48.5,45.1,43.8,46.8,45.5,46.6,40.3,41.4,42.4,40.9,44.7,38.8,45.4,39.1,47.3,42.5,41.1,40.4,39.4,39.3,38.3,39.1,40.5,36.4,44.4,41.1,41.2,37.1,42.8,38.8,42.2,43.2,42.9,40.3,43.5,39.1,40.8,34.8,45.4,37.8,39.8,47.5,47.3,46.6,41.5,41.5,37.3,40.7,38.0,37.4,46.8,45.5,45.5,40.2,42.5,38.1,40.9,44.3,40.7,43.2,39.1
7251,34.9,39.2,36.2,42.4,44.1,46.6,45.9,42.7,45.9,46.0,46.2,46.4,45.7,45.8,46.0,47.1,43.3,40.2,45.5,45.7,44.5,45.2,46.5,43.5,42.1,43.4,47.7,44.6,43.1,46.3,44.9,46.1,39.6,40.8,41.8,40.1,44.0,38.4,44.6,38.2,46.2,42.2,40.1,39.6,38.8,38.8,37.3,38.3,39.4,35.5,43.6,40.0,39.9,36.6,42.3,38.2,41.6,42.7,42.4,39.9,42.9,38.4,40.3,33.8,44.6,37.4,39.0,46.8,46.7,46.0,39.6,40.8,36.2,39.6,37.1,36.2,46.4,44.8,45.0,39.5,41.9,37.5,40.5,43.9,39.9,42.4,38.6
7252,34.6,39.1,36.0,41.4,43.6,45.9,45.3,42.1,45.3,45.4,45.5,45.8,45.2,45.3,45.2,46.4,42.6,40.0,45.1,45.3,43.8,44.7,45.9,42.8,41.5,43.0,47.2,43.9,42.3,45.9,44.2,45.6,39.1,40.4,41.3,39.7,43.5,38.2,44.0,37.3,45.5,41.9,39.1,38.8,37.8,38.3,36.4,37.7,38.4,34.6,42.6,39.1,38.7,36.0,41.5,37.4,40.9,42.1,41.5,39.1,42.6,37.6,39.8,32.9,44.1,36.8,38.2,46.1,46.2,45.3,38.4,40.3,35.4,39.2,36.2,35.5,45.8,44.2,44.5,39.0,41.1,36.8,39.9,43.5,39.4,41.7,38.1
7253,34.0,38.6,35.7,40.8,43.0,45.4,44.9,41.7,44.7,44.7,45.2,45.2,44.9,44.8,44.6,46.0,42.3,39.6,44.4,44.9,43.2,44.1,45.5,42.1,40.7,42.7,46.7,43.4,41.6,45.5,43.6,45.2,38.7,39.8,40.7,39.3,43.1,37.8,43.3,36.8,44.7,41.5,38.5,38.2,37.5,37.8,35.8,36.9,37.4,33.5,41.8,38.4,37.7,35.7,41.0,37.1,40.5,41.8,41.2,38.8,42.0,36.9,39.7,32.0,43.5,36.5,37.5,45.6,45.9,44.9,36.9,39.6,34.9,38.5,35.2,34.7,45.4,43.9,43.9,38.7,40.4,36.2,39.3,43.2,39.0,41.3,37.6
7254,33.3,38.4,35.6,40.4,42.4,44.9,44.4,41.4,44.2,44.1,45.0,44.8,44.2,44.2,44.2,45.4,41.5,39.3,44.2,44.6,42.9,43.6,45.2,41.4,40.0,42.1,46.1,43.0,41.3,45.2,43.1,44.7,38.1,39.2,40.5,38.8,42.5,37.4,42.8,36.1,44.0,41.1,37.7,37.4,36.8,37.1,35.0,36.1,36.7,32.7,41.2,38.0,36.7,35.4,40.4,36.8,40.0,41.6,40.9,38.5,41.5,36.5,39.5,31.2,42.9,36.1,36.8,45.1,45.4,44.3,36.0,39.0,34.1,38.2,34.4,34.1,45.1,43.4,43.5,38.1,39.9,35.8,39.0,42.8,38.3,40.8,37.5
7255,35.1,38.9,36.8,39.9,42.0,44.6,44.3,40.9,43.8,43.7,45.2,44.4,44.4,43.6,43.8,45.3,41.4,39.3,44.2,45.2,42.4,43.4,45.0,41.1,39.6,41.8,45.6,42.5,40.9,44.9,42.9,44.6,37.7,38.8,40.1,38.7,43.4,38.1,42.1,36.5,43.5,42.9,37.4,36.7,37.9,38.0,35.0,37.9,37.3,31.9,40.7,37.9,36.2,36.2,39.9,36.7,39.5,41.4,40.4,38.4,41.7,36.0,39.6,32.1,42.7,35.8,36.4,44.7,45.4,44.5,35.3,38.6,35.2,37.8,35.7,33.7,45.6,43.5,42.9,37.7,39.4,35.0,38.5,43.3,37.8,40.3,37.0
7256,41.5,42.9,43.2,41.8,44.1,46.4,46.6,43.5,46.4,46.2,48.3,46.7,47.8,45.6,46.4,47.6,44.6,43.3,47.6,48.5,45.1,46.0,47.6,43.0,41.5,44.4,47.3,44.7,43.9,47.6,45.0,47.5,39.6,41.0,41.6,41.0,48.8,42.2,43.8,42.6,46.4,49.3,39.1,41.0,42.4,43.9,39.5,44.2,48.1,35.3,45.4,41.7,42.4,41.2,40.7,39.8,41.4,43.2,41.0,41.4,43.7,36.1,42.9,39.4,44.2,39.5,40.1,46.3,48.8,47.9,41.9,40.4,41.1,42.1,43.3,38.0,49.1,46.3,45.4,39.6,41.4,36.5,40.4,45.7,39.4,42.7,39.6
7257,47.2,47.4,49.5,47.9,48.5,50.3,50.4,48.2,49.6,49.6,51.6,50.0,51.3,48.9,50.5,50.8,48.9,47.3,51.2,51.9,49.2,49.9,51.4,47.0,46.4,49.2,50.4,49.1,47.8,50.9,49.0,50.2,44.0,45.3,44.8,44.9,53.9,46.8,49.2,47.7,50.0,54.3,44.6,45.5,47.5,49.8,43.9,49.3,56.1,41.9,52.9,46.4,48.6,46.5,43.8,43.5,45.2,47.0,44.3,44.6,45.7,39.4,47.0,46.4,46.8,44.4,44.9,49.5,52.2,51.1,48.7,47.2,46.6,47.8,49.1,44.4,52.4,49.5,49.1,44.6,46.1,41.0,45.1,48.4,43.8,47.0,44.1
7258,52.8,51.3,53.5,53.5,52.9,53.8,54.2,52.6,52.7,52.6,54.3,53.3,54.3,52.0,54.1,53.7,52.8,50.3,54.3,54.8,53.0,53.0,54.8,50.9,51.4,53.5,53.7,53.0,51.4,54.0,53.1,52.8,48.3,49.5,48.1,48.6,57.9,50.7,54.3,51.8,53.6,57.6,50.1,49.4,52.6,54.2,49.3,53.5,61.7,48.1,58.1,51.1,54.3,50.9,47.1,47.1,48.7,50.3,47.5,47.3,48.2,43.6,50.2,52.3,49.9,48.4,49.2,52.5,55.1,54.0,54.4,53.7,52.2,52.0,53.8,49.6,55.5,52.2,52.4,49.9,51.0,46.2,48.5,50.8,48.0,51.1,48.2
7259,57.0,54.2,56.2,57.9,56.6,56.8,57.4,56.4,55.2,55.3,56.6,56.1,56.7,54.5,57.2,56.0,56.2,52.9,56.6,57.1,56.1,55.5,57.8,54.3,55.5,57.0,56.3,56.3,54.6,56.5,56.3,55.1,51.8,52.9,51.3,52.1,61.1,53.6,58.6,55.2,56.8,60.1,54.5,52.4,56.5,57.2,54.0,57.3,65.4,52.7,62.4,55.2,59.1,54.5,50.3,50.1,51.6,53.3,50.7,49.7,50.3,47.6,53.1,56.5,53.0,51.8,52.9,54.8,57.4,56.4,59.3,58.3,56.2,55.0,57.4,53.7,57.6,54.4,55.0,54.4,55.1,51.1,51.3,52.7,51.5,54.1,51.5
7260,60.2,56.4,58.1,61.3,59.4,59.4,60.1,59.1,56.9,57.4,58.3,58.1,58.5,56.4,59.7,57.9,58.5,55.1,58.2,58.8,58.3,57.3,59.8,57.1,58.8,59.8,58.4,58.7,57.1,58.4,58.6,57.0,54.6,55.4,53.9,54.6,63.5,55.7,61.7,57.9,59.5,61.6,58.0,55.0,59.4,59.0,57.3,60.1,68.1,56.1,65.5,59.0,62.8,57.0,52.4,52.4,53.6,55.5,53.2,51.8,52.4,50.9,55.2,59.3,56.1,54.4,56.0,57.0,59.2,58.3,62.6,61.6,59.2,57.3,60.1,56.8,59.2,56.0,57.2,57.5,58.3,55.2,53.4,54.1,54.1,56.5,53.9
7261,62.3,57.5,59.2,63.7,61.3,61.2,62.0,60.9,58.2,58.8,59.5,59.5,59.8,57.9,61.5,59.3,60.1,56.6,59.5,59.7,60.0,58.9,61.6,59.1,61.0,61.8,59.8,60.4,58.8,59.8,60.4,58.4,56.4,57.3,55.7,56.4,65.4,56.9,64.2,59.7,61.6,62.7,60.5,57.1,61.6,60.6,60.0,61.8,70.0,58.7,67.4,61.7,65.4,58.6,53.7,54.0,54.9,56.9,55.0,53.2,54.0,53.4,57.0,61.5,58.9,56.1,58.5,58.4,60.4,59.5,64.7,63.8,61.2,59.0,62.1,58.8,60.2,57.4,58.6,59.8,60.4,58.0,55.1,54.9,56.0,58.2,55.7
7262,63.0,58.1,59.9,65.3,62.7,62.4,63.3,62.1,59.0,59.6,60.2,60.5,60.5,58.8,62.7,60.0,61.0,57.6,60.0,60.2,61.1,59.6,62.7,60.3,62.4,63.0,60.7,61.5,59.8,60.6,61.6,59.0,57.7,58.5,56.9,57.4,66.3,57.2,65.5,60.7,63.3,63.1,62.1,58.5,62.8,61.2,61.6,62.8,71.1,60.1,68.5,63.2,67.1,59.3,54.5,54.7,55.8,57.8,56.7,54.0,55.0,55.4,57.7,62.7,61.1,57.0,60.1,59.4,61.1,60.3,66.0,65.3,62.2,60.3,63.4,59.9,60.7,57.8,59.5,61.4,61.9,59.8,56.3,55.2,57.4,59.2,56.7
7263,63.4,57.9,59.4,66.0,63.1,63.0,63.8,62.4,59.0,59.7,60.3,60.9,60.5,59.1,63.0,60.3,61.3,57.6,59.9,60.0,61.3,59.8,62.9,60.8,62.9,63.5,61.0,61.8,60.1,60.7,61.9,58.8,58.2,58.9,57.4,57.5,66.4,57.1,66.1,61.0,64.3,62.6,62.8,59.0,63.1,61.3,62.3,62.8,71.2,60.8,68.8,63.7,68.0,59.2,54.8,54.9,56.0,58.0,57.4,54.1,55.0,56.6,57.8,63.0,62.2,56.8,60.8,59.5,61.2,60.4,66.3,65.8,62.3,60.8,63.8,60.2,60.6,57.8,59.6,62.0,62.2,60.2,56.4,54.9,57.9,59.6,57.0
7264,62.0,56.1,57.4,65.9,62.5,62.6,63.3,62.0,58.2,58.9,59.5,60.6,59.7,58.7,62.4,59.6,60.7,56.1,58.9,58.7,60.7,59.1,62.2,60.3,62.4,62.9,60.5,61.2,59.3,60.0,61.4,58.1,57.6,58.3,56.8,57.2,65.0,55.2,65.9,60.1,64.3,60.7,62.6,58.4,61.8,59.6,61.8,61.5,69.7,60.4,68.3,62.8,67.5,57.3,54.2,53.8,55.4,57.3,57.2,52.8,53.8,56.9,56.7,62.0,62.3,55.5,60.3,59.1,60.4,59.5,65.7,65.8,61.0,60.7,62.5,59.5,59.7,56.8,59.0,62.1,61.7,60.2,55.7,53.8,57.5,58.9,56.5
7265,55.4,51.1,50.5,64.2,60.2,60.8,61.2,59.5,55.7,56.5,56.8,59.0,56.7,57.0,60.2,57.3,58.1,51.9,56.2,55.4,58.4,56.7,59.9,57.7,60.3,60.7,58.6,58.8,56.8,57.6,59.2,55.4,55.2,55.7,54.7,54.5,60.3,50.5,64.0,56.5,62.8,54.3,60.6,55.7,56.3,54.9,59.1,56.8,63.6,58.1,66.4,59.7,65.6,50.9,52.3,50.6,52.9,55.0,55.9,49.0,51.8,55.6,53.0,57.5,60.3,51.5,57.1,57.2,57.9,56.8,63.2,64.0,56.5,58.8,57.2,57.0,56.8,54.1,56.7,59.8,59.4,58.1,53.1,51.7,55.5,56.5,53.7
7266,49.7,47.1,45.9,58.8,55.6,56.8,56.9,54.2,53.4,53.6,54.0,56.1,53.4,54.1,55.9,54.5,53.0,48.9,53.1,52.7,54.2,53.6,55.2,53.4,54.1,54.9,56.5,54.6,52.3,54.2,55.2,52.1,50.0,50.9,51.5,49.8,55.1,46.8,58.7,52.0,59.5,49.6,54.7,50.1,52.3,50.5,54.7,51.9,58.5,51.6,61.1,56.4,59.5,46.8,49.7,48.2,49.5,51.1,52.9,46.5,49.9,51.4,49.7,51.6,56.6,47.7,51.4,55.0,54.5,53.7,56.8,57.9,50.4,53.1,51.7,50.9,53.4,51.6,53.0,53.6,53.5,53.2,46.2,50.3,51.2,53.1,48.7
7267,46.5,45.0,43.5,54.3,52.8,54.7,54.1,50.8,52.0,52.1,52.5,53.8,51.9,52.1,53.4,52.9,49.6,47.2,51.3,51.0,51.4,51.7,52.7,51.1,50.6,51.0,54.7,51.9,49.7,52.2,52.6,51.0,47.2,48.6,49.2,47.0,52.4,44.9,54.4,47.9,56.6,47.8,50.8,46.8,49.8,46.5,51.8,49.0,54.5,47.7,56.7,53.8,53.5,44.5,47.9,46.1,47.6,49.2,49.8,45.3,48.3,47.8,47.3,47.6,54.4,45.3,49.0,53.3,52.9,51.8,52.9,52.4,47.7,49.3,48.8,47.7,51.3,50.0,51.1,48.9,50.6,49.2,43.9,49.0,48.4,50.7,45.6
7268,44.2,43.6,41.7,51.4,50.7,52.8,52.1,48.9,50.9,50.9,51.3,52.2,50.7,50.8,51.8,51.8,47.9,45.9,50.1,49.9,49.7,50.3,51.4,49.8,48.5,49.2,53.2,50.3,48.1,51.1,50.6,50.2,45.6,46.7,47.7,45.7,50.3,43.1,52.0,45.6,54.7,46.5,48.2,45.2,47.8,44.2,48.8,46.4,50.5,45.2,54.0,51.5,50.6,42.9,46.8,44.2,46.1,48.0,47.5,44.3,47.5,45.7,45.6,44.8,51.9,43.7,47.2,52.1,51.7,50.6,50.5,49.8,45.3,47.3,46.0,45.6,50.1,49.2,49.8,46.5,48.9,46.6,43.3,48.1,46.3,48.8,43.7
7269,42.1,42.8,40.4,49.0,49.2,51.4,51.0,47.6,49.8,49.9,50.3,50.8,49.9,49.8,50.6,50.9,46.9,44.7,49.1,49.0,48.8,48.9,50.5,48.7,46.9,48.1,52.2,48.9,47.1,50.1,49.4,49.6,44.2,45.2,46.5,44.4,48.9,42.1,50.3,43.5,53.1,45.4,46.5,44.7,45.7,43.2,45.8,44.8,48.1,43.3,51.4,49.0,48.8,41.7,45.9,42.8,44.9,47.2,46.3,43.5,46.7,44.5,44.5,42.2,50.5,42.7,45.5,51.0,50.8,49.7,48.9,47.8,43.6,45.8,43.8,43.6,49.3,48.3,48.7,44.9,47.4,44.5,43.0,47.1,44.9,47.3,42.5
7270,40.7,41.7,39.5,47.4,47.9,50.4,49.8,46.5,49.2,49.0,49.6,49.7,49.1,49.0,49.5,50.1,46.2,43.6,48.4,48.1,47.8,48.0,49.4,47.7,45.9,47.2,51.2,47.9,45.9,49.2,48.4,48.8,43.1,44.0,45.4,43.6,47.6,41.0,49.1,42.3,51.8,44.7,45.2,43.9,44.1,42.4,43.9,43.1,46.0,41.8,49.4,47.1,47.2,40.2,45.2,41.6,44.3,46.2,45.6,42.7,45.9,43.1,43.5,40.3,49.3,41.5,43.8,50.2,49.8,48.9,47.6,46.1,41.9,44.2,42.5,42.3,48.4,47.7,47.8,43.8,46.1,42.8,42.6,46.3,43.6,46.0,41.7
7271,39.2,40.9,38.5,45.9,46.8,49.4,48.7,45.2,48.3,48.3,48.7,48.8,48.4,48.2,48.5,49.3,45.2,42.9,47.5,47.5,46.7,47.3,48.5,46.9,45.1,46.2,50.3,47.0,45.3,48.7,47.3,48.0,42.3,43.2,44.4,42.6,46.8,40.2,47.7,41.2,50.7,43.8,43.7,42.8,42.5,41.3,42.2,41.7,43.8,40.0,47.6,45.2,45.8,39.3,44.6,40.8,43.6,45.4,44.8,41.9,45.3,41.7,42.7,38.7,47.9,40.6,42.7,49.3,49.0,48.2,46.0,44.5,40.4,43.1,41.1,41.0,47.9,47.0,47.2,42.6,45.0,41.3,42.1,45.7,42.6,45.2,40.6
7272,38.0,40.1,37.7,44.8,46.0,48.5,47.6,44.4,47.3,47.5,47.9,47.9,47.3,47.5,47.6,48.6,44.6,42.2,46.7,46.9,45.9,46.7,47.6,45.6,44.1,45.3,49.4,46.1,44.4,47.9,46.5,47.4,41.5,42.3,43.6,41.6,46.0,39.4,46.6,40.4,49.2,43.4,42.7,42.0,41.5,40.6,40.5,40.4,42.4,38.6,46.5,43.5,44.0,38.5,44.0,39.9,42.9,44.6,44.1,41.1,44.6,40.7,41.7,37.0,46.9,39.6,41.6,48.5,48.3,47.5,44.5,43.1,39.1,42.0,39.6,39.5,47.3,46.3,46.3,41.8,44.0,40.2,41.5,45.1,41.8,44.1,40.1
7273,36.8,39.7,37.0,43.7,45.0,47.5,46.8,43.9,46.6,46.9,47.0,47.2,46.3,46.7,46.9,47.9,43.9,41.4,46.3,46.3,45.1,45.9,46.9,44.7,43.1,44.3,48.7,45.2,43.9,47.0,45.6,46.8,40.7,41.4,42.6,40.9,45.2,39.1,45.9,39.8,48.3,42.6,41.6,41.2,40.2,39.8,39.4,39.5,41.4,37.1,45.2,42.1,42.4,37.7,43.4,39.1,42.4,43.7,43.4,40.7,44.1,39.7,41.3,35.7,45.9,38.7,40.6,47.7,47.5,46.6,42.5,42.1,38.1,41.1,38.7,38.3,46.7,45.5,45.6,40.9,43.2,38.9,41.2,44.5,41.0,43.2,39.2
7274,35.6,39.4,36.4,42.9,44.3,46.7,46.1,42.9,45.9,46.1,46.2,46.5,45.7,46.0,46.1,47.3,43.2,40.8,45.7,45.8,44.4,45.3,46.5,43.9,42.3,43.7,48.0,44.6,43.3,46.4,44.9,46.1,39.9,40.9,41.8,40.2,44.4,38.6,45.1,38.9,47.0,42.1,40.7,40.1,39.2,39.2,38.1,38.6,40.1,36.1,44.2,40.9,41.0,36.8,42.7,38.5,42.1,43.0,42.7,40.1,43.4,38.7,40.7,34.5,45.3,37.9,39.6,47.0,46.9,46.0,41.2,41.2,37.0,40.2,37.7,37.2,46.2,44.9,45.0,40.0,42.2,37.9,40.8,44.1,40.3,42.5,38.6
7275,34.7,39.0,36.0,42.1,43.6,46.1,45.4,42.3,45.3,45.6,45.6,45.7,45.1,45.2,45.4,46.7,42.8,40.2,45.0,45.3,43.9,44.8,46.0,43.1,41.7,42.9,47.2,44.1,42.6,45.8,44.4,45.5,39.3,40.2,41.2,39.4,43.7,38.2,44.3,37.9,45.9,41.8,39.9,39.2,38.6,38.6,37.0,37.9,39.0,35.3,43.4,39.8,39.7,36.2,42.1,37.9,41.4,42.5,42.2,39.6,42.9,38.0,40.3,33.5,44.5,37.4,38.8,46.3,46.2,45.4,39.3,40.6,36.0,39.1,36.8,36.0,45.8,44.2,44.4,39.2,41.5,37.1,40.4,43.7,39.4,41.8,38.0
7276,34.4,38.9,35.8,41.1,43.1,45.5,44.8,41.6,44.8,44.8,44.9,45.2,44.6,44.7,44.6,46.0,42.1,40.0,44.5,44.9,43.2,44.3,45.4,42.4,41.3,42.5,46.7,43.3,41.8,45.5,43.7,45.0,38.7,39.8,40.7,39.0,43.1,37.9,43.7,37.1,45.3,41.5,39.0,38.4,37.7,38.1,36.2,37.2,38.1,34.4,42.3,38.9,38.5,35.7,41.4,37.2,40.8,42.0,41.4,38.9,42.6,37.3,39.8,32.7,44.1,36.9,38.0,45.6,45.7,44.7,38.2,40.0,35.2,38.8,36.0,35.3,45.2,43.6,44.0,38.7,40.8,36.4,39.8,43.2,38.9,41.1,37.4
7277,33.8,38.4,35.5,40.6,42.5,44.9,44.4,41.1,44.2,44.2,44.5,44.6,44.2,44.2,44.1,45.5,41.8,39.6,43.8,44.4,42.7,43.7,45.0,41.7,40.5,42.2,46.1,42.8,41.0,45.0,43.0,44.6,38.2,39.2,40.1,38.6,42.8,37.6,43.0,36.6,44.4,41.1,38.3,37.8,37.3,37.6,35.6,36.4,37.1,33.4,41.6,38.2,37.6,35.3,40.9,36.9,40.3,41.6,41.0,38.7,42.0,36.6,39.8,31.8,43.5,36.6,37.4,45.2,45.3,44.3,36.8,39.3,34.6,38.0,35.0,34.6,44.7,43.2,43.3,38.3,40.1,35.7,39.2,42.9,38.5,40.6,37.0
7278,33.2,38.4,35.3,40.2,41.9,44.5,43.9,40.8,43.7,43.5,44.4,44.2,43.5,43.7,43.7,45.0,40.9,39.3,43.5,44.1,42.2,43.1,44.7,41.0,39.9,41.7,45.6,42.4,40.7,44.8,42.5,44.2,37.6,38.6,39.8,38.1,42.1,37.3,42.4,35.9,43.8,40.7,37.5,37.1,36.6,36.9,34.8,35.7,36.4,32.5,40.9,37.8,36.6,35.0,40.3,36.6,39.8,41.4,40.7,38.3,41.6,36.2,39.5,31.1,42.9,36.1,36.7,44.7,44.9,43.6,35.8,38.7,33.8,37.8,34.2,34.0,44.5,42.8,42.9,37.7,39.6,35.2,38.9,42.6,37.8,40.1,36.7
7279,34.7,38.8,36.5,39.7,41.5,44.1,43.8,40.3,43.4,43.1,44.5,43.8,43.7,43.1,43.3,44.8,40.8,39.1,43.5,44.5,41.8,43.0,44.5,40.5,39.4,41.3,45.2,41.9,40.3,44.5,42.3,44.0,37.1,38.2,39.4,38.0,42.9,38.0,41.8,36.2,43.2,42.4,37.2,36.4,37.6,37.8,34.7,37.3,36.8,31.7,40.5,37.7,36.1,35.8,39.8,36.5,39.4,41.3,40.3,38.2,41.7,35.7,39.5,31.8,42.7,35.8,36.3,44.3,44.8,43.7,35.0,38.3,34.7,37.3,35.4,33.5,44.9,42.9,42.3,37.2,39.0,34.5,38.4,43.0,37.3,39.6,36.3
7280,41.0,42.8,42.9,41.3,43.6,45.9,46.1,42.9,46.0,45.6,47.6,46.0,47.2,45.0,45.9,47.0,44.0,43.1,46.9,47.9,44.5,45.5,47.1,42.5,41.3,43.8,46.7,44.1,43.2,47.1,44.3,47.0,39.1,40.4,41.0,40.2,48.2,42.1,43.5,42.3,46.1,48.7,38.7,40.6,42.0,43.5,39.2,43.6,47.6,35.1,45.0,41.4,42.1,40.8,40.6,39.5,41.3,43.0,40.8,41.1,43.6,35.8,42.6,39.1,44.1,39.3,39.8,45.8,48.3,47.4,41.6,39.9,40.7,41.7,42.9,37.7,48.4,45.7,44.8,39.1,40.9,35.9,40.2,45.5,38.8,42.0,38.9
7281,46.8,47.3,49.4,47.4,47.9,49.8,49.9,47.6,49.2,49.0,51.0,49.4,50.8,48.3,50.0,50.3,48.4,47.0,50.6,51.3,48.7,49.4,51.0,46.5,46.1,48.7,49.9,48.5,47.2,50.5,48.4,49.7,43.5,44.7,44.2,44.4,53.3,46.6,48.7,47.4,49.7,53.8,44.2,45.1,47.1,49.5,43.5,48.6,55.7,41.5,52.4,46.0,48.2,46.1,43.6,43.1,45.0,46.7,44.0,44.3,45.6,39.0,46.6,46.0,46.6,44.2,44.6,49.0,51.7,50.6,48.3,46.7,46.4,47.5,48.7,44.1,51.8,49.0,48.5,44.2,45.6,40.5,44.9,48.2,43.3,46.2,43.6
7282,52.4,51.2,53.3,53.0,52.3,53.4,53.7,52.1,52.3,52.1,53.8,52.9,53.9,51.4,53.6,53.3,52.3,50.0,53.8,54.1,52.4,52.6,54.4,50.4,51.0,53.0,53.2,52.5,50.8,53.6,52.5,52.4,47.9,49.0,47.6,48.3,57.2,50.5,53.7,51.6,53.2,57.3,49.8,48.9,52.2,54.0,49.0,52.9,61.2,47.8,57.7,50.6,53.8,50.7,46.9,46.7,48.5,50.1,47.2,46.9,48.0,43.2,49.7,51.8,49.6,48.1,48.8,52.0,54.6,53.6,54.1,53.1,51.8,51.8,53.4,49.3,54.9,51.9,51.9,49.6,50.5,45.8,48.3,50.6,47.6,50.4,47.8
7283,56.7,54.1,56.1,57.5,56.0,56.3,57.0,55.9,54.8,54.8,56.1,55.7,56.3,54.0,56.8,55.7,55.7,52.6,56.1,56.4,55.6,55.0,57.3,53.8,55.1,56.4,55.9,55.9,54.1,56.1,55.8,54.6,51.4,52.5,50.9,51.8,60.5,53.5,58.0,54.9,56.4,59.8,54.1,52.1,56.1,57.1,53.7,56.7,64.8,52.4,62.0,54.8,58.7,54.4,50.1,49.6,51.4,53.0,50.3,49.3,50.1,47.2,52.6,56.0,52.6,51.5,52.4,54.4,57.0,56.1,59.0,57.7,55.9,54.8,57.0,53.3,57.1,54.1,54.6,54.1,54.7,50.8,51.1,52.4,51.1,53.6,51.1
7284,60.0,56.3,58.0,60.9,58.8,59.0,59.6,58.7,56.6,57.0,57.9,57.7,58.0,56.0,59.3,57.4,58.1,54.7,57.8,58.2,57.9,56.9,59.5,56.7,58.4,59.2,58.0,58.3,56.6,58.0,58.2,56.5,54.2,55.0,53.5,54.4,63.0,55.7,61.1,57.5,59.1,61.3,57.7,54.7,59.2,59.0,56.9,59.5,67.6,55.7,65.1,58.5,62.4,56.9,52.3,52.0,53.5,55.3,52.8,51.3,52.1,50.5,54.8,58.7,55.7,54.0,55.5,56.6,58.8,57.9,62.3,61.1,59.1,57.1,59.7,56.5,58.6,55.7,56.8,57.3,57.8,54.9,53.1,53.9,53.7,56.0,53.6
7285,62.2,57.4,59.1,63.4,60.8,60.8,61.6,60.5,57.8,58.4,59.1,59.1,59.3,57.5,61.1,58.9,59.8,56.2,59.1,59.2,59.6,58.5,61.2,58.7,60.6,61.2,59.5,60.0,58.3,59.4,60.0,57.9,56.1,56.9,55.4,56.2,64.9,56.9,63.6,59.3,61.2,62.5,60.2,56.7,61.4,60.6,59.6,61.3,69.5,58.3,66.9,61.1,65.0,58.4,53.5,53.5,54.8,56.7,54.6,52.7,53.7,53.0,56.5,61.0,58.5,55.6,58.0,58.0,60.0,59.2,64.4,63.5,61.1,58.7,61.6,58.3,59.8,57.0,58.3,59.6,60.0,57.8,54.8,54.6,55.7,57.8,55.4
7286,62.9,58.0,59.7,65.1,62.1,62.0,62.8,61.6,58.6,59.3,59.8,60.1,60.0,58.4,62.3,59.6,60.6,57.1,59.6,59.7,60.7,59.2,62.4,59.8,62.0,62.4,60.4,61.1,59.4,60.2,61.2,58.6,57.4,58.0,56.6,57.0,65.9,57.1,65.0,60.4,62.9,62.9,61.8,58.2,62.7,61.2,61.2,62.3,70.6,59.6,68.0,62.8,66.8,59.0,54.3,54.2,55.6,57.5,56.2,53.5,54.6,54.9,57.3,62.1,60.6,56.4,59.5,59.0,60.7,59.9,65.6,64.9,62.1,60.0,62.9,59.4,60.2,57.4,59.1,61.2,61.5,59.7,55.9,54.9,57.1,58.7,56.5
7287,63.1,57.7,59.4,65.8,62.5,62.5,63.3,61.9,58.6,59.4,59.8,60.5,60.1,58.8,62.6,59.9,61.0,57.2,59.4,59.6,61.0,59.4,62.7,60.2,62.4,62.9,60.7,61.4,59.7,60.3,61.5,58.5,57.9,58.5,57.0,57.1,65.9,56.9,65.6,60.6,63.9,62.4,62.5,58.6,62.8,61.3,61.9,62.3,70.7,60.4,68.4,63.2,67.6,59.0,54.6,54.3,55.9,57.8,56.8,53.5,54.6,56.1,57.4,62.5,61.6,56.2,60.2,59.2,60.8,60.1,65.9,65.5,62.1,60.5,63.2,59.8,60.2,57.4,59.3,61.7,61.8,60.0,56.0,54.6,57.5,59.2,56.7
7288,61.9,55.9,57.2,65.7,61.9,62.2,62.8,61.4,57.8,58.6,59.0,60.2,59.3,58.4,61.9,59.2,60.3,55.6,58.5,58.3,60.3,58.7,62.0,59.7,62.0,62.4,60.1,60.8,58.9,59.6,61.0,57.6,57.3,57.8,56.4,56.7,64.6,55.0,65.5,59.6,63.9,60.5,62.4,58.0,61.7,59.5,61.4,61.1,69.2,59.9,67.8,62.2,67.2,57.2,54.0,53.2,55.2,57.1,56.7,52.2,53.4,56.4,56.3,61.5,61.6,54.8,59.6,58.8,60.1,59.2,65.3,65.5,60.9,60.4,61.9,59.1,59.3,56.3,58.7,61.8,61.3,60.0,55.4,53.5,57.2,58.4,56.2
7289,55.2,50.8,50.3,63.9,59.6,60.3,60.7,58.9,55.2,56.0,56.3,58.6,56.3,56.5,59.7,56.8,57.6,51.4,55.7,54.9,57.9,56.2,59.6,57.2,59.9,60.1,58.2,58.4,56.2,57.2,58.7,54.9,54.9,55.1,54.3,54.1,59.8,50.3,63.6,56.0,62.3,54.0,60.3,55.3,56.1,54.7,58.7,56.2,63.0,57.5,65.8,59.1,65.2,50.7,51.9,50.1,52.6,54.7,55.4,48.5,51.4,55.1,52.6,56.9,59.6,50.8,56.3,56.8,57.6,56.4,62.8,63.7,56.2,58.4,56.5,56.5,56.4,53.6,56.2,59.6,59.0,57.9,52.6,51.4,55.2,56.0,53.3
7290,49.6,47.0,45.9,58.4,55.1,56.4,56.4,53.6,53.0,53.1,53.6,55.7,53.0,53.7,55.5,54.1,52.6,48.5,52.6,52.1,53.7,53.1,54.8,52.9,53.8,54.4,56.1,54.2,51.8,53.8,54.7,51.6,49.8,50.5,51.1,49.4,54.7,46.7,58.2,51.5,59.1,49.4,54.3,49.5,52.2,50.3,54.3,51.3,57.9,51.1,60.6,55.9,58.9,46.7,49.4,47.7,49.3,50.8,52.4,46.1,49.6,50.9,49.3,51.2,56.1,47.1,50.8,54.6,54.1,53.3,56.3,57.5,50.2,52.7,51.3,50.4,52.9,51.1,52.6,53.4,53.1,53.1,45.9,50.0,51.0,52.6,48.3
7291,46.3,45.0,43.4,54.1,52.3,54.3,53.7,50.3,51.6,51.7,52.1,53.3,51.5,51.7,53.1,52.4,49.1,46.8,50.8,50.5,50.9,51.3,52.4,50.7,50.3,50.7,54.4,51.6,49.3,51.8,52.2,50.6,47.1,48.3,48.8,46.7,52.1,44.7,54.2,47.5,56.2,47.6,50.5,46.3,49.7,46.4,51.3,48.4,53.9,47.2,56.1,53.4,53.1,44.4,47.6,45.7,47.3,48.9,49.4,44.9,48.1,47.3,46.9,47.2,53.9,44.9,48.5,53.0,52.5,51.4,52.6,52.1,47.4,48.9,48.4,47.3,50.9,49.6,50.7,48.7,50.4,49.1,43.7,48.8,48.2,50.3,45.2
7292,44.2,43.6,41.6,51.1,50.3,52.5,51.8,48.4,50.6,50.4,50.9,51.8,50.4,50.5,51.4,51.4,47.4,45.5,49.6,49.5,49.3,49.8,51.2,49.6,48.2,48.8,52.9,49.9,47.7,50.7,50.2,49.7,45.4,46.3,47.4,45.3,49.9,43.0,51.8,45.2,54.3,46.4,48.0,44.8,47.5,44.3,48.3,45.8,50.0,44.7,53.5,51.0,50.2,42.9,46.6,43.8,45.8,47.7,47.0,44.0,47.3,45.3,45.2,44.4,51.5,43.3,46.6,51.8,51.3,50.2,50.2,49.4,45.1,46.8,45.6,45.2,49.6,48.7,49.4,46.4,48.6,46.5,43.1,47.9,46.2,48.4,43.4
7293,42.0,42.8,40.4,48.8,48.7,51.1,50.7,47.0,49.4,49.5,49.9,50.3,49.5,49.4,50.3,50.5,46.4,44.3,48.6,48.5,48.3,48.5,50.2,48.5,46.7,47.7,51.8,48.5,46.7,49.7,49.0,49.1,44.2,44.8,46.2,44.0,48.5,42.0,50.1,43.2,52.7,45.3,46.3,44.3,45.5,43.2,45.3,44.3,47.5,42.9,50.9,48.6,48.4,41.7,45.6,42.5,44.7,46.9,45.8,43.1,46.5,44.1,44.1,41.8,50.1,42.2,45.0,50.8,50.4,49.2,48.7,47.6,43.5,45.4,43.5,43.2,48.9,47.8,48.3,44.8,47.2,44.4,42.6,46.9,44.7,46.9,42.2
7294,40.6,41.6,39.4,47.2,47.5,50.0,49.4,46.0,48.8,48.5,49.0,49.2,48.6,48.6,49.2,49.7,45.7,43.3,47.8,47.6,47.3,47.6,49.1,47.6,45.7,46.8,50.9,47.6,45.5,48.8,48.0,48.4,43.1,43.7,45.1,43.2,47.3,40.8,48.8,42.1,51.5,44.5,45.0,43.5,43.9,42.4,43.4,42.6,45.4,41.5,48.9,46.7,46.8,40.3,45.0,41.3,44.0,45.9,45.1,42.3,45.7,42.7,43.2,39.9,49.0,41.0,43.4,49.9,49.4,48.4,47.2,45.9,41.7,43.9,42.1,42.0,47.9,47.2,47.4,43.7,45.9,42.7,42.3,46.1,43.5,45.5,41.4
7295,39.1,40.8,38.4,45.8,46.5,49.1,48.3,44.7,47.9,47.9,48.1,48.3,47.9,47.8,48.2,48.9,44.8,42.6,46.9,47.0,46.3,46.8,48.2,46.7,44.9,45.8,50.0,46.6,44.9,48.3,47.0,47.6,42.3,42.9,44.2,42.3,46.6,40.1,47.5,40.9,50.4,43.7,43.5,42.3,42.4,41.3,41.6,41.2,43.3,39.7,47.2,44.8,45.4,39.2,44.3,40.5,43.4,45.2,44.3,41.5,45.1,41.4,42.3,38.4,47.5,40.2,42.4,49.0,48.6,47.7,45.8,44.4,40.1,42.7,40.7,40.6,47.4,46.5,46.8,42.6,44.9,41.3,41.7,45.4,42.5,44.7,40.4
7296,37.8,40.0,37.7,44.7,45.7,48.2,47.2,43.9,46.9,47.2,47.4,47.4,46.9,47.1,47.3,48.2,44.3,41.8,46.2,46.3,45.5,46.3,47.4,45.4,44.0,44.9,49.1,45.7,44.0,47.5,46.2,47.0,41.4,42.0,43.3,41.3,45.8,39.3,46.5,40.1,48.8,43.3,42.5,41.5,41.4,40.4,39.9,39.8,41.8,38.2,46.0,43.1,43.6,38.4,43.6,39.7,42.6,44.3,43.6,40.8,44.4,40.4,41.4,36.7,46.6,39.2,41.3,48.3,47.9,47.0,44.2,43.0,38.9,41.7,39.2,39.1,46.8,45.8,46.0,41.7,43.9,40.0,41.1,44.8,41.6,43.7,39.8
7297,36.7,39.6,36.9,43.6,44.7,47.2,46.5,43.5,46.1,46.5,46.5,46.7,45.9,46.3,46.6,47.6,43.6,41.1,45.7,45.8,44.7,45.5,46.7,44.6,43.0,43.9,48.4,44.9,43.4,46.7,45.3,46.3,40.5,41.1,42.4,40.6,44.8,38.9,45.7,39.4,47.9,42.6,41.4,40.7,40.2,39.7,38.9,38.9,40.8,36.9,44.7,41.7,42.0,37.7,43.0,38.9,42.1,43.4,42.9,40.4,43.8,39.4,41.0,35.4,45.6,38.4,40.2,47.4,47.1,46.2,42.3,42.0,37.9,40.7,38.3,37.9,46.3,45.0,45.3,40.9,43.0,38.9,40.6,44.2,40.8,42.9,39.0
7298,35.6,39.0,36.4,42.9,43.9,46.4,45.7,42.5,45.5,45.7,45.7,46.0,45.2,45.7,45.8,47.0,42.9,40.5,45.1,45.2,44.0,44.9,46.3,43.8,42.2,43.3,47.7,44.3,43.0,46.0,44.5,45.7,39.7,40.7,41.6,40.0,44.1,38.5,44.9,38.6,46.6,42.1,40.5,39.7,39.1,39.0,37.6,38.0,39.4,35.7,43.7,40.5,40.6,36.7,42.4,38.4,41.8,42.8,42.2,39.9,43.1,38.4,40.4,34.4,44.9,37.6,39.2,46.7,46.6,45.5,40.9,41.1,36.7,39.8,37.3,36.9,45.8,44.5,44.8,39.9,42.0,37.8,40.2,43.8,40.2,42.2,38.4
7299,34.7,38.7,36.0,42.1,43.3,45.8,45.0,41.8,44.9,45.2,45.1,45.2,44.7,44.9,45.1,46.4,42.3,39.9,44.4,44.7,43.6,44.5,45.8,42.9,41.5,42.5,46.9,43.7,42.3,45.4,44.0,45.1,39.1,39.9,41.0,39.2,43.5,38.1,44.1,37.6,45.5,41.7,39.7,38.8,38.6,38.4,36.6,37.3,38.4,35.0,42.9,39.4,39.4,36.0,41.8,37.8,41.1,42.3,41.7,39.4,42.7,37.7,40.0,33.3,44.1,37.1,38.4,46.1,45.9,44.9,39.0,40.5,35.8,38.7,36.3,35.7,45.3,43.8,44.1,39.2,41.3,37.0,39.8,43.4,39.3,41.4,37.8
7300,34.3,38.6,35.8,41.1,42.8,45.2,44.5,41.2,44.4,44.5,44.5,44.7,44.2,44.4,44.3,45.7,41.7,39.8,43.9,44.4,42.8,44.0,45.2,42.2,41.2,42.2,46.4,42.9,41.4,45.1,43.3,44.7,38.5,39.6,40.5,38.7,42.9,37.9,43.6,36.8,44.9,41.4,38.9,37.9,37.6,37.9,35.8,36.6,37.5,34.0,41.9,38.6,38.2,35.6,41.1,37.1,40.5,41.8,40.8,38.6,42.3,36.9,39.6,32.4,43.7,36.4,37.7,45.4,45.4,44.2,37.8,39.9,35.0,38.4,35.6,35.0,44.7,43.2,43.6,38.5,40.6,36.2,39.2,42.9,38.7,40.8,37.2
7301,33.8,38.1,35.6,40.6,42.1,44.6,44.1,40.7,43.8,43.9,44.1,44.2,43.7,43.9,43.8,45.2,41.3,39.3,43.3,43.9,42.3,43.4,44.8,41.6,40.4,41.9,45.9,42.4,40.8,44.7,42.6,44.3,37.9,39.0,39.9,38.3,42.6,37.5,42.8,36.2,44.0,41.0,38.2,37.3,37.3,37.3,35.1,35.9,36.6,32.9,41.2,37.9,37.2,35.1,40.6,36.8,40.0,41.2,40.5,38.4,41.8,36.3,39.6,31.5,43.0,36.2,37.1,45.0,44.9,43.8,36.5,39.2,34.5,37.6,34.6,34.2,44.2,42.8,43.0,38.2,39.8,35.5,38.7,42.6,38.3,40.3,36.8
7302,33.1,38.1,35.4,40.2,41.6,44.2,43.6,40.4,43.3,43.2,43.9,43.8,43.1,43.4,43.4,44.8,40.5,39.0,43.0,43.5,41.8,42.9,44.5,40.8,39.8,41.4,45.4,42.1,40.5,44.5,42.2,43.8,37.5,38.4,39.6,37.9,41.8,37.2,42.3,35.5,43.4,40.6,37.4,36.7,36.5,36.8,34.4,35.1,35.9,32.1,40.5,37.4,36.2,34.8,40.0,36.5,39.5,41.0,40.2,38.1,41.4,35.8,39.4,30.7,42.4,35.8,36.4,44.4,44.5,43.2,35.5,38.7,33.7,37.3,33.8,33.6,44.0,42.4,42.6,37.5,39.4,34.9,38.3,42.2,37.6,39.9,36.5
7303,34.5,38.5,36.4,39.6,41.1,43.9,43.5,39.9,43.1,42.8,44.0,43.5,43.2,42.8,43.1,44.6,40.4,38.8,43.1,43.9,41.4,42.7,44.3,40.4,39.3,41.0,44.9,41.5,40.1,44.3,41.9,43.7,37.0,38.1,39.2,37.7,42.7,37.8,41.7,35.7,42.8,42.2,37.2,36.0,37.5,37.5,34.2,36.7,36.1,31.3,40.0,37.3,35.6,35.6,39.5,36.4,39.1,40.9,39.8,38.0,41.4,35.4,39.3,31.4,42.2,35.4,35.9,44.1,44.4,43.2,34.7,38.1,34.5,36.9,34.7,33.1,44.3,42.5,42.0,37.1,38.8,34.3,37.9,42.6,37.1,39.4,36.1
7304,40.9,42.4,42.9,41.2,43.2,45.6,45.7,42.5,45.7,45.3,47.1,45.7,46.7,44.7,45.6,46.8,43.6,42.7,46.4,47.4,44.1,45.2,46.9,42.2,41.1,43.5,46.5,43.7,42.9,46.8,43.9,46.7,38.9,40.2,40.7,39.9,47.9,41.9,43.2,41.8,45.7,48.5,38.6,40.0,41.9,43.3,38.7,42.9,47.0,34.5,44.4,40.9,41.5,40.6,40.2,39.1,40.8,42.6,40.3,40.7,43.3,35.4,42.3,38.5,43.5,38.8,39.3,45.6,47.9,46.9,41.1,39.7,40.5,41.1,42.2,37.1,47.9,45.4,44.4,38.8,40.6,35.7,39.6,45.2,38.5,41.8,38.6
7305,46.8,46.9,49.3,47.3,47.6,49.5,49.6,47.4,49.0,48.7,50.6,49.1,50.4,48.0,49.7,50.1,48.1,46.6,50.2,50.9,48.4,49.1,50.8,46.2,45.9,48.4,49.7,48.1,46.9,50.1,48.1,49.4,43.3,44.5,44.0,44.1,52.9,46.4,48.5,46.9,49.2,53.6,44.1,44.6,47.1,49.2,43.0,47.9,55.0,41.0,51.9,45.4,47.7,46.1,43.2,42.6,44.5,46.3,43.4,43.8,45.3,38.5,46.3,45.4,46.0,43.7,44.0,48.7,51.3,50.3,47.8,46.4,46.2,46.9,48.1,43.6,51.4,48.8,48.2,44.1,45.4,40.3,44.2,47.9,43.1,46.0,43.4
7306,52.5,50.8,53.3,52.9,52.0,53.1,53.4,51.9,52.1,51.8,53.5,52.6,53.7,51.2,53.4,53.1,52.0,49.5,53.4,53.8,52.2,52.3,54.2,50.2,50.8,52.7,53.0,52.2,50.6,53.3,52.2,52.2,47.8,48.9,47.4,48.1,56.9,50.3,53.5,51.1,52.7,57.1,49.6,48.5,52.2,53.8,48.4,52.1,60.6,47.2,57.2,49.9,53.3,50.7,46.4,46.2,48.1,49.7,46.6,46.5,47.6,42.7,49.3,51.2,49.0,47.6,48.2,51.7,54.2,53.4,53.6,52.9,51.7,51.3,52.6,48.8,54.6,51.7,51.6,49.5,50.3,45.6,47.6,50.4,47.5,50.2,47.7
7307,56.8,53.9,56.1,57.4,55.7,56.1,56.7,55.7,54.7,54.6,55.9,55.5,56.0,53.8,56.5,55.5,55.4,52.1,55.8,56.1,55.3,54.9,57.2,53.6,55.0,56.1,55.6,55.7,53.9,55.8,55.5,54.5,51.4,52.4,50.7,51.7,60.3,53.3,57.8,54.5,56.0,59.7,54.1,51.7,56.1,56.7,53.0,56.0,64.1,51.9,61.4,54.0,58.1,54.5,49.6,49.2,51.0,52.5,49.8,48.9,49.7,46.8,52.1,55.2,52.0,51.0,51.8,54.1,56.6,55.9,58.6,57.5,55.8,54.4,56.2,52.9,56.8,53.9,54.3,54.0,54.5,50.8,50.4,52.2,51.1,53.4,51.0
7308,60.1,56.0,58.0,60.8,58.6,58.7,59.3,58.4,56.5,56.8,57.7,57.6,57.8,55.8,59.0,57.3,57.8,54.2,57.6,57.9,57.6,56.7,59.3,56.5,58.2,58.9,57.7,58.1,56.4,57.7,57.9,56.4,54.3,54.9,53.4,54.3,62.8,55.5,61.0,57.2,58.7,61.2,57.6,54.3,59.2,58.8,56.3,58.8,66.8,55.2,64.6,57.7,61.8,57.0,51.8,51.5,53.1,54.8,52.3,50.8,51.6,50.0,54.3,58.0,55.1,53.6,54.9,56.4,58.4,57.7,61.9,61.0,58.9,56.7,58.9,56.0,58.5,55.6,56.5,57.2,57.6,55.0,52.4,53.6,53.8,55.9,53.6
7309,62.1,57.2,59.0,63.3,60.5,60.5,61.3,60.3,57.8,58.2,58.9,59.0,59.2,57.3,60.8,58.8,59.5,55.7,58.9,58.9,59.4,58.4,61.0,58.5,60.5,60.9,59.3,59.7,58.2,59.2,59.8,57.8,56.2,56.9,55.4,56.2,64.7,56.8,63.5,59.0,60.8,62.3,60.1,56.3,61.3,60.3,59.0,60.6,68.7,57.8,66.5,60.3,64.5,58.6,53.0,53.0,54.3,56.2,54.1,52.3,53.2,52.6,56.0,60.2,57.9,55.2,57.3,57.9,59.7,59.0,64.0,63.3,60.9,58.3,60.8,57.9,59.5,56.9,58.0,59.5,59.8,57.9,54.1,54.4,55.7,57.6,55.4
7310,62.7,57.8,59.6,65.0,61.9,61.8,62.5,61.4,58.6,59.1,59.6,60.0,59.9,58.2,61.9,59.6,60.4,56.7,59.4,59.5,60.5,59.1,62.2,59.6,61.9,62.1,60.2,60.9,59.2,60.0,60.9,58.4,57.4,58.1,56.6,57.0,65.6,57.0,64.8,60.0,62.6,62.6,61.7,57.8,62.6,61.0,60.6,61.6,69.8,59.2,67.6,61.9,66.3,59.0,53.8,53.7,55.1,57.1,55.7,53.0,54.1,54.5,56.8,61.4,60.0,56.0,58.8,58.8,60.5,59.7,65.2,64.7,61.8,59.5,62.0,59.0,60.0,57.3,58.9,61.1,61.4,59.8,55.3,54.7,57.0,58.6,56.5
7311,63.0,57.5,59.3,65.7,62.3,62.3,63.1,61.7,58.6,59.2,59.6,60.4,60.0,58.6,62.3,59.8,60.6,56.6,59.3,59.3,60.8,59.3,62.5,60.1,62.4,62.5,60.5,61.2,59.5,60.2,61.3,58.3,57.9,58.5,57.1,57.0,65.7,56.9,65.5,60.2,63.5,62.2,62.4,58.2,62.7,61.1,61.4,61.7,69.9,59.9,68.0,62.4,67.2,59.2,54.1,53.8,55.4,57.3,56.3,53.0,54.1,55.6,56.9,61.7,61.0,55.8,59.4,59.1,60.6,59.9,65.5,65.1,61.9,60.1,62.3,59.3,60.0,57.2,59.1,61.8,61.7,60.1,55.5,54.3,57.5,59.0,56.6
7312,61.8,55.7,57.1,65.5,61.7,61.9,62.5,61.2,57.7,58.4,58.8,60.1,59.1,58.2,61.6,59.1,60.1,55.1,58.3,58.1,60.1,58.6,61.8,59.6,61.9,62.1,59.9,60.6,58.7,59.5,60.7,57.5,57.3,57.8,56.5,56.7,64.3,54.9,65.2,59.2,63.5,60.2,62.3,57.6,61.6,59.3,60.9,60.4,68.4,59.4,67.4,61.5,66.7,57.1,53.5,52.6,54.7,56.6,56.2,51.7,52.9,55.9,55.8,60.7,60.9,54.4,58.9,58.6,59.8,59.0,64.9,65.3,60.7,59.8,61.0,58.7,59.1,56.2,58.5,61.8,61.2,60.1,54.9,53.2,57.2,58.3,56.2
7313,55.0,50.6,50.0,63.6,59.4,60.0,60.4,58.6,55.2,55.7,56.0,58.4,56.1,56.3,59.4,56.7,57.4,50.9,55.4,54.6,57.6,56.0,59.3,56.9,59.6,59.8,58.0,58.1,56.0,57.0,58.5,54.7,54.9,55.0,54.3,54.1,59.5,50.1,63.3,55.5,61.8,53.6,60.1,54.9,55.8,54.3,58.1,55.5,62.3,56.9,65.4,58.3,64.7,50.5,51.4,49.5,52.1,54.0,54.8,47.9,51.0,54.6,52.1,56.1,58.9,50.4,55.6,56.7,57.3,56.1,62.3,63.4,55.9,57.7,55.6,56.1,56.1,53.4,56.0,59.4,58.8,58.0,52.0,51.0,55.1,55.8,53.2
7314,49.2,46.7,45.7,58.2,54.7,56.1,56.1,53.3,53.0,52.8,53.4,55.5,52.8,53.5,55.2,53.9,52.3,48.0,52.3,51.9,53.5,52.8,54.5,52.6,53.5,54.0,55.9,53.9,51.5,53.5,54.5,51.4,49.7,50.4,51.1,49.3,54.3,46.4,57.9,51.0,58.7,49.1,54.0,49.0,52.0,50.0,53.7,50.5,57.2,50.4,60.1,55.1,58.4,46.5,48.8,47.3,48.7,50.2,51.9,45.6,49.2,50.4,48.9,50.4,55.5,46.7,50.1,54.4,53.9,53.1,55.8,57.0,49.9,52.0,50.4,49.9,52.6,50.9,52.3,53.1,52.9,53.0,45.3,49.6,50.8,52.5,48.2
7315,46.1,44.8,43.2,53.8,52.0,53.9,53.3,50.0,51.6,51.4,51.9,53.1,51.3,51.5,52.7,52.3,48.8,46.3,50.6,50.3,50.6,51.1,52.1,50.5,50.1,50.2,54.2,51.3,49.0,51.6,51.9,50.4,47.0,48.1,48.8,46.5,51.8,44.5,53.9,47.0,55.8,47.3,50.3,45.8,49.4,46.1,50.6,47.7,53.1,46.6,55.6,52.6,52.5,44.3,47.1,45.2,46.8,48.4,48.9,44.4,47.6,46.8,46.5,46.6,53.5,44.5,47.8,52.8,52.2,51.2,52.2,51.7,47.1,48.3,47.5,46.9,50.6,49.4,50.4,48.5,50.2,49.0,43.2,48.3,48.0,50.2,45.2
7316,43.9,43.3,41.4,50.8,49.9,52.1,51.4,48.0,50.5,50.2,50.6,51.6,50.2,50.2,51.1,51.3,47.1,45.0,49.3,49.2,49.0,49.6,50.9,49.4,48.1,48.3,52.7,49.6,47.4,50.5,49.9,49.5,45.3,46.2,47.3,45.1,49.4,42.8,51.5,44.8,53.8,46.1,47.8,44.3,47.1,44.0,47.6,45.2,49.1,44.2,53.1,50.3,49.5,42.7,46.1,43.3,45.3,47.2,46.6,43.5,46.8,44.8,44.9,43.7,51.1,42.8,45.9,51.6,51.1,49.9,49.7,49.1,44.9,46.2,44.9,44.7,49.4,48.6,49.2,46.2,48.4,46.3,42.6,47.4,45.9,48.2,43.4
7317,41.8,42.5,40.2,48.5,48.4,50.7,50.2,46.7,49.4,49.2,49.6,50.2,49.4,49.2,49.9,50.4,46.1,43.9,48.4,48.2,48.1,48.3,49.8,48.4,46.5,47.3,51.6,48.2,46.4,49.5,48.7,48.9,44.0,44.8,46.1,43.9,48.1,41.7,49.8,42.7,52.2,44.9,46.1,43.7,45.1,43.0,44.7,43.6,46.7,42.3,50.5,48.0,47.7,41.5,45.1,42.0,44.1,46.3,45.4,42.5,46.0,43.6,43.8,41.0,49.7,41.7,44.4,50.6,50.1,49.0,48.2,47.2,43.2,44.8,42.8,42.8,48.6,47.7,48.0,44.7,47.0,44.2,42.0,46.3,44.5,46.8,42.2
7318,40.3,41.4,39.1,47.0,47.2,49.6,49.0,45.7,48.7,48.3,48.8,49.1,48.5,48.4,48.7,49.6,45.4,42.9,47.6,47.3,47.0,47.4,48.7,47.4,45.5,46.4,50.7,47.2,45.3,48.6,47.8,48.1,42.9,43.6,45.0,43.1,46.8,40.6,48.5,41.6,51.0,44.3,44.8,42.9,43.6,42.2,42.7,41.9,44.7,40.9,48.5,46.0,46.2,40.1,44.5,40.8,43.5,45.3,44.7,41.8,45.3,42.2,42.8,39.3,48.5,40.5,42.8,49.7,49.2,48.1,46.8,45.5,41.4,43.3,41.4,41.5,47.7,47.1,47.2,43.5,45.7,42.5,41.7,45.6,43.3,45.4,41.4
7319,38.7,40.6,38.3,45.5,46.1,48.7,47.8,44.5,47.8,47.7,47.9,48.2,47.7,47.5,47.8,48.7,44.6,42.2,46.7,46.7,46.1,46.6,47.8,46.6,44.7,45.5,49.8,46.2,44.6,48.0,46.7,47.4,42.0,42.8,44.0,42.2,46.2,39.9,47.3,40.5,49.8,43.5,43.4,41.8,42.1,40.9,40.9,40.5,42.6,39.1,46.7,44.2,44.8,39.1,43.9,40.1,42.9,44.6,43.9,41.0,44.6,40.9,41.9,37.8,47.1,39.7,41.8,48.8,48.3,47.4,45.3,44.0,39.8,42.1,40.1,40.1,47.2,46.3,46.6,42.4,44.7,41.2,41.1,44.9,42.2,44.5,40.3
7320,37.4,39.8,37.5,44.5,45.4,47.8,46.8,43.7,46.9,46.9,47.1,47.2,46.6,46.8,46.9,48.0,44.0,41.5,46.0,46.0,45.3,46.0,47.0,45.3,43.8,44.5,49.0,45.3,43.8,47.2,45.9,46.8,41.1,41.9,43.2,41.2,45.3,39.1,46.3,39.6,48.3,43.1,42.3,40.9,41.1,40.1,39.2,39.3,41.2,37.6,45.5,42.6,43.1,38.2,43.2,39.3,42.2,43.8,43.2,40.3,43.9,39.8,41.1,36.1,46.2,38.7,40.8,48.1,47.6,46.6,43.6,42.6,38.6,41.1,38.6,38.5,46.6,45.6,45.7,41.5,43.7,39.8,40.6,44.3,41.4,43.6,39.8
7321,36.4,39.4,36.8,43.4,44.4,46.9,46.1,43.3,46.1,46.3,46.2,46.5,45.7,46.0,46.2,47.3,43.3,40.7,45.5,45.4,44.5,45.2,46.3,44.4,42.8,43.6,48.2,44.5,43.2,46.4,45.1,46.2,40.2,41.0,42.2,40.5,44.3,38.7,45.4,38.9,47.4,42.4,41.3,40.2,39.8,39.4,38.3,38.3,40.3,36.3,44.3,41.2,41.5,37.4,42.7,38.5,41.7,42.9,42.5,39.9,43.4,38.8,40.7,34.8,45.2,38.0,39.7,47.2,46.9,45.9,41.6,41.7,37.4,40.1,37.7,37.4,46.1,44.9,45.0,40.7,42.7,38.7,40.0,43.6,40.5,42.8,39.0
7322,35.2,38.9,36.3,42.6,43.7,46.1,45.3,42.4,45.4,45.5,45.4,45.6,45.0,45.4,45.5,46.7,42.6,40.1,44.8,44.9,43.8,44.7,45.9,43.6,42.0,43.1,47.5,44.0,42.7,45.7,44.3,45.5,39.4,40.6,41.4,39.8,43.7,38.3,44.7,38.1,46.2,42.0,40.3,39.2,38.8,38.7,36.9,37.4,38.8,35.2,43.3,40.1,40.0,36.4,42.0,38.0,41.4,42.3,41.8,39.5,42.8,37.9,40.1,33.7,44.5,37.2,38.6,46.5,46.3,45.2,40.1,40.8,36.3,39.1,36.7,36.4,45.6,44.3,44.5,39.7,41.8,37.6,39.6,43.3,39.8,42.0,38.4
7323,34.4,38.4,35.8,41.9,43.0,45.4,44.6,41.7,44.8,44.9,44.8,44.9,44.3,44.6,44.8,46.2,42.0,39.6,44.2,44.5,43.2,44.1,45.5,42.7,41.3,42.2,46.7,43.3,42.0,45.1,43.7,44.9,38.7,39.7,40.9,39.0,43.0,37.9,43.9,37.0,45.1,41.5,39.5,38.2,38.2,38.1,35.9,36.7,37.8,34.4,42.5,38.9,38.8,35.7,41.5,37.5,40.8,41.8,41.4,39.0,42.4,37.2,39.8,32.7,43.8,36.7,38.0,45.9,45.7,44.5,38.3,40.2,35.3,38.1,35.8,35.3,45.1,43.6,43.8,38.9,41.1,36.8,39.2,42.9,39.0,41.2,37.7
7324,33.8,38.1,35.4,40.9,42.4,44.8,44.1,41.0,44.2,44.3,44.2,44.3,43.9,44.1,44.0,45.4,41.3,39.5,43.6,44.1,42.5,43.6,44.8,42.0,40.9,41.9,46.2,42.5,41.2,44.7,43.0,44.4,38.1,39.3,40.2,38.6,42.5,37.7,43.4,36.2,44.4,41.2,38.7,37.4,37.3,37.6,35.1,36.0,36.9,33.5,41.4,38.2,37.7,35.1,40.7,36.8,40.1,41.3,40.6,38.3,42.0,36.4,39.4,31.9,43.3,36.1,37.2,45.1,45.2,43.9,37.1,39.6,34.6,37.8,35.2,34.7,44.5,43.1,43.3,38.2,40.3,36.0,38.7,42.4,38.4,40.6,37.1
7325,33.2,37.7,35.1,40.4,41.8,44.3,43.8,40.6,43.7,43.6,43.7,43.9,43.4,43.6,43.6,44.9,41.0,39.0,43.0,43.6,42.0,43.0,44.5,41.3,40.2,41.7,45.6,42.1,40.6,44.3,42.4,44.0,37.6,38.7,39.6,38.2,42.2,37.2,42.5,35.7,43.5,40.7,37.9,36.7,36.8,37.1,34.4,35.2,35.9,32.4,40.8,37.4,36.7,34.7,40.2,36.5,39.6,40.8,40.3,38.1,41.5,35.8,39.3,31.0,42.7,35.8,36.6,44.7,44.7,43.4,35.7,38.9,34.1,37.1,34.1,33.8,44.0,42.7,42.6,37.9,39.5,35.2,38.2,42.1,38.0,40.2,36.6
7326,32.6,37.4,34.8,40.0,41.2,43.9,43.3,40.2,43.1,43.0,43.5,43.4,42.7,43.1,43.2,44.5,40.2,38.7,42.7,43.2,41.5,42.5,44.1,40.5,39.5,41.1,45.1,41.8,40.2,44.1,41.9,43.5,37.2,38.1,39.3,37.7,41.4,36.8,42.0,34.9,42.8,40.3,37.2,36.1,36.1,36.4,33.7,34.4,35.2,31.7,40.1,37.0,35.6,34.3,39.7,36.2,39.2,40.6,39.9,37.8,41.1,35.3,39.3,30.3,42.1,35.4,35.9,44.1,44.2,42.8,34.8,38.3,33.3,36.8,33.4,33.2,43.7,42.2,42.3,37.3,39.0,34.7,37.9,41.7,37.3,39.7,36.2
7327,33.9,38.0,35.9,39.4,40.8,43.6,43.2,39.7,42.9,42.6,43.6,43.1,42.8,42.5,42.8,44.3,40.1,38.6,42.7,43.6,41.1,42.3,43.8,40.1,39.0,40.7,44.7,41.2,39.8,43.8,41.7,43.4,36.7,37.8,38.9,37.5,42.2,37.3,41.5,35.1,42.2,42.1,37.0,35.5,37.0,37.2,33.5,35.9,35.4,30.9,39.6,36.8,35.0,35.0,39.2,36.2,38.7,40.4,39.6,37.7,41.1,35.0,39.1,30.9,41.9,35.0,35.4,43.7,44.1,42.8,34.0,37.8,34.0,36.4,34.1,32.7,43.9,42.3,41.7,36.9,38.4,33.9,37.5,42.1,36.8,39.3,35.9
7328,40.3,41.9,42.4,40.9,42.8,45.3,45.4,42.2,45.5,45.1,46.8,45.3,46.3,44.4,45.3,46.4,43.3,42.3,46.0,47.1,43.8,44.8,46.5,41.9,40.7,43.2,46.2,43.3,42.7,46.4,43.6,46.4,38.4,39.9,40.4,39.6,47.6,41.4,43.0,41.2,45.1,48.4,38.3,39.6,41.4,42.9,37.9,42.1,46.2,34.0,43.8,40.3,40.9,40.1,39.8,38.8,40.5,42.0,40.0,40.3,42.9,34.9,42.0,37.9,43.1,38.3,38.7,45.2,47.7,46.5,40.3,39.3,40.2,40.6,41.6,36.7,47.6,45.1,44.1,38.5,40.2,35.1,39.1,44.7,38.1,41.5,38.2
7329,46.4,46.5,48.9,47.0,47.2,49.4,49.4,47.1,48.8,48.5,50.3,48.7,50.2,47.8,49.6,49.8,47.8,46.2,49.9,50.7,48.1,48.8,50.5,45.9,45.6,48.2,49.4,47.9,46.7,49.9,47.9,49.2,42.9,44.2,43.6,43.8,52.8,46.0,48.2,46.4,48.6,53.4,43.8,44.1,46.6,48.9,42.3,47.2,54.3,40.5,51.3,44.8,47.1,45.7,42.9,42.2,44.2,45.8,43.1,43.3,44.9,38.0,45.9,44.7,45.5,43.1,43.3,48.4,51.1,50.0,47.0,46.1,45.8,46.4,47.4,43.1,51.2,48.5,48.0,43.8,45.1,39.8,43.7,47.5,42.8,45.7,43.0
7330,52.0,50.4,52.8,52.6,51.6,53.0,53.3,51.6,51.9,51.7,53.3,52.3,53.4,50.9,53.3,52.8,51.8,49.0,53.2,53.6,51.9,52.1,54.0,49.9,50.5,52.4,52.7,52.0,50.4,53.1,52.0,51.9,47.3,48.5,47.0,47.8,56.8,49.9,53.3,50.6,52.2,57.0,49.4,48.2,51.8,53.4,47.7,51.5,59.9,46.8,56.5,49.2,52.7,50.4,46.0,45.7,47.7,49.3,46.2,45.9,47.2,42.2,48.9,50.5,48.4,47.0,47.6,51.5,54.1,53.1,52.8,52.7,51.3,50.8,52.0,48.3,54.5,51.4,51.4,49.2,50.0,45.1,47.2,50.1,47.1,49.9,47.2
7331,56.4,53.4,55.7,57.2,55.4,56.0,56.6,55.4,54.5,54.4,55.7,55.3,55.8,53.6,56.4,55.3,55.2,51.6,55.6,56.0,55.1,54.7,57.0,53.3,54.8,55.9,55.5,55.5,53.7,55.7,55.3,54.4,50.9,52.1,50.4,51.3,60.2,53.0,57.6,54.1,55.5,59.5,53.9,51.3,55.7,56.4,52.5,55.3,63.4,51.5,60.9,53.3,57.6,54.2,49.2,48.6,50.6,52.2,49.3,48.2,49.3,46.2,51.7,54.6,51.4,50.4,51.2,53.9,56.5,55.6,58.0,57.3,55.4,54.0,55.5,52.4,56.7,53.6,54.2,53.6,54.2,50.4,49.9,52.0,50.6,53.2,50.5
7332,59.7,55.7,57.5,60.7,58.3,58.6,59.2,58.2,56.4,56.6,57.4,57.4,57.7,55.7,58.9,57.2,57.7,53.7,57.4,57.7,57.4,56.6,59.2,56.3,58.1,58.8,57.6,58.0,56.2,57.7,57.8,56.2,53.8,54.6,53.1,54.0,62.7,55.2,60.9,56.7,58.2,61.0,57.5,53.9,58.8,58.5,55.9,58.1,66.1,54.8,64.1,57.1,61.3,56.7,51.5,50.8,52.7,54.5,51.8,50.2,51.1,49.5,53.9,57.5,54.5,52.9,54.2,56.2,58.4,57.5,61.4,60.8,58.6,56.3,58.2,55.5,58.3,55.2,56.4,56.9,57.4,54.6,52.1,53.5,53.3,55.7,53.1
7333,61.8,56.9,58.6,63.1,60.4,60.5,61.2,60.1,57.8,58.0,58.7,58.9,59.0,57.2,60.8,58.7,59.4,55.2,58.7,58.7,59.2,58.3,61.0,58.3,60.4,60.8,59.2,59.7,58.0,59.2,59.6,57.7,55.7,56.5,54.9,55.8,64.6,56.6,63.5,58.6,60.3,62.2,60.0,55.9,61.0,60.1,58.6,60.0,68.1,57.4,66.0,59.7,64.0,58.2,52.8,52.3,54.0,55.9,53.6,51.6,52.6,52.0,55.5,59.6,57.3,54.7,56.6,57.8,59.7,58.8,63.5,63.2,60.6,58.0,60.1,57.5,59.4,56.5,57.9,59.2,59.6,57.6,53.7,54.3,55.3,57.5,55.0
7334,62.3,57.5,59.2,64.9,61.8,61.7,62.4,61.3,58.6,59.0,59.4,60.0,59.8,58.2,61.8,59.5,60.3,56.2,59.2,59.2,60.3,59.1,62.2,59.5,61.9,62.0,60.1,60.8,59.0,60.0,60.8,58.5,57.0,57.8,56.2,56.6,65.7,56.8,64.8,59.6,62.1,62.5,61.6,57.5,62.2,60.9,60.3,61.0,69.1,58.8,67.1,61.3,65.8,58.5,53.5,53.0,54.8,56.7,55.1,52.4,53.5,54.0,56.3,60.8,59.4,55.4,58.0,58.8,60.4,59.6,64.8,64.6,61.5,59.3,61.4,58.5,59.8,57.0,58.8,60.8,61.2,59.5,54.9,54.6,56.6,58.4,56.1
7335,62.7,57.2,58.9,65.6,62.2,62.2,63.0,61.5,58.7,59.0,59.4,60.5,59.9,58.5,62.3,59.8,60.5,56.1,59.1,59.1,60.6,59.3,62.5,59.9,62.3,62.5,60.4,61.1,59.3,60.2,61.1,58.4,57.5,58.2,56.7,56.7,65.7,56.7,65.5,59.8,63.0,62.1,62.3,58.0,62.5,61.0,60.9,61.1,69.2,59.5,67.4,61.8,66.7,58.7,53.8,53.2,55.1,56.9,55.8,52.4,53.5,55.1,56.4,61.1,60.3,55.3,58.7,58.9,60.5,59.8,65.1,65.0,61.5,59.8,61.6,58.9,59.8,56.9,59.0,61.4,61.5,59.7,55.0,54.2,57.1,58.8,56.3
7336,61.5,55.4,56.6,65.3,61.6,61.9,62.5,61.1,57.8,58.1,58.7,60.1,59.1,58.1,61.6,59.0,60.0,54.6,58.1,57.8,59.9,58.5,61.7,59.3,61.8,62.1,59.8,60.5,58.5,59.5,60.5,57.6,57.0,57.5,56.1,56.4,64.2,54.7,65.2,58.8,63.1,60.1,62.1,57.5,61.3,59.2,60.5,59.8,67.7,59.0,66.8,60.9,66.3,56.6,53.2,52.0,54.4,56.2,55.6,51.0,52.3,55.3,55.2,60.1,60.2,53.9,58.1,58.5,59.9,58.9,64.4,65.2,60.3,59.6,60.3,58.2,58.8,55.9,58.3,61.5,60.9,59.7,54.4,53.1,56.8,58.1,55.8
7337,54.5,50.2,49.4,63.5,59.1,59.9,60.3,58.4,55.1,55.4,55.8,58.4,55.9,56.1,59.3,56.5,57.1,50.5,55.2,54.2,57.4,55.8,59.2,56.6,59.3,59.7,57.8,58.0,55.7,57.0,58.2,54.6,54.5,54.7,53.9,53.7,59.2,49.7,63.3,55.1,61.4,53.2,59.8,54.6,55.3,54.1,57.7,54.8,61.6,56.5,64.8,57.8,64.2,49.9,51.1,48.9,51.6,53.6,54.3,47.3,50.4,54.0,51.7,55.5,58.3,49.9,54.9,56.4,57.3,55.9,61.8,63.3,55.4,57.3,54.9,55.6,55.7,53.1,55.7,59.1,58.4,57.5,51.5,50.9,54.7,55.6,52.7
7338,48.8,46.3,45.1,58.0,54.4,56.0,55.9,53.1,52.8,52.5,53.2,55.3,52.5,53.3,55.0,53.7,52.0,47.7,52.1,51.6,53.2,52.6,54.3,52.3,53.2,53.7,55.7,53.7,51.2,53.4,54.3,51.3,49.2,49.9,50.7,48.9,54.0,46.1,57.8,50.6,58.2,48.8,53.6,48.7,51.6,49.7,53.4,49.9,56.5,50.0,59.5,54.6,57.8,46.0,48.5,46.7,48.3,49.7,51.3,45.1,48.6,49.8,48.6,49.9,55.0,46.4,49.5,54.2,53.8,52.9,55.4,56.7,49.4,51.6,49.9,49.4,52.3,50.6,52.1,52.6,52.5,52.4,44.8,49.4,50.4,52.2,47.7
7339,45.7,44.4,42.7,53.6,51.7,53.8,53.2,49.7,51.4,51.1,51.7,52.9,51.0,51.3,52.6,52.0,48.5,46.0,50.3,49.9,50.4,50.8,51.9,50.2,49.7,50.2,54.0,51.1,48.8,51.4,51.6,50.2,46.5,47.7,48.3,46.2,51.5,44.1,53.8,46.6,55.2,47.1,50.0,45.6,49.0,45.9,50.2,47.1,52.4,46.2,55.0,52.1,52.0,43.7,46.8,44.7,46.4,47.9,48.3,44.0,47.2,46.3,46.2,46.1,53.0,44.2,47.2,52.6,52.1,51.0,51.8,51.5,46.5,47.9,47.0,46.5,50.3,49.1,50.2,48.1,49.7,48.5,42.8,48.1,47.6,49.8,44.7
7340,43.6,42.9,40.9,50.6,49.6,52.0,51.2,47.7,50.4,49.9,50.3,51.3,49.9,49.9,50.9,51.0,46.8,44.8,49.0,48.8,48.7,49.3,50.6,49.1,47.8,48.3,52.4,49.4,47.2,50.2,49.6,49.2,44.8,45.7,46.9,44.7,49.2,42.4,51.4,44.4,53.3,45.8,47.5,44.0,46.6,43.8,47.0,44.7,48.5,43.8,52.5,49.9,49.1,42.2,45.8,42.9,45.0,46.7,46.0,43.0,46.5,44.3,44.6,43.2,50.7,42.5,45.4,51.4,50.8,49.7,49.4,48.9,44.4,45.9,44.6,44.3,49.1,48.2,49.0,45.8,48.0,45.8,42.4,47.2,45.4,47.9,43.0
7341,41.4,42.1,39.8,48.2,48.2,50.6,50.1,46.4,49.2,49.0,49.2,49.8,48.9,48.9,49.8,50.0,45.8,43.7,48.0,47.8,47.8,48.0,49.5,48.1,46.2,47.1,51.4,48.0,46.1,49.1,48.5,48.6,43.5,44.3,45.7,43.5,47.9,41.4,49.7,42.4,51.8,44.5,45.8,43.5,44.7,42.7,44.2,43.1,46.2,41.9,49.9,47.5,47.3,40.9,44.8,41.6,43.9,45.9,44.8,42.2,45.6,43.0,43.6,40.6,49.3,41.5,43.8,50.4,49.8,48.7,47.8,47.0,42.6,44.5,42.4,42.3,48.2,47.3,47.7,44.3,46.7,43.7,41.8,46.3,44.0,46.4,41.7
7342,40.0,41.2,38.7,46.8,46.9,49.6,48.9,45.4,48.4,48.1,48.4,48.8,48.0,48.1,48.6,49.2,45.2,42.7,47.2,46.9,46.8,47.0,48.4,47.1,45.2,46.3,50.5,47.0,45.0,48.3,47.6,47.8,42.3,43.2,44.5,42.6,46.6,40.3,48.4,41.4,50.7,43.9,44.5,42.7,43.3,41.9,42.2,41.4,44.1,40.5,48.0,45.6,45.7,39.5,44.2,40.5,43.3,45.1,44.3,41.4,44.9,41.7,42.5,38.9,48.2,40.3,42.4,49.4,48.8,47.7,46.4,45.3,40.8,43.0,41.0,41.0,47.3,46.6,46.9,43.1,45.5,42.0,41.6,45.4,42.8,45.1,40.9
7343,38.3,40.4,37.9,45.3,45.9,48.6,47.7,44.2,47.5,47.5,47.4,47.7,47.1,47.3,47.7,48.4,44.3,41.9,46.3,46.3,45.8,46.2,47.6,46.2,44.4,45.3,49.5,46.0,44.3,47.6,46.5,47.1,41.4,42.3,43.6,41.8,46.1,39.6,47.2,40.2,49.6,43.2,43.1,41.7,41.7,40.7,40.4,40.0,42.0,38.8,46.2,43.9,44.4,38.5,43.6,39.8,42.6,44.3,43.5,40.7,44.4,40.4,41.6,37.5,46.9,39.6,41.4,48.6,48.0,47.0,44.9,43.7,39.2,41.7,39.6,39.7,46.8,45.8,46.3,42.0,44.4,40.7,40.9,44.8,41.8,44.2,39.9
7344,37.0,39.6,37.2,44.3,45.1,47.7,46.7,43.5,46.5,46.7,46.6,46.8,46.1,46.6,46.8,47.8,43.8,41.3,45.6,45.6,45.0,45.7,46.8,45.0,43.5,44.3,48.7,45.1,43.5,46.8,45.7,46.5,40.5,41.4,42.7,40.8,45.2,38.9,46.2,39.2,48.0,42.9,42.0,40.8,40.6,39.9,38.9,38.8,40.5,37.4,45.0,42.2,42.6,37.7,42.9,39.1,41.9,43.5,42.9,40.0,43.7,39.4,40.9,35.9,46.0,38.6,40.4,47.9,47.2,46.1,43.2,42.4,38.0,40.7,38.3,38.1,46.1,45.1,45.5,41.0,43.4,39.4,40.4,44.2,40.9,43.3,39.4
7345,35.9,39.2,36.5,43.3,44.2,46.8,45.9,43.1,45.7,46.1,45.6,46.0,45.2,45.8,46.1,47.0,43.1,40.5,44.9,45.0,44.2,44.8,46.2,44.2,42.5,43.4,48.0,44.3,42.8,46.0,44.9,45.8,39.7,40.5,41.8,40.2,44.2,38.6,45.3,38.5,47.1,42.3,41.0,39.9,39.3,39.2,37.9,37.8,39.7,36.1,43.8,40.9,41.1,36.8,42.4,38.3,41.4,42.6,42.2,39.6,43.2,38.4,40.4,34.5,45.0,37.7,39.4,46.9,46.4,45.3,41.2,41.4,36.8,39.7,37.5,37.1,45.6,44.4,44.9,40.2,42.4,38.3,39.7,43.6,40.0,42.5,38.6
7346,34.8,38.7,36.0,42.4,43.5,46.0,45.2,42.1,45.1,45.2,44.9,45.2,44.5,45.2,45.3,46.5,42.4,40.0,44.3,44.4,43.5,44.3,45.7,43.3,41.7,42.8,47.3,43.7,42.3,45.3,44.1,45.1,38.9,40.1,41.1,39.5,43.6,38.2,44.6,37.7,45.9,41.8,40.0,39.0,38.3,38.5,36.7,37.0,38.2,34.9,42.8,39.8,39.5,35.9,41.7,37.9,41.2,42.1,41.5,39.2,42.6,37.4,40.0,33.6,44.4,37.0,38.4,46.3,45.8,44.6,39.7,40.5,35.7,38.7,36.4,36.2,45.0,43.8,44.3,39.3,41.5,37.2,39.3,43.2,39.4,41.8,38.0
7347,34.0,38.1,35.4,41.7,42.8,45.3,44.5,41.4,44.5,44.6,44.2,44.5,43.8,44.4,44.7,45.9,41.7,39.5,43.6,44.0,42.9,43.8,45.3,42.5,40.9,42.0,46.5,43.0,41.7,44.7,43.4,44.4,38.2,39.3,40.5,38.8,43.0,37.8,43.8,36.7,44.8,41.4,39.3,38.0,37.7,37.9,35.7,36.3,37.2,34.2,42.1,38.7,38.4,35.1,41.3,37.4,40.6,41.6,41.1,38.8,42.1,36.7,39.6,32.5,43.7,36.5,37.8,45.7,45.2,43.9,38.0,39.9,34.8,37.7,35.7,35.0,44.6,43.1,43.6,38.5,40.9,36.4,38.8,42.8,38.5,40.9,37.2
7348,33.4,37.9,35.0,40.7,42.2,44.8,44.0,40.8,43.9,44.0,43.6,44.0,43.4,43.9,43.9,45.2,41.1,39.4,43.0,43.6,42.2,43.3,44.7,41.7,40.6,41.7,46.0,42.2,40.9,44.3,42.7,44.0,37.6,38.9,39.8,38.3,42.5,37.5,43.2,36.0,44.1,41.0,38.5,37.2,36.8,37.4,34.7,35.6,36.4,33.4,41.0,38.0,37.3,34.6,40.5,36.7,40.0,41.1,40.2,38.1,41.7,36.0,39.1,31.7,43.2,35.8,37.0,45.0,44.7,43.3,36.8,39.3,34.0,37.5,35.0,34.4,43.9,42.5,43.1,37.8,40.1,35.6,38.4,42.3,37.9,40.3,36.7
7349,32.8,37.5,34.6,40.3,41.7,44.3,43.7,40.4,43.3,43.4,43.2,43.5,43.0,43.4,43.4,44.7,40.7,38.9,42.5,43.1,41.6,42.7,44.4,41.0,39.9,41.5,45.3,41.9,40.3,44.0,42.2,43.6,37.2,38.4,39.2,37.8,42.1,37.1,42.4,35.4,43.2,40.5,37.7,36.5,36.4,36.9,34.1,34.9,35.4,32.3,40.3,37.2,36.4,34.2,40.1,36.4,39.5,40.6,40.0,37.8,41.2,35.4,39.1,30.9,42.6,35.6,36.4,44.5,44.3,42.9,35.3,38.7,33.6,36.7,34.0,33.7,43.3,42.2,42.4,37.4,39.3,34.7,37.9,42.1,37.5,39.8,36.2
7350,32.2,37.3,34.5,39.8,41.1,43.8,43.1,40.1,42.8,42.7,43.0,43.0,42.4,42.8,43.1,44.3,40.0,38.6,42.1,42.6,41.2,42.2,44.0,40.3,39.3,40.9,44.8,41.6,40.0,43.7,41.6,43.1,36.7,37.7,39.0,37.4,41.2,36.6,41.9,34.7,42.5,40.1,37.0,35.8,35.7,36.4,33.5,34.1,34.7,31.6,39.7,36.7,35.4,33.8,39.5,36.1,39.0,40.5,39.6,37.6,40.9,35.0,39.0,30.2,42.1,35.2,35.7,43.9,43.8,42.3,34.4,38.1,32.8,36.4,33.2,33.0,43.0,41.7,42.0,36.8,38.8,34.1,37.5,41.6,36.9,39.4,35.9
7351,33.4,37.8,35.6,39.1,40.6,43.4,42.9,39.6,42.6,42.4,43.0,42.7,42.4,42.3,42.6,44.1,39.9,38.4,42.3,43.1,40.8,42.0,43.7,39.9,38.8,40.6,44.5,41.0,39.7,43.5,41.4,43.0,36.2,37.5,38.6,37.3,42.0,37.2,41.5,34.8,41.9,41.8,36.8,35.2,36.6,37.0,33.2,35.4,34.9,30.8,39.2,36.5,34.8,34.5,39.1,36.1,38.6,40.2,39.3,37.5,40.9,34.7,38.8,30.8,41.8,34.8,35.3,43.5,43.7,42.3,33.7,37.6,33.5,36.0,33.9,32.5,43.3,41.8,41.5,36.4,38.2,33.5,37.2,41.9,36.4,39.0,35.6
7352,39.8,41.7,42.1,40.6,42.6,45.1,45.1,42.0,45.2,44.8,46.3,44.9,45.9,44.1,45.1,46.3,43.0,42.0,45.5,46.7,43.5,44.5,46.2,41.6,40.5,42.9,46.0,43.0,42.4,46.2,43.4,46.1,37.8,39.5,40.0,39.2,47.4,41.3,42.9,41.0,44.8,48.2,38.1,39.2,41.1,42.9,37.6,41.6,45.6,33.6,43.3,39.9,40.6,39.6,39.6,38.6,40.3,41.7,39.7,40.0,42.7,34.6,41.5,37.5,43.0,37.9,38.4,45.0,47.3,46.0,39.8,39.0,39.7,40.1,41.2,36.3,47.1,44.6,43.9,38.0,39.9,34.6,38.8,44.5,37.6,41.2,37.9
7353,46.1,46.5,48.7,46.7,47.0,49.1,49.1,46.8,48.7,48.2,49.9,48.5,49.9,47.6,49.3,49.6,47.6,45.9,49.5,50.4,47.9,48.7,50.2,45.5,45.3,47.9,49.2,47.6,46.4,49.8,47.6,49.1,42.2,43.8,43.3,43.4,52.7,46.1,48.1,46.1,48.3,53.4,43.5,43.9,46.4,48.9,41.9,46.6,53.6,40.0,50.9,44.3,46.8,45.1,42.5,41.8,43.8,45.5,42.7,43.0,44.5,37.6,45.5,44.2,45.2,42.7,42.9,48.2,50.9,49.6,46.6,45.8,45.6,46.1,46.9,42.6,50.9,48.2,47.7,43.3,44.7,39.3,43.3,47.3,42.3,45.4,42.6
7354,51.9,50.5,52.8,52.4,51.4,52.7,53.0,51.3,51.9,51.4,53.0,52.2,53.2,50.7,53.0,52.8,51.5,48.7,52.9,53.4,51.6,52.1,53.8,49.5,50.2,52.1,52.5,51.7,50.1,53.2,51.8,51.9,46.6,48.2,46.7,47.5,56.7,50.1,53.3,50.3,51.9,57.0,49.1,47.9,51.7,53.6,47.4,50.8,59.3,46.3,56.0,48.7,52.4,49.9,45.6,45.3,47.3,48.8,45.8,45.5,46.8,41.7,48.5,49.9,48.1,46.6,47.0,51.2,53.9,52.8,52.4,52.6,51.1,50.5,51.4,47.9,54.2,51.2,51.1,48.8,49.6,44.6,46.8,49.9,46.6,49.6,46.8
7355,56.4,53.6,55.7,57.1,55.1,55.7,56.4,55.1,54.6,54.1,55.5,55.3,55.8,53.3,56.2,55.3,54.9,51.4,55.4,55.8,54.9,54.6,56.9,52.9,54.5,55.6,55.2,55.3,53.4,55.9,55.0,54.4,50.2,51.7,50.0,51.1,60.2,53.2,57.6,53.8,55.2,59.5,53.6,51.1,55.7,56.7,52.3,54.6,62.8,50.9,60.3,52.8,57.3,53.8,48.9,48.2,50.2,51.7,48.9,47.8,48.9,45.7,51.3,54.1,50.9,50.0,50.7,53.7,56.4,55.4,57.7,57.3,55.4,53.7,55.0,52.1,56.5,53.4,53.9,53.2,53.9,49.8,49.6,51.9,50.1,52.9,50.1
7356,59.7,55.9,57.5,60.7,58.0,58.4,59.0,57.9,56.5,56.3,57.3,57.5,57.7,55.4,58.6,57.1,57.4,53.3,57.2,57.5,57.2,56.6,59.1,55.9,57.9,58.5,57.3,57.8,55.9,57.9,57.5,56.3,53.1,54.2,52.8,53.7,62.8,55.4,61.0,56.4,57.9,61.2,57.4,53.7,58.9,58.8,55.7,57.5,65.5,54.3,63.5,56.4,61.1,56.3,51.1,50.4,52.2,54.0,51.3,49.8,50.8,49.1,53.4,56.9,53.9,52.6,53.7,56.0,58.3,57.3,61.1,60.9,58.7,56.1,57.7,55.2,58.2,55.2,56.1,56.6,57.1,54.0,51.7,53.3,52.8,55.3,52.6
7357,61.8,57.0,58.7,63.2,60.0,60.4,61.1,59.8,57.8,57.7,58.7,59.0,59.1,56.9,60.6,58.6,59.2,54.8,58.6,58.5,59.0,58.2,60.8,57.9,60.2,60.6,59.0,59.5,57.7,59.4,59.3,57.8,55.1,56.1,54.5,55.5,64.7,56.8,63.6,58.4,60.1,62.3,60.0,55.7,61.1,60.4,58.4,59.3,67.4,56.9,65.5,59.0,63.8,57.9,52.5,51.9,53.6,55.4,53.2,51.3,52.2,51.6,55.1,58.9,56.7,54.3,56.2,57.5,59.7,58.7,63.2,63.3,60.7,57.7,59.6,57.1,59.3,56.5,57.7,58.9,59.3,57.1,53.4,54.1,54.8,57.2,54.5
7358,62.3,57.7,59.2,65.0,61.5,61.6,62.3,61.0,58.6,58.7,59.4,60.0,59.9,57.9,61.6,59.4,60.1,55.8,59.1,59.0,60.1,59.0,62.1,59.1,61.9,61.8,59.9,60.6,58.8,60.1,60.6,58.7,56.4,57.3,55.9,56.3,65.8,57.0,64.9,59.4,61.8,62.8,61.7,57.3,62.3,61.3,60.1,60.3,68.4,58.3,66.5,60.6,65.7,58.3,53.1,52.7,54.3,56.2,54.6,52.0,53.2,53.5,56.0,60.1,58.8,55.1,57.6,58.5,60.6,59.6,64.5,64.7,61.6,58.9,60.8,58.1,59.8,57.0,58.7,60.5,60.9,59.1,54.5,54.3,56.1,58.1,55.7
7359,62.8,57.4,58.8,65.8,62.0,62.1,62.9,61.3,58.7,58.8,59.5,60.4,60.0,58.3,62.2,59.7,60.3,55.7,59.1,58.9,60.4,59.1,62.3,59.5,62.3,62.3,60.2,60.9,59.0,60.3,61.0,58.5,56.9,57.8,56.3,56.3,65.8,56.9,65.6,59.6,62.8,62.3,62.3,57.8,62.4,61.3,60.7,60.4,68.5,59.0,66.8,61.2,66.4,58.4,53.4,52.8,54.6,56.4,55.3,52.0,53.2,54.7,56.0,60.5,59.6,55.0,58.3,58.8,60.7,59.8,64.8,65.3,61.6,59.2,61.0,58.4,59.7,57.0,58.8,61.2,61.3,59.4,54.6,54.0,56.6,58.5,55.8
7360,61.4,55.4,56.4,65.6,61.3,61.8,62.4,60.8,57.7,57.9,58.7,60.0,59.1,57.9,61.6,59.0,59.8,54.2,58.1,57.6,59.8,58.4,61.6,59.0,61.9,61.9,59.6,60.3,58.3,59.6,60.4,57.6,56.4,57.0,55.7,56.0,64.4,54.8,65.3,58.6,62.9,60.2,62.2,57.2,61.1,59.4,60.3,59.1,67.0,58.5,66.2,60.3,65.8,56.2,52.7,51.5,53.9,55.7,55.2,50.5,51.9,54.9,54.8,59.4,59.6,53.5,57.8,58.3,60.0,58.8,64.1,65.4,60.3,59.0,59.6,57.7,58.8,55.9,58.2,61.2,60.7,59.2,54.0,52.8,56.4,57.9,55.3
7361,54.3,50.1,49.0,63.6,58.9,59.8,60.1,58.1,55.0,55.3,55.7,58.3,55.8,55.9,59.2,56.4,57.0,50.0,55.1,53.9,57.3,55.7,59.0,56.2,59.3,59.5,57.6,57.8,55.4,56.9,58.1,54.5,53.9,54.2,53.5,53.2,59.2,49.7,63.4,54.8,61.1,53.2,59.8,54.2,55.1,54.1,57.3,54.1,60.8,56.0,64.1,57.2,63.7,49.5,50.6,48.4,51.1,53.0,53.7,46.8,50.0,53.5,51.1,54.8,57.7,49.5,54.5,56.3,57.2,55.7,61.4,63.5,55.3,56.6,54.2,55.0,55.6,53.0,55.6,58.9,58.2,57.0,51.0,50.6,54.3,55.3,52.2
7362,48.6,46.3,44.8,58.0,54.2,55.9,55.8,52.8,52.7,52.4,52.9,55.2,52.2,53.1,54.9,53.6,51.8,47.2,51.8,51.2,53.0,52.5,54.2,52.0,53.2,53.7,55.6,53.6,50.9,53.3,54.1,51.1,48.7,49.5,50.3,48.4,54.0,46.1,57.9,50.3,57.9,48.9,53.6,48.3,51.4,49.6,52.9,49.3,55.8,49.4,59.0,54.1,57.2,45.7,48.0,46.3,47.9,49.2,50.9,44.6,48.4,49.4,48.1,49.3,54.5,46.1,49.2,54.1,53.7,52.6,55.0,56.8,49.3,51.1,49.4,48.9,52.1,50.4,52.0,52.5,52.4,52.0,44.4,49.2,50.0,51.9,47.4
7363,45.6,44.4,42.6,53.7,51.5,53.8,53.2,49.5,51.4,51.0,51.3,52.8,50.6,51.1,52.6,51.9,48.4,45.6,50.0,49.5,50.2,50.8,51.9,50.0,49.9,50.2,53.8,51.0,48.6,51.2,51.4,50.0,46.0,47.4,48.0,45.8,51.6,44.2,53.9,46.3,54.9,47.1,50.0,45.2,48.7,45.9,49.8,46.5,51.8,45.7,54.6,51.6,51.5,43.5,46.5,44.3,46.1,47.5,48.0,43.5,46.9,46.1,45.8,45.6,52.4,44.0,46.9,52.5,51.9,50.6,51.4,51.5,46.4,47.4,46.6,46.1,50.1,48.8,50.2,47.9,49.7,48.1,42.5,47.9,47.2,49.5,44.4
7364,43.4,42.8,40.7,50.6,49.5,52.0,51.3,47.6,50.3,49.7,49.9,51.1,49.5,49.8,50.9,50.9,46.7,44.3,48.6,48.4,48.7,49.2,50.6,48.9,47.9,48.4,52.3,49.3,47.1,50.1,49.5,49.1,44.5,45.5,46.5,44.4,49.3,42.3,51.5,44.2,53.1,45.8,47.6,43.7,46.4,43.7,46.5,44.1,48.0,43.4,52.0,49.4,48.6,42.0,45.4,42.6,44.6,46.4,45.8,42.7,46.2,44.2,44.2,42.8,50.2,42.3,45.2,51.3,50.6,49.3,49.0,48.9,44.3,45.4,44.1,43.9,48.8,48.0,48.8,45.7,48.0,45.6,42.1,47.1,45.1,47.6,42.7
7365,41.3,42.0,39.7,48.4,48.1,50.6,50.0,46.3,49.1,48.7,48.8,49.7,48.6,48.8,49.8,50.0,45.8,43.3,47.6,47.4,47.8,48.0,49.5,47.9,46.4,47.3,51.2,47.9,46.0,49.1,48.5,48.5,43.1,44.0,45.4,43.2,47.9,41.2,49.8,42.2,51.5,44.5,45.8,43.1,44.6,42.7,43.8,42.6,45.6,41.6,49.5,47.2,46.9,40.7,44.4,41.3,43.5,45.5,44.6,41.8,45.3,42.9,43.1,40.2,48.9,41.2,43.6,50.2,49.6,48.4,47.4,46.9,42.5,44.0,42.0,42.0,47.9,47.1,47.6,44.3,46.7,43.5,41.6,46.1,43.6,46.1,41.3
7366,39.8,41.0,38.6,46.8,46.9,49.6,48.9,45.2,48.3,48.0,48.0,48.5,47.6,48.0,48.7,49.1,45.1,42.3,46.8,46.4,46.7,47.0,48.4,46.9,45.3,46.4,50.3,46.9,44.9,48.2,47.5,47.7,41.9,42.9,44.2,42.4,46.7,40.1,48.5,41.1,50.4,43.9,44.5,42.3,43.1,41.8,41.8,40.9,43.6,40.2,47.6,45.3,45.3,39.3,43.8,40.1,42.9,44.6,44.0,41.0,44.6,41.5,42.1,38.6,47.8,40.1,42.2,49.3,48.6,47.4,46.0,45.1,40.7,42.5,40.6,40.6,46.9,46.3,46.8,43.1,45.5,41.9,41.4,45.2,42.5,44.8,40.5
7367,38.2,40.2,37.7,45.4,45.9,48.7,47.8,44.1,47.4,47.3,47.0,47.6,46.9,47.1,47.8,48.3,44.2,41.6,45.9,45.8,45.8,46.2,47.6,46.0,44.5,45.5,49.4,46.0,44.1,47.6,46.4,47.0,41.0,42.0,43.2,41.5,46.1,39.4,47.3,39.8,49.3,43.2,43.1,41.4,41.5,40.6,40.0,39.6,41.5,38.5,45.8,43.6,44.0,38.2,43.2,39.5,42.2,43.9,43.2,40.3,44.0,40.2,41.3,37.1,46.5,39.4,41.1,48.5,47.7,46.6,44.5,43.5,39.2,41.2,39.4,39.3,46.3,45.6,46.3,42.1,44.5,40.5,40.7,44.6,41.5,44.0,39.5
7368,37.0,39.4,37.0,44.3,45.1,47.8,46.9,43.4,46.4,46.6,46.2,46.6,45.9,46.4,46.9,47.6,43.7,41.0,45.2,45.1,45.0,45.7,46.8,44.8,43.6,44.5,48.6,45.1,43.4,46.7,45.6,46.3,40.2,41.1,42.3,40.5,45.3,38.8,46.3,39.0,47.7,42.9,41.9,40.5,40.5,39.7,38.5,38.4,40.1,37.1,44.7,42.0,42.3,37.3,42.6,38.7,41.6,43.1,42.5,39.7,43.3,39.3,40.5,35.7,45.6,38.6,40.2,47.8,47.0,45.8,42.8,42.3,38.0,40.2,38.2,37.8,45.7,44.9,45.5,41.0,43.5,39.1,40.2,44.0,40.5,43.1,38.9
7369,35.9,39.2,36.3,43.3,44.2,46.9,46.1,43.0,45.7,45.9,45.3,45.7,45.0,45.8,46.2,46.9,43.2,40.3,44.6,44.4,44.1,44.8,46.2,44.0,42.6,43.6,47.9,44.4,42.7,46.0,44.8,45.7,39.4,40.2,41.4,39.8,44.2,38.5,45.4,38.3,46.8,42.3,40.9,39.6,39.2,39.0,37.5,37.4,39.2,35.9,43.5,40.7,40.7,36.6,42.2,38.0,41.1,42.3,41.8,39.2,42.8,38.3,40.0,34.2,44.7,37.7,39.2,46.9,46.2,45.1,40.8,41.4,36.8,39.2,37.1,36.8,45.1,44.2,44.9,40.2,42.5,38.0,39.5,43.3,39.8,42.3,38.2
7370,34.7,38.4,35.8,42.4,43.5,46.1,45.4,42.0,45.0,45.1,44.6,45.0,44.2,45.1,45.4,46.4,42.5,39.8,44.0,43.9,43.5,44.3,45.8,43.1,41.8,43.1,47.2,43.8,42.3,45.3,44.1,45.0,38.6,39.8,40.7,39.1,43.6,38.1,44.6,37.5,45.5,41.8,40.0,38.6,38.2,38.2,36.4,36.6,37.8,34.8,42.5,39.5,39.2,35.7,41.5,37.6,40.9,41.8,41.1,38.8,42.3,37.4,39.7,33.3,44.1,37.0,38.2,46.3,45.6,44.4,39.4,40.5,35.6,38.2,36.2,35.9,44.6,43.6,44.3,39.2,41.6,37.0,39.1,43.0,39.1,41.6,37.6
7371,34.0,38.0,35.2,41.7,42.8,45.3,44.6,41.4,44.4,44.6,43.9,44.3,43.5,44.4,44.8,45.8,41.9,39.3,43.2,43.4,43.0,43.8,45.4,42.3,41.0,42.2,46.5,43.0,41.7,44.7,43.5,44.3,37.9,39.0,40.1,38.5,43.1,37.6,43.9,36.5,44.5,41.4,39.3,37.6,37.6,37.6,35.4,35.9,36.7,34.1,41.8,38.5,38.1,34.9,41.1,37.2,40.3,41.3,40.7,38.5,41.8,36.7,39.3,32.2,43.4,36.5,37.5,45.6,45.1,43.7,37.6,39.8,34.8,37.1,35.4,34.9,44.1,43.0,43.6,38.5,40.9,36.1,38.6,42.5,38.3,40.8,36.8
7372,33.3,37.7,34.9,40.7,42.2,44.7,44.1,40.7,43.8,43.9,43.3,43.8,43.1,43.9,44.0,45.1,41.2,39.2,42.7,43.0,42.2,43.3,44.8,41.6,40.6,41.9,46.0,42.2,41.0,44.4,42.7,43.9,37.3,38.5,39.4,37.9,42.5,37.3,43.3,35.7,43.9,41.0,38.4,36.9,36.7,37.0,34.5,35.3,35.8,33.3,40.6,37.7,37.0,34.4,40.4,36.5,39.8,40.9,39.9,37.8,41.4,35.9,38.9,31.4,43.0,35.9,36.8,44.9,44.6,43.1,36.5,39.3,34.0,37.0,34.7,34.3,43.5,42.4,43.1,37.7,40.1,35.3,38.2,42.1,37.7,40.1,36.4
7373,32.8,37.3,34.5,40.2,41.7,44.2,43.8,40.3,43.3,43.3,42.9,43.3,42.6,43.3,43.5,44.6,40.8,38.8,42.1,42.5,41.7,42.7,44.5,40.9,39.9,41.6,45.3,41.9,40.3,44.0,42.2,43.5,36.8,38.0,38.9,37.5,42.1,36.9,42.4,35.2,42.9,40.6,37.7,36.3,36.3,36.5,33.8,34.5,34.9,32.3,40.0,37.0,36.1,34.0,40.0,36.3,39.3,40.4,39.6,37.6,41.0,35.3,39.0,30.7,42.5,35.6,36.2,44.5,44.1,42.7,35.1,38.5,33.6,36.2,33.9,33.6,43.0,42.0,42.4,37.3,39.4,34.4,37.6,41.8,37.3,39.7,35.9
7374,32.3,37.1,34.4,39.7,41.1,43.8,43.1,40.1,42.8,42.7,42.7,42.8,42.1,42.8,43.1,44.2,40.2,38.6,41.8,42.1,41.2,42.2,44.0,40.3,39.3,41.0,44.8,41.6,39.9,43.7,41.7,43.1,36.4,37.4,38.6,37.1,41.1,36.5,41.9,34.4,42.1,40.1,37.0,35.6,35.6,36.1,33.2,33.8,34.3,31.5,39.3,36.5,35.1,33.6,39.5,36.1,38.9,40.3,39.4,37.4,40.6,34.9,39.0,30.1,41.9,35.2,35.6,43.9,43.7,42.1,34.1,38.0,32.8,35.9,33.0,33.0,42.7,41.5,42.0,36.6,38.9,33.8,37.3,41.4,36.7,39.3,35.6
7375,33.4,37.5,35.4,38.9,40.6,43.4,42.9,39.5,42.6,42.3,42.7,42.5,42.1,42.2,42.7,44.0,40.0,38.4,41.9,42.6,40.8,42.2,43.7,39.8,38.7,40.7,44.5,41.0,39.6,43.4,41.3,42.9,35.9,37.2,38.2,37.0,41.8,37.0,41.4,34.5,41.6,41.7,36.8,35.0,36.4,36.7,32.9,35.0,34.4,30.8,38.7,36.2,34.4,34.2,39.0,36.0,38.5,40.1,39.1,37.3,40.7,34.6,38.7,30.6,41.7,34.8,35.1,43.5,43.6,42.0,33.3,37.5,33.4,35.6,33.6,32.4,43.0,41.6,41.6,36.3,38.3,33.2,37.0,41.6,36.1,38.9,35.2
7376,39.6,41.3,41.7,40.3,42.5,45.0,45.0,41.9,45.2,44.6,46.0,44.7,45.7,43.9,45.0,46.1,43.0,41.8,45.2,46.3,43.4,44.3,46.2,41.3,40.3,42.9,45.9,43.0,42.2,46.1,43.3,45.9,37.4,39.0,39.5,38.8,47.3,41.0,42.7,40.6,44.4,48.1,38.0,38.8,40.8,42.5,37.2,41.1,45.1,33.4,42.8,39.6,40.1,39.1,39.5,38.4,40.1,41.5,39.4,39.6,42.4,34.5,41.3,37.2,42.7,37.7,38.0,44.8,47.1,45.8,39.4,38.8,39.5,39.5,40.8,36.1,46.8,44.4,43.8,37.8,39.8,34.3,38.4,44.1,37.2,41.0,37.3
7377,45.8,46.1,48.2,46.3,46.7,48.8,48.9,46.7,48.7,48.0,49.7,48.3,49.7,47.3,49.1,49.5,47.4,45.5,49.3,50.0,47.6,48.4,50.1,45.2,45.0,47.7,49.0,47.4,46.2,49.7,47.5,48.9,41.6,43.3,42.7,42.9,52.5,45.7,47.9,45.9,48.0,53.4,43.2,43.5,46.0,48.5,41.4,46.1,53.2,39.6,50.4,43.9,46.3,44.5,42.4,41.5,43.5,45.1,42.3,42.6,44.2,37.4,45.3,43.7,44.9,42.3,42.5,47.9,50.7,49.4,46.1,45.5,45.2,45.6,46.3,42.3,50.6,47.9,47.5,43.0,44.3,38.9,42.9,47.0,41.8,45.1,42.1
7378,51.5,50.2,52.2,51.9,51.0,52.3,52.7,51.0,51.9,51.1,52.7,52.1,53.0,50.4,52.7,52.5,51.3,48.3,52.7,53.1,51.4,51.7,53.6,49.1,49.8,51.8,52.3,51.5,49.7,53.1,51.6,51.7,46.0,47.6,46.1,46.9,56.6,49.8,53.1,50.0,51.6,57.0,48.6,47.6,51.2,53.2,47.0,50.3,58.7,45.8,55.5,48.2,51.9,49.2,45.3,44.9,47.0,48.5,45.3,45.1,46.4,41.4,48.1,49.4,47.7,46.2,46.6,50.9,53.7,52.7,51.9,52.3,50.7,50.2,50.8,47.5,53.9,50.9,50.8,48.3,49.2,44.0,46.2,49.6,45.9,49.2,46.2
7379,55.9,53.3,54.9,56.5,54.8,55.4,56.0,54.7,54.6,53.8,55.3,55.2,55.6,53.0,55.8,55.0,54.7,50.9,55.2,55.5,54.6,54.4,56.6,52.4,53.9,55.1,54.9,55.0,53.0,55.8,54.8,54.3,49.4,51.1,49.5,50.6,60.1,52.9,57.5,53.5,54.9,59.4,52.9,50.8,55.4,56.3,51.8,54.1,62.3,50.5,59.8,52.3,56.9,53.0,48.5,47.6,49.8,51.3,48.3,47.3,48.5,45.4,50.8,53.5,50.4,49.6,50.2,53.4,56.3,55.3,57.1,57.0,55.0,53.4,54.4,51.8,56.2,53.2,53.6,52.6,53.3,49.2,49.0,51.6,49.4,52.5,49.4
7380,59.1,55.6,56.7,60.2,57.6,57.9,58.6,57.4,56.5,56.0,57.1,57.3,57.5,55.1,58.2,56.9,57.1,52.9,57.0,57.1,56.8,56.3,58.8,55.3,57.3,58.1,57.1,57.5,55.4,57.8,57.2,56.3,52.3,53.5,52.2,53.2,62.7,55.1,60.9,56.2,57.6,61.1,56.8,53.4,58.6,58.5,55.3,57.0,65.1,53.9,63.0,55.9,60.6,55.6,50.7,49.9,51.8,53.6,50.8,49.3,50.3,48.7,52.9,56.2,53.3,52.2,53.3,55.8,58.3,57.2,60.6,60.6,58.2,55.7,57.1,54.9,57.9,54.9,55.8,55.8,56.4,53.3,51.1,53.0,52.0,54.9,51.9
7381,61.3,56.6,57.9,62.8,59.5,59.9,60.6,59.3,57.8,57.4,58.5,58.8,58.9,56.7,60.1,58.4,58.8,54.4,58.4,58.3,58.7,57.9,60.5,57.3,59.6,60.1,58.7,59.1,57.2,59.2,59.0,57.8,54.3,55.5,54.0,54.9,64.6,56.4,63.4,58.0,59.8,62.2,59.3,55.4,60.7,60.1,58.1,58.8,66.9,56.5,65.0,58.5,63.3,57.0,52.1,51.3,53.1,54.9,52.6,50.7,51.8,51.1,54.6,58.2,56.1,53.9,55.7,57.3,59.7,58.7,62.8,63.0,60.2,57.4,59.0,56.8,59.1,56.2,57.4,58.2,58.6,56.3,52.7,53.8,54.0,56.7,53.8
7382,61.7,57.4,58.4,64.5,60.9,61.1,61.8,60.4,58.7,58.3,59.3,59.9,59.8,57.6,61.1,59.2,59.7,55.3,58.9,58.8,59.7,58.7,61.7,58.4,61.2,61.3,59.6,60.2,58.2,60.0,60.2,58.6,55.6,56.6,55.2,55.7,65.5,56.7,64.9,59.0,61.5,62.7,60.9,57.0,61.9,60.9,59.7,59.7,67.9,57.8,66.0,60.1,65.1,57.4,52.6,52.1,53.8,55.7,54.0,51.4,52.7,53.1,55.4,59.5,58.1,54.6,57.2,58.2,60.5,59.5,64.0,64.3,61.1,58.5,60.1,57.7,59.7,56.7,58.3,59.8,60.1,58.2,53.9,54.1,55.3,57.6,54.9
7383,62.1,57.0,58.0,65.3,61.3,61.5,62.3,60.7,58.7,58.4,59.3,60.3,59.8,57.9,61.6,59.5,59.9,55.2,58.9,58.6,60.0,58.8,61.9,58.8,61.6,61.7,59.8,60.4,58.5,60.1,60.6,58.4,56.1,57.0,55.7,55.6,65.7,56.5,65.5,59.2,62.5,62.2,61.5,57.5,62.0,60.9,60.3,59.7,68.0,58.6,66.2,60.6,65.9,57.5,52.8,52.2,54.1,55.9,54.7,51.3,52.6,54.1,55.4,59.9,59.0,54.4,57.8,58.4,60.6,59.7,64.4,65.0,61.1,58.9,60.4,57.9,59.5,56.7,58.4,60.4,60.5,58.5,53.9,53.7,55.8,58.1,55.0
7384,60.7,55.0,55.6,65.1,60.6,61.0,61.8,60.2,57.7,57.5,58.5,59.9,58.9,57.4,61.0,58.7,59.4,53.6,58.0,57.3,59.3,58.1,61.2,58.2,61.1,61.3,59.2,59.8,57.8,59.4,59.9,57.5,55.6,56.3,55.0,55.3,64.2,54.4,65.2,58.2,62.5,60.0,61.4,56.9,60.6,59.0,59.8,58.4,66.4,58.0,65.5,59.8,65.3,55.2,52.1,50.9,53.3,55.1,54.5,49.9,51.4,54.3,54.2,58.8,58.9,53.1,57.2,57.9,59.9,58.7,63.6,65.0,59.8,58.6,59.0,57.2,58.6,55.5,57.8,60.3,59.9,58.3,53.3,52.6,55.6,57.4,54.6
7385,53.6,49.7,48.3,63.0,58.2,59.0,59.5,57.4,54.9,54.8,55.5,58.0,55.5,55.5,58.6,56.0,56.5,49.6,54.8,53.6,56.8,55.4,58.6,55.5,58.5,58.8,57.3,57.2,54.9,56.7,57.6,54.4,53.1,53.5,52.9,52.5,58.9,49.2,63.2,54.2,60.7,52.8,59.0,53.9,54.5,53.6,56.8,53.4,60.2,55.5,63.5,56.6,63.1,48.7,50.1,47.7,50.5,52.4,53.1,46.1,49.5,52.9,50.6,54.1,57.0,49.0,53.9,55.9,57.1,55.5,60.9,63.1,54.7,56.2,53.5,54.6,55.3,52.6,55.1,58.0,57.4,56.1,50.3,50.3,53.4,54.7,51.5
7386,48.2,46.0,44.3,57.4,53.7,55.3,55.3,52.2,52.7,52.0,52.6,55.0,52.0,52.7,54.5,53.3,51.5,46.9,51.6,50.9,52.6,52.2,53.8,51.3,52.5,53.1,55.2,53.1,50.5,53.2,53.6,51.0,48.0,48.8,49.7,47.7,53.7,45.7,57.6,49.7,57.5,48.6,52.9,48.0,50.8,49.2,52.4,48.7,55.2,48.9,58.4,53.6,56.5,45.1,47.5,45.6,47.4,48.7,50.2,44.2,47.9,48.8,47.8,48.6,53.8,45.8,48.8,53.8,53.6,52.3,54.5,56.3,48.8,50.7,48.8,48.5,52.0,50.0,51.6,51.7,51.8,51.1,43.9,48.9,49.3,51.3,46.8
7387,45.2,44.0,42.0,53.1,51.0,53.2,52.8,49.0,51.3,50.5,51.0,52.6,50.4,50.7,52.1,51.7,48.1,45.3,49.7,49.1,49.9,50.5,51.6,49.4,49.3,49.9,53.4,50.6,48.2,51.2,51.0,49.9,45.4,46.8,47.4,45.2,51.3,43.7,53.6,45.9,54.6,46.8,49.3,44.9,48.3,45.5,49.2,45.9,51.1,45.4,54.1,51.2,51.0,42.9,46.0,43.8,45.7,47.0,47.4,43.1,46.5,45.6,45.6,45.0,51.9,43.7,46.6,52.1,51.9,50.5,51.0,51.1,46.0,47.1,46.0,45.7,50.0,48.5,49.8,47.3,49.1,47.4,42.0,47.7,46.5,49.0,43.9
7388,43.0,42.5,40.2,50.0,49.1,51.6,50.9,47.2,50.2,49.2,49.6,50.8,49.3,49.4,50.5,50.5,46.4,44.2,48.3,48.1,48.3,48.9,50.3,48.2,47.4,48.1,51.9,48.9,46.6,49.9,49.2,48.9,43.9,44.9,45.9,43.8,49.1,41.9,51.2,43.8,52.7,45.5,47.0,43.4,45.9,43.4,46.0,43.6,47.4,43.0,51.5,49.0,48.1,41.5,44.9,42.2,44.2,45.8,45.3,42.3,45.8,43.7,44.0,42.1,49.8,42.1,44.9,50.8,50.5,49.2,48.5,48.5,43.8,45.1,43.6,43.6,48.7,47.6,48.5,45.1,47.5,45.0,41.6,46.7,44.5,47.2,42.1
7389,40.8,41.8,39.2,47.8,47.8,50.3,49.7,45.9,49.0,48.4,48.5,49.4,48.3,48.4,49.4,49.6,45.5,43.1,47.5,47.1,47.4,47.7,49.2,47.3,45.8,47.0,50.8,47.5,45.6,48.9,48.1,48.3,42.5,43.5,44.8,42.7,47.7,40.9,49.5,41.8,51.1,44.2,45.2,42.8,44.2,42.3,43.3,42.1,45.0,41.2,49.0,46.8,46.4,40.2,43.9,40.9,43.0,45.0,44.2,41.3,45.0,42.4,43.1,39.7,48.4,41.0,43.3,49.8,49.5,48.2,46.9,46.6,42.0,43.8,41.5,41.7,47.7,46.7,47.3,43.7,46.2,42.9,41.1,45.7,43.1,45.7,40.7
7390,39.4,40.9,38.1,46.2,46.5,49.3,48.6,44.9,48.2,47.6,47.6,48.3,47.4,47.6,48.4,48.8,44.8,42.3,46.5,46.1,46.3,46.8,48.2,46.4,44.7,46.1,50.0,46.6,44.5,47.9,47.2,47.4,41.4,42.3,43.6,41.9,46.4,39.8,48.2,40.7,50.1,43.7,44.0,42.0,42.7,41.4,41.4,40.4,43.0,39.9,47.1,44.9,44.8,38.8,43.3,39.8,42.5,44.3,43.6,40.7,44.2,41.1,42.1,38.0,47.4,39.8,41.9,48.9,48.4,47.1,45.6,44.8,40.4,42.1,40.0,40.3,46.7,45.9,46.5,42.6,45.0,41.3,40.8,45.0,42.0,44.5,39.9
7391,37.8,40.1,37.3,44.8,45.6,48.3,47.6,43.9,47.2,46.9,46.6,47.3,46.6,46.8,47.4,48.0,43.9,41.5,45.7,45.4,45.5,45.9,47.5,45.5,43.9,45.2,49.1,45.6,43.8,47.3,46.1,46.6,40.5,41.5,42.7,41.0,45.8,39.1,47.0,39.4,48.9,42.9,42.6,41.1,41.1,40.2,39.6,39.2,41.0,38.2,45.4,43.3,43.4,37.8,42.7,39.2,41.8,43.6,42.8,40.0,43.7,39.8,41.3,36.6,46.1,39.2,40.9,48.1,47.5,46.4,44.1,43.0,38.9,41.0,38.9,38.9,46.1,45.2,45.9,41.6,44.0,40.0,40.2,44.4,41.0,43.7,38.9
7392,36.7,39.2,36.7,43.8,44.8,47.4,46.7,43.1,46.3,46.1,45.8,46.3,45.6,46.0,46.5,47.3,43.4,40.9,44.9,44.7,44.6,45.4,46.6,44.4,43.0,44.1,48.2,44.7,43.0,46.5,45.3,46.0,39.8,40.5,41.8,40.0,44.8,38.5,46.0,38.5,47.4,42.6,41.5,40.2,40.0,39.4,38.1,38.1,39.7,36.8,44.3,41.7,41.9,36.8,42.2,38.4,41.2,42.8,42.1,39.3,43.0,38.9,40.6,35.1,45.3,38.3,40.0,47.4,46.6,45.5,42.3,41.9,37.7,40.0,37.7,37.5,45.4,44.5,45.1,40.6,43.0,38.7,39.7,43.7,40.0,42.7,38.3
7393,35.5,38.9,35.9,42.9,43.8,46.5,45.8,42.8,45.5,45.5,44.8,45.4,44.7,45.4,45.9,46.5,42.8,40.2,44.1,44.1,43.8,44.5,46.1,43.5,42.1,43.3,47.6,44.1,42.4,45.7,44.5,45.3,38.9,39.7,40.9,39.3,43.8,38.1,45.0,37.8,46.4,41.9,40.5,39.4,38.8,38.7,37.1,37.0,38.7,35.6,43.1,40.4,40.4,36.1,41.8,37.8,40.8,42.0,41.4,38.8,42.6,37.9,40.0,33.7,44.4,37.5,38.9,46.5,45.8,44.8,40.5,41.0,36.5,39.1,36.6,36.6,44.8,43.8,44.5,39.7,42.1,37.6,39.0,43.0,39.3,41.9,37.6
7394,34.4,38.1,35.5,42.0,43.3,45.7,45.1,41.7,44.7,44.6,44.2,44.8,43.9,44.7,45.1,46.0,42.2,39.6,43.5,43.6,43.2,44.0,45.7,42.7,41.3,42.8,46.9,43.4,42.0,45.1,43.8,44.6,38.2,39.3,40.2,38.7,43.2,37.8,44.3,37.0,45.1,41.5,39.6,38.4,37.8,37.8,36.0,36.1,37.4,34.5,42.2,39.3,38.9,35.3,41.1,37.3,40.6,41.5,40.8,38.4,42.1,37.0,39.6,32.9,43.8,36.7,37.9,45.8,45.2,44.1,39.0,40.1,35.3,38.0,35.6,35.6,44.2,43.3,43.9,38.8,41.2,36.5,38.6,42.7,38.6,41.2,37.1
7395,33.6,37.7,34.8,41.3,42.5,44.9,44.4,41.1,44.1,44.1,43.4,44.0,43.1,44.0,44.5,45.4,41.6,39.3,42.7,43.1,42.6,43.5,45.3,42.0,40.6,42.0,46.2,42.7,41.4,44.4,43.2,44.0,37.5,38.5,39.5,38.0,42.7,37.2,43.6,36.1,44.1,41.2,38.8,37.5,37.1,37.2,35.0,35.3,36.4,33.9,41.4,38.1,37.8,34.5,40.7,36.9,40.0,41.0,40.4,38.1,41.6,36.3,39.3,31.9,43.1,36.3,37.4,45.2,44.6,43.4,37.3,39.3,34.5,37.0,34.9,34.6,43.6,42.7,43.2,38.1,40.6,35.7,38.2,42.3,37.8,40.4,36.4
7396,32.9,37.4,34.4,40.3,41.9,44.4,43.8,40.5,43.5,43.6,42.8,43.5,42.7,43.5,43.7,44.7,41.0,39.0,42.3,42.6,41.9,43.0,44.7,41.2,40.2,41.6,45.7,41.9,40.7,44.1,42.4,43.5,36.9,38.1,38.9,37.5,42.1,36.9,42.9,35.3,43.5,40.8,38.0,36.7,36.3,36.7,34.2,34.7,35.6,33.1,40.3,37.4,36.8,34.0,40.1,36.2,39.5,40.6,39.6,37.5,41.2,35.5,38.9,31.2,42.8,35.6,36.7,44.6,44.2,42.7,36.1,38.9,33.7,36.9,34.2,33.9,43.0,42.1,42.8,37.4,39.8,34.9,37.8,41.8,37.2,39.7,35.9
7397,32.4,37.0,34.1,39.8,41.4,43.9,43.4,40.1,43.0,43.0,42.4,43.0,42.2,42.9,43.1,44.2,40.6,38.7,41.6,42.1,41.4,42.5,44.4,40.6,39.6,41.3,45.0,41.6,40.1,43.7,41.9,43.1,36.4,37.6,38.4,37.0,41.6,36.6,42.0,34.9,42.6,40.3,37.3,36.1,35.9,36.2,33.5,33.9,34.7,32.0,39.5,36.7,35.9,33.7,39.6,36.0,39.0,40.1,39.2,37.2,40.8,35.0,38.9,30.4,42.3,35.3,36.1,44.1,43.7,42.3,34.7,38.2,33.2,36.0,33.4,33.3,42.4,41.6,42.1,37.0,39.1,34.1,37.3,41.5,36.8,39.4,35.4
7398,31.9,36.7,34.0,39.4,40.8,43.4,42.8,39.9,42.5,42.3,42.2,42.5,41.6,42.4,42.7,43.8,39.9,38.5,41.3,41.6,41.0,42.0,44.0,39.9,38.9,40.6,44.5,41.3,39.7,43.4,41.5,42.7,36.0,37.0,38.1,36.7,40.7,36.1,41.6,34.1,41.7,39.8,36.6,35.4,35.2,35.8,32.9,33.3,34.0,31.3,39.0,36.2,34.9,33.3,39.1,35.8,38.5,39.9,38.9,37.0,40.5,34.6,38.9,29.8,41.7,34.9,35.5,43.5,43.2,41.8,33.7,37.7,32.5,35.8,32.6,32.7,42.1,41.1,41.7,36.3,38.7,33.5,37.1,41.1,36.3,39.0,35.1
7399,33.0,37.0,35.0,38.6,40.4,43.0,42.6,39.4,42.4,42.0,42.2,42.2,41.6,41.9,42.3,43.6,39.8,38.3,41.4,42.1,40.6,42.0,43.6,39.4,38.4,40.3,44.2,40.7,39.4,43.2,41.2,42.5,35.6,36.7,37.8,36.6,41.4,36.6,41.0,34.1,41.2,41.3,36.4,34.8,36.0,36.2,32.6,34.5,34.1,30.5,38.3,35.9,34.1,33.7,38.7,35.8,38.1,39.7,38.6,36.9,40.5,34.3,38.6,30.2,41.5,34.5,35.0,43.1,43.1,41.7,32.9,37.2,33.0,35.3,33.1,32.1,42.3,41.2,41.3,35.9,38.0,33.0,36.6,41.2,35.8,38.6,34.8
7400,39.1,40.7,41.1,39.9,42.1,44.5,44.5,41.5,44.8,44.2,45.4,44.3,45.2,43.5,44.5,45.7,42.7,41.6,44.7,45.8,43.0,44.0,45.9,40.8,39.9,42.4,45.5,42.6,41.8,45.7,42.9,45.5,36.9,38.5,39.1,38.3,46.8,40.5,42.3,40.2,44.0,47.7,37.6,38.5,40.3,42.0,36.8,40.5,44.7,32.9,42.3,39.1,39.6,38.5,39.0,38.1,39.5,41.0,39.0,39.2,42.2,34.2,41.1,36.6,42.5,37.4,37.8,44.4,46.6,45.4,39.0,38.4,39.1,39.2,40.2,35.6,46.2,44.0,43.4,37.4,39.4,34.0,37.8,43.7,36.8,40.5,36.8
7401,45.2,45.6,47.6,45.7,46.2,48.3,48.4,46.2,48.3,47.5,49.2,47.9,49.3,46.8,48.6,49.0,47.0,45.3,48.7,49.6,47.1,47.9,49.8,44.5,44.5,47.1,48.6,46.9,45.7,49.3,47.0,48.5,41.0,42.7,42.1,42.3,52.0,45.2,47.4,45.4,47.5,52.9,42.7,43.2,45.6,48.0,41.1,45.5,52.7,39.1,49.9,43.4,45.9,43.8,41.8,41.1,42.9,44.6,41.7,42.1,44.1,36.9,45.1,43.1,44.6,42.0,42.2,47.5,50.2,49.0,45.7,45.0,44.8,45.3,45.7,41.9,50.0,47.5,47.0,42.6,43.8,38.4,42.2,46.5,41.1,44.4,41.4
7402,50.9,49.7,51.6,51.3,50.3,51.8,52.1,50.3,51.5,50.5,52.2,51.6,52.6,49.8,52.1,52.0,50.7,48.1,52.1,52.6,50.7,51.2,53.2,48.4,49.1,51.1,51.7,50.9,49.1,52.6,50.9,51.2,45.2,46.8,45.4,46.2,56.1,49.3,52.5,49.6,51.1,56.6,48.0,47.2,50.8,52.7,46.6,49.8,58.3,45.2,55.1,47.7,51.5,48.5,44.7,44.5,46.4,47.9,44.7,44.6,46.2,40.9,47.9,48.8,47.4,45.9,46.2,50.4,53.2,52.4,51.6,51.7,50.3,49.8,50.2,47.0,53.3,50.4,50.3,47.6,48.5,43.5,45.6,49.2,45.2,48.5,45.5
7403,55.3,52.7,54.3,55.9,53.9,54.9,55.4,54.1,54.2,53.1,54.9,54.7,55.1,52.4,55.2,54.5,54.0,50.6,54.7,55.0,53.9,53.9,56.1,51.7,53.2,54.4,54.3,54.3,52.2,55.2,54.1,53.9,48.6,50.2,48.7,49.8,59.6,52.4,56.9,53.1,54.5,59.0,52.3,50.4,54.9,55.9,51.6,53.6,61.9,49.8,59.4,51.8,56.5,52.3,47.8,47.2,49.2,50.7,47.7,46.8,48.3,44.9,50.5,52.9,50.1,49.2,49.8,52.8,55.8,55.0,56.7,56.5,54.5,53.0,53.8,51.2,55.7,52.7,52.9,51.9,52.5,48.7,48.3,51.2,48.6,51.8,48.6
7404,58.6,54.9,56.2,59.6,56.8,57.3,58.0,56.7,56.0,55.2,56.7,56.8,57.0,54.4,57.5,56.3,56.4,52.6,56.5,56.6,56.1,55.8,58.4,54.5,56.6,57.4,56.4,56.8,54.6,57.2,56.5,55.9,51.4,52.6,51.4,52.3,62.1,54.6,60.3,55.7,57.2,60.6,56.1,53.0,58.2,57.9,54.9,56.4,64.6,53.3,62.6,55.4,60.3,54.8,50.0,49.4,51.2,52.8,50.2,48.7,50.1,48.2,52.6,55.7,52.9,51.7,52.9,55.1,57.7,56.9,60.2,60.1,57.7,55.3,56.5,54.2,57.5,54.5,55.1,55.1,55.6,52.7,50.4,52.6,51.2,54.1,51.0
7405,60.8,55.9,57.4,62.2,58.7,59.2,59.9,58.6,57.3,56.6,58.0,58.3,58.4,55.9,59.4,57.8,58.0,54.0,57.9,57.8,57.9,57.3,60.1,56.4,58.9,59.3,57.9,58.4,56.4,58.6,58.2,57.3,53.4,54.5,53.0,54.1,64.1,56.0,62.7,57.6,59.4,61.8,58.6,55.0,60.3,59.5,57.7,58.2,66.5,55.8,64.5,58.1,62.9,56.3,51.3,50.8,52.3,54.1,51.9,50.2,51.5,50.7,54.2,57.6,55.6,53.4,55.3,56.6,59.2,58.3,62.3,62.5,59.6,57.0,58.4,56.2,58.6,55.8,56.6,57.5,57.8,55.7,52.0,53.5,53.2,55.9,52.9
7406,61.1,56.7,57.9,63.9,60.1,60.4,61.1,59.6,58.2,57.5,58.7,59.3,59.3,56.9,60.4,58.6,58.9,54.9,58.4,58.3,59.0,58.1,61.3,57.6,60.4,60.5,58.8,59.4,57.4,59.4,59.4,58.1,54.8,55.7,54.3,54.8,65.0,56.2,64.2,58.5,61.0,62.1,60.3,56.5,61.5,60.3,59.3,59.2,67.5,57.1,65.5,59.6,64.7,56.6,51.8,51.5,53.1,54.9,53.3,50.9,52.3,52.6,55.0,58.9,57.5,54.2,56.8,57.5,59.9,59.1,63.6,63.7,60.6,58.1,59.6,57.1,59.2,56.3,57.5,59.1,59.3,57.6,53.2,53.7,54.6,56.8,54.0
7407,61.6,56.4,57.5,64.7,60.5,60.8,61.6,59.9,58.2,57.6,58.8,59.7,59.3,57.2,60.8,58.8,59.2,54.7,58.4,58.2,59.3,58.2,61.3,57.9,60.8,60.9,59.1,59.7,57.7,59.6,59.9,57.9,55.3,56.1,54.7,54.7,65.1,56.0,64.8,58.7,62.0,61.6,60.8,57.0,61.5,60.3,59.9,59.2,67.6,57.9,65.8,60.2,65.4,56.7,52.0,51.6,53.3,55.1,54.0,50.8,52.3,53.5,55.0,59.2,58.4,53.9,57.4,57.6,60.0,59.3,64.0,64.3,60.5,58.4,59.8,57.4,59.0,56.2,57.7,59.6,59.7,57.8,53.3,53.4,55.0,57.2,54.1
7408,60.1,54.3,55.0,64.5,59.8,60.3,61.0,59.4,57.1,56.8,57.9,59.3,58.3,56.8,60.2,58.0,58.7,53.2,57.5,56.8,58.7,57.4,60.5,57.3,60.4,60.4,58.5,59.0,56.9,58.9,59.2,56.9,54.8,55.4,54.1,54.4,63.6,53.9,64.4,57.6,62.0,59.3,60.7,56.4,60.1,58.4,59.4,57.8,66.0,57.3,65.1,59.3,64.8,54.4,51.4,50.3,52.6,54.3,53.8,49.3,51.0,53.7,53.7,58.2,58.3,52.6,56.7,57.2,59.3,58.2,63.1,64.4,59.2,58.1,58.4,56.6,58.1,55.0,57.1,59.6,59.1,57.6,52.6,52.2,54.8,56.6,53.8
7409,53.1,49.0,47.7,62.3,57.4,58.2,58.7,56.6,54.4,54.1,55.0,57.4,55.1,54.8,57.8,55.4,55.8,49.1,54.3,53.0,56.1,54.7,57.9,54.6,57.7,58.0,56.6,56.5,54.1,56.2,56.8,53.9,52.3,52.6,52.0,51.6,58.2,48.7,62.5,53.6,60.1,52.2,58.2,53.4,54.0,53.0,56.3,52.8,59.8,54.7,63.0,56.1,62.6,47.9,49.3,47.2,49.8,51.6,52.4,45.6,49.2,52.2,50.3,53.4,56.4,48.5,53.4,55.3,56.5,55.1,60.3,62.4,54.1,55.7,52.9,53.9,54.8,52.0,54.5,57.4,56.6,55.4,49.5,49.9,52.7,53.9,50.6
7410,47.7,45.3,43.6,56.7,52.8,54.6,54.7,51.5,52.3,51.3,52.2,54.4,51.7,52.1,53.8,52.7,50.8,46.6,51.1,50.4,51.9,51.7,53.2,50.5,51.8,52.4,54.6,52.5,49.8,52.7,53.0,50.7,47.3,48.1,48.9,47.1,53.2,45.2,56.9,49.1,56.9,48.0,52.1,47.4,50.4,48.6,52.0,48.2,54.8,48.2,57.9,53.1,56.0,44.4,46.7,45.1,46.8,48.0,49.5,43.7,47.6,48.2,47.5,48.2,53.4,45.5,48.4,53.2,53.2,52.0,54.0,55.6,48.4,50.1,48.2,47.9,51.5,49.6,51.1,51.1,50.9,50.4,43.2,48.5,48.6,50.6,46.0
7411,44.6,43.5,41.2,52.5,50.1,52.5,52.1,48.4,50.9,49.9,50.7,52.2,50.1,50.1,51.5,51.2,47.5,45.0,49.4,48.6,49.3,50.1,51.2,48.7,48.6,49.3,52.8,50.0,47.6,50.8,50.4,49.6,44.7,46.1,46.7,44.6,50.8,43.3,53.1,45.3,54.0,46.2,48.5,44.4,47.8,45.0,48.8,45.4,50.6,44.7,53.6,50.7,50.4,42.3,45.4,43.3,45.0,46.3,46.9,42.7,46.3,45.1,45.4,44.6,51.5,43.5,46.3,51.5,51.5,50.2,50.6,50.5,45.4,46.6,45.4,45.2,49.6,48.1,49.3,46.7,48.3,46.7,41.4,47.2,45.9,48.3,43.3
7412,42.5,41.9,39.6,49.4,48.3,51.0,50.3,46.5,49.8,48.6,49.3,50.5,49.1,48.8,49.9,50.0,45.9,43.9,48.1,47.6,47.7,48.5,49.9,47.5,46.6,47.4,51.3,48.3,46.0,49.7,48.7,48.7,43.3,44.2,45.3,43.1,48.5,41.5,50.7,43.3,52.2,44.9,46.2,42.9,45.5,43.0,45.6,43.2,47.0,42.4,51.0,48.4,47.6,41.0,44.2,41.9,43.6,45.2,44.8,41.9,45.6,43.3,43.8,41.8,49.5,41.9,44.7,50.3,50.2,49.0,48.2,47.9,43.3,44.6,43.0,43.0,48.3,47.3,48.0,44.6,46.7,44.3,41.0,46.3,43.8,46.5,41.5
7413,40.3,41.2,38.6,47.2,47.0,49.6,49.0,45.3,48.7,47.8,48.1,49.2,48.0,47.8,48.7,49.2,45.0,42.9,47.2,46.6,46.8,47.2,48.7,46.6,45.1,46.4,50.2,46.8,45.1,48.7,47.5,48.0,41.9,42.8,44.1,41.9,47.2,40.5,49.0,41.3,50.7,43.7,44.5,42.3,43.7,42.0,42.9,41.6,44.5,40.5,48.5,46.3,46.1,39.6,43.3,40.6,42.4,44.4,43.8,41.0,44.8,42.1,42.9,39.2,48.2,40.8,43.2,49.3,49.2,48.0,46.5,46.0,41.5,43.3,41.0,41.2,47.4,46.4,46.8,43.2,45.4,42.3,40.6,45.3,42.5,45.0,40.2
7414,38.9,40.4,37.6,45.7,45.9,48.6,48.0,44.2,47.9,46.9,47.2,48.1,47.1,47.0,47.7,48.3,44.3,42.1,46.3,45.6,45.7,46.3,47.7,45.6,44.0,45.5,49.4,45.9,43.9,47.6,46.6,47.2,40.8,41.6,43.0,41.3,45.9,39.5,47.6,40.2,49.6,43.1,43.4,41.4,42.3,41.1,41.0,40.0,42.6,39.2,46.7,44.5,44.3,38.3,42.7,39.5,41.9,43.7,43.3,40.4,44.1,40.8,41.9,37.7,47.2,39.7,41.8,48.3,48.1,47.0,45.1,44.3,39.9,41.7,39.4,39.7,46.4,45.7,46.0,42.0,44.3,40.8,40.3,44.5,41.4,43.8,39.3
7415,37.3,39.6,36.7,44.3,45.0,47.7,47.0,43.3,46.9,46.2,46.2,47.1,46.3,46.2,46.8,47.5,43.5,41.3,45.4,45.1,44.9,45.5,46.9,44.8,43.2,44.6,48.6,45.0,43.2,47.0,45.6,46.3,40.0,40.8,42.1,40.4,45.3,38.7,46.4,38.9,48.5,42.4,41.9,40.5,40.7,39.9,39.3,38.8,40.6,37.6,45.0,42.9,42.9,37.2,42.1,38.9,41.2,43.0,42.4,39.7,43.6,39.5,41.2,36.2,46.1,39.0,40.8,47.5,47.1,46.3,43.6,42.5,38.3,40.5,38.3,38.4,45.8,45.0,45.4,41.0,43.4,39.5,39.8,43.9,40.4,43.0,38.4
7416,36.2,38.7,36.1,43.3,44.2,46.7,46.1,42.6,46.0,45.5,45.4,46.0,45.3,45.5,45.9,46.9,43.0,40.7,44.6,44.4,44.0,44.9,46.1,43.7,42.4,43.6,47.7,44.0,42.5,46.2,44.8,45.7,39.3,39.9,41.2,39.4,44.3,38.0,45.3,38.1,46.9,41.9,40.8,39.8,39.7,39.1,37.8,37.7,39.3,36.3,43.9,41.3,41.4,36.3,41.6,38.2,40.6,42.2,41.7,39.1,42.8,38.6,40.5,34.8,45.2,38.2,39.9,46.8,46.3,45.4,41.9,41.4,37.1,39.6,37.2,37.0,45.2,44.3,44.6,40.0,42.3,38.2,39.4,43.3,39.5,42.1,37.9
7417,35.1,38.3,35.5,42.4,43.2,45.9,45.2,42.2,45.2,44.9,44.5,45.2,44.4,44.8,45.3,46.1,42.5,40.0,43.8,43.8,43.2,44.1,45.6,42.8,41.4,42.8,47.1,43.5,41.9,45.5,44.0,45.1,38.4,39.1,40.4,38.8,43.3,37.7,44.4,37.4,45.9,41.3,39.9,38.8,38.4,38.3,36.7,36.6,38.4,35.0,42.7,39.9,40.0,35.6,41.2,37.7,40.1,41.4,41.0,38.6,42.5,37.6,40.1,33.3,44.4,37.4,38.9,46.0,45.5,44.6,40.2,40.5,36.0,38.6,36.2,36.0,44.5,43.6,44.0,39.2,41.4,37.1,38.7,42.6,38.8,41.4,37.2
7418,34.0,37.6,35.0,41.4,42.7,45.1,44.6,41.2,44.4,44.1,43.8,44.5,43.6,44.2,44.6,45.5,41.9,39.6,43.2,43.2,42.6,43.6,45.2,42.1,40.7,42.2,46.4,42.8,41.4,44.7,43.3,44.3,37.7,38.7,39.6,38.2,42.7,37.3,43.7,36.6,44.7,41.0,38.9,37.9,37.4,37.6,35.7,35.8,37.1,34.0,41.8,38.8,38.5,34.9,40.6,37.3,40.1,40.9,40.4,38.3,42.0,36.7,39.7,32.5,43.8,36.8,37.9,45.3,44.9,44.0,38.7,39.5,34.8,37.5,35.2,35.1,44.0,43.1,43.4,38.4,40.6,36.1,38.3,42.3,38.1,40.6,36.6
7419,33.2,37.0,34.3,40.8,41.9,44.3,43.9,40.7,43.8,43.6,43.2,43.8,42.9,43.5,43.9,45.0,41.1,39.2,42.4,42.7,42.1,43.1,44.8,41.4,40.0,41.4,45.7,42.0,40.9,44.0,42.7,43.7,37.0,38.0,39.0,37.4,42.1,36.7,43.0,35.7,43.7,40.7,38.2,37.0,36.7,36.9,34.8,35.0,36.1,33.3,41.0,37.7,37.3,34.1,40.1,36.9,39.4,40.5,40.0,38.0,41.5,36.1,39.5,31.6,43.2,36.3,37.3,44.7,44.3,43.2,37.0,38.8,34.1,36.5,34.5,34.0,43.4,42.5,42.7,37.7,39.9,35.3,37.8,41.8,37.3,39.9,35.9
7420,32.5,36.9,33.9,39.8,41.3,43.9,43.2,40.0,43.2,43.1,42.5,43.2,42.4,42.9,43.2,44.3,40.6,39.0,41.9,42.2,41.4,42.6,44.2,40.6,39.7,41.1,45.2,41.3,40.2,43.6,41.9,43.2,36.5,37.6,38.3,36.9,41.6,36.5,42.4,35.0,43.0,40.3,37.4,36.2,35.9,36.3,33.9,34.4,35.3,32.6,39.9,37.0,36.3,33.7,39.5,36.4,39.0,40.0,39.3,37.4,41.2,35.3,39.1,30.9,42.8,35.7,36.7,44.0,43.8,42.6,35.8,38.4,33.3,36.4,33.8,33.3,42.8,41.9,42.3,36.9,39.1,34.5,37.6,41.4,36.7,39.3,35.5
7421,32.0,36.4,33.7,39.4,40.8,43.3,42.9,39.6,42.7,42.5,42.1,42.8,42.0,42.4,42.7,43.8,40.2,38.7,41.3,41.7,40.8,42.1,44.0,39.9,39.1,40.8,44.5,41.0,39.6,43.3,41.5,42.8,36.0,37.0,37.9,36.6,41.1,36.2,41.6,34.5,42.2,39.9,36.7,35.5,35.5,35.9,33.2,33.6,34.5,31.5,39.1,36.3,35.5,33.3,39.1,36.0,38.5,39.5,38.9,37.2,40.8,34.8,39.1,30.1,42.3,35.5,36.0,43.6,43.2,42.2,34.3,37.7,32.8,35.5,33.1,32.7,42.2,41.4,41.6,36.6,38.4,33.7,37.0,41.1,36.3,38.9,35.1
7422,31.5,36.1,33.5,39.0,40.2,42.9,42.3,39.4,42.1,41.8,41.9,42.3,41.4,41.9,42.2,43.4,39.6,38.4,40.9,41.2,40.4,41.6,43.5,39.4,38.4,40.1,44.1,40.7,39.2,43.0,41.1,42.4,35.6,36.6,37.6,36.2,40.2,35.7,41.1,33.7,41.4,39.3,36.0,34.9,34.7,35.5,32.6,32.9,33.8,30.8,38.6,35.9,34.5,33.0,38.6,35.9,38.0,39.4,38.6,37.0,40.6,34.4,39.1,29.5,41.8,35.2,35.4,43.0,42.8,41.6,33.4,37.2,32.0,35.2,32.3,32.1,41.9,40.9,41.2,35.9,38.0,33.2,36.8,40.7,35.8,38.4,34.7
7423,32.4,36.4,34.4,38.3,39.8,42.4,42.1,38.9,41.9,41.5,41.8,41.9,41.3,41.3,41.9,43.1,39.4,38.3,41.1,41.7,40.0,41.5,43.1,38.8,37.8,39.8,43.7,40.1,39.0,42.7,40.7,42.1,35.2,36.4,37.3,36.2,40.8,36.2,40.6,33.7,40.8,40.8,35.8,34.3,35.4,35.8,32.3,34.1,33.8,30.1,38.0,35.7,33.7,33.3,38.2,35.8,37.7,39.1,38.4,36.9,40.5,34.1,38.8,29.9,41.5,34.8,35.0,42.5,42.6,41.5,32.6,36.8,32.5,34.8,32.8,31.5,42.0,40.9,40.8,35.5,37.4,32.7,36.3,40.8,35.3,38.1,34.5
7424,38.5,40.2,40.5,39.5,41.4,43.9,43.9,41.0,44.3,43.6,44.9,44.0,44.8,42.9,43.9,45.1,42.1,41.4,44.2,45.3,42.4,43.5,45.3,40.2,39.0,41.7,45.0,41.9,41.3,45.1,42.3,45.0,36.5,38.1,38.6,37.8,46.2,40.1,41.8,39.6,43.5,47.1,36.9,38.1,39.7,41.7,36.4,40.0,44.2,32.4,41.8,38.9,39.2,38.0,38.4,37.9,39.0,40.4,38.6,39.1,42.1,34.0,41.1,36.1,42.4,37.6,37.6,43.8,46.0,44.9,38.5,37.9,38.5,38.6,39.8,35.0,45.7,43.5,42.8,36.9,38.6,33.6,37.4,43.3,36.3,39.9,36.4
7425,44.7,45.0,46.8,45.2,45.5,47.7,47.8,45.6,47.8,46.8,48.6,47.5,48.7,46.2,47.9,48.4,46.4,45.1,48.1,49.0,46.4,47.5,49.1,43.9,43.7,46.4,48.0,46.2,45.1,48.6,46.4,47.9,40.5,42.2,41.6,41.7,51.4,44.9,46.8,44.8,46.9,52.3,42.1,42.7,45.0,47.7,40.7,45.1,52.2,38.5,49.3,43.2,45.3,43.2,41.3,41.0,42.4,44.0,41.2,41.9,44.0,36.6,44.9,42.6,44.5,42.1,41.9,46.8,49.6,48.5,45.2,44.5,44.4,44.6,45.3,41.2,49.5,46.9,46.4,42.0,43.0,38.0,41.7,46.1,40.5,43.7,40.9
7426,50.4,49.1,50.8,50.9,49.6,51.1,51.4,49.6,51.0,49.9,51.7,51.1,52.0,49.2,51.4,51.3,50.1,47.8,51.6,52.0,50.1,50.5,52.5,47.7,48.4,50.4,51.1,50.2,48.4,52.0,50.3,50.7,44.5,46.2,44.8,45.6,55.4,48.9,51.9,48.9,50.5,56.0,47.3,46.6,50.1,52.3,46.1,49.3,57.9,44.6,54.6,47.5,51.0,47.9,44.1,44.2,45.8,47.3,44.3,44.3,46.1,40.5,47.7,48.3,47.1,45.7,45.9,49.7,52.7,51.9,50.9,51.2,49.7,49.2,49.7,46.3,52.7,49.8,49.7,47.1,47.7,43.1,45.0,48.8,44.5,47.8,44.9
7427,54.7,52.0,53.6,55.5,53.2,54.1,54.6,53.4,53.6,52.5,54.3,54.1,54.6,51.7,54.4,53.8,53.3,50.2,54.2,54.4,53.2,53.3,55.4,50.9,52.5,53.7,53.7,53.6,51.6,54.6,53.4,53.3,47.9,49.6,48.1,49.2,59.0,52.0,56.4,52.4,53.9,58.4,51.6,49.8,54.4,55.5,51.0,53.2,61.6,49.2,58.9,51.6,56.0,51.7,47.2,46.8,48.7,50.1,47.2,46.5,48.1,44.5,50.2,52.4,49.8,49.0,49.5,52.1,55.3,54.5,56.1,56.0,54.0,52.4,53.4,50.6,55.1,52.1,52.3,51.3,51.7,48.3,47.6,50.8,47.9,51.1,47.9
7428,58.1,54.2,55.5,59.2,56.0,56.5,57.2,56.0,55.5,54.6,56.2,56.2,56.5,53.8,56.8,55.7,55.7,52.1,56.0,56.0,55.4,55.1,57.7,53.8,55.8,56.6,55.7,56.0,53.9,56.6,55.8,55.3,50.8,52.0,50.7,51.6,61.5,54.1,59.8,55.0,56.6,59.9,55.5,52.4,57.7,57.5,54.3,56.1,64.2,52.8,62.1,55.1,59.7,54.2,49.4,49.0,50.5,52.3,49.6,48.3,49.8,47.7,52.2,55.3,52.5,51.3,52.6,54.4,57.2,56.4,59.7,59.5,57.3,54.7,56.1,53.7,56.8,53.9,54.4,54.6,54.8,52.2,49.7,52.2,50.5,53.4,50.3
7429,60.4,55.2,56.8,61.7,58.0,58.5,59.1,57.8,56.8,56.0,57.5,57.7,57.9,55.3,58.7,57.1,57.4,53.4,57.4,57.2,57.2,56.6,59.4,55.7,58.2,58.6,57.3,57.7,55.7,58.0,57.5,56.7,52.8,53.9,52.4,53.3,63.4,55.5,62.2,56.9,58.8,61.2,58.0,54.4,59.9,59.1,57.1,57.9,66.1,55.3,64.1,57.7,62.4,55.7,50.7,50.2,51.8,53.6,51.4,49.8,51.1,50.2,53.8,57.3,55.1,53.0,54.9,55.9,58.7,57.7,61.8,61.8,59.2,56.4,58.1,55.7,58.0,55.2,56.0,57.0,57.0,55.1,51.3,53.3,52.5,55.1,52.2
7430,60.7,56.1,57.2,63.5,59.3,59.6,60.3,58.9,57.6,56.9,58.2,58.7,58.7,56.2,59.6,58.0,58.3,54.2,57.9,57.7,58.2,57.4,60.5,56.8,59.7,59.7,58.2,58.7,56.8,58.8,58.8,57.6,54.1,55.0,53.6,54.1,64.5,55.9,63.7,57.9,60.4,61.6,59.7,55.9,61.1,59.8,58.6,58.9,67.1,56.7,65.2,59.3,64.1,56.0,51.2,51.0,52.5,54.4,52.7,50.4,51.8,52.0,54.5,58.5,56.9,53.7,56.2,56.8,59.4,58.5,63.1,63.1,60.2,57.5,59.3,56.7,58.7,55.7,56.9,58.6,58.4,57.0,52.5,53.4,53.9,56.1,53.3
7431,61.1,55.8,56.9,64.2,59.7,60.1,60.8,59.2,57.7,57.0,58.2,59.1,58.8,56.5,60.1,58.2,58.5,54.1,57.7,57.5,58.6,57.6,60.6,57.1,60.1,60.1,58.5,59.0,57.0,59.0,59.1,57.3,54.6,55.3,53.9,54.0,64.6,55.6,64.2,58.1,61.4,61.0,60.3,56.4,61.1,59.9,59.2,58.9,67.2,57.4,65.4,59.8,64.9,56.2,51.5,51.0,52.7,54.6,53.3,50.2,51.7,53.0,54.5,58.8,57.8,53.4,56.8,57.0,59.6,58.7,63.5,63.8,60.1,57.9,59.5,57.0,58.5,55.6,57.0,59.0,58.8,57.3,52.6,53.1,54.3,56.5,53.4
7432,59.6,53.6,54.4,63.9,59.0,59.5,60.3,58.6,56.6,56.0,57.3,58.7,57.8,56.1,59.4,57.3,58.0,52.5,56.8,56.1,58.0,56.7,59.8,56.5,59.7,59.6,57.8,58.3,56.2,58.3,58.5,56.3,54.2,54.6,53.3,53.6,63.1,53.4,63.8,57.0,61.3,58.7,60.1,55.8,59.7,57.8,58.7,57.6,65.7,56.9,64.7,58.9,64.3,53.9,50.8,49.8,51.9,53.7,53.2,48.7,50.5,53.1,53.2,57.8,57.7,52.0,56.1,56.5,58.8,57.6,62.7,63.7,58.8,57.6,58.1,56.3,57.5,54.4,56.4,58.9,58.3,57.0,51.9,51.9,54.1,55.8,53.0
7433,52.5,48.3,47.1,61.8,56.5,57.6,57.9,55.7,53.9,53.4,54.4,56.8,54.5,54.1,57.0,54.7,55.0,48.7,53.6,52.4,55.3,54.2,57.1,53.8,57.0,57.2,55.9,55.8,53.3,55.5,56.1,53.3,51.6,51.9,51.3,50.8,57.6,48.2,62.0,52.9,59.5,51.6,57.7,52.9,53.5,52.4,55.7,52.5,59.4,54.3,62.7,55.8,62.1,47.3,48.7,46.7,49.1,51.1,51.7,45.2,48.7,51.5,49.9,53.0,55.8,48.1,52.8,54.5,56.0,54.4,59.8,61.8,53.6,55.1,52.6,53.5,54.2,51.5,53.7,56.7,55.7,54.8,48.9,49.7,52.0,53.1,49.9
7434,47.1,44.7,43.0,56.1,52.1,53.9,54.0,50.8,51.8,50.7,51.7,53.9,51.2,51.5,53.1,52.1,50.2,46.3,50.6,49.8,51.2,51.1,52.5,49.8,51.1,51.7,54.0,51.8,49.1,52.1,52.3,50.2,46.7,47.4,48.3,46.4,52.7,44.8,56.4,48.6,56.4,47.5,51.5,47.0,49.9,48.0,51.4,47.9,54.4,47.8,57.5,52.8,55.3,43.8,46.0,44.7,46.2,47.6,49.0,43.3,47.2,47.6,47.3,47.9,52.9,45.2,48.0,52.5,52.6,51.5,53.4,55.0,47.9,49.6,48.1,47.5,51.0,49.1,50.5,50.4,50.3,49.9,42.9,48.3,47.9,49.8,45.3
7435,44.0,42.8,40.6,52.0,49.5,51.8,51.5,47.7,50.4,49.3,50.1,51.7,49.7,49.5,50.9,50.6,47.0,44.7,48.8,48.1,48.6,49.4,50.6,48.1,47.9,48.6,52.3,49.4,46.9,50.3,49.8,49.1,44.2,45.5,46.1,43.9,50.3,42.8,52.6,44.9,53.5,45.8,48.0,44.0,47.4,44.6,48.3,45.1,50.1,44.3,53.2,50.4,49.8,41.8,44.8,43.0,44.5,45.9,46.4,42.4,46.0,44.6,45.2,44.3,51.0,43.3,45.9,50.9,51.0,49.7,50.1,50.1,45.1,46.1,45.2,44.8,49.2,47.6,48.7,46.0,47.7,46.1,40.9,46.9,45.3,47.6,42.6
7436,42.0,41.3,39.0,49.0,47.7,50.3,49.7,45.8,49.4,48.0,48.8,50.0,48.6,48.2,49.3,49.5,45.3,43.7,47.6,47.1,47.0,48.0,49.3,46.9,45.9,46.7,50.8,47.7,45.4,49.2,48.1,48.1,42.8,43.6,44.7,42.5,48.0,41.1,50.3,42.9,51.8,44.5,45.6,42.5,45.0,42.7,45.1,42.9,46.6,42.1,50.6,48.2,47.1,40.5,43.7,41.6,43.1,44.8,44.4,41.6,45.3,42.7,43.7,41.6,49.1,41.7,44.3,49.7,49.7,48.5,47.7,47.5,43.0,44.2,42.9,42.7,47.9,46.7,47.3,44.0,46.0,43.7,40.6,46.0,43.3,45.8,41.0
7437,39.8,40.6,38.1,46.7,46.4,49.0,48.4,44.6,48.3,47.2,47.7,48.7,47.5,47.2,48.2,48.6,44.5,42.8,46.7,46.1,46.0,46.8,48.2,45.9,44.5,45.7,49.6,46.3,44.4,48.3,46.8,47.5,41.4,42.2,43.5,41.5,46.7,40.0,48.6,40.9,50.3,43.2,43.8,41.9,43.2,41.5,42.5,41.4,44.2,40.2,48.2,46.2,45.6,39.1,42.8,40.4,42.0,44.0,43.4,40.7,44.5,41.6,42.9,39.2,47.8,40.7,42.8,48.6,48.7,47.5,46.0,45.6,41.1,42.9,40.9,40.9,47.0,45.9,46.1,42.6,44.8,41.8,40.2,45.0,42.0,44.4,39.7
7438,38.3,39.9,37.0,45.2,45.3,48.0,47.4,43.6,47.4,46.3,46.8,47.6,46.7,46.4,47.1,47.8,43.7,42.1,45.9,45.2,45.0,45.9,47.3,45.0,43.4,44.9,48.8,45.4,43.2,47.2,45.9,46.6,40.3,41.0,42.4,40.6,45.4,39.0,47.2,39.7,49.1,42.7,42.7,41.0,41.8,40.5,40.5,39.8,42.3,38.9,46.3,44.3,43.9,37.8,42.2,39.2,41.4,43.2,42.9,40.1,43.8,40.3,41.9,37.6,46.8,39.5,41.6,47.7,47.6,46.5,44.7,43.8,39.4,41.3,39.4,39.3,46.0,45.1,45.3,41.4,43.5,40.2,40.0,44.2,40.8,43.1,38.9
7439,36.9,39.0,36.2,43.9,44.4,47.1,46.5,42.8,46.4,45.5,45.8,46.5,45.9,45.6,46.3,46.9,42.8,41.2,44.9,44.6,44.3,44.9,46.4,44.1,42.6,44.0,48.0,44.5,42.5,46.6,44.9,45.8,39.5,40.2,41.5,39.8,44.8,38.3,46.0,38.6,48.0,41.9,41.4,40.1,40.2,39.5,38.8,38.5,40.3,37.4,44.7,42.7,42.5,36.7,41.7,38.7,40.8,42.6,42.0,39.4,43.3,39.1,41.2,36.1,45.7,38.8,40.5,46.9,46.7,45.8,43.1,42.2,37.9,40.2,38.3,38.0,45.4,44.5,44.8,40.4,42.7,38.9,39.4,43.6,39.8,42.3,37.9
7440,35.8,38.2,35.7,42.8,43.6,46.2,45.5,42.1,45.5,44.9,45.0,45.5,44.9,45.0,45.4,46.3,42.3,40.7,44.1,43.9,43.4,44.4,45.7,43.1,41.8,43.0,47.2,43.6,41.9,45.8,44.2,45.1,38.7,39.4,40.5,38.9,43.9,37.6,44.9,37.8,46.5,41.5,40.3,39.4,39.1,38.6,37.4,37.4,39.0,36.1,43.5,41.2,41.0,35.7,41.1,38.1,40.2,41.7,41.4,38.8,42.6,38.2,40.5,34.8,44.9,38.1,39.6,46.3,45.9,44.9,41.5,41.1,36.6,39.2,37.2,36.7,44.6,43.7,44.0,39.4,41.7,37.6,39.1,43.0,39.0,41.5,37.4
7441,34.7,37.9,35.0,42.0,42.6,45.4,44.7,41.7,44.9,44.4,44.0,44.7,43.9,44.3,44.8,45.5,41.9,40.0,43.3,43.3,42.7,43.6,45.2,42.3,40.9,42.3,46.6,43.0,41.3,45.2,43.4,44.5,38.0,38.6,39.7,38.2,42.8,37.3,44.0,37.0,45.4,40.9,39.4,38.4,38.0,37.9,36.4,36.4,38.1,34.7,42.4,40.0,39.7,35.2,40.7,37.5,39.7,40.9,40.6,38.4,42.2,37.2,40.1,33.3,44.0,37.3,38.5,45.4,45.2,44.2,39.7,40.1,35.4,38.2,36.3,35.7,44.0,43.1,43.4,38.6,40.8,36.5,38.4,42.4,38.3,40.8,36.7
7442,33.5,37.1,34.6,41.1,42.1,44.7,44.1,40.7,44.0,43.5,43.3,44.0,43.1,43.7,44.1,45.0,41.3,39.6,42.6,42.7,42.1,43.1,44.8,41.6,40.1,41.7,45.9,42.4,40.7,44.4,42.7,43.8,37.3,38.2,38.9,37.5,42.3,37.0,43.3,36.3,44.2,40.5,38.5,37.5,36.9,37.1,35.3,35.5,36.7,33.7,41.5,38.9,38.2,34.5,40.1,37.1,39.7,40.5,40.0,38.0,41.7,36.3,39.8,32.5,43.5,36.8,37.6,44.8,44.6,43.5,38.3,39.3,34.2,37.1,35.2,34.7,43.5,42.5,42.9,37.8,39.9,35.6,38.0,42.0,37.6,40.1,36.1
7443,32.6,36.7,34.0,40.5,41.4,43.9,43.4,40.2,43.3,43.0,42.7,43.2,42.5,42.9,43.5,44.5,40.6,39.2,41.9,42.1,41.5,42.5,44.4,40.8,39.5,40.9,45.2,41.5,40.3,43.7,42.1,43.2,36.7,37.5,38.4,36.8,41.7,36.6,42.6,35.3,43.2,40.2,37.8,36.6,36.3,36.5,34.4,34.7,35.9,33.0,40.7,37.8,37.1,33.8,39.7,36.7,39.1,40.1,39.6,37.7,41.3,35.8,39.6,31.6,42.9,36.3,37.0,44.2,44.0,42.8,36.7,38.5,33.5,36.3,34.5,33.8,42.9,41.9,42.2,37.2,39.3,34.9,37.5,41.6,36.9,39.3,35.4
7444,31.9,36.5,33.7,39.5,40.7,43.4,42.7,39.5,42.8,42.5,42.0,42.8,42.0,42.4,42.8,43.8,40.0,38.9,41.4,41.7,40.8,42.1,43.8,40.0,39.2,40.5,44.7,40.7,39.5,43.4,41.4,42.7,36.2,37.2,37.8,36.3,41.2,36.3,42.0,34.7,42.6,39.8,37.0,35.9,35.4,35.8,33.6,34.1,35.2,32.3,39.7,37.1,36.0,33.2,39.1,36.2,38.6,39.6,38.9,37.2,40.9,35.1,39.1,30.9,42.5,35.6,36.4,43.5,43.5,42.2,35.7,38.1,32.9,36.2,33.9,33.0,42.3,41.3,41.7,36.5,38.6,34.1,37.3,41.2,36.3,38.8,35.1
7445,31.5,36.2,33.4,39.1,40.3,42.8,42.4,39.2,42.3,41.9,41.7,42.3,41.5,41.8,42.2,43.3,39.6,38.6,40.9,41.2,40.2,41.5,43.5,39.4,38.6,40.2,44.0,40.4,39.0,43.0,41.0,42.4,35.6,36.6,37.4,36.0,40.6,36.0,41.2,34.2,41.8,39.5,36.3,35.2,35.0,35.5,32.8,33.3,34.4,31.2,38.8,36.4,35.2,32.9,38.7,35.9,38.1,39.1,38.6,36.9,40.5,34.5,39.0,30.0,42.0,35.4,35.7,43.0,42.9,41.7,34.2,37.3,32.3,35.3,33.1,32.4,41.7,40.8,41.0,36.1,37.9,33.3,36.8,40.9,35.9,38.4,34.7
7446,31.0,35.9,33.2,38.6,39.7,42.4,41.8,38.9,41.7,41.2,41.5,41.8,41.0,41.4,41.7,42.9,38.9,38.4,40.5,40.7,39.9,41.0,43.0,39.0,38.0,39.7,43.6,40.1,38.7,42.6,40.5,42.0,35.2,36.2,37.2,35.7,39.7,35.5,40.7,33.4,41.0,38.9,35.6,34.6,34.3,34.9,32.3,32.7,33.6,30.7,38.3,35.9,34.2,32.4,38.2,35.8,37.7,39.0,38.2,36.7,40.3,34.2,39.0,29.4,41.5,35.2,35.1,42.5,42.5,41.2,33.3,36.8,31.5,35.0,32.4,31.8,41.4,40.4,40.6,35.4,37.5,32.8,36.5,40.5,35.4,37.9,34.3
7447,31.8,36.0,34.1,37.9,39.2,41.9,41.5,38.5,41.5,40.9,41.4,41.5,40.9,40.8,41.3,42.6,38.8,38.2,40.6,41.0,39.5,41.0,42.6,38.5,37.4,39.3,43.2,39.5,38.5,42.3,40.2,41.7,34.8,35.9,36.9,35.7,40.3,35.9,40.2,33.4,40.4,40.4,35.3,34.0,35.0,35.5,31.9,33.8,33.6,29.9,37.7,35.6,33.5,32.7,37.8,35.6,37.4,38.7,38.1,36.6,40.3,33.9,38.7,29.6,41.3,34.8,34.6,42.0,42.3,41.0,32.6,36.4,32.0,34.5,32.6,31.2,41.5,40.3,40.2,35.1,36.9,32.4,36.1,40.7,34.9,37.6,34.1
7448,38.0,39.7,40.1,39.0,40.9,43.3,43.3,40.5,43.8,43.0,44.3,43.4,44.2,42.3,43.3,44.6,41.4,41.0,43.7,44.6,41.8,43.1,44.7,39.7,38.6,41.1,44.4,41.3,40.7,44.6,41.7,44.4,36.0,37.6,38.1,37.1,45.7,39.7,41.3,39.3,43.0,46.7,36.4,37.7,39.3,41.4,36.1,39.8,43.9,32.0,41.4,38.8,38.8,37.4,38.0,37.6,38.6,39.9,38.3,38.7,41.8,33.7,40.8,35.8,42.1,37.4,37.2,43.2,45.6,44.4,38.2,37.4,37.9,38.2,39.5,34.5,45.1,42.9,42.2,36.4,38.2,33.1,37.0,43.0,35.8,39.4,35.9
7449,44.3,44.6,46.4,44.8,45.1,47.1,47.2,45.1,47.3,46.3,48.0,47.1,48.2,45.6,47.3,47.8,45.8,44.7,47.5,48.3,45.9,46.9,48.5,43.5,43.3,45.9,47.5,45.6,44.5,48.2,45.9,47.3,40.1,41.7,41.1,41.2,50.9,44.5,46.3,44.4,46.6,51.9,41.6,42.3,44.5,47.3,40.3,44.9,52.0,38.1,49.0,43.0,45.0,42.7,40.8,40.5,41.9,43.4,40.8,41.5,43.6,36.3,44.6,42.3,44.1,41.8,41.4,46.3,49.1,48.0,44.9,44.0,43.9,44.1,45.0,40.7,48.9,46.3,45.8,41.5,42.6,37.5,41.3,45.9,39.9,43.3,40.5
7450,50.0,48.6,50.4,50.5,49.2,50.5,50.9,49.2,50.5,49.4,51.1,50.6,51.5,48.6,50.9,50.7,49.5,47.3,50.9,51.3,49.6,50.0,51.9,47.2,47.9,49.9,50.5,49.6,47.9,51.5,49.8,50.1,44.1,45.9,44.4,45.1,55.1,48.4,51.5,48.6,50.1,55.6,46.8,46.2,49.7,51.9,45.7,49.1,57.8,44.1,54.2,47.2,50.6,47.6,43.6,43.7,45.3,46.7,43.9,43.8,45.7,40.1,47.3,48.0,46.7,45.4,45.4,49.2,52.1,51.3,50.6,50.8,49.2,48.8,49.5,45.8,52.0,49.3,49.1,46.7,47.3,42.6,44.5,48.6,44.0,47.4,44.5
7451,54.4,51.5,53.2,55.3,52.9,53.7,54.2,53.0,53.2,52.0,53.7,53.5,54.0,51.2,54.0,53.3,52.8,49.8,53.5,53.7,52.8,52.7,54.9,50.5,52.1,53.3,53.2,53.0,51.1,54.1,52.9,52.7,47.6,49.3,47.6,48.7,58.6,51.5,55.9,52.1,53.6,58.1,51.2,49.4,53.9,55.1,50.5,52.9,61.5,48.7,58.5,51.3,55.5,51.5,46.7,46.3,48.1,49.5,46.8,45.9,47.7,44.1,49.7,52.1,49.3,48.6,49.0,51.6,54.7,54.0,55.7,55.6,53.4,51.9,53.1,50.2,54.4,51.6,51.8,50.9,51.2,47.7,47.0,50.7,47.5,50.7,47.5
7452,57.7,53.8,55.2,58.9,55.6,56.1,56.7,55.6,55.1,54.1,55.5,55.7,56.0,53.2,56.4,55.2,55.2,51.6,55.3,55.3,55.0,54.6,57.2,53.4,55.4,56.2,55.3,55.6,53.5,56.1,55.4,54.7,50.6,51.8,50.3,51.2,61.2,53.7,59.4,54.7,56.3,59.7,55.0,52.0,57.3,57.2,53.9,55.8,64.1,52.3,61.7,54.8,59.3,54.0,48.9,48.4,50.0,51.7,49.1,47.8,49.2,47.3,51.8,55.0,51.9,50.9,52.1,53.9,56.7,55.8,59.3,59.1,56.7,54.3,55.8,53.3,56.2,53.4,53.9,54.3,54.4,51.8,49.2,52.0,50.2,53.1,49.9
7453,59.9,54.9,56.4,61.4,57.6,58.0,58.7,57.5,56.4,55.6,56.9,57.2,57.3,54.8,58.2,56.6,56.9,53.0,56.7,56.5,56.8,56.0,58.9,55.3,57.7,58.2,56.8,57.3,55.3,57.4,57.1,56.2,52.7,53.6,52.0,52.9,63.2,55.2,61.8,56.6,58.5,60.9,57.6,54.0,59.5,58.9,56.6,57.6,66.0,54.8,63.8,57.4,62.0,55.5,50.1,49.6,51.2,53.1,50.8,49.2,50.5,49.7,53.3,57.0,54.5,52.5,54.3,55.4,58.1,57.2,61.4,61.5,58.7,55.9,57.8,55.4,57.3,54.8,55.5,56.7,56.5,54.8,50.8,53.1,52.3,54.8,51.9
7454,60.3,55.8,56.9,63.2,59.0,59.2,59.9,58.6,57.2,56.5,57.6,58.2,58.2,55.8,59.2,57.4,57.9,53.8,57.3,57.0,57.9,56.9,60.1,56.5,59.3,59.3,57.8,58.3,56.3,58.3,58.4,57.0,54.0,54.8,53.2,53.8,64.2,55.7,63.3,57.6,60.1,61.3,59.3,55.4,60.7,59.5,58.1,58.6,67.0,56.3,64.9,59.1,63.7,55.8,50.7,50.4,52.0,53.8,52.0,49.7,51.2,51.5,54.0,58.2,56.3,53.3,55.7,56.3,58.8,57.9,62.8,62.7,59.6,56.9,59.0,56.4,58.0,55.2,56.5,58.3,58.0,56.7,51.9,53.2,53.7,55.7,53.1
7455,60.7,55.4,56.6,63.9,59.4,59.6,60.4,58.9,57.2,56.6,57.6,58.5,58.2,56.1,59.6,57.6,58.1,53.6,57.2,56.8,58.2,57.0,60.1,56.8,59.7,59.7,58.1,58.6,56.6,58.4,58.8,56.7,54.5,55.1,53.6,53.7,64.3,55.3,63.9,57.8,61.0,60.7,59.9,56.0,60.6,59.6,58.8,58.6,67.0,56.9,65.2,59.6,64.5,55.9,50.9,50.4,52.2,54.0,52.6,49.6,51.2,52.4,54.0,58.5,57.1,53.0,56.3,56.5,59.0,58.1,63.2,63.3,59.6,57.3,59.2,56.6,57.8,55.1,56.6,58.7,58.5,57.0,52.0,52.9,54.2,56.2,53.2
7456,59.2,53.1,54.0,63.6,58.7,59.1,59.8,58.3,56.1,55.7,56.7,58.1,57.2,55.7,58.9,56.8,57.6,52.0,56.1,55.5,57.6,56.2,59.4,56.2,59.2,59.2,57.4,57.9,55.8,57.7,58.2,55.8,54.0,54.4,53.1,53.2,62.8,53.1,63.5,56.7,61.0,58.3,59.7,55.4,59.1,57.5,58.3,57.3,65.6,56.3,64.5,58.7,64.0,53.6,50.2,49.1,51.4,53.2,52.5,48.1,49.9,52.4,52.6,57.5,57.0,51.5,55.6,56.1,58.3,57.0,62.4,63.5,58.3,57.0,57.8,55.9,56.8,53.9,56.0,58.6,57.9,56.7,51.3,51.7,54.0,55.5,52.8
7457,51.9,47.8,46.7,61.4,56.2,57.0,57.4,55.4,53.4,53.0,53.8,56.3,53.9,53.7,56.5,54.2,54.6,48.3,53.0,51.7,54.9,53.5,56.7,53.5,56.6,56.7,55.5,55.3,52.8,55.0,55.7,52.7,51.3,51.6,51.0,50.5,57.2,47.8,61.6,52.5,59.1,51.3,57.3,52.3,53.0,52.0,55.2,52.1,59.2,53.7,62.4,55.5,61.7,47.0,48.1,46.1,48.5,50.5,51.0,44.6,48.2,50.9,49.3,52.6,55.2,47.7,52.2,54.1,55.4,53.8,59.5,61.4,53.1,54.4,52.2,53.1,53.5,50.9,53.3,56.4,55.3,54.5,48.3,49.5,51.8,52.8,49.6
7458,46.7,44.3,42.7,55.6,51.7,53.4,53.5,50.4,51.3,50.3,51.1,53.4,50.6,51.1,52.7,51.6,49.7,45.9,50.0,49.1,50.7,50.5,52.0,49.5,50.7,51.2,53.6,51.4,48.7,51.6,51.9,49.6,46.5,47.1,47.9,46.0,52.4,44.5,56.0,48.2,56.1,47.1,51.2,46.4,49.3,47.5,50.9,47.6,54.2,47.2,57.2,52.5,54.9,43.4,45.5,44.1,45.7,47.0,48.3,42.8,46.7,47.0,46.8,47.5,52.3,44.9,47.6,52.0,52.2,50.9,52.9,54.5,47.5,49.0,47.8,47.1,50.3,48.5,50.0,50.1,49.9,49.6,42.3,48.2,47.7,49.5,44.9
7459,43.7,42.4,40.2,51.5,49.1,51.3,51.1,47.4,49.9,48.9,49.6,51.2,49.1,49.1,50.5,50.2,46.5,44.4,48.3,47.4,48.2,48.8,50.1,47.9,47.5,48.3,51.9,49.0,46.5,49.8,49.4,48.5,44.1,45.2,45.7,43.6,50.0,42.4,52.2,44.6,53.2,45.5,47.7,43.5,46.8,44.2,47.8,44.7,50.0,43.8,52.9,50.2,49.3,41.4,44.3,42.3,44.0,45.4,45.8,41.9,45.5,44.2,44.8,43.9,50.5,43.0,45.5,50.4,50.5,49.1,49.7,49.6,44.6,45.5,44.9,44.4,48.6,47.1,48.3,45.8,47.4,45.9,40.5,46.9,45.1,47.2,42.2
7460,41.4,40.9,38.6,48.5,47.3,49.9,49.4,45.5,48.9,47.6,48.2,49.5,48.0,47.9,49.0,49.0,44.9,43.4,47.1,46.4,46.6,47.5,48.9,46.7,45.6,46.3,50.4,47.4,44.9,48.7,47.7,47.5,42.6,43.4,44.4,42.2,47.8,40.7,50.0,42.6,51.5,44.1,45.4,42.0,44.4,42.4,44.5,42.5,46.4,41.7,50.2,48.0,46.6,40.2,43.2,41.1,42.6,44.3,43.9,41.1,44.9,42.3,43.3,41.3,48.6,41.4,43.9,49.3,49.3,48.0,47.3,47.0,42.5,43.6,42.6,42.3,47.3,46.2,46.9,43.6,45.7,43.5,40.0,45.9,43.1,45.5,40.7
7461,39.4,40.0,37.7,46.2,46.0,48.6,48.1,44.3,47.9,46.8,47.1,48.2,46.9,46.8,47.9,48.2,44.0,42.5,46.3,45.5,45.6,46.4,47.8,45.7,44.1,45.3,49.3,46.0,43.9,47.7,46.5,47.0,41.3,41.9,43.2,41.1,46.5,39.6,48.2,40.5,49.9,42.9,43.5,41.4,42.7,41.3,41.9,41.0,43.9,39.7,47.9,45.9,45.1,38.9,42.3,39.9,41.4,43.4,42.9,40.2,44.1,41.1,42.6,38.9,47.2,40.3,42.4,48.3,48.2,47.0,45.6,45.2,40.6,42.3,40.7,40.5,46.4,45.4,45.7,42.4,44.5,41.6,39.7,45.0,41.8,44.1,39.4
7462,37.9,39.4,36.6,44.7,44.9,47.6,47.0,43.2,47.1,45.9,46.3,47.1,46.1,46.1,46.8,47.4,43.3,41.8,45.4,44.6,44.7,45.5,46.9,44.9,43.0,44.5,48.4,45.1,42.8,46.7,45.6,46.1,40.2,40.7,42.1,40.3,45.2,38.5,46.7,39.3,48.8,42.3,42.4,40.5,41.2,40.3,39.9,39.4,41.9,38.4,46.1,44.1,43.3,37.6,41.7,38.8,40.9,42.6,42.4,39.6,43.4,39.8,41.6,37.2,46.3,39.2,41.1,47.4,47.1,46.0,44.2,43.3,38.9,40.8,39.2,38.9,45.4,44.7,44.9,41.1,43.3,40.0,39.5,44.2,40.7,42.9,38.6
7463,36.4,38.6,35.8,43.5,44.0,46.8,46.0,42.5,46.1,45.2,45.3,46.1,45.3,45.2,46.0,46.6,42.4,41.0,44.5,44.0,43.9,44.5,46.0,43.9,42.3,43.6,47.6,44.2,42.1,46.2,44.6,45.3,39.5,39.9,41.2,39.4,44.6,37.9,45.6,38.2,47.6,41.5,41.1,39.6,39.8,39.1,38.2,38.2,40.0,37.0,44.4,42.5,42.0,36.5,41.2,38.3,40.3,42.0,41.5,38.9,42.9,38.7,40.9,35.8,45.2,38.6,40.0,46.6,46.2,45.3,42.7,41.7,37.4,39.6,38.0,37.5,44.8,44.0,44.4,40.1,42.5,38.8,38.9,43.6,39.8,41.9,37.8
7464,35.2,37.7,35.2,42.3,43.3,45.9,45.2,41.8,45.3,44.5,44.5,45.1,44.3,44.6,45.1,45.9,42.0,40.4,43.7,43.4,43.0,43.9,45.2,42.9,41.5,42.7,46.8,43.3,41.4,45.4,43.9,44.7,38.7,39.1,40.2,38.6,43.6,37.3,44.5,37.5,46.1,41.0,40.0,38.9,38.6,38.2,36.9,37.1,38.8,35.7,43.3,40.9,40.7,35.5,40.6,37.7,39.8,41.2,40.8,38.4,42.3,37.8,40.2,34.4,44.4,37.7,39.2,45.9,45.4,44.5,41.0,40.6,36.1,38.6,36.9,36.2,44.1,43.3,43.6,39.1,41.6,37.5,38.6,43.0,39.0,41.1,37.3
7465,34.1,37.3,34.6,41.6,42.3,45.1,44.4,41.4,44.7,44.0,43.7,44.4,43.5,43.9,44.5,45.2,41.5,39.9,42.9,42.8,42.3,43.1,44.7,42.1,40.6,42.0,46.2,42.6,40.8,44.8,43.1,44.1,37.9,38.3,39.5,37.9,42.6,36.9,43.6,36.7,45.0,40.5,39.1,38.0,37.4,37.5,35.8,36.2,37.7,34.4,42.2,39.6,39.3,35.0,40.2,37.1,39.3,40.5,40.1,38.0,42.0,36.8,39.7,33.0,43.6,36.9,38.2,45.1,44.7,43.8,39.4,39.7,34.9,37.6,35.9,35.3,43.5,42.6,43.0,38.3,40.6,36.4,37.8,42.4,38.2,40.4,36.5
7466,33.0,36.6,34.1,40.7,41.7,44.4,43.7,40.3,43.8,43.1,43.0,43.7,42.7,43.2,43.8,44.6,40.9,39.3,42.3,42.1,41.7,42.6,44.3,41.3,39.8,41.4,45.5,42.0,40.3,44.1,42.4,43.4,37.3,38.0,38.8,37.3,42.0,36.5,42.9,35.9,43.8,40.1,38.1,37.1,36.4,36.7,34.9,35.3,36.4,33.3,41.3,38.6,37.7,34.4,39.7,36.7,39.3,39.9,39.5,37.6,41.5,36.0,39.4,32.3,43.1,36.5,37.3,44.4,44.1,43.2,37.9,38.8,33.7,36.6,34.9,34.3,42.9,42.2,42.4,37.6,39.7,35.6,37.5,42.0,37.5,39.8,36.0
7467,32.1,36.2,33.6,40.1,41.0,43.7,43.1,39.8,43.2,42.6,42.3,42.9,42.1,42.5,43.2,44.1,40.2,38.9,41.5,41.6,41.2,42.0,43.9,40.6,39.1,40.6,44.9,41.3,39.9,43.4,41.8,42.9,36.6,37.3,38.2,36.5,41.3,36.1,42.2,34.9,42.9,39.8,37.4,36.2,35.8,36.0,34.0,34.5,35.5,32.7,40.4,37.5,36.7,33.5,39.3,36.4,38.7,39.6,39.1,37.3,41.0,35.5,39.2,31.3,42.5,35.9,36.7,43.9,43.4,42.4,36.4,38.1,33.1,35.8,34.2,33.5,42.3,41.6,41.7,37.0,39.1,34.8,36.9,41.6,36.8,39.0,35.3
7468,31.4,36.0,33.3,39.1,40.4,43.2,42.4,39.2,42.6,42.1,41.7,42.4,41.6,42.0,42.5,43.4,39.7,38.6,41.1,41.2,40.5,41.6,43.4,39.8,38.8,40.2,44.3,40.5,39.2,43.1,41.2,42.4,36.1,36.9,37.6,36.1,40.8,35.9,41.6,34.3,42.2,39.5,36.6,35.4,34.9,35.5,33.2,33.8,34.8,32.0,39.4,36.8,35.7,32.9,38.7,35.9,38.4,39.1,38.5,36.8,40.8,34.8,38.7,30.6,42.1,35.3,36.1,43.2,42.9,41.9,35.3,37.7,32.3,35.6,33.6,32.8,41.8,41.0,41.3,36.3,38.3,34.0,36.8,41.2,36.2,38.5,35.0
7469,30.9,35.6,33.0,38.6,40.0,42.5,42.1,38.8,42.1,41.7,41.3,41.9,41.2,41.4,41.8,42.9,39.3,38.3,40.5,40.7,40.0,41.0,43.1,39.2,38.3,39.8,43.7,40.2,38.7,42.6,40.7,42.1,35.5,36.3,37.2,35.9,40.2,35.5,40.7,33.8,41.4,39.2,35.9,34.8,34.4,35.1,32.5,33.0,34.0,30.9,38.6,36.1,34.9,32.5,38.3,35.6,37.8,38.7,38.2,36.5,40.3,34.2,38.6,29.8,41.7,35.1,35.4,42.8,42.4,41.4,33.9,37.0,31.6,34.7,32.8,32.1,41.2,40.5,40.7,35.8,37.6,33.1,36.2,41.0,35.8,38.1,34.5
7470,30.4,35.4,32.7,38.2,39.3,42.2,41.5,38.6,41.4,41.0,41.0,41.4,40.6,41.0,41.3,42.5,38.7,38.0,40.2,40.2,39.6,40.6,42.6,38.7,37.7,39.3,43.3,39.8,38.3,42.3,40.3,41.6,35.1,36.0,37.0,35.4,39.3,35.0,40.3,32.9,40.5,38.6,35.2,34.2,33.8,34.5,31.9,32.4,33.3,30.5,38.0,35.7,33.8,32.0,37.8,35.4,37.3,38.5,37.8,36.3,40.1,33.9,38.5,29.1,41.2,34.9,34.8,42.3,42.1,40.9,33.0,36.5,31.0,34.4,32.1,31.5,40.9,40.0,40.4,35.1,37.1,32.5,35.8,40.6,35.3,37.6,34.2
7471,31.3,35.5,33.5,37.6,38.9,41.7,41.2,38.1,41.2,40.6,41.0,41.1,40.5,40.5,41.0,42.2,38.6,37.8,40.3,40.5,39.2,40.5,42.2,38.2,37.1,38.9,43.0,39.2,38.2,42.0,39.9,41.3,34.6,35.7,36.8,35.5,39.9,35.5,39.8,32.9,40.0,40.0,34.9,33.6,34.3,35.2,31.6,33.4,33.3,29.7,37.4,35.5,33.1,32.4,37.4,35.3,37.0,38.3,37.7,36.2,40.2,33.6,38.3,29.2,41.0,34.7,34.4,41.8,41.9,40.7,32.3,36.0,31.4,34.0,32.3,30.9,41.1,40.0,40.0,34.7,36.5,32.1,35.4,40.7,34.7,37.4,33.9
7472,37.5,39.2,39.5,38.5,40.5,42.9,42.9,40.1,43.5,42.7,43.9,42.9,43.7,42.0,42.9,44.2,41.1,40.6,43.3,44.1,41.4,42.7,44.3,39.4,38.1,40.7,44.2,41.0,40.4,44.2,41.4,44.0,35.8,37.3,37.9,36.9,45.3,39.2,40.8,38.8,42.5,46.4,36.0,37.1,38.7,41.1,35.6,39.4,43.6,31.6,41.0,38.6,38.4,37.1,37.5,37.2,38.1,39.4,37.8,38.1,41.6,33.4,40.3,35.4,41.8,37.1,36.8,43.0,45.1,43.9,37.8,37.0,37.5,37.5,39.1,34.0,44.6,42.5,41.9,36.1,37.7,32.8,36.3,42.9,35.5,39.1,35.7
7473,43.9,44.1,45.9,44.3,44.7,46.8,46.8,44.7,47.0,46.1,47.6,46.6,47.7,45.3,47.0,47.5,45.5,44.2,47.2,47.8,45.6,46.6,48.1,43.2,42.9,45.6,47.2,45.3,44.2,47.7,45.7,47.0,39.8,41.4,40.9,40.9,50.6,44.1,45.9,44.0,46.1,51.7,41.3,41.7,44.0,47.0,39.8,44.6,51.7,37.7,48.6,42.8,44.5,42.4,40.2,40.0,41.3,42.9,40.2,40.9,43.5,35.9,44.1,41.8,43.8,41.3,41.0,46.0,48.6,47.6,44.4,43.6,43.5,43.4,44.7,40.4,48.5,45.9,45.5,41.1,42.2,37.2,40.5,45.8,39.6,43.1,40.2
7474,49.6,48.2,50.0,50.2,48.9,50.3,50.6,48.9,50.2,49.1,50.7,50.2,51.1,48.3,50.6,50.4,49.3,46.9,50.6,50.8,49.3,49.7,51.6,47.0,47.6,49.6,50.3,49.3,47.6,51.0,49.5,49.7,43.9,45.6,44.2,44.8,54.8,48.0,51.1,48.2,49.7,55.4,46.5,45.6,49.2,51.7,45.1,48.9,57.4,43.7,53.9,47.0,50.1,47.3,43.0,43.1,44.7,46.1,43.3,43.2,45.5,39.7,46.8,47.5,46.2,45.0,45.0,48.9,51.6,50.9,50.1,50.5,48.7,48.1,49.2,45.5,51.5,48.9,48.9,46.3,47.0,42.3,43.7,48.4,43.8,47.2,44.2
7475,54.0,51.1,52.8,54.9,52.6,53.4,53.9,52.7,52.9,51.7,53.3,53.2,53.6,51.0,53.7,53.0,52.6,49.4,53.2,53.2,52.6,52.4,54.6,50.3,51.7,53.0,53.0,52.8,50.9,53.6,52.7,52.4,47.4,49.1,47.4,48.5,58.5,51.2,55.6,51.6,53.1,57.9,50.9,48.8,53.5,55.0,50.0,52.6,61.2,48.3,58.1,51.0,55.1,51.1,46.1,45.7,47.5,48.9,46.2,45.4,47.4,43.6,49.3,51.6,48.8,48.2,48.5,51.4,54.2,53.5,55.2,55.3,53.0,51.3,52.8,49.7,53.9,51.2,51.5,50.6,51.0,47.5,46.3,50.4,47.2,50.5,47.2
7476,57.4,53.4,54.8,58.5,55.4,55.8,56.4,55.4,54.8,53.9,55.1,55.3,55.6,53.0,56.1,54.9,55.0,51.2,54.9,54.9,54.8,54.3,56.8,53.1,55.0,55.9,55.0,55.4,53.2,55.6,55.2,54.4,50.3,51.6,50.1,51.0,60.9,53.4,59.1,54.3,55.8,59.4,54.6,51.4,56.9,57.1,53.4,55.4,63.9,51.9,61.3,54.4,58.9,53.5,48.3,47.8,49.4,51.1,48.6,47.2,48.9,46.8,51.3,54.5,51.4,50.4,51.7,53.6,56.2,55.4,58.8,58.8,56.4,53.7,55.4,52.9,55.7,53.1,53.7,53.9,54.1,51.5,48.5,51.7,49.9,52.8,49.6
7477,59.8,54.5,56.0,61.0,57.3,57.7,58.3,57.2,56.1,55.3,56.4,56.8,56.9,54.5,57.9,56.3,56.7,52.5,56.2,56.1,56.6,55.7,58.5,54.9,57.3,57.8,56.6,57.0,55.0,57.0,56.9,55.8,52.4,53.4,51.9,52.7,62.9,54.9,61.5,56.0,57.9,60.6,57.2,53.4,59.0,58.6,56.1,57.3,65.7,54.4,63.4,57.0,61.5,55.0,49.6,49.1,50.7,52.4,50.3,48.6,50.1,49.1,52.8,56.5,53.9,52.0,53.9,55.1,57.6,56.7,61.0,61.3,58.3,55.4,57.4,55.0,56.8,54.4,55.2,56.3,56.1,54.4,50.2,52.8,52.0,54.5,51.5
7478,60.3,55.4,56.4,62.8,58.7,58.8,59.5,58.2,56.9,56.2,57.2,57.9,57.8,55.5,58.8,57.1,57.6,53.3,56.8,56.6,57.6,56.5,59.7,56.0,58.9,58.9,57.5,57.9,56.1,57.9,58.1,56.6,53.6,54.5,52.9,53.5,63.9,55.4,63.0,57.2,59.5,60.9,58.9,54.9,60.2,59.2,57.7,58.2,66.8,55.7,64.5,58.7,63.2,55.2,50.1,49.9,51.4,53.2,51.5,49.1,50.8,50.8,53.5,57.7,55.7,52.8,55.3,56.1,58.4,57.5,62.4,62.4,59.3,56.3,58.6,56.1,57.5,54.9,56.2,57.8,57.4,56.2,51.3,52.9,53.4,55.5,52.7
7479,60.4,55.0,56.1,63.5,59.0,59.2,59.9,58.5,56.9,56.3,57.1,58.2,57.8,55.8,59.2,57.3,57.8,53.2,56.7,56.4,57.9,56.7,59.7,56.4,59.2,59.2,57.8,58.2,56.3,58.0,58.5,56.4,54.1,54.8,53.3,53.4,64.0,55.0,63.6,57.3,60.5,60.2,59.4,55.4,60.2,59.2,58.4,58.2,66.7,56.4,64.7,59.2,64.0,55.4,50.4,49.8,51.6,53.3,52.2,49.0,50.7,51.8,53.5,58.0,56.5,52.5,55.8,56.2,58.6,57.7,62.7,63.0,59.1,56.7,58.8,56.2,57.3,54.8,56.3,58.2,58.0,56.6,51.5,52.6,53.8,55.8,52.8
7480,58.8,52.7,53.5,63.1,58.2,58.6,59.3,57.9,55.8,55.3,56.3,57.8,56.8,55.3,58.5,56.4,57.3,51.5,55.7,55.0,57.3,55.9,58.9,55.7,58.7,58.7,57.1,57.5,55.5,57.3,57.8,55.4,53.6,54.0,52.7,52.9,62.4,52.7,63.3,56.2,60.5,57.8,59.2,54.8,58.6,57.1,57.9,56.8,65.2,55.7,64.0,58.3,63.5,53.0,49.6,48.5,50.8,52.5,52.0,47.5,49.5,51.8,52.0,56.9,56.4,51.0,55.1,55.7,57.8,56.5,62.0,63.1,57.8,56.4,57.4,55.4,56.3,53.5,55.6,58.1,57.3,56.2,50.8,51.4,53.6,55.1,52.4
7481,51.5,47.4,46.3,60.9,55.7,56.5,56.9,54.9,53.1,52.6,53.3,55.9,53.5,53.3,56.0,53.8,54.1,47.9,52.6,51.2,54.4,53.1,56.2,53.0,56.0,56.2,55.2,54.9,52.4,54.6,55.3,52.3,50.8,51.2,50.6,50.1,56.9,47.4,61.2,52.0,58.6,50.7,56.8,51.8,52.5,51.7,54.7,51.6,58.8,53.1,61.9,55.0,61.3,46.4,47.4,45.6,47.8,49.7,50.5,44.1,47.8,50.2,48.9,51.9,54.5,47.3,51.7,53.7,54.9,53.3,59.1,61.0,52.6,53.7,51.7,52.5,53.0,50.5,52.9,55.8,54.8,54.0,47.6,49.2,51.3,52.3,49.1
7482,46.5,43.8,42.3,55.1,51.2,53.0,53.0,50.0,51.0,50.0,50.7,53.0,50.2,50.7,52.2,51.3,49.3,45.5,49.5,48.7,50.4,50.2,51.5,49.1,50.2,50.7,53.2,51.0,48.3,51.2,51.6,49.2,46.1,46.7,47.5,45.8,52.0,44.0,55.6,47.7,55.6,46.7,50.7,45.8,48.9,47.2,50.5,47.2,54.0,46.7,56.8,52.1,54.3,42.9,44.9,43.7,45.0,46.3,47.8,42.4,46.4,46.5,46.4,47.0,51.7,44.5,47.2,51.6,51.7,50.4,52.5,54.0,47.1,48.4,47.3,46.6,49.9,48.2,49.7,49.6,49.5,49.1,41.7,47.9,47.4,49.1,44.6
7483,43.5,41.9,39.8,51.2,48.7,50.9,50.7,47.1,49.7,48.7,49.2,50.8,48.7,48.8,50.1,49.9,46.2,44.1,47.9,47.0,47.8,48.6,49.6,47.5,47.0,47.8,51.6,48.7,46.3,49.4,49.1,48.0,43.7,44.8,45.4,43.5,49.7,42.0,51.9,44.2,52.7,45.1,47.3,42.9,46.3,43.9,47.3,44.4,49.7,43.5,52.5,49.9,49.1,40.9,43.8,42.0,43.4,44.8,45.5,41.5,45.3,43.7,44.5,43.4,49.9,42.6,45.1,50.1,50.1,48.7,49.3,49.2,44.3,44.9,44.6,44.0,48.1,46.8,48.0,45.3,47.0,45.4,40.1,46.6,44.7,46.8,42.0
7484,41.3,40.4,38.2,48.1,47.0,49.6,49.0,45.2,48.7,47.4,47.8,49.1,47.6,47.5,48.7,48.8,44.6,43.1,46.6,46.0,46.3,47.2,48.5,46.3,45.2,45.9,50.1,47.0,44.7,48.3,47.3,47.1,42.2,43.0,44.1,42.1,47.5,40.3,49.7,42.3,51.0,43.8,44.9,41.5,44.0,42.0,44.0,42.2,46.2,41.3,49.9,47.7,46.4,39.7,42.7,40.8,42.0,43.7,43.5,40.7,44.7,42.0,43.1,40.8,48.1,41.0,43.6,49.0,48.8,47.5,47.1,46.6,42.1,42.9,42.3,41.8,46.8,45.8,46.6,43.3,45.4,43.1,39.6,45.6,42.7,45.2,40.4
7485,39.2,39.5,37.3,45.8,45.7,48.2,47.7,44.1,47.7,46.5,46.6,47.7,46.5,46.4,47.5,47.9,43.7,42.2,45.8,45.1,45.2,46.1,47.3,45.3,43.8,45.0,48.9,45.6,43.7,47.3,46.1,46.6,40.9,41.7,42.9,41.0,46.1,39.1,47.9,40.1,49.5,42.6,43.2,40.9,42.4,41.0,41.5,40.6,43.6,39.4,47.5,45.7,44.9,38.4,41.7,39.7,40.8,42.8,42.5,39.9,43.9,40.8,42.3,38.5,46.8,40.1,42.2,48.0,47.8,46.6,45.3,44.8,40.3,41.7,40.3,40.1,45.9,45.1,45.5,42.2,44.1,41.3,39.1,44.7,41.5,43.7,39.2
7486,37.7,38.9,36.4,44.4,44.7,47.3,46.5,42.9,46.9,45.6,45.8,46.7,45.7,45.7,46.5,47.1,42.9,41.4,45.0,44.3,44.3,45.2,46.4,44.5,42.7,44.1,48.1,44.7,42.5,46.3,45.2,45.7,39.8,40.5,41.9,40.1,44.8,38.1,46.5,39.0,48.4,42.0,42.0,40.0,40.9,40.0,39.5,39.1,41.7,38.0,45.8,43.8,43.1,37.3,41.2,38.6,40.3,42.0,42.0,39.4,43.2,39.6,41.3,36.8,45.9,39.0,40.9,47.1,46.7,45.6,44.0,43.0,38.6,40.2,38.8,38.5,45.0,44.3,44.6,40.9,43.0,39.7,39.0,44.0,40.4,42.6,38.3
7487,36.3,38.2,35.5,43.2,43.8,46.5,45.7,42.3,45.9,44.9,44.9,45.8,44.9,44.9,45.7,46.3,42.1,40.7,44.1,43.7,43.6,44.2,45.6,43.6,41.9,43.4,47.3,43.9,41.8,45.8,44.2,45.0,39.1,39.7,40.9,39.2,44.2,37.5,45.3,38.0,47.3,41.1,40.8,39.0,39.5,38.8,37.8,37.8,39.8,36.6,44.2,42.2,41.7,36.1,40.6,38.1,39.7,41.4,41.2,38.7,42.8,38.5,40.7,35.4,44.9,38.4,39.8,46.3,45.8,45.0,42.6,41.4,37.0,39.0,37.6,37.1,44.4,43.7,44.0,39.9,42.2,38.5,38.3,43.5,39.5,41.6,37.4
7488,35.1,37.2,34.9,42.0,43.0,45.6,44.9,41.6,45.1,44.2,44.1,44.8,44.0,44.2,44.9,45.6,41.7,40.1,43.3,43.1,42.8,43.6,44.9,42.6,41.3,42.4,46.4,42.9,41.1,45.0,43.5,44.3,38.4,38.8,39.9,38.4,43.2,36.8,44.2,37.2,45.8,40.7,39.5,38.4,38.3,38.0,36.5,36.7,38.5,35.3,43.1,40.7,40.4,35.1,40.0,37.6,39.2,40.6,40.6,38.1,42.2,37.6,40.0,34.0,44.1,37.6,38.9,45.6,45.0,44.1,40.7,40.3,35.6,38.0,36.5,35.8,43.8,43.0,43.3,39.0,41.3,37.3,38.1,42.8,38.7,40.8,36.9
7489,33.9,36.9,34.3,41.2,42.2,44.8,44.1,41.2,44.5,43.6,43.4,44.0,43.2,43.5,44.3,44.9,41.2,39.5,42.6,42.4,42.0,42.8,44.4,41.8,40.5,41.7,45.8,42.3,40.5,44.3,42.8,43.8,37.6,38.0,39.1,37.7,42.3,36.4,43.3,36.3,44.7,40.2,38.7,37.3,37.2,37.3,35.5,35.7,37.4,33.9,42.0,39.4,39.2,34.7,39.7,36.9,38.8,39.9,39.8,37.7,41.8,36.6,39.6,32.5,43.3,36.7,38.0,44.8,44.4,43.4,39.2,39.4,34.4,37.0,35.5,34.9,43.2,42.4,42.7,38.2,40.4,36.2,37.3,42.2,37.9,40.1,36.2
7490,32.8,36.2,33.8,40.5,41.5,44.2,43.4,40.1,43.6,42.7,42.6,43.4,42.5,42.8,43.6,44.3,40.5,39.0,41.9,41.8,41.3,42.3,43.9,41.0,39.6,41.1,45.1,41.7,39.9,43.7,42.0,43.2,36.9,37.5,38.5,37.0,41.6,36.1,42.6,35.5,43.5,39.9,37.8,36.5,36.1,36.5,34.6,34.9,36.2,33.0,41.0,38.4,37.5,34.1,39.2,36.6,38.7,39.3,39.2,37.3,41.4,35.8,39.2,31.9,42.8,36.3,37.0,44.0,43.7,42.8,37.8,38.5,33.2,36.0,34.5,33.9,42.6,41.8,42.1,37.5,39.5,35.4,37.0,41.7,37.2,39.5,35.8
7491,31.9,35.9,33.3,39.9,40.8,43.3,42.8,39.6,42.9,42.2,42.0,42.6,41.9,42.1,42.9,43.7,39.8,38.7,41.2,41.3,40.8,41.7,43.6,40.2,38.8,40.4,44.5,41.0,39.4,43.0,41.5,42.6,36.3,36.9,37.9,36.3,40.9,35.7,41.8,34.4,42.5,39.6,37.1,35.7,35.5,35.8,33.7,34.0,35.3,32.3,40.1,37.3,36.5,33.2,38.8,36.2,38.2,39.0,38.7,37.0,41.0,35.3,39.1,30.9,42.2,35.8,36.5,43.5,43.1,42.2,36.3,37.8,32.6,35.1,33.9,33.2,42.1,41.3,41.3,36.9,38.9,34.6,36.4,41.3,36.5,38.7,35.2
7492,31.1,35.8,33.1,38.9,40.2,42.9,42.0,39.1,42.3,41.7,41.4,42.1,41.4,41.6,42.2,43.0,39.4,38.3,40.8,40.9,40.2,41.2,43.0,39.5,38.6,40.0,43.9,40.2,38.9,42.7,40.9,42.1,35.8,36.6,37.3,35.8,40.4,35.4,41.2,33.9,41.8,39.3,36.4,34.9,34.7,35.2,32.9,33.3,34.6,31.7,39.2,36.5,35.5,32.7,38.2,35.8,37.8,38.6,38.2,36.7,40.7,34.6,38.5,30.2,41.9,35.3,35.8,42.9,42.6,41.6,35.1,37.4,31.9,35.0,33.2,32.4,41.6,40.6,40.9,36.1,38.0,33.7,36.3,40.9,35.9,38.2,34.8
7493,30.5,35.4,32.8,38.4,39.7,42.2,41.8,38.8,41.8,41.3,41.0,41.6,40.9,41.1,41.7,42.6,39.0,38.0,40.3,40.4,39.7,40.7,42.7,38.9,38.1,39.6,43.3,40.0,38.4,42.3,40.4,41.8,35.2,36.0,36.8,35.6,39.9,35.2,40.4,33.4,41.0,38.9,35.6,34.3,34.1,34.8,32.2,32.6,33.9,30.5,38.3,35.9,34.7,32.3,37.9,35.4,37.4,38.1,37.9,36.3,40.2,34.0,38.5,29.4,41.4,34.9,35.1,42.5,42.0,41.1,33.6,36.7,31.3,34.1,32.4,31.8,41.0,40.2,40.3,35.6,37.4,32.8,35.8,40.8,35.5,37.8,34.3
7494,30.1,35.1,32.5,38.0,39.2,41.9,41.2,38.5,41.1,40.7,40.7,41.1,40.4,40.7,41.1,42.2,38.5,37.8,40.0,40.0,39.3,40.3,42.2,38.4,37.4,39.1,43.0,39.5,38.0,41.9,40.1,41.3,34.8,35.6,36.7,35.2,39.0,34.8,39.9,32.6,40.2,38.3,35.0,33.7,33.5,34.3,31.6,32.0,33.1,30.1,37.7,35.4,33.6,31.7,37.4,35.3,36.9,38.1,37.6,36.0,40.0,33.7,38.3,28.7,41.0,34.7,34.5,42.0,41.7,40.7,32.7,36.2,30.5,33.9,31.6,31.2,40.7,39.8,40.1,34.9,36.9,32.2,35.5,40.3,35.0,37.4,33.9
7495,30.8,35.3,33.2,37.3,38.7,41.4,40.9,38.1,40.9,40.3,40.7,40.7,40.2,40.3,40.8,42.0,38.2,37.6,40.0,40.2,38.9,40.2,41.8,37.9,36.8,38.7,42.7,39.1,37.9,41.6,39.7,41.1,34.3,35.5,36.5,35.2,39.5,35.2,39.5,32.6,39.6,39.7,34.7,33.0,33.9,34.9,31.3,32.9,33.0,29.4,37.2,35.1,32.8,32.1,36.9,35.1,36.5,37.8,37.3,35.8,40.0,33.4,38.1,28.8,40.9,34.5,34.2,41.5,41.5,40.4,32.0,35.7,31.0,33.4,31.8,30.6,40.7,39.7,39.7,34.5,36.3,31.9,35.1,40.5,34.4,37.1,33.7
7496,37.0,39.0,39.1,38.2,40.3,42.6,42.5,39.9,43.1,42.3,43.5,42.5,43.4,41.6,42.5,43.9,40.7,40.2,42.9,43.8,41.0,42.3,43.8,39.0,37.8,40.4,43.8,40.7,39.9,43.8,41.0,43.7,35.4,37.0,37.6,36.5,44.8,38.9,40.5,38.2,42.1,45.9,35.7,36.4,38.2,40.7,35.2,39.0,43.2,31.3,40.6,38.2,38.0,36.6,37.0,36.9,37.5,38.8,37.5,37.7,41.4,33.2,39.9,34.9,41.6,36.6,36.5,42.6,44.7,43.6,37.4,36.7,36.9,36.8,38.6,33.6,44.1,42.2,41.5,35.7,37.5,32.4,36.0,42.6,35.2,38.7,35.3
7497,43.6,44.0,45.6,44.0,44.3,46.3,46.3,44.3,46.6,45.5,47.1,46.2,47.3,44.8,46.6,47.1,45.1,43.7,46.7,47.4,45.1,46.2,47.5,42.7,42.6,45.1,46.8,44.9,43.7,47.4,45.2,46.6,39.3,41.0,40.5,40.5,50.2,43.8,45.5,43.4,45.6,51.3,40.9,41.0,43.6,46.6,39.3,44.1,51.2,37.2,48.2,42.4,44.0,42.0,39.6,39.7,40.7,42.3,39.8,40.4,43.3,35.6,43.6,41.3,43.5,40.9,40.6,45.6,48.2,47.2,43.9,43.2,43.0,42.7,44.3,40.0,48.0,45.5,45.1,40.7,41.9,36.8,40.0,45.4,39.1,42.6,39.7
7498,49.3,47.9,49.8,49.9,48.5,49.8,50.1,48.4,49.8,48.6,50.2,49.8,50.6,47.8,50.1,50.0,48.7,46.4,50.1,50.3,48.8,49.2,51.0,46.5,47.2,49.1,49.8,48.8,47.1,50.6,49.0,49.3,43.5,45.1,43.7,44.4,54.4,47.9,50.7,47.6,49.2,55.1,46.1,44.8,48.8,51.3,44.5,48.4,57.0,43.2,53.4,46.6,49.5,46.9,42.4,42.7,44.1,45.4,42.8,42.7,45.3,39.3,46.3,47.0,45.8,44.5,44.6,48.4,51.2,50.4,49.5,50.1,48.3,47.4,48.7,45.0,51.0,48.4,48.4,46.0,46.6,42.0,43.2,47.9,43.3,46.6,43.7
7499,53.7,50.9,52.6,54.6,52.2,52.9,53.3,52.2,52.5,51.1,52.8,52.8,53.2,50.4,53.2,52.5,52.0,49.0,52.6,52.7,52.0,51.9,54.0,49.9,51.4,52.5,52.4,52.2,50.3,53.2,52.1,52.0,47.0,48.5,46.9,47.9,58.0,51.0,55.2,51.0,52.5,57.5,50.7,48.1,53.2,54.8,49.4,52.2,60.8,47.7,57.5,50.6,54.4,50.7,45.5,45.3,46.8,48.2,45.7,44.8,47.2,43.2,48.8,51.2,48.3,47.5,48.1,50.9,53.9,53.0,54.6,55.0,52.8,50.6,52.4,49.4,53.4,50.7,51.0,50.2,50.6,47.3,45.8,50.0,46.8,49.8,46.6
7500,57.1,53.2,54.5,58.2,54.9,55.3,55.9,54.9,54.3,53.3,54.6,54.9,55.1,52.4,55.5,54.4,54.4,50.7,54.3,54.3,54.3,53.8,56.3,52.6,54.7,55.4,54.5,54.8,52.6,55.2,54.6,54.0,49.9,51.1,49.6,50.4,60.5,53.3,58.7,53.7,55.1,59.2,54.4,50.8,56.6,56.8,52.8,55.0,63.5,51.4,60.8,54.0,58.3,53.2,47.7,47.3,48.8,50.4,48.0,46.6,48.7,46.3,50.8,54.2,50.8,49.7,51.3,53.1,55.8,54.9,58.2,58.5,56.1,53.0,55.1,52.5,55.2,52.5,53.1,53.6,53.7,51.2,48.0,51.3,49.5,52.2,49.1
7501,59.5,54.4,55.8,60.7,56.8,57.2,57.8,56.8,55.7,54.7,55.9,56.4,56.4,54.0,57.4,55.8,56.1,52.0,55.6,55.5,56.1,55.1,58.0,54.4,57.1,57.4,56.1,56.4,54.4,56.6,56.3,55.4,52.0,52.9,51.3,52.0,62.5,54.8,61.2,55.4,57.4,60.4,56.9,52.7,58.7,58.2,55.5,56.9,65.4,53.9,62.9,56.7,60.9,54.7,49.0,48.5,50.1,51.8,49.7,48.0,49.9,48.5,52.2,56.1,53.3,51.4,53.5,54.6,57.2,56.2,60.4,61.0,58.1,54.7,57.0,54.5,56.3,53.8,54.7,56.1,55.8,54.2,49.6,52.4,51.6,53.9,51.0
7502,60.0,55.2,56.2,62.5,58.2,58.4,59.0,57.8,56.5,55.6,56.6,57.4,57.3,55.0,58.3,56.6,57.1,52.8,56.3,55.9,57.1,56.1,59.2,55.7,58.6,58.4,57.0,57.4,55.5,57.4,57.6,56.2,53.3,54.1,52.3,52.9,63.5,55.2,62.7,56.6,59.0,60.8,58.6,54.2,59.9,58.8,57.0,57.8,66.4,55.4,64.0,58.3,62.6,54.9,49.6,49.3,50.9,52.6,51.0,48.5,50.5,50.3,53.0,57.3,55.0,52.2,54.8,55.5,58.0,57.0,61.8,62.1,59.1,55.7,58.3,55.6,57.0,54.3,55.6,57.6,57.1,56.0,50.7,52.6,53.0,55.0,52.2
7503,60.0,54.7,55.8,63.2,58.5,58.7,59.5,58.0,56.5,55.7,56.6,57.8,57.3,55.3,58.8,56.8,57.2,52.6,56.2,55.8,57.4,56.2,59.2,55.9,58.9,58.7,57.2,57.7,55.7,57.5,57.9,56.0,53.8,54.4,52.8,52.8,63.7,54.7,63.3,56.8,59.9,60.0,59.1,54.7,59.9,59.0,57.7,57.9,66.3,56.0,64.2,58.8,63.4,55.0,49.8,49.1,51.1,52.8,51.6,48.3,50.4,51.2,52.9,57.7,55.8,51.9,55.3,55.7,58.2,57.1,62.1,62.8,58.8,56.0,58.5,55.9,56.8,54.2,55.7,57.9,57.7,56.3,50.9,52.3,53.5,55.4,52.3
7504,58.4,52.3,53.0,62.8,57.7,58.1,58.8,57.4,55.4,54.8,55.8,57.4,56.3,54.8,57.9,55.9,56.7,51.0,55.2,54.5,56.8,55.4,58.4,55.3,58.5,58.2,56.6,56.9,54.9,56.8,57.3,55.0,53.3,53.6,52.2,52.3,62.1,52.4,63.0,55.6,59.8,57.6,58.9,54.0,58.3,56.7,57.2,56.4,64.8,55.3,63.5,57.9,63.0,52.5,49.1,47.9,50.2,51.9,51.4,46.9,49.1,51.2,51.4,56.5,55.7,50.4,54.5,55.2,57.4,56.0,61.5,62.8,57.5,55.7,57.0,55.0,55.8,52.9,55.1,57.8,57.0,55.9,50.2,51.1,53.3,54.6,51.9
7505,51.0,47.0,45.9,60.6,55.2,56.0,56.3,54.4,52.6,52.1,52.9,55.4,53.0,52.8,55.5,53.3,53.5,47.4,52.1,50.6,53.9,52.7,55.6,52.5,55.7,55.7,54.7,54.3,51.8,54.1,54.7,51.9,50.5,50.8,50.1,49.7,56.5,47.1,60.9,51.4,57.9,50.4,56.5,51.0,52.1,51.3,54.0,51.2,58.3,52.7,61.4,54.5,60.7,46.0,46.9,45.0,47.2,49.0,49.9,43.6,47.4,49.6,48.4,51.4,53.9,46.9,51.1,53.2,54.5,52.8,58.5,60.7,52.3,52.9,51.2,52.1,52.6,50.0,52.4,55.6,54.4,53.6,47.1,48.9,50.9,51.8,48.6
7506,46.2,43.5,42.0,54.8,50.9,52.5,52.6,49.6,50.7,49.5,50.3,52.6,49.8,50.3,51.8,50.9,48.8,45.2,49.2,48.3,49.9,49.9,51.1,48.7,49.9,50.3,52.8,50.5,47.8,50.8,51.2,48.9,45.9,46.4,47.2,45.4,51.6,43.8,55.3,47.2,55.0,46.6,50.4,45.1,48.6,46.8,49.9,46.7,53.5,46.2,56.3,51.7,53.7,42.6,44.3,43.2,44.4,45.7,47.2,42.0,46.1,45.9,46.1,46.5,51.2,44.2,46.8,51.2,51.4,50.0,52.0,53.6,46.7,47.7,46.9,46.2,49.5,47.7,49.3,49.3,49.3,48.8,41.4,47.7,47.0,48.6,44.2
7507,43.2,41.5,39.6,50.9,48.4,50.5,50.4,46.8,49.4,48.2,48.9,50.5,48.4,48.4,49.8,49.6,45.7,43.9,47.6,46.6,47.4,48.3,49.2,47.1,46.7,47.6,51.2,48.2,45.7,49.0,48.7,47.7,43.5,44.6,45.1,43.2,49.4,41.8,51.5,43.8,52.0,44.9,47.1,42.5,46.1,43.6,46.7,43.9,49.3,43.0,52.0,49.6,48.5,40.7,43.2,41.6,42.9,44.2,45.0,41.2,45.0,43.2,44.3,43.0,49.4,42.4,44.9,49.7,49.8,48.3,48.9,48.9,43.9,44.3,44.2,43.7,47.8,46.4,47.6,45.2,46.8,45.2,39.7,46.4,44.4,46.4,41.6
7508,41.0,40.1,38.0,47.8,46.8,49.2,48.8,44.9,48.4,47.0,47.5,48.8,47.4,47.2,48.4,48.5,44.1,42.9,46.3,45.7,46.0,47.0,48.1,46.1,45.0,45.8,49.7,46.6,44.3,48.0,46.9,46.8,42.0,42.7,43.7,41.6,47.2,40.1,49.4,42.0,50.5,43.6,44.9,41.0,43.8,41.9,43.6,41.7,45.6,40.7,49.5,47.3,46.0,39.5,42.1,40.5,41.5,43.1,43.1,40.4,44.5,41.6,42.9,40.4,47.6,40.8,43.3,48.6,48.5,47.1,46.7,46.4,42.0,42.4,41.9,41.5,46.6,45.5,46.2,43.2,45.2,42.9,39.1,45.4,42.5,44.8,40.1
7509,38.9,39.1,37.2,45.5,45.5,48.0,47.5,43.8,47.4,46.2,46.4,47.5,46.3,46.0,47.3,47.7,43.3,42.1,45.6,44.8,44.9,45.9,47.1,45.0,43.7,44.9,48.6,45.2,43.3,47.0,45.7,46.2,40.7,41.5,42.6,40.6,45.8,38.9,47.6,39.7,49.0,42.4,43.1,40.3,42.2,40.9,41.2,40.2,43.2,38.9,47.2,45.4,44.4,38.2,41.2,39.3,40.2,42.2,42.1,39.6,43.6,40.5,42.1,38.1,46.4,39.9,42.0,47.7,47.5,46.3,45.0,44.6,40.0,41.1,39.9,39.9,45.7,44.8,45.2,42.0,44.0,41.1,38.7,44.5,41.4,43.3,38.9
7510,37.5,38.4,36.3,44.1,44.5,47.1,46.4,42.7,46.6,45.3,45.6,46.5,45.4,45.4,46.3,46.8,42.5,41.3,44.7,44.0,44.0,45.0,46.3,44.3,42.5,44.0,47.8,44.4,42.1,46.1,44.8,45.4,39.6,40.3,41.5,39.8,44.5,37.8,46.2,38.6,47.9,41.9,41.8,39.5,40.7,39.9,39.1,38.7,41.3,37.5,45.4,43.5,42.7,37.1,40.6,38.4,39.7,41.5,41.6,39.1,43.0,39.2,41.2,36.5,45.5,38.8,40.8,46.8,46.5,45.4,43.7,42.7,38.4,39.7,38.5,38.3,44.8,44.0,44.3,40.7,42.9,39.5,38.5,43.8,40.2,42.2,38.0
7511,36.1,37.7,35.5,42.9,43.7,46.2,45.5,42.2,45.6,44.6,44.8,45.6,44.7,44.6,45.4,46.1,41.8,40.5,43.9,43.4,43.3,44.0,45.4,43.4,41.8,43.3,47.0,43.6,41.4,45.6,43.9,44.7,38.9,39.5,40.5,39.0,44.0,37.1,45.0,37.6,46.8,41.0,40.6,38.6,39.2,38.7,37.6,37.3,39.5,36.1,43.9,41.9,41.3,35.9,40.1,37.9,39.2,40.8,40.9,38.4,42.6,38.2,40.5,35.0,44.6,38.3,39.7,46.0,45.5,44.9,42.3,41.2,36.9,38.6,37.2,36.9,44.2,43.4,43.7,39.8,42.1,38.4,37.9,43.2,39.4,41.4,37.2
7512,35.0,36.8,34.9,41.7,43.0,45.5,44.8,41.5,44.9,44.0,43.9,44.6,43.8,44.0,44.7,45.4,41.4,40.0,43.1,42.9,42.6,43.4,44.7,42.5,41.2,42.6,46.1,42.7,40.8,44.8,43.3,44.1,38.1,38.6,39.6,38.3,43.0,36.5,44.0,36.9,45.4,40.5,39.3,38.0,38.1,37.9,36.3,36.3,38.2,34.8,42.6,40.4,40.0,34.9,39.6,37.3,38.7,40.1,40.3,37.9,42.0,37.3,39.9,33.6,43.8,37.5,38.9,45.3,44.9,43.9,40.5,40.1,35.4,37.5,36.3,35.5,43.6,42.7,43.2,38.8,41.1,37.1,37.7,42.5,38.6,40.5,36.6
7513,34.0,36.6,34.1,41.0,42.2,44.7,44.0,41.1,44.3,43.4,43.2,43.8,43.1,43.3,44.1,44.7,41.0,39.5,42.4,42.2,41.8,42.6,44.3,41.6,40.3,41.9,45.6,42.1,40.2,44.2,42.6,43.6,37.3,37.7,38.8,37.5,41.9,36.1,43.1,36.0,44.3,40.1,38.4,37.0,37.0,37.2,35.3,35.3,37.2,33.4,41.6,39.1,38.8,34.5,39.3,36.7,38.4,39.4,39.6,37.4,41.7,36.5,39.6,32.2,43.0,36.6,37.9,44.5,44.2,43.2,38.9,39.2,34.2,36.5,35.3,34.6,43.1,42.1,42.5,38.1,40.3,36.1,36.9,41.9,37.8,39.9,35.9
7514,32.8,35.8,33.6,40.4,41.6,44.1,43.3,40.1,43.4,42.5,42.4,43.1,42.4,42.7,43.4,44.0,40.3,38.9,41.7,41.6,41.2,42.1,43.8,40.9,39.5,41.2,44.8,41.5,39.7,43.6,41.8,42.9,36.7,37.2,38.1,36.8,41.2,35.8,42.5,35.3,43.1,39.6,37.6,36.2,36.0,36.5,34.3,34.5,35.8,32.5,40.7,38.1,37.2,33.8,38.7,36.4,38.3,38.9,38.9,37.1,41.3,35.6,39.2,31.5,42.6,36.2,37.0,43.9,43.6,42.5,37.4,38.4,33.0,35.5,34.4,33.7,42.5,41.6,41.9,37.4,39.4,35.2,36.7,41.5,37.1,39.3,35.5
7515,32.0,35.6,33.1,39.7,40.9,43.2,42.6,39.7,42.8,42.0,41.7,42.3,41.8,42.0,42.8,43.5,39.5,38.6,41.0,41.1,40.6,41.5,43.5,40.2,38.7,40.5,44.2,40.8,39.2,42.9,41.4,42.5,36.1,36.7,37.6,36.2,40.5,35.5,41.5,34.2,42.2,39.4,37.0,35.4,35.3,35.8,33.5,33.6,34.9,31.9,39.8,37.0,36.0,32.9,38.4,36.1,37.8,38.5,38.5,36.8,40.8,35.2,39.1,30.5,42.0,35.8,36.5,43.3,42.9,42.0,36.1,37.7,32.4,34.6,33.7,32.9,42.0,41.0,41.2,36.8,38.8,34.4,36.1,41.0,36.5,38.6,34.9
7516,31.0,35.4,32.8,38.8,40.3,42.8,41.9,39.2,42.2,41.6,41.1,41.9,41.3,41.5,42.1,42.9,39.2,38.4,40.6,40.7,40.1,41.1,42.9,39.4,38.3,40.1,43.7,40.1,38.7,42.6,40.7,42.0,35.5,36.3,37.0,35.7,39.9,35.2,41.0,33.6,41.5,39.0,36.3,34.6,34.5,35.2,32.7,33.0,34.4,31.3,38.8,36.3,35.1,32.4,37.8,35.6,37.4,38.2,38.0,36.5,40.6,34.5,38.6,29.9,41.6,35.2,35.9,42.7,42.4,41.4,34.9,37.3,31.7,34.5,33.0,32.1,41.5,40.4,40.8,36.0,38.0,33.5,36.0,40.7,35.8,38.1,34.5
7517,30.3,35.1,32.5,38.3,39.8,42.2,41.7,38.8,41.6,41.2,40.8,41.3,40.8,41.0,41.5,42.5,38.8,38.1,40.1,40.2,39.5,40.6,42.6,38.9,37.9,39.7,43.2,39.8,38.3,42.1,40.3,41.6,35.0,35.8,36.6,35.4,39.4,34.9,40.1,33.1,40.7,38.7,35.4,34.0,33.8,34.6,31.9,32.2,33.7,30.1,38.0,35.7,34.3,32.0,37.4,35.3,37.0,37.7,37.7,36.2,40.1,33.9,38.5,29.1,41.2,34.9,35.2,42.3,41.8,40.9,33.4,36.6,31.0,33.7,32.2,31.4,40.9,39.9,40.3,35.5,37.4,32.5,35.6,40.5,35.4,37.7,34.0
7518,29.9,34.9,32.1,37.9,39.2,41.8,41.0,38.6,41.0,40.6,40.6,40.9,40.3,40.5,40.9,42.1,38.3,37.9,39.8,39.8,39.2,40.1,42.1,38.4,37.2,39.1,42.8,39.4,38.0,41.8,39.9,41.2,34.6,35.4,36.4,35.1,38.5,34.6,39.7,32.4,39.9,38.1,34.9,33.3,33.2,34.1,31.3,31.7,32.8,29.6,37.4,35.2,33.3,31.5,37.0,35.2,36.6,37.7,37.4,35.9,40.0,33.7,38.4,28.4,40.8,34.6,34.6,41.8,41.5,40.6,32.6,36.2,30.2,33.3,31.5,30.9,40.6,39.5,40.0,34.8,36.8,31.9,35.2,40.1,34.9,37.3,33.6
7519,30.5,35.1,32.7,37.2,38.7,41.2,40.6,38.1,40.8,40.2,40.5,40.6,40.2,40.2,40.6,41.9,38.1,37.6,39.9,40.0,38.8,40.1,41.7,37.8,36.6,38.7,42.5,39.0,37.8,41.5,39.5,40.9,34.1,35.2,36.3,35.1,39.0,34.9,39.3,32.3,39.3,39.2,34.6,32.7,33.6,34.7,31.0,32.5,32.7,28.9,36.8,35.0,32.5,31.7,36.6,35.1,36.2,37.5,37.2,35.7,40.0,33.3,38.3,28.4,40.7,34.4,34.2,41.3,41.3,40.3,31.7,35.6,30.6,32.9,31.6,30.4,40.6,39.5,39.6,34.3,36.2,31.5,34.9,40.3,34.3,37.0,33.4
7520,36.6,38.7,38.5,38.0,40.1,42.3,42.1,39.7,42.9,42.0,43.1,42.3,43.1,41.4,42.2,43.7,40.4,40.0,42.6,43.4,40.7,42.1,43.5,38.9,37.5,40.2,43.6,40.5,39.7,43.6,40.8,43.5,35.0,36.7,37.3,36.3,44.3,38.6,40.2,37.8,41.7,45.4,35.5,35.9,37.8,40.3,34.8,38.5,42.7,30.7,40.1,38.0,37.5,36.1,36.6,36.7,37.1,38.4,37.3,37.4,41.3,33.1,39.9,34.5,41.4,36.4,36.3,42.3,44.4,43.2,37.0,36.5,36.5,36.2,38.3,33.3,43.8,41.8,41.3,35.4,37.3,32.0,35.7,42.4,35.0,38.5,35.0
7521,43.1,43.7,44.9,43.7,44.1,46.0,46.0,44.1,46.4,45.1,46.8,45.9,46.9,44.5,46.2,46.8,44.7,43.5,46.3,46.9,44.8,45.8,47.2,42.5,42.3,44.9,46.4,44.5,43.4,47.1,44.9,46.4,38.9,40.6,40.1,40.1,49.7,43.6,45.1,43.0,45.2,50.8,40.6,40.5,43.1,46.2,38.9,43.7,50.8,36.6,47.8,42.2,43.6,41.4,39.1,39.5,40.2,41.8,39.5,40.1,43.1,35.4,43.4,40.9,43.2,40.7,40.4,45.2,48.0,46.8,43.5,42.8,42.6,42.0,44.0,39.7,47.6,45.0,44.7,40.5,41.6,36.4,39.6,45.1,38.8,42.3,39.3
7522,48.6,47.6,49.2,49.5,48.2,49.3,49.7,48.1,49.5,48.1,49.8,49.5,50.3,47.5,49.7,49.7,48.4,46.2,49.6,49.8,48.5,48.8,50.6,46.2,46.8,48.8,49.4,48.5,46.8,50.3,48.6,49.1,42.9,44.7,43.3,44.0,53.9,47.5,50.3,47.2,48.8,54.7,45.8,44.3,48.3,51.0,44.0,48.1,56.6,42.6,52.9,46.5,49.0,46.2,41.9,42.4,43.5,44.9,42.5,42.4,45.1,39.1,46.1,46.7,45.5,44.2,44.3,48.1,51.0,50.0,49.1,49.6,47.9,46.7,48.5,44.7,50.6,47.8,48.0,45.7,46.3,41.5,42.8,47.6,42.8,46.2,43.1
7523,53.0,50.6,52.2,54.2,51.8,52.4,52.9,51.9,52.1,50.6,52.3,52.4,52.7,50.0,52.7,52.0,51.6,48.6,52.1,52.1,51.6,51.3,53.5,49.5,51.0,52.2,51.8,51.8,49.8,52.8,51.7,51.6,46.4,48.1,46.4,47.5,57.5,50.6,54.7,50.6,52.2,57.2,50.2,47.5,52.6,54.4,48.8,51.8,60.4,47.3,57.1,50.4,53.9,50.0,44.9,44.9,46.3,47.6,45.3,44.5,46.9,42.9,48.3,51.0,47.9,47.2,47.8,50.5,53.6,52.5,54.1,54.4,52.4,49.9,52.3,49.1,52.9,50.0,50.5,49.8,50.2,46.6,45.4,49.6,46.3,49.5,46.1
7524,56.5,52.9,54.0,57.8,54.5,54.8,55.4,54.4,53.9,52.7,54.0,54.5,54.6,51.9,55.1,53.8,53.9,50.3,53.8,53.7,53.8,53.2,55.8,52.2,54.3,55.1,53.9,54.4,52.1,54.7,54.1,53.6,49.3,50.6,49.1,50.0,60.1,52.8,58.2,53.3,54.8,58.9,53.8,50.2,56.0,56.5,52.3,54.6,63.2,51.0,60.4,53.9,57.8,52.5,47.2,46.9,48.2,49.8,47.7,46.2,48.4,45.9,50.3,54.0,50.4,49.4,50.9,52.6,55.5,54.3,57.7,58.0,55.8,52.4,54.9,52.1,54.7,51.8,52.6,53.0,53.2,50.6,47.7,51.0,48.9,51.7,48.5
7525,58.8,54.0,55.3,60.2,56.4,56.7,57.4,56.3,55.2,54.2,55.3,55.8,55.9,53.5,56.9,55.2,55.6,51.6,55.1,54.9,55.6,54.6,57.5,54.0,56.7,57.0,55.5,56.0,53.9,56.0,55.8,55.0,51.4,52.3,50.7,51.5,62.1,54.3,60.7,55.0,57.0,60.1,56.4,52.1,58.2,57.8,54.9,56.5,65.1,53.5,62.5,56.5,60.5,54.1,48.5,48.1,49.6,51.2,49.4,47.6,49.5,48.1,51.8,55.9,52.9,50.9,53.1,54.1,56.9,55.5,59.9,60.5,57.7,54.1,56.9,54.2,55.8,53.1,54.2,55.5,55.3,53.5,49.3,52.0,51.0,53.4,50.3
7526,59.3,54.8,55.6,62.0,57.7,57.9,58.6,57.4,56.0,55.1,56.1,56.8,56.7,54.5,57.9,56.0,56.7,52.3,55.8,55.3,56.6,55.5,58.7,55.1,58.1,58.0,56.5,57.0,54.9,56.9,57.1,55.6,52.6,53.5,51.7,52.4,63.1,54.8,62.2,56.1,58.6,60.5,58.0,53.6,59.4,58.4,56.4,57.5,66.1,55.0,63.6,58.1,62.2,54.2,49.0,48.9,50.3,52.0,50.6,48.1,50.1,49.8,52.5,57.2,54.6,51.8,54.4,55.0,57.5,56.3,61.3,61.6,58.7,55.1,58.2,55.3,56.5,53.7,55.2,56.9,56.6,55.2,50.4,52.2,52.4,54.5,51.5
7527,59.2,54.3,55.3,62.8,58.0,58.2,59.0,57.5,55.9,55.2,56.1,57.2,56.8,54.8,58.3,56.2,56.7,52.1,55.7,55.2,56.9,55.7,58.7,55.4,58.4,58.3,56.8,57.2,55.1,57.0,57.5,55.5,53.0,53.7,52.1,52.1,63.3,54.2,62.8,56.3,59.5,59.7,58.6,54.1,59.3,58.5,57.2,57.6,66.1,55.5,63.9,58.6,63.0,54.3,49.3,48.7,50.6,52.2,51.2,47.9,49.9,50.7,52.5,57.5,55.3,51.5,54.8,55.3,57.7,56.4,61.6,62.3,58.3,55.5,58.3,55.6,56.4,53.5,55.2,57.3,57.2,55.5,50.6,51.9,52.8,54.8,51.6
7528,57.7,51.8,52.3,62.4,57.3,57.6,58.4,56.9,54.9,54.3,55.3,56.8,55.7,54.3,57.5,55.4,56.2,50.5,54.7,53.9,56.3,54.9,57.9,54.7,58.0,57.8,56.2,56.5,54.3,56.3,56.8,54.5,52.5,53.1,51.5,51.7,61.6,51.9,62.5,55.1,59.4,57.0,58.4,53.4,57.7,56.3,56.6,56.1,64.5,55.0,63.2,57.7,62.5,51.8,48.6,47.5,49.8,51.4,51.0,46.4,48.7,50.6,51.0,56.3,55.2,50.1,54.0,54.8,56.9,55.2,60.9,62.4,57.0,55.1,56.8,54.8,55.4,52.3,54.5,57.2,56.5,55.1,49.9,50.7,52.6,54.1,51.1
7529,50.2,46.4,45.2,60.2,54.6,55.6,55.9,53.9,52.2,51.6,52.4,54.8,52.4,52.3,55.0,52.9,53.1,47.1,51.6,50.1,53.4,52.2,55.1,52.0,55.3,55.2,54.3,53.8,51.3,53.6,54.3,51.4,49.7,50.1,49.4,49.0,56.0,46.6,60.4,50.9,57.4,49.9,55.9,50.4,51.6,50.8,53.4,50.8,58.0,52.1,61.0,54.3,60.2,45.3,46.4,44.6,46.8,48.5,49.5,43.2,47.1,49.0,48.1,51.1,53.3,46.7,50.6,52.8,54.0,52.1,57.9,60.2,51.7,52.3,50.9,51.7,52.2,49.5,51.9,54.9,53.9,52.8,46.7,48.6,50.1,51.3,47.9
7530,45.6,43.0,41.4,54.4,50.3,52.2,52.3,49.2,50.4,49.1,49.9,52.1,49.4,49.8,51.5,50.5,48.4,45.1,48.9,47.9,49.5,49.4,50.8,48.2,49.4,49.9,52.5,50.1,47.4,50.3,50.8,48.4,45.4,45.9,46.6,44.8,51.3,43.2,54.9,46.7,54.6,46.3,49.9,44.6,48.2,46.4,49.3,46.4,53.2,45.7,55.8,51.5,53.2,42.0,43.9,42.8,44.0,45.2,46.8,41.6,45.9,45.4,45.9,46.1,50.7,44.1,46.3,50.8,50.9,49.4,51.3,53.2,46.2,47.1,46.5,45.8,49.3,47.3,48.9,48.6,48.8,48.0,41.1,47.3,46.3,48.1,43.7
7531,42.6,41.1,39.0,50.5,47.8,50.2,50.0,46.4,49.1,47.7,48.5,50.1,48.1,48.0,49.5,49.2,45.5,43.8,47.2,46.2,47.1,47.9,48.9,46.5,46.4,47.2,50.8,47.8,45.4,48.6,48.3,47.3,43.0,44.0,44.6,42.8,49.0,41.3,51.2,43.4,51.5,44.6,46.7,41.9,45.6,43.2,46.2,43.7,49.0,42.5,51.6,49.4,48.0,40.2,42.8,41.3,42.5,43.7,44.7,40.7,44.9,42.8,44.2,42.7,49.0,42.2,44.5,49.3,49.4,47.8,48.5,48.5,43.5,43.7,43.9,43.4,47.6,46.0,47.2,44.5,46.3,44.4,39.7,46.0,43.7,45.8,41.3
7532,40.5,39.8,37.5,47.5,46.2,49.0,48.4,44.5,48.2,46.6,47.1,48.5,47.1,46.8,48.0,48.1,43.8,42.8,45.9,45.2,45.7,46.7,47.8,45.5,44.7,45.4,49.4,46.2,43.9,47.7,46.5,46.5,41.5,42.3,43.3,41.3,46.8,39.8,49.1,41.5,50.0,43.4,44.5,40.5,43.4,41.5,43.1,41.4,45.3,40.3,49.1,47.1,45.4,39.1,41.7,40.2,41.2,42.7,42.9,39.9,44.4,41.1,42.9,40.2,47.3,40.7,42.9,48.2,48.2,46.8,46.2,46.0,41.5,41.8,41.7,41.1,46.3,45.1,45.9,42.5,44.7,42.2,39.1,45.1,41.9,44.3,39.8
7533,38.4,38.7,36.7,45.1,45.0,47.8,47.1,43.3,47.2,45.8,46.1,47.3,46.1,45.7,46.9,47.4,43.0,42.0,45.2,44.4,44.6,45.6,46.7,44.4,43.5,44.5,48.2,44.9,43.0,46.7,45.4,45.9,40.1,41.1,42.1,40.3,45.4,38.6,47.3,39.2,48.5,42.1,42.7,39.8,41.8,40.6,40.7,39.9,42.8,38.4,46.8,45.1,43.9,37.7,40.8,39.1,39.9,41.8,41.9,39.2,43.5,40.1,42.1,37.9,46.0,39.7,41.6,47.3,47.3,46.0,44.6,44.3,39.5,40.6,39.7,39.5,45.4,44.5,44.9,41.3,43.5,40.4,38.7,44.2,40.8,42.8,38.6
7534,37.0,38.2,35.8,43.7,44.0,46.8,46.0,42.3,46.4,45.0,45.3,46.4,45.2,45.0,46.0,46.6,42.2,41.2,44.4,43.7,43.7,44.7,46.0,43.7,42.1,43.5,47.4,44.1,41.8,45.8,44.5,45.1,39.1,39.8,41.0,39.5,44.1,37.5,45.8,38.1,47.5,41.5,41.3,38.9,40.2,39.4,38.7,38.4,40.9,36.9,45.0,43.2,42.2,36.7,40.2,38.2,39.4,41.0,41.4,38.8,42.9,38.9,41.1,36.3,45.2,38.6,40.5,46.4,46.4,45.0,43.2,42.5,37.9,39.2,38.3,38.0,44.6,43.8,44.0,40.0,42.3,38.9,38.4,43.5,39.6,41.8,37.7
7535,35.7,37.4,35.1,42.6,43.1,46.0,45.1,41.8,45.5,44.3,44.5,45.4,44.5,44.2,45.1,45.7,41.4,40.5,43.6,43.2,43.0,43.8,45.1,42.8,41.3,42.7,46.6,43.3,41.2,45.3,43.6,44.4,38.3,39.1,40.1,38.7,43.5,36.8,44.7,37.0,46.3,40.7,40.1,38.1,38.8,38.3,37.1,37.1,39.1,35.7,43.5,41.7,40.8,35.5,39.7,37.6,38.9,40.4,40.7,38.1,42.5,37.9,40.5,34.9,44.3,38.0,39.4,45.7,45.3,44.5,41.8,40.9,36.4,38.0,37.1,36.6,44.0,43.1,43.4,39.2,41.6,37.7,37.8,42.9,38.8,40.9,36.9
7536,34.5,36.7,34.5,41.3,42.4,45.2,44.4,41.0,44.8,43.6,43.6,44.5,43.7,43.7,44.4,45.1,41.0,39.9,42.8,42.7,42.2,43.3,44.5,41.8,40.8,42.0,45.8,42.4,40.6,44.5,43.0,43.9,37.5,38.2,39.2,38.0,42.5,36.3,43.6,36.3,44.9,40.1,38.8,37.5,37.6,37.5,35.8,36.1,37.9,34.3,42.1,40.3,39.4,34.4,39.2,37.1,38.4,39.7,40.1,37.6,41.8,37.1,39.9,33.4,43.4,37.2,38.6,44.9,44.7,43.6,40.1,39.8,35.0,37.0,36.1,35.2,43.4,42.5,42.9,38.3,40.6,36.5,37.6,42.2,37.9,40.1,36.2
7537,33.5,36.4,33.7,40.6,41.6,44.3,43.5,40.6,44.2,43.0,43.0,43.7,42.9,42.9,43.6,44.4,40.6,39.3,42.1,42.0,41.5,42.5,44.1,41.0,39.9,41.4,45.3,41.7,39.9,43.8,42.3,43.4,36.7,37.4,38.4,37.2,41.4,35.8,42.7,35.6,43.8,39.6,38.0,36.4,36.5,36.8,34.8,35.1,36.9,33.1,41.2,38.9,38.2,34.0,39.0,36.5,38.1,39.0,39.5,37.1,41.4,36.2,39.5,32.1,42.6,36.4,37.6,44.2,44.0,42.9,38.5,38.9,33.7,36.0,35.2,34.2,42.8,41.9,42.2,37.6,39.8,35.5,36.8,41.6,37.1,39.5,35.5
7538,32.3,35.6,33.2,39.9,41.1,43.7,42.7,39.7,43.3,42.2,42.2,43.0,42.3,42.3,43.0,43.7,40.0,38.7,41.4,41.4,40.9,42.0,43.5,40.4,39.1,40.8,44.5,41.1,39.4,43.3,41.5,42.7,36.2,36.9,37.7,36.5,40.7,35.4,42.1,34.8,42.6,39.1,37.2,35.7,35.4,35.9,33.9,34.3,35.5,32.2,40.3,38.1,36.7,33.3,38.4,36.2,37.9,38.6,38.8,36.8,41.1,35.4,39.1,31.3,42.2,36.0,36.8,43.5,43.2,42.3,37.1,37.9,32.6,35.0,34.3,33.2,42.3,41.4,41.7,36.9,38.9,34.7,36.5,41.2,36.5,38.8,35.1
7539,31.6,35.4,32.7,39.3,40.4,42.7,42.1,39.3,42.7,41.7,41.6,42.3,41.6,41.6,42.3,43.3,39.3,38.3,40.9,40.9,40.3,41.4,43.2,39.7,38.3,40.0,43.9,40.3,38.9,42.7,41.1,42.2,35.6,36.3,37.2,35.9,39.9,35.2,41.1,33.8,41.7,38.9,36.6,34.7,34.7,35.2,33.0,33.3,34.7,31.5,39.3,36.9,35.5,32.6,38.1,35.9,37.5,38.2,38.4,36.5,40.6,34.9,38.9,30.3,41.6,35.6,36.2,43.0,42.6,41.7,35.6,37.2,32.0,34.1,33.7,32.5,41.8,40.8,41.0,36.3,38.4,33.9,36.0,40.7,35.9,38.2,34.6
7540,30.5,35.2,32.3,38.5,39.8,42.4,41.4,38.8,42.2,41.2,41.1,41.7,41.2,41.2,41.7,42.7,38.8,38.1,40.5,40.5,39.7,41.0,42.5,38.9,38.0,39.6,43.4,39.6,38.5,42.3,40.4,41.8,34.9,35.9,36.6,35.4,39.4,34.9,40.6,33.3,41.0,38.6,35.9,34.0,33.9,34.6,32.2,32.7,34.0,30.9,38.4,36.1,34.6,32.1,37.7,35.4,37.1,37.9,37.9,36.2,40.4,34.3,38.4,29.7,41.3,35.0,35.6,42.3,42.1,41.1,34.4,36.8,31.1,33.9,32.8,31.8,41.3,40.2,40.4,35.6,37.6,33.0,36.0,40.4,35.2,37.8,34.2
7541,29.8,34.9,32.1,37.9,39.4,41.7,41.2,38.5,41.6,40.7,40.7,41.3,40.6,40.5,41.0,42.3,38.5,37.8,40.0,40.1,39.2,40.4,42.1,38.4,37.6,39.2,42.7,39.4,38.0,41.9,39.9,41.5,34.3,35.4,36.2,35.1,38.8,34.6,39.7,32.8,40.2,38.2,35.0,33.5,33.3,34.1,31.4,31.9,33.2,29.8,37.6,35.5,33.9,31.7,37.3,35.1,36.8,37.5,37.6,35.8,39.9,33.8,38.3,29.0,40.9,34.6,34.9,41.9,41.5,40.6,33.0,36.0,30.5,33.1,32.0,31.1,40.7,39.7,39.9,35.0,37.0,32.0,35.6,40.2,34.7,37.4,33.8
7542,29.4,34.5,31.7,37.4,38.8,41.3,40.6,38.2,41.0,40.1,40.4,40.8,40.3,40.1,40.5,41.9,38.0,37.6,39.6,39.7,38.8,39.9,41.6,37.9,36.9,38.6,42.4,38.9,37.6,41.6,39.6,41.1,34.0,35.0,36.0,34.7,37.9,34.3,39.3,32.1,39.3,37.7,34.5,32.7,32.7,33.5,30.8,31.5,32.4,29.3,37.0,35.0,32.8,31.1,36.7,35.0,36.3,37.4,37.2,35.5,39.8,33.5,38.2,28.3,40.5,34.4,34.4,41.3,41.2,40.3,32.1,35.6,29.8,32.8,31.4,30.7,40.4,39.3,39.6,34.3,36.4,31.3,35.2,39.8,34.3,36.9,33.3
7543,29.8,34.9,32.3,36.7,38.3,40.8,40.2,37.8,40.8,39.8,40.4,40.5,40.1,39.7,40.1,41.6,37.8,37.3,39.6,39.8,38.4,39.8,41.2,37.3,36.2,38.2,42.1,38.5,37.5,41.2,39.2,40.8,33.5,34.7,35.9,34.7,38.4,34.7,38.8,32.0,38.8,38.8,34.1,32.2,32.9,34.1,30.4,32.1,32.3,28.6,36.4,34.8,32.0,31.3,36.5,34.9,36.0,37.2,37.0,35.3,39.7,33.1,38.1,28.2,40.4,34.1,34.1,40.9,40.9,40.0,31.3,35.1,30.0,32.4,31.4,30.1,40.4,39.3,39.2,33.8,35.8,30.9,34.8,39.9,33.7,36.7,33.1
7544,36.1,38.5,38.1,37.4,39.6,41.7,41.5,39.3,42.7,41.4,42.8,42.0,42.8,40.9,41.6,43.2,40.0,39.5,42.3,43.1,40.2,41.6,42.9,38.3,37.0,39.6,43.1,40.0,39.3,43.1,40.3,43.1,34.3,36.1,36.8,35.8,43.8,38.4,39.7,37.3,41.1,44.9,35.0,35.3,37.2,39.8,34.2,38.2,42.1,30.2,39.6,37.7,36.8,35.5,36.4,36.4,36.8,38.1,37.0,36.9,40.9,33.0,39.5,34.3,41.1,36.0,36.1,41.8,43.9,42.9,36.4,35.8,35.9,35.5,38.1,32.9,43.5,41.5,40.8,34.7,36.8,31.3,35.5,42.0,34.3,38.0,34.5
7545,42.6,43.5,44.4,43.2,43.6,45.3,45.4,43.5,46.0,44.4,46.4,45.5,46.6,43.9,45.5,46.2,44.1,43.1,45.9,46.5,44.2,45.2,46.5,41.8,41.8,44.2,45.8,43.9,42.8,46.5,44.3,46.0,38.1,39.9,39.5,39.5,49.2,43.4,44.6,42.5,44.6,50.4,40.0,39.9,42.6,45.7,38.2,43.4,50.2,36.2,47.3,42.0,42.9,40.9,38.9,39.2,39.9,41.5,39.2,39.7,42.8,35.2,43.0,40.7,42.9,40.3,40.1,44.6,47.5,46.4,42.9,42.3,42.0,41.3,43.8,39.3,47.2,44.6,44.1,39.8,41.1,35.7,39.2,44.7,38.0,41.7,38.6
7546,48.1,47.4,48.9,49.0,47.5,48.7,49.0,47.3,49.0,47.3,49.3,49.0,49.7,46.8,49.0,49.0,47.7,45.7,49.1,49.3,47.7,48.1,49.9,45.5,46.3,48.1,48.6,47.7,46.0,49.6,47.9,48.5,42.2,43.8,42.6,43.3,53.5,47.3,49.8,46.7,48.3,54.4,45.2,43.7,47.9,50.5,43.3,47.8,56.1,42.1,52.5,46.3,48.4,45.9,41.6,42.1,43.2,44.6,42.1,42.0,44.7,38.9,45.5,46.4,45.0,43.8,43.9,47.3,50.5,49.4,48.5,49.2,47.4,46.2,48.3,44.4,50.1,47.2,47.2,45.0,45.7,40.8,42.5,47.2,42.1,45.4,42.4
7547,52.7,50.4,51.8,53.8,51.1,51.7,52.2,51.1,51.5,49.7,51.7,51.7,52.1,49.2,52.0,51.2,50.7,48.1,51.5,51.6,50.8,50.5,52.8,48.8,50.6,51.5,51.0,51.0,48.9,52.1,50.8,50.9,45.6,47.3,45.6,46.6,57.0,50.4,54.3,50.2,51.6,56.8,49.7,47.0,52.3,53.9,48.1,51.5,60.0,47.0,56.7,50.2,53.4,49.7,44.7,44.5,46.0,47.3,44.9,44.1,46.5,42.5,47.8,50.7,47.5,46.8,47.4,49.6,52.9,51.9,53.5,54.1,52.1,49.4,52.1,48.8,52.4,49.4,49.7,49.2,49.6,46.0,45.0,49.2,45.5,48.5,45.2
7548,56.1,52.7,53.6,57.4,53.9,54.1,54.7,53.7,53.2,51.8,53.3,53.6,53.8,51.1,54.4,53.0,53.0,49.7,53.2,53.1,52.9,52.4,55.0,51.5,53.8,54.5,53.0,53.5,51.1,54.0,53.2,52.8,48.5,49.8,48.2,49.1,59.6,52.6,57.8,52.8,54.3,58.5,53.4,49.6,55.8,56.0,51.6,54.4,62.8,50.7,60.1,53.6,57.3,52.3,46.8,46.5,47.9,49.5,47.3,45.8,47.9,45.4,49.7,53.8,50.0,48.9,50.5,51.7,54.7,53.6,57.3,57.6,55.5,52.0,54.9,51.8,54.2,51.0,51.8,52.5,52.6,50.0,47.4,50.5,48.2,50.8,47.6
7549,58.4,53.9,54.9,59.8,55.8,56.1,56.7,55.6,54.4,53.2,54.5,55.0,55.1,52.6,56.3,54.3,54.7,51.0,54.4,54.2,54.8,53.7,56.8,53.3,56.3,56.4,54.6,55.2,52.9,55.2,55.0,54.2,50.7,51.5,49.8,50.7,61.6,54.1,60.4,54.6,56.6,59.7,56.0,51.7,57.9,57.3,54.3,56.3,64.8,53.3,62.3,56.2,60.1,53.9,48.1,47.7,49.3,50.9,48.9,47.3,49.0,47.7,51.2,55.7,52.3,50.5,52.6,53.2,56.1,54.8,59.4,60.1,57.4,53.7,56.8,53.9,55.2,52.3,53.3,54.9,54.8,52.9,49.0,51.5,50.3,52.5,49.4
7550,58.9,54.7,55.4,61.6,57.1,57.3,58.0,56.7,55.1,54.2,55.3,55.9,55.9,53.6,57.3,55.1,55.8,51.7,55.0,54.6,55.9,54.6,57.9,54.5,57.7,57.5,55.6,56.2,54.0,56.1,56.3,54.8,51.9,52.7,50.9,51.5,62.8,54.6,61.9,55.7,58.1,60.0,57.7,53.1,59.1,58.0,55.9,57.3,65.8,54.7,63.5,57.9,61.8,53.8,48.8,48.5,50.0,51.7,50.1,47.7,49.6,49.3,51.9,57.0,54.0,51.3,54.0,54.1,56.7,55.5,60.9,61.2,58.3,54.7,58.1,55.0,55.9,52.8,54.3,56.5,56.1,54.7,50.0,51.7,51.7,53.6,50.6
7551,58.8,54.1,55.0,62.4,57.4,57.7,58.4,56.9,55.1,54.3,55.2,56.2,55.9,53.9,57.7,55.3,55.9,51.5,54.8,54.4,56.2,54.8,57.9,54.7,58.1,57.8,55.9,56.5,54.3,56.2,56.7,54.6,52.3,52.9,51.2,51.4,62.9,54.1,62.5,55.9,59.1,59.2,58.2,53.6,58.9,58.0,56.7,57.3,65.8,55.2,63.7,58.3,62.7,54.0,49.1,48.2,50.3,51.9,50.7,47.5,49.4,50.2,51.9,57.3,54.8,51.1,54.4,54.4,56.9,55.6,61.2,61.9,58.0,55.1,58.2,55.3,55.7,52.6,54.4,56.8,56.7,55.0,50.3,51.4,52.2,54.0,50.8
7552,57.2,51.5,52.0,62.1,56.7,57.1,57.8,56.3,54.1,53.5,54.5,55.8,54.9,53.4,56.9,54.5,55.4,49.9,53.9,53.1,55.6,54.1,57.2,54.0,57.7,57.3,55.3,55.8,53.5,55.6,56.1,53.6,51.8,52.3,50.7,50.8,61.2,51.7,62.1,54.7,59.0,56.6,58.0,52.9,57.2,55.7,56.1,55.8,64.2,54.7,63.0,57.4,62.2,51.5,48.3,47.0,49.4,51.1,50.5,45.9,48.2,50.1,50.4,56.0,54.6,49.5,53.5,53.9,56.1,54.4,60.5,62.0,56.6,54.7,56.6,54.5,54.7,51.4,53.7,56.7,56.0,54.6,49.5,50.1,51.9,53.3,50.3
7553,49.9,46.3,44.8,59.8,54.0,55.0,55.4,53.3,51.5,50.8,51.7,53.9,51.7,51.5,54.5,52.0,52.3,46.6,50.9,49.5,52.7,51.4,54.4,51.3,54.9,54.7,53.5,53.2,50.5,52.8,53.5,50.6,49.0,49.3,48.5,48.1,55.5,46.4,60.0,50.5,57.0,49.4,55.4,49.8,51.2,50.2,52.9,50.5,57.7,51.8,60.8,54.0,59.8,44.8,46.0,44.2,46.4,48.1,48.9,42.7,46.6,48.4,47.6,50.7,52.8,46.2,50.1,52.0,53.2,51.3,57.4,59.8,51.2,51.8,50.6,51.4,51.5,48.7,51.1,54.4,53.4,52.3,46.3,48.0,49.5,50.4,47.0
7554,45.2,42.8,41.1,54.1,49.7,51.5,51.7,48.7,49.7,48.3,49.3,51.3,48.7,49.0,50.9,49.7,47.7,44.6,48.2,47.3,48.8,48.6,50.2,47.6,49.0,49.3,51.7,49.5,46.6,49.5,50.2,47.7,44.7,45.3,45.9,44.1,50.8,43.0,54.4,46.2,54.1,45.9,49.3,44.0,47.8,45.9,48.8,46.0,52.9,45.4,55.5,51.2,52.6,41.6,43.6,42.4,43.7,45.0,46.2,41.2,45.4,45.0,45.5,45.7,50.3,43.7,46.0,50.1,50.2,48.7,50.7,52.7,45.7,46.6,46.2,45.4,48.8,46.5,48.2,48.1,48.3,47.6,40.8,46.8,45.7,47.3,42.9
7555,42.1,41.0,38.7,50.2,47.3,49.7,49.5,45.9,48.5,47.0,47.8,49.3,47.4,47.3,48.9,48.4,44.9,43.3,46.5,45.7,46.6,47.2,48.4,45.9,45.9,46.8,50.0,47.3,44.6,47.9,47.8,46.6,42.4,43.4,44.0,42.2,48.5,41.2,50.7,42.8,51.1,44.1,46.3,41.5,45.3,42.6,45.5,43.3,48.6,42.3,51.3,49.1,47.4,39.9,42.4,40.8,42.2,43.4,44.3,40.3,44.4,42.4,43.9,42.2,48.6,41.9,44.3,48.7,48.7,47.1,47.8,48.1,43.0,43.2,43.6,43.1,47.2,45.2,46.6,44.2,45.9,44.0,39.3,45.5,43.2,45.1,40.6
7556,40.1,39.7,37.0,47.1,45.7,48.6,47.9,44.1,47.6,45.8,46.5,47.8,46.5,46.2,47.5,47.4,43.2,42.3,45.3,44.8,45.2,46.1,47.3,44.8,44.3,45.1,48.7,45.8,43.2,47.0,45.9,45.7,40.9,41.8,42.7,40.8,46.3,39.6,48.7,40.9,49.6,42.9,44.0,40.2,43.1,41.2,42.4,41.0,45.0,39.9,48.7,46.9,44.8,38.7,41.5,39.8,40.9,42.3,42.5,39.5,43.9,40.8,42.5,39.7,47.0,40.3,42.8,47.6,47.6,46.1,45.6,45.6,41.1,41.3,41.5,40.9,46.0,44.3,45.4,42.1,44.3,42.0,38.8,44.6,41.4,43.5,39.1
7557,38.0,38.6,36.2,44.8,44.5,47.4,46.7,43.0,46.7,45.1,45.5,46.6,45.4,45.1,46.5,46.7,42.4,41.6,44.6,44.0,44.1,45.0,46.3,43.9,43.1,44.1,47.5,44.4,42.3,46.1,44.8,45.2,39.7,40.6,41.6,39.8,44.9,38.5,46.9,38.7,48.1,41.7,42.3,39.4,41.6,40.3,40.0,39.5,42.5,38.0,46.5,45.0,43.3,37.4,40.5,38.7,39.6,41.5,41.6,38.8,43.0,39.7,41.8,37.5,45.7,39.4,41.5,46.7,46.7,45.2,44.0,44.0,39.1,40.1,39.5,39.2,45.0,43.8,44.3,40.8,43.1,40.2,38.5,43.7,40.3,42.1,38.0
7558,36.7,38.0,35.4,43.4,43.6,46.3,45.6,41.8,45.8,44.2,44.7,45.7,44.5,44.4,45.6,45.9,41.7,40.8,43.8,43.3,43.2,44.2,45.5,43.2,41.7,43.2,46.8,43.6,41.2,45.2,44.0,44.5,38.6,39.4,40.4,39.0,43.7,37.5,45.5,37.7,47.0,41.1,41.0,38.5,39.9,39.1,38.0,38.0,40.5,36.6,44.5,43.1,41.5,36.3,39.9,37.8,39.1,40.7,41.1,38.4,42.5,38.5,40.8,35.9,44.9,38.3,40.4,45.8,45.8,44.3,42.7,42.2,37.5,38.9,38.1,37.8,44.2,43.0,43.5,39.6,41.9,38.6,38.1,43.0,39.2,41.2,37.0
7559,35.2,37.3,34.8,42.2,42.8,45.6,44.8,41.4,45.0,43.6,43.9,44.8,43.8,43.7,44.7,45.1,41.0,40.0,43.0,42.7,42.6,43.4,44.8,42.3,40.9,42.5,46.0,42.8,40.6,44.7,43.2,43.9,37.8,38.6,39.6,38.2,43.1,36.7,44.4,36.7,45.8,40.4,39.8,37.7,38.5,37.9,36.5,36.7,38.9,35.4,43.0,41.6,40.1,35.1,39.4,37.3,38.5,40.1,40.4,37.8,42.0,37.6,40.2,34.5,44.0,37.7,39.4,45.1,44.9,43.8,41.2,40.6,35.9,37.6,37.0,36.4,43.6,42.4,42.9,38.8,41.1,37.5,37.5,42.5,38.4,40.3,36.2
7560,34.2,36.6,34.1,41.0,42.0,44.9,44.1,40.7,44.4,43.0,43.0,43.9,43.1,43.1,44.0,44.4,40.6,39.5,42.2,42.2,41.9,42.7,44.1,41.3,40.4,41.8,45.2,42.0,40.0,43.9,42.6,43.3,37.1,37.7,38.6,37.4,42.1,36.2,43.3,36.0,44.4,39.7,38.4,37.1,37.3,37.1,35.2,35.7,37.5,34.1,41.6,40.2,38.8,34.0,38.9,36.7,38.1,39.4,39.8,37.2,41.4,36.8,39.6,33.0,43.2,37.0,38.6,44.4,44.2,42.8,39.5,39.5,34.5,36.6,36.0,34.9,42.9,41.8,42.4,37.8,40.2,36.3,37.2,41.9,37.5,39.5,35.5
7561,33.0,36.2,33.4,40.4,41.2,44.0,43.2,40.2,43.7,42.5,42.5,43.1,42.4,42.4,43.3,43.8,40.2,39.0,41.6,41.5,41.1,42.0,43.7,40.6,39.6,41.1,44.8,41.2,39.4,43.3,41.9,42.9,36.3,36.9,37.8,36.5,41.0,35.7,42.4,35.3,43.2,39.2,37.5,36.0,36.4,36.4,34.1,34.7,36.3,32.9,40.7,39.0,37.6,33.5,38.7,36.1,37.8,38.8,39.2,36.7,41.1,35.9,39.3,31.8,42.4,36.2,37.7,43.7,43.5,42.2,37.9,38.5,33.3,35.5,35.1,34.0,42.5,41.3,41.8,37.0,39.4,35.2,36.4,41.2,36.6,39.0,34.9
7562,31.9,35.4,32.9,39.6,40.6,43.4,42.4,39.2,42.8,41.7,41.7,42.4,41.8,41.9,42.6,43.2,39.6,38.4,40.9,41.0,40.5,41.6,43.1,40.0,38.7,40.5,44.0,40.7,38.9,42.9,41.2,42.2,35.7,36.3,37.1,35.9,40.4,35.2,41.7,34.5,42.1,38.7,36.7,35.2,35.2,35.5,33.3,33.9,34.9,31.9,39.8,38.1,36.1,33.0,38.1,35.9,37.6,38.3,38.5,36.5,40.8,35.1,38.8,31.1,42.1,35.8,36.9,43.1,42.8,41.7,36.6,37.5,32.2,34.4,34.2,33.0,41.9,40.8,41.2,36.4,38.5,34.4,36.1,40.9,36.0,38.3,34.5
7563,31.3,35.4,32.3,39.0,39.9,42.4,41.7,38.9,42.2,41.1,41.2,41.7,41.2,41.2,42.0,42.8,38.9,38.0,40.3,40.5,39.9,41.0,42.8,39.2,38.0,39.7,43.5,39.9,38.4,42.2,40.7,41.7,35.1,35.7,36.6,35.2,39.5,35.0,40.7,33.4,41.2,38.5,36.1,34.3,34.5,34.9,32.4,32.9,34.2,31.3,38.8,37.0,35.0,32.2,37.8,35.6,37.2,38.0,38.1,36.1,40.3,34.6,38.7,30.0,41.6,35.3,36.3,42.6,42.1,41.2,35.0,36.9,31.7,33.6,33.5,32.4,41.4,40.2,40.6,35.9,37.9,33.6,35.6,40.5,35.4,37.7,34.1
7564,30.2,35.0,32.0,38.2,39.3,42.1,41.1,38.3,41.7,40.7,40.7,41.2,40.7,40.7,41.4,42.2,38.4,37.8,40.1,40.0,39.3,40.6,42.1,38.4,37.6,39.2,43.0,39.3,38.0,41.9,40.0,41.3,34.6,35.3,36.0,34.8,38.9,34.7,40.1,32.9,40.4,38.2,35.3,33.5,33.7,34.3,31.6,32.2,33.5,30.6,37.9,36.3,34.1,31.8,37.4,35.2,36.8,37.7,37.6,35.9,40.1,34.0,38.3,29.5,41.2,34.9,35.7,41.9,41.6,40.6,33.8,36.3,30.8,33.3,32.7,31.6,41.0,39.6,40.0,35.0,37.0,32.6,35.6,40.1,34.7,37.2,33.7
7565,29.6,34.7,31.8,37.6,38.8,41.4,40.8,38.1,41.1,40.3,40.3,40.8,40.2,40.1,40.7,41.9,38.0,37.7,39.6,39.7,38.7,40.1,41.8,37.9,37.2,38.7,42.3,39.0,37.5,41.4,39.5,40.9,34.0,34.9,35.6,34.5,38.3,34.4,39.2,32.4,39.5,37.9,34.5,32.9,33.1,33.8,30.8,31.6,32.8,29.6,37.1,35.7,33.3,31.3,37.0,34.9,36.5,37.3,37.3,35.5,39.7,33.6,38.3,28.7,40.8,34.5,35.0,41.5,41.1,40.1,32.3,35.5,30.3,32.6,31.9,31.0,40.4,39.2,39.5,34.4,36.4,31.6,35.2,39.9,34.3,36.9,33.2
7566,29.2,34.2,31.4,37.0,38.3,41.0,40.2,37.8,40.6,39.7,40.0,40.3,39.9,39.6,40.1,41.5,37.5,37.4,39.2,39.4,38.3,39.6,41.3,37.4,36.5,38.1,41.9,38.5,37.1,41.1,39.2,40.5,33.5,34.5,35.4,34.1,37.5,34.1,38.8,31.7,38.7,37.4,33.9,32.2,32.5,33.2,30.2,31.0,32.0,29.0,36.5,35.2,32.3,30.7,36.4,34.8,36.0,37.2,37.0,35.3,39.5,33.3,38.2,28.0,40.5,34.3,34.5,40.9,40.8,39.9,31.4,35.1,29.6,32.1,31.4,30.5,40.1,38.9,39.1,33.6,35.8,30.9,34.8,39.6,33.8,36.4,32.7
7567,29.5,34.5,32.0,36.4,37.7,40.4,39.6,37.3,40.3,39.3,40.0,40.0,39.7,39.4,39.7,41.1,37.2,37.1,39.2,39.5,38.0,39.5,40.9,36.8,35.8,37.7,41.7,38.1,37.1,40.7,38.8,40.3,33.0,34.2,35.3,34.1,38.0,34.3,38.4,31.6,38.3,38.6,33.6,31.5,32.5,33.8,29.8,31.6,31.9,28.4,36.0,34.9,31.6,30.9,36.2,34.7,35.7,37.0,36.7,35.1,39.5,33.0,38.0,27.9,40.3,34.1,34.2,40.5,40.5,39.6,30.7,34.7,29.8,31.8,31.3,30.0,40.0,38.9,38.8,33.2,35.3,30.4,34.4,39.7,33.2,36.3,32.5
7568,35.7,38.2,37.7,37.1,39.0,41.2,41.0,38.8,42.2,40.9,42.4,41.6,42.3,40.4,41.2,42.8,39.4,39.3,41.8,42.6,39.8,41.2,42.4,37.7,36.6,39.0,42.7,39.5,38.8,42.6,39.9,42.6,33.8,35.5,36.2,35.2,43.4,38.0,39.3,36.8,40.6,44.7,34.5,34.6,36.8,39.4,33.6,37.7,41.5,29.9,39.0,37.9,36.3,35.1,36.1,36.2,36.4,37.8,36.8,36.6,40.6,32.9,39.3,33.9,41.0,35.8,36.0,41.4,43.4,42.3,35.7,35.3,35.7,34.8,37.8,32.6,43.0,40.9,40.3,34.1,36.2,30.8,35.0,41.6,33.8,37.6,33.9
7569,42.2,43.2,44.0,42.9,43.1,44.9,45.0,43.1,45.5,44.0,45.8,45.1,46.0,43.5,45.1,45.8,43.7,42.6,45.5,45.9,43.8,44.8,46.0,41.2,41.4,43.8,45.4,43.5,42.4,46.0,43.9,45.4,37.6,39.3,38.9,39.1,48.9,43.1,44.3,42.0,44.1,50.2,39.6,39.4,42.2,45.3,37.6,43.1,49.7,35.9,46.8,42.1,42.3,40.5,38.6,38.8,39.5,41.3,38.8,39.2,42.5,35.0,42.6,40.5,42.7,39.8,39.9,44.2,46.9,45.9,42.3,42.0,41.8,40.8,43.6,39.0,46.6,44.0,43.7,39.2,40.5,35.2,38.9,44.3,37.4,41.2,38.0
7570,47.7,47.0,48.5,48.9,47.1,48.4,48.7,47.0,48.6,46.9,48.8,48.5,49.2,46.4,48.7,48.6,47.4,45.2,48.6,48.6,47.4,47.7,49.5,45.0,46.0,47.8,48.3,47.4,45.6,49.1,47.5,47.9,41.6,43.3,42.0,42.8,53.3,47.0,49.6,46.2,47.8,54.2,44.9,43.3,47.6,50.1,42.8,47.6,55.6,41.8,52.1,46.3,47.9,45.5,41.3,41.6,42.9,44.3,41.6,41.5,44.3,38.5,45.1,46.2,44.8,43.3,43.7,47.0,49.8,48.8,48.0,48.9,47.1,45.6,48.2,44.2,49.5,46.6,46.9,44.6,45.2,40.4,42.1,46.8,41.6,45.0,41.8
7571,52.4,50.0,51.3,53.7,50.7,51.4,51.9,50.7,51.1,49.4,51.1,51.3,51.6,48.8,51.7,50.8,50.4,47.5,50.9,50.8,50.5,50.2,52.4,48.3,50.3,51.3,50.7,50.7,48.6,51.7,50.5,50.4,45.2,46.8,45.1,46.1,56.9,50.1,54.2,49.8,51.2,56.7,49.5,46.6,51.9,53.7,47.7,51.2,59.5,46.7,56.4,50.2,52.9,49.3,44.5,44.0,45.8,47.1,44.4,43.5,46.1,42.1,47.2,50.5,47.2,46.1,47.1,49.3,52.4,51.3,53.2,53.9,51.8,48.8,52.0,48.6,51.8,48.7,49.4,48.8,49.2,45.7,44.6,48.7,45.1,48.1,44.6
7572,55.8,52.2,53.2,57.3,53.5,53.9,54.4,53.4,52.9,51.5,52.8,53.2,53.4,50.9,54.1,52.6,52.8,49.0,52.6,52.4,52.7,52.1,54.7,51.0,53.6,54.1,52.8,53.4,50.8,53.6,53.0,52.3,48.1,49.3,47.6,48.5,59.5,52.3,57.7,52.5,54.0,58.4,53.2,49.2,55.4,55.7,51.3,54.1,62.4,50.4,59.8,53.4,57.0,51.9,46.6,45.9,47.7,49.3,46.8,45.3,47.5,44.9,49.0,53.6,49.6,48.2,50.1,51.4,54.2,53.0,57.0,57.5,55.2,51.5,54.8,51.7,53.6,50.3,51.5,52.1,52.2,49.5,46.9,50.0,47.8,50.5,47.0
7573,58.1,53.4,54.5,59.7,55.5,55.8,56.4,55.2,54.1,53.0,54.0,54.6,54.6,52.4,56.0,54.0,54.4,50.3,53.9,53.6,54.6,53.4,56.5,52.8,56.1,56.2,54.4,55.1,52.7,54.8,54.8,53.7,50.3,51.0,49.2,50.1,61.5,53.7,60.3,54.3,56.3,59.5,55.7,51.3,57.5,57.1,54.0,56.1,64.4,53.1,62.1,56.0,59.8,53.5,48.0,47.1,49.1,50.7,48.4,46.6,48.5,47.1,50.5,55.5,51.9,49.7,52.2,53.0,55.6,54.2,59.3,60.0,57.1,53.1,56.7,53.7,54.5,51.7,53.1,54.5,54.4,52.4,48.6,51.0,49.8,52.2,48.7
7574,58.5,54.1,55.0,61.4,56.8,57.0,57.7,56.3,54.9,53.9,54.7,55.5,55.4,53.4,57.0,54.9,55.7,50.9,54.5,53.9,55.7,54.4,57.6,54.1,57.5,57.3,55.4,56.1,53.7,55.7,56.1,54.4,51.4,52.1,50.2,50.9,62.7,54.2,61.8,55.4,57.9,59.9,57.4,52.7,58.7,57.7,55.7,57.0,65.5,54.5,63.3,57.5,61.5,53.3,48.6,47.9,49.8,51.6,49.6,47.1,49.1,48.7,51.1,56.7,53.5,50.5,53.4,53.9,56.3,54.9,60.7,61.0,58.0,54.1,57.9,55.1,55.3,52.2,54.1,56.0,55.7,54.0,49.6,51.2,51.2,53.2,49.9
7575,58.5,53.6,54.5,62.2,57.1,57.4,58.2,56.5,54.9,54.1,54.7,55.9,55.5,53.7,57.5,55.1,55.7,50.7,54.4,53.7,56.0,54.6,57.8,54.3,57.9,57.6,55.7,56.3,53.9,55.9,56.5,54.2,51.8,52.4,50.6,50.8,62.7,53.6,62.4,55.7,58.8,59.0,58.0,53.2,58.5,57.7,56.5,57.1,65.5,55.0,63.6,57.9,62.4,53.5,48.9,47.6,50.1,51.7,50.2,46.8,48.9,49.5,51.1,56.9,54.3,50.3,53.8,54.2,56.5,55.0,61.0,61.6,57.9,54.5,57.9,55.3,55.1,52.1,54.2,56.5,56.3,54.6,49.9,50.8,51.7,53.5,50.1
7576,56.7,50.9,51.4,61.9,56.4,56.9,57.6,55.9,53.9,53.2,53.9,55.5,54.4,53.2,56.7,54.3,55.2,49.1,53.4,52.4,55.3,53.8,57.0,53.6,57.5,57.1,55.0,55.6,53.1,55.2,55.8,53.3,51.2,51.8,50.0,50.2,61.0,51.2,62.0,54.5,58.7,56.3,57.6,52.6,56.8,55.4,55.9,55.6,63.9,54.6,62.9,57.0,61.9,50.9,48.1,46.3,49.2,50.9,49.9,45.3,47.6,49.3,49.5,55.5,54.0,48.8,52.9,53.7,55.7,53.8,60.4,61.8,56.4,54.2,56.2,54.4,54.1,50.8,53.5,56.2,55.6,54.2,49.1,49.6,51.4,52.8,49.5
7577,49.3,45.7,44.1,59.5,53.7,54.8,55.0,52.8,51.2,50.4,51.1,53.6,51.1,51.2,54.2,51.7,51.9,46.0,50.4,48.9,52.3,51.2,54.1,50.8,54.6,54.4,53.1,52.8,49.9,52.5,53.2,50.1,48.3,48.6,47.8,47.5,55.1,45.9,59.8,50.0,56.6,49.0,55.0,49.4,50.7,49.9,52.6,50.2,57.3,51.6,60.7,53.6,59.5,44.1,45.8,43.6,46.2,47.8,48.3,42.2,46.1,47.7,46.9,50.3,52.2,45.5,49.5,51.7,52.8,50.7,57.3,59.5,50.8,51.2,50.3,51.2,50.9,48.1,50.7,53.8,52.9,51.7,45.8,47.5,48.9,49.8,46.2
7578,44.6,42.2,40.4,53.7,49.4,51.3,51.4,48.3,49.4,47.8,48.8,50.9,48.2,48.7,50.6,49.3,47.3,44.1,47.8,46.8,48.4,48.3,49.9,47.1,48.6,49.0,51.2,49.1,46.1,49.1,49.8,47.2,44.1,44.6,45.1,43.4,50.4,42.5,54.1,45.8,53.8,45.6,48.9,43.6,47.4,45.5,48.4,45.6,52.6,45.2,55.3,50.9,52.1,41.0,43.4,41.9,43.5,44.8,45.7,40.8,45.0,44.3,44.9,45.5,49.9,43.2,45.7,49.6,49.8,48.2,50.3,52.3,45.3,46.1,46.1,45.3,48.3,46.0,47.8,47.4,47.8,46.9,40.4,46.3,45.0,46.7,42.1
7579,41.4,40.3,38.0,49.7,46.9,49.4,49.1,45.4,48.1,46.5,47.3,48.8,46.9,46.9,48.6,47.9,44.5,42.9,46.0,45.2,46.1,46.8,48.1,45.3,45.5,46.4,49.6,47.0,44.0,47.5,47.2,46.1,41.8,42.7,43.2,41.6,48.1,40.6,50.5,42.4,50.6,43.8,45.8,41.0,44.7,42.3,45.0,42.9,48.3,42.1,51.1,48.9,46.9,39.3,42.3,40.4,42.0,43.3,43.8,40.0,44.1,41.9,43.4,42.1,48.3,41.3,44.1,48.3,48.2,46.7,47.4,47.7,42.7,42.7,43.5,43.0,46.7,44.7,46.2,43.5,45.4,43.3,39.1,45.0,42.5,44.5,39.8
7580,39.4,39.0,36.3,46.6,45.2,48.2,47.5,43.7,47.2,45.4,45.9,47.2,45.9,45.8,47.2,46.9,42.8,41.9,44.7,44.3,44.7,45.6,46.9,44.2,43.9,44.8,48.2,45.4,42.5,46.5,45.4,45.2,40.2,41.1,42.0,40.3,45.9,39.1,48.4,40.4,49.2,42.6,43.6,39.6,42.6,40.8,41.8,40.7,44.8,39.7,48.3,46.7,44.3,38.1,41.3,39.4,40.7,42.2,42.1,39.1,43.6,40.3,42.1,39.8,46.8,39.8,42.6,47.1,46.9,45.6,45.3,45.2,40.5,40.8,41.4,41.0,45.5,43.9,44.9,41.5,43.8,41.3,38.6,44.1,40.7,42.9,38.4
7581,37.4,37.9,35.6,44.4,44.0,47.0,46.3,42.4,46.2,44.6,44.9,46.0,44.8,44.6,46.1,46.1,42.0,41.2,44.0,43.5,43.6,44.6,46.0,43.2,42.7,43.7,47.0,44.0,41.5,45.6,44.3,44.6,39.0,39.8,40.8,39.4,44.5,38.0,46.6,38.1,47.6,41.4,41.8,38.9,41.0,39.8,39.4,39.2,42.4,38.0,46.1,44.8,42.8,36.8,40.4,38.4,39.5,41.3,41.3,38.5,42.8,39.4,41.4,37.5,45.5,38.8,41.6,46.2,46.0,44.6,43.6,43.5,38.6,39.5,39.5,39.3,44.5,43.3,43.8,40.2,42.5,39.5,38.2,43.4,39.7,41.4,37.3
7582,35.9,37.3,34.7,43.0,43.0,45.9,45.2,41.2,45.3,43.7,44.1,45.1,43.9,43.9,45.1,45.4,41.2,40.5,43.2,42.8,42.6,43.6,45.2,42.5,41.3,42.8,46.2,43.1,40.4,44.7,43.4,43.9,38.0,38.7,39.7,38.5,43.3,37.0,45.1,37.1,46.6,40.7,40.5,38.1,39.3,38.7,37.4,37.7,40.2,36.6,44.2,43.0,41.0,35.7,39.8,37.6,39.0,40.6,40.8,38.1,42.2,38.3,40.5,36.0,44.6,37.8,40.4,45.2,45.2,43.7,42.2,41.8,37.0,38.3,38.1,37.8,43.7,42.4,43.0,39.0,41.3,37.8,37.8,42.6,38.5,40.4,36.2
7583,34.6,36.7,34.1,41.8,42.2,45.1,44.3,40.8,44.4,43.1,43.3,44.2,43.1,43.1,44.2,44.5,40.5,39.8,42.4,42.2,41.9,42.8,44.3,41.6,40.4,42.0,45.4,42.3,39.8,44.2,42.5,43.3,37.2,37.8,38.9,37.6,42.7,36.4,44.0,36.2,45.3,40.2,39.4,37.3,37.9,37.5,36.0,36.4,38.7,35.3,42.7,41.5,39.5,34.5,39.2,37.0,38.4,40.0,40.1,37.4,41.7,37.4,40.0,34.5,43.8,37.2,39.4,44.5,44.2,43.1,40.6,40.2,35.4,37.2,37.0,36.4,43.1,41.8,42.4,38.2,40.5,36.7,37.1,42.1,37.8,39.6,35.5
7584,33.5,36.0,33.4,40.6,41.5,44.4,43.6,40.2,43.8,42.3,42.4,43.2,42.4,42.5,43.5,43.9,40.0,39.3,41.7,41.7,41.1,42.1,43.7,40.6,39.8,41.3,44.6,41.5,39.2,43.4,41.8,42.7,36.4,36.9,37.9,36.7,41.7,35.9,43.0,35.4,43.9,39.5,38.0,36.7,36.7,36.6,34.6,35.4,37.4,34.1,41.4,40.2,38.1,33.3,38.8,36.5,38.0,39.3,39.5,37.0,41.2,36.7,39.4,33.2,43.0,36.5,38.6,43.8,43.6,42.2,39.0,39.1,34.0,36.1,36.1,35.0,42.4,41.2,41.8,37.2,39.6,35.4,36.8,41.6,36.8,38.9,34.8
7585,32.4,35.6,32.8,39.9,40.8,43.5,42.7,39.7,43.1,41.8,41.9,42.4,41.7,41.8,42.7,43.3,39.6,38.8,41.0,40.9,40.5,41.4,43.2,39.9,39.0,40.6,44.1,40.7,38.6,42.8,41.3,42.3,35.6,36.1,37.0,35.8,40.7,35.4,42.0,34.7,42.8,39.0,37.0,35.6,35.7,36.0,33.6,34.4,36.1,32.8,40.5,39.0,36.9,32.8,38.7,35.9,37.8,38.7,38.9,36.5,40.8,35.8,39.0,31.9,42.3,35.8,37.7,43.0,42.9,41.6,37.2,38.2,32.8,35.1,35.2,34.1,41.9,40.7,41.2,36.4,38.8,34.5,36.1,41.1,35.9,38.3,34.3
7586,31.3,34.9,32.3,39.0,40.2,42.8,41.9,38.8,42.2,41.0,41.1,41.8,41.2,41.2,42.0,42.6,39.0,38.2,40.4,40.4,39.9,41.0,42.5,39.2,38.1,39.9,43.3,40.1,38.2,42.3,40.5,41.5,35.0,35.5,36.4,35.2,40.1,34.9,41.3,34.0,41.6,38.5,36.1,34.8,34.6,35.0,32.9,33.7,34.9,31.9,39.5,38.1,35.5,32.3,38.0,35.6,37.5,38.3,38.3,36.1,40.5,35.1,38.6,31.2,41.9,35.4,37.0,42.4,42.1,41.1,36.1,37.1,31.8,33.9,34.3,33.1,41.3,40.1,40.7,35.7,38.0,33.7,35.8,40.7,35.3,37.6,33.8
7587,30.7,34.9,31.7,38.4,39.4,41.9,41.2,38.4,41.6,40.5,40.6,41.1,40.6,40.6,41.4,42.1,38.4,37.8,39.8,39.9,39.3,40.3,42.2,38.5,37.5,39.3,42.8,39.3,37.7,41.5,40.0,41.1,34.4,35.0,35.9,34.5,39.2,34.7,40.4,33.0,40.7,38.2,35.5,33.9,33.9,34.3,31.9,32.7,34.1,31.3,38.7,37.1,34.4,31.6,37.7,35.3,37.1,37.9,37.9,35.8,40.1,34.6,38.5,30.2,41.4,34.9,36.4,42.0,41.4,40.6,34.6,36.4,31.3,33.3,33.6,32.5,40.9,39.6,40.0,35.1,37.4,32.8,35.3,40.3,34.7,37.0,33.3
7588,29.6,34.5,31.4,37.7,38.9,41.6,40.6,37.8,41.0,40.1,40.1,40.5,40.0,40.1,40.8,41.5,37.9,37.6,39.4,39.5,38.6,39.9,41.5,37.7,37.1,38.8,42.3,38.7,37.3,41.2,39.3,40.7,33.8,34.6,35.3,34.1,38.6,34.4,39.6,32.4,40.0,37.9,34.7,33.3,33.2,33.8,31.2,32.1,33.5,30.6,37.8,36.4,33.5,31.1,37.4,34.8,36.7,37.6,37.5,35.5,39.8,34.0,38.0,29.7,41.0,34.5,35.8,41.3,41.0,40.0,33.3,35.7,30.4,33.0,32.8,31.7,40.5,39.0,39.5,34.3,36.5,31.9,35.3,40.0,34.0,36.6,32.9
7589,29.1,34.4,31.1,37.0,38.3,40.8,40.2,37.6,40.5,39.7,39.6,40.0,39.4,39.5,40.1,41.2,37.5,37.4,38.9,39.1,38.1,39.4,41.2,37.3,36.7,38.3,41.6,38.3,36.9,40.8,38.9,40.3,33.3,34.2,34.9,33.8,37.9,34.1,38.7,31.9,39.1,37.6,33.9,32.7,32.6,33.4,30.4,31.5,32.7,29.7,37.0,35.9,32.8,30.7,36.8,34.6,36.4,37.2,37.2,35.2,39.5,33.7,37.9,29.0,40.7,34.1,35.1,40.9,40.4,39.5,31.9,34.9,29.9,32.4,32.1,31.1,39.9,38.5,39.0,33.7,35.9,30.9,35.0,39.8,33.6,36.2,32.4
7590,28.7,33.8,30.8,36.5,37.8,40.4,39.7,37.3,39.9,39.0,39.2,39.5,39.2,39.1,39.6,40.8,37.0,37.1,38.5,38.8,37.7,39.0,40.7,36.7,35.9,37.6,41.3,37.9,36.5,40.5,38.5,39.8,32.8,33.8,34.6,33.4,37.1,33.8,38.2,31.3,38.2,37.2,33.4,31.9,32.1,32.7,29.9,30.9,32.0,29.2,36.4,35.4,31.9,30.1,36.4,34.5,36.0,37.1,36.9,35.0,39.3,33.4,37.9,28.2,40.3,33.9,34.6,40.3,40.1,39.2,31.0,34.4,29.2,31.9,31.6,30.7,39.5,38.2,38.5,33.0,35.3,30.2,34.5,39.5,33.1,35.7,32.0
7591,29.0,34.2,31.4,35.9,37.2,39.9,39.1,36.8,39.6,38.7,39.2,39.3,38.9,38.7,39.2,40.5,36.6,36.8,38.5,38.9,37.4,38.8,40.4,36.2,35.2,37.1,41.1,37.5,36.4,40.1,38.1,39.6,32.3,33.5,34.6,33.3,37.5,34.1,37.8,31.1,37.9,38.4,33.0,31.4,32.1,33.2,29.5,31.5,31.9,28.5,35.9,35.2,31.2,30.3,36.1,34.4,35.6,36.9,36.7,34.9,39.2,33.0,37.7,28.1,40.2,33.7,34.2,39.9,39.8,38.8,30.2,34.1,29.4,31.6,31.5,30.2,39.4,38.2,38.2,32.5,34.7,29.8,34.2,39.6,32.5,35.6,31.8
7592,35.2,37.7,37.1,36.5,38.4,40.7,40.5,38.2,41.5,40.2,41.7,40.8,41.5,39.8,40.6,42.0,38.8,38.8,41.1,42.0,39.1,40.5,41.8,37.0,35.9,38.5,42.1,38.9,38.1,42.0,39.2,41.9,33.0,34.7,35.4,34.4,42.9,37.6,38.7,36.4,40.2,44.4,34.0,34.3,36.4,38.8,33.2,37.4,41.1,29.9,38.7,38.0,35.8,34.5,36.0,35.7,36.3,37.7,36.7,36.2,40.2,32.9,38.9,33.9,40.8,35.3,36.0,40.7,42.7,41.6,35.3,34.7,35.2,34.5,37.7,32.6,42.5,40.2,39.7,33.4,35.6,30.1,34.8,41.4,33.0,36.8,33.1
7593,41.6,42.7,43.6,42.3,42.6,44.4,44.5,42.5,44.9,43.3,45.1,44.4,45.3,42.9,44.6,45.1,43.1,42.0,44.8,45.2,43.2,44.2,45.6,40.6,40.7,43.2,44.7,42.9,41.6,45.4,43.2,44.7,36.9,38.5,38.0,38.3,48.4,42.8,43.7,41.7,43.9,49.9,38.9,39.1,41.8,44.8,37.2,42.8,49.1,35.8,46.6,42.2,41.8,40.0,38.4,38.4,39.4,41.0,38.6,38.9,42.1,35.0,42.1,40.4,42.5,39.3,39.8,43.6,46.4,45.1,41.8,41.3,41.4,40.3,43.4,38.9,46.0,43.2,43.1,38.6,39.8,34.5,38.5,44.0,36.7,40.5,37.1
7594,47.2,46.5,48.2,48.4,46.5,47.9,48.3,46.4,48.0,46.2,48.1,47.8,48.4,45.8,48.1,47.9,46.7,44.4,47.9,48.0,46.8,47.0,49.0,44.3,45.4,47.3,47.6,46.9,44.9,48.6,46.9,47.3,40.9,42.5,41.2,42.0,52.8,46.7,49.0,46.1,47.5,53.9,44.3,43.0,47.2,49.6,42.5,47.3,55.0,41.6,51.9,46.3,47.5,45.1,41.1,41.2,42.6,44.1,41.3,41.1,43.9,38.3,44.5,46.1,44.6,42.7,43.4,46.4,49.4,48.0,47.7,48.3,46.7,45.3,47.9,44.2,48.9,45.9,46.3,43.9,44.5,39.6,41.6,46.3,40.8,44.2,40.9
7595,51.8,49.5,51.0,53.4,50.1,51.0,51.5,50.0,50.6,48.7,50.4,50.6,50.9,48.3,51.3,50.3,49.9,46.8,50.3,50.1,50.0,49.6,51.9,47.6,49.7,50.8,50.0,50.3,47.8,51.2,49.9,49.8,44.5,46.0,44.3,45.3,56.5,49.7,53.6,49.6,50.9,56.4,48.9,46.3,51.6,53.3,47.6,50.9,58.9,46.5,56.2,50.0,52.6,48.8,44.2,43.5,45.5,46.8,43.9,43.1,45.6,41.7,46.6,50.3,46.9,45.6,46.9,48.8,51.9,50.5,53.0,53.5,51.5,48.4,51.8,48.5,51.2,48.1,48.9,48.2,48.5,44.9,44.0,48.2,44.4,47.4,43.8
7596,55.3,51.7,52.8,56.9,52.9,53.5,54.0,52.8,52.4,50.9,52.1,52.7,52.7,50.4,53.7,52.1,52.2,48.3,52.0,51.7,52.2,51.6,54.3,50.3,53.1,53.7,52.2,52.9,50.2,53.2,52.5,51.8,47.5,48.6,46.9,47.8,59.1,51.9,57.4,52.3,53.7,58.2,52.7,49.0,55.1,55.4,51.2,53.6,61.8,50.1,59.6,53.0,56.7,51.4,46.3,45.4,47.4,49.0,46.3,44.8,46.9,44.5,48.4,53.3,49.3,47.6,49.7,50.9,53.9,52.2,56.9,57.2,54.8,51.2,54.6,51.6,53.0,49.7,51.0,51.6,51.6,48.9,46.3,49.5,47.2,49.8,46.2
7597,57.7,52.8,54.2,59.2,54.9,55.4,56.0,54.7,53.7,52.4,53.4,54.1,54.0,51.9,55.6,53.6,53.9,49.6,53.2,52.8,54.1,53.0,56.1,52.1,55.6,55.7,53.9,54.6,52.1,54.4,54.3,53.2,49.7,50.3,48.4,49.3,61.3,53.3,59.9,54.1,56.0,59.3,55.3,51.1,57.1,56.8,54.0,55.7,63.9,52.7,61.8,55.4,59.5,53.0,47.6,46.6,48.8,50.4,48.0,46.2,48.0,46.7,49.8,55.2,51.6,49.2,51.8,52.5,55.3,53.5,59.2,59.6,56.8,52.9,56.4,53.5,53.9,51.1,52.6,54.1,53.8,51.8,48.0,50.4,49.2,51.5,48.0
7598,58.1,53.5,54.6,61.0,56.2,56.6,57.3,55.7,54.5,53.4,54.1,55.1,54.8,53.0,56.6,54.4,55.2,50.2,53.9,53.2,55.2,53.9,57.2,53.4,57.0,56.8,54.9,55.6,53.1,55.4,55.6,53.9,50.9,51.5,49.5,50.2,62.5,53.8,61.4,55.2,57.6,59.7,57.0,52.5,58.3,57.6,55.6,56.6,64.9,54.2,63.1,56.7,61.3,52.9,48.3,47.4,49.5,51.3,49.1,46.7,48.6,48.2,50.4,56.3,53.0,50.0,53.0,53.5,56.1,54.3,60.6,60.7,57.9,53.8,57.5,54.8,54.7,51.7,53.7,55.6,55.2,53.5,48.9,50.6,50.7,52.6,49.2
7599,58.1,53.0,54.1,61.8,56.6,57.0,57.7,55.9,54.4,53.6,54.2,55.4,55.0,53.3,57.0,54.6,55.3,50.0,53.8,52.9,55.5,54.1,57.4,53.6,57.4,57.0,55.2,55.9,53.3,55.7,56.0,53.7,51.3,51.8,49.9,50.3,62.6,53.2,62.2,55.4,58.5,59.0,57.6,53.0,58.3,57.5,56.3,56.6,65.0,54.6,63.3,57.2,62.1,53.1,48.6,47.2,49.8,51.3,49.7,46.4,48.3,49.0,50.4,56.5,53.8,49.9,53.3,53.8,56.3,54.4,60.9,61.4,57.6,54.2,57.3,54.9,54.6,51.5,53.8,56.1,55.7,54.1,49.2,50.2,51.2,52.8,49.4
7600,56.2,50.2,50.9,61.6,55.8,56.3,57.0,55.3,53.5,52.7,53.4,55.1,53.9,52.8,56.1,53.8,54.7,48.4,52.8,51.7,54.9,53.4,56.6,52.9,57.0,56.5,54.6,55.2,52.5,55.0,55.3,52.9,50.7,51.2,49.4,49.6,60.9,50.7,61.7,54.2,58.5,56.1,57.2,52.3,56.4,55.2,55.8,55.0,63.3,54.3,62.6,56.2,61.7,50.2,47.7,45.8,48.8,50.5,49.4,44.7,47.0,48.8,48.9,55.0,53.5,48.3,52.4,53.3,55.4,53.2,60.2,61.7,56.0,53.8,55.7,54.1,53.6,50.2,53.1,55.8,55.1,53.6,48.4,49.0,50.9,52.1,48.8
7601,48.7,45.1,43.6,59.2,53.1,54.2,54.5,52.2,50.7,49.8,50.6,53.1,50.6,50.7,53.6,51.2,51.3,45.3,49.9,48.3,51.7,50.7,53.7,50.2,54.1,53.8,52.6,52.3,49.3,52.2,52.6,49.7,47.6,48.1,47.2,47.0,54.9,45.5,59.6,49.7,56.3,48.9,54.5,49.1,50.2,49.7,52.5,49.7,56.8,51.1,60.4,52.9,59.2,43.5,45.4,43.1,45.7,47.4,47.7,41.7,45.6,47.1,46.3,49.8,51.7,45.0,49.0,51.2,52.5,50.2,57.1,59.4,50.3,50.8,49.9,50.9,50.3,47.5,50.2,53.2,52.3,51.1,45.2,47.0,48.3,49.1,45.6
7602,44.1,41.7,40.1,53.3,48.9,50.8,50.9,47.7,48.9,47.2,48.3,50.4,47.7,48.2,50.1,48.9,46.7,43.4,47.3,46.2,47.8,47.8,49.6,46.7,48.1,48.5,50.6,48.6,45.4,48.7,49.2,46.7,43.5,44.0,44.5,42.8,50.3,42.1,53.9,45.5,53.5,45.5,48.5,43.4,46.9,45.4,48.2,45.2,52.2,44.9,55.0,50.2,51.8,40.4,43.1,41.4,43.1,44.6,45.2,40.3,44.5,43.9,44.4,45.2,49.3,42.6,45.3,49.2,49.5,47.6,50.1,52.1,45.0,45.9,45.7,45.1,47.7,45.5,47.2,46.9,47.3,46.2,40.0,45.8,44.5,46.0,41.5
7603,41.0,39.8,37.7,49.3,46.5,49.0,48.8,45.0,47.7,45.9,46.8,48.4,46.4,46.4,48.2,47.5,44.0,42.3,45.5,44.7,45.6,46.3,47.8,44.9,45.0,46.1,49.0,46.5,43.4,47.1,46.7,45.7,41.2,42.2,42.7,41.0,47.8,40.2,50.2,42.2,50.3,43.8,45.4,40.9,44.3,42.2,44.7,42.5,48.0,41.9,50.9,48.4,46.7,38.8,42.0,39.9,41.8,43.0,43.3,39.4,43.7,41.5,42.8,42.0,47.8,40.8,43.8,47.8,47.9,46.1,47.2,47.5,42.4,42.4,43.3,42.8,46.3,44.2,45.7,43.0,44.9,42.7,38.7,44.5,42.0,44.0,39.2
7604,39.0,38.5,36.0,46.2,44.8,47.9,47.2,43.3,46.7,44.8,45.4,46.8,45.4,45.3,46.8,46.4,42.4,41.3,44.4,43.7,44.3,45.1,46.6,43.8,43.5,44.5,47.6,45.0,41.9,46.1,45.0,44.8,39.6,40.7,41.4,39.7,45.6,38.8,48.1,40.3,48.9,42.4,43.2,39.6,42.1,40.7,41.6,40.4,44.5,39.5,48.1,46.2,44.1,37.5,41.0,38.9,40.5,42.0,41.7,38.4,43.1,40.0,41.6,39.7,46.3,39.2,42.4,46.6,46.6,45.0,45.2,44.9,40.3,40.6,41.2,40.9,45.0,43.3,44.4,40.9,43.4,40.7,38.1,43.6,40.1,42.4,37.8
7605,37.0,37.5,35.3,44.0,43.7,46.7,46.0,42.0,45.8,44.2,44.4,45.5,44.3,44.1,45.8,45.6,41.6,40.6,43.6,43.0,43.2,44.1,45.6,42.9,42.3,43.4,46.5,43.6,40.9,45.3,43.9,44.2,38.4,39.3,40.3,38.8,44.2,37.7,46.3,38.1,47.4,41.2,41.4,38.8,40.6,39.7,39.3,38.9,42.2,37.9,46.0,44.5,42.6,36.3,40.1,37.8,39.2,41.1,40.7,37.8,42.3,39.0,40.9,37.5,45.0,38.3,41.2,45.7,45.7,44.0,43.5,43.3,38.3,39.4,39.3,39.2,44.0,42.7,43.4,39.6,42.2,38.9,37.8,42.8,39.0,41.0,36.7
7606,35.5,36.9,34.5,42.6,42.7,45.6,44.9,40.8,44.9,43.3,43.6,44.6,43.4,43.5,44.8,44.9,41.0,39.7,42.7,42.3,42.3,43.2,44.9,42.1,40.9,42.4,45.7,42.8,39.9,44.4,43.0,43.4,37.5,38.3,39.2,37.9,43.0,36.8,44.9,37.2,46.4,40.5,40.2,38.0,39.0,38.7,37.3,37.5,40.1,36.5,44.2,42.6,40.8,35.2,39.5,37.0,38.7,40.4,40.2,37.4,41.7,37.9,40.0,35.9,44.1,37.2,40.2,44.8,44.8,43.1,42.1,41.5,36.7,38.2,37.9,37.7,43.2,41.8,42.7,38.5,41.0,37.3,37.4,42.1,37.9,40.0,35.7
7607,34.2,36.3,33.8,41.4,41.9,44.8,44.0,40.5,44.0,42.6,42.8,43.7,42.6,42.8,43.9,44.1,40.2,39.1,41.9,41.8,41.6,42.4,44.1,41.0,40.0,41.7,44.9,42.0,39.4,43.8,42.2,42.8,36.7,37.2,38.4,37.1,42.4,36.3,43.8,36.2,45.1,40.0,39.1,37.1,37.6,37.6,35.9,36.2,38.6,35.4,42.6,41.2,39.3,33.9,38.9,36.4,38.2,39.8,39.6,36.7,41.2,37.1,39.4,34.3,43.3,36.5,39.2,44.1,44.0,42.5,40.5,40.0,35.2,37.0,36.8,36.3,42.7,41.2,42.1,37.8,40.1,36.2,36.6,41.6,37.2,39.2,34.9
7608,33.2,35.6,33.2,40.3,41.1,44.1,43.3,39.8,43.4,42.0,42.0,42.7,41.8,42.1,43.2,43.4,39.8,38.6,41.3,41.3,40.8,41.7,43.4,40.2,39.5,41.0,44.2,41.1,38.8,43.0,41.5,42.3,35.8,36.3,37.3,36.2,41.4,35.6,42.7,35.4,43.9,39.3,37.7,36.6,36.4,36.7,34.6,35.2,37.4,34.1,41.3,39.9,38.0,32.9,38.5,35.9,37.8,39.0,39.0,36.3,40.7,36.3,38.8,33.1,42.6,35.9,38.4,43.4,43.3,41.6,38.8,38.9,33.8,36.0,35.9,35.1,42.0,40.5,41.6,36.8,39.3,35.0,36.3,41.0,36.2,38.4,34.2
7609,32.1,35.2,32.5,39.5,40.4,43.3,42.5,39.3,42.7,41.4,41.5,41.9,41.2,41.5,42.5,42.8,39.4,38.0,40.6,40.5,40.2,41.0,42.9,39.5,38.6,40.3,43.7,40.4,38.2,42.4,40.9,41.8,35.0,35.5,36.4,35.3,40.3,35.0,41.7,34.6,42.6,38.7,36.7,35.4,35.4,36.0,33.6,34.3,36.1,32.9,40.5,38.8,36.8,32.4,38.3,35.3,37.5,38.5,38.4,35.8,40.3,35.5,38.4,31.9,41.9,35.1,37.6,42.7,42.6,41.0,37.1,37.9,32.6,35.0,34.9,34.1,41.4,40.1,41.0,36.0,38.5,34.0,35.5,40.5,35.3,37.9,33.7
7610,31.1,34.5,32.0,38.7,39.8,42.6,41.7,38.3,41.8,40.7,40.7,41.2,40.8,41.0,41.8,42.2,38.8,37.5,39.9,40.0,39.6,40.5,42.3,38.8,37.8,39.7,43.0,39.8,37.9,41.9,40.2,41.1,34.5,34.9,35.8,34.7,39.8,34.6,41.0,33.9,41.6,38.3,35.9,34.7,34.3,35.1,32.9,33.5,34.8,32.1,39.6,38.0,35.4,31.9,37.7,35.0,37.2,38.0,37.7,35.4,39.8,34.7,37.9,31.3,41.6,34.7,36.8,42.1,41.8,40.5,35.9,36.8,31.6,33.8,33.9,33.1,40.9,39.6,40.4,35.4,37.7,33.2,35.3,40.1,34.7,37.2,33.2
7611,30.5,34.5,31.4,38.2,39.1,41.6,41.0,38.1,41.2,40.2,40.1,40.5,40.2,40.4,41.2,41.7,38.2,37.1,39.3,39.5,39.0,40.0,42.0,38.1,37.1,39.0,42.5,39.1,37.3,41.2,39.7,40.6,33.9,34.4,35.3,34.0,38.9,34.4,40.1,32.9,40.6,37.9,35.2,33.9,33.7,34.4,32.0,32.6,33.9,31.4,38.6,37.0,34.3,31.1,37.4,34.6,36.8,37.7,37.3,35.2,39.5,34.2,37.8,30.2,41.1,34.2,36.2,41.7,41.2,40.0,34.5,36.1,31.2,33.3,33.3,32.5,40.5,39.1,39.8,34.8,37.1,32.4,34.8,39.6,34.1,36.6,32.7
7612,29.4,34.2,31.0,37.5,38.6,41.3,40.5,37.5,40.6,39.8,39.6,40.0,39.6,39.9,40.6,41.2,37.7,36.8,38.9,39.1,38.4,39.6,41.3,37.3,36.8,38.6,42.0,38.6,36.8,40.9,39.0,40.3,33.2,33.9,34.7,33.5,38.3,34.2,39.3,32.4,39.9,37.6,34.4,33.2,33.0,33.8,31.2,31.9,33.3,30.6,37.8,36.3,33.5,30.7,37.0,34.2,36.5,37.3,36.9,34.8,39.2,33.6,37.3,29.8,40.6,33.9,35.6,41.0,40.7,39.5,33.3,35.5,30.4,33.0,32.6,31.8,40.1,38.5,39.3,33.9,36.2,31.5,34.7,39.3,33.5,36.2,32.3
7613,28.8,34.1,30.7,36.8,38.1,40.6,40.1,37.4,40.1,39.4,39.2,39.5,39.1,39.3,40.0,40.9,37.3,36.7,38.5,38.7,37.9,39.1,40.9,36.8,36.3,38.1,41.3,38.2,36.5,40.6,38.6,39.9,32.7,33.6,34.3,33.2,37.7,33.8,38.4,31.9,39.0,37.4,33.6,32.5,32.4,33.4,30.5,31.3,32.4,29.8,37.0,35.8,32.9,30.2,36.5,33.9,36.1,36.9,36.6,34.6,38.8,33.3,37.3,29.1,40.3,33.5,34.9,40.6,40.1,39.0,31.9,34.8,29.8,32.3,31.9,31.1,39.5,38.0,38.7,33.2,35.6,30.5,34.4,39.1,33.0,35.8,31.8
7614,28.5,33.5,30.4,36.2,37.6,40.2,39.5,37.0,39.6,38.8,38.9,39.1,38.8,38.9,39.4,40.6,36.8,36.6,38.1,38.4,37.6,38.7,40.5,36.3,35.5,37.4,40.9,37.8,36.2,40.3,38.3,39.5,32.3,33.2,34.1,32.9,36.9,33.5,37.9,31.3,38.1,37.0,33.1,31.7,31.9,32.8,30.0,30.8,31.8,29.2,36.3,35.3,32.0,29.5,36.1,33.9,35.7,36.8,36.2,34.4,38.6,32.9,37.2,28.2,40.0,33.2,34.4,40.1,39.8,38.7,30.9,34.3,29.1,31.7,31.5,30.7,39.1,37.7,38.3,32.6,35.0,29.8,33.9,38.7,32.6,35.3,31.2
7615,28.8,33.8,30.9,35.7,37.0,39.7,39.0,36.6,39.3,38.4,38.8,39.0,38.5,38.5,39.1,40.2,36.4,36.2,38.1,38.5,37.3,38.5,40.1,35.8,34.9,37.0,40.8,37.3,36.1,39.9,37.9,39.3,31.7,33.0,34.0,32.7,37.3,33.8,37.5,31.1,37.8,38.1,32.6,31.3,31.9,33.2,29.5,31.3,31.7,28.6,35.7,35.1,31.3,29.7,35.8,33.8,35.3,36.6,36.0,34.3,38.5,32.5,37.1,28.2,39.8,33.0,34.0,39.6,39.5,38.3,30.2,33.8,29.3,31.4,31.3,30.2,39.0,37.7,38.0,32.1,34.4,29.4,33.6,38.8,32.1,35.2,31.1
7616,34.9,37.3,36.4,36.2,38.1,40.4,40.2,37.9,41.1,39.8,41.2,40.4,41.1,39.5,40.3,41.8,38.6,38.1,40.6,41.6,38.9,40.1,41.5,36.6,35.4,38.2,41.7,38.7,37.7,41.7,39.0,41.5,32.4,34.1,34.7,33.9,42.4,37.1,38.3,36.2,40.0,43.9,33.5,34.1,36.0,38.4,33.1,36.9,40.7,29.9,38.4,37.7,35.7,33.8,35.8,35.1,35.9,37.4,36.0,35.5,39.5,32.4,38.3,33.7,40.5,34.5,35.6,40.4,42.3,41.0,35.1,34.5,34.9,34.1,37.3,32.4,42.0,39.7,39.5,32.9,35.2,29.6,34.1,40.6,32.5,36.3,32.2
7617,41.1,42.2,42.9,41.8,42.1,44.0,44.1,41.9,44.6,42.9,44.7,44.0,44.8,42.5,44.2,44.8,42.7,41.2,44.2,44.7,42.8,43.8,45.1,40.0,40.1,42.7,44.4,42.6,41.2,45.1,42.8,44.3,36.2,37.8,37.3,37.6,47.9,42.2,43.3,41.4,43.6,49.3,38.2,38.9,41.3,44.2,37.1,42.3,48.6,35.5,46.3,41.7,41.6,39.3,38.0,37.7,38.9,40.6,37.9,38.1,41.4,34.4,41.4,40.0,42.2,38.6,39.4,43.2,46.0,44.5,41.5,40.9,40.9,39.8,42.9,38.6,45.6,42.7,42.7,38.0,39.2,33.9,37.8,43.2,36.1,39.9,36.3
7618,46.7,46.0,47.5,47.8,45.9,47.4,47.8,45.7,47.7,45.8,47.6,47.4,48.0,45.4,47.7,47.6,46.3,43.6,47.3,47.5,46.3,46.6,48.5,43.6,44.6,46.6,47.2,46.5,44.3,48.3,46.3,47.0,40.2,41.8,40.4,41.3,52.2,46.1,48.5,45.7,47.2,53.3,43.5,42.7,46.5,49.0,42.2,46.7,54.4,41.2,51.5,45.7,47.3,44.4,40.7,40.5,42.2,43.5,40.6,40.5,43.2,37.8,43.8,45.5,44.3,42.0,43.0,46.0,49.1,47.4,47.3,47.8,46.2,44.7,47.4,43.7,48.5,45.4,45.9,43.2,43.8,38.9,40.7,45.6,40.1,43.6,40.1
7619,51.2,48.9,50.3,52.7,49.4,50.5,50.9,49.3,50.2,48.2,50.0,50.2,50.5,47.9,50.8,49.9,49.4,46.0,49.8,49.7,49.4,49.2,51.5,46.8,48.9,50.1,49.5,49.8,47.2,50.9,49.3,49.5,43.8,45.2,43.5,44.5,55.8,49.0,53.1,49.3,50.6,55.8,48.2,46.0,50.9,52.5,47.2,50.2,58.2,45.9,55.8,49.4,52.3,48.1,43.6,42.7,45.0,46.3,43.2,42.4,45.0,41.1,45.8,49.7,46.6,44.9,46.4,48.3,51.7,49.9,52.6,52.9,50.8,47.9,51.1,47.9,50.8,47.6,48.5,47.5,47.7,44.2,43.1,47.5,43.7,46.7,43.0
7620,54.7,51.1,52.3,56.3,52.1,52.9,53.4,52.0,52.1,50.3,51.8,52.3,52.3,49.9,53.1,51.7,51.8,47.5,51.6,51.2,51.7,51.1,53.9,49.5,52.3,52.9,51.7,52.4,49.5,52.8,51.8,51.6,46.8,47.8,46.0,46.9,58.5,51.2,56.7,52.0,53.4,57.6,52.0,48.7,54.3,54.6,50.8,52.9,61.1,49.5,59.2,52.4,56.3,50.7,45.7,44.6,46.9,48.4,45.6,44.1,46.2,43.8,47.6,52.6,49.0,46.8,49.2,50.4,53.6,51.7,56.5,56.6,54.1,50.7,53.8,51.0,52.6,49.2,50.5,50.9,50.8,48.1,45.5,48.8,46.5,49.1,45.4
7621,57.0,52.3,53.5,58.6,54.1,54.8,55.4,53.9,53.3,51.9,53.0,53.8,53.6,51.4,55.0,53.1,53.4,48.7,52.9,52.4,53.5,52.5,55.6,51.3,54.8,54.9,53.4,54.1,51.4,54.1,53.6,53.0,49.0,49.5,47.6,48.5,60.6,52.7,59.3,53.8,55.7,58.6,54.6,50.7,56.4,56.0,53.6,54.9,63.1,52.0,61.4,54.7,59.2,52.3,47.0,45.9,48.2,49.8,47.2,45.5,47.2,46.0,49.1,54.5,51.3,48.5,51.3,52.0,55.0,53.0,58.9,59.1,56.0,52.3,55.7,53.0,53.6,50.6,52.1,53.4,53.0,51.1,47.2,49.7,48.6,50.8,47.2
7622,57.6,53.0,53.9,60.3,55.3,55.9,56.5,54.9,54.1,52.8,53.8,54.8,54.4,52.5,55.9,53.9,54.6,49.3,53.5,52.8,54.6,53.4,56.6,52.6,56.3,56.0,54.4,55.0,52.4,55.0,54.9,53.6,50.1,50.7,48.7,49.4,61.7,53.2,60.7,54.9,57.3,59.0,56.2,52.2,57.6,56.9,55.2,55.8,64.2,53.5,62.6,56.0,60.9,52.1,47.6,46.7,48.8,50.6,48.3,45.9,47.8,47.5,49.7,55.6,52.6,49.2,52.4,52.9,55.8,53.7,60.3,60.1,57.3,53.3,56.7,54.3,54.4,51.1,53.1,54.9,54.3,52.7,48.1,49.9,50.0,51.8,48.4
7623,57.5,52.4,53.4,61.2,55.7,56.3,57.0,55.2,54.1,53.0,53.9,55.1,54.6,52.8,56.3,54.2,54.6,49.2,53.4,52.6,54.8,53.6,56.8,52.8,56.5,56.2,54.6,55.3,52.6,55.3,55.3,53.5,50.5,51.1,49.1,49.6,61.8,52.6,61.5,55.1,58.1,58.3,56.8,52.6,57.6,56.8,55.9,55.8,64.2,53.8,62.8,56.4,61.7,52.4,47.9,46.5,49.1,50.7,48.9,45.7,47.6,48.2,49.7,55.8,53.3,49.0,52.8,53.2,56.0,53.9,60.5,60.7,56.9,53.6,56.6,54.3,54.4,51.0,53.2,55.4,54.9,53.3,48.4,49.5,50.5,52.1,48.6
7624,55.5,49.6,50.2,60.9,55.0,55.6,56.3,54.5,53.1,52.0,53.1,54.7,53.5,52.2,55.4,53.3,54.0,47.6,52.4,51.3,54.1,52.9,56.0,52.1,56.3,55.7,53.9,54.5,51.7,54.6,54.6,52.5,49.9,50.4,48.6,48.8,60.1,50.1,61.0,53.8,58.0,55.4,56.5,51.9,55.7,54.5,55.3,54.2,62.5,53.5,62.2,55.4,61.3,49.4,47.0,45.1,48.1,49.8,48.6,44.0,46.3,48.1,48.1,54.3,53.0,47.4,51.9,52.7,55.1,52.7,59.8,61.0,55.4,53.1,55.0,53.4,53.3,49.7,52.5,55.0,54.2,52.9,47.6,48.3,50.1,51.4,48.0
7625,48.0,44.5,42.9,58.5,52.3,53.5,53.7,51.4,50.3,49.1,50.3,52.7,50.2,50.1,52.9,50.7,50.6,44.5,49.5,48.0,51.1,50.2,53.1,49.4,53.5,52.9,51.9,51.6,48.6,51.8,52.0,49.3,46.9,47.3,46.4,46.3,54.2,44.9,58.8,49.3,55.8,48.3,53.9,48.6,49.6,49.0,51.9,49.0,56.1,50.4,59.8,52.2,58.7,42.8,44.7,42.4,45.1,46.8,46.9,41.0,44.8,46.4,45.5,49.2,51.1,44.2,48.5,50.6,52.2,49.6,56.6,58.6,49.8,50.1,49.3,50.1,50.1,47.0,49.6,52.5,51.5,50.3,44.4,46.2,47.6,48.5,44.8
7626,43.3,41.3,39.5,52.7,48.2,50.2,50.2,47.1,48.5,46.6,48.0,50.0,47.3,47.5,49.5,48.5,46.1,42.6,46.9,45.9,47.3,47.4,49.1,46.0,47.5,47.9,50.0,48.0,44.9,48.3,48.6,46.4,42.8,43.4,43.8,42.4,49.6,41.5,53.2,45.1,53.1,44.9,47.9,43.0,46.4,44.9,47.8,44.7,51.6,44.2,54.5,49.7,51.2,39.8,42.4,40.7,42.5,44.0,44.4,39.6,43.7,43.2,43.6,44.7,48.9,41.8,44.9,48.7,49.3,47.1,49.6,51.4,44.5,45.1,45.3,44.5,47.6,45.0,46.6,46.3,46.7,45.5,39.3,45.0,43.8,45.4,41.0
7627,40.3,39.4,37.1,48.8,45.9,48.6,48.3,44.5,47.3,45.3,46.5,47.9,46.0,45.8,47.7,47.0,43.6,41.6,45.1,44.3,45.2,45.9,47.4,44.3,44.5,45.7,48.5,46.0,43.0,46.8,46.3,45.3,40.6,41.7,42.1,40.5,47.2,39.7,49.6,41.9,49.8,43.4,44.8,40.5,43.8,41.8,44.2,42.0,47.5,41.3,50.4,47.9,46.2,38.2,41.4,39.2,41.2,42.5,42.6,38.7,42.9,40.8,42.1,41.6,47.3,40.1,43.4,47.3,47.7,45.6,46.8,47.0,41.9,41.7,42.9,42.3,46.0,43.8,45.2,42.6,44.4,42.1,38.0,43.7,41.4,43.4,38.8
7628,38.4,38.0,35.4,45.7,44.3,47.5,46.8,42.9,46.3,44.3,45.1,46.4,45.1,44.8,46.5,46.1,42.1,40.6,44.0,43.4,43.9,44.7,46.2,43.3,42.9,44.1,47.2,44.5,41.6,45.8,44.6,44.5,39.1,40.3,40.9,39.3,45.1,38.3,47.6,40.1,48.4,42.0,42.6,39.2,41.6,40.2,41.1,39.9,44.0,38.9,47.6,45.7,43.6,36.8,40.4,38.2,40.0,41.6,41.0,37.8,42.4,39.3,40.9,39.4,45.9,38.5,42.0,46.2,46.3,44.5,44.8,44.5,39.9,39.9,40.8,40.2,44.8,42.9,44.0,40.5,42.8,40.1,37.4,42.8,39.6,42.0,37.4
7629,36.4,37.1,34.6,43.7,43.2,46.4,45.7,41.7,45.4,43.7,44.1,45.2,43.9,43.7,45.4,45.2,41.4,39.9,43.3,42.6,43.0,43.7,45.3,42.3,41.8,43.0,46.0,43.2,40.7,44.9,43.6,43.9,38.0,38.9,39.9,38.6,43.7,37.2,45.8,37.9,46.9,40.8,40.9,38.4,40.1,39.2,38.7,38.4,41.7,37.3,45.5,44.0,42.2,35.6,39.5,37.1,38.7,40.7,40.1,37.1,41.6,38.4,40.2,37.2,44.6,37.6,40.9,45.3,45.5,43.6,43.2,42.8,37.9,38.8,39.0,38.6,43.8,42.3,43.1,39.2,41.6,38.4,37.1,42.1,38.5,40.7,36.3
7630,35.1,36.4,33.9,42.3,42.2,45.4,44.5,40.5,44.5,43.0,43.2,44.4,43.0,43.1,44.4,44.5,40.7,39.1,42.4,41.9,42.1,42.9,44.6,41.6,40.4,42.1,45.3,42.3,39.7,44.1,42.7,43.1,37.0,37.9,38.8,37.7,42.5,36.3,44.4,36.9,46.0,40.3,39.6,37.7,38.5,38.3,36.8,37.0,39.7,36.0,43.8,42.3,40.4,34.5,39.0,36.4,38.1,39.9,39.6,36.7,41.0,37.4,39.3,35.7,43.7,36.5,39.9,44.4,44.6,42.7,41.8,41.0,36.3,37.6,37.6,37.2,42.9,41.5,42.4,38.1,40.4,36.7,36.8,41.3,37.4,39.7,35.4
7631,33.7,35.8,33.2,41.1,41.4,44.4,43.6,40.2,43.7,42.3,42.4,43.4,42.1,42.4,43.5,43.8,40.0,38.5,41.6,41.4,41.4,42.1,43.9,40.6,39.5,41.3,44.6,41.6,39.1,43.6,41.9,42.6,36.2,37.0,38.0,37.0,41.8,35.8,43.5,35.9,44.6,39.7,38.6,36.7,37.2,37.1,35.4,35.8,38.3,35.0,42.2,40.8,38.9,33.3,38.3,35.8,37.6,39.3,39.0,36.0,40.5,36.6,38.7,34.1,43.0,35.8,38.9,43.7,43.8,42.2,40.2,39.5,34.9,36.5,36.5,35.9,42.4,40.9,41.8,37.3,39.6,35.7,36.0,40.8,36.8,39.0,34.7
7632,32.7,35.3,32.5,39.9,40.8,43.8,43.0,39.6,43.1,41.7,41.7,42.5,41.6,41.8,42.9,43.1,39.6,38.0,40.9,40.8,40.7,41.3,43.2,39.7,39.0,40.7,43.9,40.8,38.6,42.7,41.3,42.1,35.4,36.2,37.0,36.1,40.9,35.2,42.4,35.1,43.4,39.0,37.3,36.2,35.9,36.3,34.2,34.8,37.1,33.7,41.0,39.6,37.6,32.2,38.0,35.3,37.3,38.6,38.4,35.6,40.1,35.8,38.3,32.8,42.2,35.1,38.2,43.1,43.1,41.4,38.4,38.5,33.4,35.5,35.6,34.7,41.7,40.3,41.3,36.3,38.9,34.3,35.6,40.3,35.9,38.2,33.9
7633,31.6,34.9,31.9,39.2,40.1,43.0,42.1,39.0,42.4,41.2,41.2,41.7,41.0,41.2,42.1,42.6,39.3,37.6,40.2,40.1,40.1,40.7,42.7,39.0,38.3,40.1,43.5,40.2,38.0,42.1,40.8,41.6,34.6,35.3,36.2,35.2,40.0,34.6,41.4,34.3,42.2,38.5,36.3,35.1,35.0,35.6,33.2,33.8,35.8,32.6,40.1,38.5,36.3,31.8,37.8,34.8,37.0,38.0,37.8,35.2,39.7,35.0,37.8,31.6,41.6,34.3,37.3,42.5,42.4,40.7,36.7,37.5,32.3,34.5,34.6,33.8,41.1,39.9,40.7,35.6,38.0,33.4,34.9,39.7,35.0,37.8,33.4
7634,30.6,34.2,31.4,38.3,39.5,42.2,41.3,38.1,41.5,40.5,40.5,41.1,40.5,40.8,41.5,42.0,38.7,37.2,39.6,39.6,39.5,40.4,42.1,38.3,37.3,39.4,42.8,39.5,37.7,41.7,40.1,40.9,34.1,34.6,35.5,34.6,39.5,34.1,40.7,33.5,41.2,38.0,35.4,34.2,34.0,34.6,32.5,33.2,34.5,31.9,39.2,37.7,35.0,31.3,37.2,34.5,36.8,37.6,37.1,34.8,39.3,34.4,37.4,30.9,41.2,33.9,36.6,41.8,41.6,40.2,35.6,36.5,31.4,33.3,33.6,32.9,40.7,39.4,40.2,34.8,37.2,32.5,34.6,39.4,34.2,37.1,32.9
7635,30.1,34.1,30.8,37.8,38.8,41.3,40.7,37.9,40.9,39.9,40.0,40.4,39.9,40.3,40.9,41.6,38.2,36.7,39.1,39.2,38.9,39.8,41.9,37.7,36.7,38.8,42.2,38.8,37.2,41.1,39.6,40.5,33.4,34.2,35.1,33.9,38.6,33.9,39.8,32.7,40.2,37.6,34.7,33.4,33.3,34.0,31.7,32.3,33.5,31.2,38.2,36.8,34.0,30.6,36.9,34.2,36.3,37.3,36.8,34.7,38.9,33.9,37.3,29.9,40.7,33.5,36.0,41.4,41.0,39.8,34.1,35.7,31.0,32.9,33.0,32.3,40.2,38.9,39.7,34.2,36.7,31.7,34.1,39.0,33.7,36.4,32.4
7636,29.0,33.7,30.5,37.1,38.3,41.1,40.3,37.3,40.3,39.6,39.5,39.9,39.4,39.7,40.4,41.0,37.6,36.3,38.7,38.8,38.3,39.4,41.2,36.9,36.3,38.3,41.8,38.4,36.7,40.7,38.8,40.2,32.7,33.7,34.4,33.4,38.1,33.8,39.0,32.0,39.4,37.3,33.9,32.8,32.5,33.4,30.9,31.6,33.0,30.4,37.4,36.1,33.2,30.1,36.6,33.8,36.1,36.9,36.5,34.2,38.6,33.3,36.8,29.4,40.3,33.1,35.4,40.8,40.5,39.2,33.0,35.2,30.2,32.4,32.3,31.5,39.9,38.3,39.2,33.3,35.8,30.9,34.1,38.7,33.1,36.1,32.1
7637,28.3,33.6,30.3,36.3,37.9,40.3,39.9,37.2,39.9,39.2,39.1,39.4,38.9,39.2,39.8,40.8,37.2,36.3,38.3,38.4,37.8,39.0,40.8,36.4,35.8,37.9,41.1,38.0,36.4,40.4,38.5,39.7,32.2,33.4,34.1,33.1,37.4,33.4,38.2,31.5,38.5,37.0,32.9,32.1,31.9,33.0,30.2,31.0,32.1,29.6,36.6,35.6,32.5,29.8,36.1,33.5,35.7,36.6,36.1,34.0,38.2,32.9,36.8,28.7,40.0,32.7,34.6,40.4,40.0,38.8,31.6,34.5,29.6,31.9,31.6,30.9,39.3,37.8,38.7,32.7,35.2,30.0,33.8,38.5,32.6,35.7,31.5
7638,27.9,33.1,30.0,35.7,37.4,40.0,39.4,36.9,39.4,38.7,38.7,39.0,38.6,38.8,39.2,40.5,36.7,36.2,37.9,38.1,37.5,38.7,40.3,36.0,35.0,37.2,40.8,37.6,36.1,40.2,38.2,39.4,31.8,33.0,33.8,32.8,36.7,33.1,37.7,30.9,37.6,36.7,32.5,31.4,31.4,32.3,29.7,30.4,31.5,29.1,36.0,35.0,31.7,29.1,35.7,33.5,35.3,36.4,35.7,33.9,38.0,32.6,36.9,27.9,39.7,32.5,34.2,40.0,39.6,38.5,30.6,33.9,29.0,31.3,31.1,30.4,38.9,37.5,38.2,32.0,34.5,29.4,33.3,38.2,32.2,35.2,31.1
7639,28.1,33.3,30.4,35.2,36.8,39.5,38.8,36.4,39.1,38.4,38.6,38.9,38.4,38.4,38.9,40.1,36.4,35.9,37.9,38.2,37.2,38.4,40.0,35.4,34.3,36.7,40.7,37.2,36.0,39.8,37.8,39.1,31.3,32.7,33.7,32.6,37.1,33.3,37.3,30.7,37.3,37.7,32.0,31.0,31.4,32.7,29.2,30.8,31.4,28.5,35.4,34.9,30.9,29.3,35.5,33.3,34.9,36.3,35.5,33.7,37.9,32.2,36.7,27.9,39.5,32.4,33.8,39.5,39.3,38.1,30.0,33.5,29.0,31.0,31.0,29.9,38.8,37.5,37.9,31.5,33.9,29.0,33.1,38.2,31.6,35.1,30.9
7640,34.2,36.8,35.9,35.6,37.7,40.1,39.8,37.6,40.9,39.7,40.9,40.4,40.9,39.4,39.9,41.6,38.4,37.6,40.3,41.2,38.7,40.0,41.3,36.2,34.7,37.8,41.6,38.5,37.5,41.5,38.8,41.3,31.9,33.8,34.4,33.7,42.1,36.6,37.9,35.7,39.5,43.5,32.8,33.5,35.5,37.9,32.6,36.5,40.2,29.6,38.0,37.4,35.2,33.3,35.3,34.5,35.4,36.9,35.5,34.9,38.9,32.0,37.9,33.2,40.1,33.9,35.4,40.3,42.0,40.7,34.6,34.0,34.5,33.6,36.9,32.0,41.7,39.4,39.4,32.2,34.6,29.1,33.5,39.9,32.0,36.1,31.9
7641,40.4,41.7,42.2,41.3,41.6,43.6,43.6,41.6,44.2,42.7,44.3,43.8,44.5,42.3,43.7,44.5,42.5,40.7,43.9,44.3,42.5,43.5,44.8,39.5,39.4,42.2,44.1,42.2,40.8,44.8,42.5,44.0,35.7,37.3,36.9,37.2,47.5,41.8,42.9,40.8,42.9,48.9,37.5,38.4,40.7,43.6,36.6,41.9,47.9,35.2,45.8,41.4,41.1,38.8,37.5,37.1,38.4,40.1,37.3,37.5,40.8,33.9,40.9,39.5,41.8,37.9,39.2,43.0,45.6,44.2,40.9,40.4,40.3,39.2,42.5,38.1,45.2,42.3,42.5,37.3,38.6,33.3,37.1,42.4,35.5,39.5,35.8
7642,45.9,45.6,46.9,47.4,45.4,46.9,47.2,45.3,47.3,45.5,47.2,47.1,47.6,45.1,47.1,47.2,46.0,43.1,46.9,47.1,45.9,46.3,48.2,43.0,44.0,46.0,46.9,46.0,43.9,48.0,45.9,46.6,39.7,41.2,39.9,40.7,51.9,45.6,48.1,45.1,46.6,52.8,42.8,42.2,45.9,48.2,41.6,46.2,53.8,40.6,50.9,45.4,46.7,43.9,40.1,39.9,41.5,43.0,40.0,39.9,42.6,37.2,43.3,45.1,43.9,41.3,42.8,45.7,48.7,47.1,46.7,47.4,45.7,44.1,47.0,43.0,48.1,45.0,45.5,42.6,43.1,38.3,40.1,44.8,39.6,43.2,39.5
7643,50.5,48.4,49.8,52.3,48.9,49.9,50.3,48.8,49.8,47.8,49.6,49.9,50.1,47.5,50.1,49.5,49.0,45.4,49.4,49.3,48.8,48.8,51.1,46.2,48.4,49.5,49.2,49.3,46.7,50.5,48.8,49.2,43.3,44.5,42.9,43.8,55.4,48.4,52.5,48.6,49.9,55.3,47.6,45.4,50.3,51.7,46.6,49.7,57.6,45.3,55.3,49.0,51.8,47.6,42.9,42.1,44.3,45.7,42.7,41.9,44.4,40.5,45.2,49.2,46.2,44.1,46.1,48.0,51.2,49.5,51.9,52.5,50.2,47.2,50.6,47.3,50.4,47.2,48.1,47.0,47.1,43.6,42.5,46.8,43.3,46.2,42.3
7644,53.9,50.6,51.7,55.8,51.6,52.3,52.8,51.4,51.6,49.8,51.3,51.9,51.9,49.4,52.5,51.4,51.2,46.9,51.2,50.8,51.1,50.8,53.4,48.8,51.7,52.3,51.3,51.8,49.0,52.4,51.2,51.2,46.3,47.1,45.4,46.2,58.1,50.6,56.2,51.4,52.8,57.0,51.4,48.1,53.6,53.7,50.2,52.3,60.4,48.9,58.6,52.0,55.8,50.2,44.9,44.0,46.1,47.8,45.0,43.5,45.7,43.2,47.0,52.2,48.6,46.1,48.8,50.0,53.1,51.3,56.0,56.1,53.3,50.0,53.4,50.3,52.2,48.8,50.0,50.5,50.3,47.5,44.7,48.1,46.1,48.5,44.7
7645,56.3,51.8,53.1,58.0,53.6,54.3,54.7,53.3,52.9,51.3,52.6,53.4,53.2,50.9,54.4,52.7,52.8,48.1,52.5,52.0,53.0,52.1,55.0,50.7,54.2,54.4,52.9,53.5,50.8,53.7,53.0,52.7,48.4,48.9,46.9,47.7,60.0,52.1,58.8,53.2,55.0,58.0,54.0,50.1,55.7,55.1,52.9,54.4,62.5,51.3,60.9,54.2,58.6,51.8,46.2,45.2,47.4,49.1,46.7,44.8,46.6,45.4,48.4,54.0,50.8,47.8,50.8,51.5,54.6,52.5,58.4,58.5,55.3,51.7,55.3,52.4,53.2,50.2,51.5,52.9,52.5,50.5,46.4,49.0,48.1,50.2,46.5
7646,56.9,52.5,53.4,59.7,54.9,55.3,56.0,54.4,53.7,52.2,53.3,54.3,54.0,52.0,55.3,53.5,54.0,48.7,53.0,52.4,54.0,53.0,56.1,52.0,55.7,55.5,53.8,54.5,51.8,54.6,54.4,53.2,49.6,50.1,48.0,48.8,61.2,52.6,60.2,54.3,56.6,58.3,55.6,51.5,56.9,56.0,54.6,55.2,63.6,52.8,62.2,55.4,60.3,51.7,46.9,46.1,48.1,49.9,47.7,45.3,47.2,46.8,49.0,55.1,52.2,48.4,52.1,52.4,55.3,53.3,59.8,59.6,56.6,52.7,56.3,53.6,54.0,50.7,52.5,54.4,53.9,52.1,47.4,49.1,49.6,51.2,47.7
7647,56.9,51.9,52.8,60.4,55.3,55.9,56.4,54.6,53.6,52.4,53.4,54.7,54.1,52.2,55.7,53.7,54.1,48.6,53.0,52.2,54.3,53.2,56.3,52.3,55.9,55.7,54.1,54.7,52.1,54.9,54.8,53.0,50.0,50.4,48.4,49.1,61.2,52.1,61.0,54.4,57.4,57.6,56.2,51.9,57.1,55.9,55.3,55.3,63.6,53.1,62.4,55.8,61.1,51.9,47.1,45.8,48.4,50.0,48.3,45.0,47.0,47.5,48.9,55.2,52.9,48.3,52.4,52.7,55.5,53.3,60.1,60.0,56.3,53.0,56.1,53.7,53.9,50.5,52.7,54.9,54.5,52.8,47.7,48.8,50.1,51.4,47.9
7648,54.7,49.1,49.6,60.2,54.5,55.1,55.7,54.0,52.6,51.5,52.6,54.2,53.0,51.7,54.8,52.9,53.5,46.9,51.9,50.8,53.6,52.4,55.5,51.6,55.7,55.2,53.4,54.0,51.1,54.2,54.0,52.1,49.5,49.9,48.0,48.1,59.6,49.4,60.4,53.2,57.3,54.7,55.8,51.2,54.9,53.8,54.7,53.7,61.9,52.8,61.8,54.9,60.7,48.8,46.2,44.4,47.3,49.1,48.0,43.3,45.7,47.4,47.2,53.7,52.6,46.7,51.5,52.2,54.7,52.1,59.5,60.4,54.7,52.5,54.5,52.7,52.9,49.2,51.9,54.5,53.7,52.4,46.9,47.6,49.7,50.8,47.3
7649,47.1,44.0,42.3,57.8,51.8,52.9,53.1,50.9,49.8,48.6,49.8,52.2,49.8,49.6,52.3,50.3,50.2,43.9,49.1,47.5,50.5,49.8,52.7,48.9,52.8,52.4,51.5,51.0,48.0,51.3,51.4,48.9,46.3,46.7,45.8,45.7,53.7,44.3,58.2,48.6,55.2,47.7,53.2,47.9,48.8,48.3,51.4,48.5,55.5,49.8,59.4,51.7,58.2,42.2,44.0,41.8,44.3,46.1,46.3,40.3,44.3,45.7,44.7,48.7,50.7,43.6,48.1,50.1,51.7,49.1,56.2,58.0,49.0,49.4,48.7,49.5,49.7,46.6,49.1,51.9,50.9,49.8,43.7,45.7,47.1,47.9,44.1
7650,42.5,40.8,38.8,52.1,47.7,49.6,49.7,46.6,48.1,46.0,47.6,49.6,47.0,47.1,48.9,48.1,45.6,42.1,46.6,45.5,46.8,47.0,48.7,45.4,46.9,47.3,49.5,47.5,44.5,47.9,48.2,46.1,42.2,42.9,43.3,41.8,49.1,40.9,52.7,44.4,52.5,44.4,47.3,42.5,45.7,44.2,47.3,44.3,51.1,43.7,54.0,49.2,50.7,39.1,41.7,40.1,41.9,43.5,43.9,39.0,43.1,42.6,43.0,44.2,48.5,41.3,44.6,48.2,48.8,46.7,49.4,50.8,43.9,44.6,44.8,43.9,47.3,44.6,46.2,45.7,46.2,45.0,38.8,44.4,43.3,44.8,40.4
7651,39.5,38.8,36.5,48.3,45.5,47.9,47.7,44.0,46.7,44.9,46.1,47.6,45.7,45.4,47.2,46.7,43.3,41.1,44.8,44.0,44.8,45.5,47.0,43.8,43.8,45.0,48.0,45.5,42.6,46.4,45.9,44.9,40.1,41.2,41.6,40.0,46.8,39.3,49.1,41.3,49.2,42.9,44.3,40.0,43.2,41.1,43.8,41.6,46.9,40.8,50.1,47.4,45.7,37.5,40.8,38.7,40.7,42.0,42.1,38.1,42.4,40.3,41.6,41.2,47.0,39.5,43.1,46.8,47.3,45.2,46.4,46.4,41.3,41.2,42.5,41.8,45.8,43.5,44.8,41.9,43.9,41.5,37.5,43.2,40.9,42.9,38.2
7652,37.7,37.6,34.8,45.1,43.8,46.9,46.1,42.4,45.8,43.9,44.8,46.0,44.8,44.4,45.9,45.7,41.9,40.2,43.7,43.0,43.5,44.4,45.8,42.8,42.4,43.5,46.7,44.0,41.2,45.5,44.3,44.1,38.6,39.9,40.5,38.8,44.8,37.8,47.0,39.5,47.8,41.4,42.1,38.8,41.1,39.6,40.7,39.5,43.6,38.5,47.2,45.4,43.2,36.2,39.8,37.7,39.5,41.1,40.6,37.2,41.9,38.9,40.4,39.0,45.6,38.0,41.6,45.7,46.0,44.2,44.4,44.0,39.4,39.5,40.5,39.8,44.5,42.6,43.7,39.8,42.3,39.5,36.9,42.3,39.1,41.5,36.9
7653,35.9,36.6,34.0,43.1,42.7,45.8,45.0,41.2,45.0,43.4,43.8,44.9,43.6,43.4,44.8,44.8,41.1,39.5,43.0,42.3,42.6,43.4,44.9,41.8,41.3,42.4,45.6,42.7,40.3,44.6,43.3,43.5,37.5,38.5,39.4,38.2,43.4,36.7,45.3,37.4,46.3,40.3,40.4,37.9,39.6,38.8,38.3,38.0,41.3,36.9,45.2,43.6,41.8,35.0,39.0,36.7,38.3,40.1,39.8,36.5,41.1,38.0,39.8,36.8,44.3,37.2,40.6,44.8,45.1,43.3,42.9,42.2,37.4,38.2,38.7,38.2,43.4,41.9,42.8,38.5,41.1,37.8,36.7,41.6,38.0,40.3,35.8
7654,34.6,36.0,33.3,41.7,41.7,44.8,44.0,40.0,44.0,42.7,43.0,44.1,42.8,42.8,43.9,44.1,40.5,38.8,42.1,41.6,41.7,42.5,44.2,41.0,39.8,41.5,44.9,41.9,39.3,43.7,42.3,42.9,36.4,37.5,38.4,37.2,42.2,35.9,43.8,36.3,45.3,39.9,39.1,37.2,38.0,37.8,36.5,36.5,39.5,35.7,43.4,42.0,39.9,33.9,38.4,36.0,37.7,39.5,39.2,36.2,40.5,37.0,39.0,35.3,43.4,36.2,39.6,44.1,44.2,42.5,41.4,40.5,35.9,37.1,37.4,36.7,42.6,41.2,42.1,37.4,39.9,36.1,36.4,40.9,37.0,39.3,34.9
7655,33.1,35.4,32.6,40.5,41.0,43.9,43.1,39.7,43.2,42.0,42.2,43.1,41.9,42.1,43.0,43.4,39.7,38.2,41.3,41.1,41.0,41.8,43.4,40.0,39.0,40.8,44.2,41.2,38.8,43.3,41.6,42.3,35.7,36.5,37.5,36.5,41.3,35.4,42.9,35.4,44.0,39.2,38.1,36.3,36.6,36.6,35.2,35.4,38.0,34.7,42.0,40.6,38.5,32.7,37.9,35.5,37.3,38.8,38.6,35.6,40.0,36.2,38.5,33.9,42.7,35.6,38.6,43.4,43.5,41.9,39.7,39.0,34.6,36.1,36.2,35.6,42.1,40.5,41.4,36.6,39.0,35.0,35.7,40.4,36.2,38.5,34.1
7656,32.2,34.9,32.0,39.3,40.3,43.2,42.4,39.1,42.7,41.4,41.5,42.2,41.4,41.4,42.4,42.7,39.3,37.7,40.7,40.5,40.3,41.0,42.7,39.2,38.4,40.2,43.6,40.4,38.3,42.4,40.9,41.8,34.8,35.7,36.5,35.7,40.4,34.8,41.9,34.6,42.9,38.6,36.8,35.8,35.4,35.9,34.0,34.4,36.8,33.4,40.8,39.4,37.2,31.7,37.5,34.9,37.0,38.2,38.1,35.2,39.6,35.5,38.0,32.6,41.9,34.8,37.9,42.7,42.8,41.0,37.9,38.0,33.0,35.0,35.4,34.4,41.4,40.0,40.9,35.7,38.3,33.7,35.4,39.9,35.4,37.8,33.4
7657,31.0,34.5,31.5,38.5,39.7,42.5,41.6,38.4,42.0,40.7,41.0,41.4,40.8,40.9,41.7,42.2,38.8,37.3,40.0,39.8,39.7,40.4,42.2,38.5,37.7,39.6,43.1,39.7,37.7,41.8,40.3,41.3,34.1,34.8,35.7,34.8,39.7,34.2,41.0,34.0,41.7,38.0,35.8,34.7,34.5,35.1,33.0,33.6,35.5,32.4,39.8,38.3,35.9,31.3,37.4,34.4,36.7,37.7,37.4,34.8,39.3,34.8,37.7,31.4,41.3,34.2,37.2,42.2,42.1,40.4,36.4,37.1,31.8,34.2,34.5,33.5,40.8,39.5,40.3,34.9,37.4,32.8,34.8,39.4,34.5,37.3,32.9
7658,30.1,33.9,31.0,37.7,39.0,41.7,40.8,37.6,41.1,40.1,40.3,40.8,40.3,40.4,41.0,41.6,38.2,37.0,39.4,39.4,39.1,40.0,41.6,37.8,36.9,38.9,42.4,39.1,37.3,41.3,39.6,40.6,33.6,34.2,35.0,34.0,39.1,33.7,40.3,33.1,40.7,37.6,34.9,33.9,33.4,34.0,32.3,33.0,34.4,31.5,38.9,37.5,34.6,30.9,36.8,34.1,36.5,37.3,36.9,34.4,39.0,34.2,37.3,30.8,41.0,33.7,36.4,41.5,41.3,39.9,35.3,36.0,31.0,33.0,33.5,32.7,40.3,39.0,39.8,34.3,36.6,31.9,34.5,39.1,33.8,36.7,32.4
7659,29.6,33.8,30.5,37.1,38.3,40.8,40.2,37.4,40.5,39.6,39.8,40.2,39.6,39.8,40.5,41.2,37.8,36.5,38.8,38.9,38.4,39.5,41.3,37.2,36.2,38.3,41.9,38.4,36.8,40.8,39.1,40.2,33.0,33.7,34.5,33.4,38.2,33.5,39.4,32.4,39.8,37.3,34.2,33.1,32.7,33.5,31.5,32.0,33.5,30.9,38.0,36.6,33.5,30.2,36.5,33.8,36.1,37.0,36.5,34.3,38.5,33.7,37.1,29.7,40.5,33.4,35.8,41.1,40.7,39.4,33.8,35.3,30.6,32.5,32.9,32.1,39.9,38.5,39.2,33.6,36.1,31.2,33.9,38.7,33.3,36.0,31.9
7660,28.5,33.3,30.2,36.6,37.8,40.6,39.8,36.8,40.0,39.2,39.2,39.6,39.1,39.4,39.9,40.7,37.2,36.1,38.4,38.4,37.9,39.1,40.7,36.5,35.8,37.8,41.5,37.9,36.3,40.4,38.4,39.8,32.3,33.1,34.0,32.8,37.7,33.4,38.7,31.6,39.0,37.0,33.3,32.5,32.0,33.0,30.7,31.4,32.9,30.1,37.2,35.9,32.7,29.7,36.2,33.4,35.8,36.6,36.2,33.8,38.3,33.1,36.7,29.2,40.1,33.0,35.1,40.5,40.2,38.8,32.6,34.7,29.7,32.1,32.2,31.4,39.5,38.0,38.7,32.8,35.3,30.5,33.9,38.4,32.7,35.6,31.6
7661,27.8,33.3,29.9,35.9,37.4,39.9,39.4,36.7,39.5,38.8,38.8,39.1,38.6,38.8,39.3,40.5,36.8,36.2,38.0,38.0,37.3,38.7,40.3,35.9,35.3,37.4,40.7,37.6,35.9,40.1,38.1,39.4,31.8,32.9,33.6,32.5,37.1,32.9,37.9,31.3,38.2,36.7,32.4,32.0,31.3,32.6,30.1,30.8,32.0,29.3,36.4,35.4,32.0,29.4,35.7,33.1,35.4,36.3,35.8,33.6,37.8,32.7,36.7,28.7,39.8,32.6,34.3,40.1,39.7,38.4,31.3,34.0,29.1,31.5,31.5,30.7,39.0,37.5,38.3,32.2,34.7,29.6,33.5,38.2,32.2,35.2,31.1
7662,27.5,32.7,29.6,35.3,36.9,39.5,38.9,36.4,39.0,38.3,38.4,38.7,38.4,38.4,38.7,40.1,36.3,36.1,37.6,37.8,37.1,38.3,39.9,35.5,34.5,36.7,40.3,37.2,35.6,39.9,37.7,39.0,31.3,32.5,33.3,32.3,36.5,32.6,37.4,30.7,37.2,36.3,32.0,31.1,30.8,32.0,29.6,30.3,31.5,28.8,35.6,34.9,31.3,28.8,35.3,33.2,35.1,36.2,35.4,33.5,37.7,32.3,36.8,27.8,39.5,32.4,33.9,39.6,39.2,38.1,30.2,33.3,28.5,31.0,31.2,30.2,38.6,37.2,37.8,31.6,34.0,29.0,33.0,37.9,31.8,34.7,30.6
7663,27.6,32.9,29.9,34.8,36.4,39.0,38.4,35.9,38.7,38.0,38.3,38.6,38.1,38.0,38.4,39.8,36.0,35.8,37.5,37.8,36.8,38.1,39.6,35.0,34.0,36.3,40.3,36.8,35.5,39.5,37.3,38.8,30.9,32.2,33.2,32.1,36.8,32.9,36.9,30.4,36.9,37.2,31.5,30.8,30.7,32.3,29.2,30.7,31.5,28.3,35.1,34.7,30.6,28.9,35.2,33.1,34.7,36.0,35.2,33.4,37.6,31.9,36.7,27.7,39.3,32.3,33.6,39.1,39.0,37.8,29.6,33.0,28.5,30.7,30.9,29.8,38.5,37.1,37.6,31.1,33.4,28.6,32.8,37.9,31.2,34.6,30.4
7664,33.7,36.3,35.2,35.1,37.2,39.6,39.3,37.0,40.4,39.2,40.5,40.0,40.5,38.9,39.4,41.2,37.9,37.4,39.8,40.7,38.2,39.5,40.7,35.6,34.2,37.3,41.1,38.0,37.0,41.1,38.3,40.8,31.4,33.1,33.8,33.1,41.6,36.1,37.5,35.3,39.0,43.0,32.2,33.2,34.9,37.3,32.4,36.2,39.8,29.4,37.5,37.1,34.8,32.7,35.0,34.1,35.1,36.5,35.2,34.5,38.5,31.8,37.7,32.9,40.0,33.6,35.0,39.8,41.6,40.2,34.2,33.5,33.8,33.0,36.5,31.7,41.3,39.0,38.9,31.8,34.0,28.6,33.2,39.5,31.5,35.5,31.3
7665,39.8,41.2,41.6,40.6,41.0,42.9,43.0,40.8,43.7,42.1,43.9,43.3,44.0,41.8,43.1,44.0,41.9,40.3,43.5,43.7,41.9,43.0,44.2,38.9,38.8,41.6,43.5,41.7,40.2,44.4,42.0,43.6,35.1,36.6,36.3,36.6,47.1,41.2,42.4,40.3,42.5,48.5,36.9,37.9,40.0,43.0,36.3,41.5,47.6,34.8,45.3,41.1,40.7,38.1,37.1,36.7,38.0,39.7,36.9,37.0,40.4,33.6,40.6,39.1,41.6,37.5,38.8,42.5,45.2,43.6,40.5,39.8,39.5,38.6,42.2,37.8,44.7,41.8,42.0,36.8,38.0,32.7,36.7,41.9,34.9,38.9,35.1
7666,45.2,45.1,46.3,46.8,44.8,46.2,46.6,44.5,46.7,44.9,46.7,46.6,47.0,44.5,46.4,46.7,45.4,42.8,46.4,46.4,45.3,45.7,47.6,42.3,43.5,45.4,46.2,45.5,43.2,47.4,45.3,46.1,39.0,40.4,39.3,39.9,51.5,45.1,47.7,44.6,46.1,52.2,42.3,41.6,45.1,47.6,41.2,45.9,53.4,40.2,50.4,45.1,46.2,43.2,39.7,39.4,41.1,42.6,39.6,39.3,42.2,36.8,43.0,44.6,43.7,40.8,42.4,45.2,48.2,46.4,46.2,47.0,44.9,43.5,46.6,42.6,47.5,44.4,44.9,41.9,42.5,37.7,39.7,44.3,38.9,42.5,38.7
7667,49.8,47.9,49.1,51.8,48.3,49.3,49.7,48.0,49.2,47.2,49.0,49.3,49.6,46.8,49.5,48.9,48.4,45.1,48.8,48.6,48.2,48.2,50.5,45.5,47.9,48.9,48.5,48.6,46.0,50.0,48.1,48.7,42.5,43.8,42.1,42.9,54.9,47.9,52.1,48.1,49.4,54.7,47.0,44.8,49.5,51.1,46.1,49.3,57.3,44.9,54.8,48.7,51.3,46.8,42.5,41.6,43.9,45.1,42.2,41.3,43.9,40.0,44.9,48.7,46.0,43.6,45.7,47.4,50.7,48.9,51.4,52.1,49.4,46.7,50.2,46.9,49.8,46.6,47.4,46.4,46.5,42.9,42.1,46.2,42.6,45.5,41.4
7668,53.3,50.1,51.2,55.3,50.9,51.7,52.2,50.7,50.9,49.2,50.8,51.3,51.3,48.8,52.0,50.7,50.6,46.6,50.5,50.1,50.5,50.0,52.8,48.2,51.2,51.8,50.6,51.1,48.2,51.9,50.5,50.6,45.6,46.4,44.5,45.3,57.5,50.0,55.8,50.9,52.2,56.4,50.9,47.5,52.9,53.1,49.8,52.0,60.2,48.4,58.1,51.6,55.3,49.4,44.5,43.5,45.6,47.3,44.5,42.9,45.3,42.6,46.6,51.7,48.4,45.5,48.5,49.4,52.6,50.6,55.5,55.6,52.6,49.4,52.9,49.9,51.6,48.2,49.4,49.9,49.6,46.8,44.2,47.4,45.4,47.8,43.7
7669,55.8,51.3,52.5,57.5,52.9,53.8,54.2,52.6,52.2,50.6,52.0,52.7,52.6,50.3,53.8,52.0,52.2,47.8,51.9,51.3,52.3,51.4,54.5,50.0,53.6,53.7,52.2,52.9,50.0,53.2,52.4,52.1,47.7,48.1,46.0,46.8,59.5,51.4,58.3,52.6,54.4,57.3,53.6,49.5,55.1,54.5,52.5,53.9,62.2,50.7,60.4,53.8,58.1,51.1,45.7,44.6,46.9,48.6,46.1,44.2,46.1,44.7,47.9,53.6,50.4,47.1,50.6,50.9,54.0,51.9,57.9,57.9,54.7,51.2,54.9,51.9,52.5,49.6,50.9,52.3,51.8,49.7,45.8,48.4,47.4,49.4,45.5
7670,56.5,51.9,52.8,59.1,54.2,54.8,55.5,53.7,52.9,51.5,52.7,53.7,53.4,51.3,54.9,52.8,53.4,48.3,52.4,51.7,53.4,52.4,55.5,51.3,55.2,54.9,53.1,53.9,51.1,54.0,53.7,52.6,48.9,49.3,47.1,47.9,60.6,51.9,59.7,53.7,55.9,57.7,55.2,50.9,56.3,55.3,54.0,54.8,63.2,52.2,61.7,55.0,59.8,51.1,46.5,45.4,47.7,49.4,47.1,44.6,46.7,46.2,48.4,54.7,51.9,47.8,51.8,51.8,54.8,52.6,59.3,58.9,55.9,52.2,55.9,53.1,53.3,50.0,51.9,53.7,53.2,51.3,46.7,48.5,48.9,50.5,46.7
7671,56.4,51.3,52.2,59.8,54.6,55.4,55.9,53.9,52.8,51.8,52.8,53.9,53.5,51.6,55.2,53.0,53.6,48.1,52.4,51.4,53.7,52.5,55.7,51.6,55.4,55.3,53.4,54.2,51.4,54.3,54.1,52.4,49.3,49.7,47.5,48.4,60.6,51.3,60.4,53.8,56.8,56.9,55.6,51.4,56.4,55.3,54.8,54.8,63.2,52.5,62.1,55.4,60.6,51.1,46.7,45.2,47.9,49.5,47.8,44.3,46.5,46.9,48.3,54.8,52.5,47.6,52.2,52.1,55.0,52.6,59.6,59.5,55.5,52.5,55.7,53.2,53.3,49.9,52.1,54.2,53.8,52.0,47.1,48.2,49.4,50.7,47.2
7672,54.0,48.3,48.9,59.7,53.9,54.6,55.2,53.3,51.8,50.8,51.9,53.5,52.3,51.1,54.3,52.2,52.8,46.4,51.3,50.1,53.0,51.6,55.0,50.9,55.1,54.6,52.8,53.4,50.5,53.6,53.4,51.5,48.7,49.1,47.2,47.4,58.8,48.7,59.9,52.5,56.7,54.0,55.2,50.7,54.2,53.0,54.2,53.2,61.4,52.2,61.4,54.5,60.2,48.0,45.7,43.7,46.8,48.6,47.5,42.6,45.1,46.8,46.6,53.2,52.3,46.0,51.2,51.5,54.1,51.4,59.0,59.7,54.0,52.0,54.0,52.2,52.3,48.6,51.3,53.7,53.0,51.5,46.2,46.9,49.0,50.1,46.5
7673,46.5,43.3,41.8,57.3,51.1,52.5,52.5,50.2,49.1,48.0,49.2,51.6,49.1,49.0,51.8,49.6,49.5,43.5,48.6,47.0,49.9,49.1,52.1,48.2,52.3,51.8,50.8,50.5,47.3,50.7,50.7,48.3,45.5,45.9,44.9,44.8,53.0,43.6,57.6,48.0,54.6,47.1,52.6,47.3,48.2,47.7,50.8,48.0,55.1,49.2,59.0,51.3,57.7,41.6,43.4,41.2,43.7,45.6,45.8,39.7,43.7,45.2,44.3,48.0,50.4,42.9,47.8,49.4,51.1,48.4,55.7,57.3,48.3,48.9,48.3,48.9,49.1,46.0,48.5,51.1,50.2,49.0,43.0,45.1,46.3,47.1,43.2
7674,42.0,40.3,38.4,51.5,47.1,49.1,49.1,45.9,47.4,45.4,47.0,49.0,46.5,46.4,48.4,47.5,45.0,41.9,46.0,45.0,46.2,46.4,48.2,44.9,46.4,46.8,48.9,46.9,43.9,47.4,47.5,45.6,41.5,42.3,42.4,41.1,48.6,40.4,52.1,43.9,51.9,43.9,46.7,42.1,45.1,43.6,46.8,43.9,50.7,43.3,53.6,48.8,50.1,38.6,41.2,39.6,41.4,43.0,43.4,38.5,42.6,42.1,42.6,43.8,48.2,40.7,44.3,47.5,48.2,46.0,48.7,50.2,43.4,44.0,44.6,43.4,46.9,44.1,45.6,45.1,45.6,44.3,38.3,43.8,42.7,44.1,39.6
7675,39.0,38.4,36.1,47.7,44.9,47.4,47.2,43.4,46.1,44.3,45.5,47.0,45.1,44.8,46.7,46.1,42.7,40.9,44.2,43.5,44.2,45.0,46.5,43.3,43.3,44.6,47.3,44.9,42.0,46.0,45.3,44.4,39.5,40.6,40.8,39.4,46.4,38.7,48.6,40.8,48.7,42.3,43.7,39.6,42.7,40.7,43.2,41.2,46.6,40.3,49.6,47.1,45.1,37.0,40.3,38.2,40.2,41.5,41.7,37.7,42.0,39.9,41.3,40.8,46.7,39.1,42.8,46.2,46.8,44.6,45.9,45.9,40.8,40.7,42.2,41.3,45.4,42.8,44.2,41.5,43.4,40.9,37.0,42.7,40.4,42.3,37.5
7676,37.3,37.2,34.4,44.7,43.4,46.4,45.7,42.0,45.2,43.3,44.2,45.5,44.2,43.9,45.4,45.1,41.4,39.9,43.2,42.6,43.0,43.8,45.4,42.3,42.0,43.1,46.1,43.5,40.7,45.0,43.8,43.6,38.1,39.3,39.8,38.3,44.4,37.4,46.6,39.0,47.4,41.0,41.5,38.4,40.7,39.3,40.3,39.2,43.3,38.0,46.8,45.0,42.7,35.7,39.4,37.3,39.0,40.6,40.2,36.8,41.5,38.5,40.2,38.5,45.4,37.7,41.4,45.1,45.6,43.6,43.9,43.4,38.9,39.0,40.2,39.3,44.2,42.0,43.1,39.3,41.8,38.9,36.5,41.9,38.6,41.0,36.2
7677,35.5,36.3,33.8,42.6,42.2,45.4,44.7,40.8,44.4,42.9,43.3,44.4,43.0,42.9,44.4,44.2,40.8,39.2,42.5,41.9,42.2,42.8,44.6,41.3,40.9,42.0,45.1,42.3,39.8,44.2,42.8,43.0,37.0,37.9,38.7,37.6,43.1,36.4,44.9,36.9,45.9,39.9,39.9,37.6,39.3,38.5,38.0,37.7,41.1,36.6,44.7,43.3,41.3,34.7,38.5,36.4,37.9,39.8,39.4,36.2,40.8,37.6,39.6,36.5,44.1,36.9,40.3,44.3,44.7,42.8,42.4,41.7,36.9,37.9,38.3,37.6,43.1,41.4,42.3,38.2,40.6,37.3,36.4,41.2,37.5,39.7,35.2
7678,34.4,35.6,33.0,41.3,41.3,44.4,43.6,39.7,43.4,42.1,42.5,43.5,42.2,42.3,43.5,43.5,40.1,38.5,41.6,41.2,41.4,42.0,43.9,40.5,39.5,41.1,44.4,41.5,38.9,43.3,42.0,42.4,36.0,37.0,37.8,36.7,41.9,35.5,43.4,35.9,44.9,39.4,38.6,36.9,37.6,37.5,36.2,36.1,39.2,35.3,43.0,41.6,39.4,33.6,38.0,35.7,37.3,39.1,38.9,35.9,40.2,36.7,38.7,34.9,43.3,36.0,39.4,43.5,43.8,42.0,40.9,40.1,35.6,36.7,37.0,36.2,42.3,40.6,41.6,37.1,39.4,35.7,36.1,40.6,36.6,38.8,34.3
7679,32.9,34.9,32.4,40.1,40.7,43.4,42.7,39.3,42.6,41.5,41.8,42.6,41.5,41.6,42.6,42.8,39.3,37.9,40.9,40.7,40.7,41.3,43.2,39.5,38.6,40.4,43.8,40.9,38.3,42.8,41.3,41.9,35.3,36.1,36.9,36.0,41.0,35.0,42.4,34.9,43.5,38.9,37.6,35.9,36.3,36.3,34.9,35.0,37.7,34.2,41.6,40.2,38.0,32.3,37.5,35.2,36.9,38.4,38.3,35.3,39.7,35.9,38.2,33.5,42.6,35.3,38.4,42.9,43.1,41.4,39.1,38.5,34.3,35.8,35.9,35.1,41.7,40.0,41.0,36.3,38.6,34.5,35.4,40.0,35.9,38.1,33.6
7680,32.0,34.3,31.8,38.9,39.9,42.8,42.1,38.8,42.1,40.9,41.1,41.7,41.0,41.0,42.1,42.2,38.9,37.4,40.2,40.1,40.0,40.5,42.5,38.7,38.0,39.9,43.1,40.1,37.8,42.1,40.6,41.3,34.5,35.2,36.0,35.2,40.2,34.4,41.4,34.2,42.4,38.2,36.4,35.5,35.0,35.6,33.7,34.0,36.5,33.0,40.4,39.2,36.7,31.4,37.1,34.7,36.6,37.8,37.8,34.9,39.3,35.2,37.7,32.1,41.7,34.5,37.7,42.3,42.4,40.6,37.4,37.6,32.6,34.7,35.1,34.0,41.0,39.5,40.5,35.5,37.9,33.4,35.2,39.5,35.0,37.3,32.8
7681,30.7,34.0,31.1,38.2,39.3,42.0,41.3,38.0,41.4,40.3,40.6,40.9,40.4,40.5,41.3,41.8,38.5,37.1,39.6,39.5,39.3,40.1,42.0,38.1,37.4,39.2,42.6,39.3,37.3,41.4,40.0,40.8,33.8,34.4,35.2,34.3,39.4,33.8,40.5,33.6,41.3,37.6,35.4,34.3,34.2,34.7,32.6,33.2,35.1,31.9,39.5,38.0,35.4,31.0,36.9,34.1,36.3,37.4,37.2,34.5,39.0,34.6,37.4,31.0,41.2,33.8,37.1,41.7,41.8,40.0,35.8,36.7,31.6,33.9,34.1,33.1,40.4,39.1,39.9,34.7,37.1,32.6,34.5,39.0,34.2,36.8,32.3
7682,29.8,33.5,30.6,37.4,38.7,41.3,40.5,37.3,40.6,39.7,39.9,40.4,39.9,40.0,40.6,41.3,37.9,36.8,39.0,39.0,38.7,39.6,41.4,37.4,36.6,38.6,42.0,38.7,36.9,41.0,39.3,40.1,33.4,33.8,34.6,33.6,38.8,33.4,39.9,32.7,40.3,37.2,34.7,33.5,33.1,33.8,32.0,32.5,34.0,31.1,38.6,37.1,34.1,30.7,36.4,33.8,36.0,36.9,36.6,34.0,38.6,34.0,37.0,30.5,40.9,33.4,36.3,41.0,41.0,39.5,34.8,35.6,30.7,32.6,33.2,32.2,40.1,38.6,39.3,34.0,36.3,31.6,34.3,38.7,33.5,36.2,31.9
7683,29.3,33.4,30.2,36.7,38.0,40.5,39.9,37.1,40.1,39.2,39.4,39.8,39.3,39.5,40.1,40.8,37.5,36.3,38.4,38.6,38.2,39.2,41.1,36.8,36.0,38.0,41.5,38.1,36.4,40.5,38.8,39.8,32.8,33.3,34.1,32.9,38.0,33.1,39.1,32.0,39.4,37.0,34.0,32.7,32.4,33.3,31.2,31.6,33.1,30.4,37.6,36.3,33.1,30.0,36.1,33.5,35.6,36.6,36.2,33.8,38.1,33.5,36.9,29.4,40.4,33.0,35.6,40.6,40.3,39.1,33.4,34.9,30.4,32.1,32.6,31.5,39.6,38.1,38.9,33.4,35.8,30.9,33.7,38.3,33.0,35.6,31.5
7684,28.2,33.1,30.0,36.2,37.6,40.2,39.4,36.4,39.6,38.8,38.9,39.3,38.7,38.9,39.6,40.3,37.0,36.0,38.0,38.1,37.6,38.8,40.4,36.2,35.6,37.6,41.1,37.7,36.0,40.1,38.1,39.5,32.1,32.8,33.6,32.3,37.4,33.0,38.2,31.2,38.5,36.7,33.1,32.1,31.7,32.6,30.4,31.0,32.5,29.6,36.7,35.6,32.2,29.5,35.9,33.1,35.4,36.2,35.9,33.4,37.9,32.9,36.5,28.8,40.0,32.6,35.0,40.1,39.9,38.5,32.3,34.3,29.4,31.7,31.9,30.7,39.2,37.6,38.3,32.7,35.0,30.2,33.7,38.1,32.5,35.2,31.2
7685,27.7,33.1,29.8,35.5,37.1,39.5,39.0,36.4,39.1,38.4,38.5,38.8,38.3,38.4,39.0,40.1,36.5,36.0,37.6,37.8,37.1,38.3,40.0,35.7,35.1,37.1,40.4,37.4,35.5,39.8,37.8,39.1,31.6,32.6,33.3,32.1,36.8,32.6,37.6,30.8,37.7,36.4,32.2,31.5,31.0,32.2,29.8,30.4,31.6,29.0,36.0,35.1,31.5,29.3,35.3,32.8,35.0,35.9,35.5,33.2,37.5,32.5,36.5,28.3,39.8,32.2,34.2,39.6,39.4,38.1,30.9,33.7,28.7,31.1,31.3,30.1,38.6,37.1,37.9,32.1,34.5,29.4,33.3,37.9,32.0,34.9,30.8
7686,27.5,32.6,29.5,34.9,36.6,39.2,38.5,36.1,38.7,38.0,38.2,38.5,38.1,38.0,38.4,39.8,36.0,35.9,37.3,37.5,36.8,38.0,39.5,35.3,34.4,36.4,40.0,37.0,35.3,39.6,37.4,38.7,31.1,32.4,33.0,31.9,36.2,32.3,37.1,30.3,36.8,35.9,31.8,30.7,30.6,31.7,29.3,29.9,31.2,28.4,35.2,34.6,30.8,28.7,34.9,32.8,34.6,35.7,35.1,33.2,37.3,32.2,36.6,27.5,39.4,32.0,33.8,39.2,38.9,37.8,29.9,33.0,28.2,30.6,30.9,29.7,38.3,36.8,37.5,31.4,33.9,28.8,32.9,37.7,31.6,34.3,30.4
7687,27.5,32.8,29.7,34.5,36.1,38.5,38.0,35.7,38.4,37.6,38.1,38.3,37.8,37.6,38.0,39.4,35.6,35.6,37.2,37.4,36.6,37.7,39.3,34.8,33.8,36.0,39.9,36.6,35.2,39.2,37.0,38.5,30.7,32.0,33.0,31.8,36.4,32.6,36.6,30.1,36.5,36.7,31.1,30.3,30.5,31.8,28.8,30.3,31.1,27.8,34.8,34.4,30.0,28.7,34.8,32.7,34.3,35.7,34.9,32.9,37.2,31.7,36.5,27.3,39.3,31.9,33.5,38.7,38.6,37.5,29.2,32.6,28.3,30.0,30.6,29.2,38.2,36.7,37.2,30.9,33.3,28.5,32.7,37.6,30.9,34.2,30.1
7688,33.5,36.1,34.9,34.7,37.0,39.1,38.8,36.7,39.9,38.8,40.1,39.6,40.0,38.4,38.9,40.7,37.5,37.1,39.4,40.1,37.8,39.0,40.3,35.4,34.0,36.9,40.7,37.6,36.5,40.6,37.9,40.3,31.2,32.9,33.5,32.7,41.1,35.8,37.1,34.7,38.5,42.4,31.9,32.5,34.6,36.8,32.0,35.8,39.4,28.8,37.1,36.7,34.2,32.4,34.6,33.7,34.6,36.2,34.9,34.0,38.0,31.5,37.3,32.4,39.8,33.1,34.8,39.4,41.1,39.8,33.6,33.0,33.4,32.4,36.1,30.9,40.9,38.5,38.4,31.5,33.9,28.5,33.0,39.1,31.3,35.1,31.0
7689,39.5,41.1,41.4,40.2,40.7,42.4,42.5,40.4,43.1,41.6,43.3,42.8,43.4,41.3,42.5,43.5,41.5,40.1,42.9,43.0,41.4,42.4,43.8,38.5,38.5,41.1,43.0,41.2,39.7,43.8,41.5,43.0,34.8,36.3,36.0,36.1,46.6,41.0,42.0,39.8,42.0,47.9,36.5,37.3,39.7,42.5,35.9,41.2,47.1,34.2,44.9,40.8,40.1,37.8,36.6,36.2,37.5,39.3,36.5,36.5,40.0,33.3,40.2,38.7,41.5,37.0,38.6,42.0,44.6,43.0,40.1,39.3,39.2,38.0,41.8,37.1,44.1,41.2,41.5,36.4,37.7,32.4,36.3,41.4,34.6,38.4,34.7
7690,45.0,44.9,46.2,46.5,44.4,45.7,46.1,44.0,46.1,44.3,46.0,45.9,46.3,43.9,45.9,46.1,44.8,42.6,45.7,45.7,44.8,45.1,47.1,41.9,43.1,44.9,45.7,44.9,42.7,46.8,44.7,45.6,38.8,40.1,38.9,39.5,50.8,44.8,47.2,44.0,45.6,51.8,41.8,41.0,44.8,47.1,40.7,45.6,53.1,39.6,50.1,44.8,45.7,42.9,39.3,38.9,40.6,42.1,39.3,38.9,41.8,36.4,42.5,44.1,43.6,40.4,42.2,44.6,47.5,45.7,45.7,46.4,44.5,43.0,46.3,42.0,46.9,43.7,44.4,41.4,42.1,37.3,39.4,43.6,38.7,41.9,38.3
7691,49.7,47.7,48.9,51.4,47.8,48.7,49.1,47.5,48.6,46.6,48.3,48.6,48.9,46.2,48.9,48.3,47.8,44.7,48.1,47.8,47.6,47.5,50.0,45.1,47.5,48.4,48.0,48.0,45.5,49.4,47.6,48.1,42.3,43.4,41.7,42.5,54.2,47.6,51.6,47.6,48.9,54.2,46.6,44.2,49.2,50.7,45.6,49.1,57.1,44.2,54.3,48.4,50.8,46.5,42.0,41.2,43.4,44.7,41.8,40.9,43.5,39.6,44.4,48.4,45.9,43.1,45.4,46.9,50.1,48.2,51.0,51.6,49.1,46.1,49.9,46.3,49.1,45.9,46.8,46.0,46.1,42.5,41.8,45.4,42.3,44.9,41.1
7692,53.2,49.9,51.0,55.0,50.5,51.2,51.6,50.2,50.4,48.5,50.1,50.7,50.7,48.2,51.4,50.1,49.9,46.2,49.9,49.3,50.0,49.4,52.3,47.8,50.8,51.3,50.0,50.5,47.7,51.3,49.9,50.1,45.3,46.1,44.1,44.8,56.9,49.6,55.3,50.3,51.8,55.9,50.5,46.9,52.6,52.6,49.2,51.8,60.0,47.8,57.6,51.3,54.8,49.1,43.9,43.0,45.1,46.8,44.1,42.4,44.9,42.2,46.2,51.4,48.1,45.1,48.1,48.8,52.0,49.9,55.1,55.1,52.4,48.9,52.6,49.3,50.9,47.5,48.8,49.5,49.2,46.4,43.8,46.6,45.1,47.3,43.4
7693,55.5,51.1,52.2,57.0,52.6,53.3,53.7,52.2,51.6,50.1,51.4,52.2,52.0,49.7,53.3,51.5,51.6,47.3,51.2,50.5,51.9,50.8,54.0,49.7,53.2,53.3,51.6,52.5,49.5,52.7,51.9,51.6,47.4,47.8,45.7,46.5,58.8,51.0,57.8,52.0,53.9,56.8,53.1,48.9,54.7,54.1,51.9,53.8,62.0,50.0,60.0,53.5,57.7,50.8,45.2,44.2,46.4,48.2,45.6,43.8,45.8,44.3,47.5,53.2,50.2,46.7,50.2,50.4,53.4,51.2,57.5,57.4,54.5,50.6,54.6,51.4,51.9,49.0,50.4,52.0,51.5,49.3,45.4,47.6,47.2,49.0,45.1
7694,56.0,51.6,52.3,58.7,53.8,54.4,55.0,53.3,52.4,51.0,52.1,53.1,52.7,50.7,54.4,52.2,52.8,47.8,51.8,50.9,52.9,51.7,55.0,50.9,54.6,54.4,52.6,53.4,50.5,53.5,53.2,52.1,48.5,49.0,46.7,47.6,60.0,51.4,59.2,53.1,55.4,57.3,54.6,50.2,56.1,54.9,53.4,54.6,63.1,51.6,61.4,54.7,59.4,50.9,45.9,44.9,47.2,49.0,46.7,44.2,46.4,45.8,48.0,54.3,51.6,47.3,51.5,51.2,54.1,51.9,58.9,58.5,55.6,51.7,55.6,52.6,52.7,49.4,51.3,53.4,52.8,50.9,46.3,47.7,48.5,49.9,46.4
7695,55.8,50.9,51.9,59.3,54.2,54.9,55.4,53.5,52.3,51.2,52.2,53.4,52.9,51.0,54.7,52.5,53.1,47.6,51.8,50.7,53.3,51.9,55.2,51.1,54.8,54.8,52.9,53.7,50.9,53.8,53.7,51.9,48.9,49.3,47.2,48.0,60.0,50.7,59.9,53.3,56.3,56.5,55.1,50.7,56.1,54.8,54.2,54.7,63.1,51.9,61.9,55.0,60.2,50.9,46.1,44.7,47.3,49.0,47.3,43.9,46.1,46.5,47.9,54.4,52.2,47.2,51.8,51.5,54.4,52.0,59.2,58.9,55.2,52.1,55.4,52.8,52.6,49.2,51.6,53.9,53.4,51.8,46.7,47.4,49.0,50.2,46.8
7696,53.5,47.9,48.5,59.2,53.4,54.1,54.8,52.9,51.3,50.3,51.3,53.0,51.8,50.6,53.8,51.7,52.4,45.9,50.6,49.4,52.6,51.0,54.5,50.4,54.5,54.1,52.3,53.0,50.0,53.1,53.0,51.0,48.3,48.7,46.8,47.0,58.3,48.1,59.3,52.0,56.2,53.5,54.8,50.0,53.8,52.6,53.5,52.9,61.3,51.7,61.1,54.1,59.7,47.7,45.2,43.2,46.3,48.1,47.1,42.2,44.7,46.4,46.1,52.8,52.0,45.5,50.9,51.0,53.5,50.7,58.6,59.2,53.6,51.6,53.7,51.7,51.6,47.9,50.8,53.4,52.7,51.3,45.7,46.2,48.7,49.5,46.0
7697,45.9,42.9,41.5,56.8,50.6,52.0,52.0,49.8,48.7,47.6,48.7,51.0,48.6,48.5,51.3,49.2,49.1,43.0,48.0,46.4,49.5,48.6,51.6,47.8,51.8,51.2,50.4,50.0,46.9,50.3,50.4,47.8,45.2,45.6,44.5,44.5,52.5,43.2,57.0,47.5,54.1,46.7,52.1,46.7,47.7,47.2,50.2,47.7,54.8,48.7,58.7,51.0,57.2,41.3,42.8,40.8,43.2,45.1,45.4,39.3,43.3,44.7,43.8,47.5,50.1,42.5,47.5,49.0,50.5,47.8,55.2,56.7,47.9,48.3,48.0,48.4,48.6,45.5,48.1,50.7,49.7,48.7,42.5,44.4,45.9,46.6,42.8
7698,41.5,39.8,38.1,50.9,46.7,48.6,48.6,45.5,46.9,45.1,46.5,48.5,46.1,46.1,47.9,47.1,44.7,41.4,45.5,44.4,45.8,46.0,47.8,44.5,45.9,46.3,48.5,46.5,43.5,47.1,47.2,45.3,41.3,42.1,42.1,40.9,48.2,39.9,51.6,43.3,51.4,43.5,46.3,41.4,44.7,43.2,46.2,43.6,50.4,42.6,53.3,48.4,49.7,38.4,40.7,39.2,40.9,42.5,42.9,38.1,42.2,41.6,42.1,43.2,47.9,40.2,44.1,47.1,47.7,45.5,48.3,49.6,42.9,43.4,44.1,43.0,46.4,43.6,45.2,44.7,45.2,44.2,37.7,43.2,42.3,43.7,39.3
7699,38.3,38.1,35.8,47.2,44.5,46.9,46.7,43.1,45.8,44.0,45.1,46.6,44.8,44.5,46.2,45.8,42.4,40.5,43.9,43.0,43.9,44.6,46.1,42.9,42.9,44.1,47.0,44.4,41.7,45.7,45.0,44.2,39.2,40.4,40.4,39.1,46.0,38.3,48.1,40.3,48.2,41.9,43.3,39.0,42.3,40.2,42.7,40.9,46.3,39.7,49.4,46.6,44.7,36.8,39.8,37.9,39.7,41.0,41.3,37.4,41.6,39.5,41.0,40.3,46.4,38.6,42.6,45.8,46.4,44.2,45.4,45.4,40.5,40.1,41.7,40.7,45.0,42.5,43.8,41.1,43.1,40.7,36.5,42.1,40.0,42.1,37.3
7700,36.6,36.9,34.1,44.2,43.0,45.9,45.2,41.7,44.9,43.0,44.0,45.2,43.9,43.6,45.0,44.8,41.1,39.5,42.9,42.1,42.7,43.4,45.0,41.9,41.6,42.6,45.8,43.1,40.5,44.8,43.5,43.4,37.8,39.0,39.4,38.0,44.0,36.9,46.1,38.5,47.0,40.5,41.1,37.8,40.4,38.8,40.0,38.8,43.0,37.4,46.5,44.6,42.2,35.4,38.9,36.9,38.5,40.2,39.9,36.5,41.0,38.1,39.8,38.0,45.1,37.2,41.1,44.8,45.2,43.2,43.5,42.9,38.5,38.5,39.7,38.8,43.9,41.7,42.8,39.0,41.5,38.7,35.9,41.3,38.3,40.8,35.9
7701,34.8,36.0,33.4,42.1,41.9,44.9,44.2,40.5,44.1,42.5,43.1,44.2,42.9,42.6,43.9,44.0,40.4,38.8,42.1,41.5,41.9,42.5,44.3,40.9,40.5,41.6,44.8,41.9,39.7,44.0,42.5,42.8,36.7,37.7,38.4,37.3,42.6,36.0,44.4,36.4,45.4,39.6,39.6,37.1,38.9,38.0,37.6,37.4,40.8,36.0,44.5,42.9,40.8,34.4,38.1,36.1,37.4,39.4,39.1,35.8,40.4,37.3,39.3,36.0,43.9,36.4,40.1,44.0,44.4,42.4,42.0,41.2,36.6,37.3,37.9,37.1,42.9,41.1,41.9,37.8,40.2,37.1,35.9,40.6,37.2,39.6,34.9
7702,33.8,35.3,32.6,40.8,40.9,43.9,43.0,39.5,43.2,41.8,42.4,43.3,42.2,42.0,43.1,43.3,39.8,38.3,41.3,40.8,41.1,41.8,43.6,40.1,39.0,40.7,44.2,41.1,38.7,43.1,41.7,42.2,35.7,36.7,37.5,36.4,41.4,35.1,42.9,35.5,44.3,39.0,38.2,36.3,37.1,37.0,35.8,35.9,39.0,34.7,42.6,41.2,39.0,33.3,37.5,35.4,36.9,38.6,38.6,35.5,39.8,36.3,38.4,34.5,43.1,35.5,39.2,43.2,43.6,41.7,40.5,39.5,35.2,36.2,36.7,35.7,42.1,40.5,41.3,36.8,39.0,35.5,35.5,40.0,36.2,38.6,34.1
7703,32.3,34.6,32.0,39.6,40.3,42.9,42.2,39.1,42.5,41.2,41.7,42.4,41.5,41.4,42.1,42.7,39.0,37.6,40.6,40.4,40.4,41.1,42.8,39.2,38.2,40.0,43.5,40.4,38.2,42.7,41.0,41.7,35.0,35.7,36.6,35.7,40.5,34.7,41.9,34.6,43.1,38.5,37.2,35.3,35.9,35.8,34.6,34.7,37.5,33.6,41.3,39.8,37.5,32.0,37.1,34.8,36.4,38.0,38.0,34.9,39.2,35.6,38.0,33.1,42.4,34.7,38.3,42.6,42.9,41.2,38.7,38.2,33.8,35.4,35.6,34.6,41.6,39.9,40.7,35.9,38.2,34.3,34.9,39.4,35.5,37.8,33.3
7704,31.4,34.0,31.4,38.3,39.6,42.3,41.5,38.5,41.9,40.6,41.1,41.5,41.0,40.7,41.6,42.0,38.5,37.2,40.1,39.9,39.8,40.4,42.1,38.3,37.7,39.5,42.8,39.7,37.6,41.9,40.3,41.1,34.2,34.9,35.7,34.8,39.7,34.0,40.8,33.8,42.0,37.7,36.0,34.9,34.7,35.0,33.3,33.7,36.3,32.4,40.1,38.8,36.3,31.0,36.8,34.3,36.1,37.4,37.4,34.5,38.9,35.0,37.4,31.6,41.5,34.0,37.6,42.0,42.3,40.4,36.9,37.1,32.2,34.2,34.7,33.6,40.9,39.4,40.1,35.2,37.5,33.1,34.7,38.9,34.7,37.1,32.6
7705,30.2,33.7,30.7,37.7,38.9,41.4,40.8,37.7,41.3,40.0,40.6,40.9,40.4,40.1,40.8,41.6,38.1,36.8,39.4,39.3,39.0,39.9,41.6,37.6,37.0,38.8,42.3,38.9,37.1,41.3,39.7,40.7,33.5,34.0,34.9,34.0,38.9,33.4,40.0,33.2,40.8,37.2,34.9,33.8,33.9,34.2,32.3,32.9,35.0,31.5,39.2,37.6,35.0,30.7,36.5,33.7,35.9,37.0,36.8,34.0,38.6,34.3,37.2,30.5,41.0,33.4,36.8,41.4,41.6,39.8,35.4,36.1,31.3,33.3,33.7,32.5,40.3,39.0,39.5,34.4,36.6,32.3,34.1,38.4,33.9,36.5,32.1
7706,29.3,33.2,30.1,36.9,38.2,40.8,40.0,36.9,40.5,39.4,39.9,40.3,39.9,39.6,40.1,41.0,37.5,36.5,38.9,38.9,38.4,39.5,41.0,36.9,36.2,38.2,41.7,38.2,36.6,40.9,38.9,40.1,33.1,33.5,34.2,33.2,38.3,33.0,39.4,32.4,39.9,36.8,34.2,33.0,32.8,33.3,31.5,32.2,34.0,30.6,38.3,36.8,33.8,30.4,36.0,33.4,35.5,36.5,36.3,33.5,38.3,33.8,36.8,29.9,40.7,33.0,36.1,40.7,40.9,39.3,34.4,35.1,30.4,32.1,32.9,31.7,40.1,38.5,38.9,33.7,35.8,31.3,33.8,38.0,33.2,35.8,31.6
7707,28.8,33.1,29.8,36.2,37.5,40.0,39.4,36.7,39.9,38.8,39.4,39.7,39.2,39.1,39.6,40.6,37.1,36.0,38.4,38.4,37.8,39.0,40.7,36.4,35.5,37.5,41.1,37.6,36.1,40.4,38.5,39.7,32.5,33.0,33.7,32.6,37.4,32.8,38.6,31.7,39.0,36.6,33.6,32.3,32.1,32.8,30.8,31.3,33.1,29.8,37.3,36.0,32.8,29.7,35.7,33.0,35.2,36.1,36.0,33.4,37.7,33.3,36.6,29.0,40.2,32.6,35.4,40.3,40.1,38.9,33.0,34.3,30.0,31.7,32.3,31.0,39.6,38.1,38.4,33.1,35.3,30.5,33.4,37.7,32.8,35.3,31.3
7708,27.7,32.7,29.6,35.7,37.1,39.6,38.9,35.9,39.4,38.5,38.9,39.2,38.7,38.5,39.0,40.1,36.6,35.7,38.1,38.0,37.3,38.5,40.0,35.7,35.1,37.0,40.7,37.2,35.7,39.9,37.8,39.4,31.9,32.5,33.3,32.0,36.8,32.7,37.8,30.8,38.1,36.2,32.6,31.7,31.4,32.2,30.0,30.7,32.4,29.0,36.5,35.4,31.8,29.2,35.6,32.6,34.9,35.8,35.6,33.0,37.5,32.7,36.1,28.4,39.9,32.3,34.8,39.8,39.8,38.4,31.9,33.8,29.1,31.3,31.7,30.4,39.4,37.6,37.9,32.4,34.6,29.9,33.3,37.5,32.3,34.9,31.0
7709,27.2,32.8,29.5,35.1,36.6,39.0,38.5,35.9,38.9,38.1,38.5,38.8,38.3,38.0,38.5,39.8,36.1,35.7,37.6,37.7,36.8,38.1,39.5,35.3,34.6,36.6,40.1,36.9,35.2,39.6,37.4,38.9,31.4,32.3,33.0,31.8,36.2,32.2,37.1,30.5,37.3,36.0,31.8,31.2,30.7,31.8,29.4,30.1,31.5,28.4,35.8,35.0,31.0,28.9,34.9,32.3,34.5,35.4,35.3,32.8,37.1,32.3,36.1,27.9,39.6,31.8,34.1,39.3,39.2,38.0,30.6,33.2,28.4,30.7,31.0,29.7,38.8,37.2,37.6,31.8,34.0,29.1,32.9,37.4,31.7,34.5,30.7
7710,26.9,32.4,29.2,34.4,36.1,38.6,38.0,35.6,38.5,37.7,38.1,38.4,38.0,37.7,37.9,39.5,35.6,35.7,37.3,37.4,36.5,37.7,39.0,34.8,33.9,36.0,39.7,36.5,34.9,39.3,37.1,38.5,30.9,32.0,32.7,31.6,35.7,32.0,36.6,29.9,36.4,35.6,31.3,30.4,30.3,31.2,28.9,29.6,31.1,27.9,35.0,34.4,30.3,28.4,34.5,32.3,34.2,35.3,34.9,32.6,37.0,32.0,36.2,27.1,39.3,31.6,33.8,38.9,38.8,37.7,29.5,32.4,27.9,30.2,30.7,29.3,38.4,36.9,37.1,31.2,33.4,28.5,32.6,37.1,31.4,34.0,30.2
7711,26.9,32.5,29.4,33.9,35.6,38.0,37.5,35.2,38.1,37.3,38.1,38.1,37.7,37.3,37.4,39.1,35.3,35.4,37.1,37.4,36.3,37.3,38.8,34.4,33.3,35.5,39.6,36.1,34.7,38.8,36.7,38.3,30.5,31.7,32.6,31.4,35.9,32.3,36.1,29.5,36.0,36.4,30.7,30.0,30.0,31.4,28.4,30.0,31.0,27.3,34.6,34.2,29.5,28.4,34.4,32.2,33.9,35.3,34.7,32.4,36.9,31.5,36.1,26.9,39.2,31.5,33.5,38.4,38.4,37.4,28.9,32.0,28.1,29.7,30.4,28.8,38.3,36.8,36.8,30.7,32.9,28.1,32.3,37.1,30.7,33.9,29.9
7712,32.9,35.7,34.4,34.1,36.5,38.6,38.3,36.2,39.6,38.4,40.0,39.3,39.9,38.1,38.3,40.3,37.0,36.8,39.2,40.0,37.4,38.7,39.8,34.9,33.4,36.4,40.3,37.1,36.0,40.1,37.4,40.0,30.9,32.5,33.1,32.4,40.5,35.4,36.5,34.1,38.0,41.9,31.3,32.1,34.1,36.2,31.5,35.6,39.0,28.2,36.8,36.5,33.6,32.2,34.3,33.1,34.2,35.8,34.7,33.4,37.7,31.3,37.0,31.9,39.6,32.7,34.6,39.0,40.7,39.6,33.2,32.4,33.0,31.9,35.7,30.4,40.8,38.4,38.0,31.1,33.4,28.0,32.6,38.6,31.0,34.7,30.7
7713,38.9,40.7,41.0,39.6,40.2,41.8,42.0,39.9,42.8,41.2,43.0,42.4,43.1,40.8,41.9,43.1,40.9,39.7,42.6,42.8,40.9,41.9,43.3,38.1,38.0,40.6,42.6,40.7,39.2,43.2,41.0,42.6,34.5,35.9,35.6,35.7,45.9,40.5,41.3,39.2,41.4,47.4,35.9,36.8,39.1,41.9,35.4,40.9,46.8,33.7,44.5,40.4,39.5,37.6,36.3,35.7,37.0,38.9,36.3,36.0,39.7,33.0,39.7,38.2,41.3,36.5,38.3,41.5,44.1,42.7,39.5,38.7,38.7,37.5,41.4,36.7,44.0,41.0,41.0,35.8,37.3,32.0,35.8,40.9,34.2,38.0,34.3
7714,44.5,44.5,45.7,45.8,43.9,45.2,45.6,43.6,45.7,43.8,45.6,45.5,45.9,43.5,45.4,45.6,44.3,42.2,45.4,45.4,44.3,44.5,46.6,41.5,42.6,44.5,45.2,44.3,42.2,46.1,44.2,45.0,38.6,39.6,38.5,39.1,50.2,44.4,46.5,43.5,45.0,51.2,41.3,40.5,44.2,46.7,40.1,45.3,52.8,39.1,49.8,44.4,45.2,42.7,38.9,38.4,40.2,41.8,38.9,38.4,41.5,36.0,42.0,43.7,43.4,39.9,41.9,44.1,47.1,45.3,45.2,45.8,44.1,42.5,46.0,41.5,46.5,43.4,43.9,41.0,41.8,37.0,38.9,43.1,38.4,41.5,37.8
7715,49.1,47.4,48.5,50.7,47.4,48.2,48.6,47.1,48.1,46.1,47.9,48.1,48.4,45.8,48.4,47.7,47.3,44.3,47.7,47.5,47.2,46.9,49.4,44.7,46.9,48.0,47.5,47.5,45.1,48.6,47.1,47.5,42.2,43.1,41.3,42.0,53.5,47.1,50.9,47.1,48.4,53.6,46.1,43.6,48.6,50.2,45.0,48.8,56.8,43.8,54.0,47.9,50.3,46.4,41.6,40.6,43.0,44.4,41.3,40.3,43.2,39.2,43.9,48.0,45.7,42.6,45.1,46.4,49.4,47.7,50.4,50.9,48.6,45.6,49.6,45.8,48.7,45.5,46.3,45.7,45.8,42.3,41.2,44.9,42.2,44.4,40.8
7716,52.8,49.6,50.7,54.2,50.1,50.6,51.1,49.8,49.9,48.1,49.6,50.1,50.2,47.7,51.0,49.5,49.4,45.8,49.5,48.9,49.5,48.7,51.6,47.4,50.2,50.8,49.6,50.1,47.4,50.5,49.5,49.4,45.2,45.9,43.7,44.5,56.2,49.2,54.6,49.8,51.2,55.3,49.9,46.3,52.0,52.3,48.7,51.6,59.7,47.4,57.4,50.9,54.3,49.0,43.6,42.4,44.8,46.5,43.6,41.8,44.6,41.7,45.6,51.1,48.0,44.6,47.7,48.3,51.3,49.3,54.6,54.3,52.0,48.4,52.2,48.9,50.4,47.0,48.3,49.2,48.9,46.2,43.2,46.2,45.0,46.9,43.2
7717,55.1,50.9,51.9,56.3,52.2,52.7,53.2,51.8,51.2,49.6,50.9,51.6,51.4,49.2,52.8,50.9,51.1,46.9,50.8,50.0,51.4,50.1,53.4,49.4,52.7,52.8,51.1,52.0,49.2,52.0,51.4,50.9,47.3,47.7,45.4,46.2,58.2,50.6,57.1,51.5,53.4,56.3,52.5,48.4,54.2,53.7,51.3,53.6,61.7,49.6,59.8,53.1,57.1,50.8,44.7,43.6,46.0,47.9,45.1,43.1,45.5,43.8,46.9,52.9,50.0,46.1,49.7,49.9,52.7,50.6,57.0,56.8,54.0,50.2,54.2,51.0,51.4,48.5,49.9,51.8,51.3,49.1,44.8,47.1,47.1,48.6,45.0
7718,55.6,51.3,52.1,57.9,53.5,53.7,54.4,52.9,52.0,50.5,51.6,52.5,52.2,50.2,53.9,51.6,52.3,47.4,51.3,50.4,52.5,51.1,54.4,50.6,54.0,54.0,52.1,52.9,50.2,52.9,52.8,51.4,48.6,48.9,46.5,47.4,59.3,51.0,58.5,52.7,55.0,56.7,54.0,49.7,55.7,54.3,52.9,54.4,62.9,51.2,61.3,54.4,58.8,50.9,45.6,44.3,46.9,48.6,46.2,43.6,46.1,45.2,47.4,54.0,51.3,46.9,51.0,50.8,53.5,51.3,58.5,57.9,55.4,51.4,55.2,52.2,52.1,48.9,50.9,53.1,52.5,50.8,45.7,47.3,48.4,49.6,46.3
7719,55.4,50.7,51.7,58.6,53.8,54.2,54.8,53.1,51.9,50.8,51.6,52.9,52.3,50.5,54.2,51.9,52.6,47.1,51.2,50.2,52.8,51.3,54.5,50.9,54.2,54.3,52.4,53.2,50.6,53.2,53.2,51.3,48.9,49.3,47.1,47.9,59.2,50.3,59.2,52.8,55.9,56.0,54.5,50.2,55.7,54.5,53.7,54.5,62.8,51.5,61.7,54.7,59.8,50.8,45.8,44.1,46.9,48.7,46.8,43.3,45.6,46.0,47.4,54.0,52.0,46.6,51.3,51.0,53.6,51.3,58.8,58.2,54.9,51.8,55.0,52.4,52.0,48.7,51.1,53.5,53.1,51.8,46.1,47.0,49.0,49.8,46.7
7720,53.3,47.7,48.3,58.5,53.1,53.5,54.2,52.6,51.0,49.9,50.7,52.4,51.3,50.1,53.3,51.1,51.8,45.4,50.1,48.9,52.1,50.4,53.8,50.2,53.9,53.6,51.7,52.5,49.6,52.5,52.5,50.4,48.3,48.7,46.7,46.9,57.5,47.7,58.7,51.6,55.8,53.1,54.1,49.6,53.4,52.3,53.1,52.7,61.0,51.4,61.2,53.8,59.5,47.6,44.8,42.6,45.9,47.7,46.5,41.5,44.2,45.8,45.6,52.4,51.7,44.9,50.4,50.5,52.8,50.2,58.3,58.5,53.4,51.4,53.3,51.4,51.0,47.5,50.4,53.1,52.4,51.4,45.2,45.8,48.5,49.2,45.9
7721,45.6,42.6,41.3,56.1,50.3,51.4,51.5,49.4,48.3,47.0,48.2,50.5,48.1,48.0,50.8,48.6,48.5,42.7,47.4,45.9,49.0,47.9,50.9,47.5,51.2,50.8,49.8,49.5,46.5,49.7,49.9,47.3,44.9,45.4,44.3,44.3,51.8,42.9,56.4,46.9,53.6,46.3,51.5,46.3,47.4,46.9,49.8,47.5,54.5,48.3,58.7,50.6,56.9,41.2,42.4,40.3,42.7,44.6,44.9,38.8,42.9,44.2,43.3,47.1,49.7,41.9,46.9,48.5,49.9,47.4,54.9,56.1,47.6,48.0,47.6,48.1,48.1,45.1,47.5,50.3,49.3,48.6,41.9,44.1,45.7,46.3,42.6
7722,41.2,39.6,37.9,50.3,46.2,48.1,48.1,45.2,46.6,44.7,46.1,48.0,45.7,45.6,47.4,46.6,44.1,41.1,45.1,44.1,45.4,45.4,47.1,44.2,45.2,45.8,48.0,46.0,43.1,46.5,46.7,44.8,41.1,41.7,41.9,40.7,47.7,39.7,50.9,42.8,51.0,43.1,45.6,41.1,44.4,42.9,45.9,43.5,50.0,42.2,53.1,48.1,49.3,38.2,40.3,38.7,40.5,42.2,42.4,37.7,41.8,41.1,41.7,42.8,47.6,39.6,43.6,46.6,47.2,45.2,47.9,49.0,42.4,43.0,43.7,42.6,45.9,43.4,44.6,44.2,44.6,44.1,37.2,42.9,42.0,43.4,39.0
7723,37.9,37.9,35.5,46.6,44.1,46.5,46.2,42.8,45.4,43.6,44.7,46.0,44.4,44.0,45.7,45.3,41.9,40.2,43.5,42.7,43.4,44.0,45.5,42.7,42.2,43.6,46.6,44.0,41.2,45.1,44.6,43.6,39.0,40.0,40.2,38.9,45.3,38.0,47.7,39.8,47.8,41.6,42.6,38.7,42.0,39.9,42.5,40.8,46.0,39.3,49.2,46.4,44.3,36.6,39.4,37.4,39.3,40.6,40.8,37.0,41.2,38.9,40.6,39.9,46.2,38.1,42.2,45.4,45.8,43.9,45.1,44.8,40.0,39.8,41.4,40.3,44.5,42.3,43.4,40.8,42.6,40.5,36.0,41.8,39.8,41.8,36.9
7724,36.1,36.7,33.8,43.6,42.5,45.4,44.6,41.4,44.5,42.7,43.6,44.7,43.5,43.2,44.5,44.3,40.6,39.3,42.6,41.8,42.2,42.8,44.4,41.7,40.9,42.1,45.4,42.6,40.0,44.2,43.1,42.9,37.7,38.7,39.1,37.7,43.5,36.8,45.7,37.9,46.6,40.2,40.5,37.5,40.1,38.5,39.7,38.7,42.7,37.0,46.2,44.2,41.9,35.2,38.6,36.5,38.1,39.8,39.5,36.1,40.7,37.6,39.5,37.6,44.8,36.7,40.7,44.4,44.7,42.8,43.1,42.4,38.0,38.1,39.4,38.4,43.5,41.4,42.3,38.7,40.9,38.4,35.3,41.1,38.1,40.5,35.6
7725,34.3,35.8,33.1,41.4,41.4,44.4,43.7,40.2,43.7,42.2,42.7,43.6,42.5,42.2,43.4,43.5,40.0,38.5,41.8,41.2,41.4,41.9,43.6,40.7,39.9,41.1,44.4,41.4,39.3,43.3,42.1,42.3,36.5,37.3,38.0,37.1,42.1,35.9,43.9,36.0,45.2,39.2,39.0,36.8,38.5,37.7,37.4,37.2,40.4,35.6,44.3,42.5,40.5,34.2,37.8,35.7,37.0,39.0,38.6,35.5,40.1,36.7,38.9,35.7,43.7,35.9,39.7,43.6,43.9,42.0,41.6,40.8,36.2,37.0,37.4,36.7,42.5,40.8,41.5,37.4,39.7,36.9,35.3,40.4,37.0,39.3,34.7
7726,33.3,35.1,32.4,40.2,40.5,43.4,42.5,39.2,42.8,41.4,41.9,42.7,41.7,41.6,42.5,42.8,39.3,38.1,41.0,40.6,40.6,41.2,43.0,39.9,38.4,40.2,43.8,40.6,38.4,42.5,41.4,41.7,35.7,36.4,37.2,36.1,41.1,35.0,42.4,35.1,44.0,38.6,37.7,36.0,36.6,36.7,35.5,35.7,38.6,34.3,42.3,40.9,38.7,33.1,37.2,35.0,36.5,38.2,38.1,35.2,39.5,35.8,38.1,34.1,42.9,35.1,38.8,42.9,43.1,41.3,40.2,39.2,34.8,35.9,36.2,35.4,41.8,40.1,40.8,36.5,38.5,35.2,35.0,39.8,36.0,38.4,34.0
7727,31.8,34.4,31.7,39.1,39.9,42.4,41.7,38.7,42.1,40.9,41.3,41.8,40.9,41.0,41.6,42.3,38.6,37.4,40.3,40.3,39.9,40.5,42.2,38.9,37.7,39.5,43.1,39.9,38.0,42.1,40.6,41.1,34.9,35.5,36.4,35.4,40.2,34.6,41.4,34.2,42.8,38.1,36.8,35.0,35.4,35.6,34.3,34.5,37.2,33.2,41.1,39.5,37.1,31.9,36.8,34.4,36.0,37.6,37.6,34.5,39.0,35.1,37.6,32.7,42.2,34.3,38.0,42.2,42.4,40.8,38.5,37.8,33.3,35.1,35.1,34.2,41.3,39.5,40.2,35.6,37.8,34.1,34.4,39.2,35.3,37.5,33.2
7728,30.7,33.9,31.2,37.9,39.2,41.8,41.0,38.2,41.6,40.2,40.6,41.0,40.4,40.3,41.1,41.6,38.1,37.0,39.7,39.7,39.3,39.9,41.6,38.1,37.2,38.9,42.5,39.2,37.4,41.4,39.9,40.5,34.1,34.7,35.6,34.6,39.4,33.9,40.4,33.5,41.8,37.4,35.6,34.6,34.3,34.9,33.1,33.3,36.0,32.0,39.9,38.5,36.0,31.0,36.4,33.9,35.8,37.0,37.1,34.2,38.8,34.5,37.1,31.2,41.4,33.6,37.3,41.6,41.7,40.0,36.6,36.6,31.7,33.8,34.3,33.3,40.6,39.1,39.7,34.9,37.0,32.8,34.2,38.7,34.5,36.8,32.5
7729,29.8,33.4,30.5,37.3,38.5,40.9,40.3,37.3,41.0,39.6,40.2,40.4,39.9,39.7,40.4,41.3,37.6,36.7,39.1,39.1,38.6,39.4,41.0,37.4,36.6,38.3,41.9,38.4,36.8,40.7,39.4,40.2,33.4,33.9,34.8,33.8,38.7,33.2,39.6,32.9,40.6,36.9,34.6,33.5,33.4,34.1,32.0,32.5,34.7,31.0,39.0,37.3,34.6,30.5,36.1,33.5,35.5,36.5,36.5,33.8,38.4,33.8,36.9,30.1,40.9,32.9,36.6,41.0,41.1,39.4,35.0,35.6,30.7,33.0,33.3,32.2,40.0,38.5,39.0,34.1,36.2,32.1,33.6,38.2,33.7,36.2,32.1
7730,28.9,33.2,29.9,36.6,37.8,40.3,39.5,36.6,40.2,39.1,39.5,39.9,39.4,39.2,39.7,40.7,37.1,36.4,38.5,38.7,38.0,38.9,40.4,36.7,35.8,37.6,41.3,37.8,36.3,40.4,38.6,39.6,32.9,33.3,34.1,33.2,37.9,32.9,38.9,32.0,39.6,36.5,33.8,32.8,32.3,33.2,31.3,31.9,33.7,30.1,38.2,36.5,33.4,30.1,35.6,33.1,35.2,36.1,36.0,33.3,38.2,33.2,36.5,29.6,40.6,32.5,35.8,40.3,40.4,38.9,34.0,34.7,29.9,31.8,32.6,31.4,39.8,38.0,38.4,33.4,35.4,31.0,33.3,37.9,33.0,35.5,31.6
7731,28.4,33.0,29.6,35.8,37.2,39.6,38.9,36.3,39.7,38.4,39.0,39.3,38.8,38.6,39.2,40.2,36.6,35.8,38.1,38.2,37.4,38.4,40.1,36.1,35.1,37.0,40.7,37.2,35.8,39.9,38.1,39.3,32.4,32.9,33.6,32.5,37.1,32.7,38.2,31.4,38.7,36.3,33.2,32.0,31.7,32.7,30.5,31.1,32.8,29.3,37.2,35.8,32.4,29.5,35.2,32.8,34.8,35.7,35.6,33.1,37.6,32.8,36.3,28.6,40.1,32.2,35.2,39.9,39.6,38.5,32.6,34.0,29.4,31.5,32.0,30.7,39.3,37.6,38.0,32.8,34.9,30.3,32.9,37.6,32.6,35.0,31.2
7732,27.3,32.7,29.4,35.3,36.7,39.2,38.5,35.6,39.1,38.1,38.4,38.9,38.3,38.1,38.7,39.7,36.1,35.5,37.7,37.8,37.0,38.0,39.5,35.5,34.7,36.5,40.3,36.9,35.3,39.5,37.5,39.1,31.7,32.4,33.2,31.9,36.6,32.6,37.5,30.6,37.9,35.9,32.3,31.4,31.1,32.1,29.7,30.4,32.2,28.4,36.4,35.1,31.5,29.0,35.1,32.4,34.5,35.3,35.3,32.8,37.4,32.3,35.7,28.0,39.8,31.9,34.7,39.3,39.3,38.0,31.5,33.3,28.6,31.0,31.5,30.0,39.0,37.1,37.4,32.1,34.2,29.6,32.8,37.4,32.1,34.7,30.9
7733,26.8,32.7,29.2,34.7,36.3,38.7,38.1,35.6,38.6,37.7,38.1,38.4,37.9,37.6,38.2,39.5,35.6,35.5,37.3,37.5,36.5,37.6,38.9,35.0,34.2,36.1,39.7,36.6,34.9,39.1,37.1,38.6,31.3,32.2,32.8,31.7,36.0,32.1,36.8,30.2,37.1,35.7,31.4,31.0,30.3,31.6,29.2,29.8,31.2,27.9,35.6,34.6,30.7,28.8,34.4,32.1,34.2,35.0,34.9,32.5,37.1,31.9,35.7,27.5,39.5,31.4,34.0,38.9,38.8,37.6,30.1,32.9,27.9,30.4,30.7,29.3,38.5,36.7,37.1,31.5,33.6,28.8,32.5,37.3,31.5,34.3,30.6
7734,26.5,32.3,29.0,34.1,35.7,38.3,37.6,35.2,38.2,37.3,37.8,38.0,37.6,37.3,37.6,39.2,35.1,35.3,37.0,37.2,36.3,37.2,38.6,34.5,33.5,35.5,39.3,36.1,34.7,38.9,36.8,38.2,30.8,31.9,32.6,31.5,35.6,31.9,36.2,29.7,36.1,35.2,30.9,30.1,30.0,31.1,28.7,29.3,30.8,27.4,34.8,34.1,29.9,28.2,34.1,32.0,33.7,34.8,34.6,32.4,36.9,31.6,35.8,26.6,39.2,31.2,33.6,38.5,38.4,37.3,29.1,32.1,27.3,29.9,30.3,28.8,38.2,36.5,36.7,30.9,33.0,28.3,32.1,37.1,31.2,33.8,30.1
7735,26.5,32.5,29.1,33.6,35.3,37.7,37.2,34.8,37.8,37.0,37.7,37.8,37.4,37.0,37.1,38.8,34.9,35.0,36.8,37.1,36.1,36.9,38.3,34.1,32.9,35.0,39.3,35.8,34.6,38.5,36.4,38.0,30.3,31.6,32.6,31.3,35.8,32.1,35.8,29.3,35.7,35.9,30.3,29.7,29.7,31.2,28.2,29.7,30.6,26.8,34.4,34.0,29.3,28.2,33.9,31.9,33.4,34.8,34.4,32.2,36.8,31.1,35.7,26.4,39.1,31.1,33.3,38.1,38.1,37.1,28.4,31.7,27.5,29.4,30.0,28.3,38.0,36.3,36.5,30.4,32.5,28.0,31.9,37.1,30.6,33.6,29.8
7736,32.6,35.6,34.2,33.8,36.1,38.2,37.8,35.8,39.2,38.1,39.6,38.9,39.4,37.7,37.9,39.9,36.5,36.3,38.8,39.6,37.1,38.2,39.4,34.6,33.1,35.9,39.9,36.8,35.8,39.7,37.1,39.7,30.7,32.4,33.0,32.2,40.2,35.2,36.3,33.7,37.6,41.6,30.9,31.8,33.8,35.9,31.2,35.2,38.5,27.6,36.5,36.1,33.1,31.9,33.7,32.8,33.6,35.2,34.4,33.1,37.5,30.9,36.5,31.3,39.5,32.2,34.4,38.7,40.4,39.1,32.6,32.1,32.5,31.5,35.4,29.8,40.4,38.0,37.6,30.8,33.0,27.8,32.2,38.4,30.9,34.5,30.6
7737,38.6,40.6,41.0,39.4,39.9,41.5,41.6,39.6,42.3,40.9,42.7,42.0,42.7,40.5,41.7,42.7,40.6,39.2,42.2,42.4,40.7,41.5,42.9,37.8,37.7,40.3,42.2,40.4,39.0,42.8,40.7,42.2,34.3,35.8,35.5,35.6,45.8,40.4,41.1,38.8,41.1,47.1,35.6,36.5,38.9,41.8,35.1,40.6,46.4,33.2,44.2,40.1,39.0,37.4,35.7,35.3,36.5,38.4,36.0,35.6,39.5,32.5,39.1,37.7,41.1,36.0,38.1,41.2,43.8,42.2,39.0,38.4,38.4,37.1,41.1,36.3,43.6,40.6,40.6,35.5,37.0,31.7,35.4,40.7,34.1,37.7,34.2
7738,44.3,44.4,45.9,45.9,43.7,45.0,45.4,43.3,45.3,43.6,45.3,45.0,45.6,43.2,45.2,45.3,44.0,41.7,45.0,45.0,44.0,44.1,46.4,41.2,42.5,44.3,44.9,44.1,42.0,45.7,43.9,44.7,38.4,39.5,38.4,39.0,50.0,44.2,46.3,43.2,44.6,51.0,41.2,40.1,44.0,46.6,39.6,45.0,52.5,38.8,49.5,44.1,44.6,42.6,38.4,38.0,39.7,41.3,38.6,38.0,41.3,35.6,41.5,43.3,43.2,39.4,41.5,43.9,46.7,44.8,44.7,45.6,43.9,42.1,45.8,41.1,46.2,43.1,43.7,40.8,41.5,36.7,38.5,42.8,38.3,41.3,37.7
7739,49.0,47.3,48.8,50.8,47.2,48.1,48.6,46.9,47.7,46.0,47.6,47.7,48.1,45.6,48.4,47.5,47.0,43.9,47.4,47.1,47.0,46.5,49.3,44.5,47.0,47.9,47.3,47.3,44.9,48.3,46.8,47.0,42.0,43.0,41.1,41.8,53.3,47.0,50.7,46.8,48.0,53.3,46.1,43.3,48.5,50.0,44.6,48.6,56.5,43.4,53.8,47.6,49.8,46.3,41.2,40.2,42.6,44.0,41.1,39.9,43.0,38.7,43.4,47.7,45.4,42.0,44.6,46.2,49.1,47.2,50.0,50.8,48.5,45.2,49.4,45.3,48.4,45.2,46.1,45.6,45.7,42.0,40.9,44.5,42.1,44.2,40.6
7740,52.7,49.5,51.0,54.3,50.0,50.7,51.2,49.7,49.6,47.8,49.3,49.8,49.8,47.5,51.0,49.3,49.2,45.3,49.1,48.6,49.3,48.4,51.6,47.3,50.2,50.8,49.4,49.9,47.2,50.2,49.2,49.0,45.0,45.7,43.4,44.2,55.9,49.0,54.3,49.5,50.9,55.0,49.9,45.9,51.9,52.0,48.3,51.3,59.3,47.0,57.1,50.5,53.9,49.0,43.2,41.9,44.5,46.2,43.3,41.4,44.3,41.3,45.1,50.8,47.7,44.0,47.1,48.1,50.9,48.9,54.3,54.2,52.0,48.1,52.1,48.5,50.1,46.7,48.1,49.1,49.0,46.1,42.9,45.9,44.9,46.6,42.9
7741,55.1,50.8,52.2,56.4,52.2,52.8,53.2,51.7,50.9,49.3,50.5,51.3,51.0,49.0,52.8,50.6,50.9,46.4,50.4,49.7,51.3,49.8,53.4,49.3,52.7,52.8,50.9,51.9,49.1,51.7,51.2,50.5,47.1,47.4,45.1,45.9,57.8,50.5,56.8,51.3,53.0,56.0,52.6,48.0,54.1,53.5,51.0,53.4,61.4,49.2,59.5,52.7,56.7,50.8,44.4,43.1,45.8,47.6,44.9,42.6,45.2,43.4,46.3,52.7,49.6,45.6,49.2,49.7,52.3,50.1,56.7,56.6,54.0,49.8,54.0,50.6,51.1,48.1,49.7,51.8,51.4,49.0,44.5,46.8,46.9,48.4,44.7
7742,55.7,51.2,52.3,57.9,53.5,53.8,54.5,52.8,51.6,50.3,51.1,52.2,51.8,50.1,54.0,51.4,52.1,46.9,50.9,50.1,52.4,50.8,54.4,50.5,54.2,54.1,51.9,52.9,50.1,52.6,52.6,51.0,48.4,48.6,46.2,47.1,58.9,50.9,58.2,52.5,54.7,56.4,54.1,49.4,55.5,54.2,52.6,54.2,62.6,50.8,61.1,54.0,58.5,50.8,45.3,43.8,46.6,48.4,46.0,43.0,45.7,44.8,46.8,53.7,51.0,46.3,50.5,50.5,53.1,50.8,58.2,57.7,55.2,51.1,55.0,51.8,51.6,48.6,50.7,53.1,52.6,50.8,45.5,47.1,48.3,49.4,46.0
7743,55.5,50.7,51.8,58.5,53.9,54.4,55.0,53.1,51.6,50.5,51.2,52.5,51.9,50.3,54.3,51.7,52.4,46.6,50.8,49.9,52.6,51.0,54.6,50.9,54.4,54.5,52.2,53.2,50.5,52.8,53.0,50.9,48.7,49.0,46.8,47.6,58.8,50.3,58.9,52.6,55.6,55.6,54.6,49.9,55.7,54.3,53.3,54.3,62.6,51.1,61.5,54.3,59.4,50.7,45.6,43.6,46.7,48.4,46.6,42.8,45.3,45.5,46.8,53.7,51.6,46.1,50.8,50.9,53.3,50.9,58.4,57.7,54.8,51.5,54.7,52.1,51.6,48.4,51.0,53.5,53.2,51.9,46.0,46.7,48.8,49.6,46.4
7744,53.4,47.6,48.4,58.4,53.1,53.7,54.3,52.6,50.7,49.7,50.3,52.1,51.0,49.9,53.4,50.9,51.7,44.9,49.5,48.6,52.0,50.1,53.8,50.1,54.1,53.8,51.5,52.5,49.5,52.2,52.4,50.1,48.1,48.4,46.3,46.7,57.2,47.7,58.4,51.4,55.5,52.7,54.3,49.3,53.4,52.2,52.8,52.5,60.7,51.0,61.0,53.4,59.2,47.6,44.6,42.1,45.6,47.5,46.3,41.0,43.9,45.4,45.0,52.0,51.3,44.3,49.9,50.3,52.4,49.8,58.0,58.2,53.3,51.0,52.9,51.1,50.6,47.2,50.2,53.1,52.5,51.4,45.1,45.5,48.3,49.0,45.6
7745,45.6,42.4,41.2,56.1,50.2,51.5,51.6,49.4,48.0,46.8,47.8,50.2,47.7,47.8,50.9,48.4,48.3,42.2,47.1,45.6,48.8,47.6,50.9,47.4,51.3,50.8,49.6,49.5,46.3,49.3,49.8,46.9,44.7,45.1,43.9,44.0,51.4,42.7,56.1,46.7,53.3,46.0,51.5,45.9,47.3,46.6,49.4,47.3,54.2,47.9,58.5,50.3,56.6,41.1,42.1,39.8,42.4,44.3,44.6,38.4,42.7,43.6,42.8,46.8,49.4,41.3,46.4,48.3,49.6,47.1,54.6,55.8,47.3,47.5,47.2,47.7,47.7,44.9,47.3,50.3,49.3,48.6,41.7,43.9,45.5,46.1,42.3
7746,41.0,39.4,37.8,50.3,46.1,48.2,48.0,45.2,46.3,44.5,45.9,47.7,45.4,45.4,47.4,46.4,43.9,40.7,44.8,43.9,45.2,44.9,47.0,44.1,45.1,45.7,47.8,46.0,42.9,46.2,46.6,44.5,40.7,41.4,41.5,40.3,47.4,39.5,50.7,42.7,50.7,42.9,45.5,40.6,44.3,42.5,45.6,43.1,49.8,41.8,52.9,47.7,48.9,38.1,40.0,38.3,40.2,41.8,42.2,37.3,41.6,40.7,41.2,42.7,47.3,39.1,43.2,46.4,46.8,44.8,47.6,48.7,42.2,42.5,43.5,42.2,45.5,43.1,44.4,44.0,44.5,44.0,37.0,42.6,41.7,43.2,38.6
7747,37.7,37.7,35.4,46.4,43.8,46.4,46.1,42.6,45.1,43.5,44.5,45.7,44.1,43.9,45.7,45.1,41.6,39.8,43.3,42.5,43.2,43.6,45.3,42.5,42.1,43.3,46.4,43.8,41.1,44.8,44.4,43.4,38.7,39.7,39.8,38.6,45.1,37.9,47.5,39.5,47.4,41.5,42.4,38.3,41.7,39.5,42.1,40.5,45.7,38.8,49.0,46.1,44.0,36.5,39.1,37.1,38.9,40.3,40.6,36.7,40.9,38.5,40.2,39.8,45.9,37.5,41.8,45.2,45.4,43.4,44.7,44.5,39.6,39.2,41.3,39.8,44.1,42.0,43.1,40.4,42.3,40.3,35.9,41.5,39.4,41.6,36.5
7748,35.8,36.5,33.7,43.5,42.2,45.4,44.5,41.1,44.3,42.6,43.3,44.5,43.2,43.0,44.4,44.2,40.2,38.9,42.3,41.7,42.1,42.4,44.1,41.5,40.7,41.8,45.2,42.5,40.0,44.0,42.9,42.6,37.3,38.3,38.7,37.4,43.2,36.8,45.5,37.6,46.4,40.0,40.3,37.2,39.8,38.1,39.3,38.4,42.5,36.6,45.9,44.0,41.5,35.1,38.3,36.2,37.8,39.5,39.4,35.8,40.4,37.2,39.1,37.5,44.6,36.2,40.3,44.3,44.3,42.3,42.8,42.2,37.7,37.6,39.3,38.0,43.2,41.2,42.0,38.3,40.7,38.2,35.2,40.8,37.7,40.3,35.2
7749,34.0,35.7,33.0,41.3,41.1,44.2,43.4,39.9,43.5,42.0,42.5,43.3,42.2,42.0,43.3,43.4,39.6,38.1,41.4,41.1,41.2,41.6,43.3,40.4,39.6,40.8,44.2,41.3,39.2,43.1,41.9,42.0,36.2,36.9,37.6,36.7,41.8,35.8,43.7,35.7,44.9,39.1,38.9,36.5,38.1,37.4,36.9,37.0,40.2,35.2,44.1,42.2,40.1,34.0,37.5,35.4,36.8,38.8,38.5,35.2,39.8,36.4,38.5,35.6,43.5,35.5,39.3,43.5,43.6,41.6,41.4,40.5,35.8,36.4,37.4,36.3,42.1,40.6,41.3,37.0,39.4,36.6,35.3,40.2,36.7,39.0,34.3
7750,33.0,34.9,32.2,40.0,40.2,43.2,42.3,38.8,42.6,41.2,41.8,42.5,41.4,41.5,42.3,42.7,39.0,37.7,40.7,40.6,40.4,40.8,42.6,39.6,38.2,39.9,43.5,40.4,38.3,42.3,41.1,41.5,35.4,35.9,36.8,35.6,40.8,34.9,42.3,34.8,43.7,38.4,37.5,35.7,36.3,36.5,35.1,35.4,38.4,33.9,42.1,40.7,38.5,32.9,37.0,34.7,36.3,38.0,38.0,34.9,39.3,35.6,37.8,34.1,42.6,34.7,38.5,42.7,42.9,40.9,39.9,38.9,34.3,35.4,36.2,35.0,41.5,40.0,40.6,36.1,38.2,35.0,35.0,39.5,35.7,38.0,33.5
7751,31.4,34.2,31.6,38.8,39.5,42.3,41.4,38.4,41.9,40.7,41.1,41.6,40.7,40.8,41.5,42.1,38.2,37.1,40.0,40.2,39.6,40.2,41.8,38.7,37.6,39.2,42.9,39.7,37.7,41.8,40.3,41.0,34.5,35.1,36.0,34.9,40.0,34.5,41.2,34.0,42.5,38.0,36.6,34.7,35.2,35.5,34.0,34.2,37.0,32.8,40.8,39.3,36.9,31.8,36.6,34.1,35.9,37.4,37.5,34.3,38.8,34.9,37.3,32.8,42.0,33.9,37.7,42.1,42.2,40.3,38.2,37.6,32.9,34.6,35.1,33.9,41.0,39.3,39.9,35.2,37.5,33.8,34.4,39.0,35.0,37.2,32.8
7752,30.3,33.8,31.1,37.6,38.8,41.6,40.7,37.7,41.3,40.0,40.4,40.8,40.2,40.1,40.9,41.4,37.7,36.7,39.4,39.6,39.1,39.5,41.1,37.8,37.1,38.6,42.2,39.1,37.1,41.1,39.6,40.3,33.7,34.3,35.2,34.1,39.2,33.8,40.2,33.3,41.5,37.3,35.4,34.2,34.0,34.8,32.8,33.1,35.8,31.7,39.7,38.3,35.7,30.9,36.2,33.7,35.5,36.8,37.0,33.9,38.6,34.3,36.9,31.3,41.1,33.3,37.1,41.4,41.6,39.6,36.4,36.5,31.3,33.2,34.3,33.1,40.3,38.9,39.4,34.6,36.6,32.5,34.1,38.5,34.1,36.5,32.2
7753,29.4,33.4,30.4,36.9,38.1,40.8,39.9,36.9,40.6,39.4,40.0,40.1,39.7,39.5,40.2,41.0,37.3,36.5,38.8,38.9,38.4,39.1,40.6,37.1,36.4,37.9,41.6,38.2,36.4,40.4,39.0,40.0,33.0,33.4,34.4,33.4,38.5,33.2,39.5,32.6,40.3,36.8,34.3,33.1,33.1,34.1,31.7,32.3,34.4,30.7,38.8,37.2,34.2,30.3,35.9,33.2,35.2,36.4,36.5,33.6,38.2,33.7,36.6,30.3,40.7,32.6,36.4,40.8,40.9,38.9,34.7,35.4,30.3,32.3,33.4,31.9,39.7,38.5,38.7,33.9,35.9,31.8,33.6,38.1,33.3,35.8,31.7
7754,28.5,33.0,29.7,36.2,37.3,40.0,39.1,36.2,39.8,38.9,39.3,39.5,39.2,38.9,39.4,40.4,36.7,36.2,38.3,38.5,37.8,38.6,40.0,36.3,35.6,37.2,41.0,37.6,36.0,40.0,38.3,39.4,32.6,33.0,33.7,32.7,37.9,32.8,38.8,31.9,39.3,36.4,33.5,32.4,32.0,33.2,31.0,31.8,33.5,29.8,37.9,36.4,33.0,30.0,35.4,32.8,34.9,35.9,35.9,33.0,37.9,33.2,36.3,29.7,40.4,32.3,35.6,40.2,40.2,38.5,33.6,34.4,29.5,31.2,32.7,31.1,39.5,37.9,38.1,33.2,35.1,30.8,33.3,37.7,32.7,35.2,31.1
7755,28.1,32.8,29.5,35.4,36.7,39.2,38.5,35.9,39.3,38.2,38.8,39.0,38.6,38.5,38.9,40.0,36.3,35.6,37.9,38.1,37.2,38.1,39.7,35.8,34.9,36.6,40.4,36.9,35.5,39.5,37.8,39.1,32.1,32.4,33.2,32.1,37.1,32.6,38.1,31.3,38.5,36.1,32.9,31.6,31.4,32.7,30.2,31.0,32.6,29.1,37.0,35.7,32.0,29.3,35.0,32.5,34.6,35.6,35.5,32.8,37.5,32.8,36.1,28.7,39.9,32.0,35.0,39.6,39.5,38.2,32.2,33.7,29.0,30.8,32.1,30.4,39.1,37.5,37.7,32.5,34.5,30.1,32.8,37.5,32.3,34.7,30.7
7756,27.0,32.4,29.3,35.0,36.3,38.8,38.1,35.3,38.8,37.9,38.3,38.5,38.1,37.9,38.4,39.5,35.8,35.3,37.4,37.6,36.7,37.6,39.1,35.1,34.4,36.1,40.1,36.6,35.0,39.1,37.2,38.8,31.5,32.0,32.8,31.4,36.6,32.7,37.4,30.5,37.6,35.8,32.0,31.1,30.8,32.1,29.4,30.3,31.9,28.2,36.2,35.2,31.2,28.8,35.0,32.1,34.3,35.2,35.2,32.5,37.2,32.2,35.6,28.0,39.6,31.7,34.5,39.1,39.1,37.6,31.2,33.0,28.2,30.4,31.6,29.9,38.8,36.9,37.2,31.8,33.8,29.4,32.8,37.4,31.9,34.3,30.5
7757,26.5,32.5,29.1,34.4,35.8,38.4,37.7,35.2,38.3,37.4,38.0,38.0,37.7,37.5,37.9,39.3,35.3,35.3,37.1,37.3,36.3,37.3,38.5,34.7,33.9,35.7,39.4,36.2,34.7,38.7,36.7,38.4,31.1,31.8,32.5,31.3,36.0,32.1,36.7,30.0,36.8,35.5,31.1,30.5,30.1,31.6,29.0,29.8,31.0,27.7,35.5,34.7,30.4,28.5,34.3,31.8,34.0,34.9,34.8,32.3,36.9,31.8,35.6,27.5,39.3,31.2,33.8,38.6,38.6,37.2,29.8,32.4,27.6,30.0,30.8,29.2,38.3,36.6,36.8,31.2,33.3,28.6,32.5,37.3,31.4,33.9,30.1
7758,26.3,32.2,28.8,33.8,35.3,38.1,37.3,34.8,37.9,37.1,37.7,37.7,37.5,37.1,37.3,39.0,34.8,35.1,36.8,37.0,36.0,36.9,38.1,34.3,33.2,35.1,39.1,35.8,34.5,38.5,36.4,37.9,30.7,31.5,32.3,31.1,35.6,31.9,36.1,29.5,35.9,35.0,30.6,29.7,29.8,30.9,28.4,29.2,30.7,27.3,34.6,34.3,29.7,27.9,34.0,31.7,33.7,34.7,34.6,32.1,36.8,31.5,35.7,26.8,39.1,31.2,33.4,38.3,38.2,37.0,28.8,31.7,27.1,29.5,30.3,28.7,38.0,36.4,36.5,30.7,32.6,28.0,32.0,37.1,31.0,33.4,29.7
7759,26.3,32.4,28.9,33.3,34.9,37.4,36.8,34.4,37.5,36.7,37.6,37.5,37.2,36.8,36.8,38.6,34.5,34.8,36.6,36.9,35.8,36.6,37.9,33.9,32.6,34.6,39.0,35.5,34.2,38.1,36.0,37.7,30.1,31.2,32.2,30.9,35.7,32.1,35.7,29.2,35.5,35.7,30.0,29.3,29.4,31.2,28.0,29.4,30.3,26.8,34.2,34.1,29.2,27.9,33.9,31.5,33.4,34.7,34.4,31.9,36.6,31.1,35.6,26.6,39.0,31.0,33.2,37.9,37.9,36.7,28.2,31.4,27.3,29.1,30.0,28.3,37.9,36.2,36.1,30.2,32.2,27.7,31.9,37.0,30.4,33.2,29.4
7760,32.4,35.6,34.1,33.4,35.7,37.8,37.4,35.4,38.8,37.7,39.4,38.6,39.2,37.4,37.5,39.7,36.1,36.0,38.5,39.4,36.7,37.8,38.9,34.4,32.8,35.5,39.6,36.4,35.4,39.3,36.7,39.4,30.4,32.0,32.6,31.7,40.1,35.1,36.1,33.5,37.4,41.5,30.6,31.3,33.6,35.7,30.9,34.9,38.0,27.5,36.2,36.2,32.8,31.7,33.6,32.4,33.6,35.1,34.3,32.8,37.3,30.9,36.3,31.2,39.3,32.0,34.1,38.4,40.2,38.7,32.2,31.8,32.2,31.1,35.2,29.8,40.2,37.8,37.3,30.5,32.7,27.5,32.2,38.3,30.7,34.0,30.1
7761,38.5,40.6,41.1,39.1,39.5,41.2,41.3,39.2,42.0,40.6,42.3,41.7,42.4,40.2,41.4,42.5,40.2,38.9,42.0,42.1,40.4,41.2,42.5,37.6,37.4,39.9,41.9,40.0,38.7,42.6,40.3,42.0,34.1,35.4,35.1,35.2,45.8,40.4,41.0,38.6,40.8,47.1,35.4,36.0,38.6,41.9,34.7,40.2,45.8,33.1,43.9,40.0,38.7,37.3,35.6,34.9,36.4,38.3,35.8,35.3,39.2,32.4,38.9,37.6,40.9,35.6,37.8,41.0,43.7,41.8,38.5,38.1,38.2,36.7,40.8,36.2,43.4,40.3,40.4,35.2,36.7,31.5,35.2,40.6,33.8,37.3,33.8
7762,44.2,44.5,46.1,45.7,43.4,44.8,45.1,43.0,44.9,43.4,45.0,44.7,45.3,43.0,44.9,45.1,43.7,41.4,44.8,44.7,43.8,44.0,46.1,41.0,42.3,44.0,44.6,43.9,41.8,45.5,43.6,44.4,38.2,39.2,38.0,38.6,50.1,44.4,46.3,43.0,44.4,51.1,41.0,39.7,43.9,46.7,39.2,44.6,51.9,38.6,49.2,43.9,44.3,42.5,38.3,37.6,39.5,41.1,38.4,37.6,40.9,35.4,41.2,43.1,42.8,39.0,41.2,43.7,46.6,44.3,44.1,45.4,43.8,41.7,45.5,41.0,46.0,42.7,43.5,40.7,41.3,36.5,38.4,42.8,38.2,40.9,37.3
7763,49.0,47.4,49.2,50.8,47.0,48.0,48.4,46.5,47.5,45.8,47.3,47.5,47.8,45.4,48.2,47.3,46.8,43.4,47.1,46.8,46.7,46.4,49.0,44.3,46.9,47.7,47.2,47.2,44.7,48.2,46.6,46.8,41.9,42.7,40.7,41.5,53.6,47.2,50.7,46.6,47.7,53.6,46.0,42.9,48.4,50.1,44.2,48.1,55.8,43.3,53.4,47.2,49.6,46.4,40.9,39.9,42.3,43.7,40.8,39.7,42.6,38.4,43.1,47.3,45.0,41.6,44.2,46.1,49.0,46.7,49.6,50.7,48.4,44.9,49.1,45.3,48.1,44.8,46.0,45.5,45.6,41.8,40.6,44.5,42.0,43.8,40.3
7764,52.9,49.7,51.2,54.3,49.8,50.6,51.0,49.5,49.4,47.7,49.0,49.6,49.6,47.5,50.8,49.1,49.0,44.9,48.9,48.3,49.2,48.3,51.3,47.1,50.2,50.6,49.3,49.8,46.9,50.1,49.0,48.8,44.9,45.5,43.1,43.9,56.1,49.3,54.4,49.3,50.6,55.2,49.8,45.5,51.9,52.3,48.0,50.9,58.8,46.8,56.7,50.1,53.5,49.1,42.9,41.7,44.1,45.8,43.0,41.2,43.9,40.9,44.7,50.4,47.2,43.6,46.8,48.0,50.9,48.5,54.0,54.3,52.0,47.7,51.8,48.4,49.8,46.4,48.1,49.1,48.9,45.9,42.6,45.8,44.8,46.3,42.6
7765,55.3,51.0,52.3,56.4,52.0,52.7,53.1,51.6,50.7,49.3,50.3,51.1,50.9,49.0,52.7,50.5,50.8,46.0,50.1,49.4,51.1,49.7,53.1,49.2,52.8,52.7,50.9,51.8,48.9,51.7,51.1,50.3,47.0,47.4,44.8,45.7,58.0,50.7,57.0,51.1,52.7,56.2,52.6,47.6,54.2,53.6,50.6,52.9,60.9,49.1,59.1,52.2,56.4,50.9,44.1,42.9,45.5,47.2,44.6,42.4,44.8,43.0,46.0,52.3,49.2,45.2,48.9,49.7,52.2,49.7,56.4,56.8,54.1,49.6,53.6,50.5,50.9,47.7,49.6,51.7,51.3,49.0,44.1,46.7,46.9,48.2,44.5
7766,55.7,51.2,52.3,58.0,53.4,53.7,54.4,52.7,51.5,50.3,51.0,52.1,51.6,50.0,53.8,51.2,52.0,46.4,50.7,49.8,52.3,50.7,54.2,50.5,54.2,54.0,51.9,52.9,49.9,52.5,52.5,50.9,48.3,48.5,46.0,46.9,59.2,51.0,58.5,52.3,54.4,56.5,54.1,49.1,55.7,54.4,52.2,53.7,62.0,50.7,60.7,53.5,58.1,50.7,45.1,43.5,46.3,48.0,45.7,42.8,45.3,44.5,46.6,53.2,50.5,46.0,50.1,50.6,52.9,50.5,58.0,57.9,55.3,50.8,54.6,51.6,51.4,48.2,50.7,53.1,52.6,50.8,45.0,47.0,48.3,49.2,45.8
7767,55.4,50.6,52.0,58.6,53.8,54.3,54.9,53.0,51.5,50.5,51.0,52.4,51.8,50.4,54.3,51.6,52.3,46.2,50.6,49.6,52.5,51.0,54.5,50.9,54.4,54.4,52.2,53.1,50.3,52.8,52.9,50.8,48.7,48.9,46.6,47.5,59.1,50.3,59.2,52.4,55.3,55.8,54.7,49.6,55.9,54.5,53.0,53.8,62.0,51.0,61.1,53.7,59.1,50.8,45.3,43.3,46.4,48.1,46.3,42.5,44.9,45.2,46.4,53.3,51.1,45.7,50.4,50.9,53.2,50.5,58.2,57.8,54.9,51.2,54.3,51.8,51.4,48.1,51.0,53.4,53.2,51.9,45.5,46.7,48.9,49.5,46.2
7768,53.6,47.5,48.4,58.5,53.1,53.7,54.3,52.5,50.5,49.6,50.1,52.0,50.8,49.9,53.4,50.8,51.5,44.5,49.3,48.3,51.8,50.0,53.8,50.1,54.2,53.8,51.5,52.5,49.4,52.1,52.2,49.9,48.1,48.3,46.2,46.5,57.4,47.7,58.7,51.2,55.2,52.9,54.4,49.0,53.5,52.4,52.4,52.0,60.1,50.8,60.6,52.8,58.9,47.6,44.3,41.7,45.3,47.2,46.0,40.8,43.4,45.0,44.7,51.6,50.9,43.9,49.5,50.3,52.3,49.4,57.7,58.4,53.5,50.7,52.4,50.8,50.4,46.9,50.2,53.2,52.5,51.4,44.6,45.4,48.3,48.8,45.4
7769,45.7,42.4,41.3,56.2,50.1,51.4,51.5,49.3,47.8,46.7,47.6,50.1,47.5,47.7,50.8,48.3,48.1,41.9,46.8,45.4,48.7,47.5,50.7,47.3,51.3,50.8,49.6,49.4,46.2,49.2,49.6,46.6,44.6,45.0,43.8,43.8,51.4,42.7,56.3,46.5,53.1,46.1,51.6,45.5,47.4,46.8,49.1,46.8,53.7,47.6,58.0,49.7,56.3,41.1,41.8,39.5,42.1,44.0,44.3,38.2,42.3,43.2,42.5,46.4,48.9,40.9,46.0,48.2,49.4,46.7,54.3,56.0,47.5,47.1,46.8,47.4,47.4,44.6,47.1,50.2,49.3,48.6,41.3,43.7,45.5,46.0,42.0
7770,41.0,39.5,37.9,50.3,46.0,48.1,48.0,45.1,46.1,44.4,45.6,47.5,45.1,45.3,47.3,46.3,43.7,40.4,44.6,43.6,45.1,44.8,46.8,44.1,45.2,45.6,47.7,45.9,42.8,46.0,46.5,44.2,40.7,41.4,41.4,40.2,47.4,39.5,50.9,42.5,50.5,43.1,45.6,40.3,44.5,42.7,45.3,42.8,49.4,41.6,52.5,47.2,48.5,38.0,39.8,38.0,39.9,41.5,41.9,37.0,41.2,40.3,40.9,42.2,46.8,38.7,42.8,46.3,46.6,44.4,47.3,48.8,42.3,42.2,43.2,42.0,45.3,42.8,44.2,44.0,44.5,44.0,36.8,42.5,41.7,43.2,38.4
7771,37.9,37.8,35.5,46.5,43.9,46.4,46.1,42.6,45.0,43.4,44.2,45.5,43.8,43.8,45.6,45.0,41.6,39.5,42.9,42.4,43.1,43.5,45.2,42.5,42.2,43.3,46.4,43.8,41.1,44.7,44.3,43.1,38.6,39.7,39.7,38.5,45.1,37.9,47.6,39.4,47.1,41.7,42.7,38.1,41.9,39.6,41.7,40.2,45.5,38.7,48.7,45.6,43.8,36.5,38.8,36.8,38.7,40.0,40.3,36.4,40.6,38.1,39.8,39.5,45.4,37.2,41.4,45.1,45.3,42.9,44.5,44.7,39.8,39.0,41.0,39.8,43.9,41.7,43.0,40.4,42.3,40.4,35.6,41.4,39.4,41.6,36.4
7772,35.9,36.6,33.8,43.6,42.3,45.4,44.6,41.2,44.1,42.5,43.0,44.3,42.8,43.0,44.5,44.1,40.3,38.6,41.9,41.5,42.1,42.3,44.1,41.5,40.9,41.9,45.3,42.5,40.0,43.8,42.9,42.4,37.3,38.3,38.7,37.4,43.3,36.7,45.7,37.4,46.1,40.2,40.6,36.9,40.0,38.3,39.0,38.2,42.3,36.6,45.7,43.6,41.4,35.0,38.0,35.8,37.6,39.3,39.0,35.4,40.1,36.8,38.7,37.2,44.1,35.9,39.8,44.3,44.2,41.9,42.6,42.4,37.8,37.4,39.1,37.9,42.9,40.8,42.0,38.4,40.7,38.2,35.0,40.8,37.6,40.2,35.1
7773,34.1,35.7,33.2,41.4,41.1,44.4,43.6,40.0,43.3,42.0,42.2,43.0,41.9,42.0,43.4,43.3,39.6,37.8,41.1,40.9,41.4,41.5,43.3,40.5,39.9,41.0,44.2,41.3,39.0,43.0,41.9,41.8,36.1,36.9,37.6,36.7,41.9,35.9,43.9,35.7,44.7,39.4,39.1,36.2,38.3,37.5,36.6,36.7,40.2,35.2,43.9,41.9,39.9,34.1,37.3,35.0,36.6,38.6,38.1,34.9,39.6,36.1,38.1,35.4,43.0,35.1,38.9,43.5,43.5,41.2,41.2,40.7,35.8,36.3,37.2,36.3,41.9,40.3,41.3,37.1,39.5,36.6,35.1,40.1,36.6,39.0,34.2
7774,33.2,35.0,32.3,40.3,40.2,43.3,42.4,38.9,42.5,41.4,41.5,42.3,41.1,41.5,42.5,42.6,39.0,37.3,40.3,40.3,40.5,40.9,42.7,39.6,38.5,40.1,43.6,40.6,38.3,42.2,41.1,41.3,35.3,36.0,36.8,35.6,41.0,35.0,42.4,34.7,43.5,38.7,37.6,35.5,36.4,36.7,34.9,35.1,38.4,34.0,42.0,40.4,38.4,33.0,36.8,34.3,36.2,37.8,37.5,34.5,39.0,35.2,37.4,33.9,42.1,34.4,38.0,42.7,42.8,40.5,39.8,39.2,34.5,35.2,36.0,35.1,41.2,39.6,40.6,36.2,38.3,35.0,34.7,39.4,35.7,38.0,33.5
7775,31.5,34.3,31.8,39.0,39.6,42.4,41.6,38.4,41.8,40.9,40.9,41.5,40.4,40.8,41.7,42.2,38.3,36.8,39.7,39.9,39.8,40.2,41.9,38.7,37.8,39.4,42.9,39.9,37.9,41.8,40.4,40.8,34.4,35.2,36.0,34.9,40.1,34.6,41.4,33.9,42.3,38.4,36.8,34.6,35.2,35.6,33.8,33.9,37.0,32.8,40.7,39.0,36.9,31.9,36.4,33.7,35.6,37.2,37.0,33.9,38.5,34.6,36.9,32.6,41.4,33.6,37.3,42.1,42.1,39.9,38.1,38.0,33.1,34.5,34.9,34.0,40.7,39.0,39.9,35.2,37.5,33.8,34.1,38.9,34.9,37.3,32.8
7776,30.4,33.9,31.2,37.8,38.8,41.8,40.8,37.8,41.2,40.1,40.2,40.7,39.9,40.2,41.0,41.4,37.8,36.3,39.2,39.3,39.3,39.6,41.3,37.8,37.3,38.8,42.2,39.3,37.3,41.1,39.7,40.3,33.6,34.3,35.2,34.2,39.3,34.0,40.5,33.1,41.3,37.5,35.6,34.0,34.0,34.8,32.6,32.8,35.8,31.7,39.6,38.1,35.6,31.0,35.9,33.2,35.4,36.6,36.5,33.5,38.4,34.0,36.4,31.2,40.6,32.9,36.7,41.5,41.4,39.1,36.3,36.8,31.4,33.2,34.2,33.1,40.1,38.6,39.5,34.7,36.8,32.6,33.8,38.4,34.1,36.6,32.1
7777,29.5,33.5,30.5,37.0,38.2,40.9,40.1,37.0,40.6,39.5,39.8,40.0,39.5,39.6,40.4,41.1,37.4,36.1,38.6,38.6,38.6,39.2,40.7,37.1,36.7,38.1,41.7,38.5,36.7,40.5,39.2,40.0,33.0,33.4,34.5,33.4,38.6,33.3,39.7,32.5,40.2,37.0,34.5,33.0,33.2,34.3,31.6,32.1,34.3,30.8,38.7,37.0,34.2,30.4,35.7,32.7,35.0,36.2,36.0,33.1,37.9,33.4,36.1,30.1,40.2,32.2,36.0,40.9,40.8,38.6,34.6,35.6,30.4,32.3,33.2,32.1,39.6,38.2,38.9,34.0,36.0,31.9,33.3,38.0,33.4,35.9,31.6
7778,28.8,33.1,29.9,36.4,37.6,40.2,39.3,36.4,39.8,39.1,39.1,39.6,39.0,39.1,39.6,40.6,36.9,35.8,38.1,38.3,38.0,38.7,40.2,36.4,35.9,37.4,41.1,37.8,36.2,40.1,38.5,39.5,32.4,32.9,33.8,32.8,38.0,32.9,39.0,31.7,39.2,36.7,33.7,32.3,32.2,33.2,30.9,31.6,33.4,30.0,37.8,36.2,32.9,30.0,35.2,32.3,34.7,35.6,35.4,32.6,37.7,32.8,35.8,29.5,39.9,31.7,35.2,40.3,40.2,38.2,33.6,34.5,29.6,31.2,32.5,31.2,39.3,37.8,38.4,33.2,35.3,30.9,32.9,37.7,32.8,35.4,31.1
7779,28.3,33.0,29.7,35.6,37.0,39.4,38.7,36.2,39.4,38.5,38.7,39.1,38.5,38.7,39.0,40.1,36.5,35.1,37.8,37.8,37.4,38.3,39.9,35.8,35.1,36.8,40.6,37.2,35.7,39.7,38.0,39.1,31.9,32.4,33.3,32.3,37.2,32.7,38.3,31.2,38.4,36.4,33.2,31.6,31.6,32.8,30.1,30.7,32.4,29.1,36.9,35.5,32.0,29.4,34.9,31.9,34.4,35.3,35.0,32.3,37.2,32.4,35.5,28.5,39.5,31.4,34.6,39.8,39.5,37.9,32.1,33.7,29.0,30.8,31.9,30.5,38.9,37.4,38.0,32.6,34.8,30.1,32.5,37.4,32.4,34.8,30.7
7780,27.2,32.4,29.5,35.1,36.5,39.1,38.3,35.5,38.9,38.1,38.2,38.6,38.0,38.1,38.5,39.7,36.0,34.9,37.4,37.4,37.0,37.8,39.2,35.2,34.6,36.3,40.2,36.8,35.3,39.3,37.4,38.9,31.3,32.0,32.9,31.6,36.6,32.7,37.6,30.4,37.5,36.1,32.2,31.0,31.0,32.2,29.3,30.0,31.7,28.3,36.1,34.9,31.1,28.9,34.7,31.5,34.1,35.0,34.7,31.9,37.0,31.8,34.9,27.8,39.2,31.1,34.0,39.3,39.1,37.4,31.1,33.1,28.3,30.3,31.4,30.0,38.6,36.9,37.4,32.0,34.0,29.4,32.4,37.3,31.8,34.4,30.4
7781,26.7,32.6,29.2,34.4,36.1,38.6,37.9,35.4,38.4,37.6,37.9,38.2,37.8,37.7,38.1,39.5,35.5,34.8,37.0,37.2,36.6,37.5,38.7,34.9,34.0,35.8,39.6,36.5,34.9,39.0,36.9,38.5,30.9,31.8,32.5,31.4,36.1,32.0,36.9,29.9,36.8,35.8,31.3,30.5,30.2,31.6,28.9,29.5,30.7,27.8,35.5,34.5,30.4,28.6,34.1,31.2,33.8,34.7,34.3,31.8,36.7,31.4,35.0,27.4,38.9,30.6,33.4,38.8,38.7,37.0,29.8,32.6,27.8,29.9,30.6,29.4,38.1,36.6,37.1,31.4,33.5,28.6,32.1,37.1,31.4,34.1,30.0
7782,26.5,32.1,28.9,33.8,35.5,38.3,37.5,35.0,38.1,37.3,37.6,37.8,37.6,37.4,37.6,39.2,35.0,34.6,36.8,36.9,36.2,37.2,38.3,34.4,33.3,35.3,39.2,36.1,34.7,38.8,36.6,38.1,30.5,31.5,32.3,31.2,35.6,31.8,36.3,29.5,35.8,35.3,30.8,29.6,30.1,31.0,28.4,29.0,30.5,27.4,34.5,34.0,29.7,28.0,33.8,31.1,33.5,34.5,34.1,31.5,36.5,31.1,35.1,26.6,38.7,30.4,33.0,38.5,38.3,36.8,28.8,31.8,27.2,29.4,30.1,28.8,37.9,36.3,36.8,30.8,32.8,28.1,31.5,36.9,30.9,33.6,29.6
7783,26.5,32.4,28.9,33.3,35.1,37.7,37.0,34.6,37.7,37.0,37.5,37.7,37.4,37.1,37.0,38.9,34.7,34.3,36.6,36.8,36.0,36.9,38.2,34.0,32.8,34.8,39.2,35.8,34.4,38.4,36.2,37.9,30.0,31.2,32.2,30.9,35.8,32.0,35.8,29.1,35.4,35.8,30.2,29.3,29.7,31.2,27.9,29.1,30.2,26.8,34.0,33.8,29.2,27.9,33.7,30.9,33.2,34.5,33.9,31.3,36.3,30.6,35.1,26.4,38.5,30.3,32.7,38.1,38.0,36.7,28.1,31.5,27.2,29.0,29.7,28.5,37.8,36.2,36.4,30.4,32.4,27.7,31.5,36.9,30.4,33.5,29.3
7784,32.5,35.3,34.0,33.4,35.7,38.0,37.6,35.4,39.0,37.9,39.3,38.7,39.2,37.7,37.7,39.9,36.2,35.4,38.4,39.1,36.9,38.0,39.0,34.4,32.9,35.6,39.8,36.5,35.5,39.5,36.8,39.5,30.2,31.9,32.4,31.6,40.1,34.8,36.2,33.3,37.3,41.4,30.7,31.1,33.7,35.5,30.8,34.4,37.5,27.6,35.9,35.8,32.6,31.6,33.4,31.7,33.3,34.9,33.9,32.1,36.9,30.4,35.7,31.0,38.9,31.1,33.6,38.6,40.2,38.6,32.0,31.9,32.0,30.8,34.7,29.6,40.1,37.7,37.4,30.6,32.7,27.5,31.6,38.1,30.6,34.1,29.9
7785,38.5,40.2,41.0,38.9,39.5,41.2,41.3,39.2,42.1,40.7,42.3,41.8,42.5,40.4,41.3,42.6,40.4,38.3,41.9,42.0,40.5,41.2,42.6,37.5,37.4,39.9,42.0,40.0,38.8,42.8,40.3,42.1,33.9,35.3,34.9,35.1,45.7,39.9,41.0,38.4,40.6,47.1,35.3,35.8,38.7,41.5,34.5,39.6,45.2,32.9,43.5,39.5,38.5,37.1,35.4,34.2,36.0,37.9,35.3,34.6,38.8,32.0,38.3,37.2,40.4,35.0,37.3,41.1,43.7,41.7,38.3,38.1,38.0,36.4,40.3,36.0,43.3,40.3,40.5,35.2,36.6,31.4,34.6,40.3,33.7,37.3,33.6
7786,44.1,44.1,46.1,45.4,43.3,44.8,45.1,42.9,45.0,43.4,45.0,44.8,45.4,43.1,44.9,45.2,43.7,40.9,44.7,44.6,43.8,44.1,46.1,40.8,42.2,43.9,44.7,43.8,41.8,45.6,43.6,44.5,37.9,39.0,37.8,38.5,50.1,43.9,46.2,42.8,44.1,51.0,40.9,39.5,43.8,46.2,39.0,44.0,51.2,38.3,48.7,43.3,44.0,42.3,38.0,36.9,39.2,40.7,37.9,37.0,40.5,35.0,40.6,42.6,42.4,38.3,40.7,43.8,46.6,44.3,43.9,45.3,43.5,41.3,44.9,40.7,46.0,42.7,43.5,40.6,41.1,36.3,37.7,42.5,38.1,40.8,37.1
7787,48.9,47.0,49.1,50.5,46.8,48.0,48.3,46.4,47.4,45.7,47.2,47.5,47.9,45.5,48.2,47.4,46.7,42.9,47.1,46.7,46.7,46.5,49.1,44.1,46.8,47.5,47.1,47.1,44.7,48.3,46.5,46.8,41.6,42.5,40.6,41.4,53.5,46.7,50.6,46.3,47.5,53.4,45.9,42.6,48.3,49.6,43.9,47.5,55.0,42.9,52.8,46.6,49.2,46.1,40.5,39.2,41.8,43.2,40.3,39.0,42.2,38.0,42.5,46.8,44.6,41.0,43.7,46.1,48.9,46.7,49.3,50.6,48.0,44.6,48.5,44.9,48.1,44.8,46.0,45.4,45.4,41.6,40.0,44.1,41.8,43.7,40.0
7788,52.6,49.3,51.1,54.0,49.7,50.5,50.9,49.3,49.3,47.6,49.0,49.7,49.7,47.4,50.7,49.2,48.9,44.4,48.8,48.2,49.1,48.4,51.4,46.9,50.0,50.5,49.2,49.7,46.9,50.2,48.9,48.8,44.6,45.3,42.9,43.7,56.1,48.8,54.2,49.1,50.4,55.1,49.6,45.2,51.6,51.7,47.7,50.1,57.9,46.2,56.1,49.4,53.1,48.7,42.5,41.1,43.6,45.3,42.5,40.6,43.5,40.4,44.3,49.7,46.8,43.0,46.2,48.0,50.7,48.5,53.6,54.1,51.4,47.3,51.2,47.8,49.8,46.4,48.0,49.0,48.7,45.7,42.0,45.4,44.6,46.2,42.4
7789,54.9,50.6,52.0,56.1,51.8,52.6,52.9,51.4,50.6,49.1,50.3,51.2,50.9,49.0,52.5,50.6,50.6,45.5,50.1,49.3,51.0,49.7,53.1,49.0,52.6,52.5,50.8,51.6,48.7,51.8,50.9,50.3,46.7,47.1,44.6,45.5,57.9,50.3,56.8,50.9,52.5,56.0,52.4,47.2,53.8,53.1,50.2,52.0,60.0,48.5,58.5,51.5,56.0,50.5,43.6,42.3,44.9,46.6,44.2,41.7,44.4,42.5,45.5,51.6,48.8,44.7,48.3,49.6,52.0,49.8,55.9,56.6,53.5,49.1,52.9,49.8,50.8,47.8,49.5,51.5,51.1,48.8,43.6,46.2,46.7,48.0,44.2
7790,55.2,50.6,51.9,57.6,53.3,53.6,54.3,52.5,51.3,50.0,51.0,52.1,51.7,49.9,53.7,51.2,51.8,46.0,50.7,49.8,52.1,50.7,54.1,50.2,54.0,53.8,51.7,52.7,49.7,52.6,52.3,50.8,48.1,48.2,45.8,46.7,59.0,50.4,58.3,51.9,54.1,56.2,53.9,48.6,55.2,53.8,51.9,52.8,61.0,49.9,60.1,52.7,57.7,50.2,44.6,42.9,45.8,47.4,45.2,42.3,44.9,44.0,46.1,52.6,50.1,45.5,49.5,50.5,52.8,50.5,57.5,57.6,54.7,50.3,53.8,50.9,51.4,48.3,50.5,52.9,52.4,50.5,44.6,46.6,48.1,49.1,45.5
7791,55.1,50.0,51.6,58.2,53.6,54.2,54.8,52.8,51.3,50.3,51.0,52.4,51.8,50.2,54.1,51.5,52.1,45.8,50.6,49.6,52.3,50.9,54.5,50.6,54.1,54.3,52.0,52.9,50.1,52.9,52.7,50.9,48.5,48.7,46.4,47.2,58.8,49.7,59.0,52.0,55.0,55.5,54.4,49.1,55.4,53.8,52.6,52.9,60.9,50.1,60.5,52.9,58.6,50.3,44.7,42.7,45.8,47.6,45.8,41.9,44.5,44.7,45.8,52.6,50.7,45.2,49.9,50.7,53.0,50.6,57.7,57.4,54.4,50.7,53.5,51.0,51.3,48.1,50.8,53.1,53.0,51.5,45.0,46.3,48.7,49.3,46.0
7792,53.1,46.9,47.9,58.2,52.9,53.5,54.1,52.3,50.4,49.4,50.1,51.9,50.8,49.7,53.2,50.7,51.3,44.1,49.3,48.2,51.6,49.9,53.7,49.8,53.9,53.6,51.3,52.3,49.2,52.2,52.0,49.9,47.9,48.1,45.9,46.3,57.1,47.0,58.5,50.7,54.8,52.6,54.1,48.5,52.9,51.7,52.0,51.0,59.1,49.9,59.9,52.0,58.3,47.0,43.8,41.1,44.8,46.7,45.5,40.2,43.0,44.5,44.0,50.9,50.4,43.4,48.9,50.1,52.1,49.4,57.2,58.1,52.9,50.2,51.6,50.0,50.3,46.9,50.0,52.9,52.2,51.0,44.1,45.0,48.1,48.6,45.1
7793,45.3,41.9,41.0,55.8,49.9,51.2,51.4,49.1,47.6,46.5,47.6,50.0,47.5,47.6,50.7,48.2,48.0,41.4,46.8,45.3,48.5,47.3,50.6,47.0,51.0,50.6,49.3,49.1,46.0,49.2,49.4,46.6,44.3,44.7,43.5,43.5,51.1,42.1,56.1,46.0,52.6,45.9,51.2,44.9,47.0,46.3,48.7,45.9,52.8,46.8,57.3,48.9,55.7,40.6,41.2,38.9,41.6,43.4,43.7,37.5,41.8,42.7,41.8,45.7,48.4,40.4,45.4,48.0,49.2,46.7,53.8,55.7,47.0,46.6,46.0,46.6,47.4,44.6,46.9,49.9,48.9,48.1,40.7,43.3,45.1,45.7,41.7
7794,40.6,39.1,37.6,50.1,45.8,48.0,47.9,44.9,46.0,44.2,45.7,47.5,45.2,45.2,47.1,46.2,43.6,40.0,44.6,43.6,45.0,44.8,46.8,43.8,45.0,45.4,47.5,45.7,42.6,46.2,46.3,44.3,40.4,41.0,41.0,39.8,47.1,39.0,50.6,42.0,50.0,42.8,45.3,39.9,44.1,42.3,44.9,41.9,48.4,40.9,52.0,46.5,48.0,37.7,39.4,37.3,39.4,41.0,41.4,36.4,40.8,39.9,40.2,41.6,46.3,38.1,42.2,46.2,46.5,44.5,47.0,48.6,41.9,41.8,42.4,41.3,45.4,42.8,44.1,43.7,44.1,43.7,36.3,42.1,41.4,42.9,38.1
7795,37.6,37.4,35.3,46.2,43.6,46.4,46.0,42.4,44.8,43.3,44.3,45.5,43.9,43.8,45.5,44.9,41.5,39.0,43.0,42.4,43.0,43.5,45.2,42.2,42.0,43.0,46.2,43.7,40.9,44.7,44.1,43.2,38.2,39.4,39.3,38.2,44.8,37.4,47.4,39.0,46.6,41.5,42.4,37.8,41.5,39.2,41.3,39.4,44.7,38.0,48.2,44.8,43.5,36.1,38.4,36.1,38.3,39.5,39.8,35.8,40.2,37.8,39.1,38.9,45.0,36.5,40.8,45.0,45.2,43.0,44.2,44.5,39.3,38.7,40.4,39.1,43.9,41.8,42.9,40.2,42.0,40.0,35.2,41.1,39.1,41.3,36.0
7796,35.6,36.3,33.7,43.3,42.0,45.3,44.5,40.9,44.0,42.4,43.1,44.3,43.0,42.9,44.3,44.1,40.2,38.1,42.0,41.6,42.0,42.3,44.1,41.2,40.7,41.7,45.1,42.3,39.7,43.8,42.7,42.6,36.9,38.0,38.3,37.0,43.0,36.3,45.4,37.0,45.6,40.1,40.3,36.6,39.5,37.9,38.6,37.5,41.6,35.9,45.2,42.8,41.1,34.6,37.7,35.2,37.1,38.8,38.6,34.9,39.7,36.5,38.1,36.6,43.7,35.2,39.3,44.1,44.1,42.0,42.3,42.2,37.2,37.0,38.4,37.3,43.0,40.9,41.9,38.1,40.4,38.0,34.7,40.4,37.4,40.0,34.6
7797,33.7,35.5,32.9,41.1,40.9,44.2,43.5,39.8,43.2,41.8,42.3,43.1,42.0,42.0,43.3,43.3,39.5,37.3,41.2,41.0,41.3,41.5,43.3,40.2,39.6,40.9,44.2,41.2,38.8,43.0,41.8,41.9,35.8,36.6,37.1,36.2,41.7,35.5,43.6,35.3,44.3,39.2,38.9,35.9,37.9,37.2,36.3,36.0,39.4,34.6,43.5,41.2,39.6,33.7,36.9,34.4,36.2,38.2,37.7,34.3,39.2,35.8,37.5,34.8,42.6,34.5,38.3,43.4,43.5,41.2,40.9,40.5,35.4,36.0,36.5,35.7,42.0,40.3,41.2,36.9,39.2,36.3,34.7,39.6,36.4,38.8,33.8
7798,32.8,34.9,32.2,39.9,40.0,43.2,42.3,38.7,42.4,41.1,41.6,42.4,41.2,41.5,42.5,42.6,38.8,36.8,40.4,40.4,40.4,40.8,42.7,39.4,38.2,39.8,43.5,40.4,38.1,42.2,41.0,41.4,34.9,35.7,36.3,35.2,40.8,34.8,42.2,34.5,43.2,38.4,37.5,35.3,36.1,36.3,34.6,34.5,37.7,33.3,41.5,39.7,38.0,32.6,36.5,33.7,35.9,37.5,37.1,33.9,38.6,35.0,36.7,33.2,41.7,33.8,37.4,42.6,42.8,40.5,39.5,39.0,34.0,34.9,35.3,34.6,41.4,39.6,40.5,36.0,38.0,34.7,34.2,39.0,35.4,37.9,33.0
7799,31.3,34.1,31.6,38.6,39.5,42.3,41.5,38.2,41.7,40.6,40.9,41.7,40.5,40.8,41.5,42.2,38.2,36.3,39.7,40.0,39.7,40.2,41.8,38.5,37.5,39.2,42.8,39.7,37.7,41.8,40.2,40.9,34.0,34.9,35.6,34.5,39.9,34.3,41.1,33.7,42.0,38.1,36.6,34.3,34.9,35.2,33.6,33.3,36.3,32.2,40.3,38.4,36.5,31.6,36.0,33.1,35.3,36.8,36.6,33.4,38.2,34.4,36.3,32.0,41.0,33.1,36.7,42.0,42.1,39.9,37.9,37.7,32.6,34.1,34.3,33.6,40.9,39.0,39.9,35.0,37.3,33.6,33.7,38.5,34.7,37.1,32.4
7800,30.1,33.6,31.1,37.4,38.6,41.5,40.6,37.6,41.1,39.9,40.3,40.8,40.1,40.1,40.8,41.4,37.7,35.7,39.2,39.4,39.1,39.6,41.2,37.6,36.9,38.6,42.0,39.1,37.0,41.2,39.5,40.3,33.3,34.0,34.9,33.8,39.1,33.8,40.2,32.9,41.0,37.2,35.3,33.8,33.7,34.5,32.4,32.2,35.0,31.1,39.2,37.4,35.2,30.8,35.6,32.6,35.1,36.3,36.2,33.0,38.0,33.8,35.8,30.6,40.2,32.3,36.0,41.4,41.4,39.2,36.0,36.5,31.0,32.9,33.5,32.6,40.3,38.7,39.4,34.4,36.6,32.3,33.4,38.1,33.8,36.4,31.7
7801,29.3,33.2,30.3,36.6,38.0,40.7,39.9,36.8,40.4,39.3,39.9,40.2,39.6,39.5,40.1,41.1,37.2,35.5,38.6,38.8,38.5,39.1,40.6,36.9,36.3,37.9,41.5,38.3,36.3,40.4,39.0,40.0,32.6,33.1,34.1,33.1,38.5,33.1,39.5,32.2,39.9,36.7,34.2,32.8,32.8,33.9,31.4,31.5,33.6,30.3,38.3,36.2,33.7,30.1,35.3,32.1,34.7,35.9,35.6,32.5,37.6,33.2,35.5,29.6,39.8,31.6,35.5,40.8,40.8,38.6,34.4,35.2,30.0,32.0,32.5,31.5,39.8,38.3,38.8,33.6,35.8,31.6,32.8,37.7,33.1,35.7,31.2
7802,28.6,32.7,29.7,36.0,37.4,40.0,39.1,36.1,39.7,38.9,39.2,39.7,39.2,39.0,39.3,40.6,36.7,35.2,38.1,38.3,37.8,38.7,40.1,36.1,35.5,37.2,40.9,37.6,35.9,40.1,38.3,39.6,32.0,32.6,33.5,32.4,37.8,32.6,38.7,31.5,38.9,36.4,33.3,32.0,32.0,33.0,30.7,31.0,32.7,29.4,37.4,35.4,32.5,29.6,34.9,31.7,34.3,35.4,35.0,32.1,37.3,32.7,35.1,29.0,39.6,31.1,34.7,40.2,40.2,38.2,33.3,34.1,29.3,30.8,31.8,30.8,39.5,37.8,38.3,32.8,35.1,30.5,32.5,37.4,32.5,35.1,30.6
7803,28.2,32.6,29.4,35.1,36.7,39.2,38.6,35.9,39.3,38.3,38.8,39.2,38.5,38.6,38.8,40.2,36.3,34.6,37.9,37.9,37.3,38.3,39.8,35.5,34.8,36.7,40.4,37.1,35.5,39.7,37.8,39.2,31.5,32.0,33.0,31.9,37.0,32.3,38.1,31.0,38.2,36.2,32.8,31.4,31.4,32.6,29.9,30.1,31.9,28.6,36.4,34.9,31.6,29.0,34.5,31.4,34.0,35.1,34.6,31.9,36.8,32.2,34.9,27.9,39.1,30.8,34.1,39.6,39.5,37.9,31.8,33.3,28.8,30.3,31.3,30.1,39.1,37.4,37.9,32.2,34.6,29.7,32.2,37.1,32.0,34.6,30.3
7804,27.1,32.1,29.1,34.7,36.3,38.9,38.1,35.3,38.8,37.9,38.3,38.7,38.1,38.1,38.2,39.7,35.8,34.3,37.5,37.5,36.9,37.8,39.2,35.0,34.3,36.2,40.1,36.7,35.1,39.3,37.2,38.9,30.9,31.6,32.6,31.2,36.5,32.4,37.4,30.2,37.3,35.9,31.8,30.7,30.7,32.1,29.1,29.5,31.3,27.9,35.7,34.2,30.8,28.6,34.4,30.9,33.7,34.7,34.4,31.5,36.6,31.6,34.3,27.2,38.8,30.6,33.5,39.2,39.2,37.3,30.8,32.7,28.0,29.8,30.8,29.7,38.8,36.9,37.3,31.6,33.7,29.1,32.1,37.0,31.5,34.2,30.0
7805,26.6,32.2,28.8,34.0,35.8,38.4,37.8,35.2,38.3,37.5,38.0,38.3,37.8,37.6,37.9,39.5,35.4,34.3,37.1,37.3,36.5,37.5,38.6,34.5,33.7,35.7,39.4,36.3,34.7,39.0,36.8,38.5,30.6,31.5,32.1,31.1,35.9,31.6,36.7,29.7,36.5,35.6,30.9,30.2,30.0,31.4,28.7,28.9,30.3,27.4,35.0,33.8,30.0,28.3,33.7,30.6,33.5,34.4,34.0,31.3,36.3,31.2,34.4,26.8,38.5,30.1,32.9,38.7,38.7,37.0,29.5,32.3,27.6,29.4,30.0,29.1,38.3,36.6,37.0,31.0,33.2,28.3,31.7,36.8,31.0,33.9,29.7
7806,26.5,31.7,28.5,33.4,35.3,38.1,37.2,34.8,38.0,37.2,37.6,37.9,37.6,37.2,37.3,39.3,35.0,34.1,36.9,37.0,36.1,37.2,38.2,34.0,32.9,35.0,39.1,35.9,34.5,38.8,36.4,38.1,30.3,31.2,31.9,30.9,35.5,31.5,36.1,29.2,35.6,35.1,30.4,29.4,29.7,31.0,28.2,28.4,30.1,27.0,34.2,33.4,29.4,27.8,33.5,30.6,33.2,34.2,33.7,31.1,36.1,30.8,34.5,26.0,38.4,29.9,32.5,38.4,38.4,36.8,28.4,31.6,27.0,28.9,29.5,28.5,38.1,36.3,36.7,30.4,32.5,27.8,31.2,36.6,30.7,33.4,29.2
7807,26.4,32.0,28.5,32.9,34.9,37.4,36.8,34.3,37.6,36.8,37.6,37.8,37.5,36.9,36.7,38.9,34.6,33.7,36.7,36.9,35.9,36.9,38.0,33.5,32.3,34.5,39.0,35.6,34.2,38.4,36.0,37.9,29.7,30.8,31.9,30.6,35.5,31.6,35.6,28.8,35.1,35.5,29.8,29.1,29.3,30.9,27.7,28.6,29.7,26.6,33.7,33.3,28.9,27.7,33.4,30.4,32.9,34.2,33.6,30.8,35.9,30.4,34.5,25.9,38.2,29.7,32.3,37.9,38.1,36.7,27.8,31.3,26.8,28.5,29.1,28.1,37.9,36.2,36.3,30.0,32.0,27.4,31.1,36.5,30.1,33.2,28.9
7808,32.3,35.0,33.5,33.0,35.3,37.8,37.3,35.1,38.8,37.6,39.3,38.8,39.1,37.5,37.3,39.8,36.0,34.8,38.4,39.1,36.6,37.9,38.9,33.9,32.4,35.3,39.6,36.2,35.2,39.5,36.6,39.5,29.9,31.5,32.0,31.3,39.7,34.5,35.9,32.9,37.0,41.0,30.2,30.7,33.2,35.1,30.5,33.6,36.9,27.2,35.4,35.2,32.1,31.2,33.1,31.1,33.0,34.5,33.5,31.6,36.4,30.2,35.1,30.3,38.5,30.5,33.1,38.4,40.1,38.5,31.5,31.7,31.6,30.2,34.0,29.1,40.1,37.6,37.2,30.2,32.3,27.2,31.2,37.8,30.3,33.8,29.5
7809,38.3,39.8,40.4,38.4,39.0,40.9,41.0,38.8,41.9,40.3,42.2,41.7,42.3,40.1,41.0,42.4,40.1,37.6,41.8,41.9,40.2,41.0,42.5,37.0,36.9,39.4,41.8,39.7,38.4,42.8,39.9,42.0,33.5,34.8,34.5,34.7,45.2,39.5,40.7,38.0,40.2,46.6,34.8,35.4,38.3,41.1,34.1,38.9,44.4,32.4,42.9,38.8,37.8,36.7,35.0,33.6,35.6,37.4,34.9,34.0,38.3,31.6,37.5,36.5,40.0,34.3,36.7,40.8,43.5,41.5,37.6,37.8,37.5,35.8,39.6,35.5,43.2,40.1,40.2,34.8,36.1,31.0,34.1,40.0,33.4,36.8,33.1
7810,43.9,43.7,45.4,44.9,42.7,44.4,44.7,42.4,44.6,43.0,44.8,44.7,45.2,42.8,44.5,45.0,43.4,40.2,44.6,44.5,43.4,43.9,45.9,40.3,41.8,43.5,44.3,43.5,41.4,45.6,43.2,44.4,37.4,38.4,37.4,38.0,49.5,43.4,45.8,42.3,43.6,50.5,40.4,39.0,43.4,45.9,38.5,43.3,50.5,37.8,48.0,42.7,43.2,41.6,37.6,36.2,38.7,40.3,37.5,36.2,40.0,34.5,39.9,42.0,41.9,37.6,40.1,43.4,46.5,44.1,43.1,44.8,43.0,40.7,44.3,40.1,45.9,42.5,43.2,40.2,40.6,35.9,37.3,42.1,37.7,40.3,36.6
7811,48.7,46.6,48.5,49.9,46.2,47.5,47.8,45.8,47.0,45.3,47.1,47.3,47.7,45.1,47.6,47.2,46.3,42.2,46.9,46.6,46.3,46.3,48.9,43.5,46.3,47.1,46.7,46.7,44.2,48.2,46.1,46.7,41.0,41.9,40.1,40.9,52.9,46.3,50.1,45.7,46.9,52.9,45.4,42.0,47.8,49.2,43.4,46.7,54.2,42.3,52.2,45.9,48.4,45.3,40.2,38.5,41.4,42.8,39.9,38.3,41.8,37.5,41.7,46.1,44.0,40.2,43.2,45.8,48.7,46.3,48.5,50.1,47.6,44.0,47.9,44.2,48.0,44.6,45.7,44.9,44.9,41.2,39.6,43.8,41.3,43.2,39.5
7812,52.3,48.7,50.5,53.4,49.1,50.0,50.4,48.7,48.9,47.2,48.9,49.4,49.5,47.1,50.1,48.9,48.5,43.6,48.7,48.1,48.6,48.1,51.1,46.3,49.5,49.9,48.9,49.2,46.4,50.2,48.5,48.7,44.0,44.7,42.3,43.2,55.4,48.3,53.7,48.5,49.8,54.6,49.2,44.6,51.2,51.3,47.2,49.4,57.1,45.6,55.4,48.8,52.4,48.0,42.1,40.4,43.2,44.8,42.1,39.8,43.0,39.9,43.4,49.0,46.2,42.3,45.6,47.7,50.6,48.2,52.8,53.6,51.1,46.7,50.5,47.1,49.6,46.1,47.7,48.4,48.2,45.1,41.6,45.1,44.1,45.6,41.8
7813,54.7,50.0,51.4,55.5,51.2,52.0,52.4,50.7,50.2,48.6,50.2,51.0,50.8,48.6,52.0,50.3,50.2,44.7,50.0,49.2,50.5,49.5,52.9,48.4,52.1,52.0,50.4,51.1,48.2,51.8,50.4,50.2,45.9,46.5,44.0,44.9,57.2,49.7,56.3,50.2,51.8,55.5,51.9,46.6,53.4,52.7,49.7,51.2,59.0,47.8,57.8,50.8,55.2,49.7,43.2,41.6,44.5,46.2,43.8,41.1,43.8,42.1,44.6,50.9,48.2,43.9,47.7,49.2,51.9,49.5,55.2,56.1,53.2,48.6,52.2,49.0,50.7,47.4,49.2,51.0,50.6,48.1,43.1,46.0,46.0,47.5,43.6
7814,54.9,50.0,51.3,57.0,52.7,53.1,53.7,51.9,51.0,49.6,50.8,51.9,51.5,49.6,53.2,51.0,51.4,45.2,50.5,49.6,51.6,50.4,53.8,49.6,53.4,53.4,51.3,52.2,49.3,52.6,51.8,50.8,47.3,47.5,45.1,45.9,58.2,49.9,57.7,51.2,53.4,55.7,53.3,48.1,54.8,53.3,51.3,52.0,60.0,49.2,59.4,52.0,57.0,49.4,44.1,42.2,45.4,47.0,44.8,41.7,44.3,43.5,45.2,51.9,49.5,44.7,48.9,50.1,52.7,50.3,56.7,56.9,54.4,49.9,53.1,50.0,51.3,47.9,50.1,52.3,51.9,49.8,44.1,46.3,47.3,48.5,44.8
7815,54.9,49.4,51.1,57.6,53.0,53.7,54.3,52.2,50.9,49.8,50.9,52.2,51.6,49.8,53.6,51.3,51.7,44.9,50.4,49.4,51.8,50.6,54.1,50.0,53.4,53.8,51.6,52.3,49.6,52.8,52.1,50.7,47.8,47.9,45.7,46.4,58.1,49.2,58.4,51.3,54.3,55.0,53.7,48.6,55.0,53.3,52.1,52.1,60.2,49.5,59.7,52.2,57.8,49.6,44.3,42.0,45.4,47.2,45.4,41.3,43.8,44.3,45.0,51.9,50.1,44.4,49.3,50.4,52.9,50.3,56.9,57.0,54.1,50.2,52.8,50.1,51.3,47.8,50.4,52.4,52.3,50.8,44.5,46.0,47.9,48.7,45.3
7816,52.8,46.3,47.4,57.7,52.3,53.1,53.7,51.7,50.1,48.9,50.0,51.8,50.6,49.3,52.7,50.5,50.8,43.3,49.1,48.1,51.1,49.7,53.3,49.2,53.4,53.1,50.8,51.7,48.7,52.0,51.5,49.7,47.2,47.4,45.3,45.7,56.4,46.5,57.9,50.1,54.2,52.2,53.4,48.0,52.6,51.3,51.5,50.2,58.2,49.4,59.1,51.3,57.6,46.4,43.3,40.4,44.3,46.2,45.0,39.6,42.4,44.1,43.2,50.2,49.7,42.6,48.3,49.7,52.1,49.1,56.4,57.7,52.5,49.7,50.9,49.2,50.3,46.6,49.6,52.3,51.7,50.4,43.5,44.7,47.5,48.0,44.4
7817,45.1,41.5,40.6,55.2,49.3,50.8,50.9,48.6,47.2,46.0,47.4,49.8,47.4,47.1,50.2,48.0,47.5,40.6,46.7,45.4,48.0,47.0,50.2,46.4,50.4,50.1,48.9,48.6,45.4,49.1,48.9,46.5,43.7,44.1,42.8,42.8,50.6,41.6,55.5,45.5,52.0,45.5,50.5,44.4,46.6,45.9,48.2,45.2,51.9,45.9,56.6,48.2,54.9,40.0,40.7,38.2,41.2,42.9,43.3,37.0,41.1,42.2,41.0,45.0,47.8,39.5,44.8,47.6,49.2,46.4,53.0,55.2,46.6,46.1,45.4,45.8,47.4,44.4,46.5,49.3,48.3,47.6,40.0,43.0,44.5,45.1,41.1
7818,40.3,38.6,37.3,49.6,45.3,47.5,47.5,44.5,45.6,43.7,45.6,47.2,45.2,44.7,46.6,45.9,43.1,39.3,44.5,43.7,44.6,44.6,46.5,43.3,44.5,45.0,47.1,45.3,42.1,46.0,45.8,44.1,39.8,40.5,40.4,39.2,46.7,38.5,50.2,41.5,49.4,42.6,44.7,39.4,43.8,42.1,44.4,41.3,47.5,40.3,51.3,45.8,47.4,37.2,39.0,36.7,38.9,40.7,40.9,36.0,40.2,39.5,39.6,41.0,45.7,37.2,41.5,45.8,46.5,44.2,46.4,48.3,41.6,41.4,41.8,40.5,45.5,42.7,43.6,43.1,43.6,43.1,35.8,41.8,40.8,42.3,37.6
7819,37.4,37.0,35.1,45.9,43.1,45.9,45.6,41.9,44.5,42.7,44.2,45.3,43.8,43.3,45.0,44.6,41.0,38.4,43.0,42.5,42.6,43.2,44.9,41.7,41.6,42.6,45.8,43.2,40.4,44.6,43.7,43.1,37.6,38.9,38.9,37.7,44.4,37.0,47.0,38.5,46.1,41.2,41.9,37.4,41.3,39.0,40.8,38.8,43.8,37.5,47.6,44.1,43.1,35.7,38.0,35.5,37.9,39.2,39.2,35.3,39.7,37.3,38.5,38.4,44.4,35.7,40.1,44.6,45.1,42.8,43.6,44.3,39.0,38.3,39.8,38.4,44.1,41.6,42.4,39.6,41.5,39.5,34.6,40.7,38.5,40.7,35.6
7820,35.4,35.9,33.5,43.1,41.6,44.9,44.0,40.4,43.6,41.9,43.0,44.1,42.9,42.5,43.9,43.7,39.7,37.5,42.0,41.7,41.6,42.0,43.7,40.7,40.3,41.3,44.7,41.9,39.2,43.6,42.3,42.5,36.3,37.4,37.7,36.5,42.7,35.9,45.1,36.5,45.1,39.9,39.8,36.3,39.3,37.5,38.3,36.8,40.8,35.3,44.8,42.2,40.7,34.2,37.3,34.6,36.7,38.5,38.1,34.5,39.1,36.1,37.5,36.1,43.1,34.4,38.6,43.8,44.1,41.7,41.8,42.0,36.9,36.7,37.8,36.7,43.1,40.8,41.5,37.7,39.9,37.5,34.1,40.1,36.8,39.5,34.2
7821,33.6,35.2,32.8,40.9,40.4,43.8,43.0,39.3,42.7,41.3,42.2,43.0,42.0,41.6,42.9,43.0,39.0,36.7,41.1,41.1,40.8,41.1,42.9,39.7,39.3,40.4,43.7,40.8,38.3,42.8,41.3,41.9,35.2,36.1,36.6,35.7,41.3,35.2,43.3,34.9,43.9,38.9,38.4,35.6,37.7,36.8,36.0,35.4,38.6,34.1,43.0,40.6,39.3,33.3,36.5,33.8,35.9,37.9,37.2,34.0,38.7,35.4,36.9,34.2,42.1,33.8,37.7,42.9,43.5,41.0,40.4,40.3,35.2,35.6,36.0,35.1,42.1,40.2,40.8,36.4,38.7,35.8,34.1,39.3,35.8,38.3,33.3
7822,32.5,34.5,31.9,39.7,39.6,42.8,41.9,38.2,41.9,40.7,41.5,42.2,41.2,41.1,42.1,42.3,38.3,36.3,40.4,40.5,40.0,40.5,42.4,38.9,37.9,39.4,43.1,40.0,37.6,42.1,40.6,41.3,34.3,35.3,35.8,34.7,40.5,34.5,41.9,34.0,42.7,38.2,37.1,35.0,35.9,35.9,34.3,33.9,37.0,32.9,41.1,39.2,37.8,32.2,36.1,33.2,35.5,37.2,36.7,33.6,38.1,34.6,36.1,32.8,41.2,33.1,36.9,42.2,42.8,40.3,39.0,39.0,33.8,34.6,34.8,34.0,41.4,39.5,40.0,35.5,37.6,34.2,33.7,38.7,34.8,37.4,32.5
7823,31.1,33.8,31.4,38.4,39.1,42.0,41.1,37.6,41.2,40.2,40.8,41.4,40.5,40.4,41.1,41.8,37.8,35.7,39.7,40.1,39.2,40.0,41.6,38.1,37.2,38.8,42.4,39.3,37.2,41.6,39.8,40.8,33.4,34.5,35.2,34.0,39.6,33.9,40.9,33.4,41.6,37.9,36.2,34.0,34.6,34.8,33.4,32.8,35.6,31.6,39.9,37.9,36.3,31.1,35.7,32.6,35.0,36.5,36.2,33.0,37.8,34.0,35.7,31.6,40.5,32.3,36.2,41.6,42.1,39.7,37.4,37.7,32.4,33.8,33.8,33.0,41.0,38.9,39.4,34.6,36.8,33.1,33.1,38.2,34.1,36.7,31.9
7824,29.9,33.2,30.8,37.3,38.2,41.2,40.3,37.1,40.6,39.5,40.2,40.6,40.0,39.7,40.4,41.2,37.3,35.2,39.2,39.5,38.7,39.3,41.0,37.1,36.6,38.3,41.7,38.7,36.6,41.0,39.1,40.2,32.7,33.5,34.4,33.2,38.9,33.5,40.0,32.5,40.6,37.0,35.0,33.5,33.5,34.1,32.2,31.7,34.3,30.6,38.9,36.9,34.9,30.3,35.3,32.1,34.8,36.0,35.8,32.6,37.6,33.5,35.3,30.1,39.8,31.6,35.6,41.0,41.4,38.9,35.7,36.4,30.8,32.6,33.1,32.1,40.4,38.6,39.0,34.0,36.1,31.8,32.9,37.7,33.2,35.9,31.1
7825,29.2,32.9,30.2,36.4,37.6,40.4,39.6,36.3,39.8,39.0,39.7,39.9,39.4,39.1,39.7,40.8,36.8,35.0,38.5,38.9,38.1,38.9,40.3,36.4,36.0,37.5,41.2,38.0,36.0,40.2,38.7,39.9,32.0,32.6,33.6,32.6,38.2,32.8,39.3,31.7,39.5,36.4,33.8,32.5,32.6,33.6,31.3,30.9,33.0,29.9,38.0,35.7,33.5,29.6,35.0,31.7,34.4,35.6,35.3,32.2,37.2,32.9,35.0,29.1,39.4,31.0,34.9,40.4,40.7,38.3,34.1,35.1,29.9,31.6,32.2,31.1,39.9,38.2,38.4,33.2,35.3,31.0,32.4,37.3,32.6,35.3,30.7
7826,28.6,32.5,29.5,35.7,37.0,39.7,38.8,35.7,39.2,38.6,39.0,39.5,39.0,38.7,39.0,40.3,36.4,34.8,38.0,38.5,37.5,38.4,39.8,35.7,35.3,36.8,40.7,37.3,35.4,39.9,37.9,39.4,31.5,32.1,33.0,32.0,37.7,32.4,38.5,31.1,38.6,36.2,33.0,31.7,31.7,32.7,30.6,30.5,32.1,28.9,37.0,35.0,32.4,29.1,34.5,31.2,34.0,35.0,34.7,31.7,36.9,32.4,34.7,28.5,39.1,30.5,34.2,39.8,40.1,37.9,33.0,34.0,29.2,30.6,31.4,30.4,39.6,37.6,38.0,32.4,34.7,30.0,32.0,37.0,32.0,34.6,30.2
7827,28.1,32.3,29.2,34.9,36.3,38.9,38.2,35.6,38.8,38.0,38.6,39.0,38.4,38.3,38.4,39.9,35.9,34.1,37.8,38.1,36.9,38.0,39.5,35.0,34.6,36.2,40.1,36.7,35.2,39.5,37.4,39.0,30.9,31.5,32.4,31.5,36.9,32.2,37.8,30.5,37.9,35.9,32.5,31.1,31.1,32.3,29.8,29.6,31.4,28.3,36.2,34.4,31.5,28.6,34.2,30.9,33.6,34.7,34.3,31.5,36.4,31.9,34.5,27.5,38.6,30.3,33.6,39.3,39.4,37.5,31.5,33.2,28.6,30.0,30.9,29.7,39.3,37.2,37.6,31.7,34.2,29.2,31.8,36.7,31.5,34.2,29.8
7828,27.1,31.8,28.8,34.5,35.8,38.5,37.8,34.9,38.3,37.6,38.1,38.6,37.9,37.8,37.9,39.5,35.5,33.9,37.3,37.7,36.5,37.6,38.9,34.5,34.0,35.8,39.8,36.3,34.7,39.2,36.8,38.8,30.4,31.1,32.0,30.8,36.4,32.1,37.2,29.8,37.0,35.7,31.6,30.4,30.5,31.8,29.0,28.9,30.8,27.6,35.4,33.8,30.7,28.2,34.0,30.5,33.3,34.4,34.0,31.1,36.1,31.3,33.9,26.9,38.4,30.0,33.1,38.8,39.1,37.0,30.5,32.6,27.8,29.6,30.4,29.2,38.9,36.7,37.0,31.1,33.2,28.5,31.7,36.6,31.0,33.8,29.4
7829,26.6,31.9,28.5,33.8,35.4,38.0,37.4,34.7,37.9,37.0,37.8,38.1,37.6,37.3,37.5,39.3,35.1,33.8,37.0,37.5,36.1,37.3,38.3,34.0,33.4,35.4,39.1,35.9,34.3,38.9,36.3,38.4,30.0,30.9,31.6,30.5,35.8,31.4,36.6,29.3,36.2,35.3,30.7,30.0,29.8,31.1,28.6,28.4,29.9,27.0,34.7,33.4,29.9,27.9,33.4,30.1,33.0,34.0,33.6,30.9,35.9,30.9,33.9,26.5,38.1,29.5,32.5,38.4,38.6,36.7,29.2,32.1,27.5,29.2,29.7,28.7,38.4,36.4,36.7,30.6,32.6,27.8,31.4,36.4,30.5,33.4,29.2
7830,26.5,31.4,28.2,33.2,34.9,37.7,36.9,34.3,37.6,36.7,37.5,37.8,37.4,36.9,36.9,39.1,34.7,33.7,36.7,37.2,35.7,37.0,37.9,33.5,32.6,34.6,38.7,35.5,34.1,38.7,36.0,38.0,29.7,30.7,31.3,30.4,35.4,31.2,35.9,28.9,35.3,34.9,30.1,29.2,29.5,30.6,28.1,27.9,29.6,26.5,33.8,33.0,29.3,27.4,33.1,30.1,32.7,33.8,33.4,30.6,35.7,30.5,34.0,25.7,38.0,29.4,32.1,38.0,38.3,36.5,28.2,31.5,26.8,28.7,29.1,28.1,38.1,36.2,36.2,30.0,32.1,27.4,31.0,36.2,30.1,32.9,28.7
7831,26.4,31.8,28.2,32.8,34.4,37.0,36.4,33.9,37.2,36.5,37.4,37.7,37.3,36.5,36.4,38.7,34.3,33.3,36.5,37.0,35.6,36.6,37.8,33.1,32.0,34.1,38.7,35.1,33.8,38.3,35.6,37.8,29.2,30.4,31.3,30.1,35.4,31.3,35.4,28.5,34.9,35.2,29.5,28.9,29.1,30.5,27.6,28.0,29.3,26.1,33.4,32.8,28.8,27.2,33.0,29.9,32.5,33.8,33.3,30.4,35.4,30.2,33.9,25.5,37.8,29.1,31.8,37.5,38.0,36.4,27.5,31.1,26.6,28.3,28.7,27.7,37.9,36.1,35.9,29.6,31.7,26.9,30.9,36.0,29.6,32.7,28.5
7832,32.0,34.5,33.1,32.8,34.8,37.3,36.8,34.5,38.4,37.1,39.1,38.6,39.0,37.0,36.9,39.5,35.5,34.3,38.2,39.1,36.1,37.6,38.5,33.4,32.0,34.8,39.1,35.7,34.7,39.3,36.1,39.2,29.4,30.9,31.4,30.7,39.5,34.0,35.6,32.5,36.6,40.5,29.8,30.4,32.9,34.5,30.2,32.9,36.2,26.6,35.1,34.7,31.8,30.6,32.7,30.6,32.6,34.1,33.2,31.2,35.9,29.9,34.4,29.8,38.1,29.8,32.6,38.0,39.9,38.1,31.1,31.5,31.2,29.9,33.4,28.6,40.1,37.5,36.8,29.7,31.9,26.7,30.9,37.3,29.8,33.2,28.9
7833,37.8,39.1,39.9,38.0,38.4,40.4,40.5,38.2,41.4,39.7,42.0,41.4,42.1,39.6,40.5,42.0,39.5,37.0,41.6,41.9,39.6,40.5,42.1,36.3,36.4,38.9,41.2,39.1,37.8,42.5,39.3,41.8,32.8,34.2,33.8,34.0,44.8,39.0,40.3,37.5,39.8,46.0,34.2,35.0,37.8,40.5,33.7,38.2,43.8,31.7,42.3,38.1,37.4,36.0,34.6,33.0,35.2,37.0,34.5,33.4,37.6,31.3,36.8,36.0,39.5,33.5,36.2,40.3,43.3,41.1,37.0,37.3,37.0,35.4,39.0,34.8,43.1,39.9,39.7,34.1,35.5,30.3,33.7,39.4,32.8,36.2,32.5
7834,43.3,42.9,44.8,44.3,42.1,43.8,44.1,41.8,44.1,42.3,44.5,44.4,44.9,42.2,43.9,44.5,42.8,39.5,44.4,44.4,42.8,43.3,45.4,39.5,41.2,42.9,43.7,42.8,40.7,45.4,42.6,44.2,36.7,37.7,36.6,37.3,49.0,42.9,45.3,41.8,43.2,49.8,39.8,38.5,42.9,45.2,38.1,42.5,49.8,37.0,47.4,41.8,42.8,40.9,37.1,35.6,38.2,39.8,37.0,35.7,39.3,34.1,39.1,41.4,41.4,36.8,39.6,42.8,46.3,43.7,42.4,44.2,42.5,40.4,43.6,39.3,45.7,42.3,42.6,39.5,40.0,35.2,36.8,41.6,37.0,39.5,35.9
7835,48.2,45.8,47.8,49.2,45.5,46.9,47.2,45.1,46.5,44.6,46.8,46.9,47.4,44.6,47.0,46.6,45.7,41.4,46.7,46.5,45.6,45.7,48.4,42.7,45.6,46.4,46.1,46.1,43.4,48.1,45.5,46.5,40.2,41.2,39.4,40.1,52.4,45.7,49.6,45.2,46.5,52.3,44.7,41.5,47.3,48.6,42.9,45.9,53.5,41.5,51.5,45.1,47.9,44.7,39.6,37.8,40.8,42.3,39.4,37.6,41.1,37.0,40.9,45.5,43.5,39.4,42.6,45.2,48.6,46.0,47.7,49.5,47.0,43.7,47.1,43.4,47.9,44.3,45.1,44.2,44.2,40.3,39.0,43.3,40.6,42.4,38.8
7836,51.8,48.0,49.8,52.7,48.5,49.4,49.8,48.0,48.4,46.5,48.6,49.0,49.2,46.4,49.5,48.4,47.9,42.9,48.4,48.0,47.9,47.5,50.6,45.5,48.8,49.3,48.2,48.6,45.6,50.0,47.8,48.5,43.2,43.9,41.5,42.5,54.9,47.7,53.1,47.9,49.4,54.0,48.5,44.0,50.5,50.7,46.5,48.6,56.3,44.8,54.7,47.9,51.8,47.3,41.5,39.7,42.6,44.2,41.5,39.1,42.3,39.4,42.6,48.3,45.7,41.5,45.1,47.1,50.4,47.9,52.0,52.9,50.6,46.3,49.7,46.3,49.5,45.8,47.1,47.7,47.4,44.3,40.9,44.6,43.4,44.9,41.1
7837,53.9,49.3,50.7,54.8,50.6,51.5,51.8,50.0,49.6,48.0,49.9,50.5,50.4,48.0,51.4,49.8,49.5,44.0,49.7,49.0,49.8,48.9,52.3,47.7,51.4,51.4,49.7,50.5,47.5,51.6,49.8,50.0,45.1,45.8,43.2,44.2,56.6,49.0,55.7,49.6,51.4,54.9,51.2,46.0,52.8,52.1,49.1,50.4,58.4,47.1,57.2,49.9,54.6,49.2,42.6,40.9,43.9,45.6,43.2,40.4,43.2,41.5,43.8,50.1,47.7,43.1,47.2,48.6,51.7,49.1,54.3,55.4,52.7,48.1,51.4,48.2,50.5,47.0,48.6,50.3,49.9,47.4,42.4,45.5,45.3,46.7,42.9
7838,54.2,49.3,50.6,56.4,52.0,52.5,53.2,51.3,50.4,48.9,50.5,51.4,51.0,48.9,52.6,50.5,50.8,44.5,50.2,49.5,51.0,49.8,53.2,48.9,52.7,52.7,50.6,51.5,48.6,52.4,51.1,50.4,46.5,46.7,44.4,45.2,57.6,49.2,57.1,50.6,53.0,55.3,52.5,47.5,54.2,52.8,50.7,51.3,59.3,48.4,58.7,51.1,56.4,48.8,43.5,41.5,44.7,46.4,44.2,40.9,43.7,42.9,44.5,51.0,49.0,43.9,48.4,49.5,52.5,49.8,56.0,56.3,53.8,49.3,52.3,49.2,51.1,47.4,49.5,51.6,51.2,49.1,43.4,45.8,46.6,47.8,44.2
7839,54.1,48.7,50.4,56.9,52.4,53.1,53.7,51.5,50.4,49.1,50.5,51.7,51.2,49.2,53.0,50.8,51.1,44.2,50.2,49.3,51.2,50.1,53.5,49.3,52.7,53.2,50.9,51.7,48.9,52.6,51.5,50.4,47.0,47.1,45.0,45.7,57.5,48.5,57.9,50.8,53.8,54.6,53.0,48.0,54.4,52.8,51.4,51.3,59.4,48.8,59.1,51.3,57.2,49.0,43.6,41.3,44.7,46.5,44.7,40.6,43.2,43.7,44.3,51.0,49.6,43.7,48.9,49.8,52.7,49.8,56.2,56.3,53.5,49.7,52.0,49.4,51.1,47.3,49.7,51.6,51.6,50.1,43.7,45.5,47.2,48.0,44.6
7840,52.1,45.6,46.8,57.0,51.6,52.5,53.1,51.0,49.5,48.2,49.6,51.3,50.2,48.7,52.2,50.0,50.2,42.6,48.8,47.9,50.4,49.1,52.7,48.4,52.8,52.5,50.2,51.1,47.9,51.7,50.8,49.4,46.4,46.7,44.5,44.9,55.8,45.9,57.2,49.6,53.7,51.7,52.7,47.3,51.9,50.8,50.8,49.5,57.3,48.6,58.5,50.4,56.9,45.8,42.7,39.7,43.7,45.6,44.3,38.9,41.7,43.5,42.5,49.4,49.3,41.9,47.9,49.1,51.8,48.7,55.6,57.1,51.9,49.3,50.1,48.5,50.1,46.1,49.0,51.6,51.0,49.7,42.7,44.2,46.7,47.3,43.8
7841,44.5,40.9,40.0,54.6,48.6,50.2,50.3,47.9,46.7,45.4,47.1,49.3,47.0,46.5,49.6,47.5,46.9,39.9,46.4,45.2,47.4,46.5,49.7,45.7,49.8,49.5,48.2,48.0,44.7,48.7,48.2,46.1,43.0,43.4,42.1,42.1,50.0,41.1,54.9,45.0,51.5,45.0,49.8,43.8,45.9,45.2,47.5,44.5,51.1,45.2,55.9,47.6,54.3,39.6,40.2,37.5,40.7,42.4,42.6,36.3,40.5,41.7,40.3,44.4,47.4,38.8,44.2,47.0,48.9,45.9,52.3,54.7,46.0,45.6,44.6,45.1,47.3,43.9,45.9,48.6,47.6,46.9,39.3,42.6,43.9,44.5,40.4
7842,39.8,38.2,36.7,49.0,44.6,47.0,46.9,43.9,45.1,43.1,45.3,46.8,44.8,44.2,46.1,45.5,42.6,38.6,44.3,43.5,44.0,44.0,46.1,42.6,44.0,44.4,46.5,44.7,41.6,45.7,45.2,43.9,39.2,39.9,39.8,38.6,46.3,38.0,49.7,41.1,49.0,42.1,44.1,38.9,43.2,41.5,43.8,40.6,46.7,39.7,50.7,45.1,46.8,36.8,38.5,35.9,38.5,40.2,40.3,35.3,39.6,38.9,38.8,40.4,45.3,36.5,41.0,45.2,46.3,43.7,45.8,47.7,41.1,40.9,41.2,40.0,45.4,42.3,43.1,42.6,42.9,42.5,35.2,41.4,40.2,41.7,37.0
7843,36.9,36.6,34.7,45.2,42.5,45.4,45.0,41.3,44.0,42.1,44.0,44.9,43.5,42.7,44.5,44.1,40.5,37.7,42.8,42.4,42.1,42.8,44.5,41.0,41.1,42.1,45.2,42.6,39.8,44.3,43.1,42.9,37.1,38.2,38.2,37.0,43.9,36.5,46.5,38.1,45.7,40.8,41.2,37.0,40.8,38.5,40.4,38.2,42.9,36.8,47.1,43.5,42.5,35.3,37.5,34.8,37.5,38.8,38.7,34.8,39.1,36.8,37.8,37.9,44.0,34.9,39.6,44.0,44.9,42.4,43.1,43.8,38.4,37.9,39.2,37.9,44.0,41.3,41.9,39.2,40.8,39.0,34.1,40.3,37.9,40.2,35.0
7844,34.9,35.4,33.1,42.5,41.0,44.4,43.5,39.9,43.1,41.3,42.8,43.8,42.6,41.9,43.4,43.2,39.3,36.9,41.8,41.5,41.1,41.5,43.4,40.0,39.7,40.9,44.1,41.4,38.6,43.4,41.9,42.2,35.9,36.8,37.1,35.8,42.2,35.4,44.6,36.0,44.7,39.5,39.2,36.0,38.7,37.1,37.9,36.2,40.0,34.7,44.4,41.6,40.2,33.8,36.8,33.8,36.3,38.1,37.5,33.9,38.5,35.6,36.9,35.6,42.7,33.7,38.1,43.2,43.9,41.4,41.2,41.5,36.3,36.5,37.3,36.2,43.0,40.5,41.0,37.2,39.3,37.0,33.6,39.7,36.2,38.9,33.6
7845,33.2,34.7,32.4,40.4,39.9,43.3,42.5,38.8,42.3,40.8,42.1,42.6,41.8,41.1,42.5,42.5,38.6,36.0,40.9,41.0,40.3,40.7,42.6,39.1,38.8,39.9,43.2,40.3,37.7,42.6,40.9,41.6,34.7,35.5,36.1,35.0,40.9,34.7,42.9,34.5,43.5,38.5,37.8,35.3,37.1,36.3,35.7,34.8,37.9,33.6,42.6,40.0,38.7,33.0,36.1,33.1,35.5,37.6,36.7,33.4,38.1,34.9,36.3,33.8,41.7,33.1,37.2,42.4,43.3,40.7,39.8,39.9,34.7,35.4,35.5,34.7,42.1,39.9,40.2,35.9,38.2,35.2,33.6,38.9,35.2,37.7,32.8
7846,32.2,34.2,31.4,39.1,39.1,42.3,41.5,37.7,41.5,40.2,41.4,41.9,41.0,40.5,41.6,41.8,37.9,35.7,40.2,40.4,39.5,40.0,42.1,38.3,37.5,39.0,42.5,39.5,37.1,41.9,40.1,41.0,33.8,34.7,35.3,34.0,40.1,34.1,41.4,33.6,42.4,37.7,36.6,34.8,35.4,35.5,34.0,33.5,36.3,32.4,40.7,38.7,37.3,31.8,35.7,32.5,35.1,36.9,36.1,33.0,37.5,34.1,35.5,32.4,40.7,32.4,36.3,41.7,42.6,40.0,38.5,38.4,33.3,34.5,34.4,33.5,41.4,39.3,39.5,35.1,37.1,33.7,33.2,38.4,34.3,36.8,32.1
7847,30.7,33.4,31.0,37.8,38.6,41.5,40.7,37.2,40.7,39.7,40.7,41.0,40.3,39.9,40.7,41.4,37.4,35.1,39.5,40.0,38.8,39.5,41.3,37.5,36.8,38.3,41.8,38.9,36.7,41.3,39.3,40.5,32.9,33.9,34.7,33.4,39.2,33.5,40.4,32.8,41.2,37.5,35.6,33.9,34.2,34.4,33.1,32.4,34.9,31.2,39.4,37.4,35.7,30.7,35.3,31.9,34.7,36.2,35.6,32.5,37.2,33.5,35.1,31.2,40.1,31.7,35.7,41.1,41.9,39.4,36.8,37.2,32.1,33.6,33.3,32.6,40.9,38.7,39.0,34.1,36.3,32.6,32.8,37.9,33.6,36.1,31.5
7848,29.5,32.8,30.3,36.8,37.7,40.7,39.9,36.6,40.1,39.1,40.0,40.2,39.8,39.2,40.0,40.6,36.9,34.6,39.0,39.3,38.3,38.8,40.7,36.5,36.1,37.8,41.2,38.2,36.1,40.8,38.7,39.9,32.2,33.1,34.0,32.6,38.7,33.0,39.6,32.1,40.3,36.6,34.5,33.3,33.1,33.7,31.9,31.4,33.7,30.2,38.4,36.4,34.5,29.9,34.9,31.4,34.4,35.6,35.2,32.2,37.0,33.0,34.6,29.7,39.4,31.0,35.0,40.5,41.2,38.5,35.1,36.0,30.6,32.4,32.7,31.6,40.3,38.4,38.5,33.5,35.6,31.3,32.4,37.4,32.7,35.4,30.8
7849,28.9,32.4,29.7,36.0,37.1,39.9,39.2,35.9,39.4,38.5,39.6,39.5,39.2,38.6,39.3,40.3,36.5,34.4,38.3,38.7,37.7,38.4,40.1,35.8,35.5,37.1,40.8,37.6,35.5,40.0,38.3,39.6,31.6,32.1,33.2,32.0,38.0,32.4,38.9,31.4,39.2,36.1,33.4,32.3,32.2,33.1,31.0,30.6,32.5,29.5,37.4,35.3,33.0,29.2,34.6,31.1,34.0,35.3,34.8,31.8,36.5,32.4,34.4,28.7,39.0,30.4,34.4,40.0,40.5,37.9,33.5,34.7,29.6,31.5,31.7,30.7,39.9,38.0,38.0,32.7,34.8,30.5,32.0,37.1,32.1,34.7,30.3
7850,28.2,32.0,29.0,35.2,36.5,39.3,38.5,35.4,38.8,38.2,38.9,39.1,38.7,38.3,38.6,39.9,36.2,34.4,37.8,38.3,37.1,38.0,39.5,35.1,34.8,36.4,40.3,37.0,35.1,39.7,37.6,39.0,31.0,31.7,32.6,31.5,37.4,32.0,38.1,30.8,38.2,35.9,32.5,31.6,31.4,32.3,30.3,30.1,31.5,28.4,36.5,34.5,31.9,28.7,34.1,30.7,33.7,34.8,34.2,31.3,36.3,31.9,34.2,28.1,38.8,29.9,33.9,39.4,39.8,37.6,32.4,33.7,28.9,30.5,31.0,30.0,39.6,37.4,37.6,31.9,34.2,29.5,31.7,36.8,31.5,34.2,29.8
7851,27.9,31.8,28.7,34.4,35.8,38.5,37.8,35.3,38.4,37.6,38.4,38.6,38.1,37.9,38.0,39.5,35.7,33.8,37.5,38.0,36.6,37.7,39.2,34.5,34.1,35.8,39.7,36.4,34.9,39.3,37.1,38.7,30.5,31.2,32.0,31.1,36.7,31.8,37.5,30.3,37.6,35.5,31.9,31.0,30.8,31.9,29.5,29.3,30.9,27.9,35.7,34.0,31.1,28.1,33.8,30.4,33.2,34.5,33.9,31.0,35.9,31.4,34.0,27.1,38.3,29.7,33.2,38.9,39.2,37.1,30.9,32.8,28.4,29.9,30.3,29.2,39.2,37.0,37.3,31.2,33.7,28.8,31.4,36.6,31.1,33.8,29.4
7852,26.8,31.3,28.3,34.0,35.4,38.1,37.4,34.4,37.9,37.2,38.0,38.2,37.6,37.4,37.5,39.1,35.3,33.6,37.1,37.7,36.2,37.2,38.6,34.0,33.6,35.4,39.4,35.9,34.4,38.9,36.5,38.4,30.0,30.8,31.7,30.4,36.3,31.7,36.8,29.5,36.6,35.3,31.0,30.4,30.1,31.4,28.7,28.7,30.2,27.2,35.0,33.4,30.3,27.8,33.6,30.0,33.0,34.1,33.5,30.7,35.6,30.9,33.4,26.4,38.1,29.5,32.7,38.5,38.8,36.6,30.0,32.3,27.6,29.5,29.9,28.8,38.8,36.5,36.7,30.6,32.8,28.1,31.2,36.4,30.6,33.4,29.1
7853,26.4,31.3,27.9,33.4,35.0,37.6,37.0,34.2,37.5,36.7,37.5,37.8,37.3,36.9,37.1,38.9,34.8,33.5,36.8,37.4,35.8,36.9,38.0,33.5,32.9,35.0,38.8,35.5,34.0,38.7,36.0,38.0,29.6,30.6,31.3,30.1,35.7,31.0,36.3,29.0,35.8,34.9,30.2,29.8,29.5,30.6,28.3,28.1,29.2,26.6,34.3,33.0,29.6,27.6,32.9,29.7,32.6,33.7,33.1,30.4,35.5,30.5,33.4,26.1,37.8,29.1,32.1,38.0,38.4,36.3,28.8,31.8,27.3,29.0,29.3,28.2,38.3,36.2,36.3,30.1,32.2,27.4,30.9,36.2,30.0,33.1,28.8
7854,26.4,30.8,27.7,32.9,34.4,37.2,36.5,33.8,37.2,36.3,37.3,37.5,37.1,36.5,36.5,38.7,34.4,33.3,36.3,37.1,35.4,36.6,37.6,33.0,32.2,34.2,38.3,35.2,33.8,38.4,35.7,37.6,29.4,30.4,31.0,30.0,35.3,30.8,35.7,28.6,35.0,34.4,29.6,29.0,29.2,30.2,27.8,27.6,29.1,26.0,33.5,32.7,29.0,27.1,32.7,29.7,32.4,33.5,32.9,30.2,35.3,30.1,33.6,25.3,37.7,29.1,31.7,37.6,38.0,36.1,27.9,31.3,26.8,28.5,28.8,27.6,38.0,35.9,35.9,29.5,31.6,27.0,30.5,36.0,29.7,32.6,28.3
7855,26.2,31.2,27.7,32.4,34.0,36.7,36.0,33.5,36.8,36.0,37.1,37.4,37.0,36.1,35.9,38.2,34.0,33.0,36.2,36.9,35.2,36.3,37.4,32.6,31.6,33.8,38.3,34.7,33.5,38.0,35.3,37.4,28.8,30.0,30.9,29.7,35.2,30.9,35.2,28.2,34.7,34.7,29.0,28.9,28.7,30.0,27.2,27.7,28.7,25.6,33.0,32.5,28.5,26.9,32.6,29.6,32.1,33.5,32.8,29.9,35.0,29.8,33.5,25.2,37.5,28.7,31.4,37.1,37.7,35.9,27.2,30.9,26.5,28.1,28.4,27.2,37.8,35.7,35.6,29.1,31.3,26.6,30.3,35.8,29.2,32.3,28.2
7856,31.8,33.8,32.5,32.5,34.4,36.8,36.4,34.1,37.9,36.6,38.8,38.2,38.6,36.6,36.4,39.0,35.1,33.8,37.8,38.9,35.8,37.2,38.1,32.9,31.6,34.3,38.7,35.2,34.3,38.8,35.7,38.8,29.0,30.5,31.0,30.4,39.2,33.5,35.3,32.2,36.3,40.0,29.2,30.2,32.5,33.9,29.8,32.5,35.5,26.1,34.7,34.2,31.4,30.2,32.4,30.1,32.2,33.9,32.8,30.6,35.5,29.6,34.0,29.3,37.7,29.4,32.1,37.6,39.5,37.6,30.7,31.1,30.9,29.6,32.9,28.0,39.9,37.1,36.3,29.1,31.4,26.4,30.3,37.0,29.3,32.8,28.6
7857,37.3,38.3,39.2,37.5,38.0,39.8,40.0,37.7,40.9,39.3,41.7,41.0,41.7,39.2,40.0,41.4,39.1,36.5,41.2,41.6,39.2,40.0,41.6,35.7,35.8,38.4,40.7,38.6,37.4,42.0,38.9,41.3,32.3,33.7,33.3,33.5,44.3,38.3,39.8,37.2,39.5,45.6,33.6,34.7,37.3,39.9,33.4,37.7,43.1,31.1,41.8,37.7,37.0,35.4,34.1,32.4,34.8,36.6,34.0,32.8,37.2,30.9,36.2,35.4,39.1,33.0,35.6,39.9,42.9,40.6,36.6,36.8,36.7,35.1,38.4,34.1,42.8,39.5,39.2,33.5,35.0,29.8,33.1,39.1,32.2,35.7,32.0
7858,42.9,42.1,44.1,43.7,41.5,43.3,43.6,41.3,43.6,41.9,44.2,43.9,44.6,41.8,43.4,44.0,42.4,39.1,44.0,44.2,42.3,42.9,44.9,38.9,40.5,42.3,43.3,42.3,40.2,44.9,42.1,43.7,36.0,37.1,36.0,36.7,48.4,42.1,44.7,41.4,42.9,49.3,39.1,38.2,42.4,44.6,37.7,42.0,49.2,36.4,46.9,41.4,42.3,40.3,36.6,35.0,37.8,39.4,36.5,35.1,38.8,33.6,38.5,40.8,41.0,36.2,39.0,42.4,45.8,43.3,42.0,43.6,42.1,40.0,43.0,38.6,45.4,41.9,42.1,38.7,39.3,34.5,36.3,41.4,36.3,39.0,35.3
7859,47.7,44.9,47.0,48.6,44.9,46.4,46.7,44.5,45.9,44.2,46.4,46.4,47.0,44.1,46.5,46.2,45.3,41.0,46.3,46.2,45.1,45.3,47.9,42.1,44.8,45.8,45.6,45.5,42.9,47.5,45.0,46.1,39.4,40.5,38.7,39.6,51.8,44.8,48.9,44.8,46.2,51.7,43.9,41.1,46.7,48.0,42.4,45.3,52.9,40.9,50.9,44.6,47.4,44.0,39.1,37.1,40.4,41.8,38.8,37.0,40.6,36.5,40.4,44.9,43.1,38.8,42.0,44.7,48.1,45.5,47.3,48.9,46.6,43.3,46.6,42.8,47.5,44.0,44.6,43.5,43.5,39.5,38.4,43.1,39.9,41.9,38.1
7860,51.2,47.0,49.0,52.1,47.8,48.8,49.2,47.3,47.8,46.0,48.2,48.4,48.8,46.0,49.0,47.9,47.4,42.5,48.0,47.7,47.4,47.1,50.1,44.9,48.0,48.6,47.7,48.0,45.1,49.5,47.3,48.0,42.3,43.2,40.8,41.8,54.3,46.9,52.4,47.6,49.2,53.3,47.7,43.6,49.9,50.1,46.1,48.0,55.8,44.1,54.1,47.4,51.3,46.6,41.0,38.9,42.1,43.9,41.0,38.4,41.8,38.8,42.0,47.8,45.3,40.8,44.5,46.5,50.0,47.5,51.5,52.3,50.0,45.9,49.2,45.7,49.1,45.4,46.6,46.8,46.7,43.5,40.4,44.4,42.6,44.3,40.4
7861,53.3,48.3,49.8,54.1,49.9,50.9,51.2,49.3,49.1,47.4,49.5,50.0,50.1,47.5,50.8,49.3,49.0,43.5,49.3,48.8,49.3,48.4,51.8,47.0,50.4,50.7,49.1,49.9,46.9,51.0,49.2,49.5,44.2,45.0,42.5,43.5,56.1,48.2,55.0,49.3,51.1,54.2,50.3,45.6,52.2,51.6,48.6,49.8,57.8,46.3,56.6,49.4,53.9,48.3,42.1,40.1,43.4,45.2,42.6,39.6,42.7,40.9,43.2,49.6,47.2,42.4,46.7,48.1,51.3,48.7,53.8,54.8,52.0,47.7,51.0,47.7,50.2,46.6,48.1,49.4,49.1,46.4,41.9,45.1,44.4,46.2,42.2
7862,53.4,48.3,49.7,55.7,51.3,51.9,52.5,50.5,49.8,48.4,50.1,50.9,50.7,48.4,52.0,50.0,50.2,44.0,49.8,49.2,50.4,49.3,52.7,48.2,51.8,52.1,50.1,50.9,48.0,51.9,50.5,50.0,45.5,45.9,43.6,44.4,57.0,48.3,56.5,50.3,52.7,54.6,51.7,47.0,53.5,52.2,50.2,50.7,58.7,47.7,58.1,50.7,55.7,47.9,43.0,40.7,44.2,46.0,43.6,40.2,43.2,42.3,43.9,50.5,48.5,43.2,48.0,49.0,52.1,49.4,55.4,55.7,53.0,48.9,51.8,48.7,50.8,47.0,49.0,50.7,50.4,48.2,42.8,45.5,45.7,47.1,43.4
7863,53.5,47.8,49.5,56.2,51.7,52.5,53.1,50.8,49.8,48.6,50.1,51.2,50.8,48.6,52.4,50.2,50.5,43.8,49.7,49.0,50.6,49.5,53.0,48.5,52.0,52.6,50.4,51.1,48.3,52.0,50.9,49.9,46.1,46.3,44.2,45.0,56.9,47.7,57.2,50.4,53.5,53.9,52.3,47.6,53.7,52.0,50.9,50.7,58.9,48.0,58.5,50.9,56.5,48.0,43.1,40.6,44.2,46.0,44.1,39.8,42.7,43.1,43.7,50.4,49.1,43.0,48.5,49.2,52.3,49.4,55.6,55.6,52.8,49.2,51.6,48.8,50.7,46.8,49.2,50.7,50.8,49.1,43.1,45.1,46.2,47.3,43.8
7864,51.5,44.7,45.9,56.3,50.9,51.9,52.5,50.3,48.9,47.7,49.2,50.8,49.8,48.2,51.6,49.5,49.6,42.0,48.4,47.6,49.9,48.5,52.1,47.7,52.0,51.9,49.7,50.5,47.4,51.1,50.2,48.9,45.5,45.9,43.8,44.2,55.2,45.0,56.6,49.2,53.3,51.1,51.8,46.9,51.2,50.1,50.3,48.8,56.8,47.9,58.0,50.0,56.3,45.0,42.1,39.0,43.1,45.1,43.7,38.1,41.3,43.0,41.9,48.8,48.8,41.2,47.5,48.5,51.4,48.3,55.0,56.4,51.2,48.8,49.7,47.9,49.7,45.7,48.4,50.7,50.2,48.8,42.1,43.9,45.8,46.6,43.0
7865,43.9,40.1,39.3,53.9,47.9,49.6,49.7,47.2,46.2,44.8,46.7,48.8,46.6,46.0,49.0,47.0,46.4,39.3,45.9,44.9,46.8,45.8,49.1,44.9,48.9,48.9,47.7,47.4,44.2,48.2,47.6,45.6,42.0,42.6,41.4,41.4,49.6,40.2,54.3,44.5,51.1,44.4,49.1,43.3,45.2,44.6,47.0,43.9,50.5,44.4,55.3,47.1,53.6,38.9,39.7,36.8,40.2,42.0,42.1,35.6,40.1,41.1,39.6,43.9,46.9,38.1,43.7,46.4,48.5,45.6,51.7,54.0,45.3,45.1,44.2,44.4,47.0,43.5,45.3,47.7,46.9,46.0,38.7,42.2,43.0,43.9,39.7
7866,39.1,37.3,36.1,48.3,43.9,46.5,46.3,43.2,44.6,42.6,44.9,46.3,44.5,43.6,45.4,45.0,42.1,38.0,43.9,43.2,43.4,43.6,45.7,41.9,43.2,43.8,45.9,44.2,41.1,45.3,44.6,43.4,38.3,39.1,39.2,38.0,45.8,37.3,49.1,40.6,48.6,41.6,43.4,38.5,42.5,40.9,43.3,40.1,46.2,39.0,50.1,44.8,46.3,36.1,38.0,35.3,38.2,39.7,39.8,34.6,39.2,38.4,38.2,40.0,44.9,35.8,40.5,44.7,45.9,43.4,45.2,47.1,40.5,40.5,40.9,39.4,45.1,41.9,42.6,41.7,42.1,41.7,34.7,41.0,39.3,41.2,36.3
7867,36.1,35.8,34.0,44.5,41.8,44.8,44.4,40.7,43.5,41.6,43.6,44.5,43.1,42.2,43.9,43.7,40.1,37.2,42.4,42.1,41.5,42.3,43.9,40.3,40.4,41.4,44.6,42.1,39.3,44.0,42.5,42.5,36.3,37.4,37.5,36.4,43.5,35.7,46.0,37.6,45.4,40.3,40.5,36.5,40.1,37.9,39.8,37.7,42.5,36.2,46.5,43.1,42.0,34.6,37.1,34.2,37.2,38.4,38.2,34.1,38.7,36.5,37.3,37.5,43.6,34.3,39.1,43.5,44.5,42.1,42.6,43.2,37.8,37.5,38.7,37.3,43.7,40.9,41.4,38.2,40.1,38.3,33.8,40.0,37.1,39.7,34.4
7868,34.2,34.7,32.4,41.9,40.2,43.8,42.8,39.2,42.6,40.8,42.4,43.4,42.3,41.4,42.7,42.8,38.9,36.3,41.4,41.2,40.6,41.1,42.9,39.2,38.9,40.2,43.5,40.7,38.1,43.1,41.3,41.8,35.1,36.0,36.5,35.2,41.8,34.6,44.0,35.6,44.3,38.9,38.4,35.6,38.0,36.5,37.4,35.8,39.8,34.3,43.9,41.3,39.7,33.1,36.4,33.4,36.1,37.8,37.1,33.3,38.1,35.2,36.4,35.3,42.4,33.2,37.7,42.6,43.5,41.0,40.7,41.0,35.7,36.0,36.9,35.6,42.7,40.1,40.4,36.3,38.4,36.2,33.5,39.4,35.4,38.4,32.9
7869,32.5,34.1,31.6,39.8,39.1,42.7,41.8,38.2,41.9,40.2,41.7,42.3,41.4,40.5,41.8,42.1,38.1,35.5,40.6,40.7,39.7,40.3,42.1,38.3,38.0,39.2,42.6,39.7,37.3,42.3,40.3,41.2,34.0,34.7,35.4,34.3,40.5,34.0,42.3,34.2,43.1,37.9,37.1,34.9,36.5,35.7,35.1,34.5,37.5,33.1,42.1,39.7,38.3,32.4,35.7,32.7,35.2,37.2,36.3,32.9,37.8,34.5,35.8,33.6,41.4,32.5,36.7,41.7,42.9,40.3,39.3,39.3,34.0,35.0,35.2,34.1,41.8,39.6,39.6,35.2,37.4,34.5,33.5,38.7,34.4,37.2,32.1
7870,31.5,33.7,30.7,38.5,38.3,41.6,40.8,37.1,41.0,39.6,41.1,41.6,40.8,39.9,40.9,41.4,37.3,35.2,39.9,40.1,38.8,39.6,41.5,37.5,36.8,38.2,41.9,38.9,36.6,41.5,39.5,40.6,33.2,34.0,34.7,33.4,39.7,33.5,40.9,33.3,41.9,37.0,35.8,34.3,34.7,34.9,33.5,33.1,35.9,32.0,40.2,38.4,36.9,31.2,35.4,32.0,34.9,36.5,35.7,32.5,37.3,33.8,35.0,32.1,40.5,32.0,36.0,41.1,42.2,39.6,37.9,37.9,32.6,34.0,34.0,32.9,41.1,38.9,39.0,34.3,36.2,32.9,33.1,38.1,33.6,36.2,31.4
7871,30.1,33.0,30.3,37.3,37.7,40.8,40.0,36.3,40.3,39.0,40.4,40.7,40.1,39.3,40.0,40.9,36.8,34.7,39.3,39.8,38.1,39.0,40.8,36.6,36.0,37.5,41.2,38.2,36.1,40.9,38.7,40.2,32.3,33.2,34.0,32.7,38.8,33.1,39.9,32.6,40.8,36.8,34.8,33.3,33.6,33.8,32.5,32.0,34.6,30.8,39.0,37.1,35.4,30.2,35.0,31.5,34.4,35.9,35.2,32.1,36.9,33.2,34.6,30.8,39.9,31.2,35.3,40.4,41.6,39.1,36.3,36.7,31.4,33.0,33.1,32.1,40.6,38.4,38.4,33.4,35.3,31.9,32.7,37.6,32.8,35.4,30.8
7872,28.8,32.3,29.7,36.2,36.7,39.9,39.2,35.8,39.7,38.4,39.8,39.8,39.7,38.6,39.3,40.2,36.4,34.1,38.7,39.1,37.6,38.4,40.2,35.7,35.2,36.8,40.6,37.6,35.5,40.5,38.0,39.6,31.6,32.4,33.3,31.9,38.3,32.6,39.0,31.8,39.9,36.0,33.8,32.7,32.4,33.1,31.4,31.0,33.3,29.8,38.0,36.1,34.2,29.4,34.6,31.0,34.2,35.4,34.9,31.7,36.7,32.7,34.1,29.5,39.3,30.5,34.7,39.9,40.9,38.3,34.6,35.4,30.0,31.9,32.3,31.2,40.0,38.1,37.9,32.9,34.7,30.6,32.3,37.2,32.0,34.7,30.2
7873,28.0,31.9,29.2,35.4,36.2,39.1,38.5,35.1,39.0,37.9,39.4,39.1,39.1,38.0,38.6,39.8,35.9,34.0,38.0,38.5,37.0,38.0,39.5,35.0,34.7,36.0,40.2,37.0,34.8,39.6,37.6,39.1,31.0,31.5,32.5,31.2,37.7,32.1,38.2,31.1,38.7,35.5,32.8,31.7,31.6,32.5,30.5,30.3,32.1,29.3,37.0,35.1,32.7,28.6,34.3,30.7,33.8,35.1,34.4,31.3,36.2,32.1,33.8,28.5,38.9,29.9,34.1,39.3,40.1,37.8,33.1,34.2,29.3,31.1,31.4,30.3,39.6,37.7,37.4,32.1,34.0,29.8,31.9,36.8,31.4,34.0,29.7
7874,27.4,31.5,28.5,34.6,35.5,38.5,37.7,34.5,38.3,37.5,38.7,38.7,38.5,37.6,37.8,39.5,35.5,34.0,37.5,38.1,36.4,37.6,39.0,34.3,34.1,35.4,39.7,36.3,34.4,39.3,36.9,38.6,30.4,31.1,32.0,30.8,37.2,31.6,37.4,30.5,37.8,35.4,31.8,31.1,30.8,31.7,29.8,29.8,31.2,28.2,36.2,34.3,31.6,28.3,33.8,30.2,33.4,34.5,33.9,30.8,35.9,31.7,33.6,27.9,38.6,29.5,33.5,38.8,39.5,37.5,32.0,33.2,28.5,30.1,30.5,29.5,39.3,37.2,36.9,31.3,33.4,28.9,31.5,36.5,30.8,33.4,29.2
7875,27.1,31.2,28.3,33.9,34.9,37.7,37.1,34.3,37.9,36.8,38.3,38.3,37.9,37.2,37.2,39.0,35.0,33.4,37.3,37.8,35.9,37.2,38.5,33.7,33.5,34.8,39.1,35.7,34.1,38.9,36.4,38.2,29.8,30.5,31.3,30.3,36.5,31.3,36.8,30.1,37.1,35.1,31.2,30.4,30.2,31.3,29.0,28.9,30.6,27.6,35.5,33.8,30.8,27.8,33.4,29.8,32.9,34.2,33.5,30.5,35.6,31.2,33.3,27.0,38.2,29.2,32.9,38.3,39.0,37.0,30.6,32.4,28.0,29.6,30.0,28.8,38.9,36.8,36.6,30.7,32.9,28.2,31.2,36.3,30.3,32.9,28.8
7876,26.3,30.8,27.9,33.4,34.5,37.3,36.6,33.5,37.5,36.4,37.8,37.8,37.4,36.7,36.7,38.6,34.6,33.2,37.0,37.5,35.5,36.8,38.0,33.2,32.9,34.4,38.7,35.2,33.6,38.5,35.8,37.9,29.4,30.1,31.0,29.7,36.1,31.3,36.1,29.3,36.3,34.9,30.3,29.9,29.6,30.8,28.3,28.4,29.9,26.9,34.8,33.3,30.0,27.4,33.3,29.4,32.7,33.8,33.2,30.1,35.3,30.7,32.8,26.3,38.0,29.0,32.4,37.9,38.5,36.5,29.6,31.9,27.3,29.1,29.7,28.5,38.6,36.3,36.0,30.1,32.0,27.6,31.0,36.1,29.9,32.6,28.3
7877,25.9,30.8,27.6,32.9,34.1,36.7,36.2,33.3,37.0,35.9,37.3,37.4,37.1,36.2,36.2,38.4,34.1,33.0,36.6,37.3,35.0,36.4,37.4,32.7,32.2,34.1,38.1,34.8,33.1,38.3,35.3,37.5,29.0,29.8,30.6,29.4,35.5,30.7,35.8,28.8,35.5,34.6,29.6,29.4,29.1,30.2,27.9,27.8,28.9,26.3,34.0,32.9,29.3,27.2,32.6,29.1,32.3,33.5,32.8,29.8,35.2,30.4,32.8,26.0,37.7,28.7,31.9,37.4,38.1,36.1,28.5,31.5,27.0,28.6,29.1,27.9,38.2,36.0,35.6,29.6,31.4,27.1,30.7,35.8,29.4,32.3,28.1
7878,25.9,30.3,27.4,32.4,33.5,36.5,35.8,32.9,36.7,35.6,37.1,37.1,36.8,35.8,35.7,38.2,33.7,32.8,36.2,37.0,34.7,36.1,37.1,32.2,31.5,33.3,37.6,34.5,32.9,38.0,34.9,37.2,28.8,29.6,30.3,29.3,35.2,30.5,35.2,28.3,34.6,34.1,28.9,28.5,28.8,29.8,27.4,27.3,28.7,25.9,33.2,32.7,28.8,26.8,32.4,29.1,32.1,33.2,32.5,29.6,35.0,30.0,33.0,25.4,37.5,28.7,31.5,36.9,37.7,35.8,27.5,30.8,26.4,28.2,28.5,27.3,37.9,35.7,35.2,29.1,30.9,26.6,30.3,35.6,29.1,31.8,27.6
7879,25.7,30.8,27.3,32.0,33.2,35.9,35.3,32.6,36.4,35.3,37.0,37.0,36.7,35.5,35.2,37.7,33.3,32.6,36.0,36.8,34.5,35.8,36.9,31.8,30.9,32.9,37.6,34.0,32.6,37.6,34.6,36.9,28.3,29.3,30.2,29.0,35.0,30.5,34.6,28.0,34.3,34.4,28.5,28.4,28.3,29.6,27.0,27.4,28.4,25.4,32.7,32.4,28.4,26.5,32.3,29.0,31.8,33.1,32.5,29.4,34.6,29.6,32.9,25.2,37.3,28.4,31.2,36.4,37.4,35.7,26.8,30.5,26.0,27.7,28.2,26.8,37.7,35.5,34.9,28.7,30.6,26.2,30.2,35.5,28.6,31.6,27.5
7880,31.2,33.2,32.1,31.9,33.6,36.0,35.6,33.3,37.4,35.9,38.5,37.7,38.2,35.9,35.6,38.4,34.4,33.4,37.5,38.7,35.0,36.5,37.5,32.1,31.0,33.5,37.9,34.4,33.4,38.4,35.0,38.3,28.4,29.8,30.3,29.6,38.8,33.0,34.7,31.7,35.9,39.6,28.6,29.6,32.0,33.4,29.4,32.0,34.9,25.9,34.3,34.0,31.2,29.8,32.0,29.4,31.9,33.5,32.4,30.0,35.1,29.5,33.3,29.2,37.5,28.9,31.7,36.9,39.1,37.3,30.1,30.6,30.4,29.1,32.4,27.5,39.6,36.9,35.6,28.8,30.6,25.9,30.2,36.6,28.7,32.0,27.8
7881,36.9,37.7,38.9,36.9,37.1,39.1,39.2,36.9,40.3,38.6,41.3,40.5,41.3,38.5,39.2,40.8,38.3,36.0,40.9,41.5,38.4,39.2,40.9,35.0,35.3,37.6,40.0,37.8,36.6,41.5,38.1,40.8,31.8,32.9,32.6,32.8,43.9,37.8,39.2,36.6,39.0,45.0,33.0,34.2,36.8,39.3,32.9,37.1,42.5,30.7,41.3,37.3,36.5,35.1,33.7,31.7,34.4,36.2,33.6,32.2,36.7,30.7,35.6,35.2,38.8,32.3,35.3,39.2,42.4,40.3,36.0,36.2,36.1,34.6,37.9,33.5,42.5,39.2,38.5,33.0,34.2,29.4,32.9,38.7,31.6,34.9,31.3
7882,42.5,41.6,43.9,43.2,40.7,42.6,42.9,40.5,42.9,41.2,43.8,43.3,44.1,41.1,42.8,43.3,41.6,38.5,43.6,44.0,41.6,42.2,44.2,38.2,40.0,41.6,42.5,41.6,39.5,44.4,41.4,43.2,35.5,36.4,35.4,36.0,48.0,41.8,44.1,40.9,42.4,48.6,38.5,37.6,41.9,44.0,37.3,41.4,48.5,35.9,46.3,40.9,41.8,40.1,36.2,34.3,37.5,38.9,36.0,34.5,38.4,33.4,38.0,40.4,40.7,35.5,38.6,41.8,45.4,42.8,41.3,43.0,41.5,39.4,42.5,38.1,45.1,41.6,41.5,38.2,38.6,34.0,35.9,41.0,35.8,38.3,34.7
7883,47.4,44.4,46.8,48.2,44.2,45.8,46.0,43.8,45.2,43.5,46.0,45.7,46.5,43.4,45.8,45.6,44.6,40.4,46.0,46.0,44.5,44.7,47.1,41.4,44.4,45.1,45.2,44.9,42.3,47.1,44.3,45.6,39.1,40.0,38.1,38.9,51.4,44.5,48.4,44.2,45.7,51.0,43.4,40.6,46.3,47.4,42.0,44.7,52.3,40.1,50.4,44.1,46.9,43.8,38.7,36.5,39.9,41.3,38.3,36.3,40.1,36.2,39.8,44.4,42.8,38.0,41.5,44.1,47.6,45.1,46.7,48.3,46.0,42.8,45.9,42.2,47.2,43.6,44.0,43.1,42.8,39.1,37.9,42.7,39.4,41.2,37.5
7884,51.0,46.5,48.9,51.6,47.2,48.2,48.6,46.7,47.2,45.5,47.8,47.8,48.4,45.4,48.3,47.4,46.8,41.9,47.6,47.4,46.9,46.5,49.4,44.3,47.5,48.0,47.1,47.4,44.5,48.9,46.7,47.5,42.0,42.6,40.2,41.2,53.8,46.5,52.0,46.9,48.6,52.6,47.3,43.0,49.5,49.5,45.5,47.4,55.1,43.4,53.6,46.8,50.7,46.4,40.5,38.3,41.7,43.4,40.3,37.8,41.3,38.5,41.4,47.1,44.9,40.0,44.1,46.0,49.5,47.0,50.9,51.8,49.4,45.3,48.5,45.1,48.7,44.9,46.0,46.5,46.2,43.2,39.8,44.0,42.2,43.8,39.8
7885,53.2,47.8,49.5,53.7,49.4,50.3,50.7,48.8,48.5,47.0,49.1,49.5,49.6,47.0,50.2,48.8,48.5,42.9,48.9,48.4,48.7,47.9,51.2,46.5,50.0,50.2,48.7,49.4,46.4,50.5,48.7,49.0,43.9,44.5,42.0,43.0,55.6,47.8,54.6,48.6,50.6,53.6,50.0,45.0,51.8,51.0,48.0,49.2,57.1,45.6,56.0,48.8,53.4,48.2,41.6,39.5,42.9,44.7,41.9,39.0,42.1,40.5,42.5,48.9,46.8,41.7,46.2,47.6,50.8,48.2,53.2,54.3,51.5,47.1,50.3,47.1,49.8,46.0,47.5,49.1,48.7,46.3,41.1,44.8,44.1,45.7,41.7
7886,53.2,47.9,49.5,55.3,50.8,51.4,52.0,50.1,49.3,47.9,49.7,50.4,50.2,47.9,51.4,49.5,49.7,43.3,49.4,48.8,50.0,48.9,52.2,47.7,51.4,51.6,49.6,50.5,47.5,51.3,50.1,49.5,45.3,45.5,43.1,43.9,56.6,47.9,56.0,49.7,52.2,53.9,51.4,46.3,53.1,51.5,49.5,50.1,58.1,46.9,57.5,50.1,55.1,47.7,42.4,40.1,43.7,45.3,42.8,39.6,42.6,41.8,43.2,49.9,48.1,42.5,47.5,48.6,51.7,48.9,54.8,55.2,52.6,48.3,51.1,48.0,50.4,46.4,48.5,50.5,49.9,48.1,42.1,45.2,45.4,46.6,43.0
7887,53.3,47.3,49.3,55.8,51.2,52.0,52.6,50.5,49.3,48.1,49.7,50.8,50.3,48.2,51.8,49.8,50.1,43.1,49.2,48.6,50.2,49.1,52.4,48.1,51.5,52.1,49.9,50.7,47.9,51.5,50.5,49.5,45.9,46.0,43.8,44.6,56.5,47.3,56.8,49.8,52.9,53.3,51.9,46.8,53.4,51.4,50.2,50.0,58.1,47.3,57.9,50.3,55.9,47.9,42.5,39.9,43.6,45.4,43.4,39.2,42.2,42.7,43.0,49.8,48.8,42.4,48.0,48.7,51.8,49.0,55.0,55.2,52.3,48.6,50.9,48.1,50.3,46.3,48.7,50.5,50.4,49.0,42.3,44.8,46.0,46.9,43.4
7888,51.2,44.3,45.7,55.8,50.5,51.5,52.0,49.9,48.4,47.3,48.7,50.3,49.4,47.7,51.1,49.0,49.2,41.4,47.9,47.2,49.5,48.1,51.6,47.4,51.5,51.4,49.2,50.1,46.9,50.6,49.8,48.4,45.2,45.4,43.4,43.8,54.9,44.6,56.1,48.5,52.7,50.6,51.5,46.2,50.9,49.5,49.6,48.1,56.0,47.2,57.3,49.3,55.6,44.8,41.5,38.3,42.5,44.4,43.0,37.5,40.7,42.5,41.2,48.1,48.4,40.5,47.1,48.1,50.9,47.9,54.4,55.8,50.8,48.1,48.9,47.1,49.3,45.2,48.0,50.5,49.9,48.6,41.4,43.6,45.6,46.2,42.5
7889,43.7,39.6,39.2,53.4,47.5,49.1,49.1,46.7,45.7,44.3,46.2,48.4,46.0,45.5,48.5,46.5,45.9,38.7,45.4,44.6,46.3,45.4,48.6,44.5,48.4,48.3,47.2,46.9,43.6,47.7,47.2,45.1,41.6,42.2,40.9,40.9,49.2,39.8,53.8,43.8,50.6,44.0,48.6,42.6,45.0,44.2,46.3,43.3,49.8,43.8,54.7,46.5,53.0,38.8,39.0,36.2,39.6,41.4,41.3,35.0,39.5,40.7,38.9,43.2,46.6,37.4,43.3,46.0,48.1,45.2,51.1,53.5,44.9,44.4,43.6,43.8,46.4,43.0,44.8,47.5,46.4,45.8,38.0,42.0,42.7,43.4,39.2
7890,38.8,36.9,36.0,47.9,43.5,45.9,45.7,42.7,44.1,42.1,44.4,45.9,44.0,43.1,44.9,44.5,41.5,37.4,43.3,42.9,43.0,43.3,45.1,41.5,42.7,43.2,45.4,43.8,40.5,44.9,44.1,43.0,37.8,38.8,38.6,37.4,45.6,37.0,48.6,40.1,48.1,41.3,42.9,38.0,42.2,40.5,42.7,39.5,45.5,38.6,49.5,44.2,45.8,36.0,37.4,34.7,37.7,39.2,39.1,34.1,38.6,38.0,37.5,39.5,44.6,35.1,40.2,44.2,45.5,42.9,44.8,46.6,40.2,40.1,40.4,38.9,44.6,41.4,42.1,41.4,41.7,41.6,34.2,40.9,39.0,40.8,35.8
7891,36.0,35.4,33.8,44.1,41.3,44.3,43.8,40.3,43.0,41.2,43.2,43.9,42.7,41.8,43.3,43.3,39.6,36.6,42.0,41.8,41.1,42.0,43.4,40.0,40.0,40.9,44.2,41.7,38.8,43.6,42.1,42.0,35.9,36.9,37.0,35.8,43.3,35.5,45.6,37.2,44.9,40.0,40.0,36.2,39.9,37.6,39.3,37.2,42.0,35.9,46.0,42.6,41.7,34.4,36.6,33.6,36.7,37.9,37.6,33.7,38.1,36.1,36.6,37.1,43.4,33.6,38.8,43.0,44.1,41.6,42.1,42.9,37.7,37.1,38.3,36.8,43.2,40.4,40.9,37.8,39.7,38.2,33.3,39.9,36.7,39.3,33.9
7892,34.2,34.3,32.3,41.5,39.9,43.3,42.3,38.8,42.1,40.3,42.0,42.8,41.8,41.0,42.2,42.4,38.4,35.7,41.0,41.0,40.1,40.8,42.4,38.9,38.4,39.7,43.2,40.2,37.7,42.6,40.9,41.4,34.7,35.6,35.9,34.6,41.6,34.3,43.6,35.2,43.9,38.7,38.1,35.2,37.9,36.2,36.8,35.5,39.4,34.0,43.4,40.8,39.5,32.9,35.9,32.9,35.5,37.3,36.5,32.9,37.6,34.9,35.7,35.0,42.2,32.5,37.4,42.2,43.1,40.6,40.3,40.6,35.6,35.7,36.5,35.2,42.2,39.6,39.9,36.1,38.1,36.0,33.0,39.3,35.1,38.0,32.4
7893,32.4,33.7,31.6,39.5,38.8,42.2,41.4,37.8,41.3,39.8,41.3,41.8,40.9,40.1,41.3,41.6,37.7,34.9,40.2,40.5,39.4,40.0,41.6,38.0,37.6,38.7,42.2,39.3,36.7,41.9,39.9,40.9,33.6,34.3,34.9,33.6,40.4,33.7,42.0,33.9,42.6,37.7,36.6,34.5,36.4,35.4,34.7,34.1,37.3,32.9,41.7,39.4,38.0,32.2,35.1,32.2,34.7,36.7,35.8,32.4,37.3,34.2,35.1,33.3,41.3,31.9,36.5,41.3,42.5,39.9,39.0,39.0,33.9,34.7,34.9,33.7,41.4,39.1,39.2,34.9,37.0,34.3,32.9,38.6,34.0,36.8,31.6
7894,31.5,33.2,30.6,38.3,38.0,41.2,40.4,36.7,40.5,39.2,40.7,41.0,40.3,39.5,40.5,40.9,37.0,34.7,39.5,39.8,38.4,39.3,41.1,37.2,36.5,37.9,41.5,38.5,36.1,41.1,39.2,40.3,32.8,33.5,34.2,32.7,39.6,33.2,40.7,33.0,41.5,36.9,35.5,33.9,34.7,34.6,33.2,32.7,35.7,31.8,39.9,38.1,36.7,30.9,34.7,31.5,34.4,36.1,35.1,32.0,36.8,33.5,34.5,31.8,40.4,31.4,35.8,40.7,41.8,39.2,37.6,37.7,32.4,33.7,33.6,32.6,40.8,38.5,38.6,34.0,35.8,32.8,32.6,38.1,33.2,35.8,30.9
7895,30.0,32.5,30.2,37.1,37.3,40.4,39.7,35.8,39.7,38.6,40.0,40.1,39.6,38.9,39.6,40.5,36.5,34.2,38.9,39.5,37.7,38.6,40.4,36.4,35.8,37.2,40.7,37.9,35.6,40.5,38.3,39.8,31.9,32.8,33.6,32.1,38.8,32.8,39.7,32.4,40.4,36.6,34.6,33.0,33.5,33.5,32.2,31.6,34.4,30.6,38.7,36.9,35.2,30.0,34.4,31.1,34.0,35.5,34.7,31.6,36.4,32.9,34.1,30.4,39.8,30.7,35.2,40.1,41.2,38.7,36.1,36.5,31.3,32.8,32.7,31.8,40.2,37.9,38.0,33.2,35.0,31.7,32.2,37.6,32.5,35.0,30.3
7896,28.8,31.7,29.5,36.0,36.4,39.6,38.9,35.4,39.1,38.1,39.4,39.3,39.2,38.3,38.9,39.9,36.1,33.7,38.4,38.8,37.2,38.0,39.8,35.4,35.0,36.5,40.2,37.2,35.0,40.2,37.7,39.2,31.3,31.9,32.9,31.3,38.3,32.1,38.9,31.6,39.5,35.9,33.6,32.4,32.4,32.8,31.1,30.5,33.1,29.6,37.8,35.9,34.0,29.4,34.0,30.6,33.7,34.9,34.3,31.3,36.2,32.4,33.6,29.2,39.2,30.1,34.4,39.5,40.5,37.9,34.3,35.2,30.1,31.7,31.9,31.0,39.7,37.6,37.5,32.7,34.4,30.5,31.8,37.3,31.7,34.3,29.7
7897,28.1,31.3,29.0,35.2,35.9,38.9,38.4,34.7,38.5,37.5,39.0,38.6,38.6,37.7,38.4,39.5,35.5,33.7,37.7,38.2,36.7,37.6,39.2,34.8,34.5,35.8,39.8,36.7,34.3,39.4,37.2,38.8,30.7,31.0,32.0,30.7,37.8,31.7,38.1,30.9,38.2,35.5,32.5,31.4,31.6,32.2,30.2,29.8,31.9,29.1,36.8,34.8,32.6,28.5,33.7,30.3,33.3,34.5,33.9,31.1,35.9,31.9,33.4,28.2,38.8,29.6,33.9,39.0,39.8,37.4,32.8,34.0,29.3,30.8,31.1,30.0,39.2,37.3,37.0,31.9,33.6,29.6,31.4,36.8,31.1,33.7,29.2
7898,27.3,31.0,28.3,34.5,35.3,38.3,37.6,34.2,37.9,37.2,38.3,38.2,38.1,37.3,37.6,39.1,35.1,33.8,37.2,37.9,36.1,37.3,38.7,34.0,33.9,35.0,39.3,36.1,33.8,39.1,36.4,38.2,30.1,30.6,31.5,30.2,37.1,31.3,37.3,30.4,37.5,35.3,31.5,30.8,30.7,31.5,29.5,29.3,31.0,27.8,36.0,34.0,31.5,28.2,33.2,29.8,32.9,34.1,33.4,30.5,35.6,31.6,33.3,27.6,38.5,29.1,33.3,38.5,39.3,37.1,31.7,33.1,28.4,29.9,30.2,29.3,39.0,36.8,36.6,31.1,33.2,28.6,31.0,36.6,30.5,33.1,28.8
7899,26.9,30.7,28.0,33.8,34.7,37.6,37.0,33.9,37.4,36.5,37.9,37.8,37.5,36.9,37.0,38.7,34.6,33.2,36.9,37.6,35.5,36.9,38.3,33.4,33.2,34.5,38.7,35.5,33.5,38.6,36.0,37.9,29.6,30.2,31.0,29.8,36.6,31.0,36.8,29.8,36.8,35.1,31.0,30.2,30.0,31.1,28.7,28.5,30.4,27.4,35.2,33.5,30.7,27.6,32.8,29.4,32.4,33.7,33.0,30.3,35.3,31.1,33.1,26.8,38.1,28.9,32.6,37.9,38.7,36.6,30.4,32.3,28.0,29.3,29.7,28.6,38.6,36.4,36.3,30.4,32.7,28.0,30.7,36.3,30.0,32.6,28.4
7900,26.1,30.2,27.7,33.3,34.2,37.1,36.4,33.1,37.0,36.1,37.4,37.4,37.0,36.5,36.5,38.3,34.2,33.1,36.6,37.3,35.1,36.5,37.9,33.0,32.6,34.2,38.3,35.0,33.0,38.3,35.5,37.6,29.1,29.7,30.6,29.2,36.1,30.9,36.2,29.1,36.0,34.9,30.1,29.7,29.4,30.6,28.0,27.9,29.8,26.7,34.6,33.0,30.0,27.2,32.7,29.2,32.3,33.3,32.7,29.9,35.1,30.6,32.5,26.1,37.8,28.7,32.2,37.6,38.3,36.2,29.4,31.9,27.3,29.0,29.4,28.2,38.2,35.9,35.8,29.9,31.7,27.4,30.5,36.1,29.7,32.2,28.0
7901,25.8,30.2,27.3,32.8,33.9,36.6,36.0,32.9,36.6,35.7,37.0,37.0,36.7,36.1,36.1,38.1,33.7,33.0,36.3,37.1,34.6,36.1,37.4,32.4,31.9,33.8,37.8,34.6,32.7,38.0,35.0,37.2,28.7,29.4,30.2,29.1,35.7,30.3,35.8,28.5,35.2,34.5,29.3,29.2,28.9,30.0,27.7,27.4,28.9,26.2,33.9,32.6,29.2,27.0,32.0,28.9,31.8,32.9,32.4,29.6,35.0,30.2,32.5,25.7,37.6,28.4,31.7,37.1,37.9,35.8,28.4,31.5,26.9,28.5,28.8,27.7,37.8,35.6,35.4,29.3,31.1,26.9,30.2,35.9,29.1,31.9,27.7
7902,25.6,29.7,27.2,32.3,33.3,36.3,35.6,32.6,36.3,35.4,36.8,36.7,36.5,35.7,35.5,37.8,33.4,32.8,35.9,36.7,34.3,35.9,37.0,32.0,31.2,33.1,37.3,34.3,32.5,37.7,34.6,36.9,28.5,29.3,30.0,28.9,35.3,30.0,35.2,28.1,34.4,33.9,28.7,28.4,28.6,29.4,27.3,26.9,28.7,25.6,33.1,32.3,28.8,26.5,31.8,28.9,31.6,32.7,32.1,29.4,34.8,29.8,32.7,25.2,37.4,28.4,31.3,36.7,37.5,35.6,27.5,30.8,26.3,28.0,28.2,27.1,37.6,35.3,35.0,28.9,30.6,26.5,29.8,35.8,28.8,31.5,27.3
7903,25.6,30.0,27.1,31.9,32.9,35.7,35.1,32.2,35.9,35.0,36.7,36.6,36.4,35.4,35.0,37.5,33.0,32.5,35.7,36.6,34.2,35.6,36.8,31.6,30.7,32.7,37.4,33.9,32.2,37.3,34.3,36.6,28.0,28.9,29.8,28.7,35.1,30.0,34.6,27.8,34.1,34.1,28.3,28.3,28.1,29.2,26.9,26.9,28.2,25.2,32.6,32.0,28.4,26.4,31.7,28.7,31.4,32.7,32.1,29.2,34.5,29.5,32.6,25.0,37.2,28.2,30.9,36.2,37.3,35.4,26.7,30.4,25.8,27.6,27.8,26.6,37.3,35.2,34.7,28.6,30.2,26.0,29.7,35.6,28.3,31.3,27.1
7904,30.8,32.4,31.6,31.8,33.3,35.8,35.4,32.9,37.0,35.7,38.2,37.3,37.9,35.8,35.4,38.2,34.1,33.2,37.2,38.4,34.7,36.2,37.4,31.8,30.7,33.2,37.7,34.1,33.0,38.2,34.7,38.0,28.1,29.4,29.9,29.2,38.7,32.4,34.7,31.3,35.6,39.2,28.4,29.3,31.6,32.8,29.1,31.4,34.6,25.7,33.9,33.5,31.0,29.5,31.5,29.1,31.4,33.0,32.0,29.8,34.9,29.3,33.0,28.6,37.3,28.6,31.4,36.7,38.9,36.9,29.9,30.5,30.0,28.8,31.7,27.2,39.2,36.5,35.4,28.5,30.3,25.8,29.7,36.7,28.3,31.7,27.4
7905,36.5,36.9,38.4,36.6,36.8,38.8,38.9,36.5,39.9,38.3,40.9,40.1,40.9,38.3,38.9,40.5,38.0,35.7,40.5,41.1,38.1,39.0,40.7,34.7,34.9,37.3,39.7,37.5,36.2,41.3,37.8,40.5,31.3,32.5,32.3,32.4,43.7,37.2,39.0,36.2,38.7,44.4,32.6,33.8,36.3,38.7,32.6,36.5,42.1,30.3,40.8,36.8,36.3,34.6,33.1,31.4,33.9,35.6,33.2,31.9,36.5,30.4,35.3,34.6,38.7,31.9,35.0,39.0,42.1,39.9,35.7,35.9,35.6,34.2,37.1,33.0,42.1,38.9,38.3,32.6,33.8,29.2,32.4,38.7,31.2,34.6,30.8
7906,42.0,40.8,43.2,42.8,40.4,42.3,42.5,40.2,42.6,41.0,43.4,43.0,43.8,40.9,42.4,43.1,41.4,38.2,43.2,43.6,41.4,42.0,44.0,37.8,39.6,41.2,42.3,41.2,39.2,44.3,41.1,43.0,35.0,35.9,35.0,35.7,47.7,41.0,43.7,40.5,42.0,48.0,38.1,37.1,41.3,43.4,36.8,40.8,48.1,35.3,45.8,40.3,41.5,39.4,35.5,34.0,36.9,38.2,35.5,34.1,38.2,33.0,37.6,39.7,40.6,35.2,38.2,41.5,45.0,42.5,40.9,42.6,40.9,38.9,41.7,37.4,44.7,41.3,41.3,37.8,38.2,33.7,35.3,41.0,35.3,38.0,34.2
7907,46.8,43.6,46.2,47.6,43.8,45.4,45.6,43.5,44.9,43.3,45.8,45.5,46.4,43.2,45.4,45.5,44.3,40.0,45.7,45.6,44.2,44.6,47.0,41.0,43.9,44.7,44.9,44.5,42.0,46.9,44.1,45.4,38.5,39.5,37.6,38.5,51.1,43.7,47.9,43.8,45.3,50.3,42.9,40.0,45.6,46.6,41.4,44.0,51.8,39.4,49.7,43.5,46.4,43.1,38.0,36.1,39.3,40.5,37.8,36.0,39.9,35.8,39.4,43.6,42.6,37.5,41.2,43.9,47.4,44.9,46.2,47.8,45.3,42.1,45.3,41.4,46.8,43.3,43.7,42.6,42.3,38.6,37.3,42.7,38.9,41.0,37.0
7908,50.4,45.6,48.1,51.0,46.7,47.8,48.1,46.3,47.0,45.2,47.6,47.7,48.3,45.2,47.9,47.3,46.6,41.5,47.4,47.1,46.6,46.4,49.1,43.8,46.9,47.5,46.9,47.1,44.2,48.8,46.5,47.4,41.4,42.1,39.8,40.7,53.5,45.7,51.5,46.3,48.1,51.8,46.6,42.3,48.8,48.8,44.9,46.6,54.6,42.5,52.8,46.3,50.2,45.4,39.7,37.9,40.9,42.5,39.8,37.4,41.0,38.2,41.0,46.4,44.6,39.7,43.7,45.8,49.4,46.8,50.3,51.2,48.6,44.6,47.8,44.3,48.3,44.7,45.7,45.9,45.6,42.6,39.1,43.9,41.6,43.5,39.3
7909,52.6,46.9,48.7,53.1,48.9,49.8,50.2,48.3,48.4,46.7,48.9,49.4,49.5,46.8,49.7,48.7,48.3,42.5,48.7,48.1,48.5,47.8,50.8,45.9,49.3,49.6,48.4,49.1,46.1,50.4,48.5,48.9,43.3,44.0,41.5,42.5,55.2,46.9,54.0,48.0,50.1,52.8,49.3,44.3,51.0,50.3,47.4,48.4,56.4,44.7,55.2,48.2,52.7,47.2,40.8,39.1,42.1,43.8,41.4,38.5,41.8,40.1,42.0,48.1,46.6,41.3,45.8,47.4,50.8,48.1,52.6,53.5,50.7,46.3,49.6,46.3,49.4,45.8,47.3,48.4,48.0,45.5,40.4,44.8,43.5,45.3,41.2
7910,52.5,46.9,48.6,54.5,50.3,51.0,51.5,49.5,49.2,47.7,49.6,50.4,50.2,47.7,51.0,49.4,49.5,42.9,49.3,48.6,49.7,48.7,51.7,47.1,50.7,51.0,49.4,50.1,47.2,51.2,49.8,49.5,44.6,45.0,42.7,43.4,56.1,46.8,55.3,49.1,51.6,53.1,50.6,45.6,52.3,50.7,48.9,49.3,57.4,46.0,56.7,49.4,54.5,46.9,41.5,39.7,42.8,44.4,42.3,39.1,42.2,41.4,42.7,49.2,47.8,42.1,47.1,48.3,51.6,48.8,54.2,54.4,51.8,47.5,50.3,47.2,50.1,46.2,48.3,49.7,49.3,47.3,41.4,45.1,44.8,46.3,42.4
7911,52.6,46.4,48.5,55.1,50.6,51.5,52.0,50.0,49.2,47.9,49.6,50.7,50.2,47.9,51.3,49.6,49.8,42.7,49.2,48.4,49.9,48.9,52.1,47.5,50.7,51.5,49.7,50.3,47.5,51.3,50.2,49.4,45.2,45.3,43.3,44.0,56.0,46.2,56.1,49.2,52.3,52.4,51.2,46.1,52.6,50.6,49.5,49.1,57.4,46.4,57.1,49.7,55.1,47.1,41.6,39.4,42.8,44.5,42.9,38.7,41.9,42.2,42.6,49.1,48.5,41.9,47.6,48.5,51.7,48.9,54.4,54.4,51.6,47.8,50.2,47.3,50.1,46.1,48.4,49.7,49.7,48.1,41.6,44.9,45.3,46.5,42.8
7912,50.4,43.4,45.0,55.0,49.9,50.9,51.5,49.4,48.2,47.0,48.6,50.2,49.3,47.5,50.6,48.8,48.9,40.9,47.7,47.0,49.1,47.9,51.3,46.7,50.7,50.8,49.0,49.6,46.6,50.4,49.4,48.3,44.5,44.8,42.8,43.3,54.4,43.5,55.4,47.9,52.1,49.8,50.7,45.5,50.1,48.7,48.9,47.3,55.2,46.2,56.5,48.7,54.8,43.9,40.6,37.9,41.7,43.4,42.5,37.0,40.4,42.1,40.8,47.4,48.1,40.0,46.7,47.8,50.8,47.8,53.7,55.1,50.1,47.3,48.2,46.3,49.1,45.0,47.8,49.6,49.3,47.7,40.7,43.6,44.8,45.7,41.9
7913,42.9,38.7,38.5,52.6,46.9,48.6,48.6,46.2,45.4,44.1,46.1,48.2,45.9,45.3,47.9,46.3,45.6,38.4,45.2,44.4,46.0,45.2,48.2,43.9,47.7,47.7,46.9,46.5,43.3,47.5,46.9,45.0,40.9,41.6,40.4,40.3,48.9,39.0,53.1,43.1,49.9,43.4,47.9,41.9,44.3,43.5,45.6,42.6,49.1,42.8,53.9,45.9,52.3,38.2,38.2,35.8,38.8,40.6,40.9,34.7,39.3,40.3,38.5,42.4,46.2,37.0,42.9,45.7,48.0,45.1,50.4,52.7,44.1,43.6,43.0,42.9,46.3,42.8,44.5,46.6,45.8,45.0,37.4,42.1,41.9,43.0,38.6
7914,38.2,36.0,35.3,47.2,42.9,45.5,45.2,42.2,43.8,42.0,44.3,45.8,43.9,42.9,44.4,44.4,41.2,37.1,43.2,42.8,42.6,43.2,44.7,40.9,42.0,42.7,45.2,43.3,40.2,44.7,43.7,42.9,37.1,38.2,38.0,36.8,45.3,36.2,48.0,39.5,47.5,40.7,42.3,37.4,41.5,39.7,42.1,38.9,45.0,37.8,48.8,43.7,45.4,35.3,36.6,34.3,37.0,38.3,38.8,33.8,38.4,37.6,37.1,38.9,44.2,34.8,39.8,44.0,45.4,42.8,44.3,45.9,39.7,39.2,39.8,38.1,44.4,41.2,41.9,40.6,41.1,40.8,33.7,41.0,38.3,40.4,35.2
7915,35.5,34.7,33.2,43.4,40.7,43.8,43.3,39.7,42.8,41.0,43.0,43.9,42.5,41.6,42.8,43.1,39.3,36.3,41.9,41.7,40.7,41.9,43.0,39.4,39.4,40.3,43.9,41.2,38.5,43.4,41.7,42.0,35.2,36.3,36.4,35.1,43.0,34.7,45.0,36.9,44.3,39.4,39.4,35.7,39.2,37.1,38.9,36.7,41.5,35.1,45.4,42.1,41.4,33.8,35.9,33.3,36.0,37.2,37.2,33.4,37.9,35.7,36.2,36.7,43.0,33.4,38.3,42.8,44.0,41.5,41.8,42.3,37.2,36.4,37.7,36.0,43.0,40.2,40.7,37.1,39.1,37.5,32.8,40.1,36.0,38.8,33.3
7916,33.7,33.5,31.8,41.1,39.4,42.8,41.9,38.2,41.9,40.1,41.9,42.7,41.6,40.7,41.7,42.2,38.1,35.5,40.8,40.9,39.6,40.6,41.9,38.3,37.9,39.2,42.9,39.7,37.4,42.5,40.5,41.4,34.0,34.9,35.3,33.9,41.3,33.6,43.0,34.8,43.3,38.0,37.5,34.7,37.2,35.7,36.6,34.9,38.8,33.3,42.9,40.4,39.3,32.3,35.1,32.6,34.8,36.6,36.2,32.6,37.4,34.6,35.3,34.6,41.8,32.3,36.9,41.9,43.0,40.4,39.8,40.1,35.2,35.0,35.9,34.3,42.0,39.4,39.6,35.4,37.4,35.2,32.4,39.5,34.4,37.5,31.9
7917,31.9,32.9,31.0,39.0,38.2,41.7,40.8,37.2,41.1,39.4,41.2,41.6,40.8,39.8,40.8,41.4,37.3,34.7,40.0,40.3,38.9,39.9,41.1,37.5,37.1,38.3,41.9,38.7,36.4,41.7,39.5,40.8,32.9,33.6,34.3,33.0,40.1,32.9,41.5,33.5,42.1,37.1,36.1,34.0,35.7,34.7,34.5,33.5,36.9,32.2,41.3,38.9,37.8,31.6,34.4,31.9,34.0,36.1,35.5,32.1,37.1,34.0,34.8,32.9,40.9,31.7,36.1,41.0,42.4,39.7,38.6,38.4,33.4,34.0,34.3,33.0,41.2,38.8,38.8,34.3,36.5,33.5,32.3,38.8,33.3,36.4,31.1
7918,31.1,32.4,30.0,37.9,37.4,40.7,39.9,36.1,40.3,38.8,40.6,40.9,40.2,39.1,40.0,40.7,36.6,34.5,39.4,39.7,37.9,39.2,40.5,36.7,36.0,37.4,41.1,37.8,35.7,41.0,38.7,40.2,32.1,32.9,33.6,32.1,39.3,32.4,40.2,32.6,41.0,36.4,35.0,33.3,34.0,34.0,32.9,32.2,35.3,31.1,39.5,37.6,36.5,30.4,34.0,31.3,33.8,35.4,34.8,31.7,36.5,33.2,34.1,31.4,40.1,31.1,35.3,40.4,41.6,39.1,37.2,37.1,31.9,33.0,33.1,31.8,40.6,38.3,38.1,33.5,35.3,32.1,32.2,38.2,32.5,35.4,30.4
7919,29.8,31.9,29.6,36.6,36.8,39.9,39.1,35.3,39.5,38.2,39.9,40.0,39.4,38.4,39.0,40.3,36.1,34.0,38.7,39.3,37.2,38.5,39.9,35.9,35.3,36.7,40.3,37.3,35.2,40.3,37.9,39.6,31.3,32.1,33.0,31.6,38.5,32.0,39.2,32.0,40.0,36.0,34.2,32.4,32.9,32.9,32.0,31.2,34.1,29.9,38.3,36.4,35.0,29.5,33.7,30.8,33.4,34.8,34.3,31.3,36.2,32.7,33.7,30.1,39.4,30.5,34.6,39.7,41.0,38.7,35.7,36.0,30.8,32.1,32.2,31.0,40.0,37.8,37.6,32.7,34.5,31.0,31.9,37.7,31.9,34.6,29.9
7920,28.5,31.1,28.9,35.6,35.9,39.1,38.4,34.9,38.9,37.6,39.3,39.1,39.0,37.8,38.4,39.6,35.6,33.5,38.3,38.7,36.7,37.7,39.3,34.9,34.6,36.0,39.6,36.8,34.6,39.9,37.2,38.9,30.7,31.3,32.4,30.8,37.9,31.4,38.5,31.3,39.1,35.4,33.1,31.8,31.8,32.2,31.0,30.1,32.8,28.8,37.4,35.4,33.9,28.9,33.2,30.4,33.1,34.3,34.0,31.0,36.0,32.2,33.3,28.9,38.9,29.9,33.9,39.1,40.2,37.8,34.0,34.7,29.6,31.0,31.4,30.2,39.5,37.4,37.0,32.2,33.9,29.8,31.4,37.2,31.2,33.8,29.3
7921,27.7,30.7,28.4,34.8,35.4,38.4,37.9,34.2,38.2,37.0,38.8,38.4,38.4,37.2,37.9,39.2,35.1,33.4,37.5,38.1,36.2,37.2,38.7,34.2,34.1,35.3,39.3,36.3,33.9,39.1,36.7,38.5,30.1,30.6,31.6,30.3,37.4,31.0,37.7,30.5,37.9,35.0,32.2,30.9,30.9,31.6,30.2,29.4,31.6,28.3,36.4,34.3,32.4,28.1,33.0,30.0,32.6,33.8,33.6,30.7,35.6,31.7,33.0,27.9,38.4,29.3,33.3,38.5,39.5,37.3,32.4,33.6,28.7,30.1,30.7,29.2,39.1,37.0,36.6,31.5,33.1,28.9,31.1,36.8,30.6,33.2,28.8
7922,26.9,30.5,27.7,34.2,34.8,37.8,37.1,33.7,37.5,36.6,38.2,37.9,37.8,36.9,37.1,38.8,34.7,33.4,37.0,37.7,35.6,36.7,38.2,33.4,33.4,34.6,38.8,35.8,33.4,38.7,35.9,38.0,29.5,30.2,31.1,29.8,36.8,30.6,36.9,30.0,37.2,34.9,31.2,30.4,30.0,30.9,29.4,28.9,30.8,27.2,35.6,33.5,31.4,27.7,32.5,29.6,32.3,33.4,33.1,30.2,35.3,31.4,32.8,27.3,38.1,28.8,32.7,38.0,39.0,36.9,31.4,32.8,28.0,29.3,29.9,28.6,38.8,36.5,36.2,30.7,32.7,27.9,30.8,36.5,30.0,32.6,28.5
7923,26.4,30.0,27.5,33.5,34.2,37.0,36.5,33.4,37.1,36.1,37.7,37.5,37.2,36.5,36.5,38.3,34.1,32.9,36.7,37.4,35.1,36.4,37.8,32.9,32.7,34.1,38.2,35.1,33.1,38.3,35.5,37.5,29.0,29.8,30.5,29.4,36.3,30.2,36.4,29.5,36.5,34.6,30.7,29.7,29.5,30.5,28.6,28.2,30.1,26.6,34.9,33.0,30.5,27.2,32.1,29.1,31.8,33.0,32.7,29.9,35.0,30.9,32.5,26.6,37.7,28.6,32.1,37.5,38.5,36.4,30.2,32.0,27.4,28.7,29.4,27.8,38.3,36.1,35.8,30.1,32.2,27.3,30.5,36.3,29.5,32.2,28.1
7924,25.7,29.6,27.2,33.0,33.7,36.6,35.9,32.7,36.6,35.6,37.1,37.0,36.7,36.0,36.0,37.9,33.8,32.7,36.4,37.1,34.6,36.1,37.4,32.4,32.2,33.8,37.8,34.6,32.6,37.9,35.0,37.3,28.6,29.3,30.2,28.8,35.8,30.1,35.8,28.8,35.6,34.3,29.8,29.3,28.7,29.9,27.8,27.6,29.6,26.1,34.2,32.4,29.7,26.8,31.9,28.8,31.6,32.6,32.4,29.6,34.7,30.4,31.9,25.9,37.4,28.3,31.7,37.1,38.0,35.9,29.2,31.6,26.8,28.4,29.0,27.5,37.9,35.6,35.3,29.6,31.4,26.8,30.3,36.0,29.2,31.8,27.6
7925,25.3,29.7,26.7,32.5,33.4,36.0,35.5,32.4,36.2,35.2,36.7,36.6,36.5,35.6,35.6,37.7,33.3,32.5,36.0,36.9,34.2,35.7,36.9,31.9,31.5,33.5,37.3,34.1,32.3,37.7,34.5,36.9,28.2,29.0,29.8,28.7,35.4,29.6,35.4,28.3,34.9,33.8,29.0,28.7,28.3,29.3,27.6,27.1,28.7,25.5,33.5,32.0,29.0,26.6,31.3,28.4,31.1,32.2,32.2,29.2,34.6,30.0,32.0,25.4,37.2,28.0,31.2,36.7,37.6,35.5,28.3,31.2,26.3,28.0,28.3,26.9,37.6,35.3,34.9,29.0,30.8,26.4,30.0,35.8,28.6,31.5,27.4
7926,25.2,29.3,26.7,32.0,32.8,35.7,35.1,32.1,35.9,34.8,36.5,36.3,36.2,35.3,35.0,37.4,33.0,32.3,35.6,36.5,33.9,35.4,36.5,31.5,30.8,32.7,36.9,33.9,32.1,37.4,34.1,36.6,28.0,28.8,29.6,28.6,35.1,29.4,34.7,27.9,34.2,33.3,28.5,28.0,28.0,28.9,27.1,26.5,28.5,25.0,32.7,31.7,28.5,26.1,31.0,28.4,31.0,32.0,31.9,29.0,34.4,29.6,32.1,25.0,37.0,28.0,30.8,36.3,37.3,35.3,27.4,30.6,25.8,27.6,27.7,26.5,37.3,35.0,34.6,28.6,30.3,26.0,29.5,35.7,28.3,31.0,27.0
7927,25.1,29.5,26.5,31.5,32.5,35.2,34.7,31.8,35.5,34.5,36.4,36.2,36.1,34.9,34.5,37.0,32.7,32.1,35.4,36.3,33.7,35.1,36.3,31.1,30.3,32.3,36.8,33.4,31.7,37.1,33.8,36.2,27.5,28.5,29.4,28.3,34.8,29.4,34.2,27.6,33.7,33.4,28.1,28.0,27.5,28.7,26.7,26.5,28.0,24.6,32.2,31.4,28.0,25.9,30.9,28.2,30.8,32.0,31.8,28.8,34.2,29.2,32.0,24.8,36.8,27.7,30.4,35.8,37.1,35.1,26.6,30.1,25.3,27.1,27.3,25.9,37.0,34.8,34.3,28.2,29.9,25.6,29.5,35.5,27.8,30.8,26.8
7928,30.1,31.7,30.8,31.4,32.8,35.3,34.9,32.4,36.5,35.1,37.8,36.7,37.5,35.3,34.8,37.7,33.5,32.7,36.8,38.1,34.2,35.6,36.9,31.2,30.3,32.7,37.1,33.6,32.5,37.8,34.1,37.6,27.5,28.9,29.4,28.8,38.1,31.7,34.2,30.9,35.2,38.2,28.1,28.8,31.0,32.1,28.8,30.9,34.2,25.1,33.5,32.9,30.6,28.9,30.7,28.6,30.7,32.3,31.8,29.4,34.5,29.0,32.5,28.3,36.9,28.2,30.9,36.1,38.6,36.5,29.6,30.0,29.2,28.3,31.2,26.4,38.9,36.0,34.9,28.2,29.8,25.4,29.5,36.5,27.8,31.2,27.0
7929,35.7,36.2,37.4,35.9,36.2,38.1,38.3,35.8,39.4,37.7,40.5,39.5,40.5,37.6,38.2,39.9,37.4,35.2,40.1,40.8,37.4,38.4,40.1,34.0,34.3,36.6,39.1,36.9,35.5,40.9,37.2,40.0,30.6,31.9,31.8,31.9,43.0,36.4,38.3,35.7,38.2,43.4,32.1,33.1,35.5,37.9,32.1,35.9,41.6,29.6,40.1,36.1,35.8,33.9,32.3,30.9,33.1,34.7,32.8,31.5,36.1,30.1,34.7,34.0,38.3,31.5,34.4,38.4,41.8,39.4,35.2,35.2,34.7,33.5,36.5,32.2,41.7,38.5,37.7,32.0,33.3,28.5,32.0,38.6,30.5,34.0,30.3
7930,41.0,40.2,42.3,41.8,39.6,41.6,41.8,39.4,42.1,40.2,43.0,42.4,43.3,40.2,41.7,42.5,40.6,37.7,42.8,43.3,40.6,41.4,43.3,37.1,38.9,40.4,41.5,40.5,38.4,43.8,40.3,42.5,34.2,35.2,34.3,34.9,46.9,40.2,42.9,39.8,41.5,47.0,37.3,36.4,40.4,42.5,36.2,40.1,47.6,34.5,45.0,39.7,40.9,38.8,34.7,33.5,36.0,37.3,35.2,33.7,37.7,32.7,37.1,39.0,40.1,34.8,37.7,40.8,44.6,42.0,40.2,41.7,39.9,38.1,41.1,36.5,44.3,40.9,40.5,37.1,37.6,33.0,34.8,40.8,34.5,37.3,33.5
7931,45.6,42.9,45.3,46.5,43.0,44.6,44.8,42.6,44.3,42.5,45.3,44.9,45.8,42.5,44.5,44.8,43.5,39.5,45.2,45.2,43.4,43.9,46.1,40.2,43.0,43.8,44.2,43.6,41.2,46.4,43.3,44.9,37.6,38.6,36.9,37.8,50.2,42.8,47.0,43.1,44.6,49.2,41.9,39.2,44.5,45.6,40.6,43.3,51.3,38.6,48.8,42.8,45.5,42.3,37.0,35.7,38.3,39.6,37.4,35.5,39.4,35.6,38.9,42.8,42.1,37.2,40.6,43.1,46.9,44.4,45.3,46.8,44.3,41.2,44.5,40.5,46.4,42.8,42.9,41.8,41.7,37.7,36.8,42.5,38.0,40.2,36.3
7932,49.3,45.0,47.3,49.9,45.9,46.9,47.3,45.4,46.3,44.5,47.1,47.1,47.7,44.4,47.0,46.6,45.8,41.0,46.9,46.6,45.8,45.6,48.2,43.0,46.1,46.7,46.1,46.2,43.4,48.2,45.6,46.9,40.5,41.3,39.0,39.9,52.6,44.9,50.5,45.6,47.4,50.7,45.7,41.5,47.8,47.7,44.0,45.9,54.1,41.6,52.0,45.6,49.3,44.6,38.7,37.4,40.0,41.6,39.4,36.9,40.6,38.0,40.5,45.6,44.2,39.3,43.2,45.1,48.8,46.2,49.4,50.1,47.6,43.7,46.9,43.3,47.9,44.3,44.9,45.1,44.8,41.8,38.5,43.8,40.8,42.7,38.5
7933,51.4,46.3,47.8,51.9,48.1,48.9,49.3,47.5,47.7,46.0,48.4,48.8,48.9,46.0,48.8,47.9,47.5,42.0,48.2,47.6,47.6,47.0,49.9,45.2,48.4,48.8,47.6,48.2,45.2,49.8,47.5,48.4,42.4,43.2,40.7,41.7,54.3,46.1,52.9,47.3,49.4,51.7,48.4,43.4,50.0,49.2,46.4,47.7,55.8,43.8,54.4,47.5,51.8,46.4,39.9,38.6,41.3,42.8,41.0,38.1,41.3,39.8,41.6,47.3,46.1,40.9,45.4,46.5,50.2,47.5,51.6,52.4,49.7,45.4,48.7,45.3,49.0,45.3,46.5,47.6,47.2,44.8,39.9,44.6,42.7,44.5,40.3
7934,51.3,46.3,47.6,53.4,49.5,50.1,50.6,48.7,48.5,47.0,49.1,49.7,49.6,46.9,50.1,48.6,48.6,42.4,48.8,48.1,48.8,47.9,50.9,46.3,49.7,50.2,48.6,49.1,46.3,50.5,48.8,48.9,43.8,44.2,41.9,42.6,55.2,46.1,54.3,48.4,50.9,51.9,49.7,44.7,51.3,49.7,47.9,48.6,56.8,45.1,55.9,48.9,53.5,46.1,40.5,39.2,41.9,43.4,42.0,38.6,41.8,41.2,42.3,48.4,47.5,41.7,46.8,47.5,51.0,48.3,53.1,53.4,50.7,46.6,49.5,46.2,49.7,45.7,47.4,48.9,48.5,46.7,40.8,45.0,43.9,45.5,41.6
7935,51.2,45.8,47.6,54.0,49.8,50.6,51.1,49.2,48.4,47.1,49.1,50.1,49.7,47.1,50.5,48.8,49.0,42.2,48.6,48.0,49.0,48.1,51.2,46.7,49.8,50.7,48.9,49.4,46.7,50.6,49.3,48.8,44.4,44.5,42.5,43.2,55.1,45.5,55.0,48.4,51.6,51.3,50.2,45.2,51.5,49.6,48.5,48.4,56.9,45.5,56.3,49.1,54.2,46.3,40.5,38.9,41.8,43.4,42.5,38.3,41.4,41.9,42.1,48.3,48.1,41.4,47.3,47.7,51.1,48.3,53.4,53.4,50.4,46.9,49.4,46.3,49.7,45.5,47.6,48.9,48.9,47.3,41.0,44.7,44.4,45.8,42.0
7936,49.3,42.8,44.2,53.9,49.1,50.1,50.6,48.6,47.4,46.2,48.1,49.5,48.7,46.7,49.7,48.0,48.1,40.4,47.2,46.6,48.3,47.1,50.4,45.9,49.8,50.0,48.2,48.8,45.8,49.6,48.6,47.7,43.7,44.0,42.0,42.5,53.5,42.8,54.3,47.1,51.4,48.7,49.8,44.6,49.1,47.7,47.9,46.6,54.6,45.2,55.8,48.1,54.0,43.3,39.6,37.3,40.8,42.4,42.2,36.5,39.9,41.8,40.3,46.7,47.7,39.5,46.4,47.0,50.2,47.2,52.7,54.0,49.0,46.4,47.5,45.3,48.7,44.4,46.9,48.9,48.5,46.9,40.2,43.5,44.0,44.9,41.1
7937,42.0,38.2,37.8,51.4,46.1,47.7,47.7,45.4,44.8,43.3,45.7,47.5,45.3,44.5,47.1,45.6,44.8,37.8,44.8,44.1,45.2,44.4,47.4,43.1,46.8,47.0,46.2,45.7,42.6,46.8,46.0,44.5,40.2,40.9,39.6,39.6,48.1,38.3,52.0,42.5,49.2,42.5,46.9,41.0,43.4,42.6,44.6,41.8,48.6,41.9,53.2,45.4,51.5,37.8,37.2,35.2,37.9,39.7,40.5,34.2,38.8,39.9,38.0,41.7,45.9,36.4,42.4,45.0,47.4,44.7,49.4,51.6,43.2,42.8,42.3,41.9,45.9,42.3,43.8,45.9,45.1,44.3,36.8,42.0,41.1,42.3,37.9
7938,37.3,35.6,34.7,46.3,42.2,44.8,44.5,41.4,43.2,41.3,43.9,45.2,43.4,42.2,43.7,43.7,40.5,36.6,42.8,42.5,41.9,42.4,43.9,40.2,41.4,42.0,44.4,42.6,39.6,44.2,43.0,42.5,36.5,37.5,37.4,36.2,44.7,35.6,47.1,38.9,46.7,39.9,41.5,36.6,40.6,38.8,41.3,38.2,44.4,37.0,48.2,43.1,44.8,34.8,35.7,33.7,36.2,37.5,38.3,33.3,37.8,37.2,36.7,38.3,43.8,34.3,39.2,43.3,44.9,42.4,43.6,45.0,38.8,38.5,39.2,37.3,44.1,40.7,41.3,40.0,40.4,40.3,33.2,40.9,37.6,39.8,34.6
7939,34.8,34.3,32.6,42.6,40.0,43.1,42.6,39.0,42.1,40.3,42.7,43.3,42.1,40.9,42.1,42.5,38.6,35.7,41.6,41.4,40.0,41.2,42.3,38.8,38.8,39.5,43.2,40.5,38.0,42.8,41.0,41.5,34.6,35.6,35.9,34.5,42.4,34.2,44.2,36.3,43.7,38.6,38.8,35.0,38.5,36.2,38.3,36.2,40.9,34.4,44.8,41.6,40.9,33.2,35.0,32.7,35.3,36.4,36.8,32.8,37.3,35.3,35.6,36.0,42.5,32.9,37.8,42.1,43.6,41.1,41.1,41.5,36.3,35.8,37.1,35.1,42.7,39.7,40.0,36.6,38.5,37.0,32.2,40.0,35.4,38.2,32.7
7940,33.2,33.2,31.2,40.3,38.6,42.0,41.1,37.5,41.2,39.5,41.6,42.1,41.1,40.0,41.1,41.6,37.4,34.9,40.5,40.6,39.0,40.1,41.3,37.7,37.3,38.4,42.2,39.0,36.8,41.9,39.8,41.0,33.5,34.3,34.7,33.3,40.6,33.0,42.1,34.3,42.7,37.2,36.8,34.0,36.6,34.9,36.1,34.4,38.4,32.7,42.4,39.9,38.8,31.9,34.2,31.9,34.1,35.8,35.7,32.1,36.9,34.2,34.8,33.8,41.3,31.8,36.4,41.3,42.7,40.1,39.1,39.3,34.4,34.3,35.3,33.5,41.7,38.9,38.9,34.9,36.8,34.7,31.9,39.4,33.8,36.9,31.4
7941,31.4,32.6,30.5,38.2,37.5,41.0,40.1,36.5,40.4,38.8,40.9,41.1,40.3,39.2,40.1,40.8,36.6,34.1,39.7,40.0,38.3,39.3,40.4,36.9,36.5,37.6,41.3,37.9,35.9,41.1,38.8,40.4,32.4,33.1,33.8,32.3,39.4,32.3,40.7,33.1,41.6,36.3,35.5,33.3,35.2,33.9,34.0,32.9,36.3,31.5,40.7,38.4,37.2,31.1,33.6,31.3,33.3,35.3,35.0,31.6,36.5,33.6,34.2,32.3,40.4,31.1,35.5,40.4,42.0,39.3,37.9,37.6,32.6,33.4,33.7,32.1,40.9,38.3,38.2,33.8,35.9,33.0,31.7,38.7,32.7,35.8,30.6
7942,30.6,32.2,29.5,37.1,36.8,40.0,39.2,35.5,39.7,38.2,40.2,40.3,39.7,38.5,39.3,40.2,35.9,33.8,39.1,39.4,37.4,38.6,39.8,36.2,35.5,36.6,40.5,37.2,35.2,40.4,38.0,39.8,31.6,32.3,33.1,31.5,38.6,31.8,39.4,32.2,40.5,35.7,34.4,32.6,33.5,33.4,32.5,31.6,34.8,30.4,39.0,37.2,36.0,29.9,33.2,30.7,33.0,34.7,34.3,31.2,36.0,32.8,33.5,30.7,39.6,30.5,34.8,39.8,41.3,38.7,36.7,36.3,31.2,32.4,32.6,31.0,40.3,37.7,37.5,33.0,34.8,31.8,31.7,38.1,32.0,34.9,29.9
7943,29.1,31.5,29.1,35.9,36.2,39.2,38.4,34.7,38.9,37.6,39.5,39.4,39.0,37.9,38.4,39.7,35.4,33.3,38.5,39.0,36.7,37.9,39.1,35.3,34.9,36.0,39.7,36.7,34.7,39.7,37.3,39.2,30.8,31.6,32.5,31.0,37.8,31.4,38.6,31.6,39.6,35.2,33.4,31.8,32.3,32.4,31.5,30.7,33.6,29.3,37.8,35.9,34.6,29.0,33.0,30.3,32.7,34.1,33.8,30.8,35.7,32.3,33.1,29.5,39.0,30.0,34.1,39.2,40.6,38.2,35.2,35.2,30.1,31.5,31.7,30.2,39.7,37.3,37.0,32.2,33.9,30.7,31.3,37.5,31.4,34.0,29.3
7944,27.9,30.6,28.5,34.9,35.3,38.4,37.7,34.3,38.3,37.0,38.9,38.5,38.6,37.3,37.8,39.0,35.0,32.9,37.9,38.5,36.2,37.2,38.6,34.5,34.1,35.4,39.0,36.2,34.1,39.4,36.6,38.5,30.3,30.9,31.9,30.3,37.2,30.8,37.8,30.9,38.6,34.8,32.5,31.1,31.3,31.7,30.6,29.6,32.3,28.2,36.8,35.0,33.4,28.5,32.4,29.8,32.3,33.6,33.5,30.5,35.4,31.7,32.6,28.4,38.4,29.3,33.4,38.5,39.9,37.4,33.5,34.0,29.0,30.4,30.9,29.4,39.3,36.9,36.5,31.8,33.3,29.5,31.0,37.1,30.8,33.3,28.8
7945,27.2,30.4,28.0,34.2,34.8,37.8,37.3,33.6,37.6,36.4,38.4,37.9,38.0,36.7,37.3,38.6,34.4,32.7,37.1,37.9,35.7,36.6,38.0,33.7,33.6,34.7,38.6,35.8,33.4,38.6,36.2,38.1,29.7,30.1,31.2,29.9,36.6,30.4,37.1,30.2,37.5,34.3,31.7,30.2,30.3,31.1,29.8,28.9,31.2,27.7,35.8,33.9,32.0,27.6,32.2,29.4,31.9,33.1,33.1,30.2,35.1,31.2,32.4,27.3,38.0,28.7,32.8,38.0,39.1,36.9,32.1,32.9,28.1,29.6,30.1,28.4,38.8,36.5,36.0,31.1,32.6,28.6,30.6,36.6,30.2,32.6,28.3
7946,26.4,30.0,27.4,33.6,34.2,37.2,36.5,33.1,36.9,36.0,37.8,37.5,37.4,36.3,36.5,38.2,34.1,32.8,36.7,37.5,35.0,36.2,37.6,33.0,33.0,33.9,38.2,35.2,32.9,38.2,35.4,37.6,29.2,29.7,30.6,29.4,36.0,30.0,36.2,29.8,36.8,34.2,30.7,29.7,29.5,30.4,28.9,28.5,30.2,26.8,35.1,33.1,30.9,27.3,31.7,29.1,31.5,32.6,32.5,29.7,34.9,30.9,32.1,26.8,37.7,28.3,32.2,37.4,38.7,36.5,30.9,32.2,27.4,28.8,29.4,27.9,38.6,35.9,35.5,30.4,32.2,27.6,30.2,36.3,29.6,32.1,28.1
7947,25.8,29.6,27.1,33.0,33.6,36.4,35.9,32.7,36.5,35.5,37.4,37.0,36.7,35.8,35.9,37.8,33.4,32.4,36.4,37.2,34.5,35.9,37.2,32.4,32.3,33.4,37.6,34.6,32.6,37.8,35.0,37.2,28.6,29.3,30.1,29.0,35.6,29.6,35.6,29.3,36.1,34.1,30.2,29.1,29.0,30.1,28.1,27.7,29.7,26.1,34.3,32.6,30.1,26.8,31.3,28.6,31.0,32.3,32.1,29.4,34.5,30.4,31.9,26.1,37.3,28.1,31.6,36.9,38.1,36.1,29.7,31.4,26.9,28.2,28.9,27.0,38.1,35.6,35.2,29.8,31.8,27.0,30.1,36.0,29.1,31.6,27.8
7948,25.1,29.3,26.8,32.6,33.2,36.0,35.3,32.1,36.0,35.0,36.8,36.5,36.3,35.4,35.4,37.4,33.1,32.1,36.1,36.9,34.1,35.5,36.9,32.0,31.7,33.1,37.2,34.0,32.1,37.5,34.4,36.9,28.1,28.8,29.7,28.4,35.2,29.6,35.1,28.6,35.2,33.6,29.4,28.5,28.2,29.5,27.4,27.1,29.2,25.7,33.7,32.0,29.4,26.4,31.0,28.3,30.8,31.9,31.8,29.2,34.2,29.9,31.4,25.4,37.0,27.8,31.1,36.6,37.6,35.5,28.8,31.2,26.2,27.8,28.5,26.7,37.6,35.1,34.7,29.3,30.9,26.4,29.8,35.7,28.7,31.2,27.2
7949,24.7,29.3,26.3,32.1,32.9,35.5,35.0,31.7,35.6,34.5,36.4,36.2,36.1,35.0,35.0,37.1,32.7,31.9,35.8,36.6,33.6,35.2,36.3,31.4,31.0,32.9,36.8,33.6,31.7,37.3,33.9,36.6,27.7,28.5,29.3,28.2,34.8,29.0,34.8,28.0,34.5,33.2,28.6,28.0,27.9,28.8,27.1,26.6,28.3,24.9,32.9,31.5,28.6,26.2,30.5,27.9,30.3,31.5,31.5,28.8,34.1,29.4,31.4,25.0,36.8,27.6,30.6,36.1,37.2,35.2,27.9,30.8,25.7,27.3,27.7,26.0,37.2,34.7,34.3,28.8,30.3,26.1,29.5,35.5,28.2,30.9,27.0
7950,24.7,28.9,26.3,31.6,32.2,35.2,34.5,31.3,35.2,34.2,36.2,35.9,35.7,34.6,34.4,36.8,32.3,31.7,35.3,36.2,33.3,34.8,36.0,31.0,30.3,32.2,36.3,33.3,31.4,36.9,33.5,36.3,27.4,28.3,29.1,28.1,34.6,28.9,34.2,27.5,33.8,32.7,28.0,27.4,27.5,28.4,26.5,26.0,28.2,24.3,32.1,31.2,28.0,25.7,30.2,27.9,30.2,31.2,31.2,28.5,33.9,29.1,31.5,24.6,36.6,27.6,30.3,35.7,37.0,35.0,27.0,30.2,25.3,27.0,27.0,25.6,36.9,34.5,34.0,28.3,29.9,25.6,29.0,35.3,27.8,30.5,26.5
7951,24.6,29.1,26.1,31.1,31.8,34.6,34.0,31.1,34.8,33.9,36.0,35.7,35.6,34.2,33.9,36.4,32.0,31.6,35.1,36.0,33.1,34.5,35.7,30.6,29.9,31.7,36.1,32.8,31.1,36.6,33.2,35.8,27.1,28.0,28.9,27.8,34.2,28.9,33.7,27.3,33.2,32.6,27.7,27.3,27.0,28.1,26.2,25.8,27.6,23.9,31.6,30.8,27.5,25.5,30.1,27.7,30.0,31.2,31.1,28.3,33.7,28.7,31.3,24.4,36.4,27.4,29.8,35.2,36.7,34.9,26.4,29.7,24.8,26.5,26.6,25.1,36.6,34.3,33.6,28.0,29.4,25.3,28.9,35.1,27.3,30.2,26.3
7952,29.3,31.3,30.3,31.0,32.1,34.7,34.2,31.6,35.8,34.5,37.3,36.2,36.9,34.6,34.1,37.0,32.8,32.1,36.3,37.7,33.5,35.0,36.2,30.7,29.9,32.1,36.4,32.9,31.8,37.3,33.4,37.1,27.1,28.3,28.9,28.3,37.4,31.0,33.6,30.3,34.6,37.4,27.6,28.0,30.3,31.4,28.2,30.2,33.6,24.3,33.0,32.2,30.0,28.4,29.9,28.0,29.9,31.4,31.0,28.9,33.9,28.4,31.7,27.7,36.5,27.9,30.2,35.5,38.2,36.0,29.0,29.5,28.7,27.6,30.5,25.5,38.3,35.4,34.1,27.9,29.3,25.0,28.8,36.1,27.3,30.6,26.5
7953,35.1,35.8,36.8,35.3,35.4,37.4,37.5,35.1,38.6,37.0,39.9,38.8,39.8,36.9,37.5,39.2,36.6,34.7,39.6,40.2,36.7,37.7,39.3,33.4,33.7,35.9,38.4,36.2,34.9,40.3,36.5,39.5,30.1,31.4,31.3,31.4,42.2,35.7,37.6,35.0,37.5,42.5,31.5,32.3,34.8,37.2,31.6,35.3,41.2,28.7,39.4,35.4,35.3,33.4,31.4,30.3,32.3,33.9,32.1,31.0,35.6,29.5,34.1,33.4,37.8,31.1,33.8,37.7,41.3,38.8,34.5,34.6,34.2,32.7,35.8,31.3,41.2,37.8,36.9,31.6,32.7,28.0,31.3,38.2,30.0,33.4,29.8
7954,40.3,39.8,41.8,41.1,38.9,40.8,41.0,38.8,41.2,39.6,42.4,41.7,42.6,39.5,40.9,41.8,39.9,37.1,42.2,42.6,40.0,40.7,42.5,36.5,38.3,39.7,40.8,39.8,37.8,43.1,39.7,41.9,33.8,34.7,33.8,34.4,46.1,39.6,42.1,39.1,40.8,46.1,36.7,35.5,39.7,41.9,35.5,39.4,47.2,33.5,44.4,38.9,40.2,38.2,33.8,32.9,35.2,36.5,34.5,33.2,37.2,32.2,36.5,38.3,39.6,34.3,37.2,40.1,44.1,41.4,39.5,40.9,39.4,37.3,40.3,35.6,43.8,40.2,39.8,36.6,37.1,32.4,34.3,40.5,34.0,36.7,33.0
7955,45.0,42.5,44.8,45.8,42.3,43.7,44.0,42.0,43.6,41.9,44.7,44.1,45.1,41.8,43.8,44.2,42.8,39.0,44.5,44.5,42.8,43.2,45.4,39.6,42.5,43.0,43.5,42.9,40.6,45.6,42.6,44.3,37.1,38.1,36.4,37.2,49.4,42.2,46.2,42.3,43.9,48.3,41.3,38.4,43.9,45.1,39.8,42.6,50.9,37.7,48.2,42.0,44.8,41.8,36.1,35.1,37.4,38.8,36.9,35.0,38.9,35.1,38.3,42.1,41.6,36.7,40.1,42.5,46.2,43.7,44.6,46.0,43.7,40.4,43.7,39.6,45.8,42.1,42.2,41.3,41.2,37.2,36.2,42.2,37.5,39.6,35.7
7956,48.6,44.6,46.7,49.1,45.2,46.1,46.5,44.8,45.6,43.9,46.4,46.4,47.1,43.7,46.2,46.0,45.1,40.5,46.2,46.0,45.1,45.0,47.5,42.4,45.5,45.9,45.5,45.5,42.8,47.5,44.9,46.3,40.0,40.8,38.5,39.4,51.7,44.3,49.6,44.8,46.7,49.9,45.1,40.6,47.1,47.1,43.2,45.3,53.6,40.7,51.4,44.9,48.5,44.1,37.9,36.8,39.1,40.7,38.9,36.5,40.2,37.5,40.0,44.8,43.7,38.8,42.8,44.4,48.1,45.5,48.6,49.4,47.1,42.8,46.0,42.4,47.3,43.5,44.3,44.5,44.3,41.3,37.9,43.4,40.3,42.1,37.9
7957,50.8,46.0,47.1,51.4,47.4,48.1,48.5,46.9,47.0,45.4,47.8,48.1,48.3,45.3,48.0,47.3,46.8,41.5,47.7,46.9,46.9,46.3,49.2,44.6,47.8,48.1,47.0,47.4,44.7,49.0,46.9,47.7,41.9,42.7,40.2,41.3,53.4,45.5,52.1,46.5,48.6,51.0,47.7,42.5,49.7,48.6,45.6,47.1,55.4,42.8,53.9,46.9,51.1,45.9,39.0,38.0,40.5,42.0,40.5,37.6,41.0,39.4,41.0,46.6,45.7,40.2,45.1,45.9,49.5,46.8,50.8,51.8,49.2,44.5,47.9,44.5,48.4,44.5,45.8,47.0,46.7,44.3,39.2,44.2,42.3,44.0,39.7
7958,50.8,45.9,47.0,52.7,48.9,49.3,49.8,48.1,47.8,46.3,48.4,49.1,49.0,46.2,49.2,48.0,48.0,41.9,48.1,47.4,48.1,47.2,50.1,45.8,49.2,49.4,48.0,48.4,45.8,49.7,48.1,48.3,43.2,43.6,41.4,42.2,54.2,45.5,53.5,47.6,50.2,51.1,49.1,43.8,50.8,48.8,47.1,48.0,56.4,44.1,55.4,48.4,52.9,45.6,39.6,38.5,41.0,42.5,41.4,38.1,41.3,40.7,41.8,47.6,47.1,41.0,46.5,46.9,50.2,47.6,52.4,52.7,50.1,45.7,48.7,45.4,49.1,44.9,46.7,48.3,48.0,46.1,40.2,44.6,43.4,45.0,41.0
7959,50.8,45.4,47.0,53.4,49.2,49.8,50.3,48.6,47.7,46.4,48.5,49.5,49.0,46.4,49.6,48.2,48.3,41.7,48.0,47.3,48.3,47.4,50.4,46.1,49.2,50.0,48.3,48.7,46.1,49.8,48.6,48.2,43.9,44.0,42.0,42.7,54.2,45.0,54.2,47.7,50.9,50.4,49.7,44.3,51.0,48.9,47.7,47.8,56.4,44.6,55.9,48.7,53.6,45.8,39.7,38.3,40.9,42.5,41.9,37.7,40.9,41.5,41.5,47.5,47.8,40.7,47.1,47.0,50.3,47.6,52.8,52.6,49.9,46.1,48.7,45.5,49.0,44.8,46.9,48.1,48.3,46.6,40.4,44.3,43.8,45.3,41.4
7960,48.8,42.4,43.6,53.2,48.5,49.3,49.8,48.0,46.7,45.5,47.5,48.9,48.1,45.9,49.0,47.4,47.4,39.9,46.6,46.0,47.6,46.4,49.6,45.4,49.3,49.3,47.5,48.0,45.2,48.8,47.9,47.1,43.1,43.5,41.6,42.0,52.7,42.2,53.6,46.5,50.7,47.9,49.2,43.7,48.6,47.0,47.1,46.0,54.2,44.2,55.4,47.8,53.4,42.8,38.8,36.7,40.0,41.6,41.5,36.0,39.4,41.4,39.8,46.0,47.5,38.9,46.2,46.3,49.5,46.5,52.1,53.1,48.6,45.6,46.8,44.5,48.0,43.7,46.2,48.3,48.0,46.3,39.5,43.1,43.5,44.5,40.6
7961,41.5,37.7,37.4,50.8,45.5,47.0,47.0,44.8,44.0,42.7,45.0,46.9,44.8,43.8,46.4,44.9,44.1,37.4,44.1,43.4,44.5,43.7,46.6,42.6,46.3,46.3,45.5,45.0,41.9,46.2,45.4,43.9,39.7,40.5,39.1,39.1,47.3,37.6,51.2,41.8,48.5,41.8,46.4,40.1,43.0,41.9,43.8,41.3,48.0,40.9,52.7,45.0,50.9,37.4,36.4,34.7,37.2,38.9,39.9,33.8,38.3,39.5,37.5,41.0,45.6,36.0,42.1,44.3,46.7,43.9,48.7,50.8,42.7,41.9,41.5,41.1,45.3,41.6,43.1,45.4,44.6,43.8,36.1,41.7,40.6,41.8,37.4
7962,36.9,35.2,34.2,45.7,41.6,44.0,43.7,40.8,42.4,40.7,43.3,44.5,42.8,41.5,42.9,43.0,40.0,36.1,42.2,41.9,41.2,41.7,43.1,39.7,40.9,41.4,43.8,41.9,39.0,43.5,42.5,41.9,36.1,37.1,36.9,35.7,43.9,35.0,46.3,38.2,46.1,39.3,41.0,35.7,40.2,38.2,40.5,37.7,43.9,35.9,47.7,42.7,44.2,34.4,34.9,33.3,35.4,36.7,37.8,33.0,37.4,36.7,36.2,37.6,43.6,33.9,38.8,42.6,44.1,41.7,42.9,44.2,38.4,37.7,38.5,36.5,43.5,40.1,40.7,39.5,39.9,39.9,32.4,40.6,37.1,39.3,34.3
7963,34.4,33.9,32.1,42.1,39.4,42.4,41.8,38.4,41.4,39.7,42.1,42.6,41.4,40.3,41.4,41.9,38.0,35.4,41.0,40.8,39.4,40.6,41.5,38.3,38.4,38.9,42.7,39.9,37.4,42.1,40.5,40.9,34.1,35.2,35.4,34.2,41.8,33.6,43.5,35.6,43.1,37.9,38.3,34.1,38.1,35.5,37.6,35.6,40.3,33.4,44.3,41.1,40.3,32.9,34.2,32.4,34.5,35.7,36.2,32.6,36.8,34.8,35.2,35.3,42.3,32.5,37.3,41.5,42.9,40.4,40.5,40.8,35.9,35.0,36.4,34.3,42.2,39.1,39.4,36.2,38.0,36.6,31.6,39.7,34.9,37.6,32.5
7964,32.6,32.8,30.7,39.8,38.1,41.3,40.4,37.0,40.5,38.9,41.0,41.5,40.5,39.4,40.4,41.0,36.9,34.6,39.9,40.0,38.4,39.4,40.5,37.2,36.9,37.8,41.7,38.4,36.2,41.2,39.3,40.3,33.1,33.9,34.3,33.0,39.9,32.4,41.5,33.6,42.0,36.7,36.5,33.1,36.1,34.2,35.4,33.8,37.8,31.7,41.9,39.4,38.3,31.5,33.5,31.7,33.3,35.1,35.2,31.9,36.4,33.7,34.4,33.0,41.1,31.5,36.0,40.7,42.0,39.4,38.4,38.7,33.9,33.6,34.7,32.6,41.1,38.3,38.4,34.7,36.4,34.3,31.2,39.1,33.3,36.4,31.2
7965,30.9,32.2,29.9,37.8,37.1,40.3,39.4,36.0,39.8,38.2,40.2,40.5,39.7,38.6,39.5,40.2,36.1,33.8,39.1,39.4,37.7,38.7,39.7,36.4,36.1,37.0,40.8,37.4,35.4,40.4,38.2,39.8,32.0,32.6,33.4,32.1,38.8,31.6,40.2,32.4,40.9,35.8,35.1,32.3,34.6,33.2,33.4,32.5,35.8,30.5,40.2,37.9,36.7,30.7,32.8,31.1,32.5,34.6,34.4,31.6,36.0,33.1,33.8,31.5,40.2,30.9,35.0,39.8,41.3,38.6,37.3,37.1,32.2,32.6,33.2,31.2,40.4,37.7,37.6,33.6,35.4,32.6,31.1,38.5,32.3,35.3,30.4
7966,30.2,31.7,28.9,36.7,36.3,39.4,38.6,35.1,39.0,37.6,39.6,39.8,39.1,37.9,38.7,39.6,35.4,33.6,38.5,38.8,36.8,38.0,39.1,35.7,35.1,36.0,40.0,36.7,34.7,39.7,37.5,39.2,31.3,31.9,32.7,31.3,38.0,31.1,38.9,31.5,39.8,35.2,33.9,31.6,33.0,32.6,31.9,31.2,34.2,29.4,38.5,36.7,35.5,29.5,32.4,30.6,32.3,33.9,33.7,31.1,35.6,32.4,33.1,30.0,39.4,30.4,34.3,39.2,40.7,38.1,36.1,35.8,30.8,31.6,32.0,30.0,39.8,37.2,36.9,32.7,34.4,31.4,31.0,37.9,31.7,34.5,29.7
7967,28.6,30.9,28.4,35.5,35.8,38.6,37.9,34.3,38.2,37.0,39.0,38.9,38.4,37.3,37.9,39.1,34.9,33.0,37.8,38.4,36.1,37.5,38.4,34.9,34.5,35.4,39.2,36.2,34.3,39.1,36.8,38.6,30.4,31.3,32.2,30.8,37.2,30.6,38.1,30.8,38.9,34.8,33.0,30.9,31.8,31.6,30.9,30.2,33.0,28.3,37.2,35.4,34.2,28.7,32.2,30.1,31.9,33.3,33.2,30.8,35.3,31.9,32.7,28.9,38.9,29.8,33.7,38.6,40.0,37.6,34.7,34.6,29.6,30.9,31.1,29.4,39.2,36.8,36.4,32.0,33.5,30.3,30.7,37.3,31.1,33.7,29.2
7968,27.4,30.1,27.7,34.5,34.9,37.8,37.1,33.8,37.6,36.5,38.3,38.0,38.0,36.7,37.2,38.6,34.5,32.6,37.3,37.9,35.7,36.7,37.9,34.0,33.7,34.9,38.6,35.7,33.7,38.8,36.1,37.9,29.9,30.6,31.7,30.2,36.8,30.1,37.3,30.3,37.9,34.3,32.1,30.2,30.7,30.8,29.9,29.1,31.6,27.2,36.2,34.5,33.0,28.1,31.7,29.6,31.6,32.8,32.9,30.4,35.1,31.3,32.3,27.7,38.3,29.2,33.0,38.0,39.2,36.8,33.0,33.5,28.4,29.8,30.3,28.5,38.7,36.4,35.9,31.5,32.8,29.0,30.3,36.9,30.4,33.0,28.7
7969,26.6,29.8,27.3,33.8,34.4,37.2,36.7,33.2,37.1,35.9,37.8,37.5,37.5,36.1,36.7,38.1,33.9,32.5,36.5,37.3,35.2,36.1,37.3,33.3,33.2,34.2,38.2,35.4,32.9,38.0,35.7,37.6,29.4,29.9,30.9,29.7,36.1,29.8,36.5,29.6,36.8,33.9,31.2,29.5,29.7,30.3,29.1,28.5,30.6,26.6,35.2,33.4,31.6,27.1,31.4,29.2,31.1,32.4,32.5,30.1,34.7,30.9,32.1,26.6,37.8,28.7,32.4,37.4,38.5,36.3,31.6,32.5,27.4,28.9,29.5,27.5,38.3,36.0,35.4,30.7,32.1,28.1,30.0,36.5,29.8,32.3,28.1
7970,25.9,29.5,26.7,33.1,33.8,36.6,35.9,32.7,36.4,35.5,37.3,37.1,36.8,35.7,35.9,37.7,33.6,32.5,36.1,36.9,34.6,35.8,37.0,32.6,32.5,33.5,37.7,34.8,32.5,37.7,35.0,37.0,28.8,29.4,30.4,29.2,35.4,29.4,35.7,29.1,36.1,33.7,30.2,28.8,28.9,29.5,28.1,28.0,29.7,25.8,34.5,32.5,30.4,26.8,31.0,28.9,30.8,31.9,32.1,29.7,34.6,30.6,31.9,26.0,37.5,28.3,31.9,36.9,38.0,36.0,30.4,31.7,26.7,28.2,28.9,27.0,38.0,35.5,35.0,30.0,31.8,27.1,29.6,36.2,29.2,31.7,27.9
7971,25.3,29.1,26.5,32.5,33.2,35.9,35.3,32.4,35.9,35.0,36.9,36.5,36.3,35.3,35.4,37.2,32.9,32.1,35.9,36.6,34.1,35.4,36.6,32.1,31.9,33.0,37.2,34.1,32.2,37.3,34.6,36.6,28.2,29.0,29.8,28.8,35.1,29.1,35.1,28.6,35.5,33.6,29.7,28.2,28.2,29.2,27.4,27.2,29.2,25.1,33.7,32.1,29.6,26.4,30.6,28.5,30.3,31.6,31.7,29.3,34.2,30.1,31.6,25.3,37.0,28.2,31.2,36.5,37.5,35.5,29.2,31.0,26.1,27.6,28.4,26.3,37.5,35.1,34.7,29.3,31.3,26.5,29.4,35.9,28.7,31.2,27.4
7972,24.6,28.7,26.1,32.0,32.8,35.5,34.8,31.7,35.4,34.5,36.3,36.1,35.8,34.9,34.9,36.9,32.6,31.9,35.6,36.4,33.7,35.1,36.2,31.5,31.3,32.7,36.8,33.5,31.7,36.8,34.0,36.3,27.7,28.6,29.4,28.1,34.7,28.9,34.6,27.9,34.6,33.1,28.9,27.7,27.5,28.7,26.7,26.6,28.7,24.8,33.1,31.5,28.7,25.9,30.3,28.3,30.1,31.2,31.4,29.1,34.0,29.6,31.2,24.6,36.8,27.9,30.8,36.1,36.9,35.0,28.3,30.7,25.4,27.2,28.0,25.9,37.1,34.6,34.2,28.8,30.5,25.9,29.2,35.7,28.4,30.8,26.9
7973,24.1,28.7,25.6,31.6,32.4,35.0,34.4,31.2,35.0,33.9,35.9,35.7,35.5,34.4,34.5,36.6,32.2,31.7,35.2,36.0,33.2,34.7,35.7,31.0,30.6,32.4,36.3,33.1,31.4,36.6,33.5,36.0,27.3,28.2,28.9,28.0,34.2,28.4,34.3,27.4,33.9,32.6,28.1,27.2,27.2,28.0,26.3,26.1,28.0,24.0,32.3,31.1,28.0,25.9,29.8,27.9,29.6,30.8,31.1,28.6,33.8,29.2,31.2,24.1,36.5,27.7,30.3,35.6,36.6,34.6,27.4,30.3,25.0,26.9,27.1,25.4,36.7,34.3,33.8,28.3,29.8,25.6,28.9,35.4,27.8,30.5,26.7
7974,24.0,28.3,25.6,31.0,31.8,34.6,34.0,30.9,34.7,33.7,35.7,35.4,35.2,34.1,33.9,36.3,31.9,31.4,34.8,35.7,32.7,34.4,35.3,30.6,29.9,31.7,35.8,32.8,31.0,36.2,33.1,35.7,27.0,28.0,28.7,27.9,33.9,28.4,33.5,26.9,33.2,32.0,27.6,26.8,26.9,27.5,25.8,25.5,27.7,23.5,31.7,30.7,27.4,25.4,29.6,27.9,29.5,30.6,30.9,28.3,33.6,28.8,31.3,23.8,36.4,27.7,30.0,35.2,36.4,34.5,26.6,29.7,24.5,26.5,26.4,25.0,36.4,34.0,33.4,27.9,29.4,25.2,28.5,35.2,27.4,30.1,26.3
7975,23.9,28.5,25.5,30.6,31.3,34.0,33.5,30.6,34.2,33.3,35.5,35.2,35.1,33.7,33.3,35.9,31.5,31.4,34.6,35.4,32.5,34.1,35.0,30.1,29.4,31.2,35.7,32.3,30.7,36.0,32.6,35.2,26.7,27.6,28.5,27.6,33.5,28.2,33.1,26.7,32.7,31.8,27.2,26.6,26.3,27.2,25.5,25.3,27.1,23.1,31.1,30.4,27.0,25.1,29.4,27.6,29.4,30.6,30.9,28.2,33.4,28.5,31.1,23.5,36.2,27.4,29.5,34.7,36.1,34.4,26.0,29.2,24.0,26.1,26.1,24.5,36.1,33.8,33.0,27.5,28.9,24.9,28.5,34.9,26.9,29.8,26.1
7976,28.4,30.7,29.6,30.5,31.6,34.1,33.6,31.1,35.2,33.8,36.7,35.6,36.3,34.0,33.5,36.4,32.2,31.8,35.7,37.1,32.9,34.5,35.5,30.2,29.4,31.5,35.9,32.3,31.3,36.6,32.8,36.5,26.7,27.9,28.5,27.9,36.6,30.4,33.1,29.7,34.1,36.6,27.1,27.2,29.6,30.6,27.5,29.6,33.0,23.3,32.5,31.8,29.4,27.9,29.2,27.9,29.2,30.8,30.8,28.7,33.6,28.3,31.5,27.0,36.2,27.8,29.8,34.9,37.5,35.5,28.5,29.0,27.9,27.0,29.9,24.7,37.8,34.9,33.5,27.4,28.8,24.6,28.4,35.9,26.9,30.1,26.3
7977,34.2,35.2,36.2,34.7,34.9,36.8,37.0,34.6,37.9,36.4,39.3,38.2,39.2,36.3,36.8,38.6,36.0,34.4,39.0,39.6,36.1,37.1,38.6,32.9,33.2,35.4,37.8,35.6,34.4,39.6,35.9,38.9,29.7,30.8,30.8,30.8,41.5,35.1,36.9,34.4,37.1,41.7,31.0,31.5,34.1,36.4,30.9,34.8,40.7,27.7,38.8,34.9,34.7,33.0,30.7,30.1,31.5,33.3,31.8,30.7,35.2,29.2,33.8,32.8,37.5,30.9,33.5,37.1,40.6,38.3,34.1,33.9,33.5,32.1,35.2,30.6,40.6,37.2,36.3,31.1,32.2,27.5,30.9,38.0,29.6,32.9,29.3
7978,39.3,39.3,41.1,40.5,38.5,40.2,40.4,38.3,40.5,39.0,41.7,41.0,42.0,38.8,40.3,41.1,39.3,36.8,41.7,42.0,39.4,40.0,41.8,36.0,37.8,39.1,40.2,39.2,37.3,42.4,39.1,41.2,33.4,34.2,33.3,33.9,45.5,39.0,41.3,38.6,40.3,45.3,36.2,34.7,39.0,41.1,34.9,38.9,46.8,32.5,43.9,38.5,39.6,37.8,33.2,32.6,34.4,35.9,34.2,32.8,36.8,31.9,36.2,37.7,39.3,34.1,36.9,39.5,43.4,40.8,39.0,40.2,38.7,36.6,39.8,35.0,43.1,39.6,39.1,36.2,36.6,31.9,33.8,40.2,33.6,36.1,32.5
7979,44.1,42.0,44.2,45.2,41.9,43.2,43.5,41.5,42.8,41.3,44.0,43.4,44.5,41.1,43.2,43.4,42.2,38.7,43.9,43.8,42.2,42.5,44.7,39.1,42.0,42.5,42.9,42.2,40.0,44.9,42.1,43.5,36.6,37.6,35.8,36.7,48.7,41.8,45.5,41.9,43.4,47.5,40.7,37.7,43.1,44.3,39.2,42.2,50.6,36.9,47.7,41.7,44.1,41.3,35.5,34.7,36.7,38.2,36.5,34.6,38.4,34.7,38.0,41.6,41.3,36.4,39.9,41.8,45.5,43.1,44.1,45.4,43.1,39.7,43.2,38.9,45.2,41.4,41.5,40.8,40.7,36.7,35.8,41.9,37.1,39.0,35.1
7980,47.7,44.1,46.3,48.4,44.8,45.6,46.0,44.3,44.8,43.3,45.7,45.6,46.3,43.0,45.7,45.3,44.5,40.3,45.6,45.3,44.6,44.3,46.8,42.0,45.0,45.4,44.8,44.9,42.1,46.8,44.4,45.5,39.5,40.2,37.9,38.9,51.1,43.9,49.0,44.4,46.2,49.2,44.5,39.8,46.4,46.5,42.6,44.9,53.3,40.0,50.9,44.5,47.9,43.6,37.3,36.4,38.5,40.1,38.5,36.0,39.7,37.1,39.6,44.4,43.4,38.4,42.6,43.7,47.4,44.8,48.1,48.6,46.4,42.1,45.7,41.9,46.6,42.9,43.6,43.9,43.8,40.7,37.5,43.1,39.8,41.5,37.2
7981,49.9,45.4,46.6,50.7,46.9,47.6,48.0,46.4,46.1,44.7,47.0,47.3,47.5,44.6,47.5,46.5,46.2,41.2,46.9,46.2,46.3,45.5,48.5,44.1,47.2,47.6,46.3,46.8,44.0,48.3,46.3,46.9,41.4,42.1,39.6,40.8,52.8,45.0,51.4,46.0,48.2,50.3,47.1,41.7,48.9,48.0,45.0,46.7,55.1,42.2,53.4,46.5,50.5,45.4,38.5,37.6,39.8,41.3,40.1,37.2,40.5,39.0,40.8,46.2,45.4,39.9,44.8,45.2,48.7,46.1,50.3,51.0,48.4,43.8,47.6,44.0,47.6,43.8,45.1,46.4,46.2,43.7,38.7,43.9,41.8,43.4,39.0
7982,49.7,45.4,46.5,52.0,48.5,48.8,49.3,47.7,46.9,45.7,47.6,48.2,48.2,45.6,48.8,47.2,47.4,41.6,47.4,46.7,47.6,46.5,49.5,45.3,48.6,49.0,47.3,47.8,45.1,49.0,47.6,47.4,42.7,43.1,40.8,41.6,53.7,45.0,52.9,47.2,49.8,50.5,48.6,43.0,50.1,48.2,46.5,47.7,56.1,43.6,54.9,48.0,52.3,45.2,39.1,38.1,40.4,41.8,41.1,37.7,40.9,40.4,41.5,47.2,47.0,40.7,46.2,46.1,49.5,46.9,51.9,52.0,49.3,45.1,48.4,45.0,48.3,44.2,46.1,47.8,47.5,45.7,39.7,44.3,42.8,44.5,40.3
7983,49.9,44.9,46.5,52.7,48.8,49.3,49.9,48.1,46.9,45.8,47.6,48.6,48.2,45.8,49.2,47.4,47.7,41.4,47.3,46.5,47.8,46.6,49.9,45.7,48.9,49.6,47.6,48.1,45.5,49.0,48.1,47.3,43.3,43.4,41.4,42.0,53.7,44.4,53.5,47.2,50.6,49.8,49.1,43.5,50.3,48.3,47.0,47.5,56.1,44.1,55.5,48.3,53.0,45.2,39.2,37.8,40.4,41.9,41.6,37.3,40.5,41.2,41.2,47.1,47.7,40.4,46.8,46.3,49.6,46.9,52.4,52.0,49.1,45.5,48.3,45.2,48.2,44.1,46.2,47.6,47.9,46.1,39.9,44.1,43.3,44.8,40.7
7984,48.0,41.8,43.2,52.4,48.1,48.8,49.4,47.6,45.8,45.0,46.7,48.1,47.3,45.3,48.5,46.6,46.9,39.5,45.9,45.3,47.1,45.6,49.1,45.0,48.8,48.9,46.8,47.4,44.7,48.1,47.4,46.3,42.6,42.9,40.9,41.4,52.3,41.6,53.0,46.0,50.4,47.2,48.8,42.8,47.9,46.4,46.5,45.7,53.9,43.8,54.9,47.4,52.8,42.3,38.3,36.3,39.5,41.0,41.2,35.6,39.0,41.0,39.5,45.5,47.3,38.6,45.9,45.7,48.8,45.8,51.7,52.4,47.8,45.1,46.4,44.2,47.2,43.0,45.6,47.8,47.6,45.7,39.1,42.9,43.0,43.9,39.9
7985,40.9,37.3,37.0,50.0,45.1,46.5,46.5,44.4,43.2,42.1,44.3,46.1,44.1,43.2,45.8,44.2,43.6,37.1,43.4,42.7,44.0,43.0,46.0,42.1,45.7,45.9,44.9,44.5,41.3,45.5,44.9,43.2,39.1,39.7,38.4,38.4,46.8,37.1,50.6,41.4,48.2,41.0,45.8,39.3,42.3,41.4,43.3,40.9,47.7,40.3,52.3,44.6,50.3,37.0,35.8,34.2,36.6,38.2,39.6,33.4,38.0,39.1,37.2,40.5,45.4,35.7,41.7,43.6,46.0,43.3,48.3,50.2,42.0,41.4,41.1,40.8,44.6,41.0,42.5,44.9,44.1,43.1,35.6,41.5,40.0,41.1,36.6
7986,36.3,34.8,33.8,45.0,41.1,43.5,43.2,40.3,41.7,40.1,42.6,43.8,42.1,41.1,42.4,42.3,39.4,35.8,41.5,41.2,40.7,40.9,42.5,39.2,40.4,40.8,43.2,41.4,38.3,42.8,42.0,41.2,35.5,36.3,36.1,35.0,43.5,34.5,45.7,37.8,45.8,38.6,40.4,34.9,39.6,37.6,40.0,37.4,43.5,35.4,47.3,42.3,43.7,34.0,34.3,32.8,34.8,36.1,37.4,32.6,37.1,36.4,35.9,37.1,43.4,33.6,38.4,42.0,43.4,41.1,42.6,43.6,37.7,37.2,38.0,36.2,42.9,39.5,40.1,38.9,39.5,39.3,32.0,40.5,36.5,38.6,33.4
7987,33.9,33.5,31.7,41.3,38.9,41.8,41.3,37.8,40.6,39.1,41.4,41.9,40.7,39.8,40.8,41.1,37.4,35.1,40.4,40.2,38.8,39.8,40.9,37.8,37.8,38.2,42.1,39.4,36.6,41.5,39.9,40.2,33.5,34.4,34.6,33.5,41.3,33.1,42.9,35.2,42.8,37.3,37.7,33.5,37.5,34.9,37.2,35.3,39.9,32.9,43.8,40.7,39.8,32.5,33.6,32.0,33.9,35.1,35.9,32.4,36.5,34.5,35.0,34.7,42.1,32.3,36.8,40.9,42.2,39.9,40.1,40.1,35.2,34.7,35.9,34.1,41.7,38.4,38.8,35.5,37.5,36.0,31.2,39.6,34.2,37.0,31.6
7988,32.0,32.4,30.4,39.0,37.6,40.7,39.8,36.4,39.7,38.3,40.4,40.8,39.8,38.8,39.8,40.2,36.2,34.4,39.4,39.4,37.7,38.6,39.9,36.6,36.4,37.2,41.0,37.9,35.5,40.6,38.6,39.7,32.4,33.0,33.4,32.2,39.5,32.0,40.9,33.1,41.8,36.0,35.9,32.5,35.6,33.7,35.0,33.5,37.4,31.2,41.5,39.0,37.8,31.1,32.9,31.4,32.7,34.5,34.8,31.7,36.0,33.4,34.2,32.4,40.8,31.3,35.6,40.0,41.4,38.9,38.2,38.0,33.2,33.1,34.3,32.3,40.6,37.6,37.7,34.0,35.8,33.8,30.9,39.0,32.6,35.7,30.3
7989,30.4,31.8,29.6,37.0,36.5,39.6,38.7,35.3,39.0,37.5,39.6,39.8,39.0,38.0,38.9,39.5,35.3,33.7,38.5,38.8,37.0,37.9,39.0,35.8,35.6,36.3,40.1,36.9,34.6,39.8,37.5,39.1,31.3,31.8,32.5,31.2,38.3,31.2,39.6,32.0,40.6,35.1,34.6,31.8,34.1,32.8,33.0,32.2,35.4,30.0,39.8,37.5,36.2,30.3,32.3,30.8,31.9,34.0,34.1,31.4,35.7,32.8,33.6,31.0,39.9,30.7,34.6,39.2,40.6,38.1,37.0,36.4,31.5,32.3,32.8,30.9,40.0,37.0,36.9,32.9,34.9,32.1,30.7,38.4,31.7,34.5,29.5
7990,29.6,31.3,28.7,36.0,35.7,38.8,38.0,34.4,38.3,36.9,39.0,39.0,38.4,37.3,38.2,38.8,34.6,33.4,38.0,38.3,36.0,37.3,38.4,35.0,34.6,35.4,39.2,36.2,33.9,39.1,36.7,38.5,30.7,31.0,31.9,30.4,37.5,30.6,38.3,31.1,39.5,34.4,33.4,31.1,32.4,32.1,31.6,30.9,33.9,29.0,38.2,36.3,35.1,29.1,31.9,30.3,31.8,33.4,33.4,30.9,35.3,32.0,32.9,29.5,39.1,30.2,33.9,38.5,40.0,37.5,35.8,35.1,30.2,31.3,31.6,29.7,39.4,36.5,36.2,32.1,33.8,30.8,30.6,37.8,31.0,33.7,28.8
7991,28.1,30.6,28.2,34.8,35.2,38.1,37.3,33.5,37.5,36.2,38.4,38.2,37.8,36.6,37.3,38.3,34.0,32.8,37.3,37.9,35.3,36.7,37.8,34.2,33.9,34.8,38.4,35.7,33.4,38.4,36.0,37.9,29.7,30.4,31.3,30.0,36.7,30.1,37.5,30.5,38.6,34.1,32.4,30.4,31.2,31.2,30.7,30.0,32.8,27.8,37.0,35.0,33.7,28.2,31.7,29.8,31.4,32.8,32.8,30.6,34.9,31.5,32.5,28.4,38.6,29.6,33.3,37.8,39.3,37.1,34.4,34.0,29.0,30.5,30.8,29.0,38.7,36.1,35.6,31.4,32.9,29.7,30.4,37.3,30.4,32.8,28.3
7992,26.9,29.8,27.5,33.8,34.2,37.2,36.6,33.0,36.9,35.7,37.7,37.3,37.4,36.0,36.7,37.7,33.6,32.3,36.7,37.5,34.9,35.9,37.2,33.3,33.2,34.2,37.7,35.1,32.8,38.0,35.3,37.1,29.2,29.7,30.8,29.4,36.4,29.7,36.6,30.1,37.7,33.6,31.6,29.7,30.1,30.4,29.5,28.9,31.4,26.8,36.0,34.1,32.6,27.7,31.2,29.4,31.1,32.4,32.5,30.3,34.7,31.0,32.1,27.2,38.0,29.1,32.6,37.2,38.6,36.3,32.8,32.8,27.9,29.4,29.9,28.2,38.3,35.7,35.1,30.8,32.2,28.5,30.0,36.9,29.7,32.1,27.8
7993,26.2,29.5,27.0,33.2,33.6,36.6,36.1,32.4,36.3,35.1,37.2,36.8,36.8,35.3,36.1,37.2,33.0,32.2,36.0,36.8,34.3,35.3,36.6,32.6,32.6,33.5,37.3,34.7,32.0,37.3,34.8,36.9,28.7,29.0,30.1,28.9,35.8,29.4,35.9,29.4,36.5,33.4,30.7,29.0,29.1,29.8,28.8,28.3,30.4,26.2,35.0,33.0,31.2,26.8,31.0,28.9,30.6,31.9,32.2,29.9,34.3,30.5,31.8,26.2,37.5,28.6,32.0,36.6,37.8,35.7,31.3,31.9,26.8,28.6,29.2,27.3,37.9,35.3,34.6,30.1,31.5,27.6,29.7,36.4,29.1,31.4,27.2
7994,25.4,29.2,26.4,32.5,33.1,36.0,35.2,31.9,35.6,34.6,36.6,36.4,36.1,34.9,35.3,36.8,32.6,32.2,35.5,36.4,33.7,34.8,36.2,31.9,31.9,32.8,36.8,34.1,31.5,37.0,34.1,36.3,28.1,28.6,29.5,28.4,35.0,29.0,35.0,28.9,35.8,33.2,29.7,28.5,28.4,29.1,27.8,27.8,29.6,25.4,34.2,32.2,30.1,26.3,30.5,28.6,30.3,31.5,31.7,29.5,34.2,30.2,31.6,25.7,37.2,28.2,31.5,36.1,37.3,35.4,30.1,31.0,26.0,28.0,28.5,26.5,37.6,34.7,34.2,29.4,31.1,26.6,29.3,36.1,28.5,30.8,27.0
7995,24.7,28.7,26.2,32.0,32.5,35.2,34.7,31.5,35.1,34.1,36.2,35.8,35.6,34.5,34.6,36.3,32.0,31.8,35.2,36.1,33.2,34.5,35.8,31.4,31.3,32.3,36.3,33.4,31.2,36.5,33.7,35.8,27.5,28.2,28.9,28.0,34.6,28.7,34.6,28.4,35.2,33.0,29.2,27.9,27.7,28.8,27.1,27.0,29.1,24.6,33.5,31.7,29.3,25.9,30.1,28.2,29.7,31.1,31.3,29.0,33.8,29.7,31.4,25.0,36.7,28.1,30.8,35.6,36.8,34.9,29.0,30.4,25.4,27.3,28.1,26.0,37.1,34.3,33.8,28.8,30.6,26.0,29.1,35.9,28.0,30.3,26.6
7996,24.2,28.4,25.8,31.5,32.0,34.8,34.0,30.8,34.6,33.5,35.6,35.3,35.1,34.0,34.0,36.0,31.6,31.6,35.0,35.9,32.7,34.2,35.3,30.8,30.7,32.0,35.8,32.8,30.7,36.1,33.1,35.4,27.0,27.7,28.5,27.4,34.3,28.5,34.0,27.8,34.3,32.6,28.5,27.3,27.1,28.2,26.5,26.4,28.6,24.3,32.9,31.1,28.4,25.5,29.9,27.9,29.5,30.7,31.0,28.9,33.5,29.2,30.9,24.4,36.5,27.8,30.5,35.2,36.3,34.3,28.0,30.1,24.8,26.8,27.6,25.7,36.6,33.9,33.2,28.3,29.8,25.3,28.9,35.6,27.7,29.9,26.0
7997,23.8,28.5,25.3,31.1,31.6,34.1,33.6,30.3,34.2,32.9,35.2,35.0,34.8,33.5,33.6,35.6,31.2,31.4,34.5,35.4,32.2,33.8,34.8,30.3,30.0,31.7,35.3,32.3,30.4,35.8,32.5,35.2,26.6,27.3,27.9,27.2,33.7,28.0,33.6,27.2,33.7,32.1,27.8,26.8,26.8,27.5,26.2,25.9,27.9,23.6,32.2,30.7,27.7,25.4,29.3,27.6,29.1,30.3,30.7,28.4,33.4,28.9,30.9,23.8,36.2,27.7,30.0,34.6,35.9,34.0,27.2,29.7,24.4,26.6,26.7,25.1,36.2,33.5,32.8,27.8,29.1,25.0,28.6,35.3,27.1,29.6,25.9
7998,23.7,27.9,25.3,30.5,31.0,33.8,33.2,30.0,33.8,32.6,35.0,34.6,34.5,33.1,33.0,35.3,30.9,31.2,34.1,35.1,31.8,33.3,34.4,29.8,29.3,30.9,34.8,32.0,30.1,35.3,32.2,34.8,26.4,27.1,27.8,27.0,33.5,28.0,32.9,26.8,33.1,31.5,27.2,26.3,26.5,27.1,25.7,25.5,27.6,23.1,31.5,30.4,27.2,25.0,29.1,27.6,29.0,30.1,30.4,28.1,33.2,28.5,31.0,23.5,36.0,27.6,29.6,34.2,35.7,33.9,26.4,29.2,23.8,26.1,26.1,24.8,35.8,33.2,32.4,27.5,28.8,24.6,28.3,35.0,26.6,29.2,25.4
7999,23.6,28.1,25.2,30.2,30.5,33.2,32.7,29.8,33.3,32.2,34.9,34.3,34.4,32.7,32.5,34.9,30.5,31.1,33.9,34.7,31.5,33.1,34.0,29.4,28.9,30.5,34.6,31.5,29.8,35.0,31.8,34.4,26.1,26.8,27.6,26.7,32.9,27.8,32.5,26.5,32.6,31.3,26.9,26.2,25.9,26.7,25.2,25.3,26.9,22.7,30.9,30.0,26.8,24.6,28.9,27.4,28.8,30.1,30.5,27.9,33.0,28.2,30.8,23.2,35.8,27.3,29.1,33.6,35.3,33.7,25.7,28.8,23.4,25.7,25.7,24.1,35.5,33.0,32.0,27.1,28.3,24.3,28.2,34.8,26.3,28.9,25.2
8000,28.0,30.2,29.1,30.1,30.8,33.2,32.8,30.3,34.2,32.7,36.0,34.6,35.6,32.9,32.7,35.3,31.2,31.5,35.1,36.3,31.9,33.5,34.5,29.3,28.9,30.8,34.8,31.5,30.3,35.7,31.9,35.6,26.0,27.0,27.6,27.0,36.0,30.0,32.4,29.4,34.0,35.9,26.8,26.8,29.2,30.0,27.3,29.4,32.8,23.0,32.2,31.3,29.0,27.3,28.7,27.6,28.7,30.3,30.4,28.3,33.2,27.9,31.2,26.5,35.8,27.5,29.4,33.8,36.7,34.8,28.2,28.6,27.3,26.6,29.3,24.4,37.0,34.0,32.4,27.0,28.2,24.1,28.0,35.7,26.2,29.2,25.4
8001,33.7,34.7,35.5,34.1,34.1,36.0,36.2,33.7,36.9,35.3,38.6,37.2,38.3,35.2,36.0,37.4,35.0,34.0,38.2,38.8,35.2,36.0,37.7,32.0,32.7,34.6,36.8,34.8,33.4,38.7,35.0,37.9,28.9,30.0,29.9,29.9,40.9,34.6,36.2,34.3,36.9,40.9,30.5,31.0,33.5,35.9,30.7,34.5,40.5,27.2,38.4,34.4,34.3,32.3,30.2,29.7,31.0,32.6,31.3,30.4,34.7,28.8,33.4,32.2,37.1,30.6,33.0,35.9,39.8,37.4,33.7,33.4,32.8,31.6,34.6,30.2,39.8,36.3,35.2,30.5,31.6,26.9,30.5,37.8,28.8,31.9,28.5
8002,38.7,38.7,40.4,39.8,37.7,39.6,39.8,37.4,39.4,37.9,40.9,40.0,41.0,37.8,39.6,40.0,38.3,36.4,40.9,41.1,38.5,38.9,40.9,35.2,37.2,38.4,39.2,38.4,36.3,41.5,38.2,40.3,32.5,33.3,32.4,33.0,45.0,38.5,40.7,38.4,40.2,44.5,35.7,34.2,38.4,40.6,34.6,38.7,46.6,32.1,43.5,38.0,39.2,37.0,32.6,32.2,33.9,35.3,33.6,32.4,36.3,31.4,35.8,37.1,38.9,33.7,36.3,38.4,42.6,39.8,38.6,39.6,38.0,36.1,39.1,34.7,42.3,38.6,38.1,35.4,35.9,31.2,33.2,39.9,32.8,35.2,31.7
8003,43.3,41.4,43.5,44.4,41.1,42.6,42.9,40.7,41.7,40.3,43.1,42.3,43.5,40.2,42.5,42.3,41.2,38.2,43.0,42.9,41.4,41.4,43.9,38.2,41.3,41.8,41.8,41.5,39.0,44.1,41.2,42.5,35.8,36.8,34.9,35.9,48.3,41.2,44.9,41.6,43.3,46.8,40.1,37.1,42.5,43.9,38.9,42.0,50.3,36.5,47.3,41.1,43.7,40.5,35.0,34.3,36.2,37.6,36.0,34.2,37.9,34.2,37.6,41.0,40.9,36.0,39.4,40.7,44.8,42.0,43.8,44.6,42.4,39.2,42.6,38.7,44.3,40.4,40.6,39.9,40.0,35.8,35.3,41.6,36.2,38.1,34.2
8004,46.9,43.5,45.6,47.6,44.0,45.0,45.3,43.6,43.6,42.3,44.7,44.5,45.3,42.1,45.0,44.1,43.6,39.7,44.6,44.4,43.7,43.2,45.9,41.1,44.3,44.7,43.8,44.1,41.2,45.9,43.5,44.4,38.6,39.4,37.0,38.1,50.6,43.3,48.4,44.1,46.1,48.5,43.8,39.3,45.8,46.1,42.3,44.6,53.1,39.6,50.5,43.9,47.5,42.8,36.8,36.1,37.9,39.5,38.0,35.6,39.2,36.6,39.2,43.8,43.0,38.0,42.2,42.8,46.7,43.8,47.9,47.9,45.8,41.6,45.0,41.6,45.7,41.8,42.7,43.0,43.0,39.9,37.1,42.8,38.9,40.6,36.3
8005,49.1,44.9,45.8,49.9,46.1,46.8,47.3,45.6,45.0,43.8,46.0,46.2,46.5,43.8,46.8,45.4,45.4,40.6,46.1,45.3,45.5,44.4,47.8,43.3,46.5,46.9,45.4,46.1,43.1,47.5,45.5,45.9,40.5,41.3,38.8,39.9,52.4,44.4,50.8,45.8,48.1,49.7,46.3,41.2,48.3,47.7,44.6,46.4,54.9,41.8,52.9,45.9,50.1,44.6,38.0,37.2,39.3,40.8,39.5,36.8,40.0,38.4,40.3,45.6,45.0,39.5,44.4,44.2,48.0,45.0,50.0,50.3,47.9,43.3,46.9,43.7,46.8,42.8,44.3,45.5,45.4,42.9,38.3,43.7,40.8,42.5,38.1
8006,48.8,44.7,45.7,51.2,47.7,48.0,48.6,46.8,45.8,44.8,46.7,47.1,47.2,44.8,48.0,46.2,46.6,41.1,46.5,45.9,46.8,45.5,48.8,44.5,47.8,48.2,46.4,47.1,44.3,48.3,46.8,46.5,41.8,42.2,39.9,40.7,53.4,44.3,52.4,46.9,49.7,49.9,47.8,42.5,49.4,47.9,46.2,47.3,55.6,43.2,54.4,47.4,51.8,44.4,38.6,37.8,39.8,41.3,40.5,37.3,40.4,39.8,41.0,46.6,46.6,40.3,45.8,45.3,48.8,45.7,51.6,51.3,48.7,44.6,47.8,44.7,47.4,43.2,45.3,46.9,46.7,44.8,39.2,44.1,41.9,43.6,39.4
8007,49.1,44.3,45.8,51.9,48.0,48.5,49.1,47.3,45.8,45.0,46.7,47.5,47.3,45.0,48.4,46.4,46.9,40.8,46.4,45.6,47.0,45.6,49.1,44.8,48.1,48.8,46.8,47.3,44.6,48.3,47.3,46.4,42.5,42.5,40.5,41.1,53.3,43.7,53.0,47.0,50.4,49.2,48.3,43.0,49.7,47.9,46.7,47.0,55.7,43.6,55.1,47.7,52.4,44.4,38.7,37.5,39.9,41.3,41.0,36.9,40.0,40.6,40.8,46.5,47.3,40.0,46.4,45.4,48.9,45.8,51.9,51.5,48.5,45.0,47.7,44.9,47.4,43.1,45.4,46.7,47.0,45.3,39.4,43.8,42.3,43.9,39.9
8008,47.4,41.2,42.4,51.7,47.3,48.1,48.6,46.8,44.9,44.2,45.8,47.1,46.3,44.5,47.7,45.7,46.1,39.0,45.0,44.4,46.3,44.7,48.3,44.1,48.1,48.0,46.0,46.6,43.8,47.3,46.7,45.4,41.7,42.0,40.0,40.5,51.9,40.9,52.5,45.7,50.2,46.6,48.0,42.3,47.3,45.9,46.1,45.2,53.5,43.4,54.4,46.8,52.2,41.5,37.9,35.9,39.0,40.5,40.6,35.2,38.6,40.5,39.1,44.9,47.0,38.2,45.5,44.9,48.1,44.8,51.2,51.9,47.2,44.6,46.0,43.9,46.4,42.0,44.8,46.9,46.8,44.9,38.6,42.6,42.1,43.1,39.0
8009,40.2,36.7,36.4,49.3,44.3,45.8,45.8,43.7,42.3,41.3,43.4,45.1,43.1,42.4,45.1,43.2,42.8,36.6,42.6,41.9,43.2,42.1,45.3,41.3,45.0,45.1,44.1,43.7,40.5,44.8,44.1,42.3,38.2,39.0,37.6,37.6,46.3,36.5,50.2,41.1,48.1,40.5,45.1,38.8,41.8,40.9,42.9,40.4,47.3,39.8,51.9,44.1,49.7,36.3,35.4,33.9,36.1,37.7,38.9,33.1,37.6,38.6,36.9,39.8,45.1,35.3,41.2,42.8,45.2,42.3,47.8,49.5,41.4,40.9,40.7,40.5,43.8,40.0,41.7,44.0,43.3,42.2,35.1,41.2,39.1,40.2,35.8
8010,35.7,34.2,33.2,44.3,40.5,42.8,42.6,39.6,40.8,39.5,41.8,42.9,41.1,40.3,41.8,41.4,38.8,35.4,40.7,40.4,40.0,40.1,41.8,38.4,39.7,40.2,42.5,40.7,37.5,42.1,41.3,40.3,34.7,35.5,35.3,34.2,43.1,33.9,45.2,37.6,45.6,38.1,39.8,34.4,39.1,37.2,39.6,36.9,43.1,34.9,46.9,41.8,43.2,33.5,34.0,32.5,34.4,35.6,36.8,32.2,36.7,35.8,35.6,36.5,43.1,33.3,38.0,41.2,42.7,40.2,42.0,43.0,37.1,36.6,37.5,35.9,42.0,38.5,39.4,38.1,38.7,38.4,31.6,40.2,35.6,37.8,32.6
8011,33.3,33.0,31.1,40.7,38.2,41.2,40.7,37.2,39.8,38.4,40.5,41.0,39.7,39.1,40.3,40.3,36.7,34.7,39.6,39.4,38.1,38.9,40.3,37.0,37.3,37.6,41.3,38.7,35.8,40.8,39.3,39.4,32.8,33.6,33.8,32.7,40.8,32.4,42.4,35.1,42.7,36.6,37.1,33.0,37.0,34.5,36.9,34.8,39.6,32.4,43.4,40.2,39.5,32.0,33.2,31.5,33.5,34.6,35.3,32.0,36.1,34.0,34.6,34.1,41.8,32.0,36.4,40.1,41.6,39.1,39.6,39.6,34.7,34.1,35.5,33.7,40.8,37.5,38.1,34.9,36.7,35.3,30.9,39.3,33.4,36.3,30.8
8012,31.3,31.9,29.8,38.4,37.0,40.2,39.2,35.7,38.9,37.6,39.6,39.9,38.8,38.1,39.2,39.4,35.5,34.0,38.5,38.7,37.0,37.8,39.2,35.8,35.7,36.5,40.3,37.3,34.7,39.9,37.9,38.9,31.7,32.1,32.6,31.5,39.1,31.4,40.4,32.8,41.6,35.4,35.3,32.1,35.1,33.2,34.7,33.1,37.1,30.8,41.2,38.5,37.5,30.6,32.5,31.0,32.3,34.0,34.2,31.4,35.6,32.9,33.7,31.9,40.5,31.1,35.3,39.2,40.7,38.1,37.8,37.5,32.6,32.7,33.9,32.1,39.8,36.7,37.0,33.4,35.1,33.1,30.6,38.7,31.9,35.0,29.5
8013,29.8,31.2,29.1,36.5,35.9,39.1,38.2,34.7,38.2,36.8,38.9,39.0,38.2,37.3,38.4,38.7,34.5,33.2,37.7,38.1,36.2,37.0,38.3,35.0,34.9,35.8,39.3,36.3,33.8,39.2,36.8,38.3,30.6,31.0,31.8,30.5,37.9,30.6,39.1,31.8,40.5,34.6,33.9,31.4,33.5,32.2,32.9,31.9,35.2,29.6,39.5,37.0,35.9,29.7,31.8,30.4,31.5,33.6,33.5,31.1,35.3,32.2,33.2,30.5,39.6,30.4,34.2,38.4,40.0,37.4,36.5,35.9,31.0,31.9,32.4,30.7,39.2,36.2,36.2,32.3,34.2,31.4,30.4,38.0,30.9,33.8,28.8
8014,28.9,30.7,28.2,35.4,35.2,38.2,37.5,33.8,37.5,36.1,38.3,38.2,37.6,36.6,37.6,38.0,33.8,32.9,37.2,37.6,35.4,36.4,37.7,34.2,33.9,34.9,38.5,35.6,33.2,38.5,36.1,37.7,30.0,30.3,31.1,29.7,37.1,30.1,37.8,30.9,39.4,33.8,32.7,30.7,31.9,31.6,31.3,30.7,33.5,28.5,37.8,35.8,34.9,28.5,31.6,29.9,31.3,32.9,32.8,30.7,34.9,31.5,32.4,28.9,38.8,29.9,33.5,37.7,39.3,36.8,35.4,34.7,29.7,30.9,31.2,29.4,38.6,35.6,35.5,31.4,33.3,30.2,30.2,37.3,30.3,33.0,28.2
8015,27.5,30.1,27.6,34.2,34.5,37.5,36.8,32.9,36.7,35.5,37.6,37.5,37.0,35.9,36.8,37.5,33.3,32.3,36.6,37.3,34.7,35.9,37.2,33.4,33.3,34.2,37.7,35.1,32.6,37.7,35.4,37.1,29.0,29.6,30.6,29.2,36.4,29.6,37.0,30.3,38.5,33.6,31.7,30.0,30.7,30.7,30.3,29.7,32.3,27.5,36.6,34.5,33.6,27.8,31.2,29.4,30.9,32.4,32.3,30.3,34.6,31.0,32.0,27.7,38.2,29.3,32.9,37.0,38.6,36.3,34.1,33.5,28.5,30.0,30.4,28.6,38.0,35.3,35.0,30.8,32.3,29.2,30.0,36.8,29.7,32.1,27.7
8016,26.3,29.3,26.8,33.3,33.6,36.7,36.0,32.5,36.2,35.0,36.9,36.5,36.6,35.3,36.1,37.0,32.9,31.8,36.0,36.8,34.3,35.2,36.7,32.6,32.6,33.7,37.0,34.5,32.0,37.4,34.7,36.4,28.5,29.0,30.0,28.7,36.1,29.2,36.1,29.8,37.4,33.1,30.9,29.4,29.7,29.9,29.3,28.6,31.0,26.4,35.6,33.4,32.5,27.2,30.8,28.9,30.6,31.9,32.0,30.0,34.3,30.4,31.5,26.7,37.8,28.8,32.2,36.4,37.9,35.6,32.6,32.3,27.4,29.1,29.5,27.9,37.6,34.9,34.5,30.3,31.6,27.9,29.5,36.4,29.0,31.4,27.2
8017,25.6,29.2,26.4,32.7,33.1,36.0,35.5,31.8,35.6,34.5,36.6,36.1,36.1,34.7,35.5,36.5,32.4,31.7,35.3,36.2,33.8,34.6,36.0,31.9,31.9,33.0,36.6,34.1,31.3,36.6,34.3,36.1,28.1,28.3,29.4,28.1,35.4,29.0,35.5,29.1,36.4,32.9,30.1,28.6,28.8,29.4,28.5,28.0,30.1,25.7,34.7,32.4,31.1,26.2,30.6,28.5,30.1,31.4,31.6,29.6,33.9,30.0,31.3,25.7,37.2,28.3,31.7,35.9,37.1,35.1,31.0,31.5,26.4,28.2,28.7,26.8,37.2,34.6,34.0,29.5,30.9,27.1,29.2,35.8,28.3,30.7,26.6
8018,24.9,28.8,25.7,32.2,32.5,35.4,34.8,31.3,34.9,34.0,36.0,35.6,35.4,34.3,34.7,36.1,32.1,31.7,34.9,35.8,33.2,34.1,35.6,31.2,31.3,32.2,36.1,33.5,30.9,36.3,33.7,35.5,27.4,27.8,28.8,27.8,34.7,28.5,34.6,28.7,35.6,32.7,29.1,28.1,28.0,28.8,27.5,27.6,29.1,25.0,34.0,31.5,30.0,25.8,30.1,28.2,29.8,31.0,31.1,29.1,33.8,29.7,31.0,24.9,36.9,27.9,31.1,35.4,36.7,34.8,29.9,30.7,25.8,27.6,28.0,26.1,36.9,34.1,33.6,28.7,30.6,26.2,28.8,35.5,27.8,30.1,26.4
8019,24.1,28.3,25.5,31.7,31.9,34.7,34.2,31.0,34.5,33.4,35.6,35.1,34.9,33.9,34.1,35.6,31.4,31.4,34.7,35.5,32.7,33.8,35.3,30.6,30.7,31.8,35.6,32.9,30.5,35.8,33.2,35.1,26.9,27.5,28.3,27.4,34.3,28.3,34.1,28.2,35.0,32.5,28.7,27.6,27.4,28.5,26.8,26.7,28.7,24.2,33.2,31.0,29.2,25.4,29.7,27.7,29.3,30.6,30.7,28.6,33.4,29.2,30.8,24.3,36.5,27.8,30.5,34.9,36.2,34.3,28.7,30.2,25.2,26.9,27.6,25.6,36.4,33.7,33.2,28.2,30.1,25.5,28.7,35.2,27.3,29.7,26.0
8020,23.6,28.1,25.2,31.1,31.4,34.3,33.5,30.3,33.9,32.9,35.0,34.7,34.5,33.4,33.5,35.3,31.1,31.2,34.5,35.3,32.2,33.5,34.9,30.1,30.1,31.4,35.1,32.3,30.1,35.4,32.6,34.7,26.5,27.2,27.9,26.8,33.9,28.0,33.5,27.6,34.1,32.1,27.8,27.0,26.7,27.9,26.2,26.1,28.1,24.0,32.7,30.5,28.3,25.2,29.5,27.5,29.1,30.3,30.4,28.5,33.1,28.8,30.3,23.6,36.2,27.5,30.2,34.5,35.7,33.8,27.9,29.8,24.6,26.5,27.0,25.3,36.0,33.2,32.7,27.6,29.2,24.8,28.5,34.9,27.0,29.2,25.5
8021,23.3,28.2,24.8,30.6,31.0,33.6,33.1,29.8,33.5,32.3,34.7,34.3,34.2,32.9,33.2,35.0,30.8,31.0,34.0,34.9,31.8,33.1,34.3,29.6,29.3,31.0,34.7,31.8,29.8,35.2,32.1,34.5,26.1,26.7,27.4,26.6,33.4,27.7,33.1,26.9,33.5,31.6,27.2,26.4,26.5,27.1,25.8,25.6,27.5,23.3,32.0,30.0,27.6,25.0,29.0,27.1,28.7,29.9,30.2,28.0,33.1,28.4,30.3,23.1,35.9,27.4,29.8,34.0,35.3,33.4,27.0,29.4,24.2,26.3,26.2,24.8,35.6,32.9,32.2,27.2,28.6,24.5,28.3,34.6,26.5,29.0,25.4
8022,23.2,27.7,24.8,30.1,30.4,33.2,32.7,29.5,33.1,32.0,34.5,34.0,34.0,32.5,32.5,34.7,30.5,30.7,33.6,34.6,31.3,32.7,33.9,29.1,28.7,30.3,34.2,31.4,29.6,34.7,31.7,34.2,25.8,26.6,27.3,26.5,33.1,27.6,32.5,26.6,32.9,31.1,26.5,26.1,26.2,26.6,25.4,25.1,27.0,22.8,31.3,29.8,27.1,24.6,28.7,27.1,28.6,29.7,29.9,27.7,32.9,28.2,30.4,22.9,35.8,27.3,29.4,33.5,35.0,33.4,26.3,28.9,23.6,25.7,25.6,24.4,35.3,32.6,31.9,26.9,28.3,24.1,27.9,34.4,26.1,28.6,24.9
8023,23.1,27.9,24.7,29.8,30.0,32.7,32.1,29.4,32.7,31.7,34.3,33.8,33.8,32.1,32.0,34.3,30.0,30.7,33.4,34.3,31.0,32.4,33.6,28.7,28.3,30.0,34.0,31.0,29.2,34.4,31.3,33.7,25.5,26.3,27.0,26.1,32.6,27.5,32.2,26.3,32.4,31.0,26.3,25.8,25.8,26.4,25.0,24.9,26.4,22.4,30.8,29.5,26.6,24.2,28.5,26.9,28.4,29.7,30.0,27.5,32.7,27.9,30.2,22.6,35.6,27.0,29.1,33.0,34.7,33.2,25.6,28.5,23.2,25.4,25.2,23.8,34.9,32.4,31.4,26.5,27.8,23.8,27.8,34.1,25.7,28.3,24.8
8024,27.3,29.9,28.5,29.8,30.2,32.7,32.3,29.8,33.5,32.1,35.4,34.1,34.9,32.4,32.2,34.7,30.6,31.0,34.5,35.8,31.3,32.9,34.1,28.7,28.4,30.2,34.2,31.0,29.7,35.1,31.5,34.9,25.5,26.4,27.0,26.4,35.7,29.5,32.1,29.1,33.7,35.4,26.2,26.4,28.7,29.5,26.9,28.8,32.2,22.5,31.9,30.9,28.7,26.9,28.4,27.1,28.3,29.8,30.0,27.9,32.9,27.6,30.6,25.8,35.5,27.3,29.4,33.2,36.1,34.1,27.9,28.3,27.0,26.2,28.8,24.0,36.5,33.4,31.9,26.4,27.7,23.6,27.6,35.0,25.7,28.6,24.9
8025,32.9,34.3,34.9,33.7,33.5,35.6,35.7,33.2,36.2,34.7,38.0,36.5,37.7,34.6,35.5,36.8,34.4,33.6,37.6,38.2,34.6,35.5,37.2,31.4,32.0,34.0,36.2,34.2,32.7,38.2,34.5,37.3,28.3,29.4,29.3,29.3,40.6,34.0,35.7,34.0,36.5,40.3,29.9,30.5,33.1,35.4,30.3,34.2,40.0,26.7,38.1,33.9,33.9,31.8,29.8,29.3,30.5,32.2,30.9,30.0,34.4,28.4,32.8,31.5,36.8,30.2,33.0,35.3,39.1,36.8,33.3,32.9,32.5,31.1,34.0,29.7,39.2,35.6,34.7,29.8,31.1,26.4,29.9,37.1,28.3,31.3,27.9
8026,38.0,38.3,39.8,39.3,37.1,39.1,39.2,36.9,38.8,37.3,40.3,39.3,40.4,37.3,39.1,39.4,37.8,35.8,40.2,40.6,37.9,38.3,40.4,34.5,36.6,37.8,38.6,37.8,35.6,41.0,37.7,39.7,32.0,32.7,31.8,32.4,44.6,38.0,40.1,38.1,39.8,44.0,35.1,33.6,37.9,40.2,34.2,38.3,46.2,31.5,43.2,37.3,38.8,36.5,32.1,31.7,33.4,34.7,33.3,32.1,36.0,31.0,35.2,36.5,38.6,33.3,36.1,37.7,42.0,39.1,38.1,39.1,37.6,35.7,38.5,34.1,41.7,37.9,37.6,34.9,35.4,30.6,32.7,39.2,32.3,34.6,31.0
8027,42.6,40.9,42.9,43.8,40.6,42.0,42.3,40.2,41.1,39.7,42.5,41.7,42.9,39.7,42.0,41.7,40.7,37.7,42.4,42.4,40.8,40.9,43.2,37.6,40.6,41.3,41.2,40.9,38.3,43.6,40.7,42.0,35.2,36.1,34.3,35.3,48.0,40.7,44.4,41.3,42.9,46.4,39.5,36.5,42.0,43.6,38.3,41.6,49.9,35.9,47.0,40.5,43.2,40.0,34.4,33.8,35.6,37.0,35.6,33.8,37.7,33.8,37.1,40.4,40.6,35.7,39.2,40.1,44.2,41.3,43.2,44.2,42.1,38.8,42.0,38.1,43.7,39.7,40.1,39.3,39.4,35.1,34.7,40.8,35.7,37.5,33.7
8028,46.0,42.9,45.0,47.1,43.5,44.5,44.8,43.0,43.1,41.7,44.2,43.9,44.7,41.6,44.4,43.6,43.1,39.2,44.1,43.9,43.2,42.7,45.3,40.4,43.7,44.2,43.2,43.6,40.6,45.5,43.1,43.9,38.0,38.7,36.5,37.5,50.4,42.7,48.0,43.7,45.7,48.2,43.2,38.8,45.2,45.8,41.7,44.2,52.7,39.0,50.2,43.2,46.9,42.3,36.3,35.6,37.3,38.9,37.5,35.2,38.9,36.2,38.7,43.2,42.8,37.6,41.9,42.2,46.2,43.0,47.1,47.4,45.3,41.1,44.5,41.2,45.1,41.1,42.2,42.4,42.5,39.2,36.6,42.1,38.4,40.0,35.8
8029,48.2,44.3,45.2,49.5,45.6,46.2,46.7,45.1,44.4,43.2,45.5,45.6,45.9,43.2,46.2,44.9,44.9,40.1,45.5,44.7,45.0,43.9,47.2,42.6,45.9,46.4,44.8,45.5,42.5,47.0,45.0,45.3,39.9,40.6,38.2,39.4,52.2,43.8,50.5,45.5,47.8,49.4,45.7,40.6,47.7,47.3,44.1,46.0,54.5,41.3,52.6,45.3,49.5,44.1,37.4,36.8,38.7,40.1,39.0,36.4,39.8,38.0,39.8,45.0,44.9,39.1,44.1,43.6,47.5,44.3,49.4,50.0,47.4,42.8,46.4,43.2,46.3,42.1,43.7,44.8,44.9,42.3,37.9,43.0,40.3,42.0,37.6
8030,47.9,44.2,45.1,50.8,47.2,47.5,47.9,46.3,45.3,44.2,46.2,46.5,46.7,44.2,47.4,45.6,46.0,40.5,46.0,45.4,46.2,45.0,48.1,43.8,47.2,47.7,45.8,46.5,43.7,47.8,46.3,46.0,41.2,41.6,39.4,40.2,53.3,43.7,52.1,46.6,49.4,49.5,47.1,41.9,48.8,47.5,45.7,47.0,55.2,42.7,54.0,46.9,51.3,43.8,38.0,37.4,39.1,40.6,40.0,36.9,40.1,39.4,40.6,46.1,46.4,40.0,45.4,44.7,48.3,45.0,51.0,51.1,48.1,44.1,47.2,44.3,46.9,42.5,44.7,46.3,46.1,44.2,38.8,43.4,41.4,43.1,38.8
8031,48.2,43.7,45.2,51.5,47.5,47.9,48.5,46.9,45.3,44.4,46.2,47.0,46.7,44.4,47.7,45.9,46.3,40.3,45.8,45.1,46.4,45.1,48.5,44.2,47.4,48.2,46.1,46.7,44.0,47.8,46.7,46.0,41.8,42.0,39.9,40.4,53.1,43.1,52.8,46.6,50.1,48.7,47.6,42.4,49.1,47.5,46.1,46.7,55.4,43.2,54.6,47.2,51.8,43.7,38.0,37.1,39.2,40.6,40.5,36.5,39.7,40.2,40.4,45.9,47.2,39.7,46.0,44.8,48.4,45.1,51.3,51.2,48.1,44.4,47.2,44.5,46.9,42.4,44.8,46.3,46.4,44.7,38.9,43.2,41.9,43.4,39.2
8032,46.6,40.7,41.8,51.0,46.8,47.4,48.0,46.3,44.3,43.6,45.3,46.6,45.8,44.0,47.1,45.1,45.5,38.4,44.5,43.9,45.7,44.3,47.7,43.6,47.4,47.4,45.4,46.0,43.2,46.9,46.1,44.9,41.1,41.4,39.4,39.9,51.7,40.3,52.3,45.3,49.8,46.1,47.3,41.7,46.7,45.5,45.6,44.9,53.1,42.9,54.1,46.3,51.6,40.9,37.3,35.5,38.3,39.8,40.1,34.8,38.4,40.0,38.7,44.3,46.9,37.8,45.2,44.3,47.6,44.1,50.6,51.6,46.7,44.0,45.5,43.6,45.9,41.4,44.2,46.4,46.2,44.3,38.2,42.0,41.5,42.5,38.4
8033,39.5,36.2,35.7,48.6,43.8,45.2,45.3,43.1,41.8,40.8,43.0,44.7,42.6,41.9,44.5,42.7,42.2,36.1,42.0,41.4,42.6,41.6,44.8,40.8,44.4,44.6,43.6,43.1,39.9,44.4,43.6,41.8,37.7,38.4,37.1,37.0,46.1,35.8,50.0,40.8,47.7,40.0,44.4,38.2,41.3,40.4,42.4,40.1,46.8,39.3,51.5,43.6,49.1,35.8,34.8,33.5,35.6,37.1,38.4,32.7,37.3,38.1,36.5,39.4,45.0,35.0,40.9,42.2,44.9,41.7,47.2,49.1,40.9,40.3,40.2,40.1,43.3,39.5,41.1,43.4,42.7,41.6,34.8,40.6,38.6,39.7,35.2
8034,35.1,33.7,32.5,43.6,40.0,42.3,42.1,39.2,40.3,39.0,41.3,42.5,40.7,39.9,41.3,41.0,38.4,34.9,40.2,40.0,39.5,39.7,41.3,37.9,39.0,39.7,42.0,40.2,37.1,41.8,40.8,39.9,34.1,35.0,34.8,33.7,42.8,33.2,44.9,37.3,45.2,37.6,39.1,33.8,38.6,36.6,39.2,36.5,42.7,34.3,46.6,41.3,42.8,33.0,33.5,32.1,33.9,35.1,36.3,31.9,36.4,35.4,35.1,36.0,43.0,33.0,37.7,40.7,42.4,39.7,41.6,42.6,36.6,36.1,37.0,35.5,41.6,38.1,38.9,37.5,38.2,37.8,31.3,39.6,35.1,37.4,32.0
8035,32.6,32.3,30.5,40.1,37.7,40.7,40.1,36.7,39.3,38.0,40.2,40.7,39.3,38.7,39.8,39.9,36.3,34.3,39.2,39.0,37.7,38.6,39.8,36.5,36.6,37.1,40.9,38.2,35.4,40.4,38.8,39.0,32.1,33.1,33.3,32.2,40.6,31.8,42.0,34.8,42.4,36.1,36.4,32.4,36.3,33.9,36.6,34.4,39.3,31.9,43.1,39.7,39.1,31.4,32.7,31.2,33.0,34.1,34.8,31.7,35.8,33.6,34.2,33.6,41.7,31.7,36.2,39.6,41.2,38.5,39.2,39.1,34.1,33.6,35.0,33.3,40.4,37.1,37.7,34.3,36.1,34.7,30.6,38.8,32.9,35.8,30.3
8036,30.6,31.3,29.3,37.8,36.4,39.6,38.7,35.2,38.5,37.2,39.2,39.5,38.5,37.7,38.7,39.0,35.1,33.7,38.1,38.3,36.4,37.5,38.8,35.2,35.0,36.0,39.9,36.8,34.4,39.5,37.4,38.5,31.1,31.6,32.1,31.0,38.9,30.7,40.0,32.6,41.3,34.9,34.7,31.5,34.4,32.5,34.3,32.8,36.8,30.2,40.9,38.1,37.1,30.0,32.1,30.6,31.8,33.5,33.7,31.0,35.3,32.5,33.4,31.5,40.3,30.8,35.1,38.8,40.3,37.7,37.3,37.1,32.0,32.2,33.4,31.8,39.4,36.4,36.6,32.8,34.6,32.5,30.2,38.1,31.4,34.4,29.1
8037,29.0,30.6,28.5,36.0,35.4,38.5,37.6,34.2,37.8,36.4,38.5,38.6,37.7,37.0,37.8,38.3,34.0,32.9,37.4,37.8,35.7,36.8,37.8,34.4,34.3,35.2,38.9,35.7,33.3,38.8,36.2,38.0,30.1,30.5,31.2,30.0,37.7,29.9,38.7,31.6,40.2,34.1,33.3,30.8,32.9,31.6,32.4,31.5,34.8,29.0,39.2,36.7,35.6,29.0,31.4,29.9,31.0,33.1,33.0,30.6,35.0,31.9,32.8,30.0,39.4,30.1,34.0,37.9,39.6,36.9,36.2,35.5,30.4,31.4,31.9,30.3,38.8,35.9,35.8,31.6,33.7,30.9,30.1,37.5,30.4,33.3,28.3
8038,28.1,30.1,27.5,34.8,34.7,37.7,36.9,33.3,37.1,35.7,38.0,37.9,37.2,36.2,37.0,37.7,33.3,32.5,36.9,37.3,34.8,36.1,37.1,33.6,33.3,34.3,38.0,35.0,32.8,38.1,35.5,37.4,29.4,29.8,30.5,29.2,36.8,29.4,37.5,30.8,39.1,33.4,32.1,30.2,31.4,30.9,30.9,30.5,33.1,27.9,37.6,35.4,34.6,27.9,31.2,29.4,30.9,32.4,32.3,30.2,34.6,31.2,32.1,28.6,38.6,29.6,33.2,37.3,38.9,36.3,35.2,34.3,29.0,30.3,30.7,29.0,38.3,35.3,35.1,30.7,32.7,29.7,29.8,36.8,29.8,32.5,27.6
8039,26.8,29.7,27.0,33.7,33.9,37.0,36.2,32.5,36.3,35.0,37.3,37.1,36.7,35.5,36.2,37.2,32.9,32.0,36.3,36.9,34.2,35.6,36.6,32.8,32.7,33.6,37.2,34.5,32.2,37.4,34.8,36.8,28.5,29.0,30.1,28.7,36.2,28.9,36.7,30.1,38.2,33.1,31.1,29.4,30.0,30.0,29.9,29.5,32.1,26.9,36.3,34.2,33.3,27.2,30.8,28.9,30.4,31.9,31.9,29.9,34.4,30.7,31.7,27.4,38.0,29.1,32.7,36.6,38.2,35.9,33.9,33.1,27.9,29.5,30.0,28.1,37.8,35.0,34.5,30.1,31.7,28.6,29.7,36.3,29.2,31.5,27.1
8040,25.6,29.0,26.2,32.7,33.0,36.2,35.4,31.9,35.8,34.5,36.7,36.2,36.3,34.9,35.4,36.6,32.5,31.6,35.8,36.6,33.7,34.9,36.1,32.0,31.9,33.0,36.6,33.9,31.6,37.0,34.1,36.1,27.9,28.3,29.4,28.0,35.8,28.5,35.8,29.5,37.1,32.6,30.3,28.8,28.9,29.3,28.8,28.4,30.8,26.0,35.4,33.1,32.2,26.6,30.4,28.5,30.2,31.5,31.6,29.5,34.0,30.1,31.4,26.4,37.6,28.6,32.0,36.0,37.5,35.2,32.4,32.0,26.8,28.5,29.2,27.4,37.4,34.6,34.0,29.6,31.0,27.3,29.2,35.9,28.5,30.7,26.7
8041,24.9,28.6,25.9,32.1,32.5,35.4,34.8,31.3,35.3,34.0,36.3,35.7,35.8,34.2,34.8,36.2,31.9,31.5,35.1,36.1,33.2,34.3,35.5,31.3,31.3,32.3,36.1,33.6,30.8,36.3,33.6,35.8,27.4,27.6,28.8,27.6,35.1,28.3,35.2,28.8,36.1,32.4,29.5,28.1,28.1,28.8,28.1,27.8,29.9,25.3,34.5,32.1,30.9,25.6,30.2,28.1,29.7,31.0,31.2,29.2,33.7,29.6,31.1,25.4,37.0,28.1,31.4,35.4,36.8,34.7,30.9,31.1,25.8,27.7,28.4,26.5,37.1,34.3,33.6,28.8,30.3,26.3,28.9,35.4,27.8,30.2,26.1
8042,24.2,28.1,25.3,31.6,31.9,34.8,34.1,30.7,34.5,33.4,35.8,35.3,35.2,33.8,34.0,35.6,31.5,31.4,34.7,35.6,32.6,33.8,35.1,30.6,30.6,31.5,35.6,32.9,30.2,36.0,33.0,35.2,26.8,27.1,28.2,27.3,34.4,27.8,34.3,28.5,35.4,32.2,28.4,27.6,27.5,28.2,27.1,27.4,29.1,24.6,33.6,31.3,29.7,25.2,29.7,27.8,29.4,30.6,30.6,28.7,33.6,29.3,30.9,24.6,36.7,27.8,31.1,34.9,36.4,34.4,29.8,30.3,25.2,27.1,27.8,25.7,36.7,33.8,33.2,28.0,29.9,25.4,28.5,35.1,27.1,29.6,25.8
8043,23.5,27.6,25.0,31.1,31.3,34.1,33.5,30.3,34.0,32.9,35.4,34.7,34.7,33.3,33.3,35.2,30.8,31.0,34.5,35.2,32.0,33.5,34.7,29.9,30.1,31.1,35.0,32.3,29.9,35.4,32.5,34.8,26.1,26.8,27.6,26.8,34.1,27.6,33.8,27.9,34.8,32.0,28.0,27.0,26.8,27.8,26.4,26.6,28.7,23.8,32.9,30.7,28.9,24.8,29.3,27.4,28.9,30.3,30.2,28.3,33.3,28.8,30.6,23.9,36.3,27.6,30.4,34.4,35.9,33.9,28.7,29.8,24.6,26.7,27.3,25.2,36.2,33.4,32.7,27.5,29.4,24.7,28.3,34.8,26.7,29.1,25.3
8044,23.0,27.4,24.6,30.6,30.7,33.7,32.9,29.6,33.5,32.3,34.8,34.3,34.3,32.8,32.9,34.9,30.5,30.8,34.3,35.1,31.5,33.1,34.3,29.4,29.5,30.6,34.5,31.7,29.4,35.1,31.9,34.3,25.7,26.4,27.2,26.2,33.6,27.4,33.2,27.4,33.9,31.6,27.1,26.4,26.1,27.1,25.8,25.9,28.1,23.6,32.4,30.4,28.1,24.6,29.1,27.2,28.8,29.9,30.0,28.2,32.9,28.5,30.1,23.3,36.0,27.4,30.1,33.9,35.3,33.4,27.8,29.5,24.0,26.0,26.6,24.9,35.8,33.0,32.1,26.9,28.5,24.1,28.2,34.5,26.3,28.6,24.8
8045,22.6,27.5,24.2,30.1,30.3,33.0,32.5,29.1,33.1,31.7,34.4,33.9,34.0,32.3,32.5,34.5,30.1,30.6,33.8,34.7,31.1,32.8,33.8,28.8,28.7,30.4,34.0,31.1,29.2,34.8,31.4,34.1,25.3,26.0,26.7,26.0,33.1,27.0,32.7,26.8,33.3,31.1,26.5,26.0,26.0,26.5,25.4,25.6,27.5,22.9,31.7,29.9,27.4,24.4,28.7,26.8,28.4,29.6,29.7,27.7,32.9,28.1,30.1,22.9,35.7,27.3,29.6,33.4,35.0,33.1,27.0,28.9,23.7,25.8,26.0,24.4,35.4,32.6,31.7,26.4,27.9,23.7,28.0,34.2,25.9,28.3,24.7
8046,22.4,26.9,24.1,29.6,29.7,32.6,32.1,28.8,32.7,31.4,34.3,33.6,33.7,31.9,31.9,34.2,29.9,30.4,33.4,34.4,30.7,32.3,33.4,28.3,28.0,29.6,33.6,30.8,28.9,34.4,31.1,33.8,25.0,25.8,26.6,25.8,32.8,26.9,32.1,26.4,32.8,30.7,25.9,25.6,25.4,26.0,25.0,25.1,27.0,22.4,31.1,29.7,26.9,24.0,28.5,26.9,28.3,29.4,29.5,27.4,32.7,27.8,30.2,22.6,35.6,27.3,29.2,32.9,34.8,33.0,26.3,28.6,23.0,25.4,25.6,24.0,35.0,32.3,31.3,26.1,27.4,23.4,27.6,34.0,25.4,27.9,24.2
8047,22.4,27.2,24.0,29.3,29.2,32.2,31.5,28.6,32.3,31.0,34.0,33.4,33.5,31.5,31.3,33.8,29.5,30.3,33.2,34.1,30.3,32.0,33.1,27.9,27.6,29.2,33.4,30.3,28.6,34.1,30.7,33.4,24.7,25.4,26.2,25.3,32.3,26.8,31.7,26.2,32.3,30.4,25.7,25.3,24.9,25.7,24.6,24.8,26.4,22.1,30.5,29.5,26.5,23.6,28.2,26.7,28.1,29.4,29.6,27.3,32.6,27.5,30.0,22.4,35.4,27.0,28.9,32.4,34.5,32.8,25.6,28.3,22.5,25.1,25.0,23.6,34.7,32.1,30.9,25.8,27.0,23.1,27.4,33.9,25.0,27.5,24.1
8048,26.3,29.2,27.7,29.3,29.4,32.0,31.6,28.9,33.0,31.4,35.1,33.7,34.6,31.8,31.4,34.2,30.0,30.7,34.2,35.6,30.6,32.4,33.4,27.8,27.6,29.5,33.5,30.3,29.0,34.7,30.8,34.5,24.6,25.5,26.2,25.5,35.2,28.7,31.5,28.8,33.5,34.7,25.6,25.8,27.8,28.8,26.5,28.6,31.9,22.3,31.6,30.7,28.4,26.1,28.0,26.9,27.9,29.6,29.6,27.6,32.8,27.3,30.4,25.4,35.3,27.2,29.1,32.6,35.8,33.7,27.7,28.1,26.1,25.8,28.4,23.7,36.2,33.0,31.2,25.7,26.8,22.9,27.3,34.7,25.0,27.8,24.1
8049,31.9,33.6,34.0,33.0,32.5,34.8,34.9,32.2,35.6,33.8,37.6,36.1,37.3,33.9,34.7,36.2,33.6,33.1,37.3,38.0,33.8,34.9,36.5,30.4,31.2,33.1,35.4,33.4,31.9,37.7,33.7,36.8,27.4,28.3,28.3,28.4,40.0,33.3,35.1,33.7,36.4,39.5,29.3,29.9,32.2,34.6,29.9,33.8,39.7,26.3,37.7,33.7,33.5,31.1,29.4,29.0,30.1,31.8,30.6,29.6,34.2,28.0,32.6,31.0,36.6,30.0,32.7,34.6,38.8,36.3,33.0,32.3,31.7,30.6,33.6,29.2,38.9,35.2,34.0,29.0,30.1,25.6,29.5,36.7,27.5,30.5,26.9
8050,36.9,37.6,38.9,38.4,36.1,38.2,38.3,35.9,38.2,36.4,39.9,38.7,40.0,36.5,38.2,38.6,36.9,35.3,39.9,40.3,37.0,37.6,39.6,33.5,35.7,36.9,37.7,36.9,34.7,40.4,36.8,39.1,31.0,31.6,30.7,31.4,44.0,37.3,39.4,37.8,39.6,43.1,34.3,33.0,37.1,39.6,33.7,38.0,45.8,31.0,42.8,37.1,38.4,35.7,31.7,31.4,32.9,34.3,32.9,31.7,35.8,30.7,34.9,36.0,38.4,33.0,35.9,36.9,41.6,38.6,37.7,38.3,36.8,35.1,38.0,33.7,41.3,37.4,36.7,34.1,34.4,29.8,32.3,38.8,31.5,33.6,30.0
8051,41.5,40.3,42.1,42.9,39.5,41.1,41.3,39.1,40.4,38.7,42.0,41.1,42.4,38.8,41.0,40.9,39.8,37.2,42.0,42.2,39.9,40.0,42.3,36.5,39.6,40.4,40.2,40.0,37.4,42.9,39.7,41.3,34.2,35.0,33.2,34.2,47.4,40.0,43.5,40.9,42.7,45.6,38.7,36.0,41.1,42.9,37.8,41.2,49.5,35.4,46.6,40.2,42.7,39.2,34.0,33.4,35.1,36.6,35.2,33.3,37.4,33.4,36.6,39.9,40.4,35.3,39.1,39.2,43.8,40.7,42.8,43.4,41.3,38.3,41.7,37.7,43.3,39.2,39.1,38.5,38.4,34.3,34.3,40.4,34.9,36.6,32.6
8052,44.9,42.3,44.2,46.1,42.3,43.4,43.7,41.9,42.3,40.7,43.6,43.2,44.1,40.6,43.4,42.7,42.2,38.7,43.6,43.6,42.2,41.8,44.3,39.3,42.7,43.1,42.2,42.5,39.5,44.7,42.1,43.1,37.1,37.5,35.3,36.4,49.7,42.1,47.0,43.4,45.5,47.4,42.3,38.3,44.4,45.2,41.2,43.8,52.4,38.5,49.8,42.9,46.4,41.5,35.8,35.1,36.9,38.4,37.0,34.7,38.6,35.7,38.2,42.7,42.6,37.1,41.8,41.2,45.8,42.4,46.6,46.6,44.5,40.6,44.2,40.7,44.7,40.6,41.2,41.6,41.5,38.4,36.2,41.7,37.6,38.9,34.7
8053,47.2,43.7,44.6,48.5,44.4,45.1,45.6,43.9,43.5,42.2,44.9,44.8,45.2,42.2,45.1,43.9,43.9,39.5,45.0,44.4,43.9,42.9,46.1,41.5,44.9,45.3,43.8,44.4,41.4,46.2,43.9,44.5,39.0,39.4,37.1,38.2,51.5,43.2,49.5,45.2,47.5,48.6,44.7,40.1,46.8,46.7,43.6,45.6,54.1,40.8,52.2,44.9,48.9,43.3,37.0,36.2,38.2,39.7,38.5,35.8,39.4,37.5,39.3,44.5,44.8,38.6,43.9,42.6,47.1,43.5,48.9,49.1,46.5,42.3,46.0,42.8,45.8,41.4,42.6,43.9,43.9,41.4,37.4,42.6,39.5,40.8,36.4
8054,47.2,43.6,44.5,49.8,46.0,46.3,46.8,45.1,44.3,43.2,45.5,45.6,45.9,43.2,46.3,44.6,45.0,40.0,45.4,45.0,45.1,44.1,47.1,42.8,46.2,46.6,44.8,45.4,42.5,46.9,45.2,45.1,40.3,40.5,38.2,39.1,52.6,43.2,51.1,46.2,49.0,48.7,46.2,41.5,47.9,47.0,45.2,46.7,54.8,42.2,53.7,46.5,50.7,43.1,37.5,36.8,38.7,40.1,39.5,36.3,39.8,38.9,40.0,45.6,46.3,39.4,45.2,43.6,47.8,44.2,50.5,50.2,47.4,43.5,46.8,43.9,46.5,41.8,43.6,45.5,45.2,43.3,38.2,43.0,40.7,41.9,37.6
8055,47.6,43.2,44.5,50.5,46.4,46.7,47.3,45.6,44.2,43.3,45.5,46.0,45.9,43.4,46.6,44.8,45.1,39.8,45.1,44.7,45.3,44.0,47.4,43.3,46.5,47.0,45.1,45.6,42.8,46.9,45.6,45.0,41.0,40.9,38.8,39.2,52.4,42.6,51.8,46.3,49.7,47.9,46.8,41.9,48.3,46.9,45.7,46.3,55.0,42.8,54.2,46.8,51.3,43.0,37.6,36.5,38.7,40.2,39.9,35.9,39.4,39.7,39.8,45.5,47.1,39.2,45.8,43.8,47.9,44.3,50.8,50.4,47.4,43.9,46.7,44.0,46.4,41.7,43.7,45.5,45.6,43.9,38.4,42.8,41.2,42.3,38.1
8056,45.8,40.2,41.2,50.1,45.8,46.2,46.8,45.1,43.3,42.5,44.6,45.6,45.0,42.9,45.9,44.1,44.4,37.9,43.8,43.5,44.5,43.3,46.6,42.7,46.6,46.4,44.3,44.8,42.0,45.9,44.9,44.0,40.2,40.4,38.3,38.8,51.1,39.9,51.4,44.9,49.4,45.4,46.5,41.2,45.9,44.9,45.2,44.5,52.6,42.4,53.7,45.9,51.1,40.2,36.9,35.0,37.9,39.3,39.5,34.3,38.1,39.6,38.2,44.0,46.8,37.4,45.0,43.2,47.0,43.3,50.1,50.8,46.1,43.4,45.1,43.1,45.4,40.7,43.0,45.5,45.3,43.5,37.6,41.8,40.9,41.3,37.3
8057,38.9,35.7,35.2,47.7,42.8,44.1,44.2,42.1,40.8,39.7,42.3,43.7,41.9,40.8,43.4,41.6,41.0,35.7,41.4,41.1,41.5,40.6,43.7,39.9,43.6,43.5,42.5,42.0,38.7,43.5,42.4,40.9,36.8,37.3,35.9,35.8,45.6,35.3,49.2,40.4,47.3,39.3,43.6,37.6,40.6,39.9,41.9,39.8,46.4,38.8,51.1,43.2,48.6,35.1,34.5,33.0,35.2,36.6,37.9,32.3,37.0,37.7,36.1,39.0,44.8,34.6,40.5,41.1,44.2,41.0,46.8,48.3,40.2,39.7,39.9,39.6,42.9,38.7,40.0,42.6,41.8,40.8,34.4,40.4,37.8,38.6,34.0
8058,34.6,33.3,31.9,42.9,39.0,41.3,41.1,38.2,39.5,37.9,40.7,41.6,39.9,38.8,40.3,39.9,37.2,34.6,39.6,39.7,38.3,38.6,40.3,37.1,38.3,38.7,40.9,39.2,35.8,40.8,39.7,39.0,33.2,33.9,33.6,32.4,42.3,32.7,44.1,36.9,44.8,37.0,38.4,33.2,37.9,35.9,38.8,36.2,42.2,33.9,46.2,41.0,42.2,32.2,33.1,31.7,33.5,34.7,35.9,31.4,36.2,35.0,34.8,35.7,42.9,32.7,37.4,39.6,41.7,39.0,41.1,41.9,35.9,35.6,36.8,35.1,41.1,37.3,37.8,36.8,37.4,36.9,31.0,39.4,34.3,36.4,30.8
8059,31.9,31.9,29.8,39.4,36.7,39.8,39.2,35.7,38.4,36.9,39.5,39.8,38.6,37.5,38.8,38.8,35.2,34.0,38.6,38.7,36.5,37.6,38.7,35.7,35.9,36.1,39.7,37.3,34.2,39.4,37.7,38.0,31.3,32.1,32.2,31.0,40.0,31.3,41.3,34.5,42.0,35.6,35.7,31.9,35.6,33.3,36.1,34.1,39.0,31.6,42.7,39.4,38.7,30.7,32.4,30.8,32.7,33.7,34.4,31.2,35.6,33.2,33.8,33.2,41.5,31.4,35.9,38.5,40.5,37.8,38.7,38.5,33.3,33.2,34.7,33.0,39.9,36.3,36.7,33.4,35.4,33.8,30.3,38.6,32.0,34.7,29.2
8060,30.0,31.0,28.7,37.1,35.4,38.7,37.7,34.2,37.5,36.2,38.5,38.6,37.6,36.6,37.8,37.9,34.0,33.3,37.4,38.0,35.3,36.5,37.7,34.4,34.3,35.0,38.7,35.9,33.2,38.5,36.4,37.5,30.3,30.6,31.0,29.8,38.5,30.2,39.4,32.1,40.9,34.4,34.0,31.0,33.9,32.0,33.8,32.5,36.6,30.0,40.6,37.9,36.7,29.4,31.8,30.2,31.6,33.2,33.3,30.5,35.1,32.1,32.9,31.3,40.1,30.5,34.8,37.7,39.6,37.0,36.8,36.5,31.3,31.7,33.2,31.5,38.8,35.5,35.5,32.0,33.7,31.8,30.0,38.0,30.6,33.3,28.0
8061,28.4,30.1,27.8,35.4,34.4,37.7,36.6,33.1,36.8,35.3,37.7,37.6,36.8,35.9,36.9,37.2,32.9,32.6,36.7,37.4,34.6,35.7,36.7,33.6,33.5,34.4,37.7,34.8,32.1,37.8,35.2,37.0,29.4,29.5,30.2,28.9,37.4,29.4,38.1,31.1,39.7,33.6,32.5,30.2,32.3,31.0,31.9,31.3,34.6,28.8,38.9,36.4,35.2,28.5,31.1,29.6,30.7,32.7,32.6,30.2,34.8,31.5,32.4,29.9,39.2,29.9,33.8,36.9,38.8,36.2,35.7,34.9,29.6,30.9,31.8,30.0,38.2,35.1,34.8,30.8,32.9,30.1,29.8,37.4,29.6,32.2,27.2
8062,27.4,29.6,26.9,34.2,33.7,36.9,36.0,32.3,36.1,34.7,37.1,36.9,36.1,35.1,36.1,36.7,32.2,32.1,36.2,36.8,33.7,35.1,36.1,32.8,32.5,33.3,36.9,34.1,31.5,37.1,34.5,36.3,28.7,28.8,29.5,28.2,36.4,29.0,36.9,30.3,38.7,32.9,31.3,29.6,30.9,30.4,30.4,30.3,32.9,27.6,37.3,35.3,34.3,27.4,30.9,29.1,30.5,32.2,32.0,29.9,34.5,30.8,31.7,28.4,38.4,29.4,33.0,36.2,38.1,35.6,34.7,33.8,28.3,29.8,30.6,28.8,37.7,34.5,34.0,29.9,31.8,28.9,29.6,36.7,29.0,31.4,26.6
8063,26.1,29.2,26.4,33.1,33.0,36.2,35.2,31.4,35.3,34.0,36.5,36.1,35.6,34.4,35.3,36.1,31.9,31.7,35.6,36.4,33.1,34.5,35.6,32.0,32.0,32.7,36.1,33.6,31.0,36.3,33.8,35.7,27.8,28.1,29.1,27.6,35.8,28.5,36.1,29.5,37.8,32.7,30.4,28.9,29.4,29.5,29.4,29.3,31.9,26.7,36.0,34.0,33.0,26.7,30.5,28.6,30.2,31.7,31.6,29.5,34.3,30.3,31.4,27.2,37.7,28.9,32.4,35.5,37.4,35.1,33.4,32.6,27.3,28.9,30.0,27.8,37.1,34.1,33.5,29.3,30.9,27.8,29.5,36.3,28.5,30.6,26.1
8064,25.0,28.6,25.7,32.3,32.0,35.3,34.4,30.9,34.7,33.5,35.8,35.2,35.2,33.9,34.5,35.6,31.5,31.3,34.9,36.0,32.6,33.9,35.1,31.2,31.2,32.1,35.5,33.0,30.5,35.9,33.2,35.1,27.3,27.5,28.5,27.0,35.4,28.1,35.3,29.0,36.7,32.2,29.6,28.4,28.3,28.8,28.4,28.4,30.6,25.7,35.2,33.1,31.8,26.1,30.1,28.2,30.0,31.3,31.3,29.2,33.8,29.7,31.0,26.3,37.4,28.4,31.7,34.9,36.7,34.4,31.9,31.5,26.1,28.1,29.1,27.1,36.6,33.6,33.1,28.9,30.2,26.6,29.0,35.9,27.8,29.8,25.7
8065,24.3,28.4,25.5,31.6,31.6,34.7,33.9,30.4,34.2,33.0,35.4,34.7,34.7,33.3,34.0,35.1,30.9,31.1,34.4,35.5,32.2,33.3,34.5,30.5,30.6,31.4,35.1,32.6,29.8,35.2,32.7,34.6,26.8,26.9,27.8,26.6,34.7,28.0,34.7,28.4,35.7,32.0,28.8,27.6,27.4,28.5,27.7,27.7,29.9,25.0,34.2,32.0,30.5,25.1,29.9,27.8,29.4,30.8,30.9,28.9,33.5,29.2,30.7,25.3,36.8,28.0,31.1,34.4,36.0,33.9,30.5,30.7,25.0,27.3,28.6,26.2,36.3,33.3,32.6,28.1,29.5,25.6,28.7,35.4,27.1,29.3,25.1
8066,23.6,27.9,24.9,31.1,31.1,34.1,33.2,29.9,33.5,32.5,34.9,34.3,34.2,32.9,33.3,34.6,30.5,31.1,33.9,35.0,31.6,32.7,34.1,29.8,30.0,30.7,34.6,32.1,29.3,34.8,32.1,34.1,26.2,26.3,27.4,26.3,34.1,27.5,33.8,28.0,35.0,31.7,27.8,27.1,26.8,27.7,26.7,27.4,29.0,24.3,33.3,31.2,29.4,24.8,29.4,27.6,29.2,30.3,30.3,28.6,33.4,28.8,30.5,24.6,36.6,27.6,30.8,33.9,35.4,33.5,29.4,29.9,24.5,26.9,27.9,25.5,35.9,32.8,32.2,27.5,29.2,24.8,28.4,35.1,26.5,28.8,24.8
8067,23.1,27.4,24.6,30.6,30.6,33.4,32.7,29.5,33.0,32.0,34.4,33.7,33.7,32.4,32.6,34.2,29.9,30.8,33.6,34.6,31.2,32.5,33.7,29.2,29.5,30.4,34.1,31.5,29.1,34.3,31.6,33.7,25.6,26.0,26.8,26.0,33.9,27.2,33.4,27.5,34.4,31.5,27.3,26.5,26.2,27.5,26.1,26.5,28.6,23.7,32.6,30.6,28.7,24.4,29.0,27.1,28.6,30.0,29.9,28.1,33.1,28.3,30.3,23.9,36.1,27.5,30.2,33.5,35.0,33.0,28.3,29.4,23.9,26.3,27.4,24.9,35.3,32.4,31.8,27.1,28.7,24.2,28.1,34.8,26.1,28.4,24.4
8068,22.6,27.1,24.3,30.0,30.0,32.9,32.1,28.9,32.6,31.5,33.9,33.3,33.2,31.9,32.1,33.9,29.6,30.6,33.4,34.3,30.7,32.2,33.3,28.8,29.0,30.0,33.6,31.0,28.6,34.0,31.0,33.3,25.2,25.6,26.4,25.3,33.4,27.0,32.7,27.1,33.6,31.2,26.5,25.9,25.5,26.8,25.4,25.8,28.0,23.5,32.1,30.1,27.9,24.3,28.8,27.0,28.5,29.7,29.6,27.9,32.8,28.0,29.9,23.2,35.8,27.2,29.8,33.0,34.5,32.5,27.4,29.1,23.3,25.6,26.8,24.6,34.9,31.9,31.3,26.4,27.8,23.6,28.0,34.6,25.7,27.9,23.9
8069,22.2,27.1,23.8,29.5,29.6,32.3,31.7,28.3,32.1,30.9,33.5,32.9,33.0,31.4,31.7,33.6,29.3,30.4,32.9,33.9,30.3,31.9,32.8,28.2,28.2,29.7,33.2,30.4,28.4,33.8,30.6,33.1,24.7,25.2,26.0,25.1,32.9,26.5,32.2,26.5,33.0,30.7,25.9,25.4,25.4,26.2,25.1,25.5,27.5,22.8,31.4,29.7,27.2,24.1,28.4,26.6,28.2,29.5,29.4,27.4,32.8,27.7,29.8,22.8,35.5,27.1,29.3,32.5,34.1,32.1,26.7,28.5,22.9,25.3,26.2,24.1,34.5,31.5,30.8,26.1,27.2,23.3,27.7,34.2,25.3,27.6,23.7
8070,22.0,26.5,23.6,29.2,29.1,31.9,31.3,28.1,31.8,30.7,33.3,32.6,32.7,31.1,31.1,33.3,29.2,30.2,32.5,33.7,30.0,31.5,32.4,27.8,27.5,29.0,32.8,30.1,28.2,33.4,30.4,32.8,24.4,25.0,25.9,24.9,32.6,26.5,31.6,26.1,32.4,30.3,25.3,25.0,24.8,25.6,24.7,25.0,26.9,22.2,30.8,29.5,26.8,23.6,28.2,26.7,28.0,29.3,29.2,27.2,32.6,27.4,29.9,22.5,35.4,27.1,29.0,32.0,33.9,32.0,26.0,28.2,22.3,25.1,25.7,23.8,34.2,31.2,30.4,25.8,26.8,22.9,27.4,34.1,24.9,27.2,23.3
8071,21.8,26.8,23.4,28.9,28.6,31.6,30.8,27.9,31.4,30.2,33.0,32.5,32.6,30.7,30.7,32.9,28.8,30.1,32.3,33.3,29.5,31.2,32.2,27.3,27.2,28.6,32.6,29.6,27.9,33.2,30.0,32.5,24.1,24.6,25.5,24.4,32.0,26.4,31.3,26.0,32.0,30.0,25.0,24.8,24.2,25.4,24.4,24.6,26.3,21.9,30.3,29.3,26.3,23.2,28.0,26.5,27.8,29.3,29.3,27.1,32.5,27.1,29.7,22.3,35.1,26.9,28.6,31.6,33.6,31.8,25.2,27.9,21.7,24.6,24.9,23.4,33.8,31.0,30.1,25.3,26.3,22.5,27.3,33.9,24.4,26.8,23.2
8072,25.7,28.8,27.2,28.9,28.7,31.4,30.9,28.1,32.1,30.6,34.0,32.8,33.6,31.0,30.7,33.3,29.2,30.3,33.3,34.7,29.8,31.6,32.6,27.2,27.2,28.7,32.7,29.6,28.3,33.8,30.0,33.6,24.1,24.6,25.4,24.6,35.0,28.4,31.1,28.4,33.2,34.3,25.0,25.3,27.2,28.5,26.2,28.3,31.8,22.1,31.3,30.5,28.2,25.7,27.8,26.7,27.7,29.4,29.2,27.3,32.6,26.9,30.0,25.3,35.1,27.0,28.8,31.8,34.9,32.7,27.3,27.6,25.4,25.3,28.2,23.5,35.2,32.0,30.4,25.2,26.1,22.4,27.1,34.7,24.4,27.0,23.2
8073,31.3,33.3,33.7,32.5,32.0,34.1,34.2,31.6,34.6,33.2,36.6,35.1,36.3,33.2,34.0,35.3,32.9,32.7,36.4,37.1,33.1,34.1,35.7,29.8,30.7,32.5,34.7,32.7,31.1,36.9,32.9,35.9,26.9,27.5,27.5,27.6,39.7,33.1,34.7,33.3,36.0,39.1,28.6,29.4,31.7,34.3,29.4,33.6,39.5,26.0,37.3,33.4,33.2,30.6,29.1,28.7,29.8,31.5,30.2,29.3,34.0,27.6,32.2,30.8,36.3,29.7,32.4,33.8,38.0,35.4,32.6,31.9,31.2,30.0,33.5,28.9,37.9,34.2,33.2,28.6,29.4,25.1,29.3,36.7,27.0,29.7,26.1
8074,36.3,37.5,38.8,38.0,35.6,37.6,37.7,35.2,37.2,35.7,39.0,37.8,39.0,35.9,37.5,37.9,36.3,34.9,39.0,39.4,36.4,37.0,38.8,32.9,35.2,36.3,37.0,36.3,33.9,39.7,36.2,38.3,30.5,30.9,30.0,30.6,43.7,37.1,39.0,37.4,39.2,42.8,33.7,32.5,36.6,39.2,33.3,37.7,45.5,30.6,42.4,36.8,38.0,35.3,31.4,31.0,32.6,34.0,32.5,31.3,35.5,30.2,34.5,35.7,38.1,32.6,35.5,36.3,40.9,37.8,37.3,37.9,36.3,34.4,37.8,33.3,40.4,36.6,36.1,33.6,33.8,29.3,32.0,38.6,30.9,32.9,29.3
8075,41.1,40.2,42.0,42.6,39.0,40.6,40.8,38.6,39.6,38.2,41.1,40.2,41.5,38.2,40.5,40.3,39.2,36.8,41.1,41.2,39.3,39.5,41.7,36.0,39.2,39.8,39.6,39.4,36.6,42.2,39.1,40.6,33.8,34.3,32.5,33.5,47.1,40.0,43.2,40.5,42.3,45.5,38.3,35.4,40.7,42.6,37.4,41.0,49.3,34.8,46.3,39.8,42.2,38.8,33.7,33.0,34.8,36.2,34.8,32.9,37.1,32.9,36.2,39.7,40.1,34.8,38.7,38.7,43.1,39.9,42.3,43.0,40.7,37.6,41.4,37.2,42.4,38.4,38.6,38.1,37.8,33.8,34.0,40.2,34.3,36.0,31.8
8076,44.5,42.2,44.0,45.9,41.8,43.0,43.2,41.3,41.6,40.3,42.8,42.4,43.3,40.2,42.8,42.1,41.7,38.3,42.8,42.6,41.7,41.4,43.8,38.7,42.3,42.7,41.7,42.0,38.9,44.1,41.6,42.4,36.6,36.8,34.7,35.7,49.5,42.1,46.7,42.9,45.1,47.2,42.0,37.7,44.0,44.9,40.8,43.5,52.2,37.8,49.5,42.5,46.0,41.2,35.5,34.6,36.5,38.0,36.6,34.3,38.3,35.2,37.8,42.4,42.2,36.5,41.4,40.7,45.1,41.7,46.2,46.4,44.0,39.9,43.8,40.2,43.9,39.8,40.7,41.2,41.0,37.9,35.8,41.4,37.0,38.3,33.9
8077,46.8,43.6,44.4,48.2,43.9,44.7,45.1,43.5,42.9,41.7,44.1,44.2,44.5,41.8,44.7,43.4,43.4,39.1,44.2,43.5,43.4,42.5,45.6,41.0,44.5,44.8,43.3,43.9,40.8,45.6,43.4,43.8,38.5,38.7,36.4,37.5,51.3,43.2,49.3,44.7,47.1,48.4,44.5,39.5,46.6,46.5,43.2,45.3,54.0,40.3,51.8,44.5,48.4,43.0,36.6,35.7,37.8,39.3,38.1,35.3,39.2,37.1,38.9,44.1,44.4,38.0,43.5,42.1,46.5,42.9,48.5,48.9,46.1,41.7,45.7,42.3,45.0,40.6,42.2,43.6,43.4,40.9,37.1,42.3,39.0,40.3,35.6
8078,46.8,43.5,44.4,49.5,45.5,46.0,46.3,44.7,43.8,42.7,44.8,45.1,45.3,42.8,45.8,44.2,44.6,39.6,44.7,44.1,44.6,43.8,46.6,42.3,45.9,46.1,44.4,44.9,41.9,46.5,44.7,44.5,39.8,39.8,37.6,38.4,52.4,43.2,50.9,45.8,48.6,48.4,46.0,40.7,47.6,46.9,44.8,46.4,54.5,41.6,53.3,46.1,50.2,42.9,37.1,36.3,38.3,39.8,39.1,35.9,39.4,38.4,39.6,45.1,45.9,38.8,44.8,43.2,47.2,43.6,50.1,50.0,47.1,42.9,46.4,43.5,45.7,41.1,43.1,45.2,44.8,42.9,37.8,42.7,40.2,41.5,36.8
8079,47.2,43.0,44.4,50.3,46.0,46.3,46.9,45.2,43.7,42.8,44.8,45.5,45.2,43.0,46.1,44.4,44.6,39.5,44.5,43.9,44.8,43.7,46.9,42.8,46.2,46.6,44.7,45.1,42.2,46.5,45.1,44.5,40.5,40.3,38.1,38.6,52.4,42.6,51.6,45.9,49.3,47.6,46.6,41.2,48.0,46.8,45.2,46.0,54.8,42.2,53.9,46.3,50.7,42.7,37.2,36.0,38.3,39.8,39.5,35.5,39.1,39.3,39.4,45.1,46.7,38.6,45.4,43.4,47.3,43.7,50.4,50.2,47.1,43.2,46.2,43.7,45.7,41.0,43.2,45.1,45.2,43.4,38.0,42.5,40.7,41.8,37.3
8080,45.4,40.0,41.0,49.9,45.3,45.8,46.4,44.6,42.7,42.0,43.9,45.1,44.4,42.4,45.5,43.6,43.9,37.8,43.2,42.7,44.1,42.9,46.1,42.2,46.2,45.9,43.9,44.4,41.4,45.5,44.5,43.4,39.7,39.8,37.7,38.2,51.0,39.8,51.2,44.5,49.0,45.1,46.2,40.4,45.5,44.7,44.7,44.2,52.5,41.9,53.4,45.4,50.5,39.9,36.5,34.6,37.4,38.9,39.2,33.9,37.8,39.2,37.8,43.4,46.4,36.9,44.5,42.7,46.5,42.7,49.6,50.6,45.7,42.8,44.6,42.8,44.7,40.0,42.5,45.2,44.9,43.0,37.3,41.4,40.4,40.9,36.6
8081,38.5,35.5,34.9,47.5,42.3,43.7,43.7,41.6,40.3,39.2,41.7,43.3,41.2,40.3,42.9,41.2,40.5,35.5,40.8,40.4,41.0,40.2,43.2,39.4,43.2,43.0,42.0,41.5,38.2,43.0,42.0,40.4,36.3,36.8,35.3,35.2,45.5,35.2,48.9,40.0,47.0,39.2,43.4,36.8,40.4,39.8,41.4,39.5,46.2,38.3,50.8,42.8,48.1,34.8,34.2,32.6,34.8,36.2,37.5,31.9,36.8,37.3,35.8,38.5,44.4,34.3,40.1,40.7,43.7,40.3,46.3,48.2,39.8,39.1,39.6,39.3,42.2,38.0,39.7,42.3,41.4,40.3,34.0,40.0,37.3,38.1,33.3
8082,34.1,33.3,31.7,42.8,38.5,41.0,40.6,37.7,38.9,37.5,40.1,41.1,39.3,38.3,39.9,39.5,36.7,34.4,39.0,38.9,37.8,38.3,39.8,36.6,38.1,38.3,40.4,38.7,35.3,40.3,39.2,38.4,32.9,33.4,33.2,31.9,42.1,32.6,43.9,36.6,44.5,37.0,38.2,32.5,37.7,35.9,38.2,35.8,42.1,33.5,45.9,40.6,42.0,32.0,32.7,31.4,33.2,34.2,35.6,31.0,35.9,34.6,34.5,35.3,42.5,32.4,37.0,39.1,41.3,38.3,40.7,41.8,35.9,35.1,36.6,34.9,40.5,36.5,37.5,36.5,37.0,36.5,30.7,39.1,34.0,35.9,30.1
8083,31.5,31.8,29.7,39.3,36.3,39.5,38.8,35.2,37.9,36.5,38.8,39.2,37.9,37.0,38.4,38.4,34.7,33.9,37.9,37.9,36.1,37.2,38.2,35.2,35.7,35.7,39.2,36.8,33.7,38.9,37.2,37.6,31.1,31.7,31.7,30.5,39.9,31.2,41.0,34.2,41.6,35.5,35.5,31.3,35.6,33.3,35.6,33.8,38.7,31.2,42.4,39.1,38.4,30.6,32.0,30.4,32.3,33.4,34.0,30.8,35.3,32.9,33.6,32.9,41.2,31.2,35.6,38.1,40.0,37.2,38.4,38.4,33.2,32.7,34.5,32.8,39.3,35.6,36.3,33.2,35.0,33.5,30.0,38.2,31.8,34.3,28.5
8084,29.7,31.0,28.7,37.0,35.0,38.4,37.3,33.7,37.0,35.7,37.9,38.1,37.0,36.1,37.4,37.5,33.5,33.2,36.8,37.2,34.9,36.0,37.2,34.1,34.2,34.6,38.2,35.4,32.7,38.1,35.9,37.0,30.1,30.3,30.6,29.3,38.3,30.1,39.1,31.8,40.5,34.3,33.8,30.4,33.7,32.0,33.3,32.3,36.5,29.7,40.4,37.7,36.5,29.3,31.4,29.9,31.3,32.8,32.9,30.1,34.9,31.8,32.7,30.9,39.8,30.4,34.5,37.2,39.1,36.3,36.6,36.4,31.2,31.2,33.0,31.4,38.3,34.9,35.1,31.7,33.4,31.5,29.7,37.5,30.4,32.8,27.4
8085,28.2,30.0,27.7,35.4,34.0,37.3,36.2,32.7,36.2,34.9,37.2,37.2,36.2,35.4,36.6,36.8,32.4,32.4,36.1,36.7,34.1,35.3,36.3,33.3,33.5,34.0,37.2,34.4,31.6,37.4,34.7,36.6,29.2,29.2,29.7,28.3,37.3,29.4,37.8,30.8,39.4,33.6,32.4,29.5,32.1,31.1,31.5,31.2,34.5,28.5,38.7,36.3,35.0,28.4,30.7,29.3,30.4,32.3,32.3,29.9,34.5,31.2,32.3,29.6,38.8,29.8,33.5,36.4,38.4,35.6,35.5,34.7,29.4,30.4,31.7,29.9,37.7,34.4,34.4,30.6,32.6,29.8,29.7,36.9,29.4,31.7,26.8
8086,27.1,29.6,26.8,34.2,33.2,36.5,35.5,31.8,35.6,34.2,36.5,36.4,35.6,34.7,35.8,36.3,31.8,31.9,35.7,36.1,33.3,34.8,35.6,32.5,32.4,32.9,36.4,33.7,31.0,36.7,34.0,35.9,28.5,28.6,29.0,27.8,36.3,29.1,36.6,30.1,38.5,33.1,31.2,29.0,30.8,30.3,30.2,30.1,32.8,27.4,37.2,35.1,34.0,27.3,30.6,28.9,30.2,31.8,31.6,29.6,34.3,30.4,31.6,28.4,38.1,29.3,32.7,35.8,37.7,35.0,34.5,33.7,28.0,29.3,30.6,28.7,37.2,33.9,33.6,29.8,31.5,28.7,29.4,36.2,28.8,30.9,26.3
8087,25.9,29.2,26.3,33.2,32.6,35.9,34.8,31.0,34.8,33.5,35.9,35.6,35.1,34.0,35.0,35.7,31.5,31.5,35.0,35.7,32.7,34.1,35.2,31.7,31.8,32.3,35.7,33.2,30.5,35.9,33.3,35.3,27.7,27.9,28.6,27.1,35.6,28.6,35.9,29.4,37.5,32.8,30.2,28.5,29.3,29.5,29.1,29.1,31.8,26.4,35.8,33.9,32.8,26.5,30.2,28.4,29.9,31.3,31.2,29.3,34.1,30.0,31.2,27.1,37.4,28.8,32.1,35.1,37.0,34.5,33.2,32.5,27.1,28.5,29.9,27.8,36.7,33.5,33.1,29.2,30.6,27.6,29.3,35.8,28.3,30.2,25.9
8088,24.8,28.6,25.6,32.4,31.7,35.0,34.0,30.6,34.3,33.1,35.3,34.7,34.6,33.4,34.2,35.2,31.0,31.1,34.4,35.4,32.3,33.6,34.7,31.0,31.1,31.9,35.1,32.7,30.0,35.6,32.7,34.6,27.2,27.3,28.1,26.6,35.1,28.1,35.1,28.8,36.4,32.1,29.4,28.0,28.1,28.7,28.2,28.2,30.5,25.4,35.1,33.0,31.7,26.0,29.7,28.0,29.6,30.9,31.0,28.9,33.6,29.4,30.8,26.2,37.0,28.3,31.4,34.6,36.3,33.8,31.9,31.6,26.1,27.6,29.1,27.0,36.2,33.1,32.6,28.7,29.9,26.4,28.7,35.3,27.7,29.4,25.4
8089,24.0,28.5,25.4,31.6,31.2,34.3,33.5,30.0,33.6,32.6,34.8,34.2,34.1,32.9,33.7,34.7,30.5,30.9,33.8,34.8,31.8,33.0,34.1,30.3,30.5,31.2,34.7,32.4,29.4,34.8,32.2,34.2,26.7,26.7,27.4,26.1,34.5,28.0,34.6,28.3,35.5,31.9,28.6,27.2,27.3,28.3,27.4,27.6,29.9,24.9,34.1,32.0,30.5,25.0,29.6,27.6,29.1,30.5,30.6,28.7,33.3,29.0,30.6,25.3,36.5,27.9,30.8,34.1,35.6,33.2,30.5,30.9,25.0,26.9,28.6,26.1,35.9,32.8,32.2,28.0,29.3,25.4,28.5,34.8,27.0,28.9,24.8
8090,23.3,27.9,24.8,31.1,30.9,33.8,32.8,29.5,33.0,32.1,34.3,33.8,33.7,32.5,33.0,34.2,30.0,30.9,33.4,34.4,31.3,32.5,33.8,29.7,30.0,30.4,34.2,31.9,29.0,34.4,31.7,33.7,26.1,26.2,27.0,25.9,33.9,27.5,33.7,28.0,34.8,31.6,27.7,26.7,26.8,27.7,26.6,27.3,28.9,24.2,33.2,31.2,29.5,24.6,29.2,27.4,28.9,30.1,30.1,28.3,33.2,28.7,30.4,24.5,36.2,27.5,30.5,33.5,35.0,32.9,29.4,30.0,24.4,26.4,27.9,25.5,35.4,32.3,31.8,27.3,29.0,24.5,28.2,34.5,26.5,28.4,24.5
8091,22.8,27.4,24.6,30.6,30.3,33.1,32.3,29.2,32.5,31.7,33.9,33.2,33.1,32.0,32.4,33.8,29.5,30.6,33.1,34.0,30.8,32.2,33.4,29.1,29.5,30.1,33.7,31.3,28.7,34.0,31.2,33.2,25.5,25.9,26.5,25.6,33.7,27.2,33.2,27.4,34.2,31.5,27.2,26.1,26.1,27.4,25.9,26.5,28.5,23.7,32.6,30.5,28.8,24.1,28.8,27.0,28.4,29.8,29.7,27.9,32.9,28.2,30.1,23.9,35.8,27.3,29.9,33.2,34.6,32.4,28.3,29.4,23.9,25.9,27.4,24.9,34.9,32.0,31.5,26.9,28.5,23.9,28.0,34.2,25.9,28.1,24.1
8092,22.3,27.1,24.2,30.0,29.8,32.7,31.8,28.6,32.1,31.2,33.4,32.8,32.7,31.5,31.9,33.6,29.3,30.4,33.0,33.8,30.3,32.1,33.0,28.7,29.0,29.8,33.3,30.8,28.2,33.6,30.7,32.9,25.0,25.4,26.1,25.1,33.3,27.0,32.7,27.0,33.4,31.2,26.3,25.5,25.4,26.8,25.3,25.8,28.0,23.4,32.0,30.1,28.0,24.0,28.6,26.8,28.3,29.5,29.4,27.7,32.7,27.9,29.8,23.3,35.5,27.1,29.4,32.7,34.0,31.9,27.5,29.2,23.4,25.3,26.7,24.5,34.5,31.5,31.0,26.3,27.7,23.3,27.9,33.9,25.5,27.7,23.6
8093,22.0,27.1,23.7,29.5,29.4,32.1,31.4,28.1,31.6,30.6,32.9,32.4,32.4,31.1,31.6,33.3,29.0,30.2,32.4,33.4,30.0,31.7,32.5,28.1,28.1,29.6,32.9,30.3,28.0,33.5,30.2,32.7,24.5,24.9,25.7,24.8,32.8,26.4,32.2,26.3,32.8,30.7,25.8,25.0,25.3,26.2,25.0,25.3,27.5,22.6,31.3,29.7,27.3,23.9,28.2,26.5,28.0,29.3,29.2,27.3,32.6,27.6,29.8,22.8,35.2,27.0,29.0,32.3,33.6,31.6,26.8,28.5,23.0,25.0,26.1,24.1,34.1,31.2,30.6,25.9,27.1,23.0,27.6,33.6,25.1,27.4,23.4
8094,21.8,26.5,23.5,29.2,28.9,31.8,31.1,27.9,31.4,30.5,32.8,32.2,32.3,30.8,31.0,33.1,28.9,30.1,32.0,33.2,29.7,31.3,32.2,27.7,27.5,28.9,32.5,30.0,27.8,33.1,30.1,32.5,24.1,24.7,25.6,24.7,32.6,26.4,31.7,26.0,32.3,30.4,25.1,24.7,24.8,25.7,24.5,25.0,26.9,22.2,30.8,29.6,26.9,23.4,28.0,26.6,27.9,29.2,29.0,27.0,32.4,27.3,29.8,22.5,35.0,27.1,28.7,31.8,33.3,31.5,26.1,28.2,22.5,24.7,25.8,23.8,33.7,30.8,30.3,25.6,26.7,22.6,27.4,33.4,24.6,27.0,22.9
8095,21.5,26.8,23.4,28.9,28.3,31.4,30.6,27.8,31.0,30.0,32.5,32.1,32.1,30.4,30.6,32.7,28.5,30.0,31.8,32.8,29.3,31.0,31.9,27.2,27.2,28.5,32.4,29.5,27.5,32.9,29.7,32.2,23.9,24.3,25.2,24.1,31.9,26.3,31.3,25.8,31.9,30.1,25.0,24.4,24.2,25.5,24.2,24.5,26.2,21.8,30.4,29.3,26.4,23.0,27.8,26.4,27.7,29.2,29.1,26.9,32.3,27.0,29.6,22.3,34.8,26.8,28.4,31.4,33.2,31.2,25.4,27.9,21.8,24.2,24.9,23.4,33.4,30.7,29.9,25.2,26.2,22.3,27.4,33.2,24.2,26.7,22.8
8096,25.4,28.8,27.1,29.1,28.4,31.3,30.8,27.9,31.7,30.2,33.5,32.4,33.1,30.7,30.7,33.1,28.9,30.1,32.8,34.2,29.5,31.4,32.3,27.1,27.1,28.6,32.4,29.4,27.8,33.6,29.8,33.3,23.8,24.3,25.1,24.3,34.8,28.3,31.1,28.2,33.0,34.3,24.9,24.9,27.1,28.5,26.0,28.0,31.6,22.0,31.2,30.4,28.2,25.4,27.7,26.6,27.6,29.3,29.1,27.1,32.4,26.9,30.0,25.2,34.8,26.9,28.5,31.6,34.5,32.2,27.4,27.7,25.4,24.9,27.9,23.4,34.8,31.7,30.2,25.1,26.0,22.1,27.1,34.0,24.0,26.7,22.8
8097,31.1,33.2,33.5,32.5,31.7,34.0,34.0,31.2,34.4,32.8,36.2,34.7,36.0,32.8,33.8,35.1,32.5,32.5,36.0,36.7,32.7,33.9,35.4,29.7,30.5,32.3,34.4,32.5,30.7,36.7,32.5,35.7,26.5,27.0,27.1,27.2,39.5,32.9,34.6,33.0,35.9,38.9,28.4,28.9,31.6,34.1,29.2,33.4,39.2,25.7,37.0,33.3,33.1,30.4,28.9,28.5,29.6,31.2,29.9,29.1,33.7,27.5,32.1,30.7,36.0,29.5,32.1,33.5,37.7,35.0,32.5,31.7,31.1,29.5,33.2,28.5,37.7,33.9,32.9,28.3,29.2,24.8,29.1,36.0,26.6,29.3,25.6
8098,36.1,37.3,38.6,37.8,35.3,37.4,37.4,34.8,37.0,35.3,38.6,37.5,38.7,35.5,37.3,37.6,35.9,34.7,38.6,39.0,36.0,36.9,38.5,32.8,35.0,36.1,36.7,36.0,33.5,39.5,35.8,38.1,30.1,30.4,29.6,30.2,43.5,36.9,38.8,37.1,39.1,42.6,33.4,32.0,36.5,39.0,32.9,37.5,45.3,30.2,42.1,36.5,37.8,35.1,31.1,30.8,32.3,33.6,32.1,31.1,35.4,30.0,34.3,35.5,37.8,32.4,35.2,35.9,40.6,37.4,37.1,37.7,36.1,33.9,37.4,32.9,40.2,36.2,35.7,33.3,33.5,28.9,31.7,37.9,30.5,32.5,28.7
8099,40.9,40.1,41.9,42.4,38.7,40.3,40.4,38.3,39.3,37.8,40.9,40.0,41.3,37.9,40.2,40.0,38.9,36.6,40.8,41.0,39.0,39.4,41.4,35.8,39.0,39.5,39.3,39.1,36.2,42.0,38.8,40.5,33.3,33.9,32.1,33.1,47.0,39.8,43.0,40.2,42.2,45.3,38.0,34.9,40.6,42.5,37.1,40.7,49.2,34.6,45.9,39.5,42.0,38.7,33.3,32.7,34.4,35.8,34.4,32.6,36.9,32.6,36.1,39.3,39.8,34.5,38.4,38.3,42.9,39.5,42.1,42.8,40.5,37.1,40.9,36.8,42.2,38.1,38.2,37.8,37.4,33.4,33.7,39.6,33.8,35.5,31.3
8100,44.3,42.1,43.9,45.6,41.5,42.6,42.9,41.0,41.2,40.0,42.6,42.1,43.1,39.8,42.5,41.8,41.4,38.1,42.6,42.5,41.3,41.2,43.4,38.3,42.0,42.3,41.3,41.8,38.4,43.9,41.3,42.3,36.1,36.4,34.3,35.2,49.5,42.0,46.4,42.6,44.8,47.0,41.7,37.1,43.8,44.8,40.4,43.2,52.1,37.4,49.2,42.2,45.6,41.1,35.1,34.4,36.1,37.6,36.2,34.0,38.1,34.9,37.6,42.0,41.9,36.2,41.1,40.3,44.9,41.4,45.9,46.1,43.8,39.4,43.4,39.7,43.7,39.4,40.3,40.9,40.5,37.5,35.5,40.8,36.6,38.0,33.4
8101,46.6,43.5,44.3,48.0,43.6,44.4,44.8,43.1,42.6,41.4,44.0,43.8,44.3,41.4,44.3,43.1,43.1,39.0,44.1,43.3,43.1,42.4,45.2,40.5,44.2,44.4,43.0,43.6,40.4,45.4,43.1,43.6,38.0,38.3,36.1,37.0,51.3,43.1,49.1,44.4,46.9,48.2,44.1,38.9,46.4,46.3,42.8,45.0,53.8,39.9,51.6,44.2,48.1,42.9,36.2,35.4,37.4,38.8,37.7,35.1,38.9,36.7,38.6,43.7,44.1,37.6,43.2,41.8,46.3,42.5,48.2,48.6,45.9,41.2,45.3,41.9,44.8,40.3,41.9,43.2,42.9,40.6,36.7,41.6,38.5,39.8,35.1
8102,46.5,43.5,44.4,49.4,45.1,45.6,46.0,44.3,43.4,42.5,44.7,44.8,45.1,42.5,45.5,43.9,44.3,39.5,44.6,44.0,44.3,43.6,46.2,41.8,45.5,45.8,44.1,44.6,41.5,46.3,44.4,44.3,39.3,39.4,37.2,38.0,52.4,43.0,50.8,45.4,48.4,48.3,45.6,40.1,47.4,46.8,44.5,46.1,54.3,41.2,52.9,45.9,49.9,42.7,36.7,36.0,37.8,39.3,38.7,35.6,39.3,38.0,39.4,44.7,45.5,38.4,44.5,42.9,47.0,43.3,49.7,49.8,47.0,42.4,46.0,43.1,45.6,40.7,42.9,44.7,44.4,42.5,37.4,42.0,39.7,41.0,36.5
8103,46.9,42.8,44.3,50.2,45.6,46.0,46.5,44.8,43.4,42.6,44.6,45.3,45.0,42.7,45.8,44.1,44.4,39.4,44.3,43.8,44.5,43.5,46.6,42.3,45.7,46.2,44.4,44.8,41.8,46.3,44.8,44.2,40.0,39.8,37.8,38.1,52.4,42.3,51.5,45.6,49.0,47.4,46.2,40.6,47.7,46.6,44.9,45.8,54.6,41.8,53.6,46.2,50.3,42.5,36.7,35.7,37.8,39.3,39.1,35.2,38.9,38.8,39.3,44.7,46.3,38.2,45.1,43.1,47.2,43.4,50.1,50.2,47.0,42.8,45.9,43.2,45.6,40.6,42.9,44.8,44.8,43.1,37.6,41.9,40.2,41.3,36.8
8104,45.0,39.8,40.9,49.7,44.9,45.5,46.0,44.2,42.4,41.8,43.7,44.8,44.1,42.2,45.2,43.4,43.6,37.7,43.0,42.5,43.8,42.7,45.8,41.8,45.8,45.6,43.7,44.1,41.0,45.3,44.2,43.1,39.2,39.4,37.3,37.9,50.9,39.6,51.1,44.1,48.7,44.9,45.8,39.8,45.2,44.5,44.3,43.9,52.4,41.5,53.0,45.2,50.1,39.6,36.0,34.3,36.9,38.4,38.7,33.7,37.6,38.7,37.7,43.0,46.0,36.5,44.3,42.5,46.3,42.4,49.3,50.4,45.4,42.3,44.3,42.4,44.6,39.6,42.3,44.9,44.4,42.6,36.8,40.8,39.9,40.5,36.0
8105,38.2,35.5,34.8,47.3,41.9,43.4,43.4,41.2,39.9,39.0,41.4,42.9,40.9,40.1,42.5,40.9,40.3,35.5,40.6,40.2,40.7,39.9,42.8,39.0,42.9,42.7,41.8,41.2,37.8,42.9,41.7,40.1,36.0,36.4,35.1,34.8,45.4,35.1,48.8,39.6,46.7,39.0,43.0,36.3,40.1,39.7,41.1,39.2,45.9,38.0,50.4,42.6,47.7,34.6,33.8,32.4,34.5,35.9,37.2,31.7,36.6,36.9,35.8,38.1,44.1,34.0,39.8,40.5,43.5,40.0,46.0,48.0,39.6,38.7,39.3,38.9,42.1,37.6,39.5,42.0,41.0,39.9,33.6,39.4,36.9,37.8,32.9
8106,33.9,33.2,31.6,42.7,38.2,40.7,40.4,37.4,38.6,37.2,39.8,40.8,39.0,38.1,39.6,39.2,36.5,34.4,38.8,38.7,37.6,38.2,39.6,36.3,37.9,38.2,40.2,38.5,35.0,40.2,39.0,38.2,32.7,33.2,33.0,31.7,42.0,32.4,43.7,36.3,44.3,36.8,37.9,32.1,37.5,35.9,37.9,35.6,41.8,33.2,45.6,40.4,41.8,31.8,32.4,31.2,32.8,34.0,35.2,30.7,35.8,34.3,34.5,34.9,42.2,32.2,36.8,39.0,41.1,38.0,40.4,41.6,35.7,34.8,36.4,34.6,40.5,36.2,37.3,36.3,36.8,36.1,30.4,38.4,33.7,35.6,29.9
8107,31.4,31.6,29.5,39.1,36.0,39.2,38.6,34.8,37.6,36.2,38.6,39.0,37.8,36.8,38.2,38.1,34.6,33.9,37.7,37.7,36.0,37.1,38.1,35.0,35.7,35.7,39.1,36.6,33.4,38.8,37.1,37.3,30.9,31.6,31.5,30.5,39.8,31.0,40.8,33.9,41.4,35.3,35.3,30.9,35.4,33.4,35.3,33.6,38.5,31.0,42.2,38.9,38.2,30.3,31.7,30.3,32.0,33.1,33.7,30.6,35.3,32.6,33.5,32.5,40.9,31.0,35.4,38.0,39.9,37.0,38.1,38.3,33.1,32.3,34.3,32.6,39.2,35.3,36.1,33.2,34.8,33.3,29.7,37.6,31.6,33.9,28.3
8108,29.6,30.9,28.5,37.0,34.9,38.1,37.1,33.4,36.7,35.5,37.7,37.8,36.8,35.9,37.2,37.3,33.5,33.2,36.7,36.9,34.7,36.0,37.1,33.9,34.2,34.6,38.1,35.2,32.4,37.9,35.8,36.8,29.9,30.2,30.4,29.3,38.3,29.9,38.9,31.5,40.3,34.2,33.6,30.0,33.6,32.1,33.2,32.1,36.1,29.6,40.3,37.5,36.4,29.1,31.2,29.8,31.0,32.5,32.6,29.9,35.0,31.6,32.7,30.6,39.6,30.2,34.4,37.1,39.0,36.1,36.4,36.3,31.1,30.9,32.7,31.2,38.1,34.6,35.0,31.7,33.3,31.2,29.5,37.0,30.2,32.6,27.3
8109,28.2,29.9,27.5,35.4,33.8,37.2,36.0,32.5,36.0,34.7,37.0,37.0,36.0,35.2,36.3,36.5,32.4,32.4,35.9,36.4,33.9,35.2,36.3,33.1,33.5,34.0,37.2,34.3,31.4,37.2,34.6,36.5,29.1,29.1,29.6,28.3,37.2,29.2,37.7,30.5,39.1,33.5,32.2,29.2,32.0,31.1,31.4,31.1,34.3,28.3,38.6,36.2,34.8,28.1,30.4,29.2,30.2,32.0,32.0,29.6,34.6,31.0,32.2,29.4,38.6,29.7,33.4,36.3,38.2,35.4,35.4,34.6,29.4,30.2,31.5,29.7,37.5,34.1,34.3,30.7,32.5,29.7,29.3,36.4,29.3,31.6,26.6
8110,27.0,29.5,26.6,34.2,33.2,36.3,35.4,31.6,35.3,34.1,36.4,36.3,35.5,34.5,35.6,36.1,31.8,31.9,35.5,35.8,33.2,34.6,35.6,32.4,32.4,33.0,36.3,33.6,30.8,36.5,33.9,35.8,28.4,28.6,28.9,27.8,36.1,28.8,36.6,29.8,38.2,32.9,31.1,28.6,30.6,30.3,30.0,30.0,32.6,27.3,37.1,35.0,33.8,27.0,30.3,28.8,29.9,31.4,31.4,29.5,34.4,30.2,31.6,28.1,37.8,29.2,32.5,35.7,37.6,34.9,34.3,33.7,28.0,29.0,30.5,28.5,37.0,33.6,33.5,29.9,31.4,28.5,29.1,35.7,28.7,30.7,26.2
8111,25.7,29.0,26.1,33.3,32.5,35.7,34.6,30.9,34.6,33.4,35.8,35.5,34.9,33.9,34.7,35.5,31.5,31.5,34.9,35.2,32.7,34.1,35.2,31.6,31.8,32.3,35.6,33.1,30.3,35.8,33.2,35.2,27.7,27.8,28.5,27.3,35.5,28.3,35.8,29.2,37.3,32.5,30.1,28.1,29.2,29.5,28.9,28.9,31.6,26.3,35.7,33.8,32.6,26.3,29.8,28.4,29.7,31.0,30.9,29.2,34.2,29.8,31.1,26.9,37.2,28.7,31.9,35.0,36.9,34.4,33.1,32.4,26.9,28.2,29.7,27.7,36.5,33.3,33.0,29.3,30.5,27.5,29.1,35.2,28.2,30.1,25.7
8112,24.8,28.3,25.3,32.5,31.7,34.9,33.9,30.5,34.1,33.0,35.2,34.6,34.5,33.3,34.0,35.1,31.0,31.1,34.2,35.0,32.2,33.6,34.7,31.0,31.0,31.9,35.0,32.5,29.8,35.5,32.7,34.5,27.2,27.3,28.0,26.6,35.0,27.8,35.0,28.7,36.2,32.0,29.2,27.7,28.0,28.7,28.0,28.1,30.2,25.5,34.9,32.8,31.5,25.7,29.4,27.9,29.5,30.6,30.7,28.8,33.7,29.3,30.8,26.0,36.9,28.3,31.2,34.4,36.3,33.7,31.6,31.4,25.9,27.5,28.8,26.9,36.1,32.9,32.5,28.8,29.9,26.2,28.5,34.8,27.7,29.4,25.3
8113,23.8,28.2,25.1,31.7,31.3,34.2,33.4,30.0,33.5,32.5,34.7,34.1,34.0,32.7,33.6,34.6,30.5,30.9,33.7,34.4,31.8,32.9,34.1,30.3,30.5,31.3,34.6,32.2,29.3,34.7,32.3,34.1,26.7,26.7,27.4,26.0,34.4,27.8,34.5,28.2,35.3,31.7,28.5,27.0,27.2,28.2,27.2,27.5,29.7,25.0,34.0,31.8,30.3,24.8,29.3,27.6,29.0,30.2,30.3,28.5,33.5,28.8,30.5,25.1,36.4,27.8,30.6,33.9,35.5,33.1,30.3,30.8,24.8,26.8,28.3,26.0,35.8,32.5,32.1,28.0,29.4,25.3,28.2,34.3,27.0,28.9,24.7
8114,23.2,27.7,24.6,31.2,31.0,33.8,32.8,29.5,32.9,32.0,34.2,33.7,33.6,32.4,32.9,34.2,30.0,30.9,33.4,34.0,31.2,32.4,33.7,29.7,29.9,30.6,34.1,31.8,28.9,34.4,31.7,33.6,26.1,26.1,26.9,26.0,33.7,27.3,33.6,27.8,34.6,31.4,27.6,26.4,26.6,27.4,26.3,27.1,28.8,24.3,33.1,31.1,29.4,24.3,28.9,27.5,28.7,29.8,29.8,28.3,33.3,28.5,30.4,24.3,36.1,27.4,30.4,33.4,34.9,32.8,29.3,29.9,24.2,26.2,27.7,25.4,35.4,32.1,31.7,27.4,29.1,24.4,27.9,34.0,26.4,28.4,24.5
8115,22.6,27.3,24.3,30.7,30.4,33.1,32.2,29.2,32.4,31.6,33.8,33.2,33.1,31.9,32.3,33.8,29.5,30.7,33.2,33.6,30.8,32.1,33.3,29.1,29.5,30.3,33.6,31.2,28.6,34.0,31.2,33.2,25.5,25.9,26.4,25.6,33.5,27.0,33.2,27.2,34.0,31.3,27.1,25.9,25.9,27.2,25.7,26.3,28.4,23.7,32.5,30.4,28.7,23.8,28.6,27.0,28.2,29.5,29.5,27.8,33.0,28.0,30.1,23.7,35.7,27.2,29.7,33.0,34.6,32.3,28.3,29.3,23.7,25.7,27.3,24.9,34.9,31.8,31.3,26.9,28.6,23.8,27.8,33.6,25.9,28.1,24.1
8116,22.1,27.1,23.9,30.0,29.9,32.6,31.7,28.7,32.1,31.1,33.3,32.8,32.6,31.4,31.8,33.6,29.3,30.4,32.9,33.5,30.3,32.0,33.0,28.7,29.0,29.9,33.2,30.7,28.1,33.7,30.6,32.9,24.9,25.5,26.0,25.1,33.1,26.7,32.5,26.8,33.2,30.9,26.1,25.4,25.2,26.5,25.2,25.6,27.9,23.5,31.9,30.0,27.9,23.7,28.3,26.9,28.2,29.2,29.2,27.7,32.7,27.7,29.8,23.0,35.4,26.9,29.3,32.6,34.0,31.8,27.3,29.1,23.3,25.1,26.5,24.4,34.5,31.4,30.9,26.2,27.8,23.2,27.7,33.2,25.5,27.8,23.6
8117,21.7,27.0,23.3,29.6,29.5,32.0,31.3,28.3,31.6,30.6,32.8,32.5,32.4,30.9,31.5,33.2,29.0,30.3,32.3,33.0,30.0,31.6,32.5,28.1,28.1,29.7,32.8,30.2,28.0,33.5,30.3,32.7,24.5,25.0,25.6,24.8,32.6,26.2,32.2,26.1,32.6,30.4,25.7,24.8,25.1,26.0,24.8,25.1,27.4,22.8,31.3,29.5,27.2,23.6,28.0,26.6,27.8,29.0,29.1,27.2,32.6,27.5,29.8,22.7,35.0,26.9,28.8,32.1,33.5,31.6,26.8,28.5,22.8,24.8,25.8,24.0,34.2,31.1,30.5,25.9,27.1,22.8,27.5,32.9,25.0,27.4,23.3
8118,21.4,26.5,23.1,29.2,29.0,31.7,31.1,28.0,31.3,30.3,32.8,32.2,32.3,30.6,31.0,33.0,28.9,30.1,31.9,32.9,29.7,31.2,32.2,27.7,27.5,29.1,32.3,30.0,27.7,33.2,30.0,32.5,24.0,24.8,25.5,24.6,32.4,26.2,31.7,25.8,32.1,30.2,25.0,24.6,24.5,25.4,24.4,24.8,26.8,22.2,30.8,29.3,26.8,23.1,27.8,26.6,27.7,28.9,28.8,27.0,32.4,27.2,29.7,22.2,34.9,26.8,28.5,31.6,33.3,31.4,26.0,28.2,22.3,24.5,25.7,23.7,33.7,30.8,30.1,25.6,26.7,22.5,27.2,32.7,24.5,27.0,23.0
8119,21.1,26.7,23.1,28.9,28.4,31.4,30.6,27.8,30.9,29.9,32.5,32.1,32.1,30.3,30.6,32.6,28.5,30.0,31.7,32.5,29.2,30.9,31.9,27.2,27.1,28.6,32.2,29.4,27.4,32.9,29.7,32.2,23.8,24.4,25.1,24.1,31.7,26.2,31.3,25.6,31.7,29.9,24.8,24.3,23.9,25.1,24.1,24.4,26.1,21.9,30.4,29.0,26.3,22.6,27.5,26.4,27.5,28.9,28.9,26.8,32.3,26.9,29.5,22.0,34.6,26.6,28.2,31.3,33.1,31.2,25.4,27.8,21.8,24.1,24.9,23.2,33.4,30.6,29.8,25.2,26.2,22.1,27.3,32.6,24.0,26.7,22.9
8120,25.0,28.6,26.7,28.9,28.5,31.3,30.8,27.9,31.6,30.1,33.5,32.4,33.1,30.5,30.7,33.0,28.9,30.1,32.7,34.0,29.5,31.3,32.3,27.0,27.0,28.6,32.3,29.3,27.7,33.6,29.8,33.3,23.7,24.3,25.0,24.3,34.5,28.1,31.0,28.0,32.8,34.0,24.6,24.6,26.8,28.1,25.8,27.9,31.5,21.9,31.3,30.1,28.0,25.1,27.5,26.6,27.3,29.0,28.9,26.9,32.4,26.7,29.9,24.8,34.6,26.7,28.3,31.4,34.3,32.1,27.1,27.5,25.2,24.7,27.6,23.3,34.7,31.6,30.1,25.0,25.9,21.9,26.9,33.4,23.8,26.8,22.8
8121,30.7,32.9,33.1,32.3,31.7,33.8,33.9,31.2,34.1,32.6,36.2,34.7,36.0,32.6,33.7,34.9,32.4,32.4,35.8,36.4,32.6,33.8,35.3,29.5,30.3,32.2,34.2,32.3,30.5,36.5,32.5,35.6,26.3,26.9,27.0,27.1,39.3,32.6,34.4,32.8,35.7,38.6,28.1,28.5,31.3,33.6,29.0,33.3,39.3,25.5,37.0,33.1,32.8,30.0,28.6,28.3,29.4,30.8,29.7,28.9,33.8,27.3,32.0,30.3,35.8,29.2,31.9,33.3,37.4,34.8,32.3,31.5,30.8,29.2,33.0,28.3,37.5,33.8,32.7,28.2,29.0,24.4,29.0,35.3,26.3,29.3,25.5
8122,35.7,36.9,38.3,37.6,35.2,37.1,37.2,34.8,36.7,35.1,38.5,37.3,38.6,35.3,37.1,37.4,35.7,34.5,38.5,38.7,35.9,36.6,38.3,32.6,34.7,35.9,36.5,35.8,33.3,39.2,35.7,38.0,29.9,30.3,29.5,30.1,43.3,36.6,38.6,36.8,38.9,42.2,33.2,31.5,36.2,38.6,32.7,37.4,45.4,30.0,41.9,36.3,37.6,34.9,30.9,30.6,32.0,33.3,31.9,30.9,35.4,29.7,34.2,35.2,37.6,32.0,35.0,35.7,40.3,37.2,36.9,37.4,35.9,33.5,37.2,32.6,40.0,36.1,35.4,33.0,33.3,28.5,31.6,37.4,30.2,32.4,28.6
8123,40.4,39.7,41.5,42.1,38.6,40.0,40.2,38.1,39.0,37.5,40.7,39.8,41.1,37.6,40.0,39.7,38.7,36.4,40.7,40.6,38.8,39.0,41.2,35.6,38.7,39.3,39.0,38.9,35.9,41.7,38.6,40.3,33.1,33.7,32.0,32.9,46.8,39.5,42.8,39.9,42.0,44.8,37.8,34.5,40.2,42.2,36.8,40.6,49.3,34.3,45.8,39.4,41.7,38.4,33.1,32.4,34.1,35.5,34.2,32.3,36.9,32.3,35.8,39.1,39.5,34.1,38.2,38.0,42.6,39.4,41.8,42.6,40.3,36.7,40.6,36.4,42.1,38.0,37.9,37.4,37.2,32.9,33.6,39.0,33.5,35.5,31.1
8124,43.8,41.9,43.5,45.3,41.4,42.4,42.7,40.9,40.8,39.7,42.5,41.8,43.0,39.5,42.3,41.6,41.2,37.9,42.4,42.1,41.1,40.9,43.2,38.2,41.7,42.1,41.0,41.5,38.2,43.5,41.0,42.0,35.8,36.2,34.1,35.1,49.4,41.7,46.3,42.3,44.6,46.7,41.4,36.8,43.4,44.5,40.1,43.1,52.1,37.2,49.1,42.1,45.3,40.8,34.9,34.0,35.9,37.4,35.9,33.6,38.0,34.6,37.3,41.8,41.6,35.8,40.9,40.0,44.6,41.1,45.5,45.9,43.5,39.0,43.1,39.3,43.5,39.3,40.0,40.5,40.3,37.1,35.5,40.2,36.2,37.8,33.2
8125,46.1,43.2,44.0,47.8,43.4,44.1,44.5,43.0,42.2,41.1,43.9,43.5,44.2,41.2,44.1,42.9,42.9,38.7,43.9,43.0,43.0,42.1,44.9,40.3,44.0,44.2,42.7,43.4,40.1,45.1,42.9,43.3,37.6,38.1,35.9,36.8,51.3,42.8,48.9,44.1,46.7,48.0,43.8,38.5,46.0,46.1,42.5,45.0,53.8,39.4,51.4,44.1,47.9,42.6,36.0,34.9,37.2,38.6,37.4,34.6,38.9,36.4,38.3,43.4,43.8,37.1,43.0,41.5,46.0,42.3,47.9,48.5,45.6,40.8,45.1,41.4,44.6,40.1,41.6,42.8,42.7,40.0,36.7,41.1,38.1,39.6,34.9
8126,46.3,43.3,44.2,49.1,44.8,45.4,45.8,44.1,43.1,42.1,44.5,44.5,44.8,42.2,45.2,43.7,44.0,39.2,44.5,43.7,44.1,43.4,45.9,41.6,45.2,45.5,43.8,44.4,41.2,45.9,44.1,44.0,38.9,39.2,37.0,37.7,52.4,42.8,50.6,45.1,48.2,48.1,45.3,39.6,47.0,46.6,44.1,46.0,54.3,40.8,52.7,45.7,49.7,42.8,36.5,35.5,37.6,39.1,38.5,35.1,39.2,37.7,38.9,44.5,45.3,37.9,44.3,42.6,46.7,43.0,49.4,49.7,46.7,42.0,45.8,42.7,45.3,40.6,42.6,44.4,44.0,42.0,37.4,41.4,39.3,40.8,36.2
8127,46.7,42.7,44.0,50.0,45.3,45.8,46.3,44.6,43.0,42.3,44.4,45.0,44.7,42.4,45.6,43.9,44.1,39.1,44.2,43.5,44.3,43.3,46.3,42.1,45.5,46.0,44.1,44.7,41.5,45.9,44.6,43.9,39.6,39.6,37.5,37.9,52.4,42.1,51.5,45.3,48.8,47.2,45.9,40.0,47.2,46.3,44.6,45.7,54.6,41.4,53.4,46.0,50.1,42.4,36.5,35.3,37.7,39.2,38.8,34.7,38.8,38.5,38.9,44.5,46.1,37.7,44.9,42.8,46.8,43.1,49.9,50.2,46.6,42.4,45.7,43.0,45.4,40.5,42.7,44.4,44.4,42.6,37.5,41.3,39.7,41.1,36.5
8128,44.6,39.7,40.6,49.5,44.7,45.2,45.8,44.0,42.1,41.5,43.5,44.6,43.9,41.9,44.9,43.2,43.4,37.4,42.9,42.2,43.6,42.5,45.5,41.5,45.5,45.3,43.4,43.9,40.7,45.0,43.9,42.9,38.8,39.1,37.1,37.6,50.9,39.4,51.1,43.9,48.5,44.7,45.5,39.3,44.7,44.1,43.9,43.9,52.3,41.2,52.9,45.1,49.8,39.4,35.8,33.9,36.9,38.3,38.4,33.2,37.5,38.4,37.4,42.8,45.8,36.1,44.0,42.2,46.0,42.1,49.0,50.2,45.0,42.0,44.1,42.1,44.4,39.5,42.0,44.4,44.0,42.2,36.7,40.3,39.5,40.2,35.8
8129,37.8,35.3,34.4,47.0,41.8,43.2,43.2,41.0,39.6,38.7,41.2,42.8,40.7,39.9,42.3,40.7,40.2,35.2,40.4,39.9,40.5,39.7,42.7,38.7,42.5,42.5,41.5,41.0,37.6,42.6,41.5,39.9,35.6,36.1,34.7,34.6,45.4,34.9,48.8,39.4,46.6,38.8,42.7,35.8,39.6,39.4,40.7,39.0,45.8,37.7,50.3,42.5,47.5,34.4,33.6,32.2,34.4,35.8,36.9,31.4,36.5,36.6,35.5,37.9,43.9,33.7,39.6,40.2,43.3,39.7,45.7,47.8,39.2,38.3,39.1,38.7,41.9,37.5,39.3,41.6,40.6,39.4,33.6,38.9,36.6,37.5,32.6
8130,33.6,33.0,31.3,42.4,38.1,40.6,40.1,37.3,38.3,37.0,39.6,40.7,38.9,37.8,39.5,39.1,36.4,34.2,38.7,38.5,37.4,38.0,39.4,36.0,37.6,38.1,39.9,38.3,34.8,40.0,38.8,38.0,32.4,32.9,32.7,31.4,42.0,32.4,43.6,36.1,44.1,36.7,37.6,31.7,37.0,35.6,37.5,35.4,41.6,32.9,45.4,40.3,41.5,31.7,32.3,30.9,32.8,33.9,35.0,30.5,35.8,34.0,34.4,34.8,42.1,31.9,36.7,38.8,40.9,37.8,40.2,41.5,35.3,34.4,36.2,34.3,40.4,36.1,37.2,36.0,36.5,35.6,30.2,37.9,33.4,35.3,29.6
8131,31.0,31.6,29.3,38.9,35.9,39.1,38.5,34.7,37.3,35.9,38.5,38.9,37.7,36.6,38.1,37.9,34.5,33.8,37.6,37.5,35.8,36.9,37.9,34.7,35.4,35.6,38.8,36.4,33.1,38.6,36.8,37.2,30.6,31.3,31.2,30.3,39.8,31.0,40.7,33.8,41.3,35.2,35.1,30.5,34.9,33.1,35.0,33.4,38.3,30.6,42.0,38.8,38.1,30.2,31.5,30.1,31.9,33.0,33.5,30.3,35.3,32.4,33.5,32.3,40.7,30.9,35.3,37.8,39.8,36.8,37.8,38.0,32.7,31.9,34.1,32.2,39.1,35.3,36.0,33.0,34.5,32.9,29.6,37.2,31.3,33.8,28.0
8132,29.4,30.8,28.3,36.8,34.6,37.9,36.9,33.3,36.5,35.3,37.6,37.7,36.8,35.7,37.1,37.1,33.4,33.0,36.6,36.7,34.6,35.9,37.0,33.6,33.9,34.4,37.9,35.1,32.2,37.8,35.6,36.7,29.6,29.9,30.1,29.0,38.4,29.8,38.9,31.5,40.2,34.0,33.5,29.7,33.2,31.9,33.0,32.0,35.9,29.1,40.0,37.4,36.1,29.0,31.0,29.6,30.9,32.4,32.4,29.7,35.0,31.4,32.7,30.5,39.5,30.1,34.2,36.9,39.0,35.9,36.1,36.1,30.7,30.6,32.6,30.7,38.0,34.5,34.9,31.4,33.0,30.8,29.4,36.5,30.0,32.4,27.0
8133,27.9,29.9,27.3,35.3,33.7,37.0,35.9,32.3,35.8,34.6,36.9,37.0,36.1,35.0,36.2,36.4,32.3,32.3,35.8,36.2,33.8,34.9,36.2,32.8,33.2,33.8,37.0,34.2,31.3,37.2,34.5,36.4,28.9,29.0,29.2,28.1,37.3,29.0,37.6,30.4,39.0,33.3,32.0,28.8,31.6,30.9,31.2,31.0,34.0,27.9,38.3,36.1,34.7,27.9,30.4,29.1,30.1,31.9,31.8,29.5,34.5,30.7,32.3,29.2,38.5,29.6,33.3,36.1,38.2,35.2,35.1,34.4,29.0,29.7,31.3,29.3,37.4,34.1,34.2,30.4,32.3,29.4,29.2,35.9,29.0,31.4,26.3
8134,26.8,29.4,26.4,34.0,33.0,36.1,35.3,31.5,35.1,33.9,36.3,36.2,35.5,34.4,35.4,35.9,31.7,32.0,35.4,35.7,33.1,34.4,35.6,32.2,32.1,32.7,36.2,33.4,30.6,36.5,33.7,35.8,28.1,28.2,28.6,27.6,36.2,28.6,36.6,29.7,38.1,32.8,30.9,28.2,30.2,30.1,29.8,29.9,32.3,26.9,36.8,34.8,33.6,26.8,30.2,28.7,29.8,31.4,31.2,29.4,34.3,30.0,31.7,28.0,37.8,29.1,32.4,35.5,37.5,34.7,34.0,33.5,27.7,28.7,30.3,28.1,36.9,33.6,33.4,29.7,31.2,28.2,29.0,35.3,28.4,30.6,25.9
8135,25.6,28.9,25.8,33.1,32.3,35.5,34.5,30.8,34.4,33.2,35.7,35.4,35.0,33.8,34.6,35.4,31.6,31.6,34.7,35.1,32.6,33.9,35.2,31.3,31.5,32.1,35.5,32.9,30.1,35.7,33.0,35.1,27.4,27.5,28.2,27.0,35.6,28.1,35.8,29.2,37.1,32.3,29.9,27.7,28.9,29.3,28.7,28.9,31.3,26.0,35.5,33.7,32.4,26.0,29.8,28.3,29.6,31.0,30.8,29.1,34.1,29.6,31.2,26.8,37.1,28.6,31.9,34.8,36.8,34.2,32.8,32.1,26.7,27.8,29.7,27.3,36.4,33.3,32.9,29.1,30.3,27.1,29.0,34.8,27.9,29.9,25.5
8136,24.7,28.1,25.0,32.3,31.5,34.8,33.8,30.5,33.8,32.9,35.1,34.6,34.5,33.2,33.9,35.0,31.0,31.2,34.1,34.8,32.1,33.5,34.7,30.8,30.7,31.6,34.9,32.4,29.8,35.4,32.7,34.5,26.9,27.0,27.7,26.3,35.1,27.7,35.0,28.6,36.0,31.9,29.0,27.2,27.8,28.5,27.8,28.1,30.0,25.1,34.7,32.8,31.3,25.4,29.3,27.9,29.4,30.6,30.6,28.8,33.7,29.1,30.9,26.0,36.8,28.2,31.2,34.3,36.3,33.5,31.4,31.2,25.8,27.1,28.6,26.5,36.0,32.9,32.3,28.6,29.7,25.9,28.4,34.3,27.4,29.2,25.1
8137,23.8,28.2,24.8,31.6,31.0,34.1,33.2,29.9,33.4,32.4,34.6,34.1,33.9,32.6,33.5,34.5,30.5,31.0,33.6,34.3,31.7,32.8,34.1,30.0,30.2,31.1,34.5,32.1,29.2,34.7,32.2,34.0,26.4,26.5,27.0,25.8,34.5,27.6,34.4,28.1,35.1,31.6,28.3,26.5,26.8,28.1,27.0,27.4,29.6,24.7,33.8,31.7,30.1,24.6,29.2,27.7,28.8,30.2,30.2,28.6,33.5,28.6,30.6,25.1,36.4,27.8,30.6,33.7,35.5,33.0,30.0,30.6,24.6,26.4,28.2,25.5,35.7,32.5,31.9,27.9,29.1,24.9,28.2,33.8,26.7,28.7,24.5
8138,22.9,27.7,24.4,31.1,30.6,33.6,32.6,29.3,32.7,31.8,34.1,33.6,33.5,32.2,32.7,34.0,30.0,30.9,33.2,33.9,31.1,32.3,33.8,29.4,29.6,30.3,33.9,31.7,28.8,34.4,31.6,33.6,25.8,25.9,26.6,25.7,33.8,27.2,33.6,27.8,34.5,31.1,27.4,25.9,26.2,27.3,26.1,27.0,28.7,23.9,33.0,30.9,29.1,24.2,28.8,27.5,28.5,29.8,29.8,28.2,33.3,28.3,30.5,24.3,36.0,27.4,30.4,33.2,34.9,32.7,28.9,29.8,24.0,25.9,27.6,24.9,35.3,32.1,31.6,27.2,28.8,24.2,27.8,33.5,26.1,28.2,24.3
8139,22.4,27.3,24.1,30.6,30.0,32.9,32.1,29.0,32.2,31.4,33.8,33.1,33.1,31.7,32.2,33.7,29.5,30.7,33.1,33.6,30.7,32.0,33.4,28.9,29.3,30.0,33.4,31.1,28.5,34.0,31.1,33.2,25.3,25.6,26.1,25.3,33.6,26.9,33.0,27.1,33.8,31.1,27.0,25.4,25.6,26.9,25.6,26.2,28.3,23.3,32.4,30.3,28.3,23.6,28.4,27.1,28.1,29.5,29.5,27.8,33.0,28.0,30.3,23.6,35.6,27.2,29.7,32.9,34.5,32.2,28.0,29.4,23.4,25.5,27.2,24.6,34.8,31.8,31.2,26.7,28.2,23.5,27.7,33.1,25.5,27.9,23.8
8140,21.9,27.0,23.7,30.0,29.6,32.5,31.6,28.5,31.8,30.9,33.3,32.6,32.6,31.3,31.7,33.4,29.3,30.5,32.8,33.4,30.2,31.9,33.0,28.4,28.8,29.7,33.0,30.6,28.0,33.6,30.6,32.8,24.7,25.1,25.6,24.7,33.1,26.6,32.4,26.8,33.0,30.7,26.1,25.0,24.9,26.3,25.0,25.5,27.8,23.2,31.7,30.0,27.6,23.4,28.2,26.9,28.0,29.2,29.2,27.7,32.8,27.6,30.0,22.9,35.2,27.0,29.3,32.4,34.0,31.7,27.0,29.0,23.0,24.9,26.4,24.0,34.5,31.5,30.8,26.0,27.5,22.9,27.6,32.7,25.2,27.6,23.3
8141,21.5,26.8,23.2,29.6,29.2,31.9,31.2,28.0,31.4,30.5,32.8,32.3,32.3,30.8,31.3,33.1,29.0,30.4,32.3,33.0,29.9,31.5,32.5,27.8,28.0,29.5,32.6,30.2,27.8,33.4,30.2,32.7,24.3,24.8,25.3,24.5,32.6,26.1,32.1,26.0,32.4,30.3,25.7,24.4,24.8,25.9,24.5,25.0,27.3,22.4,31.1,29.4,27.0,23.3,27.9,26.6,27.8,29.0,29.1,27.2,32.6,27.4,29.9,22.5,34.9,26.9,28.8,32.0,33.5,31.5,26.5,28.5,22.6,24.6,25.7,23.6,34.2,31.1,30.4,25.6,26.9,22.6,27.5,32.4,24.6,27.2,23.2
8142,21.1,26.5,23.1,29.2,28.8,31.5,30.9,27.8,31.2,30.2,32.8,32.1,32.1,30.5,30.8,32.9,28.9,30.2,31.9,32.8,29.6,31.0,32.2,27.4,27.4,28.9,32.3,30.0,27.5,33.1,29.9,32.5,23.8,24.5,25.2,24.3,32.3,26.1,31.6,25.6,31.9,30.0,25.0,24.2,24.1,25.2,24.2,24.6,26.7,21.9,30.6,29.2,26.6,22.8,27.7,26.6,27.6,28.9,28.8,27.0,32.4,27.2,29.8,22.1,34.7,26.7,28.5,31.5,33.3,31.3,25.7,28.1,22.1,24.3,25.6,23.3,33.8,30.8,30.0,25.3,26.6,22.2,27.3,32.2,24.2,26.8,22.8
8143,20.8,26.5,23.0,28.8,28.2,31.2,30.4,27.7,30.7,29.7,32.5,32.0,31.9,30.2,30.5,32.5,28.5,30.1,31.7,32.5,29.2,30.8,31.9,27.0,27.0,28.5,32.0,29.4,27.2,32.9,29.6,32.2,23.5,24.1,24.8,23.9,31.6,26.0,31.2,25.5,31.5,29.8,24.7,24.0,23.6,24.9,23.9,24.2,25.9,21.6,30.2,29.0,26.0,22.4,27.4,26.4,27.4,28.9,28.9,26.9,32.4,26.9,29.7,21.9,34.5,26.6,28.2,31.1,33.1,31.1,25.1,27.7,21.7,24.0,24.8,22.9,33.4,30.7,29.8,24.9,26.0,21.8,27.3,32.0,23.7,26.5,22.8
8144,24.7,28.4,26.4,28.9,28.3,31.1,30.6,27.7,31.4,29.9,33.5,32.1,32.8,30.4,30.5,32.9,28.9,30.2,32.6,33.9,29.5,31.1,32.2,26.7,26.9,28.5,32.2,29.2,27.5,33.5,29.8,33.2,23.4,24.0,24.8,24.0,34.3,27.9,30.8,27.8,32.5,33.9,24.5,24.3,26.3,28.0,25.4,27.6,31.2,21.6,31.1,30.0,27.7,24.8,27.3,26.5,27.2,29.0,28.9,26.9,32.5,26.7,30.0,24.6,34.5,26.6,28.3,31.3,34.3,31.9,26.7,27.3,24.9,24.6,27.4,23.0,34.6,31.5,30.0,24.7,25.7,21.6,27.0,32.8,23.5,26.6,22.7
8145,30.3,32.8,32.8,32.2,31.4,33.6,33.6,30.9,33.8,32.3,36.0,34.4,35.8,32.4,33.4,34.7,32.2,32.4,35.7,36.2,32.4,33.4,35.1,29.2,30.2,32.0,33.9,32.1,30.2,36.3,32.3,35.4,26.0,26.5,26.7,26.8,39.1,32.5,34.3,32.5,35.4,38.5,28.0,28.2,30.9,33.6,28.7,33.1,39.2,25.3,36.8,32.9,32.5,29.7,28.4,28.3,29.2,30.8,29.6,28.8,33.8,27.3,32.0,30.2,35.7,29.1,31.8,33.1,37.3,34.5,32.0,31.3,30.6,29.0,32.8,27.9,37.3,33.6,32.5,27.8,28.8,24.0,29.0,34.8,26.0,29.0,25.1
8146,35.5,36.9,37.9,37.4,35.0,36.8,36.8,34.5,36.4,34.7,38.3,37.0,38.4,35.0,36.7,37.2,35.4,34.4,38.3,38.4,35.6,36.4,38.0,32.3,34.6,35.6,36.1,35.5,32.9,39.0,35.4,37.8,29.6,29.8,29.1,29.8,43.2,36.6,38.5,36.6,38.7,42.2,33.0,31.3,35.8,38.7,32.5,37.3,45.4,29.7,41.7,36.2,37.3,34.5,30.5,30.5,31.7,33.1,31.8,30.8,35.4,29.6,34.2,35.0,37.5,31.8,34.9,35.4,40.1,36.9,36.7,37.2,35.8,33.3,36.9,32.2,39.8,35.9,35.2,32.6,33.0,28.1,31.6,37.0,29.7,32.1,28.2
8147,40.1,39.7,41.2,42.0,38.3,39.6,39.9,37.9,38.6,37.2,40.4,39.4,40.8,37.3,39.5,39.4,38.4,36.4,40.4,40.4,38.5,38.6,40.8,35.3,38.5,39.0,38.7,38.5,35.6,41.4,38.2,40.0,32.7,33.2,31.6,32.4,46.7,39.5,42.7,39.7,41.8,44.8,37.6,34.2,39.8,42.1,36.5,40.5,49.4,34.0,45.6,39.3,41.5,38.0,32.7,32.3,33.9,35.3,34.0,32.2,36.9,32.1,35.8,38.8,39.3,34.0,38.0,37.7,42.4,38.9,41.6,42.4,40.2,36.6,40.3,36.1,41.8,37.6,37.6,37.0,36.9,32.4,33.6,38.6,33.1,35.0,30.7
8148,43.5,41.8,43.1,45.2,41.1,42.0,42.3,40.6,40.4,39.4,42.1,41.4,42.6,39.2,41.9,41.3,40.9,37.8,42.1,41.8,40.8,40.5,42.8,37.8,41.5,41.8,40.6,41.1,37.8,43.1,40.7,41.7,35.3,35.7,33.7,34.6,49.2,41.7,46.2,42.1,44.4,46.6,41.3,36.5,43.1,44.5,39.9,43.1,52.2,36.9,48.9,42.0,45.1,40.4,34.5,33.8,35.6,37.1,35.7,33.4,38.0,34.4,37.2,41.5,41.4,35.7,40.7,39.7,44.4,40.6,45.3,45.8,43.5,38.8,42.8,39.1,43.3,38.9,39.7,40.1,40.0,36.5,35.3,39.9,35.7,37.3,32.8
8149,45.9,43.2,43.7,47.6,43.1,43.8,44.2,42.7,41.8,40.8,43.5,43.1,43.7,40.8,43.8,42.6,42.6,38.6,43.5,42.7,42.7,41.8,44.5,39.9,43.7,43.9,42.4,43.0,39.6,44.6,42.5,42.9,37.1,37.6,35.5,36.3,51.2,42.7,48.8,43.9,46.6,47.9,43.6,38.2,45.7,46.0,42.4,44.9,54.0,39.3,51.1,43.9,47.7,42.2,35.7,34.8,36.8,38.3,37.1,34.5,38.9,36.2,38.2,43.1,43.6,37.0,42.8,41.2,45.7,41.8,47.7,48.4,45.6,40.6,44.8,41.3,44.3,39.7,41.3,42.4,42.4,39.4,36.5,40.8,37.5,39.1,34.4
8150,46.1,43.4,44.0,49.1,44.5,45.1,45.5,43.7,42.7,41.8,44.1,44.2,44.4,41.9,44.9,43.5,43.7,39.1,44.0,43.4,43.8,43.0,45.4,41.2,45.0,45.2,43.5,44.0,40.8,45.4,43.8,43.6,38.3,38.7,36.6,37.2,52.3,42.8,50.6,45.0,48.1,48.1,45.1,39.4,46.8,46.6,43.9,46.0,54.3,40.6,52.6,45.5,49.4,42.4,36.1,35.4,37.2,38.9,38.1,34.9,39.2,37.5,38.9,44.2,45.1,37.8,44.1,42.3,46.5,42.5,49.1,49.6,46.7,41.8,45.4,42.6,45.1,40.2,42.3,43.9,43.7,41.4,37.1,41.1,38.7,40.3,35.7
8151,46.5,42.8,43.8,49.9,45.0,45.5,46.0,44.2,42.7,42.0,44.0,44.7,44.3,42.1,45.3,43.7,43.8,39.0,43.8,43.2,44.0,42.9,45.9,41.7,45.4,45.7,43.8,44.4,41.1,45.4,44.2,43.6,39.1,39.1,37.1,37.5,52.3,42.2,51.4,45.2,48.8,47.1,45.8,39.7,47.0,46.4,44.3,45.7,54.7,41.2,53.3,45.9,49.9,42.1,36.2,35.1,37.4,38.8,38.4,34.6,38.7,38.1,38.9,44.2,45.9,37.6,44.7,42.5,46.6,42.6,49.5,50.1,46.4,42.2,45.4,42.9,45.1,40.0,42.4,44.0,44.1,42.1,37.2,41.0,39.2,40.6,36.0
8152,44.3,39.8,40.5,49.4,44.4,45.0,45.6,43.6,41.8,41.2,43.1,44.3,43.5,41.6,44.7,42.9,43.1,37.3,42.5,41.9,43.3,42.2,45.1,41.2,45.3,45.1,43.1,43.6,40.3,44.5,43.6,42.5,38.3,38.6,36.7,37.3,50.8,39.5,51.0,43.8,48.5,44.6,45.4,38.9,44.5,44.3,43.6,43.8,52.3,41.0,52.7,44.9,49.6,39.1,35.5,33.8,36.6,38.0,38.1,33.0,37.4,38.1,37.4,42.4,45.6,35.9,43.8,41.9,45.8,41.7,48.8,50.1,44.9,41.7,43.8,42.0,44.1,39.0,41.7,44.0,43.7,41.7,36.5,40.0,38.9,39.8,35.3
8153,37.5,35.5,34.3,47.0,41.5,42.9,42.9,40.6,39.3,38.5,40.9,42.4,40.3,39.6,42.1,40.5,39.9,35.1,40.1,39.8,40.3,39.4,42.3,38.4,42.4,42.3,41.3,40.8,37.3,42.2,41.2,39.6,35.1,35.7,34.4,34.3,45.4,35.0,48.7,39.3,46.5,38.6,42.6,35.5,39.3,39.4,40.4,39.0,45.8,37.5,50.2,42.4,47.2,34.1,33.4,32.1,34.2,35.6,36.5,31.2,36.5,36.4,35.5,37.7,43.7,33.5,39.5,40.0,43.1,39.3,45.4,47.8,38.9,38.2,38.9,38.5,41.7,37.1,39.1,41.2,40.5,39.0,33.4,38.6,36.2,37.2,32.2
8154,33.3,33.1,31.1,42.3,37.9,40.3,39.9,37.0,38.1,36.8,39.3,40.4,38.5,37.6,39.2,38.8,36.1,34.1,38.4,38.4,37.2,37.7,39.1,35.8,37.4,37.9,39.7,38.0,34.6,39.7,38.6,37.7,32.0,32.6,32.4,31.3,41.9,32.4,43.4,36.1,44.0,36.6,37.4,31.6,36.8,35.4,37.2,35.3,41.6,32.8,45.2,40.2,41.3,31.4,32.0,30.9,32.6,33.8,34.7,30.4,35.8,33.8,34.4,34.6,41.9,31.9,36.6,38.6,40.7,37.4,39.9,41.2,35.0,34.3,36.0,34.3,40.2,35.8,36.9,35.7,36.4,35.2,30.1,37.7,33.0,35.1,29.3
8155,30.9,31.6,29.1,38.8,35.7,38.9,38.2,34.5,37.0,35.7,38.2,38.7,37.4,36.3,37.9,37.6,34.3,33.7,37.4,37.4,35.6,36.6,37.6,34.5,35.3,35.5,38.6,36.2,33.0,38.4,36.6,36.9,30.2,31.0,31.0,30.1,39.7,31.1,40.5,33.8,41.3,35.0,35.0,30.2,34.7,33.1,34.9,33.4,38.3,30.7,41.8,38.7,37.8,29.9,31.4,30.1,31.8,32.9,33.3,30.2,35.2,32.2,33.5,32.2,40.6,30.8,35.1,37.6,39.5,36.4,37.5,37.8,32.5,31.9,33.9,32.2,38.9,34.9,35.8,32.7,34.5,32.5,29.5,36.9,31.0,33.5,27.8
8156,29.4,30.7,28.2,36.6,34.5,37.7,36.7,33.2,36.2,35.1,37.3,37.5,36.5,35.5,36.9,36.9,33.2,33.0,36.4,36.6,34.4,35.5,36.7,33.4,33.8,34.3,37.7,34.8,32.1,37.6,35.4,36.4,29.3,29.6,29.9,28.9,38.2,29.9,38.6,31.4,40.1,33.8,33.4,29.4,33.0,31.8,32.8,31.9,35.8,29.2,39.8,37.3,35.9,28.8,30.8,29.5,30.8,32.4,32.1,29.6,34.9,31.2,32.7,30.4,39.3,30.1,34.1,36.7,38.8,35.6,35.9,35.8,30.6,30.5,32.5,30.7,37.9,34.3,34.6,31.2,32.9,30.4,29.1,36.3,29.6,32.2,26.8
8157,28.0,29.8,27.2,35.2,33.5,36.8,35.8,32.1,35.5,34.4,36.7,36.8,35.8,34.8,35.9,36.2,32.2,32.3,35.6,36.1,33.7,34.6,36.0,32.6,33.2,33.7,36.8,33.9,31.2,37.0,34.3,36.1,28.6,28.6,29.0,27.9,37.1,29.1,37.4,30.4,38.9,33.2,32.0,28.6,31.4,30.9,31.1,31.0,34.0,28.0,38.2,36.0,34.5,27.7,30.2,29.0,29.9,31.8,31.6,29.4,34.4,30.5,32.3,29.2,38.4,29.6,33.2,35.9,38.0,34.9,34.9,34.2,28.9,29.6,31.2,29.3,37.3,33.9,34.0,30.1,32.2,29.1,29.0,35.8,28.6,31.3,26.1
8158,26.9,29.3,26.3,34.0,32.8,36.0,35.1,31.4,34.8,33.7,36.1,36.0,35.2,34.2,35.2,35.7,31.6,31.9,35.2,35.5,33.0,34.2,35.3,32.0,32.1,32.7,35.9,33.1,30.6,36.2,33.6,35.6,27.8,28.1,28.4,27.5,36.0,28.6,36.3,29.5,37.9,32.7,30.8,27.9,30.0,30.2,29.8,29.8,32.2,27.1,36.8,34.7,33.5,26.6,29.9,28.6,29.6,31.2,31.0,29.3,34.2,29.8,31.7,27.9,37.7,29.1,32.4,35.3,37.3,34.4,33.8,33.2,27.7,28.6,30.3,28.2,36.8,33.4,33.2,29.4,31.1,28.0,28.9,35.1,28.1,30.5,25.8
8159,25.5,28.8,25.7,33.1,32.1,35.4,34.4,30.7,34.2,33.1,35.5,35.2,34.8,33.5,34.6,35.1,31.4,31.6,34.6,35.0,32.5,33.6,35.0,31.1,31.4,32.1,35.3,32.7,30.0,35.6,32.9,34.9,27.2,27.3,27.9,27.0,35.5,28.1,35.6,28.9,36.9,32.2,29.9,27.5,28.6,29.4,28.7,28.9,31.3,26.3,35.5,33.6,32.2,25.9,29.5,28.3,29.4,30.8,30.6,29.0,34.0,29.4,31.2,26.8,37.1,28.6,31.8,34.6,36.7,34.0,32.6,31.9,26.7,27.8,29.6,27.3,36.2,33.1,32.6,28.9,30.2,27.0,28.8,34.5,27.6,29.8,25.4
8160,24.6,28.0,24.8,32.3,31.4,34.7,33.7,30.3,33.6,32.8,34.9,34.3,34.3,33.0,33.9,34.9,30.9,31.2,33.9,34.7,32.0,33.1,34.5,30.6,30.8,31.6,34.8,32.2,29.7,35.3,32.5,34.3,26.6,26.9,27.5,26.3,35.0,27.5,34.9,28.3,35.8,31.8,29.0,27.0,27.6,28.7,27.7,28.0,30.1,25.4,34.6,32.8,31.2,25.2,29.1,27.9,29.1,30.5,30.4,28.8,33.6,28.9,30.9,25.9,36.7,28.2,31.2,34.0,36.2,33.3,31.2,31.1,25.8,27.1,28.6,26.6,35.8,32.7,32.1,28.4,29.5,25.7,28.3,34.1,27.1,29.0,25.0
8161,23.7,28.1,24.6,31.6,30.9,34.0,33.2,29.7,33.1,32.3,34.4,33.9,33.7,32.4,33.5,34.3,30.4,31.0,33.4,34.2,31.6,32.5,33.9,29.9,30.2,31.0,34.4,31.9,29.2,34.5,32.1,33.8,26.2,26.4,26.8,25.7,34.5,27.4,34.3,27.9,35.0,31.6,28.3,26.3,26.7,28.2,27.0,27.3,29.6,24.9,33.7,31.8,30.0,24.5,29.0,27.7,28.7,30.0,30.1,28.5,33.4,28.4,30.7,25.0,36.2,27.8,30.6,33.6,35.4,32.9,29.9,30.6,24.7,26.3,28.1,25.6,35.5,32.3,31.8,27.7,28.9,24.7,28.2,33.6,26.4,28.6,24.5
8162,22.8,27.7,24.1,31.0,30.3,33.4,32.6,29.2,32.5,31.7,34.0,33.4,33.3,32.0,32.7,33.7,30.0,31.0,33.1,33.8,31.0,32.1,33.5,29.3,29.6,30.2,33.8,31.5,28.8,34.2,31.6,33.3,25.6,25.8,26.5,25.6,33.7,27.1,33.4,27.5,34.3,31.2,27.4,25.8,26.0,27.4,26.1,27.0,28.6,24.1,33.0,31.0,29.0,23.8,28.6,27.5,28.4,29.6,29.7,28.2,33.3,28.1,30.6,24.2,35.8,27.5,30.4,33.1,34.8,32.5,28.8,29.9,24.1,25.9,27.5,25.0,35.1,31.9,31.4,27.1,28.6,23.9,27.8,33.3,25.8,28.2,24.2
8163,22.2,27.2,23.8,30.6,29.8,32.8,31.9,28.8,32.0,31.4,33.6,32.9,32.8,31.6,32.1,33.4,29.5,30.8,32.9,33.4,30.6,31.8,33.2,28.8,29.3,29.9,33.3,31.0,28.4,33.8,31.1,32.9,24.9,25.6,26.0,25.3,33.6,26.9,32.9,27.0,33.6,31.2,27.0,25.2,25.4,27.0,25.6,26.1,28.2,23.5,32.4,30.3,28.3,23.3,28.3,27.1,28.0,29.3,29.4,27.8,33.0,27.8,30.3,23.6,35.5,27.2,29.8,32.8,34.4,32.0,27.9,29.5,23.4,25.5,27.1,24.6,34.7,31.6,31.1,26.6,28.1,23.3,27.7,32.9,25.2,27.9,23.7
8164,21.7,27.0,23.5,30.0,29.4,32.3,31.4,28.4,31.6,30.9,33.1,32.5,32.4,31.2,31.6,33.1,29.3,30.5,32.6,33.2,30.1,31.6,32.8,28.3,28.7,29.5,32.9,30.5,28.0,33.4,30.5,32.6,24.3,25.0,25.5,24.7,33.0,26.6,32.3,26.7,32.9,30.8,26.1,24.9,24.7,26.3,25.0,25.4,27.7,23.3,31.7,30.0,27.6,23.1,28.0,26.9,28.0,29.1,29.2,27.7,32.8,27.5,30.1,23.0,35.2,26.9,29.4,32.3,33.8,31.6,26.9,29.0,23.0,25.0,26.4,24.0,34.3,31.2,30.7,25.8,27.4,22.7,27.7,32.5,24.8,27.5,23.2
8165,21.2,26.8,23.1,29.6,29.0,31.7,31.0,27.9,31.2,30.4,32.6,32.1,32.1,30.7,31.1,32.8,29.0,30.4,32.0,32.8,29.8,31.3,32.4,27.7,27.9,29.3,32.5,30.1,27.8,33.2,30.1,32.4,23.9,24.5,25.1,24.4,32.6,26.1,32.1,25.9,32.2,30.4,25.6,24.3,24.5,25.9,24.6,24.9,27.1,22.5,31.1,29.5,27.0,23.0,27.8,26.7,27.7,29.0,29.1,27.2,32.6,27.3,30.0,22.6,34.8,26.8,29.0,31.9,33.4,31.3,26.4,28.5,22.6,24.7,25.7,23.6,33.9,30.9,30.4,25.5,26.8,22.3,27.5,32.2,24.3,27.1,23.0
8166,20.9,26.3,22.9,29.2,28.5,31.3,30.8,27.6,30.9,30.1,32.6,31.9,31.9,30.5,30.7,32.6,28.8,30.2,31.6,32.7,29.5,30.7,32.0,27.2,27.3,28.7,32.2,29.8,27.6,32.9,29.9,32.2,23.4,24.2,25.0,24.1,32.3,26.1,31.5,25.5,31.8,30.1,24.9,24.1,23.8,25.1,24.2,24.5,26.5,22.0,30.5,29.2,26.5,22.6,27.5,26.6,27.5,28.9,28.8,27.0,32.5,27.1,29.9,22.3,34.6,26.7,28.8,31.4,33.1,31.0,25.6,28.1,22.1,24.4,25.6,23.4,33.5,30.6,29.9,25.2,26.4,21.9,27.3,32.0,23.9,26.7,22.6
8167,20.5,26.4,22.8,28.9,28.0,31.0,30.3,27.4,30.4,29.7,32.3,31.8,31.7,30.1,30.4,32.2,28.6,30.2,31.4,32.3,29.1,30.6,31.7,26.8,26.9,28.3,31.9,29.3,27.1,32.7,29.6,32.0,23.1,23.8,24.4,23.6,31.6,25.9,31.2,25.3,31.4,30.0,24.6,23.8,23.4,24.8,23.9,24.1,25.8,21.6,30.1,29.1,26.0,22.1,27.3,26.5,27.4,28.9,28.8,26.9,32.5,26.8,29.8,22.1,34.4,26.6,28.4,31.0,32.9,30.8,25.0,27.6,21.8,24.0,24.8,22.9,33.2,30.4,29.7,24.8,25.9,21.5,27.3,31.8,23.4,26.4,22.5
8168,24.2,28.2,26.1,28.8,28.1,30.8,30.4,27.4,31.1,29.8,33.2,31.9,32.6,30.2,30.3,32.6,28.8,30.3,32.4,33.7,29.3,30.8,32.0,26.5,26.8,28.3,32.0,29.1,27.4,33.2,29.6,32.9,22.9,23.7,24.4,23.7,34.4,27.7,30.8,27.6,32.4,33.8,24.4,24.1,26.1,27.8,25.4,27.5,31.0,21.6,30.9,29.9,27.7,24.5,27.2,26.6,27.2,28.9,28.8,27.0,32.5,26.7,30.1,24.6,34.4,26.6,28.5,31.1,34.1,31.7,26.6,27.2,24.9,24.5,27.3,23.0,34.3,31.2,29.8,24.6,25.6,21.3,27.1,32.5,23.1,26.3,22.3
8169,29.8,32.7,32.5,32.0,31.1,33.2,33.3,30.5,33.5,32.0,35.7,34.1,35.5,32.2,33.1,34.4,32.0,32.4,35.4,35.9,32.1,33.0,34.7,29.0,29.9,31.7,33.7,31.8,29.9,36.0,32.0,35.1,25.4,26.0,26.2,26.3,39.2,32.3,34.2,32.4,35.3,38.4,27.8,27.9,30.6,33.3,28.6,32.9,38.9,25.1,36.6,32.8,32.5,29.3,28.2,28.3,29.1,30.6,29.5,28.8,33.8,27.3,32.1,30.1,35.6,29.1,31.9,32.8,37.0,34.2,31.9,31.1,30.5,28.8,32.7,27.7,37.0,33.3,32.2,27.5,28.6,23.7,28.9,34.5,25.6,28.6,24.7
8170,34.9,36.7,37.7,37.1,34.7,36.5,36.5,34.1,36.0,34.4,38.0,36.6,38.0,34.7,36.4,36.8,35.1,34.4,37.9,38.1,35.2,36.0,37.6,32.1,34.3,35.4,35.8,35.1,32.5,38.6,35.0,37.4,29.0,29.4,28.5,29.4,43.5,36.3,38.5,36.4,38.5,42.0,32.7,30.9,35.5,38.5,32.3,37.2,45.1,29.4,41.5,36.1,37.4,34.1,30.3,30.5,31.5,32.9,31.6,30.8,35.3,29.5,34.2,34.9,37.4,31.7,35.0,35.1,39.8,36.6,36.7,37.1,35.6,33.0,36.7,32.0,39.4,35.5,34.9,32.2,32.8,27.6,31.3,36.6,29.2,31.6,27.7
8171,39.5,39.5,40.9,41.6,38.0,39.2,39.6,37.4,38.2,36.8,40.0,39.0,40.4,36.9,39.2,39.1,38.0,36.3,40.1,40.0,38.0,38.1,40.4,35.1,38.1,38.7,38.2,38.0,35.1,40.8,37.8,39.5,32.1,32.7,31.0,31.8,47.0,39.2,42.6,39.5,41.7,44.6,37.2,33.9,39.5,41.9,36.4,40.3,49.2,33.7,45.3,39.2,41.4,37.7,32.4,32.3,33.6,35.0,33.8,32.2,36.8,32.0,35.8,38.6,39.3,33.8,38.0,37.4,42.1,38.7,41.5,42.1,40.0,36.2,40.1,35.8,41.4,37.2,37.1,36.5,36.5,31.9,33.3,38.3,32.5,34.5,30.2
8172,43.0,41.6,42.8,44.8,40.7,41.7,42.1,40.2,39.9,38.9,41.7,41.0,42.1,38.8,41.7,41.0,40.4,37.6,41.7,41.4,40.2,40.0,42.2,37.6,41.1,41.5,40.1,40.6,37.3,42.5,40.2,41.1,34.7,35.1,33.2,34.0,49.6,41.4,46.1,42.0,44.2,46.4,40.9,36.2,42.7,44.3,39.7,42.9,52.1,36.6,48.6,41.8,45.0,40.1,34.2,33.7,35.2,36.9,35.4,33.3,38.0,34.3,37.2,41.2,41.4,35.5,40.6,39.3,44.0,40.3,45.2,45.5,43.1,38.4,42.6,38.8,42.9,38.4,39.2,39.6,39.6,36.0,35.0,39.5,35.0,36.8,32.3
8173,45.3,42.9,43.4,47.2,42.7,43.5,44.0,42.3,41.2,40.3,43.0,42.6,43.1,40.3,43.5,42.2,42.1,38.5,43.1,42.3,42.2,41.3,44.0,39.6,43.3,43.6,41.9,42.6,39.2,44.0,42.1,42.3,36.6,37.0,34.9,35.7,51.4,42.4,48.7,43.8,46.4,47.6,43.2,37.9,45.2,45.8,42.0,44.9,53.9,39.0,50.9,43.7,47.6,41.8,35.2,34.7,36.4,38.0,36.8,34.3,38.8,36.0,38.2,42.9,43.6,36.7,42.8,40.6,45.3,41.3,47.5,48.1,45.2,40.1,44.5,41.1,43.9,39.2,40.7,41.9,41.9,38.9,36.2,40.4,37.1,38.6,33.9
8174,45.4,43.1,43.6,48.7,44.1,44.8,45.2,43.3,42.0,41.3,43.6,43.6,43.8,41.3,44.6,42.9,43.2,39.0,43.6,42.9,43.3,42.4,45.0,40.9,44.6,44.8,42.9,43.6,40.2,44.8,43.3,42.9,37.8,38.3,36.0,36.8,52.4,42.5,50.5,44.8,47.9,47.8,44.8,38.9,46.3,46.3,43.5,45.9,54.2,40.3,52.3,45.2,49.4,42.0,35.7,35.2,36.8,38.5,37.8,34.7,39.1,37.2,38.8,43.9,45.0,37.5,44.0,41.7,46.0,41.9,48.9,49.5,46.3,41.2,45.2,42.3,44.6,39.7,41.8,43.4,43.3,40.8,36.8,40.7,38.2,39.7,35.1
8175,45.8,42.5,43.3,49.5,44.6,45.2,45.7,43.8,42.0,41.4,43.5,44.0,43.6,41.6,45.0,43.0,43.4,38.9,43.3,42.7,43.6,42.2,45.4,41.4,45.1,45.3,43.3,44.0,40.6,44.8,43.8,42.9,38.4,38.7,36.5,37.0,52.4,41.8,51.3,45.0,48.6,46.8,45.5,39.2,46.6,46.2,43.9,45.6,54.4,40.8,53.0,45.6,49.9,41.5,35.8,35.0,36.9,38.5,38.1,34.4,38.6,37.8,38.7,43.9,45.8,37.4,44.5,42.0,46.1,42.0,49.2,49.8,46.0,41.7,45.1,42.6,44.6,39.5,41.9,43.6,43.7,41.6,36.9,40.6,38.7,40.1,35.4
8176,43.7,39.5,40.1,48.9,43.9,44.7,45.2,43.1,41.1,40.7,42.5,43.7,42.8,41.1,44.3,42.2,42.7,37.2,42.0,41.5,42.9,41.5,44.7,40.7,44.8,44.7,42.6,43.2,39.9,44.0,43.2,42.0,37.7,38.1,36.1,36.7,50.8,39.1,50.9,43.6,48.3,44.3,45.1,38.4,44.1,44.0,43.3,43.7,52.1,40.6,52.5,44.6,49.4,38.6,35.1,33.6,36.2,37.6,37.9,32.9,37.4,37.8,37.3,42.1,45.5,35.7,43.6,41.4,45.3,41.1,48.6,49.7,44.5,41.1,43.6,41.8,43.6,38.5,41.2,43.6,43.2,41.1,36.1,39.6,38.4,39.3,34.7
8177,37.0,35.1,33.9,46.6,41.1,42.6,42.6,40.2,38.8,38.1,40.4,41.8,39.8,39.2,41.8,39.9,39.6,35.2,39.7,39.4,39.9,38.9,41.9,38.1,41.9,41.9,40.9,40.4,36.9,41.8,40.8,39.1,34.6,35.2,33.9,33.8,45.5,34.6,48.5,39.0,46.4,38.4,42.2,35.1,39.0,39.1,40.1,38.9,45.6,37.3,49.9,42.1,47.1,33.7,33.1,32.0,33.9,35.3,36.3,31.1,36.5,36.1,35.5,37.5,43.7,33.5,39.4,39.5,42.6,38.9,45.2,47.3,38.6,37.7,38.8,38.3,41.3,36.6,38.7,40.7,40.0,38.4,33.1,38.3,35.6,36.7,31.7
8178,32.8,32.8,30.7,41.9,37.6,40.1,39.6,36.6,37.5,36.5,38.8,39.9,38.0,37.2,38.9,38.4,35.9,34.1,38.0,38.0,36.9,37.3,38.7,35.4,36.9,37.6,39.3,37.6,34.3,39.2,38.3,37.3,31.6,32.2,31.9,31.0,41.8,32.2,43.2,35.9,43.8,36.3,37.1,31.2,36.4,34.9,36.9,35.2,41.5,32.6,44.9,39.9,41.2,31.1,31.7,30.8,32.4,33.5,34.5,30.2,35.8,33.6,34.4,34.4,42.0,31.9,36.7,38.1,40.3,37.1,39.7,40.8,34.6,34.0,35.9,34.2,39.7,35.4,36.6,35.2,36.0,34.8,30.1,37.4,32.5,34.7,28.9
8179,30.4,31.3,28.7,38.4,35.4,38.7,38.0,34.3,36.5,35.5,37.8,38.2,36.9,36.0,37.6,37.2,34.1,33.7,37.0,37.0,35.3,36.1,37.4,34.1,34.9,35.3,38.2,35.9,32.7,38.0,36.3,36.4,29.8,30.6,30.5,29.7,39.6,30.8,40.3,33.7,41.1,34.7,34.6,29.9,34.2,32.8,34.6,33.3,38.2,30.5,41.6,38.5,37.7,29.5,31.1,30.0,31.6,32.6,33.2,30.0,35.3,32.0,33.5,32.1,40.6,30.9,35.3,37.2,39.1,36.1,37.3,37.4,32.2,31.5,33.9,32.1,38.6,34.5,35.5,32.4,34.2,32.1,29.5,36.7,30.6,33.2,27.4
8180,28.9,30.5,27.7,36.2,34.2,37.4,36.4,33.0,35.7,34.9,37.0,37.1,36.1,35.1,36.5,36.6,33.0,33.1,36.1,36.2,34.2,35.2,36.5,33.0,33.5,34.0,37.3,34.6,31.9,37.2,35.1,35.8,28.9,29.2,29.4,28.5,38.2,29.7,38.3,31.3,40.0,33.5,33.1,29.1,32.6,31.5,32.6,31.9,35.8,29.2,39.7,37.2,35.8,28.4,30.5,29.5,30.6,32.1,32.1,29.4,34.9,31.1,32.7,30.2,39.4,30.2,34.3,36.3,38.4,35.3,35.8,35.5,30.2,30.2,32.4,30.6,37.5,33.9,34.3,30.9,32.7,30.1,29.2,36.1,29.3,31.9,26.5
8181,27.5,29.6,26.7,34.7,33.2,36.4,35.5,31.9,35.0,34.1,36.3,36.4,35.3,34.4,35.5,35.8,32.0,32.5,35.2,35.7,33.4,34.2,35.7,32.2,32.8,33.4,36.3,33.5,31.0,36.6,34.0,35.5,28.1,28.2,28.5,27.6,36.9,28.8,37.2,30.4,38.7,32.9,31.7,28.3,31.1,30.7,30.9,30.9,34.0,27.9,38.0,36.0,34.3,27.3,29.9,29.0,29.8,31.6,31.6,29.2,34.5,30.5,32.4,29.2,38.4,29.7,33.3,35.5,37.5,34.6,34.7,33.9,28.6,29.3,31.2,29.2,36.9,33.4,33.6,29.9,31.9,28.8,29.1,35.6,28.3,30.9,25.8
8182,26.5,29.1,25.9,33.5,32.5,35.6,34.8,31.2,34.4,33.4,35.6,35.6,34.7,33.8,34.8,35.5,31.4,32.1,34.8,35.1,32.7,33.9,35.0,31.6,31.8,32.4,35.5,32.8,30.4,35.8,33.3,35.0,27.4,27.7,28.0,27.3,35.7,28.4,36.0,29.5,37.7,32.4,30.5,27.7,29.7,30.0,29.6,29.8,32.3,27.0,36.6,34.7,33.3,26.2,29.7,28.6,29.4,31.0,31.0,29.1,34.3,29.8,31.9,27.8,37.7,29.3,32.5,34.9,36.9,34.1,33.7,32.8,27.6,28.3,30.3,28.1,36.5,32.9,32.9,29.2,30.8,27.6,29.0,34.9,27.7,30.2,25.5
8183,25.0,28.5,25.2,32.8,31.9,35.0,34.1,30.5,33.8,32.7,35.0,34.9,34.2,33.1,34.2,34.8,31.1,31.7,34.2,34.5,32.2,33.2,34.7,30.7,31.2,31.9,34.9,32.4,29.8,35.1,32.6,34.4,26.8,26.9,27.5,26.6,35.2,27.9,35.3,28.9,36.7,32.0,29.6,27.1,28.3,29.3,28.5,28.9,31.4,26.3,35.3,33.7,32.1,25.6,29.3,28.3,29.2,30.6,30.8,28.9,34.0,29.4,31.5,26.7,37.1,28.9,31.9,34.1,36.2,33.7,32.5,31.5,26.7,27.6,29.6,27.3,35.9,32.6,32.3,28.6,29.9,26.6,28.9,34.4,27.2,29.5,25.1
8184,24.2,27.8,24.5,31.8,31.1,34.3,33.5,30.1,33.2,32.4,34.5,34.0,33.8,32.6,33.6,34.5,30.7,31.4,33.5,34.3,31.6,32.7,34.2,30.2,30.5,31.3,34.3,31.9,29.4,34.8,32.2,33.8,26.3,26.5,27.1,25.9,34.7,27.3,34.5,28.3,35.6,31.6,28.6,26.6,27.2,28.5,27.5,28.1,30.2,25.2,34.4,32.8,31.0,25.0,28.8,28.0,28.9,30.3,30.5,28.7,33.7,28.9,31.2,25.9,36.8,28.4,31.3,33.6,35.8,33.1,31.1,30.7,25.8,26.9,28.6,26.6,35.5,32.2,31.8,28.2,29.3,25.5,28.2,33.9,26.7,28.8,24.7
8185,23.3,27.8,24.2,31.1,30.6,33.7,32.9,29.6,32.7,31.9,34.1,33.5,33.3,32.0,33.2,33.9,30.1,31.2,33.1,33.8,31.2,32.1,33.8,29.5,29.8,30.8,33.9,31.6,28.9,34.2,31.7,33.5,25.8,26.0,26.4,25.3,34.2,27.2,33.9,28.0,34.9,31.3,27.9,26.0,26.4,28.0,26.7,27.5,29.7,24.8,33.5,31.9,29.9,24.2,28.7,27.8,28.4,29.8,30.2,28.5,33.5,28.4,30.9,25.1,36.3,28.0,30.8,33.2,35.1,32.6,29.8,30.3,24.6,26.2,28.2,25.6,35.2,31.8,31.4,27.4,28.7,24.5,28.1,33.6,26.1,28.3,24.2
8186,22.5,27.4,23.8,30.7,30.0,33.1,32.2,29.0,32.1,31.3,33.7,33.1,32.9,31.7,32.3,33.3,29.7,31.1,32.8,33.4,30.7,31.7,33.4,29.0,29.2,30.0,33.4,31.1,28.6,33.7,31.2,33.0,25.2,25.5,26.1,25.3,33.4,26.9,33.2,27.5,34.2,30.9,27.1,25.5,25.7,27.2,25.9,27.0,28.9,24.3,32.9,31.2,28.9,23.6,28.3,27.6,28.2,29.4,29.7,28.2,33.4,28.1,30.8,24.2,35.9,27.7,30.5,32.6,34.5,32.3,28.7,29.5,24.1,25.8,27.6,24.9,34.8,31.4,31.1,26.9,28.2,23.7,27.8,33.3,25.4,27.9,23.9
8187,21.9,26.9,23.5,30.1,29.6,32.4,31.6,28.6,31.6,31.0,33.3,32.5,32.4,31.3,31.8,33.0,29.3,31.0,32.6,32.9,30.4,31.4,33.0,28.5,28.8,29.7,32.9,30.7,28.1,33.4,30.7,32.5,24.6,25.3,25.6,25.0,33.3,26.6,32.7,27.0,33.5,30.9,26.6,25.0,25.2,26.7,25.4,26.2,28.5,23.4,32.3,30.5,28.1,23.0,28.1,27.2,27.9,29.2,29.4,27.8,33.2,27.8,30.5,23.6,35.6,27.4,29.9,32.4,34.1,31.9,27.8,29.2,23.4,25.4,27.2,24.6,34.3,31.1,30.8,26.4,27.8,23.1,27.6,32.9,24.9,27.6,23.4
8188,21.5,26.7,23.3,29.6,29.2,31.9,31.1,28.1,31.2,30.5,32.8,32.1,32.0,30.8,31.2,32.7,29.0,30.7,32.3,32.8,29.9,31.3,32.6,28.1,28.3,29.2,32.5,30.3,27.8,33.0,30.2,32.2,24.1,24.8,25.2,24.5,32.7,26.3,32.1,26.7,32.8,30.6,25.7,24.7,24.5,26.0,24.8,25.5,28.1,23.1,31.6,30.2,27.4,22.8,27.8,27.0,27.8,28.9,29.3,27.7,32.9,27.5,30.3,23.0,35.3,27.0,29.5,31.9,33.5,31.4,26.9,28.7,22.9,24.8,26.5,24.0,33.9,30.8,30.4,25.6,27.2,22.5,27.7,32.5,24.5,27.2,22.9
8189,21.0,26.6,23.0,29.2,28.8,31.3,30.7,27.8,30.8,30.1,32.4,31.8,31.8,30.4,30.8,32.4,28.7,30.5,31.7,32.4,29.6,31.0,32.2,27.5,27.5,29.0,32.1,29.8,27.6,32.8,29.9,31.9,23.7,24.2,24.8,24.2,32.2,25.9,31.8,26.0,32.1,30.1,25.2,24.1,24.3,25.6,24.4,25.0,27.5,22.6,31.1,29.7,26.8,22.8,27.6,26.8,27.6,28.8,29.1,27.3,32.7,27.3,30.2,22.7,35.0,27.0,29.2,31.5,33.1,31.1,26.4,28.2,22.5,24.5,25.8,23.6,33.6,30.4,30.1,25.2,26.6,22.2,27.5,32.2,24.1,26.9,22.7
8190,20.6,26.1,22.7,28.8,28.3,31.0,30.5,27.5,30.5,29.8,32.3,31.6,31.5,30.2,30.4,32.2,28.5,30.3,31.4,32.2,29.3,30.3,31.8,27.0,27.0,28.5,31.8,29.6,27.3,32.5,29.6,31.9,23.2,23.9,24.7,23.8,31.9,25.9,31.2,25.6,31.7,29.9,24.6,23.9,23.7,25.0,24.0,24.7,26.9,22.1,30.5,29.3,26.4,22.4,27.3,26.7,27.4,28.7,28.8,27.1,32.6,27.1,30.1,22.4,34.7,26.8,29.0,31.0,32.8,30.9,25.6,27.8,22.0,24.2,25.8,23.3,33.2,30.1,29.7,25.0,26.3,21.8,27.3,32.0,23.7,26.5,22.3
8191,20.2,26.1,22.8,28.5,27.8,30.7,30.1,27.3,30.1,29.4,32.0,31.5,31.4,29.9,30.1,31.9,28.3,30.3,31.1,31.9,28.9,30.3,31.6,26.6,26.5,28.1,31.6,29.1,26.9,32.3,29.3,31.7,22.9,23.4,24.1,23.4,31.2,25.7,30.9,25.3,31.3,29.7,24.3,23.6,23.3,24.7,23.7,24.2,26.1,21.8,30.0,29.2,25.9,22.0,27.1,26.6,27.2,28.8,28.8,26.9,32.6,26.8,30.0,22.2,34.5,26.7,28.6,30.7,32.6,30.7,25.0,27.3,21.7,23.8,25.1,22.9,32.9,30.0,29.4,24.6,25.7,21.4,27.3,31.8,23.2,26.2,22.1
8192,23.9,28.0,25.9,28.4,27.9,30.5,30.2,27.3,30.7,29.6,32.9,31.5,32.3,29.9,30.0,32.2,28.6,30.4,32.0,33.2,29.1,30.4,31.8,26.3,26.5,28.0,31.6,28.9,27.2,32.8,29.4,32.5,22.7,23.3,24.1,23.4,33.9,27.5,30.6,27.4,32.3,33.5,24.1,23.8,25.9,27.6,25.2,27.4,31.1,21.7,30.7,29.9,27.5,24.3,27.0,26.6,27.1,28.8,28.8,26.9,32.6,26.7,30.3,24.6,34.5,26.8,28.6,30.8,33.7,31.4,26.5,27.0,24.7,24.3,27.4,23.0,33.9,30.7,29.6,24.4,25.4,21.2,27.1,32.5,22.9,26.1,22.0
8193,29.4,32.6,32.3,31.5,30.8,32.9,33.0,30.2,33.0,31.7,35.3,33.7,35.0,31.8,32.8,34.1,31.7,32.5,34.9,35.4,31.8,32.7,34.5,28.7,29.5,31.5,33.3,31.6,29.6,35.5,31.7,34.6,25.1,25.6,25.8,25.9,38.9,32.0,33.8,32.1,35.1,38.1,27.4,27.5,30.3,33.0,28.4,32.8,38.8,25.1,36.4,32.8,32.4,29.0,28.0,28.3,28.8,30.4,29.5,28.7,33.9,27.2,32.2,29.9,35.7,29.2,31.9,32.5,36.6,33.8,31.8,30.9,30.2,28.4,32.5,27.6,36.5,32.7,31.9,27.2,28.3,23.5,28.9,34.4,25.2,28.4,24.3
8194,34.5,36.7,37.4,36.6,34.4,36.2,36.3,33.7,35.5,34.0,37.5,36.1,37.5,34.4,36.1,36.4,34.7,34.4,37.4,37.5,34.9,35.7,37.5,31.8,33.9,35.1,35.5,34.9,32.2,38.1,34.6,36.9,28.6,28.9,28.1,28.9,43.3,36.2,38.1,36.1,38.3,41.8,32.3,30.6,35.1,38.2,32.0,37.0,44.9,29.2,41.3,36.0,37.2,33.7,30.0,30.5,31.2,32.7,31.5,30.7,35.5,29.5,34.3,34.6,37.5,31.7,34.8,34.8,39.3,36.0,36.6,36.8,35.5,32.5,36.6,31.7,38.9,34.8,34.6,31.9,32.4,27.3,31.2,36.4,28.8,31.3,27.2
8195,38.9,39.5,40.6,41.1,37.7,39.0,39.3,37.1,37.6,36.4,39.4,38.5,39.8,36.5,39.0,38.7,37.6,36.3,39.5,39.3,37.7,37.8,40.3,34.7,37.7,38.5,37.8,37.7,34.8,40.3,37.4,38.9,31.6,32.1,30.5,31.3,46.7,39.1,42.3,39.3,41.5,44.4,36.8,33.6,39.1,41.7,36.1,40.1,49.0,33.4,45.1,39.0,41.2,37.3,32.1,32.3,33.4,34.8,33.8,32.1,36.8,31.9,35.9,38.4,39.3,33.7,37.8,37.0,41.5,38.2,41.4,41.9,39.7,35.7,40.0,35.4,40.9,36.6,36.8,36.2,36.1,31.6,33.2,38.0,32.0,34.1,29.6
8196,42.5,41.6,42.5,44.4,40.3,41.5,41.8,39.9,39.4,38.4,41.1,40.6,41.5,38.4,41.4,40.6,40.0,37.6,41.1,40.7,39.9,39.7,42.1,37.2,40.7,41.2,39.7,40.3,36.9,42.0,39.9,40.5,34.2,34.5,32.6,33.4,49.3,41.4,45.8,41.7,44.0,46.2,40.5,35.8,42.4,44.1,39.4,42.8,51.9,36.2,48.4,41.6,44.8,39.7,33.9,33.7,35.0,36.6,35.4,33.3,38.1,34.2,37.2,41.0,41.3,35.4,40.4,38.9,43.5,39.7,45.0,45.4,42.8,37.8,42.5,38.4,42.3,37.8,38.8,39.2,39.3,35.6,34.9,39.2,34.5,36.4,31.6
8197,44.9,43.0,43.1,46.8,42.3,43.2,43.7,42.0,40.7,39.9,42.4,42.2,42.5,39.9,43.2,41.8,41.7,38.5,42.4,41.5,41.8,40.9,43.7,39.2,42.9,43.3,41.5,42.2,38.7,43.5,41.7,41.6,36.1,36.4,34.2,35.1,51.2,42.5,48.3,43.5,46.2,47.5,42.8,37.5,45.0,45.7,41.7,44.7,53.7,38.6,50.7,43.5,47.4,41.4,35.0,34.6,36.1,37.7,36.8,34.1,38.9,35.9,38.2,42.7,43.5,36.6,42.5,40.3,44.9,40.8,47.5,47.9,44.9,39.5,44.3,40.7,43.3,38.7,40.3,41.4,41.5,38.4,36.0,40.1,36.5,38.1,33.1
8198,45.1,43.1,43.3,48.3,43.7,44.5,45.0,42.9,41.5,40.9,43.0,43.1,43.2,41.0,44.3,42.5,42.8,38.9,43.0,42.1,42.9,42.0,44.7,40.5,44.3,44.5,42.5,43.3,39.8,44.2,42.9,42.3,37.3,37.7,35.4,36.2,52.2,42.5,50.1,44.5,47.7,47.7,44.4,38.5,46.1,46.2,43.2,45.7,54.0,39.9,52.1,45.0,49.1,41.6,35.4,35.1,36.5,38.2,37.7,34.5,39.1,37.1,38.8,43.7,44.9,37.3,43.7,41.3,45.6,41.5,48.8,49.4,46.2,40.7,45.0,42.0,44.0,39.1,41.4,43.0,42.9,40.3,36.6,40.4,37.7,39.2,34.4
8199,45.5,42.5,43.1,49.2,44.2,44.9,45.4,43.6,41.5,41.0,42.9,43.6,43.2,41.2,44.7,42.6,43.0,38.8,42.7,42.0,43.2,41.8,45.2,41.1,44.7,45.0,42.9,43.7,40.1,44.3,43.5,42.4,37.9,38.2,35.9,36.4,52.2,41.8,51.0,44.8,48.4,46.7,45.2,38.8,46.4,46.0,43.6,45.3,54.2,40.5,52.9,45.3,49.6,41.2,35.4,34.8,36.6,38.1,38.0,34.2,38.6,37.6,38.7,43.7,45.6,37.1,44.2,41.5,45.6,41.6,49.1,49.8,45.8,41.2,44.8,42.3,44.0,39.0,41.5,43.3,43.3,41.1,36.7,40.4,38.2,39.6,34.6
8200,43.4,39.5,39.8,48.7,43.6,44.4,44.9,42.9,40.6,40.3,42.1,43.3,42.4,40.8,44.0,41.8,42.4,37.2,41.5,40.8,42.5,41.1,44.5,40.4,44.3,44.3,42.3,42.9,39.5,43.6,42.9,41.4,37.2,37.5,35.5,36.1,50.6,39.1,50.7,43.3,48.1,44.2,44.7,38.0,43.9,43.8,42.9,43.5,51.9,40.3,52.3,44.3,49.2,38.2,34.7,33.4,35.8,37.2,37.7,32.7,37.4,37.5,37.3,41.9,45.3,35.5,43.3,41.0,44.9,40.7,48.4,49.7,44.3,40.5,43.4,41.4,43.1,38.0,40.8,43.2,42.9,40.8,36.1,39.3,37.9,38.9,33.9
8201,36.7,34.9,33.8,46.3,40.8,42.3,42.3,40.1,38.3,37.8,40.0,41.4,39.4,38.9,41.5,39.5,39.3,35.2,39.2,38.8,39.6,38.4,41.7,37.7,41.5,41.6,40.5,40.2,36.6,41.4,40.5,38.7,34.2,34.7,33.3,33.3,45.1,34.5,48.3,38.8,46.1,38.3,41.9,34.7,38.9,39.0,39.8,38.7,45.6,37.1,49.7,41.8,46.9,33.3,32.7,31.8,33.5,35.0,36.2,30.9,36.5,35.9,35.5,37.3,43.5,33.3,39.2,39.2,42.2,38.5,45.1,47.2,38.6,37.1,38.7,38.1,40.8,36.2,38.4,40.4,39.8,38.1,33.0,38.0,35.2,36.3,31.0
8202,32.5,32.7,30.7,41.6,37.3,39.8,39.4,36.5,37.0,36.2,38.4,39.6,37.7,36.9,38.6,38.0,35.7,34.1,37.6,37.4,36.6,36.9,38.5,35.2,36.6,37.5,38.9,37.4,34.0,39.0,38.0,36.8,31.3,31.8,31.5,30.6,41.5,32.1,43.0,35.7,43.6,36.2,36.8,30.8,36.2,34.8,36.7,35.1,41.5,32.5,44.8,39.7,41.0,30.7,31.5,30.7,32.1,33.2,34.4,30.1,35.8,33.5,34.5,34.2,41.8,31.9,36.5,37.8,39.8,36.8,39.6,40.7,34.4,33.5,35.8,34.0,39.3,35.0,36.3,34.9,35.8,34.5,30.0,37.0,32.1,34.4,28.4
8203,30.1,31.2,28.6,38.2,35.2,38.4,37.8,34.2,36.0,35.2,37.4,37.9,36.6,35.7,37.4,36.9,34.0,33.8,36.6,36.5,35.1,35.7,37.2,33.9,34.6,35.1,37.9,35.7,32.5,37.7,36.1,36.0,29.5,30.2,30.1,29.4,39.3,30.8,40.1,33.5,41.0,34.6,34.4,29.6,34.1,32.7,34.3,33.2,38.4,30.4,41.4,38.2,37.5,29.1,30.8,30.0,31.4,32.4,33.1,29.8,35.3,31.9,33.6,31.9,40.5,30.9,35.1,36.9,38.8,35.8,37.1,37.3,32.0,31.0,33.7,31.9,38.2,34.2,35.2,32.2,33.9,31.8,29.5,36.3,30.3,32.9,27.0
8204,28.7,30.4,27.5,35.9,34.0,37.3,36.3,32.8,35.3,34.6,36.6,36.8,35.8,34.9,36.3,36.3,32.9,33.0,35.7,35.7,34.0,34.9,36.3,32.8,33.2,33.8,37.0,34.4,31.8,36.9,34.9,35.5,28.6,28.9,28.9,28.0,37.9,29.6,38.1,31.2,39.8,33.4,32.9,28.8,32.5,31.5,32.3,31.9,36.0,29.2,39.5,36.9,35.6,28.0,30.3,29.4,30.3,31.9,32.1,29.2,34.9,31.1,32.8,30.1,39.2,30.2,34.1,36.0,38.1,35.1,35.7,35.3,30.3,29.8,32.3,30.5,37.2,33.5,34.1,30.7,32.5,29.9,29.1,35.7,29.0,31.6,26.0
8205,27.3,29.5,26.6,34.4,33.0,36.3,35.3,31.8,34.6,33.9,35.9,36.1,35.0,34.3,35.3,35.7,32.0,32.6,34.9,35.2,33.3,33.9,35.5,32.0,32.5,33.1,36.1,33.4,30.9,36.3,33.8,35.2,27.9,28.0,28.1,27.2,36.7,28.8,36.9,30.3,38.4,32.8,31.5,27.9,31.0,30.6,30.6,30.9,34.3,27.8,37.9,35.7,34.2,27.0,29.7,28.9,29.5,31.4,31.6,29.0,34.5,30.4,32.5,29.0,38.3,29.7,33.2,35.4,37.2,34.4,34.7,33.7,28.6,28.9,31.0,29.1,36.6,33.1,33.5,29.7,31.6,28.7,29.0,35.1,28.1,30.7,25.4
8206,26.2,29.0,25.8,33.3,32.2,35.4,34.6,31.1,34.1,33.2,35.3,35.3,34.4,33.7,34.5,35.3,31.3,32.2,34.5,34.7,32.6,33.7,34.8,31.3,31.6,32.2,35.4,32.6,30.3,35.6,33.1,34.8,27.2,27.4,27.5,26.9,35.6,28.3,35.8,29.4,37.4,32.3,30.4,27.2,29.6,29.9,29.4,29.7,32.5,27.0,36.5,34.5,33.2,26.0,29.4,28.6,29.2,30.8,31.1,29.0,34.3,29.7,32.0,27.7,37.6,29.2,32.5,34.8,36.6,33.8,33.6,32.7,27.6,27.9,30.2,28.1,36.1,32.6,32.8,29.0,30.6,27.5,28.8,34.4,27.6,29.9,25.1
8207,24.9,28.4,25.1,32.5,31.6,34.8,33.9,30.3,33.5,32.6,34.7,34.7,33.9,33.0,33.9,34.7,31.0,31.7,33.9,34.2,32.0,33.0,34.5,30.5,30.9,31.6,34.8,32.2,29.7,34.9,32.4,34.2,26.6,26.6,27.1,26.4,35.0,27.9,35.1,28.8,36.4,31.9,29.4,26.7,28.2,29.2,28.3,28.8,31.6,26.3,35.1,33.4,32.0,25.2,29.0,28.2,29.0,30.4,30.8,28.8,34.0,29.3,31.6,26.6,37.0,28.8,31.9,34.0,35.9,33.4,32.5,31.3,26.6,27.2,29.5,27.2,35.6,32.2,32.1,28.5,29.7,26.4,28.8,33.8,27.1,29.3,24.7
8208,24.0,27.7,24.3,31.7,30.9,34.1,33.2,29.9,32.9,32.1,34.3,33.9,33.5,32.4,33.3,34.4,30.4,31.4,33.3,33.9,31.4,32.5,34.0,30.0,30.2,31.0,34.2,31.7,29.3,34.6,31.9,33.6,26.1,26.2,26.6,25.6,34.3,27.2,34.2,28.2,35.3,31.5,28.5,26.2,27.1,28.4,27.3,28.0,30.4,25.3,34.2,32.6,30.8,24.6,28.6,27.9,28.6,30.1,30.6,28.5,33.7,28.7,31.4,25.8,36.6,28.3,31.3,33.4,35.5,32.9,31.0,30.6,25.7,26.4,28.5,26.7,35.2,31.8,31.5,28.0,29.1,25.4,28.2,33.3,26.6,28.5,24.3
8209,23.1,27.7,24.1,31.0,30.3,33.3,32.5,29.3,32.5,31.6,33.8,33.5,33.0,31.8,32.8,33.7,29.9,31.1,32.8,33.4,31.0,31.9,33.5,29.3,29.5,30.5,33.7,31.4,28.7,34.0,31.4,33.3,25.5,25.8,26.0,25.0,33.9,27.2,33.8,27.9,34.6,31.3,27.7,25.6,26.3,28.1,26.5,27.5,29.8,24.8,33.5,31.7,29.7,24.0,28.4,27.7,28.2,29.6,30.2,28.4,33.6,28.3,31.1,25.1,36.1,27.8,30.7,33.0,34.8,32.5,29.7,30.1,24.6,25.7,28.1,25.6,34.9,31.5,31.2,27.3,28.5,24.3,28.0,32.9,25.9,28.1,23.9
8210,22.3,27.2,23.7,30.5,29.7,32.8,32.0,28.8,31.8,31.0,33.5,33.0,32.7,31.4,32.0,33.2,29.4,31.0,32.6,33.0,30.5,31.4,33.1,28.8,28.9,29.8,33.2,31.0,28.3,33.6,31.0,32.8,25.0,25.2,25.7,25.0,33.1,26.8,33.1,27.3,33.9,30.9,27.0,25.0,25.6,27.1,25.7,26.9,29.0,24.4,32.7,30.9,28.7,23.4,28.1,27.5,28.0,29.2,29.7,28.0,33.3,27.9,30.9,24.2,35.7,27.6,30.5,32.4,34.3,32.1,28.7,29.4,24.0,25.3,27.5,25.0,34.5,31.1,30.9,26.7,28.1,23.5,27.7,32.5,25.3,27.6,23.5
8211,21.7,26.8,23.5,30.0,29.2,32.1,31.4,28.3,31.3,30.7,33.1,32.4,32.3,31.1,31.5,32.8,29.0,30.8,32.4,32.6,30.1,31.1,32.8,28.4,28.6,29.4,32.7,30.4,27.9,33.3,30.5,32.4,24.3,25.0,25.2,24.6,32.9,26.4,32.6,26.9,33.2,30.9,26.5,24.5,25.0,26.6,25.1,26.1,28.6,23.5,32.2,30.3,28.0,22.8,27.9,27.1,27.7,28.9,29.4,27.7,33.0,27.7,30.6,23.6,35.4,27.2,29.9,32.1,33.9,31.7,27.8,29.1,23.2,25.0,27.3,24.7,34.0,30.9,30.5,26.2,27.6,22.8,27.6,32.2,24.8,27.3,23.1
8212,21.3,26.6,23.2,29.5,28.8,31.6,30.9,27.9,30.9,30.3,32.7,32.0,31.9,30.6,30.9,32.6,28.7,30.6,32.1,32.4,29.6,31.1,32.3,27.9,28.0,29.0,32.2,30.0,27.6,32.9,30.0,32.1,23.8,24.5,24.8,24.1,32.2,26.2,32.0,26.5,32.6,30.5,25.6,24.2,24.4,25.9,24.6,25.4,28.2,23.3,31.6,29.9,27.4,22.6,27.6,26.9,27.6,28.7,29.2,27.4,32.8,27.4,30.3,23.0,35.1,26.9,29.6,31.6,33.4,31.2,27.0,28.5,22.8,24.3,26.5,24.0,33.6,30.5,30.1,25.5,27.0,22.2,27.7,31.7,24.3,27.0,22.5
8213,20.8,26.5,22.8,29.1,28.5,31.1,30.5,27.6,30.6,29.7,32.4,31.7,31.6,30.2,30.5,32.3,28.5,30.4,31.6,32.1,29.3,30.7,31.9,27.4,27.4,28.8,31.9,29.5,27.4,32.6,29.6,31.9,23.4,23.9,24.4,23.9,31.7,25.8,31.6,25.8,32.0,30.1,25.1,23.6,24.2,25.6,24.3,25.0,27.7,22.6,31.1,29.4,26.8,22.6,27.4,26.6,27.3,28.6,29.1,27.0,32.5,27.2,30.2,22.6,34.8,26.8,29.3,31.2,33.0,31.0,26.4,28.0,22.3,24.1,25.7,23.6,33.4,30.2,29.8,25.1,26.4,21.9,27.4,31.4,23.8,26.6,22.3
8214,20.4,26.0,22.6,28.7,28.0,30.8,30.3,27.3,30.3,29.5,32.3,31.5,31.4,29.9,30.1,32.0,28.3,30.2,31.4,31.9,29.0,30.1,31.6,26.7,26.8,28.3,31.6,29.3,27.0,32.4,29.3,31.8,22.9,23.6,24.3,23.5,31.4,25.8,31.0,25.3,31.4,30.0,24.5,23.5,23.6,24.8,23.9,24.6,27.1,22.1,30.5,29.0,26.4,22.2,27.1,26.6,27.2,28.5,28.8,26.9,32.4,27.0,30.1,22.3,34.5,26.6,29.0,30.8,32.7,30.8,25.6,27.6,21.7,23.9,25.7,23.3,33.1,30.0,29.4,24.8,25.9,21.6,27.2,31.2,23.4,26.2,21.9
8215,19.9,25.9,22.5,28.4,27.5,30.5,29.9,27.0,29.9,29.1,32.0,31.3,31.3,29.6,29.8,31.7,28.0,30.1,31.2,31.6,28.6,30.0,31.3,26.3,26.4,27.9,31.3,28.8,26.6,32.2,29.0,31.6,22.5,23.1,23.8,23.1,30.8,25.6,30.7,25.1,31.0,29.7,24.3,23.2,23.1,24.6,23.6,24.1,26.3,21.8,30.0,28.9,25.9,21.8,26.9,26.4,27.0,28.5,28.8,26.8,32.4,26.6,30.0,22.1,34.3,26.5,28.7,30.5,32.5,30.6,25.0,27.2,21.3,23.5,24.8,22.9,32.7,29.8,29.2,24.5,25.3,21.1,27.2,31.0,22.9,25.9,21.7
8216,23.4,27.7,25.4,28.4,27.4,30.3,29.9,26.9,30.4,29.3,32.7,31.3,32.1,29.6,29.7,32.0,28.3,30.1,32.0,32.9,28.8,30.1,31.5,26.0,26.4,27.8,31.4,28.6,26.9,32.7,29.1,32.3,22.3,22.9,23.7,23.0,33.5,27.2,30.4,27.1,32.0,33.4,24.1,23.5,25.6,27.5,24.9,27.1,30.9,21.7,30.6,29.7,27.4,23.9,26.8,26.4,26.8,28.4,28.7,26.7,32.3,26.5,30.3,24.3,34.3,26.5,28.7,30.4,33.6,31.3,26.4,26.9,24.3,23.9,27.1,23.0,33.8,30.4,29.3,24.2,25.1,20.8,27.0,31.7,22.6,25.8,21.5
8217,28.9,32.2,31.8,31.3,30.3,32.6,32.7,29.9,32.6,31.4,35.1,33.4,34.8,31.5,32.5,33.7,31.4,32.3,34.8,35.1,31.5,32.4,34.2,28.4,29.3,31.1,33.0,31.3,29.2,35.3,31.4,34.3,24.7,25.2,25.3,25.4,38.6,31.8,33.6,31.7,34.7,38.0,27.2,27.0,30.0,32.9,28.1,32.6,38.5,24.9,36.2,32.5,32.3,28.6,27.8,28.0,28.6,30.1,29.4,28.5,33.7,27.0,32.1,29.6,35.5,28.9,31.9,32.2,36.4,33.6,31.6,30.7,29.8,27.9,32.3,27.5,36.3,32.4,31.5,26.9,27.9,23.2,28.7,33.6,24.9,28.0,23.7
8218,34.0,36.3,37.1,36.3,34.0,35.8,36.0,33.3,35.0,33.6,37.2,35.8,37.2,33.9,35.7,36.1,34.3,34.2,37.2,37.1,34.5,35.2,37.1,31.4,33.6,34.7,35.1,34.5,31.7,37.9,34.2,36.5,28.3,28.5,27.6,28.4,43.0,35.8,38.0,35.6,37.9,41.7,32.0,30.1,34.7,37.9,31.6,36.7,44.6,28.9,41.1,35.7,37.0,33.4,29.8,30.2,30.9,32.4,31.4,30.5,35.2,29.2,34.2,34.3,37.3,31.5,34.8,34.4,39.0,35.8,36.4,36.6,35.1,32.0,36.2,31.5,38.7,34.4,34.1,31.6,32.0,27.0,30.9,35.5,28.4,30.9,26.6
8219,38.4,39.3,40.3,40.9,37.3,38.6,39.0,36.7,37.2,35.9,39.1,38.2,39.5,36.1,38.6,38.2,37.2,36.0,39.2,39.0,37.2,37.3,39.9,34.3,37.4,38.1,37.4,37.4,34.3,40.0,36.9,38.5,31.3,31.7,30.0,30.8,46.5,38.9,42.2,38.8,41.1,44.4,36.5,33.1,38.7,41.5,35.7,39.8,48.6,33.1,44.8,38.7,41.0,36.9,31.8,32.1,33.0,34.4,33.6,31.8,36.5,31.6,35.8,37.9,39.2,33.5,37.7,36.6,41.2,37.9,41.1,41.7,39.3,35.1,39.6,35.1,40.6,36.1,36.3,35.9,35.7,31.3,32.9,37.2,31.7,33.6,29.1
8220,42.0,41.4,42.3,44.2,39.9,41.1,41.4,39.4,38.9,38.0,40.8,40.2,41.1,38.0,41.0,40.1,39.5,37.3,40.8,40.4,39.4,39.2,41.7,36.7,40.4,40.9,39.3,39.9,36.5,41.8,39.4,40.1,33.9,34.1,32.1,33.0,49.0,41.2,45.8,41.2,43.6,46.2,40.2,35.4,42.0,43.9,39.0,42.4,51.4,35.9,48.1,41.1,44.5,39.3,33.5,33.5,34.6,36.1,35.2,33.0,37.8,33.9,37.0,40.5,41.2,35.2,40.2,38.5,43.2,39.3,44.8,45.3,42.5,37.3,42.1,38.0,42.0,37.3,38.4,39.0,38.8,35.2,34.6,38.4,34.2,35.9,31.2
8221,44.5,42.7,42.9,46.7,41.9,42.9,43.3,41.6,40.2,39.4,42.1,41.7,42.1,39.5,42.9,41.3,41.3,38.2,42.2,41.2,41.4,40.5,43.3,38.8,42.6,42.9,41.1,41.9,38.2,43.2,41.3,41.1,35.8,36.0,33.7,34.7,50.9,42.3,48.4,43.0,45.7,47.4,42.6,37.0,44.6,45.4,41.3,44.3,53.3,38.3,50.3,43.0,47.1,41.0,34.5,34.4,35.7,37.1,36.6,33.8,38.5,35.6,38.0,42.3,43.4,36.4,42.1,39.9,44.5,40.3,47.3,47.8,44.6,38.9,43.8,40.2,43.0,38.2,40.0,41.2,41.1,38.0,35.7,39.4,36.2,37.6,32.7
8222,44.7,42.9,43.0,48.3,43.3,44.2,44.7,42.5,40.9,40.5,42.7,42.7,42.8,40.6,44.0,42.1,42.4,38.7,42.7,41.8,42.5,41.5,44.3,40.1,44.0,44.2,42.2,43.0,39.3,44.0,42.5,41.8,37.0,37.2,34.9,35.8,52.0,42.3,50.2,43.9,47.3,47.6,44.1,38.1,45.8,46.0,42.8,45.3,53.5,39.5,51.7,44.5,48.9,41.3,35.0,34.8,36.1,37.7,37.5,34.3,38.8,36.8,38.6,43.2,44.7,37.1,43.2,41.0,45.2,41.0,48.6,49.3,45.9,40.1,44.4,41.5,43.7,38.6,41.0,42.7,42.5,40.0,36.3,39.7,37.4,38.7,33.9
8223,45.2,42.3,42.9,49.1,43.9,44.7,45.2,43.3,41.0,40.6,42.6,43.2,42.7,40.9,44.4,42.2,42.5,38.5,42.4,41.7,42.8,41.4,44.9,40.7,44.5,44.7,42.5,43.4,39.6,44.1,43.1,41.9,37.5,37.7,35.4,35.9,52.0,41.7,51.0,44.2,47.9,46.6,44.9,38.4,46.0,45.9,43.3,45.0,53.8,40.1,52.5,44.8,49.3,40.9,35.0,34.6,36.1,37.6,37.7,34.0,38.3,37.3,38.5,43.3,45.4,36.9,43.7,41.2,45.3,41.2,48.9,49.7,45.5,40.6,44.2,41.7,43.7,38.5,41.2,43.0,43.0,40.7,36.4,39.7,37.9,39.1,34.1
8224,43.0,39.3,39.6,48.6,43.2,44.1,44.7,42.5,40.1,39.9,41.7,42.8,41.9,40.4,43.7,41.4,42.0,36.9,41.2,40.5,42.2,40.7,44.2,40.0,44.1,44.1,41.9,42.7,39.0,43.4,42.5,41.0,36.8,36.9,34.9,35.6,50.4,38.9,50.7,42.8,47.7,44.1,44.5,37.5,43.5,43.6,42.6,43.1,51.4,39.8,52.0,43.8,48.9,37.8,34.3,33.2,35.3,36.7,37.5,32.5,37.1,37.2,37.1,41.4,45.2,35.2,42.8,40.7,44.5,40.3,48.3,49.7,44.1,39.8,42.8,40.9,42.8,37.6,40.5,42.9,42.6,40.4,35.7,38.7,37.5,38.4,33.4
8225,36.3,34.7,33.5,46.2,40.4,42.1,42.1,39.8,37.8,37.4,39.6,41.0,39.0,38.6,41.2,39.1,38.9,34.9,39.0,38.5,39.3,38.0,41.4,37.3,41.3,41.4,40.2,39.9,36.1,41.1,40.1,38.3,33.8,34.2,32.7,32.8,44.9,34.3,48.3,38.4,45.7,38.3,41.6,34.3,38.5,38.7,39.4,38.3,45.2,36.6,49.4,41.3,46.6,33.0,32.3,31.6,33.1,34.5,35.9,30.8,36.2,35.6,35.3,36.9,43.4,33.1,38.9,38.9,41.9,38.1,44.9,47.2,38.2,36.5,38.2,37.7,40.5,35.8,38.0,40.1,39.4,37.7,32.7,37.4,34.8,35.8,30.5
8226,32.1,32.6,30.4,41.5,36.8,39.5,39.1,36.1,36.5,35.8,38.1,39.2,37.3,36.6,38.5,37.6,35.5,33.8,37.3,37.2,36.3,36.3,38.2,34.8,36.4,37.2,38.6,37.0,33.6,38.7,37.7,36.5,30.8,31.3,30.9,30.1,41.3,31.9,43.0,35.3,43.2,36.2,36.5,30.4,35.9,34.6,36.4,34.7,41.1,32.0,44.6,39.2,40.8,30.3,31.1,30.6,31.6,32.8,34.2,30.0,35.5,33.2,34.3,33.9,41.7,31.6,36.3,37.5,39.6,36.4,39.6,40.7,34.2,32.9,35.4,33.7,39.0,34.6,35.9,34.6,35.4,34.2,29.7,36.4,31.8,34.0,27.9
8227,29.8,31.1,28.3,38.0,34.7,38.2,37.6,33.9,35.6,34.8,37.1,37.5,36.2,35.4,37.1,36.5,33.7,33.4,36.3,36.4,34.8,35.1,37.0,33.5,34.4,34.8,37.6,35.3,32.1,37.3,35.9,35.6,29.2,29.8,29.6,29.0,39.0,30.6,40.1,33.2,40.6,34.6,34.1,29.3,33.8,32.5,34.1,32.9,37.9,30.1,41.2,37.7,37.4,28.8,30.4,29.8,30.9,31.9,32.9,29.7,35.0,31.5,33.3,31.6,40.3,30.6,34.9,36.6,38.5,35.4,37.0,37.2,31.8,30.5,33.4,31.6,38.0,33.8,34.9,31.9,33.6,31.5,29.1,35.7,29.9,32.5,26.6
8228,28.3,30.2,27.2,35.7,33.5,36.9,36.0,32.6,34.8,34.3,36.3,36.3,35.3,34.6,36.0,35.9,32.6,32.7,35.6,35.5,33.7,34.3,36.0,32.6,33.1,33.5,36.7,34.1,31.3,36.6,34.6,35.1,28.3,28.5,28.5,27.7,37.7,29.6,38.2,30.9,39.5,33.3,32.7,28.3,32.1,31.2,32.1,31.6,35.5,28.9,39.3,36.5,35.4,27.7,29.9,29.2,29.9,31.5,31.9,29.1,34.6,30.8,32.5,29.9,39.1,30.0,33.9,35.7,37.8,34.7,35.6,35.2,29.9,29.3,31.9,30.2,37.0,33.3,33.8,30.4,32.1,29.5,28.7,35.0,28.6,31.2,25.7
8229,27.0,29.3,26.4,34.2,32.6,36.0,34.9,31.5,34.2,33.6,35.6,35.6,34.6,34.1,35.0,35.3,31.7,32.3,34.6,35.0,33.0,33.4,35.2,31.6,32.3,32.9,35.8,33.1,30.5,36.0,33.5,34.8,27.5,27.5,27.7,26.9,36.5,28.6,37.0,30.0,38.1,32.8,31.4,27.5,30.6,30.4,30.4,30.5,33.9,27.6,37.7,35.4,34.0,26.6,29.4,28.7,29.1,30.9,31.4,28.9,34.2,30.1,32.2,28.7,38.1,29.5,33.0,35.1,36.9,34.0,34.5,33.6,28.3,28.3,30.8,28.9,36.4,32.8,33.3,29.4,31.3,28.3,28.5,34.4,27.7,30.3,25.0
8230,26.0,28.6,25.5,33.1,31.9,35.2,34.2,30.7,33.6,32.8,35.0,34.9,33.9,33.4,34.2,34.9,31.0,31.9,34.2,34.5,32.2,33.2,34.6,31.0,31.3,31.9,35.1,32.3,29.9,35.3,32.8,34.3,26.8,26.8,27.1,26.6,35.3,28.0,35.9,29.2,37.1,32.2,30.2,26.8,29.2,29.9,29.2,29.4,32.2,26.8,36.4,34.2,33.2,25.6,29.0,28.4,28.8,30.4,30.9,28.8,34.0,29.4,31.7,27.4,37.4,29.0,32.3,34.4,36.3,33.5,33.5,32.7,27.2,27.4,29.9,27.8,35.8,32.3,32.5,28.7,30.4,27.2,28.4,33.7,27.2,29.6,24.7
8231,24.6,28.0,24.8,32.3,31.3,34.6,33.5,30.0,33.1,32.2,34.4,34.3,33.4,32.7,33.6,34.4,30.6,31.4,33.6,33.9,31.6,32.5,34.2,30.3,30.7,31.3,34.6,31.9,29.3,34.6,32.0,33.8,26.2,26.1,26.7,26.0,34.7,27.5,35.0,28.6,36.2,31.9,29.3,26.2,27.8,29.2,28.2,28.6,31.2,26.1,35.0,33.3,31.9,24.9,28.6,28.0,28.5,30.0,30.6,28.6,33.6,29.0,31.3,26.3,36.7,28.6,31.7,33.7,35.6,33.1,32.4,31.3,26.0,26.7,29.3,26.9,35.4,31.9,31.8,28.2,29.4,26.1,28.3,33.1,26.7,29.0,24.4
8232,23.8,27.3,24.0,31.4,30.6,33.9,32.8,29.5,32.5,31.7,33.9,33.6,33.0,32.0,33.0,34.1,30.1,31.0,33.1,33.7,31.0,32.1,33.7,29.7,30.1,30.8,33.9,31.4,28.9,34.4,31.6,33.2,25.7,25.8,26.3,25.3,34.1,26.8,34.2,27.9,35.1,31.4,28.3,25.8,26.8,28.1,27.2,27.8,30.1,25.1,34.2,32.5,30.8,24.4,28.2,27.8,28.2,29.7,30.3,28.4,33.3,28.3,31.2,25.5,36.4,28.1,31.0,33.0,35.2,32.5,31.0,30.5,25.0,26.0,28.4,26.5,35.0,31.6,31.2,27.6,28.7,25.1,27.7,32.6,26.2,28.3,24.0
8233,22.9,27.3,23.8,30.7,30.0,33.0,32.2,29.0,32.1,31.2,33.4,33.2,32.5,31.5,32.5,33.4,29.5,30.8,32.6,33.2,30.6,31.5,33.1,29.0,29.4,30.3,33.3,31.0,28.4,33.7,31.0,32.9,25.2,25.3,25.7,24.7,33.6,26.7,33.7,27.6,34.4,31.1,27.5,25.2,25.9,27.7,26.4,27.3,29.6,24.6,33.4,31.5,29.7,23.7,28.0,27.5,27.7,29.2,29.8,28.3,33.2,27.9,30.9,24.8,35.8,27.7,30.4,32.6,34.6,32.1,29.7,30.0,23.9,25.3,28.0,25.4,34.7,31.2,30.8,26.9,28.2,24.1,27.6,32.3,25.6,27.8,23.5
8234,22.0,26.9,23.4,30.2,29.4,32.5,31.7,28.6,31.4,30.7,33.1,32.7,32.2,31.1,31.8,32.8,29.0,30.7,32.3,32.8,30.1,31.0,32.7,28.5,28.8,29.5,32.8,30.6,28.0,33.2,30.7,32.5,24.6,24.8,25.3,24.6,32.9,26.3,33.1,27.1,33.7,30.5,26.9,24.5,25.2,26.8,25.7,26.8,28.8,24.1,32.6,30.8,28.7,23.0,27.7,27.3,27.5,28.8,29.4,27.9,32.9,27.5,30.8,24.0,35.4,27.5,30.2,32.0,34.0,31.7,28.7,29.3,23.3,24.7,27.4,24.8,34.3,30.9,30.5,26.3,27.7,23.2,27.2,32.0,25.0,27.3,23.1
8235,21.4,26.5,23.2,29.6,28.9,31.9,31.1,28.1,30.9,30.4,32.7,32.1,31.9,30.8,31.3,32.5,28.7,30.5,32.1,32.4,29.8,30.6,32.4,28.0,28.4,29.1,32.3,30.1,27.6,33.0,30.2,32.2,24.1,24.5,24.8,24.2,32.7,26.1,32.6,26.7,33.0,30.6,26.3,24.1,24.7,26.2,25.1,26.1,28.4,23.2,32.1,30.1,28.1,22.4,27.5,27.0,27.3,28.5,29.1,27.6,32.6,27.3,30.5,23.4,35.1,27.1,29.6,31.7,33.7,31.3,27.8,28.8,22.6,24.5,27.1,24.5,33.9,30.6,30.1,25.9,27.1,22.4,27.0,31.6,24.4,27.1,22.7
8236,21.0,26.3,22.9,29.3,28.4,31.4,30.6,27.7,30.5,30.0,32.4,31.7,31.5,30.2,30.7,32.2,28.4,30.2,31.7,32.2,29.3,30.6,31.9,27.7,27.8,28.7,32.0,29.7,27.4,32.6,29.6,31.8,23.5,24.1,24.4,23.7,32.1,25.8,32.0,26.3,32.3,30.2,25.5,23.8,24.1,25.5,24.5,25.3,28.0,23.0,31.4,29.8,27.4,22.2,27.2,26.8,27.1,28.4,29.0,27.3,32.5,27.0,30.2,22.8,34.7,26.8,29.2,31.2,33.1,30.9,27.0,28.2,22.1,23.8,26.3,23.8,33.5,30.3,29.7,25.1,26.6,21.8,27.2,31.2,24.0,26.7,22.2
8237,20.5,26.3,22.5,28.8,28.1,30.9,30.3,27.3,30.2,29.5,32.1,31.3,31.2,29.9,30.3,31.9,28.2,30.0,31.3,31.8,29.0,30.2,31.5,27.1,27.2,28.6,31.6,29.2,27.2,32.4,29.3,31.6,23.1,23.5,24.0,23.4,31.5,25.4,31.4,25.7,31.8,29.8,24.9,23.3,23.8,25.2,24.2,24.8,27.5,22.4,31.0,29.2,26.8,22.1,27.0,26.6,27.0,28.2,28.8,27.0,32.2,26.7,30.2,22.4,34.4,26.7,28.8,30.9,32.8,30.7,26.4,27.7,21.7,23.7,25.5,23.4,33.2,30.0,29.5,24.7,26.0,21.5,26.8,30.9,23.5,26.4,21.9
8238,20.1,25.6,22.3,28.5,27.6,30.6,30.1,27.1,29.9,29.3,32.0,31.1,31.1,29.7,30.0,31.6,28.0,29.9,31.1,31.6,28.7,29.6,31.1,26.5,26.6,28.1,31.4,28.9,26.9,32.1,29.0,31.4,22.5,23.1,23.9,23.1,31.2,25.3,30.9,25.2,31.3,29.7,24.4,23.2,23.2,24.5,23.8,24.5,27.0,21.9,30.4,28.8,26.3,21.8,26.8,26.5,26.7,28.2,28.4,26.9,32.1,26.5,30.0,22.1,34.2,26.5,28.5,30.5,32.4,30.5,25.7,27.3,21.2,23.4,25.4,23.1,32.8,29.7,29.1,24.4,25.6,21.1,26.7,30.7,23.2,26.0,21.5
8239,19.7,25.5,22.1,28.2,27.1,30.3,29.7,26.6,29.5,28.8,31.6,30.9,31.0,29.3,29.7,31.3,27.7,29.8,30.9,31.3,28.3,29.5,30.9,26.0,26.2,27.7,31.1,28.5,26.5,31.8,28.7,31.2,22.1,22.6,23.4,22.6,30.6,25.3,30.6,24.9,30.8,29.4,24.1,22.8,22.7,24.2,23.5,24.0,26.2,21.6,29.9,28.7,25.8,21.4,26.5,26.3,26.5,28.1,28.4,26.8,32.1,26.2,29.9,21.9,34.0,26.3,28.3,30.2,32.2,30.3,25.1,26.9,21.0,23.2,24.6,22.9,32.5,29.4,28.9,24.1,24.9,20.7,26.8,30.4,22.6,25.7,21.3
8240,23.0,27.3,25.0,28.1,27.1,30.1,29.7,26.6,30.0,29.0,32.4,30.9,31.7,29.3,29.6,31.6,28.0,29.8,31.7,32.6,28.5,29.8,31.2,25.8,26.1,27.5,31.1,28.3,26.6,32.3,28.8,31.8,21.9,22.6,23.3,22.5,33.2,26.8,30.1,26.8,31.8,33.0,23.9,23.1,25.0,27.0,24.7,26.8,30.7,21.5,30.5,29.3,27.2,23.5,26.4,26.4,26.4,28.1,28.3,26.7,32.1,25.9,30.2,24.0,34.0,26.4,28.3,30.2,33.3,31.0,26.4,26.7,23.8,23.5,26.9,22.7,33.5,30.0,28.9,23.8,24.6,20.5,26.4,31.0,22.4,25.5,21.1
8241,28.4,31.8,31.3,30.9,29.8,32.4,32.5,29.5,32.1,31.1,34.6,32.9,34.4,31.2,32.2,33.4,31.1,32.1,34.3,34.6,31.1,32.0,33.9,28.0,28.8,30.7,32.8,31.0,28.9,34.9,31.0,33.8,24.2,24.7,24.9,24.9,38.3,31.3,33.3,31.4,34.5,37.6,26.9,26.6,29.4,32.4,27.9,32.4,38.3,24.6,36.0,32.1,32.1,28.1,27.3,28.0,28.1,29.6,28.9,28.4,33.5,26.5,31.9,29.2,35.2,28.6,31.5,31.9,36.0,33.2,31.6,30.4,29.4,27.4,31.9,27.1,36.0,31.9,31.2,26.5,27.4,22.7,28.1,32.9,24.5,27.6,23.2
8242,33.3,35.8,36.5,36.0,33.5,35.5,35.7,32.8,34.5,33.2,36.7,35.3,36.7,33.6,35.3,35.7,33.9,33.9,36.7,36.7,34.0,34.8,36.7,30.9,33.1,34.3,34.7,34.2,31.3,37.4,33.8,36.0,27.8,28.0,27.1,27.9,42.7,35.3,37.7,35.3,37.7,41.5,31.5,29.6,34.1,37.5,31.4,36.4,44.2,28.4,40.8,35.3,36.7,32.7,29.3,30.1,30.3,31.9,31.0,30.2,35.0,28.7,34.0,33.8,36.9,31.2,34.4,34.0,38.6,35.3,36.3,36.3,34.6,31.4,35.9,31.0,38.3,33.9,33.7,31.1,31.5,26.5,30.4,34.8,27.9,30.4,26.1
8243,37.7,38.8,39.7,40.5,36.8,38.2,38.7,36.1,36.6,35.5,38.7,37.7,38.9,35.7,38.3,37.8,36.7,35.8,38.8,38.4,36.8,36.9,39.5,33.8,36.9,37.7,37.0,37.0,33.8,39.6,36.5,37.9,30.7,31.1,29.5,30.3,46.2,38.4,41.9,38.5,40.8,44.2,36.1,32.7,38.1,41.1,35.4,39.5,48.2,32.6,44.5,38.3,40.7,36.2,31.3,31.8,32.5,33.9,33.2,31.5,36.4,31.1,35.6,37.3,38.8,33.2,37.3,36.3,40.8,37.4,40.9,41.5,38.8,34.5,39.1,34.5,40.2,35.5,36.0,35.3,35.2,30.7,32.4,36.5,31.1,33.1,28.5
8244,41.3,41.0,41.6,43.8,39.3,40.7,41.1,38.9,38.3,37.5,40.3,39.7,40.6,37.6,40.6,39.6,39.0,37.0,40.4,39.8,39.0,38.8,41.4,36.1,40.0,40.5,38.8,39.4,35.9,41.4,38.9,39.5,33.3,33.5,31.5,32.4,48.7,40.7,45.4,40.9,43.3,46.0,39.7,34.9,41.4,43.4,38.7,41.9,51.0,35.3,47.7,40.6,44.1,38.7,33.0,33.2,34.1,35.5,34.9,32.6,37.5,33.4,36.7,39.9,40.9,34.8,39.8,38.1,42.7,38.8,44.5,45.0,42.0,36.6,41.5,37.3,41.5,36.8,37.9,38.4,38.2,34.5,34.1,37.7,33.6,35.3,30.6
8245,43.8,42.3,42.3,46.3,41.3,42.5,42.9,41.1,39.6,38.9,41.6,41.2,41.6,39.1,42.4,40.8,40.7,38.0,41.7,40.6,40.9,40.0,42.9,38.1,42.1,42.5,40.6,41.4,37.7,42.9,40.8,40.6,35.1,35.3,33.2,34.0,50.6,41.9,48.0,42.7,45.5,47.2,42.1,36.5,44.0,45.0,41.0,43.8,52.9,37.6,50.0,42.5,46.7,40.4,34.0,34.0,35.2,36.5,36.3,33.5,38.4,35.1,37.8,41.7,43.0,36.0,41.8,39.4,44.1,39.9,47.0,47.6,44.1,38.3,43.2,39.5,42.5,37.6,39.5,40.6,40.5,37.2,35.2,38.7,35.5,37.0,32.0
8246,44.0,42.4,42.3,47.8,42.8,43.7,44.2,41.9,40.3,40.0,42.2,42.2,42.3,40.2,43.5,41.6,41.9,38.5,42.2,41.2,42.0,41.0,43.9,39.5,43.5,43.7,41.7,42.5,38.7,43.7,42.0,41.3,36.3,36.6,34.3,35.1,51.8,42.0,49.8,43.6,47.0,47.4,43.6,37.6,45.2,45.7,42.5,44.8,53.1,39.0,51.4,43.9,48.5,40.8,34.5,34.5,35.6,37.2,37.3,33.9,38.7,36.3,38.3,42.6,44.4,36.7,42.9,40.5,44.9,40.6,48.4,49.1,45.4,39.4,43.9,40.9,43.1,38.1,40.5,42.1,41.8,39.2,35.9,39.0,36.7,38.1,33.2
8247,44.4,41.8,42.2,48.6,43.3,44.2,44.7,42.7,40.4,40.1,42.1,42.7,42.2,40.5,43.9,41.7,42.0,38.3,42.0,41.1,42.3,40.9,44.4,40.1,43.9,44.2,42.0,42.9,39.1,43.8,42.6,41.4,36.9,37.0,34.8,35.2,51.8,41.4,50.7,43.9,47.7,46.5,44.3,37.9,45.2,45.5,43.0,44.6,53.4,39.6,52.2,44.2,49.0,40.2,34.5,34.2,35.6,37.1,37.5,33.6,38.1,36.9,38.2,42.7,45.1,36.5,43.4,40.8,44.9,40.7,48.7,49.4,45.0,40.0,43.7,41.1,43.2,38.1,40.7,42.4,42.4,40.1,36.1,39.0,37.2,38.5,33.4
8248,42.4,38.8,39.0,48.1,42.7,43.6,44.2,41.9,39.6,39.4,41.2,42.3,41.5,40.0,43.2,40.9,41.6,36.7,40.8,40.0,41.6,40.3,43.8,39.4,43.5,43.6,41.5,42.1,38.5,43.1,42.0,40.5,36.2,36.3,34.3,35.0,50.2,38.6,50.5,42.5,47.5,43.9,43.9,37.0,42.8,43.2,42.3,42.7,51.1,39.2,51.6,43.2,48.5,37.2,33.8,32.9,34.8,36.3,37.2,32.1,36.9,36.7,36.8,40.9,44.8,34.9,42.5,40.3,44.2,39.8,48.1,49.5,43.5,39.2,42.3,40.3,42.3,37.1,40.1,42.3,41.9,39.7,35.3,38.0,36.9,37.8,32.7
8249,35.8,34.4,32.9,45.7,39.8,41.6,41.7,39.3,37.3,37.0,39.2,40.5,38.6,38.2,40.8,38.6,38.4,34.6,38.5,38.0,38.8,37.6,41.0,36.8,40.7,41.0,39.8,39.4,35.7,40.8,39.7,37.9,33.3,33.6,32.3,32.3,44.6,34.1,48.1,38.2,45.6,38.0,41.2,33.7,37.9,38.2,39.2,37.9,44.9,36.1,49.1,40.8,46.2,32.4,31.8,31.4,32.7,34.0,35.7,30.5,36.0,35.2,35.1,36.4,43.1,32.8,38.6,38.4,41.5,37.7,44.8,47.0,37.6,35.9,37.8,37.2,40.1,35.3,37.6,39.5,38.8,37.1,32.3,36.7,34.3,35.3,29.9
8250,31.7,32.2,29.9,41.1,36.3,39.1,38.7,35.7,36.0,35.4,37.8,38.7,36.9,36.2,38.1,37.2,35.1,33.6,36.9,36.8,35.9,35.8,37.8,34.2,36.0,36.9,38.1,36.6,33.3,38.4,37.3,36.2,30.4,30.8,30.6,29.7,41.0,31.6,42.7,35.1,43.0,35.8,36.1,30.0,35.4,34.2,36.2,34.4,40.8,31.5,44.4,38.7,40.5,29.9,30.6,30.2,31.2,32.4,33.9,29.8,35.3,32.7,34.0,33.4,41.4,31.4,36.0,37.1,39.3,36.1,39.5,40.4,33.5,32.3,35.0,33.2,38.8,34.2,35.5,34.3,34.9,33.6,29.2,35.8,31.3,33.5,27.4
8251,29.3,30.8,28.0,37.6,34.3,37.8,37.1,33.3,35.1,34.5,36.7,37.1,35.8,35.0,36.7,36.1,33.2,33.2,35.9,36.0,34.4,34.6,36.6,33.0,34.0,34.5,37.2,34.9,31.8,37.0,35.4,35.3,28.8,29.4,29.3,28.7,38.8,30.4,39.8,33.0,40.6,34.2,33.8,28.8,33.2,32.0,34.0,32.5,37.7,29.6,41.0,37.2,37.0,28.4,29.9,29.5,30.4,31.5,32.6,29.5,34.8,31.1,33.1,31.2,40.1,30.5,34.7,36.2,38.2,35.1,36.9,36.9,31.1,29.9,33.0,31.1,37.7,33.4,34.5,31.7,33.2,31.0,28.7,35.0,29.6,32.1,26.1
8252,27.8,29.9,26.9,35.4,33.1,36.5,35.6,32.1,34.4,33.9,35.9,36.1,34.9,34.2,35.7,35.5,32.2,32.5,35.1,35.2,33.3,33.8,35.8,32.2,32.7,33.1,36.2,33.7,31.0,36.2,34.2,34.7,28.0,28.1,28.2,27.3,37.4,29.3,37.9,30.8,39.4,33.0,32.3,27.9,31.5,30.9,32.0,31.3,35.2,28.4,39.1,36.1,35.1,27.2,29.4,28.9,29.4,31.0,31.7,28.9,34.4,30.3,32.3,29.4,38.8,29.8,33.7,35.3,37.5,34.5,35.4,35.0,29.3,28.8,31.5,29.8,36.7,32.9,33.5,30.1,31.8,29.2,28.4,34.3,28.3,30.9,25.3
8253,26.4,28.8,26.0,33.8,32.1,35.6,34.5,31.0,33.7,33.2,35.3,35.3,34.2,33.6,34.6,35.0,31.3,32.2,34.3,34.6,32.5,33.0,35.0,31.2,31.9,32.5,35.4,32.7,30.1,35.6,33.1,34.4,27.2,27.1,27.4,26.6,36.1,28.3,36.7,29.9,38.0,32.4,31.0,27.2,29.9,30.1,30.2,30.4,33.5,27.2,37.5,34.9,33.7,26.2,29.0,28.5,28.7,30.5,31.1,28.7,34.0,29.6,32.0,28.3,37.9,29.4,32.8,34.7,36.6,33.6,34.3,33.3,27.8,27.8,30.3,28.4,36.1,32.4,32.9,29.2,30.8,28.0,28.2,33.8,27.4,30.0,24.6
8254,25.4,28.2,25.2,32.6,31.5,34.8,33.8,30.4,33.2,32.5,34.6,34.6,33.6,33.0,33.9,34.6,30.6,31.8,33.9,34.1,31.8,32.6,34.3,30.6,30.9,31.5,34.7,32.0,29.5,34.9,32.4,33.9,26.5,26.6,26.8,26.3,35.0,27.7,35.6,29.0,37.0,31.9,29.8,26.5,28.7,29.7,29.1,29.3,31.8,26.4,36.1,33.8,32.9,25.3,28.6,28.1,28.4,30.0,30.6,28.6,33.8,28.9,31.6,27.0,37.2,28.8,32.1,34.1,36.0,33.2,33.3,32.3,26.6,26.9,29.5,27.3,35.5,31.9,32.1,28.5,30.0,26.8,28.0,33.1,26.9,29.2,24.4
8255,24.0,27.7,24.5,31.9,30.9,34.2,33.0,29.7,32.7,31.9,34.1,34.0,33.0,32.3,33.3,34.1,30.2,31.4,33.3,33.5,31.3,32.0,33.9,29.9,30.3,31.0,34.3,31.5,28.9,34.3,31.7,33.4,26.0,25.8,26.2,25.7,34.4,27.2,34.7,28.4,36.0,31.5,28.9,25.9,27.2,29.0,28.1,28.4,30.9,25.7,34.8,32.8,31.6,24.6,28.3,27.8,28.1,29.6,30.3,28.4,33.5,28.5,31.2,25.9,36.6,28.4,31.5,33.3,35.3,32.7,32.2,31.0,25.4,26.1,28.9,26.5,35.1,31.6,31.5,27.9,29.1,25.8,27.8,32.5,26.4,28.7,24.0
8256,23.1,27.1,23.7,31.1,30.3,33.4,32.3,29.2,32.1,31.4,33.6,33.3,32.6,31.6,32.6,33.8,29.7,31.0,32.7,33.3,30.7,31.7,33.4,29.4,29.7,30.4,33.6,31.0,28.5,34.0,31.2,32.9,25.5,25.5,25.9,25.0,33.7,26.6,33.8,27.8,35.0,31.1,27.9,25.4,26.2,27.9,27.2,27.7,29.8,24.8,34.0,32.0,30.5,24.0,27.9,27.5,27.8,29.3,30.0,28.2,33.2,27.9,31.0,25.1,36.3,27.9,30.8,32.7,34.9,32.2,30.8,30.2,24.4,25.5,27.9,26.1,34.8,31.1,30.8,27.3,28.3,24.8,27.3,32.0,25.9,27.9,23.6
8257,22.3,27.1,23.5,30.5,29.6,32.6,31.6,28.6,31.6,30.9,33.1,32.8,32.1,31.2,32.1,33.1,29.1,30.7,32.4,32.8,30.2,31.1,32.8,28.6,29.0,29.9,33.0,30.6,28.1,33.4,30.6,32.6,25.0,24.9,25.4,24.4,33.2,26.4,33.4,27.3,34.3,30.7,27.2,24.8,25.3,27.5,26.4,27.3,29.4,24.3,33.2,31.1,29.4,23.4,27.6,27.4,27.3,29.0,29.6,28.1,33.1,27.5,30.7,24.4,35.7,27.6,30.3,32.3,34.2,31.8,29.6,29.7,23.3,24.8,27.5,25.1,34.4,30.8,30.5,26.6,27.8,23.8,27.2,31.7,25.3,27.5,23.2
8258,21.6,26.7,23.1,29.9,28.9,32.0,31.2,28.1,31.0,30.4,32.8,32.3,31.7,30.8,31.4,32.5,28.6,30.6,32.0,32.4,29.7,30.6,32.4,28.2,28.4,29.2,32.5,30.2,27.7,32.9,30.3,32.1,24.5,24.5,25.0,24.2,32.6,26.0,32.8,26.8,33.5,30.2,26.5,24.2,24.8,26.6,25.6,26.8,28.6,23.9,32.5,30.3,28.6,22.6,27.4,27.2,27.2,28.6,29.2,27.8,32.8,27.1,30.7,23.5,35.3,27.4,30.1,31.6,33.6,31.3,28.6,29.0,22.8,24.3,26.9,24.4,34.0,30.4,30.1,26.1,27.2,22.9,26.8,31.3,24.8,27.0,22.8
8259,21.0,26.2,23.0,29.4,28.5,31.4,30.6,27.7,30.5,30.1,32.4,31.7,31.4,30.5,30.9,32.2,28.3,30.4,31.7,32.0,29.5,30.2,32.1,27.7,28.1,28.8,32.0,29.8,27.4,32.6,29.8,31.8,23.9,24.1,24.5,23.9,32.4,25.7,32.3,26.5,32.8,30.3,26.0,23.8,24.3,26.1,25.0,26.1,28.2,23.1,31.9,29.7,27.9,22.1,27.3,26.9,26.9,28.3,28.9,27.5,32.5,26.9,30.5,22.8,35.0,27.1,29.5,31.4,33.3,30.9,27.7,28.5,22.0,24.1,26.6,24.2,33.6,30.1,29.7,25.6,26.8,22.2,26.6,31.0,24.3,26.8,22.3
8260,20.6,26.0,22.7,28.9,28.0,30.9,30.2,27.4,30.1,29.7,32.0,31.4,31.0,29.8,30.3,31.9,28.1,30.1,31.3,31.8,29.0,30.1,31.6,27.3,27.6,28.3,31.7,29.3,27.0,32.2,29.3,31.4,23.3,23.7,24.1,23.3,31.7,25.6,31.7,26.1,32.2,29.9,25.2,23.5,23.7,25.3,24.5,25.3,27.7,22.9,31.2,29.4,27.2,22.0,26.9,26.8,26.8,28.1,28.8,27.3,32.3,26.6,30.2,22.3,34.7,26.8,29.2,30.9,32.8,30.5,26.9,27.8,21.6,23.4,25.8,23.5,33.2,29.7,29.3,24.9,26.2,21.5,26.8,30.6,23.8,26.4,21.7
8261,20.1,26.0,22.3,28.5,27.7,30.5,29.8,27.0,29.9,29.1,31.7,31.0,30.7,29.4,30.0,31.6,27.9,29.9,30.8,31.3,28.7,29.8,31.2,26.7,26.9,28.2,31.3,28.9,26.9,32.0,29.0,31.2,22.9,23.2,23.6,23.0,31.1,25.2,31.1,25.5,31.7,29.6,24.7,22.9,23.4,25.0,24.1,24.9,27.3,22.2,30.7,28.8,26.6,22.0,26.7,26.5,26.6,28.0,28.6,27.0,32.1,26.3,30.1,22.1,34.4,26.7,28.7,30.5,32.4,30.2,26.3,27.2,21.3,23.3,25.1,23.1,32.8,29.5,29.1,24.5,25.7,21.2,26.5,30.3,23.5,26.1,21.6
8262,19.7,25.4,22.1,28.2,27.2,30.1,29.6,26.7,29.5,28.9,31.5,30.8,30.5,29.2,29.6,31.3,27.6,29.9,30.6,31.2,28.3,29.1,30.9,26.1,26.4,27.8,31.0,28.6,26.6,31.8,28.7,31.0,22.4,22.9,23.5,22.6,30.9,25.1,30.6,25.0,31.1,29.5,24.1,22.8,22.7,24.3,23.8,24.6,26.8,21.9,30.2,28.4,26.2,21.6,26.5,26.5,26.4,27.9,28.3,26.9,31.9,26.2,30.0,21.7,34.1,26.6,28.4,30.1,32.0,30.1,25.5,26.9,20.9,23.0,25.1,22.8,32.4,29.2,28.7,24.2,25.2,20.8,26.3,30.1,23.1,25.7,21.2
8263,19.2,25.4,21.9,27.9,26.7,29.9,29.3,26.3,29.1,28.5,31.2,30.6,30.3,28.9,29.4,30.9,27.3,29.8,30.4,30.9,27.9,29.1,30.6,25.7,26.0,27.4,30.7,28.2,26.2,31.5,28.4,30.9,22.1,22.5,23.1,22.1,30.3,25.2,30.4,24.6,30.7,29.2,23.8,22.4,22.3,24.1,23.4,24.1,26.0,21.5,29.8,28.4,25.6,21.2,26.3,26.3,26.2,27.9,28.2,26.8,31.9,25.9,29.9,21.6,33.9,26.4,28.3,29.9,31.8,29.8,25.0,26.6,20.5,22.8,24.4,22.6,32.2,28.9,28.5,23.9,24.6,20.5,26.5,29.9,22.5,25.4,21.0
8264,22.5,27.2,24.7,27.8,26.7,29.7,29.3,26.1,29.5,28.6,31.9,30.5,31.1,28.9,29.2,31.3,27.5,29.8,31.1,32.1,28.1,29.4,30.9,25.5,25.8,27.2,30.8,28.0,26.3,32.0,28.5,31.5,21.8,22.4,23.0,22.1,32.9,26.6,29.9,26.5,31.6,32.8,23.4,22.7,24.6,26.8,24.6,26.8,30.3,21.4,30.4,29.0,27.0,23.2,26.1,26.4,26.1,28.0,28.1,26.7,31.9,25.6,30.1,23.6,33.9,26.4,28.3,29.8,32.8,30.5,26.2,26.4,23.4,23.0,26.6,22.6,33.2,29.4,28.5,23.6,24.3,20.3,26.1,30.4,22.2,25.2,20.8
8265,28.0,31.6,31.0,30.7,29.4,32.0,32.1,29.1,31.7,30.7,34.1,32.6,33.9,30.8,31.9,33.1,30.7,32.0,33.9,34.2,30.7,31.7,33.6,27.6,28.5,30.4,32.4,30.6,28.6,34.6,30.6,33.4,24.1,24.4,24.5,24.4,38.1,31.1,33.1,31.1,34.3,37.6,26.5,26.1,29.1,32.3,27.8,32.2,38.0,24.4,35.7,31.8,31.8,27.9,27.0,27.9,27.7,29.3,28.7,28.3,33.3,26.2,31.8,28.7,35.1,28.6,31.4,31.5,35.6,32.7,31.3,30.1,29.0,26.9,31.7,26.9,35.7,31.4,30.8,26.3,27.1,22.3,27.9,32.3,24.4,27.4,22.9
8266,32.9,35.6,36.3,35.8,33.2,35.2,35.4,32.4,34.1,32.9,36.3,35.0,36.2,33.2,35.1,35.3,33.6,33.9,36.3,36.2,33.7,34.5,36.5,30.7,32.7,34.1,34.5,33.9,31.0,37.0,33.5,35.6,27.6,27.7,26.8,27.5,42.7,35.2,37.5,35.0,37.6,41.5,31.2,29.2,33.7,37.4,31.2,36.1,43.9,28.2,40.6,35.0,36.4,32.5,28.9,29.9,29.9,31.7,30.7,30.0,34.8,28.3,33.9,33.4,36.8,30.9,34.2,33.7,38.2,34.9,36.0,36.2,34.3,30.9,35.6,30.7,38.0,33.3,33.4,30.8,31.1,26.1,30.1,34.2,27.7,30.1,25.8
8267,37.3,38.6,39.6,40.4,36.5,38.0,38.5,35.8,36.3,35.2,38.3,37.4,38.4,35.5,38.1,37.4,36.5,35.7,38.3,37.9,36.6,36.5,39.3,33.5,36.6,37.5,36.8,36.8,33.5,39.3,36.2,37.5,30.7,30.9,29.2,30.0,46.1,38.4,41.7,38.2,40.6,44.4,35.9,32.2,37.7,41.0,35.2,39.1,47.9,32.3,44.3,37.9,40.4,36.1,30.9,31.6,32.2,33.6,33.0,31.3,36.2,30.6,35.5,37.0,38.7,32.9,37.2,36.0,40.4,36.9,40.6,41.4,38.4,34.1,38.8,34.2,39.8,35.0,35.7,35.2,35.0,30.3,32.2,35.8,30.9,32.8,28.2
8268,40.9,40.9,41.6,43.8,39.1,40.6,40.9,38.6,37.9,37.3,39.9,39.4,40.2,37.3,40.5,39.3,38.8,37.0,40.0,39.2,38.7,38.4,41.4,35.9,39.9,40.3,38.6,39.2,35.7,41.1,38.7,39.2,33.3,33.4,31.3,32.1,48.7,40.7,45.3,40.7,43.2,46.2,39.6,34.5,41.1,43.4,38.5,41.7,50.7,35.1,47.4,40.3,43.8,38.8,32.6,32.9,33.8,35.2,34.7,32.4,37.4,32.9,36.6,39.6,40.7,34.5,39.6,37.9,42.4,38.4,44.2,44.9,41.7,36.1,41.2,37.0,41.1,36.3,37.7,38.3,38.1,34.2,33.9,37.0,33.4,35.0,30.3
8269,43.4,42.3,42.2,46.3,41.1,42.3,42.7,40.9,39.3,38.7,41.2,40.9,41.3,38.9,42.2,40.5,40.5,37.9,41.3,40.1,40.7,39.6,42.9,37.9,42.2,42.4,40.5,41.1,37.5,42.6,40.6,40.3,35.1,35.2,33.0,33.9,50.7,42.0,47.9,42.5,45.3,47.3,42.0,36.1,43.7,44.8,40.8,43.5,52.5,37.3,49.7,42.2,46.4,40.5,33.7,33.7,34.8,36.2,36.1,33.1,38.2,34.7,37.6,41.3,42.9,35.7,41.6,39.3,43.8,39.6,46.8,47.6,43.8,37.8,42.9,39.2,42.2,37.2,39.3,40.5,40.3,37.1,35.1,38.1,35.4,36.7,31.8
8270,43.7,42.3,42.3,47.9,42.5,43.5,44.1,41.8,40.1,39.8,41.9,41.9,42.0,40.0,43.3,41.3,41.7,38.4,41.9,40.7,41.8,40.7,44.0,39.3,43.5,43.5,41.5,42.3,38.5,43.5,41.8,41.0,36.3,36.5,34.1,35.0,51.8,42.2,49.8,43.4,46.8,47.5,43.5,37.1,45.0,45.7,42.3,44.6,52.6,38.8,51.1,43.6,48.1,40.7,34.3,34.2,35.3,36.9,37.1,33.5,38.5,35.9,38.2,42.2,44.2,36.4,42.8,40.4,44.6,40.3,48.2,49.2,45.2,38.9,43.6,40.5,42.8,37.7,40.3,42.0,41.7,39.1,35.7,38.4,36.6,37.9,33.0
8271,44.3,41.8,42.3,48.5,43.1,44.0,44.5,42.4,40.2,39.9,41.8,42.4,42.0,40.3,43.7,41.5,41.8,38.2,41.7,40.6,42.1,40.7,44.4,39.9,44.0,44.1,41.8,42.7,38.9,43.6,42.4,41.1,36.9,36.9,34.6,35.1,51.8,41.6,50.8,43.7,47.5,46.5,44.3,37.5,45.0,45.5,42.7,44.4,53.0,39.4,51.9,44.0,48.7,40.3,34.3,33.9,35.3,36.9,37.2,33.3,38.0,36.5,38.0,42.4,44.9,36.2,43.2,40.6,44.6,40.4,48.5,49.5,44.7,39.4,43.4,40.8,42.8,37.7,40.6,42.4,42.3,39.9,35.9,38.4,37.2,38.3,33.2
8272,42.3,38.8,39.1,48.2,42.5,43.5,44.0,41.7,39.4,39.2,41.0,42.1,41.2,39.8,43.1,40.7,41.4,36.6,40.5,39.5,41.4,40.0,43.7,39.2,43.4,43.6,41.3,42.0,38.2,42.9,41.8,40.3,36.2,36.2,34.2,34.9,50.2,38.8,50.7,42.2,47.2,43.9,43.9,36.5,42.6,43.2,42.0,42.5,50.9,39.0,51.3,43.0,48.3,37.2,33.6,32.5,34.6,36.1,37.0,31.8,36.8,36.4,36.7,40.6,44.7,34.7,42.3,40.1,44.0,39.5,47.9,49.6,43.3,38.8,42.1,40.0,42.0,36.7,39.8,42.3,41.7,39.6,35.1,37.4,36.8,37.6,32.5
8273,35.7,34.5,32.9,45.8,39.6,41.5,41.5,39.1,37.0,36.7,38.9,40.3,38.4,38.0,40.7,38.3,38.2,34.6,38.2,37.6,38.6,37.3,41.0,36.6,40.7,40.9,39.6,39.3,35.4,40.6,39.5,37.7,33.3,33.5,32.1,32.2,44.7,34.2,48.2,38.0,45.3,37.9,41.2,33.3,37.6,38.2,39.0,37.8,44.6,35.9,48.8,40.6,45.9,32.4,31.7,31.1,32.5,33.8,35.4,30.2,35.9,34.8,35.0,36.2,42.9,32.5,38.5,38.2,41.3,37.4,44.6,47.0,37.4,35.5,37.6,36.9,39.8,35.0,37.4,39.5,38.7,37.2,32.1,36.0,34.3,35.2,29.8
8274,31.6,32.3,30.0,41.2,36.1,39.0,38.6,35.5,35.8,35.1,37.5,38.5,36.6,36.1,38.1,37.0,34.9,33.5,36.6,36.4,35.7,35.4,37.8,34.1,36.0,36.7,38.0,36.4,33.0,38.2,37.1,35.9,30.4,30.7,30.4,29.5,41.1,31.7,42.7,34.9,42.8,35.7,36.2,29.6,35.2,34.1,36.0,34.3,40.4,31.4,44.2,38.5,40.2,29.8,30.4,30.0,31.0,32.2,33.7,29.5,35.2,32.4,34.0,33.2,41.4,31.1,36.0,36.9,39.0,35.8,39.3,40.4,33.4,31.9,34.8,33.1,38.5,33.9,35.3,34.3,34.9,33.7,29.1,35.1,31.4,33.4,27.2
8275,29.1,30.7,27.8,37.6,34.2,37.7,37.0,33.2,34.8,34.2,36.4,36.9,35.5,34.8,36.7,35.9,33.1,33.0,35.5,35.6,34.2,34.2,36.7,32.9,34.0,34.4,37.0,34.8,31.5,36.8,35.3,35.1,28.9,29.2,29.0,28.5,38.8,30.4,39.8,32.8,40.5,34.1,33.8,28.6,33.0,31.9,33.8,32.4,37.3,29.7,40.9,37.1,36.8,28.3,29.8,29.3,30.3,31.4,32.4,29.2,34.7,30.9,33.1,30.9,40.0,30.2,34.8,36.0,37.9,34.8,36.7,36.8,30.9,29.7,32.7,31.1,37.4,33.1,34.3,31.6,33.1,31.0,28.6,34.4,29.6,32.0,25.8
8276,27.6,29.8,26.8,35.3,33.0,36.5,35.5,32.0,34.1,33.7,35.6,35.8,34.6,34.1,35.7,35.3,32.1,32.3,34.8,34.9,33.2,33.4,35.9,32.1,32.7,33.1,36.1,33.6,30.7,36.0,34.1,34.5,27.9,28.0,28.0,27.1,37.5,29.3,37.9,30.8,39.3,33.0,32.2,27.7,31.4,30.9,31.8,31.3,34.9,28.4,39.1,35.9,34.8,27.1,29.4,28.7,29.4,30.9,31.4,28.6,34.4,30.1,32.2,29.2,38.8,29.5,33.8,35.2,37.2,34.2,35.3,34.9,29.2,28.5,31.3,29.8,36.5,32.6,33.4,30.0,31.7,29.2,28.3,33.7,28.3,30.8,25.0
8277,26.2,28.8,25.9,33.7,32.0,35.5,34.4,30.9,33.5,33.1,35.0,35.1,33.9,33.5,34.5,34.8,31.2,32.0,33.9,34.4,32.4,32.7,35.2,31.2,31.9,32.4,35.2,32.8,29.9,35.4,33.0,34.1,27.2,27.0,27.2,26.4,36.3,28.3,36.6,29.9,37.8,32.5,31.0,26.9,29.8,30.3,30.2,30.4,33.2,27.2,37.4,34.7,33.6,26.0,29.0,28.3,28.7,30.5,30.9,28.4,34.0,29.4,32.0,28.1,37.9,29.2,32.8,34.5,36.3,33.3,34.1,33.3,27.6,27.5,30.1,28.5,35.9,32.1,32.8,28.9,30.7,27.8,28.2,33.1,27.4,29.9,24.4
8278,25.1,28.1,25.1,32.5,31.4,34.8,33.7,30.3,32.9,32.4,34.3,34.4,33.2,32.9,33.9,34.4,30.5,31.6,33.5,33.8,31.7,32.3,34.6,30.6,30.9,31.5,34.7,32.1,29.4,34.8,32.3,33.7,26.4,26.4,26.6,26.1,35.1,27.6,35.5,29.0,36.8,31.9,29.8,26.2,28.7,29.8,29.1,29.3,31.4,26.5,36.1,33.7,32.6,25.1,28.6,27.9,28.4,30.0,30.4,28.4,33.9,28.7,31.5,26.8,37.3,28.6,32.1,33.9,35.8,32.9,33.1,32.2,26.5,26.7,29.4,27.4,35.3,31.6,32.0,28.4,29.9,26.7,27.9,32.5,26.8,29.1,24.2
8279,23.8,27.5,24.4,31.9,30.7,34.2,33.0,29.7,32.5,31.8,33.8,33.8,32.7,32.2,33.2,33.9,30.1,31.2,33.0,33.2,31.2,31.8,34.2,29.9,30.4,30.9,34.2,31.4,28.8,34.1,31.6,33.2,25.9,25.6,26.0,25.5,34.5,27.2,34.6,28.3,35.9,31.6,28.9,25.6,27.2,29.2,28.1,28.3,30.6,25.9,34.8,32.7,31.4,24.4,28.3,27.6,28.2,29.6,30.1,28.2,33.6,28.3,31.2,25.8,36.6,28.2,31.6,33.2,35.1,32.3,32.0,30.9,25.4,25.8,28.9,26.6,34.9,31.2,31.5,27.8,28.9,25.7,27.7,31.9,26.3,28.6,23.8
8280,23.0,26.9,23.7,31.0,30.1,33.4,32.2,29.1,31.9,31.4,33.3,33.2,32.2,31.6,32.6,33.7,29.6,30.8,32.4,33.0,30.6,31.5,33.6,29.4,29.7,30.4,33.5,30.9,28.4,33.9,31.1,32.6,25.4,25.2,25.6,24.8,33.9,26.6,33.7,27.6,34.9,31.1,28.0,25.2,26.2,28.1,27.2,27.7,29.6,25.0,33.9,31.8,30.4,23.7,28.0,27.3,27.9,29.4,29.9,28.0,33.3,27.7,31.0,25.0,36.3,27.8,30.9,32.6,34.7,31.8,30.7,30.1,24.3,25.3,27.9,26.2,34.5,30.9,30.8,27.1,28.3,24.7,27.3,31.4,25.9,27.9,23.3
8281,22.2,26.9,23.6,30.4,29.6,32.6,31.6,28.6,31.5,30.9,32.8,32.7,31.7,31.1,32.1,33.1,29.1,30.7,32.0,32.5,30.2,31.0,33.0,28.6,29.0,29.8,32.9,30.5,28.0,33.3,30.6,32.4,24.8,24.7,25.1,24.1,33.3,26.4,33.3,27.3,34.2,30.7,27.2,24.7,25.3,27.7,26.4,27.3,29.2,24.5,33.2,30.9,29.3,23.2,27.6,27.3,27.4,29.1,29.5,27.9,33.2,27.2,30.7,24.3,35.8,27.4,30.4,32.2,34.1,31.4,29.5,29.6,23.3,24.6,27.4,25.3,34.2,30.5,30.3,26.4,27.8,23.7,27.1,31.1,25.3,27.4,22.8
8282,21.5,26.5,23.2,29.9,28.8,32.0,31.1,28.1,30.9,30.4,32.4,32.2,31.4,30.6,31.3,32.5,28.6,30.6,31.6,32.1,29.7,30.6,32.6,28.1,28.4,29.1,32.4,30.1,27.5,32.9,30.3,32.0,24.3,24.2,24.7,23.9,32.7,26.1,32.7,26.7,33.4,30.2,26.6,24.0,24.8,26.8,25.7,26.7,28.4,24.2,32.3,30.2,28.4,22.5,27.4,27.1,27.2,28.6,29.0,27.6,32.9,26.8,30.7,23.4,35.4,27.2,30.2,31.6,33.5,31.0,28.5,28.9,22.7,24.1,26.8,24.6,33.8,30.1,30.0,25.9,27.1,22.9,26.8,30.8,24.7,27.0,22.3
8283,21.0,26.1,23.1,29.4,28.4,31.3,30.6,27.7,30.4,30.1,32.1,31.6,31.1,30.4,30.9,32.2,28.4,30.4,31.4,31.7,29.4,30.1,32.3,27.7,28.1,28.7,32.0,29.7,27.1,32.7,29.8,31.7,23.8,23.7,24.2,23.5,32.4,25.9,32.2,26.3,32.7,30.4,26.0,23.7,24.4,26.2,25.1,26.1,28.0,23.3,31.8,29.6,27.7,22.0,27.2,26.9,27.0,28.3,28.7,27.4,32.6,26.6,30.6,22.8,35.0,26.9,29.6,31.3,33.2,30.6,27.6,28.4,22.1,23.9,26.5,24.4,33.4,29.9,29.7,25.4,26.6,22.1,26.6,30.4,24.2,26.6,21.8
8284,20.6,26.0,22.8,28.9,27.9,30.9,30.2,27.4,30.0,29.6,31.8,31.3,30.7,29.7,30.3,31.8,28.1,30.1,31.0,31.5,28.9,30.0,31.8,27.3,27.6,28.2,31.7,29.2,26.8,32.3,29.3,31.4,23.3,23.4,23.7,23.0,31.8,25.8,31.6,25.9,32.1,30.2,25.2,23.4,23.7,25.5,24.6,25.4,27.6,23.2,31.1,29.2,27.0,21.9,26.9,26.8,26.8,28.2,28.6,27.2,32.4,26.4,30.3,22.2,34.8,26.7,29.3,30.8,32.7,30.2,26.8,27.7,21.6,23.3,25.8,23.8,33.1,29.5,29.3,24.8,26.0,21.5,26.8,30.0,23.8,26.3,21.3
8285,20.1,25.9,22.4,28.5,27.6,30.5,29.9,26.9,29.8,29.0,31.5,30.9,30.4,29.3,30.0,31.5,27.9,30.0,30.5,31.1,28.6,29.6,31.3,26.6,27.0,28.1,31.2,28.8,26.6,32.1,29.0,31.2,22.9,23.0,23.3,22.7,31.2,25.4,31.2,25.3,31.6,29.9,24.6,22.8,23.4,25.3,24.2,24.8,27.0,22.5,30.6,28.6,26.6,21.7,26.8,26.6,26.7,28.1,28.3,26.9,32.2,26.1,30.2,22.1,34.5,26.7,28.9,30.4,32.4,29.9,26.3,27.2,21.3,23.2,25.2,23.4,32.7,29.2,29.0,24.4,25.5,21.2,26.4,29.7,23.4,25.9,21.2
8286,19.7,25.4,22.1,28.2,27.2,30.1,29.7,26.7,29.5,28.9,31.3,30.8,30.3,29.1,29.6,31.3,27.6,30.0,30.4,31.0,28.3,29.0,31.1,26.0,26.3,27.8,30.9,28.5,26.4,31.8,28.7,31.0,22.4,22.7,23.2,22.4,30.9,25.3,30.7,24.8,31.0,29.8,24.0,22.7,22.8,24.4,23.9,24.6,26.7,22.1,30.1,28.3,26.1,21.5,26.5,26.6,26.4,28.0,28.1,26.8,32.1,25.9,30.1,21.6,34.2,26.5,28.5,30.0,32.0,29.7,25.6,26.8,20.8,22.9,25.2,23.0,32.3,28.9,28.6,24.2,25.0,20.8,26.4,29.5,23.1,25.5,20.8
8287,19.3,25.4,21.9,27.8,26.7,29.9,29.3,26.2,29.1,28.5,31.0,30.6,30.1,28.8,29.4,30.9,27.4,29.9,30.1,30.7,27.9,29.0,30.8,25.6,25.9,27.3,30.7,28.1,26.0,31.6,28.4,30.9,22.0,22.3,22.9,21.9,30.4,25.4,30.4,24.5,30.6,29.5,23.7,22.2,22.4,24.2,23.5,24.1,25.8,21.7,29.7,28.3,25.6,21.0,26.4,26.5,26.3,27.9,27.9,26.7,32.0,25.7,29.9,21.5,34.0,26.3,28.4,29.7,31.8,29.4,25.0,26.6,20.5,22.7,24.5,22.8,32.1,28.6,28.4,23.8,24.5,20.4,26.5,29.3,22.5,25.2,20.7
8288,22.4,27.1,24.8,27.8,26.6,29.8,29.3,26.1,29.4,28.6,31.7,30.4,30.9,28.8,29.3,31.2,27.6,29.9,30.9,31.9,28.0,29.3,31.1,25.4,25.8,27.2,30.6,28.0,26.1,32.1,28.4,31.4,21.8,22.2,22.7,21.9,32.9,26.7,30.0,26.3,31.5,33.0,23.4,22.6,24.7,26.8,24.7,26.7,30.1,21.6,30.2,28.8,26.8,22.9,26.2,26.5,26.2,28.1,27.9,26.6,32.1,25.5,30.2,23.4,34.0,26.3,28.4,29.7,32.8,30.2,26.1,26.4,23.2,22.8,26.6,22.6,33.0,29.1,28.5,23.6,24.3,20.2,26.1,29.8,22.2,24.9,20.4
8289,27.9,31.6,31.0,30.5,29.2,32.0,32.1,29.0,31.5,30.6,34.0,32.6,33.8,30.7,31.9,33.0,30.6,32.0,33.7,33.9,30.6,31.5,33.8,27.5,28.4,30.4,32.4,30.5,28.4,34.6,30.5,33.4,24.0,24.3,24.2,24.1,38.3,31.3,33.2,30.8,34.2,37.7,26.4,25.9,29.1,32.4,27.8,32.1,37.7,24.5,35.5,31.7,31.7,27.6,27.0,27.9,27.7,29.4,28.6,28.1,33.4,26.0,31.9,28.6,35.1,28.4,31.4,31.3,35.6,32.4,31.2,30.0,29.0,26.7,31.6,26.8,35.6,31.1,30.7,26.2,26.9,22.2,27.8,31.6,24.4,27.1,22.5
8290,32.9,35.5,36.2,35.7,32.9,35.1,35.3,32.3,33.9,32.7,36.2,34.8,36.2,33.1,35.0,35.2,33.5,33.9,36.1,36.0,33.6,34.3,36.6,30.5,32.6,34.1,34.4,33.8,30.8,37.0,33.4,35.6,27.5,27.5,26.5,27.2,42.8,35.2,37.6,34.8,37.4,41.7,31.1,28.9,33.7,37.5,31.3,36.0,43.6,28.2,40.4,34.7,36.4,32.2,28.9,29.8,29.9,31.7,30.5,29.8,34.9,28.1,34.0,33.2,36.8,30.6,34.2,33.6,38.1,34.6,35.9,36.2,34.3,30.6,35.4,30.5,37.8,33.1,33.3,30.6,30.9,26.0,30.1,33.5,27.6,29.8,25.4
8291,37.3,38.6,39.5,40.4,36.2,37.9,38.4,35.7,36.1,35.1,38.1,37.3,38.3,35.3,38.0,37.3,36.3,35.8,38.1,37.7,36.3,36.4,39.4,33.4,36.5,37.4,36.7,36.6,33.3,39.3,36.1,37.5,30.5,30.7,28.9,29.8,46.3,38.5,41.9,38.0,40.4,44.6,35.8,31.9,37.7,41.1,35.2,38.9,47.6,32.2,44.2,37.7,40.5,35.9,30.8,31.4,32.2,33.6,32.8,31.0,36.2,30.4,35.5,36.8,38.7,32.7,37.1,35.8,40.4,36.7,40.4,41.4,38.5,33.8,38.7,34.0,39.6,34.8,35.6,34.9,34.7,30.2,32.2,35.2,30.7,32.5,27.9
8292,40.9,40.8,41.5,43.8,38.8,40.5,40.7,38.5,37.7,37.1,39.7,39.2,40.0,37.2,40.4,39.1,38.6,36.9,39.8,39.1,38.5,38.3,41.4,35.7,39.7,40.1,38.4,39.0,35.4,41.1,38.5,39.1,33.1,33.1,31.1,31.9,48.8,40.8,45.6,40.4,43.0,46.3,39.5,34.2,41.0,43.5,38.5,41.5,50.3,35.0,47.3,40.1,43.8,38.6,32.6,32.7,33.7,35.2,34.5,32.0,37.4,32.6,36.6,39.3,40.7,34.3,39.5,37.7,42.4,38.2,44.1,44.9,41.8,35.7,41.1,36.8,41.0,36.1,37.6,38.1,37.9,34.0,33.8,36.4,33.2,34.7,30.1
8293,43.4,42.1,42.1,46.4,40.8,42.2,42.6,40.7,39.1,38.5,41.0,40.7,41.2,38.7,42.2,40.3,40.3,37.9,41.1,39.9,40.4,39.5,42.9,37.6,42.0,42.1,40.3,41.0,37.2,42.6,40.4,40.2,34.8,35.0,32.8,33.6,50.8,42.1,48.2,42.2,45.0,47.5,41.9,35.8,43.6,44.9,40.8,43.4,52.1,37.2,49.5,42.0,46.4,40.3,33.6,33.4,34.7,36.2,35.9,32.8,38.2,34.4,37.7,41.1,42.8,35.4,41.5,39.2,43.8,39.4,46.6,47.7,43.9,37.5,42.8,39.0,42.0,37.0,39.2,40.3,40.0,36.8,35.0,37.5,35.1,36.4,31.6
8294,43.7,42.3,42.2,47.9,42.2,43.5,43.9,41.6,39.8,39.5,41.7,41.7,41.8,39.8,43.3,41.2,41.5,38.4,41.7,40.5,41.6,40.6,43.9,39.0,43.3,43.4,41.4,42.2,38.2,43.5,41.6,40.9,36.0,36.2,33.9,34.7,51.9,42.2,50.1,43.1,46.5,47.7,43.4,36.9,44.8,45.8,42.2,44.4,52.3,38.6,50.9,43.4,48.1,40.6,34.3,33.9,35.3,36.9,36.8,33.2,38.4,35.6,38.2,42.0,44.2,36.1,42.6,40.2,44.5,40.1,48.1,49.3,45.2,38.6,43.4,40.3,42.6,37.5,40.2,41.7,41.5,38.9,35.7,37.8,36.3,37.6,32.8
8295,44.2,41.7,42.2,48.6,42.8,44.0,44.5,42.2,40.0,39.7,41.7,42.2,41.8,40.1,43.7,41.4,41.7,38.2,41.5,40.4,41.9,40.5,44.3,39.6,43.8,43.8,41.6,42.5,38.7,43.7,42.2,41.0,36.6,36.7,34.4,34.9,51.9,41.6,51.1,43.4,47.2,46.7,44.2,37.1,44.8,45.6,42.7,44.3,52.7,39.3,51.7,43.9,48.7,40.1,34.2,33.7,35.2,36.9,37.0,32.9,37.9,36.2,38.0,42.2,44.9,35.9,43.0,40.5,44.6,40.2,48.4,49.5,44.7,39.1,43.2,40.6,42.7,37.5,40.4,42.2,42.1,39.7,35.8,37.8,36.9,38.0,33.0
8296,42.2,38.6,39.0,48.2,42.3,43.5,44.0,41.6,39.3,39.1,40.8,41.9,41.0,39.6,43.0,40.6,41.2,36.7,40.3,39.3,41.2,39.9,43.7,39.0,43.4,43.4,41.1,41.8,38.1,43.0,41.6,40.2,35.9,36.0,33.9,34.7,50.3,38.9,50.9,41.9,46.9,44.1,43.7,36.3,42.5,43.3,41.9,42.4,50.6,38.9,51.1,42.9,48.2,37.0,33.5,32.3,34.5,36.1,36.8,31.6,36.8,36.0,36.7,40.4,44.6,34.5,42.1,39.9,44.0,39.3,47.8,49.7,43.4,38.4,41.9,39.8,41.8,36.5,39.7,42.1,41.5,39.4,34.9,36.8,36.6,37.4,32.4
8297,35.7,34.4,32.9,45.9,39.5,41.6,41.6,39.0,37.0,36.7,38.7,40.2,38.3,37.9,40.8,38.3,38.1,34.7,38.0,37.4,38.5,37.3,41.1,36.4,40.6,40.7,39.5,39.3,35.3,40.7,39.4,37.6,33.2,33.4,32.0,32.1,44.8,34.3,48.4,37.7,45.1,38.1,41.1,33.1,37.6,38.3,38.9,37.6,44.3,35.8,48.6,40.5,45.7,32.2,31.7,31.0,32.4,33.7,35.3,30.1,35.9,34.6,35.0,36.1,42.9,32.5,38.4,38.1,41.3,37.1,44.5,47.1,37.5,35.2,37.4,36.7,39.7,34.8,37.4,39.3,38.5,37.0,32.0,35.5,34.1,35.0,29.6
8298,31.6,32.3,30.0,41.2,36.0,39.2,38.8,35.6,35.8,35.1,37.3,38.4,36.5,36.1,38.2,37.0,35.0,33.6,36.5,36.2,35.7,35.5,38.1,34.1,35.9,36.7,38.0,36.5,32.9,38.4,37.1,35.9,30.3,30.7,30.3,29.5,41.1,31.8,43.0,34.7,42.6,35.8,36.1,29.5,35.2,34.4,36.0,34.2,40.1,31.2,44.0,38.4,39.9,29.7,30.5,30.0,31.0,32.2,33.6,29.3,35.3,32.3,34.1,33.0,41.4,31.1,36.0,36.8,39.1,35.6,39.2,40.5,33.5,31.7,34.7,32.8,38.3,33.8,35.4,34.2,34.7,33.5,29.2,34.6,31.3,33.3,27.2
8299,29.1,30.7,27.9,37.7,34.1,37.9,37.2,33.4,34.9,34.3,36.2,36.9,35.5,34.9,36.9,36.0,33.3,33.2,35.4,35.4,34.3,34.3,37.1,32.9,33.9,34.6,37.1,34.9,31.6,37.1,35.3,35.1,28.8,29.4,29.0,28.5,39.0,30.5,40.1,32.7,40.4,34.3,33.6,28.4,33.0,32.0,33.7,32.3,36.9,29.5,40.7,36.9,36.5,28.3,29.8,29.3,30.3,31.4,32.3,29.1,34.8,30.8,33.3,30.6,40.1,30.2,34.8,36.0,38.0,34.6,36.6,36.9,31.0,29.4,32.6,30.9,37.3,33.1,34.4,31.5,33.0,31.0,28.7,33.9,29.5,32.0,25.9
8300,27.5,29.8,26.8,35.4,33.0,36.7,35.7,32.2,34.2,33.7,35.5,35.9,34.7,34.2,35.9,35.4,32.3,32.6,34.7,34.7,33.3,33.5,36.4,32.1,32.6,33.3,36.2,33.8,30.8,36.3,34.2,34.6,27.9,28.2,28.1,27.3,37.6,29.3,38.2,30.6,39.1,33.3,32.2,27.6,31.3,31.0,31.7,31.2,34.5,28.2,38.9,35.8,34.7,27.1,29.5,28.7,29.4,31.0,31.5,28.6,34.5,30.1,32.5,29.0,38.9,29.7,33.8,35.3,37.3,34.0,35.2,35.0,29.4,28.2,31.3,29.6,36.5,32.5,33.6,30.0,31.5,29.1,28.5,33.2,28.2,30.8,25.1
8301,26.0,28.8,25.9,33.9,32.0,35.7,34.6,31.1,33.6,33.2,35.0,35.3,34.0,33.7,34.6,35.0,31.5,32.3,34.0,34.2,32.5,32.9,35.7,31.1,31.9,32.6,35.3,33.0,30.1,35.9,33.2,34.3,27.2,27.2,27.3,26.6,36.5,28.4,36.9,29.8,37.6,32.6,30.9,26.8,29.7,30.3,30.2,30.3,32.8,27.1,37.2,34.6,33.5,26.0,29.1,28.4,28.8,30.6,31.0,28.3,34.2,29.3,32.2,27.9,38.0,29.4,32.9,34.6,36.5,33.2,34.1,33.5,27.8,27.3,30.1,28.3,35.9,32.1,33.0,28.9,30.6,27.8,28.3,32.6,27.3,30.0,24.5
8302,25.0,28.1,25.2,32.6,31.4,34.9,33.8,30.5,33.1,32.5,34.4,34.7,33.4,33.1,34.0,34.6,30.8,32.0,33.5,33.7,31.9,32.6,35.1,30.4,30.9,31.7,34.9,32.3,29.6,35.2,32.4,33.9,26.5,26.6,26.8,26.4,35.4,27.7,35.9,28.9,36.7,32.1,29.8,26.1,28.6,29.8,29.1,29.2,31.1,26.3,35.9,33.5,32.5,25.3,28.6,28.0,28.4,30.1,30.6,28.4,34.0,28.7,31.9,26.6,37.4,29.0,32.2,34.1,36.0,32.9,33.0,32.4,26.7,26.4,29.3,27.3,35.4,31.7,32.3,28.3,29.8,26.6,28.1,32.0,26.7,29.3,24.3
8303,23.8,27.6,24.6,32.1,30.8,34.3,33.1,30.0,32.7,32.0,33.9,34.1,32.9,32.4,33.4,34.2,30.5,31.6,33.0,33.2,31.4,32.1,34.7,29.8,30.3,31.1,34.4,31.6,29.0,34.6,31.7,33.5,26.0,26.0,26.2,25.8,34.7,27.2,34.8,28.2,35.8,31.7,29.0,25.6,27.3,29.1,28.1,28.2,30.2,25.7,34.6,32.6,31.3,24.6,28.4,27.7,28.3,29.7,30.3,28.2,33.7,28.3,31.6,25.5,36.7,28.6,31.7,33.4,35.4,32.4,32.0,31.2,25.5,25.6,28.9,26.4,35.0,31.4,31.8,27.7,28.9,25.7,27.9,31.5,26.3,28.7,24.0
8304,23.0,27.0,23.9,31.2,30.2,33.5,32.4,29.4,32.2,31.6,33.5,33.5,32.5,31.8,32.7,34.0,30.0,31.2,32.6,33.0,30.9,31.8,34.1,29.3,29.8,30.6,33.8,31.2,28.6,34.3,31.3,32.9,25.4,25.5,25.8,25.1,34.1,26.7,33.9,27.5,34.8,31.2,28.1,25.2,26.3,28.0,27.2,27.6,29.2,24.9,33.9,31.6,30.3,23.9,28.0,27.5,27.8,29.5,30.0,28.0,33.4,27.7,31.4,24.7,36.5,28.1,31.0,32.8,34.9,32.0,30.7,30.3,24.5,25.1,28.0,26.1,34.6,31.1,31.0,27.1,28.3,24.8,27.6,31.0,25.8,28.0,23.6
8305,22.3,27.0,23.8,30.6,29.6,32.8,31.8,29.0,31.8,31.1,33.0,33.1,32.0,31.3,32.3,33.4,29.5,31.0,32.3,32.6,30.5,31.3,33.5,28.6,29.1,30.0,33.2,30.7,28.3,33.7,30.8,32.7,24.9,25.0,25.3,24.3,33.5,26.5,33.6,27.0,34.1,30.8,27.3,24.7,25.4,27.7,26.3,27.1,28.9,24.4,33.2,30.7,29.2,23.4,27.6,27.6,27.4,29.1,29.6,27.9,33.4,27.3,31.1,24.2,36.0,27.8,30.6,32.4,34.4,31.7,29.5,29.7,23.4,24.4,27.5,25.2,34.3,30.8,30.6,26.4,27.8,23.8,27.3,30.7,25.3,27.6,23.1
8306,21.6,26.6,23.4,30.0,29.0,32.2,31.3,28.5,31.3,30.7,32.7,32.7,31.7,30.9,31.5,32.8,29.0,30.9,31.8,32.2,30.0,30.9,33.1,28.1,28.5,29.4,32.7,30.4,27.8,33.3,30.6,32.4,24.4,24.5,24.8,24.1,32.9,26.3,33.0,26.5,33.3,30.3,26.5,24.0,24.8,26.8,25.7,26.6,28.2,23.9,32.2,30.0,28.4,22.7,27.4,27.3,27.3,28.7,29.1,27.6,33.1,26.8,31.2,23.4,35.5,27.6,30.4,31.8,33.9,31.2,28.6,29.0,22.9,23.8,26.9,24.5,33.9,30.5,30.4,25.9,27.2,23.1,27.0,30.3,24.7,27.2,22.5
8307,21.1,26.3,23.3,29.5,28.6,31.5,30.8,28.1,30.9,30.3,32.3,32.1,31.4,30.7,31.0,32.5,28.8,30.7,31.6,31.8,29.7,30.5,32.7,27.7,28.1,29.0,32.3,29.9,27.5,33.2,30.1,32.1,23.9,24.0,24.4,23.7,32.5,26.0,32.5,26.1,32.6,30.4,26.0,23.6,24.4,26.3,25.1,26.1,27.7,23.1,31.6,29.3,27.6,22.2,27.3,27.1,27.1,28.5,28.9,27.5,32.8,26.6,31.1,22.8,35.3,27.3,29.8,31.5,33.6,30.8,27.7,28.6,22.2,23.8,26.6,24.3,33.6,30.2,30.1,25.4,26.6,22.3,26.8,30.0,24.3,26.9,22.1
8308,20.6,26.1,23.0,29.0,28.0,31.0,30.4,27.7,30.5,29.9,32.0,31.9,31.1,30.0,30.5,32.2,28.6,30.5,31.2,31.7,29.2,30.4,32.2,27.3,27.7,28.5,32.0,29.5,27.2,32.8,29.7,31.7,23.4,23.7,24.0,23.3,32.0,25.9,31.9,25.8,32.0,30.2,25.3,23.4,23.8,25.5,24.6,25.3,27.2,22.8,31.0,28.9,26.9,22.1,27.0,27.0,26.9,28.3,28.8,27.3,32.6,26.4,31.0,22.1,35.0,27.2,29.4,31.0,33.1,30.5,26.9,27.8,21.8,23.1,26.0,23.7,33.3,29.9,29.6,24.8,26.1,21.7,27.0,29.5,23.9,26.6,21.6
8309,20.2,26.1,22.5,28.6,27.7,30.7,30.1,27.3,30.2,29.3,31.8,31.5,30.9,29.6,30.2,32.0,28.3,30.4,30.7,31.3,28.9,30.0,31.7,26.7,27.0,28.3,31.5,29.0,27.0,32.6,29.3,31.5,23.0,23.2,23.6,23.1,31.1,25.6,31.4,25.1,31.4,29.9,24.7,22.8,23.5,25.5,24.2,24.7,26.7,22.5,30.5,28.4,26.5,21.8,26.9,26.9,26.9,28.3,28.6,27.1,32.5,26.1,30.8,21.9,34.8,27.0,29.1,30.6,32.7,30.2,26.3,27.4,21.5,23.0,25.3,23.3,33.0,29.7,29.3,24.4,25.7,21.3,26.6,29.1,23.5,26.3,21.4
8310,19.6,25.5,22.2,28.2,27.3,30.3,29.9,27.1,29.9,29.2,31.7,31.3,30.8,29.4,29.8,31.7,28.1,30.4,30.7,31.3,28.6,29.4,31.5,26.1,26.4,28.0,31.2,28.7,26.8,32.3,29.0,31.4,22.5,22.9,23.5,22.7,30.8,25.5,31.0,24.7,30.9,29.8,24.1,22.6,22.8,24.6,23.9,24.6,26.3,22.1,30.0,28.1,26.0,21.6,26.6,26.9,26.6,28.3,28.3,27.0,32.4,25.9,30.7,21.4,34.5,26.9,28.7,30.2,32.3,30.0,25.6,26.9,21.0,22.7,25.3,23.0,32.7,29.4,29.0,24.3,25.2,20.9,26.6,29.0,23.2,25.8,21.1
8311,19.4,25.6,22.0,27.9,26.9,30.1,29.6,26.6,29.6,28.8,31.4,31.2,30.7,29.2,29.7,31.3,27.8,30.4,30.5,31.0,28.2,29.5,31.2,25.7,26.0,27.6,31.0,28.4,26.3,32.1,28.7,31.3,22.1,22.6,23.1,22.2,30.4,25.5,30.6,24.3,30.5,29.5,23.8,22.2,22.5,24.3,23.5,24.0,25.6,21.7,29.7,28.1,25.5,21.2,26.4,26.8,26.5,28.2,28.2,27.0,32.4,25.7,30.6,21.3,34.3,26.7,28.6,30.0,32.1,29.8,24.8,26.8,20.6,22.6,24.6,22.7,32.5,29.1,28.8,23.9,24.7,20.5,26.7,28.8,22.7,25.5,20.9
8312,22.4,27.3,24.8,27.8,26.8,30.0,29.6,26.4,29.9,28.9,32.1,31.0,31.4,29.1,29.5,31.6,28.0,30.4,31.3,32.1,28.3,29.7,31.5,25.4,25.8,27.4,30.9,28.2,26.4,32.5,28.8,31.8,21.8,22.4,22.9,22.1,32.9,26.8,30.1,26.1,31.3,32.9,23.4,22.5,24.8,26.9,24.6,26.5,29.8,21.5,30.1,28.6,26.7,22.9,26.3,26.9,26.4,28.3,28.2,26.8,32.4,25.6,30.8,23.2,34.3,26.6,28.7,30.0,33.1,30.5,26.0,26.7,23.3,22.6,26.6,22.5,33.4,29.6,28.8,23.7,24.4,20.3,26.4,29.2,22.3,25.2,20.7
8313,27.9,31.5,30.9,30.6,29.3,32.2,32.2,29.2,31.8,30.8,34.3,33.0,34.2,30.9,32.0,33.3,30.9,32.4,33.9,34.2,30.7,31.8,34.0,27.5,28.4,30.4,32.6,30.6,28.6,34.8,30.7,33.7,23.9,24.3,24.3,24.2,38.3,31.3,33.3,30.6,34.0,37.7,26.4,25.8,29.1,32.3,27.7,32.0,37.4,24.5,35.3,31.4,31.5,27.5,27.0,28.2,27.8,29.5,28.8,28.2,33.7,26.0,32.4,28.4,35.3,28.6,31.5,31.6,35.7,32.7,31.1,30.2,29.0,26.4,31.5,26.6,35.9,31.5,31.0,26.2,27.0,22.2,27.9,31.1,24.3,27.2,22.6
8314,32.9,35.5,36.0,35.7,32.9,35.2,35.4,32.3,34.2,32.8,36.4,35.2,36.5,33.2,35.1,35.5,33.6,34.3,36.3,36.3,33.6,34.5,36.8,30.5,32.5,34.1,34.5,33.8,30.9,37.2,33.4,35.8,27.3,27.4,26.5,27.2,42.8,35.3,37.7,34.5,37.3,41.7,31.1,28.7,33.7,37.4,31.2,35.7,43.3,28.2,40.2,34.5,36.1,32.0,28.8,30.0,29.9,31.7,30.7,29.8,35.1,28.1,34.3,33.0,37.1,30.8,34.2,33.7,38.3,34.9,35.8,36.3,34.2,30.2,35.3,30.3,38.1,33.5,33.4,30.6,30.9,25.9,30.1,32.9,27.5,29.8,25.4
8315,37.3,38.6,39.3,40.4,36.2,38.0,38.5,35.6,36.3,35.0,38.4,37.5,38.6,35.3,38.1,37.4,36.3,36.1,38.3,38.1,36.3,36.4,39.5,33.3,36.4,37.5,36.6,36.6,33.2,39.4,36.0,37.7,30.3,30.5,28.8,29.7,46.4,38.7,41.9,37.7,40.3,44.6,35.8,31.8,37.8,41.1,35.1,38.7,47.2,32.1,44.0,37.6,40.3,35.7,30.8,31.5,32.1,33.6,32.9,31.1,36.4,30.3,35.9,36.6,38.9,32.9,37.0,35.9,40.6,37.0,40.3,41.5,38.4,33.4,38.6,33.9,39.9,35.1,35.6,34.8,34.5,30.0,32.2,34.6,30.5,32.3,27.9
8316,40.9,40.8,41.2,43.8,38.7,40.6,40.8,38.3,37.8,37.0,40.0,39.4,40.3,37.2,40.4,39.1,38.5,37.2,40.0,39.4,38.4,38.3,41.5,35.5,39.5,40.2,38.4,38.9,35.3,41.3,38.4,39.3,32.8,32.9,31.0,31.8,48.9,40.9,45.5,40.2,42.9,46.2,39.4,34.0,41.1,43.4,38.3,41.2,50.0,34.8,46.9,40.0,43.6,38.4,32.5,32.8,33.7,35.2,34.6,32.1,37.5,32.4,37.0,39.2,40.8,34.5,39.3,37.6,42.5,38.5,44.0,44.8,41.8,35.3,41.0,36.6,41.3,36.3,37.6,38.0,37.7,33.7,33.9,35.9,32.9,34.4,30.0
8317,43.5,42.1,42.1,46.3,40.6,42.3,42.7,40.5,39.1,38.3,41.2,40.8,41.4,38.6,42.2,40.3,40.1,38.1,41.2,40.3,40.3,39.4,43.0,37.3,41.9,42.2,40.2,40.9,36.9,42.7,40.2,40.3,34.5,34.7,32.5,33.4,50.8,42.2,48.2,42.0,44.9,47.4,41.9,35.6,43.4,45.0,40.6,43.1,51.8,37.0,49.1,42.0,46.1,40.1,33.5,33.6,34.6,36.2,36.0,32.8,38.3,34.2,38.0,41.0,42.8,35.6,41.3,39.1,44.0,39.6,46.5,47.6,43.9,37.1,42.7,38.7,42.3,37.2,39.1,40.1,39.8,36.6,35.0,37.1,34.7,36.1,31.5
8318,43.6,42.3,42.2,47.9,42.1,43.6,44.0,41.4,39.8,39.3,41.9,41.8,42.0,39.7,43.4,41.2,41.3,38.7,41.9,40.9,41.4,40.5,43.9,38.7,43.2,43.4,41.2,42.2,37.9,43.6,41.5,41.0,35.6,35.9,33.6,34.5,52.0,42.4,50.1,42.9,46.4,47.6,43.4,36.6,44.6,45.9,42.0,44.0,51.9,38.4,50.5,43.5,47.8,40.6,34.2,34.1,35.2,36.9,36.8,33.2,38.5,35.5,38.5,41.9,44.1,36.3,42.3,40.1,44.8,40.2,47.9,49.2,45.1,38.2,43.4,40.1,42.9,37.6,40.0,41.5,41.2,38.7,35.7,37.4,36.0,37.2,32.6
8319,44.1,41.8,42.3,48.6,42.7,44.1,44.6,42.0,40.0,39.6,41.8,42.2,41.9,40.0,43.8,41.3,41.5,38.4,41.6,40.8,41.7,40.4,44.4,39.3,43.7,43.8,41.5,42.5,38.3,43.9,42.0,41.1,36.2,36.3,34.1,34.7,52.0,41.8,51.1,43.2,47.1,46.7,44.1,36.9,44.5,45.6,42.5,44.0,52.3,39.1,51.3,43.9,48.4,40.0,34.1,33.9,35.1,36.9,37.0,33.0,38.0,36.0,38.4,42.1,44.7,36.2,42.7,40.4,44.8,40.3,48.2,49.6,44.6,38.6,43.2,40.4,42.9,37.5,40.4,42.2,41.8,39.7,35.8,37.4,36.6,37.7,32.7
8320,42.2,38.8,39.0,48.2,42.1,43.6,44.1,41.4,39.3,39.0,40.9,41.9,41.1,39.6,43.1,40.6,41.1,36.9,40.4,39.6,41.1,39.9,43.8,38.7,43.3,43.4,41.0,41.9,37.8,43.2,41.5,40.3,35.6,35.7,33.6,34.4,50.3,39.2,50.8,41.7,46.9,44.1,43.7,36.0,42.3,43.3,41.7,42.2,50.3,38.8,50.8,42.9,47.9,37.0,33.4,32.5,34.3,36.0,36.8,31.6,36.9,35.8,37.0,40.3,44.5,34.7,41.8,39.8,44.1,39.4,47.6,49.7,43.4,37.9,41.8,39.7,42.1,36.6,39.7,42.0,41.2,39.4,35.0,36.5,36.2,37.0,32.0
8321,35.6,34.5,32.9,45.9,39.4,41.7,41.7,38.9,37.1,36.6,38.9,40.2,38.4,37.9,40.8,38.3,38.1,35.1,38.2,37.8,38.5,37.3,41.2,36.2,40.5,40.8,39.4,39.3,35.2,40.8,39.3,37.8,32.9,33.0,31.7,31.9,44.9,34.6,48.4,37.6,45.0,38.2,41.0,32.9,37.4,38.3,38.7,37.4,43.9,35.8,48.4,40.6,45.5,32.2,31.6,31.2,32.3,33.7,35.3,30.2,36.1,34.4,35.5,36.1,42.8,32.7,38.4,38.1,41.5,37.3,44.4,47.1,37.4,34.7,37.4,36.7,40.0,35.0,37.4,39.3,38.3,36.9,32.1,35.2,33.8,34.8,29.3
8322,31.4,32.4,29.9,41.3,35.9,39.3,38.9,35.5,35.9,35.1,37.5,38.5,36.7,36.0,38.3,37.0,35.0,34.1,36.6,36.7,35.8,35.5,38.2,33.9,35.8,36.7,37.9,36.6,32.9,38.6,37.0,36.1,30.0,30.5,30.1,29.4,41.2,32.0,43.0,34.5,42.6,35.8,36.0,29.3,35.0,34.3,35.9,34.0,39.7,31.2,43.7,38.5,39.8,29.7,30.4,30.2,31.0,32.2,33.7,29.4,35.5,32.2,34.6,32.9,41.3,31.3,36.0,36.8,39.3,35.8,39.1,40.6,33.2,31.4,34.7,32.8,38.8,33.9,35.3,34.1,34.5,33.4,29.5,34.2,31.1,33.1,26.9
8323,28.9,30.9,27.9,37.7,34.0,38.1,37.3,33.3,35.0,34.3,36.4,37.0,35.7,34.8,37.0,36.1,33.2,33.6,35.7,35.9,34.3,34.4,37.1,32.7,33.8,34.6,37.0,35.0,31.6,37.3,35.2,35.3,28.6,29.2,28.8,28.4,39.0,30.7,40.2,32.6,40.3,34.4,33.5,28.2,32.9,32.1,33.7,32.1,36.6,29.6,40.5,37.0,36.3,28.2,29.8,29.5,30.2,31.3,32.5,29.2,35.0,30.8,33.8,30.7,40.1,30.5,34.9,36.0,38.2,34.9,36.5,37.0,30.9,29.2,32.7,30.9,37.7,33.2,34.4,31.4,32.7,30.9,29.0,33.5,29.3,31.9,25.5
8324,27.3,30.0,26.9,35.4,32.8,36.8,35.8,32.1,34.3,33.7,35.8,36.1,34.8,34.2,35.9,35.5,32.2,33.1,35.0,35.2,33.3,33.6,36.5,31.9,32.6,33.2,36.1,33.9,30.8,36.5,34.1,34.8,27.8,28.0,27.8,27.1,37.7,29.6,38.3,30.4,39.1,33.3,32.0,27.5,31.2,31.2,31.6,31.0,34.2,28.3,38.7,36.0,34.5,27.1,29.5,29.0,29.5,30.9,31.8,28.6,34.8,30.1,33.0,29.1,38.9,29.9,33.9,35.2,37.5,34.3,35.1,34.9,29.3,28.1,31.4,29.7,36.8,32.7,33.5,29.8,31.2,29.0,28.8,32.8,28.1,30.8,24.8
8325,25.7,28.9,26.1,33.8,31.9,35.7,34.7,31.0,33.7,33.1,35.3,35.4,34.2,33.6,34.7,35.1,31.4,32.8,34.2,34.7,32.5,32.9,35.7,31.0,31.8,32.6,35.2,33.0,30.1,36.0,33.1,34.4,27.1,27.1,27.0,26.4,36.4,28.7,36.9,29.7,37.6,32.7,30.8,26.8,29.7,30.5,30.1,30.1,32.5,27.2,37.1,34.8,33.3,26.0,29.1,28.6,28.9,30.5,31.2,28.4,34.5,29.4,32.7,28.0,38.0,29.6,33.0,34.6,36.8,33.6,34.0,33.4,27.8,27.2,30.2,28.3,36.3,32.3,33.0,28.7,30.3,27.6,28.7,32.2,27.2,30.0,24.2
8326,24.8,28.2,25.4,32.6,31.3,35.0,33.8,30.4,33.2,32.5,34.7,34.7,33.6,33.0,34.0,34.7,30.8,32.5,33.7,34.1,31.9,32.5,35.2,30.3,30.8,31.7,34.8,32.3,29.5,35.3,32.4,34.0,26.3,26.4,26.6,26.1,35.4,28.0,35.9,28.8,36.6,32.1,29.7,26.1,28.6,29.9,29.1,29.1,31.0,26.5,35.8,33.7,32.4,25.2,28.7,28.3,28.5,30.1,30.9,28.4,34.4,28.8,32.4,26.8,37.4,29.1,32.4,34.1,36.2,33.1,32.9,32.3,26.7,26.3,29.4,27.4,35.7,31.9,32.3,28.2,29.6,26.5,28.4,31.6,26.6,29.2,24.0
8327,23.7,27.8,24.7,32.0,30.6,34.3,33.1,29.8,32.8,32.0,34.1,34.2,33.1,32.4,33.4,34.3,30.5,32.1,33.2,33.6,31.4,32.1,34.8,29.7,30.3,31.1,34.4,31.6,28.9,34.6,31.7,33.6,25.8,25.8,26.0,25.6,34.9,27.6,34.9,28.3,35.7,31.8,28.9,25.6,27.4,29.3,28.2,28.0,30.1,25.8,34.6,32.9,31.1,24.6,28.4,28.0,28.4,29.8,30.6,28.2,34.0,28.4,32.2,25.7,36.7,28.7,31.9,33.4,35.6,32.7,32.0,31.2,25.4,25.6,29.1,26.5,35.3,31.5,31.8,27.6,28.7,25.6,28.2,31.1,26.1,28.7,23.8
8328,22.8,27.2,24.2,31.2,30.0,33.5,32.4,29.2,32.3,31.5,33.7,33.6,32.7,31.8,32.7,34.0,30.0,31.7,32.8,33.4,30.8,31.9,34.2,29.2,29.8,30.5,33.8,31.1,28.6,34.4,31.3,33.1,25.3,25.4,25.7,24.8,34.2,27.1,34.0,27.4,34.8,31.2,28.0,25.2,26.2,28.3,27.3,27.5,29.1,25.0,33.9,31.9,30.2,24.0,28.1,27.8,27.9,29.5,30.3,28.0,33.8,27.8,31.9,24.9,36.5,28.3,31.2,32.8,35.2,32.3,30.8,30.2,24.5,25.0,28.3,26.1,35.0,31.2,31.0,27.0,28.2,24.7,28.0,30.6,25.8,28.0,23.4
8329,22.1,27.2,24.1,30.5,29.4,32.8,31.7,28.8,31.8,31.1,33.2,33.2,32.2,31.3,32.3,33.5,29.4,31.5,32.5,33.0,30.4,31.5,33.6,28.4,29.2,29.9,33.2,30.6,28.3,33.8,30.7,32.8,24.8,24.8,25.2,24.1,33.7,26.9,33.8,27.0,34.0,30.9,27.2,24.7,25.4,27.9,26.5,27.0,28.8,24.7,33.1,31.0,29.2,23.6,27.7,27.8,27.5,29.2,29.9,28.0,33.8,27.4,31.6,24.4,36.0,27.9,30.7,32.4,34.6,32.0,29.6,29.7,23.6,24.3,27.8,25.2,34.6,30.9,30.6,26.4,27.6,23.8,27.7,30.3,25.3,27.5,23.1
8330,21.6,26.8,23.7,30.0,28.7,32.3,31.2,28.3,31.4,30.7,32.8,32.8,31.9,30.9,31.5,33.0,29.0,31.4,32.1,32.6,29.9,31.0,33.1,28.0,28.5,29.2,32.7,30.4,27.8,33.4,30.4,32.6,24.4,24.4,24.8,23.9,33.1,26.7,33.2,26.5,33.2,30.5,26.5,24.1,24.9,27.2,25.9,26.6,28.1,24.1,32.2,30.2,28.4,22.8,27.5,27.5,27.4,28.8,29.4,27.7,33.5,26.9,31.7,23.5,35.7,27.7,30.4,31.8,34.1,31.5,28.7,29.1,23.1,23.7,27.1,24.6,34.2,30.5,30.3,25.9,27.1,23.1,27.4,30.0,24.7,27.1,22.5
8331,21.0,26.6,23.6,29.5,28.3,31.5,30.7,27.8,31.1,30.3,32.5,32.3,31.6,30.7,31.0,32.7,28.7,31.1,31.8,32.1,29.6,30.6,32.8,27.6,28.2,28.8,32.3,29.9,27.4,33.3,30.0,32.3,23.9,23.9,24.4,23.6,32.7,26.4,32.8,26.2,32.6,30.6,25.9,23.7,24.4,26.6,25.3,26.1,27.6,23.4,31.6,29.5,27.6,22.3,27.4,27.2,27.2,28.6,29.3,27.7,33.3,26.8,31.6,23.0,35.4,27.4,30.0,31.5,33.8,31.1,27.8,28.5,22.4,23.7,26.7,24.3,33.8,30.3,30.0,25.4,26.6,22.4,27.3,29.6,24.3,26.9,22.1
8332,20.5,26.4,23.2,29.0,27.8,31.0,30.3,27.4,30.6,29.8,32.2,32.1,31.2,30.0,30.4,32.4,28.4,30.9,31.4,31.9,29.1,30.6,32.2,27.2,27.7,28.4,31.9,29.4,27.1,32.9,29.5,32.0,23.4,23.6,24.0,23.3,32.1,26.4,32.2,25.8,31.9,30.5,25.3,23.4,24.0,25.8,24.8,25.4,27.2,23.0,30.9,29.1,26.9,22.2,27.1,27.1,27.1,28.5,29.2,27.4,33.1,26.5,31.4,22.3,35.2,27.3,29.6,31.0,33.3,30.8,27.1,27.9,22.1,22.8,26.1,23.7,33.6,30.0,29.6,24.9,26.1,21.7,27.4,29.2,24.0,26.5,21.6
8333,20.1,26.4,22.8,28.6,27.6,30.6,30.0,27.1,30.4,29.2,31.9,31.7,31.1,29.6,30.1,32.1,28.2,30.7,31.0,31.6,28.8,30.2,31.8,26.7,27.1,28.2,31.4,28.9,26.9,32.8,29.1,31.8,23.1,23.2,23.7,23.0,31.4,26.1,31.7,25.2,31.4,30.2,24.7,22.9,23.6,25.9,24.4,24.7,26.6,22.6,30.5,28.5,26.4,21.9,27.0,27.0,27.1,28.4,28.9,27.3,32.9,26.2,31.2,22.2,35.0,27.1,29.3,30.6,32.9,30.5,26.3,27.5,21.9,22.7,25.5,23.4,33.3,29.8,29.3,24.6,25.6,21.4,26.9,28.9,23.6,26.2,21.5
8334,19.6,26.0,22.5,28.2,27.2,30.3,29.8,26.8,30.2,29.2,31.9,31.6,31.0,29.4,29.8,31.8,27.9,30.8,30.9,31.5,28.5,29.5,31.5,26.1,26.4,27.9,31.1,28.7,26.7,32.5,28.8,31.7,22.7,22.9,23.6,22.6,31.2,25.8,31.3,24.8,30.8,30.1,24.2,22.6,23.0,25.0,24.1,24.6,26.3,22.1,29.9,28.3,25.9,21.7,26.7,27.0,26.8,28.4,28.5,27.2,32.9,26.0,31.1,21.6,34.7,27.0,29.0,30.2,32.6,30.3,25.6,27.0,21.4,22.5,25.6,23.0,33.0,29.5,29.0,24.4,25.1,20.9,26.9,28.8,23.4,25.7,21.3
8335,19.3,26.0,22.2,27.9,26.8,30.0,29.5,26.3,29.8,28.8,31.6,31.4,30.9,29.1,29.6,31.5,27.8,30.7,30.7,31.3,28.2,29.6,31.3,25.7,26.1,27.5,30.9,28.4,26.2,32.2,28.6,31.6,22.2,22.7,23.3,22.2,30.8,25.9,30.8,24.4,30.4,30.0,23.8,22.1,22.6,24.7,23.7,24.1,25.8,21.9,29.6,28.3,25.4,21.3,26.5,26.9,26.6,28.3,28.4,27.2,32.8,25.9,31.0,21.5,34.6,26.7,28.9,30.0,32.4,30.1,24.9,26.9,21.0,22.3,24.9,22.7,32.8,29.3,28.8,24.1,24.7,20.5,27.0,28.7,22.8,25.5,21.1
8336,22.4,27.6,24.9,27.8,26.7,29.9,29.5,26.2,30.1,28.8,32.3,31.3,31.6,29.1,29.5,31.8,27.9,30.7,31.5,32.4,28.3,29.9,31.5,25.5,25.9,27.3,30.8,28.3,26.3,32.6,28.7,32.1,22.0,22.5,23.1,22.3,33.3,27.1,30.3,26.1,31.2,33.3,23.4,22.4,24.9,27.1,24.7,26.6,29.8,21.8,29.9,28.8,26.6,23.0,26.4,27.0,26.6,28.4,28.4,27.0,32.8,25.7,31.2,23.2,34.5,26.7,28.9,30.0,33.4,30.8,26.0,26.8,23.6,22.3,26.8,22.7,33.7,29.8,28.8,23.8,24.4,20.3,26.6,29.1,22.5,25.2,20.8
8337,27.9,31.8,31.1,30.6,29.2,32.1,32.1,29.0,32.1,30.7,34.5,33.3,34.4,30.8,32.0,33.5,30.8,32.7,34.1,34.4,30.7,32.0,34.1,27.5,28.5,30.4,32.5,30.6,28.5,35.0,30.6,34.0,24.0,24.3,24.5,24.5,38.6,31.6,33.5,30.6,33.9,38.2,26.5,25.6,29.3,32.4,27.7,31.9,37.2,24.5,35.1,31.6,31.3,27.5,27.1,28.3,27.9,29.5,29.0,28.3,34.1,26.1,32.7,28.3,35.5,28.6,31.6,31.6,35.9,33.0,31.1,30.3,29.3,26.0,31.6,26.6,36.1,31.7,30.9,26.2,26.9,22.2,28.0,31.0,24.5,27.2,22.7
8338,33.0,35.7,36.3,35.7,32.8,35.2,35.3,32.3,34.4,32.8,36.7,35.4,36.8,33.2,35.1,35.7,33.6,34.5,36.5,36.5,33.6,34.7,36.9,30.5,32.7,34.1,34.5,33.8,30.8,37.5,33.4,36.2,27.4,27.4,26.6,27.3,43.3,35.5,38.1,34.4,37.2,42.1,31.1,28.5,33.8,37.6,31.1,35.7,43.1,28.1,40.0,34.7,35.9,32.0,28.8,30.1,30.0,31.7,30.9,29.9,35.4,28.1,34.7,33.0,37.2,30.9,34.3,33.7,38.5,35.2,35.7,36.4,34.6,29.8,35.5,30.3,38.3,33.6,33.5,30.7,30.9,26.0,30.2,32.8,27.5,29.8,25.5
8339,37.4,38.8,39.6,40.5,36.1,38.0,38.4,35.7,36.6,35.1,38.7,37.9,38.8,35.4,38.1,37.6,36.4,36.3,38.5,38.2,36.3,36.6,39.7,33.4,36.5,37.5,36.7,36.7,33.3,39.7,36.0,38.1,30.4,30.6,29.0,29.8,46.8,38.8,42.4,37.6,40.2,45.0,35.8,31.5,38.0,41.3,34.9,38.7,47.1,31.9,43.7,37.7,40.1,35.9,30.8,31.7,32.1,33.5,33.0,31.2,36.7,30.3,36.3,36.6,39.0,33.0,37.0,35.9,40.8,37.2,40.2,41.7,38.9,33.0,38.7,33.7,40.2,35.3,35.7,34.9,34.4,30.1,32.3,34.5,30.5,32.4,28.0
8340,41.0,40.9,41.4,44.0,38.6,40.7,40.8,38.3,38.1,37.1,40.3,39.8,40.7,37.3,40.5,39.4,38.6,37.4,40.3,39.6,38.5,38.5,41.8,35.6,39.7,40.2,38.5,38.9,35.3,41.6,38.4,39.7,32.8,33.1,31.1,31.9,49.4,40.9,46.0,40.1,42.8,46.6,39.5,33.7,41.3,43.7,38.1,41.2,49.8,34.5,46.7,40.2,43.4,38.6,32.5,33.0,33.7,35.1,34.7,32.3,37.8,32.3,37.4,39.2,40.9,34.6,39.3,37.8,42.8,38.8,43.8,45.0,42.2,34.8,41.1,36.3,41.6,36.5,37.8,38.1,37.6,33.8,33.9,35.9,32.9,34.6,30.2
8341,43.7,42.1,42.2,46.5,40.6,42.4,42.8,40.6,39.5,38.5,41.6,41.1,41.8,38.8,42.3,40.6,40.3,38.4,41.6,40.5,40.4,39.7,43.2,37.5,42.0,42.3,40.4,41.0,37.0,43.1,40.3,40.7,34.5,34.9,32.7,33.5,51.3,42.2,48.7,41.9,44.8,47.8,42.0,35.3,43.6,45.2,40.4,43.0,51.6,36.7,48.9,42.2,45.9,40.4,33.4,33.8,34.6,36.0,36.0,33.0,38.5,34.1,38.3,40.9,42.7,35.7,41.2,39.3,44.3,39.9,46.3,47.9,44.3,36.6,42.7,38.4,42.7,37.4,39.3,40.2,39.9,36.7,35.0,37.1,34.8,36.2,31.6
8342,43.8,42.3,42.3,48.1,42.1,43.7,44.2,41.5,40.2,39.6,42.3,42.1,42.4,39.9,43.5,41.5,41.5,38.9,42.2,41.1,41.6,40.8,44.1,38.8,43.3,43.5,41.5,42.3,38.1,44.0,41.6,41.4,35.7,36.1,33.8,34.6,52.4,42.4,50.6,42.8,46.2,47.9,43.5,36.2,44.8,46.1,41.8,43.8,51.7,38.1,50.4,43.6,47.7,40.8,34.1,34.2,35.2,36.7,36.9,33.3,38.8,35.2,38.8,41.8,44.0,36.4,42.3,40.3,45.1,40.6,47.7,49.5,45.4,37.6,43.4,39.7,43.2,37.9,40.3,41.7,41.2,38.8,35.7,37.4,36.1,37.4,32.7
8343,44.1,41.7,42.4,48.8,42.7,44.3,44.7,42.1,40.4,39.8,42.2,42.5,42.3,40.3,44.0,41.7,41.7,38.7,42.0,41.0,41.9,40.8,44.7,39.4,43.8,43.9,41.8,42.7,38.5,44.3,42.1,41.5,36.3,36.5,34.3,34.8,52.4,41.8,51.6,43.1,47.0,47.0,44.2,36.6,44.7,45.7,42.3,43.9,52.1,38.8,51.2,44.0,48.4,40.2,34.0,34.0,35.0,36.8,37.0,33.2,38.2,35.8,38.7,42.0,44.6,36.3,42.7,40.6,45.2,40.7,48.0,49.9,45.0,38.0,43.2,40.0,43.2,37.8,40.6,42.3,41.7,39.9,35.8,37.4,36.7,37.8,32.8
8344,42.3,38.8,39.1,48.5,42.1,43.8,44.3,41.6,39.6,39.2,41.3,42.2,41.5,39.8,43.3,40.9,41.3,37.2,40.7,39.9,41.3,40.2,44.1,38.8,43.3,43.5,41.3,42.1,38.0,43.6,41.6,40.7,35.7,35.9,33.8,34.6,50.6,39.2,51.3,41.6,46.7,44.4,43.8,35.7,42.4,43.4,41.5,42.0,50.0,38.3,50.6,43.1,47.8,37.2,33.2,32.7,34.2,35.8,36.8,31.8,37.1,35.5,37.3,40.3,44.3,34.8,41.8,40.1,44.5,39.8,47.4,49.9,43.6,37.3,41.8,39.4,42.4,36.9,39.9,42.2,41.2,39.6,35.0,36.5,36.4,37.2,32.2
8345,35.8,34.4,33.1,46.1,39.4,41.9,41.8,39.0,37.3,36.9,39.3,40.5,38.8,38.1,41.0,38.6,38.4,35.3,38.5,38.0,38.7,37.6,41.5,36.3,40.6,40.9,39.7,39.4,35.4,41.3,39.5,38.0,33.0,33.3,32.0,32.1,45.3,34.6,48.8,37.5,44.8,38.5,41.1,32.7,37.6,38.2,38.5,37.3,43.7,35.6,48.2,40.7,45.4,32.4,31.5,31.4,32.2,33.6,35.4,30.4,36.3,34.1,35.7,36.1,42.7,32.8,38.4,38.4,41.9,37.7,44.2,47.3,37.6,34.2,37.5,36.4,40.3,35.2,37.7,39.5,38.3,37.0,32.2,35.2,34.0,35.0,29.6
8346,31.5,32.2,30.1,41.5,35.9,39.4,38.9,35.7,36.1,35.4,37.8,38.7,37.0,36.2,38.5,37.4,35.2,34.3,37.0,37.0,35.9,35.9,38.4,34.0,35.9,36.9,38.2,36.7,33.2,38.9,37.2,36.4,30.2,30.7,30.3,29.6,41.5,32.1,43.4,34.5,42.3,36.1,36.1,29.2,35.1,34.2,35.7,34.0,39.5,31.1,43.6,38.6,39.7,30.0,30.3,30.5,30.9,32.1,33.8,29.6,35.7,32.1,34.8,33.0,41.2,31.4,36.2,37.1,39.7,36.1,38.9,40.8,33.5,31.0,34.9,32.6,39.0,34.2,35.6,34.3,34.5,33.6,29.7,34.3,31.2,33.3,27.3
8347,28.9,30.8,28.0,37.9,34.0,38.2,37.5,33.5,35.3,34.6,36.7,37.2,36.0,35.0,37.2,36.4,33.5,33.8,36.0,36.2,34.5,34.7,37.4,32.8,33.9,34.8,37.2,35.1,31.8,37.6,35.4,35.6,28.9,29.5,29.1,28.6,39.4,30.8,40.4,32.5,40.1,34.7,33.5,28.2,33.0,32.1,33.5,32.1,36.6,29.5,40.4,37.2,36.3,28.4,29.8,29.7,30.3,31.3,32.7,29.4,35.3,30.8,34.0,30.8,40.0,30.5,35.1,36.3,38.6,35.2,36.4,37.2,31.2,28.8,32.9,30.7,38.0,33.6,34.6,31.6,32.8,31.0,29.3,33.6,29.5,32.1,25.9
8348,27.3,30.0,27.1,35.5,32.8,36.9,35.9,32.3,34.6,33.9,36.1,36.2,35.1,34.4,36.0,35.8,32.4,33.3,35.3,35.5,33.5,34.0,36.7,32.0,32.7,33.4,36.3,34.0,31.1,36.7,34.3,35.0,28.1,28.4,28.1,27.4,38.0,29.6,38.6,30.5,38.9,33.5,32.1,27.4,31.3,31.2,31.5,31.0,34.2,28.2,38.6,36.1,34.5,27.3,29.5,29.2,29.5,30.9,32.0,28.8,35.0,30.1,33.2,29.3,38.9,30.0,34.1,35.5,37.8,34.6,35.0,35.1,29.5,27.6,31.7,29.6,37.2,33.1,33.8,30.0,31.3,29.1,29.1,32.9,28.4,31.0,25.2
8349,25.8,28.8,26.2,33.9,31.9,35.9,34.8,31.2,34.0,33.4,35.6,35.6,34.5,33.8,34.9,35.3,31.7,33.0,34.5,35.0,32.7,33.3,35.9,31.2,31.9,32.8,35.5,33.1,30.3,36.3,33.4,34.7,27.4,27.5,27.4,26.8,36.8,28.8,37.1,29.7,37.4,33.0,30.8,26.6,29.8,30.5,30.1,30.1,32.6,27.1,37.1,35.0,33.3,26.1,29.1,28.8,29.0,30.6,31.5,28.5,34.8,29.4,32.9,28.2,38.1,29.8,33.3,34.9,37.0,33.8,33.9,33.6,28.1,26.6,30.4,28.3,36.6,32.8,33.2,28.9,30.4,27.9,29.0,32.3,27.5,30.2,24.7
8350,24.8,28.1,25.5,32.7,31.4,35.1,33.9,30.6,33.4,32.8,35.0,34.9,34.0,33.3,34.1,34.9,31.0,32.7,34.1,34.5,32.1,32.9,35.3,30.5,31.0,31.9,35.1,32.4,29.8,35.6,32.6,34.3,26.5,26.7,27.0,26.5,35.7,28.1,36.3,28.9,36.5,32.4,29.7,25.9,28.7,30.0,29.0,29.2,31.1,26.4,35.8,34.0,32.3,25.4,28.8,28.4,28.6,30.1,31.1,28.5,34.6,28.9,32.6,27.0,37.4,29.2,32.6,34.4,36.4,33.4,32.8,32.5,26.9,25.9,29.7,27.4,36.1,32.3,32.5,28.4,29.7,26.7,28.6,31.7,26.9,29.5,24.5
8351,23.7,27.7,24.8,32.1,30.6,34.4,33.2,30.0,33.1,32.3,34.5,34.3,33.3,32.6,33.5,34.6,30.7,32.2,33.6,34.0,31.6,32.4,34.9,29.9,30.3,31.2,34.8,31.7,29.1,35.0,31.9,33.9,26.1,26.2,26.4,25.9,35.3,27.7,35.2,28.3,35.6,32.0,29.0,25.5,27.5,29.4,28.1,28.0,30.0,25.7,34.5,33.1,31.2,24.8,28.4,28.1,28.4,29.8,30.8,28.3,34.3,28.5,32.3,25.9,36.8,28.8,32.1,33.7,35.8,33.0,31.8,31.5,25.6,25.2,29.4,26.4,35.7,31.9,32.1,27.9,28.9,25.8,28.5,31.2,26.3,29.0,24.2
8352,22.9,27.1,24.2,31.3,30.1,33.7,32.5,29.4,32.5,31.8,34.1,33.8,32.9,32.1,32.9,34.4,30.2,31.8,33.2,33.7,31.0,32.3,34.4,29.4,29.9,30.7,34.0,31.3,28.7,34.7,31.5,33.3,25.5,25.7,26.0,25.1,34.4,27.2,34.3,27.4,34.7,31.4,28.1,25.0,26.5,28.4,27.3,27.5,29.1,25.0,33.8,32.1,30.2,24.2,28.1,27.8,28.0,29.6,30.5,28.1,34.1,28.0,32.1,25.1,36.6,28.3,31.3,33.2,35.4,32.6,30.6,30.5,24.6,24.7,28.6,26.0,35.3,31.6,31.3,27.3,28.4,25.0,28.3,30.8,26.1,28.3,23.8
8353,22.3,27.1,24.1,30.6,29.5,33.0,31.9,29.0,32.1,31.4,33.5,33.3,32.5,31.6,32.5,33.9,29.6,31.7,32.9,33.4,30.7,31.8,33.8,28.6,29.2,30.1,33.5,30.8,28.5,34.1,31.0,33.1,25.1,25.2,25.5,24.4,33.9,26.9,34.1,27.1,33.9,31.0,27.2,24.5,25.6,28.0,26.5,27.0,28.9,24.7,33.0,31.2,29.3,23.8,27.8,27.8,27.7,29.3,30.1,28.1,34.0,27.5,31.7,24.7,36.2,27.9,31.0,32.8,34.9,32.2,29.5,30.0,23.6,24.0,28.1,25.2,34.9,31.3,30.9,26.7,27.9,24.0,27.9,30.5,25.6,27.9,23.5
8354,21.7,26.7,23.7,30.1,28.8,32.5,31.5,28.5,31.7,31.0,33.2,32.9,32.2,31.2,31.8,33.3,29.2,31.4,32.4,33.0,30.2,31.4,33.3,28.2,28.6,29.4,33.0,30.6,28.0,33.7,30.8,32.9,24.7,24.7,25.1,24.2,33.2,26.8,33.4,26.5,33.2,30.6,26.6,23.9,25.1,27.2,25.9,26.7,28.1,24.1,32.2,30.4,28.5,23.1,27.6,27.5,27.5,29.0,29.5,27.7,33.7,27.1,31.8,23.7,35.8,27.7,30.7,32.2,34.3,31.8,28.7,29.3,23.2,23.4,27.5,24.7,34.6,31.0,30.6,26.2,27.2,23.4,27.6,30.1,25.0,27.5,22.9
8355,21.1,26.7,23.6,29.6,28.4,31.8,31.0,28.1,31.3,30.6,32.8,32.5,31.9,30.9,31.3,33.0,29.0,31.1,32.2,32.6,29.8,31.0,32.9,27.9,28.3,28.9,32.6,30.2,27.7,33.5,30.3,32.6,24.2,24.2,24.8,24.0,32.8,26.5,33.0,26.1,32.6,30.7,26.0,23.5,24.6,26.7,25.3,26.1,27.6,23.4,31.6,29.7,27.6,22.5,27.5,27.3,27.4,28.8,29.4,27.8,33.5,26.9,31.7,23.2,35.5,27.3,30.3,31.8,34.1,31.4,27.8,28.8,22.6,23.4,27.1,24.3,34.2,30.8,30.3,25.7,26.7,22.7,27.6,29.8,24.7,27.3,22.5
8356,20.7,26.4,23.2,29.2,27.9,31.3,30.5,27.6,30.9,30.2,32.6,32.3,31.5,30.2,30.7,32.8,28.7,30.9,31.6,32.4,29.4,30.9,32.5,27.5,27.8,28.6,32.3,29.6,27.4,33.3,29.9,32.3,23.8,23.9,24.4,23.6,32.1,26.4,32.4,25.7,31.8,30.7,25.4,23.2,24.1,26.0,24.8,25.5,27.2,23.1,31.0,29.3,27.0,22.4,27.2,27.2,27.2,28.7,29.3,27.5,33.3,26.7,31.5,22.5,35.3,27.2,29.8,31.4,33.7,31.1,27.1,28.2,22.2,22.7,26.6,23.7,33.9,30.5,29.9,25.2,26.3,22.1,27.7,29.4,24.4,26.8,22.1
8357,20.2,26.3,22.8,28.8,27.8,30.9,30.3,27.3,30.7,29.6,32.3,31.9,31.3,29.9,30.4,32.5,28.5,30.7,31.4,32.1,29.0,30.4,32.1,26.9,27.3,28.4,31.8,29.3,27.2,33.1,29.5,32.1,23.5,23.5,24.1,23.4,31.5,26.1,31.8,25.1,31.2,30.4,24.7,22.7,23.7,26.0,24.4,24.8,26.7,22.7,30.5,28.7,26.5,22.1,27.1,27.1,27.1,28.6,29.0,27.4,33.2,26.4,31.3,22.4,35.1,27.0,29.5,31.0,33.3,30.9,26.2,27.7,22.0,22.6,26.0,23.4,33.7,30.2,29.6,24.9,25.9,21.8,27.2,29.0,24.0,26.5,21.9
8358,19.7,25.9,22.5,28.4,27.4,30.5,30.0,27.1,30.5,29.5,32.2,31.8,31.2,29.7,30.1,32.2,28.3,30.7,31.3,32.0,28.9,29.8,31.8,26.5,26.6,28.2,31.4,29.0,26.9,32.9,29.2,32.0,23.1,23.3,24.0,23.0,31.3,25.8,31.5,24.6,30.6,30.2,24.2,22.4,23.1,25.2,24.1,24.7,26.4,22.2,30.0,28.4,26.1,21.7,26.9,27.0,26.9,28.6,28.7,27.3,33.1,26.2,31.0,21.9,34.9,26.9,29.3,30.6,32.9,30.6,25.6,27.2,21.6,22.3,26.1,23.0,33.4,29.9,29.3,24.7,25.4,21.3,27.1,29.0,23.7,26.0,21.8
8359,19.4,25.9,22.2,28.1,27.0,30.2,29.7,26.6,30.2,29.2,31.9,31.6,31.1,29.5,29.8,31.9,28.1,30.7,31.1,31.8,28.5,30.0,31.6,26.1,26.3,27.7,31.2,28.6,26.6,32.7,29.0,32.0,22.6,23.0,23.8,22.6,30.8,25.9,30.9,24.2,30.1,30.1,23.8,22.0,22.7,24.9,23.8,24.2,25.8,22.0,29.6,28.4,25.6,21.3,26.7,26.9,26.8,28.4,28.5,27.2,33.1,26.0,30.9,21.8,34.7,26.6,29.2,30.4,32.8,30.3,25.0,27.1,21.2,22.1,25.3,22.9,33.2,29.7,29.1,24.3,25.0,20.8,27.2,28.8,23.2,25.8,21.5
8360,22.4,27.5,24.9,27.9,27.0,30.2,29.7,26.5,30.4,29.2,32.6,31.5,31.8,29.4,29.7,32.2,28.2,30.7,31.8,32.8,28.6,30.2,31.8,25.9,26.0,27.5,31.1,28.5,26.6,33.0,29.0,32.4,22.4,22.9,23.6,22.7,33.2,27.0,30.5,26.0,31.0,33.4,23.4,22.3,24.9,27.3,24.7,26.6,29.8,21.8,30.0,28.9,26.6,23.0,26.5,27.0,26.7,28.6,28.6,27.2,33.1,25.9,31.1,23.4,34.7,26.6,29.2,30.3,33.8,31.0,26.1,26.9,23.6,22.2,27.0,22.9,34.0,30.2,29.1,24.0,24.7,20.5,26.8,29.2,22.8,25.6,21.1
8361,28.0,31.6,31.2,30.6,29.4,32.3,32.3,29.3,32.5,31.1,34.8,33.6,34.7,31.1,32.2,33.9,31.1,32.7,34.4,34.9,31.0,32.3,34.3,27.8,28.5,30.5,32.8,30.8,28.8,35.4,30.9,34.4,24.3,24.6,24.9,24.8,38.5,31.4,33.6,30.3,33.6,38.2,26.5,25.4,29.2,32.4,27.6,31.9,37.1,24.4,35.1,31.7,31.2,27.4,27.1,28.3,27.9,29.6,29.1,28.4,34.3,26.2,32.6,28.5,35.6,28.5,31.8,31.9,36.3,33.3,31.0,30.2,29.3,25.7,31.9,26.5,36.5,32.1,31.2,26.3,27.1,22.4,28.1,31.0,24.7,27.5,23.0
8362,33.0,35.4,36.4,35.7,32.9,35.2,35.4,32.5,34.9,33.1,37.0,35.8,37.2,33.5,35.2,36.1,33.8,34.6,36.8,37.0,33.8,35.1,37.2,30.8,32.7,34.2,34.8,33.9,31.1,37.8,33.6,36.7,27.6,27.7,27.0,27.6,43.1,35.3,38.1,34.1,36.9,42.1,31.1,28.2,33.8,37.5,31.0,35.7,43.0,27.8,39.9,34.8,35.9,32.0,28.8,30.1,29.9,31.7,30.9,30.0,35.6,28.2,34.8,33.2,37.3,30.8,34.4,34.0,38.8,35.6,35.7,36.3,34.6,29.4,35.7,30.1,38.7,34.0,33.8,30.8,31.0,26.1,30.3,32.8,27.6,30.1,25.7
8363,37.4,38.6,39.6,40.5,36.2,38.0,38.5,35.8,37.1,35.4,39.1,38.3,39.3,35.6,38.2,38.1,36.6,36.4,38.9,38.7,36.5,37.0,39.8,33.6,36.5,37.6,37.0,36.8,33.5,40.1,36.2,38.7,30.4,30.8,29.3,30.1,46.6,38.6,42.3,37.3,39.9,44.8,35.8,31.2,37.9,41.1,34.7,38.5,47.0,31.6,43.6,37.7,40.1,35.7,30.7,31.7,32.1,33.4,33.0,31.3,36.9,30.4,36.4,36.8,39.2,33.0,37.1,36.3,41.2,37.6,40.0,41.6,38.8,32.5,38.8,33.5,40.6,35.7,36.0,35.0,34.5,30.2,32.3,34.5,30.6,32.6,28.2
8364,41.0,40.7,41.4,44.0,38.7,40.6,40.8,38.4,38.6,37.4,40.7,40.3,41.2,37.5,40.6,39.8,38.8,37.6,40.7,40.1,38.6,38.8,41.9,35.8,39.7,40.2,38.9,39.0,35.5,42.1,38.6,40.2,32.9,33.3,31.4,32.1,49.1,40.8,45.8,39.7,42.5,46.4,39.4,33.3,41.2,43.5,37.9,41.0,49.7,34.1,46.5,40.1,43.4,38.4,32.3,33.0,33.5,34.9,34.7,32.3,37.9,32.4,37.5,39.2,40.9,34.6,39.2,38.1,43.2,39.3,43.6,45.0,42.2,34.3,41.2,36.1,42.1,37.0,38.0,38.2,37.6,33.9,33.8,35.8,33.0,34.7,30.4
8365,43.6,41.9,42.2,46.5,40.7,42.4,42.8,40.7,40.0,38.8,42.1,41.7,42.3,39.0,42.3,41.1,40.4,38.5,41.9,41.0,40.5,40.1,43.3,37.6,42.0,42.3,40.6,41.1,37.1,43.5,40.5,41.3,34.6,35.0,32.9,33.7,51.0,42.1,48.5,41.5,44.5,47.6,41.9,34.8,43.5,45.0,40.1,42.8,51.5,36.4,48.6,42.1,45.9,40.2,33.2,33.8,34.4,35.8,36.1,33.1,38.6,34.1,38.4,40.9,42.7,35.7,41.2,39.6,44.7,40.4,46.1,47.8,44.1,36.0,42.7,38.1,43.2,37.9,39.4,40.4,39.9,36.7,34.9,36.9,34.9,36.3,31.9
8366,43.8,42.1,42.3,48.1,42.1,43.7,44.1,41.6,40.7,39.8,42.7,42.7,42.9,40.1,43.5,42.0,41.7,39.0,42.6,41.5,41.7,41.1,44.3,39.0,43.4,43.5,41.7,42.4,38.2,44.5,41.7,42.0,35.8,36.2,34.0,34.8,52.2,42.4,50.4,42.4,45.9,47.7,43.5,35.7,44.7,45.8,41.4,43.6,51.7,37.7,50.1,43.4,47.6,40.6,33.9,34.2,35.0,36.5,37.0,33.3,38.9,35.3,38.9,41.8,44.0,36.5,42.3,40.6,45.6,41.1,47.4,49.3,45.2,37.1,43.3,39.3,43.7,38.4,40.4,41.8,41.2,38.8,35.6,37.3,36.2,37.5,32.9
8367,44.2,41.4,42.3,48.8,42.7,44.3,44.8,42.2,40.9,40.0,42.6,43.1,42.8,40.5,44.0,42.1,41.8,38.8,42.4,41.5,42.0,41.1,44.8,39.5,43.9,43.9,42.0,42.8,38.6,44.8,42.2,42.1,36.4,36.7,34.4,35.0,52.3,41.8,51.3,42.7,46.7,46.8,44.3,36.0,44.6,45.5,41.9,43.7,52.1,38.4,50.9,43.9,48.3,40.1,33.7,34.0,34.8,36.6,37.1,33.2,38.3,35.8,38.8,42.0,44.5,36.4,42.6,40.9,45.6,41.2,47.8,49.6,44.8,37.5,43.1,39.7,43.7,38.3,40.8,42.4,41.8,39.8,35.7,37.3,36.8,37.9,33.0
8368,42.2,38.4,39.0,48.5,42.1,43.9,44.3,41.6,40.1,39.4,41.7,42.8,42.1,40.0,43.4,41.3,41.4,37.3,41.2,40.5,41.4,40.5,44.2,38.9,43.4,43.5,41.5,42.2,38.1,44.0,41.7,41.3,35.8,36.0,33.9,34.7,50.4,39.1,51.1,41.2,46.3,44.3,43.8,35.2,42.3,43.2,41.1,41.8,50.0,37.9,50.2,42.9,47.7,37.0,33.0,32.7,34.1,35.7,36.8,31.8,37.2,35.5,37.4,40.3,44.3,34.9,41.7,40.3,45.0,40.3,47.1,49.8,43.5,36.8,41.6,39.0,42.9,37.4,40.1,42.2,41.3,39.6,34.8,36.4,36.4,37.3,32.3
8369,35.8,34.2,33.0,46.2,39.3,41.9,41.9,39.1,37.9,37.1,39.8,41.0,39.2,38.3,41.2,39.1,38.5,35.4,39.0,38.5,38.8,38.0,41.6,36.4,40.5,40.9,39.9,39.5,35.5,41.6,39.5,38.6,33.1,33.5,32.1,32.3,45.2,34.5,48.6,37.1,44.5,38.5,41.1,32.2,37.5,38.1,38.2,37.2,43.8,35.3,47.9,40.5,45.3,32.3,31.4,31.4,32.2,33.6,35.5,30.3,36.4,34.1,35.8,36.1,42.7,32.9,38.4,38.7,42.3,38.1,44.0,47.2,37.6,33.7,37.5,36.1,40.8,35.8,37.8,39.5,38.3,37.0,32.1,35.1,34.0,35.2,29.7
8370,31.6,32.0,30.1,41.6,35.8,39.4,38.9,35.9,36.6,35.6,38.3,39.1,37.6,36.4,38.6,37.8,35.3,34.4,37.5,37.5,36.1,36.2,38.6,34.1,35.9,36.9,38.3,36.9,33.4,39.2,37.3,36.9,30.3,30.9,30.5,29.9,41.5,32.1,43.2,34.2,42.0,36.1,36.1,28.9,35.1,34.1,35.5,34.0,39.7,30.9,43.3,38.4,39.6,30.0,30.2,30.4,30.9,32.2,33.9,29.7,35.8,32.1,34.8,33.1,41.2,31.3,36.2,37.4,40.1,36.6,38.8,40.8,33.5,30.7,34.9,32.4,39.5,34.8,35.8,34.3,34.5,33.6,29.7,34.2,31.3,33.6,27.5
8371,28.9,30.6,28.0,38.0,34.0,38.3,37.5,33.7,35.8,34.8,37.2,37.7,36.6,35.2,37.3,36.9,33.7,33.9,36.5,36.8,34.7,35.0,37.5,32.9,33.9,34.9,37.5,35.2,32.1,38.0,35.6,36.1,29.0,29.7,29.3,28.9,39.4,30.8,40.4,32.2,39.8,34.7,33.4,27.9,32.9,32.1,33.2,32.3,36.8,29.4,40.2,37.1,36.1,28.4,29.8,29.8,30.3,31.5,32.8,29.3,35.5,30.7,34.1,30.8,40.0,30.5,35.1,36.5,39.0,35.7,36.3,37.2,31.4,28.5,32.8,30.5,38.6,34.2,34.9,31.7,32.8,31.1,29.4,33.6,29.6,32.4,26.2
8372,27.4,29.7,27.1,35.6,32.8,36.9,36.0,32.5,35.1,34.1,36.7,36.7,35.8,34.7,36.1,36.2,32.7,33.3,35.9,36.0,33.8,34.4,36.9,32.2,32.7,33.6,36.6,34.1,31.4,37.0,34.5,35.5,28.1,28.6,28.3,27.7,37.9,29.6,38.6,30.4,38.6,33.6,31.9,27.1,31.3,31.2,31.4,31.1,34.5,28.1,38.4,36.1,34.4,27.2,29.4,29.2,29.5,31.0,32.1,28.8,35.2,30.1,33.3,29.4,39.0,30.0,34.1,35.8,38.2,35.1,35.0,35.1,29.6,27.4,31.5,29.4,37.7,33.8,34.1,30.3,31.3,29.2,29.1,33.0,28.5,31.2,25.5
8373,25.8,28.6,26.2,34.0,32.0,36.0,34.9,31.4,34.5,33.6,36.2,36.1,35.2,34.1,35.0,35.8,32.0,33.0,35.1,35.5,33.0,33.7,36.2,31.4,31.9,32.9,35.8,33.2,30.6,36.6,33.7,35.2,27.5,27.7,27.6,27.1,36.7,28.8,37.1,29.6,37.3,33.0,30.7,26.3,29.8,30.5,29.9,30.2,32.9,27.0,37.0,35.0,33.2,26.2,29.1,28.8,29.0,30.7,31.5,28.6,35.0,29.4,32.9,28.2,38.1,29.8,33.3,35.2,37.4,34.4,33.9,33.7,28.2,26.5,30.4,28.0,37.1,33.4,33.5,29.1,30.5,28.0,29.0,32.4,27.6,30.5,25.0
8374,24.8,27.9,25.5,32.8,31.5,35.2,34.1,30.9,33.9,33.1,35.5,35.3,34.5,33.5,34.2,35.4,31.3,32.9,34.7,35.0,32.4,33.4,35.6,30.7,31.0,31.9,35.4,32.5,30.1,35.9,32.9,34.8,26.7,27.0,27.2,26.9,35.7,28.1,36.3,28.7,36.3,32.4,29.7,25.7,28.6,30.0,28.9,29.2,31.5,26.3,35.7,34.0,32.2,25.4,28.6,28.5,28.7,30.2,31.2,28.5,34.7,28.9,32.8,27.2,37.4,29.2,32.6,34.7,36.8,33.9,32.7,32.4,26.9,25.8,29.7,27.2,36.7,32.9,32.8,28.6,29.8,26.8,28.6,31.8,27.1,29.8,24.8
8375,23.7,27.4,24.9,32.2,30.8,34.5,33.3,30.3,33.5,32.6,35.0,34.7,33.8,32.9,33.6,35.0,31.0,32.4,34.1,34.5,31.9,32.9,35.2,30.1,30.3,31.4,35.1,31.9,29.5,35.3,32.2,34.4,26.2,26.6,26.6,26.3,35.2,27.7,35.2,28.2,35.4,32.0,28.9,25.3,27.5,29.3,28.1,28.1,30.4,25.6,34.5,33.2,31.1,24.7,28.4,28.1,28.4,30.0,31.0,28.4,34.4,28.5,32.5,26.0,36.8,28.8,32.1,34.0,36.3,33.4,31.7,31.4,25.7,25.1,29.3,26.3,36.3,32.5,32.3,28.1,29.0,25.9,28.6,31.3,26.5,29.2,24.5
8376,23.0,26.9,24.3,31.3,30.2,33.8,32.7,29.7,32.9,32.1,34.6,34.2,33.3,32.4,33.0,34.8,30.5,31.9,33.7,34.2,31.3,32.7,34.6,29.5,29.9,30.8,34.4,31.4,29.0,35.1,31.7,33.8,25.6,26.1,26.3,25.5,34.4,27.1,34.3,27.4,34.6,31.3,28.0,24.8,26.3,28.3,27.3,27.5,29.5,25.0,33.7,32.2,30.1,24.1,28.1,27.9,28.0,29.7,30.7,28.1,34.2,28.0,32.2,25.1,36.6,28.3,31.3,33.4,35.8,33.0,30.6,30.5,24.7,24.5,28.6,25.9,36.0,32.2,31.6,27.5,28.5,25.0,28.4,31.0,26.2,28.6,24.1
8377,22.4,26.7,24.2,30.6,29.6,33.1,32.0,29.3,32.6,31.6,34.0,33.7,32.9,31.9,32.6,34.3,29.9,31.8,33.4,33.9,30.9,32.2,34.1,28.8,29.2,30.2,33.8,31.0,28.8,34.5,31.1,33.6,25.1,25.5,25.8,24.8,33.9,26.8,34.0,27.0,33.7,31.0,27.2,24.3,25.4,27.9,26.5,27.1,29.1,24.7,32.9,31.3,29.2,23.7,27.7,27.8,27.7,29.4,30.2,28.1,34.1,27.6,31.9,24.8,36.2,27.9,30.9,33.0,35.4,32.7,29.5,29.9,23.8,23.9,28.1,25.2,35.6,31.8,31.1,26.9,28.0,24.1,28.1,30.8,25.7,28.2,23.8
8378,21.8,26.4,23.8,30.0,28.9,32.6,31.6,28.9,32.2,31.2,33.6,33.3,32.6,31.4,31.9,33.7,29.5,31.5,32.9,33.5,30.4,31.8,33.7,28.4,28.6,29.5,33.3,30.7,28.3,34.1,30.9,33.4,24.7,25.1,25.3,24.6,33.2,26.6,33.4,26.4,33.0,30.6,26.7,23.7,24.9,27.1,25.9,26.6,28.4,24.1,32.2,30.6,28.4,23.0,27.5,27.6,27.6,29.1,29.7,27.7,33.9,27.2,31.8,23.9,35.8,27.7,30.7,32.5,34.9,32.2,28.7,29.0,23.1,23.3,27.6,24.7,35.2,31.4,30.8,26.4,27.3,23.5,27.8,30.4,25.1,27.8,23.2
8379,21.3,26.4,23.6,29.4,28.5,31.9,31.0,28.4,31.8,30.8,33.3,32.9,32.4,31.2,31.4,33.4,29.3,31.2,32.7,33.1,30.1,31.3,33.2,28.1,28.2,29.1,32.8,30.3,28.0,34.0,30.6,33.1,24.3,24.6,25.0,24.3,32.8,26.3,32.9,26.0,32.4,30.7,26.0,23.3,24.4,26.5,25.4,26.1,27.8,23.4,31.6,29.9,27.6,22.4,27.5,27.3,27.4,28.9,29.7,27.7,33.6,27.0,31.8,23.4,35.5,27.3,30.2,32.1,34.6,31.9,27.7,28.5,22.4,23.3,27.2,24.3,34.8,31.2,30.5,25.9,26.7,22.8,27.7,30.1,24.7,27.5,22.8
8380,20.8,26.1,23.2,29.1,28.1,31.4,30.6,27.9,31.4,30.4,33.0,32.6,32.0,30.5,30.8,33.1,28.9,31.1,32.0,32.9,29.7,31.2,32.7,27.7,27.8,28.7,32.6,29.8,27.7,33.7,30.1,32.8,23.9,24.2,24.6,23.9,32.2,26.2,32.3,25.5,31.7,30.6,25.4,23.0,24.0,25.9,24.8,25.5,27.4,23.1,31.0,29.5,27.1,22.2,27.2,27.2,27.2,28.8,29.5,27.5,33.4,26.7,31.6,22.8,35.4,27.2,29.7,31.7,34.2,31.5,27.0,28.0,21.9,22.6,26.8,23.8,34.5,30.9,30.1,25.4,26.3,22.1,27.8,29.6,24.4,27.1,22.3
8381,20.3,26.0,22.7,28.6,27.9,31.0,30.4,27.6,31.3,29.8,32.7,32.4,31.8,30.2,30.4,32.8,28.8,30.9,31.9,32.6,29.2,30.8,32.3,27.1,27.3,28.5,32.1,29.4,27.5,33.6,29.7,32.6,23.5,23.8,24.2,23.7,31.6,25.8,31.8,24.9,31.1,30.4,24.7,22.5,23.6,25.9,24.4,24.9,26.8,22.7,30.5,28.9,26.5,21.9,27.1,27.1,27.1,28.8,29.2,27.3,33.2,26.5,31.4,22.7,35.2,27.1,29.5,31.3,33.9,31.3,26.2,27.6,21.8,22.4,26.3,23.3,34.3,30.6,29.8,25.1,25.9,21.8,27.3,29.3,24.0,26.9,22.1
8382,19.7,25.6,22.4,28.2,27.4,30.6,30.1,27.4,31.0,29.7,32.6,32.2,31.7,30.0,30.1,32.5,28.5,30.9,31.8,32.4,29.0,30.2,32.0,26.6,26.6,28.3,31.7,29.2,27.2,33.4,29.4,32.5,23.0,23.5,24.2,23.3,31.3,25.6,31.3,24.4,30.5,30.1,24.2,22.2,22.9,25.2,24.2,24.7,26.6,22.2,30.0,28.6,26.1,21.6,26.8,27.0,26.9,28.7,28.9,27.3,33.2,26.1,31.1,22.1,35.0,26.9,29.3,30.9,33.5,31.0,25.5,27.0,21.3,22.3,26.2,22.9,34.0,30.4,29.5,24.8,25.4,21.2,27.3,29.3,23.7,26.3,22.0
8383,19.4,25.6,22.0,27.8,27.0,30.3,29.8,26.8,30.7,29.4,32.4,32.1,31.5,29.7,29.9,32.3,28.3,30.9,31.6,32.3,28.7,30.4,31.7,26.2,26.2,27.8,31.5,28.8,26.8,33.1,29.1,32.5,22.6,23.2,23.9,22.9,30.9,25.7,30.7,24.0,30.0,29.9,23.8,21.8,22.5,24.9,23.7,24.2,25.9,22.0,29.6,28.6,25.7,21.2,26.7,26.9,26.8,28.6,28.6,27.3,33.2,26.0,31.0,22.0,34.9,26.7,29.0,30.7,33.4,30.8,25.0,26.9,20.9,22.1,25.5,22.8,33.8,30.2,29.3,24.5,25.0,20.8,27.4,29.1,23.1,26.1,21.7
8384,22.3,27.1,24.7,27.6,27.0,30.2,29.7,26.7,31.0,29.3,32.9,31.9,32.3,29.5,29.7,32.5,28.3,30.9,32.3,33.3,28.7,30.5,31.9,26.0,25.9,27.5,31.3,28.6,26.7,33.4,29.1,32.9,22.3,23.0,23.7,23.0,33.2,26.8,30.3,25.7,30.8,33.2,23.3,22.1,24.6,27.2,24.6,26.7,29.8,21.9,30.0,29.0,26.6,22.8,26.5,27.1,26.7,28.7,28.8,27.2,33.2,25.9,31.2,23.5,34.8,26.6,29.1,30.5,34.3,31.5,26.0,26.7,23.3,22.1,27.1,22.9,34.5,30.5,29.2,24.1,24.7,20.5,27.0,29.5,22.7,25.8,21.3
8385,27.7,31.3,30.8,30.2,29.4,32.2,32.2,29.4,32.8,31.2,35.1,33.9,34.9,31.2,32.1,34.1,31.1,32.8,34.7,35.3,31.0,32.5,34.4,27.8,28.3,30.4,32.9,30.8,28.9,35.7,31.0,34.7,24.1,24.6,24.9,24.9,38.4,31.2,33.4,29.9,33.5,38.0,26.2,25.1,29.0,32.2,27.5,31.9,37.1,24.3,34.9,31.8,31.2,27.0,27.1,28.3,27.9,29.7,29.1,28.4,34.4,26.2,32.7,28.6,35.7,28.5,31.6,32.1,36.7,33.6,30.9,30.0,29.0,25.5,31.9,26.4,36.9,32.4,31.3,26.2,27.0,22.2,28.3,31.3,24.5,27.6,23.0
8386,32.6,35.0,35.9,35.3,32.8,35.0,35.2,32.4,35.2,33.2,37.3,36.1,37.4,33.5,35.1,36.3,33.9,34.8,37.0,37.4,33.8,35.2,37.2,30.7,32.3,34.0,34.9,33.8,31.2,38.0,33.6,37.0,27.3,27.6,27.0,27.6,43.0,35.0,37.9,33.7,36.6,41.9,30.8,27.9,33.4,37.2,30.8,35.5,42.9,27.8,39.7,34.9,35.9,31.4,28.8,30.1,29.9,31.7,30.9,30.0,35.6,28.2,34.8,33.2,37.3,30.7,34.3,34.2,39.2,35.9,35.5,36.1,34.2,29.0,35.7,29.9,39.0,34.3,33.8,30.5,30.7,25.9,30.4,33.2,27.3,30.1,25.7
8387,36.9,38.3,39.1,40.1,35.9,37.8,38.3,35.7,37.3,35.4,39.3,38.6,39.5,35.7,38.0,38.3,36.6,36.5,39.1,39.0,36.4,37.1,39.8,33.5,36.1,37.3,37.1,36.6,33.5,40.2,36.2,38.9,30.1,30.7,29.2,30.0,46.5,38.4,42.0,36.8,39.6,44.6,35.4,30.8,37.5,40.8,34.5,38.3,46.9,31.4,43.2,37.9,40.1,35.2,30.7,31.7,32.1,33.4,32.9,31.2,36.8,30.3,36.5,36.8,39.2,32.9,36.9,36.4,41.5,37.9,39.8,41.3,38.4,32.0,38.8,33.2,40.9,36.0,36.0,34.7,34.1,29.9,32.4,34.9,30.2,32.5,28.1
8388,40.5,40.4,41.0,43.6,38.4,40.4,40.5,38.3,38.9,37.3,40.9,40.6,41.4,37.6,40.3,39.9,38.8,37.7,40.9,40.4,38.5,39.0,41.9,35.6,39.2,39.9,39.0,38.9,35.4,42.2,38.4,40.5,32.5,33.1,31.2,31.9,48.9,40.7,45.5,39.2,42.1,46.2,38.9,32.9,40.7,43.3,37.6,40.8,49.6,33.8,46.1,40.3,43.2,37.8,32.2,33.0,33.5,34.9,34.7,32.2,37.9,32.3,37.6,39.2,40.9,34.6,39.0,38.1,43.5,39.5,43.4,44.6,41.7,33.8,41.2,35.7,42.3,37.3,38.0,37.8,37.2,33.5,33.9,36.1,32.5,34.5,30.2
8389,43.1,41.6,41.8,46.1,40.3,42.1,42.4,40.5,40.2,38.7,42.2,41.9,42.5,39.0,42.0,41.2,40.3,38.6,42.0,41.3,40.4,40.2,43.3,37.3,41.5,41.9,40.7,40.9,37.0,43.6,40.3,41.5,34.1,34.8,32.7,33.5,50.8,42.0,48.1,41.0,44.1,47.3,41.5,34.3,43.0,44.8,39.8,42.6,51.4,36.0,48.3,42.2,45.9,39.5,33.1,33.7,34.4,35.8,36.1,33.0,38.5,34.0,38.5,40.8,42.6,35.7,40.9,39.6,44.9,40.7,45.8,47.4,43.8,35.5,42.7,37.7,43.4,38.2,39.4,39.9,39.4,36.2,35.0,37.3,34.3,36.1,31.6
8390,43.2,41.8,41.9,47.7,41.7,43.4,43.8,41.3,40.9,39.6,42.9,42.9,43.2,40.1,43.2,42.1,41.5,39.1,42.7,41.8,41.5,41.1,44.2,38.7,43.0,43.1,41.6,42.1,38.0,44.5,41.5,42.2,35.3,36.0,33.8,34.6,51.9,42.4,50.0,41.9,45.6,47.5,43.0,35.2,44.2,45.6,41.2,43.4,51.6,37.3,49.7,43.5,47.5,40.0,33.8,34.0,35.0,36.5,37.0,33.2,38.8,35.2,39.0,41.7,43.9,36.4,42.1,40.6,45.8,41.4,47.2,48.8,44.9,36.6,43.3,38.9,44.0,38.6,40.4,41.3,40.7,38.2,35.6,37.7,35.5,37.3,32.6
8391,43.6,41.0,42.0,48.5,42.3,43.9,44.4,41.9,41.0,39.9,42.9,43.3,43.0,40.4,43.7,42.1,41.7,39.0,42.7,41.8,41.8,41.2,44.7,39.2,43.4,43.5,41.9,42.5,38.4,44.8,42.0,42.3,35.9,36.3,34.2,34.8,52.0,41.7,51.0,42.2,46.3,46.7,43.8,35.5,44.0,45.3,41.6,43.6,52.0,38.1,50.5,44.0,48.2,39.6,33.7,33.9,34.7,36.6,37.1,33.0,38.2,35.6,38.9,42.0,44.4,36.4,42.4,40.8,45.9,41.4,47.5,49.1,44.4,37.0,43.2,39.3,44.0,38.5,40.7,41.8,41.4,39.3,35.6,37.7,36.1,37.6,32.7
8392,41.8,38.1,38.6,48.1,41.7,43.6,43.9,41.4,40.2,39.3,41.9,42.9,42.3,39.9,43.1,41.3,41.2,37.5,41.5,40.8,41.2,40.5,44.0,38.5,42.9,43.2,41.4,41.9,37.8,44.0,41.5,41.4,35.3,35.7,33.7,34.5,50.1,39.0,50.6,40.9,46.0,44.1,43.4,34.7,41.8,43.1,40.9,41.7,50.0,37.6,49.9,43.0,47.6,36.6,33.0,32.6,34.0,35.7,36.8,31.8,37.2,35.3,37.5,40.3,44.1,35.0,41.5,40.3,45.2,40.5,46.9,49.4,43.1,36.3,41.7,38.6,43.2,37.6,40.0,41.7,40.8,39.0,34.7,36.8,35.8,37.1,32.0
8393,35.5,33.9,32.7,46.0,39.0,41.6,41.6,38.9,37.9,36.9,40.0,41.2,39.4,38.2,40.9,39.1,38.4,35.6,39.2,38.8,38.6,37.9,41.5,36.1,40.2,40.6,39.8,39.2,35.4,41.6,39.4,38.8,32.7,33.2,31.9,32.1,45.1,34.6,48.2,36.7,44.2,38.3,40.7,31.7,37.0,38.0,37.9,37.1,43.8,35.1,47.5,40.6,45.2,31.9,31.4,31.4,32.2,33.7,35.5,30.3,36.4,34.0,35.8,36.2,42.5,32.9,38.4,38.6,42.5,38.4,43.8,46.9,37.3,33.3,37.5,35.8,41.2,35.9,37.8,39.1,38.0,36.6,32.1,35.5,33.5,35.0,29.4
8394,31.2,31.7,29.8,41.5,35.6,39.1,38.7,35.7,36.6,35.4,38.5,39.2,37.8,36.3,38.4,37.7,35.3,34.6,37.7,37.8,35.9,36.1,38.4,33.8,35.6,36.7,38.2,36.6,33.1,39.2,37.2,37.1,30.0,30.6,30.4,29.8,41.3,32.2,43.0,33.8,41.7,35.9,35.8,28.6,34.7,34.0,35.3,34.0,39.6,30.8,43.0,38.5,39.6,29.6,30.3,30.5,31.0,32.4,33.9,29.7,36.0,32.0,34.8,33.2,41.0,31.4,36.2,37.2,40.2,36.8,38.6,40.6,33.2,30.2,34.9,32.2,39.8,34.9,35.7,34.0,34.3,33.2,29.9,34.6,30.9,33.4,27.2
8395,28.6,30.4,27.8,37.9,33.8,38.0,37.3,33.5,35.7,34.6,37.4,37.7,36.7,35.1,37.1,36.8,33.5,34.1,36.7,37.1,34.6,34.9,37.4,32.7,33.6,34.7,37.3,35.0,31.9,37.9,35.5,36.2,28.8,29.4,29.1,28.8,39.2,30.8,40.2,31.9,39.4,34.6,33.1,27.6,32.7,32.1,33.1,32.3,36.8,29.2,40.1,37.2,36.1,28.1,29.8,29.8,30.3,31.6,32.9,29.4,35.6,30.7,34.1,31.0,39.9,30.5,35.1,36.4,39.1,35.9,36.3,37.0,31.2,28.2,32.9,30.3,38.9,34.3,34.7,31.5,32.6,30.7,29.6,34.0,29.3,32.1,25.9
8396,27.1,29.5,26.9,35.5,32.7,36.8,35.9,32.3,35.0,34.0,36.8,36.7,35.9,34.5,36.0,36.1,32.6,33.5,36.0,36.3,33.7,34.2,36.7,32.0,32.5,33.4,36.4,33.9,31.1,36.9,34.4,35.6,27.9,28.4,28.2,27.6,37.7,29.6,38.3,30.0,38.3,33.4,31.7,26.9,31.1,31.2,31.3,31.1,34.5,28.0,38.2,36.3,34.4,27.0,29.4,29.3,29.6,31.2,32.1,29.0,35.4,29.9,33.3,29.4,38.9,30.1,34.2,35.7,38.3,35.3,34.9,34.9,29.5,27.0,31.7,29.2,38.0,33.8,33.9,30.0,31.1,28.9,29.4,33.4,28.2,31.1,25.3
8397,25.6,28.4,26.0,33.8,31.8,35.8,34.7,31.3,34.4,33.5,36.2,36.0,35.2,33.9,34.8,35.7,31.9,33.2,35.2,35.7,32.9,33.5,36.1,31.2,31.7,32.8,35.8,33.0,30.4,36.6,33.6,35.2,27.3,27.5,27.4,26.9,36.5,28.8,36.9,29.3,37.0,32.8,30.6,26.1,29.6,30.6,30.0,30.2,32.9,26.9,36.8,35.0,33.1,25.9,29.1,28.9,29.1,30.8,31.6,28.8,35.2,29.3,33.0,28.3,38.2,29.8,33.4,35.1,37.5,34.5,33.7,33.5,28.1,26.2,30.5,27.9,37.3,33.4,33.3,29.0,30.2,27.7,29.2,32.8,27.3,30.3,24.8
8398,24.7,27.8,25.4,32.6,31.3,35.1,34.0,30.7,33.8,32.9,35.6,35.2,34.5,33.3,34.1,35.3,31.2,33.0,34.8,35.2,32.2,33.3,35.5,30.6,30.8,31.8,35.3,32.4,29.9,35.8,32.7,34.7,26.5,26.8,27.0,26.7,35.5,28.1,36.1,28.4,36.1,32.2,29.5,25.5,28.4,30.1,29.0,29.2,31.5,26.3,35.5,34.1,32.1,25.2,28.7,28.5,28.8,30.4,31.2,28.7,34.9,28.9,32.8,27.3,37.4,29.2,32.8,34.5,36.8,34.0,32.6,32.1,26.9,25.5,29.9,27.2,36.8,32.9,32.6,28.4,29.5,26.5,28.8,32.3,26.8,29.6,24.6
8399,23.5,27.3,24.7,32.0,30.6,34.4,33.2,30.0,33.4,32.4,35.0,34.6,33.7,32.7,33.6,34.9,30.7,32.5,34.2,34.7,31.7,32.7,35.1,29.9,30.1,31.3,34.9,31.7,29.3,35.2,32.0,34.3,26.0,26.4,26.4,26.1,35.0,27.8,35.2,28.0,35.3,31.7,28.7,25.1,27.4,29.4,28.2,28.0,30.4,25.6,34.4,33.3,31.1,24.4,28.5,28.2,28.5,30.2,31.1,28.6,34.7,28.5,32.6,26.2,36.9,28.9,32.3,33.8,36.3,33.4,31.7,31.2,25.7,24.8,29.4,26.3,36.4,32.5,32.2,27.9,28.8,25.6,28.7,31.8,26.2,29.0,24.2
8400,22.7,26.7,24.2,31.1,30.1,33.7,32.6,29.5,32.8,31.9,34.5,34.0,33.2,32.2,32.9,34.7,30.2,32.0,33.7,34.3,31.1,32.5,34.5,29.4,29.7,30.8,34.2,31.3,28.9,35.0,31.5,33.7,25.4,25.9,26.1,25.4,34.2,27.2,34.1,27.2,34.4,31.1,27.7,24.5,26.3,28.4,27.4,27.4,29.5,25.0,33.7,32.2,30.0,23.9,28.1,28.0,28.1,29.8,30.7,28.4,34.5,28.0,32.2,25.3,36.6,28.3,31.5,33.3,35.8,33.0,30.5,30.2,24.7,24.3,28.6,25.8,36.1,32.1,31.4,27.3,28.3,24.8,28.5,31.5,25.9,28.5,23.9
8401,22.1,26.6,24.0,30.4,29.4,33.1,31.9,29.2,32.4,31.4,33.9,33.7,32.8,31.7,32.5,34.1,29.7,31.9,33.3,33.9,30.7,32.1,34.0,28.6,29.0,30.2,33.6,30.9,28.6,34.4,31.0,33.6,25.0,25.4,25.7,24.6,33.7,26.9,33.8,26.8,33.5,30.7,27.0,24.1,25.4,27.8,26.6,27.0,29.1,24.7,32.9,31.4,29.2,23.5,27.6,27.9,27.8,29.6,30.3,28.4,34.2,27.6,31.8,25.0,36.2,27.9,31.1,32.9,35.3,32.6,29.5,29.6,23.7,23.7,28.1,25.1,35.6,31.7,30.9,26.7,27.8,23.9,28.2,31.2,25.4,28.0,23.5
8402,21.5,26.4,23.6,29.8,28.8,32.5,31.5,28.6,32.1,31.0,33.5,33.3,32.5,31.3,31.8,33.6,29.3,31.6,32.8,33.5,30.2,31.7,33.6,28.3,28.3,29.5,33.2,30.6,28.2,34.0,30.8,33.3,24.6,24.9,25.2,24.4,33.1,26.7,33.1,26.2,32.8,30.3,26.5,23.5,24.8,27.1,26.0,26.6,28.3,24.1,32.1,30.6,28.4,22.8,27.5,27.6,27.7,29.2,29.9,27.9,34.0,27.2,31.8,24.1,35.8,27.7,30.7,32.3,34.8,32.2,28.6,28.7,23.1,23.2,27.5,24.7,35.2,31.3,30.6,26.1,27.2,23.4,28.0,30.9,24.9,27.6,23.0
8403,21.0,26.4,23.5,29.3,28.5,31.8,30.9,28.3,31.7,30.6,33.1,32.8,32.2,31.1,31.3,33.3,29.1,31.3,32.6,33.1,30.0,31.2,33.2,28.0,28.0,29.0,32.6,30.1,27.8,33.8,30.5,33.1,24.2,24.5,24.9,24.2,32.8,26.4,32.6,25.8,32.1,30.4,25.8,23.2,24.2,26.6,25.4,26.1,27.7,23.5,31.6,30.0,27.6,22.3,27.5,27.4,27.5,29.0,29.8,28.0,33.8,27.1,31.7,23.6,35.6,27.3,30.2,32.0,34.5,31.8,27.6,28.3,22.5,23.0,27.2,24.4,34.8,31.1,30.4,25.6,26.6,22.7,27.8,30.6,24.5,27.4,22.7
8404,20.6,26.2,23.1,28.9,28.1,31.3,30.5,27.8,31.3,30.3,32.9,32.5,31.8,30.4,30.7,33.0,28.8,31.2,31.9,32.8,29.5,31.1,32.7,27.6,27.6,28.6,32.4,29.7,27.5,33.6,30.0,32.8,23.8,24.1,24.5,23.8,32.1,26.3,32.1,25.2,31.4,30.4,25.2,22.9,23.8,26.0,24.9,25.5,27.4,23.1,30.9,29.5,27.1,22.0,27.2,27.2,27.2,28.9,29.7,27.7,33.6,26.7,31.6,23.0,35.5,27.2,29.9,31.6,34.1,31.4,26.8,27.7,22.0,22.6,26.8,23.8,34.5,30.7,30.0,25.2,26.2,22.0,27.9,30.1,24.3,27.0,22.2
8405,20.2,26.0,22.7,28.5,27.9,31.0,30.3,27.5,31.1,29.7,32.6,32.2,31.6,30.1,30.4,32.7,28.6,31.0,31.7,32.6,29.1,30.7,32.3,27.0,27.0,28.4,31.9,29.2,27.3,33.5,29.7,32.5,23.5,23.7,24.2,23.6,31.5,26.0,31.6,24.6,30.9,30.2,24.6,22.4,23.5,26.1,24.5,24.7,26.8,22.7,30.5,28.9,26.5,21.7,27.0,27.1,27.3,28.9,29.4,27.5,33.4,26.5,31.4,22.9,35.3,27.0,29.6,31.2,33.8,31.2,25.9,27.3,22.0,22.3,26.2,23.3,34.2,30.5,29.7,24.8,25.7,21.7,27.3,29.8,23.8,26.8,21.9
8406,19.6,25.6,22.4,28.0,27.4,30.5,30.0,27.3,30.8,29.6,32.5,32.1,31.5,29.8,30.0,32.4,28.3,31.0,31.6,32.4,28.9,30.1,31.9,26.6,26.4,28.2,31.6,29.1,27.1,33.3,29.2,32.4,23.0,23.4,24.1,23.2,31.1,25.8,31.1,24.1,30.3,29.9,24.0,22.0,23.0,25.4,24.2,24.6,26.7,22.2,30.0,28.6,26.1,21.6,26.8,27.0,27.1,28.8,29.0,27.4,33.3,26.1,31.0,22.4,35.1,26.9,29.4,30.8,33.4,30.9,25.3,26.8,21.7,22.3,26.1,23.0,34.0,30.2,29.4,24.5,25.2,21.0,27.3,29.6,23.5,26.3,21.8
8407,19.3,25.6,22.1,27.7,27.0,30.1,29.7,26.7,30.5,29.3,32.2,32.0,31.4,29.6,29.8,32.1,28.1,31.0,31.4,32.2,28.5,30.3,31.6,26.1,26.0,27.7,31.4,28.7,26.6,33.0,28.9,32.4,22.6,23.2,23.9,22.9,30.8,25.8,30.5,23.8,29.7,29.9,23.6,21.8,22.7,25.2,23.8,24.1,25.9,21.9,29.6,28.6,25.7,21.3,26.7,26.9,26.9,28.6,28.7,27.4,33.2,26.1,30.9,22.3,35.0,26.6,29.2,30.5,33.3,30.7,24.8,26.6,21.3,22.1,25.5,22.9,33.7,30.0,29.1,24.2,24.8,20.7,27.5,29.4,23.0,26.0,21.5
8408,22.1,27.0,24.7,27.4,26.9,30.0,29.6,26.6,30.8,29.2,32.8,31.8,32.0,29.4,29.7,32.4,28.1,30.9,32.1,33.2,28.6,30.4,31.9,25.9,25.8,27.4,31.2,28.4,26.6,33.4,28.9,32.8,22.2,23.0,23.7,22.9,33.2,26.8,30.1,25.4,30.5,33.0,23.1,22.1,24.7,27.4,24.6,26.5,29.7,21.8,30.0,29.0,26.6,22.8,26.5,27.0,26.8,28.8,28.8,27.4,33.2,25.9,31.1,23.7,34.9,26.5,29.2,30.4,34.1,31.4,25.8,26.4,23.6,22.1,27.0,22.9,34.4,30.4,29.0,23.9,24.5,20.4,27.0,29.8,22.5,25.7,21.2
8409,27.6,31.0,30.6,30.0,29.3,32.0,32.0,29.3,32.7,31.1,34.9,33.7,34.8,31.1,32.0,34.0,30.9,32.9,34.5,35.2,30.9,32.4,34.3,27.7,28.2,30.3,32.8,30.6,28.8,35.6,30.8,34.6,24.0,24.6,25.0,24.9,38.4,31.2,33.2,29.7,33.2,38.0,26.0,24.9,29.0,32.4,27.5,31.7,36.9,24.3,34.8,31.7,31.1,27.0,27.1,28.3,28.0,29.8,29.2,28.5,34.4,26.2,32.6,28.7,35.8,28.4,31.6,32.0,36.6,33.5,30.8,29.8,29.3,25.4,31.8,26.4,36.8,32.3,31.1,26.0,26.8,22.1,28.3,31.5,24.2,27.5,22.9
8410,32.6,34.8,35.8,35.2,32.6,35.0,35.1,32.3,35.0,33.2,37.2,36.0,37.2,33.4,35.0,36.3,33.8,34.8,36.8,37.3,33.8,35.2,37.2,30.6,32.3,33.9,34.9,33.7,31.1,38.0,33.6,36.9,27.2,27.6,27.0,27.6,43.1,35.1,37.9,33.5,36.4,42.0,30.5,27.8,33.4,37.3,30.8,35.4,42.8,27.7,39.5,34.8,35.8,31.3,28.7,30.1,29.9,31.7,30.8,30.1,35.6,28.2,34.8,33.2,37.4,30.7,34.2,34.1,39.1,35.8,35.4,36.0,34.4,28.8,35.6,29.8,39.0,34.2,33.7,30.3,30.4,25.8,30.3,33.4,27.0,30.0,25.6
8411,37.0,38.1,38.9,40.0,35.8,37.7,38.2,35.7,37.2,35.4,39.2,38.4,39.4,35.7,37.9,38.3,36.5,36.5,38.9,38.9,36.4,37.2,39.9,33.4,36.0,37.2,37.1,36.5,33.4,40.2,36.2,38.9,29.9,30.6,29.2,30.0,46.6,38.5,42.2,36.6,39.4,44.7,35.1,30.6,37.5,41.0,34.4,38.1,46.7,31.3,43.2,37.8,40.0,35.1,30.5,31.8,32.0,33.4,32.9,31.4,36.9,30.3,36.5,36.6,39.1,32.9,36.7,36.4,41.4,37.7,39.7,41.3,38.5,31.7,38.7,33.0,40.8,35.9,36.0,34.4,33.9,29.8,32.1,35.1,29.8,32.5,28.0
8412,40.6,40.1,40.9,43.6,38.3,40.3,40.5,38.4,38.7,37.4,40.8,40.4,41.2,37.5,40.3,40.0,38.7,37.7,40.7,40.3,38.4,39.0,42.0,35.5,39.2,39.8,39.0,38.8,35.4,42.2,38.4,40.4,32.3,33.0,31.2,31.9,49.2,40.7,45.8,38.9,41.9,46.3,38.7,32.6,40.8,43.3,37.5,40.6,49.4,33.7,46.0,40.1,43.2,37.8,32.1,33.1,33.4,34.9,34.7,32.5,37.9,32.2,37.6,39.0,40.7,34.6,38.8,38.2,43.3,39.4,43.3,44.8,41.9,33.5,41.0,35.6,42.2,37.1,38.0,37.6,37.0,33.4,33.6,36.3,32.1,34.5,30.1
8413,43.3,41.3,41.6,46.3,40.3,42.1,42.4,40.5,40.1,38.7,42.1,41.8,42.5,39.0,42.0,41.3,40.3,38.6,41.8,41.2,40.4,40.4,43.3,37.1,41.5,41.8,40.7,40.8,37.0,43.6,40.2,41.4,34.0,34.7,32.7,33.5,51.0,42.0,48.4,40.7,43.9,47.5,41.3,34.1,43.0,44.8,39.7,42.3,51.2,35.8,48.1,42.0,45.9,39.4,33.0,33.8,34.3,35.7,36.1,33.2,38.5,34.0,38.5,40.6,42.4,35.7,40.7,39.7,44.7,40.6,45.6,47.6,43.9,35.1,42.5,37.5,43.3,38.1,39.5,39.7,39.2,36.1,34.7,37.5,33.9,36.1,31.5
8414,43.6,41.6,41.9,48.0,41.7,43.4,43.7,41.3,40.9,39.7,42.8,42.9,43.1,40.1,43.2,42.2,41.5,39.1,42.6,41.7,41.4,41.1,44.3,38.5,42.9,43.1,41.7,42.0,38.0,44.6,41.5,42.2,35.1,35.8,33.7,34.5,52.1,42.3,50.3,41.7,45.4,47.6,42.9,34.9,44.2,45.5,41.0,43.1,51.4,37.1,49.6,43.2,47.4,39.8,33.6,34.3,34.8,36.4,37.0,33.4,38.8,35.1,39.0,41.5,43.5,36.5,41.9,40.7,45.7,41.2,47.1,48.9,45.0,36.3,43.1,38.7,43.9,38.5,40.4,41.1,40.5,38.1,35.3,37.9,35.1,37.2,32.5
8415,43.9,40.8,41.8,48.7,42.2,43.9,44.4,42.0,41.0,39.9,42.8,43.3,42.9,40.4,43.7,42.2,41.7,39.0,42.6,41.7,41.8,41.4,44.8,39.0,43.3,43.6,41.9,42.4,38.4,44.9,42.0,42.3,35.7,36.2,34.1,34.8,52.3,41.8,51.3,42.0,46.2,46.7,43.8,35.2,44.0,45.2,41.5,43.3,51.8,37.8,50.3,43.7,48.1,39.5,33.5,34.1,34.6,36.5,37.1,33.3,38.3,35.5,38.9,41.7,44.0,36.4,42.2,40.9,45.8,41.3,47.4,49.3,44.6,36.6,43.0,39.0,43.9,38.5,40.7,41.6,41.2,39.2,35.4,37.9,35.8,37.6,32.6
8416,41.8,38.0,38.5,48.3,41.5,43.6,44.0,41.5,40.3,39.3,41.9,43.0,42.3,40.0,43.2,41.5,41.3,37.5,41.4,40.6,41.2,40.6,44.2,38.4,42.9,43.2,41.4,41.8,37.8,44.1,41.5,41.5,35.1,35.6,33.6,34.4,50.4,39.0,51.0,40.7,45.9,44.2,43.3,34.4,41.8,43.0,40.7,41.4,49.8,37.3,49.8,42.7,47.5,36.6,32.7,32.8,33.9,35.6,36.8,32.0,37.3,35.2,37.4,40.1,43.8,35.0,41.2,40.4,45.2,40.4,46.7,49.5,43.1,35.9,41.5,38.3,43.1,37.5,40.1,41.6,40.6,38.9,34.5,36.9,35.4,37.0,31.9
8417,35.6,33.9,32.7,46.2,39.0,41.6,41.7,38.8,38.0,37.0,40.0,41.2,39.5,38.3,41.0,39.3,38.5,35.5,39.2,38.6,38.6,38.1,41.7,36.0,40.1,40.7,39.9,39.2,35.4,41.7,39.4,38.9,32.6,33.2,31.9,32.2,45.3,34.7,48.5,36.6,44.0,38.4,40.6,31.5,37.1,37.9,37.9,37.0,43.8,35.0,47.4,40.4,45.2,32.0,31.3,31.5,32.1,33.7,35.5,30.5,36.4,33.8,35.7,36.1,42.3,32.9,38.4,38.7,42.6,38.3,43.7,47.0,37.4,33.0,37.3,35.7,41.1,35.9,37.8,39.0,37.9,36.6,31.9,35.6,33.3,35.0,29.4
8418,31.3,31.7,29.8,41.6,35.6,39.2,38.8,35.7,36.8,35.5,38.6,39.3,37.8,36.4,38.4,37.9,35.4,34.4,37.7,37.6,36.0,36.3,38.6,33.7,35.7,36.9,38.3,36.6,33.2,39.3,37.2,37.2,29.9,30.6,30.4,30.0,41.5,32.3,43.2,33.7,41.6,35.9,35.8,28.5,34.8,34.1,35.3,33.9,39.6,30.7,43.0,38.3,39.6,29.7,30.1,30.5,30.9,32.4,33.9,29.9,36.0,31.8,34.7,33.1,40.9,31.3,36.2,37.4,40.3,36.9,38.7,40.7,33.3,30.1,34.8,32.1,39.8,34.9,35.8,34.1,34.1,33.3,29.9,34.7,30.8,33.4,27.4
8419,28.9,30.4,27.9,38.0,33.8,38.1,37.3,33.6,35.9,34.7,37.5,37.8,36.8,35.2,37.2,37.0,33.7,33.8,36.7,36.9,34.7,35.0,37.5,32.6,33.6,34.9,37.5,35.1,32.0,38.1,35.6,36.5,28.8,29.4,29.2,28.9,39.4,31.0,40.4,31.8,39.4,34.7,33.2,27.6,32.8,32.3,33.2,32.4,36.9,29.2,40.1,37.1,36.1,28.3,29.7,29.8,30.2,31.7,32.8,29.5,35.6,30.5,34.0,31.0,39.7,30.4,35.1,36.6,39.3,36.0,36.2,37.2,31.4,28.1,32.8,30.4,38.9,34.3,34.8,31.6,32.5,30.8,29.6,34.0,29.3,32.2,26.1
8420,27.4,29.5,26.9,35.6,32.9,36.8,36.0,32.4,35.3,34.1,36.9,36.8,36.0,34.7,36.0,36.3,32.8,33.3,36.1,36.2,33.9,34.5,36.9,31.9,32.6,33.7,36.6,34.0,31.3,37.1,34.6,35.8,27.9,28.4,28.3,27.8,37.8,29.7,38.4,30.1,38.3,33.6,31.8,27.0,31.1,31.4,31.5,31.1,34.7,28.0,38.3,36.1,34.4,27.1,29.3,29.2,29.5,31.2,32.0,29.2,35.4,29.8,33.2,29.5,38.8,30.0,34.2,35.8,38.5,35.4,34.9,35.0,29.6,27.0,31.6,29.2,38.0,33.9,34.1,30.2,31.2,29.0,29.4,33.4,28.3,31.2,25.5
8421,25.9,28.4,26.1,33.9,32.0,35.9,34.9,31.4,34.6,33.6,36.4,36.2,35.4,34.1,34.9,35.9,32.1,33.0,35.3,35.6,33.1,33.7,36.3,31.2,31.8,32.9,36.0,33.1,30.6,36.7,33.7,35.4,27.3,27.6,27.6,27.2,36.7,28.9,37.1,29.4,37.0,33.0,30.6,26.3,29.6,30.8,30.2,30.1,33.2,26.8,36.8,34.9,33.2,26.0,29.0,28.8,29.1,30.8,31.5,29.0,35.2,29.3,32.9,28.4,38.1,29.7,33.4,35.2,37.7,34.6,33.7,33.7,28.2,26.2,30.5,27.9,37.4,33.5,33.4,29.1,30.3,27.7,29.0,32.8,27.4,30.5,25.0
8422,24.9,27.7,25.5,32.9,31.5,35.3,34.2,30.9,34.1,33.0,35.8,35.5,34.9,33.5,34.2,35.4,31.4,32.7,34.9,35.2,32.4,33.5,35.7,30.7,31.0,32.2,35.5,32.5,30.2,36.0,32.9,35.0,26.5,27.0,27.2,26.8,35.6,28.1,36.4,28.5,36.1,32.3,29.6,25.6,28.5,30.4,29.2,29.1,31.8,26.4,35.6,33.9,32.1,25.3,28.7,28.5,28.8,30.4,31.2,28.9,34.9,28.8,32.7,27.3,37.4,29.1,32.8,34.7,37.0,34.1,32.6,32.4,27.0,25.7,29.7,27.2,36.9,33.0,32.8,28.6,29.7,26.6,28.7,32.3,26.8,29.8,24.8
8423,23.8,27.2,24.8,32.2,30.9,34.6,33.6,30.3,33.7,32.5,35.2,34.9,34.1,32.9,33.7,35.1,30.9,32.3,34.3,34.7,31.9,33.0,35.4,30.0,30.3,31.7,35.1,31.9,29.6,35.4,32.2,34.7,26.0,26.6,26.7,26.3,35.2,27.7,35.4,28.2,35.3,31.8,28.8,25.1,27.6,29.6,28.5,28.0,30.7,25.7,34.4,33.1,31.2,24.5,28.4,28.2,28.5,30.1,31.0,28.8,34.6,28.4,32.4,26.2,36.9,28.7,32.3,34.0,36.5,33.6,31.7,31.5,25.8,25.0,29.2,26.4,36.5,32.7,32.3,28.0,29.0,25.8,28.5,31.7,26.3,29.2,24.6
8424,23.0,26.5,24.2,31.3,30.4,33.9,33.0,29.8,33.2,32.0,34.7,34.4,33.5,32.3,33.2,34.8,30.4,31.8,33.8,34.4,31.4,32.8,34.9,29.6,30.0,31.0,34.4,31.6,29.1,35.2,31.8,34.1,25.4,26.2,26.4,25.7,34.4,27.1,34.4,27.4,34.5,31.2,27.9,24.7,26.6,28.6,27.6,27.3,29.6,25.2,33.7,32.0,30.2,24.1,28.1,28.0,28.0,29.8,30.6,28.5,34.5,27.9,32.0,25.3,36.6,28.2,31.6,33.5,36.0,33.3,30.7,30.5,24.9,24.6,28.5,25.9,36.2,32.3,31.5,27.5,28.5,25.0,28.3,31.4,25.9,28.7,24.3
8425,22.4,26.3,24.1,30.7,29.8,33.3,32.3,29.5,32.7,31.6,34.1,34.0,33.1,31.9,32.7,34.3,29.9,31.7,33.5,34.0,31.1,32.3,34.3,28.9,29.2,30.5,33.8,31.1,28.8,34.6,31.3,33.9,25.1,25.6,25.9,24.9,33.9,26.8,34.1,27.1,33.6,30.8,27.2,24.2,25.6,27.9,26.9,26.9,29.1,24.8,33.0,31.2,29.4,23.7,27.5,27.9,27.7,29.6,30.3,28.4,34.2,27.6,31.7,24.9,36.2,27.8,31.3,33.1,35.5,32.9,29.6,29.9,23.9,23.9,27.8,25.2,35.7,31.9,31.0,26.9,28.1,24.1,27.9,31.1,25.5,28.2,23.9
8426,21.8,26.1,23.7,30.2,29.1,32.7,31.9,29.0,32.4,31.1,33.7,33.5,32.8,31.5,32.1,33.8,29.6,31.4,33.0,33.6,30.6,31.9,34.0,28.5,28.6,29.9,33.4,30.8,28.4,34.2,31.1,33.6,24.6,25.1,25.3,24.7,33.1,26.6,33.4,26.5,32.8,30.5,26.7,23.7,25.0,27.4,26.3,26.4,28.4,24.3,32.3,30.4,28.6,22.9,27.4,27.6,27.6,29.3,29.8,28.0,34.0,27.2,31.7,24.0,35.8,27.6,30.8,32.5,35.1,32.5,28.8,29.1,23.2,23.4,27.1,24.8,35.4,31.6,30.8,26.3,27.4,23.6,27.7,30.7,25.0,27.8,23.3
8427,21.1,26.2,23.5,29.7,28.8,32.1,31.3,28.6,31.9,30.8,33.3,33.1,32.6,31.3,31.6,33.5,29.4,31.1,32.8,33.2,30.3,31.4,33.6,28.2,28.3,29.4,32.9,30.4,27.9,34.1,30.8,33.3,24.2,24.6,25.1,24.4,32.8,26.4,32.9,26.1,32.2,30.5,26.1,23.4,24.4,26.7,25.7,26.0,27.7,23.5,31.7,29.8,27.7,22.4,27.4,27.4,27.4,29.1,29.7,28.1,33.8,27.1,31.6,23.5,35.6,27.2,30.4,32.1,34.7,32.1,27.8,28.7,22.7,23.3,26.8,24.5,35.0,31.4,30.6,25.8,26.9,22.9,27.6,30.4,24.6,27.5,23.0
8428,20.8,26.0,23.2,29.3,28.3,31.7,30.9,28.2,31.5,30.4,33.2,32.7,32.2,30.6,30.9,33.2,29.0,31.0,32.1,33.0,29.8,31.3,33.1,27.7,27.9,29.0,32.6,29.8,27.7,33.9,30.4,33.0,23.8,24.2,24.6,24.0,32.1,26.1,32.3,25.5,31.5,30.4,25.5,23.1,24.1,26.1,25.2,25.5,27.5,23.1,31.1,29.3,27.2,22.1,27.0,27.2,27.1,28.9,29.7,27.8,33.5,26.7,31.5,22.8,35.6,27.1,30.0,31.7,34.3,31.8,27.0,28.1,22.3,22.7,26.4,23.9,34.7,31.0,30.2,25.4,26.5,22.1,27.6,29.9,24.4,27.3,22.5
8429,20.3,25.7,22.8,28.8,28.1,31.3,30.6,27.9,31.3,29.9,32.9,32.4,31.9,30.3,30.7,32.9,29.0,30.8,31.9,32.8,29.4,30.8,32.7,27.2,27.3,28.8,32.1,29.4,27.5,33.8,30.0,32.8,23.5,23.9,24.3,23.7,31.4,25.9,31.8,24.8,30.9,30.2,24.9,22.7,23.8,26.1,24.8,24.6,26.8,22.6,30.6,28.7,26.8,21.9,26.9,27.1,27.1,28.7,29.3,27.7,33.3,26.4,31.2,22.5,35.5,27.0,29.7,31.3,33.9,31.6,26.1,27.7,22.4,22.6,25.8,23.4,34.4,30.8,29.9,24.8,26.0,21.8,27.1,29.5,23.8,27.0,22.2
8430,19.8,25.4,22.6,28.4,27.7,30.8,30.3,27.7,31.0,29.8,32.8,32.3,31.7,30.0,30.3,32.6,28.6,30.8,31.8,32.6,29.2,30.3,32.4,26.7,26.7,28.6,31.8,29.2,27.3,33.5,29.5,32.7,23.1,23.6,24.2,23.5,31.1,25.6,31.3,24.2,30.4,29.9,24.4,22.3,23.4,25.5,24.5,24.5,26.6,22.2,30.2,28.4,26.3,21.7,26.6,27.0,26.9,28.7,28.9,27.5,33.2,26.0,31.0,22.1,35.2,26.7,29.5,30.9,33.6,31.2,25.5,27.0,21.9,22.4,25.7,23.1,34.2,30.5,29.6,24.6,25.5,21.2,27.0,29.3,23.5,26.4,22.1
8431,19.6,25.3,22.3,28.1,27.3,30.5,30.1,27.1,30.7,29.5,32.5,32.1,31.6,29.8,30.1,32.3,28.4,30.8,31.6,32.5,28.8,30.5,32.1,26.3,26.3,28.1,31.6,28.9,26.8,33.3,29.2,32.6,22.6,23.4,24.0,23.2,30.8,25.5,30.8,23.9,29.8,29.8,24.0,22.0,23.1,25.3,24.1,24.0,25.9,21.9,29.8,28.4,25.8,21.4,26.5,26.8,26.8,28.5,28.5,27.5,33.1,26.0,30.9,22.0,35.1,26.5,29.3,30.7,33.4,31.0,25.1,26.8,21.5,22.2,25.5,22.9,33.9,30.3,29.4,24.3,25.1,20.9,27.1,29.1,23.1,26.2,21.8
8432,22.4,26.7,24.6,27.7,27.2,30.4,30.0,27.0,31.0,29.4,33.0,31.9,32.2,29.6,30.0,32.5,28.4,30.7,32.3,33.4,28.8,30.5,32.3,26.1,26.0,27.8,31.4,28.7,26.8,33.6,29.2,32.9,22.3,23.2,23.9,23.2,33.1,26.4,30.3,25.4,30.6,32.8,23.6,22.2,24.9,27.4,24.8,26.3,29.4,21.8,30.1,28.8,26.6,22.9,26.3,26.9,26.6,28.6,28.7,27.6,33.1,25.8,31.0,23.3,35.0,26.4,29.4,30.5,34.3,31.6,25.9,26.7,23.7,22.1,26.8,22.8,34.6,30.6,29.3,24.0,24.8,20.7,26.7,29.5,22.6,25.9,21.5
8433,27.7,30.6,30.3,30.2,29.4,32.3,32.3,29.5,32.7,31.1,35.0,33.9,34.9,31.2,32.3,34.1,31.1,32.7,34.6,35.4,31.0,32.5,34.7,27.8,28.4,30.5,32.9,30.7,28.8,35.7,31.0,34.7,24.0,24.7,25.0,24.9,38.3,30.7,33.2,29.7,33.2,37.7,26.2,24.9,29.0,32.2,27.7,31.4,36.5,24.2,34.8,31.5,31.2,26.8,26.9,28.2,27.8,29.5,29.0,28.6,34.3,26.1,32.5,28.4,36.0,28.3,31.6,32.0,36.7,33.6,30.8,29.8,29.3,25.4,31.5,26.3,36.9,32.5,31.2,26.0,27.0,22.3,27.9,31.2,24.2,27.6,23.2
8434,32.6,34.1,35.3,35.2,32.7,35.1,35.2,32.4,35.0,33.2,37.3,36.1,37.3,33.4,35.1,36.3,33.8,34.6,37.0,37.4,33.8,35.2,37.4,30.6,32.4,34.0,34.9,33.8,31.1,38.1,33.6,37.0,26.9,27.6,27.0,27.7,43.1,34.5,37.8,33.5,36.4,41.7,30.7,27.7,33.4,37.1,30.9,35.0,42.4,27.4,39.4,34.6,35.8,31.0,28.4,30.1,29.7,31.4,30.7,30.2,35.5,28.0,34.7,32.9,37.5,30.6,34.3,34.1,39.1,35.7,35.4,35.8,34.3,28.7,35.3,29.6,39.1,34.3,33.6,30.3,30.5,25.9,29.9,33.1,26.8,30.0,25.7
8435,36.9,37.3,38.4,39.8,35.7,37.8,38.2,35.7,37.1,35.3,39.2,38.5,39.4,35.6,38.0,38.2,36.5,36.2,39.0,39.0,36.3,37.2,40.1,33.4,36.0,37.2,37.1,36.5,33.4,40.3,36.2,38.9,29.6,30.5,29.1,30.0,46.6,37.8,41.9,36.6,39.4,44.3,35.1,30.5,37.3,40.6,34.4,37.7,46.3,31.0,43.0,37.6,40.0,34.7,30.2,31.8,31.7,33.1,32.7,31.6,36.7,30.1,36.3,36.3,39.2,32.9,36.8,36.4,41.5,37.6,39.6,41.1,38.4,31.5,38.4,32.8,40.9,36.0,35.9,34.2,33.8,29.8,31.8,34.8,29.6,32.4,28.0
8436,40.5,39.4,40.4,43.5,38.3,40.4,40.5,38.3,38.6,37.2,40.8,40.4,41.2,37.5,40.3,40.0,38.6,37.4,40.7,40.4,38.3,38.9,42.2,35.4,39.0,39.8,38.9,38.7,35.3,42.3,38.3,40.5,31.9,32.9,31.1,31.9,49.1,40.0,45.4,38.9,41.9,45.9,38.5,32.5,40.5,42.9,37.5,40.2,49.0,33.5,45.7,40.0,43.1,37.2,31.7,33.1,33.1,34.5,34.5,32.7,37.7,32.0,37.4,38.6,40.8,34.6,38.9,38.1,43.4,39.2,43.1,44.5,41.7,33.4,40.8,35.3,42.3,37.2,38.0,37.3,36.8,33.2,33.4,36.2,31.9,34.3,30.0
8437,43.1,40.6,41.1,46.1,40.1,42.0,42.4,40.4,40.0,38.6,42.1,41.8,42.5,39.0,42.0,41.3,40.2,38.3,41.9,41.3,40.3,40.4,43.4,37.0,41.3,41.7,40.6,40.8,36.8,43.7,40.2,41.5,33.6,34.5,32.6,33.5,51.0,41.3,48.1,40.7,43.9,47.1,41.0,34.0,42.7,44.3,39.6,41.9,50.8,35.5,47.8,41.9,45.7,38.8,32.6,33.9,33.9,35.3,35.9,33.3,38.3,33.7,38.4,40.3,42.4,35.7,40.6,39.6,44.8,40.4,45.4,47.3,43.6,35.0,42.2,37.1,43.4,38.1,39.4,39.3,39.0,35.8,34.5,37.4,33.6,35.9,31.4
8438,43.4,40.9,41.2,47.7,41.4,43.4,43.7,41.2,40.8,39.6,42.8,42.9,43.1,40.0,43.2,42.1,41.4,38.8,42.5,41.8,41.3,41.1,44.4,38.3,42.8,42.9,41.6,42.0,37.8,44.6,41.4,42.2,34.8,35.7,33.6,34.4,52.1,41.6,50.0,41.7,45.3,47.2,42.6,34.8,44.0,45.0,40.8,42.6,51.0,36.7,49.2,43.1,47.2,39.2,33.3,34.4,34.5,36.0,36.8,33.5,38.7,34.8,38.9,41.3,43.5,36.4,41.9,40.6,45.9,41.1,46.8,48.6,44.7,36.1,42.9,38.3,44.0,38.6,40.3,40.8,40.3,37.7,35.2,37.8,34.8,37.0,32.3
8439,43.6,40.2,41.1,48.3,41.9,43.9,44.4,41.9,40.9,39.8,42.8,43.3,43.0,40.4,43.7,42.2,41.7,38.6,42.5,41.8,41.7,41.4,44.9,38.8,43.2,43.5,41.9,42.4,38.3,45.0,41.9,42.3,35.3,36.0,33.9,34.7,52.2,41.1,50.9,41.9,46.1,46.4,43.5,35.1,43.7,44.8,41.3,42.8,51.3,37.4,50.0,43.6,47.9,38.8,33.1,34.1,34.3,36.1,36.9,33.3,38.1,35.2,38.7,41.4,43.9,36.3,42.1,40.8,45.9,41.2,47.2,48.9,44.2,36.4,42.8,38.6,44.0,38.5,40.7,41.2,40.9,38.7,35.2,37.7,35.4,37.5,32.4
8440,41.5,37.5,38.0,48.0,41.4,43.6,43.9,41.4,40.2,39.3,41.9,43.0,42.3,40.0,43.1,41.4,41.2,37.2,41.4,40.8,41.3,40.7,44.4,38.2,42.7,43.1,41.4,41.8,37.7,44.2,41.5,41.6,34.7,35.3,33.4,34.3,50.4,38.5,50.6,40.6,45.8,43.9,43.1,34.3,41.5,42.4,40.5,40.9,49.3,36.9,49.4,42.6,47.2,35.9,32.5,32.8,33.7,35.3,36.6,32.1,37.1,34.9,37.2,40.0,43.7,34.9,41.2,40.3,45.3,40.3,46.5,49.2,42.8,35.7,41.3,37.8,43.2,37.6,40.1,41.2,40.4,38.6,34.3,36.8,35.1,36.9,31.7
8441,35.4,33.3,32.3,45.9,38.9,41.6,41.7,38.8,38.1,37.0,40.0,41.3,39.7,38.4,41.0,39.3,38.5,35.2,39.2,38.8,38.7,38.2,42.0,36.0,40.0,40.7,39.9,39.3,35.4,41.8,39.3,38.9,32.3,32.9,31.8,32.1,45.2,34.1,48.2,36.4,43.8,38.1,40.5,31.4,36.9,37.3,37.7,36.5,43.5,34.5,47.1,40.2,44.9,31.5,31.0,31.5,32.0,33.5,35.3,30.5,36.3,33.5,35.6,36.0,42.2,32.7,38.4,38.7,42.8,38.3,43.4,46.7,37.2,32.8,37.1,35.2,41.3,36.0,37.9,38.7,37.8,36.2,31.9,35.6,33.0,34.9,29.3
8442,31.2,31.0,29.5,41.3,35.6,39.3,38.9,35.7,36.8,35.5,38.6,39.4,38.0,36.5,38.4,38.0,35.5,34.3,37.8,37.8,36.2,36.5,38.9,33.6,35.6,37.0,38.4,36.8,33.3,39.5,37.2,37.4,29.6,30.4,30.3,30.0,41.4,31.8,43.0,33.6,41.4,35.6,35.6,28.5,34.5,33.4,35.2,33.5,39.3,30.4,42.6,38.1,39.3,29.2,30.0,30.5,30.7,32.3,33.7,30.0,36.0,31.5,34.6,32.9,40.8,31.1,36.2,37.5,40.5,36.9,38.4,40.5,32.9,29.9,34.5,31.7,39.9,35.1,35.9,33.7,34.1,32.9,29.9,34.7,30.4,33.3,27.4
8443,28.8,29.8,27.5,37.7,33.9,38.1,37.5,33.7,36.0,34.7,37.7,38.0,37.0,35.4,37.3,37.1,34.0,33.7,36.9,37.1,34.8,35.3,37.9,32.4,33.5,35.0,37.5,35.3,32.1,38.4,35.6,36.6,28.4,29.2,29.1,28.8,39.4,30.5,40.2,31.7,39.3,34.3,33.0,27.5,32.4,31.7,33.1,31.9,36.6,28.9,39.7,36.9,35.8,27.7,29.5,29.8,30.0,31.5,32.6,29.5,35.5,30.3,33.9,30.8,39.7,30.3,35.1,36.6,39.4,36.0,35.9,37.0,31.1,28.0,32.6,30.0,39.0,34.5,34.9,31.2,32.4,30.4,29.6,34.0,29.0,32.1,26.1
8444,27.2,28.9,26.5,35.5,32.9,36.9,36.2,32.5,35.3,34.2,37.0,37.1,36.3,34.8,36.1,36.5,33.0,33.3,36.2,36.4,34.1,34.7,37.3,31.7,32.4,33.8,36.7,34.2,31.4,37.4,34.6,36.0,27.5,28.2,28.1,27.7,37.8,29.3,38.2,30.1,38.2,33.2,31.6,27.0,30.8,30.9,31.4,30.6,34.5,27.5,37.9,35.8,34.1,26.5,29.0,29.3,29.3,31.0,31.9,29.3,35.3,29.6,33.2,29.3,38.8,29.9,34.2,35.9,38.7,35.5,34.6,34.8,29.4,26.9,31.4,28.7,38.2,34.0,34.2,29.8,31.1,28.7,29.5,33.4,28.0,31.1,25.4
8445,25.7,27.9,25.7,33.8,32.0,36.0,35.1,31.6,34.8,33.7,36.6,36.5,35.8,34.2,35.0,36.1,32.3,33.1,35.5,35.9,33.3,33.9,36.7,30.9,31.6,33.0,36.1,33.3,30.5,36.9,33.8,35.6,26.9,27.4,27.5,27.1,36.5,28.5,36.9,29.3,36.9,32.5,30.4,26.3,29.4,30.3,30.1,29.6,33.0,26.5,36.4,34.7,32.9,25.5,28.8,28.9,28.9,30.7,31.4,29.0,35.2,29.1,32.8,28.2,38.2,29.6,33.5,35.3,37.9,34.8,33.4,33.5,28.1,26.1,30.3,27.5,37.6,33.7,33.4,28.7,30.1,27.4,29.0,32.9,27.1,30.4,24.9
8446,24.9,27.2,25.2,32.7,31.5,35.4,34.4,31.1,34.2,33.1,36.1,35.8,35.2,33.6,34.3,35.5,31.6,32.8,35.1,35.5,32.5,33.7,36.1,30.4,30.8,32.2,35.5,32.7,30.1,36.3,33.0,35.2,26.1,26.8,27.1,26.7,35.6,27.6,36.1,28.4,35.9,31.8,29.4,25.6,28.2,30.0,29.1,28.7,31.5,26.2,35.2,33.8,31.9,24.8,28.4,28.5,28.5,30.2,31.0,28.8,34.9,28.7,32.7,27.1,37.5,29.0,32.8,34.7,37.2,34.3,32.2,32.1,26.8,25.6,29.6,26.9,37.2,33.2,33.0,28.1,29.4,26.3,28.7,32.3,26.5,29.8,24.6
8447,23.7,26.6,24.5,31.9,30.8,34.7,33.7,30.4,33.8,32.6,35.5,35.2,34.5,33.0,33.9,35.2,31.2,32.3,34.6,35.0,32.0,33.2,35.8,29.8,30.1,31.7,35.1,32.0,29.5,35.6,32.4,34.9,25.6,26.3,26.6,26.3,35.0,27.3,35.2,28.0,35.1,31.3,28.5,25.0,27.3,29.2,28.3,27.6,30.4,25.6,34.0,33.0,30.9,24.1,28.1,28.2,28.3,29.9,30.8,28.8,34.6,28.2,32.5,26.0,37.0,28.6,32.3,34.0,36.7,33.8,31.3,31.2,25.5,25.0,29.1,26.1,36.7,32.9,32.5,27.6,28.8,25.5,28.5,31.8,25.9,29.0,24.3
8448,22.9,26.0,23.9,30.9,30.3,34.1,33.1,29.8,33.2,32.1,35.0,34.7,33.9,32.4,33.2,34.9,30.6,31.9,34.1,34.7,31.5,32.8,35.2,29.4,29.7,31.0,34.4,31.6,28.9,35.4,31.9,34.3,25.1,25.9,26.1,25.6,34.2,26.8,34.2,27.1,34.3,30.8,27.7,24.6,26.3,28.3,27.5,27.0,29.5,25.1,33.2,31.8,29.9,23.7,27.8,28.0,27.8,29.6,30.4,28.5,34.4,27.6,32.1,25.1,36.7,28.1,31.6,33.5,36.3,33.5,30.3,30.1,24.6,24.6,28.2,25.7,36.4,32.5,31.6,27.1,28.3,24.6,28.4,31.4,25.6,28.5,24.0
8449,22.5,25.8,23.8,30.4,29.7,33.5,32.4,29.5,32.8,31.6,34.4,34.2,33.6,32.0,32.8,34.4,30.1,31.8,33.8,34.3,31.1,32.4,34.6,28.6,28.8,30.5,33.8,31.1,28.7,34.9,31.3,34.1,24.7,25.4,25.7,24.9,33.7,26.4,33.8,26.9,33.4,30.4,27.1,24.1,25.3,27.6,26.8,26.5,28.8,24.6,32.6,31.0,29.0,23.3,27.2,27.8,27.5,29.3,30.0,28.4,34.2,27.3,31.8,24.7,36.3,27.6,31.3,33.0,35.8,33.1,29.2,29.4,23.6,23.9,27.6,25.0,36.0,32.2,31.2,26.5,27.8,23.8,28.1,31.1,25.1,28.1,23.6
8450,21.8,25.6,23.5,29.7,28.9,32.8,32.0,29.0,32.5,31.1,34.0,33.7,33.2,31.5,32.1,33.8,29.8,31.5,33.2,33.9,30.6,32.0,34.3,28.2,28.2,29.9,33.4,30.7,28.2,34.4,31.1,33.8,24.3,24.8,25.1,24.6,32.9,26.2,33.1,26.2,32.6,30.1,26.5,23.6,24.7,27.1,26.2,26.1,28.2,24.0,31.8,30.3,28.1,22.6,27.1,27.5,27.4,29.0,29.6,28.0,33.9,27.0,31.7,23.8,35.9,27.4,30.8,32.5,35.4,32.7,28.3,28.6,23.0,23.3,26.9,24.5,35.6,31.8,30.9,26.0,27.1,23.4,27.9,30.7,24.6,27.6,23.1
8451,21.1,25.6,23.3,29.4,28.6,32.2,31.4,28.5,32.0,30.7,33.7,33.3,32.9,31.3,31.6,33.5,29.6,31.2,33.0,33.5,30.2,31.5,33.8,27.9,27.8,29.3,32.8,30.3,27.7,34.2,30.8,33.4,23.9,24.3,24.8,24.2,32.5,26.0,32.6,25.8,31.9,30.2,25.8,23.3,24.1,26.4,25.5,25.5,27.6,23.3,31.3,29.7,27.3,22.2,27.0,27.3,27.1,28.8,29.5,28.0,33.8,26.8,31.7,23.4,35.8,27.1,30.3,32.1,35.0,32.3,27.3,28.2,22.4,23.2,26.5,24.3,35.2,31.5,30.6,25.5,26.5,22.7,27.7,30.4,24.3,27.3,22.8
8452,20.7,25.4,23.0,29.1,28.1,31.7,30.9,28.0,31.6,30.3,33.4,32.9,32.6,30.7,30.9,33.2,29.2,31.1,32.3,33.2,29.7,31.3,33.3,27.4,27.5,28.8,32.5,29.7,27.5,34.0,30.2,33.1,23.5,24.1,24.4,23.8,31.8,25.9,31.9,25.1,31.2,30.1,25.2,23.0,23.8,25.9,25.0,25.1,27.3,22.9,30.7,29.1,26.8,22.0,26.7,27.0,26.9,28.6,29.5,27.7,33.5,26.4,31.5,22.8,35.7,27.0,30.0,31.6,34.5,31.9,26.6,27.7,22.0,22.7,26.2,23.7,34.9,31.1,30.1,25.1,26.1,22.0,27.6,29.9,24.1,27.0,22.3
8453,20.2,25.3,22.6,28.6,27.8,31.2,30.5,27.6,31.4,29.7,33.2,32.6,32.2,30.3,30.5,32.9,29.0,30.9,32.1,33.0,29.2,30.9,32.9,27.0,27.0,28.5,32.0,29.2,27.3,33.8,29.9,32.8,23.2,23.7,24.1,23.6,31.2,25.6,31.4,24.5,30.6,29.8,24.5,22.7,23.4,25.8,24.5,24.3,26.7,22.4,30.1,28.5,26.3,21.7,26.6,26.9,26.8,28.5,29.1,27.5,33.3,26.1,31.2,22.5,35.5,26.7,29.8,31.3,34.1,31.7,25.6,27.3,22.1,22.5,25.6,23.2,34.6,30.9,29.8,24.6,25.6,21.6,27.1,29.5,23.6,26.7,22.0
8454,19.6,25.0,22.4,28.2,27.4,30.6,30.1,27.4,31.1,29.5,32.9,32.4,32.0,30.0,30.1,32.5,28.6,30.9,32.0,32.8,28.9,30.3,32.7,26.4,26.3,28.3,31.6,29.0,27.0,33.6,29.3,32.7,22.9,23.4,24.0,23.2,30.8,25.3,30.9,24.0,30.1,29.5,24.0,22.1,23.0,25.2,24.3,24.2,26.5,22.0,29.7,28.3,25.8,21.4,26.3,26.8,26.7,28.4,28.7,27.4,33.2,25.7,31.0,22.1,35.3,26.5,29.6,30.8,33.8,31.3,25.1,26.7,21.6,22.4,25.4,22.9,34.4,30.6,29.5,24.3,25.2,21.1,26.9,29.3,23.2,26.2,21.9
8455,19.5,25.0,22.0,27.9,27.1,30.2,29.9,26.8,30.7,29.3,32.7,32.2,31.8,29.7,29.9,32.3,28.3,30.9,31.9,32.7,28.6,30.5,32.3,26.1,25.9,27.8,31.3,28.7,26.6,33.4,29.0,32.6,22.5,23.3,23.8,23.0,30.6,25.3,30.4,23.7,29.6,29.3,23.6,21.9,22.6,25.0,23.8,23.6,25.8,21.8,29.3,28.2,25.4,21.2,26.1,26.6,26.5,28.2,28.3,27.3,33.1,25.7,30.9,21.9,35.2,26.2,29.3,30.5,33.5,31.1,24.5,26.4,21.2,22.2,25.2,22.7,34.1,30.4,29.2,24.0,24.9,20.8,27.0,29.0,22.8,25.9,21.7
8456,22.1,26.2,24.3,27.4,27.0,30.1,29.8,26.7,30.9,29.2,33.1,32.0,32.4,29.4,29.7,32.5,28.3,30.8,32.4,33.5,28.7,30.5,32.4,25.8,25.6,27.6,31.2,28.5,26.6,33.6,29.0,32.9,22.1,23.1,23.6,23.0,32.9,26.1,30.0,25.2,30.3,32.3,23.2,22.0,24.5,27.1,24.6,25.9,29.0,21.7,29.7,28.6,26.1,22.7,26.0,26.6,26.4,28.3,28.5,27.4,33.2,25.5,31.0,23.1,35.1,26.1,29.4,30.3,34.2,31.6,25.3,26.3,23.4,22.1,26.7,22.7,34.7,30.7,29.1,23.7,24.6,20.6,26.7,29.4,22.5,25.6,21.4
8457,27.4,30.0,29.8,29.8,29.2,32.0,32.0,29.2,32.6,30.9,35.0,33.9,34.9,31.1,32.0,34.0,30.9,32.6,34.6,35.5,30.8,32.4,34.7,27.4,27.9,30.2,32.7,30.5,28.6,35.6,30.8,34.7,23.8,24.6,24.8,24.7,38.0,30.3,32.9,29.5,32.9,37.4,25.8,24.7,28.5,32.0,27.4,31.0,36.2,23.9,34.4,31.3,30.8,26.6,26.5,28.0,27.4,29.2,28.8,28.4,34.3,25.8,32.4,28.0,36.0,28.0,31.6,31.8,36.6,33.6,30.4,29.4,28.9,25.2,31.2,26.0,37.0,32.5,31.0,25.8,26.7,22.1,27.7,31.2,24.0,27.4,23.0
8458,32.2,33.5,34.7,34.7,32.3,34.8,34.9,32.1,34.8,33.0,37.2,36.1,37.2,33.4,34.8,36.2,33.6,34.5,36.9,37.5,33.6,35.0,37.4,30.2,31.9,33.7,34.7,33.5,30.8,37.9,33.4,36.8,26.8,27.5,26.8,27.4,42.8,34.1,37.5,33.2,36.0,41.3,30.2,27.5,32.8,36.9,30.6,34.6,42.0,27.1,39.0,34.4,35.5,30.6,28.0,29.9,29.3,31.1,30.4,30.1,35.4,27.7,34.6,32.7,37.4,30.4,34.2,33.9,39.0,35.6,34.9,35.4,33.9,28.4,35.1,29.2,39.1,34.3,33.4,30.0,30.2,25.7,29.7,33.0,26.7,29.8,25.6
8459,36.5,36.6,37.8,39.3,35.3,37.5,37.9,35.3,36.9,35.1,39.2,38.4,39.3,35.4,37.6,38.1,36.3,36.1,38.9,39.1,36.1,37.0,39.9,32.9,35.6,36.9,36.8,36.2,33.1,40.1,35.9,38.7,29.5,30.4,28.9,29.9,46.3,37.3,41.6,36.2,39.0,44.0,34.7,30.2,36.8,40.3,34.1,37.2,45.8,30.5,42.6,37.4,39.7,34.2,29.8,31.7,31.3,32.7,32.4,31.5,36.7,29.8,36.3,36.0,39.1,32.7,36.7,36.2,41.3,37.5,39.2,40.7,38.1,31.1,38.2,32.4,40.9,36.0,35.7,34.0,33.6,29.5,31.6,34.8,29.6,32.2,27.9
8460,40.0,38.6,39.8,43.0,37.9,40.1,40.1,38.0,38.4,36.9,40.7,40.3,41.1,37.3,40.0,39.8,38.4,37.2,40.6,40.4,38.1,38.7,42.0,35.2,38.6,39.4,38.7,38.4,35.0,42.1,38.1,40.3,31.9,32.8,30.9,31.9,48.8,39.5,45.2,38.6,41.4,45.6,38.1,32.2,40.0,42.6,37.1,39.7,48.5,33.0,45.3,39.7,42.9,36.8,31.2,33.0,32.7,34.1,34.2,32.6,37.7,31.6,37.4,38.4,40.7,34.5,38.8,37.9,43.2,39.1,42.7,44.1,41.2,32.9,40.5,34.9,42.3,37.2,37.8,37.1,36.5,32.9,33.1,36.1,31.9,34.1,29.9
8461,42.7,39.9,40.5,45.6,39.7,41.6,42.0,40.1,39.8,38.4,41.9,41.8,42.4,38.8,41.6,41.0,40.0,38.1,41.7,41.2,40.0,40.1,43.3,36.8,40.9,41.4,40.4,40.5,36.6,43.5,39.9,41.3,33.6,34.4,32.5,33.5,50.7,40.8,47.8,40.3,43.4,46.8,40.6,33.6,42.2,44.0,39.2,41.3,50.3,34.9,47.4,41.5,45.5,38.4,32.1,33.8,33.5,34.9,35.6,33.2,38.2,33.3,38.4,40.1,42.3,35.7,40.5,39.4,44.7,40.3,45.0,46.9,43.3,34.4,41.9,36.7,43.4,38.2,39.1,39.2,38.7,35.5,34.2,37.2,33.6,35.8,31.3
8462,42.9,40.2,40.6,47.1,41.1,43.0,43.2,41.0,40.5,39.4,42.6,42.7,43.0,39.8,42.8,41.8,41.2,38.5,42.3,41.7,41.1,40.8,44.3,38.2,42.4,42.6,41.3,41.8,37.6,44.5,41.2,42.0,34.9,35.6,33.5,34.5,51.8,41.1,49.6,41.3,44.8,47.0,42.2,34.4,43.5,44.7,40.4,42.1,50.5,36.2,48.8,42.7,47.0,38.9,32.8,34.2,34.1,35.5,36.5,33.4,38.6,34.4,38.8,41.1,43.4,36.3,41.7,40.4,45.7,41.0,46.5,48.3,44.3,35.5,42.6,37.9,44.0,38.6,40.1,40.7,40.0,37.5,34.8,37.7,34.7,36.9,32.2
8463,43.1,39.5,40.6,47.8,41.6,43.5,44.0,41.7,40.7,39.6,42.7,43.1,43.0,40.2,43.3,42.0,41.4,38.3,42.4,41.7,41.5,41.1,44.8,38.7,42.9,43.2,41.6,42.1,38.1,44.8,41.8,42.2,35.3,36.0,33.9,34.8,52.0,40.6,50.5,41.5,45.6,46.2,43.1,34.7,43.1,44.4,40.9,42.2,50.8,36.9,49.5,43.2,47.7,38.4,32.7,34.0,33.9,35.7,36.6,33.2,38.0,34.8,38.6,41.2,43.9,36.3,42.0,40.6,45.8,41.1,46.8,48.4,43.8,35.8,42.5,38.2,44.0,38.5,40.5,41.0,40.7,38.4,34.8,37.6,35.3,37.3,32.5
8464,41.2,37.0,37.6,47.5,41.1,43.3,43.6,41.1,40.0,39.1,41.9,42.9,42.3,39.8,42.8,41.2,41.1,36.9,41.4,40.7,41.0,40.5,44.3,38.1,42.4,42.8,41.2,41.5,37.5,44.0,41.3,41.5,34.7,35.4,33.4,34.3,50.2,38.0,50.2,40.3,45.4,43.7,42.7,33.9,41.1,42.1,40.2,40.4,48.8,36.3,48.9,42.2,47.0,35.6,32.1,32.7,33.3,34.9,36.2,31.9,37.0,34.5,37.1,39.8,43.6,34.9,41.1,40.2,45.2,40.2,46.2,48.8,42.5,35.0,40.9,37.4,43.2,37.6,39.9,41.1,40.2,38.3,33.9,36.7,35.0,36.8,31.8
8465,35.1,32.8,32.1,45.5,38.7,41.4,41.4,38.6,37.9,36.9,40.1,41.2,39.7,38.2,40.7,39.2,38.4,35.0,39.2,38.8,38.5,38.1,41.9,35.9,39.8,40.4,39.7,39.1,35.3,41.7,39.2,38.9,32.2,32.9,31.8,32.2,45.1,33.7,47.9,36.2,43.4,37.9,40.1,31.0,36.5,36.9,37.4,36.0,43.1,33.9,46.6,39.8,44.7,31.2,30.6,31.3,31.5,32.9,35.0,30.3,36.0,33.1,35.4,35.7,42.1,32.6,38.3,38.5,42.7,38.2,43.2,46.4,36.9,32.2,36.8,34.8,41.3,36.1,37.7,38.6,37.6,35.9,31.5,35.5,32.8,34.7,29.4
8466,31.0,30.6,29.3,41.0,35.5,39.0,38.6,35.5,36.6,35.4,38.7,39.3,37.9,36.4,38.1,37.9,35.4,34.0,37.8,37.8,36.0,36.4,38.8,33.5,35.3,36.6,38.2,36.5,33.3,39.4,37.0,37.4,29.4,30.4,30.2,29.9,41.3,31.5,42.6,33.4,41.1,35.4,35.4,28.2,34.1,33.1,34.9,33.0,39.0,29.9,42.3,37.8,39.0,29.0,29.5,30.3,30.2,31.8,33.3,29.8,35.7,31.1,34.4,32.6,40.7,31.1,36.1,37.3,40.5,37.0,38.2,40.3,32.7,29.4,34.2,31.2,40.0,35.2,35.8,33.5,33.9,32.7,29.5,34.6,30.2,33.2,27.4
8467,28.6,29.5,27.4,37.4,33.8,37.9,37.1,33.7,35.8,34.6,37.7,37.9,37.0,35.3,37.0,37.0,33.8,33.4,37.0,37.1,34.7,35.2,37.7,32.3,33.2,34.6,37.4,35.1,32.1,38.3,35.5,36.6,28.2,29.0,29.0,28.6,39.2,30.1,39.9,31.5,39.0,34.1,32.8,27.2,32.1,31.4,32.9,31.4,36.3,28.4,39.3,36.5,35.7,27.4,28.9,29.6,29.5,31.0,32.1,29.3,35.2,29.9,33.7,30.5,39.6,30.3,35.0,36.4,39.4,36.0,35.8,36.7,30.9,27.6,32.3,29.5,39.1,34.5,34.8,30.9,32.3,30.2,29.2,34.0,28.7,32.1,26.2
8468,27.0,28.4,26.4,35.1,32.7,36.7,35.9,32.5,35.2,34.1,37.1,37.0,36.2,34.7,35.8,36.5,32.8,33.1,36.3,36.6,33.9,34.7,37.2,31.6,32.1,33.5,36.5,34.1,31.4,37.3,34.4,36.0,27.2,28.1,28.1,27.5,37.5,28.9,38.0,29.9,37.8,33.0,31.3,26.8,30.5,30.6,31.2,30.1,34.3,27.0,37.5,35.5,33.9,26.3,28.4,29.0,28.8,30.6,31.3,29.1,35.0,29.2,33.0,29.1,38.7,29.8,34.1,35.7,38.7,35.6,34.4,34.7,29.2,26.5,31.0,28.3,38.3,34.1,34.1,29.5,30.8,28.5,29.1,33.4,27.7,31.1,25.5
8469,25.5,27.4,25.5,33.4,31.9,35.8,34.9,31.6,34.6,33.6,36.6,36.4,35.7,34.1,34.8,36.0,32.2,32.9,35.6,36.1,33.1,34.1,36.6,30.9,31.3,32.6,35.9,33.2,30.5,36.9,33.6,35.5,26.5,27.2,27.5,27.0,36.3,28.1,36.6,29.3,36.6,32.3,30.1,26.0,29.1,30.1,29.9,29.0,32.7,26.1,36.1,34.2,32.8,25.4,28.2,28.7,28.3,30.1,30.9,28.8,34.8,28.8,32.6,28.0,38.0,29.5,33.4,35.1,37.9,34.8,33.3,33.3,27.9,25.7,30.0,27.1,37.8,33.7,33.3,28.3,29.8,27.2,28.6,32.9,26.7,30.3,24.9
8470,24.7,26.6,24.9,32.4,31.4,35.2,34.2,31.0,34.1,33.0,36.1,35.7,35.2,33.4,34.2,35.5,31.4,32.6,35.2,35.6,32.4,33.8,36.0,30.3,30.5,31.9,35.4,32.5,30.0,36.2,32.9,35.1,25.7,26.4,27.0,26.5,35.4,27.2,35.8,28.3,35.7,31.6,29.1,25.2,28.0,29.7,28.9,28.2,31.2,25.7,34.8,33.3,31.8,24.7,27.9,28.2,28.0,29.7,30.5,28.7,34.5,28.3,32.4,26.8,37.4,28.8,32.7,34.6,37.2,34.3,32.1,32.0,26.7,25.2,29.2,26.5,37.4,33.2,32.9,27.7,29.2,26.0,28.3,32.4,26.2,29.7,24.5
8471,23.6,26.2,24.2,31.6,30.6,34.5,33.5,30.3,33.7,32.5,35.5,35.2,34.5,32.9,33.7,35.2,31.0,32.1,34.7,35.3,31.9,33.2,35.7,29.6,29.8,31.4,35.0,31.8,29.4,35.6,32.2,34.8,25.2,26.1,26.4,26.0,34.9,26.8,34.9,27.8,34.8,31.2,28.2,24.6,27.0,28.9,28.1,27.1,30.1,25.1,33.7,32.5,30.8,24.0,27.7,28.0,27.7,29.2,30.3,28.6,34.3,27.9,32.3,25.7,36.9,28.5,32.2,34.0,36.8,33.7,31.3,31.1,25.4,24.7,28.7,25.6,37.0,32.8,32.4,27.2,28.6,25.2,28.0,31.9,25.5,28.9,24.3
8472,22.7,25.6,23.8,30.6,30.0,33.9,32.9,29.7,33.1,32.0,35.0,34.7,34.0,32.3,33.1,34.9,30.5,31.8,34.2,35.0,31.3,32.9,35.1,29.1,29.3,30.8,34.4,31.5,28.9,35.4,31.7,34.2,24.7,25.6,26.0,25.5,34.2,26.3,33.9,26.9,34.0,30.5,27.5,24.3,26.1,28.0,27.2,26.4,29.2,24.3,33.0,31.4,29.8,23.6,27.3,27.8,27.2,29.0,30.0,28.3,34.2,27.3,31.8,24.7,36.6,27.9,31.4,33.4,36.3,33.5,30.3,30.0,24.6,24.2,27.9,25.1,36.7,32.4,31.6,26.7,28.0,24.4,27.9,31.5,25.2,28.4,23.8
8473,22.3,25.3,23.6,30.1,29.3,33.3,32.2,29.2,32.8,31.6,34.4,34.2,33.6,31.9,32.6,34.4,30.0,31.7,33.9,34.7,31.0,32.4,34.5,28.3,28.5,30.2,33.8,31.0,28.6,34.9,31.2,34.1,24.4,25.1,25.5,24.8,33.6,26.0,33.6,26.7,33.1,30.2,26.8,23.7,25.2,27.3,26.5,26.0,28.5,23.9,32.3,30.7,29.0,23.2,26.6,27.6,26.9,28.6,29.6,28.2,33.8,27.0,31.6,24.1,36.2,27.4,31.0,33.1,35.7,33.2,29.1,29.3,23.7,23.6,27.2,24.5,36.2,32.2,31.2,26.1,27.4,23.6,27.7,31.2,24.7,27.8,23.4
8474,21.8,25.1,23.3,29.5,28.5,32.6,31.8,28.7,32.5,31.1,34.1,33.8,33.2,31.5,32.0,34.0,29.8,31.3,33.2,34.2,30.5,32.0,34.3,27.9,27.9,29.4,33.4,30.7,28.0,34.4,31.0,33.7,23.9,24.6,25.0,24.4,32.9,25.8,32.9,26.0,32.4,29.9,26.2,23.2,24.5,26.9,25.9,25.6,27.8,23.4,31.5,29.9,28.1,22.4,26.5,27.3,26.7,28.3,29.2,27.8,33.6,26.7,31.5,23.4,35.7,27.2,30.6,32.6,35.4,32.7,28.4,28.6,23.0,23.0,26.6,24.0,35.9,31.8,30.9,25.7,26.7,23.2,27.5,30.9,24.3,27.4,22.9
8475,21.2,25.1,23.2,29.3,28.2,32.0,31.2,28.2,32.0,30.6,33.8,33.3,32.9,31.3,31.4,33.6,29.5,31.0,32.9,33.9,30.1,31.5,33.9,27.5,27.5,28.9,32.8,30.1,27.6,34.2,30.6,33.4,23.5,24.1,24.7,24.0,32.5,25.6,32.3,25.7,31.8,30.0,25.6,22.8,24.0,26.2,25.2,25.0,27.3,22.6,30.9,29.2,27.2,22.1,26.5,27.1,26.5,28.1,29.1,27.9,33.5,26.5,31.5,23.0,35.6,26.8,30.2,32.1,35.0,32.3,27.2,28.1,22.4,22.8,26.1,23.6,35.3,31.6,30.6,25.2,26.2,22.5,27.3,30.6,23.9,27.1,22.6
8476,20.8,24.9,22.9,29.0,27.8,31.5,30.7,27.5,31.6,30.2,33.5,32.9,32.6,30.7,30.7,33.2,29.1,31.0,32.4,33.6,29.5,31.3,33.4,27.1,27.3,28.5,32.5,29.5,27.4,33.9,30.0,33.1,23.1,23.8,24.2,23.7,31.8,25.5,31.7,25.0,31.0,30.0,25.1,22.6,23.7,25.7,24.7,24.6,26.9,22.1,30.3,28.7,26.7,21.9,26.2,26.8,26.2,28.0,29.1,27.5,33.2,26.1,31.3,22.4,35.6,26.8,29.8,31.7,34.6,31.9,26.4,27.6,22.0,22.2,25.7,23.0,35.0,31.1,30.1,24.9,25.8,21.8,27.2,30.2,23.7,26.8,22.1
8477,20.3,24.8,22.6,28.4,27.6,31.0,30.4,27.2,31.4,29.6,33.3,32.6,32.3,30.2,30.4,32.9,28.8,30.8,32.3,33.4,29.0,30.8,33.0,26.7,26.7,28.3,31.9,29.0,27.2,33.8,29.7,32.8,22.8,23.5,23.9,23.5,31.2,25.2,31.2,24.3,30.5,29.7,24.4,22.2,23.4,25.6,24.3,23.8,26.3,21.6,29.7,28.0,26.2,21.5,26.0,26.6,26.1,27.8,28.7,27.3,33.0,25.8,31.1,22.1,35.5,26.5,29.6,31.3,34.2,31.7,25.5,27.1,22.0,22.0,25.3,22.6,34.7,30.9,29.7,24.4,25.4,21.5,26.7,29.8,23.2,26.5,21.9
8478,19.7,24.4,22.4,28.1,27.2,30.4,29.9,27.0,31.1,29.5,33.0,32.5,32.0,29.9,29.9,32.5,28.5,30.8,32.1,33.2,28.7,30.3,32.5,26.1,26.1,28.0,31.5,28.7,26.9,33.5,29.1,32.7,22.5,23.2,23.9,23.2,30.8,24.9,30.7,23.8,30.0,29.4,23.9,21.7,22.8,25.0,24.0,23.7,26.0,21.2,29.3,27.8,25.6,21.3,25.6,26.6,26.0,27.7,28.3,27.2,33.0,25.4,31.0,21.8,35.3,26.3,29.5,30.8,33.9,31.4,25.0,26.6,21.4,21.8,24.9,22.2,34.5,30.6,29.4,24.1,25.0,21.0,26.6,29.6,22.9,25.9,21.7
8479,19.6,24.3,22.0,27.8,26.8,30.0,29.7,26.4,30.7,29.3,32.8,32.3,31.8,29.6,29.7,32.3,28.2,30.8,32.0,33.0,28.4,30.6,32.2,25.7,25.7,27.7,31.3,28.4,26.5,33.3,28.8,32.5,22.1,22.9,23.7,22.9,30.5,24.9,30.1,23.5,29.4,29.2,23.5,21.5,22.5,24.9,23.5,23.1,25.4,20.9,28.9,27.7,25.2,21.2,25.5,26.4,25.8,27.6,27.9,27.2,32.9,25.4,30.9,21.6,35.2,26.0,29.2,30.5,33.6,31.2,24.4,26.4,21.0,21.5,24.7,22.0,34.3,30.4,29.0,23.9,24.7,20.7,26.7,29.4,22.6,25.6,21.5
8480,22.1,25.5,24.1,27.3,26.8,29.9,29.6,26.4,30.9,29.1,33.1,32.1,32.5,29.3,29.5,32.5,28.2,30.7,32.5,33.7,28.5,30.5,32.2,25.4,25.4,27.4,31.1,28.3,26.4,33.6,28.8,32.9,21.8,22.8,23.5,22.9,32.8,25.6,29.7,24.9,30.1,31.9,23.1,21.5,24.2,26.8,24.2,25.4,28.5,20.8,29.1,28.1,25.8,22.5,25.3,26.4,25.7,27.6,28.1,27.3,32.9,25.2,31.0,22.8,35.0,25.9,29.3,30.2,34.3,31.7,25.1,26.2,23.0,21.4,26.3,21.9,34.8,30.7,29.0,23.6,24.4,20.5,26.4,29.7,22.2,25.3,21.3
8481,27.2,29.3,29.4,29.5,28.8,31.7,31.8,28.8,32.6,30.8,35.0,34.0,34.9,30.9,31.7,34.0,30.7,32.5,34.6,35.7,30.6,32.3,34.5,27.1,27.6,29.9,32.5,30.3,28.4,35.7,30.6,34.6,23.5,24.3,24.6,24.7,37.7,29.8,32.5,29.2,32.7,36.8,25.6,24.2,28.1,31.6,27.0,30.4,35.6,23.1,33.8,30.8,30.5,26.3,25.9,27.7,26.7,28.5,28.4,28.3,34.0,25.5,32.3,27.7,35.9,27.8,31.4,31.7,36.7,33.6,30.1,29.1,28.5,24.5,30.8,25.2,37.1,32.6,30.8,25.5,26.5,22.0,27.3,31.4,23.7,27.1,22.9
8482,32.0,32.9,34.1,34.3,31.9,34.5,34.7,31.8,34.7,32.8,37.2,36.1,37.2,33.1,34.5,36.0,33.4,34.5,36.8,37.7,33.3,34.9,37.2,29.8,31.6,33.4,34.5,33.2,30.6,37.9,33.1,36.7,26.4,27.1,26.6,27.2,42.5,33.6,37.1,32.9,35.7,40.8,29.8,27.0,32.4,36.4,30.2,34.0,41.5,26.2,38.4,33.9,35.2,30.2,27.4,29.6,28.7,30.5,30.0,29.9,35.1,27.4,34.5,32.3,37.3,30.2,33.9,33.7,39.0,35.6,34.6,35.0,33.4,27.7,34.7,28.4,39.1,34.3,33.2,29.7,29.8,25.5,29.2,33.2,26.4,29.5,25.4
8483,36.1,36.0,37.1,38.7,34.8,37.2,37.6,35.0,36.8,34.9,39.1,38.3,39.2,35.2,37.4,37.9,36.1,36.0,38.8,39.1,35.8,36.8,39.7,32.5,35.1,36.5,36.6,35.9,32.9,40.1,35.7,38.7,29.1,30.1,28.7,29.6,45.8,36.8,41.1,35.9,38.7,43.5,34.1,29.7,36.3,39.8,33.6,36.7,45.4,29.7,42.0,36.9,39.3,33.8,29.2,31.4,30.7,32.1,32.0,31.3,36.4,29.4,36.2,35.6,39.0,32.5,36.4,36.0,41.3,37.4,38.7,40.2,37.6,30.4,37.8,31.6,40.9,35.9,35.5,33.6,33.1,29.2,31.1,34.9,29.2,31.8,27.7
8484,39.5,37.9,39.2,42.3,37.3,39.7,39.8,37.5,38.4,36.8,40.5,40.2,41.0,37.1,39.6,39.6,38.3,37.1,40.4,40.4,37.8,38.5,41.8,34.7,38.0,39.0,38.5,38.1,34.8,42.2,37.9,40.2,31.4,32.4,30.7,31.6,48.2,39.0,44.6,38.3,41.1,44.9,37.4,31.7,39.4,42.0,36.5,39.2,48.0,32.1,44.7,39.1,42.4,36.3,30.6,32.8,32.1,33.5,33.8,32.4,37.4,31.2,37.3,38.0,40.6,34.3,38.5,37.6,43.2,39.0,42.1,43.5,40.8,32.1,40.0,34.3,42.2,37.1,37.5,36.7,36.0,32.5,32.6,36.2,31.5,33.8,29.6
8485,42.1,39.1,39.8,44.8,39.1,41.2,41.6,39.6,39.7,38.1,41.7,41.6,42.1,38.6,41.2,40.8,39.7,37.9,41.5,41.3,39.7,39.9,43.0,36.4,40.3,40.9,40.2,40.2,36.3,43.5,39.7,41.2,33.2,34.1,32.2,33.2,50.1,40.1,47.1,39.9,43.1,46.1,40.0,33.2,41.5,43.3,38.6,40.8,49.8,34.2,46.9,41.1,44.9,37.9,31.5,33.6,32.9,34.4,35.2,33.1,38.0,32.8,38.3,39.7,42.1,35.5,40.2,39.1,44.6,40.1,44.4,46.2,42.8,33.7,41.4,36.0,43.3,38.0,38.9,38.7,38.1,35.1,33.6,37.3,33.1,35.5,31.1
8486,42.2,39.4,40.1,46.4,40.5,42.6,42.8,40.5,40.5,39.1,42.4,42.6,42.8,39.6,42.4,41.6,40.9,38.4,42.2,41.7,40.8,40.7,44.0,37.7,41.8,42.1,41.1,41.4,37.3,44.4,40.9,41.9,34.4,35.2,33.2,34.2,51.2,40.4,48.9,40.9,44.5,46.3,41.6,34.0,42.8,44.0,39.8,41.6,50.0,35.5,48.3,42.2,46.4,38.3,32.1,34.1,33.4,34.9,36.1,33.4,38.3,33.9,38.7,40.6,43.2,36.2,41.4,40.1,45.7,40.8,45.9,47.5,43.8,34.7,42.1,37.3,43.9,38.4,39.9,40.2,39.4,37.1,34.3,37.7,34.3,36.6,32.0
8487,42.5,38.6,39.9,47.0,41.0,43.0,43.5,41.1,40.6,39.3,42.5,42.9,42.8,39.9,42.8,41.7,41.2,38.2,42.2,41.7,41.2,40.9,44.5,38.2,42.2,42.6,41.3,41.7,37.8,44.7,41.4,42.2,34.8,35.6,33.6,34.5,51.4,39.9,49.7,41.1,45.3,45.5,42.4,34.3,42.5,43.7,40.3,41.7,50.3,36.0,49.0,42.8,47.1,37.8,32.1,33.9,33.3,35.0,36.2,33.1,37.7,34.3,38.4,40.8,43.7,36.2,41.7,40.3,45.7,40.9,46.2,47.7,43.4,34.9,42.1,37.5,43.9,38.3,40.2,40.6,40.0,38.0,34.4,37.6,34.9,36.9,32.2
8488,40.5,36.2,37.0,46.7,40.5,42.8,43.1,40.6,39.8,38.8,41.8,42.7,42.1,39.5,42.3,40.9,40.8,36.8,41.2,40.7,40.7,40.2,43.9,37.6,41.8,42.2,40.9,41.1,37.2,43.9,40.9,41.4,34.2,35.0,33.1,33.9,49.7,37.4,49.4,39.9,45.0,43.1,42.0,33.4,40.4,41.4,39.7,39.9,48.4,35.4,48.4,41.9,46.5,35.1,31.4,32.6,32.6,34.2,35.9,31.8,36.8,34.0,37.0,39.4,43.5,34.7,40.9,39.9,45.1,40.1,45.6,48.1,42.0,34.2,40.5,36.8,43.1,37.5,39.6,40.6,39.7,37.9,33.5,36.7,34.6,36.4,31.5
8489,34.7,32.2,31.6,44.8,38.1,40.9,41.0,38.1,37.7,36.6,40.1,41.0,39.6,37.9,40.3,38.9,38.1,34.9,39.2,38.9,38.2,37.8,41.5,35.4,39.2,40.0,39.4,38.6,35.0,41.6,38.8,38.9,31.7,32.6,31.5,31.9,44.7,33.1,47.1,35.9,43.0,37.3,39.5,30.5,35.9,36.4,36.9,35.6,42.6,33.2,46.1,39.5,44.2,30.7,29.9,31.1,30.9,32.3,34.6,30.1,35.9,32.7,35.2,35.4,42.0,32.5,38.0,38.2,42.7,38.2,42.6,45.8,36.4,31.4,36.4,34.2,41.3,36.0,37.4,38.1,37.1,35.5,31.1,35.5,32.3,34.4,29.1
8490,30.6,29.9,28.8,40.4,35.0,38.5,38.2,35.1,36.5,35.1,38.6,39.1,37.9,36.0,37.7,37.6,35.2,33.9,37.7,37.9,35.7,36.1,38.4,33.1,34.7,36.2,37.9,36.1,33.0,39.2,36.7,37.3,29.0,30.1,29.9,29.7,40.9,30.8,42.0,33.0,40.7,34.8,34.8,27.7,33.6,32.6,34.4,32.6,38.6,29.3,41.7,37.4,38.5,28.5,28.9,30.2,29.6,31.1,33.0,29.6,35.6,30.8,34.2,32.3,40.5,30.9,35.8,36.9,40.5,36.9,37.7,39.7,32.3,28.7,33.8,30.6,40.0,35.1,35.4,33.1,33.5,32.3,29.1,34.6,29.7,32.9,27.1
8491,28.3,28.8,27.0,36.9,33.2,37.4,36.7,33.3,35.6,34.3,37.7,37.6,36.8,34.9,36.4,36.7,33.6,33.3,36.9,37.2,34.4,34.9,37.3,31.9,32.7,34.2,37.0,34.7,31.9,38.1,35.3,36.5,27.8,28.8,28.8,28.4,38.8,29.5,39.3,31.0,38.6,33.5,32.2,26.7,31.6,30.9,32.4,31.0,35.9,27.7,38.8,36.2,35.0,27.0,28.3,29.5,28.9,30.5,31.8,29.2,35.0,29.6,33.6,30.2,39.5,30.1,34.7,36.0,39.3,35.9,35.3,36.2,30.6,26.9,31.8,28.9,39.2,34.4,34.4,30.6,31.9,29.8,28.8,34.0,28.3,31.8,26.0
8492,26.6,27.7,26.0,34.6,32.3,36.2,35.4,32.2,34.9,33.7,37.0,36.7,36.1,34.4,35.3,36.1,32.6,33.0,36.2,36.7,33.6,34.4,36.7,31.2,31.6,33.0,36.1,33.6,31.1,37.0,34.2,35.8,26.9,27.9,27.9,27.3,37.0,28.4,37.4,29.4,37.5,32.5,30.7,26.3,30.1,30.1,30.6,29.7,33.9,26.4,37.0,35.2,33.3,25.8,27.8,28.9,28.2,29.9,31.1,29.0,34.8,28.9,32.9,28.8,38.6,29.7,33.9,35.3,38.4,35.6,33.9,34.2,28.9,25.8,30.6,27.7,38.4,34.0,33.7,29.1,30.5,28.1,28.7,33.4,27.4,30.8,25.3
8493,25.0,26.8,25.1,32.8,31.5,35.3,34.4,31.2,34.3,33.3,36.5,36.0,35.5,33.7,34.3,35.7,31.9,32.8,35.5,36.3,32.8,33.9,36.1,30.4,30.8,32.2,35.5,32.7,30.4,36.6,33.3,35.3,26.2,27.0,27.3,26.9,35.8,27.6,36.0,28.8,36.2,31.8,29.6,25.6,28.7,29.5,29.3,28.6,32.4,25.5,35.6,33.9,32.2,24.9,27.6,28.6,27.7,29.5,30.7,28.7,34.6,28.5,32.5,27.6,37.9,29.4,33.1,34.7,37.7,34.8,32.8,32.8,27.7,25.1,29.6,26.6,38.0,33.5,32.9,27.9,29.4,26.8,28.3,32.9,26.4,30.1,24.7
8494,24.3,25.9,24.5,31.8,30.9,34.7,33.6,30.6,33.8,32.7,35.9,35.3,34.9,33.1,33.6,35.2,31.2,32.5,35.1,35.8,32.0,33.4,35.4,29.8,30.2,31.5,35.1,32.0,29.8,35.9,32.6,34.8,25.4,26.3,26.8,26.4,34.9,26.7,35.2,27.9,35.2,31.0,28.6,24.8,27.7,29.0,28.3,27.8,30.9,25.0,34.3,33.0,31.2,24.3,27.3,28.2,27.4,29.0,30.4,28.6,34.3,28.0,32.4,26.5,37.3,28.8,32.4,34.2,37.0,34.1,31.6,31.5,26.6,24.6,28.9,25.8,37.5,33.0,32.5,27.3,28.8,25.7,28.0,32.5,25.8,29.4,24.3
8495,23.2,25.7,23.8,31.0,30.1,34.0,33.0,29.9,33.4,32.2,35.3,34.7,34.2,32.5,33.2,34.9,30.6,32.0,34.6,35.5,31.4,32.9,35.1,29.2,29.5,31.0,34.7,31.3,29.2,35.3,31.9,34.5,24.9,25.9,26.3,25.9,34.4,26.4,34.3,27.4,34.4,30.6,27.7,24.2,26.6,28.3,27.5,26.7,29.8,24.3,33.3,32.2,30.2,23.6,27.1,28.1,27.1,28.6,30.2,28.6,34.1,27.6,32.3,25.4,36.7,28.5,31.9,33.6,36.6,33.5,30.8,30.7,25.1,24.0,28.3,24.9,37.0,32.6,32.0,26.9,28.2,24.9,27.7,32.0,25.2,28.7,24.1
8496,22.4,25.1,23.3,30.0,29.6,33.4,32.4,29.3,32.9,31.7,34.9,34.2,33.7,32.0,32.6,34.6,30.0,31.7,34.1,35.1,30.8,32.5,34.6,28.6,29.0,30.3,34.0,31.0,28.5,35.0,31.2,33.9,24.4,25.4,25.8,25.3,33.6,25.8,33.3,26.6,33.6,30.1,26.9,23.8,25.7,27.3,26.6,26.0,29.0,23.7,32.5,31.1,29.3,23.2,26.7,27.8,26.7,28.3,29.9,28.2,34.0,27.1,31.9,24.4,36.4,27.9,31.1,33.1,36.0,33.3,29.8,29.5,24.3,23.5,27.7,24.5,36.8,32.1,31.2,26.3,27.5,24.0,27.8,31.6,24.9,28.2,23.6
8497,21.8,24.7,23.2,29.5,29.0,32.8,31.8,28.8,32.5,31.1,34.3,33.9,33.4,31.5,32.1,34.1,29.5,31.6,33.8,34.8,30.5,32.0,34.1,27.9,28.1,29.7,33.4,30.5,28.1,34.5,30.7,33.8,24.1,24.8,25.3,24.7,33.0,25.6,32.9,26.4,32.7,29.8,26.2,23.3,24.9,26.5,26.0,25.6,28.2,23.3,31.8,30.4,28.6,22.7,26.1,27.6,26.4,27.9,29.4,28.2,33.6,26.8,31.6,23.9,36.0,27.5,30.8,32.7,35.4,33.0,28.7,28.8,23.4,23.0,27.0,24.0,36.2,31.9,30.8,25.7,27.0,23.3,27.4,31.3,24.4,27.6,23.2
8498,21.3,24.5,22.8,28.9,28.2,32.2,31.3,28.3,32.2,30.6,34.0,33.5,32.9,31.0,31.6,33.6,29.3,31.2,33.1,34.3,30.0,31.6,33.7,27.5,27.5,29.0,33.0,30.1,27.6,34.0,30.5,33.4,23.6,24.3,24.7,24.2,32.3,25.3,32.3,25.7,32.0,29.5,25.6,22.8,24.2,26.2,25.3,25.2,27.6,22.8,31.0,29.6,27.7,22.0,26.0,27.3,26.2,27.8,29.0,27.8,33.4,26.4,31.5,23.1,35.6,27.2,30.3,32.2,35.0,32.5,27.9,28.1,22.5,22.3,26.3,23.5,35.8,31.6,30.4,25.2,26.3,22.8,27.3,31.0,24.0,27.2,22.6
8499,20.8,24.5,22.6,28.7,27.9,31.6,30.8,27.7,31.8,30.2,33.6,33.0,32.6,30.8,31.1,33.2,29.0,30.9,32.8,33.9,29.5,31.1,33.4,27.2,27.0,28.5,32.4,29.6,27.1,33.8,30.0,33.0,23.2,23.9,24.4,23.8,31.9,25.1,31.8,25.3,31.4,29.5,25.0,22.4,23.7,25.6,24.6,24.6,27.0,22.2,30.5,29.0,26.9,21.6,25.9,27.1,26.0,27.5,29.0,27.8,33.3,26.2,31.4,22.8,35.5,26.8,29.9,31.7,34.6,32.1,26.8,27.6,22.1,22.1,25.8,23.1,35.2,31.2,30.1,24.8,25.8,22.1,27.1,30.7,23.7,26.8,22.3
8500,20.4,24.4,22.4,28.4,27.4,31.0,30.3,27.1,31.3,29.8,33.3,32.6,32.3,30.2,30.4,32.8,28.5,30.8,32.2,33.6,29.0,31.0,32.8,26.8,26.8,28.2,32.1,29.0,26.9,33.5,29.5,32.7,22.8,23.6,24.0,23.5,31.2,25.0,31.2,24.6,30.6,29.5,24.6,22.0,23.2,25.0,24.1,24.1,26.6,21.6,29.8,28.4,26.3,21.5,25.7,26.8,25.7,27.4,28.9,27.5,33.0,25.8,31.2,22.2,35.5,26.6,29.6,31.2,34.1,31.7,26.2,27.1,21.6,21.5,25.5,22.5,34.9,30.8,29.6,24.5,25.4,21.5,27.0,30.3,23.4,26.5,21.8
8501,19.9,24.3,22.0,27.9,27.2,30.6,30.0,26.8,31.1,29.1,33.0,32.4,32.0,29.7,30.0,32.5,28.3,30.7,32.1,33.4,28.4,30.5,32.5,26.3,26.2,27.9,31.4,28.4,26.7,33.4,29.1,32.5,22.5,23.3,23.7,23.3,30.6,24.7,30.6,23.9,30.1,29.2,23.9,21.7,23.0,24.9,23.8,23.5,26.0,21.2,29.3,27.8,25.7,21.2,25.4,26.6,25.6,27.2,28.4,27.3,32.9,25.6,31.0,22.0,35.4,26.5,29.4,30.9,33.7,31.5,25.2,26.6,21.6,21.2,25.1,22.0,34.6,30.5,29.2,24.0,24.9,21.2,26.4,29.9,23.0,26.2,21.6
8502,19.3,23.8,21.8,27.5,26.8,30.0,29.5,26.6,30.8,29.0,32.7,32.3,31.8,29.4,29.5,32.1,27.9,30.8,31.9,33.1,28.2,30.1,32.0,25.7,25.7,27.6,31.0,28.2,26.5,33.1,28.5,32.3,22.2,22.9,23.6,22.9,30.2,24.4,30.1,23.5,29.6,28.9,23.5,21.2,22.5,24.4,23.4,23.4,25.8,20.8,28.9,27.6,25.1,21.0,25.0,26.6,25.4,27.2,28.0,27.3,32.8,25.3,31.0,21.6,35.2,26.3,29.2,30.4,33.5,31.1,24.7,26.0,21.2,21.2,24.8,21.7,34.3,30.3,28.8,23.7,24.5,20.6,26.3,29.8,22.6,25.6,21.4
8503,19.3,23.8,21.5,27.2,26.5,29.5,29.3,26.1,30.4,28.8,32.5,32.1,31.6,29.1,29.3,31.9,27.6,30.7,31.8,32.9,27.9,30.2,31.7,25.3,25.3,27.3,30.8,27.9,26.1,32.9,28.2,32.2,21.8,22.7,23.4,22.6,29.9,24.4,29.5,23.1,29.1,28.7,23.1,20.9,22.1,24.3,23.0,22.8,25.2,20.5,28.6,27.5,24.7,20.8,25.0,26.4,25.3,27.0,27.7,27.3,32.7,25.3,30.8,21.4,35.1,26.0,29.0,30.0,33.2,30.9,24.1,25.9,20.7,20.8,24.5,21.6,34.1,30.2,28.5,23.5,24.2,20.4,26.4,29.6,22.2,25.3,21.1
8504,21.6,24.9,23.6,26.7,26.4,29.4,29.1,26.0,30.6,28.6,32.8,31.8,32.2,28.8,29.1,32.0,27.5,30.7,32.2,33.7,27.9,30.0,31.7,25.1,25.0,26.9,30.6,27.8,26.0,33.2,28.2,32.5,21.5,22.4,23.2,22.6,32.2,25.0,29.2,24.4,29.8,31.5,22.6,20.9,23.8,26.1,23.7,25.0,28.2,20.4,28.7,27.8,25.3,22.0,24.8,26.4,25.2,27.1,27.8,27.5,32.7,25.1,30.9,22.5,34.9,26.0,29.1,29.8,33.9,31.5,24.7,25.8,22.6,20.6,26.1,21.5,34.6,30.4,28.4,23.2,23.9,20.1,26.2,29.9,21.9,25.0,20.9
8505,26.7,28.6,28.9,28.9,28.3,31.4,31.4,28.4,32.3,30.3,34.7,33.7,34.5,30.4,31.4,33.5,30.2,32.5,34.3,35.6,30.0,32.1,34.0,26.7,27.2,29.4,32.1,29.8,27.9,35.2,30.1,34.3,23.0,24.0,24.3,24.3,37.2,29.2,32.0,28.7,32.3,36.3,25.1,23.5,27.7,30.9,26.5,30.0,35.3,22.5,33.4,30.5,30.0,25.8,25.5,27.7,26.2,28.1,28.1,28.4,33.9,25.3,32.2,27.3,35.8,27.7,31.2,31.3,36.3,33.3,29.6,28.6,28.0,23.7,30.5,24.8,36.9,32.3,30.3,25.1,26.0,21.7,27.1,31.6,23.3,26.8,22.5
8506,31.4,32.1,33.6,33.6,31.4,34.2,34.3,31.3,34.5,32.4,36.9,35.7,36.9,32.7,34.3,35.6,33.0,34.4,36.5,37.5,32.8,34.4,36.8,29.4,31.1,32.9,34.2,32.8,30.2,37.5,32.7,36.4,26.0,26.9,26.2,26.8,41.9,32.9,36.4,32.5,35.3,40.3,29.2,26.3,31.9,35.7,29.6,33.5,41.1,25.5,37.9,33.6,34.6,29.8,26.9,29.5,28.2,30.1,29.7,29.8,35.0,27.1,34.4,31.9,37.1,30.2,33.7,33.4,38.7,35.3,34.0,34.4,32.8,26.9,34.5,28.0,38.9,34.0,32.8,29.2,29.4,25.1,28.9,33.3,26.1,29.2,25.0
8507,35.4,35.2,36.5,38.0,34.4,37.0,37.3,34.6,36.6,34.5,38.8,38.0,39.0,34.8,37.1,37.6,35.6,36.0,38.5,39.0,35.4,36.5,39.3,32.1,34.7,36.1,36.3,35.6,32.5,39.8,35.3,38.4,28.8,29.8,28.4,29.3,45.1,36.1,40.5,35.4,38.2,42.9,33.5,29.0,35.8,39.2,33.0,36.3,44.9,29.0,41.5,36.6,38.7,33.4,28.8,31.3,30.2,31.7,31.7,31.2,36.3,29.1,36.0,35.3,38.9,32.4,36.2,35.6,41.0,37.1,38.1,39.6,37.0,29.5,37.6,31.1,40.7,35.6,35.1,33.2,32.7,28.9,30.8,34.9,28.8,31.6,27.3
8508,38.9,37.0,38.5,41.6,36.9,39.4,39.5,37.1,38.2,36.4,40.3,40.0,40.7,36.7,39.4,39.2,37.8,37.0,40.2,40.3,37.4,38.2,41.4,34.4,37.6,38.6,38.2,37.8,34.4,41.9,37.5,39.9,31.1,32.2,30.3,31.2,47.6,38.3,43.9,37.7,40.5,44.4,36.9,31.1,38.8,41.3,35.9,38.8,47.6,31.5,44.2,38.9,41.8,35.9,30.2,32.6,31.7,33.2,33.6,32.2,37.2,30.9,37.1,37.7,40.4,34.1,38.3,37.3,42.9,38.7,41.6,42.9,40.2,31.2,39.8,33.7,42.0,36.8,37.1,36.3,35.6,32.2,32.3,36.3,31.2,33.6,29.3
8509,41.5,38.3,39.3,44.2,38.7,40.9,41.2,39.2,39.5,37.8,41.5,41.4,41.9,38.2,41.0,40.4,39.3,37.8,41.3,41.1,39.3,39.5,42.7,36.0,39.9,40.5,39.8,40.0,36.1,43.2,39.4,41.0,33.0,33.8,31.9,32.9,49.5,39.5,46.5,39.3,42.5,45.5,39.4,32.6,40.9,42.7,38.0,40.5,49.3,33.5,46.5,40.9,44.3,37.5,31.3,33.5,32.6,34.0,35.0,32.9,37.8,32.5,38.1,39.4,41.9,35.3,40.0,38.7,44.4,39.8,43.9,45.5,42.4,32.8,41.2,35.5,43.1,37.7,38.5,38.3,37.7,34.8,33.4,37.4,32.8,35.3,30.7
8510,41.7,38.6,39.5,45.8,40.1,42.2,42.4,40.1,40.2,38.8,42.3,42.4,42.6,39.2,42.1,41.2,40.6,38.3,42.0,41.5,40.5,40.3,43.8,37.3,41.3,41.8,40.8,41.1,37.0,44.1,40.6,41.7,34.1,35.0,32.9,33.9,50.6,39.8,48.3,40.4,43.9,45.7,40.9,33.5,42.1,43.4,39.4,41.3,49.6,34.9,47.8,42.1,45.9,37.9,31.8,34.0,33.1,34.5,35.8,33.2,38.1,33.5,38.5,40.5,43.1,36.0,41.2,39.8,45.4,40.5,45.4,46.9,43.3,33.9,42.0,36.8,43.7,38.1,39.5,39.8,39.1,36.8,34.1,37.8,33.9,36.3,31.6
8511,41.9,37.8,39.2,46.4,40.7,42.6,43.1,40.8,40.3,39.0,42.4,42.7,42.6,39.6,42.4,41.2,40.8,38.1,42.1,41.5,40.8,40.5,44.2,37.8,41.7,42.3,41.0,41.4,37.4,44.5,41.1,42.0,34.4,35.3,33.3,34.1,50.8,39.3,49.1,40.5,44.7,45.0,41.7,33.8,41.9,43.1,39.9,41.4,50.0,35.5,48.5,42.7,46.6,37.4,31.8,33.9,32.9,34.7,36.0,33.0,37.6,34.1,38.3,40.6,43.6,36.1,41.6,40.0,45.5,40.6,45.7,47.1,43.1,34.0,41.9,37.0,43.8,38.0,39.8,40.2,39.6,37.6,34.1,37.7,34.5,36.7,31.8
8512,40.0,35.5,36.5,46.1,40.1,42.4,42.7,40.3,39.6,38.5,41.7,42.4,41.9,39.1,41.9,40.6,40.4,36.8,41.1,40.6,40.3,39.8,43.6,37.2,41.3,41.8,40.6,40.7,36.8,43.7,40.6,41.2,33.8,34.7,32.8,33.6,49.2,36.7,48.7,39.3,44.4,42.5,41.3,32.9,39.9,40.9,39.2,39.6,48.1,34.9,48.0,41.8,46.1,34.8,31.1,32.6,32.2,33.9,35.7,31.8,36.7,33.8,36.8,39.3,43.4,34.7,40.7,39.6,44.9,39.8,45.1,47.3,41.6,33.3,40.3,36.4,43.0,37.2,39.3,40.3,39.3,37.5,33.2,36.8,34.2,36.1,31.2
8513,34.2,31.4,31.1,44.2,37.7,40.5,40.6,37.8,37.5,36.3,39.9,40.7,39.4,37.5,39.9,38.6,37.7,34.9,39.0,38.7,37.8,37.6,41.3,35.1,38.7,39.5,39.1,38.3,34.6,41.3,38.5,38.5,31.4,32.4,31.2,31.6,44.2,32.4,46.6,35.4,42.4,36.8,38.9,29.9,35.5,36.0,36.4,35.4,42.4,32.6,45.7,39.4,43.8,30.5,29.6,31.1,30.4,31.9,34.5,30.2,35.8,32.4,35.2,35.2,41.8,32.5,37.9,37.9,42.4,37.8,42.2,45.1,36.1,30.5,36.2,33.8,41.1,35.7,37.0,37.7,36.7,35.2,30.8,35.5,32.0,34.1,28.8
8514,30.3,29.2,28.3,39.8,34.5,38.1,37.8,34.7,36.2,34.8,38.5,38.7,37.7,35.7,37.3,37.2,34.9,34.0,37.6,37.8,35.3,35.7,38.1,32.7,34.2,35.8,37.6,35.8,32.7,38.9,36.4,36.9,28.7,29.9,29.6,29.4,40.4,30.2,41.5,32.5,40.1,34.3,34.2,27.0,33.2,32.3,34.0,32.4,38.5,28.7,41.4,37.4,38.1,28.2,28.4,30.2,29.1,30.6,32.8,29.6,35.4,30.5,34.1,32.1,40.5,30.8,35.7,36.5,40.2,36.5,37.2,39.1,32.0,27.8,33.7,30.1,39.8,34.9,35.0,32.7,33.1,32.0,28.9,34.7,29.4,32.5,26.8
8515,27.8,28.2,26.4,36.3,32.8,37.0,36.3,33.0,35.4,33.9,37.4,37.2,36.6,34.6,36.0,36.4,33.2,33.4,36.6,37.1,34.0,34.6,36.9,31.5,32.1,33.7,36.6,34.3,31.4,37.7,34.9,36.2,27.6,28.5,28.4,28.1,38.3,29.0,38.8,30.5,38.0,33.0,31.5,26.1,31.3,30.4,32.0,30.7,35.7,27.1,38.4,36.1,34.5,26.8,27.9,29.5,28.4,29.9,31.6,29.2,34.9,29.3,33.6,30.0,39.5,30.0,34.5,35.6,39.1,35.6,34.8,35.7,30.3,26.0,31.7,28.4,39.0,34.2,34.0,30.2,31.4,29.5,28.7,34.0,27.9,31.4,25.6
8516,26.1,27.2,25.4,34.0,31.9,35.7,35.1,31.8,34.7,33.3,36.8,36.3,35.8,34.0,34.9,35.8,32.3,33.1,35.9,36.5,33.2,33.9,36.4,30.8,31.0,32.5,35.8,33.2,30.7,36.6,33.8,35.5,26.5,27.6,27.6,27.0,36.6,27.9,37.0,28.9,37.0,31.9,30.0,25.6,29.7,29.7,30.2,29.5,33.8,25.7,36.6,35.1,32.8,25.5,27.4,28.9,27.7,29.4,30.9,29.0,34.7,28.6,33.0,28.6,38.6,29.6,33.8,34.9,38.2,35.2,33.4,33.7,28.6,24.9,30.4,27.3,38.2,33.8,33.3,28.7,30.1,27.7,28.6,33.4,27.0,30.4,25.0
8517,24.4,26.3,24.6,32.3,31.1,34.8,33.9,30.9,34.1,32.8,36.2,35.7,35.2,33.3,33.9,35.4,31.6,32.9,35.2,36.1,32.4,33.6,35.7,30.1,30.3,31.7,35.1,32.4,30.0,36.1,33.0,35.0,25.8,26.8,27.0,26.6,35.4,27.1,35.6,28.3,35.7,31.3,28.9,24.8,28.2,29.0,28.9,28.5,32.3,24.8,35.2,33.8,31.7,24.6,27.2,28.6,27.3,28.9,30.5,28.7,34.5,28.2,32.6,27.4,37.9,29.4,33.0,34.3,37.4,34.4,32.3,32.3,27.4,24.2,29.4,26.1,37.7,33.3,32.6,27.5,29.0,26.4,28.2,32.9,26.1,29.7,24.4
8518,23.7,25.5,24.1,31.2,30.4,34.2,33.1,30.3,33.6,32.3,35.7,35.1,34.7,32.6,33.2,34.8,30.8,32.6,34.8,35.6,31.6,33.0,34.9,29.4,29.6,30.9,34.7,31.6,29.4,35.5,32.2,34.5,25.0,25.9,26.5,26.0,34.5,26.2,34.7,27.5,34.9,30.6,27.9,24.2,27.3,28.5,27.8,27.7,30.9,24.4,33.9,33.0,30.7,24.0,26.9,28.3,26.9,28.5,30.2,28.6,34.2,27.7,32.5,26.4,37.3,28.8,32.3,33.8,36.8,33.7,31.2,31.1,26.2,23.7,28.8,25.3,37.3,32.7,32.1,26.8,28.4,25.3,27.8,32.5,25.5,29.0,23.9
8519,22.8,25.5,23.3,30.4,29.7,33.5,32.5,29.5,33.2,31.7,35.0,34.5,34.0,32.1,32.6,34.5,30.2,32.1,34.3,35.3,31.0,32.6,34.6,28.7,29.0,30.5,34.3,30.9,28.8,34.9,31.5,34.2,24.5,25.5,25.9,25.4,33.9,25.9,33.8,27.0,34.1,30.1,27.0,23.6,26.3,27.7,26.9,26.5,29.6,23.7,32.8,32.2,29.7,23.2,26.7,28.1,26.7,28.0,30.0,28.6,34.0,27.3,32.4,25.3,36.7,28.6,31.8,33.2,36.2,33.1,30.3,30.3,24.8,23.2,28.2,24.4,36.8,32.3,31.6,26.4,27.7,24.3,27.5,31.9,24.8,28.2,23.6
8520,21.9,24.9,23.0,29.5,29.1,32.9,32.0,28.8,32.6,31.2,34.7,33.9,33.5,31.5,32.1,34.1,29.6,31.9,33.8,34.9,30.4,32.2,34.1,28.2,28.4,29.8,33.6,30.6,28.1,34.6,30.7,33.6,24.0,25.0,25.4,24.8,33.1,25.4,32.8,26.2,33.2,29.6,26.3,23.2,25.3,26.7,26.1,25.9,28.8,23.0,32.0,31.0,28.8,22.8,26.3,27.9,26.3,27.7,29.8,28.2,33.9,26.8,31.9,24.3,36.4,27.9,31.0,32.7,35.6,32.9,29.3,29.0,23.8,22.6,27.6,24.0,36.5,31.9,30.9,25.8,27.0,23.6,27.5,31.6,24.5,27.8,23.2
8521,21.3,24.4,22.8,29.1,28.4,32.3,31.3,28.3,32.3,30.6,34.1,33.6,33.2,31.0,31.6,33.8,29.1,31.7,33.6,34.6,30.0,31.7,33.5,27.4,27.6,29.2,32.9,30.1,27.6,34.1,30.2,33.4,23.6,24.4,24.9,24.3,32.5,25.2,32.4,26.0,32.3,29.2,25.7,22.7,24.6,25.9,25.4,25.5,28.1,22.6,31.3,30.3,28.0,22.3,25.7,27.6,26.0,27.4,29.2,28.3,33.5,26.6,31.7,23.8,36.1,27.5,30.6,32.2,35.1,32.6,28.2,28.3,23.1,22.2,27.0,23.5,35.9,31.7,30.3,25.2,26.4,22.9,27.1,31.2,24.1,27.1,22.7
8522,20.9,24.3,22.5,28.5,27.8,31.7,30.7,27.9,31.9,30.0,33.8,33.2,32.8,30.5,31.0,33.3,28.7,31.4,32.9,34.2,29.5,31.2,33.2,27.0,26.9,28.6,32.5,29.7,27.1,33.7,29.9,33.1,23.2,23.8,24.3,23.8,31.7,24.9,31.8,25.4,31.6,29.0,25.1,22.3,23.9,25.6,24.7,25.0,27.5,22.1,30.5,29.6,27.2,21.7,25.6,27.4,25.8,27.3,28.9,27.9,33.3,26.2,31.6,23.0,35.6,27.2,30.3,31.7,34.6,32.1,27.4,27.6,22.1,21.5,26.4,23.0,35.6,31.3,29.9,24.8,25.8,22.5,27.1,30.9,23.7,26.7,22.2
8523,20.4,24.2,22.3,28.2,27.5,31.0,30.3,27.2,31.5,29.6,33.4,32.7,32.4,30.2,30.5,32.8,28.5,31.1,32.6,33.7,29.0,30.8,32.8,26.6,26.5,28.0,31.9,29.2,26.6,33.4,29.4,32.7,22.8,23.5,24.0,23.4,31.4,24.8,31.2,24.9,31.0,29.0,24.5,21.8,23.3,25.0,24.1,24.5,26.9,21.5,30.0,28.9,26.4,21.4,25.5,27.2,25.5,27.1,28.7,27.9,33.2,26.0,31.5,22.7,35.6,26.9,29.8,31.1,34.2,31.7,26.2,27.0,21.8,21.3,25.8,22.6,35.0,31.0,29.6,24.4,25.2,21.7,26.9,30.5,23.4,26.3,21.9
8524,19.9,24.1,22.1,27.9,26.9,30.5,29.8,26.6,31.0,29.2,33.0,32.3,32.1,29.6,29.9,32.5,27.9,31.0,32.1,33.4,28.4,30.6,32.3,26.2,26.3,27.7,31.5,28.5,26.4,33.1,28.9,32.4,22.5,23.2,23.6,23.1,30.7,24.6,30.6,24.1,30.2,28.9,24.1,21.5,22.9,24.5,23.6,24.1,26.4,21.0,29.4,28.3,25.9,21.2,25.2,26.9,25.2,26.9,28.7,27.5,32.9,25.7,31.4,22.0,35.5,26.8,29.4,30.7,33.7,31.3,25.6,26.5,21.2,20.8,25.4,22.0,34.7,30.5,29.1,24.2,24.8,21.1,26.7,30.2,23.2,26.0,21.5
8525,19.5,24.1,21.7,27.3,26.7,30.2,29.5,26.2,30.8,28.5,32.8,32.0,31.8,29.1,29.6,32.2,27.6,30.9,31.9,33.2,27.9,30.0,32.0,25.8,25.8,27.4,30.8,28.0,26.2,33.0,28.5,32.1,22.2,23.0,23.3,22.9,30.1,24.4,30.0,23.5,29.8,28.7,23.4,21.1,22.6,24.4,23.2,23.4,25.9,20.6,28.9,27.7,25.2,20.9,25.0,26.7,25.1,26.7,28.3,27.4,32.8,25.5,31.1,21.8,35.4,26.6,29.2,30.3,33.3,31.1,24.7,26.1,21.2,20.4,25.0,21.5,34.3,30.2,28.6,23.6,24.4,20.8,26.2,29.8,22.8,25.7,21.2
8526,18.8,23.7,21.6,26.9,26.4,29.5,29.1,26.1,30.5,28.4,32.5,31.9,31.6,28.7,29.1,31.7,27.2,31.0,31.6,33.0,27.6,29.7,31.5,25.4,25.4,27.1,30.4,27.7,25.9,32.7,27.9,31.9,21.9,22.7,23.3,22.6,29.6,24.1,29.6,23.0,29.3,28.4,22.9,20.6,22.2,23.9,22.9,23.3,25.6,20.2,28.5,27.4,24.7,20.8,24.6,26.6,25.0,26.7,27.9,27.3,32.7,25.1,31.1,21.4,35.2,26.4,29.0,29.8,33.1,30.7,24.2,25.5,20.8,20.4,24.7,21.2,34.1,30.0,28.2,23.3,24.2,20.2,26.2,29.6,22.3,25.1,21.1
8527,18.8,23.7,21.2,26.7,26.1,29.1,28.8,25.7,30.2,28.1,32.3,31.7,31.4,28.4,28.8,31.5,26.9,30.9,31.6,32.7,27.3,29.7,31.2,25.0,25.0,26.9,30.2,27.4,25.5,32.5,27.6,31.7,21.6,22.5,23.2,22.4,29.4,24.2,29.1,22.6,28.7,28.3,22.6,20.4,21.8,23.8,22.5,22.7,25.0,19.9,28.3,27.3,24.3,20.5,24.6,26.4,24.8,26.6,27.6,27.3,32.6,25.0,30.9,21.1,35.1,26.1,28.9,29.5,32.8,30.6,23.6,25.5,20.2,20.2,24.4,21.0,33.9,29.9,27.9,23.1,23.8,20.0,26.2,29.4,22.0,24.9,20.9
8528,21.1,24.9,23.3,26.2,26.0,29.0,28.6,25.6,30.2,28.0,32.6,31.4,31.9,28.2,28.7,31.5,26.9,30.8,32.0,33.5,27.3,29.7,31.2,24.8,24.8,26.6,30.0,27.3,25.4,32.8,27.6,32.1,21.3,22.2,23.0,22.4,31.5,24.7,28.7,23.9,29.3,31.0,22.2,20.4,23.3,25.7,23.2,24.8,28.0,19.8,28.4,27.6,24.8,21.7,24.4,26.5,24.7,26.7,27.7,27.4,32.7,24.8,31.0,22.2,34.9,26.0,28.9,29.2,33.5,31.1,24.2,25.3,22.2,20.0,25.9,21.0,34.5,30.1,27.8,22.9,23.5,19.8,26.0,29.7,21.7,24.7,20.7
8529,26.4,28.4,28.7,28.4,28.0,31.1,31.0,28.0,32.0,29.8,34.5,33.3,34.2,29.9,31.1,33.1,29.6,32.7,34.0,35.4,29.6,31.6,33.6,26.4,26.9,29.1,31.5,29.5,27.5,34.8,29.6,33.8,22.8,23.8,24.1,24.1,36.5,28.9,31.4,28.3,31.9,35.9,24.6,23.0,27.4,30.5,25.9,29.8,35.1,21.9,33.0,30.4,29.7,25.6,25.1,27.7,25.7,27.6,28.0,28.4,33.8,24.9,32.4,27.1,35.8,27.6,31.0,30.8,36.0,33.0,29.1,28.0,27.7,23.0,30.4,24.2,36.7,31.9,29.8,24.7,25.7,21.4,26.9,31.4,23.0,26.5,22.2
8530,31.0,31.9,33.4,33.3,31.2,33.9,34.1,31.0,34.2,32.0,36.6,35.3,36.5,32.3,33.9,35.2,32.6,34.6,36.3,37.4,32.5,34.0,36.4,29.1,30.8,32.6,33.7,32.5,29.8,37.1,32.4,35.9,25.8,26.7,26.1,26.5,41.2,32.7,35.9,32.0,34.8,40.0,28.8,25.9,31.6,35.3,29.1,33.3,40.9,25.0,37.6,33.5,34.2,29.6,26.6,29.5,27.9,29.7,29.6,29.8,34.9,26.8,34.5,31.6,37.1,30.2,33.4,32.9,38.3,34.8,33.6,33.9,32.6,26.2,34.3,27.6,38.7,33.6,32.4,28.9,29.1,24.8,28.8,33.1,25.8,29.0,24.7
8531,35.1,35.0,36.5,37.8,34.1,36.7,37.0,34.4,36.3,34.2,38.5,37.7,38.6,34.5,36.8,37.2,35.3,36.1,38.2,38.8,35.1,36.1,38.9,31.8,34.4,35.8,36.0,35.3,32.2,39.5,35.0,37.9,28.6,29.6,28.2,29.1,44.4,36.0,40.0,34.9,37.6,42.6,33.1,28.5,35.5,38.7,32.5,36.1,44.8,28.6,41.4,36.5,38.3,33.2,28.5,31.3,29.9,31.4,31.6,31.2,36.2,28.8,36.1,35.0,38.8,32.4,35.9,35.3,40.6,36.6,37.7,39.2,36.8,29.0,37.4,30.8,40.4,35.2,34.8,32.9,32.5,28.7,30.7,34.6,28.6,31.4,27.0
8532,38.5,36.9,38.5,41.5,36.6,39.1,39.2,36.8,38.0,36.2,40.0,39.7,40.4,36.5,39.2,38.8,37.6,37.2,39.9,40.0,37.3,37.9,41.1,34.1,37.3,38.3,38.0,37.6,34.2,41.7,37.3,39.6,30.9,31.9,30.1,31.0,46.9,38.2,43.5,37.2,40.1,44.1,36.5,30.6,38.6,41.0,35.4,38.6,47.5,31.1,44.0,38.8,41.4,35.7,30.0,32.6,31.5,32.8,33.4,32.2,37.1,30.5,37.2,37.4,40.2,34.1,38.0,37.0,42.5,38.2,41.2,42.6,40.0,30.6,39.5,33.5,41.7,36.5,36.9,36.0,35.4,31.9,32.2,35.9,30.9,33.4,28.9
8533,41.1,38.2,39.3,44.1,38.5,40.7,41.0,38.9,39.4,37.6,41.2,41.1,41.7,38.0,40.7,40.1,39.1,38.0,41.0,40.8,39.1,39.3,42.5,35.8,39.7,40.3,39.7,39.8,35.8,43.0,39.2,40.8,32.8,33.6,31.7,32.7,48.8,39.5,46.2,38.8,42.1,45.2,39.0,32.2,40.8,42.4,37.6,40.2,49.2,33.0,46.3,40.8,43.9,37.3,31.1,33.5,32.4,33.6,34.8,32.9,37.7,32.2,38.2,39.2,41.7,35.4,39.7,38.6,44.0,39.4,43.6,45.3,42.2,32.2,41.0,35.3,42.8,37.4,38.3,38.1,37.5,34.7,33.3,37.0,32.6,35.1,30.4
8534,41.6,38.4,39.6,45.6,39.9,42.0,42.2,39.9,40.2,38.6,42.0,42.2,42.5,39.1,41.9,41.0,40.4,38.4,41.7,41.3,40.3,40.2,43.6,37.0,41.2,41.6,40.7,41.0,36.9,43.9,40.5,41.7,33.9,34.7,32.7,33.7,50.1,39.7,48.0,39.9,43.5,45.5,40.7,33.2,42.0,43.2,39.0,41.0,49.5,34.5,47.7,42.0,45.5,37.7,31.6,34.0,32.9,34.1,35.6,33.2,38.1,33.2,38.7,40.3,42.9,36.1,41.0,39.7,45.1,40.2,45.1,46.7,43.0,33.4,41.7,36.6,43.5,37.9,39.3,39.6,38.8,36.7,33.9,37.4,33.7,36.1,31.3
8535,41.6,37.7,39.3,46.2,40.5,42.5,42.9,40.6,40.3,38.9,42.1,42.6,42.5,39.5,42.3,41.2,40.7,38.2,41.8,41.3,40.7,40.4,44.1,37.5,41.6,42.1,41.0,41.3,37.3,44.3,40.9,42.0,34.2,35.1,33.0,33.9,50.3,39.2,48.8,40.1,44.3,44.8,41.4,33.4,41.8,43.0,39.6,41.1,50.0,35.1,48.5,42.6,46.2,37.3,31.6,33.9,32.8,34.4,35.9,33.0,37.6,33.7,38.4,40.4,43.3,36.1,41.3,40.0,45.2,40.3,45.6,46.8,42.9,33.4,41.6,36.8,43.5,37.9,39.7,40.0,39.4,37.5,34.0,37.3,34.3,36.6,31.4
8536,39.8,35.4,36.4,45.9,40.0,42.3,42.5,40.1,39.6,38.4,41.4,42.3,41.9,39.1,41.8,40.6,40.2,36.8,40.8,40.3,40.2,39.8,43.6,37.1,41.2,41.7,40.6,40.6,36.7,43.5,40.5,41.2,33.6,34.5,32.6,33.4,48.8,36.6,48.4,39.0,44.0,42.3,41.1,32.6,39.7,40.8,38.9,39.3,48.1,34.5,48.0,41.8,45.7,34.6,30.9,32.6,32.0,33.5,35.5,31.8,36.7,33.4,37.0,39.1,43.2,34.8,40.5,39.5,44.6,39.5,44.8,47.0,41.4,32.7,40.0,36.1,42.8,37.1,39.2,40.0,39.1,37.4,33.1,36.4,34.1,36.0,30.8
8537,33.9,31.2,30.9,44.1,37.6,40.4,40.4,37.7,37.6,36.2,39.7,40.7,39.3,37.4,39.8,38.6,37.6,35.0,38.7,38.4,37.7,37.5,41.3,34.9,38.8,39.5,39.0,38.2,34.5,41.2,38.4,38.5,31.2,32.2,31.0,31.5,43.8,32.4,46.5,35.2,42.0,36.6,38.8,29.6,35.3,35.9,36.1,35.2,42.4,32.2,45.7,39.4,43.5,30.4,29.3,31.2,30.2,31.5,34.3,30.2,35.8,32.0,35.3,35.0,41.6,32.5,37.7,37.9,42.2,37.5,42.0,44.9,35.9,29.9,35.9,33.5,40.9,35.5,36.9,37.6,36.5,35.0,30.8,35.1,31.8,34.0,28.4
8538,30.1,29.1,28.2,39.7,34.4,38.0,37.7,34.6,36.3,34.7,38.2,38.7,37.5,35.7,37.3,37.2,34.7,34.1,37.3,37.5,35.2,35.7,38.1,32.5,34.3,35.7,37.5,35.8,32.5,38.8,36.3,36.8,28.4,29.7,29.4,29.2,40.1,30.0,41.3,32.2,39.7,34.0,34.1,26.7,33.1,32.2,33.7,32.2,38.3,28.3,41.3,37.3,37.8,28.0,28.2,30.3,28.8,30.3,32.6,29.7,35.4,30.2,34.3,32.0,40.3,30.9,35.4,36.5,39.9,36.2,37.0,38.9,32.0,27.1,33.4,29.9,39.5,34.6,34.9,32.7,32.8,31.7,29.0,34.2,29.3,32.4,26.5
8539,27.7,28.0,26.4,36.2,32.7,36.9,36.1,32.8,35.5,33.8,37.1,37.2,36.4,34.6,36.0,36.4,33.0,33.5,36.4,36.9,33.9,34.6,36.9,31.3,32.1,33.4,36.5,34.2,31.3,37.6,34.8,36.2,27.4,28.4,28.2,27.9,38.0,28.8,38.6,30.2,37.7,32.7,31.4,25.6,31.1,30.3,31.7,30.6,35.5,26.7,38.3,36.1,34.0,26.6,27.7,29.5,28.1,29.6,31.4,29.3,34.9,29.1,33.7,29.8,39.3,30.1,34.3,35.6,38.7,35.3,34.6,35.5,30.2,25.4,31.5,28.1,38.6,34.0,34.0,30.1,31.2,29.3,28.7,33.6,27.8,31.3,25.3
8540,25.9,27.0,25.4,34.0,31.7,35.6,34.9,31.6,34.8,33.2,36.5,36.2,35.6,33.9,34.9,35.8,32.2,33.2,35.7,36.3,33.0,33.9,36.4,30.7,31.0,32.4,35.8,33.2,30.6,36.5,33.7,35.5,26.4,27.5,27.4,26.8,36.2,27.7,36.8,28.7,36.6,31.7,29.9,25.2,29.6,29.7,29.9,29.4,33.6,25.4,36.4,35.1,32.4,25.4,27.2,29.0,27.4,29.0,30.7,29.1,34.7,28.4,33.1,28.4,38.5,29.6,33.6,34.9,37.8,34.8,33.2,33.5,28.5,24.3,30.3,26.9,37.9,33.6,33.3,28.6,29.9,27.5,28.6,32.9,26.9,30.3,24.7
8541,24.3,26.0,24.7,32.2,30.9,34.8,33.8,30.8,34.2,32.8,35.9,35.7,35.1,33.3,34.0,35.4,31.5,32.9,35.0,35.9,32.3,33.4,35.7,29.9,30.2,31.6,35.1,32.4,29.9,36.1,32.9,35.0,25.7,26.7,26.8,26.4,35.1,27.0,35.3,27.9,35.4,31.1,28.8,24.4,28.0,29.0,28.6,28.3,32.2,24.4,35.0,33.8,31.3,24.4,27.0,28.7,27.0,28.5,30.3,28.8,34.4,28.0,32.8,27.2,37.8,29.3,32.8,34.3,37.2,34.1,32.1,32.1,27.3,23.6,29.4,25.7,37.3,33.1,32.6,27.4,28.8,26.2,28.2,32.4,26.0,29.6,24.1
8542,23.6,25.3,24.0,31.2,30.3,34.2,33.1,30.1,33.7,32.2,35.5,35.0,34.6,32.7,33.4,34.8,30.7,32.6,34.5,35.4,31.7,32.9,35.0,29.3,29.6,30.8,34.7,31.8,29.3,35.5,32.2,34.5,25.0,25.8,26.4,25.9,34.2,26.1,34.5,27.1,34.6,30.4,27.9,23.8,27.1,28.6,27.5,27.5,30.7,23.9,33.7,32.9,30.3,23.8,26.7,28.2,26.7,28.1,29.9,28.6,34.2,27.5,32.6,26.3,37.2,28.7,32.1,33.8,36.5,33.5,30.9,30.9,25.9,23.1,28.7,24.9,37.0,32.6,32.1,26.6,28.2,25.1,27.8,31.9,25.4,28.9,23.7
8543,22.7,25.3,23.5,30.4,29.6,33.5,32.5,29.4,33.4,31.7,34.9,34.4,34.0,32.1,32.8,34.6,30.3,32.1,34.1,35.1,31.0,32.5,34.6,28.6,28.9,30.4,34.3,31.0,28.7,34.9,31.6,34.2,24.5,25.5,25.8,25.3,33.7,25.9,33.7,26.7,33.8,30.0,27.0,23.3,26.1,27.7,26.6,26.3,29.4,23.3,32.6,32.1,29.4,23.1,26.5,28.0,26.5,27.7,29.7,28.6,33.9,27.0,32.5,25.2,36.7,28.4,31.6,33.3,36.1,32.9,30.0,30.1,24.4,22.5,28.2,24.0,36.5,32.2,31.7,26.2,27.5,24.2,27.4,31.4,24.8,28.1,23.5
8544,21.7,24.8,23.0,29.5,29.0,32.9,32.0,28.8,32.8,31.2,34.5,34.0,33.5,31.6,32.3,34.2,29.7,31.9,33.6,34.6,30.5,32.2,34.1,28.1,28.3,29.8,33.6,30.7,28.1,34.6,30.8,33.7,24.0,24.9,25.3,24.9,32.9,25.4,32.7,25.9,32.8,29.4,26.3,22.9,25.2,26.8,25.7,25.6,28.6,22.6,31.8,30.9,28.5,22.7,26.2,27.7,26.0,27.6,29.4,28.1,33.8,26.5,32.0,24.1,36.4,27.8,30.9,32.7,35.5,32.7,29.1,28.9,23.5,22.0,27.5,23.6,36.2,31.8,30.9,25.7,26.8,23.5,27.5,31.0,24.5,27.8,23.0
8545,21.2,24.4,22.9,29.1,28.3,32.3,31.3,28.2,32.4,30.6,34.0,33.6,33.2,31.1,31.7,33.9,29.2,31.8,33.4,34.3,30.1,31.8,33.4,27.4,27.6,29.2,33.0,30.2,27.6,34.1,30.2,33.4,23.6,24.4,24.8,24.2,32.3,25.2,32.3,25.7,32.0,29.0,25.6,22.4,24.4,25.9,25.0,25.2,27.8,22.1,31.1,30.1,27.7,22.2,25.5,27.5,25.8,27.2,28.9,28.2,33.3,26.2,31.7,23.6,36.0,27.4,30.4,32.2,35.0,32.5,27.9,28.1,22.6,21.5,26.8,23.1,35.6,31.6,30.4,25.2,26.3,22.8,27.1,30.6,24.2,27.2,22.6
8546,20.6,24.2,22.5,28.4,27.7,31.7,30.7,27.8,32.1,30.1,33.7,33.2,32.8,30.6,31.2,33.5,28.8,31.5,32.8,33.9,29.5,31.3,33.1,27.0,26.9,28.5,32.6,29.8,27.1,33.8,29.9,33.1,23.2,23.9,24.3,23.8,31.5,24.9,31.6,25.1,31.3,28.8,25.1,21.9,23.7,25.7,24.3,24.8,27.2,21.7,30.2,29.4,26.9,21.6,25.5,27.3,25.6,27.1,28.6,27.8,33.2,25.9,31.6,23.0,35.6,27.2,30.1,31.8,34.6,32.0,27.0,27.3,21.7,20.9,26.2,22.6,35.4,31.3,30.0,24.7,25.7,22.4,27.0,30.3,23.8,26.7,22.1
8547,20.2,24.2,22.2,28.3,27.4,31.1,30.3,27.2,31.7,29.6,33.3,32.7,32.5,30.3,30.7,32.9,28.5,31.2,32.5,33.5,29.0,30.8,32.8,26.6,26.5,28.0,32.0,29.2,26.6,33.5,29.5,32.7,22.8,23.5,24.0,23.4,31.1,24.7,31.0,24.7,30.6,28.9,24.5,21.4,23.1,25.1,23.7,24.2,26.6,21.0,29.8,28.6,26.1,21.2,25.4,27.1,25.4,26.9,28.5,27.8,33.0,25.7,31.6,22.6,35.4,26.8,29.7,31.2,34.2,31.6,25.8,26.8,21.5,20.6,25.6,22.2,34.9,31.0,29.6,24.4,25.3,21.7,26.8,29.8,23.5,26.4,21.9
8548,19.7,24.1,21.9,27.9,26.8,30.6,29.8,26.6,31.3,29.2,32.9,32.3,32.2,29.6,30.0,32.6,27.9,31.0,32.0,33.2,28.4,30.5,32.3,26.3,26.4,27.7,31.6,28.5,26.4,33.2,28.9,32.4,22.5,23.2,23.7,23.1,30.5,24.6,30.4,23.9,29.8,28.8,24.1,21.1,22.7,24.5,23.3,23.8,26.0,20.5,29.2,28.1,25.5,21.2,25.1,26.9,25.0,26.7,28.4,27.5,32.7,25.4,31.5,21.9,35.4,26.7,29.3,30.8,33.7,31.2,25.2,26.5,20.9,20.1,25.2,21.6,34.7,30.6,29.1,24.2,24.9,21.0,26.7,29.5,23.2,26.1,21.6
8549,19.1,24.1,21.6,27.3,26.6,30.2,29.5,26.2,31.0,28.6,32.7,32.1,31.9,29.1,29.7,32.3,27.6,31.0,31.8,33.0,27.9,30.0,31.9,25.8,25.9,27.4,30.9,28.0,26.2,33.0,28.5,32.2,22.2,23.1,23.3,22.8,29.8,24.4,29.9,23.2,29.4,28.7,23.5,20.8,22.4,24.5,22.9,23.1,25.5,20.1,28.7,27.5,24.9,20.9,24.8,26.6,24.9,26.5,28.1,27.2,32.6,25.2,31.2,21.6,35.3,26.6,29.0,30.4,33.3,31.0,24.4,25.9,20.9,19.8,24.9,21.2,34.2,30.3,28.6,23.6,24.5,20.7,26.1,29.1,22.8,25.8,21.3
8550,18.6,23.7,21.4,27.0,26.4,29.6,29.1,26.1,30.7,28.4,32.4,31.9,31.7,28.7,29.2,31.9,27.3,31.0,31.5,32.8,27.7,29.7,31.4,25.5,25.5,27.1,30.5,27.8,25.9,32.7,28.0,31.9,21.9,22.8,23.4,22.7,29.4,24.1,29.5,22.8,28.9,28.4,23.0,20.2,22.0,24.0,22.6,22.9,25.2,19.8,28.3,27.2,24.3,20.7,24.5,26.5,24.9,26.5,27.7,27.2,32.5,24.8,31.2,21.2,35.1,26.4,28.8,29.9,33.1,30.6,23.9,25.3,20.7,19.8,24.5,20.8,34.0,30.1,28.2,23.4,24.2,20.1,26.1,29.0,22.4,25.2,21.1
8551,18.5,23.6,21.1,26.7,26.1,29.1,28.8,25.7,30.4,28.2,32.2,31.7,31.3,28.5,29.0,31.6,27.0,30.9,31.5,32.6,27.4,29.6,31.1,25.1,25.2,26.9,30.3,27.5,25.6,32.5,27.7,31.7,21.6,22.6,23.3,22.4,29.1,24.1,28.9,22.4,28.4,28.2,22.6,20.0,21.5,23.8,22.2,22.2,24.6,19.5,28.1,27.1,24.0,20.4,24.5,26.3,24.8,26.4,27.4,27.2,32.4,24.8,30.9,20.9,35.0,26.0,28.7,29.6,32.8,30.5,23.3,25.3,20.2,19.5,24.2,20.6,33.8,29.9,27.9,23.2,23.8,19.9,26.2,28.8,22.0,25.0,20.9
8552,20.7,24.6,23.1,26.2,26.0,29.0,28.7,25.7,30.5,28.0,32.6,31.5,31.9,28.2,28.9,31.6,27.0,30.8,31.9,33.4,27.4,29.7,31.1,24.9,24.9,26.6,30.1,27.4,25.5,32.8,27.7,32.1,21.3,22.4,23.2,22.5,31.2,24.6,28.6,23.5,28.9,30.9,22.2,20.0,23.1,25.5,22.8,24.4,27.7,19.3,28.1,27.4,24.5,21.6,24.3,26.3,24.6,26.5,27.5,27.3,32.5,24.6,31.0,21.9,34.8,25.8,28.8,29.3,33.6,31.1,23.8,25.1,22.1,19.4,25.6,20.6,34.4,30.2,27.8,22.9,23.5,19.7,25.9,29.2,21.8,24.8,20.7
8553,26.1,28.2,28.5,28.3,28.1,31.0,31.1,28.3,32.2,29.9,34.5,33.3,34.3,29.9,31.2,33.2,29.7,32.6,34.1,35.4,29.7,31.6,33.5,26.4,27.0,29.1,31.7,29.5,27.5,34.8,29.7,33.9,22.8,24.0,24.4,24.2,36.1,28.7,31.4,28.0,31.6,35.7,24.5,22.6,27.2,30.4,25.7,29.4,34.8,21.4,32.8,30.3,29.3,25.5,25.0,27.7,25.6,27.4,27.8,28.3,33.6,24.6,32.4,26.8,35.7,27.5,30.8,30.8,36.0,33.0,28.8,27.9,27.5,22.3,30.1,23.8,36.6,32.0,29.9,24.8,25.6,21.2,26.7,30.8,23.2,26.6,22.3
8554,30.8,31.6,33.3,33.3,31.2,33.8,34.1,31.3,34.5,32.2,36.7,35.4,36.6,32.4,34.1,35.4,32.7,34.5,36.3,37.4,32.6,34.1,36.2,29.2,30.8,32.5,33.9,32.6,30.0,37.2,32.5,36.0,25.8,26.9,26.3,26.8,40.7,32.6,35.8,31.7,34.5,39.7,28.8,25.5,31.4,35.3,28.9,32.9,40.7,24.7,37.5,33.5,33.8,29.4,26.4,29.5,27.7,29.4,29.3,29.7,34.7,26.5,34.5,31.4,37.0,30.2,33.3,33.1,38.4,34.9,33.3,33.8,32.5,25.6,34.1,27.3,38.7,33.8,32.5,28.9,29.1,24.7,28.7,32.5,25.8,29.1,24.9
8555,35.0,34.7,36.4,37.8,34.2,36.6,37.0,34.6,36.7,34.4,38.6,37.8,38.7,34.6,36.9,37.3,35.5,36.0,38.2,38.9,35.3,36.2,38.8,31.9,34.3,35.7,36.2,35.4,32.4,39.6,35.2,38.1,28.6,29.8,28.4,29.3,44.0,35.7,39.9,34.7,37.3,42.3,33.1,28.1,35.4,38.6,32.3,35.8,44.6,28.2,41.2,36.5,37.9,33.0,28.3,31.2,29.7,31.1,31.3,31.2,35.9,28.5,36.1,34.9,38.7,32.5,35.9,35.4,40.7,36.7,37.5,39.0,36.8,28.3,37.2,30.6,40.5,35.3,34.9,32.8,32.4,28.5,30.5,34.1,28.5,31.6,27.2
8556,38.5,36.5,38.3,41.5,36.7,39.1,39.3,37.1,38.4,36.5,40.1,39.9,40.6,36.7,39.2,38.9,37.8,37.1,40.0,40.2,37.5,38.0,41.0,34.2,37.1,38.3,38.3,37.8,34.4,41.7,37.5,39.8,30.9,32.2,30.4,31.3,46.6,37.9,43.4,36.9,39.7,43.8,36.3,30.2,38.4,40.9,35.3,38.2,47.3,30.8,43.9,38.8,41.1,35.6,29.8,32.6,31.2,32.5,33.1,32.2,36.9,30.3,37.3,37.4,40.1,34.3,37.9,37.3,42.6,38.3,41.0,42.3,39.9,29.9,39.3,33.3,41.9,36.6,37.0,36.0,35.2,31.7,31.9,35.4,30.8,33.7,29.1
8557,40.9,37.7,39.0,44.0,38.5,40.7,41.0,39.0,39.7,37.9,41.4,41.3,41.9,38.2,40.8,40.3,39.4,37.9,41.0,41.0,39.3,39.4,42.6,35.8,39.7,40.3,39.9,40.0,36.0,43.1,39.4,41.0,32.7,33.8,32.0,32.9,48.6,39.2,45.9,38.5,41.7,44.9,38.9,31.8,40.6,42.3,37.5,39.9,49.0,32.8,46.3,40.9,43.7,37.1,30.9,33.5,32.2,33.4,34.5,33.0,37.4,31.9,38.2,39.2,41.6,35.6,39.6,38.9,44.0,39.6,43.4,44.8,42.0,31.6,40.8,35.1,43.0,37.5,38.5,38.1,37.4,34.5,33.0,36.4,32.6,35.4,30.6
8558,41.3,38.0,39.4,45.4,39.9,42.0,42.2,40.0,40.5,38.8,42.2,42.4,42.7,39.3,41.9,41.2,40.6,38.3,41.8,41.5,40.5,40.4,43.7,37.0,41.1,41.6,40.9,41.2,37.1,44.0,40.6,41.8,33.9,34.9,33.0,33.9,49.8,39.3,47.8,39.6,43.2,45.2,40.5,32.8,41.8,42.9,38.9,40.7,49.4,34.2,47.7,42.1,45.3,37.5,31.4,33.9,32.8,33.9,35.4,33.2,37.8,33.0,38.6,40.3,42.9,36.3,40.9,39.9,45.1,40.3,44.9,46.3,42.8,32.8,41.5,36.3,43.6,38.0,39.6,39.6,38.7,36.6,33.6,36.9,33.7,36.4,31.4
8559,41.3,37.2,39.0,45.9,40.5,42.4,42.9,40.6,40.6,39.2,42.4,42.8,42.7,39.7,42.3,41.4,40.9,38.1,42.0,41.5,40.9,40.6,44.2,37.6,41.6,42.1,41.2,41.4,37.5,44.4,41.2,42.2,34.1,35.2,33.3,34.2,50.0,38.8,48.6,39.9,44.0,44.5,41.2,33.1,41.6,42.7,39.5,41.0,49.9,34.8,48.4,42.8,46.1,37.1,31.4,33.9,32.6,34.1,35.6,32.9,37.4,33.5,38.3,40.4,43.3,36.2,41.2,40.2,45.2,40.5,45.4,46.4,42.8,32.8,41.6,36.6,43.7,38.0,39.9,39.9,39.3,37.3,33.7,36.8,34.2,36.8,31.5
8560,39.5,34.9,36.2,45.7,40.0,42.2,42.5,40.2,39.9,38.6,41.6,42.5,42.1,39.3,41.8,40.8,40.4,36.8,41.0,40.5,40.4,40.0,43.6,37.1,41.2,41.8,40.8,40.7,36.9,43.6,40.7,41.5,33.5,34.6,32.8,33.6,48.6,36.3,48.2,38.8,43.8,42.0,40.9,32.2,39.5,40.6,38.8,39.1,48.1,34.2,47.9,41.9,45.7,34.5,30.7,32.5,31.8,33.3,35.3,31.7,36.4,33.2,36.9,39.1,43.2,34.9,40.4,39.7,44.6,39.7,44.7,46.5,41.3,32.1,39.9,35.9,42.9,37.2,39.4,39.9,38.9,37.1,32.8,35.9,33.9,36.2,30.9
8561,33.7,30.8,30.7,43.9,37.6,40.4,40.4,37.8,37.9,36.4,39.9,40.9,39.6,37.6,39.9,38.8,37.8,34.9,38.9,38.6,37.9,37.7,41.3,35.0,38.8,39.5,39.3,38.3,34.7,41.3,38.6,38.8,31.0,32.3,31.2,31.6,43.7,32.1,46.2,35.0,41.8,36.3,38.6,29.1,35.0,35.8,36.0,34.9,42.2,31.9,45.7,39.5,43.4,30.2,29.2,31.0,30.0,31.3,34.1,30.2,35.5,31.8,35.1,34.9,41.6,32.5,37.5,38.1,42.3,37.7,41.9,44.6,35.7,29.3,35.6,33.3,41.0,35.6,37.1,37.5,36.4,34.8,30.5,34.6,31.7,34.1,28.4
8562,29.9,28.7,27.9,39.6,34.4,38.0,37.7,34.7,36.6,34.8,38.4,38.9,37.8,35.9,37.3,37.5,34.9,34.0,37.5,37.6,35.3,35.9,38.2,32.5,34.3,35.6,37.7,35.9,32.6,38.9,36.5,37.1,28.3,29.7,29.4,29.2,39.9,29.6,41.1,32.1,39.4,33.7,33.9,26.3,32.7,32.0,33.6,31.9,38.1,28.0,41.2,37.4,37.6,28.0,28.0,30.0,28.6,30.1,32.3,29.6,35.1,29.9,34.0,31.9,40.2,30.9,35.2,36.7,40.0,36.5,36.8,38.7,31.8,26.6,33.2,29.6,39.6,34.7,35.1,32.5,32.8,31.5,28.6,33.8,29.2,32.5,26.5
8563,27.4,27.6,26.1,36.2,32.7,36.8,36.1,32.8,35.9,34.0,37.3,37.5,36.8,34.8,35.9,36.6,33.2,33.3,36.6,37.0,34.0,34.8,37.1,31.3,32.1,33.4,36.8,34.3,31.4,37.7,35.0,36.5,27.2,28.3,28.2,27.8,37.9,28.3,38.4,30.0,37.3,32.5,31.2,25.3,30.8,30.1,31.5,30.3,35.3,26.5,38.1,36.1,33.8,26.5,27.4,29.3,27.8,29.3,31.1,29.2,34.6,28.7,33.4,29.6,39.2,30.1,34.1,35.8,38.8,35.6,34.3,35.4,30.0,25.1,31.3,27.8,38.7,34.1,34.2,29.9,31.2,29.0,28.3,33.1,27.6,31.3,25.2
8564,25.7,26.7,25.2,33.9,31.7,35.5,34.8,31.7,35.2,33.3,36.7,36.5,36.0,34.1,34.8,36.0,32.3,32.9,35.9,36.4,33.2,34.1,36.5,30.6,31.0,32.3,36.0,33.3,30.7,36.7,33.8,35.8,26.1,27.4,27.4,26.8,36.1,27.2,36.7,28.4,36.3,31.5,29.6,24.8,29.2,29.3,29.6,29.1,33.4,25.1,36.2,35.1,32.2,25.1,26.9,28.8,27.2,28.7,30.3,29.1,34.4,28.0,32.9,28.3,38.4,29.6,33.4,35.1,37.9,35.1,33.0,33.4,28.2,23.8,30.2,26.6,38.0,33.7,33.5,28.3,29.8,27.3,28.2,32.5,26.6,30.3,24.5
8565,24.1,25.6,24.3,32.2,30.9,34.7,33.8,30.7,34.5,32.8,36.1,36.0,35.4,33.4,33.9,35.5,31.5,32.7,35.2,36.0,32.4,33.6,35.8,29.9,30.2,31.5,35.2,32.4,29.9,36.3,33.1,35.3,25.3,26.5,26.8,26.3,35.0,26.5,35.2,27.7,35.2,30.9,28.6,24.1,27.7,28.7,28.3,28.0,31.9,24.1,34.7,33.7,31.1,24.1,26.6,28.4,26.7,28.2,29.9,28.7,34.2,27.6,32.5,27.0,37.8,29.2,32.6,34.4,37.3,34.4,31.8,32.0,27.0,23.1,29.2,25.3,37.5,33.2,32.7,27.0,28.7,26.0,27.8,32.0,25.7,29.5,23.8
8566,23.4,24.9,23.8,31.2,30.3,34.1,33.1,30.1,34.0,32.2,35.6,35.3,34.9,32.7,33.3,35.0,30.7,32.4,34.7,35.5,31.7,32.9,35.1,29.2,29.5,30.8,34.7,31.7,29.2,35.7,32.2,34.7,24.6,25.7,26.2,25.7,34.1,25.7,34.5,26.9,34.3,30.1,27.7,23.4,26.8,28.1,27.1,27.2,30.5,23.5,33.4,32.8,30.0,23.5,26.3,28.0,26.4,27.8,29.5,28.4,33.9,27.0,32.3,26.2,37.2,28.6,31.9,33.8,36.6,33.8,30.7,30.8,25.5,22.6,28.6,24.6,37.2,32.7,32.2,26.3,28.1,24.8,27.4,31.5,25.1,28.7,23.3
8567,22.5,24.9,23.2,30.4,29.5,33.4,32.5,29.3,33.6,31.7,35.0,34.7,34.3,32.1,32.7,34.7,30.3,31.9,34.3,35.1,31.1,32.6,34.7,28.5,28.8,30.4,34.3,31.0,28.7,35.1,31.6,34.3,24.1,25.2,25.6,25.1,33.5,25.3,33.6,26.4,33.4,29.6,26.8,23.0,25.9,27.0,26.2,26.1,29.2,22.8,32.4,32.0,29.2,22.7,26.2,27.8,26.2,27.4,29.3,28.3,33.7,26.7,32.2,25.0,36.5,28.4,31.5,33.3,36.2,33.2,29.9,30.0,24.1,22.0,28.0,23.6,36.7,32.4,31.7,25.9,27.4,23.9,27.1,31.0,24.5,28.0,23.0
8568,21.6,24.4,22.8,29.4,28.9,32.8,32.0,28.7,33.0,31.2,34.6,34.1,33.7,31.6,32.2,34.3,29.7,31.7,33.8,34.7,30.5,32.3,34.1,28.0,28.1,29.7,33.6,30.7,28.0,34.8,30.9,33.8,23.6,24.6,25.0,24.7,32.9,24.9,32.5,25.7,32.5,29.0,26.1,22.5,24.9,26.2,25.4,25.4,28.3,22.2,31.6,30.9,28.3,22.3,25.8,27.5,25.7,27.1,29.1,27.9,33.5,26.1,31.6,24.0,36.3,27.8,30.7,32.8,35.6,33.0,28.9,28.8,23.1,21.6,27.2,23.1,36.4,32.0,31.0,25.4,26.7,23.0,27.1,30.6,24.2,27.7,22.6
8569,21.0,23.8,22.5,28.9,28.2,32.2,31.3,28.1,32.6,30.6,34.1,33.7,33.4,31.1,31.6,33.9,29.1,31.6,33.5,34.4,30.1,31.8,33.5,27.3,27.4,29.1,33.0,30.1,27.5,34.2,30.3,33.5,23.2,24.1,24.5,24.0,32.2,24.6,32.1,25.5,31.7,28.6,25.4,22.0,24.1,25.2,24.7,24.9,27.6,21.7,30.9,30.0,27.5,21.8,25.1,27.2,25.4,26.7,28.7,27.8,33.1,25.9,31.4,23.4,35.8,27.4,30.2,32.2,35.1,32.7,27.8,28.0,22.2,21.0,26.5,22.7,35.8,31.7,30.5,24.8,26.2,22.5,26.8,30.3,23.9,27.0,22.1
8570,20.5,23.8,22.2,28.3,27.6,31.6,30.6,27.6,32.3,30.0,33.8,33.3,33.0,30.6,31.1,33.5,28.7,31.3,32.9,34.0,29.4,31.4,33.1,26.8,26.8,28.4,32.5,29.6,27.1,33.8,29.9,33.2,22.8,23.5,23.9,23.5,31.4,24.3,31.4,25.0,31.0,28.4,24.9,21.6,23.4,25.0,24.0,24.5,26.9,21.3,30.1,29.3,26.8,21.2,25.1,27.0,25.1,26.6,28.4,27.5,33.0,25.6,31.3,22.8,35.4,27.2,29.9,31.8,34.7,32.2,26.9,27.1,21.3,20.4,25.9,22.1,35.5,31.4,30.0,24.4,25.5,22.0,26.6,30.0,23.4,26.6,21.7
8571,20.0,23.7,21.8,28.2,27.3,30.9,30.1,26.9,31.9,29.5,33.4,32.8,32.7,30.1,30.5,33.0,28.4,31.0,32.6,33.5,28.9,30.8,32.7,26.3,26.4,27.9,32.0,29.0,26.6,33.5,29.4,32.8,22.5,23.2,23.7,23.1,30.9,24.2,30.8,24.5,30.4,28.4,24.3,21.1,22.8,24.6,23.5,23.9,26.3,20.6,29.5,28.6,25.9,20.9,24.9,26.9,25.0,26.4,28.2,27.5,32.9,25.4,31.2,22.4,35.3,26.8,29.5,31.2,34.2,31.8,25.7,26.6,21.2,20.2,25.3,21.7,35.0,31.1,29.5,24.0,25.1,21.3,26.5,29.6,23.0,26.2,21.4
8572,19.5,23.6,21.6,27.7,26.7,30.4,29.7,26.4,31.5,29.1,33.0,32.5,32.3,29.5,29.8,32.6,27.8,30.9,32.0,33.3,28.3,30.5,32.2,26.0,26.2,27.5,31.5,28.4,26.3,33.3,28.8,32.4,22.1,22.8,23.3,22.9,30.2,24.1,30.2,23.8,29.6,28.4,23.8,20.6,22.4,24.0,23.0,23.4,25.9,20.1,28.9,28.0,25.2,20.8,24.6,26.6,24.6,26.2,28.1,27.3,32.6,25.0,31.2,21.7,35.3,26.7,29.1,30.7,33.7,31.4,25.0,26.3,20.5,19.7,24.9,21.1,34.8,30.7,29.0,23.8,24.7,20.7,26.2,29.3,22.8,25.9,21.2
8573,18.9,23.5,21.3,27.1,26.5,30.0,29.4,26.0,31.2,28.5,32.7,32.2,32.1,28.9,29.6,32.3,27.5,30.9,31.8,33.0,27.8,30.0,31.8,25.5,25.7,27.2,30.8,27.9,26.1,33.0,28.5,32.2,21.8,22.6,22.9,22.5,29.6,23.8,29.7,23.0,29.1,28.2,23.1,20.3,22.1,24.0,22.7,22.7,25.3,19.7,28.4,27.3,24.7,20.4,24.3,26.3,24.5,26.1,27.8,27.1,32.5,24.8,31.0,21.4,35.1,26.5,28.8,30.3,33.3,31.3,24.2,25.9,20.5,19.3,24.6,20.7,34.3,30.4,28.4,23.3,24.3,20.3,25.7,29.0,22.5,25.5,20.9
8574,18.3,23.1,21.1,26.6,26.2,29.5,28.9,25.9,30.9,28.3,32.5,32.0,31.8,28.6,29.0,31.8,27.1,30.9,31.6,33.0,27.5,29.7,31.3,25.2,25.3,27.0,30.4,27.6,25.8,32.7,28.0,32.0,21.6,22.4,23.0,22.3,29.2,23.6,29.2,22.6,28.6,27.8,22.7,19.7,21.6,23.5,22.4,22.4,25.0,19.4,28.0,27.1,24.0,20.3,24.0,26.1,24.4,26.0,27.4,27.0,32.4,24.5,31.0,21.0,34.9,26.2,28.7,29.8,33.1,30.8,23.7,25.1,20.2,19.3,24.3,20.4,34.1,30.2,28.1,23.0,24.0,19.8,25.6,28.8,22.0,25.0,20.7
8575,18.4,23.0,20.8,26.3,26.0,28.9,28.7,25.6,30.6,28.1,32.3,31.8,31.4,28.3,28.8,31.6,26.9,30.8,31.5,32.7,27.2,29.6,30.9,24.8,24.9,26.7,30.2,27.4,25.4,32.5,27.6,31.7,21.3,22.3,23.0,22.0,28.9,23.6,28.7,22.1,28.1,27.6,22.3,19.4,21.3,23.3,22.0,21.9,24.5,19.1,27.8,27.0,23.6,19.9,24.0,26.0,24.4,25.9,27.1,26.9,32.3,24.5,30.8,20.6,34.9,25.8,28.5,29.4,32.8,30.7,23.0,25.1,19.8,19.0,24.0,20.1,33.9,30.0,27.8,22.8,23.7,19.6,25.7,28.7,21.7,24.8,20.5
8576,20.5,24.1,22.8,25.9,25.9,28.9,28.5,25.5,30.7,27.8,32.6,31.7,32.0,28.1,28.8,31.5,26.9,30.7,31.9,33.5,27.2,29.5,30.9,24.6,24.6,26.5,30.0,27.3,25.2,32.8,27.5,32.1,21.0,22.1,22.8,22.1,30.9,24.1,28.3,23.4,28.5,30.2,21.8,19.4,22.8,24.9,22.6,24.1,27.6,18.9,27.8,27.3,24.1,21.1,23.8,26.1,24.1,26.0,27.3,27.0,32.3,24.3,30.9,21.6,34.7,25.6,28.6,29.1,33.5,31.3,23.5,24.9,21.8,18.9,25.4,20.1,34.4,30.3,27.7,22.6,23.3,19.3,25.6,29.1,21.5,24.5,20.4
8577,25.8,27.6,28.0,27.9,27.8,30.7,30.9,27.9,32.4,29.7,34.5,33.4,34.3,29.7,31.0,33.1,29.5,32.6,34.1,35.4,29.4,31.4,33.3,26.1,26.6,28.8,31.5,29.2,27.3,34.9,29.5,33.9,22.3,23.6,24.0,23.9,35.8,28.1,31.0,27.8,31.3,34.9,24.1,22.1,26.8,29.7,25.4,28.9,34.8,20.9,32.5,30.1,29.0,24.9,24.5,27.4,25.1,26.9,27.5,28.1,33.4,24.3,32.3,26.6,35.5,27.4,30.6,30.8,36.0,33.1,28.5,27.5,27.1,21.8,29.8,23.1,36.7,32.1,29.7,24.4,25.4,20.8,26.3,30.7,22.8,26.3,21.9
8578,30.4,31.0,32.7,32.7,30.9,33.5,33.8,31.1,34.6,32.0,36.7,35.5,36.6,32.2,33.8,35.3,32.5,34.5,36.3,37.4,32.4,33.9,36.0,28.8,30.3,32.2,33.7,32.3,29.7,37.2,32.4,36.1,25.3,26.5,25.9,26.4,40.2,32.0,35.2,31.5,34.2,38.8,28.3,25.0,30.9,34.6,28.6,32.6,40.7,24.2,37.2,33.3,33.5,28.9,25.9,29.3,27.2,28.8,29.1,29.5,34.5,26.2,34.4,31.2,36.9,30.1,33.1,32.9,38.4,35.0,33.0,33.2,32.0,24.9,33.8,26.6,38.8,33.8,32.3,28.4,28.8,24.2,28.3,32.4,25.3,28.8,24.5
8579,34.5,33.9,35.6,37.1,33.8,36.3,36.7,34.3,36.8,34.3,38.6,37.8,38.8,34.5,36.6,37.3,35.2,36.0,38.2,39.0,35.1,36.1,38.6,31.5,33.8,35.3,36.1,35.2,32.2,39.5,35.0,38.1,28.0,29.4,28.0,29.0,43.5,35.1,39.2,34.4,37.0,41.4,32.5,27.6,34.7,37.8,32.0,35.5,44.7,27.7,40.9,36.3,37.7,32.4,27.8,31.1,29.3,30.6,31.0,31.0,35.8,28.2,36.0,34.6,38.5,32.4,35.7,35.3,40.8,36.8,37.1,38.2,36.2,27.6,36.9,29.9,40.6,35.4,34.7,32.3,32.0,27.9,30.2,34.0,27.9,31.3,26.7
8580,37.8,35.8,37.5,40.7,36.2,38.7,38.9,36.7,38.5,36.3,40.1,39.9,40.5,36.5,38.9,38.9,37.5,37.1,40.1,40.3,37.2,37.8,40.8,33.8,36.5,37.9,38.1,37.4,34.1,41.6,37.3,39.8,30.3,31.8,30.0,30.9,46.1,37.3,42.6,36.6,39.5,42.9,35.6,29.8,37.7,40.1,35.0,37.9,47.4,30.2,43.6,38.7,40.8,35.0,29.3,32.5,30.8,32.2,32.9,32.1,36.7,30.0,37.2,37.1,39.9,34.3,37.8,37.1,42.6,38.4,40.7,41.4,39.2,29.3,39.0,32.8,42.0,36.6,36.8,35.4,34.8,31.2,31.6,35.3,30.2,33.3,28.6
8581,40.1,37.1,38.2,43.1,38.1,40.2,40.6,38.6,39.8,37.7,41.3,41.3,41.9,38.0,40.4,40.2,39.1,37.9,40.9,41.1,39.0,39.3,42.2,35.3,39.1,39.7,39.7,39.5,35.7,42.9,39.1,41.0,32.1,33.4,31.6,32.5,48.1,38.5,45.0,38.2,41.5,44.1,38.0,31.4,39.8,41.4,37.1,39.6,49.1,32.2,46.0,40.7,43.4,36.5,30.5,33.4,31.8,33.1,34.2,32.9,37.3,31.6,38.1,39.0,41.5,35.6,39.5,38.7,44.0,39.7,43.0,43.9,41.3,30.9,40.5,34.5,43.0,37.5,38.2,37.5,36.8,34.0,32.7,36.3,32.0,35.1,30.2
8582,40.6,37.4,38.7,44.5,39.4,41.5,41.7,39.6,40.6,38.5,42.1,42.3,42.7,38.9,41.5,41.1,40.2,38.3,41.8,41.5,40.1,40.3,43.3,36.5,40.4,41.1,40.6,40.7,36.8,43.8,40.3,41.8,33.3,34.5,32.6,33.5,49.1,38.7,46.9,39.3,43.0,44.3,39.7,32.3,41.0,42.0,38.5,40.4,49.6,33.5,47.5,41.9,45.0,36.9,31.0,33.8,32.4,33.5,35.1,33.1,37.7,32.7,38.5,40.1,42.8,36.3,40.8,39.6,45.0,40.5,44.6,45.3,42.1,32.0,41.3,35.8,43.6,38.0,39.2,38.9,38.2,36.0,33.3,36.8,33.1,36.1,31.0
8583,40.5,36.6,38.2,44.9,39.9,42.0,42.4,40.1,40.6,38.8,42.3,42.7,42.7,39.3,41.9,41.3,40.5,38.1,42.0,41.5,40.4,40.4,43.7,37.0,40.9,41.5,40.8,40.9,37.2,44.2,40.7,42.1,33.4,34.7,33.0,33.8,49.3,38.2,47.6,39.6,43.7,43.6,40.4,32.5,40.8,41.8,39.1,40.6,50.1,34.2,48.2,42.6,45.8,36.5,31.1,33.8,32.2,33.8,35.3,32.8,37.3,33.2,38.4,40.2,43.3,36.2,41.2,39.9,45.2,40.6,45.1,45.5,42.2,32.1,41.3,36.1,43.7,38.0,39.5,39.3,38.6,36.7,33.4,36.7,33.5,36.4,31.1
8584,38.8,34.3,35.5,44.7,39.4,41.8,42.0,39.7,39.9,38.2,41.5,42.4,42.1,38.8,41.4,40.6,40.0,36.8,41.0,40.6,39.9,39.8,43.2,36.6,40.4,41.1,40.4,40.2,36.6,43.4,40.2,41.4,32.8,34.1,32.4,33.2,47.9,35.8,47.2,38.5,43.4,41.2,40.1,31.6,38.7,39.9,38.5,38.9,48.3,33.7,47.8,41.9,45.4,34.0,30.3,32.6,31.4,33.0,35.0,31.8,36.4,32.9,37.0,39.1,43.2,34.9,40.5,39.3,44.6,39.8,44.4,45.5,40.7,31.4,39.8,35.5,42.9,37.2,39.0,39.3,38.3,36.5,32.5,35.9,33.3,35.8,30.4
8585,33.6,30.4,30.6,43.0,37.2,39.9,40.0,37.2,37.9,36.1,39.9,40.9,39.6,37.2,39.5,38.7,37.4,35.0,38.9,38.6,37.4,37.6,41.0,34.5,38.0,38.9,38.9,37.9,34.4,41.1,38.2,38.8,30.4,31.8,30.8,31.2,43.5,31.7,45.3,35.0,41.5,35.7,37.9,28.5,34.9,35.7,36.0,34.6,42.3,31.4,45.7,39.5,43.2,30.2,29.0,30.8,29.9,30.9,33.8,29.9,35.5,31.7,35.1,34.7,41.5,32.5,37.5,37.7,42.3,37.8,41.8,43.6,35.1,29.1,35.4,33.2,41.0,35.6,36.8,36.9,35.9,34.3,30.6,34.6,31.1,33.7,27.9
8586,29.1,28.2,27.4,39.3,34.5,37.8,37.2,34.7,36.5,34.5,38.6,39.1,38.0,35.9,37.3,37.7,35.0,34.1,37.7,37.7,35.3,36.1,38.3,32.0,33.6,35.6,37.8,36.0,32.7,38.7,36.1,37.3,27.8,29.2,29.0,29.1,39.3,29.0,40.2,31.8,39.1,33.0,33.8,25.7,32.1,31.2,33.2,31.8,38.0,27.5,41.0,37.3,37.2,27.5,27.5,29.8,28.2,29.6,32.0,29.4,35.1,29.6,34.0,31.6,40.2,30.9,35.1,36.7,40.1,36.6,36.4,38.4,31.3,26.0,32.9,29.0,39.7,34.9,35.2,32.6,32.7,31.4,28.2,33.7,29.2,32.6,26.6
8587,26.7,27.1,25.5,35.5,32.5,36.3,35.6,32.5,35.6,33.6,37.3,37.4,36.9,34.4,35.6,36.4,32.9,33.5,36.6,36.9,33.7,34.8,36.8,30.8,31.5,33.0,36.4,34.0,31.1,37.6,34.6,36.4,26.7,27.8,27.7,27.3,37.3,27.7,37.6,29.6,36.9,31.7,30.5,24.7,30.2,29.5,31.1,30.1,35.3,25.9,37.8,36.0,33.4,26.0,27.0,29.0,27.4,29.0,30.8,29.0,34.5,28.4,33.4,29.4,39.1,30.0,34.0,35.4,38.8,35.7,33.9,34.8,29.5,24.4,31.1,27.3,38.7,34.0,33.9,29.5,30.6,28.6,27.9,33.3,27.1,30.9,24.7
8588,25.0,26.2,24.5,33.3,31.3,35.0,34.4,31.3,34.9,32.8,36.7,36.5,36.1,33.7,34.5,35.8,31.9,33.0,35.9,36.3,32.8,34.0,36.1,30.1,30.3,31.9,35.5,32.9,30.4,36.5,33.5,35.7,25.6,26.9,26.9,26.3,35.6,26.5,35.9,28.0,35.9,30.7,28.9,24.3,28.7,28.6,29.2,28.9,33.5,24.5,35.8,34.9,31.8,24.7,26.5,28.5,26.8,28.4,29.9,28.8,34.3,27.6,32.9,28.0,38.3,29.4,33.4,34.6,37.9,35.3,32.6,32.7,27.8,23.2,29.9,26.1,38.0,33.5,33.1,28.0,29.3,26.9,27.8,32.4,26.2,29.8,24.0
8589,23.4,25.1,23.8,31.6,30.6,34.3,33.5,30.4,34.2,32.4,36.1,35.9,35.5,33.0,33.5,35.3,31.2,32.8,35.2,35.9,32.1,33.4,35.5,29.4,29.6,31.2,34.8,32.0,29.6,36.1,32.7,35.1,24.8,26.2,26.3,25.8,34.5,26.0,34.5,27.2,34.9,30.1,27.9,23.5,27.2,28.0,28.0,27.8,32.1,23.5,34.3,33.6,30.6,23.6,26.2,28.2,26.3,27.9,29.5,28.3,34.1,27.2,32.4,26.7,37.7,29.1,32.6,34.0,37.2,34.5,31.4,31.4,26.5,22.5,29.0,24.7,37.6,33.0,32.3,26.6,28.3,25.6,27.6,31.9,25.2,29.0,23.4
8590,22.6,24.6,23.2,30.7,29.9,33.7,32.8,29.8,33.7,31.8,35.6,35.2,35.0,32.3,33.0,34.7,30.4,32.4,34.7,35.4,31.3,32.7,34.7,28.8,28.9,30.5,34.3,31.3,28.8,35.5,31.9,34.6,24.1,25.3,25.7,25.3,33.6,25.3,33.7,26.5,33.9,29.4,27.1,22.9,26.3,27.5,26.7,27.0,30.5,23.0,32.9,32.6,29.5,23.0,25.9,27.7,26.0,27.4,29.1,28.1,33.8,26.6,32.2,26.0,37.1,28.6,31.9,33.4,36.5,33.8,30.3,30.1,25.0,22.0,28.4,24.0,37.3,32.5,31.8,25.9,27.7,24.4,27.0,31.4,24.6,28.3,22.9
8591,21.9,24.5,22.6,29.8,29.2,33.0,32.1,29.0,33.2,31.3,34.9,34.6,34.3,31.7,32.4,34.3,29.9,31.9,34.2,35.1,30.7,32.3,34.3,28.0,28.3,30.0,33.8,30.6,28.3,34.9,31.3,34.1,23.6,24.8,25.1,24.7,33.0,25.0,32.9,26.0,33.0,28.9,26.3,22.5,25.4,26.4,25.8,25.9,29.2,22.2,32.0,31.7,28.6,22.3,25.8,27.6,25.9,27.0,28.9,28.0,33.7,26.2,32.1,24.8,36.5,28.3,31.4,32.8,36.0,33.2,29.4,29.4,23.8,21.5,27.7,23.0,36.7,32.1,31.3,25.5,27.1,23.4,26.7,30.9,24.1,27.6,22.5
8592,21.2,24.2,22.3,29.0,28.6,32.4,31.7,28.4,32.7,30.8,34.6,33.9,33.7,31.2,31.9,33.9,29.3,31.7,33.7,34.6,30.2,31.9,33.8,27.6,27.7,29.5,33.2,30.3,27.6,34.6,30.5,33.7,23.2,24.4,24.5,24.3,32.3,24.7,32.0,25.4,32.2,28.4,25.6,22.2,24.5,25.9,25.0,25.2,28.3,21.7,31.2,30.6,27.9,21.9,25.4,27.3,25.4,26.8,28.8,27.6,33.5,25.7,31.6,23.9,36.1,27.7,30.8,32.4,35.5,33.0,28.5,28.3,23.0,21.2,26.9,22.6,36.4,31.6,30.6,25.1,26.4,22.6,26.8,30.6,23.8,27.2,22.2
8593,20.5,23.7,22.1,28.6,27.9,31.8,31.0,27.7,32.3,30.2,34.1,33.5,33.3,30.7,31.2,33.5,28.8,31.7,33.4,34.3,29.8,31.5,33.2,26.8,26.9,28.9,32.6,29.7,27.1,33.9,29.9,33.3,22.8,23.9,24.0,23.6,31.6,24.4,31.6,25.2,31.3,28.2,24.9,21.6,23.7,25.0,24.3,24.6,27.6,21.1,30.5,29.7,27.1,21.5,24.8,27.0,25.1,26.4,28.4,27.6,33.2,25.5,31.3,23.2,35.8,27.3,30.3,31.8,35.0,32.6,27.3,27.6,22.0,20.8,26.2,22.2,35.7,31.3,30.1,24.4,25.8,22.1,26.5,30.3,23.5,26.6,21.7
8594,20.0,23.6,21.7,28.0,27.4,31.1,30.3,27.2,31.9,29.6,33.6,33.1,32.9,30.1,30.7,33.2,28.4,31.4,32.8,33.9,29.1,31.0,32.8,26.3,26.3,28.1,32.2,29.2,26.7,33.6,29.5,33.0,22.4,23.3,23.5,23.1,30.8,24.1,30.9,24.6,30.6,28.1,24.3,21.2,22.9,24.6,23.6,24.2,26.9,20.8,29.7,29.0,26.3,20.9,24.7,26.9,24.9,26.3,28.0,27.3,33.1,25.2,31.2,22.6,35.4,27.1,29.9,31.4,34.5,32.1,26.3,26.8,21.2,20.0,25.5,21.5,35.4,31.0,29.6,24.0,25.2,21.6,26.4,30.0,23.0,26.2,21.2
8595,19.6,23.5,21.3,27.9,27.1,30.6,29.9,26.6,31.5,29.0,33.3,32.6,32.5,29.6,30.2,32.6,28.0,31.1,32.4,33.4,28.5,30.5,32.5,25.9,25.9,27.6,31.6,28.6,26.2,33.2,29.0,32.5,22.1,22.9,23.2,22.8,30.3,24.0,30.3,24.0,30.0,28.0,23.8,20.8,22.4,24.2,23.1,23.5,26.2,20.0,29.2,28.2,25.4,20.6,24.5,26.7,24.8,26.1,27.8,27.4,32.9,25.0,31.1,22.2,35.2,26.7,29.6,30.8,34.0,31.7,25.2,26.3,21.1,19.8,25.0,21.1,34.8,30.6,29.1,23.6,24.8,21.0,26.4,29.7,22.7,25.7,21.0
8596,19.0,23.5,21.2,27.4,26.5,30.0,29.5,26.1,31.1,28.6,32.8,32.2,32.1,29.1,29.6,32.3,27.5,31.0,31.8,33.1,28.0,30.2,31.9,25.5,25.7,27.2,31.1,28.0,25.8,32.9,28.5,32.1,21.7,22.5,22.9,22.5,29.6,23.9,29.8,23.4,29.2,28.0,23.2,20.2,22.0,23.6,22.6,23.1,25.7,19.5,28.6,27.7,24.8,20.5,24.3,26.5,24.4,25.9,27.7,27.2,32.6,24.7,31.1,21.5,35.3,26.5,29.1,30.3,33.4,31.2,24.5,26.0,20.6,19.3,24.6,20.6,34.6,30.3,28.6,23.4,24.4,20.3,26.0,29.4,22.5,25.4,20.8
8597,18.5,23.3,20.9,26.8,26.2,29.7,29.2,25.7,30.8,28.0,32.4,32.0,31.8,28.6,29.3,31.9,27.2,30.9,31.6,32.8,27.4,29.7,31.5,25.1,25.2,26.9,30.4,27.5,25.6,32.6,28.2,31.9,21.5,22.4,22.6,22.2,29.0,23.6,29.3,22.6,28.7,27.7,22.6,20.0,21.7,23.7,22.2,22.4,25.2,19.2,28.0,27.1,24.2,20.3,24.0,26.3,24.2,25.8,27.4,27.0,32.5,24.5,30.9,21.2,35.1,26.3,28.9,29.9,33.1,31.1,23.6,25.6,20.4,18.8,24.4,20.0,34.2,30.0,28.0,22.9,24.0,20.0,25.5,29.0,22.1,25.0,20.5
8598,17.9,23.0,20.7,26.3,26.0,29.1,28.7,25.5,30.5,27.8,32.2,31.7,31.6,28.2,28.8,31.4,26.8,30.9,31.3,32.7,27.2,29.3,31.0,24.7,24.8,26.7,29.9,27.3,25.3,32.3,27.6,31.7,21.2,22.2,22.6,22.0,28.5,23.4,28.9,22.2,28.1,27.3,22.1,19.4,21.3,23.2,22.0,22.1,24.8,18.9,27.6,26.8,23.5,20.1,23.7,26.1,24.3,25.8,27.1,26.9,32.4,24.2,31.0,20.7,35.0,26.2,28.7,29.3,32.8,30.7,23.2,24.8,20.1,18.9,24.0,19.8,33.9,29.7,27.7,22.6,23.7,19.5,25.3,28.9,21.6,24.5,20.4
8599,17.8,22.8,20.5,25.9,25.7,28.6,28.4,25.2,30.2,27.6,32.0,31.5,31.2,27.9,28.5,31.1,26.5,30.9,31.2,32.5,26.8,29.1,30.7,24.4,24.4,26.5,29.7,27.0,24.9,32.2,27.2,31.4,21.0,22.1,22.5,21.8,28.2,23.3,28.4,21.8,27.7,27.1,21.7,19.1,20.9,23.1,21.6,21.5,24.4,18.5,27.4,26.7,23.1,19.7,23.6,25.9,24.1,25.6,26.8,26.8,32.3,24.2,30.8,20.2,34.9,25.8,28.5,29.0,32.5,30.5,22.5,24.7,19.8,18.6,23.6,19.4,33.7,29.6,27.4,22.4,23.3,19.2,25.4,28.8,21.3,24.3,20.2
8600,20.1,23.7,22.3,25.6,25.6,28.5,28.3,25.2,30.2,27.3,32.4,31.3,31.7,27.7,28.4,31.1,26.5,30.8,31.6,33.2,26.8,29.1,30.6,24.2,24.2,26.2,29.5,26.9,24.8,32.5,27.1,31.9,20.7,21.8,22.4,21.9,30.4,23.7,28.1,23.0,28.1,29.8,21.2,19.1,22.5,24.7,22.2,23.8,27.5,18.4,27.3,27.0,23.6,20.8,23.5,26.0,23.9,25.6,27.0,26.9,32.3,24.0,30.9,21.2,34.7,25.5,28.6,28.6,33.2,31.1,23.0,24.5,21.7,18.5,25.0,19.4,34.2,30.0,27.2,22.2,23.0,19.1,25.4,29.2,21.1,24.1,20.0
8601,25.5,27.2,27.5,27.5,27.6,30.3,30.6,27.7,32.0,29.2,34.3,33.1,34.0,29.2,30.6,32.7,29.1,32.5,33.9,35.2,29.0,31.0,33.0,25.7,26.1,28.5,31.1,28.8,26.8,34.5,29.1,33.6,22.0,23.4,23.5,23.6,35.3,27.7,30.8,27.4,30.9,34.6,23.5,21.7,26.6,29.4,25.1,28.6,34.8,20.5,32.0,29.9,28.5,24.5,24.1,27.3,24.9,26.5,27.2,28.0,33.3,24.0,32.2,26.3,35.5,27.3,30.6,30.3,35.7,33.0,28.0,27.1,27.0,21.3,29.5,22.6,36.4,31.8,29.2,24.0,25.1,20.5,26.1,30.9,22.3,25.8,21.6
8602,30.1,30.7,32.2,32.3,30.6,33.1,33.4,30.8,34.2,31.6,36.4,35.2,36.4,31.8,33.4,34.9,32.1,34.5,36.1,37.2,32.0,33.5,35.7,28.4,29.9,31.8,33.3,31.8,29.3,36.9,32.0,35.8,24.8,26.2,25.5,26.0,39.7,31.7,34.9,31.1,33.8,38.5,27.7,24.7,30.6,34.4,28.2,32.4,40.7,23.9,36.9,33.2,33.1,28.5,25.6,29.1,27.0,28.6,28.8,29.4,34.4,25.8,34.3,31.0,36.9,30.1,33.1,32.4,38.0,34.9,32.6,32.8,31.9,24.5,33.6,26.3,38.5,33.5,31.8,27.9,28.4,23.9,28.1,32.6,24.8,28.4,24.0
8603,34.2,33.7,35.2,36.8,33.5,35.8,36.3,34.0,36.5,33.8,38.3,37.6,38.5,34.1,36.2,37.0,34.9,35.9,38.0,38.9,34.6,35.6,38.3,31.1,33.4,35.0,35.6,34.7,31.9,39.2,34.7,37.9,27.5,29.0,27.6,28.5,42.9,34.8,38.9,34.1,36.6,41.1,31.9,27.3,34.4,37.6,31.6,35.3,44.7,27.3,40.6,36.3,37.3,32.0,27.5,31.0,29.0,30.4,30.7,31.0,35.7,27.9,35.9,34.5,38.5,32.4,35.7,34.9,40.4,36.7,36.7,37.8,36.1,27.3,36.7,29.6,40.3,35.1,34.3,31.7,31.6,27.5,30.0,34.3,27.5,30.9,26.3
8604,37.5,35.6,37.1,40.4,35.9,38.2,38.5,36.4,38.3,35.9,39.8,39.7,40.3,36.1,38.5,38.6,37.2,36.9,39.8,40.1,36.8,37.4,40.5,33.4,36.1,37.5,37.7,37.1,33.8,41.3,36.9,39.5,29.8,31.3,29.6,30.5,45.6,36.9,42.2,36.3,39.1,42.6,35.1,29.4,37.4,39.9,34.6,37.8,47.5,29.9,43.4,38.8,40.5,34.5,29.0,32.4,30.6,32.0,32.5,32.1,36.7,29.7,37.1,37.1,40.0,34.3,37.8,36.7,42.3,38.3,40.3,41.1,39.1,28.9,38.9,32.6,41.8,36.3,36.4,34.8,34.4,30.8,31.3,35.6,29.7,32.9,28.2
8605,39.7,36.8,37.9,42.9,37.7,39.7,40.2,38.2,39.6,37.2,41.0,41.1,41.7,37.6,40.1,39.9,38.7,37.7,40.7,41.0,38.6,38.9,42.0,34.9,38.8,39.4,39.2,39.2,35.4,42.6,38.7,40.8,31.6,32.9,31.2,32.1,47.5,38.2,44.7,37.9,41.1,43.7,37.5,31.1,39.6,41.2,36.8,39.6,49.2,32.0,45.8,40.8,43.1,36.0,30.2,33.3,31.6,32.9,33.9,32.8,37.2,31.3,38.1,39.0,41.6,35.5,39.5,38.3,43.7,39.6,42.6,43.5,41.2,30.5,40.4,34.4,42.9,37.3,37.8,36.8,36.4,33.5,32.4,36.5,31.4,34.6,29.7
8606,40.2,37.2,38.3,44.2,39.0,41.2,41.4,39.2,40.4,38.1,41.9,42.2,42.5,38.6,41.2,40.8,39.9,38.1,41.5,41.4,39.7,39.9,43.1,36.1,40.0,40.7,40.2,40.3,36.4,43.6,39.9,41.6,32.8,34.1,32.1,33.1,48.6,38.4,46.5,39.0,42.6,44.0,39.2,31.9,40.7,41.7,38.2,40.4,49.6,33.3,47.3,42.1,44.7,36.4,30.8,33.7,32.2,33.3,34.7,33.1,37.6,32.4,38.5,40.0,43.0,36.2,40.8,39.2,44.7,40.3,44.2,44.9,41.9,31.6,41.3,35.7,43.5,37.8,38.9,38.4,37.7,35.5,33.0,37.0,32.6,35.6,30.6
8607,40.2,36.3,37.8,44.6,39.5,41.5,42.1,39.7,40.5,38.4,42.1,42.6,42.6,38.9,41.7,41.0,40.1,38.0,41.8,41.4,40.0,39.9,43.5,36.6,40.5,41.1,40.4,40.6,36.8,43.9,40.3,41.9,32.9,34.3,32.5,33.4,48.8,37.8,47.2,39.3,43.3,43.2,39.9,32.2,40.5,41.6,38.8,40.7,50.3,33.9,48.1,42.8,45.6,36.0,30.8,33.7,32.1,33.6,35.1,32.8,37.2,32.9,38.4,40.2,43.5,36.1,41.3,39.5,44.9,40.5,44.7,45.0,42.1,31.6,41.4,36.0,43.5,37.8,39.2,38.7,38.2,36.2,33.0,36.9,33.1,36.0,30.7
8608,38.5,34.1,35.1,44.4,39.1,41.3,41.7,39.3,39.8,37.8,41.3,42.3,41.9,38.5,41.1,40.4,39.6,36.8,40.9,40.5,39.5,39.4,42.9,36.2,40.0,40.7,40.0,39.9,36.1,43.2,39.8,41.2,32.3,33.7,32.0,32.8,47.4,35.4,46.8,38.2,43.1,40.8,39.6,31.3,38.5,39.7,38.2,39.0,48.5,33.4,47.7,42.0,45.2,33.5,30.2,32.6,31.3,32.8,34.7,31.8,36.3,32.7,37.0,39.1,43.4,34.8,40.6,39.0,44.3,39.6,44.1,45.1,40.7,31.0,39.8,35.4,42.7,37.0,38.6,38.7,37.9,36.1,32.3,36.1,32.8,35.4,30.0
8609,33.2,30.2,30.2,42.8,36.9,39.5,39.7,36.9,37.7,35.7,39.7,40.7,39.5,36.9,39.2,38.5,37.1,35.0,38.7,38.5,37.1,37.3,40.8,34.2,37.7,38.5,38.5,37.6,34.0,40.9,37.9,38.7,30.0,31.5,30.4,30.8,43.2,31.3,44.9,34.6,41.2,35.3,37.4,28.1,34.6,35.5,35.7,34.7,42.5,31.1,45.6,39.6,42.9,29.7,28.8,30.7,29.8,30.8,33.6,29.9,35.4,31.5,35.2,34.7,41.7,32.5,37.6,37.4,42.0,37.6,41.5,43.2,34.9,28.6,35.3,33.1,40.8,35.4,36.5,36.4,35.5,33.8,30.4,34.7,30.6,33.4,27.6
8610,28.7,27.9,26.9,39.0,34.2,37.4,37.0,34.4,36.3,34.1,38.4,38.9,37.9,35.6,36.9,37.4,34.7,34.2,37.6,37.5,35.0,35.8,38.2,31.7,33.2,35.3,37.5,35.5,32.3,38.5,35.8,37.1,27.4,28.9,28.6,28.9,39.0,28.7,39.9,31.4,38.7,32.6,33.3,25.2,31.7,31.1,32.9,31.7,38.1,27.1,40.8,37.3,36.9,27.1,27.4,29.7,28.1,29.4,31.8,29.3,35.1,29.4,34.0,31.5,40.2,30.9,35.1,36.3,39.9,36.5,35.9,38.0,31.2,25.5,32.7,28.8,39.6,34.7,34.9,32.0,32.3,30.9,28.0,33.8,28.8,32.1,26.2
8611,26.1,26.9,24.9,35.2,32.2,36.0,35.4,32.2,35.4,33.3,37.2,37.3,36.8,34.1,35.2,36.1,32.7,33.6,36.6,36.8,33.4,34.4,36.5,30.4,31.1,32.7,36.0,33.7,30.8,37.4,34.3,36.2,26.2,27.5,27.3,26.9,36.9,27.3,37.2,29.2,36.6,31.4,30.1,24.2,29.9,29.2,30.7,30.1,35.3,25.4,37.6,36.1,33.0,25.7,26.8,29.0,27.3,28.7,30.6,28.8,34.6,28.2,33.4,29.2,39.2,30.0,34.0,35.0,38.6,35.6,33.4,34.5,29.4,24.0,30.9,27.1,38.6,33.8,33.5,29.0,30.3,28.2,27.7,33.4,26.7,30.4,24.3
8612,24.4,26.0,24.0,33.0,31.0,34.7,34.2,31.0,34.7,32.5,36.6,36.3,36.1,33.4,34.1,35.5,31.7,33.1,35.9,36.2,32.5,33.6,35.7,29.7,30.0,31.7,35.2,32.6,30.0,36.3,33.2,35.4,25.1,26.6,26.5,26.0,35.2,26.1,35.6,27.6,35.5,30.3,28.5,23.7,28.3,28.2,28.8,28.8,33.5,24.0,35.6,34.9,31.4,24.3,26.3,28.4,26.6,28.3,29.8,28.7,34.3,27.4,32.9,27.8,38.3,29.4,33.4,34.2,37.7,35.1,32.1,32.4,27.6,22.8,29.7,25.8,38.0,33.4,32.8,27.6,28.9,26.5,27.5,32.5,25.7,29.4,23.7
8613,22.9,25.1,23.2,31.3,30.3,33.9,33.2,30.1,34.0,32.0,36.0,35.7,35.5,32.7,33.2,35.0,31.0,32.8,35.1,35.9,31.7,32.9,35.0,28.9,29.2,30.8,34.4,31.7,29.3,35.8,32.4,34.8,24.4,25.8,25.9,25.4,34.1,25.5,34.1,26.8,34.5,29.7,27.5,23.0,26.9,27.6,27.5,27.7,32.1,22.9,34.1,33.6,30.2,23.2,26.0,28.1,26.1,27.7,29.3,28.3,34.0,27.0,32.4,26.5,37.6,29.1,32.6,33.6,37.0,34.5,30.9,31.1,26.2,22.0,28.9,24.4,37.5,32.9,31.9,26.2,27.8,25.1,27.3,31.9,24.8,28.5,23.0
8614,22.1,24.4,22.6,30.4,29.6,33.3,32.5,29.4,33.4,31.4,35.4,34.9,34.8,31.9,32.6,34.3,30.1,32.4,34.6,35.4,30.9,32.3,34.2,28.3,28.6,30.2,33.8,31.0,28.4,35.3,31.6,34.3,23.7,25.0,25.3,24.8,33.2,24.9,33.2,26.1,33.5,28.9,26.8,22.4,25.9,26.9,26.2,26.9,30.5,22.3,32.8,32.6,29.1,22.6,25.7,27.6,25.8,27.2,28.9,28.1,33.9,26.4,32.2,25.8,37.0,28.6,31.8,32.9,36.3,33.7,29.8,29.8,24.8,21.5,28.2,23.6,37.2,32.2,31.4,25.5,27.3,23.8,26.7,31.5,24.2,27.8,22.5
8615,21.5,24.3,22.0,29.4,28.8,32.6,31.8,28.5,33.0,30.8,34.8,34.3,34.2,31.4,32.0,33.8,29.6,31.9,34.1,35.1,30.3,31.9,33.8,27.4,27.9,29.7,33.4,30.2,27.9,34.6,30.9,33.8,23.1,24.4,24.7,24.2,32.6,24.6,32.5,25.5,32.6,28.4,25.9,21.9,25.0,25.9,25.3,25.8,29.2,21.6,31.8,31.8,28.3,21.8,25.6,27.5,25.7,26.8,28.8,28.0,33.7,26.1,32.0,24.6,36.3,28.3,31.3,32.4,35.8,33.1,29.0,29.1,23.5,21.0,27.5,22.6,36.6,31.8,30.8,25.0,26.7,22.9,26.5,30.9,23.6,27.1,22.1
8616,20.7,23.9,21.8,28.7,28.2,32.0,31.4,28.0,32.4,30.4,34.4,33.7,33.6,30.8,31.6,33.5,29.0,31.6,33.6,34.5,29.8,31.5,33.3,27.0,27.3,29.1,32.7,29.9,27.2,34.2,30.1,33.3,22.8,23.9,24.0,23.9,31.8,24.3,31.6,24.9,31.8,27.9,25.2,21.6,24.1,25.4,24.5,25.1,28.3,21.0,31.0,30.7,27.6,21.4,25.2,27.1,25.2,26.5,28.6,27.5,33.5,25.5,31.5,23.6,35.9,27.7,30.8,31.9,35.3,32.9,28.1,27.9,22.6,20.6,26.8,22.1,36.3,31.3,30.2,24.5,26.1,22.1,26.6,30.6,23.4,26.8,21.7
8617,20.0,23.4,21.5,28.2,27.5,31.4,30.7,27.4,32.0,29.7,33.9,33.3,33.3,30.3,30.9,33.2,28.5,31.6,33.2,34.3,29.3,31.1,32.7,26.3,26.6,28.6,32.2,29.3,26.7,33.5,29.5,33.0,22.4,23.4,23.5,23.2,31.1,24.1,31.2,24.8,30.9,27.6,24.4,21.1,23.2,24.4,23.8,24.5,27.6,20.4,30.3,29.7,26.7,21.0,24.6,26.9,25.0,26.1,28.1,27.5,33.2,25.3,31.2,23.0,35.6,27.3,30.1,31.4,34.8,32.4,26.9,27.1,21.6,20.3,26.1,21.8,35.6,31.1,29.7,23.9,25.4,21.5,26.2,30.3,23.0,26.2,21.2
8618,19.5,23.3,21.2,27.5,27.1,30.7,30.0,26.8,31.7,29.1,33.5,32.9,32.8,29.7,30.4,32.8,28.1,31.2,32.6,33.8,28.6,30.6,32.3,25.9,25.9,27.8,31.7,28.8,26.3,33.1,29.1,32.6,21.9,22.8,23.0,22.7,30.4,23.8,30.4,24.2,30.3,27.5,23.8,20.7,22.4,24.2,23.1,24.0,26.8,20.1,29.4,29.0,26.0,20.4,24.5,26.7,24.7,26.0,27.8,27.2,33.1,25.0,31.0,22.4,35.2,27.1,29.8,31.0,34.2,32.0,25.9,26.2,20.7,19.5,25.4,21.1,35.3,30.8,29.2,23.5,24.8,21.0,26.2,30.0,22.6,25.7,20.8
8619,19.1,23.2,20.7,27.3,26.7,30.2,29.6,26.2,31.2,28.5,33.1,32.4,32.5,29.2,29.8,32.2,27.6,30.9,32.2,33.3,28.1,30.1,31.9,25.5,25.5,27.4,31.1,28.2,25.7,32.8,28.5,32.2,21.5,22.4,22.7,22.3,29.8,23.8,29.8,23.7,29.6,27.4,23.2,20.2,21.8,23.7,22.6,23.4,26.2,19.2,28.9,28.3,25.2,20.1,24.3,26.5,24.6,25.8,27.6,27.2,32.9,24.8,31.0,22.1,35.1,26.7,29.4,30.3,33.7,31.6,24.8,25.7,20.7,19.3,24.8,20.6,34.7,30.4,28.6,23.0,24.3,20.4,26.2,29.6,22.2,25.2,20.5
8620,18.6,23.3,20.6,27.0,26.3,29.7,29.2,25.7,30.8,28.1,32.7,32.0,32.0,28.7,29.2,31.8,27.0,30.9,31.7,33.1,27.5,29.7,31.3,25.0,25.3,26.9,30.6,27.6,25.4,32.5,28.1,31.7,21.2,22.1,22.3,22.1,29.1,23.5,29.3,23.0,28.9,27.5,22.6,19.7,21.5,23.2,22.1,22.9,25.7,18.8,28.3,27.8,24.3,20.0,24.1,26.3,24.2,25.7,27.5,27.1,32.6,24.5,30.9,21.4,35.1,26.5,29.0,29.8,33.1,31.1,24.0,25.6,20.2,18.7,24.5,20.1,34.5,30.1,28.1,22.8,24.0,19.8,25.8,29.3,21.9,24.9,20.3
8621,18.0,23.0,20.4,26.2,25.9,29.3,28.9,25.3,30.5,27.5,32.3,31.7,31.7,28.1,28.9,31.4,26.7,30.7,31.5,32.7,27.0,29.3,30.9,24.6,24.7,26.6,29.9,27.1,25.1,32.2,27.7,31.5,20.9,21.9,22.1,21.7,28.6,23.2,28.8,22.2,28.2,27.1,22.0,19.3,21.2,23.4,21.7,22.2,25.2,18.5,27.8,27.1,23.7,19.7,23.8,26.0,24.1,25.4,27.2,26.8,32.5,24.4,30.8,20.9,34.9,26.2,28.9,29.4,32.8,31.1,23.2,25.2,20.1,18.3,24.1,19.6,34.1,29.8,27.5,22.4,23.6,19.5,25.3,28.9,21.5,24.5,20.0
8622,17.4,22.8,20.2,25.8,25.7,28.7,28.4,25.1,30.2,27.2,32.1,31.4,31.5,27.7,28.4,31.0,26.3,30.7,31.2,32.5,26.8,28.8,30.4,24.3,24.3,26.3,29.4,26.8,24.8,31.8,27.1,31.2,20.6,21.7,22.1,21.6,28.0,23.0,28.4,21.8,27.7,26.7,21.5,18.9,20.7,22.9,21.4,21.9,24.9,18.2,27.3,26.8,23.1,19.6,23.6,25.8,24.1,25.4,26.9,26.7,32.4,24.0,30.8,20.6,34.7,26.0,28.7,28.8,32.5,30.6,22.8,24.3,19.6,18.4,23.7,19.4,33.8,29.5,27.2,22.1,23.2,19.1,25.1,28.8,21.1,23.9,19.9
8623,17.3,22.6,20.1,25.4,25.4,28.2,28.1,24.8,29.9,27.1,31.8,31.2,31.1,27.4,28.1,30.6,26.0,30.7,31.1,32.3,26.5,28.6,30.0,24.0,23.9,26.1,29.2,26.6,24.4,31.7,26.7,31.0,20.4,21.6,22.0,21.4,27.7,23.0,27.8,21.3,27.3,26.7,21.1,18.6,20.4,22.8,21.0,21.5,24.6,17.9,27.1,26.7,22.7,19.2,23.4,25.7,24.0,25.4,26.7,26.5,32.3,24.0,30.6,20.1,34.5,25.6,28.5,28.5,32.2,30.5,22.1,24.2,19.4,18.1,23.4,19.0,33.6,29.4,26.9,21.9,22.9,18.8,25.1,28.7,20.8,23.7,19.8
8624,19.6,23.5,21.9,25.1,25.2,28.1,28.0,24.8,29.9,26.8,32.1,31.1,31.5,27.2,28.0,30.6,26.0,30.5,31.6,33.0,26.4,28.5,30.0,23.7,23.6,25.8,28.9,26.4,24.5,32.0,26.6,31.3,20.2,21.2,21.9,21.4,29.8,23.5,27.5,22.6,27.7,29.5,20.7,18.6,22.1,24.4,21.6,23.6,27.6,17.5,27.1,27.0,23.1,20.3,23.3,25.7,23.7,25.3,26.8,26.7,32.2,23.9,30.7,21.1,34.4,25.4,28.5,28.1,32.8,31.0,22.5,24.0,21.3,18.1,24.7,19.1,34.1,29.7,26.7,21.7,22.6,18.6,25.1,29.0,20.6,23.5,19.6
8625,24.9,27.0,27.1,27.0,27.2,29.9,30.2,27.3,31.6,28.7,34.0,32.7,33.7,28.7,30.2,32.2,28.6,32.3,33.8,35.0,28.6,30.5,32.4,25.2,25.6,28.1,30.5,28.3,26.3,34.0,28.6,33.1,21.4,22.9,23.0,23.1,34.7,27.4,30.2,27.0,30.5,34.2,22.9,21.2,26.1,29.1,24.5,28.5,34.9,19.8,31.8,29.9,28.1,24.0,23.9,27.0,24.6,26.2,27.0,27.8,33.3,23.9,32.0,26.2,35.2,27.2,30.5,29.8,35.3,32.8,27.6,26.6,26.7,20.8,29.3,22.2,36.2,31.5,28.7,23.4,24.5,20.0,25.7,30.6,21.8,25.2,21.1
8626,29.6,30.5,31.8,31.8,30.2,32.6,33.0,30.4,33.8,31.1,36.2,34.7,36.0,31.3,32.9,34.3,31.6,34.3,35.9,37.0,31.5,32.9,35.1,27.9,29.4,31.3,32.8,31.3,28.8,36.4,31.5,35.3,24.3,25.7,25.0,25.6,39.0,31.5,34.5,30.7,33.4,38.2,27.1,24.3,30.2,34.0,27.7,32.4,40.8,23.3,36.7,33.1,32.7,28.0,25.4,28.8,26.8,28.3,28.6,29.3,34.4,25.6,34.2,30.9,36.7,30.0,33.0,31.9,37.7,34.6,32.2,32.3,31.6,24.2,33.4,26.0,38.2,33.2,31.3,27.4,27.9,23.4,27.8,32.4,24.3,27.9,23.5
8627,33.8,33.7,34.8,36.3,33.1,35.3,35.8,33.5,36.1,33.3,37.9,37.0,38.1,33.5,35.7,36.4,34.3,35.6,37.7,38.7,34.1,35.0,37.7,30.5,32.8,34.5,35.1,34.2,31.3,38.7,34.1,37.4,26.9,28.5,27.0,28.0,42.3,34.6,38.5,33.7,36.2,40.7,31.2,27.0,34.0,37.4,31.2,35.4,45.0,26.8,40.5,36.1,36.9,31.5,27.2,30.7,28.8,30.2,30.5,30.8,35.7,27.7,35.8,34.3,38.4,32.3,35.6,34.3,40.1,36.3,36.3,37.4,35.9,26.9,36.4,29.4,40.0,34.7,33.8,31.1,31.0,27.0,29.6,34.0,27.0,30.3,25.8
8628,37.0,35.6,36.7,40.0,35.5,37.6,38.0,35.9,37.8,35.3,39.5,39.1,40.0,35.5,38.0,38.1,36.6,36.6,39.4,39.9,36.2,36.9,39.8,32.9,35.6,37.0,37.1,36.5,33.2,40.8,36.4,39.0,29.1,30.8,29.0,29.9,45.0,36.8,41.8,35.9,38.7,42.2,34.5,29.1,37.0,39.8,34.2,37.9,47.7,29.5,43.3,38.6,40.1,34.0,28.9,32.1,30.4,31.9,32.3,31.8,36.7,29.5,37.0,36.9,40.0,34.2,37.8,36.2,41.9,37.8,39.9,40.8,39.0,28.6,38.6,32.3,41.5,36.0,35.9,34.1,33.8,30.3,30.9,35.3,29.4,32.4,27.6
8629,39.3,36.8,37.6,42.4,37.3,39.2,39.8,37.7,39.1,36.6,40.8,40.6,41.2,37.0,39.6,39.4,38.2,37.4,40.3,40.8,38.0,38.4,41.3,34.5,38.2,38.8,38.6,38.6,34.8,42.1,38.2,40.3,30.9,32.3,30.6,31.5,46.9,38.0,44.3,37.5,40.8,43.4,36.9,30.8,39.2,41.1,36.4,39.7,49.5,31.6,45.8,40.6,42.8,35.6,30.1,33.1,31.4,32.8,33.6,32.6,37.2,31.1,37.9,38.8,41.6,35.4,39.5,37.7,43.3,39.1,42.2,43.2,41.2,30.1,40.1,34.3,42.5,37.0,37.2,36.3,35.8,33.1,32.0,36.3,30.9,34.1,29.1
8630,39.9,37.2,37.9,43.8,38.6,40.6,41.0,38.7,40.0,37.5,41.5,41.7,42.0,38.0,40.8,40.3,39.3,37.9,41.2,41.1,39.2,39.4,42.3,35.7,39.5,40.2,39.6,39.8,35.8,43.1,39.3,41.1,32.1,33.4,31.6,32.5,48.0,38.1,46.0,38.6,42.3,43.8,38.6,31.7,40.4,41.6,37.8,40.6,49.9,32.9,47.3,42.0,44.5,36.1,30.6,33.5,32.0,33.2,34.5,32.9,37.6,32.1,38.4,39.8,43.0,36.1,40.8,38.6,44.3,39.8,43.8,44.5,41.8,31.3,41.0,35.6,43.2,37.4,38.3,37.8,37.1,35.1,32.6,36.8,32.1,35.1,30.0
8631,39.7,36.3,37.3,44.3,39.1,41.0,41.7,39.2,40.0,37.9,41.7,42.1,42.1,38.4,41.3,40.5,39.6,37.8,41.4,41.1,39.5,39.4,42.8,36.1,40.0,40.7,39.9,40.0,36.2,43.4,39.8,41.5,32.2,33.7,32.0,32.9,48.2,37.6,46.7,39.0,43.1,43.1,39.3,32.0,40.2,41.4,38.5,40.8,50.7,33.5,48.2,42.6,45.3,35.6,30.7,33.5,31.9,33.5,34.8,32.5,37.2,32.5,38.2,40.0,43.6,36.0,41.3,38.9,44.5,40.0,44.3,44.5,42.2,31.4,41.1,35.9,43.2,37.4,38.6,38.2,37.7,36.0,32.6,36.7,32.5,35.4,30.1
8632,38.2,34.1,34.7,44.0,38.8,40.9,41.3,38.9,39.4,37.3,41.0,41.8,41.4,38.0,40.7,39.9,39.0,36.6,40.5,40.2,39.0,38.9,42.3,35.7,39.6,40.3,39.5,39.4,35.6,42.7,39.3,40.8,31.7,33.2,31.5,32.2,46.9,35.2,46.3,38.1,42.9,40.8,39.1,31.0,38.2,39.6,38.0,39.2,48.8,33.1,47.8,41.9,44.9,33.3,30.0,32.4,31.1,32.6,34.5,31.6,36.4,32.3,36.9,38.9,43.4,34.8,40.7,38.4,43.9,39.2,43.7,44.7,40.6,30.6,39.6,35.3,42.4,36.7,38.1,38.2,37.4,35.8,31.9,35.9,32.2,34.9,29.5
8633,32.9,30.2,29.9,42.4,36.6,39.1,39.4,36.6,37.3,35.2,39.4,40.3,39.0,36.4,38.8,38.1,36.5,34.8,38.4,38.2,36.6,36.8,40.2,33.7,37.2,38.2,38.0,37.1,33.6,40.5,37.4,38.3,29.5,31.1,29.9,30.3,42.5,31.1,44.5,34.4,41.0,35.3,36.9,27.8,34.2,35.4,35.4,34.8,42.9,30.7,45.7,39.5,42.7,29.4,28.6,30.4,29.6,30.6,33.4,29.6,35.4,31.1,35.0,34.5,41.8,32.4,37.7,36.9,41.7,37.2,41.1,43.0,34.9,28.2,35.1,33.0,40.5,35.1,36.0,36.0,35.1,33.4,30.1,34.5,30.1,32.9,27.1
8634,28.4,27.9,26.5,38.6,33.8,37.0,36.5,34.0,35.9,33.6,38.1,38.4,37.5,35.0,36.5,36.9,34.2,34.1,37.3,37.2,34.5,35.2,37.5,31.2,32.8,35.0,37.0,35.0,31.9,38.1,35.2,36.6,26.9,28.5,28.2,28.5,38.4,28.5,39.5,31.2,38.5,32.6,32.8,24.8,31.3,30.9,32.5,31.9,38.4,26.8,40.9,37.2,36.7,26.8,27.0,29.5,27.8,29.1,31.6,29.1,35.1,29.0,33.8,31.3,40.2,30.8,35.0,35.8,39.6,36.0,35.7,37.8,30.9,25.2,32.6,28.5,39.2,34.3,34.3,31.7,31.9,30.5,27.8,33.6,28.3,31.6,25.8
8635,25.7,26.8,24.7,34.8,31.8,35.5,34.9,31.8,35.0,32.7,37.0,36.8,36.4,33.6,34.7,35.7,32.2,33.4,36.2,36.5,32.8,33.9,35.8,30.0,30.7,32.3,35.5,33.2,30.3,36.9,33.9,35.7,25.7,27.1,27.0,26.6,36.5,27.1,36.9,28.9,36.2,31.3,29.6,23.7,29.6,29.1,30.3,30.2,35.5,24.9,37.5,36.0,32.7,25.4,26.5,28.7,26.9,28.4,30.4,28.6,34.5,27.8,33.2,29.0,39.1,30.0,33.8,34.5,38.2,35.2,33.2,34.2,29.1,23.6,30.8,26.8,38.2,33.5,33.0,28.6,29.8,27.8,27.4,33.2,26.2,30.0,24.1
8636,24.0,26.0,23.8,32.7,30.6,34.2,33.7,30.5,34.3,32.0,36.3,35.9,35.6,32.9,33.6,35.0,31.2,33.0,35.5,35.9,32.0,33.1,35.0,29.2,29.5,31.2,34.7,32.1,29.5,35.8,32.7,35.0,24.7,26.2,26.2,25.7,34.8,26.0,35.3,27.1,35.2,30.3,28.0,23.3,28.0,27.9,28.2,28.8,33.7,23.5,35.6,34.7,31.1,24.2,25.9,28.0,26.3,27.9,29.5,28.4,34.2,27.0,32.7,27.7,38.2,29.3,33.1,33.7,37.3,34.7,31.8,32.1,27.2,22.5,29.4,25.6,37.6,33.1,32.3,27.3,28.5,26.2,27.2,32.3,25.3,29.0,23.4
8637,22.6,25.2,23.0,30.9,29.9,33.4,32.8,29.6,33.5,31.5,35.6,35.2,35.0,32.2,32.7,34.5,30.4,32.8,34.8,35.5,31.2,32.4,34.3,28.5,28.8,30.4,34.0,31.2,28.7,35.3,31.9,34.4,23.9,25.4,25.6,25.1,33.6,25.5,33.8,26.4,34.2,29.6,27.1,22.6,26.5,27.3,26.9,27.7,32.3,22.3,34.0,33.5,29.9,23.1,25.6,27.8,25.7,27.4,29.0,28.1,33.9,26.5,32.2,26.3,37.4,28.9,32.4,33.0,36.7,34.1,30.5,30.7,25.9,21.8,28.6,24.1,37.0,32.5,31.3,25.9,27.4,24.8,26.9,31.8,24.4,28.1,22.7
8638,21.7,24.6,22.5,30.0,29.2,32.7,32.0,28.9,33.1,30.9,35.1,34.4,34.4,31.4,32.1,33.8,29.6,32.3,34.3,35.0,30.4,31.7,33.4,27.8,28.2,29.6,33.3,30.5,28.0,34.7,31.0,33.8,23.3,24.6,25.0,24.6,32.7,25.0,33.0,25.6,33.2,28.8,26.3,21.9,25.5,26.7,25.6,26.9,30.7,21.7,32.7,32.5,28.8,22.6,25.3,27.3,25.6,26.9,28.6,27.9,33.7,26.0,32.0,25.6,36.8,28.4,31.6,32.4,36.0,33.3,29.4,29.5,24.4,21.2,27.9,23.4,36.7,31.9,30.8,25.2,26.8,23.6,26.3,31.4,23.9,27.3,22.2
8639,21.1,24.5,21.9,29.1,28.4,32.0,31.3,28.0,32.6,30.3,34.5,33.8,33.8,30.9,31.5,33.3,29.1,31.8,33.7,34.7,29.8,31.3,33.0,26.9,27.5,29.3,32.9,29.7,27.5,34.1,30.4,33.3,22.8,24.0,24.4,23.9,32.0,24.6,32.3,25.0,32.3,28.2,25.4,21.6,24.6,25.6,24.7,25.9,29.4,21.0,31.7,31.6,27.9,21.7,25.2,27.2,25.3,26.5,28.4,27.8,33.5,25.6,31.8,24.4,36.1,28.0,31.1,31.9,35.5,32.7,28.6,28.8,23.1,20.8,27.1,22.3,36.2,31.4,30.3,24.8,26.3,22.6,26.1,30.8,23.3,26.6,21.8
8640,20.4,24.1,21.6,28.4,27.8,31.4,30.9,27.4,32.1,29.8,34.1,33.2,33.2,30.3,31.0,33.0,28.5,31.4,33.2,34.2,29.2,30.9,32.5,26.5,26.9,28.6,32.3,29.3,26.8,33.7,29.6,32.8,22.5,23.6,23.7,23.5,31.3,24.4,31.4,24.5,31.4,27.7,24.8,21.2,23.8,25.2,23.9,25.1,28.4,20.5,30.8,30.5,27.3,21.3,24.9,26.8,24.9,26.1,28.2,27.3,33.3,25.2,31.4,23.4,35.7,27.5,30.5,31.5,34.9,32.5,27.6,27.7,22.2,20.4,26.3,21.8,35.8,31.0,29.7,24.3,25.6,21.9,26.1,30.4,23.0,26.3,21.5
8641,19.7,23.6,21.4,28.0,27.0,30.8,30.2,26.8,31.6,29.1,33.6,32.8,32.9,29.7,30.3,32.6,27.9,31.4,32.9,33.8,28.7,30.6,31.9,25.8,26.3,28.2,31.7,28.7,26.2,33.0,28.9,32.5,22.0,23.1,23.2,22.9,30.7,24.1,31.1,24.4,30.5,27.4,24.1,20.7,23.0,24.2,23.2,24.6,27.8,19.8,30.1,29.6,26.4,20.8,24.3,26.5,24.7,25.7,27.7,27.2,33.0,24.9,31.0,22.8,35.4,27.1,29.9,30.9,34.4,32.0,26.6,26.8,21.3,20.1,25.6,21.4,35.2,30.7,29.2,23.7,25.0,21.3,25.8,30.1,22.7,25.7,21.0
8642,19.2,23.6,21.1,27.4,26.6,30.2,29.5,26.3,31.2,28.5,33.1,32.5,32.5,29.1,29.8,32.2,27.4,31.1,32.3,33.5,28.0,30.0,31.5,25.5,25.6,27.5,31.2,28.2,25.9,32.6,28.4,32.1,21.5,22.6,22.7,22.4,29.8,23.8,30.2,23.8,29.9,27.3,23.4,20.3,22.2,23.9,22.5,24.1,27.0,19.5,29.3,28.9,25.7,20.2,24.3,26.3,24.4,25.6,27.4,26.9,32.9,24.6,30.7,22.2,35.0,27.0,29.6,30.4,33.8,31.6,25.5,26.1,20.4,19.2,25.0,20.8,34.8,30.4,28.5,23.3,24.5,20.8,25.8,29.9,22.3,25.3,20.7
8643,18.8,23.4,20.6,27.2,26.3,29.7,29.1,25.7,30.8,27.9,32.8,31.9,32.0,28.6,29.3,31.6,27.0,30.7,31.8,33.0,27.5,29.5,31.2,25.1,25.2,27.0,30.5,27.7,25.3,32.2,28.0,31.6,21.2,22.3,22.4,22.1,29.3,23.8,29.6,23.4,29.2,27.2,22.9,19.9,21.6,23.5,22.0,23.4,26.3,18.7,28.8,28.1,24.8,19.9,24.1,26.1,24.3,25.5,27.2,26.9,32.7,24.4,30.6,21.7,34.9,26.6,29.2,29.8,33.2,31.1,24.4,25.5,20.2,18.9,24.4,20.3,34.3,30.0,28.0,22.9,24.1,20.2,25.8,29.6,22.0,24.8,20.4
8644,18.3,23.5,20.5,26.9,25.9,29.2,28.7,25.2,30.4,27.6,32.3,31.5,31.6,28.1,28.7,31.2,26.4,30.6,31.4,32.6,27.0,29.1,30.6,24.7,24.9,26.6,30.1,27.1,25.1,31.8,27.5,31.2,20.9,21.9,22.1,21.8,28.6,23.5,29.2,22.7,28.5,27.2,22.4,19.3,21.2,23.0,21.4,22.9,25.8,18.4,28.2,27.7,24.0,19.7,23.8,25.9,23.9,25.3,27.1,26.7,32.4,24.1,30.6,21.1,34.8,26.2,28.8,29.3,32.6,30.7,23.6,25.5,19.8,18.4,24.0,19.9,34.1,29.7,27.6,22.6,23.8,19.5,25.3,29.3,21.6,24.5,20.2
8645,17.7,23.2,20.2,26.2,25.6,28.8,28.4,24.8,30.0,27.1,31.8,31.2,31.3,27.6,28.4,30.8,26.2,30.5,31.1,32.3,26.6,28.7,30.2,24.3,24.4,26.3,29.5,26.7,24.8,31.6,27.2,30.9,20.6,21.7,21.8,21.5,28.1,23.1,28.7,22.0,27.9,26.9,21.8,18.9,20.9,23.1,21.1,22.2,25.4,18.1,27.7,27.0,23.3,19.5,23.4,25.7,23.6,25.0,26.8,26.4,32.3,23.9,30.4,20.6,34.6,26.0,28.6,28.9,32.2,30.7,22.7,25.2,19.6,17.9,23.6,19.3,33.7,29.3,27.1,22.2,23.4,19.2,25.0,28.9,21.3,24.1,19.9
8646,17.2,22.9,20.0,25.8,25.4,28.2,28.0,24.7,29.7,26.8,31.6,30.9,31.0,27.3,27.9,30.4,25.8,30.5,30.7,32.1,26.3,28.3,29.7,24.0,24.1,26.0,29.0,26.4,24.5,31.3,26.7,30.7,20.3,21.4,21.9,21.4,27.5,23.1,28.3,21.4,27.4,26.6,21.3,18.5,20.4,22.8,20.8,21.9,24.9,18.0,27.2,26.7,22.7,19.5,23.2,25.4,23.7,25.0,26.5,26.3,32.2,23.6,30.5,20.3,34.5,25.8,28.5,28.4,32.0,30.2,22.3,24.4,19.3,18.0,23.3,19.1,33.3,29.1,26.8,21.8,23.1,18.8,24.7,28.7,20.8,23.7,19.7
8647,17.0,22.8,19.9,25.4,25.1,27.7,27.7,24.5,29.4,26.7,31.4,30.7,30.6,26.9,27.6,30.2,25.6,30.4,30.7,31.8,26.0,28.1,29.4,23.7,23.7,25.8,28.7,26.1,24.1,31.2,26.3,30.4,20.2,21.3,21.6,21.0,27.3,22.9,27.7,21.0,26.9,26.4,20.8,18.3,20.1,22.7,20.4,21.4,24.6,17.6,27.1,26.6,22.3,19.1,23.1,25.2,23.6,24.9,26.3,26.2,32.1,23.6,30.4,19.6,34.3,25.3,28.3,28.1,31.7,30.2,21.7,24.2,19.0,17.7,23.0,18.8,33.2,29.0,26.5,21.7,22.7,18.5,24.7,28.6,20.6,23.4,19.6
8648,19.3,23.7,21.6,25.0,25.0,27.6,27.5,24.4,29.5,26.4,31.7,30.6,31.1,26.7,27.5,30.1,25.5,30.3,31.2,32.5,25.9,28.0,29.4,23.5,23.4,25.5,28.6,26.0,24.1,31.5,26.2,30.8,20.1,20.9,21.5,21.1,29.4,23.4,27.4,22.1,27.3,29.3,20.4,18.2,21.8,24.3,21.0,23.5,27.6,17.2,27.0,26.8,22.7,20.2,22.9,25.3,23.3,24.8,26.5,26.4,32.0,23.4,30.4,20.6,34.2,25.1,28.4,27.7,32.3,30.6,22.0,24.0,21.1,17.7,24.3,18.9,33.7,29.3,26.2,21.4,22.4,18.3,24.8,29.0,20.5,23.2,19.5
8649,24.7,27.1,26.9,27.0,27.0,29.4,29.8,27.0,31.3,28.4,33.6,32.2,33.2,28.4,29.8,31.8,28.2,32.1,33.4,34.6,28.2,30.0,31.8,25.0,25.3,27.8,30.1,27.9,26.0,33.5,28.2,32.6,21.1,22.6,22.7,22.7,34.4,27.4,30.0,26.6,30.2,34.1,22.6,20.9,26.0,29.1,24.0,28.4,34.9,19.4,31.7,29.8,27.7,23.9,23.6,26.6,24.2,25.8,26.6,27.6,33.1,23.3,31.7,25.8,35.0,27.0,30.4,29.4,34.9,32.4,27.2,26.6,26.7,20.3,28.9,22.1,35.8,31.1,28.3,23.2,24.3,19.8,25.4,30.6,21.6,24.9,20.9
8650,29.5,30.6,31.8,31.8,29.9,32.3,32.7,30.1,33.5,30.7,35.8,34.3,35.5,30.9,32.6,34.0,31.2,34.0,35.5,36.7,31.1,32.6,34.6,27.6,29.2,31.0,32.5,31.0,28.5,35.9,31.1,34.8,23.9,25.5,24.6,25.2,38.7,31.4,34.3,30.4,33.1,38.1,26.8,24.1,30.1,34.1,27.2,32.3,40.9,22.9,36.6,33.2,32.4,28.0,25.1,28.6,26.5,27.9,28.2,29.1,34.2,25.1,33.9,30.6,36.5,29.9,32.9,31.6,37.4,34.2,31.8,32.2,31.8,23.8,33.2,25.9,37.9,32.8,31.0,27.2,27.6,23.1,27.5,32.3,24.1,27.6,23.3
8651,33.7,33.7,34.8,36.3,32.9,35.0,35.5,33.3,35.8,33.0,37.5,36.6,37.7,33.2,35.4,36.1,34.0,35.4,37.3,38.4,33.9,34.8,37.3,30.3,32.7,34.2,34.8,34.0,31.1,38.3,33.8,37.0,26.5,28.3,26.7,27.7,42.0,34.5,38.2,33.4,36.1,40.6,30.9,26.7,34.0,37.5,30.7,35.5,45.1,26.5,40.4,36.3,36.5,31.6,27.0,30.5,28.5,29.8,30.1,30.6,35.6,27.2,35.5,34.2,38.2,32.1,35.5,34.0,39.7,35.9,35.9,37.2,36.2,26.6,36.3,29.2,39.7,34.3,33.5,30.8,30.7,26.8,29.3,33.9,26.6,30.0,25.6
8652,37.0,35.5,36.7,40.0,35.3,37.4,37.8,35.7,37.6,35.1,39.1,38.7,39.5,35.3,37.7,37.8,36.4,36.5,39.1,39.7,36.1,36.6,39.4,32.7,35.5,36.8,36.9,36.3,33.0,40.4,36.2,38.6,28.8,30.6,28.7,29.7,44.8,36.7,41.5,35.7,38.6,42.3,34.2,28.9,37.1,39.9,33.9,38.0,47.9,29.2,43.3,38.8,39.7,34.1,28.6,32.0,30.2,31.6,31.9,31.7,36.5,29.0,36.7,36.9,39.8,34.0,37.7,35.9,41.6,37.4,39.6,40.8,39.2,28.3,38.5,32.2,41.2,35.6,35.6,33.9,33.6,30.1,30.7,35.2,29.0,32.2,27.4
8653,39.4,36.7,37.7,42.3,37.2,38.9,39.6,37.5,38.9,36.4,40.4,40.4,40.8,36.8,39.3,39.2,38.0,37.3,40.0,40.6,38.0,38.2,41.0,34.3,38.1,38.6,38.5,38.4,34.6,41.8,38.1,40.0,30.6,32.0,30.4,31.3,46.8,37.9,44.0,37.4,40.7,43.4,36.6,30.6,39.4,41.2,36.1,39.8,49.7,31.4,45.8,40.8,42.4,35.6,29.9,33.1,31.2,32.5,33.3,32.5,37.1,30.6,37.7,38.8,41.5,35.3,39.4,37.5,43.0,38.7,41.9,43.0,41.4,29.8,40.2,34.2,42.3,36.7,37.1,36.1,35.6,32.9,31.7,36.1,30.6,33.9,28.8
8654,40.1,37.1,37.9,43.7,38.4,40.4,40.7,38.6,39.8,37.4,41.2,41.5,41.6,37.9,40.5,40.1,39.2,37.7,40.8,40.9,39.1,39.2,42.1,35.4,39.4,40.1,39.5,39.6,35.7,42.8,39.3,40.8,31.8,33.2,31.3,32.3,47.9,38.1,45.8,38.6,42.2,43.8,38.3,31.4,40.6,41.6,37.5,40.8,50.1,32.6,47.4,42.2,44.2,36.0,30.4,33.5,31.7,32.9,34.3,32.9,37.4,31.7,38.2,39.9,42.8,36.0,40.7,38.5,44.0,39.5,43.6,44.5,42.1,30.9,41.1,35.5,42.9,37.1,38.2,37.7,36.9,34.9,32.3,36.6,31.8,34.9,29.6
8655,39.8,36.2,37.4,44.2,38.9,40.8,41.4,39.1,39.8,37.8,41.4,41.9,41.8,38.3,41.0,40.3,39.5,37.6,41.1,40.9,39.4,39.4,42.5,35.9,39.9,40.5,39.8,39.9,36.1,43.1,39.7,41.2,32.0,33.5,31.8,32.6,48.1,37.5,46.5,38.9,43.0,43.2,39.1,31.8,40.4,41.5,38.2,41.0,50.9,33.3,48.3,42.8,45.0,35.6,30.5,33.5,31.7,33.1,34.6,32.5,37.1,32.2,38.0,40.1,43.5,36.0,41.2,38.8,44.2,39.7,44.2,44.6,42.4,31.1,41.1,35.8,42.9,37.1,38.5,37.8,37.5,35.8,32.5,36.5,32.2,35.3,29.8
8656,38.2,34.2,34.7,43.8,38.5,40.5,41.0,38.6,39.1,37.2,40.7,41.6,41.2,37.9,40.4,39.7,38.9,36.3,40.2,40.0,38.9,38.8,42.1,35.5,39.4,40.1,39.4,39.3,35.5,42.4,39.2,40.6,31.4,32.9,31.3,32.0,46.8,35.2,46.3,38.0,42.8,40.8,38.9,30.7,38.4,39.6,37.8,39.3,49.0,32.8,47.9,42.1,44.7,33.3,29.8,32.3,30.9,32.3,34.3,31.6,36.3,32.0,36.7,39.0,43.4,34.7,40.7,38.4,43.6,38.9,43.7,44.8,40.8,30.2,39.7,35.3,42.1,36.3,38.0,38.0,37.1,35.7,31.8,35.6,32.0,34.7,29.2
8657,32.8,30.2,29.8,42.4,36.3,38.7,39.0,36.3,37.1,35.1,39.1,40.1,38.8,36.3,38.4,38.0,36.4,34.5,38.1,37.9,36.4,36.6,39.9,33.5,37.2,38.0,37.9,36.9,33.3,40.2,37.2,38.1,29.2,30.8,29.7,30.1,42.4,31.1,44.5,34.3,40.9,35.2,36.7,27.5,34.3,35.3,35.2,35.0,43.1,30.6,45.9,39.6,42.5,29.3,28.3,30.3,29.2,30.2,33.2,29.6,35.2,30.7,34.7,34.6,41.7,32.3,37.6,36.8,41.4,36.9,41.1,43.1,34.9,27.9,35.1,33.2,40.2,34.8,35.9,35.8,34.9,33.3,29.9,34.4,29.9,32.7,26.9
8658,28.3,27.9,26.4,38.5,33.4,36.5,36.1,33.6,35.6,33.3,37.7,38.2,37.2,34.8,36.0,36.7,33.9,33.8,37.0,36.9,34.2,35.0,37.1,30.9,32.6,34.7,36.7,34.7,31.5,37.7,35.0,36.3,26.6,28.1,27.9,28.2,38.2,28.6,39.4,31.1,38.3,32.4,32.7,24.4,31.4,30.7,32.2,32.0,38.7,26.6,41.1,37.3,36.5,26.7,26.8,29.3,27.4,28.7,31.4,29.0,34.9,28.7,33.5,31.3,40.1,30.7,35.0,35.6,39.3,35.7,35.5,37.7,31.0,24.8,32.5,28.6,38.9,34.0,34.0,31.3,31.6,30.3,27.5,33.4,28.0,31.3,25.5
8659,25.6,26.7,24.6,34.6,31.4,35.1,34.5,31.5,34.7,32.3,36.7,36.5,36.1,33.3,34.3,35.4,31.9,33.1,35.9,36.2,32.5,33.7,35.4,29.7,30.6,31.9,35.1,32.8,29.9,36.5,33.6,35.5,25.4,26.7,26.7,26.2,36.2,27.2,36.7,28.7,36.0,31.1,29.4,23.3,29.5,29.0,30.0,30.3,35.9,24.7,37.7,36.1,32.5,25.3,26.1,28.5,26.5,27.9,30.1,28.5,34.5,27.4,32.9,29.1,38.9,29.8,33.7,34.1,38.0,34.9,33.0,34.1,29.2,23.3,30.8,26.7,37.9,33.2,32.7,28.4,29.6,27.6,27.0,32.9,25.9,29.7,23.8
8660,23.9,25.9,23.6,32.4,30.3,33.7,33.4,30.2,34.0,31.6,36.0,35.6,35.4,32.5,33.2,34.7,30.8,32.6,35.2,35.5,31.6,32.8,34.5,28.9,29.3,30.7,34.3,31.7,29.1,35.4,32.3,34.6,24.4,25.7,25.8,25.2,34.5,26.0,35.0,27.0,34.9,30.1,27.8,23.0,28.0,27.9,27.8,29.0,34.0,23.3,35.7,34.8,30.9,24.0,25.5,27.9,25.9,27.4,29.2,28.3,34.1,26.5,32.3,27.7,38.0,29.2,33.1,33.3,37.0,34.4,31.6,32.0,27.2,22.2,29.3,25.5,37.3,32.8,31.9,27.0,28.3,25.9,26.8,32.1,25.0,28.5,23.0
8661,22.5,25.0,22.8,30.7,29.5,33.0,32.3,29.3,33.2,31.0,35.3,34.9,34.6,31.7,32.4,34.0,29.9,32.3,34.5,35.2,30.8,31.9,33.7,28.2,28.5,29.9,33.6,30.8,28.3,34.8,31.5,34.0,23.6,25.1,25.1,24.6,33.5,25.5,33.5,26.1,34.0,29.5,26.9,22.2,26.6,27.3,26.4,27.8,32.6,22.1,34.1,33.5,29.6,22.9,25.3,27.6,25.3,26.8,28.7,28.0,33.7,26.1,31.9,26.3,37.2,28.7,32.3,32.6,36.3,33.8,30.3,30.4,25.9,21.4,28.5,24.1,36.7,32.1,30.9,25.7,27.2,24.6,26.6,31.6,24.2,27.6,22.4
8662,21.6,24.5,22.2,29.7,28.8,32.2,31.5,28.4,32.7,30.4,34.8,34.0,34.0,31.0,31.6,33.3,29.0,31.8,34.0,34.7,29.9,31.2,32.8,27.5,27.9,29.2,32.8,30.1,27.5,34.3,30.6,33.4,23.0,24.2,24.4,24.0,32.5,25.0,32.6,25.4,32.9,28.6,26.1,21.6,25.5,26.6,25.1,27.0,30.9,21.5,32.7,32.5,28.6,22.3,25.1,27.1,25.2,26.5,28.4,27.7,33.6,25.5,31.6,25.6,36.5,28.1,31.5,31.9,35.6,32.9,29.1,29.3,24.4,20.8,27.8,23.3,36.4,31.5,30.3,24.9,26.6,23.4,26.0,31.1,23.5,26.9,21.8
8663,21.1,24.3,21.6,28.8,28.0,31.5,30.8,27.3,32.1,29.8,34.1,33.3,33.3,30.3,31.1,32.8,28.4,31.3,33.4,34.3,29.2,30.8,32.4,26.6,27.3,28.9,32.3,29.2,27.0,33.6,29.9,32.8,22.3,23.5,23.8,23.3,31.8,24.5,31.9,24.8,32.0,28.0,25.1,21.1,24.5,25.6,24.2,26.0,29.6,20.7,31.8,31.6,27.8,21.4,24.9,26.9,24.9,26.0,28.1,27.6,33.4,25.1,31.3,24.4,35.9,27.7,31.0,31.4,35.1,32.3,28.4,28.5,23.1,20.3,27.0,22.4,35.9,31.0,29.7,24.4,26.0,22.4,25.8,30.6,22.9,26.2,21.4
8664,20.2,23.9,21.3,28.1,27.3,31.0,30.4,26.9,31.5,29.3,33.7,32.7,32.7,29.7,30.5,32.4,27.8,31.0,32.8,33.8,28.6,30.3,31.8,26.2,26.6,28.2,31.7,28.8,26.3,33.1,29.1,32.3,22.0,23.1,23.0,22.8,31.0,24.2,31.1,24.4,31.2,27.6,24.5,20.8,23.7,25.1,23.4,25.3,28.6,20.2,30.9,30.6,27.1,21.1,24.7,26.5,24.6,25.7,27.9,27.1,33.3,24.6,30.9,23.3,35.4,27.3,30.5,30.9,34.5,32.0,27.3,27.4,22.1,19.9,26.1,21.8,35.5,30.5,29.1,23.9,25.3,21.5,25.7,30.2,22.5,25.8,21.0
8665,19.5,23.3,21.0,27.7,26.6,30.3,29.8,26.2,31.0,28.6,33.2,32.2,32.5,29.1,29.8,32.0,27.2,30.9,32.4,33.3,28.1,30.0,31.3,25.4,25.9,27.7,31.2,28.1,25.7,32.4,28.4,31.9,21.5,22.5,22.6,22.3,30.2,23.9,30.6,24.2,30.3,27.3,23.7,20.3,22.8,24.1,22.8,24.7,27.9,19.6,30.1,29.7,26.3,20.5,24.1,26.3,24.4,25.2,27.4,27.1,32.8,24.4,30.6,22.7,35.2,27.0,29.8,30.4,33.9,31.5,26.4,26.7,21.2,19.6,25.4,21.4,34.9,30.2,28.6,23.3,24.7,21.0,25.3,29.9,22.2,25.2,20.4
8666,19.0,23.2,20.7,27.1,26.0,29.7,29.1,25.6,30.6,27.9,32.7,31.8,32.0,28.6,29.3,31.6,26.8,30.7,31.9,33.0,27.4,29.5,30.9,25.1,25.3,27.0,30.7,27.6,25.3,32.0,27.9,31.5,21.0,22.0,22.1,21.8,29.5,23.6,29.8,23.7,29.7,27.4,23.1,19.9,22.1,23.7,22.1,24.2,27.0,19.2,29.4,29.1,25.5,19.9,24.0,26.1,24.1,25.3,27.1,26.8,32.8,24.2,30.3,22.0,34.7,26.8,29.5,29.9,33.3,31.0,25.2,25.8,20.3,18.8,24.8,20.6,34.4,29.9,27.9,22.9,24.1,20.4,25.3,29.7,21.8,24.7,20.1
8667,18.7,23.0,20.1,26.9,25.7,29.1,28.6,25.0,30.1,27.3,32.4,31.3,31.5,28.0,28.7,31.0,26.3,30.3,31.4,32.6,26.9,28.9,30.5,24.7,24.8,26.6,29.9,27.2,24.6,31.6,27.3,31.0,20.6,21.7,21.8,21.5,29.0,23.5,29.2,23.1,29.0,27.2,22.6,19.5,21.4,23.2,21.6,23.5,26.5,18.4,28.9,28.3,24.8,19.7,23.8,25.9,23.9,25.1,26.9,26.7,32.7,24.0,30.1,21.7,34.6,26.4,29.0,29.3,32.7,30.6,24.1,25.3,20.0,18.4,24.2,20.2,33.9,29.5,27.4,22.5,23.6,19.8,25.2,29.4,21.5,24.2,19.9
8668,18.2,23.2,20.1,26.6,25.3,28.6,28.1,24.4,29.8,27.0,31.8,30.9,31.1,27.6,28.1,30.6,25.8,30.2,30.9,32.2,26.4,28.5,29.9,24.2,24.5,26.1,29.5,26.5,24.4,31.2,26.9,30.6,20.4,21.3,21.4,21.1,28.3,23.3,28.9,22.4,28.3,27.2,22.0,18.9,21.0,22.7,21.0,23.0,25.9,18.2,28.3,27.9,23.9,19.5,23.6,25.7,23.6,25.1,26.8,26.6,32.4,23.7,30.0,21.1,34.5,26.0,28.7,28.7,32.1,30.2,23.2,25.2,19.6,17.9,23.9,19.8,33.7,29.1,26.9,22.2,23.2,19.1,24.9,29.1,21.2,23.9,19.6
8669,17.5,22.8,19.8,25.9,25.0,28.2,27.8,24.0,29.4,26.4,31.4,30.5,30.8,27.0,27.8,30.1,25.5,30.1,30.7,31.9,25.9,28.0,29.6,23.8,24.1,25.7,28.9,26.0,24.2,30.9,26.5,30.2,20.1,21.0,21.1,20.7,27.9,22.8,28.3,21.7,27.7,26.8,21.5,18.5,20.6,22.7,20.7,22.3,25.6,17.9,27.8,27.2,23.3,19.3,23.2,25.4,23.3,24.8,26.5,26.2,32.3,23.6,29.9,20.6,34.3,25.7,28.5,28.4,31.7,30.1,22.5,24.9,19.3,17.4,23.5,19.3,33.3,28.7,26.4,21.8,22.8,18.9,24.6,28.8,20.8,23.4,19.2
8670,17.0,22.5,19.6,25.5,24.8,27.6,27.4,24.0,29.1,26.1,31.1,30.2,30.5,26.7,27.3,29.8,25.1,30.1,30.3,31.7,25.6,27.6,29.0,23.5,23.8,25.4,28.4,25.8,23.8,30.5,26.0,30.0,19.9,20.7,21.2,20.6,27.3,22.8,27.9,21.2,27.2,26.5,20.8,18.1,20.1,22.3,20.4,21.9,25.1,17.7,27.3,26.9,22.7,19.2,23.0,25.2,23.4,24.7,26.1,26.2,32.1,23.2,30.0,20.4,34.2,25.5,28.4,27.8,31.5,29.6,22.0,24.2,18.9,17.5,23.1,19.2,32.9,28.5,26.1,21.3,22.5,18.4,24.4,28.6,20.4,23.0,19.0
8671,16.6,22.4,19.5,25.0,24.5,27.1,27.1,23.7,28.7,26.0,30.9,30.0,30.1,26.3,26.9,29.5,24.8,30.0,30.2,31.4,25.3,27.3,28.6,23.2,23.3,25.2,28.1,25.5,23.5,30.4,25.6,29.7,19.7,20.6,20.9,20.3,27.1,22.5,27.4,20.7,26.8,26.4,20.4,17.9,19.9,22.3,20.0,21.5,24.7,17.3,27.1,26.7,22.1,18.8,22.8,25.0,23.3,24.6,26.0,26.0,32.0,23.2,29.9,19.8,34.0,25.0,28.1,27.5,31.1,29.5,21.6,23.9,18.6,17.3,23.0,18.8,32.7,28.4,25.7,21.1,22.1,18.1,24.3,28.5,20.1,22.7,18.9
8672,19.0,23.3,21.3,24.7,24.4,26.9,26.8,23.6,28.8,25.7,31.2,29.9,30.5,26.1,26.8,29.4,24.6,29.8,30.6,32.0,25.2,27.3,28.6,23.0,23.0,24.9,28.0,25.3,23.4,30.6,25.4,30.1,19.5,20.3,20.7,20.3,29.2,23.1,27.2,21.9,27.2,29.2,20.1,17.8,21.4,23.9,20.6,23.7,27.5,17.0,27.0,27.0,22.6,20.0,22.7,25.1,22.9,24.5,26.0,26.2,31.9,23.0,29.9,20.8,33.8,24.8,28.1,27.0,31.7,30.0,21.8,23.6,20.6,17.3,24.2,18.9,33.2,28.6,25.5,20.9,21.9,17.9,24.4,28.9,20.0,22.5,18.8
8673,24.3,26.7,26.7,26.7,26.4,28.8,29.2,26.3,30.7,27.7,33.1,31.5,32.6,27.8,29.2,31.1,27.4,31.7,32.9,34.1,27.6,29.3,31.1,24.5,25.0,27.3,29.5,27.4,25.3,32.8,27.6,31.9,20.7,22.0,21.9,21.9,34.2,27.0,29.8,26.5,30.0,33.9,22.2,20.5,25.6,28.9,23.6,28.5,35.0,19.2,31.7,30.0,27.5,23.7,23.4,26.3,23.9,25.4,26.3,27.4,33.0,23.0,31.2,25.9,34.7,26.7,30.2,28.8,34.3,31.8,27.0,26.3,26.5,19.9,29.0,22.1,35.3,30.5,27.6,22.6,23.7,19.5,25.1,30.5,21.2,24.2,20.3
8674,29.1,30.2,31.7,31.4,29.5,31.7,32.2,29.5,32.9,30.1,35.2,33.7,34.9,30.4,32.0,33.3,30.6,33.8,35.1,36.2,30.6,32.0,34.0,27.2,28.9,30.5,31.9,30.5,27.9,35.2,30.6,34.1,23.5,24.9,24.0,24.6,38.5,31.1,34.1,30.2,33.0,37.9,26.4,23.7,29.8,33.8,26.8,32.5,41.0,22.7,36.8,33.3,32.2,27.9,24.9,28.4,26.2,27.6,27.9,29.0,34.3,24.8,33.4,30.7,36.2,29.6,32.8,31.0,36.8,33.6,31.7,31.8,31.5,23.4,33.3,25.8,37.3,32.2,30.4,26.7,27.1,22.8,27.2,32.2,23.6,27.0,22.8
8675,33.3,33.3,34.8,36.0,32.4,34.4,35.0,32.8,35.2,32.5,36.9,36.0,37.0,32.7,34.9,35.5,33.5,35.1,36.8,38.0,33.4,34.2,36.7,29.8,32.3,33.7,34.3,33.5,30.5,37.6,33.4,36.2,26.2,27.8,26.1,27.1,41.8,34.3,38.1,33.3,35.9,40.5,30.5,26.4,33.7,37.3,30.4,35.7,45.2,26.3,40.6,36.4,36.4,31.5,26.8,30.3,28.4,29.6,29.9,30.5,35.6,26.9,35.1,34.2,38.0,31.9,35.4,33.5,39.2,35.3,35.8,36.9,35.8,26.3,36.4,29.3,39.2,33.7,32.9,30.4,30.4,26.5,28.9,33.9,26.3,29.5,25.0
8676,36.7,35.1,36.7,39.7,34.8,36.9,37.3,35.3,36.9,34.7,38.5,38.1,38.9,34.9,37.2,37.3,36.0,36.2,38.6,39.2,35.7,36.1,38.9,32.3,35.1,36.4,36.5,36.0,32.6,39.7,35.8,37.9,28.5,30.2,28.2,29.2,44.7,36.5,41.4,35.7,38.5,42.1,33.7,28.6,36.8,39.8,33.7,38.2,47.9,29.1,43.5,38.9,39.6,34.0,28.5,31.8,30.0,31.3,31.6,31.5,36.6,28.8,36.3,36.9,39.6,33.8,37.6,35.5,41.0,36.8,39.4,40.5,39.0,28.1,38.6,32.3,40.6,35.0,35.1,33.6,33.2,29.8,30.4,35.1,28.7,31.8,27.0
8677,39.0,36.4,37.4,42.0,36.8,38.5,39.1,37.1,38.4,36.1,39.8,39.8,40.2,36.5,38.9,38.7,37.6,37.0,39.5,40.0,37.6,37.8,40.5,33.9,37.8,38.2,38.1,38.0,34.2,41.3,37.7,39.4,30.4,31.7,29.9,30.8,46.7,37.7,43.9,37.3,40.6,43.3,36.1,30.3,39.1,41.0,35.9,40.0,49.8,31.3,46.0,40.8,42.4,35.4,29.8,32.9,31.0,32.3,33.0,32.4,37.1,30.4,37.3,38.9,41.4,35.0,39.3,37.2,42.4,38.2,41.8,42.8,41.2,29.5,40.3,34.3,41.6,36.0,36.7,35.8,35.3,32.7,31.4,36.1,30.3,33.5,28.5
8678,39.9,36.7,37.6,43.4,38.0,40.0,40.3,38.2,39.3,37.1,40.6,41.0,41.1,37.6,40.1,39.7,38.8,37.5,40.3,40.3,38.8,38.8,41.7,35.1,39.0,39.7,39.1,39.2,35.4,42.3,38.9,40.3,31.6,32.9,30.9,31.9,47.8,37.9,45.6,38.5,42.2,43.7,37.8,31.2,40.3,41.4,37.4,41.0,50.2,32.5,47.6,42.1,44.1,35.9,30.3,33.3,31.5,32.7,34.0,32.7,37.5,31.5,37.9,40.0,42.7,35.8,40.7,38.2,43.4,39.0,43.5,44.3,42.0,30.7,41.2,35.6,42.2,36.5,37.8,37.5,36.6,34.6,32.0,36.6,31.5,34.5,29.3
8679,39.4,35.8,37.2,43.9,38.6,40.3,41.0,38.7,39.4,37.5,40.8,41.5,41.4,37.9,40.5,40.0,39.1,37.4,40.5,40.3,39.1,39.1,42.1,35.6,39.6,40.2,39.5,39.5,35.8,42.7,39.4,40.7,31.8,33.2,31.4,32.3,48.0,37.4,46.4,38.9,42.9,43.0,38.6,31.5,40.3,41.3,38.1,41.2,51.1,33.2,48.4,42.8,45.0,35.5,30.5,33.3,31.6,32.9,34.4,32.4,37.2,31.9,37.7,40.2,43.5,35.7,41.2,38.5,43.7,39.3,44.1,44.5,42.3,30.8,41.2,35.9,42.2,36.6,38.1,37.6,37.3,35.5,32.2,36.6,32.0,35.0,29.6
8680,37.9,33.7,34.6,43.6,38.2,40.1,40.6,38.3,38.7,36.9,40.1,41.2,40.7,37.6,40.0,39.4,38.6,36.1,39.7,39.4,38.6,38.4,41.7,35.2,39.1,39.8,39.1,38.9,35.2,42.0,38.8,40.1,31.2,32.6,31.0,31.7,46.8,35.0,46.1,38.0,42.7,40.6,38.5,30.4,38.2,39.5,37.6,39.5,49.2,32.8,48.1,42.1,44.6,33.1,29.8,32.1,30.8,32.2,34.1,31.5,36.3,31.8,36.3,39.1,43.4,34.5,40.7,38.0,43.1,38.5,43.6,44.6,40.7,30.0,39.8,35.3,41.5,35.9,37.6,37.8,36.9,35.5,31.6,35.7,31.8,34.4,29.0
8681,32.4,29.8,29.7,42.1,36.0,38.3,38.6,36.0,36.6,34.7,38.6,39.7,38.3,35.9,38.0,37.6,36.0,34.2,37.7,37.4,36.1,36.2,39.5,33.2,37.0,37.6,37.5,36.4,33.0,39.8,36.9,37.6,29.0,30.6,29.4,29.8,42.4,30.8,44.4,34.4,40.8,35.1,36.4,27.2,34.2,35.3,34.9,35.2,43.3,30.5,46.1,39.5,42.5,29.2,28.3,30.0,29.1,30.1,33.0,29.4,35.2,30.6,34.4,34.7,41.7,32.1,37.6,36.4,40.9,36.5,41.0,42.9,34.9,27.6,35.2,33.2,39.6,34.3,35.5,35.6,34.7,33.2,29.8,34.4,29.7,32.4,26.6
8682,28.0,27.5,26.3,38.2,33.0,36.1,35.7,33.2,35.1,32.9,37.2,37.8,36.7,34.4,35.6,36.2,33.4,33.3,36.5,36.2,33.7,34.5,36.6,30.6,32.4,34.3,36.3,34.2,31.0,37.2,34.6,35.7,26.4,27.8,27.5,27.8,38.1,28.3,39.2,31.1,38.2,32.3,32.3,24.2,31.3,30.8,31.9,32.1,39.0,26.4,41.2,37.1,36.5,26.6,26.7,29.0,27.3,28.5,31.1,28.8,34.8,28.4,33.2,31.3,40.1,30.6,34.9,35.2,38.7,35.2,35.4,37.5,30.9,24.5,32.5,28.5,38.3,33.5,33.6,31.3,31.4,30.2,27.2,33.5,27.8,30.8,25.2
8683,25.5,26.4,24.5,34.4,31.1,34.6,34.1,31.1,34.2,31.9,36.2,36.1,35.5,32.9,33.9,34.9,31.4,32.6,35.4,35.6,32.1,33.1,34.9,29.3,30.4,31.6,34.7,32.4,29.4,35.8,33.2,34.9,25.2,26.4,26.3,25.8,36.0,27.0,36.5,28.7,35.9,30.9,29.2,23.0,29.4,28.9,29.7,30.4,36.0,24.5,37.8,35.8,32.5,25.1,26.0,28.2,26.4,27.7,29.8,28.3,34.4,27.2,32.5,29.1,38.8,29.7,33.5,33.7,37.4,34.4,32.9,33.9,29.1,22.9,30.6,26.7,37.3,32.6,32.2,28.2,29.4,27.5,26.8,33.0,25.7,29.2,23.4
8684,23.8,25.5,23.3,32.2,30.0,33.3,33.0,29.8,33.5,31.1,35.4,35.1,34.8,32.1,32.8,34.2,30.2,32.1,34.7,34.9,31.1,32.2,34.0,28.6,29.1,30.3,33.8,31.2,28.6,34.8,31.8,34.0,24.1,25.3,25.4,24.7,34.4,25.8,34.9,27.0,34.8,29.8,27.6,22.6,28.0,27.6,27.5,29.0,34.1,23.0,35.7,34.5,30.8,23.8,25.4,27.6,25.7,27.2,28.8,28.2,34.1,26.3,31.9,27.6,37.8,29.0,32.9,32.9,36.4,33.9,31.3,32.0,27.0,21.9,29.0,25.5,36.7,32.2,31.4,26.8,28.1,25.8,26.5,32.2,24.8,28.1,22.7
8685,22.5,24.8,22.5,30.5,29.2,32.6,32.0,28.9,32.7,30.6,34.7,34.3,34.1,31.3,31.9,33.5,29.4,31.9,33.9,34.5,30.4,31.4,33.2,27.9,28.3,29.5,33.1,30.3,27.9,34.3,31.0,33.4,23.2,24.7,24.7,24.1,33.4,25.2,33.3,26.0,33.9,29.2,26.7,21.8,26.5,27.1,26.1,27.9,32.7,21.8,34.2,33.2,29.4,22.8,25.1,27.4,25.1,26.6,28.3,27.8,33.7,25.8,31.5,26.2,37.0,28.5,32.1,32.1,35.6,33.3,30.0,30.4,25.6,21.1,28.2,24.1,36.1,31.5,30.4,25.5,27.0,24.5,26.3,31.7,23.9,27.2,22.0
8686,21.6,24.2,21.9,29.5,28.4,31.8,31.2,28.0,32.2,29.9,34.1,33.5,33.4,30.6,31.3,32.8,28.4,31.3,33.4,34.0,29.5,30.7,32.3,27.2,27.8,28.9,32.4,29.7,27.0,33.8,30.3,32.8,22.6,23.8,23.9,23.4,32.4,24.7,32.4,25.3,32.8,28.4,25.9,21.2,25.4,26.4,24.7,27.0,31.0,21.1,32.8,32.2,28.4,22.2,24.8,26.8,24.9,26.2,28.0,27.6,33.5,25.2,31.2,25.3,36.4,28.0,31.2,31.5,35.0,32.5,28.8,29.1,24.2,20.6,27.4,23.3,35.8,31.0,29.8,24.7,26.4,23.2,25.7,31.3,23.2,26.4,21.4
8687,21.0,24.0,21.5,28.6,27.7,31.1,30.5,27.0,31.6,29.3,33.4,32.8,32.7,29.9,30.8,32.3,27.9,30.9,32.8,33.6,28.7,30.2,31.9,26.3,27.2,28.5,31.8,28.8,26.5,33.1,29.5,32.3,22.0,23.1,23.3,22.7,31.6,24.2,31.7,24.6,32.0,27.8,25.0,20.8,24.2,25.5,23.8,26.1,29.6,20.4,31.8,31.3,27.6,21.3,24.7,26.6,24.6,25.8,27.7,27.4,33.3,24.7,30.9,24.1,35.7,27.7,30.7,30.9,34.5,31.9,28.0,28.3,23.0,19.9,26.6,22.3,35.3,30.5,29.2,24.2,25.7,22.2,25.4,30.7,22.6,25.8,20.9
8688,20.2,23.5,21.0,27.9,27.1,30.6,30.1,26.6,31.0,28.8,33.1,32.1,32.1,29.2,30.2,31.8,27.3,30.6,32.2,33.1,28.2,29.7,31.4,26.0,26.4,27.9,31.3,28.4,25.9,32.6,28.7,31.7,21.6,22.7,22.5,22.3,30.7,23.9,30.8,24.2,31.1,27.4,24.3,20.4,23.5,25.0,23.0,25.2,28.7,19.9,31.0,30.2,26.9,20.9,24.4,26.3,24.3,25.4,27.5,26.9,33.2,24.3,30.6,23.0,35.2,27.2,30.2,30.4,33.9,31.5,27.0,27.3,21.9,19.6,25.7,21.8,34.8,29.9,28.6,23.7,25.1,21.3,25.3,30.3,22.2,25.4,20.5
8689,19.3,23.0,20.7,27.5,26.4,30.0,29.4,26.0,30.5,28.2,32.7,31.6,31.8,28.7,29.6,31.4,26.8,30.6,31.9,32.7,27.7,29.4,30.8,25.2,25.7,27.5,30.7,27.7,25.2,31.9,28.1,31.3,21.2,22.1,22.1,21.7,29.9,23.5,30.3,24.1,30.2,27.1,23.6,19.9,22.7,23.9,22.4,24.6,28.0,19.3,30.1,29.4,26.0,20.4,23.8,26.1,24.1,24.9,27.0,26.9,32.8,24.1,30.3,22.3,35.0,26.8,29.6,29.9,33.3,31.0,26.0,26.5,21.0,19.3,25.0,21.3,34.2,29.6,28.1,23.1,24.5,20.8,24.9,30.0,21.9,24.8,19.9
8690,18.8,23.1,20.4,26.9,25.8,29.3,28.8,25.4,30.0,27.4,32.2,31.2,31.4,28.2,29.0,31.0,26.3,30.4,31.3,32.4,27.0,28.8,30.5,24.8,25.1,26.8,30.3,27.3,24.8,31.5,27.6,30.9,20.7,21.5,21.6,21.2,29.1,23.3,29.5,23.5,29.5,27.1,23.0,19.6,22.0,23.4,21.6,24.0,27.1,18.8,29.4,28.8,25.4,19.6,23.7,26.0,23.7,24.9,26.7,26.6,32.6,23.9,30.0,21.7,34.5,26.7,29.3,29.5,32.8,30.6,24.8,25.6,19.9,18.5,24.4,20.6,33.8,29.3,27.6,22.7,23.9,20.3,24.9,29.7,21.6,24.3,19.6
8691,18.5,22.7,19.8,26.8,25.6,28.8,28.3,24.8,29.6,26.9,31.9,30.7,30.9,27.6,28.5,30.4,25.9,30.1,30.9,32.0,26.5,28.3,30.1,24.3,24.7,26.3,29.6,26.8,24.2,31.1,27.0,30.4,20.4,21.2,21.2,20.8,28.6,23.2,28.8,22.9,28.8,26.9,22.6,19.1,21.3,23.0,21.2,23.4,26.5,18.0,28.9,28.0,24.6,19.4,23.5,25.8,23.6,24.7,26.5,26.5,32.5,23.6,29.9,21.4,34.4,26.3,28.8,28.8,32.2,30.1,23.8,25.0,19.8,18.0,23.9,20.2,33.4,28.9,27.0,22.3,23.4,19.6,24.9,29.4,21.3,23.8,19.3
8692,18.0,22.8,19.7,26.3,25.1,28.3,27.9,24.3,29.2,26.6,31.3,30.3,30.5,27.2,27.9,30.0,25.4,29.9,30.4,31.6,26.0,27.9,29.6,24.0,24.4,25.8,29.1,26.2,24.0,30.7,26.5,30.0,20.1,20.7,20.8,20.5,27.9,22.9,28.5,22.3,28.1,26.8,21.9,18.5,20.7,22.5,20.7,23.0,26.0,17.8,28.3,27.5,23.7,19.3,23.3,25.6,23.2,24.7,26.4,26.3,32.2,23.3,29.8,20.9,34.3,25.9,28.5,28.3,31.6,29.7,22.8,25.0,19.3,17.6,23.6,19.7,33.1,28.5,26.5,21.9,23.0,18.9,24.6,29.1,20.9,23.5,19.1
8693,17.4,22.4,19.5,25.7,24.8,27.9,27.5,23.9,28.8,26.1,30.8,29.9,30.2,26.6,27.5,29.6,25.2,29.9,30.1,31.3,25.6,27.3,29.1,23.5,23.9,25.5,28.5,25.7,23.8,30.4,26.3,29.6,19.8,20.6,20.6,20.0,27.5,22.5,28.1,21.6,27.5,26.5,21.4,18.1,20.4,22.4,20.3,22.3,25.7,17.5,27.8,26.8,23.1,19.1,22.8,25.3,22.8,24.4,26.1,26.1,32.1,23.1,29.6,20.3,34.1,25.6,28.4,27.9,31.2,29.5,22.1,24.7,18.9,17.1,23.2,19.1,32.7,28.2,26.1,21.6,22.7,18.6,24.3,28.7,20.5,23.1,18.7
8694,16.8,22.2,19.3,25.3,24.5,27.3,27.1,23.7,28.5,25.8,30.5,29.5,29.8,26.3,27.0,29.2,24.8,29.8,29.7,31.1,25.2,27.0,28.6,23.1,23.7,25.1,28.1,25.4,23.5,30.0,25.7,29.3,19.6,20.3,20.6,20.0,26.8,22.6,27.6,21.1,27.1,26.2,20.8,17.7,19.8,22.0,20.0,21.8,25.1,17.4,27.3,26.6,22.5,19.1,22.6,25.1,22.9,24.2,25.8,26.1,32.0,22.8,29.7,20.2,33.9,25.4,28.2,27.4,31.0,29.0,21.7,23.9,18.6,17.2,22.8,19.1,32.3,27.9,25.8,21.1,22.4,18.3,24.1,28.5,20.1,22.6,18.4
8695,16.4,22.2,19.2,24.7,24.2,26.9,26.8,23.4,28.2,25.5,30.3,29.4,29.5,25.9,26.6,29.0,24.4,29.8,29.6,30.8,25.0,26.8,28.3,22.9,23.1,25.0,27.8,25.1,23.2,29.9,25.3,29.0,19.4,20.1,20.3,19.7,26.6,22.3,27.2,20.5,26.6,26.0,20.3,17.6,19.7,22.1,19.6,21.5,24.6,17.0,27.2,26.4,21.9,18.7,22.5,24.9,22.8,24.1,25.6,25.9,31.9,22.7,29.6,19.5,33.7,25.0,27.9,27.1,30.6,28.9,21.2,23.6,18.3,16.9,22.7,18.7,32.1,27.8,25.4,20.9,22.0,18.0,24.1,28.3,19.9,22.3,18.3
8696,18.8,22.9,21.1,24.4,24.1,26.7,26.5,23.2,28.3,25.3,30.6,29.3,29.9,25.7,26.6,28.9,24.2,29.7,30.0,31.5,24.8,26.7,28.2,22.7,22.8,24.7,27.7,24.9,23.0,30.1,25.1,29.5,19.3,19.9,20.1,19.6,28.7,23.0,26.9,21.7,26.9,28.8,19.9,17.4,21.1,23.7,20.3,23.7,27.5,16.7,27.1,26.7,22.4,19.9,22.4,25.0,22.5,24.0,25.6,26.1,31.8,22.5,29.6,20.5,33.6,24.8,28.0,26.7,31.2,29.4,21.3,23.4,20.3,16.9,23.9,18.7,32.7,28.1,25.1,20.7,21.7,17.8,24.2,28.7,19.6,22.1,18.2
8697,24.2,26.5,26.4,26.5,26.1,28.6,29.0,26.0,30.2,27.4,32.6,30.9,32.1,27.4,28.9,30.5,27.1,31.5,32.4,33.6,27.2,28.8,30.7,24.2,24.7,27.1,29.2,27.0,25.0,32.3,27.3,31.2,20.4,21.5,21.4,21.3,33.7,26.9,29.5,26.2,29.8,33.5,21.9,20.1,25.4,28.9,23.3,28.4,35.0,19.1,31.7,29.7,27.3,23.6,23.0,26.3,23.5,25.0,25.8,27.3,33.0,22.6,31.0,25.7,34.4,26.6,30.0,28.4,33.8,31.2,26.7,25.9,26.1,19.6,28.8,22.0,34.8,29.9,27.3,22.5,23.6,19.3,24.9,30.3,20.7,23.9,19.7
8698,29.0,30.1,31.5,31.3,29.2,31.4,32.0,29.2,32.5,29.9,34.7,33.1,34.4,30.1,31.7,32.8,30.3,33.6,34.7,35.7,30.2,31.5,33.6,26.9,28.5,30.3,31.6,30.2,27.6,34.8,30.3,33.5,23.2,24.6,23.5,24.1,38.0,31.1,33.7,30.0,32.8,37.6,26.2,23.4,29.6,33.9,26.6,32.3,41.0,22.5,36.8,33.0,32.1,27.7,24.6,28.3,25.9,27.2,27.5,28.9,34.3,24.3,33.1,30.4,35.9,29.4,32.6,30.7,36.3,33.1,31.4,31.6,31.2,23.1,33.0,25.8,36.9,31.7,30.0,26.6,27.0,22.7,27.0,32.0,23.2,26.6,22.3
8699,33.2,33.2,34.6,35.8,32.2,34.2,34.8,32.5,34.8,32.1,36.3,35.5,36.5,32.4,34.6,35.0,33.1,34.9,36.4,37.4,33.1,33.7,36.4,29.5,32.1,33.4,34.1,33.2,30.2,37.2,33.1,35.7,25.9,27.5,25.7,26.7,41.4,34.4,37.6,33.1,35.7,40.2,30.2,26.1,33.5,37.3,30.3,35.5,45.1,26.2,40.7,36.0,36.3,31.3,26.5,30.1,28.0,29.3,29.5,30.5,35.6,26.5,34.7,33.9,37.7,31.8,35.2,33.2,38.7,34.7,35.5,36.6,35.5,26.1,36.0,29.3,38.6,33.2,32.6,30.3,30.2,26.3,28.8,33.7,26.0,29.1,24.6
8700,36.5,35.1,36.5,39.4,34.6,36.6,37.1,35.0,36.6,34.4,38.0,37.6,38.4,34.6,36.9,36.8,35.5,36.0,38.1,38.7,35.4,35.7,38.5,31.9,34.9,36.1,36.3,35.8,32.3,39.4,35.6,37.4,28.3,29.8,27.8,28.9,44.3,36.6,40.9,35.5,38.3,41.9,33.5,28.3,36.6,39.8,33.5,38.0,47.9,29.1,43.6,38.5,39.5,33.7,28.2,31.6,29.7,31.0,31.3,31.5,36.7,28.4,36.0,36.6,39.4,33.7,37.4,35.1,40.6,36.2,39.2,40.3,38.7,27.9,38.3,32.3,40.1,34.5,34.8,33.4,33.1,29.6,30.3,34.9,28.4,31.4,26.7
8701,38.7,36.4,37.4,41.8,36.6,38.3,38.9,36.8,38.0,35.7,39.3,39.3,39.7,36.1,38.6,38.3,37.3,36.9,39.0,39.5,37.4,37.4,40.1,33.6,37.6,38.0,37.8,37.8,34.0,40.9,37.5,39.0,30.2,31.4,29.6,30.6,46.4,37.8,43.5,37.2,40.4,43.2,35.8,30.1,39.0,41.0,35.7,39.9,49.8,31.3,46.2,40.5,42.2,35.2,29.5,32.6,30.7,32.1,32.6,32.3,37.2,30.0,37.0,38.6,41.4,35.0,39.2,36.8,42.0,37.5,41.6,42.6,41.1,29.3,40.1,34.2,41.0,35.6,36.4,35.6,35.1,32.4,31.3,35.8,30.1,33.2,28.2
8702,39.8,36.8,37.4,43.3,37.8,39.7,40.0,38.0,39.0,36.7,40.1,40.6,40.6,37.2,39.8,39.2,38.5,37.3,39.9,39.9,38.5,38.5,41.4,34.8,38.8,39.4,38.8,39.0,35.2,41.9,38.7,39.9,31.4,32.6,30.7,31.6,47.5,38.1,45.2,38.4,42.0,43.6,37.5,30.9,40.2,41.4,37.2,41.0,50.3,32.4,47.8,41.9,44.0,35.5,30.0,33.1,31.2,32.4,33.7,32.7,37.5,31.2,37.5,39.8,42.8,35.7,40.6,37.8,43.0,38.5,43.3,44.1,42.1,30.4,41.0,35.5,41.6,36.1,37.5,37.4,36.5,34.4,31.8,36.3,31.3,34.2,29.1
8703,39.4,36.0,37.2,43.8,38.4,40.0,40.7,38.5,39.2,37.1,40.3,41.1,40.9,37.5,40.2,39.6,38.8,37.3,40.1,39.9,38.8,38.7,41.8,35.4,39.4,40.0,39.1,39.3,35.7,42.3,39.2,40.3,31.6,33.0,31.2,32.1,47.7,37.5,46.0,38.8,42.8,42.9,38.3,31.2,40.2,41.4,37.9,41.1,51.1,33.1,48.6,42.6,44.9,35.3,30.2,33.1,31.3,32.6,34.1,32.2,37.2,31.7,37.4,40.0,43.5,35.7,41.2,38.2,43.3,38.7,44.0,44.2,42.3,30.6,41.0,35.8,41.7,36.1,37.8,37.5,37.2,35.3,32.1,36.2,31.9,34.7,29.1
8704,37.9,34.0,34.6,43.5,38.1,39.8,40.4,38.1,38.5,36.5,39.7,40.9,40.3,37.2,39.7,39.0,38.2,36.0,39.3,38.9,38.3,38.1,41.4,35.1,39.0,39.6,38.8,38.6,35.0,41.6,38.6,39.7,31.1,32.4,30.8,31.5,46.5,35.1,45.8,37.9,42.6,40.6,38.2,30.2,38.3,39.6,37.4,39.5,49.3,32.6,48.3,41.8,44.6,32.9,29.5,31.9,30.5,31.9,33.7,31.3,36.3,31.5,36.1,39.0,43.4,34.4,40.7,37.7,42.7,38.0,43.5,44.5,40.6,29.8,39.6,35.3,41.0,35.4,37.3,37.6,36.7,35.1,31.4,35.4,31.6,34.2,28.8
8705,32.4,30.0,29.6,42.1,35.8,38.1,38.5,35.8,36.5,34.4,38.1,39.4,37.9,35.6,37.8,37.2,35.7,34.2,37.2,36.9,35.8,35.8,39.2,33.1,36.9,37.5,37.1,36.3,32.9,39.4,36.7,37.2,28.8,30.4,29.1,29.5,42.1,31.0,44.2,34.4,40.8,35.0,36.2,26.9,34.2,35.5,34.8,35.1,43.5,30.3,46.3,39.3,42.4,28.9,28.0,29.9,28.8,29.8,32.6,29.3,35.2,30.3,34.2,34.5,41.7,32.1,37.4,36.0,40.5,35.9,41.0,43.0,34.9,27.4,35.0,33.2,39.1,33.8,35.1,35.5,34.6,33.0,29.5,34.0,29.5,32.2,26.4
8706,28.0,27.8,26.2,38.2,32.8,35.9,35.5,33.0,34.9,32.6,36.7,37.4,36.2,34.0,35.3,35.8,33.0,33.4,35.9,35.7,33.4,34.1,36.2,30.4,32.3,34.1,35.9,34.0,30.7,36.8,34.3,35.3,26.2,27.7,27.2,27.5,37.8,28.4,39.1,31.1,38.1,32.3,32.2,23.9,31.3,31.0,31.7,31.9,39.1,26.2,41.3,36.8,36.4,26.3,26.4,28.9,26.9,28.2,30.7,28.7,34.8,28.2,33.1,31.0,40.1,30.5,34.6,34.7,38.2,34.6,35.3,37.5,30.8,24.2,32.2,28.3,37.7,32.9,33.1,31.2,31.3,29.9,27.1,33.1,27.6,30.4,24.9
8707,25.4,26.6,24.3,34.4,31.0,34.4,33.9,30.8,34.0,31.6,35.7,35.8,35.2,32.5,33.6,34.6,31.0,32.6,34.8,35.0,31.8,32.7,34.5,29.2,30.4,31.4,34.3,32.1,29.2,35.5,32.9,34.5,24.9,26.2,26.0,25.5,35.7,27.1,36.3,28.6,35.8,30.7,29.2,22.7,29.5,29.0,29.5,30.3,36.1,24.2,37.9,35.6,32.4,24.8,25.7,28.1,26.0,27.4,29.4,28.1,34.3,27.0,32.4,28.8,38.8,29.6,33.3,33.4,36.9,33.9,32.7,33.9,28.8,22.7,30.2,26.6,36.7,32.1,31.9,28.2,29.3,27.3,26.6,32.6,25.5,28.8,23.0
8708,23.6,25.7,23.1,32.3,29.9,33.1,32.8,29.5,33.3,30.8,34.9,34.9,34.5,31.7,32.7,33.8,29.9,32.1,34.1,34.3,30.8,31.8,33.7,28.5,29.1,30.3,33.5,31.0,28.4,34.4,31.5,33.7,23.8,25.0,25.1,24.4,34.1,26.0,34.7,26.8,34.7,29.8,27.6,22.2,27.9,27.7,27.3,29.1,34.2,22.8,35.8,34.2,30.6,23.5,25.1,27.5,25.3,26.8,28.4,28.0,34.1,26.0,31.8,27.2,37.9,29.0,32.6,32.5,36.0,33.3,31.1,31.9,26.9,21.7,28.5,25.2,36.1,31.6,31.0,26.8,28.0,25.6,26.4,31.8,24.5,27.7,22.3
8709,22.3,24.8,22.2,30.6,29.1,32.4,31.8,28.6,32.5,30.3,34.2,34.0,33.7,31.0,31.8,33.1,29.0,31.9,33.3,33.9,30.0,30.9,32.9,27.7,28.3,29.5,32.8,30.1,27.7,33.8,30.7,33.0,23.0,24.4,24.4,23.7,33.0,25.3,33.2,25.8,33.8,29.2,26.8,21.5,26.4,27.2,25.8,27.9,32.7,21.5,34.2,32.9,29.3,22.6,24.9,27.3,24.7,26.2,27.9,27.6,33.6,25.6,31.4,25.8,37.1,28.5,31.9,31.8,35.2,32.7,29.8,30.3,25.5,20.9,27.7,23.9,35.5,31.0,30.0,25.4,26.9,24.2,26.2,31.3,23.6,26.8,21.7
8710,21.4,24.3,21.6,29.7,28.3,31.7,31.1,27.8,32.0,29.6,33.6,33.3,33.0,30.2,31.2,32.5,28.2,31.3,32.9,33.4,29.2,30.2,32.1,27.0,27.8,28.8,32.0,29.4,26.8,33.3,29.9,32.5,22.3,23.5,23.6,23.0,32.1,24.7,32.2,25.1,32.7,28.3,26.0,20.9,25.3,26.6,24.4,26.9,31.0,20.9,32.8,31.9,28.2,22.0,24.6,26.8,24.5,25.8,27.6,27.5,33.5,25.0,31.2,25.0,36.4,28.0,30.9,31.1,34.6,31.9,28.7,29.0,24.1,20.3,26.8,23.0,35.2,30.5,29.6,24.5,26.3,23.0,25.6,30.8,22.9,26.1,21.0
8711,20.7,24.1,21.2,28.8,27.5,31.0,30.3,26.7,31.5,29.1,32.9,32.5,32.4,29.6,30.6,31.9,27.7,31.0,32.4,33.0,28.5,29.7,31.8,26.1,27.2,28.4,31.5,28.5,26.5,32.7,29.3,31.9,21.7,22.8,23.0,22.4,31.3,24.2,31.6,24.5,31.9,27.7,25.0,20.5,24.1,25.5,23.4,26.0,29.6,20.1,31.7,30.9,27.3,21.1,24.4,26.7,24.2,25.4,27.4,27.4,33.3,24.5,31.0,23.7,35.7,27.7,30.5,30.6,34.1,31.3,27.9,28.2,22.7,19.7,26.0,22.0,34.7,29.9,28.9,24.0,25.5,21.9,25.2,30.2,22.4,25.5,20.6
8712,19.9,23.5,20.7,28.0,26.9,30.4,29.9,26.3,30.8,28.6,32.6,31.9,31.8,29.0,30.0,31.6,27.1,30.8,31.7,32.5,28.0,29.2,31.2,25.7,26.4,27.8,31.0,28.2,25.8,32.3,28.5,31.4,21.3,22.3,22.2,21.9,30.4,23.7,30.6,24.1,31.0,27.4,24.2,20.1,23.3,25.0,22.6,25.2,28.7,19.4,30.9,29.9,26.7,20.7,24.1,26.4,23.9,25.0,27.2,26.9,33.1,24.1,30.6,22.7,35.1,27.2,30.0,30.1,33.5,30.9,26.9,27.2,21.8,19.3,25.2,21.5,34.2,29.4,28.3,23.5,24.8,21.1,25.2,29.8,22.0,25.2,20.1
8713,19.0,23.0,20.4,27.6,26.2,29.8,29.3,25.7,30.4,27.9,32.3,31.3,31.5,28.5,29.4,31.1,26.6,30.7,31.3,32.1,27.4,29.0,30.7,25.0,25.7,27.3,30.5,27.5,25.2,31.6,27.8,31.0,20.8,21.7,21.8,21.4,29.5,23.4,30.2,23.9,30.1,27.1,23.5,19.6,22.5,24.0,22.0,24.5,27.8,18.8,30.1,29.1,25.8,20.2,23.4,26.2,23.7,24.4,26.8,26.9,32.7,23.9,30.4,22.0,34.9,26.8,29.4,29.6,32.9,30.3,25.9,26.3,20.9,19.1,24.5,20.9,33.7,29.1,27.9,22.8,24.2,20.6,24.9,29.5,21.6,24.5,19.6
8714,18.5,23.1,20.0,26.9,25.6,29.2,28.6,25.1,29.9,27.2,31.7,31.0,31.1,28.0,28.8,30.7,26.1,30.5,30.9,31.8,26.7,28.5,30.3,24.5,25.0,26.6,30.0,27.1,24.8,31.2,27.3,30.6,20.4,21.2,21.2,20.8,28.9,23.3,29.4,23.4,29.4,27.1,22.8,19.2,21.7,23.5,21.3,23.8,27.0,18.3,29.3,28.4,25.1,19.4,23.4,26.1,23.3,24.5,26.5,26.7,32.7,23.7,30.1,21.5,34.4,26.7,29.1,29.2,32.4,30.0,24.7,25.4,19.7,18.1,23.9,20.2,33.2,28.7,27.3,22.4,23.6,20.0,24.9,29.2,21.3,24.0,19.2
8715,18.1,22.7,19.5,26.7,25.4,28.6,28.1,24.5,29.5,26.7,31.4,30.4,30.5,27.4,28.2,30.1,25.7,30.2,30.5,31.3,26.2,28.0,29.9,24.0,24.5,26.1,29.3,26.6,24.2,30.8,26.7,30.0,20.1,20.9,20.8,20.4,28.4,23.1,28.8,22.8,28.7,27.0,22.4,18.8,21.1,23.1,20.8,23.3,26.4,17.6,28.8,27.6,24.4,19.2,23.1,25.9,23.2,24.3,26.3,26.5,32.7,23.4,30.1,21.1,34.3,26.4,28.6,28.6,31.8,29.5,23.6,24.9,19.5,17.6,23.4,19.7,32.8,28.3,26.8,22.1,23.1,19.3,24.9,28.9,21.0,23.5,18.8
8716,17.6,22.7,19.3,26.1,24.9,28.1,27.7,24.0,29.1,26.3,30.8,30.0,30.2,27.0,27.7,29.7,25.2,30.1,30.0,30.9,25.7,27.5,29.4,23.6,24.1,25.6,28.9,26.0,23.9,30.5,26.2,29.6,19.8,20.4,20.5,20.2,27.8,22.9,28.5,22.2,28.0,26.8,21.6,18.1,20.5,22.5,20.4,22.7,25.9,17.3,28.0,27.2,23.4,19.0,23.0,25.7,22.8,24.2,26.1,26.3,32.4,23.0,29.9,20.6,34.2,26.0,28.4,28.0,31.1,29.1,22.7,24.9,19.1,17.2,23.0,19.3,32.5,27.9,26.3,21.6,22.7,18.7,24.6,28.7,20.6,23.2,18.6
8717,17.0,22.4,19.3,25.5,24.5,27.7,27.3,23.6,28.7,25.9,30.4,29.6,29.8,26.4,27.3,29.3,24.9,30.0,29.6,30.7,25.3,27.1,29.0,23.2,23.7,25.2,28.3,25.4,23.7,30.1,25.9,29.2,19.5,20.2,20.2,19.6,27.4,22.5,28.1,21.5,27.3,26.5,21.2,17.7,20.0,22.4,19.9,22.1,25.6,17.0,27.5,26.5,22.9,18.9,22.4,25.4,22.5,23.9,25.9,25.9,32.3,22.9,29.8,20.0,34.0,25.7,28.2,27.6,30.8,29.0,21.9,24.5,18.8,16.7,22.5,18.6,32.1,27.6,25.8,21.3,22.3,18.4,24.2,28.3,20.3,22.7,18.3
8718,16.5,22.1,19.1,25.1,24.3,27.2,26.9,23.4,28.4,25.5,30.1,29.3,29.5,26.1,26.8,28.9,24.5,29.9,29.2,30.4,24.9,26.7,28.4,22.8,23.4,24.8,27.9,25.1,23.5,29.8,25.4,29.0,19.3,19.9,20.2,19.5,26.7,22.6,27.6,21.0,27.0,26.2,20.6,17.3,19.6,22.0,19.6,21.6,25.0,16.9,27.0,26.4,22.2,18.8,22.3,25.2,22.6,23.8,25.5,26.0,32.2,22.6,30.0,19.8,33.8,25.5,28.0,27.1,30.6,28.5,21.5,23.9,18.3,16.7,22.2,18.5,31.8,27.4,25.5,20.8,22.0,18.1,23.9,28.2,19.9,22.3,18.1
8719,16.0,22.2,19.0,24.6,23.9,26.7,26.6,23.0,28.0,25.2,29.9,29.2,29.2,25.6,26.3,28.6,24.1,29.9,29.1,30.2,24.6,26.4,28.1,22.6,22.9,24.6,27.6,24.8,23.1,29.6,24.9,28.7,19.1,19.8,19.9,19.3,26.5,22.4,27.1,20.3,26.5,26.1,20.1,17.2,19.4,22.2,19.2,21.2,24.6,16.5,26.9,26.1,21.6,18.5,22.2,25.0,22.5,23.8,25.4,25.8,32.1,22.5,29.8,19.1,33.6,25.1,27.7,26.8,30.2,28.4,20.9,23.6,18.0,16.5,22.1,18.2,31.6,27.3,25.1,20.6,21.5,17.8,24.0,28.0,19.6,21.9,18.0
8720,18.4,22.9,20.9,24.3,23.7,26.4,26.3,22.9,28.1,25.1,30.2,29.1,29.6,25.4,26.3,28.5,23.9,29.7,29.5,30.8,24.5,26.3,27.9,22.4,22.7,24.3,27.5,24.6,22.9,29.8,24.8,29.1,19.0,19.5,19.7,19.2,28.6,23.0,26.9,21.5,26.9,28.9,19.7,17.0,20.9,23.8,19.9,23.4,27.4,16.2,26.7,26.4,22.0,19.6,22.1,25.1,22.2,23.6,25.4,25.9,32.0,22.3,29.9,20.2,33.5,25.0,27.8,26.4,30.8,28.9,21.0,23.4,20.0,16.5,23.4,18.1,32.1,27.5,24.8,20.4,21.3,17.6,24.1,28.4,19.5,21.7,17.9
8721,23.8,26.5,26.2,26.4,25.8,28.4,28.8,25.7,30.0,27.1,32.1,30.6,31.7,27.2,28.6,30.2,26.8,31.6,31.9,33.0,26.9,28.5,30.5,24.0,24.6,26.8,29.0,26.8,24.9,32.0,27.0,30.8,20.2,21.2,21.0,21.0,33.8,27.1,29.4,26.0,29.7,33.7,21.6,19.6,25.3,29.0,22.9,28.2,34.9,18.7,31.5,29.3,27.0,23.3,22.8,26.4,23.3,24.6,25.6,27.3,33.1,22.5,31.2,25.4,34.4,26.7,29.8,28.1,33.4,30.7,26.3,26.1,26.0,19.3,28.3,21.6,34.2,29.3,27.0,22.3,23.3,19.0,24.8,30.0,20.6,23.6,19.4
8722,28.8,30.1,31.4,31.3,29.0,31.3,31.8,28.9,32.2,29.6,34.2,32.7,34.0,29.8,31.5,32.4,30.0,33.8,34.3,35.1,30.0,31.2,33.4,26.7,28.5,30.1,31.3,29.9,27.5,34.5,30.1,33.1,23.0,24.3,23.2,23.8,38.2,31.3,33.9,30.0,32.8,37.9,25.9,23.0,29.6,34.2,26.2,32.1,41.0,22.2,36.7,32.7,31.7,27.5,24.4,28.4,25.6,26.9,27.3,28.9,34.5,24.1,33.3,30.0,35.9,29.5,32.4,30.5,35.9,32.5,31.1,31.8,31.3,22.8,32.5,25.6,36.4,31.1,29.7,26.4,26.8,22.5,27.0,31.8,23.1,26.3,22.0
8723,33.1,33.3,34.6,35.9,32.0,34.2,34.7,32.2,34.5,31.9,35.9,35.0,36.1,32.2,34.4,34.6,32.8,35.1,36.0,36.9,32.9,33.4,36.1,29.4,32.1,33.3,33.8,33.0,30.2,36.9,32.8,35.3,25.8,27.3,25.4,26.4,41.6,34.6,37.9,33.1,35.7,40.6,30.1,25.7,33.6,37.7,29.9,35.3,45.1,25.9,40.6,35.8,35.9,31.2,26.3,30.2,27.8,29.0,29.4,30.5,35.8,26.3,34.9,33.6,37.6,31.9,35.1,32.9,38.3,34.2,35.3,37.0,35.6,25.8,35.6,29.1,38.2,32.7,32.3,30.2,30.1,26.1,28.7,33.5,25.8,28.8,24.4
8724,36.4,35.2,36.6,39.5,34.6,36.7,37.0,34.8,36.4,34.1,37.6,37.1,38.0,34.3,36.8,36.5,35.3,36.2,37.7,38.1,35.2,35.4,38.3,31.8,34.9,36.1,36.0,35.5,32.2,39.0,35.3,37.0,28.1,29.7,27.6,28.6,44.5,36.8,41.3,35.5,38.3,42.3,33.4,28.0,36.7,40.1,33.2,37.9,47.9,29.0,43.7,38.4,39.2,33.7,28.0,31.7,29.5,30.8,31.1,31.5,36.9,28.3,36.1,36.4,39.4,33.7,37.4,34.9,40.1,35.7,38.9,40.8,38.8,27.6,37.9,32.2,39.6,34.0,34.5,33.4,33.0,29.5,30.3,34.8,28.3,31.2,26.4
8725,38.7,36.4,37.5,42.0,36.6,38.3,38.9,36.7,37.9,35.5,38.9,38.9,39.2,35.9,38.6,37.9,37.1,37.2,38.6,38.9,37.1,37.0,40.0,33.5,37.8,38.1,37.5,37.6,33.9,40.5,37.3,38.5,30.1,31.2,29.4,30.3,46.6,38.0,43.9,37.2,40.3,43.6,35.9,29.9,39.0,41.4,35.5,39.9,49.9,31.1,46.3,40.6,42.0,35.2,29.4,32.7,30.5,31.9,32.4,32.3,37.4,29.9,37.2,38.4,41.3,35.1,39.1,36.6,41.6,37.0,41.4,43.0,41.2,29.0,39.9,34.3,40.5,35.0,36.1,35.5,35.1,32.4,31.2,35.7,30.0,33.0,28.0
8726,39.9,36.8,37.5,43.6,38.0,39.8,40.1,38.0,38.9,36.5,39.7,40.2,40.2,37.0,39.8,38.9,38.3,37.6,39.5,39.2,38.3,38.1,41.3,34.8,39.0,39.6,38.5,38.9,35.2,41.5,38.5,39.5,31.3,32.5,30.5,31.4,47.6,38.2,45.7,38.4,41.9,43.9,37.6,30.7,40.2,41.6,37.0,41.0,50.3,32.4,48.0,42.0,43.8,35.7,29.9,33.2,31.0,32.3,33.5,32.7,37.7,31.0,37.7,39.7,42.8,35.8,40.5,37.6,42.6,38.0,43.1,44.5,42.2,30.1,40.9,35.6,41.1,35.5,37.2,37.3,36.5,34.4,31.8,36.2,31.2,34.1,28.9
8727,39.1,36.1,37.3,44.1,38.5,40.2,40.8,38.5,39.0,36.9,40.0,40.7,40.5,37.3,40.3,39.3,38.7,37.5,39.7,39.2,38.7,38.4,41.8,35.4,39.6,40.2,38.9,39.2,35.5,41.9,39.1,39.9,31.5,32.9,31.0,31.9,47.8,37.6,46.5,38.9,42.8,43.3,38.3,31.0,40.2,41.7,37.7,41.2,51.1,33.1,48.8,42.6,44.8,35.3,30.1,33.2,31.1,32.5,33.9,32.3,37.4,31.5,37.6,39.9,43.5,35.8,41.1,38.0,42.8,38.2,43.8,44.6,42.4,30.4,41.0,36.0,41.2,35.6,37.5,37.4,37.2,35.3,32.0,36.1,31.8,34.6,29.0
8728,37.9,34.2,34.8,43.9,38.2,39.9,40.5,38.1,38.4,36.4,39.4,40.5,40.0,37.0,39.8,38.7,38.1,36.3,38.9,38.3,38.2,37.8,41.4,35.0,39.2,39.8,38.6,38.6,34.9,41.3,38.6,39.4,31.0,32.3,30.7,31.3,46.7,35.4,46.2,38.0,42.6,40.9,38.3,30.0,38.3,39.8,37.2,39.6,49.4,32.6,48.6,42.0,44.6,33.0,29.4,32.0,30.3,31.7,33.6,31.4,36.4,31.4,36.3,38.9,43.4,34.6,40.6,37.5,42.3,37.6,43.4,44.8,40.8,29.5,39.6,35.5,40.5,34.9,37.1,37.5,36.8,34.9,31.4,35.3,31.6,34.1,28.7
8729,32.4,30.3,29.9,42.4,36.0,38.3,38.6,35.8,36.3,34.2,37.8,39.0,37.6,35.4,37.9,36.9,35.7,34.5,36.8,36.3,35.8,35.6,39.2,33.1,37.1,37.7,37.0,36.3,32.8,39.2,36.7,36.9,28.8,30.3,29.0,29.4,42.3,31.3,44.6,34.4,40.8,35.1,36.4,26.8,34.0,35.7,34.6,35.2,43.5,30.2,46.6,39.4,42.4,29.0,27.9,30.0,28.7,29.5,32.4,29.4,35.4,30.2,34.4,34.5,41.8,32.3,37.4,35.8,40.1,35.6,40.9,43.3,34.9,27.2,34.9,33.4,38.6,33.3,35.0,35.5,34.7,33.1,29.5,33.9,29.5,32.1,26.3
8730,27.9,28.1,26.3,38.4,32.9,36.0,35.6,32.8,34.8,32.4,36.3,37.1,35.8,33.8,35.3,35.4,32.8,33.7,35.4,35.0,33.2,33.8,36.1,30.4,32.5,34.2,35.8,33.9,30.6,36.6,34.2,34.9,26.1,27.6,27.1,27.3,37.7,28.6,39.3,31.1,38.1,32.3,32.4,23.7,31.3,31.1,31.5,31.9,38.9,26.0,41.5,36.9,36.3,26.4,26.2,29.0,26.7,27.8,30.5,28.7,35.0,28.0,33.3,30.9,40.1,30.8,34.6,34.5,37.8,34.2,35.1,37.7,30.7,23.9,32.0,28.3,37.2,32.3,32.8,31.4,31.3,29.9,27.0,32.8,27.5,30.3,24.7
8731,25.2,26.8,24.4,34.5,31.0,34.4,33.9,30.6,33.8,31.3,35.3,35.5,34.8,32.2,33.5,34.2,30.7,32.9,34.4,34.4,31.5,32.4,34.3,29.1,30.5,31.4,34.2,32.0,29.0,35.1,32.7,34.1,24.8,26.0,25.9,25.3,35.6,27.3,36.5,28.6,35.8,30.8,29.3,22.5,29.4,28.9,29.3,30.2,36.0,23.9,38.0,35.6,32.2,24.9,25.4,28.3,25.8,27.0,29.2,28.3,34.4,26.8,32.6,28.7,38.8,30.0,33.3,33.2,36.6,33.4,32.4,33.9,28.6,22.4,30.1,26.5,36.2,31.5,31.5,28.2,29.3,27.3,26.5,32.3,25.4,28.6,23.0
8732,23.5,26.0,23.1,32.4,29.9,33.2,32.8,29.3,33.1,30.5,34.4,34.5,34.0,31.4,32.6,33.5,29.5,32.4,33.7,33.8,30.6,31.4,33.5,28.4,29.3,30.3,33.2,30.8,28.1,34.1,31.3,33.3,23.7,24.8,24.9,24.1,33.9,26.3,34.8,26.8,34.7,29.8,27.7,21.9,27.7,27.8,27.0,29.0,34.0,22.6,35.9,34.2,30.4,23.7,25.0,27.7,25.1,26.4,28.2,28.1,34.3,25.9,32.1,27.1,37.9,29.2,32.7,32.2,35.6,32.8,30.8,32.0,26.8,21.3,28.4,25.1,35.7,31.0,30.6,26.7,28.0,25.6,26.3,31.4,24.4,27.5,22.2
8733,22.1,25.1,22.2,30.7,29.1,32.4,31.8,28.4,32.3,30.0,33.7,33.6,33.2,30.7,31.7,32.8,28.7,32.2,32.9,33.4,29.7,30.5,32.7,27.6,28.4,29.4,32.5,29.9,27.4,33.5,30.4,32.7,22.8,24.2,24.3,23.5,32.9,25.6,33.3,25.8,33.7,29.3,26.9,21.2,26.3,27.2,25.4,27.8,32.5,21.3,34.2,32.9,29.0,22.7,24.7,27.5,24.5,25.8,27.8,27.6,33.8,25.5,31.7,25.7,37.1,28.7,31.9,31.5,34.9,32.2,29.5,30.4,25.4,20.3,27.5,23.9,35.1,30.4,29.7,25.4,26.9,24.2,26.1,30.9,23.5,26.6,21.5
8734,21.2,24.5,21.6,29.7,28.2,31.7,31.0,27.6,31.9,29.3,33.2,32.9,32.6,29.9,31.1,32.2,27.8,31.6,32.4,32.9,29.0,29.9,31.9,27.0,28.0,28.8,31.7,29.3,26.5,33.0,29.7,32.1,22.2,23.3,23.5,22.8,32.0,25.0,32.3,25.1,32.6,28.4,26.1,20.5,25.3,26.6,24.0,26.9,30.7,20.6,32.7,31.8,28.0,22.1,24.4,27.0,24.2,25.5,27.5,27.6,33.6,24.8,31.4,24.7,36.4,28.3,31.0,30.8,34.3,31.4,28.4,29.1,24.1,19.8,26.6,23.0,34.7,29.8,29.2,24.5,26.2,22.9,25.5,30.4,22.8,25.8,20.8
8735,20.6,24.3,21.1,28.8,27.5,31.0,30.4,26.5,31.3,28.8,32.5,32.2,32.0,29.4,30.6,31.6,27.3,31.3,31.8,32.4,28.3,29.3,31.6,26.1,27.4,28.3,31.2,28.5,26.1,32.4,29.0,31.4,21.6,22.5,22.8,22.1,31.1,24.4,31.5,24.4,31.8,27.8,25.1,20.1,24.1,25.6,23.0,26.1,29.5,19.8,31.7,30.8,27.1,21.3,24.2,26.8,24.0,25.0,27.3,27.5,33.4,24.3,31.2,23.6,35.8,27.9,30.6,30.3,33.7,30.9,27.6,28.3,22.7,19.1,25.8,21.9,34.2,29.3,28.6,24.0,25.5,21.9,25.1,29.8,22.2,25.3,20.3
8736,19.8,23.7,20.7,28.2,27.0,30.4,29.9,26.1,30.7,28.3,32.2,31.5,31.5,28.7,30.1,31.3,26.8,31.1,31.3,31.9,27.8,28.9,31.1,25.8,26.6,27.8,30.8,28.1,25.6,32.0,28.3,31.0,21.3,22.0,22.0,21.5,30.2,24.0,30.7,24.0,30.9,27.5,24.3,19.8,23.3,25.1,22.2,25.3,28.6,19.1,30.9,29.8,26.4,20.9,24.0,26.5,23.7,24.7,27.0,27.1,33.3,23.9,30.9,22.7,35.2,27.4,30.2,29.8,33.2,30.6,26.6,27.3,21.7,18.8,25.1,21.4,33.7,28.9,28.0,23.5,24.8,21.1,25.0,29.3,21.9,24.9,19.9
8737,18.8,23.3,20.3,27.7,26.3,29.8,29.4,25.5,30.2,27.7,31.8,31.0,31.1,28.3,29.5,30.8,26.2,31.0,30.8,31.5,27.2,28.7,30.5,25.0,25.9,27.4,30.2,27.4,24.9,31.3,27.7,30.6,20.8,21.5,21.5,21.0,29.3,23.6,30.2,23.8,30.0,27.2,23.4,19.2,22.6,24.2,21.6,24.6,27.8,18.5,30.1,29.0,25.5,20.3,23.3,26.4,23.5,24.1,26.6,27.1,32.9,23.7,30.6,21.9,35.0,27.1,29.5,29.4,32.5,30.0,25.7,26.5,20.9,18.5,24.4,20.9,33.2,28.6,27.6,22.9,24.1,20.6,24.7,29.0,21.6,24.3,19.4
8738,18.3,23.3,19.9,27.1,25.7,29.2,28.7,24.9,29.8,27.0,31.3,30.6,30.7,27.8,28.9,30.5,25.9,30.7,30.4,31.2,26.5,28.2,30.1,24.5,25.2,26.7,29.7,27.1,24.5,30.9,27.1,30.1,20.4,21.0,21.0,20.5,28.6,23.5,29.4,23.3,29.3,27.1,22.8,18.9,21.8,23.8,20.9,24.0,27.0,18.1,29.3,28.3,24.8,19.5,23.2,26.4,23.0,24.1,26.4,26.9,32.9,23.4,30.4,21.4,34.5,27.0,29.2,29.0,32.0,29.6,24.4,25.7,19.9,17.6,23.8,20.1,32.7,28.3,27.2,22.5,23.5,20.1,24.7,28.7,21.3,23.8,19.0
8739,17.9,22.8,19.5,26.9,25.5,28.7,28.2,24.4,29.3,26.5,31.0,30.1,30.1,27.3,28.3,29.9,25.5,30.4,30.0,30.8,26.0,27.7,29.7,24.0,24.7,26.2,29.1,26.5,23.9,30.5,26.5,29.6,20.0,20.7,20.7,20.1,28.1,23.4,28.8,22.6,28.7,27.1,22.4,18.5,21.1,23.3,20.5,23.4,26.5,17.3,28.7,27.5,24.0,19.3,22.9,26.1,23.0,23.9,26.1,26.7,32.8,23.2,30.4,21.0,34.4,26.6,28.6,28.4,31.4,29.1,23.3,25.0,19.8,17.2,23.3,19.6,32.4,27.9,26.6,22.1,23.1,19.4,24.7,28.4,21.0,23.3,18.7
8740,17.3,22.9,19.4,26.3,24.9,28.1,27.7,23.8,28.9,26.1,30.4,29.7,29.7,26.8,27.8,29.5,25.0,30.2,29.6,30.4,25.5,27.2,29.2,23.6,24.4,25.6,28.7,26.0,23.7,30.2,26.0,29.2,19.9,20.3,20.3,20.0,27.5,23.3,28.4,22.1,27.9,26.9,21.7,17.9,20.6,22.8,20.0,22.9,25.9,17.0,27.9,27.1,23.2,19.2,22.8,26.0,22.6,23.9,26.0,26.5,32.6,23.0,30.2,20.5,34.2,26.3,28.5,27.8,30.8,28.8,22.4,25.0,19.5,16.7,22.9,19.2,32.0,27.5,26.1,21.7,22.8,18.7,24.4,28.2,20.6,23.0,18.4
8741,16.7,22.5,19.4,25.7,24.6,27.7,27.3,23.5,28.5,25.8,30.0,29.3,29.4,26.3,27.3,29.0,24.7,30.2,29.1,30.1,25.1,26.8,28.8,23.1,24.0,25.2,28.1,25.4,23.5,29.9,25.7,28.8,19.5,20.2,20.0,19.5,27.1,22.9,28.0,21.5,27.2,26.5,21.1,17.4,20.1,22.7,19.6,22.2,25.6,16.8,27.4,26.5,22.5,19.1,22.2,25.7,22.2,23.5,25.8,26.2,32.6,22.9,30.1,20.0,34.0,26.0,28.3,27.5,30.4,28.7,21.7,24.6,19.1,16.2,22.4,18.7,31.6,27.2,25.6,21.4,22.4,18.5,24.0,27.8,20.3,22.5,18.2
8742,16.3,22.3,19.2,25.3,24.4,27.2,26.9,23.3,28.1,25.5,29.7,28.9,29.1,25.9,26.8,28.7,24.3,30.1,28.7,29.9,24.8,26.5,28.3,22.8,23.6,24.8,27.8,25.0,23.2,29.5,25.3,28.6,19.3,19.9,20.1,19.4,26.4,22.9,27.6,21.0,26.9,26.3,20.6,16.9,19.8,22.3,19.3,21.7,25.1,16.7,26.8,26.3,21.8,19.0,22.1,25.5,22.3,23.4,25.5,26.2,32.4,22.6,30.2,19.7,33.9,25.8,28.0,27.0,30.2,28.2,21.2,23.9,18.7,16.1,22.2,18.6,31.3,27.0,25.3,20.9,22.1,18.3,23.8,27.7,20.0,22.1,18.0
8743,15.9,22.3,19.3,24.7,24.0,26.7,26.5,22.9,27.8,25.3,29.5,28.8,28.8,25.6,26.4,28.3,24.0,30.0,28.6,29.6,24.6,26.1,27.8,22.6,23.1,24.6,27.4,24.8,22.9,29.3,24.9,28.3,19.2,19.7,19.8,19.2,26.2,22.6,27.1,20.3,26.4,26.1,20.1,16.8,19.6,22.4,18.9,21.3,24.8,16.3,26.8,26.0,21.3,18.6,21.9,25.3,22.2,23.4,25.4,26.0,32.3,22.5,30.1,19.1,33.6,25.4,27.7,26.7,29.8,28.0,20.5,23.6,18.5,15.9,22.0,18.2,31.1,26.9,25.0,20.7,21.6,18.0,23.9,27.5,19.7,21.8,17.8
8744,18.3,23.0,21.0,24.4,23.7,26.4,26.3,22.8,27.9,25.1,29.8,28.7,29.2,25.4,26.3,28.2,23.8,29.9,29.1,30.3,24.4,26.1,27.8,22.4,22.9,24.4,27.4,24.6,22.7,29.4,24.7,28.7,19.1,19.4,19.6,19.1,28.4,23.2,26.8,21.6,26.9,28.9,19.8,16.5,21.2,23.9,19.6,23.4,27.5,16.0,26.6,26.3,21.8,19.8,21.9,25.4,21.9,23.2,25.3,26.1,32.2,22.3,30.1,20.2,33.6,25.2,27.7,26.3,30.4,28.5,20.6,23.5,20.3,15.9,23.3,18.2,31.7,27.2,24.8,20.5,21.4,17.8,24.0,27.9,19.6,21.6,17.7
8745,23.8,26.6,26.4,26.5,25.8,28.5,28.9,25.7,29.9,27.2,31.8,30.3,31.4,27.2,28.7,30.0,26.7,31.8,31.6,32.5,26.9,28.4,30.4,24.1,24.8,26.9,28.9,26.8,24.8,31.7,27.0,30.5,20.3,21.2,20.9,20.8,33.6,27.1,29.5,26.1,29.7,33.8,21.8,19.4,25.5,29.2,22.7,28.3,35.1,18.5,31.5,29.2,26.8,23.6,22.6,26.6,23.0,24.2,25.5,27.5,33.4,22.4,31.4,25.4,34.5,27.0,29.7,28.1,33.0,30.4,26.2,26.1,26.2,18.7,28.2,21.6,33.9,29.0,26.9,22.4,23.4,19.2,24.6,29.6,20.7,23.5,19.3
8746,29.0,30.2,31.7,31.6,29.2,31.5,32.1,29.0,32.1,29.5,33.9,32.5,33.7,29.8,31.7,32.3,30.0,33.9,34.0,34.6,30.0,31.1,33.4,26.9,28.7,30.3,31.3,30.0,27.4,34.3,30.1,32.9,23.1,24.3,23.2,23.8,38.0,31.4,34.0,30.0,32.9,38.1,26.1,22.8,30.0,34.5,26.0,32.3,41.1,22.0,36.8,32.5,31.5,27.9,24.2,28.6,25.3,26.5,27.3,29.1,34.8,24.1,33.5,30.0,36.0,29.8,32.4,30.4,35.6,32.3,30.9,31.9,31.6,22.3,32.5,25.6,36.0,30.7,29.7,26.6,27.0,22.7,26.9,31.4,23.3,26.3,21.9
8747,33.4,33.2,35.0,36.2,32.2,34.4,34.9,32.3,34.4,31.9,35.6,34.9,35.9,32.2,34.7,34.5,32.8,35.3,35.7,36.4,32.9,33.4,36.2,29.5,32.4,33.6,33.8,33.2,30.1,36.7,32.8,35.0,26.0,27.3,25.4,26.4,41.3,34.8,38.0,33.2,35.9,40.8,30.3,25.5,34.0,37.8,29.9,35.5,45.2,25.7,40.8,35.7,35.8,31.6,26.1,30.4,27.6,28.8,29.3,30.7,36.1,26.2,35.0,33.6,37.6,32.1,35.1,32.9,38.0,33.9,35.2,37.1,36.0,25.4,35.6,29.2,37.7,32.3,32.3,30.5,30.3,26.5,28.7,33.1,26.1,28.9,24.3
8748,36.8,35.1,36.9,39.9,34.9,36.9,37.4,34.9,36.4,34.1,37.3,37.0,37.8,34.3,37.1,36.4,35.3,36.5,37.4,37.6,35.3,35.4,38.4,32.0,35.3,36.5,36.0,35.8,32.2,38.8,35.4,36.7,28.4,29.8,27.6,28.7,44.3,36.8,41.4,35.6,38.5,42.5,33.8,27.9,37.2,40.1,33.3,38.1,48.0,28.8,43.8,38.4,39.2,34.0,27.9,32.0,29.2,30.6,31.1,31.8,37.2,28.2,36.4,36.4,39.3,34.0,37.5,34.9,39.9,35.5,39.0,40.9,39.2,27.2,37.9,32.3,39.2,33.7,34.5,33.8,33.3,30.0,30.3,34.4,28.6,31.3,26.4
8749,39.1,36.4,37.8,42.4,36.9,38.7,39.3,36.9,37.8,35.6,38.6,38.7,39.0,35.9,38.9,37.9,37.2,37.5,38.4,38.4,37.3,37.0,40.2,33.8,38.2,38.5,37.5,37.9,34.0,40.4,37.4,38.3,30.3,31.3,29.4,30.4,46.5,38.1,44.0,37.3,40.5,43.7,36.2,29.7,39.5,41.3,35.5,40.1,49.9,31.1,46.4,40.6,41.9,35.6,29.2,33.0,30.2,31.6,32.5,32.6,37.8,29.8,37.4,38.5,41.2,35.3,39.2,36.6,41.4,36.8,41.6,43.2,41.5,28.7,39.9,34.4,40.2,34.7,36.1,36.0,35.3,32.8,31.3,35.3,30.2,33.2,28.0
8750,40.4,36.8,37.8,43.9,38.3,40.2,40.5,38.2,38.9,36.6,39.5,40.1,40.0,37.1,40.2,38.8,38.4,37.9,39.3,38.8,38.5,38.2,41.5,35.0,39.4,40.1,38.6,39.2,35.4,41.5,38.6,39.3,31.6,32.6,30.5,31.5,47.5,38.2,45.9,38.4,42.1,44.0,38.0,30.6,40.7,41.5,37.0,41.2,50.4,32.5,48.3,42.1,43.8,36.0,29.7,33.5,30.8,32.1,33.5,33.0,38.1,31.0,38.0,39.7,42.6,36.0,40.5,37.6,42.4,37.8,43.3,44.9,42.4,29.8,41.0,35.8,40.7,35.3,37.3,37.7,36.8,34.9,31.9,35.8,31.5,34.3,28.9
8751,39.4,36.2,37.6,44.4,38.9,40.6,41.2,38.6,39.1,37.0,39.7,40.6,40.4,37.4,40.7,39.3,38.8,37.8,39.5,38.8,38.9,38.5,42.0,35.6,40.1,40.6,39.0,39.5,35.8,41.9,39.2,39.8,31.8,33.0,31.1,32.0,47.8,37.6,46.7,38.9,42.9,43.4,38.7,31.0,40.6,41.6,37.8,41.4,51.2,33.2,49.1,42.7,44.8,35.6,30.0,33.4,30.9,32.3,33.9,32.6,37.8,31.5,37.9,40.0,43.4,36.0,41.1,38.1,42.6,38.1,44.0,45.0,42.7,30.1,41.0,36.2,40.8,35.3,37.7,37.7,37.5,35.7,32.1,35.8,32.0,34.8,29.0
8752,38.2,34.4,35.1,44.3,38.6,40.4,40.9,38.3,38.5,36.5,39.1,40.4,39.8,37.1,40.2,38.7,38.3,36.5,38.7,37.9,38.4,37.9,41.7,35.3,39.6,40.2,38.7,38.9,35.2,41.3,38.7,39.2,31.2,32.4,30.7,31.4,46.9,35.5,46.5,38.0,42.7,41.1,38.7,29.9,38.8,39.8,37.2,39.8,49.4,32.7,48.9,42.1,44.6,33.4,29.3,32.3,30.1,31.4,33.6,31.6,36.7,31.3,36.7,39.0,43.3,34.9,40.7,37.6,42.1,37.4,43.6,45.1,41.1,29.2,39.6,35.7,40.2,34.7,37.2,37.9,37.2,35.3,31.5,34.9,31.8,34.3,28.7
8753,32.7,30.4,30.2,42.6,36.4,38.7,39.0,36.1,36.3,34.4,37.5,39.0,37.4,35.5,38.2,36.9,35.8,34.8,36.5,35.8,36.0,35.8,39.4,33.3,37.6,38.0,37.1,36.5,33.0,39.2,36.8,36.8,28.9,30.4,29.0,29.6,42.3,31.4,44.8,34.5,40.9,35.4,36.8,26.7,34.4,35.8,34.6,35.3,43.6,30.2,47.0,39.6,42.5,29.2,27.7,30.2,28.4,29.2,32.4,29.6,35.7,30.1,34.8,34.5,41.7,32.6,37.5,35.9,40.0,35.4,41.1,43.7,35.3,27.0,34.9,33.5,38.2,33.1,35.1,35.8,35.1,33.4,29.7,33.4,29.8,32.2,26.3
8754,28.3,28.3,26.5,38.7,33.1,36.3,35.8,33.0,34.8,32.5,36.0,37.1,35.7,33.8,35.6,35.4,32.8,34.0,35.2,34.5,33.4,33.7,36.2,30.5,32.9,34.5,35.8,34.0,30.7,36.6,34.3,34.8,26.2,27.6,27.1,27.2,37.8,28.7,39.5,31.2,38.2,32.5,32.7,23.6,31.6,31.3,31.4,31.9,39.0,26.2,41.8,37.0,36.5,26.6,26.0,29.3,26.5,27.5,30.5,28.9,35.1,28.1,33.8,31.0,40.2,31.2,34.7,34.6,37.6,33.9,35.3,38.0,31.0,23.7,32.0,28.4,36.8,32.1,32.9,31.5,31.5,30.2,27.1,32.3,27.7,30.4,24.6
8755,25.6,27.0,24.6,34.7,31.1,34.6,34.1,30.7,33.9,31.4,35.2,35.5,34.7,32.2,33.6,34.1,30.7,33.2,34.2,33.9,31.5,32.4,34.5,29.2,30.8,31.6,34.2,32.1,29.1,35.1,32.9,34.1,24.8,26.0,25.8,25.2,35.5,27.5,36.6,28.7,35.9,30.8,29.6,22.3,29.7,29.0,29.3,30.2,36.0,24.0,38.2,35.7,32.2,25.1,25.3,28.5,25.5,26.7,29.1,28.5,34.6,26.8,33.1,28.7,38.9,30.4,33.4,33.2,36.4,33.1,32.5,34.1,28.9,22.1,30.2,26.6,35.9,31.3,31.5,28.3,29.5,27.5,26.5,31.7,25.6,28.7,22.9
8756,23.8,26.3,23.3,32.6,29.9,33.3,33.0,29.3,33.1,30.5,34.3,34.6,33.9,31.4,32.7,33.5,29.5,32.7,33.5,33.3,30.6,31.3,33.6,28.6,29.5,30.3,33.2,30.9,28.1,34.1,31.3,33.2,23.7,24.7,24.8,24.0,33.8,26.5,34.9,26.9,34.7,29.9,28.0,21.6,27.9,27.8,26.9,29.0,34.0,22.8,36.0,34.3,30.4,23.9,24.9,28.0,24.9,26.1,28.2,28.3,34.4,26.0,32.6,27.2,38.0,29.6,32.7,32.3,35.5,32.5,30.8,32.2,27.1,21.2,28.5,25.2,35.4,30.8,30.5,26.8,28.1,25.7,26.4,30.8,24.4,27.4,22.1
8757,22.4,25.4,22.4,30.9,29.1,32.6,32.0,28.4,32.3,30.0,33.6,33.6,33.1,30.6,31.8,32.8,28.6,32.6,32.7,32.9,29.7,30.4,32.8,27.7,28.7,29.5,32.4,30.0,27.4,33.4,30.5,32.6,22.8,24.1,24.1,23.4,32.7,25.8,33.4,25.9,33.7,29.4,27.1,20.9,26.5,27.2,25.3,27.9,32.6,21.4,34.4,33.0,29.0,23.0,24.5,27.8,24.3,25.6,27.8,27.8,33.9,25.5,32.2,25.8,37.1,29.2,32.0,31.5,34.8,31.9,29.5,30.6,25.6,20.0,27.6,24.1,34.8,30.2,29.6,25.4,26.9,24.4,26.2,30.3,23.6,26.5,21.4
8758,21.5,24.8,21.8,30.0,28.3,31.8,31.1,27.6,31.9,29.3,33.0,32.9,32.5,29.9,31.2,32.2,27.7,32.0,32.2,32.5,28.9,29.7,32.0,27.1,28.2,28.8,31.6,29.3,26.4,33.0,29.7,32.0,22.2,23.2,23.4,22.7,31.9,25.3,32.4,25.2,32.6,28.6,26.3,20.3,25.4,26.5,23.8,27.0,30.8,20.6,32.9,31.9,28.0,22.4,24.2,27.4,24.1,25.2,27.5,27.7,33.7,24.9,31.9,24.8,36.5,28.8,31.1,30.8,34.3,31.1,28.4,29.3,24.3,19.5,26.7,23.0,34.5,29.6,29.1,24.6,26.3,23.2,25.6,29.8,22.9,25.7,20.7
8759,20.9,24.5,21.3,29.1,27.6,31.1,30.4,26.6,31.4,28.7,32.3,32.1,31.9,29.3,30.6,31.7,27.2,31.7,31.6,32.0,28.3,29.2,31.6,26.1,27.6,28.4,31.2,28.5,26.0,32.4,29.0,31.4,21.6,22.4,22.6,22.0,30.9,24.6,31.5,24.5,31.8,28.0,25.3,19.9,24.2,25.7,22.8,26.2,29.5,19.8,31.8,30.9,27.0,21.5,24.1,27.2,23.8,24.8,27.2,27.7,33.5,24.4,31.6,23.7,35.9,28.5,30.7,30.3,33.6,30.6,27.6,28.4,22.9,18.8,25.9,22.0,33.9,29.0,28.4,24.1,25.6,22.2,25.1,29.2,22.3,25.2,20.3
