day 0,day 1,day 2,day 3,day 4,day 5,day 6,day 7,day 8,day 9,day 10,day 11,day 12,day 13,day 14,day 15,day 16,day 17,day 18,day 19,day 20,day 21,day 22,day 23,day 24,day 25,day 26,day 27,day 28,day 29,day 30,day 31,day 32,day 33,day 34,day 35,day 36,day 37,day 38,day 39,day 40,day 41,day 42,day 43,day 44,day 45,day 46,day 47,day 48,day 49,day 50,day 51,day 52,day 53,day 54,day 55,day 56,day 57,day 58,day 59,day 60,day 61,day 62,day 63,day 64,day 65,day 66,day 67,day 68,day 69,day 70,day 71,day 72,day 73,day 74,day 75,day 76,day 77,day 78,day 79,day 80,day 81,day 82,day 83,day 84,day 85,day 86,day 87,day 88,day 89,day 90,day 91,day 92,day 93
25.4,26.4,27.8,29.5,31.2,33.2,35.1,36.2,36.6,36.8,36.3,35.4,34.5,33.1,32.1,31.0,29.8,28.8,29.1,29.8,30.6,31.4,32.3,33.4,34.1,35.0,36.2,37.7,39.8,41.7,43.2,44.4,45.3,45.6,45.7,45.4,44.5,43.6,42.4,41.0,39.9,38.6,37.5,37.5,38.2,39.3,40.6,41.8,43.1,44.1,45.4,47.1,48.9,50.5,51.6,52.5,53.3,53.7,53.6,53.3,52.4,51.4,50.3,49.3,48.3,47.4,46.0,44.9,45.3,46.6,47.8,49.0,50.1,51.1,52.5,54.1,55.7,57.1,58.3,58.9,59.0,59.0,58.5,57.9,57.2,56.4,55.5,54.7,53.8,52.9,52.1,50.9,50.8,51.6
24.9,25.9,27.2,28.6,30.0,31.8,33.8,35.6,36.6,37.0,37.1,36.5,35.6,34.7,33.6,32.5,31.3,30.1,29.0,29.4,30.0,30.8,31.6,32.6,33.6,34.4,35.4,36.7,38.2,40.3,42.2,43.7,44.9,45.6,46.0,46.1,45.8,45.0,44.1,42.8,41.5,40.3,39.1,37.8,37.8,38.5,39.8,41.0,42.1,43.4,44.5,45.8,47.4,49.1,50.7,52.0,53.0,53.6,54.1,54.0,53.5,52.6,51.6,50.7,49.7,48.7,47.7,46.3,45.2,45.7,47.0,48.1,49.3,50.2,51.3,52.7,54.2,55.8,57.3,58.2,58.9,59.0,59.2,58.7,58.2,57.6,56.6,55.7,54.9,54.0,53.1,52.3,51.1,51.1
24.4,25.5,26.7,27.8,29.1,30.5,32.3,34.2,36.0,36.9,37.2,37.3,36.7,35.8,35.1,33.9,32.9,31.6,30.5,29.4,29.6,30.1,31.1,31.8,32.7,33.9,34.9,36.0,37.1,38.7,40.8,42.7,44.3,45.3,45.9,46.4,46.5,46.2,45.5,44.4,43.2,41.9,40.7,39.5,38.1,38.0,39.0,40.1,41.3,42.4,43.7,44.8,46.2,47.7,49.4,50.9,52.4,53.3,54.0,54.4,54.3,53.7,52.9,52.1,51.1,50.2,49.1,47.9,46.7,45.6,46.1,47.3,48.3,49.4,50.4,51.4,52.7,54.4,55.9,57.2,58.2,59.0,59.3,59.4,59.1,58.6,57.9,56.8,55.9,55.1,54.1,53.3,52.4,51.3
23.7,24.9,26.2,27.4,28.3,29.6,31.1,32.7,34.7,36.3,37.1,37.5,37.5,36.9,36.2,35.4,34.3,33.2,32.0,30.9,29.7,29.8,30.4,31.3,32.0,33.0,34.4,35.4,36.3,37.7,39.2,41.3,43.3,44.6,45.6,46.3,46.8,47.0,46.7,45.8,44.8,43.6,42.3,41.0,39.8,38.5,38.6,39.3,40.4,41.6,42.8,44.1,45.2,46.4,47.9,49.7,51.3,52.8,53.8,54.4,54.7,54.5,53.9,53.3,52.5,51.5,50.5,49.3,48.3,47.1,46.1,46.4,47.6,48.5,49.6,50.6,51.6,52.9,54.5,55.9,57.1,58.3,59.2,59.4,59.8,59.5,58.9,58.0,57.1,56.1,55.2,54.3,53.4,52.6
23.1,24.3,25.7,26.8,27.9,28.9,30.2,31.6,33.2,35.0,36.5,37.3,37.7,37.7,37.2,36.6,35.9,34.7,33.5,32.3,31.2,30.0,30.0,30.6,31.4,32.3,33.4,34.8,35.7,36.9,38.3,39.8,41.9,43.7,45.0,46.0,46.7,47.3,47.4,46.9,46.2,45.2,44.0,42.6,41.4,40.3,39.1,38.9,39.6,40.7,41.9,43.2,44.4,45.5,46.7,48.3,50.1,51.7,53.1,54.1,54.7,54.9,54.8,54.4,53.7,52.9,51.8,50.7,49.6,48.6,47.5,46.4,46.7,47.7,48.8,49.9,50.7,51.7,53.1,54.4,55.9,57.3,58.6,59.4,59.8,60.2,59.8,59.0,58.3,57.2,56.2,55.4,54.4,53.6
22.7,23.7,25.1,26.4,27.4,28.4,29.5,30.6,32.1,33.6,35.3,36.7,37.5,37.8,38.0,37.6,37.1,36.2,35.0,33.9,32.7,31.5,30.3,30.3,30.8,31.7,32.7,33.8,35.3,36.4,37.4,38.7,40.3,42.3,44.0,45.4,46.4,47.2,47.7,47.7,47.3,46.5,45.6,44.2,42.9,41.9,40.9,39.5,39.2,39.8,41.1,42.4,43.5,44.7,45.6,47.0,48.6,50.4,52.1,53.5,54.3,54.9,55.2,55.2,54.7,54.0,53.2,52.1,51.1,50.0,49.0,47.9,46.8,46.9,48.0,49.0,50.0,50.9,51.9,53.0,54.5,56.0,57.6,58.8,59.7,60.2,60.5,59.9,59.3,58.4,57.2,56.4,55.5,54.6
22.3,23.4,24.4,25.7,26.9,28.0,29.0,30.0,31.1,32.4,33.8,35.5,36.9,37.7,38.1,38.4,38.0,37.5,36.5,35.4,34.2,33.0,31.9,30.6,30.5,31.1,32.0,33.2,34.2,35.9,36.7,37.9,39.2,40.7,42.7,44.4,45.8,46.9,47.6,48.0,48.0,47.5,47.0,45.9,44.6,43.5,42.4,41.3,39.9,39.5,40.1,41.5,42.7,43.7,44.9,46.0,47.3,48.9,50.8,52.5,53.8,54.7,55.3,55.7,55.6,55.1,54.3,53.4,52.4,51.4,50.4,49.3,48.2,46.9,47.1,48.2,49.1,50.1,51.1,52.0,53.1,54.5,56.3,57.8,59.2,60.1,60.5,60.7,60.1,59.4,58.3,57.5,56.5,55.7
21.7,23.0,24.1,25.0,26.2,27.4,28.5,29.5,30.5,31.5,32.7,34.1,35.7,37.1,38.0,38.5,38.8,38.4,37.8,36.9,35.7,34.5,33.4,32.3,30.9,30.8,31.4,32.5,33.6,34.9,36.3,37.2,38.4,39.6,41.1,43.1,44.8,46.3,47.3,47.9,48.3,48.3,47.9,47.2,46.3,45.1,44.0,42.8,41.6,40.2,39.8,40.6,41.8,42.9,43.9,45.2,46.3,47.6,49.4,51.2,52.7,54.0,55.0,55.8,56.0,55.9,55.4,54.6,53.7,52.7,51.7,50.6,49.5,48.4,47.2,47.4,48.3,49.3,50.3,51.2,52.0,53.1,54.8,56.5,58.3,59.4,60.4,60.7,60.9,60.3,59.4,58.6,57.6,56.6
22.0,22.4,23.7,24.6,25.5,26.8,27.9,29.1,30.0,30.8,31.7,32.9,34.3,36.0,37.3,38.3,38.9,39.1,38.8,38.2,37.3,36.0,34.9,33.8,32.6,31.4,31.1,31.9,33.0,34.2,35.2,36.7,37.7,38.7,40.1,41.5,43.5,45.3,46.7,47.6,48.2,48.5,48.6,48.2,47.7,46.7,45.6,44.3,43.1,42.0,40.6,40.2,41.0,42.1,43.2,44.2,45.5,46.5,48.0,49.7,51.5,53.0,54.4,55.5,56.2,56.4,56.3,55.6,54.9,54.0,53.1,52.0,50.8,49.7,48.7,47.4,47.5,48.5,49.5,50.4,51.2,52.0,53.4,55.0,57.0,58.5,59.7,60.5,60.9,61.1,60.3,59.6,58.8,57.7
23.6,22.8,23.1,24.2,25.1,26.1,27.2,28.5,29.6,30.3,31.1,32.0,33.1,34.6,36.2,37.7,38.7,39.3,39.3,39.2,38.6,37.6,36.4,35.4,34.2,33.1,31.7,31.6,32.4,33.5,34.6,35.7,37.1,38.0,39.2,40.5,41.9,44.0,45.7,47.0,47.9,48.4,48.9,48.9,48.6,48.1,47.2,46.0,44.6,43.4,42.4,41.1,40.5,41.2,42.3,43.5,44.4,45.7,47.0,48.4,50.0,51.8,53.4,54.9,55.9,56.6,56.7,56.5,55.9,55.1,54.4,53.3,52.2,51.0,50.0,48.9,47.6,47.7,48.7,49.6,50.4,51.3,52.3,53.6,55.5,57.2,58.7,59.9,60.8,61.2,61.1,60.5,59.8,58.9
25.1,24.3,23.5,23.6,24.8,25.6,26.6,27.8,29.1,29.9,30.6,31.3,32.3,33.4,34.9,36.6,38.1,39.1,39.7,39.7,39.5,38.9,38.0,36.9,35.7,34.8,33.5,32.3,32.1,32.9,33.9,35.1,36.1,37.4,38.4,39.5,40.8,42.4,44.4,46.0,47.3,48.1,48.7,49.3,49.3,49.1,48.5,47.5,46.3,45.0,43.8,42.9,41.5,40.9,41.4,42.6,43.7,44.7,46.1,47.3,48.7,50.3,52.1,53.8,55.3,56.3,56.9,57.0,56.7,56.1,55.5,54.7,53.5,52.4,51.3,50.2,49.1,47.9,47.9,48.8,49.6,50.5,51.5,52.4,54.0,55.7,57.5,58.9,60.2,61.1,61.2,61.3,60.7,59.8
26.9,25.8,25.1,24.1,24.1,25.4,26.1,27.2,28.3,29.3,30.2,30.8,31.5,32.5,33.7,35.3,36.9,38.5,39.4,40.0,40.0,39.8,39.3,38.4,37.3,36.4,35.2,34.2,32.8,32.6,33.3,34.3,35.4,36.4,37.8,38.8,39.9,41.3,42.8,44.7,46.3,47.6,48.4,49.1,49.7,49.9,49.5,48.9,47.8,46.6,45.4,44.4,43.3,41.8,41.1,41.8,42.8,43.9,45.1,46.5,47.6,48.9,50.7,52.5,54.2,55.6,56.6,57.1,57.2,57.0,56.4,55.8,54.8,53.6,52.6,51.4,50.4,49.4,48.1,48.1,48.8,49.7,50.7,51.7,52.8,54.2,56.0,57.7,59.3,60.4,61.1,61.4,61.5,60.8
28.6,27.6,26.6,25.8,24.8,24.8,25.8,26.7,27.7,28.6,29.6,30.3,31.1,31.8,32.8,34.1,35.6,37.3,38.8,39.7,40.3,40.3,40.2,39.7,38.8,37.9,36.8,35.8,34.7,33.4,33.0,33.8,34.7,35.8,36.9,38.1,39.1,40.4,41.7,43.1,45.0,46.6,47.9,48.8,49.6,50.2,50.3,49.8,49.2,48.1,47.0,45.9,44.7,43.5,42.0,41.5,42.0,43.1,44.3,45.4,46.7,47.8,49.3,51.1,52.9,54.6,55.9,56.9,57.4,57.5,57.2,56.7,55.9,54.9,53.9,52.8,51.6,50.6,49.5,48.3,48.1,49.0,50.0,50.8,52.0,52.9,54.4,56.2,58.0,59.5,60.5,61.3,61.6,61.5
30.1,29.3,28.4,27.3,26.5,25.5,25.2,26.4,27.2,28.0,28.9,29.8,30.5,31.3,32.1,33.2,34.4,36.0,37.6,39.1,40.0,40.5,40.7,40.6,40.1,39.5,38.3,37.4,36.4,35.3,33.9,33.6,34.1,35.1,36.2,37.2,38.4,39.6,40.8,42.0,43.4,45.2,46.8,48.3,49.3,50.0,50.6,50.5,50.1,49.6,48.5,47.5,46.3,44.9,43.8,42.4,41.7,42.3,43.5,44.7,45.7,46.9,48.1,49.7,51.5,53.3,54.9,56.2,57.1,57.7,57.8,57.5,56.8,56.0,55.2,54.0,53.0,51.8,50.7,49.6,48.4,48.2,49.2,50.1,51.2,52.2,53.2,54.6,56.5,58.2,59.7,60.8,61.6,61.6
31.4,30.7,30.1,29.0,28.0,27.2,26.0,25.8,26.9,27.5,28.3,29.1,30.1,30.8,31.7,32.5,33.6,34.8,36.3,38.0,39.4,40.2,40.9,41.1,41.0,40.9,40.0,38.9,38.0,36.9,35.9,34.5,33.9,34.5,35.4,36.5,37.5,38.8,39.9,41.1,42.2,43.8,45.5,47.2,48.8,49.8,50.4,50.8,50.9,50.5,49.9,48.9,47.8,46.5,45.2,44.1,42.7,41.9,42.6,43.8,45.0,45.9,47.2,48.4,50.0,51.8,53.6,55.2,56.4,57.5,58.0,58.1,57.7,57.0,56.4,55.3,54.1,53.2,51.9,50.8,49.7,48.5,48.6,49.4,50.5,51.4,52.6,53.4,54.9,56.7,58.3,59.9,61.0,61.5
32.2,32.0,31.5,30.7,29.6,28.7,27.7,26.7,26.3,27.3,27.8,28.5,29.3,30.3,31.1,32.0,32.9,33.9,35.0,36.6,38.3,39.6,40.5,41.3,41.5,41.7,41.4,40.6,39.6,38.6,37.5,36.5,35.0,34.4,35.0,35.7,36.8,37.9,39.2,40.2,41.3,42.6,44.0,45.9,47.7,49.2,50.1,50.6,51.3,51.3,50.8,50.2,49.1,48.0,46.7,45.5,44.4,43.0,42.4,42.9,44.2,45.1,46.3,47.5,48.9,50.4,52.1,53.9,55.4,56.9,57.8,58.2,58.2,57.9,57.3,56.4,55.4,54.3,53.2,51.9,50.9,49.9,48.9,48.8,49.7,50.7,51.7,52.8,53.7,55.1,56.8,58.5,60.1,61.0
32.6,32.8,32.8,32.1,31.3,30.3,29.3,28.3,27.2,26.7,27.6,28.0,28.8,29.6,30.6,31.4,32.2,33.2,34.1,35.3,36.9,38.5,40.0,40.9,41.6,42.1,42.2,41.9,41.1,40.1,39.2,38.1,36.9,35.6,34.8,35.3,36.0,37.2,38.2,39.5,40.5,41.7,42.8,44.4,46.3,48.2,49.5,50.4,51.0,51.7,51.5,51.2,50.5,49.3,48.2,47.0,45.9,44.8,43.5,42.7,43.3,44.4,45.4,46.7,48.0,49.2,50.7,52.4,54.1,55.8,57.2,58.0,58.4,58.4,58.2,57.4,56.5,55.5,54.3,53.2,51.9,51.0,50.2,49.1,49.1,49.9,51.1,51.9,53.1,53.9,55.3,57.1,58.7,60.1
32.6,33.2,33.7,33.4,32.7,32.0,30.9,29.8,28.8,27.6,27.1,27.8,28.2,29.1,29.8,30.8,31.7,32.5,33.4,34.4,35.6,37.1,38.9,40.4,41.3,42.2,42.5,42.7,42.5,41.7,40.8,39.8,38.5,37.4,36.0,35.1,35.6,36.4,37.5,38.5,39.8,40.9,41.9,43.2,44.8,46.8,48.5,49.8,50.7,51.4,51.9,51.9,51.4,50.7,49.6,48.5,47.3,46.2,45.2,43.8,43.1,43.4,44.7,45.9,47.1,48.3,49.5,51.0,52.6,54.5,56.1,57.3,58.1,58.5,58.7,58.2,57.5,56.6,55.5,54.3,53.2,52.0,51.3,50.5,49.4,49.3,50.2,51.3,52.2,53.2,54.1,55.5,57.3,58.8
32.0,33.3,34.0,34.3,34.0,33.4,32.6,31.4,30.3,29.2,28.1,27.2,28.0,28.5,29.3,30.1,31.1,32.1,32.8,33.7,34.6,35.8,37.5,39.3,40.7,41.8,42.7,43.0,43.3,43.0,42.3,41.4,40.2,39.0,37.8,36.4,35.5,35.9,36.7,37.9,38.9,40.1,41.2,42.3,43.6,45.2,47.2,48.8,50.2,51.0,51.7,52.3,52.2,51.7,51.0,49.8,48.7,47.6,46.6,45.5,44.2,43.2,43.7,45.1,46.3,47.4,48.5,49.8,51.2,53.0,54.8,56.3,57.5,58.3,58.8,58.8,58.3,57.6,56.7,55.4,54.2,53.3,52.3,51.6,50.8,49.6,49.5,50.5,51.6,52.3,53.4,54.3,55.7,57.4
30.7,32.7,34.0,34.5,34.8,34.6,34.0,33.1,31.9,30.6,29.6,28.3,27.5,28.3,28.8,29.6,30.4,31.4,32.4,33.1,33.9,34.8,36.2,37.8,39.7,41.2,42.3,43.1,43.5,43.7,43.6,42.8,41.9,40.7,39.4,38.2,36.8,35.9,36.3,37.0,38.2,39.2,40.5,41.5,42.7,44.0,45.6,47.4,49.2,50.5,51.4,52.1,52.6,52.4,52.0,51.2,50.0,49.1,48.1,47.0,45.9,44.4,43.5,44.1,45.5,46.5,47.6,48.9,50.0,51.6,53.4,55.0,56.4,57.7,58.5,58.8,58.9,58.5,57.7,56.6,55.3,54.4,53.6,52.6,52.0,51.1,49.8,49.8,50.8,51.7,52.5,53.6,54.5,55.8
29.2,31.4,33.4,34.5,35.1,35.5,35.2,34.5,33.6,32.2,31.1,29.8,28.7,27.9,28.5,29.1,29.8,30.6,31.6,32.6,33.3,34.1,35.1,36.4,38.2,40.3,41.7,42.8,43.7,43.9,44.3,44.1,43.3,42.3,41.1,39.8,38.7,37.4,36.3,36.5,37.3,38.6,39.5,40.7,41.9,43.1,44.4,45.9,47.8,49.6,50.9,51.7,52.4,52.7,52.7,52.3,51.4,50.4,49.5,48.4,47.2,46.0,44.8,43.9,44.6,45.7,46.7,48.0,49.1,50.4,51.9,53.5,55.1,56.6,57.9,58.7,58.9,59.1,58.4,57.6,56.6,55.5,54.6,53.9,53.0,52.2,51.3,50.1,50.2,51.0,51.9,52.7,53.8,54.6
28.0,29.9,32.2,34.0,35.1,35.7,36.0,35.7,34.9,33.9,32.6,31.4,30.1,29.1,28.2,28.8,29.2,30.1,30.9,31.8,32.9,33.5,34.4,35.4,36.7,38.8,40.7,42.1,43.3,44.1,44.6,44.9,44.5,43.8,42.8,41.5,40.1,39.1,37.8,36.6,36.8,37.7,38.8,39.8,41.0,42.3,43.5,44.7,46.3,48.2,49.9,51.2,52.0,52.5,53.1,53.0,52.6,51.7,50.8,49.8,48.6,47.5,46.5,45.2,44.3,44.8,45.9,47.1,48.3,49.5,50.7,52.1,53.7,55.4,56.8,58.0,58.8,59.2,59.0,58.3,57.6,56.8,55.8,54.8,54.2,53.3,52.4,51.6,50.5,50.4,51.1,52.1,52.9,53.9
27.1,28.8,30.7,32.7,34.5,35.7,36.2,36.5,36.1,35.1,34.2,32.9,31.6,30.6,29.5,28.6,28.9,29.5,30.4,31.2,32.1,33.1,33.9,34.6,35.7,37.2,39.3,41.2,42.6,43.8,44.7,45.2,45.3,45.0,44.2,43.1,41.9,40.7,39.5,38.2,37.0,37.2,37.9,39.1,40.1,41.4,42.7,43.8,45.1,46.7,48.5,50.2,51.4,52.2,52.9,53.4,53.3,52.9,52.1,51.1,50.1,48.9,47.9,46.9,45.7,44.6,45.0,46.3,47.4,48.7,49.8,51.0,52.3,53.9,55.5,56.9,58.2,59.0,59.0,58.9,58.3,57.7,56.9,56.0,55.2,54.5,53.5,52.7,51.9,50.7,50.5,51.3,52.4,53.1
26.4,27.8,29.5,31.2,33.2,35.1,36.2,36.6,36.8,36.3,35.4,34.5,33.1,32.1,31.0,29.8,28.8,29.1,29.8,30.6,31.4,32.3,33.4,34.1,35.0,36.2,37.7,39.8,41.7,43.2,44.4,45.3,45.6,45.7,45.4,44.5,43.6,42.4,41.0,39.9,38.6,37.5,37.5,38.2,39.3,40.6,41.8,43.1,44.1,45.4,47.1,48.9,50.5,51.6,52.5,53.3,53.7,53.6,53.3,52.4,51.4,50.3,49.3,48.3,47.4,46.0,44.9,45.3,46.6,47.8,49.0,50.1,51.1,52.5,54.1,55.7,57.1,58.3,58.9,59.0,59.0,58.5,57.9,57.2,56.4,55.5,54.7,53.8,52.9,52.1,50.9,50.8,51.6,52.5
25.9,27.2,28.6,30.0,31.8,33.8,35.6,36.6,37.0,37.1,36.5,35.6,34.7,33.6,32.5,31.3,30.1,29.0,29.4,30.0,30.8,31.6,32.6,33.6,34.4,35.4,36.7,38.2,40.3,42.2,43.7,44.9,45.6,46.0,46.1,45.8,45.0,44.1,42.8,41.5,40.3,39.1,37.8,37.8,38.5,39.8,41.0,42.1,43.4,44.5,45.8,47.4,49.1,50.7,52.0,53.0,53.6,54.1,54.0,53.5,52.6,51.6,50.7,49.7,48.7,47.7,46.3,45.2,45.7,47.0,48.1,49.3,50.2,51.3,52.7,54.2,55.8,57.3,58.2,58.9,59.0,59.2,58.7,58.2,57.6,56.6,55.7,54.9,54.0,53.1,52.3,51.1,51.1,51.8
