day 0,day 1,day 2,day 3,day 4,day 5,day 6,day 7,day 8,day 9,day 10,day 11,day 12,day 13,day 14,day 15,day 16,day 17,day 18,day 19,day 20,day 21,day 22,day 23,day 24,day 25,day 26,day 27,day 28,day 29,day 30,day 31,day 32,day 33,day 34,day 35,day 36,day 37,day 38,day 39,day 40,day 41,day 42,day 43,day 44,day 45,day 46,day 47,day 48,day 49,day 50,day 51,day 52,day 53,day 54,day 55,day 56,day 57,day 58,day 59,day 60,day 61,day 62,day 63,day 64,day 65,day 66,day 67,day 68,day 69,day 70,day 71,day 72,day 73,day 74,day 75,day 76,day 77,day 78,day 79,day 80,day 81,day 82,day 83,day 84,day 85,day 86,day 87,day 88
55.6,55.9,56.3,56.7,57.3,57.9,58.5,59.7,61.3,61.4,53.2,53.5,54.0,54.6,55.1,55.7,56.6,58.3,59.9,60.3,59.9,59.7,58.7,57.4,55.6,53.5,51.2,49.5,49.5,49.6,49.8,50.0,50.6,51.1,51.6,52.3,53.2,54.3,55.2,56.2,57.6,59.8,61.3,62.2,62.1,61.5,60.5,59.1,57.0,55.2,52.9,51.0,51.1,51.6,52.1,52.8,53.7,54.9,56.0,56.8,57.8,58.6,59.7,60.9,63.0,65.4,66.8,67.3,67.2,66.5,65.5,64.1,62.3,60.2,58.2,55.9,55.8,56.6,57.5,58.0,58.4,59.2,60.0,61.1,62.4,63.7,65.0,66.7,69.0
55.2,55.5,55.9,56.3,56.8,57.3,57.6,58.2,59.6,60.9,52.6,53.0,53.5,54.0,54.4,54.9,55.4,56.3,58.1,59.8,60.2,60.3,59.8,58.8,57.6,55.7,53.7,51.0,49.1,49.4,49.6,49.8,50.3,50.6,51.1,51.8,52.5,53.5,54.4,55.1,56.2,57.5,59.9,61.8,62.3,62.1,61.6,60.4,58.9,57.4,55.4,52.9,51.0,51.3,51.7,52.3,53.2,54.4,55.4,56.3,57.2,58.0,58.8,59.9,61.4,63.3,65.7,66.9,67.2,67.1,66.4,65.4,64.0,62.4,60.7,58.6,56.1,56.3,57.1,57.6,58.1,58.6,59.4,60.6,61.6,62.9,64.0,65.5,66.9
54.8,55.0,55.5,55.9,56.3,56.8,56.9,57.2,58.0,59.2,52.2,52.4,53.1,53.5,53.8,54.2,54.6,55.0,56.0,58.0,59.7,60.5,60.3,59.8,59.0,57.7,55.9,53.5,50.7,48.9,49.4,49.5,50.0,50.2,50.6,51.3,52.0,52.8,53.7,54.3,55.1,56.1,57.6,60.4,61.9,62.4,62.2,61.5,60.2,59.3,57.6,55.4,53.0,51.3,51.4,52.0,52.8,53.9,54.9,55.7,56.6,57.3,58.1,59.0,60.4,61.6,63.5,65.8,66.9,67.2,67.1,66.3,65.4,64.2,62.9,61.1,58.8,56.7,56.8,57.2,57.7,58.3,58.9,60.0,61.2,62.2,63.2,64.5,65.7
54.4,54.6,55.0,55.4,56.0,56.3,56.3,56.6,57.0,57.5,51.8,52.0,52.5,53.1,53.2,53.6,53.9,54.2,54.8,55.9,58.0,60.0,60.5,60.4,60.1,59.1,57.9,55.7,53.3,50.5,48.9,49.3,49.8,50.0,50.2,50.8,51.5,52.3,53.0,53.6,54.2,55.0,56.2,58.1,60.6,62.1,62.5,62.1,61.4,60.7,59.5,57.5,55.5,53.3,51.3,51.7,52.6,53.5,54.4,55.2,56.1,56.8,57.4,58.3,59.5,60.6,61.9,63.7,65.7,66.8,67.2,67.1,66.2,65.4,64.7,63.4,61.4,59.5,57.2,56.9,57.3,57.9,58.5,59.6,60.6,61.7,62.6,63.7,64.7
54.1,54.3,54.6,55.0,55.5,55.9,55.9,56.0,56.3,56.5,51.5,51.6,52.1,52.5,52.8,53.0,53.3,53.3,53.9,54.6,55.9,58.3,60.0,60.6,60.7,60.2,59.2,57.6,55.6,53.2,50.6,48.9,49.6,49.7,49.9,50.5,51.0,51.7,52.5,52.9,53.6,54.1,55.1,56.6,58.2,60.8,62.1,62.4,62.0,61.8,60.8,59.4,57.7,55.9,53.4,51.7,52.3,53.3,54.0,54.7,55.5,56.2,56.9,57.7,58.9,59.7,60.9,62.0,63.7,65.7,66.8,67.2,66.9,66.3,66.0,65.0,63.6,62.1,60.0,57.4,57.1,57.6,58.2,59.2,60.1,61.2,62.0,63.0,63.9
53.8,53.9,54.3,54.6,55.1,55.4,55.6,55.5,55.7,55.9,51.2,51.3,51.8,52.1,52.2,52.6,52.6,52.7,53.0,53.7,54.6,56.0,58.3,60.0,60.9,60.8,60.3,59.0,57.6,55.5,53.2,50.6,49.1,49.5,49.6,50.2,50.8,51.1,51.9,52.4,52.9,53.5,54.2,55.5,56.8,58.5,60.8,62.1,62.3,62.5,61.9,60.7,59.5,58.1,56.1,53.9,52.3,53.0,53.8,54.3,55.0,55.6,56.3,57.2,58.2,59.1,60.0,61.1,62.1,63.6,65.7,66.9,67.1,67.0,66.8,66.3,65.3,64.4,62.5,60.1,57.5,57.3,58.0,58.9,59.8,60.6,61.5,62.4,63.2
53.7,53.6,54.0,54.3,54.7,54.9,55.0,55.1,55.2,55.3,51.1,51.0,51.4,51.7,51.8,52.0,52.2,52.1,52.4,52.8,53.7,54.7,56.0,58.3,60.3,61.0,60.9,60.0,58.9,57.5,55.5,53.2,50.8,49.0,49.4,50.0,50.5,51.0,51.3,51.8,52.4,52.8,53.5,54.5,55.6,57.0,58.5,60.8,62.0,62.8,62.6,61.8,60.9,59.9,58.3,56.5,54.4,53.0,53.4,54.1,54.6,55.0,55.7,56.6,57.8,58.4,59.4,60.1,61.1,62.0,63.6,65.8,66.7,67.1,67.5,67.2,66.7,66.0,64.7,62.5,60.3,57.9,57.7,58.6,59.4,60.3,61.0,61.9,62.6
53.7,53.6,53.6,53.9,54.4,54.5,54.5,54.5,54.7,54.7,51.1,50.8,51.1,51.3,51.5,51.6,51.6,51.7,51.8,52.2,52.8,53.8,54.6,56.1,58.6,60.4,61.1,60.6,60.0,58.9,57.5,55.6,53.4,50.7,49.0,49.8,50.3,50.6,51.1,51.2,51.8,52.3,52.9,53.8,54.6,55.8,57.0,58.6,60.8,62.5,62.9,62.5,62.0,61.2,60.2,58.8,57.0,55.0,53.4,53.7,54.4,54.6,55.2,56.0,57.3,57.9,58.8,59.5,60.2,60.9,61.9,63.6,65.7,66.7,67.6,67.8,67.6,67.4,66.3,64.7,62.6,60.6,58.2,58.4,59.1,59.9,60.6,61.4,62.0
54.8,53.5,53.7,53.6,54.0,54.2,54.1,54.0,54.2,54.3,52.2,50.9,51.0,51.0,51.1,51.3,51.2,51.1,51.4,51.6,52.2,52.9,53.6,54.7,56.4,58.8,60.5,60.8,60.6,60.0,58.8,57.7,55.9,53.2,50.7,49.4,50.0,50.4,50.8,51.0,51.2,51.7,52.4,53.2,54.0,54.9,55.9,57.1,58.6,61.3,62.7,62.9,62.7,62.4,61.5,60.7,59.3,57.6,55.4,53.8,54.0,54.5,54.7,55.5,56.6,57.5,58.2,58.9,59.6,60.1,60.8,61.8,63.5,65.7,67.2,67.9,68.2,68.3,67.7,66.2,64.7,63.0,61.1,58.9,59.0,59.6,60.3,61.0,61.6
57.0,54.6,53.6,53.7,53.7,53.8,53.7,53.6,53.7,53.7,54.4,52.0,51.0,50.9,50.8,51.0,50.9,50.7,50.8,51.1,51.6,52.3,52.8,53.9,55.1,56.6,58.9,60.2,60.8,60.6,59.9,59.0,57.9,55.6,53.3,51.1,49.6,50.2,50.6,50.7,50.9,51.1,51.8,52.7,53.3,54.2,55.0,56.0,57.1,59.1,61.4,62.7,63.1,63.1,62.7,62.0,61.1,59.9,57.9,55.8,54.1,54.2,54.6,55.1,56.1,56.8,57.7,58.3,59.0,59.4,60.0,60.7,61.7,63.4,66.1,67.5,68.4,68.9,68.6,67.6,66.3,65.1,63.5,61.9,59.7,59.5,60.0,60.7,61.1
58.8,56.8,54.6,53.6,53.7,53.5,53.3,53.3,53.2,53.2,56.2,54.4,52.1,50.9,50.7,50.6,50.5,50.5,50.4,50.6,51.2,51.7,52.3,53.0,54.2,55.2,56.7,58.7,60.2,60.8,60.6,60.1,59.2,57.6,55.8,53.8,51.4,49.8,50.3,50.5,50.6,50.8,51.2,52.2,52.9,53.6,54.3,55.1,55.9,57.5,59.3,61.4,62.9,63.4,63.4,63.0,62.5,61.7,60.1,58.2,56.1,54.1,54.3,55.0,55.7,56.4,57.0,57.8,58.4,58.7,59.2,59.8,60.5,61.7,63.9,66.5,68.0,69.1,69.2,68.5,67.7,66.6,65.6,64.3,62.5,60.1,59.9,60.3,60.8
60.4,58.7,56.8,54.7,53.8,53.4,53.0,52.9,52.8,52.7,57.9,56.2,54.4,52.1,50.7,50.5,50.2,50.1,50.1,50.2,50.7,51.3,51.7,52.5,53.3,54.4,55.3,56.4,58.6,60.1,60.8,60.8,60.3,58.9,57.9,56.3,54.0,51.5,50.0,50.3,50.3,50.5,51.0,51.5,52.3,53.1,53.7,54.4,55.0,56.4,57.7,59.3,61.6,63.3,63.7,63.7,63.6,63.1,61.9,60.3,58.5,56.2,54.3,54.7,55.6,56.0,56.6,57.1,57.8,58.1,58.5,59.0,59.7,60.6,62.1,64.2,66.9,68.7,69.3,69.2,68.6,68.0,67.1,66.3,64.8,63.0,60.6,60.2,60.4
61.8,60.3,58.6,56.9,54.7,53.5,52.9,52.5,52.5,52.3,59.3,57.9,56.3,54.3,51.9,50.5,50.1,49.8,49.8,49.9,50.2,50.7,51.3,51.9,52.8,53.5,54.5,55.0,56.3,58.6,60.1,61.0,61.0,60.1,59.3,58.4,56.5,54.0,51.6,50.1,50.1,50.2,50.7,51.2,51.7,52.6,53.2,53.8,54.3,55.4,56.5,57.6,59.4,62.0,63.6,64.0,64.3,64.2,63.3,62.1,60.6,58.5,56.4,54.7,55.4,55.8,56.2,56.7,57.1,57.6,57.9,58.3,58.8,59.8,61.0,62.4,64.6,67.5,68.9,69.4,69.2,68.9,68.5,67.8,66.8,65.3,63.4,60.9,60.3
62.6,61.6,60.2,58.6,56.8,54.4,52.9,52.5,52.1,52.0,60.2,59.4,57.9,56.2,54.2,51.7,50.0,49.6,49.4,49.5,49.8,50.3,50.8,51.6,52.2,53.0,53.5,54.1,54.9,56.2,58.6,60.3,61.2,60.8,60.5,59.8,58.6,56.4,54.1,51.6,49.9,50.0,50.3,50.9,51.4,52.0,52.7,53.3,53.7,54.8,55.6,56.4,57.7,59.8,62.3,63.8,64.6,64.9,64.3,63.4,62.3,60.7,58.7,57.0,55.4,55.6,56.0,56.3,56.7,56.8,57.4,57.6,58.1,58.9,60.2,61.2,62.8,65.3,67.8,69.1,69.5,69.6,69.3,69.2,68.3,67.3,65.7,63.7,61.1
63.1,62.4,61.5,60.1,58.5,56.4,53.9,52.5,52.0,51.6,60.8,60.3,59.4,57.9,56.0,53.9,51.3,49.6,49.3,49.2,49.6,49.9,50.3,51.0,51.8,52.4,53.0,53.2,54.0,54.8,56.3,58.8,60.6,61.0,61.2,61.0,60.0,58.5,56.4,54.0,51.5,49.8,50.2,50.6,51.1,51.5,52.1,52.7,53.2,54.1,54.9,55.5,56.6,58.0,60.0,62.5,64.4,65.2,65.0,64.5,63.7,62.4,60.9,59.4,57.5,55.7,55.8,56.0,56.3,56.4,56.6,57.1,57.5,58.3,59.3,60.5,61.6,63.4,65.6,68.1,69.2,69.8,70.0,70.1,69.7,68.9,67.7,66.0,63.8
63.2,63.0,62.3,61.4,60.0,58.0,55.9,53.5,52.0,51.5,60.9,61.0,60.4,59.3,57.7,55.8,53.5,50.8,49.2,49.0,49.2,49.6,49.9,50.6,51.3,52.0,52.4,52.7,53.1,53.9,54.9,56.4,59.1,60.5,61.4,61.7,61.1,59.9,58.4,56.3,54.1,51.5,50.0,50.4,50.8,51.3,51.7,52.0,52.6,53.6,54.2,54.8,55.5,56.8,58.3,60.3,63.1,65.0,65.4,65.2,64.7,63.7,62.6,61.6,59.9,57.8,55.8,55.8,56.0,56.0,56.2,56.3,57.1,57.7,58.7,59.6,60.8,62.2,63.7,65.7,68.2,69.6,70.3,70.7,70.6,70.2,69.3,68.0,66.1
62.6,63.0,62.9,62.2,61.3,59.5,57.6,55.5,53.0,51.5,60.4,61.0,61.0,60.3,59.2,57.5,55.4,53.3,50.5,48.9,49.1,49.3,49.7,50.3,50.8,51.5,52.0,52.1,52.6,53.1,54.0,55.0,56.6,59.0,60.8,61.8,61.7,61.0,59.8,58.3,56.3,54.1,51.9,50.3,50.6,50.9,51.4,51.6,52.1,53.0,53.8,54.2,54.9,55.8,57.1,58.6,60.9,63.8,65.2,65.5,65.4,64.7,64.0,63.4,62.1,60.1,58.0,55.9,55.7,55.8,55.8,55.9,56.3,57.2,58.2,58.9,59.9,61.4,62.5,63.8,65.9,68.5,70.1,71.0,71.3,71.0,70.6,69.6,68.1
60.8,62.5,62.9,62.8,62.2,60.7,59.1,57.2,55.0,52.5,58.7,60.5,61.1,60.9,60.2,59.0,57.2,55.3,53.1,50.2,49.0,49.1,49.3,50.0,50.5,51.0,51.5,51.6,51.9,52.5,53.1,54.1,55.2,56.6,59.4,61.3,61.9,61.6,60.9,59.7,58.4,56.4,54.5,52.0,50.5,50.7,51.0,51.3,51.7,52.4,53.1,53.7,54.3,55.2,56.1,57.5,59.3,61.6,63.9,65.3,65.7,65.4,65.0,64.7,63.9,62.4,60.3,58.1,55.8,55.4,55.4,55.5,55.9,56.4,57.6,58.4,59.3,60.5,61.7,62.6,63.9,66.2,69.0,70.7,71.6,71.7,71.5,70.9,69.7
59.1,60.7,62.4,62.8,62.7,61.6,60.4,58.8,56.7,54.7,57.0,58.8,60.6,61.1,60.8,60.0,58.7,57.1,55.1,52.9,50.3,49.0,49.1,49.6,50.2,50.7,51.0,51.1,51.4,51.9,52.5,53.2,54.3,55.2,56.9,59.8,61.4,61.8,61.5,60.8,59.7,58.4,56.8,54.6,52.2,50.6,50.8,50.9,51.4,52.0,52.5,53.1,53.8,54.5,55.4,56.5,58.1,59.9,61.8,64.1,65.5,65.7,65.7,65.7,65.2,64.1,62.5,60.3,58.0,55.6,55.1,55.2,55.5,56.1,56.9,57.9,58.8,59.8,60.8,61.8,62.8,64.2,66.8,69.6,71.3,71.9,72.1,71.8,70.9
58.1,59.0,60.6,62.2,62.7,62.2,61.3,60.1,58.3,56.4,55.8,57.1,58.9,60.6,61.0,60.7,59.7,58.6,57.0,54.9,53.0,50.4,49.0,49.5,49.9,50.5,50.7,50.6,51.0,51.4,51.9,52.6,53.5,54.2,55.4,57.3,59.9,61.3,61.8,61.4,60.8,59.8,58.8,56.9,54.7,52.3,50.7,50.6,51.0,51.7,52.0,52.5,53.3,54.0,54.7,55.8,57.1,58.7,60.1,62.1,64.3,65.5,66.0,66.4,66.1,65.4,64.3,62.5,60.3,57.9,55.3,54.9,55.2,55.7,56.5,57.1,58.3,59.3,60.1,60.9,61.9,63.0,64.7,67.4,70.2,71.6,72.4,72.4,71.8
57.4,58.0,59.0,60.5,62.1,62.1,61.9,61.1,59.7,58.1,55.1,56.0,57.1,58.8,60.5,60.7,60.3,59.6,58.4,56.8,55.1,53.2,50.5,49.2,49.7,50.2,50.4,50.2,50.5,50.9,51.4,52.0,52.9,53.4,54.4,55.8,57.5,60.0,61.3,61.7,61.4,60.9,60.2,58.9,57.0,54.8,52.4,50.6,50.7,51.3,51.7,52.1,52.8,53.5,54.3,55.2,56.6,57.8,59.0,60.4,62.2,64.3,65.9,66.6,66.8,66.4,65.7,64.4,62.5,60.2,57.7,55.2,54.9,55.4,56.2,56.7,57.6,58.8,59.6,60.2,61.0,62.1,63.5,65.4,67.9,70.5,72.1,72.7,72.5
56.8,57.3,57.9,59.0,60.4,61.6,61.9,61.7,60.7,59.4,54.5,55.3,56.0,57.0,58.8,60.3,60.5,60.2,59.4,58.2,57.1,55.3,53.2,50.7,49.4,50.0,50.1,50.1,50.1,50.4,50.9,51.6,52.2,52.8,53.6,54.8,56.1,57.6,59.9,61.2,61.6,61.5,61.3,60.3,59.1,57.1,54.9,52.4,50.6,51.0,51.3,51.7,52.3,53.0,53.7,54.7,55.9,57.2,58.1,59.4,60.6,62.3,64.7,66.3,66.9,67.0,66.6,65.7,64.4,62.5,60.1,57.6,55.2,55.2,55.9,56.3,57.3,58.1,59.0,59.6,60.4,61.2,62.6,64.1,65.8,68.2,71.0,72.4,72.7
56.3,56.8,57.3,57.9,58.9,59.9,61.4,61.7,61.3,60.4,54.0,54.6,55.3,55.8,56.9,58.5,60.1,60.4,60.0,59.3,58.6,57.2,55.4,53.4,50.9,49.7,49.9,49.7,49.9,50.0,50.4,51.1,51.7,52.1,53.0,54.0,55.1,56.2,57.6,59.9,61.2,61.7,61.9,61.4,60.4,59.1,57.1,54.8,52.6,51.0,51.1,51.3,52.0,52.5,53.2,54.2,55.4,56.5,57.5,58.5,59.6,60.7,62.6,65.1,66.6,67.2,67.2,66.6,65.6,64.3,62.3,60.0,57.8,55.5,55.7,56.0,56.9,57.8,58.3,59.1,59.8,60.5,61.8,63.2,64.6,66.2,68.8,71.2,72.4
55.9,56.3,56.7,57.3,57.9,58.5,59.7,61.3,61.4,61.0,53.5,54.0,54.6,55.1,55.7,56.6,58.3,59.9,60.3,59.9,59.7,58.7,57.4,55.6,53.5,51.2,49.5,49.5,49.6,49.8,50.0,50.6,51.1,51.6,52.3,53.2,54.3,55.2,56.2,57.6,59.8,61.3,62.2,62.1,61.5,60.5,59.1,57.0,55.2,52.9,51.0,51.1,51.6,52.1,52.8,53.7,54.9,56.0,56.8,57.8,58.6,59.7,60.9,63.0,65.4,66.8,67.3,67.2,66.5,65.5,64.1,62.3,60.2,58.2,55.9,55.8,56.6,57.5,58.0,58.4,59.2,60.0,61.1,62.4,63.7,65.0,66.7,69.0,71.3
55.5,55.9,56.3,56.8,57.3,57.6,58.2,59.6,60.9,61.1,53.0,53.5,54.0,54.4,54.9,55.4,56.3,58.1,59.8,60.2,60.3,59.8,58.8,57.6,55.7,53.7,51.0,49.1,49.4,49.6,49.8,50.3,50.6,51.1,51.8,52.5,53.5,54.4,55.1,56.2,57.5,59.9,61.8,62.3,62.1,61.6,60.4,58.9,57.4,55.4,52.9,51.0,51.3,51.7,52.3,53.2,54.4,55.4,56.3,57.2,58.0,58.8,59.9,61.4,63.3,65.7,66.9,67.2,67.1,66.4,65.4,64.0,62.4,60.7,58.6,56.1,56.3,57.1,57.6,58.1,58.6,59.4,60.6,61.6,62.9,64.0,65.5,66.9,69.1
