day 0,day 1,day 2,day 3,day 4,day 5,day 6,day 7,day 8,day 9,day 10,day 11,day 12,day 13,day 14,day 15,day 16,day 17,day 18,day 19,day 20,day 21,day 22,day 23,day 24,day 25,day 26,day 27,day 28,day 29,day 30,day 31,day 32,day 33,day 34,day 35,day 36,day 37,day 38,day 39,day 40,day 41,day 42,day 43,day 44,day 45,day 46,day 47,day 48,day 49,day 50,day 51,day 52,day 53,day 54,day 55,day 56,day 57,day 58,day 59,day 60,day 61,day 62,day 63,day 64,day 65,day 66,day 67,day 68,day 69,day 70,day 71,day 72,day 73,day 74,day 75,day 76,day 77,day 78,day 79,day 80,day 81,day 82,day 83,day 84,day 85,day 86,day 87,day 88,day 89,day 90,day 91,day 92,day 93
68.7,70.7,72.3,74.6,77.1,81.8,86.6,89.7,91.3,92.4,92.3,91.1,89.4,87.1,83.9,80.1,76.3,71.8,67.2,64.2,65.1,66.8,68.5,70.1,71.8,73.3,75.0,77.2,79.9,83.6,88.2,91.2,93.2,94.0,93.4,92.2,90.2,87.6,84.1,80.2,76.2,71.6,67.1,64.9,65.5,66.4,67.8,68.5,69.9,71.1,72.2,73.5,75.7,78.6,83.8,87.4,89.2,90.2,90.2,88.9,86.9,84.1,80.8,76.7,71.9,67.1,61.9,61.4,62.4,63.5,64.7,66.1,67.3,68.5,69.8,71.1,73.1,75.1,79.6,83.3,84.9,85.1,84.4,83.1,80.9,77.8,74.2,69.8,64.3,58.7,53.8,53.8,54.6,55.6
67.1,69.1,70.7,72.6,74.7,77.3,82.0,86.7,89.6,91.6,92.4,92.3,91.1,89.5,87.0,83.8,80.0,76.2,71.9,67.4,64.2,65.4,66.9,68.7,70.3,72.0,73.5,75.3,77.2,79.8,83.5,87.8,91.0,93.1,93.8,93.4,92.0,89.6,87.2,83.9,80.0,75.9,71.3,66.8,64.6,65.2,66.4,67.6,68.5,69.8,71.0,71.9,73.2,75.5,78.4,83.7,87.3,89.3,90.3,90.1,89.0,86.9,84.2,80.8,76.4,71.8,66.9,61.9,61.3,62.3,63.4,64.7,65.8,66.9,68.1,69.4,70.7,72.5,74.6,78.9,82.9,84.4,84.7,84.1,82.9,80.6,77.8,74.1,69.4,64.2,58.5,53.4,53.5,54.3
65.6,67.5,69.1,71.0,72.7,74.9,77.5,82.0,86.7,89.8,91.6,92.4,92.3,91.3,89.4,87.0,83.8,79.9,76.3,72.0,67.4,64.4,65.6,67.1,68.8,70.5,72.2,73.8,75.3,77.0,79.7,83.1,87.8,91.0,93.0,93.8,93.1,91.3,89.3,86.8,83.6,79.6,75.6,71.0,66.4,64.3,65.2,66.2,67.5,68.5,69.7,70.7,71.6,73.0,75.2,78.2,83.5,87.3,89.4,90.2,90.1,89.1,86.9,84.1,80.5,76.3,71.7,66.9,61.8,61.2,62.1,63.4,64.4,65.4,66.5,67.7,68.9,70.3,72.0,74.0,78.5,82.4,83.9,84.3,83.8,82.6,80.6,77.7,73.7,69.4,64.1,58.2,53.0,53.2
64.3,66.0,67.6,69.5,71.1,72.8,75.0,77.5,81.9,86.9,89.9,91.6,92.4,92.4,91.3,89.4,87.0,83.7,80.0,76.4,72.2,67.6,64.6,65.8,67.2,69.0,70.7,72.4,73.7,75.1,77.0,79.5,83.0,87.8,90.9,92.9,93.5,92.5,91.0,89.0,86.7,83.1,79.2,75.2,70.7,66.1,64.3,65.1,66.2,67.5,68.4,69.4,70.4,71.5,72.8,75.0,78.0,83.6,87.3,89.2,90.2,90.2,89.1,86.8,83.9,80.4,76.4,71.8,66.9,61.6,61.0,61.9,62.9,64.0,65.1,66.1,67.2,68.4,69.7,71.4,73.6,77.8,81.9,83.5,84.1,83.6,82.6,80.5,77.3,73.8,69.4,63.8,57.9,52.7
62.8,64.7,66.0,67.9,69.6,71.2,72.9,75.0,77.4,82.1,87.0,90.1,91.7,92.5,92.4,91.3,89.3,86.8,83.8,80.2,76.6,72.4,67.8,64.8,65.9,67.4,69.2,70.9,72.4,73.5,75.1,76.8,79.4,83.2,87.7,90.9,92.7,92.9,92.1,90.6,88.8,86.2,82.7,78.8,74.9,70.4,66.1,64.1,65.0,66.2,67.5,68.1,69.1,70.3,71.2,72.6,74.9,78.1,83.6,87.2,89.2,90.2,90.2,89.0,86.6,83.9,80.5,76.4,71.7,66.7,61.4,60.9,61.6,62.6,63.6,64.7,65.6,66.6,67.9,69.2,71.0,73.2,77.3,81.6,83.3,83.9,83.6,82.5,80.1,77.3,73.8,69.1,63.5,57.6
61.9,63.2,64.6,66.3,68.0,69.7,71.3,72.9,75.0,77.6,82.2,87.1,90.2,91.9,92.6,92.4,91.3,89.2,87.0,84.0,80.5,76.9,72.6,68.0,65.0,66.1,67.7,69.4,71.0,72.3,73.5,74.8,76.6,79.5,83.1,87.7,90.6,91.9,92.5,91.8,90.4,88.3,85.8,82.3,78.5,74.7,70.4,65.9,64.1,65.0,66.1,67.1,67.8,69.0,70.1,71.1,72.6,74.9,78.1,83.4,87.2,89.1,90.2,90.0,88.7,86.6,84.0,80.6,76.4,71.7,66.5,61.2,60.6,61.2,62.2,63.4,64.3,65.0,66.1,67.4,68.9,70.5,72.7,76.8,81.3,83.2,84.0,83.5,82.2,80.1,77.3,73.6,68.9,63.2
65.8,62.2,63.1,64.9,66.5,68.1,69.8,71.4,73.0,75.2,77.8,82.3,87.2,90.4,92.0,92.6,92.4,91.3,89.4,87.1,84.3,80.8,77.2,72.8,68.1,65.1,66.3,67.8,69.5,70.9,72.2,73.3,74.6,76.7,79.3,83.1,87.5,90.0,91.5,92.2,91.6,89.9,88.0,85.5,82.1,78.5,74.7,70.3,65.8,63.9,65.0,65.8,66.9,67.7,68.8,69.9,71.1,72.6,75.0,78.0,83.5,87.1,89.2,90.1,89.9,88.7,86.8,84.0,80.6,76.4,71.6,66.3,60.8,60.3,60.9,62.0,62.8,63.7,64.5,65.6,67.1,68.4,70.1,72.2,76.4,81.2,83.1,83.8,83.2,82.1,80.1,77.2,73.4,68.7
70.6,66.1,62.2,63.4,65.1,66.6,68.3,69.8,71.5,73.2,75.4,77.9,82.4,87.3,90.4,92.1,92.6,92.3,91.5,89.5,87.5,84.6,81.1,77.3,72.9,68.3,65.4,66.5,68.0,69.5,70.8,72.1,73.1,74.7,76.5,79.2,82.9,87.0,89.6,91.2,92.0,91.3,89.5,87.7,85.2,82.0,78.6,74.8,70.2,65.5,63.9,64.7,65.5,66.8,67.5,68.5,69.8,71.1,72.7,74.8,78.0,83.4,87.2,89.1,89.9,89.9,88.8,86.8,83.9,80.5,76.2,71.4,66.0,60.5,60.0,60.7,61.4,62.2,63.3,64.0,65.2,66.6,67.9,69.6,71.9,76.1,81.1,83.0,83.5,82.9,82.0,79.9,77.1,73.3
75.2,70.9,66.0,62.4,63.6,65.2,66.7,68.3,69.8,71.6,73.3,75.5,78.0,82.6,87.5,90.6,92.0,92.5,92.6,91.6,89.8,87.7,84.9,81.1,77.4,73.2,68.5,65.4,66.6,68.1,69.5,70.7,71.9,73.2,74.6,76.5,78.9,82.4,86.6,89.5,91.0,91.7,90.9,89.4,87.4,85.1,82.1,78.6,74.8,70.0,65.3,63.7,64.5,65.4,66.6,67.1,68.4,69.8,71.1,72.6,74.9,77.9,83.6,87.1,88.9,89.9,90.0,88.8,86.7,84.0,80.4,76.0,71.2,65.6,60.1,59.7,60.2,60.8,61.8,62.7,63.7,64.8,66.1,67.4,69.4,71.5,75.8,81.0,82.7,83.2,82.9,81.9,79.8,76.9
79.4,75.5,70.8,66.1,62.6,63.7,65.2,66.7,68.5,70.0,71.7,73.4,75.7,78.2,82.6,87.5,90.3,91.9,92.7,92.9,91.9,90.1,88.0,84.9,81.3,77.8,73.4,68.6,65.6,66.7,68.1,69.4,70.6,71.8,73.0,74.5,76.2,78.4,82.1,86.4,89.2,90.8,91.3,90.7,89.0,87.4,85.2,82.2,78.7,74.5,69.8,65.0,63.4,64.4,65.2,66.2,67.0,68.4,69.8,71.0,72.6,74.9,78.1,83.5,86.9,89.0,90.1,90.0,88.8,86.8,83.9,80.1,75.8,70.8,65.2,59.8,59.2,59.6,60.4,61.3,62.3,63.3,64.4,65.7,67.1,69.0,71.4,75.5,80.6,82.4,83.1,82.8,81.6,79.7
83.0,79.5,75.4,70.8,66.2,62.7,63.7,65.3,66.9,68.6,70.0,71.8,73.5,75.9,78.2,82.6,87.1,90.3,92.0,93.1,93.1,92.2,90.4,88.1,85.2,81.8,78.1,73.6,68.7,65.6,66.7,68.1,69.4,70.6,71.7,73.1,74.3,75.8,78.2,81.8,86.2,88.8,90.3,91.1,90.4,89.1,87.5,85.4,82.2,78.5,74.2,69.4,64.7,63.3,64.2,64.9,66.0,67.0,68.3,69.6,71.1,72.5,75.0,78.0,83.3,87.0,89.2,90.1,89.9,88.8,86.6,83.7,79.9,75.4,70.3,64.8,59.3,58.7,59.3,59.9,60.9,62.0,62.8,63.9,65.3,66.7,68.9,71.2,75.3,80.2,82.3,82.9,82.5,81.5
86.1,83.2,79.5,75.4,71.0,66.4,62.8,63.8,65.4,67.0,68.6,70.2,71.8,73.7,75.7,78.2,82.4,87.1,90.3,92.4,93.5,93.5,92.6,90.5,88.4,85.7,82.1,78.3,73.5,68.7,65.7,66.7,68.0,69.4,70.4,71.7,72.8,73.9,75.6,78.0,81.6,85.7,88.5,90.1,90.9,90.4,89.2,87.7,85.4,82.0,78.2,73.8,69.1,64.5,63.0,63.9,64.8,66.0,66.9,68.2,69.7,71.0,72.8,74.9,77.7,83.2,87.0,89.3,90.0,89.8,88.7,86.4,83.4,79.5,74.9,69.9,64.2,58.6,58.4,58.8,59.6,60.6,61.5,62.3,63.5,64.9,66.5,68.7,70.9,74.9,80.0,82.1,82.8,82.5
88.8,86.3,83.2,79.5,75.5,71.2,66.5,62.8,63.9,65.6,67.1,68.8,70.2,72.0,73.6,75.7,78.0,82.1,87.1,90.5,92.8,93.8,93.9,92.8,90.8,88.9,86.0,82.4,78.1,73.5,68.7,65.7,66.7,68.1,69.2,70.4,71.5,72.4,73.7,75.4,77.8,81.1,85.4,88.2,89.9,90.9,90.6,89.5,87.8,85.2,81.7,77.7,73.6,68.9,64.2,62.6,63.8,64.7,66.0,66.8,68.3,69.6,71.2,72.6,74.7,77.6,83.2,87.1,89.1,89.9,89.8,88.4,86.1,82.9,78.9,74.4,69.3,63.5,58.3,57.9,58.4,59.3,60.2,61.0,61.8,63.0,64.7,66.4,68.4,70.6,74.6,79.9,82.0,82.8
90.6,88.9,86.4,83.2,79.5,75.7,71.3,66.5,62.9,64.1,65.6,67.2,68.8,70.4,72.0,73.6,75.5,77.9,82.2,87.3,90.9,93.1,94.3,94.0,93.1,91.2,89.2,86.2,82.2,78.0,73.4,68.6,65.7,66.7,68.0,69.3,70.3,71.1,72.2,73.5,75.1,77.5,80.6,85.1,87.9,90.1,91.1,90.8,89.6,87.6,84.8,81.3,77.6,73.3,68.6,63.8,62.6,63.7,64.7,65.7,66.8,68.2,69.7,70.8,72.4,74.7,77.6,83.3,87.0,89.0,89.8,89.5,88.1,85.6,82.3,78.4,73.9,68.7,63.0,57.8,57.4,58.2,58.9,59.7,60.5,61.3,62.8,64.6,66.1,68.1,70.4,74.3,79.6,82.0
91.9,90.7,88.9,86.4,83.3,79.8,75.8,71.3,66.6,63.1,64.2,65.7,67.2,68.9,70.3,72.0,73.5,75.5,78.2,82.4,87.6,91.0,93.5,94.4,94.2,93.4,91.6,89.3,86.0,82.1,77.9,73.2,68.6,65.8,66.6,68.0,69.1,70.0,70.9,72.0,73.3,75.0,77.1,80.4,84.7,88.1,90.2,91.2,90.9,89.5,87.3,84.5,81.1,77.4,73.0,68.4,63.6,62.4,63.7,64.5,65.8,66.7,68.2,69.4,70.7,72.4,74.8,77.8,83.1,86.9,89.0,89.6,89.2,87.6,85.0,81.8,77.8,73.2,68.1,62.5,57.2,57.1,57.7,58.5,59.3,60.0,61.0,62.6,64.3,65.9,67.8,70.1,73.9,79.5
92.2,92.0,90.8,89.0,86.4,83.6,79.9,75.9,71.5,66.8,63.2,64.3,65.7,67.3,69.0,70.5,72.0,73.4,75.7,78.3,82.6,87.8,91.3,93.8,94.7,94.5,93.8,91.6,89.1,85.9,81.9,77.7,73.2,68.5,65.7,66.7,67.9,68.9,69.8,70.8,71.9,73.1,74.5,76.9,80.0,84.8,88.2,90.3,91.3,90.8,89.2,87.0,84.4,81.0,77.3,72.8,68.2,63.4,62.4,63.5,64.6,65.6,66.8,68.0,69.3,70.7,72.6,75.0,77.7,83.1,86.7,88.8,89.4,88.7,87.0,84.5,81.2,77.1,72.5,67.6,62.0,56.9,56.7,57.3,58.0,58.8,59.7,60.8,62.4,64.2,65.6,67.4,69.8,73.6
91.3,92.3,92.1,90.8,89.0,86.7,83.7,79.9,76.1,71.5,66.8,63.3,64.3,65.7,67.5,69.1,70.5,72.0,73.7,75.8,78.5,82.7,88.0,91.4,94.0,94.9,94.9,93.9,91.5,89.0,85.7,81.6,77.6,73.1,68.4,65.7,66.6,67.7,68.6,69.6,70.7,71.8,72.6,74.3,76.5,79.9,84.8,88.2,90.4,91.2,90.4,88.9,87.0,84.2,80.9,77.1,72.7,68.1,63.3,62.2,63.5,64.4,65.6,66.6,67.8,69.3,70.8,72.7,74.9,77.7,82.9,86.5,88.6,88.9,88.1,86.5,83.9,80.5,76.4,72.2,67.1,61.7,56.4,56.2,56.8,57.5,58.3,59.5,60.6,62.3,63.9,65.3,67.1,69.3
89.4,91.4,92.4,91.9,90.9,89.3,86.9,83.8,80.0,76.1,71.6,66.9,63.4,64.4,65.9,67.7,69.2,70.5,72.1,73.8,76.0,78.7,82.8,88.1,91.8,94.2,95.3,94.9,93.7,91.3,88.8,85.3,81.5,77.5,72.9,68.3,65.7,66.4,67.5,68.5,69.5,70.6,71.4,72.4,74.0,76.5,79.8,84.8,88.3,90.3,90.7,90.2,89.0,86.8,84.2,80.8,77.1,72.6,67.9,63.0,62.2,63.3,64.4,65.3,66.4,67.8,69.3,71.0,72.7,74.9,77.5,82.6,86.4,88.2,88.4,87.6,85.9,83.2,79.9,76.1,71.7,66.7,61.2,55.9,55.7,56.4,57.0,58.1,59.3,60.5,62.0,63.6,64.9,66.6
86.3,89.2,91.5,92.2,92.0,91.2,89.4,86.9,83.8,80.1,76.1,71.6,66.9,63.5,64.6,66.1,67.8,69.2,70.7,72.3,74.1,76.3,78.9,83.1,88.4,92.1,94.6,95.3,94.8,93.4,91.0,88.4,85.2,81.4,77.4,72.8,68.1,65.6,66.2,67.4,68.5,69.4,70.2,71.3,72.3,74.0,76.4,79.7,84.8,88.2,89.9,90.5,90.3,88.8,86.8,84.0,80.8,77.0,72.5,67.8,62.9,62.0,63.2,64.1,65.1,66.3,67.8,69.4,71.0,72.7,74.8,77.3,82.3,86.0,87.6,87.9,87.0,85.2,82.5,79.6,75.6,71.4,66.3,60.7,55.3,55.3,55.9,56.9,57.9,59.2,60.1,61.7,63.2,64.4
81.4,86.1,89.6,91.3,92.2,92.2,91.2,89.3,86.9,83.9,80.1,76.2,71.7,67.0,63.7,64.8,66.2,67.8,69.4,70.9,72.5,74.3,76.4,79.1,83.3,88.8,92.3,94.6,95.2,94.6,93.1,90.7,88.3,85.2,81.3,77.3,72.6,67.9,65.4,66.2,67.3,68.4,69.0,70.1,71.2,72.3,73.9,76.4,79.7,84.7,87.9,89.6,90.6,90.1,88.8,86.6,84.1,80.8,77.0,72.4,67.7,62.7,61.9,62.9,63.8,64.9,66.4,67.9,69.3,70.9,72.6,74.5,77.0,81.9,85.5,87.2,87.2,86.3,84.5,82.2,79.2,75.3,71.0,65.8,60.1,54.9,54.8,55.7,56.6,57.8,58.8,59.8,61.4,62.8
76.9,81.3,86.4,89.4,91.2,92.3,92.2,91.1,89.3,87.0,83.9,80.1,76.3,71.8,67.0,63.9,65.0,66.3,68.0,69.6,71.1,72.8,74.4,76.6,79.4,83.7,89.0,92.3,94.3,94.9,94.2,92.7,90.5,88.2,85.1,81.2,77.0,72.3,67.6,65.4,66.1,67.2,68.0,68.9,70.0,71.2,72.2,73.9,76.3,79.6,84.4,87.7,89.8,90.4,90.1,88.7,86.7,84.1,80.8,76.9,72.3,67.5,62.5,61.6,62.7,63.6,65.0,66.5,67.8,69.2,70.8,72.3,74.2,76.6,81.3,85.0,86.6,86.5,85.6,84.2,81.9,78.7,75.0,70.6,65.3,59.7,54.5,54.6,55.3,56.5,57.4,58.4,59.5,61.0
74.4,76.8,81.5,86.3,89.4,91.3,92.5,92.2,91.1,89.4,87.0,83.8,80.2,76.4,71.8,67.1,64.1,65.1,66.4,68.1,69.8,71.3,72.9,74.6,76.8,79.7,83.9,88.9,92.0,93.9,94.5,93.8,92.5,90.4,88.2,84.9,80.8,76.7,72.1,67.5,65.2,66.1,66.9,67.9,68.7,70.0,71.2,72.4,73.9,76.3,79.2,84.0,87.7,89.6,90.3,89.9,88.9,86.8,84.1,80.8,76.8,72.2,67.5,62.2,61.5,62.5,63.6,65.0,66.3,67.7,69.1,70.5,71.9,74.0,76.1,80.8,84.5,85.9,85.9,85.3,83.9,81.4,78.5,74.6,70.2,65.1,59.2,54.2,54.3,55.2,56.1,57.0,58.1,59.2
72.3,74.4,76.9,81.6,86.4,89.6,91.5,92.4,92.2,91.2,89.3,87.0,84.0,80.1,76.3,71.9,67.2,64.2,65.1,66.5,68.3,69.9,71.6,73.1,74.8,77.0,79.9,83.8,88.6,91.6,93.5,94.1,93.6,92.3,90.4,88.1,84.5,80.5,76.5,71.9,67.3,65.1,65.7,66.7,67.8,68.7,69.9,71.2,72.2,73.8,75.9,78.7,84.0,87.5,89.5,90.1,90.0,89.1,86.8,84.1,80.8,76.7,72.2,67.2,62.1,61.3,62.5,63.7,64.8,66.2,67.6,68.9,70.1,71.6,73.5,75.7,80.3,83.9,85.2,85.5,84.9,83.4,81.2,78.2,74.3,70.0,64.8,58.9,53.9,54.1,54.8,55.9,56.7,57.8
70.7,72.3,74.6,77.1,81.8,86.6,89.7,91.3,92.4,92.3,91.1,89.4,87.1,83.9,80.1,76.3,71.8,67.2,64.2,65.1,66.8,68.5,70.1,71.8,73.3,75.0,77.2,79.9,83.6,88.2,91.2,93.2,94.0,93.4,92.2,90.2,87.6,84.1,80.2,76.2,71.6,67.1,64.9,65.5,66.4,67.8,68.5,69.9,71.1,72.2,73.5,75.7,78.6,83.8,87.4,89.2,90.2,90.2,88.9,86.9,84.1,80.8,76.7,71.9,67.1,61.9,61.4,62.4,63.5,64.7,66.1,67.3,68.5,69.8,71.1,73.1,75.1,79.6,83.3,84.9,85.1,84.4,83.1,80.9,77.8,74.2,69.8,64.3,58.7,53.8,53.8,54.6,55.6,56.3
69.1,70.7,72.6,74.7,77.3,82.0,86.7,89.6,91.6,92.4,92.3,91.1,89.5,87.0,83.8,80.0,76.2,71.9,67.4,64.2,65.4,66.9,68.7,70.3,72.0,73.5,75.3,77.2,79.8,83.5,87.8,91.0,93.1,93.8,93.4,92.0,89.6,87.2,83.9,80.0,75.9,71.3,66.8,64.6,65.2,66.4,67.6,68.5,69.8,71.0,71.9,73.2,75.5,78.4,83.7,87.3,89.3,90.3,90.1,89.0,86.9,84.2,80.8,76.4,71.8,66.9,61.9,61.3,62.3,63.4,64.7,65.8,66.9,68.1,69.4,70.7,72.5,74.6,78.9,82.9,84.4,84.7,84.1,82.9,80.6,77.8,74.1,69.4,64.2,58.5,53.4,53.5,54.3,55.2
