day 0,day 1,day 2,day 3,day 4,day 5,day 6,day 7,day 8,day 9,day 10,day 11,day 12,day 13,day 14,day 15,day 16,day 17,day 18,day 19,day 20,day 21,day 22,day 23,day 24,day 25,day 26,day 27,day 28,day 29,day 30,day 31,day 32,day 33,day 34,day 35,day 36,day 37,day 38,day 39,day 40,day 41,day 42,day 43,day 44,day 45,day 46,day 47,day 48,day 49,day 50,day 51,day 52,day 53,day 54,day 55,day 56,day 57,day 58,day 59,day 60,day 61,day 62,day 63,day 64,day 65,day 66,day 67,day 68,day 69,day 70,day 71,day 72,day 73,day 74,day 75,day 76,day 77,day 78,day 79,day 80,day 81,day 82,day 83,day 84,day 85,day 86,day 87,day 88,day 89,day 90,day 91,day 92,day 93
76.5,77.8,78.9,80.8,83.9,88.6,91.2,92.8,93.4,93.1,92.6,91.8,90.3,88.4,85.7,82.6,79.3,75.6,72.9,73.3,74.2,75.3,76.6,78.0,79.2,80.7,82.1,83.6,86.9,91.6,94.0,95.5,96.2,95.9,95.3,94.0,92.3,90.0,87.0,83.7,80.0,76.0,73.7,74.3,75.4,76.3,77.4,78.3,79.4,80.6,81.9,83.2,85.4,89.9,92.8,94.0,94.3,93.7,92.9,91.3,89.4,87.0,84.1,80.5,76.6,72.4,70.9,71.5,72.2,72.9,73.8,74.7,75.5,76.3,77.2,78.3,79.8,83.0,86.7,88.0,88.2,87.6,86.4,84.8,82.8,80.2,77.2,73.7,69.8,65.8,65.2,65.6,66.1,66.7
75.4,76.6,77.7,79.0,80.8,83.9,88.7,91.2,92.9,93.4,93.0,92.8,91.9,90.4,88.4,85.9,82.7,79.3,75.7,73.0,73.4,74.3,75.5,76.8,78.1,79.4,80.8,82.1,83.8,86.7,91.3,93.9,95.5,96.0,95.8,95.2,94.2,92.3,89.8,87.0,83.8,80.1,76.0,73.8,74.4,75.4,76.2,77.1,78.1,79.3,80.5,81.6,82.9,85.1,89.3,92.2,93.7,93.8,93.6,92.6,91.2,89.4,86.9,84.2,80.4,76.4,72.2,70.9,71.5,72.2,72.9,73.8,74.5,75.3,76.0,76.7,77.8,79.2,82.4,86.1,87.3,87.5,86.9,86.0,84.4,82.5,80.0,77.0,73.6,69.3,65.4,65.1,65.4,65.9
74.3,75.6,76.5,77.8,79.0,80.8,84.0,88.7,91.2,92.8,93.4,93.1,92.9,92.1,90.4,88.6,86.0,82.8,79.3,75.8,73.1,73.5,74.5,75.8,76.9,78.3,79.5,80.8,82.3,83.7,86.5,91.1,93.9,95.4,96.0,95.8,95.4,94.2,92.1,89.9,87.1,83.8,79.9,76.0,73.8,74.4,75.3,76.0,76.9,78.1,79.3,80.3,81.3,82.6,84.6,88.8,91.9,93.3,93.8,93.4,92.6,91.2,89.3,87.0,84.1,80.2,76.4,72.2,70.9,71.4,72.1,72.8,73.5,74.2,75.0,75.5,76.3,77.3,78.7,82.0,85.5,86.8,86.8,86.4,85.5,84.1,82.3,79.8,76.8,73.1,68.8,65.2,64.9,65.2
73.4,74.3,75.4,76.6,77.9,79.0,80.8,84.1,88.8,91.1,92.7,93.5,93.2,93.1,92.2,90.6,88.7,86.1,82.8,79.5,75.9,73.1,73.7,74.7,75.9,77.1,78.3,79.5,80.9,82.2,83.5,86.5,91.2,93.9,95.4,95.9,95.9,95.4,94.0,92.3,89.9,87.1,83.7,79.8,75.9,73.8,74.3,75.0,75.9,76.9,78.1,79.1,80.0,81.0,82.1,84.1,88.3,91.4,93.1,93.5,93.2,92.5,91.2,89.5,87.0,83.8,80.2,76.4,72.1,70.8,71.3,72.0,72.5,73.2,73.9,74.5,75.0,75.8,76.9,78.3,81.4,84.8,86.1,86.3,86.0,85.2,83.9,82.1,79.5,76.4,72.6,68.7,65.1,64.6
72.6,73.4,74.2,75.5,76.6,77.8,79.1,80.9,84.1,88.8,91.0,92.9,93.6,93.4,93.1,92.4,90.7,88.8,86.1,82.9,79.6,76.0,73.3,73.9,74.9,76.0,77.1,78.4,79.6,80.8,82.1,83.5,86.5,91.1,93.8,95.3,96.0,95.9,95.3,94.2,92.3,90.0,87.0,83.6,79.9,75.9,73.7,74.1,74.9,75.9,76.9,77.9,78.7,79.7,80.6,81.7,83.6,87.9,91.3,92.8,93.4,93.3,92.6,91.3,89.4,86.8,83.9,80.3,76.3,72.0,70.7,71.2,71.7,72.3,73.0,73.4,74.0,74.5,75.3,76.4,77.9,80.7,84.2,85.7,86.0,85.7,85.0,83.7,81.9,79.1,75.9,72.5,68.5,64.7
71.9,72.7,73.3,74.2,75.5,76.7,77.9,79.2,81.0,84.1,88.6,91.1,92.9,93.7,93.5,93.3,92.4,90.8,89.0,86.2,83.1,79.8,76.2,73.4,74.0,75.0,76.0,77.2,78.4,79.6,80.8,82.1,83.6,86.5,91.0,93.8,95.4,96.0,95.7,95.4,94.2,92.4,89.9,86.9,83.6,79.7,75.8,73.5,74.0,74.9,75.8,76.7,77.5,78.4,79.2,80.1,81.2,83.2,87.8,91.0,92.7,93.4,93.3,92.6,91.1,89.2,86.8,83.9,80.2,76.2,71.8,70.6,70.9,71.5,72.0,72.5,72.9,73.6,74.0,74.9,76.1,77.4,80.0,83.7,85.3,85.7,85.5,84.8,83.5,81.5,78.8,75.8,72.4,68.3
71.6,71.9,72.5,73.3,74.3,75.5,76.8,78.0,79.3,80.9,84.0,88.7,91.1,93.0,93.8,93.7,93.5,92.5,91.0,89.1,86.4,83.3,80.1,76.3,73.5,74.1,75.0,76.1,77.2,78.4,79.5,80.8,82.1,83.5,86.4,91.0,93.9,95.3,95.9,95.9,95.5,94.4,92.3,89.8,87.0,83.5,79.7,75.7,73.4,74.0,74.9,75.6,76.4,77.2,78.0,78.8,79.6,80.8,83.2,87.5,90.9,92.7,93.3,93.2,92.4,90.9,89.3,86.9,83.9,80.1,76.1,71.7,70.4,70.7,71.2,71.5,72.0,72.5,73.1,73.7,74.6,75.6,76.8,79.6,83.4,85.1,85.5,85.3,84.6,83.1,81.1,78.7,75.8,72.2
74.4,71.7,71.7,72.5,73.3,74.3,75.6,76.9,78.2,79.3,81.0,84.2,88.6,91.3,93.1,94.0,93.8,93.5,92.7,91.2,89.2,86.7,83.7,80.2,76.4,73.6,74.1,75.0,76.1,77.2,78.4,79.5,80.7,82.0,83.4,86.3,91.1,93.8,95.3,96.1,95.9,95.6,94.3,92.3,90.0,86.9,83.4,79.6,75.6,73.4,74.0,74.7,75.4,76.1,76.9,77.5,78.3,79.2,80.7,82.9,87.3,90.8,92.5,93.3,93.0,92.2,91.0,89.3,87.0,83.8,80.0,76.0,71.4,70.1,70.4,70.7,71.1,71.6,72.1,72.8,73.3,74.2,75.0,76.4,79.3,83.1,84.7,85.2,85.0,84.2,82.7,81.1,78.7,75.7
77.7,74.4,71.5,71.8,72.6,73.3,74.3,75.6,77.0,78.2,79.3,81.2,84.2,88.7,91.4,93.4,94.1,93.8,93.7,92.9,91.3,89.5,87.1,83.9,80.3,76.5,73.6,74.1,75.1,76.1,77.1,78.4,79.5,80.7,82.0,83.4,86.4,91.0,93.8,95.5,96.2,96.1,95.6,94.3,92.4,89.9,86.8,83.4,79.5,75.4,73.4,73.8,74.5,75.1,75.8,76.4,77.1,78.0,79.2,80.5,82.8,87.1,90.7,92.5,93.1,92.8,92.4,91.0,89.5,87.0,83.8,79.9,75.7,71.1,69.9,69.9,70.3,70.7,71.2,71.8,72.3,72.9,73.7,74.7,76.1,78.9,82.7,84.5,84.9,84.6,83.9,82.7,81.1,78.6
81.2,77.9,74.3,71.5,71.8,72.6,73.4,74.4,75.8,77.0,78.3,79.6,81.2,84.3,88.8,91.6,93.4,94.2,94.0,93.9,92.9,91.6,89.9,87.3,83.9,80.5,76.5,73.5,74.1,75.1,76.0,77.2,78.4,79.5,80.7,81.9,83.4,86.3,91.1,94.0,95.5,96.4,96.0,95.6,94.4,92.3,89.7,86.8,83.3,79.4,75.4,73.2,73.7,74.2,74.8,75.3,76.0,76.8,77.9,79.1,80.4,82.7,86.9,90.6,92.3,93.0,92.9,92.4,91.2,89.5,87.0,83.6,79.6,75.4,70.8,69.5,69.6,69.9,70.3,70.9,71.4,71.9,72.5,73.4,74.5,75.8,78.4,82.4,84.1,84.5,84.4,83.9,82.7,81.0
84.2,81.4,77.9,74.4,71.5,71.8,72.6,73.4,74.4,75.8,77.1,78.5,79.6,81.3,84.5,89.0,91.7,93.5,94.3,94.3,94.0,93.2,92.0,90.1,87.4,84.1,80.6,76.5,73.5,74.1,75.1,76.1,77.2,78.3,79.4,80.6,82.0,83.3,86.3,91.2,94.0,95.8,96.4,96.0,95.6,94.4,92.3,89.7,86.8,83.3,79.4,75.2,73.1,73.4,74.0,74.4,74.9,75.8,76.7,77.7,79.0,80.2,82.6,86.7,90.4,92.2,93.0,92.9,92.6,91.1,89.4,86.8,83.3,79.3,75.1,70.3,69.1,69.2,69.5,70.0,70.6,71.0,71.5,72.2,73.2,74.1,75.5,78.1,81.9,83.8,84.5,84.5,83.9,82.6
87.0,84.4,81.4,78.0,74.5,71.5,71.8,72.7,73.5,74.5,75.9,77.2,78.6,79.7,81.5,84.7,89.1,91.9,93.7,94.6,94.4,94.4,93.7,92.2,90.3,87.5,84.3,80.6,76.5,73.5,74.1,75.2,76.0,77.1,78.3,79.4,80.7,82.0,83.4,86.4,91.2,94.3,95.8,96.5,96.2,95.6,94.3,92.3,89.7,86.7,83.1,79.1,75.0,72.9,73.2,73.6,74.0,74.7,75.7,76.5,77.6,78.8,80.2,82.4,86.5,90.3,92.2,93.0,93.0,92.6,91.0,89.2,86.6,83.1,79.0,74.6,69.9,68.7,68.8,69.2,69.7,70.1,70.6,71.2,72.0,72.8,73.7,75.2,77.6,81.6,83.7,84.5,84.4,83.9
89.2,87.1,84.4,81.5,78.1,74.5,71.5,71.9,72.7,73.6,74.7,76.1,77.4,78.7,79.9,81.7,84.8,89.2,92.0,93.9,94.8,94.9,94.8,93.9,92.4,90.4,87.6,84.3,80.6,76.4,73.5,74.1,75.1,76.0,77.1,78.2,79.5,80.6,82.0,83.5,86.4,91.4,94.2,96.0,96.6,96.0,95.5,94.2,92.3,89.6,86.6,82.8,78.8,74.7,72.6,72.9,73.3,73.8,74.7,75.6,76.4,77.4,78.8,80.0,82.2,86.4,90.3,92.2,93.1,92.9,92.5,90.8,89.0,86.3,82.7,78.5,74.1,69.4,68.3,68.5,68.9,69.3,69.8,70.4,71.0,71.7,72.5,73.6,74.9,77.3,81.5,83.6,84.4,84.4
90.8,89.3,87.0,84.5,81.6,78.3,74.6,71.6,71.9,72.8,73.8,75.0,76.2,77.4,78.8,80.1,81.8,84.9,89.3,92.2,94.1,95.2,95.4,95.1,94.1,92.5,90.5,87.8,84.4,80.5,76.4,73.5,74.1,75.1,76.0,77.0,78.4,79.5,80.6,82.1,83.6,86.6,91.2,94.4,96.0,96.5,95.9,95.4,94.3,92.3,89.5,86.3,82.6,78.6,74.4,72.3,72.5,73.0,73.7,74.5,75.4,76.2,77.4,78.6,79.8,82.0,86.4,90.3,92.2,93.0,92.8,92.3,90.6,88.7,85.9,82.2,78.0,73.5,69.0,68.0,68.2,68.4,69.0,69.6,70.2,70.7,71.4,72.4,73.2,74.5,77.1,81.4,83.5,84.4
92.1,90.9,89.2,87.1,84.6,81.8,78.4,74.6,71.7,72.0,72.9,74.0,75.0,76.2,77.6,79.0,80.3,82.0,85.0,89.6,92.4,94.6,95.6,95.6,95.3,94.4,92.7,90.7,87.7,84.3,80.5,76.3,73.5,74.1,75.0,75.9,77.1,78.3,79.4,80.7,82.2,83.8,86.5,91.4,94.4,96.1,96.4,95.9,95.5,94.2,92.1,89.2,86.0,82.3,78.2,74.0,71.9,72.3,72.9,73.6,74.4,75.2,76.3,77.3,78.4,79.7,82.2,86.4,90.2,92.1,92.9,92.5,92.0,90.4,88.3,85.3,81.5,77.4,73.0,68.6,67.7,67.8,68.1,68.7,69.4,69.9,70.4,71.2,72.0,72.8,74.4,77.0,81.3,83.4
92.8,92.2,90.8,89.3,87.2,84.7,81.9,78.5,74.7,71.7,72.2,73.2,74.1,75.0,76.4,77.8,79.2,80.5,82.1,85.2,89.7,92.9,95.0,95.8,95.9,95.5,94.5,92.9,90.5,87.7,84.3,80.4,76.2,73.4,74.0,75.0,76.1,77.1,78.2,79.5,80.9,82.5,83.9,86.6,91.3,94.6,96.0,96.3,96.1,95.6,94.1,91.8,88.8,85.7,81.9,77.8,73.6,71.8,72.2,72.8,73.5,74.2,75.3,76.1,77.2,78.3,79.9,82.2,86.3,90.2,92.1,92.7,92.3,91.7,90.0,87.6,84.6,80.9,76.9,72.5,68.2,67.3,67.5,67.9,68.6,69.1,69.6,70.3,70.9,71.7,72.6,74.3,76.8,81.1
93.2,92.9,92.1,91.0,89.5,87.4,84.9,82.0,78.6,74.8,71.9,72.5,73.3,74.2,75.3,76.7,78.0,79.3,80.6,82.3,85.4,90.2,93.3,95.2,96.1,96.0,95.7,94.7,92.7,90.4,87.6,84.1,80.3,76.2,73.4,74.0,75.1,76.0,77.0,78.3,79.7,81.0,82.5,83.9,86.5,91.5,94.5,95.9,96.5,96.2,95.5,93.8,91.3,88.5,85.2,81.4,77.4,73.5,71.7,72.0,72.7,73.3,74.2,75.2,76.0,77.0,78.4,79.9,82.1,86.2,90.2,91.9,92.5,92.0,91.2,89.2,86.9,83.9,80.3,76.3,72.0,67.8,67.0,67.2,67.7,68.3,68.8,69.4,69.9,70.5,71.5,72.6,74.1,76.6
92.5,93.3,92.8,92.2,91.1,89.6,87.5,85.0,82.2,78.7,75.0,72.2,72.5,73.3,74.3,75.6,76.8,78.2,79.5,80.8,82.5,85.8,90.5,93.5,95.5,96.3,96.3,95.9,94.5,92.7,90.4,87.3,84.0,80.3,76.1,73.3,74.0,75.0,75.9,77.2,78.5,79.8,81.1,82.5,83.8,86.5,91.4,94.4,96.0,96.5,96.1,95.1,93.3,90.9,88.0,84.8,81.1,77.4,73.3,71.5,71.9,72.5,73.3,74.2,75.0,75.9,77.1,78.4,79.8,81.9,86.1,90.0,91.7,92.1,91.4,90.4,88.5,86.2,83.3,79.7,75.9,71.5,67.4,66.7,67.1,67.4,68.0,68.7,69.1,69.5,70.5,71.4,72.4,74.0
91.0,92.5,93.1,92.8,92.3,91.3,89.7,87.8,85.3,82.3,78.8,75.2,72.3,72.6,73.5,74.5,75.8,77.0,78.3,79.6,81.0,82.8,86.0,90.7,93.8,95.6,96.5,96.5,95.8,94.4,92.5,90.2,87.2,84.0,80.3,76.0,73.4,74.0,75.0,76.0,77.3,78.6,79.9,81.1,82.3,83.8,86.3,91.3,94.3,95.9,96.5,95.7,94.6,92.9,90.4,87.6,84.5,81.1,77.2,73.1,71.3,71.7,72.5,73.2,74.0,74.9,76.0,77.1,78.3,79.7,81.9,85.8,89.8,91.3,91.3,90.6,89.6,87.7,85.5,82.7,79.2,75.2,71.0,67.1,66.6,66.8,67.2,68.0,68.4,68.7,69.4,70.5,71.3,72.2
88.4,91.0,92.5,93.1,92.9,92.5,91.3,89.8,88.0,85.3,82.4,79.0,75.2,72.3,72.7,73.7,74.8,76.0,77.1,78.4,79.8,81.2,83.0,86.2,90.9,94.0,95.9,96.5,96.3,95.7,94.3,92.4,90.0,87.3,84.0,80.2,76.1,73.3,73.9,75.1,76.2,77.5,78.6,79.9,81.0,82.3,83.6,86.2,91.1,94.3,95.8,96.1,95.3,94.1,92.4,90.1,87.3,84.6,81.0,76.9,72.9,71.2,71.8,72.5,73.1,73.9,75.0,76.0,77.0,78.1,79.7,81.6,85.6,89.3,90.5,90.7,89.9,89.0,87.2,85.0,82.1,78.5,74.7,70.7,67.0,66.3,66.6,67.1,67.7,67.9,68.6,69.3,70.3,71.1
83.8,88.4,91.0,92.5,93.2,93.0,92.5,91.4,90.0,88.0,85.4,82.5,79.0,75.2,72.4,72.9,73.9,75.0,76.1,77.3,78.5,80.1,81.5,83.2,86.5,91.2,94.2,95.9,96.5,96.3,95.6,94.2,92.2,90.1,87.3,84.0,80.2,75.9,73.3,74.0,75.2,76.3,77.5,78.7,79.8,81.0,82.0,83.5,86.0,91.1,94.2,95.4,95.7,94.9,93.7,92.0,89.7,87.3,84.4,80.7,76.9,72.7,71.2,71.7,72.4,73.0,74.0,74.9,75.9,76.9,78.1,79.4,81.3,85.0,88.6,89.9,89.9,89.3,88.5,86.6,84.4,81.5,78.0,74.4,70.5,66.6,66.0,66.5,66.8,67.2,67.8,68.5,69.2,70.1
80.8,83.7,88.5,91.0,92.7,93.2,93.0,92.5,91.5,90.0,88.1,85.6,82.5,79.1,75.3,72.6,73.0,74.0,75.1,76.2,77.4,78.8,80.4,81.8,83.5,86.7,91.4,94.3,95.8,96.3,96.1,95.4,94.0,92.2,90.0,87.3,83.9,80.0,75.9,73.5,74.2,75.4,76.3,77.5,78.6,79.7,80.7,81.9,83.4,86.0,90.8,93.7,95.1,95.2,94.3,93.3,91.6,89.7,87.1,84.2,80.7,76.7,72.6,71.1,71.6,72.3,73.0,73.9,74.9,75.8,76.9,77.8,79.1,80.9,84.3,88.0,89.1,89.3,88.8,87.9,86.0,83.7,81.0,77.6,74.1,70.2,66.3,66.0,66.2,66.4,67.1,67.7,68.3,69.0
79.1,80.7,83.8,88.5,91.0,92.7,93.3,93.1,92.6,91.6,90.2,88.3,85.7,82.5,79.2,75.5,72.8,73.2,74.1,75.2,76.3,77.7,79.1,80.5,82.0,83.6,86.7,91.7,94.3,95.6,96.2,96.0,95.3,94.1,92.2,90.1,87.3,83.7,79.9,75.9,73.6,74.4,75.4,76.4,77.5,78.5,79.4,80.7,81.9,83.4,85.8,90.3,93.4,94.6,94.7,94.0,92.9,91.5,89.5,86.9,84.2,80.5,76.7,72.4,71.0,71.5,72.3,73.0,73.9,74.7,75.8,76.6,77.6,78.8,80.3,83.7,87.2,88.6,88.8,88.3,87.3,85.2,83.2,80.5,77.4,74.0,69.9,66.2,65.6,65.7,66.3,66.9,67.6,68.0
77.8,78.9,80.8,83.9,88.6,91.2,92.8,93.4,93.1,92.6,91.8,90.3,88.4,85.7,82.6,79.3,75.6,72.9,73.3,74.2,75.3,76.6,78.0,79.2,80.7,82.1,83.6,86.9,91.6,94.0,95.5,96.2,95.9,95.3,94.0,92.3,90.0,87.0,83.7,80.0,76.0,73.7,74.3,75.4,76.3,77.4,78.3,79.4,80.6,81.9,83.2,85.4,89.9,92.8,94.0,94.3,93.7,92.9,91.3,89.4,87.0,84.1,80.5,76.6,72.4,70.9,71.5,72.2,72.9,73.8,74.7,75.5,76.3,77.2,78.3,79.8,83.0,86.7,88.0,88.2,87.6,86.4,84.8,82.8,80.2,77.2,73.7,69.8,65.8,65.2,65.6,66.1,66.7,67.2
76.6,77.7,79.0,80.8,83.9,88.7,91.2,92.9,93.4,93.0,92.8,91.9,90.4,88.4,85.9,82.7,79.3,75.7,73.0,73.4,74.3,75.5,76.8,78.1,79.4,80.8,82.1,83.8,86.7,91.3,93.9,95.5,96.0,95.8,95.2,94.2,92.3,89.8,87.0,83.8,80.1,76.0,73.8,74.4,75.4,76.2,77.1,78.1,79.3,80.5,81.6,82.9,85.1,89.3,92.2,93.7,93.8,93.6,92.6,91.2,89.4,86.9,84.2,80.4,76.4,72.2,70.9,71.5,72.2,72.9,73.8,74.5,75.3,76.0,76.7,77.8,79.2,82.4,86.1,87.3,87.5,86.9,86.0,84.4,82.5,80.0,77.0,73.6,69.3,65.4,65.1,65.4,65.9,66.3
