day 0,day 1,day 2,day 3,day 4,day 5,day 6,day 7,day 8,day 9,day 10,day 11,day 12,day 13,day 14,day 15,day 16,day 17,day 18,day 19,day 20,day 21,day 22,day 23,day 24,day 25,day 26,day 27,day 28,day 29,day 30,day 31,day 32,day 33,day 34,day 35,day 36,day 37,day 38,day 39,day 40,day 41,day 42,day 43,day 44,day 45,day 46,day 47,day 48,day 49,day 50,day 51,day 52,day 53,day 54,day 55,day 56,day 57,day 58,day 59,day 60,day 61,day 62,day 63,day 64,day 65,day 66,day 67,day 68,day 69,day 70,day 71,day 72,day 73,day 74,day 75,day 76,day 77,day 78,day 79,day 80,day 81,day 82,day 83,day 84,day 85,day 86,day 87,day 88,day 89,day 90,day 91,day 92,day 93
63.0,65.5,67.9,71.2,75.3,80.3,84.0,86.2,87.1,87.1,86.1,84.1,81.4,78.1,74.7,71.2,67.4,64.4,61.9,60.5,61.7,63.2,65.1,67.3,69.5,71.4,73.5,76.3,80.1,85.2,89.1,91.7,92.4,91.9,90.4,88.0,84.7,80.8,77.1,72.9,68.8,65.2,62.6,62.1,63.2,64.3,65.9,67.8,69.9,71.8,74.0,76.4,79.7,84.2,88.2,90.6,91.2,90.4,88.8,86.2,82.5,78.6,74.1,69.6,65.3,61.6,59.0,59.4,60.2,61.5,62.6,64.3,66.2,68.2,70.4,72.6,75.1,79.0,83.9,86.7,87.3,86.8,84.9,81.4,77.4,72.6,67.8,63.1,58.6,55.0,53.3,53.9,54.6,55.4
61.1,63.5,66.1,68.6,71.8,75.8,80.8,84.4,86.5,87.5,87.4,86.5,84.5,81.6,78.2,74.8,71.4,67.6,64.6,61.9,60.6,61.7,63.2,65.3,67.5,69.5,71.5,73.6,76.6,80.5,85.5,89.4,91.7,92.4,92.1,90.7,88.1,84.8,81.0,77.0,72.8,68.7,65.1,62.3,61.8,62.9,64.0,65.7,67.7,69.8,71.8,74.1,76.4,79.7,84.1,88.3,90.4,91.1,90.5,89.0,86.2,82.5,78.5,74.1,69.4,65.0,61.2,58.6,59.1,59.9,61.2,62.2,63.9,66.1,68.1,70.2,72.4,75.0,78.8,83.8,86.6,87.3,86.5,84.3,80.8,76.8,72.2,67.4,62.7,58.2,54.5,53.0,53.6,54.3
59.4,61.5,64.0,66.7,69.2,72.3,76.2,81.2,84.7,86.9,87.8,87.8,86.9,84.7,81.6,78.4,75.0,71.6,67.8,64.5,61.9,60.5,61.8,63.3,65.4,67.6,69.7,71.7,73.9,77.0,80.8,85.8,89.4,91.8,92.6,92.4,90.9,88.3,84.9,81.0,76.9,72.7,68.5,64.8,61.9,61.5,62.7,63.8,65.5,67.6,69.7,71.8,74.1,76.4,79.6,84.1,88.0,90.3,91.2,90.6,89.0,86.2,82.4,78.4,74.0,69.1,64.6,60.8,58.3,58.8,59.6,60.7,61.9,63.7,65.9,67.9,69.9,72.2,74.8,78.7,83.7,86.6,86.9,85.9,83.7,80.2,76.2,71.7,67.0,62.2,57.7,54.1,52.8,53.3
57.7,59.8,62.0,64.6,67.3,69.7,72.7,76.6,81.4,85.1,87.2,88.2,88.2,87.1,84.8,81.9,78.7,75.3,71.8,67.8,64.5,61.9,60.5,61.9,63.5,65.6,67.7,69.9,71.9,74.2,77.3,81.1,85.8,89.4,92.0,93.0,92.6,91.1,88.4,85.0,80.9,76.8,72.5,68.2,64.4,61.6,61.3,62.5,63.7,65.5,67.6,69.7,71.9,74.0,76.3,79.6,83.9,88.0,90.4,91.3,90.7,89.0,86.1,82.4,78.3,73.5,68.6,64.2,60.5,58.0,58.5,59.2,60.5,61.7,63.6,65.7,67.6,69.7,72.0,74.5,78.6,83.7,86.1,86.2,85.2,83.0,79.6,75.8,71.3,66.5,61.7,57.3,53.8,52.4
56.2,58.0,60.3,62.6,65.2,67.7,70.1,73.1,76.9,81.8,85.5,87.5,88.6,88.4,87.2,85.0,82.2,78.9,75.5,71.8,67.8,64.5,61.8,60.6,62.2,63.6,65.7,67.8,70.0,72.2,74.5,77.6,81.1,85.9,89.6,92.3,93.2,92.8,91.3,88.4,84.9,80.8,76.6,72.2,67.8,64.1,61.4,61.1,62.4,63.7,65.4,67.6,69.7,71.8,73.9,76.4,79.4,83.8,88.1,90.6,91.4,90.7,88.9,86.0,82.2,77.8,73.1,68.2,63.9,60.2,57.7,58.1,59.0,60.3,61.6,63.4,65.4,67.4,69.5,71.8,74.4,78.6,83.3,85.5,85.4,84.5,82.4,79.1,75.3,70.7,66.0,61.2,56.9,53.4
55.2,56.6,58.5,60.8,63.2,65.6,68.1,70.4,73.5,77.3,82.2,85.7,88.0,88.8,88.3,87.4,85.5,82.4,79.1,75.4,71.7,67.7,64.4,61.9,60.9,62.4,63.7,65.9,68.0,70.3,72.5,74.8,77.6,81.2,86.0,90.0,92.5,93.4,93.0,91.4,88.3,84.8,80.6,76.2,71.8,67.6,63.8,61.1,61.0,62.3,63.6,65.4,67.6,69.6,71.7,73.9,76.2,79.3,83.9,88.3,90.7,91.4,90.7,88.8,85.8,81.7,77.4,72.7,67.9,63.6,59.8,57.3,57.8,58.8,60.2,61.4,63.2,65.2,67.2,69.3,71.8,74.4,78.2,82.6,84.6,84.7,83.8,81.9,78.6,74.8,70.2,65.5,60.8,56.5
56.9,55.5,57.1,59.0,61.3,63.6,66.0,68.5,70.8,73.8,77.7,82.4,86.2,88.2,88.8,88.6,87.9,85.7,82.6,79.0,75.4,71.7,67.7,64.6,62.1,61.1,62.5,63.9,66.0,68.3,70.6,72.7,74.8,77.6,81.3,86.3,90.2,92.8,93.5,93.0,91.3,88.2,84.5,80.2,75.9,71.5,67.3,63.5,61.1,61.0,62.3,63.6,65.3,67.4,69.4,71.7,73.8,76.1,79.3,83.9,88.4,90.7,91.4,90.5,88.6,85.3,81.3,77.0,72.4,67.6,63.2,59.4,57.0,57.7,58.7,60.0,61.1,62.9,64.9,67.0,69.2,71.7,74.0,77.7,81.9,83.9,84.1,83.4,81.3,78.0,74.2,69.7,65.0,60.3
59.6,57.2,55.9,57.6,59.5,61.7,64.0,66.4,68.9,71.0,74.2,77.9,82.8,86.2,88.1,89.1,89.2,88.1,85.8,82.6,79.0,75.3,71.6,67.8,64.7,62.2,61.2,62.6,64.1,66.2,68.5,70.9,72.7,74.7,77.8,81.5,86.5,90.4,92.9,93.5,92.8,91.1,87.8,84.2,79.9,75.6,71.3,67.0,63.4,60.9,61.0,62.2,63.6,65.2,67.3,69.4,71.7,73.7,76.1,79.4,84.0,88.3,90.6,91.2,90.3,87.9,84.8,81.0,76.7,72.1,67.2,62.8,59.1,56.8,57.6,58.5,59.8,60.9,62.8,64.8,66.9,69.1,71.4,73.6,77.0,81.1,83.2,83.6,82.8,80.7,77.4,73.7,69.2,64.5
62.8,60.0,57.6,56.4,58.1,60.0,62.1,64.3,66.8,69.1,71.4,74.4,78.3,82.9,86.2,88.5,89.7,89.5,88.2,85.8,82.6,78.9,75.3,71.7,67.9,64.8,62.2,61.3,62.8,64.3,66.4,68.7,70.9,72.7,74.9,78.0,81.7,86.7,90.5,92.9,93.4,92.7,90.8,87.5,83.8,79.6,75.3,71.0,66.9,63.3,60.9,60.9,62.2,63.5,65.0,67.3,69.3,71.6,73.7,76.1,79.5,83.9,88.3,90.5,90.9,89.6,87.4,84.5,80.6,76.4,71.7,66.9,62.5,59.0,56.7,57.4,58.2,59.6,60.8,62.5,64.6,66.8,68.8,71.0,73.0,76.3,80.4,82.7,83.0,82.1,80.0,76.9,73.1,68.7
66.4,63.2,60.4,58.1,56.9,58.4,60.2,62.4,64.7,67.0,69.5,71.7,74.8,78.4,82.9,86.6,89.1,90.0,89.5,88.2,85.7,82.5,78.9,75.4,71.8,68.0,64.8,62.3,61.5,62.9,64.4,66.6,68.7,70.9,72.8,75.1,78.2,81.9,86.8,90.5,92.8,93.2,92.4,90.3,87.0,83.5,79.4,75.0,70.8,66.8,63.2,60.8,61.0,62.1,63.4,65.1,67.2,69.2,71.6,73.7,76.1,79.4,83.9,88.1,90.1,90.2,89.0,87.1,84.1,80.3,76.0,71.3,66.7,62.3,58.8,56.5,57.2,58.1,59.4,60.6,62.3,64.5,66.5,68.5,70.4,72.5,75.7,79.9,82.1,82.3,81.5,79.5,76.3,72.7
69.9,66.9,63.6,60.9,58.6,57.3,58.7,60.5,62.8,64.9,67.4,69.8,72.0,74.8,78.4,83.3,87.1,89.4,90.0,89.5,88.1,85.7,82.6,79.0,75.5,71.9,68.0,64.8,62.4,61.6,63.0,64.6,66.6,68.8,71.0,73.0,75.3,78.4,82.0,86.8,90.4,92.6,92.9,91.9,89.9,86.8,83.3,79.1,74.9,70.7,66.7,63.1,60.7,60.9,61.9,63.5,65.0,67.2,69.2,71.6,73.8,76.0,79.4,83.7,87.7,89.3,89.6,88.8,86.8,83.8,79.9,75.7,71.2,66.6,62.2,58.6,56.2,57.0,57.8,59.2,60.4,62.1,64.2,66.1,68.0,69.9,71.9,75.3,79.3,81.3,81.7,80.9,78.8,75.9
73.3,70.3,67.4,64.1,61.4,58.9,57.6,59.0,61.0,63.1,65.3,67.8,70.1,72.1,74.9,78.7,83.7,87.4,89.4,90.0,89.4,88.1,85.7,82.7,79.1,75.6,71.9,68.2,65.0,62.5,61.7,63.2,64.6,66.6,68.9,71.2,73.2,75.5,78.6,82.1,86.6,90.2,92.3,92.5,91.4,89.6,86.6,83.0,79.0,74.8,70.7,66.6,63.1,60.6,60.7,62.0,63.4,64.9,67.1,69.3,71.5,73.7,76.0,79.3,83.2,86.9,88.8,89.4,88.4,86.5,83.4,79.7,75.6,71.1,66.4,62.0,58.2,56.0,56.8,57.7,59.0,60.2,61.8,63.8,65.7,67.5,69.4,71.5,74.6,78.5,80.7,81.1,80.3,78.3
76.5,73.8,70.8,67.9,64.6,61.7,59.2,57.9,59.4,61.3,63.5,65.8,68.2,70.3,72.1,75.1,79.1,84.0,87.4,89.3,89.9,89.4,88.2,85.9,82.8,79.2,75.6,72.0,68.4,65.1,62.6,61.9,63.3,64.6,66.7,69.1,71.4,73.4,75.7,78.6,82.0,86.4,89.8,91.8,92.0,91.2,89.4,86.3,82.9,78.9,74.8,70.6,66.6,62.9,60.4,60.8,61.9,63.3,64.8,67.1,69.2,71.5,73.7,75.9,78.9,82.5,86.3,88.6,89.0,88.1,86.0,83.3,79.6,75.4,70.9,66.3,61.7,58.0,55.8,56.6,57.5,58.8,60.0,61.6,63.5,65.3,67.0,69.0,71.0,73.9,77.9,80.1,80.4,79.8
79.2,77.0,74.4,71.4,68.3,65.0,62.0,59.5,58.3,59.6,61.7,63.8,66.1,68.3,70.3,72.3,75.5,79.3,84.0,87.3,89.2,89.9,89.6,88.3,86.0,82.9,79.2,75.8,72.2,68.5,65.2,62.7,61.9,63.2,64.7,66.8,69.2,71.6,73.6,75.8,78.6,81.8,86.0,89.4,91.3,91.7,90.8,89.1,86.2,82.8,78.9,74.8,70.6,66.4,62.8,60.5,60.7,61.8,63.2,64.8,67.0,69.1,71.5,73.6,75.5,78.2,81.8,86.1,88.2,88.7,87.7,86.0,83.2,79.4,75.2,70.8,66.0,61.5,57.7,55.5,56.4,57.3,58.6,59.8,61.4,63.1,64.8,66.7,68.5,70.4,73.3,77.3,79.5,79.8
81.3,79.8,77.6,75.0,71.9,68.7,65.3,62.3,59.9,58.5,60.0,62.0,64.2,66.3,68.3,70.6,72.8,75.8,79.4,84.0,87.2,89.3,90.1,89.7,88.4,86.1,83.0,79.4,76.0,72.3,68.6,65.3,62.7,61.9,63.3,64.9,67.0,69.4,71.8,73.6,75.8,78.4,81.4,85.6,88.9,91.0,91.5,90.6,89.0,86.2,82.7,78.9,74.8,70.4,66.3,62.8,60.3,60.6,61.7,63.2,64.8,66.9,69.1,71.3,73.2,74.9,77.7,81.5,85.6,87.9,88.2,87.6,85.9,83.0,79.2,75.1,70.5,65.8,61.2,57.4,55.3,56.2,57.0,58.4,59.6,61.0,62.6,64.4,66.2,67.9,69.9,72.8,76.6,78.9
82.5,82.0,80.5,78.2,75.5,72.4,69.0,65.5,62.6,60.1,58.9,60.3,62.3,64.4,66.4,68.6,71.0,73.0,75.9,79.3,83.9,87.2,89.5,90.3,89.9,88.6,86.3,83.2,79.7,76.3,72.5,68.7,65.3,62.6,61.9,63.5,65.0,67.2,69.5,71.8,73.6,75.6,78.0,81.0,85.2,88.7,90.8,91.3,90.6,89.0,86.1,82.8,78.9,74.7,70.4,66.3,62.6,60.2,60.5,61.7,63.2,64.7,66.8,69.0,71.0,72.7,74.4,77.3,81.1,85.3,87.5,88.1,87.5,85.8,82.8,79.1,74.9,70.3,65.5,60.9,57.2,55.1,56.0,56.9,58.2,59.2,60.5,62.3,63.9,65.7,67.4,69.4,72.1,75.9
82.9,83.2,82.8,81.2,78.8,75.9,72.7,69.3,65.9,62.9,60.4,59.2,60.7,62.6,64.4,66.6,69.0,71.2,73.0,75.8,79.3,83.8,87.5,89.6,90.4,90.0,88.8,86.5,83.6,79.9,76.5,72.6,68.7,65.2,62.6,62.1,63.6,65.3,67.3,69.5,71.8,73.4,75.3,77.6,80.5,84.9,88.4,90.6,91.2,90.5,88.9,86.2,82.9,78.8,74.7,70.3,66.2,62.5,60.0,60.5,61.6,63.1,64.7,66.7,68.7,70.5,72.2,74.2,77.0,80.7,84.9,87.4,88.0,87.3,85.6,82.7,78.9,74.7,70.1,65.2,60.7,57.0,54.9,55.8,56.7,57.9,58.9,60.3,61.8,63.4,65.3,66.9,68.8,71.5
82.3,83.7,84.0,83.4,81.7,79.2,76.3,73.0,69.7,66.2,63.3,60.8,59.6,60.9,62.6,64.5,66.9,69.2,71.2,73.0,75.7,79.2,84.1,87.6,89.7,90.5,90.2,89.0,86.9,83.8,80.2,76.6,72.5,68.6,65.2,62.6,62.2,63.8,65.4,67.3,69.5,71.5,73.1,75.0,77.2,80.3,84.6,88.3,90.6,91.2,90.5,89.0,86.3,82.8,78.8,74.6,70.2,66.0,62.3,60.0,60.4,61.5,63.1,64.6,66.4,68.2,70.0,72.0,73.8,76.6,80.3,84.8,87.3,87.8,87.2,85.4,82.5,78.8,74.5,69.8,65.1,60.5,56.7,54.8,55.7,56.5,57.6,58.6,59.9,61.3,63.0,64.7,66.3,68.3
80.6,83.0,84.5,84.7,84.0,82.2,79.6,76.6,73.4,69.9,66.5,63.6,61.1,59.8,61.0,62.7,64.9,67.1,69.3,71.2,73.0,75.7,79.4,84.2,87.7,89.9,90.8,90.6,89.4,87.1,84.1,80.3,76.6,72.5,68.7,65.3,62.7,62.4,64.0,65.3,67.3,69.3,71.2,72.8,74.6,77.0,80.0,84.4,88.2,90.6,91.2,90.5,89.0,86.2,82.8,78.8,74.5,70.0,65.8,62.3,59.8,60.3,61.5,63.0,64.3,66.0,67.8,69.7,71.7,73.5,76.2,80.1,84.7,87.1,87.7,87.0,85.4,82.4,78.7,74.3,69.7,64.9,60.2,56.5,54.7,55.5,56.1,57.3,58.2,59.4,60.9,62.6,64.2,65.8
77.6,81.4,83.9,85.1,85.4,84.5,82.6,80.0,77.0,73.6,70.3,66.8,63.8,61.3,59.9,61.1,63.0,65.1,67.1,69.3,71.1,73.0,75.8,79.6,84.2,87.8,90.2,91.1,91.0,89.7,87.4,84.2,80.4,76.6,72.5,68.7,65.3,62.9,62.6,63.9,65.2,67.1,69.0,70.9,72.4,74.5,76.7,79.8,84.3,88.2,90.5,91.3,90.6,88.9,86.3,82.7,78.7,74.4,69.9,65.8,62.2,59.7,60.4,61.4,62.8,63.9,65.6,67.5,69.4,71.3,73.1,76.0,80.0,84.4,86.9,87.5,87.0,85.3,82.3,78.5,74.3,69.5,64.5,59.9,56.3,54.5,55.2,55.9,56.9,57.8,59.0,60.5,62.1,63.7
73.3,78.3,82.3,84.6,85.7,85.9,85.0,83.0,80.4,77.2,74.0,70.7,67.0,64.0,61.3,59.9,61.4,63.2,65.1,67.1,69.2,71.0,73.1,75.9,79.6,84.3,88.0,90.5,91.5,91.4,90.1,87.5,84.3,80.4,76.7,72.7,68.8,65.4,62.9,62.5,63.9,65.1,66.8,68.7,70.5,72.2,74.2,76.5,79.7,84.2,88.2,90.6,91.3,90.6,89.0,86.2,82.6,78.6,74.3,69.8,65.6,62.1,59.7,60.3,61.2,62.4,63.5,65.4,67.2,69.0,71.0,72.9,75.9,79.7,84.2,86.7,87.5,87.0,85.3,82.1,78.5,74.0,69.1,64.2,59.6,56.1,54.2,55.0,55.6,56.4,57.4,58.6,60.1,61.6
69.8,73.9,79.1,83.0,85.2,86.3,86.3,85.3,83.4,80.6,77.7,74.4,70.9,67.1,64.0,61.4,60.2,61.6,63.3,65.2,67.1,69.2,71.1,73.2,76.0,79.7,84.5,88.4,90.9,91.9,91.8,90.2,87.6,84.4,80.6,76.8,72.7,69.0,65.5,62.8,62.5,63.7,64.9,66.6,68.3,70.3,71.9,74.1,76.5,79.7,84.2,88.2,90.6,91.3,90.7,88.9,86.1,82.6,78.6,74.2,69.7,65.5,62.0,59.5,60.1,60.9,62.0,63.2,65.1,66.9,68.6,70.7,72.9,75.7,79.5,84.0,86.8,87.5,87.0,85.1,82.1,78.3,73.6,68.7,63.8,59.3,55.7,54.0,54.6,55.1,56.1,57.2,58.2,59.6
67.4,70.5,74.6,79.8,83.5,85.7,86.7,86.7,85.8,83.7,81.0,78.0,74.6,71.0,67.2,64.1,61.7,60.4,61.6,63.3,65.1,67.1,69.3,71.3,73.4,76.1,79.9,84.8,88.8,91.3,92.3,91.9,90.3,87.7,84.5,80.7,76.9,72.9,69.0,65.3,62.8,62.3,63.5,64.6,66.2,68.0,70.0,71.9,74.1,76.4,79.7,84.2,88.3,90.5,91.4,90.5,88.8,86.1,82.6,78.5,74.2,69.6,65.5,61.9,59.4,59.8,60.5,61.7,62.9,64.7,66.5,68.3,70.6,72.7,75.4,79.1,84.0,86.7,87.5,86.8,85.1,81.9,77.8,73.1,68.2,63.5,58.9,55.4,53.7,54.2,54.9,55.8,56.8,57.7
65.5,67.9,71.2,75.3,80.3,84.0,86.2,87.1,87.1,86.1,84.1,81.4,78.1,74.7,71.2,67.4,64.4,61.9,60.5,61.7,63.2,65.1,67.3,69.5,71.4,73.5,76.3,80.1,85.2,89.1,91.7,92.4,91.9,90.4,88.0,84.7,80.8,77.1,72.9,68.8,65.2,62.6,62.1,63.2,64.3,65.9,67.8,69.9,71.8,74.0,76.4,79.7,84.2,88.2,90.6,91.2,90.4,88.8,86.2,82.5,78.6,74.1,69.6,65.3,61.6,59.0,59.4,60.2,61.5,62.6,64.3,66.2,68.2,70.4,72.6,75.1,79.0,83.9,86.7,87.3,86.8,84.9,81.4,77.4,72.6,67.8,63.1,58.6,55.0,53.3,53.9,54.6,55.4,56.3
63.5,66.1,68.6,71.8,75.8,80.8,84.4,86.5,87.5,87.4,86.5,84.5,81.6,78.2,74.8,71.4,67.6,64.6,61.9,60.6,61.7,63.2,65.3,67.5,69.5,71.5,73.6,76.6,80.5,85.5,89.4,91.7,92.4,92.1,90.7,88.1,84.8,81.0,77.0,72.8,68.7,65.1,62.3,61.8,62.9,64.0,65.7,67.7,69.8,71.8,74.1,76.4,79.7,84.1,88.3,90.4,91.1,90.5,89.0,86.2,82.5,78.5,74.1,69.4,65.0,61.2,58.6,59.1,59.9,61.2,62.2,63.9,66.1,68.1,70.2,72.4,75.0,78.8,83.8,86.6,87.3,86.5,84.3,80.8,76.8,72.2,67.4,62.7,58.2,54.5,53.0,53.6,54.3,55.0
