day 0,day 1,day 2,day 3,day 4,day 5,day 6,day 7,day 8,day 9,day 10,day 11,day 12,day 13,day 14,day 15,day 16,day 17,day 18,day 19,day 20,day 21,day 22,day 23,day 24,day 25,day 26,day 27,day 28,day 29,day 30,day 31,day 32,day 33,day 34,day 35,day 36,day 37,day 38,day 39,day 40,day 41,day 42,day 43,day 44,day 45,day 46,day 47,day 48,day 49,day 50,day 51,day 52,day 53,day 54,day 55,day 56,day 57,day 58,day 59,day 60,day 61,day 62,day 63,day 64,day 65,day 66,day 67,day 68,day 69,day 70,day 71,day 72,day 73,day 74,day 75,day 76,day 77,day 78,day 79,day 80,day 81,day 82,day 83,day 84,day 85,day 86,day 87,day 88,day 89,day 90,day 91,day 92,day 93
73.0,73.9,75.0,76.3,78.8,83.3,86.5,88.1,88.9,89.3,88.9,88.3,87.2,85.7,83.6,81.0,77.7,74.5,71.0,70.6,71.3,72.0,73.1,74.0,74.8,75.7,76.8,78.5,81.2,86.3,89.5,91.0,91.8,91.9,91.8,91.0,89.8,88.1,85.6,82.5,78.5,74.7,71.0,71.1,71.6,72.1,72.6,73.1,74.0,74.5,75.4,76.9,78.7,83.2,87.3,88.8,89.2,89.3,88.8,87.6,86.0,84.1,81.7,78.5,74.4,70.3,67.5,67.7,68.0,68.4,68.9,69.4,70.1,70.7,71.5,72.2,73.9,77.1,82.1,84.1,84.9,84.7,84.1,82.8,81.1,78.9,76.1,72.2,68.0,63.7,61.9,62.2,62.3,62.5
72.4,73.0,73.9,75.0,76.2,78.8,83.4,86.5,88.0,89.0,89.3,88.9,88.2,87.4,85.9,83.8,81.0,77.7,74.6,71.1,70.7,71.5,72.2,73.3,74.1,74.8,75.7,76.7,78.5,81.2,86.3,89.4,91.1,91.7,91.9,91.8,91.1,89.8,87.9,85.5,82.4,78.5,74.7,71.1,71.0,71.5,72.0,72.4,72.9,73.8,74.5,75.3,76.6,78.4,82.9,86.9,88.6,88.8,89.2,88.7,87.4,86.0,84.2,81.8,78.4,74.4,70.1,67.4,67.6,67.8,68.2,68.8,69.2,69.8,70.4,71.0,72.1,73.5,76.5,81.5,83.6,84.3,84.2,83.6,82.3,80.8,78.7,75.8,72.0,67.6,63.3,61.8,61.9,62.0
71.6,72.3,73.1,73.9,74.9,76.2,79.0,83.4,86.4,88.0,89.0,89.3,88.8,88.4,87.6,86.0,83.7,81.0,77.7,74.7,71.2,70.9,71.6,72.4,73.3,74.1,74.8,75.6,76.7,78.5,81.1,86.2,89.5,91.0,91.8,91.9,91.9,91.1,89.6,87.9,85.4,82.2,78.4,74.7,70.9,70.9,71.3,71.8,72.1,72.6,73.8,74.5,75.0,76.3,78.3,82.4,86.6,88.3,88.7,89.0,88.6,87.4,86.1,84.3,81.6,78.3,74.1,70.0,67.3,67.3,67.6,68.1,68.6,69.0,69.6,69.9,70.9,71.7,73.0,75.9,81.0,83.1,83.9,83.7,83.3,82.0,80.6,78.5,75.7,71.6,67.2,63.1,61.5,61.6
70.8,71.6,72.4,73.0,73.8,74.9,76.3,79.0,83.4,86.4,88.1,89.0,89.2,89.1,88.6,87.7,85.8,83.7,81.1,77.9,74.9,71.4,71.0,71.8,72.5,73.4,74.2,74.8,75.6,76.8,78.3,80.9,86.2,89.4,91.1,91.9,92.0,91.8,90.8,89.6,87.8,85.4,82.1,78.3,74.6,70.8,70.8,71.1,71.4,72.0,72.7,73.7,74.3,74.8,76.1,77.8,82.1,86.3,88.1,88.6,89.1,88.6,87.5,86.3,84.2,81.5,78.1,74.1,69.8,67.0,67.2,67.5,67.9,68.4,68.7,69.1,69.7,70.5,71.2,72.5,75.3,80.4,82.6,83.4,83.3,82.9,81.8,80.4,78.3,75.2,71.1,67.1,62.8,61.1
70.3,70.8,71.7,72.3,73.0,73.8,74.9,76.3,78.9,83.4,86.5,88.2,89.0,89.5,89.3,88.8,87.6,85.8,83.8,81.3,78.2,75.2,71.4,71.2,71.9,72.6,73.4,74.1,74.7,75.7,76.7,78.1,81.0,86.1,89.5,91.1,91.9,91.9,91.6,90.9,89.6,87.6,85.2,82.0,78.2,74.4,70.7,70.6,70.8,71.2,72.0,72.7,73.5,74.0,74.7,75.7,77.3,81.7,86.1,87.9,88.6,89.1,88.6,87.5,86.1,84.1,81.5,78.1,73.9,69.5,66.8,67.1,67.2,67.7,68.1,68.3,69.0,69.4,70.0,70.7,71.9,74.7,79.8,82.1,83.0,83.0,82.6,81.6,80.2,77.9,74.7,71.0,66.9,62.5
69.8,70.3,70.8,71.6,72.1,72.9,73.8,74.9,76.2,78.9,83.5,86.6,88.2,89.3,89.7,89.5,88.7,87.6,85.8,83.9,81.6,78.5,75.4,71.6,71.3,72.0,72.6,73.3,74.0,74.7,75.6,76.6,78.1,80.9,86.2,89.5,91.2,91.9,91.8,91.7,90.9,89.6,87.4,85.1,81.9,78.1,74.3,70.4,70.3,70.6,71.3,72.0,72.5,73.2,73.9,74.3,75.2,77.0,81.4,85.8,88.0,88.6,89.1,88.7,87.4,86.0,84.0,81.5,78.0,73.8,69.4,66.7,66.8,67.0,67.4,67.8,68.1,68.5,68.9,69.5,70.2,71.4,74.2,79.3,81.7,82.7,82.8,82.5,81.4,79.7,77.6,74.7,70.8,66.5
70.6,69.8,70.3,70.7,71.4,72.1,73.0,73.8,74.7,76.2,79.0,83.7,86.6,88.4,89.3,89.9,89.5,88.7,87.6,85.9,84.2,82.0,78.8,75.5,71.7,71.3,71.9,72.5,73.3,74.0,74.7,75.5,76.6,78.1,80.9,86.1,89.5,91.1,91.7,91.9,91.7,91.0,89.3,87.3,85.0,81.8,78.0,74.0,70.2,70.1,70.7,71.3,71.8,72.3,73.1,73.5,73.9,74.9,76.7,81.1,85.7,87.9,88.6,89.2,88.6,87.3,85.9,84.1,81.5,78.0,73.6,69.2,66.5,66.6,66.7,67.1,67.6,67.8,68.1,68.4,68.9,69.6,71.0,73.7,78.9,81.4,82.5,82.7,82.2,81.0,79.4,77.5,74.6,70.5
74.0,70.7,69.7,70.1,70.7,71.4,72.1,73.0,73.8,74.7,76.3,79.3,83.7,86.8,88.6,89.5,89.9,89.5,88.8,87.8,86.3,84.6,82.3,78.9,75.7,71.7,71.3,71.9,72.5,73.3,74.0,74.7,75.4,76.5,78.0,80.8,86.0,89.4,90.9,91.8,91.9,91.8,90.7,89.2,87.2,84.9,81.7,77.8,73.8,70.0,70.1,70.7,71.1,71.6,72.2,72.7,73.0,73.5,74.7,76.5,80.9,85.6,87.8,88.6,89.1,88.5,87.2,86.0,84.1,81.6,77.9,73.4,68.9,66.3,66.3,66.3,66.9,67.2,67.3,67.6,67.9,68.4,69.2,70.7,73.4,78.5,81.3,82.4,82.3,81.8,80.8,79.3,77.5,74.2
77.1,74.1,70.6,69.6,70.0,70.7,71.4,72.1,72.9,73.8,74.8,76.5,79.3,83.9,87.0,88.8,89.5,89.9,89.5,88.9,88.1,86.6,84.9,82.4,79.1,75.8,71.7,71.1,71.9,72.5,73.3,73.9,74.6,75.4,76.5,77.9,80.7,85.8,89.1,91.0,91.8,92.0,91.6,90.7,89.1,87.0,84.6,81.5,77.6,73.6,70.0,70.1,70.6,70.9,71.4,71.9,72.4,72.7,73.3,74.5,76.2,80.7,85.5,87.9,88.5,88.9,88.3,87.2,86.0,84.1,81.5,77.6,73.1,68.6,65.9,65.9,66.2,66.6,66.8,66.9,67.1,67.5,67.9,68.9,70.5,73.0,78.3,81.2,82.0,82.0,81.7,80.7,79.4,77.2
80.0,77.2,74.1,70.5,69.4,70.1,70.7,71.4,72.1,73.0,73.9,75.1,76.6,79.4,84.1,87.2,88.7,89.5,90.0,89.7,89.3,88.5,87.0,85.0,82.6,79.3,75.9,71.5,71.2,71.9,72.5,73.1,73.9,74.6,75.3,76.3,77.9,80.4,85.5,89.2,91.0,91.8,91.9,91.5,90.6,89.0,86.8,84.5,81.4,77.4,73.6,70.0,69.9,70.4,70.7,71.2,71.5,72.0,72.5,73.1,74.2,76.1,80.5,85.6,87.8,88.4,88.7,88.3,87.2,86.1,84.1,81.3,77.4,72.9,68.2,65.6,65.8,65.9,66.2,66.4,66.4,66.7,67.1,67.7,68.8,70.2,72.7,78.1,80.8,81.7,81.9,81.5,80.7,79.1
82.5,80.2,77.3,74.1,70.4,69.4,70.1,70.7,71.5,72.2,73.1,74.1,75.1,76.7,79.5,84.2,87.3,88.8,89.6,90.2,90.1,89.6,88.9,87.1,85.2,82.8,79.5,75.8,71.6,71.2,71.9,72.4,73.1,73.9,74.5,75.1,76.2,77.7,80.1,85.5,89.2,91.0,91.6,91.9,91.4,90.5,88.7,86.7,84.3,81.2,77.4,73.4,69.8,69.8,70.2,70.5,70.8,71.2,71.8,72.3,72.9,74.1,75.9,80.3,85.4,87.7,88.3,88.6,88.3,87.3,86.1,83.9,81.0,77.2,72.6,67.9,65.5,65.5,65.5,65.8,65.9,66.1,66.4,66.8,67.6,68.5,69.8,72.5,77.6,80.5,81.6,81.7,81.5,80.4
84.7,82.7,80.4,77.4,74.0,70.3,69.4,70.1,70.8,71.5,72.3,73.4,74.2,75.1,76.8,79.7,84.3,87.4,88.8,89.8,90.5,90.4,90.0,89.0,87.3,85.5,83.2,79.6,75.8,71.6,71.1,71.8,72.5,73.1,73.8,74.4,75.0,76.1,77.5,80.1,85.4,89.2,90.9,91.6,91.6,91.3,90.4,88.6,86.6,84.2,81.2,77.1,73.1,69.7,69.6,69.9,70.2,70.4,71.0,71.5,72.0,72.8,74.1,75.9,80.2,85.3,87.5,88.2,88.6,88.4,87.3,86.0,83.7,80.9,76.9,72.3,67.6,65.1,65.0,65.1,65.3,65.6,65.7,66.1,66.8,67.4,68.2,69.7,72.0,77.3,80.4,81.4,81.7,81.3
86.2,84.9,82.9,80.5,77.4,74.0,70.3,69.4,70.1,70.7,71.6,72.5,73.5,74.2,75.1,77.0,79.7,84.4,87.4,89.1,90.2,90.9,90.8,90.2,89.2,87.6,85.9,83.3,79.6,75.8,71.5,71.1,71.8,72.5,73.0,73.7,74.3,75.0,75.9,77.5,80.2,85.5,89.1,90.9,91.4,91.6,91.2,90.2,88.6,86.5,84.2,80.8,76.7,72.8,69.5,69.4,69.6,69.9,70.3,70.7,71.2,72.0,72.7,74.0,75.9,80.0,85.2,87.4,88.2,88.6,88.3,87.2,85.8,83.7,80.7,76.6,72.0,67.2,64.7,64.7,64.6,65.0,65.2,65.4,66.0,66.6,67.1,68.1,69.4,71.6,77.2,80.2,81.3,81.4
87.2,86.5,85.1,83.1,80.5,77.4,74.0,70.3,69.5,70.1,70.9,71.9,72.6,73.5,74.2,75.4,77.1,79.8,84.4,87.6,89.5,90.6,91.3,91.0,90.3,89.4,88.0,86.0,83.3,79.5,75.7,71.4,71.1,71.8,72.4,72.9,73.5,74.3,74.9,76.0,77.7,80.3,85.3,89.1,90.6,91.4,91.5,91.0,90.2,88.5,86.5,83.7,80.3,76.4,72.6,69.2,69.1,69.3,69.7,70.0,70.4,71.2,71.9,72.7,74.0,75.8,79.9,85.0,87.3,88.1,88.6,88.1,87.1,85.8,83.3,80.3,76.3,71.5,66.7,64.3,64.2,64.3,64.7,65.0,65.4,65.8,66.3,67.0,67.9,69.0,71.4,76.9,80.0,81.0
87.8,87.5,86.6,85.3,83.1,80.6,77.5,74.0,70.3,69.6,70.3,71.1,71.9,72.7,73.4,74.5,75.5,77.2,79.9,84.6,88.1,89.7,91.0,91.5,91.2,90.5,89.8,88.2,86.0,83.3,79.5,75.7,71.4,71.2,71.7,72.3,72.8,73.4,74.1,75.0,76.1,77.9,80.3,85.2,88.9,90.7,91.3,91.4,91.1,90.1,88.4,86.0,83.3,80.0,76.2,72.3,68.9,68.7,69.2,69.4,69.7,70.3,71.1,71.8,72.7,73.9,75.8,79.9,84.9,87.2,88.1,88.4,88.0,87.0,85.4,82.9,79.9,75.7,71.0,66.2,63.8,63.8,64.0,64.5,64.9,65.1,65.5,66.3,66.8,67.5,68.8,71.1,76.6,79.8
88.2,88.1,87.7,86.7,85.4,83.2,80.7,77.5,74.0,70.3,69.8,70.5,71.2,72.0,72.6,73.6,74.5,75.6,77.3,80.1,85.0,88.3,90.2,91.2,91.7,91.4,90.9,90.0,88.2,86.0,83.2,79.5,75.6,71.4,71.1,71.6,72.2,72.7,73.2,74.2,75.1,76.4,77.9,80.4,84.9,88.8,90.6,91.2,91.4,91.0,90.1,88.0,85.5,82.9,79.8,76.0,71.9,68.5,68.6,68.9,69.1,69.6,70.2,71.0,71.8,72.6,73.9,75.8,79.7,84.8,87.2,87.9,88.3,87.9,86.6,85.0,82.5,79.4,75.2,70.5,65.7,63.4,63.5,63.9,64.4,64.7,64.8,65.5,66.1,66.5,67.3,68.5,70.8,76.3
88.1,88.5,88.4,87.9,86.8,85.5,83.4,80.7,77.5,74.0,70.5,70.0,70.6,71.3,72.0,72.8,73.7,74.6,75.7,77.5,80.3,85.3,88.7,90.5,91.4,91.8,91.7,91.1,89.9,88.1,86.0,83.2,79.5,75.6,71.3,70.9,71.4,72.2,72.5,73.2,74.3,75.4,76.4,78.0,80.0,84.8,88.8,90.5,91.2,91.4,91.0,89.6,87.5,85.2,82.6,79.6,75.7,71.6,68.4,68.4,68.6,69.0,69.5,70.2,71.0,71.7,72.7,73.9,75.7,79.5,84.7,86.9,87.8,88.0,87.5,86.3,84.5,82.0,78.9,74.7,69.9,65.2,63.2,63.5,63.8,64.2,64.4,64.8,65.3,65.7,66.3,67.0,68.4,70.4
87.4,88.3,88.7,88.6,88.0,87.0,85.6,83.4,80.7,77.5,74.1,70.7,70.0,70.5,71.3,72.2,72.9,73.7,74.7,75.8,77.6,80.5,85.6,88.9,90.6,91.6,92.1,91.9,91.1,89.8,88.1,86.0,83.2,79.4,75.4,71.1,70.9,71.4,72.0,72.5,73.3,74.6,75.5,76.5,77.8,80.0,84.7,88.6,90.4,91.0,91.4,90.6,89.2,87.1,84.9,82.5,79.4,75.4,71.4,68.1,68.1,68.5,68.9,69.6,70.2,70.9,71.7,72.7,73.8,75.5,79.3,84.4,86.8,87.6,87.6,87.1,85.8,84.1,81.5,78.4,74.1,69.4,65.0,63.1,63.4,63.5,63.9,64.4,64.6,64.9,65.6,66.0,66.8,68.0
86.0,87.5,88.5,88.9,88.6,88.2,87.1,85.7,83.4,80.8,77.5,74.2,70.7,70.0,70.6,71.5,72.3,72.9,73.9,74.9,76.0,77.9,80.8,85.8,89.1,90.9,91.9,92.3,91.9,91.0,89.8,88.2,86.0,83.1,79.2,75.3,71.0,70.8,71.2,72.0,72.6,73.5,74.6,75.5,76.2,77.7,79.9,84.5,88.5,90.3,90.9,91.0,90.2,88.8,86.8,84.7,82.3,79.2,75.2,71.1,67.9,68.0,68.4,69.0,69.6,70.0,70.8,71.7,72.5,73.6,75.4,79.0,84.3,86.5,87.2,87.3,86.6,85.3,83.5,81.1,77.8,73.5,69.1,64.8,63.0,63.0,63.3,63.9,64.2,64.2,64.8,65.3,65.9,66.5
83.2,86.0,87.8,88.7,89.0,88.8,88.3,87.2,85.7,83.5,80.8,77.5,74.2,70.6,70.0,70.8,71.6,72.3,73.1,74.0,75.0,76.2,78.1,81.0,85.9,89.4,91.2,92.1,92.3,91.8,90.9,89.9,88.1,85.9,82.9,79.2,75.2,70.9,70.7,71.2,72.0,72.8,73.6,74.7,75.3,76.1,77.6,79.5,84.2,88.3,90.1,90.5,90.6,89.9,88.5,86.6,84.6,82.1,79.1,74.8,70.9,67.7,67.9,68.4,69.0,69.4,70.0,70.8,71.5,72.3,73.5,75.3,78.8,83.9,86.0,86.8,86.8,86.1,84.7,83.1,80.4,77.2,73.2,68.9,64.7,62.7,62.9,63.4,63.7,63.8,64.1,64.5,65.1,65.6
78.9,83.2,86.3,87.9,88.7,89.2,89.0,88.3,87.2,85.8,83.4,80.8,77.6,74.3,70.7,70.3,71.0,71.6,72.4,73.2,74.2,75.2,76.5,78.3,81.1,86.2,89.6,91.3,91.9,92.1,91.8,91.1,89.7,88.1,85.9,82.9,79.0,75.0,70.8,70.6,71.4,72.2,72.9,73.6,74.6,75.1,75.8,77.3,79.3,84.0,88.1,89.8,90.2,90.3,89.6,88.1,86.4,84.4,81.9,78.7,74.7,70.6,67.7,68.0,68.4,68.8,69.4,69.9,70.6,71.2,72.2,73.4,75.0,78.4,83.4,85.7,86.4,86.3,85.6,84.3,82.5,79.9,76.9,72.9,68.7,64.4,62.5,62.9,63.1,63.3,63.6,63.8,64.4,64.9
76.3,78.8,83.3,86.3,87.9,88.9,89.3,88.9,88.3,87.3,85.7,83.3,80.8,77.7,74.3,70.8,70.5,71.0,71.7,72.6,73.5,74.4,75.4,76.7,78.4,81.2,86.4,89.7,91.1,91.8,92.0,91.9,90.9,89.8,88.1,85.8,82.9,78.8,74.8,70.7,70.8,71.5,72.3,72.9,73.5,74.3,74.9,75.6,77.1,79.1,83.8,87.8,89.6,89.9,89.9,89.3,87.9,86.2,84.3,81.6,78.6,74.5,70.5,67.7,68.0,68.2,68.8,69.3,69.7,70.3,71.1,72.0,73.1,74.7,77.7,83.1,85.2,85.9,85.7,85.2,83.7,81.9,79.5,76.5,72.7,68.4,64.1,62.5,62.7,62.7,63.1,63.3,63.7,64.1
75.0,76.3,78.9,83.4,86.3,88.1,88.9,89.2,89.0,88.4,87.3,85.6,83.5,81.0,77.7,74.4,70.9,70.5,71.2,71.9,72.9,73.6,74.6,75.6,76.8,78.5,81.2,86.5,89.6,91.0,91.8,92.1,91.7,91.0,89.8,88.1,85.8,82.6,78.6,74.7,70.9,71.0,71.6,72.2,72.8,73.3,74.2,74.7,75.5,77.0,79.0,83.5,87.5,89.3,89.4,89.6,89.0,87.7,86.2,84.1,81.6,78.4,74.5,70.4,67.7,67.8,68.1,68.7,69.1,69.4,70.3,70.9,71.8,72.8,74.1,77.5,82.6,84.7,85.3,85.3,84.6,83.2,81.5,79.1,76.3,72.5,68.2,64.0,62.2,62.3,62.6,62.8,63.0,63.4
73.9,75.0,76.3,78.8,83.3,86.5,88.1,88.9,89.3,88.9,88.3,87.2,85.7,83.6,81.0,77.7,74.5,71.0,70.6,71.3,72.0,73.1,74.0,74.8,75.7,76.8,78.5,81.2,86.3,89.5,91.0,91.8,91.9,91.8,91.0,89.8,88.1,85.6,82.5,78.5,74.7,71.0,71.1,71.6,72.1,72.6,73.1,74.0,74.5,75.4,76.9,78.7,83.2,87.3,88.8,89.2,89.3,88.8,87.6,86.0,84.1,81.7,78.5,74.4,70.3,67.5,67.7,68.0,68.4,68.9,69.4,70.1,70.7,71.5,72.2,73.9,77.1,82.1,84.1,84.9,84.7,84.1,82.8,81.1,78.9,76.1,72.2,68.0,63.7,61.9,62.2,62.3,62.5,62.7
73.0,73.9,75.0,76.2,78.8,83.4,86.5,88.0,89.0,89.3,88.9,88.2,87.4,85.9,83.8,81.0,77.7,74.6,71.1,70.7,71.5,72.2,73.3,74.1,74.8,75.7,76.7,78.5,81.2,86.3,89.4,91.1,91.7,91.9,91.8,91.1,89.8,87.9,85.5,82.4,78.5,74.7,71.1,71.0,71.5,72.0,72.4,72.9,73.8,74.5,75.3,76.6,78.4,82.9,86.9,88.6,88.8,89.2,88.7,87.4,86.0,84.2,81.8,78.4,74.4,70.1,67.4,67.6,67.8,68.2,68.8,69.2,69.8,70.4,71.0,72.1,73.5,76.5,81.5,83.6,84.3,84.2,83.6,82.3,80.8,78.7,75.8,72.0,67.6,63.3,61.8,61.9,62.0,62.2
