day 0,day 1,day 2,day 3,day 4,day 5,day 6,day 7,day 8,day 9,day 10,day 11,day 12,day 13,day 14,day 15,day 16,day 17,day 18,day 19,day 20,day 21,day 22,day 23,day 24,day 25,day 26,day 27,day 28,day 29,day 30,day 31,day 32,day 33,day 34,day 35,day 36,day 37,day 38,day 39,day 40,day 41,day 42,day 43,day 44,day 45,day 46,day 47,day 48,day 49,day 50,day 51,day 52,day 53,day 54,day 55,day 56,day 57,day 58,day 59,day 60,day 61,day 62,day 63,day 64,day 65,day 66,day 67,day 68,day 69,day 70,day 71,day 72,day 73,day 74,day 75,day 76,day 77,day 78,day 79,day 80,day 81,day 82,day 83,day 84,day 85,day 86,day 87,day 88,day 89,day 90,day 91,day 92,day 93
66.9,68.9,71.1,74.1,77.5,81.6,85.0,87.1,88.6,90.3,90.5,89.9,87.9,85.2,82.0,78.4,74.1,69.8,65.3,62.1,63.2,64.8,66.3,68.0,69.7,71.5,73.8,76.4,78.5,82.1,85.7,87.7,90.4,91.7,91.5,90.5,88.6,85.7,82.0,78.0,73.8,69.2,64.7,63.1,63.8,64.5,65.7,66.6,68.1,69.3,70.9,72.6,74.9,78.2,82.5,85.2,87.4,88.6,88.8,87.4,85.2,82.6,79.0,74.8,70.0,65.3,60.3,60.1,61.0,61.9,63.0,64.2,65.6,66.9,68.7,70.6,72.7,75.2,79.2,82.2,83.8,84.1,83.3,81.6,79.3,76.5,72.7,68.1,62.9,57.2,52.2,52.6,53.6,54.4
65.1,67.2,69.1,71.3,74.2,77.5,81.5,84.9,87.0,88.6,90.4,90.5,89.9,88.0,85.1,82.0,78.4,74.1,69.8,65.3,62.3,63.4,65.0,66.5,68.1,69.8,71.8,74.0,76.3,78.4,82.0,85.2,87.6,90.2,91.5,91.2,90.3,88.0,85.2,81.9,78.0,73.5,69.0,64.4,62.9,63.5,64.5,65.6,66.6,68.1,69.2,70.6,72.4,74.8,78.1,82.6,85.3,87.6,88.6,88.6,87.4,85.1,82.6,78.9,74.6,69.9,65.1,60.2,60.2,60.8,61.6,62.9,64.0,65.3,66.8,68.2,70.1,72.2,74.6,78.7,82.0,83.3,83.6,82.9,81.2,79.1,76.2,72.6,67.8,62.7,57.0,51.9,52.4,53.2
63.1,65.4,67.5,69.4,71.6,74.4,77.4,81.5,84.8,87.0,88.6,90.3,90.5,89.9,87.9,85.2,82.1,78.3,74.1,69.9,65.5,62.5,63.8,65.1,66.6,68.3,70.2,71.9,73.9,76.1,78.2,81.4,85.0,87.6,90.0,91.1,91.0,89.7,87.6,85.1,81.8,77.6,73.3,68.7,64.3,62.7,63.5,64.3,65.5,66.6,68.0,69.0,70.4,72.4,74.7,78.1,82.7,85.5,87.6,88.4,88.6,87.3,85.2,82.5,78.7,74.5,69.8,65.0,60.2,60.1,60.7,61.6,62.6,63.8,65.0,66.3,67.8,69.7,71.7,74.1,78.4,81.5,83.1,83.2,82.6,81.0,78.9,76.1,72.1,67.5,62.6,56.8,51.6,52.0
61.3,63.5,65.7,67.7,69.6,71.8,74.5,77.4,81.4,84.8,86.9,88.6,90.3,90.6,89.8,88.0,85.3,82.0,78.5,74.5,70.2,65.7,62.8,63.9,65.2,66.8,68.6,70.3,71.9,73.9,76.0,77.9,81.2,85.0,87.5,89.7,90.7,90.5,89.4,87.5,84.9,81.4,77.4,73.0,68.6,64.0,62.7,63.4,64.3,65.6,66.5,67.7,68.7,70.4,72.3,74.8,78.2,82.9,85.5,87.5,88.6,88.6,87.3,85.1,82.4,78.7,74.5,69.7,65.1,60.1,59.9,60.7,61.3,62.4,63.5,64.6,66.0,67.3,69.2,71.1,73.6,77.9,81.3,82.6,82.9,82.3,80.8,78.8,75.7,71.8,67.5,62.5,56.5,51.2
59.9,61.7,63.7,65.9,67.8,69.9,71.9,74.5,77.4,81.3,84.7,87.1,88.7,90.3,90.6,89.9,88.0,85.2,82.2,78.8,74.8,70.4,65.9,63.0,64.1,65.4,67.1,68.8,70.3,71.8,73.8,75.6,77.7,81.1,84.9,87.1,89.3,90.2,90.1,89.2,87.4,84.5,81.1,77.1,72.8,68.5,63.9,62.6,63.3,64.3,65.4,66.3,67.5,68.7,70.3,72.3,74.8,78.3,82.7,85.4,87.7,88.5,88.6,87.2,85.0,82.3,78.7,74.5,69.7,64.9,59.8,59.8,60.3,61.1,62.0,63.2,64.2,65.6,66.8,68.7,70.8,73.0,77.6,80.9,82.4,82.6,82.2,80.8,78.4,75.4,72.0,67.5,62.3,56.2
58.8,60.2,62.0,63.9,66.1,68.1,70.1,71.9,74.6,77.5,81.2,84.8,87.3,88.8,90.3,90.6,89.9,88.0,85.4,82.6,79.3,75.0,70.6,66.0,63.1,64.3,65.7,67.3,68.8,70.2,71.8,73.6,75.4,77.7,80.8,84.7,86.7,88.8,89.9,90.0,89.1,86.9,84.1,80.8,77.0,72.8,68.4,63.7,62.5,63.3,64.2,65.3,66.1,67.4,68.6,70.3,72.3,74.8,78.0,82.5,85.6,87.7,88.6,88.4,87.0,85.0,82.4,78.7,74.4,69.6,64.6,59.6,59.4,60.0,60.8,61.7,62.7,63.7,65.1,66.4,68.3,70.2,72.7,77.2,80.6,82.1,82.6,82.2,80.4,78.1,75.4,71.9,67.4,61.9
63.0,59.2,60.4,62.2,64.1,66.3,68.1,70.0,72.1,74.7,77.4,81.3,85.0,87.2,88.7,90.3,90.6,89.8,88.2,85.9,83.1,79.4,75.2,70.7,66.1,63.3,64.6,65.9,67.4,68.7,70.2,71.6,73.3,75.3,77.4,80.7,84.2,86.2,88.5,89.8,89.9,88.6,86.5,83.8,80.7,77.0,72.7,68.2,63.6,62.5,63.2,64.0,65.0,66.0,67.3,68.5,70.3,72.3,74.6,77.8,82.6,85.4,87.7,88.5,88.1,87.1,85.1,82.4,78.6,74.3,69.4,64.4,59.3,59.0,59.7,60.4,61.3,62.3,63.2,64.7,66.0,67.7,69.9,72.2,76.8,80.4,82.0,82.5,81.8,80.1,78.3,75.4,71.8,67.1
67.9,63.4,59.5,60.7,62.4,64.3,66.4,68.1,70.2,72.2,74.7,77.5,81.4,84.9,86.9,88.6,90.2,90.4,90.1,88.6,86.2,83.2,79.6,75.3,70.9,66.3,63.6,64.8,66.0,67.4,68.7,70.1,71.5,73.3,75.1,77.2,80.3,83.6,85.9,88.4,89.6,89.5,88.3,86.3,83.7,80.7,77.0,72.7,68.2,63.5,62.4,63.1,63.8,64.9,65.9,67.2,68.4,70.3,72.2,74.5,77.9,82.4,85.5,87.7,88.2,88.1,87.2,85.1,82.2,78.6,74.2,69.3,64.1,59.1,58.8,59.3,60.1,60.8,61.8,62.9,64.3,65.6,67.4,69.5,71.8,76.5,80.4,82.0,82.3,81.5,80.2,78.1,75.3,71.6
72.6,68.2,63.5,59.8,60.9,62.5,64.5,66.4,68.3,70.4,72.2,74.8,77.5,81.2,84.7,86.9,88.5,90.0,90.6,90.4,88.9,86.4,83.5,79.8,75.6,71.1,66.5,63.8,64.9,66.0,67.4,68.6,70.0,71.5,73.1,74.9,76.9,79.7,83.4,85.8,88.3,89.3,89.1,88.1,86.1,83.8,80.7,77.1,72.6,68.0,63.4,62.2,62.9,63.7,64.7,65.7,67.0,68.4,70.2,72.1,74.6,77.7,82.5,85.4,87.5,88.2,88.3,87.2,84.9,82.1,78.5,74.0,69.0,63.7,58.8,58.5,58.9,59.6,60.4,61.5,62.4,63.9,65.1,67.0,69.1,71.4,76.4,80.3,81.7,81.8,81.5,80.0,78.0,75.1
77.1,72.9,68.3,63.7,60.0,61.1,62.7,64.6,66.6,68.5,70.4,72.3,74.9,77.5,81.2,84.8,86.6,88.4,90.2,91.0,90.7,89.2,86.7,83.5,80.0,75.9,71.3,66.6,63.9,64.9,66.0,67.3,68.5,70.0,71.4,73.0,74.7,76.5,79.4,83.2,85.6,88.0,88.9,89.0,88.0,86.1,83.8,80.8,77.0,72.4,67.8,63.1,61.9,62.6,63.5,64.6,65.6,67.0,68.3,70.0,72.2,74.6,77.8,82.3,85.3,87.6,88.4,88.3,87.0,84.8,82.1,78.3,73.7,68.6,63.4,58.4,58.0,58.5,59.2,59.9,61.1,62.1,63.5,64.7,66.5,68.8,71.2,76.2,80.0,81.3,81.8,81.3,79.9,77.9
80.8,77.4,73.0,68.4,63.9,60.2,61.2,62.9,64.7,66.8,68.5,70.6,72.4,74.9,77.4,81.2,84.4,86.3,88.7,90.5,91.2,91.0,89.5,86.9,83.8,80.4,76.1,71.4,66.6,63.9,65.0,66.0,67.2,68.5,69.9,71.3,72.8,74.4,76.2,79.2,82.9,85.1,87.7,88.7,88.8,88.0,86.2,83.9,80.9,76.8,72.1,67.5,62.8,61.7,62.4,63.3,64.4,65.4,66.9,68.1,70.1,72.1,74.6,77.5,82.1,85.4,87.7,88.5,88.1,86.9,84.8,81.9,78.0,73.2,68.2,63.0,57.9,57.5,58.1,58.8,59.5,60.8,61.6,63.1,64.2,66.2,68.5,71.0,75.9,79.5,81.3,81.6,81.2,79.8
84.0,81.1,77.4,72.9,68.4,64.0,60.4,61.4,63.0,65.0,66.8,68.7,70.6,72.5,74.9,77.4,80.9,84.3,86.6,89.1,90.8,91.6,91.2,89.6,87.2,84.3,80.6,76.3,71.4,66.5,64.0,65.0,65.9,67.2,68.5,69.8,71.0,72.4,74.1,76.0,78.8,82.5,84.9,87.5,88.4,88.9,88.1,86.2,84.0,80.7,76.5,71.7,67.2,62.6,61.5,62.2,63.2,64.2,65.4,66.6,68.2,70.1,72.2,74.5,77.3,82.2,85.5,87.8,88.3,88.0,86.9,84.6,81.6,77.5,72.7,67.7,62.5,57.3,57.1,57.8,58.3,59.2,60.4,61.2,62.6,63.9,65.9,68.3,70.8,75.4,79.5,81.1,81.5,81.1
86.8,84.3,81.2,77.3,72.9,68.6,64.2,60.5,61.6,63.2,65.1,67.0,68.7,70.8,72.6,75.0,77.1,80.8,84.6,87.2,89.3,91.2,91.9,91.3,89.8,87.7,84.6,80.9,76.2,71.2,66.4,63.9,64.9,65.9,67.2,68.4,69.6,70.7,72.2,73.9,75.7,78.3,82.3,85.1,87.4,88.5,89.0,88.2,86.3,83.8,80.4,76.1,71.5,66.9,62.3,61.3,62.0,63.0,64.1,65.1,66.6,68.2,70.1,72.0,74.4,77.5,82.3,85.6,87.7,88.2,88.1,86.6,84.3,81.1,77.0,72.2,67.2,61.8,56.8,56.7,57.3,58.0,58.9,60.0,60.7,62.3,63.6,65.8,68.1,70.4,75.4,79.3,81.0,81.4
89.1,87.1,84.4,81.1,77.3,73.3,68.9,64.3,60.7,61.7,63.4,65.3,67.0,68.9,70.8,72.6,74.9,76.9,81.0,85.0,87.4,89.7,91.5,92.0,91.5,90.2,88.0,84.9,80.7,76.0,71.0,66.3,63.8,64.9,65.8,67.1,68.2,69.3,70.5,72.1,73.7,75.3,78.3,82.5,85.0,87.5,88.6,89.2,88.3,86.2,83.6,80.0,76.0,71.2,66.7,62.0,61.1,61.9,62.9,63.9,65.2,66.6,68.2,69.9,71.9,74.4,77.5,82.4,85.7,87.7,88.2,87.7,86.3,83.8,80.5,76.5,71.7,66.6,61.2,56.4,56.2,57.0,57.6,58.5,59.5,60.3,62.0,63.4,65.6,67.7,70.2,75.1,79.2,81.1
89.8,89.3,87.2,84.3,81.2,77.7,73.5,69.0,64.5,60.9,61.9,63.6,65.3,67.1,68.9,70.8,72.6,74.8,77.1,81.2,85.2,87.7,90.0,91.7,92.2,92.0,90.6,88.2,84.7,80.4,75.7,70.8,66.1,63.9,64.9,65.8,66.9,67.9,69.1,70.3,71.9,73.3,75.2,78.4,82.3,85.1,87.6,88.7,89.4,88.3,86.0,83.2,79.9,75.7,71.0,66.4,61.8,61.0,61.8,62.7,63.9,65.1,66.6,68.0,69.8,72.0,74.5,77.6,82.4,85.6,87.6,87.9,87.4,85.9,83.4,80.1,76.0,71.1,66.1,60.9,56.0,55.8,56.6,57.2,58.0,59.1,60.1,61.8,63.2,65.2,67.5,69.9,74.9,79.2
89.5,90.0,89.4,87.1,84.4,81.7,78.0,73.6,69.1,64.6,61.1,62.1,63.7,65.5,67.1,68.9,70.8,72.6,74.9,77.3,81.4,85.5,87.8,90.1,92.0,92.6,92.3,90.6,88.0,84.5,80.1,75.5,70.7,66.0,63.9,64.8,65.6,66.8,67.6,69.0,70.3,71.6,73.0,75.2,78.2,82.4,85.4,87.6,88.9,89.4,88.1,85.7,83.2,79.7,75.5,70.8,66.3,61.6,60.9,61.6,62.6,63.8,65.1,66.4,67.9,69.7,72.1,74.5,77.5,82.3,85.5,87.3,87.6,87.1,85.4,82.9,79.5,75.4,70.5,65.7,60.4,55.6,55.5,56.2,56.7,57.6,58.9,59.8,61.6,62.9,65.0,67.2,69.6,74.8
88.6,89.7,90.2,89.2,87.3,84.9,81.9,78.0,73.6,69.2,64.8,61.3,62.2,63.9,65.6,67.2,68.9,70.7,72.6,75.0,77.5,81.7,85.5,87.9,90.4,92.3,92.8,92.3,90.4,87.8,84.2,79.7,75.3,70.6,65.9,63.9,64.7,65.4,66.5,67.6,68.9,70.1,71.3,73.0,75.0,78.3,82.7,85.5,87.8,88.9,89.2,87.8,85.7,83.1,79.5,75.2,70.7,66.1,61.4,60.7,61.6,62.5,63.7,64.9,66.2,67.9,69.8,72.2,74.4,77.6,82.1,85.2,87.1,87.4,86.6,85.0,82.3,79.0,74.9,70.2,65.4,60.1,55.2,55.1,55.7,56.3,57.3,58.5,59.6,61.2,62.7,64.7,66.9,69.5
87.4,88.7,90.0,90.0,89.4,87.7,85.1,81.8,78.0,73.6,69.4,64.9,61.4,62.4,64.0,65.7,67.3,68.8,70.7,72.7,75.2,77.7,81.8,85.6,88.3,90.9,92.6,92.9,92.0,90.3,87.4,83.8,79.5,75.2,70.5,65.8,63.8,64.5,65.2,66.5,67.5,68.7,69.9,71.2,72.7,75.0,78.5,82.9,85.6,87.8,88.8,89.0,87.9,85.5,82.9,79.3,75.2,70.6,65.9,61.1,60.7,61.5,62.5,63.6,64.8,66.2,68.0,69.8,72.1,74.4,77.4,81.8,85.0,86.7,87.0,86.1,84.4,81.8,78.4,74.6,69.8,65.0,59.8,54.7,54.5,55.2,55.9,57.0,58.2,59.2,61.0,62.4,64.4,66.7
85.4,87.5,88.8,89.9,90.2,89.8,87.8,85.0,81.8,78.1,73.8,69.4,64.9,61.6,62.6,64.2,65.8,67.1,68.9,70.7,72.9,75.3,77.9,81.9,86.0,88.8,91.1,92.6,92.7,91.8,90.0,87.0,83.6,79.5,75.0,70.3,65.6,63.6,64.3,65.3,66.4,67.4,68.5,69.8,71.0,72.8,75.2,78.7,83.0,85.5,87.6,88.7,89.0,87.7,85.3,82.7,79.2,75.1,70.4,65.7,61.0,60.7,61.4,62.3,63.5,64.7,66.3,68.1,69.8,72.0,74.3,77.1,81.5,84.8,86.4,86.5,85.6,83.9,81.2,78.0,74.2,69.5,64.8,59.2,54.1,54.0,54.8,55.6,56.7,57.9,59.0,60.6,62.1,64.2
81.6,85.4,87.6,88.8,90.1,90.4,89.9,87.7,85.0,81.9,78.3,73.8,69.4,65.0,61.7,62.8,64.3,65.7,67.1,68.9,70.9,73.0,75.5,78.0,82.3,86.5,88.8,91.0,92.5,92.5,91.5,89.6,86.9,83.5,79.2,74.9,70.0,65.3,63.4,64.3,65.2,66.3,67.1,68.5,69.5,70.9,72.9,75.2,78.8,82.9,85.2,87.6,88.8,88.9,87.5,85.1,82.8,79.2,75.0,70.2,65.6,61.0,60.5,61.2,62.2,63.3,64.7,66.4,67.9,69.7,71.8,74.0,76.7,81.2,84.3,85.9,85.9,85.0,83.2,80.8,77.6,73.8,69.2,64.4,58.7,53.6,53.6,54.5,55.3,56.5,57.7,58.8,60.3,61.9
77.1,81.7,85.4,87.3,88.9,90.2,90.4,89.8,87.7,85.1,82.1,78.3,73.9,69.5,65.1,62.0,63.0,64.2,65.8,67.3,69.1,71.0,73.1,75.6,78.3,82.8,86.5,88.3,90.7,92.4,92.2,91.2,89.4,86.8,83.2,79.1,74.5,69.7,65.1,63.5,64.3,65.1,66.1,67.0,68.2,69.4,70.9,72.9,75.3,78.6,82.5,85.2,87.6,88.7,88.7,87.4,85.3,82.8,79.1,74.9,70.1,65.6,60.9,60.4,61.1,62.0,63.3,64.8,66.2,67.8,69.5,71.5,73.7,76.6,80.8,83.8,85.4,85.4,84.4,82.9,80.5,77.2,73.5,68.9,64.0,58.3,53.2,53.4,54.2,55.1,56.3,57.4,58.6,60.1
73.6,77.3,81.8,85.2,87.3,88.8,90.3,90.3,89.8,87.8,85.2,82.0,78.4,73.9,69.6,65.3,62.2,63.0,64.3,66.0,67.5,69.4,71.3,73.2,75.9,78.8,82.8,86.0,88.1,90.7,92.1,92.0,91.0,89.2,86.4,83.0,78.6,74.1,69.5,65.0,63.5,64.2,64.8,66.0,66.8,68.2,69.3,71.0,72.9,75.2,78.3,82.5,85.2,87.5,88.5,88.5,87.5,85.4,82.7,79.0,74.7,70.2,65.6,60.7,60.3,60.9,62.0,63.4,64.6,66.1,67.6,69.2,71.2,73.6,76.2,80.4,83.4,84.7,84.7,84.2,82.5,80.0,76.9,73.2,68.7,63.7,58.0,52.9,53.1,54.0,55.0,56.0,57.2,58.4
70.9,73.8,77.4,81.7,85.2,87.2,88.7,90.1,90.4,89.8,87.9,85.2,82.0,78.4,74.0,69.8,65.3,62.2,63.0,64.5,66.2,67.8,69.6,71.4,73.5,76.3,78.8,82.4,85.8,88.1,90.6,91.8,91.8,90.8,88.8,86.2,82.5,78.2,73.9,69.3,64.9,63.4,63.9,64.7,65.7,66.7,68.1,69.3,70.9,72.8,75.0,78.3,82.4,85.2,87.5,88.4,88.7,87.6,85.2,82.6,78.9,74.8,70.2,65.4,60.5,60.1,60.9,62.0,63.2,64.4,65.8,67.3,68.8,71.0,73.1,75.6,79.9,82.7,84.0,84.5,83.7,82.0,79.6,76.7,73.0,68.3,63.3,57.5,52.5,52.8,53.8,54.7,55.8,57.0
68.9,71.1,74.1,77.5,81.6,85.0,87.1,88.6,90.3,90.5,89.9,87.9,85.2,82.0,78.4,74.1,69.8,65.3,62.1,63.2,64.8,66.3,68.0,69.7,71.5,73.8,76.4,78.5,82.1,85.7,87.7,90.4,91.7,91.5,90.5,88.6,85.7,82.0,78.0,73.8,69.2,64.7,63.1,63.8,64.5,65.7,66.6,68.1,69.3,70.9,72.6,74.9,78.2,82.5,85.2,87.4,88.6,88.8,87.4,85.2,82.6,79.0,74.8,70.0,65.3,60.3,60.1,61.0,61.9,63.0,64.2,65.6,66.9,68.7,70.6,72.7,75.2,79.2,82.2,83.8,84.1,83.3,81.6,79.3,76.5,72.7,68.1,62.9,57.2,52.2,52.6,53.6,54.4,55.6
67.2,69.1,71.3,74.2,77.5,81.5,84.9,87.0,88.6,90.4,90.5,89.9,88.0,85.1,82.0,78.4,74.1,69.8,65.3,62.3,63.4,65.0,66.5,68.1,69.8,71.8,74.0,76.3,78.4,82.0,85.2,87.6,90.2,91.5,91.2,90.3,88.0,85.2,81.9,78.0,73.5,69.0,64.4,62.9,63.5,64.5,65.6,66.6,68.1,69.2,70.6,72.4,74.8,78.1,82.6,85.3,87.6,88.6,88.6,87.4,85.1,82.6,78.9,74.6,69.9,65.1,60.2,60.2,60.8,61.6,62.9,64.0,65.3,66.8,68.2,70.1,72.2,74.6,78.7,82.0,83.3,83.6,82.9,81.2,79.1,76.2,72.6,67.8,62.7,57.0,51.9,52.4,53.2,54.2
