day 0,day 1,day 2,day 3,day 4,day 5,day 6,day 7,day 8,day 9,day 10,day 11,day 12,day 13,day 14,day 15,day 16,day 17,day 18,day 19,day 20,day 21,day 22,day 23,day 24,day 25,day 26,day 27,day 28,day 29,day 30,day 31,day 32,day 33,day 34,day 35,day 36,day 37,day 38,day 39,day 40,day 41,day 42,day 43,day 44,day 45,day 46,day 47,day 48,day 49,day 50,day 51,day 52,day 53,day 54,day 55,day 56,day 57,day 58,day 59,day 60,day 61,day 62,day 63,day 64,day 65,day 66,day 67,day 68,day 69,day 70,day 71,day 72,day 73,day 74,day 75,day 76,day 77,day 78,day 79,day 80,day 81,day 82,day 83,day 84,day 85,day 86,day 87,day 88
56.1,56.6,57.1,58.2,59.2,60.4,62.8,65.7,66.7,66.0,53.9,54.8,55.5,56.5,57.9,59.7,62.7,65.3,66.5,66.2,65.3,63.6,61.7,59.0,55.9,52.5,50.1,50.1,50.7,51.6,52.4,53.2,54.0,54.8,55.6,56.9,58.5,59.9,61.5,63.8,67.5,69.7,70.7,70.5,69.4,67.6,64.2,61.3,58.2,55.1,52.4,52.3,52.9,53.8,54.7,55.8,57.0,58.3,59.5,60.9,62.5,64.6,67.1,70.3,74.3,76.4,76.7,76.3,74.7,72.6,70.2,67.5,64.8,61.5,58.7,57.7,58.5,59.3,60.1,61.0,62.0,63.2,64.7,66.6,68.4,70.3,72.9,75.9,79.5
55.3,55.7,56.4,57.1,58.0,58.8,60.1,62.7,65.5,66.3,53.2,54.1,54.7,55.5,56.6,57.8,59.7,62.8,65.5,66.8,66.4,65.3,63.8,61.9,59.4,56.2,52.6,50.1,50.1,50.9,51.8,52.6,53.4,53.9,54.7,56.0,57.4,58.5,59.8,61.6,63.8,67.5,70.1,71.1,70.6,69.3,67.0,64.0,61.5,58.4,55.4,52.5,52.5,53.2,54.1,55.1,56.3,57.3,58.7,59.7,61.1,62.8,65.1,67.6,70.7,74.4,76.6,76.9,76.2,74.6,72.7,70.5,67.8,65.0,61.9,59.0,58.0,58.9,59.7,60.3,61.3,62.3,63.7,65.4,67.1,68.7,70.6,73.1,76.1
54.6,54.8,55.6,56.4,56.9,57.6,58.4,59.9,62.5,65.2,52.5,53.4,54.2,54.7,55.6,56.6,57.8,59.8,62.6,65.8,67.1,66.5,65.6,64.0,62.4,59.6,56.3,52.6,50.1,50.3,51.1,52.0,52.8,53.2,53.8,55.1,56.5,57.4,58.4,59.9,61.5,63.8,67.9,70.5,71.3,70.5,68.8,66.7,64.1,61.7,58.7,55.6,52.8,52.9,53.6,54.5,55.6,56.6,57.8,58.8,59.9,61.4,63.3,65.6,67.9,70.9,74.6,76.7,76.7,76.1,74.7,73.0,70.7,68.0,65.4,62.1,59.3,58.4,59.2,59.8,60.6,61.7,62.8,64.4,66.0,67.4,68.9,70.8,73.3
54.0,54.1,54.8,55.7,56.3,56.5,57.1,58.2,59.7,62.3,52.0,52.7,53.3,54.1,54.8,55.5,56.5,57.8,59.9,62.9,66.0,67.2,66.8,65.8,64.5,62.6,59.6,56.3,52.7,50.2,50.4,51.4,52.1,52.6,53.1,54.2,55.6,56.5,57.3,58.5,59.9,61.6,64.3,68.3,70.8,71.2,70.0,68.6,66.9,64.4,62.0,58.8,55.9,53.2,53.2,54.0,55.1,55.9,57.0,57.9,59.0,60.2,61.8,63.9,66.1,68.1,71.0,74.7,76.5,76.6,76.3,75.0,73.2,70.9,68.5,65.6,62.4,59.7,58.7,59.3,60.2,61.0,62.1,63.4,65.1,66.1,67.6,69.2,71.1
53.3,53.5,54.1,54.9,55.6,55.8,56.0,56.9,58.0,59.5,51.4,52.1,52.6,53.3,54.2,54.7,55.4,56.7,58.0,60.0,63.1,66.1,67.5,67.0,66.3,64.7,62.6,59.6,56.4,53.0,50.4,50.8,51.5,51.9,52.4,53.4,54.6,55.6,56.5,57.4,58.5,59.9,61.9,64.6,68.5,70.7,70.7,69.7,68.6,67.2,64.6,62.1,59.1,56.3,53.6,53.7,54.6,55.4,56.3,57.2,58.1,59.3,60.6,62.3,64.4,66.2,68.2,71.1,74.6,76.4,76.7,76.5,75.3,73.3,71.2,68.7,65.9,62.8,60.1,58.9,59.6,60.6,61.5,62.8,64.1,65.2,66.4,67.9,69.4
52.7,52.9,53.5,54.2,54.8,55.2,55.4,55.9,56.8,57.8,50.7,51.4,52.0,52.5,53.4,54.1,54.7,55.6,56.8,58.3,60.2,63.3,66.4,67.8,67.4,66.6,64.8,62.6,59.7,56.6,53.2,50.7,51.1,51.3,51.8,52.8,53.9,54.6,55.5,56.5,57.3,58.6,60.2,62.3,64.8,68.4,70.2,70.5,69.8,69.0,67.4,64.6,62.5,59.6,56.7,54.0,54.2,54.9,55.8,56.6,57.3,58.4,59.7,61.1,62.7,64.6,66.2,68.3,71.0,74.5,76.6,76.9,76.8,75.4,73.6,71.6,68.9,66.2,63.2,60.3,59.3,60.1,61.0,62.2,63.5,64.3,65.5,66.6,68.1
52.2,52.2,52.9,53.6,54.1,54.4,54.7,55.1,55.7,56.6,49.8,50.7,51.3,51.9,52.7,53.3,54.1,54.8,55.7,57.0,58.4,60.4,63.7,66.8,68.2,67.6,66.6,64.7,62.6,59.9,57.0,53.6,50.8,50.8,51.2,52.2,53.2,54.0,54.7,55.6,56.4,57.4,58.9,60.6,62.5,64.7,68.0,70.1,70.6,70.2,69.3,67.3,65.0,62.9,59.9,57.1,54.6,54.5,55.3,56.0,56.7,57.6,58.8,60.2,61.5,62.9,64.5,66.4,68.2,70.9,74.7,76.8,77.2,76.8,75.6,74.0,71.8,69.4,66.7,63.5,60.7,59.8,60.5,61.7,62.9,63.6,64.5,65.6,66.7
51.8,51.8,52.3,53.1,53.5,53.7,53.9,54.5,55.0,55.5,49.3,49.7,50.7,51.2,51.9,52.6,53.3,54.2,54.9,55.8,57.2,58.5,60.7,63.9,67.2,68.4,67.7,66.5,64.7,62.8,60.3,57.2,53.8,50.6,50.8,51.6,52.6,53.3,54.0,54.7,55.5,56.5,57.7,59.2,60.8,62.4,64.4,67.9,70.2,71.0,70.4,69.1,67.8,65.6,63.2,60.4,57.6,54.9,54.9,55.6,56.1,57.1,58.0,59.3,60.6,61.6,62.9,64.6,66.3,68.1,71.1,74.9,77.0,77.2,77.0,75.8,74.2,72.1,69.9,67.0,63.8,61.2,60.2,61.3,62.4,63.1,63.8,64.7,65.8
51.8,51.4,51.7,52.4,52.9,53.1,53.2,53.7,54.3,54.8,49.1,49.3,49.6,50.6,51.2,51.8,52.6,53.5,54.2,55.0,55.9,57.3,58.7,61.0,64.3,67.4,68.4,67.6,66.5,64.9,63.2,60.5,57.3,53.7,50.6,51.1,51.9,52.7,53.2,54.0,54.7,55.6,56.7,58.0,59.3,60.7,62.1,64.3,68.0,70.7,71.2,70.3,69.6,68.4,65.9,63.6,60.9,57.8,55.3,55.2,55.6,56.5,57.4,58.5,59.7,60.7,61.7,63.0,64.6,66.2,68.2,71.3,75.2,76.9,77.4,77.2,75.9,74.5,72.6,70.1,67.2,64.3,61.7,61.0,61.9,62.6,63.3,64.0,64.8
54.5,51.4,51.3,51.7,52.3,52.5,52.7,53.0,53.5,54.1,51.6,49.1,49.2,49.6,50.6,51.1,51.7,52.7,53.5,54.3,55.1,56.1,57.5,59.0,61.4,64.7,67.3,68.2,67.5,66.7,65.2,63.6,60.7,57.4,53.8,51.0,51.4,52.1,52.7,53.2,53.9,54.9,55.8,57.0,58.2,59.1,60.4,62.1,64.4,68.6,71.0,71.1,70.9,70.3,68.6,66.3,64.1,61.2,58.2,55.7,55.2,56.0,56.8,58.0,59.0,59.8,60.7,61.7,62.9,64.5,66.3,68.4,71.6,75.1,77.1,77.5,77.3,76.2,74.9,72.9,70.4,67.6,64.8,62.5,61.6,62.2,62.8,63.4,64.2
57.7,54.0,51.3,51.4,51.6,51.8,52.0,52.4,52.8,53.3,54.9,51.6,49.0,49.2,49.5,50.6,50.9,51.9,52.8,53.6,54.3,55.3,56.2,57.7,59.4,61.6,64.7,67.3,68.0,67.7,67.0,65.6,63.9,60.8,57.6,54.3,51.3,51.6,52.1,52.6,53.1,54.1,55.0,56.1,57.1,58.1,58.9,60.3,62.2,64.9,69.0,71.0,71.7,71.6,70.4,69.0,66.9,64.4,61.4,58.6,55.9,55.5,56.4,57.4,58.5,59.0,59.8,60.8,61.6,62.8,64.6,66.4,68.7,71.6,75.3,77.2,77.6,77.6,76.6,75.2,73.2,70.8,68.2,65.6,63.1,61.9,62.4,63.0,63.6
60.9,57.2,53.8,51.3,51.2,51.0,51.3,51.8,52.2,52.6,58.4,54.9,51.4,49.0,49.1,49.5,50.5,51.1,52.0,52.9,53.7,54.5,55.4,56.3,58.1,59.6,61.5,64.6,67.2,68.2,68.0,67.5,65.9,63.9,61.1,58.1,54.6,51.4,51.5,52.1,52.6,53.3,54.3,55.3,56.2,57.0,57.8,58.7,60.4,62.6,65.2,68.9,71.6,72.4,71.7,70.8,69.5,67.2,64.6,61.9,58.8,56.3,55.8,57.0,57.8,58.6,59.1,59.9,60.5,61.5,62.9,64.7,66.7,68.7,71.8,75.4,77.2,77.9,77.9,76.8,75.4,73.5,71.4,69.0,66.2,63.4,62.1,62.6,63.1
63.5,60.4,57.1,53.7,51.1,50.6,50.6,51.1,51.6,52.0,60.8,58.3,54.7,51.4,48.9,49.0,49.3,50.6,51.2,52.1,52.9,53.8,54.6,55.6,56.7,58.3,59.4,61.5,64.7,67.4,68.5,68.5,67.8,66.1,64.2,61.7,58.5,54.7,51.5,51.5,52.1,52.8,53.5,54.5,55.4,56.1,56.8,57.7,58.8,60.9,63.0,65.3,69.5,72.3,72.5,72.1,71.3,69.8,67.4,65.1,62.2,59.2,56.7,56.4,57.4,57.9,58.6,59.1,59.8,60.4,61.7,63.0,65.0,66.8,69.0,72.0,75.5,77.5,78.1,78.1,77.1,75.8,74.2,72.2,69.5,66.5,63.7,62.3,62.7
65.6,63.2,60.4,56.9,53.4,50.5,50.2,50.3,50.9,51.4,63.1,60.8,58.1,54.7,51.4,48.9,48.7,49.5,50.7,51.4,52.1,53.0,53.9,54.9,55.9,56.8,58.2,59.5,61.5,65.0,67.7,69.1,69.0,68.0,66.5,64.8,61.9,58.4,54.6,51.5,51.5,52.3,53.0,53.7,54.7,55.2,55.9,56.7,57.9,59.2,61.2,63.1,65.8,70.2,72.3,73.0,72.6,71.6,69.9,67.8,65.5,62.6,59.6,57.3,56.8,57.5,58.1,58.7,59.0,59.6,60.5,61.7,63.3,65.1,67.1,69.2,72.2,75.8,77.9,78.3,78.3,77.4,76.5,74.9,72.6,69.8,66.8,63.9,62.4
67.3,65.4,63.0,60.2,56.5,52.9,50.0,49.9,50.0,50.8,64.7,63.0,60.7,58.1,54.7,51.3,48.7,48.9,49.7,50.8,51.4,52.2,53.2,54.1,55.2,56.1,56.7,58.1,59.4,61.8,65.3,68.2,69.4,69.3,68.4,67.2,65.0,61.9,58.3,54.7,51.5,51.7,52.5,53.2,53.8,54.4,55.0,55.7,56.8,58.3,59.6,61.3,63.6,66.4,70.4,72.9,73.4,73.0,71.8,70.3,68.2,65.9,63.1,60.1,57.7,56.9,57.6,58.1,58.4,58.8,59.7,60.6,62.0,63.5,65.4,67.2,69.4,72.5,76.1,78.1,78.6,78.7,78.2,77.1,75.3,72.9,70.1,66.9,64.0
68.4,67.0,65.2,62.6,59.8,56.1,52.5,49.7,49.5,49.8,65.9,64.6,62.9,60.7,58.1,54.7,51.2,48.8,49.0,49.8,50.8,51.5,52.3,53.3,54.4,55.3,55.9,56.7,58.1,59.6,62.0,65.8,68.7,69.7,69.7,69.2,67.4,64.7,61.8,58.2,54.6,51.8,52.0,52.6,53.3,53.6,54.1,54.9,55.8,57.2,58.5,59.7,61.8,64.1,66.6,70.8,73.3,73.8,73.1,72.2,70.8,68.8,66.4,63.5,60.6,57.8,57.1,57.7,57.9,58.3,58.9,59.8,60.9,62.2,63.8,65.6,67.4,69.7,72.7,76.4,78.4,79.0,79.5,78.9,77.4,75.6,73.2,70.2,67.0
68.7,68.1,66.8,64.9,62.3,59.4,55.8,52.2,49.3,49.4,66.2,65.8,64.6,62.9,60.8,58.1,54.7,51.4,49.0,49.2,49.9,50.9,51.7,52.6,53.5,54.6,55.2,55.9,56.7,58.3,59.8,62.4,66.2,69.0,70.2,70.5,69.3,67.1,64.6,61.6,58.0,54.9,52.1,52.2,52.7,53.0,53.3,54.1,54.9,56.2,57.4,58.6,60.1,62.3,64.3,67.1,71.3,73.7,73.9,73.6,72.7,71.3,69.2,66.7,64.0,60.7,58.0,57.1,57.4,57.8,58.3,59.0,60.1,61.1,62.6,64.0,65.8,67.6,69.9,73.0,76.7,78.7,79.9,80.1,79.1,77.7,75.8,73.2,70.3
67.5,68.5,68.1,66.4,64.5,61.8,59.2,55.5,51.8,49.2,65.2,66.3,65.8,64.6,63.1,60.7,58.2,54.8,51.5,49.1,49.3,49.9,51.1,51.9,52.8,53.6,54.4,55.1,56.0,56.9,58.5,60.2,62.6,66.5,69.4,71.0,70.6,69.0,67.0,64.4,61.4,58.3,55.2,52.2,52.3,52.4,52.7,53.2,54.1,55.3,56.4,57.5,59.1,60.5,62.5,64.8,67.6,71.7,73.8,74.2,74.1,73.2,71.8,69.6,67.1,64.1,60.9,58.1,56.8,57.2,57.7,58.4,59.3,60.3,61.4,62.8,64.3,66.1,67.8,70.2,73.3,77.0,79.5,80.5,80.3,79.4,78.0,75.9,73.4
64.0,67.4,68.5,67.7,66.0,64.1,61.5,58.8,55.1,51.8,62.3,65.1,66.4,65.9,64.7,63.0,60.8,58.2,55.0,51.6,49.2,49.4,50.2,51.4,52.1,52.9,53.5,54.4,55.2,56.1,57.2,58.9,60.5,62.8,66.9,70.3,71.0,70.2,68.9,66.8,64.2,61.6,58.6,55.3,52.3,52.0,52.1,52.7,53.3,54.5,55.5,56.5,57.9,59.4,60.8,62.9,65.2,68.0,71.9,74.1,74.8,74.8,73.7,72.0,69.9,67.3,64.3,60.9,57.9,56.6,57.2,57.9,58.7,59.6,60.6,61.6,63.1,64.6,66.3,68.0,70.6,73.7,77.9,80.1,80.7,80.6,79.6,78.1,76.0
61.3,63.8,67.2,68.1,67.1,65.5,63.8,61.3,58.4,55.1,59.6,62.5,65.1,66.5,66.1,64.6,63.1,61.0,58.4,55.1,51.7,49.4,49.6,50.5,51.6,52.2,52.7,53.4,54.4,55.3,56.2,57.5,58.9,60.6,63.2,67.8,70.4,70.6,70.1,68.6,66.8,64.5,62.0,58.6,55.4,52.0,51.7,52.0,52.7,53.7,54.7,55.6,56.9,58.2,59.7,61.3,63.3,65.7,68.2,72.2,74.7,75.5,75.3,74.0,72.4,70.1,67.4,64.3,60.7,57.8,56.6,57.3,58.2,58.9,60.0,60.8,62.0,63.4,64.8,66.4,68.4,71.0,74.5,78.5,80.3,81.0,80.8,79.7,78.3
59.7,61.1,64.1,66.8,67.5,66.7,65.3,63.5,60.9,58.4,57.8,59.5,62.4,65.3,66.6,65.9,64.7,63.2,61.3,58.5,55.2,51.8,49.6,49.9,50.7,51.6,52.1,52.7,53.5,54.5,55.5,56.5,57.5,59.0,60.9,63.9,67.9,69.9,70.6,69.8,68.6,67.1,64.9,62.0,58.6,55.0,51.7,51.7,52.2,53.1,53.8,54.9,56.0,57.2,58.4,60.1,61.6,63.8,65.8,68.6,72.8,75.4,76.0,75.6,74.3,72.6,70.4,67.4,64.1,60.6,57.8,56.7,57.6,58.4,59.3,60.1,61.1,62.3,63.6,65.0,66.8,68.8,71.7,75.1,78.7,80.6,81.2,81.0,79.9
58.5,59.6,61.0,63.7,66.3,67.1,66.5,65.1,63.2,60.9,56.6,57.7,59.5,62.6,65.4,66.4,66.0,64.8,63.4,61.4,58.5,55.3,52.1,49.8,50.1,50.8,51.5,52.1,52.8,53.6,54.7,55.7,56.5,57.5,59.3,61.6,64.0,67.5,69.9,70.3,69.8,68.9,67.5,64.9,62.0,58.1,54.7,51.8,51.8,52.5,53.2,54.0,55.2,56.3,57.5,58.9,60.4,62.0,63.9,66.1,69.1,73.5,75.9,76.3,75.9,74.5,72.9,70.3,67.2,64.1,60.9,58.0,57.0,57.8,58.8,59.5,60.5,61.5,62.5,63.9,65.3,67.2,69.5,72.3,75.4,79.0,80.9,81.4,81.2
57.2,58.4,59.4,60.9,63.2,66.0,66.9,66.3,64.7,63.2,55.6,56.6,57.8,59.6,62.7,65.3,66.5,65.9,65.1,63.6,61.4,58.7,55.6,52.3,50.1,50.2,50.8,51.4,52.2,53.0,53.8,54.8,55.7,56.5,57.9,59.9,61.6,63.8,67.6,69.7,70.4,70.1,69.3,67.6,64.9,61.5,58.0,54.9,52.0,52.2,52.6,53.4,54.4,55.5,56.5,58.0,59.1,60.7,62.2,64.2,66.5,69.7,74.1,76.3,76.5,76.1,74.8,72.7,70.1,67.2,64.4,61.2,58.3,57.3,58.2,59.0,59.8,60.8,61.6,62.8,64.2,65.8,67.9,70.1,72.6,75.7,79.3,81.0,81.7
56.6,57.1,58.2,59.2,60.4,62.8,65.7,66.7,66.0,64.8,54.8,55.5,56.5,57.9,59.7,62.7,65.3,66.5,66.2,65.3,63.6,61.7,59.0,55.9,52.5,50.1,50.1,50.7,51.6,52.4,53.2,54.0,54.8,55.6,56.9,58.5,59.9,61.5,63.8,67.5,69.7,70.7,70.5,69.4,67.6,64.2,61.3,58.2,55.1,52.4,52.3,52.9,53.8,54.7,55.8,57.0,58.3,59.5,60.9,62.5,64.6,67.1,70.3,74.3,76.4,76.7,76.3,74.7,72.6,70.2,67.5,64.8,61.5,58.7,57.7,58.5,59.3,60.1,61.0,62.0,63.2,64.7,66.6,68.4,70.3,72.9,75.9,79.5,81.4
55.7,56.4,57.1,58.0,58.8,60.1,62.7,65.5,66.3,66.0,54.1,54.7,55.5,56.6,57.8,59.7,62.8,65.5,66.8,66.4,65.3,63.8,61.9,59.4,56.2,52.6,50.1,50.1,50.9,51.8,52.6,53.4,53.9,54.7,56.0,57.4,58.5,59.8,61.6,63.8,67.5,70.1,71.1,70.6,69.3,67.0,64.0,61.5,58.4,55.4,52.5,52.5,53.2,54.1,55.1,56.3,57.3,58.7,59.7,61.1,62.8,65.1,67.6,70.7,74.4,76.6,76.9,76.2,74.6,72.7,70.5,67.8,65.0,61.9,59.0,58.0,58.9,59.7,60.3,61.3,62.3,63.7,65.4,67.1,68.7,70.6,73.1,76.1,79.8
