day 0,day 1,day 2,day 3,day 4,day 5,day 6,day 7,day 8,day 9,day 10,day 11,day 12,day 13,day 14,day 15,day 16,day 17,day 18,day 19,day 20,day 21,day 22,day 23,day 24,day 25,day 26,day 27,day 28,day 29,day 30,day 31,day 32,day 33,day 34,day 35,day 36,day 37,day 38,day 39,day 40,day 41,day 42,day 43,day 44,day 45,day 46,day 47,day 48,day 49,day 50,day 51,day 52,day 53,day 54,day 55,day 56,day 57,day 58,day 59,day 60,day 61,day 62,day 63,day 64,day 65,day 66,day 67,day 68,day 69,day 70,day 71,day 72,day 73,day 74,day 75,day 76,day 77,day 78,day 79,day 80,day 81,day 82,day 83,day 84,day 85,day 86,day 87,day 88,day 89,day 90
52.0,52.7,53.4,54.5,55.6,57.3,60.3,63.5,64.4,64.6,63.6,62.0,60.0,57.4,54.3,51.4,48.1,45.3,44.9,45.0,45.3,45.8,46.1,46.3,46.3,46.6,47.1,47.9,49.0,49.8,51.4,54.1,55.8,56.2,55.8,54.7,53.4,51.6,49.5,47.3,44.9,43.6,43.4,43.2,43.2,43.2,43.1,43.1,43.1,43.3,43.6,43.8,44.0,44.3,44.8,46.2,48.0,48.7,48.3,47.5,46.4,44.9,42.8,40.6,38.6,38.1,37.8,37.6,37.6,37.3,37.5,37.6,37.7,37.8,37.9,38.2,38.7,39.1,40.1,41.1,43.0,44.1,43.9,43.2,42.0,41.1,39.5,37.9,37.3,37.3,37.2
51.4,51.6,52.4,53.0,53.9,55.3,57.0,60.0,63.1,64.1,64.1,63.1,61.6,59.5,56.8,54.0,51.0,48.0,45.3,45.0,45.2,45.5,45.9,45.9,46.0,46.1,46.4,47.0,47.8,48.7,49.6,51.1,53.8,55.5,55.9,55.4,54.6,53.3,51.5,49.4,47.2,44.6,43.4,43.2,43.2,43.2,43.0,43.0,43.0,43.0,43.3,43.2,43.5,43.5,43.8,44.5,45.8,47.5,48.3,48.0,47.4,46.2,44.5,42.5,40.3,38.3,37.7,37.6,37.3,37.2,37.3,37.4,37.5,37.6,37.8,37.8,38.1,38.6,39.3,39.9,41.0,43.0,43.9,43.8,43.1,42.2,41.0,39.6,38.0,37.2,37.2
50.9,51.1,51.3,52.0,52.6,53.6,54.9,56.7,59.6,62.8,63.6,63.6,62.6,61.0,58.9,56.4,53.6,50.8,47.9,45.3,45.2,45.4,45.6,45.7,45.6,45.8,45.9,46.3,46.9,47.6,48.5,49.4,51.0,53.4,55.2,55.6,55.3,54.6,53.1,51.3,49.1,46.9,44.4,43.2,43.1,43.1,43.1,42.9,42.9,42.8,43.0,42.8,43.0,42.9,42.9,43.5,44.2,45.4,47.1,47.9,47.8,47.2,45.8,44.2,42.2,40.0,37.9,37.5,37.2,37.0,37.3,37.2,37.2,37.4,37.6,37.7,37.7,38.0,38.8,39.1,39.9,40.9,42.8,43.8,43.6,43.1,42.1,41.0,39.6,37.9,37.1
50.4,50.5,50.7,51.0,51.5,52.1,53.2,54.6,56.4,59.2,62.3,63.0,63.1,62.0,60.4,58.5,56.0,53.4,50.7,47.8,45.5,45.5,45.5,45.4,45.3,45.5,45.6,45.9,46.1,46.6,47.5,48.3,49.3,50.7,53.1,54.9,55.4,55.3,54.3,52.9,51.0,49.0,46.6,44.2,43.1,43.1,43.0,42.9,42.8,42.8,42.8,42.6,42.6,42.5,42.4,42.6,43.2,43.8,45.0,46.8,47.7,47.6,46.8,45.4,43.8,41.9,39.5,37.7,37.2,36.9,37.0,37.1,37.1,37.2,37.5,37.5,37.6,37.7,38.2,38.6,39.0,39.7,40.9,42.7,43.6,43.6,43.0,42.1,41.0,39.4,37.7
50.1,50.1,50.2,50.4,50.4,51.1,51.8,52.9,54.4,56.0,58.6,61.7,62.5,62.5,61.4,60.0,58.0,55.8,53.2,50.5,47.8,45.8,45.5,45.4,45.1,45.2,45.3,45.6,45.7,45.8,46.5,47.2,48.2,49.0,50.4,52.6,54.7,55.3,55.0,54.1,52.6,50.9,48.7,46.4,44.0,43.1,42.9,42.8,42.8,42.7,42.8,42.4,42.4,42.1,42.0,42.1,42.3,43.0,43.5,44.9,46.7,47.6,47.3,46.5,45.1,43.6,41.4,39.3,37.3,36.9,36.9,36.8,36.9,37.1,37.2,37.4,37.5,37.6,37.9,38.1,38.6,38.9,39.7,40.8,42.5,43.5,43.4,42.9,42.1,40.8,39.2
49.8,49.8,49.7,49.9,49.8,50.0,50.7,51.5,52.7,54.1,55.6,58.1,61.2,61.9,61.9,61.0,59.6,57.8,55.7,53.0,50.4,47.9,45.8,45.3,45.1,45.0,45.1,45.3,45.4,45.4,45.7,46.3,47.1,48.0,48.7,50.0,52.4,54.5,55.1,54.8,53.7,52.4,50.6,48.5,46.2,44.0,42.9,42.7,42.8,42.6,42.6,42.4,42.3,42.0,41.7,41.7,41.8,42.0,42.6,43.4,44.6,46.5,47.2,46.9,46.1,44.9,43.2,41.2,38.9,36.9,36.9,36.7,36.7,37.0,37.1,37.2,37.3,37.4,37.8,37.8,38.0,38.4,38.9,39.6,40.7,42.6,43.4,43.4,42.9,41.9,40.6
49.7,49.6,49.5,49.4,49.3,49.4,49.6,50.4,51.4,52.4,53.7,55.0,57.4,60.5,61.4,61.4,60.6,59.3,57.6,55.5,52.9,50.3,47.8,45.5,45.1,45.0,44.9,45.2,45.2,45.1,45.4,45.6,46.1,46.9,47.7,48.5,49.8,52.2,54.4,54.8,54.4,53.6,52.1,50.4,48.2,46.0,43.8,42.7,42.7,42.6,42.5,42.3,42.2,41.8,41.5,41.4,41.4,41.5,41.7,42.5,43.2,44.4,46.1,46.9,46.6,45.8,44.5,43.0,40.9,38.5,36.9,36.7,36.6,36.7,36.9,37.0,37.1,37.3,37.6,37.6,37.8,37.9,38.4,38.8,39.7,40.9,42.4,43.4,43.3,42.8,41.8
50.8,49.4,49.2,49.0,48.8,48.8,49.1,49.4,50.3,51.1,52.0,53.2,54.4,56.7,59.9,60.9,61.0,60.3,59.2,57.5,55.2,52.6,50.1,47.5,45.3,45.0,44.9,45.0,45.1,45.0,45.2,45.4,45.5,45.9,46.6,47.5,48.2,49.7,52.0,54.1,54.5,54.3,53.3,52.0,50.1,48.0,45.8,43.5,42.7,42.5,42.5,42.2,42.1,41.8,41.3,41.2,41.2,41.3,41.3,41.6,42.3,43.0,44.0,45.8,46.6,46.3,45.5,44.3,42.8,40.5,38.4,36.8,36.6,36.6,36.7,36.8,36.8,37.0,37.4,37.4,37.6,37.7,38.0,38.4,38.9,39.9,40.8,42.3,43.3,43.2,42.6
53.7,50.5,49.1,48.8,48.5,48.4,48.5,48.9,49.3,50.1,50.7,51.6,52.6,53.9,56.1,59.4,60.5,60.7,60.1,59.1,57.2,54.9,52.3,49.8,47.2,45.1,44.9,45.1,44.9,44.9,45.1,45.2,45.2,45.3,45.7,46.4,47.2,48.3,49.5,51.8,53.7,54.4,53.9,53.2,51.6,49.8,47.7,45.4,43.4,42.5,42.4,42.2,42.0,41.7,41.3,41.0,41.0,41.0,41.0,41.2,41.5,42.1,42.5,43.7,45.5,46.3,46.0,45.4,44.2,42.5,40.4,38.3,36.7,36.6,36.7,36.6,36.6,36.8,37.0,37.2,37.4,37.6,37.7,37.9,38.6,39.1,39.9,40.8,42.3,43.3,43.0
56.6,53.4,50.1,48.7,48.2,48.0,48.0,48.3,48.8,49.1,49.7,50.2,51.0,52.2,53.4,55.6,59.0,60.2,60.5,60.1,58.7,56.8,54.5,52.0,49.5,47.0,45.0,45.1,45.0,44.7,45.1,45.1,45.0,44.9,45.0,45.6,46.2,47.3,48.1,49.4,51.4,53.5,54.0,53.8,52.8,51.3,49.5,47.3,45.3,43.2,42.4,42.1,42.0,41.6,41.3,40.9,40.8,40.8,40.7,40.9,41.1,41.2,41.7,42.2,43.3,45.2,45.9,45.8,45.3,43.9,42.4,40.2,38.1,36.7,36.7,36.6,36.7,36.6,36.8,36.9,37.2,37.4,37.7,37.8,38.2,38.8,39.1,39.8,40.9,42.2,43.1
59.5,56.2,53.1,49.6,48.1,47.7,47.6,47.9,48.3,48.6,48.7,49.2,49.7,50.7,51.8,53.1,55.3,58.7,60.1,60.5,59.7,58.2,56.4,54.2,51.8,49.3,46.8,45.2,45.0,44.8,45.0,45.2,45.0,44.8,44.6,44.9,45.3,46.2,47.0,48.0,49.1,51.2,53.2,53.8,53.4,52.4,51.0,49.1,47.1,45.0,43.1,42.0,41.9,41.5,41.1,40.8,40.8,40.6,40.5,40.6,40.8,40.8,40.8,41.4,41.9,43.0,44.9,45.8,45.7,45.0,43.8,42.2,40.1,38.1,36.7,36.6,36.5,36.7,36.6,36.7,36.8,37.2,37.5,37.7,38.1,38.5,38.9,39.0,39.8,40.8,42.1
61.8,59.1,55.9,52.7,49.0,47.6,47.3,47.5,47.8,48.1,48.2,48.2,48.7,49.4,50.3,51.4,52.7,54.9,58.5,59.8,60.1,59.1,57.7,56.1,53.9,51.5,49.2,46.9,45.0,44.7,45.0,45.1,45.0,44.8,44.5,44.5,44.7,45.4,46.0,46.9,47.7,48.8,50.9,53.0,53.4,53.0,52.0,50.6,48.9,46.8,44.9,42.6,41.9,41.4,41.0,40.7,40.7,40.5,40.3,40.4,40.5,40.4,40.4,40.6,41.1,41.6,42.7,44.7,45.7,45.5,44.9,43.6,42.1,40.1,38.1,36.7,36.6,36.5,36.6,36.5,36.6,36.8,37.3,37.5,38.1,38.4,38.5,38.8,39.0,39.7,40.6
63.8,61.4,58.8,55.5,52.2,48.4,47.2,47.2,47.5,47.6,47.6,47.7,47.8,48.5,49.1,50.0,51.2,52.4,54.8,58.3,59.5,59.5,58.6,57.5,55.8,53.6,51.3,49.1,46.7,44.8,44.9,45.1,45.0,44.8,44.5,44.4,44.3,44.8,45.2,45.9,46.7,47.4,48.6,50.4,52.5,53.0,52.6,51.6,50.4,48.6,46.7,44.5,42.5,41.4,41.0,40.6,40.5,40.3,40.2,40.2,40.2,40.1,40.0,40.0,40.2,40.8,41.4,42.6,44.6,45.6,45.5,44.7,43.5,42.1,40.0,37.9,36.6,36.6,36.5,36.5,36.5,36.6,36.9,37.3,37.9,38.3,38.3,38.5,38.8,39.0,39.5
65.6,63.5,61.1,58.4,55.2,51.7,48.0,47.1,47.1,47.2,47.2,47.1,47.3,47.6,48.3,48.8,49.7,50.9,52.2,54.6,57.9,59.0,58.9,58.4,57.2,55.5,53.5,51.1,48.9,46.4,44.9,45.1,44.9,44.8,44.5,44.4,44.1,44.3,44.6,45.1,45.6,46.3,47.2,48.2,50.1,52.1,52.5,52.2,51.4,50.0,48.4,46.3,44.2,42.0,40.9,40.6,40.4,40.2,40.1,40.0,40.1,39.9,39.7,39.7,39.8,39.9,40.5,41.3,42.4,44.4,45.5,45.3,44.6,43.4,41.9,39.9,37.8,36.6,36.5,36.4,36.5,36.5,36.7,37.0,37.8,38.1,38.3,38.3,38.4,38.7,38.8
66.6,65.2,63.2,60.7,58.1,54.9,51.3,47.9,47.0,46.9,46.8,46.7,46.7,47.1,47.4,47.9,48.7,49.4,50.8,52.1,54.3,57.4,58.3,58.7,58.2,56.9,55.3,53.2,50.9,48.7,46.4,45.0,45.0,44.7,44.5,44.3,44.1,44.2,44.1,44.5,44.9,45.4,46.1,46.8,47.9,49.6,51.6,52.2,52.0,51.0,49.8,48.0,46.0,43.7,41.5,40.4,40.4,40.1,40.0,39.9,39.8,39.7,39.5,39.5,39.4,39.4,39.7,40.4,41.1,42.2,44.3,45.2,45.2,44.5,43.2,41.7,39.7,37.8,36.4,36.3,36.3,36.5,36.6,36.8,37.4,37.9,38.1,38.2,38.3,38.2,38.4
67.1,66.3,64.9,62.8,60.5,57.9,54.5,51.1,47.7,46.8,46.5,46.3,46.3,46.5,46.9,47.1,47.8,48.5,49.3,50.8,52.0,53.9,56.8,58.1,58.5,57.8,56.7,55.0,53.0,50.8,48.6,46.5,44.9,44.7,44.4,44.3,44.0,44.1,44.0,44.0,44.2,44.6,45.2,45.8,46.6,47.6,49.3,51.2,51.9,51.6,50.7,49.4,47.6,45.5,43.3,41.0,40.2,40.0,39.9,39.8,39.8,39.5,39.4,39.3,39.3,39.1,39.2,39.6,40.2,41.0,42.1,44.1,45.1,45.1,44.3,43.0,41.5,39.7,37.7,36.3,36.3,36.4,36.7,36.7,37.2,37.5,38.0,38.2,38.2,38.1,38.1
66.6,66.8,66.0,64.4,62.4,60.3,57.5,54.2,50.9,47.5,46.4,46.0,45.9,46.2,46.3,46.6,47.0,47.6,48.3,49.3,50.6,51.6,53.4,56.4,57.8,58.1,57.6,56.3,54.8,52.9,50.7,48.7,46.2,44.6,44.4,44.2,44.0,44.0,43.9,44.0,43.8,44.0,44.6,44.9,45.6,46.4,47.4,48.9,50.9,51.5,51.3,50.2,48.9,47.2,45.1,42.9,40.8,39.9,39.7,39.7,39.6,39.4,39.2,39.1,39.1,38.9,38.9,39.1,39.4,40.1,40.8,41.8,44.0,45.0,44.8,44.0,42.8,41.5,39.6,37.5,36.3,36.3,36.5,36.8,37.2,37.3,37.6,38.1,38.1,37.9,37.9
65.3,66.4,66.5,65.5,64.1,62.3,60.0,57.2,54.0,50.6,47.1,45.9,45.6,45.8,46.0,46.1,46.5,46.9,47.4,48.3,49.3,50.4,51.3,53.0,56.0,57.4,57.9,57.2,56.1,54.7,52.8,50.7,48.5,45.9,44.4,44.2,44.0,44.0,43.8,43.9,43.7,43.6,43.9,44.3,44.8,45.5,46.1,47.1,48.6,50.5,51.2,50.8,49.7,48.6,46.7,44.7,42.5,40.4,39.5,39.6,39.4,39.2,39.1,38.9,38.9,38.7,38.7,38.7,38.8,39.3,39.9,40.6,41.7,43.9,44.8,44.6,43.8,42.7,41.4,39.4,37.5,36.3,36.5,36.7,37.2,37.2,37.4,37.7,37.9,37.9,37.7
62.3,65.0,66.0,66.1,65.1,64.0,62.1,59.7,56.9,53.6,50.2,46.5,45.5,45.6,45.6,45.7,45.9,46.3,46.7,47.5,48.3,49.0,50.1,50.9,52.7,55.6,57.1,57.5,57.0,55.9,54.5,52.8,50.4,48.2,45.6,44.1,43.9,43.9,43.9,43.9,43.6,43.5,43.6,43.8,44.3,44.6,45.3,45.9,46.8,48.3,50.2,50.7,50.3,49.5,48.1,46.4,44.4,42.2,40.0,39.4,39.4,39.0,38.9,38.8,38.7,38.5,38.6,38.5,38.4,38.8,39.2,39.8,40.5,41.6,43.7,44.6,44.4,43.8,42.6,41.2,39.3,37.4,36.5,36.7,37.1,37.3,37.4,37.6,37.6,37.6,37.7
58.9,61.9,64.7,65.5,65.7,65.0,63.8,61.8,59.4,56.5,53.2,49.6,46.1,45.6,45.5,45.3,45.6,45.8,46.2,46.9,47.5,48.1,48.8,49.8,50.6,52.3,55.3,56.8,57.2,56.7,55.7,54.5,52.5,50.2,48.0,45.4,43.8,43.9,43.8,43.9,43.6,43.5,43.4,43.5,43.8,44.2,44.5,45.0,45.7,46.6,48.0,49.7,50.3,50.0,49.0,47.8,46.0,44.0,41.8,39.8,39.2,38.9,38.7,38.7,38.5,38.3,38.3,38.3,38.1,38.4,38.7,39.1,39.7,40.4,41.4,43.5,44.4,44.4,43.7,42.4,41.1,39.3,37.5,36.7,37.1,37.2,37.4,37.6,37.4,37.3,37.4
56.8,58.6,61.5,64.3,65.2,65.6,64.8,63.4,61.4,58.9,56.0,52.6,49.0,46.0,45.4,45.1,45.2,45.5,45.7,46.4,46.9,47.4,47.9,48.5,49.5,50.4,52.1,55.0,56.5,57.0,56.5,55.6,54.2,52.2,49.9,47.7,45.1,43.8,43.9,43.8,43.7,43.5,43.4,43.4,43.5,43.7,44.1,44.4,44.8,45.6,46.3,47.5,49.3,50.0,49.5,48.7,47.3,45.6,43.7,41.6,39.5,38.8,38.6,38.5,38.4,38.1,38.1,38.1,38.0,38.1,38.3,38.5,39.0,39.5,40.3,41.3,43.3,44.4,44.3,43.5,42.4,41.1,39.3,37.6,37.0,37.2,37.2,37.6,37.4,37.2,37.2
55.1,56.5,58.2,61.1,63.9,65.1,65.4,64.4,63.0,60.9,58.5,55.5,52.1,48.7,45.8,45.0,45.0,45.1,45.4,45.9,46.5,46.8,47.2,47.6,48.3,49.2,50.2,51.9,54.6,56.3,56.8,56.4,55.3,53.9,51.9,49.7,47.5,45.0,43.8,43.8,43.6,43.5,43.3,43.3,43.3,43.4,43.6,43.9,44.2,44.7,45.2,45.8,47.1,48.9,49.5,49.2,48.2,46.9,45.3,43.5,41.3,39.1,38.5,38.3,38.2,38.1,38.0,37.8,37.7,38.0,38.1,38.2,38.4,38.9,39.4,40.1,41.1,43.3,44.3,44.1,43.5,42.2,41.0,39.3,37.9,37.1,37.2,37.4,37.4,37.3,37.1
53.7,54.8,56.2,57.8,60.6,63.8,64.9,64.9,64.0,62.5,60.5,58.0,54.9,51.7,48.5,45.5,44.9,45.0,45.1,45.6,46.1,46.5,46.7,46.8,47.4,48.0,49.1,50.1,51.6,54.4,56.1,56.6,56.1,55.0,53.5,51.7,49.6,47.4,45.0,43.8,43.6,43.4,43.4,43.2,43.3,43.2,43.3,43.4,43.7,44.1,44.4,44.8,45.3,46.6,48.4,49.1,48.7,47.8,46.6,45.1,43.2,40.9,38.9,38.3,38.1,37.8,37.9,37.6,37.4,37.7,37.9,37.9,38.0,38.3,38.8,39.3,40.0,41.2,43.2,44.1,44.0,43.3,42.2,40.9,39.6,37.9,37.1,37.5,37.3,37.2,37.2
52.7,53.4,54.5,55.6,57.3,60.3,63.5,64.4,64.6,63.6,62.0,60.0,57.4,54.3,51.4,48.1,45.3,44.9,45.0,45.3,45.8,46.1,46.3,46.3,46.6,47.1,47.9,49.0,49.8,51.4,54.1,55.8,56.2,55.8,54.7,53.4,51.6,49.5,47.3,44.9,43.6,43.4,43.2,43.2,43.2,43.1,43.1,43.1,43.3,43.6,43.8,44.0,44.3,44.8,46.2,48.0,48.7,48.3,47.5,46.4,44.9,42.8,40.6,38.6,38.1,37.8,37.6,37.6,37.3,37.5,37.6,37.7,37.8,37.9,38.2,38.7,39.1,40.1,41.1,43.0,44.1,43.9,43.2,42.0,41.1,39.5,37.9,37.3,37.3,37.2,37.1
51.6,52.4,53.0,53.9,55.3,57.0,60.0,63.1,64.1,64.1,63.1,61.6,59.5,56.8,54.0,51.0,48.0,45.3,45.0,45.2,45.5,45.9,45.9,46.0,46.1,46.4,47.0,47.8,48.7,49.6,51.1,53.8,55.5,55.9,55.4,54.6,53.3,51.5,49.4,47.2,44.6,43.4,43.2,43.2,43.2,43.0,43.0,43.0,43.0,43.3,43.2,43.5,43.5,43.8,44.5,45.8,47.5,48.3,48.0,47.4,46.2,44.5,42.5,40.3,38.3,37.7,37.6,37.3,37.2,37.3,37.4,37.5,37.6,37.8,37.8,38.1,38.6,39.3,39.9,41.0,43.0,43.9,43.8,43.1,42.2,41.0,39.6,38.0,37.2,37.2,37.0
