day 0,day 1,day 2,day 3,day 4,day 5,day 6,day 7,day 8,day 9,day 10,day 11,day 12,day 13,day 14,day 15,day 16,day 17,day 18,day 19,day 20,day 21,day 22,day 23,day 24,day 25,day 26,day 27,day 28,day 29,day 30,day 31,day 32,day 33,day 34,day 35,day 36,day 37,day 38,day 39,day 40,day 41,day 42,day 43,day 44,day 45,day 46,day 47,day 48,day 49,day 50,day 51,day 52,day 53,day 54,day 55,day 56,day 57,day 58,day 59,day 60,day 61,day 62,day 63,day 64,day 65,day 66,day 67,day 68,day 69,day 70,day 71,day 72,day 73,day 74,day 75,day 76,day 77,day 78,day 79,day 80,day 81,day 82,day 83,day 84,day 85,day 86,day 87,day 88,day 89,day 90,day 91,day 92,day 93
79.4,81.7,82.1,86.2,88.7,91.5,94.4,95.8,98.3,96.9,96.6,95.9,95.0,93.6,92.4,89.7,87.4,84.8,81.2,77.4,75.1,78.3,80.1,81.4,83.0,84.8,85.0,88.1,89.8,92.0,94.5,96.2,98.6,97.3,96.9,96.2,95.3,94.0,93.2,90.7,88.1,84.8,80.5,77.0,74.8,78.1,79.0,80.3,81.4,82.7,82.6,86.3,88.2,90.3,93.1,95.2,97.7,96.3,95.9,95.4,94.5,93.2,91.8,89.4,86.7,82.7,77.9,74.6,72.9,76.1,77.3,78.2,79.3,80.6,80.4,83.5,84.9,86.4,88.1,90.3,92.6,91.5,91.2,90.4,89.0,87.4,85.4,82.8,79.2,74.1,69.1,66.9,65.4,68.5
77.9,79.8,82.0,82.5,86.7,89.0,91.5,94.3,95.9,98.3,96.9,96.6,96.0,95.0,93.5,92.3,89.8,87.4,84.9,81.3,77.5,75.1,78.6,80.0,81.5,83.1,84.7,85.1,88.2,90.0,92.2,94.6,96.3,98.7,97.1,96.8,96.2,95.1,94.1,93.1,90.5,87.9,84.6,80.2,76.6,74.6,77.8,78.8,80.0,81.2,82.7,82.5,86.3,88.2,90.4,93.1,95.3,97.6,96.0,95.8,95.4,94.6,93.2,91.8,89.4,86.6,82.5,77.5,74.2,72.6,76.0,77.0,77.9,79.2,80.5,79.9,83.0,84.5,85.9,87.6,89.9,92.3,91.2,90.9,90.0,88.7,87.0,85.1,82.4,78.4,73.7,68.9,66.8,65.4
76.3,78.3,80.1,82.5,83.0,87.1,89.0,91.5,94.3,95.9,98.4,97.0,96.7,96.0,94.8,93.4,92.4,89.8,87.5,85.0,81.4,77.5,75.4,78.6,80.1,81.6,83.0,84.9,85.2,88.3,90.1,92.2,94.7,96.3,98.6,97.0,96.8,96.0,95.1,94.0,93.0,90.3,87.6,84.3,79.9,76.3,74.3,77.6,78.5,79.8,81.2,82.7,82.5,86.4,88.4,90.4,93.2,95.1,97.3,96.0,95.9,95.4,94.6,93.3,91.8,89.2,86.3,82.1,77.1,74.0,72.5,75.6,76.7,77.9,79.1,80.0,79.5,82.6,83.9,85.4,87.1,89.5,91.9,90.9,90.5,89.6,88.3,86.7,84.6,81.7,78.0,73.6,68.7,66.7
75.0,76.6,78.6,80.6,83.0,83.4,87.2,89.0,91.4,94.3,96.0,98.4,97.0,96.7,95.8,94.7,93.4,92.4,89.8,87.6,85.0,81.4,77.6,75.5,78.6,80.2,81.5,83.2,85.0,85.3,88.4,90.2,92.3,94.7,96.2,98.4,97.0,96.6,95.9,95.1,93.9,92.8,90.1,87.4,84.1,79.7,76.0,74.0,77.2,78.3,79.8,81.2,82.8,82.5,86.5,88.4,90.5,93.0,95.0,97.3,96.0,95.9,95.4,94.6,93.2,91.6,88.9,85.9,81.8,76.9,73.8,72.2,75.3,76.7,77.9,78.6,79.5,79.0,82.1,83.4,84.8,86.7,89.3,91.6,90.5,90.1,89.2,87.9,86.3,84.0,81.3,78.0,73.4,68.5
71.2,75.4,76.9,79.0,81.1,83.4,83.5,87.2,89.0,91.5,94.4,96.0,98.5,97.0,96.5,95.7,94.8,93.4,92.5,89.9,87.7,85.2,81.5,77.6,75.4,78.7,80.2,81.7,83.3,85.1,85.4,88.5,90.3,92.3,94.6,96.1,98.5,96.9,96.5,95.9,95.0,93.8,92.6,90.0,87.3,83.9,79.4,75.7,73.7,76.9,78.2,79.7,81.2,82.8,82.5,86.5,88.6,90.4,92.8,94.9,97.2,96.0,95.9,95.5,94.6,93.0,91.3,88.6,85.6,81.6,76.7,73.6,72.0,75.3,76.6,77.3,78.1,79.1,78.6,81.6,82.9,84.4,86.4,88.9,91.1,90.1,89.8,88.9,87.5,85.7,83.7,81.3,77.9,73.2
74.7,71.7,75.7,77.4,79.4,81.5,83.5,83.6,87.3,89.1,91.6,94.5,96.1,98.5,96.9,96.4,95.8,94.7,93.4,92.6,90.0,87.9,85.1,81.5,77.6,75.5,78.7,80.4,81.8,83.4,85.2,85.4,88.5,90.3,92.2,94.5,96.0,98.4,96.8,96.5,95.8,95.0,93.5,92.4,89.8,87.1,83.6,79.1,75.4,73.4,76.8,78.2,79.8,81.2,82.8,82.5,86.7,88.5,90.2,92.8,94.9,97.2,96.0,96.0,95.5,94.3,92.6,91.0,88.3,85.4,81.4,76.5,73.4,71.9,75.3,76.0,76.9,77.8,78.6,78.1,81.0,82.5,84.1,86.0,88.4,90.7,89.8,89.5,88.5,86.9,85.4,83.6,81.3,77.7
78.8,75.1,71.9,76.0,77.7,79.9,81.7,83.6,83.7,87.3,89.2,91.6,94.5,96.1,98.3,96.8,96.4,95.8,94.7,93.5,92.7,90.2,87.9,85.1,81.5,77.7,75.5,79.0,80.6,81.9,83.5,85.2,85.5,88.6,90.1,92.1,94.4,95.9,98.3,96.8,96.3,95.7,94.7,93.4,92.3,89.6,86.9,83.4,78.8,75.1,73.2,76.8,78.3,79.8,81.2,82.8,82.9,86.6,88.3,90.2,92.7,94.8,97.2,96.1,95.9,95.2,94.0,92.3,90.7,88.2,85.3,81.2,76.2,73.4,71.9,74.8,75.6,76.5,77.3,78.1,77.6,80.5,82.1,83.8,85.5,88.1,90.4,89.5,89.0,87.9,86.7,85.4,83.6,81.1
82.5,79.1,75.3,72.3,76.4,78.2,80.1,81.8,83.7,83.8,87.3,89.3,91.7,94.5,95.9,98.2,96.7,96.4,95.7,94.8,93.7,92.9,90.2,87.8,85.2,81.6,77.7,75.8,79.1,80.6,82.0,83.6,85.2,85.6,88.4,90.1,92.0,94.2,95.7,98.3,96.6,96.3,95.6,94.7,93.3,92.1,89.4,86.8,83.2,78.6,74.9,73.2,76.8,78.3,79.8,81.2,83.0,82.9,86.5,88.3,90.1,92.7,94.9,97.3,96.0,95.6,94.8,93.6,92.1,90.6,88.1,85.0,81.0,76.2,73.3,71.4,74.4,75.3,76.0,76.8,77.5,77.2,80.1,81.8,83.3,85.1,87.7,90.1,89.0,88.4,87.7,86.6,85.3,83.5
85.2,82.8,79.4,75.7,72.6,76.8,78.3,80.2,81.9,83.8,83.9,87.4,89.4,91.7,94.3,95.8,98.2,96.7,96.4,95.8,94.9,93.9,92.8,90.1,87.9,85.2,81.6,78.0,75.8,79.1,80.7,82.1,83.7,85.3,85.6,88.3,89.9,91.8,94.1,95.7,98.0,96.5,96.2,95.6,94.6,93.1,91.9,89.3,86.7,83.0,78.4,74.9,73.2,76.7,78.4,79.8,81.4,82.9,82.9,86.5,88.3,90.1,92.6,94.9,97.2,95.7,95.3,94.5,93.4,92.0,90.5,87.9,84.9,81.0,76.0,72.8,71.0,74.1,74.8,75.6,76.2,77.2,76.9,79.9,81.3,82.9,84.7,87.3,89.6,88.4,88.2,87.6,86.6,85.2
87.5,85.4,83.1,79.9,76.1,73.1,76.9,78.5,80.3,82.0,83.9,83.9,87.5,89.4,91.4,94.2,95.7,98.1,96.7,96.5,95.8,95.1,93.7,92.8,90.2,87.9,85.3,81.8,78.1,75.9,79.2,80.8,82.2,83.8,85.2,85.5,88.2,89.7,91.7,94.1,95.4,97.9,96.4,96.2,95.4,94.4,92.9,91.7,89.2,86.5,83.0,78.5,74.9,73.2,76.8,78.5,80.0,81.3,82.9,83.0,86.5,88.3,90.1,92.6,94.7,96.9,95.3,95.0,94.4,93.3,91.8,90.2,87.9,85.0,80.8,75.4,72.4,70.6,73.6,74.3,75.0,75.7,76.9,76.7,79.4,80.9,82.5,84.3,86.7,88.9,88.3,88.2,87.6,86.5
90.4,87.8,85.8,83.5,80.3,76.5,73.2,77.0,78.7,80.4,82.2,84.0,84.1,87.5,89.2,91.4,94.1,95.7,98.1,96.8,96.5,96.1,95.0,93.7,92.8,90.2,88.0,85.4,81.9,78.1,75.9,79.3,80.9,82.4,83.8,85.2,85.4,88.1,89.7,91.7,93.8,95.3,97.8,96.3,96.0,95.2,94.1,92.7,91.7,89.2,86.6,83.0,78.5,74.9,73.2,76.9,78.6,79.9,81.3,83.0,83.0,86.5,88.2,90.1,92.4,94.3,96.5,95.0,94.9,94.2,93.2,91.6,90.3,87.9,84.7,80.2,75.0,72.0,70.2,73.1,73.8,74.4,75.4,76.6,76.2,79.0,80.6,82.2,83.8,86.1,88.8,88.2,88.2,87.5
91.3,90.7,88.2,86.2,84.0,80.7,76.6,73.4,77.3,78.8,80.7,82.4,84.1,84.2,87.3,89.1,91.5,94.1,95.7,98.2,96.9,96.8,96.0,94.9,93.7,92.9,90.3,88.1,85.5,81.8,78.1,76.0,79.4,81.0,82.4,83.7,85.0,85.2,88.1,89.7,91.4,93.6,95.2,97.8,96.2,95.8,95.0,94.0,92.7,91.7,89.3,86.7,83.2,78.4,74.9,73.3,77.1,78.5,79.8,81.4,83.1,83.0,86.5,88.2,89.9,92.0,93.9,96.1,94.9,94.8,94.2,93.0,91.7,90.2,87.6,84.2,79.8,74.5,71.6,69.8,72.6,73.3,74.2,75.2,76.0,75.9,78.6,80.2,81.6,83.1,86.0,88.7,88.3,88.1
92.8,91.7,91.0,88.6,86.7,84.3,80.8,76.7,73.8,77.4,79.1,80.8,82.5,84.3,84.1,87.3,89.2,91.4,94.1,95.8,98.3,97.1,96.6,95.9,94.9,93.7,93.0,90.4,88.3,85.6,81.9,78.2,76.2,79.6,81.1,82.4,83.6,85.0,85.2,88.1,89.4,91.2,93.5,95.1,97.6,96.0,95.6,94.8,93.9,92.8,91.7,89.3,86.8,83.1,78.5,74.9,73.5,77.0,78.4,79.9,81.4,83.0,82.9,86.4,88.1,89.6,91.6,93.6,96.1,94.8,94.7,93.9,93.1,91.6,90.0,87.0,83.7,79.3,74.0,71.2,69.4,72.2,73.0,73.9,74.6,75.8,75.5,78.2,79.6,80.9,83.0,85.9,88.7,88.2
94.0,93.1,92.1,91.5,89.1,86.9,84.5,80.9,76.9,74.0,77.7,79.1,80.9,82.7,84.2,84.1,87.5,89.2,91.5,94.1,95.8,98.4,97.0,96.6,96.0,94.8,93.8,93.0,90.5,88.4,85.7,81.9,78.3,76.4,79.7,81.0,82.2,83.6,85.0,85.1,87.9,89.2,91.0,93.3,94.9,97.4,95.9,95.4,94.7,94.1,92.9,91.8,89.5,86.9,83.2,78.5,75.0,73.4,76.9,78.6,79.9,81.3,83.0,82.9,86.3,87.8,89.2,91.2,93.5,95.9,94.6,94.4,94.0,93.1,91.2,89.4,86.6,83.3,78.7,73.6,70.6,69.0,72.0,72.7,73.4,74.2,75.4,75.1,77.6,79.0,80.7,82.8,85.9,88.7
94.8,94.3,93.6,92.6,91.9,89.2,87.0,84.6,81.0,77.0,74.3,77.6,79.2,81.1,82.6,84.2,84.2,87.5,89.3,91.5,94.2,96.0,98.3,96.9,96.6,95.8,94.9,93.8,93.0,90.6,88.5,85.7,82.0,78.4,76.5,79.6,80.9,82.2,83.6,84.9,84.9,87.7,89.0,90.9,93.2,94.7,97.3,95.6,95.3,94.9,94.2,93.0,92.0,89.6,87.0,83.2,78.5,74.9,73.4,77.0,78.5,79.8,81.3,83.0,82.9,86.1,87.4,88.8,91.1,93.3,95.6,94.3,94.5,94.0,92.7,90.8,89.0,86.1,82.7,78.3,73.0,70.3,68.8,71.7,72.3,73.1,73.9,74.9,74.5,76.9,78.7,80.5,82.8,85.8
95.2,95.1,94.8,94.1,92.9,92.0,89.3,87.2,84.7,81.1,77.3,74.3,77.8,79.4,80.9,82.6,84.2,84.4,87.7,89.4,91.6,94.3,95.9,98.2,96.9,96.5,95.8,94.9,93.9,93.2,90.7,88.6,85.8,82.1,78.4,76.5,79.6,80.7,82.2,83.5,84.7,84.6,87.4,88.8,90.7,92.9,94.6,97.1,95.6,95.5,95.0,94.3,93.1,92.0,89.6,87.0,83.2,78.4,74.8,73.5,77.0,78.5,79.8,81.4,82.9,82.6,85.7,87.0,88.7,90.9,93.1,95.3,94.4,94.5,93.6,92.2,90.4,88.5,85.7,82.3,77.8,72.6,70.1,68.5,71.2,72.0,72.7,73.5,74.4,73.9,76.6,78.4,80.4,82.7
96.6,95.5,95.6,95.3,94.4,93.0,92.1,89.5,87.3,84.8,81.3,77.2,74.5,78.0,79.3,81.0,82.5,84.3,84.4,87.7,89.5,91.8,94.3,95.9,98.3,96.8,96.4,95.8,95.1,94.0,93.3,90.9,88.7,85.9,82.0,78.3,76.4,79.4,80.7,82.1,83.3,84.5,84.2,87.2,88.6,90.4,92.8,94.5,97.1,95.7,95.6,95.1,94.4,93.2,92.1,89.7,87.0,83.0,78.3,74.9,73.6,77.0,78.5,80.0,81.4,82.6,82.3,85.2,86.8,88.5,90.7,92.8,95.4,94.5,94.1,93.1,91.8,89.9,88.1,85.2,81.8,77.3,72.3,69.7,68.1,70.9,71.7,72.3,73.0,73.7,73.5,76.3,78.3,80.2
94.3,97.0,96.0,96.1,95.7,94.5,93.1,92.2,89.6,87.4,85.0,81.3,77.4,74.8,77.9,79.4,81.0,82.6,84.4,84.5,87.8,89.6,91.8,94.3,95.9,98.2,96.8,96.4,96.0,95.1,94.2,93.5,91.0,88.8,85.8,81.7,78.2,76.2,79.4,80.6,81.8,83.1,84.1,83.9,87.0,88.4,90.3,92.6,94.5,97.2,95.9,95.7,95.2,94.6,93.3,92.1,89.6,86.9,82.9,78.3,75.0,73.6,77.0,78.6,79.9,81.1,82.2,81.9,85.0,86.6,88.3,90.3,92.9,95.5,94.0,93.6,92.7,91.3,89.4,87.6,84.8,81.4,77.0,71.9,69.3,67.8,70.5,71.3,71.8,72.4,73.4,73.2,76.2,78.1
92.8,94.7,97.4,96.4,96.4,95.7,94.5,93.2,92.3,89.7,87.5,85.0,81.3,77.5,74.7,78.0,79.5,81.1,82.7,84.4,84.6,87.9,89.6,91.9,94.3,95.9,98.2,96.7,96.5,96.0,95.3,94.3,93.5,91.0,88.7,85.7,81.6,78.1,76.1,79.3,80.3,81.6,82.7,83.7,83.6,86.7,88.2,90.1,92.6,94.6,97.3,95.9,95.7,95.5,94.7,93.4,92.0,89.5,86.8,82.9,78.2,75.0,73.7,77.2,78.7,79.6,80.7,81.7,81.6,84.8,86.3,87.9,90.4,92.9,95.0,93.6,93.2,92.2,90.8,89.0,87.2,84.5,81.2,76.5,71.5,69.0,67.4,70.2,70.8,71.2,72.1,73.1,73.0,76.0
89.9,93.2,95.1,97.8,96.7,96.4,95.7,94.6,93.3,92.3,89.8,87.6,85.0,81.4,77.3,74.9,78.0,79.6,81.1,82.8,84.5,84.8,87.9,89.7,91.9,94.2,95.9,98.1,96.9,96.6,96.2,95.5,94.4,93.5,91.0,88.6,85.5,81.4,78.0,76.1,79.1,80.1,81.3,82.4,83.5,83.4,86.5,88.1,90.0,92.7,94.8,97.3,96.0,95.9,95.5,94.7,93.2,91.9,89.5,86.8,82.8,78.2,75.0,73.8,77.2,78.4,79.3,80.3,81.5,81.4,84.5,86.0,88.0,90.3,92.3,94.6,93.2,92.7,91.8,90.3,88.6,86.9,84.3,80.8,76.1,71.1,68.6,67.0,69.7,70.2,70.9,71.9,73.0,72.8
87.4,90.3,93.7,95.6,98.2,96.7,96.4,95.8,94.8,93.4,92.4,89.8,87.7,85.0,81.2,77.4,74.8,78.1,79.6,81.2,82.8,84.7,84.9,87.9,89.7,91.9,94.2,95.8,98.3,96.9,96.8,96.3,95.6,94.3,93.4,90.9,88.4,85.4,81.3,77.9,75.7,78.9,79.8,81.0,82.1,83.2,83.1,86.4,88.0,90.1,92.8,94.9,97.3,96.2,96.0,95.6,94.6,93.2,91.9,89.5,86.8,82.8,78.2,75.1,73.7,77.0,78.1,78.9,80.1,81.3,81.0,84.1,85.9,87.9,89.7,91.9,94.1,92.7,92.3,91.3,90.0,88.4,86.6,83.9,80.3,75.7,70.6,68.2,66.5,69.1,69.9,70.7,71.7,72.8
85.5,87.8,90.8,94.1,95.9,98.2,96.7,96.5,95.8,94.8,93.5,92.4,89.9,87.6,84.8,81.2,77.3,74.9,78.1,79.8,81.3,83.0,84.6,85.0,87.9,89.7,91.9,94.3,96.0,98.4,97.0,96.9,96.4,95.4,94.3,93.3,90.7,88.4,85.3,81.1,77.6,75.5,78.6,79.5,80.8,81.9,83.0,83.0,86.2,88.0,90.1,92.9,94.9,97.5,96.2,96.1,95.5,94.6,93.2,91.9,89.5,86.7,82.8,78.2,75.1,73.4,76.6,77.7,78.7,79.9,81.0,80.5,84.1,85.8,87.3,89.2,91.4,93.6,92.3,91.9,91.0,89.7,88.2,86.2,83.5,80.0,75.3,70.2,67.6,65.9,68.8,69.7,70.5,71.5
81.9,85.8,88.2,91.2,94.4,95.9,98.2,96.8,96.5,95.9,94.9,93.5,92.5,89.9,87.4,84.8,81.2,77.4,74.9,78.3,79.8,81.4,82.9,84.7,85.0,87.9,89.7,91.9,94.3,96.1,98.4,97.2,97.0,96.3,95.3,94.2,93.1,90.8,88.3,85.1,80.7,77.3,75.2,78.3,79.3,80.6,81.6,82.9,82.7,86.2,88.0,90.2,92.9,95.2,97.6,96.4,96.0,95.4,94.5,93.2,91.8,89.4,86.7,82.8,78.1,74.9,73.2,76.3,77.5,78.5,79.6,80.6,80.5,84.1,85.3,86.9,88.7,90.8,93.1,91.8,91.5,90.7,89.5,87.7,85.8,83.1,79.6,74.8,69.5,67.1,65.6,68.7,69.5,70.3
81.7,82.1,86.2,88.7,91.5,94.4,95.8,98.3,96.9,96.6,95.9,95.0,93.6,92.4,89.7,87.4,84.8,81.2,77.4,75.1,78.3,80.1,81.4,83.0,84.8,85.0,88.1,89.8,92.0,94.5,96.2,98.6,97.3,96.9,96.2,95.3,94.0,93.2,90.7,88.1,84.8,80.5,77.0,74.8,78.1,79.0,80.3,81.4,82.7,82.6,86.3,88.2,90.3,93.1,95.2,97.7,96.3,95.9,95.4,94.5,93.2,91.8,89.4,86.7,82.7,77.9,74.6,72.9,76.1,77.3,78.2,79.3,80.6,80.4,83.5,84.9,86.4,88.1,90.3,92.6,91.5,91.2,90.4,89.0,87.4,85.4,82.8,79.2,74.1,69.1,66.9,65.4,68.5,69.4
79.8,82.0,82.5,86.7,89.0,91.5,94.3,95.9,98.3,96.9,96.6,96.0,95.0,93.5,92.3,89.8,87.4,84.9,81.3,77.5,75.1,78.6,80.0,81.5,83.1,84.7,85.1,88.2,90.0,92.2,94.6,96.3,98.7,97.1,96.8,96.2,95.1,94.1,93.1,90.5,87.9,84.6,80.2,76.6,74.6,77.8,78.8,80.0,81.2,82.7,82.5,86.3,88.2,90.4,93.1,95.3,97.6,96.0,95.8,95.4,94.6,93.2,91.8,89.4,86.6,82.5,77.5,74.2,72.6,76.0,77.0,77.9,79.2,80.5,79.9,83.0,84.5,85.9,87.6,89.9,92.3,91.2,90.9,90.0,88.7,87.0,85.1,82.4,78.4,73.7,68.9,66.8,65.4,68.3
