day 0,day 1,day 2,day 3,day 4,day 5,day 6,day 7,day 8,day 9,day 10,day 11,day 12,day 13,day 14,day 15,day 16,day 17,day 18,day 19,day 20,day 21,day 22,day 23,day 24,day 25,day 26,day 27,day 28,day 29,day 30,day 31,day 32,day 33,day 34,day 35,day 36,day 37,day 38,day 39,day 40,day 41,day 42,day 43,day 44,day 45,day 46,day 47,day 48,day 49,day 50,day 51,day 52,day 53,day 54,day 55,day 56,day 57,day 58,day 59,day 60,day 61,day 62,day 63,day 64,day 65,day 66,day 67,day 68,day 69,day 70,day 71,day 72,day 73,day 74,day 75,day 76,day 77,day 78,day 79,day 80,day 81,day 82,day 83,day 84,day 85,day 86,day 87,day 88,day 89,day 90
73.2,73.4,74.0,74.7,75.8,77.3,80.5,83.1,85.0,85.8,86.0,85.6,84.7,82.8,80.5,77.0,72.3,67.7,67.1,67.0,66.9,67.1,67.3,67.5,68.1,68.4,68.8,69.7,70.7,72.7,75.5,78.9,80.7,81.3,81.6,80.8,79.4,77.2,74.2,69.8,64.4,60.2,60.3,60.2,60.1,60.4,60.4,60.7,61.2,61.6,62.0,62.7,63.7,65.3,68.2,72.3,74.5,75.3,75.3,74.8,73.3,70.7,67.2,62.2,56.6,54.3,54.6,54.9,55.5,55.7,56.1,56.6,56.8,57.7,58.6,59.4,60.7,62.6,65.0,69.2,71.3,72.0,72.1,71.4,69.3,66.7,63.3,59.1,55.0,54.1,54.3
72.6,72.8,73.1,73.8,74.4,75.6,77.2,80.3,83.0,84.8,85.6,86.0,85.5,84.5,82.7,80.3,76.8,72.1,67.5,66.8,66.8,66.8,66.7,67.0,67.2,67.7,68.0,68.5,69.5,70.7,72.3,74.9,78.6,80.5,81.2,81.2,80.5,79.1,77.0,73.9,69.5,64.1,60.0,59.9,59.9,59.9,60.2,60.3,60.5,60.9,61.0,61.5,62.3,63.2,64.9,67.9,72.0,74.4,75.2,75.1,74.7,72.9,70.4,67.0,62.1,56.7,54.6,54.7,55.0,55.4,55.6,56.0,56.2,56.7,57.6,58.5,59.3,60.8,62.6,64.9,69.1,71.3,72.1,71.9,71.2,69.2,66.7,63.3,59.3,55.2,54.5
72.0,72.2,72.4,72.9,73.5,74.2,75.5,77.0,80.2,82.9,84.7,85.4,85.8,85.4,84.4,82.5,80.1,76.6,71.9,67.3,66.6,66.6,66.4,66.4,66.7,66.8,67.2,67.6,68.3,69.4,70.3,71.9,74.6,78.4,80.3,80.9,80.9,80.2,78.8,76.6,73.6,69.2,63.8,59.7,59.6,59.7,59.6,60.0,60.1,60.1,60.4,60.6,61.1,61.8,62.8,64.6,67.6,71.9,74.2,75.0,75.0,74.2,72.5,70.2,66.9,62.2,56.8,54.9,54.7,54.9,55.2,55.6,55.7,56.1,56.6,57.4,58.4,59.4,60.7,62.5,64.7,69.1,71.3,72.0,71.8,71.1,69.1,66.6,63.5,59.5,55.5
71.7,71.6,71.8,72.2,72.6,73.4,74.1,75.3,76.8,80.0,82.7,84.6,85.3,85.7,85.3,84.2,82.4,80.0,76.4,71.6,67.1,66.4,66.2,66.1,66.1,66.2,66.3,66.8,67.4,68.2,69.1,69.9,71.6,74.3,78.1,80.0,80.6,80.5,79.9,78.5,76.4,73.4,69.0,63.5,59.4,59.4,59.5,59.5,59.8,59.8,59.6,59.9,60.1,60.6,61.4,62.5,64.5,67.4,71.7,74.0,74.8,74.6,73.8,72.3,70.2,67.0,62.2,56.9,54.9,54.7,54.7,55.2,55.3,55.6,56.0,56.4,57.3,58.5,59.4,60.7,62.2,64.7,69.1,71.1,71.8,71.8,71.1,69.1,66.8,63.6,59.6
71.5,71.4,71.3,71.5,71.9,72.5,73.3,74.0,75.2,76.7,79.9,82.7,84.6,85.2,85.6,85.1,84.1,82.2,79.8,76.2,71.4,66.8,66.0,65.9,65.8,65.6,65.7,66.0,66.6,67.4,67.9,68.7,69.6,71.3,74.0,77.8,79.8,80.4,80.3,79.6,78.2,76.2,73.1,68.7,63.1,59.2,59.2,59.3,59.4,59.4,59.2,59.3,59.5,59.6,60.1,61.1,62.3,64.3,67.3,71.5,73.8,74.4,74.2,73.5,72.3,70.3,66.9,62.2,56.9,55.0,54.4,54.7,54.8,55.2,55.5,55.8,56.4,57.5,58.5,59.4,60.4,62.2,64.7,68.9,71.1,71.9,71.7,71.0,69.2,67.0,63.7
71.2,71.1,71.0,71.0,71.3,71.8,72.4,73.1,73.8,75.0,76.5,79.7,82.8,84.5,85.2,85.6,85.1,84.1,82.1,79.6,76.0,71.2,66.5,65.7,65.6,65.3,65.1,65.4,65.9,66.5,67.0,67.6,68.3,69.3,71.1,73.6,77.5,79.5,80.0,79.9,79.4,78.1,76.0,72.9,68.4,62.8,58.9,59.1,59.2,59.0,58.9,58.8,58.8,58.9,59.2,59.9,61.0,62.1,64.2,67.1,71.3,73.4,74.1,74.1,73.5,72.5,70.3,66.9,62.1,56.9,54.8,54.3,54.3,54.8,55.1,55.3,55.7,56.6,57.5,58.5,59.1,60.4,62.1,64.5,68.9,71.1,71.7,71.7,71.2,69.4,67.2
71.1,70.9,70.8,70.7,70.7,71.1,71.7,72.3,72.9,73.7,74.9,76.3,79.7,82.7,84.4,85.1,85.5,85.1,83.9,81.9,79.5,75.9,70.8,66.1,65.4,65.1,64.8,64.9,65.2,65.8,66.2,66.7,67.2,68.0,69.1,70.7,73.3,77.2,79.2,79.7,79.7,79.3,77.9,75.8,72.6,68.1,62.6,58.8,58.9,58.8,58.4,58.5,58.4,58.4,58.5,58.8,59.8,60.9,62.0,64.1,66.9,70.8,73.0,74.0,74.1,73.6,72.4,70.2,66.8,62.1,56.6,54.7,53.9,54.3,54.7,55.0,55.3,55.9,56.5,57.4,58.3,59.0,60.3,61.9,64.4,68.9,70.9,71.8,71.9,71.4,69.5
71.8,70.8,70.5,70.5,70.4,70.5,71.0,71.6,72.1,72.8,73.6,74.6,76.2,79.5,82.7,84.4,85.1,85.3,84.9,83.8,81.8,79.4,75.6,70.5,65.8,64.9,64.6,64.5,64.7,65.2,65.5,65.8,66.3,66.9,67.9,68.8,70.2,72.9,77.0,78.9,79.6,79.5,79.0,77.7,75.6,72.4,67.9,62.4,58.7,58.5,58.3,58.1,58.0,57.9,58.0,58.2,58.7,59.7,60.8,62.0,63.7,66.4,70.5,72.9,74.0,74.2,73.6,72.4,70.2,66.8,61.8,56.5,54.3,53.9,54.2,54.6,55.0,55.4,55.8,56.5,57.2,58.1,58.9,60.0,61.8,64.5,68.8,71.0,72.0,72.1,71.4
75.8,71.4,70.4,70.2,70.2,70.2,70.4,70.8,71.5,72.0,72.6,73.3,74.4,76.0,79.3,82.6,84.3,84.9,85.1,84.8,83.5,81.7,79.2,75.3,70.2,65.3,64.4,64.3,64.3,64.7,64.9,65.1,65.4,66.1,66.8,67.5,68.4,70.0,72.6,76.6,78.7,79.4,79.2,78.8,77.5,75.4,72.2,67.7,62.1,58.3,58.0,57.9,57.6,57.5,57.5,57.7,58.1,58.7,59.7,60.7,61.6,63.3,66.1,70.4,73.0,74.1,74.1,73.6,72.4,70.2,66.6,61.5,56.1,54.3,53.9,54.1,54.6,55.0,55.5,55.8,56.3,57.0,58.1,58.6,59.9,61.9,64.5,68.9,71.1,72.2,72.2
79.8,75.4,70.9,70.0,70.0,70.0,70.1,70.3,70.7,71.3,71.8,72.4,73.1,74.2,75.9,79.2,82.6,84.2,84.7,85.0,84.6,83.4,81.5,79.0,75.1,69.7,64.7,64.1,64.2,64.3,64.4,64.5,64.8,65.2,65.9,66.4,67.1,68.2,69.7,72.3,76.4,78.4,79.2,79.1,78.6,77.4,75.3,72.0,67.3,61.5,57.7,57.6,57.4,57.2,57.2,57.1,57.5,58.1,58.7,59.5,60.3,61.2,63.0,65.9,70.4,73.1,74.1,74.1,73.6,72.4,70.0,66.2,61.1,56.0,54.1,53.8,54.2,54.6,55.1,55.5,55.6,56.1,57.0,57.7,58.5,60.1,61.9,64.6,69.0,71.3,72.4
82.8,79.6,75.1,70.6,69.8,69.8,69.9,70.0,70.2,70.6,71.1,71.5,72.1,72.8,74.1,75.6,79.1,82.5,84.1,84.5,85.0,84.6,83.2,81.4,78.7,74.6,69.2,64.3,64.0,64.2,64.0,64.1,64.1,64.6,65.0,65.4,66.0,66.9,67.9,69.4,72.0,76.1,78.2,79.0,78.9,78.6,77.2,75.1,71.5,66.7,60.9,57.3,57.1,56.9,56.8,56.8,57.0,57.4,58.0,58.6,59.1,59.9,61.0,63.0,65.9,70.5,73.0,74.1,74.1,73.6,72.2,69.7,65.7,60.8,55.8,54.2,53.9,54.3,54.6,55.0,55.3,55.4,56.0,56.5,57.6,58.7,60.0,62.0,64.8,69.3,71.5
85.0,82.6,79.3,74.8,70.3,69.6,69.7,69.7,69.8,70.2,70.5,70.9,71.3,71.9,72.6,73.8,75.5,78.9,82.4,83.9,84.5,84.9,84.4,83.1,81.1,78.3,74.2,68.8,64.2,64.0,63.8,63.7,63.7,63.9,64.4,64.5,65.0,65.8,66.6,67.6,69.2,71.8,76.0,78.0,78.8,78.9,78.5,77.1,74.7,70.9,66.2,60.5,56.8,56.6,56.6,56.5,56.6,56.9,57.4,57.8,58.2,58.6,59.7,60.9,63.0,66.0,70.5,73.1,74.2,74.0,73.5,72.0,69.3,65.4,60.5,55.7,54.2,53.9,54.4,54.5,54.9,55.1,55.4,55.5,56.4,57.8,58.8,60.1,62.1,65.1,69.5
86.4,84.8,82.3,79.0,74.6,70.1,69.5,69.5,69.6,69.8,70.0,70.1,70.6,71.0,71.7,72.4,73.7,75.4,78.8,82.2,83.8,84.3,84.6,84.2,82.8,80.7,77.9,73.8,68.6,64.2,63.6,63.5,63.3,63.6,63.8,64.0,64.1,64.8,65.6,66.2,67.3,68.9,71.6,75.7,77.8,78.7,78.8,78.4,76.7,74.1,70.6,65.9,60.0,56.4,56.3,56.2,56.3,56.6,56.8,57.2,57.4,57.8,58.4,59.6,61.0,63.3,66.1,70.5,73.1,74.1,74.0,73.3,71.6,68.9,65.1,60.1,55.7,54.2,54.0,54.3,54.5,54.6,55.1,54.9,55.4,56.7,57.8,58.8,60.2,62.4,65.3
87.4,86.1,84.5,82.1,78.8,74.3,70.0,69.4,69.4,69.5,69.6,69.7,69.8,70.3,70.9,71.4,72.4,73.6,75.2,78.5,82.0,83.6,84.2,84.6,84.0,82.4,80.3,77.6,73.5,68.4,63.7,63.2,63.1,63.1,63.4,63.3,63.6,63.9,64.6,65.2,65.9,67.0,68.6,71.2,75.5,77.7,78.6,78.6,78.0,76.1,73.7,70.3,65.4,59.4,56.1,56.0,56.0,56.2,56.5,56.6,56.9,57.0,57.5,58.4,59.7,61.2,63.4,66.2,70.5,73.1,74.0,73.8,73.0,71.3,68.5,64.6,60.1,55.7,54.4,53.8,54.3,54.3,54.6,54.7,54.8,55.8,56.8,57.8,58.9,60.4,62.6
87.3,87.1,85.9,84.3,81.9,78.6,74.1,69.8,69.2,69.4,69.3,69.3,69.3,69.5,70.1,70.6,71.4,72.3,73.4,75.1,78.3,81.8,83.3,84.1,84.4,83.6,82.0,80.0,77.3,73.2,67.9,63.3,62.8,62.9,63.0,63.0,62.9,63.4,63.6,64.2,65.0,65.6,66.8,68.2,71.0,75.4,77.6,78.4,78.1,77.4,75.8,73.4,69.8,64.8,59.1,55.8,55.8,55.9,56.2,56.2,56.2,56.4,56.8,57.5,58.5,60.0,61.4,63.5,66.2,70.5,73.1,73.8,73.5,72.7,70.9,68.1,64.5,60.0,55.7,54.3,53.8,54.1,54.2,54.2,54.5,55.2,55.8,56.9,57.9,59.2,60.6
87.1,87.2,87.0,85.7,84.1,81.7,78.4,73.9,69.7,69.1,69.2,69.0,68.9,69.0,69.4,69.9,70.5,71.3,72.1,73.2,75.0,78.1,81.6,83.3,83.9,84.1,83.3,81.8,79.8,76.9,72.7,67.4,62.8,62.7,62.7,62.5,62.6,62.7,63.0,63.2,63.9,64.6,65.3,66.5,68.0,70.9,75.3,77.4,77.9,77.6,77.1,75.5,73.0,69.3,64.5,58.8,55.7,55.7,55.8,55.9,55.9,55.8,56.3,56.7,57.5,58.8,60.1,61.6,63.6,66.1,70.5,72.9,73.4,73.2,72.3,70.4,68.0,64.4,60.0,55.6,54.2,53.6,54.1,53.8,54.1,54.8,55.3,56.0,57.0,58.2,59.5
86.0,86.9,87.1,86.7,85.5,83.9,81.5,78.2,73.8,69.6,69.0,68.9,68.7,68.5,68.8,69.0,69.9,70.5,71.1,71.9,73.0,74.7,77.8,81.5,83.1,83.6,83.7,82.9,81.5,79.4,76.4,72.3,67.0,62.6,62.5,62.2,62.2,62.4,62.3,62.7,62.9,63.6,64.3,65.0,66.2,67.9,70.7,75.0,76.9,77.4,77.3,76.7,75.1,72.5,69.0,64.2,58.5,55.5,55.5,55.6,55.5,55.4,55.7,56.2,56.7,57.8,58.9,60.4,61.7,63.5,66.1,70.3,72.6,73.2,72.8,71.9,70.3,67.8,64.3,59.8,55.5,54.0,53.6,53.7,53.7,54.4,54.8,55.4,56.1,57.2,58.5
84.1,85.9,86.8,86.9,86.5,85.4,83.7,81.3,78.1,73.7,69.4,68.7,68.5,68.3,68.3,68.6,69.0,69.7,70.2,70.8,71.7,72.7,74.4,77.6,81.3,82.8,83.3,83.4,82.7,81.1,79.0,76.1,71.9,66.8,62.4,61.9,61.9,61.9,62.0,62.0,62.4,62.7,63.2,63.9,64.7,66.0,67.7,70.5,74.5,76.4,77.2,77.0,76.4,74.6,72.2,68.7,64.0,58.3,55.3,55.4,55.1,55.1,55.3,55.6,56.2,57.0,58.0,59.3,60.4,61.7,63.5,65.8,70.1,72.4,72.9,72.5,71.8,70.2,67.7,64.0,59.8,55.2,53.8,53.3,53.5,54.1,54.3,55.0,55.6,56.4,57.5
81.4,84.1,85.7,86.7,86.7,86.3,85.2,83.6,81.2,77.9,73.5,69.1,68.3,68.1,68.1,68.0,68.5,68.8,69.5,70.0,70.6,71.3,72.4,74.2,77.3,80.9,82.4,83.0,83.1,82.3,80.7,78.6,75.8,71.7,66.5,61.8,61.6,61.7,61.6,61.8,61.8,62.1,62.3,62.8,63.6,64.5,65.9,67.5,70.2,74.0,76.2,76.8,76.6,76.0,74.3,71.9,68.5,63.8,58.0,55.1,54.9,54.7,55.0,55.3,55.6,56.5,57.1,58.3,59.3,60.4,61.6,63.1,65.6,69.9,72.1,72.5,72.4,71.8,70.1,67.4,63.9,59.6,55.2,53.5,53.2,53.9,54.0,54.6,55.1,55.9,56.6
78.2,81.3,83.9,85.6,86.4,86.5,86.1,85.1,83.4,81.0,77.8,73.3,68.7,67.9,67.9,67.8,67.9,68.3,68.6,69.3,69.8,70.2,71.1,72.2,73.9,76.9,80.5,82.1,82.7,82.7,81.9,80.4,78.4,75.6,71.4,65.9,61.4,61.4,61.4,61.3,61.5,61.6,61.7,62.1,62.5,63.4,64.4,65.6,67.2,69.7,73.8,75.8,76.4,76.3,75.7,74.0,71.7,68.3,63.6,57.7,54.6,54.5,54.5,55.0,55.3,55.9,56.6,57.4,58.3,59.3,60.2,61.2,63.0,65.4,69.7,71.8,72.5,72.4,71.7,69.8,67.2,63.8,59.4,54.8,53.4,53.6,53.9,54.3,54.7,55.4,56.2
76.5,78.0,81.2,83.7,85.4,86.2,86.3,86.0,85.0,83.2,81.0,77.6,73.0,68.3,67.6,67.6,67.6,67.8,68.1,68.3,69.1,69.4,69.9,70.9,71.9,73.5,76.5,80.1,81.8,82.3,82.2,81.5,80.1,78.2,75.3,70.9,65.5,61.1,61.1,61.1,61.1,61.3,61.2,61.4,61.7,62.3,63.2,64.1,65.2,66.6,69.4,73.5,75.4,76.1,76.0,75.3,73.8,71.5,68.1,63.3,57.3,54.3,54.4,54.6,55.0,55.6,56.0,56.8,57.4,58.2,59.1,59.8,61.2,62.9,65.2,69.4,71.8,72.4,72.2,71.6,69.7,67.2,63.6,59.2,54.8,53.7,53.6,54.1,54.3,54.9,55.6
75.2,76.2,77.7,81.0,83.6,85.2,86.0,86.2,86.0,84.9,83.2,80.8,77.4,72.7,68.0,67.4,67.4,67.4,67.5,67.8,68.2,68.7,69.1,69.7,70.5,71.4,73.1,76.1,79.8,81.4,81.8,82.0,81.2,79.9,77.9,74.9,70.5,65.2,60.7,60.8,60.8,60.8,60.8,61.0,61.1,61.5,62.1,62.9,63.8,64.6,66.2,69.0,73.0,75.1,75.7,75.6,75.2,73.7,71.3,67.9,62.9,56.8,54.2,54.4,54.5,55.3,55.6,56.2,56.8,57.3,58.1,58.8,59.8,61.1,62.7,65.0,69.4,71.7,72.2,72.1,71.5,69.7,67.0,63.4,59.1,54.9,53.6,53.9,54.2,54.6,55.1
74.4,74.9,76.0,77.5,80.8,83.4,85.1,85.8,86.2,85.8,84.8,83.0,80.6,77.2,72.5,67.8,67.3,67.2,67.2,67.3,67.7,67.8,68.4,68.9,69.3,70.1,71.0,72.8,75.8,79.4,81.0,81.5,81.7,81.0,79.6,77.5,74.5,70.2,64.8,60.5,60.5,60.6,60.4,60.6,60.6,60.8,61.4,61.9,62.6,63.2,64.2,65.8,68.5,72.7,74.7,75.4,75.4,75.0,73.5,71.1,67.6,62.5,56.7,54.2,54.4,54.8,55.4,55.8,56.1,56.6,57.1,57.8,58.7,59.6,60.9,62.5,65.0,69.3,71.5,72.1,72.1,71.6,69.4,66.8,63.3,59.2,54.8,53.9,54.0,54.5,54.8
73.4,74.0,74.7,75.8,77.3,80.5,83.1,85.0,85.8,86.0,85.6,84.7,82.8,80.5,77.0,72.3,67.7,67.1,67.0,66.9,67.1,67.3,67.5,68.1,68.4,68.8,69.7,70.7,72.7,75.5,78.9,80.7,81.3,81.6,80.8,79.4,77.2,74.2,69.8,64.4,60.2,60.3,60.2,60.1,60.4,60.4,60.7,61.2,61.6,62.0,62.7,63.7,65.3,68.2,72.3,74.5,75.3,75.3,74.8,73.3,70.7,67.2,62.2,56.6,54.3,54.6,54.9,55.5,55.7,56.1,56.6,56.8,57.7,58.6,59.4,60.7,62.6,65.0,69.2,71.3,72.0,72.1,71.4,69.3,66.7,63.3,59.1,55.0,54.1,54.3,54.7
72.8,73.1,73.8,74.4,75.6,77.2,80.3,83.0,84.8,85.6,86.0,85.5,84.5,82.7,80.3,76.8,72.1,67.5,66.8,66.8,66.8,66.7,67.0,67.2,67.7,68.0,68.5,69.5,70.7,72.3,74.9,78.6,80.5,81.2,81.2,80.5,79.1,77.0,73.9,69.5,64.1,60.0,59.9,59.9,59.9,60.2,60.3,60.5,60.9,61.0,61.5,62.3,63.2,64.9,67.9,72.0,74.4,75.2,75.1,74.7,72.9,70.4,67.0,62.1,56.7,54.6,54.7,55.0,55.4,55.6,56.0,56.2,56.7,57.6,58.5,59.3,60.8,62.6,64.9,69.1,71.3,72.1,71.9,71.2,69.2,66.7,63.3,59.3,55.2,54.5,54.5
