day 0,day 1,day 2,day 3,day 4,day 5,day 6,day 7,day 8,day 9,day 10,day 11,day 12,day 13,day 14,day 15,day 16,day 17,day 18,day 19,day 20,day 21,day 22,day 23,day 24,day 25,day 26,day 27,day 28,day 29,day 30,day 31,day 32,day 33,day 34,day 35,day 36,day 37,day 38,day 39,day 40,day 41,day 42,day 43,day 44,day 45,day 46,day 47,day 48,day 49,day 50,day 51,day 52,day 53,day 54,day 55,day 56,day 57,day 58,day 59,day 60,day 61,day 62,day 63,day 64,day 65,day 66,day 67,day 68,day 69,day 70,day 71,day 72,day 73,day 74,day 75,day 76,day 77,day 78,day 79,day 80,day 81,day 82,day 83,day 84,day 85,day 86,day 87,day 88,day 89,day 90,day 91,day 92,day 93
60.1,62.1,63.5,65.6,67.9,72.2,75.3,76.8,78.2,78.6,79.5,79.7,80.0,78.6,76.3,72.9,69.0,63.9,58.7,56.5,57.3,58.3,59.4,60.5,61.8,63.1,64.8,65.9,67.8,70.7,74.3,76.5,77.9,79.3,79.8,80.3,80.0,78.1,75.7,72.1,68.1,63.0,58.0,56.7,57.4,58.1,58.9,59.8,60.6,61.4,62.4,63.8,65.4,67.9,72.6,75.7,77.0,77.4,78.5,78.7,78.4,76.9,74.4,70.7,66.0,60.2,54.8,54.6,55.3,55.8,56.3,57.5,58.0,59.2,60.0,61.2,62.3,64.2,68.4,71.6,73.0,73.7,73.7,73.8,73.2,71.2,68.6,64.8,59.5,53.6,49.3,49.5,50.0,50.4
58.7,60.3,62.0,63.6,65.5,67.6,71.8,74.9,76.2,77.8,78.6,79.5,79.8,79.9,78.7,76.3,73.0,68.9,63.9,58.8,56.6,57.3,58.5,59.5,60.7,61.9,63.2,64.8,65.9,67.6,70.4,74.1,76.3,77.6,79.2,79.8,80.0,79.7,77.9,75.5,72.1,68.0,62.9,57.9,56.6,57.3,58.0,58.8,59.7,60.5,61.4,62.2,63.9,65.5,67.9,72.5,75.5,76.7,77.5,78.3,78.7,78.4,76.9,74.3,70.7,65.9,60.1,54.8,54.5,55.1,55.5,56.2,57.3,57.9,58.9,59.8,60.7,61.9,63.8,67.8,71.2,72.5,73.2,73.7,73.5,73.0,71.0,68.5,64.6,59.2,53.5,49.0,49.3,49.8
57.5,58.9,60.3,62.1,63.5,65.3,67.3,71.5,74.4,75.9,77.8,78.5,79.6,79.7,79.9,78.7,76.4,72.9,69.0,64.1,59.0,56.7,57.4,58.6,59.7,60.7,62.0,63.2,64.6,65.8,67.3,70.0,74.0,76.0,77.5,79.0,79.3,79.8,79.5,77.8,75.5,72.0,67.9,62.7,57.7,56.5,57.2,58.1,58.9,59.6,60.5,61.3,62.2,64.0,65.4,67.7,72.3,75.3,76.6,77.4,78.3,78.6,78.4,76.9,74.3,70.6,65.8,60.1,54.6,54.3,54.8,55.4,56.1,57.1,57.5,58.6,59.4,60.3,61.6,63.4,67.4,70.7,72.2,73.1,73.4,73.3,72.8,70.9,68.2,64.3,59.2,53.3,48.8,49.0
56.3,57.8,58.8,60.4,62.1,63.3,65.0,67.1,71.0,74.1,75.8,77.6,78.5,79.5,79.7,80.0,78.8,76.3,73.0,69.1,64.4,59.1,56.8,57.6,58.8,59.7,60.8,62.1,63.2,64.5,65.6,67.0,70.0,73.7,75.8,77.3,78.5,79.1,79.6,79.4,77.8,75.3,71.9,67.8,62.6,57.6,56.5,57.1,58.0,58.8,59.6,60.3,61.3,62.3,63.9,65.3,67.6,72.1,75.1,76.4,77.4,78.3,78.7,78.3,76.9,74.3,70.6,65.8,60.0,54.3,54.0,54.8,55.2,56.0,56.8,57.2,58.1,58.9,60.0,61.2,63.0,66.8,70.3,72.1,72.9,73.4,73.3,72.7,70.7,67.8,64.2,59.0,53.0,48.6
55.5,56.5,57.7,58.9,60.4,62.0,63.2,64.9,66.7,70.8,74.1,75.7,77.5,78.4,79.6,79.7,80.1,78.7,76.4,73.1,69.4,64.5,59.3,57.0,57.7,58.9,59.8,60.8,62.0,63.1,64.4,65.3,67.0,69.8,73.5,75.6,77.0,78.0,78.9,79.4,79.4,77.7,75.2,71.8,67.8,62.6,57.4,56.4,57.1,57.9,58.8,59.4,60.2,61.4,62.2,63.8,65.3,67.5,71.9,74.9,76.4,77.4,78.3,78.5,78.4,76.9,74.3,70.6,65.7,59.7,54.0,54.0,54.5,55.0,55.8,56.4,56.8,57.7,58.7,59.7,60.8,62.5,66.4,70.2,72.0,72.8,73.3,73.1,72.4,70.3,67.8,64.2,59.0,52.7
54.5,55.7,56.5,57.7,58.9,60.4,61.9,63.1,64.6,66.5,70.8,74.0,75.8,77.5,78.6,79.6,79.5,79.9,78.8,76.7,73.4,69.5,64.6,59.4,57.0,57.8,59.0,59.8,60.8,61.9,62.9,64.1,65.3,66.8,69.6,73.2,75.3,76.5,77.8,78.9,79.3,79.3,77.6,75.2,71.8,67.8,62.5,57.4,56.4,57.0,57.9,58.6,59.4,60.3,61.3,62.1,63.7,65.0,67.4,71.7,74.8,76.3,77.2,78.1,78.7,78.3,76.9,74.2,70.5,65.5,59.4,53.9,53.8,54.3,54.8,55.5,56.0,56.5,57.5,58.4,59.4,60.4,62.1,66.2,69.9,71.9,72.8,73.2,72.9,72.0,70.3,67.7,64.3,58.8
58.0,54.8,55.7,56.5,57.7,58.9,60.3,61.8,62.8,64.5,66.6,70.7,74.1,75.8,77.5,78.8,79.5,79.5,80.1,78.9,77.0,73.5,69.7,64.7,59.4,57.2,57.9,59.0,59.8,60.8,61.8,62.7,64.0,65.1,66.6,69.3,73.0,74.8,76.2,77.8,78.5,79.1,79.2,77.6,75.1,71.7,67.7,62.5,57.3,56.3,56.9,57.7,58.5,59.4,60.2,61.1,62.0,63.5,65.0,67.2,71.8,74.7,76.1,77.1,78.2,78.8,78.4,76.8,74.1,70.3,65.4,59.3,53.6,53.5,54.1,54.6,55.2,55.7,56.4,57.1,58.1,59.0,60.0,61.9,65.8,69.8,71.8,72.7,73.1,72.6,71.9,70.3,67.9,64.2
64.1,58.2,54.7,55.8,56.5,57.8,59.0,60.3,61.5,62.8,64.6,66.6,70.6,74.0,75.9,77.6,78.7,79.5,79.7,80.2,79.2,77.1,73.7,69.9,64.8,59.4,57.1,57.9,59.0,59.8,60.7,61.7,62.6,63.8,65.0,66.5,69.1,72.6,74.6,76.1,77.5,78.4,79.0,79.2,77.5,75.1,71.7,67.8,62.4,57.2,56.3,56.8,57.6,58.5,59.3,60.0,61.0,61.8,63.4,64.8,67.2,71.7,74.6,76.2,77.2,78.3,78.8,78.3,76.7,74.0,70.3,65.3,59.0,53.3,53.3,53.8,54.2,54.9,55.5,56.1,56.9,57.8,58.6,59.8,61.5,65.6,69.7,71.7,72.5,72.8,72.5,71.9,70.4,67.8
69.5,64.3,58.2,54.8,55.9,56.6,57.8,59.0,60.2,61.5,62.9,64.7,66.6,70.6,74.0,76.0,77.5,78.7,79.5,80.0,80.5,79.3,77.3,74.0,70.0,65.0,59.5,57.2,57.9,59.1,59.7,60.5,61.6,62.5,63.7,64.8,66.3,68.7,72.3,74.5,75.9,77.5,78.2,79.2,79.1,77.5,75.1,71.9,67.8,62.4,57.1,56.2,56.6,57.5,58.4,59.0,60.0,60.8,61.7,63.2,64.7,67.1,71.6,74.4,76.3,77.4,78.4,78.8,78.2,76.5,74.0,70.2,65.1,58.7,53.1,53.1,53.5,53.9,54.7,55.2,55.8,56.5,57.5,58.5,59.4,61.3,65.4,69.5,71.5,72.3,72.9,72.6,72.1,70.4
73.8,69.7,64.3,58.2,54.9,56.0,56.7,57.9,59.0,60.2,61.6,63.0,64.7,66.5,70.7,74.0,75.8,77.7,78.8,79.7,80.3,80.6,79.5,77.5,74.2,70.2,65.0,59.4,57.2,58.0,59.1,59.6,60.4,61.5,62.4,63.5,64.6,66.0,68.4,72.2,74.5,76.1,77.4,78.4,79.1,79.2,77.6,75.2,71.9,67.8,62.3,56.8,56.1,56.6,57.5,58.1,58.9,59.8,60.8,61.6,63.2,64.6,67.1,71.5,74.5,76.3,77.6,78.3,78.6,78.2,76.6,73.9,70.0,64.8,58.4,52.8,52.8,53.1,53.8,54.4,55.0,55.4,56.1,57.2,58.1,59.2,61.1,65.1,69.2,71.3,72.4,73.0,72.8,72.1
77.2,74.0,69.6,64.1,58.3,55.1,56.2,56.7,58.0,59.2,60.3,61.7,63.2,64.6,66.6,70.7,73.8,76.1,77.8,79.1,80.0,80.4,80.8,79.7,77.7,74.4,70.3,65.0,59.4,57.2,58.0,58.9,59.5,60.4,61.4,62.3,63.4,64.3,65.7,68.3,72.1,74.5,76.1,77.5,78.5,79.1,79.2,77.8,75.3,72.0,67.7,62.1,56.6,56.0,56.5,57.2,58.0,58.7,59.8,60.6,61.5,63.2,64.6,67.1,71.5,74.6,76.4,77.7,78.2,78.5,78.1,76.5,73.7,69.7,64.3,58.0,52.4,52.5,53.1,53.6,54.0,54.6,55.0,55.9,56.8,57.9,59.0,60.9,64.8,69.1,71.4,72.4,73.2,72.8
79.6,77.3,73.9,69.5,64.0,58.2,55.2,56.2,56.9,58.2,59.3,60.4,61.8,63.2,64.6,66.7,70.4,74.0,76.4,78.2,79.4,80.2,80.8,81.0,79.9,77.9,74.4,70.2,64.9,59.3,57.2,57.9,58.8,59.5,60.2,61.3,62.2,63.0,64.0,65.7,68.1,72.1,74.7,76.2,77.6,78.5,79.2,79.4,77.8,75.4,71.9,67.6,61.9,56.6,55.9,56.2,57.1,57.7,58.8,59.7,60.6,61.5,63.1,64.6,67.0,71.5,74.8,76.5,77.5,78.1,78.4,78.0,76.3,73.4,69.3,63.9,57.6,52.1,52.4,52.8,53.2,53.8,54.3,54.7,55.6,56.5,57.8,58.9,60.6,64.6,69.1,71.5,72.7,73.3
80.9,79.7,77.2,73.8,69.3,63.9,58.3,55.3,56.3,57.1,58.3,59.4,60.5,61.9,63.2,64.8,66.7,70.6,74.3,76.7,78.4,79.7,80.6,81.0,81.3,80.1,77.9,74.4,70.2,64.8,59.3,57.1,57.9,58.8,59.4,60.2,61.2,61.9,62.8,64.0,65.6,68.1,72.3,74.8,76.7,77.7,78.6,79.3,79.5,77.9,75.3,71.8,67.4,61.9,56.5,55.7,56.2,56.9,57.7,58.7,59.6,60.5,61.4,62.9,64.6,67.0,71.6,74.8,76.2,77.4,78.0,78.2,77.9,76.0,73.0,68.8,63.4,57.3,51.9,52.1,52.5,53.0,53.5,54.0,54.4,55.2,56.3,57.6,58.5,60.4,64.5,69.2,71.6,72.8
81.7,80.9,79.7,77.1,73.6,69.2,64.0,58.3,55.5,56.5,57.2,58.4,59.5,60.6,61.9,63.4,64.8,66.8,70.7,74.5,77.0,78.7,80.1,80.8,81.4,81.5,80.1,77.9,74.3,70.0,64.6,59.1,57.1,57.9,58.8,59.4,60.2,61.0,61.7,62.7,63.9,65.6,68.2,72.3,75.3,77.0,77.9,78.8,79.3,79.5,77.8,75.2,71.8,67.4,61.7,56.2,55.6,56.1,56.9,57.5,58.6,59.5,60.4,61.3,62.9,64.5,67.0,71.4,74.4,76.1,77.3,77.8,78.1,77.6,75.6,72.5,68.2,63.0,57.0,51.7,51.9,52.2,52.7,53.2,53.8,54.1,55.0,56.2,57.4,58.3,60.2,64.4,69.3,71.7
81.8,81.6,80.8,79.6,77.0,73.5,69.2,63.9,58.4,55.6,56.6,57.3,58.5,59.5,60.6,62.1,63.3,64.8,66.9,70.9,74.7,77.3,79.1,80.4,81.1,81.7,81.6,80.1,77.8,74.2,69.8,64.4,59.0,57.1,57.9,58.7,59.3,60.0,60.9,61.8,62.6,64.0,65.7,68.1,72.5,75.5,77.1,78.0,78.7,79.3,79.4,77.7,75.2,71.7,67.2,61.5,56.2,55.6,56.1,56.8,57.4,58.5,59.4,60.3,61.1,62.8,64.5,66.8,71.1,74.3,76.1,77.1,77.7,77.8,77.2,75.1,71.9,67.9,62.5,56.6,51.5,51.6,52.1,52.4,52.9,53.4,54.0,54.8,56.0,57.1,58.2,60.2,64.3,69.3
81.3,81.7,81.5,80.8,79.4,76.8,73.6,69.1,63.8,58.6,55.8,56.7,57.4,58.5,59.6,60.8,62.1,63.5,65.0,67.1,71.0,75.0,77.5,79.4,80.7,81.4,81.8,81.5,80.1,77.6,74.0,69.4,64.2,59.0,57.1,57.9,58.7,59.2,59.9,61.0,61.7,62.6,64.0,65.6,68.3,72.5,75.7,77.2,77.8,78.9,79.2,79.3,77.8,75.0,71.5,67.0,61.4,56.0,55.5,55.9,56.7,57.4,58.4,59.2,60.2,61.1,62.8,64.3,66.6,71.0,74.3,75.9,77.1,77.3,77.4,76.6,74.5,71.5,67.3,62.2,56.2,51.2,51.4,51.8,52.0,52.6,53.3,53.8,54.6,55.8,56.9,58.1,60.1,64.1
80.8,81.2,81.6,81.1,80.7,79.3,76.9,73.3,68.9,63.8,58.6,56.0,56.8,57.5,58.6,59.8,60.7,62.1,63.6,65.2,67.3,71.2,75.1,77.8,79.6,80.9,81.5,81.6,81.6,79.8,77.4,73.6,69.3,64.1,58.9,57.0,57.8,58.6,59.1,60.0,60.9,61.7,62.6,63.9,65.7,68.3,72.6,75.8,77.1,77.8,78.7,79.2,79.4,77.7,74.9,71.3,66.8,61.3,55.8,55.4,55.9,56.5,57.3,58.2,59.1,60.2,61.1,62.6,64.1,66.4,70.9,74.3,76.0,76.7,76.8,76.7,76.1,74.1,70.9,67.0,61.8,55.9,51.0,51.2,51.5,51.7,52.6,53.1,53.5,54.3,55.5,56.8,58.0,60.0
79.2,80.6,81.1,81.3,80.9,80.5,79.4,76.8,72.9,68.7,63.8,58.6,56.2,56.8,57.6,58.7,59.8,60.8,62.2,63.8,65.3,67.6,71.3,75.2,77.9,79.6,81.0,81.2,81.5,81.3,79.6,77.0,73.4,69.1,63.9,58.8,57.0,57.7,58.4,59.1,59.9,60.9,61.6,62.5,63.9,65.7,68.3,72.6,75.7,77.2,77.7,78.7,79.2,79.2,77.5,74.7,71.2,66.7,61.1,55.7,55.3,55.9,56.4,57.1,58.0,59.1,60.1,60.9,62.4,63.9,66.3,70.8,74.2,75.5,76.3,76.3,76.3,75.6,73.5,70.6,66.7,61.4,55.5,50.9,50.8,51.2,51.6,52.3,52.8,53.3,54.1,55.4,56.7,57.9
77.0,79.0,80.3,80.7,81.0,80.7,80.6,79.2,76.4,72.8,68.8,63.9,58.7,56.1,56.9,57.6,58.7,60.0,60.9,62.4,64.0,65.6,67.8,71.4,75.3,78.0,79.5,80.7,80.9,81.3,81.1,79.2,76.8,73.2,69.0,63.8,58.6,56.9,57.7,58.4,59.1,59.9,60.8,61.5,62.5,63.9,65.7,68.2,72.6,75.8,77.0,77.7,78.6,79.1,79.0,77.3,74.6,71.2,66.6,60.9,55.7,55.3,55.8,56.1,57.0,58.0,59.1,59.8,60.8,62.3,63.8,66.1,70.7,73.8,75.2,75.8,75.8,75.8,75.1,73.1,70.2,66.3,60.9,55.2,50.4,50.6,51.2,51.4,52.1,52.6,53.1,53.9,55.3,56.7
73.1,76.9,78.6,80.0,80.4,80.7,80.6,80.4,78.8,76.2,72.9,68.9,63.9,58.7,56.2,56.9,57.8,58.9,60.1,61.2,62.5,64.3,65.8,67.9,71.5,75.3,77.9,79.3,80.3,80.5,81.1,80.7,79.0,76.6,73.0,68.8,63.6,58.4,56.9,57.7,58.4,59.2,59.8,60.7,61.5,62.5,63.9,65.6,68.1,72.7,75.6,76.9,77.9,78.4,79.1,78.8,77.2,74.6,71.0,66.4,60.8,55.5,55.1,55.5,56.0,56.9,58.0,58.9,59.6,60.7,62.2,63.5,66.0,70.2,73.4,74.7,75.3,75.3,75.3,74.7,72.7,69.8,65.9,60.6,54.8,50.2,50.5,50.9,51.1,51.8,52.4,52.9,53.8,55.1
68.1,72.9,76.6,78.2,79.6,80.0,80.4,80.4,80.0,78.7,76.3,73.0,68.8,63.9,58.7,56.2,57.0,57.9,58.9,60.2,61.3,62.7,64.5,65.9,68.0,71.5,75.1,77.6,78.7,79.9,80.3,80.9,80.6,78.8,76.4,72.8,68.6,63.3,58.3,56.9,57.6,58.4,59.1,59.7,60.7,61.5,62.4,63.9,65.5,68.1,72.5,75.6,77.2,77.8,78.3,78.9,78.7,77.2,74.4,70.9,66.3,60.6,55.3,54.9,55.4,55.9,56.8,57.9,58.6,59.5,60.7,61.9,63.4,65.6,69.8,72.9,74.3,74.9,74.9,74.9,74.4,72.2,69.4,65.5,60.2,54.6,50.1,50.2,50.6,50.9,51.5,52.3,52.7,53.6
65.7,68.0,72.9,76.3,77.7,79.1,79.6,80.0,79.9,79.9,78.7,76.4,72.9,68.8,64.0,58.8,56.3,57.1,58.0,59.1,60.3,61.5,62.9,64.6,66.0,68.0,71.3,75.0,76.9,78.2,79.7,80.3,80.7,80.3,78.7,76.2,72.6,68.4,63.2,58.2,56.8,57.6,58.3,59.0,59.7,60.7,61.5,62.4,63.8,65.5,67.9,72.4,75.8,77.1,77.6,78.5,78.9,78.7,77.0,74.3,70.9,66.2,60.5,55.1,54.7,55.4,55.9,56.7,57.7,58.3,59.5,60.4,61.8,63.1,65.2,69.2,72.5,73.9,74.5,74.5,74.4,74.0,71.8,69.0,65.2,59.9,54.3,49.8,50.0,50.4,50.6,51.4,52.0,52.4
63.6,65.6,68.1,72.5,75.8,77.2,78.6,79.0,79.5,79.8,79.9,78.7,76.3,72.8,68.9,64.0,58.7,56.4,57.2,58.2,59.2,60.3,61.7,63.1,64.7,66.0,67.9,71.1,74.5,76.6,78.0,79.5,80.2,80.5,80.2,78.4,75.9,72.3,68.2,63.1,58.1,56.8,57.5,58.2,58.9,59.7,60.7,61.5,62.4,63.9,65.4,67.9,72.6,75.9,77.1,77.7,78.4,78.9,78.5,76.9,74.3,70.8,66.1,60.4,54.9,54.7,55.3,56.0,56.5,57.5,58.3,59.3,60.4,61.5,62.8,64.7,68.8,72.1,73.4,74.2,74.1,74.1,73.6,71.4,68.8,64.9,59.8,54.0,49.5,49.7,50.2,50.5,51.2,51.7
62.1,63.5,65.6,67.9,72.2,75.3,76.8,78.2,78.6,79.5,79.7,80.0,78.6,76.3,72.9,69.0,63.9,58.7,56.5,57.3,58.3,59.4,60.5,61.8,63.1,64.8,65.9,67.8,70.7,74.3,76.5,77.9,79.3,79.8,80.3,80.0,78.1,75.7,72.1,68.1,63.0,58.0,56.7,57.4,58.1,58.9,59.8,60.6,61.4,62.4,63.8,65.4,67.9,72.6,75.7,77.0,77.4,78.5,78.7,78.4,76.9,74.4,70.7,66.0,60.2,54.8,54.6,55.3,55.8,56.3,57.5,58.0,59.2,60.0,61.2,62.3,64.2,68.4,71.6,73.0,73.7,73.7,73.8,73.2,71.2,68.6,64.8,59.5,53.6,49.3,49.5,50.0,50.4,50.8
60.3,62.0,63.6,65.5,67.6,71.8,74.9,76.2,77.8,78.6,79.5,79.8,79.9,78.7,76.3,73.0,68.9,63.9,58.8,56.6,57.3,58.5,59.5,60.7,61.9,63.2,64.8,65.9,67.6,70.4,74.1,76.3,77.6,79.2,79.8,80.0,79.7,77.9,75.5,72.1,68.0,62.9,57.9,56.6,57.3,58.0,58.8,59.7,60.5,61.4,62.2,63.9,65.5,67.9,72.5,75.5,76.7,77.5,78.3,78.7,78.4,76.9,74.3,70.7,65.9,60.1,54.8,54.5,55.1,55.5,56.2,57.3,57.9,58.9,59.8,60.7,61.9,63.8,67.8,71.2,72.5,73.2,73.7,73.5,73.0,71.0,68.5,64.6,59.2,53.5,49.0,49.3,49.8,50.0
