day 0,day 1,day 2,day 3,day 4,day 5,day 6,day 7,day 8,day 9,day 10,day 11,day 12,day 13,day 14,day 15,day 16,day 17,day 18,day 19,day 20,day 21,day 22,day 23,day 24,day 25,day 26,day 27,day 28,day 29,day 30,day 31,day 32,day 33,day 34,day 35,day 36,day 37,day 38,day 39,day 40,day 41,day 42,day 43,day 44,day 45,day 46,day 47,day 48,day 49,day 50,day 51,day 52,day 53,day 54,day 55,day 56,day 57,day 58,day 59,day 60,day 61,day 62,day 63,day 64,day 65,day 66,day 67,day 68,day 69,day 70,day 71,day 72,day 73,day 74,day 75,day 76,day 77,day 78,day 79,day 80,day 81,day 82,day 83,day 84,day 85,day 86,day 87,day 88,day 89,day 90,day 91,day 92,day 93
68.1,70.3,72.8,75.9,80.3,87.2,91.5,93.5,94.1,93.2,92.1,90.2,87.6,84.4,80.9,76.9,72.6,68.6,64.8,62.2,63.0,64.5,66.2,68.1,70.1,72.0,73.9,77.3,81.5,88.2,93.0,95.3,95.6,95.0,93.6,91.6,88.5,85.0,80.9,76.1,71.3,67.2,62.6,61.4,62.3,63.5,65.1,67.0,69.0,70.6,72.4,75.4,79.0,84.6,90.4,93.1,93.9,93.6,92.4,90.3,87.1,83.6,79.3,74.8,70.3,65.9,61.2,61.3,62.1,63.4,64.8,66.4,68.2,69.7,71.3,73.5,76.4,80.8,87.4,90.8,91.5,90.9,89.5,86.9,83.7,80.2,75.9,71.4,66.8,61.6,57.7,58.1,58.7,59.4
66.2,68.3,70.7,73.1,76.1,80.6,87.3,91.6,93.6,94.0,93.3,92.3,90.4,87.7,84.3,80.9,76.9,72.5,68.5,64.7,62.2,63.0,64.5,66.3,68.2,70.2,72.1,74.0,77.4,81.6,88.3,93.2,95.2,95.6,95.1,93.8,91.7,88.4,84.9,80.6,75.9,70.9,66.8,62.4,61.4,62.3,63.3,65.1,67.1,68.9,70.6,72.4,75.3,79.0,84.7,90.6,93.1,94.0,93.7,92.5,90.2,87.0,83.5,79.2,74.7,70.1,65.7,61.0,61.3,62.1,63.3,64.8,66.4,68.1,69.6,71.1,73.3,76.2,80.6,86.9,90.3,91.1,90.5,88.9,86.4,83.3,79.8,75.7,71.1,66.4,61.2,57.5,57.9,58.6
64.5,66.4,68.7,71.0,73.2,76.4,80.8,87.4,91.7,93.5,94.1,93.5,92.5,90.5,87.6,84.4,81.0,76.9,72.5,68.4,64.6,62.1,63.1,64.6,66.4,68.3,70.3,72.1,74.2,77.5,81.8,88.4,93.1,95.1,95.7,95.2,93.9,91.6,88.3,84.6,80.3,75.5,70.6,66.7,62.3,61.3,62.1,63.4,65.2,67.0,68.9,70.5,72.4,75.3,79.0,84.8,90.6,93.2,94.1,93.8,92.4,90.1,87.0,83.4,79.1,74.6,69.9,65.6,61.0,61.3,62.0,63.4,64.7,66.3,68.0,69.3,70.9,73.1,76.0,80.1,86.5,89.8,90.6,89.9,88.3,85.8,82.9,79.6,75.4,70.6,66.2,61.1,57.3,57.8
63.0,64.8,66.7,68.9,71.1,73.4,76.5,80.8,87.5,91.6,93.6,94.3,93.7,92.6,90.4,87.7,84.5,81.0,76.8,72.4,68.4,64.5,62.2,63.2,64.7,66.6,68.3,70.3,72.2,74.3,77.6,81.8,88.3,93.1,95.3,95.8,95.3,93.9,91.4,88.0,84.3,79.9,75.1,70.4,66.6,62.1,61.2,62.1,63.4,65.2,67.1,68.8,70.5,72.4,75.4,79.2,84.7,90.6,93.3,94.1,93.6,92.3,90.1,87.0,83.3,79.0,74.4,69.8,65.6,60.8,61.2,62.0,63.3,64.6,66.2,67.7,69.2,70.7,72.9,75.6,79.7,85.9,89.3,89.9,89.3,87.8,85.4,82.7,79.2,75.0,70.4,66.1,60.8,57.1
61.9,63.2,65.0,67.0,69.1,71.3,73.5,76.6,80.8,87.4,91.7,93.8,94.5,93.7,92.5,90.5,87.8,84.4,80.9,76.6,72.3,68.4,64.6,62.3,63.4,64.9,66.7,68.4,70.4,72.3,74.4,77.6,81.8,88.3,93.2,95.4,95.9,95.2,93.6,91.1,87.7,83.9,79.6,74.9,70.3,66.4,61.9,61.2,62.2,63.4,65.2,67.1,68.8,70.5,72.5,75.5,79.3,84.7,90.7,93.3,94.0,93.6,92.4,90.1,86.9,83.2,78.8,74.3,69.9,65.6,60.8,61.2,61.9,63.2,64.5,66.0,67.5,69.1,70.6,72.6,75.3,79.2,85.4,88.6,89.4,88.8,87.4,85.2,82.2,78.7,74.7,70.3,65.9,60.5
61.0,62.1,63.5,65.3,67.2,69.3,71.4,73.6,76.6,80.8,87.4,91.9,94.0,94.5,93.7,92.6,90.6,87.7,84.4,80.8,76.6,72.2,68.4,64.6,62.4,63.5,64.9,66.6,68.4,70.5,72.4,74.5,77.6,81.8,88.3,93.3,95.4,95.8,95.0,93.3,90.8,87.3,83.6,79.5,74.8,70.1,66.2,61.8,61.3,62.1,63.5,65.2,67.1,68.9,70.6,72.6,75.5,79.3,84.7,90.7,93.2,94.0,93.6,92.2,90.0,86.8,83.1,78.7,74.4,70.0,65.6,60.8,61.1,61.8,63.1,64.3,65.9,67.5,69.0,70.2,72.3,74.9,78.7,84.6,88.1,88.9,88.4,87.1,84.7,81.7,78.5,74.8,70.2,65.7
64.4,61.2,62.3,63.7,65.4,67.5,69.4,71.5,73.6,76.6,80.8,87.6,92.0,94.0,94.4,93.8,92.7,90.5,87.7,84.3,80.8,76.5,72.2,68.4,64.7,62.6,63.6,64.9,66.7,68.6,70.5,72.5,74.4,77.7,81.9,88.4,93.4,95.4,95.6,94.7,92.9,90.4,87.0,83.3,79.3,74.6,70.0,66.3,61.8,61.2,62.2,63.5,65.3,67.2,68.9,70.7,72.6,75.5,79.3,84.5,90.5,93.2,94.0,93.5,92.1,89.8,86.6,82.9,78.8,74.5,70.1,65.7,60.7,61.0,61.7,63.0,64.1,65.8,67.4,68.7,70.0,71.9,74.5,78.0,84.0,87.5,88.4,88.1,86.5,84.2,81.5,78.4,74.6,70.1
68.2,64.6,61.4,62.6,63.9,65.6,67.6,69.5,71.5,73.6,76.7,80.9,87.7,92.0,94.0,94.6,93.9,92.7,90.5,87.6,84.3,80.6,76.4,72.2,68.4,64.7,62.7,63.6,64.9,66.8,68.7,70.6,72.5,74.5,77.8,81.9,88.4,93.3,95.1,95.2,94.3,92.5,90.1,86.7,83.2,79.1,74.5,70.1,66.4,61.8,61.4,62.3,63.6,65.3,67.1,68.9,70.8,72.7,75.6,79.3,84.3,90.5,93.2,93.9,93.4,91.9,89.6,86.5,82.9,78.9,74.6,70.2,65.6,60.6,61.0,61.6,62.8,64.0,65.7,67.0,68.4,69.6,71.6,73.9,77.5,83.4,87.0,88.0,87.5,86.0,84.0,81.5,78.3,74.6
72.1,68.4,64.8,61.6,62.7,64.1,65.7,67.6,69.5,71.4,73.7,76.8,81.1,87.7,92.0,94.1,94.7,94.0,92.7,90.4,87.6,84.2,80.6,76.4,72.2,68.4,64.8,62.6,63.6,65.1,66.9,68.7,70.5,72.4,74.5,77.8,81.9,88.2,93.0,94.7,94.8,93.9,92.1,89.7,86.6,83.0,79.0,74.6,70.2,66.4,61.9,61.4,62.3,63.6,65.3,67.1,69.0,70.8,72.8,75.5,79.1,84.1,90.4,93.0,93.7,93.2,91.7,89.4,86.5,83.0,79.0,74.8,70.3,65.6,60.5,60.9,61.5,62.7,64.0,65.4,66.8,68.1,69.2,71.1,73.5,77.0,82.9,86.7,87.4,86.9,85.9,84.0,81.4,78.3
76.1,72.4,68.7,64.9,61.8,63.0,64.2,65.8,67.7,69.5,71.5,73.7,76.9,81.0,87.7,92.2,94.2,94.7,93.9,92.5,90.3,87.5,84.2,80.6,76.4,72.2,68.5,64.7,62.7,63.8,65.1,66.9,68.7,70.6,72.5,74.6,77.8,81.8,87.9,92.6,94.4,94.5,93.6,91.9,89.6,86.4,82.9,79.2,74.7,70.2,66.5,61.8,61.4,62.3,63.7,65.3,67.2,69.1,70.9,72.8,75.5,79.0,83.9,90.2,92.9,93.5,92.9,91.6,89.4,86.5,83.1,79.2,74.9,70.3,65.5,60.4,60.8,61.5,62.6,63.7,65.1,66.5,67.7,68.8,70.6,73.0,76.5,82.5,86.0,86.9,86.8,85.8,83.8,81.4
79.9,76.5,72.6,68.8,65.0,62.0,63.1,64.3,65.8,67.7,69.5,71.6,73.7,77.0,81.1,87.8,92.2,94.3,94.6,93.9,92.5,90.3,87.4,84.1,80.6,76.5,72.3,68.5,64.7,62.8,63.8,65.0,66.8,68.7,70.6,72.5,74.6,77.7,81.5,87.4,92.2,94.0,94.2,93.4,91.7,89.4,86.3,83.1,79.2,74.7,70.4,66.6,61.8,61.5,62.4,63.6,65.3,67.3,69.1,70.9,72.8,75.4,78.9,83.7,90.0,92.7,93.2,92.8,91.6,89.6,86.6,83.3,79.3,75.0,70.2,65.4,60.3,60.7,61.4,62.3,63.5,64.9,66.1,67.2,68.4,70.2,72.5,76.1,81.8,85.5,86.7,86.7,85.7,83.8
83.3,80.3,76.7,72.7,68.8,65.2,62.1,63.1,64.3,65.8,67.8,69.7,71.7,73.7,77.1,81.2,87.8,92.2,94.2,94.5,93.9,92.4,90.3,87.4,84.3,80.7,76.5,72.3,68.6,64.8,62.8,63.8,65.0,66.8,68.7,70.7,72.6,74.5,77.5,81.2,87.1,91.8,93.7,93.9,93.2,91.5,89.3,86.4,83.1,79.2,74.9,70.4,66.5,61.9,61.5,62.3,63.7,65.4,67.4,69.1,70.8,72.7,75.3,78.8,83.5,89.8,92.4,93.1,92.8,91.7,89.7,86.8,83.4,79.3,74.9,70.1,65.3,60.2,60.6,61.2,62.1,63.3,64.6,65.7,66.8,68.0,69.8,72.1,75.5,81.2,85.3,86.6,86.6,85.7
86.3,83.7,80.5,76.8,72.6,68.9,65.2,62.1,63.0,64.3,65.9,67.9,69.8,71.7,73.7,77.1,81.1,87.8,92.1,94.1,94.5,93.9,92.5,90.3,87.6,84.4,80.8,76.6,72.5,68.8,64.8,62.8,63.8,65.0,66.8,68.7,70.6,72.5,74.3,77.2,80.9,86.7,91.5,93.4,93.8,93.0,91.4,89.3,86.4,83.1,79.3,74.9,70.4,66.6,61.8,61.4,62.4,63.8,65.5,67.3,69.0,70.7,72.6,75.2,78.7,83.2,89.4,92.3,93.1,92.9,91.7,89.8,86.8,83.4,79.2,74.8,70.1,65.2,60.1,60.4,61.0,61.9,62.9,64.2,65.3,66.5,67.7,69.4,71.7,75.0,80.9,85.2,86.4,86.5
88.8,86.7,84.0,80.7,76.8,72.8,68.9,65.1,62.1,63.0,64.3,66.0,68.0,69.7,71.7,73.7,77.2,81.2,87.7,92.1,94.1,94.5,93.9,92.5,90.4,87.6,84.5,80.8,76.7,72.6,68.9,64.7,62.8,63.7,64.9,66.8,68.7,70.5,72.2,74.0,76.9,80.5,86.3,91.2,93.2,93.5,93.0,91.5,89.4,86.4,83.2,79.4,74.9,70.5,66.6,61.7,61.5,62.5,63.9,65.5,67.2,68.9,70.6,72.6,75.1,78.5,82.8,89.3,92.2,93.2,93.0,91.9,89.8,86.9,83.3,79.1,74.7,70.0,65.0,59.9,60.3,60.8,61.5,62.5,63.9,65.0,66.1,67.3,69.1,71.3,74.7,80.6,85.0,86.4
90.7,89.2,87.0,84.1,80.6,77.0,72.8,68.8,65.0,62.1,63.1,64.4,66.1,67.9,69.8,71.7,73.8,77.1,81.0,87.6,92.0,94.0,94.4,93.9,92.6,90.5,87.8,84.7,81.0,76.9,72.6,68.7,64.5,62.7,63.7,64.9,66.7,68.6,70.3,72.0,73.7,76.5,80.2,86.0,91.0,93.0,93.4,93.0,91.5,89.4,86.5,83.3,79.3,74.9,70.5,66.5,61.8,61.6,62.6,63.9,65.4,67.2,68.8,70.5,72.5,74.9,78.1,82.6,89.2,92.2,93.2,93.0,91.9,89.8,86.7,83.2,79.1,74.7,69.8,64.7,59.8,60.1,60.5,61.2,62.3,63.6,64.7,65.8,67.0,68.7,71.1,74.4,80.3,84.8
91.9,91.1,89.5,87.2,84.1,80.8,77.0,72.7,68.7,65.0,62.2,63.1,64.5,66.1,67.9,69.9,71.8,73.8,77.0,81.0,87.5,92.0,94.0,94.4,94.0,92.7,90.6,87.9,84.8,81.2,77.0,72.5,68.6,64.4,62.6,63.6,64.9,66.7,68.5,70.1,71.7,73.4,76.3,80.0,85.8,90.7,92.8,93.5,93.0,91.5,89.5,86.6,83.3,79.4,75.0,70.4,66.6,61.8,61.7,62.6,63.9,65.4,67.2,68.7,70.5,72.3,74.6,78.0,82.5,89.2,92.2,93.3,93.1,91.9,89.6,86.5,83.1,79.0,74.4,69.5,64.4,59.6,59.8,60.2,60.9,62.0,63.4,64.4,65.6,66.7,68.5,70.8,74.2,80.0
92.5,92.4,91.5,89.7,87.2,84.3,80.8,76.9,72.6,68.8,65.0,62.2,63.2,64.5,66.1,68.0,70.0,71.8,73.7,77.0,80.9,87.5,91.9,94.0,94.6,94.1,92.8,90.8,88.1,85.1,81.4,76.8,72.4,68.5,64.3,62.5,63.5,64.8,66.5,68.2,69.8,71.3,73.1,76.0,79.8,85.4,90.6,92.9,93.4,93.0,91.6,89.6,86.6,83.4,79.5,75.0,70.6,66.6,61.8,61.6,62.5,63.9,65.3,67.1,68.7,70.3,72.1,74.4,77.7,82.4,89.1,92.3,93.4,93.0,91.6,89.4,86.5,83.1,78.8,74.2,69.2,64.0,59.2,59.4,59.9,60.7,61.8,63.1,64.2,65.2,66.5,68.2,70.5,73.9
91.9,93.0,92.7,91.8,89.8,87.4,84.3,80.8,76.8,72.6,68.8,65.0,62.3,63.1,64.4,66.2,68.1,70.0,71.7,73.7,76.9,80.9,87.5,91.9,94.1,94.6,94.2,93.0,91.1,88.3,85.2,81.2,76.7,72.3,68.4,64.2,62.5,63.4,64.5,66.3,67.9,69.4,71.1,72.9,75.9,79.5,85.3,90.6,92.8,93.4,93.1,91.6,89.6,86.7,83.5,79.4,75.1,70.7,66.6,61.7,61.6,62.5,63.9,65.3,67.1,68.5,70.1,71.9,74.3,77.6,82.3,89.1,92.4,93.2,92.8,91.4,89.3,86.3,82.8,78.4,73.8,68.9,63.6,58.8,59.2,59.7,60.5,61.6,62.9,63.9,65.0,66.2,68.0,70.3
90.1,92.4,93.4,93.0,91.8,90.0,87.5,84.2,80.6,76.8,72.6,68.9,65.0,62.2,63.0,64.5,66.2,68.1,69.9,71.8,73.6,76.9,81.0,87.5,92.0,94.2,94.8,94.5,93.2,91.3,88.5,85.0,81.1,76.7,72.2,68.3,64.0,62.4,63.2,64.4,66.0,67.7,69.2,70.9,72.8,75.7,79.4,85.2,90.5,92.8,93.5,93.1,91.6,89.7,86.9,83.5,79.5,75.2,70.7,66.4,61.6,61.5,62.5,63.9,65.3,66.9,68.3,70.0,71.8,74.2,77.5,82.2,89.0,92.2,93.0,92.5,91.3,89.1,86.0,82.5,78.1,73.4,68.4,63.1,58.7,58.9,59.6,60.4,61.4,62.5,63.7,64.8,66.0,67.8
85.9,90.6,92.9,93.6,93.1,92.0,90.1,87.4,84.0,80.7,76.9,72.7,68.8,64.9,62.1,63.1,64.6,66.3,68.0,69.9,71.7,73.6,77.0,81.0,87.6,92.1,94.3,95.0,94.7,93.5,91.5,88.4,84.9,81.1,76.7,72.2,68.2,63.8,62.2,63.1,64.1,65.7,67.5,69.2,70.8,72.6,75.7,79.4,85.0,90.5,92.8,93.5,93.1,91.8,89.8,86.9,83.6,79.6,75.2,70.5,66.3,61.5,61.6,62.5,63.8,65.1,66.7,68.3,69.9,71.7,74.2,77.4,82.0,88.7,91.9,92.7,92.4,91.1,88.7,85.6,82.0,77.7,72.9,67.9,62.7,58.4,58.8,59.3,60.2,61.1,62.4,63.4,64.5,65.8
79.3,86.4,91.0,93.1,93.8,93.2,92.1,90.0,87.2,84.1,80.7,77.1,72.7,68.7,64.8,62.1,63.1,64.6,66.2,68.0,69.9,71.7,73.7,77.0,81.1,87.6,92.3,94.6,95.3,95.0,93.7,91.5,88.3,84.9,81.1,76.7,72.1,68.1,63.5,62.1,62.8,63.8,65.5,67.4,69.1,70.6,72.6,75.7,79.2,85.0,90.4,92.8,93.5,93.2,92.0,89.9,87.1,83.7,79.6,75.0,70.4,66.2,61.5,61.6,62.5,63.7,64.9,66.6,68.2,69.8,71.6,74.1,77.2,81.8,88.4,91.7,92.6,92.2,90.7,88.4,85.2,81.6,77.2,72.4,67.5,62.4,58.3,58.6,59.2,59.9,61.0,62.1,63.2,64.3
75.2,79.7,86.8,91.2,93.3,94.0,93.3,92.1,90.0,87.3,84.1,81.0,77.0,72.6,68.6,64.8,62.1,63.1,64.5,66.2,68.0,69.9,71.8,73.7,77.1,81.2,87.8,92.5,94.8,95.5,95.1,93.6,91.4,88.3,85.0,81.1,76.6,71.9,67.8,63.3,61.8,62.6,63.7,65.4,67.3,68.9,70.5,72.5,75.5,79.2,84.9,90.4,92.8,93.7,93.4,92.0,90.1,87.2,83.8,79.4,74.9,70.4,66.1,61.6,61.6,62.3,63.6,64.8,66.5,68.2,69.8,71.6,74.0,77.1,81.4,88.1,91.5,92.3,91.8,90.3,87.9,84.8,81.1,76.7,72.0,67.3,62.2,58.1,58.4,59.0,59.8,60.9,61.9,63.1
72.5,75.5,80.1,87.0,91.4,93.4,94.0,93.3,92.0,90.0,87.4,84.3,81.0,76.9,72.6,68.6,64.8,62.2,63.0,64.5,66.1,68.0,70.0,71.9,73.9,77.2,81.4,87.9,92.8,95.1,95.7,95.1,93.5,91.5,88.4,85.1,81.1,76.4,71.6,67.5,62.9,61.5,62.4,63.6,65.3,67.0,68.9,70.6,72.4,75.4,79.2,84.7,90.3,92.9,93.8,93.5,92.2,90.2,87.2,83.6,79.3,74.9,70.3,66.0,61.4,61.3,62.2,63.5,64.8,66.5,68.1,69.7,71.5,73.8,76.7,81.1,87.8,91.2,92.0,91.4,89.9,87.5,84.2,80.6,76.3,71.6,67.1,62.0,58.0,58.1,58.9,59.6,60.7,61.8
70.3,72.8,75.9,80.3,87.2,91.5,93.5,94.1,93.2,92.1,90.2,87.6,84.4,80.9,76.9,72.6,68.6,64.8,62.2,63.0,64.5,66.2,68.1,70.1,72.0,73.9,77.3,81.5,88.2,93.0,95.3,95.6,95.0,93.6,91.6,88.5,85.0,80.9,76.1,71.3,67.2,62.6,61.4,62.3,63.5,65.1,67.0,69.0,70.6,72.4,75.4,79.0,84.6,90.4,93.1,93.9,93.6,92.4,90.3,87.1,83.6,79.3,74.8,70.3,65.9,61.2,61.3,62.1,63.4,64.8,66.4,68.2,69.7,71.3,73.5,76.4,80.8,87.4,90.8,91.5,90.9,89.5,86.9,83.7,80.2,75.9,71.4,66.8,61.6,57.7,58.1,58.7,59.4,60.5
68.3,70.7,73.1,76.1,80.6,87.3,91.6,93.6,94.0,93.3,92.3,90.4,87.7,84.3,80.9,76.9,72.5,68.5,64.7,62.2,63.0,64.5,66.3,68.2,70.2,72.1,74.0,77.4,81.6,88.3,93.2,95.2,95.6,95.1,93.8,91.7,88.4,84.9,80.6,75.9,70.9,66.8,62.4,61.4,62.3,63.3,65.1,67.1,68.9,70.6,72.4,75.3,79.0,84.7,90.6,93.1,94.0,93.7,92.5,90.2,87.0,83.5,79.2,74.7,70.1,65.7,61.0,61.3,62.1,63.3,64.8,66.4,68.1,69.6,71.1,73.3,76.2,80.6,86.9,90.3,91.1,90.5,88.9,86.4,83.3,79.8,75.7,71.1,66.4,61.2,57.5,57.9,58.6,59.3
