day 0,day 1,day 2,day 3,day 4,day 5,day 6,day 7,day 8,day 9,day 10,day 11,day 12,day 13,day 14,day 15,day 16,day 17,day 18,day 19,day 20,day 21,day 22,day 23,day 24,day 25,day 26,day 27,day 28,day 29,day 30,day 31,day 32,day 33,day 34,day 35,day 36,day 37,day 38,day 39,day 40,day 41,day 42,day 43,day 44,day 45,day 46,day 47,day 48,day 49,day 50,day 51,day 52,day 53,day 54,day 55,day 56,day 57,day 58,day 59,day 60,day 61,day 62,day 63,day 64,day 65,day 66,day 67,day 68,day 69,day 70,day 71,day 72,day 73,day 74,day 75,day 76,day 77,day 78,day 79,day 80,day 81,day 82,day 83,day 84,day 85,day 86,day 87,day 88,day 89,day 90,day 91,day 92,day 93
76.6,78.3,79.8,81.8,84.9,89.4,92.2,93.5,93.8,93.5,92.7,91.8,90.3,88.5,85.8,82.7,79.2,75.2,72.1,72.5,73.4,74.3,75.4,77.1,78.6,80.2,81.7,83.4,86.9,92.0,94.9,96.3,96.6,96.2,95.3,94.0,92.5,90.2,87.0,83.5,79.2,74.7,72.6,73.1,73.8,74.8,75.8,76.9,78.0,79.4,81.0,82.5,84.8,89.6,93.0,94.9,95.0,94.5,93.5,91.9,89.9,87.4,84.0,80.6,76.1,71.4,70.0,70.4,71.2,72.0,72.7,73.8,74.6,75.5,76.7,77.5,79.2,82.6,86.9,88.6,88.6,88.1,87.0,85.6,83.2,80.5,77.4,73.5,69.1,64.9,64.3,65.0,65.5,66.0
75.4,76.8,78.2,79.9,81.7,84.9,89.5,92.2,93.4,93.7,93.5,92.8,91.9,90.5,88.6,86.0,82.9,79.2,75.2,72.1,72.6,73.4,74.3,75.6,77.3,78.7,80.1,81.8,83.4,86.7,91.8,94.7,96.2,96.5,96.2,95.1,94.1,92.5,90.0,87.0,83.5,79.3,74.8,72.6,73.0,73.9,74.8,75.5,76.7,77.9,79.4,80.9,82.2,84.5,89.1,92.6,94.5,94.6,94.4,93.3,91.7,89.9,87.3,84.2,80.5,75.9,71.3,69.9,70.3,71.1,71.8,72.6,73.5,74.3,75.2,76.1,77.1,78.6,81.9,86.4,87.9,88.0,87.6,86.6,85.1,82.8,80.3,77.2,73.3,68.8,64.5,64.3,64.8,65.3
74.2,75.6,76.6,78.3,79.7,81.6,85.0,89.5,92.2,93.4,93.8,93.7,93.0,92.2,90.6,88.7,86.2,82.9,79.2,75.3,72.2,72.6,73.4,74.5,75.7,77.4,78.7,80.2,81.8,83.3,86.5,91.6,94.6,96.2,96.5,96.1,95.3,94.1,92.3,89.9,87.0,83.6,79.2,74.8,72.6,73.0,73.9,74.5,75.3,76.7,78.0,79.4,80.6,82.0,84.0,88.7,92.2,94.1,94.4,94.2,93.1,91.7,89.9,87.5,84.1,80.3,75.8,71.2,69.9,70.3,71.0,71.8,72.4,73.2,74.0,74.7,75.6,76.5,78.0,81.4,85.7,87.3,87.4,87.2,86.1,84.7,82.6,80.1,77.0,72.9,68.3,64.4,64.0,64.6
73.2,74.3,75.5,76.7,78.3,79.6,81.6,85.0,89.5,92.1,93.4,93.8,93.8,93.2,92.2,90.7,88.9,86.1,82.8,79.3,75.4,72.2,72.6,73.5,74.6,75.8,77.3,78.7,80.3,81.7,83.1,86.4,91.5,94.6,96.1,96.4,96.2,95.3,94.0,92.4,90.1,87.1,83.5,79.2,74.8,72.6,73.0,73.7,74.4,75.3,76.7,77.9,79.1,80.4,81.6,83.7,88.3,91.7,93.9,94.2,94.1,93.0,91.7,90.0,87.4,84.0,80.2,75.8,71.1,69.8,70.1,71.0,71.5,72.1,72.9,73.5,74.2,75.0,75.9,77.6,80.8,85.1,86.8,87.0,86.7,85.7,84.5,82.4,80.1,76.6,72.4,68.3,64.2,63.7
72.4,73.3,74.3,75.4,76.7,78.1,79.7,81.7,85.0,89.3,92.0,93.4,94.0,94.0,93.3,92.3,90.9,88.8,86.0,82.9,79.4,75.4,72.2,72.7,73.6,74.7,75.8,77.3,78.7,80.1,81.5,83.1,86.3,91.4,94.5,96.0,96.4,96.2,95.2,94.0,92.4,90.2,87.1,83.5,79.2,74.7,72.5,72.8,73.5,74.5,75.4,76.6,77.6,78.9,80.1,81.3,83.3,87.8,91.6,93.7,94.1,94.0,93.0,91.8,90.0,87.2,83.9,80.3,75.7,71.0,69.7,70.1,70.7,71.3,71.9,72.3,73.0,73.7,74.5,75.5,77.1,80.2,84.5,86.2,86.5,86.3,85.5,84.3,82.2,79.7,76.3,72.4,68.1,63.8
71.6,72.4,73.3,74.2,75.4,76.6,78.1,79.8,81.6,84.8,89.2,92.0,93.5,94.2,94.1,93.5,92.5,90.9,88.8,86.1,83.0,79.5,75.5,72.3,72.8,73.6,74.6,75.8,77.3,78.6,80.1,81.6,83.1,86.2,91.4,94.4,96.0,96.4,96.1,95.3,94.1,92.6,90.1,87.1,83.5,79.2,74.7,72.3,72.7,73.5,74.5,75.3,76.4,77.4,78.5,79.7,80.9,82.9,87.6,91.3,93.5,94.1,94.0,93.1,91.7,89.7,87.2,84.0,80.3,75.7,70.9,69.6,69.9,70.5,71.0,71.4,71.9,72.6,73.2,74.1,75.1,76.7,79.6,83.9,85.7,86.2,86.1,85.3,84.3,81.9,79.3,76.3,72.3,67.7
71.4,71.7,72.3,73.3,74.2,75.3,76.7,78.2,79.8,81.4,84.7,89.3,92.0,93.7,94.3,94.3,93.8,92.5,90.9,89.0,86.3,83.3,79.8,75.6,72.3,72.8,73.5,74.5,75.7,77.1,78.6,80.1,81.7,83.1,86.2,91.3,94.4,96.0,96.4,96.3,95.3,94.2,92.5,90.1,87.2,83.5,79.1,74.5,72.2,72.7,73.5,74.4,75.1,76.1,77.1,78.1,79.4,80.5,82.8,87.3,91.1,93.5,94.1,94.0,93.0,91.4,89.7,87.2,84.1,80.3,75.6,70.7,69.3,69.7,70.3,70.6,71.1,71.4,72.2,72.9,73.7,74.7,76.2,79.0,83.5,85.5,86.0,85.9,85.3,83.9,81.6,79.4,76.2,72.0
74.2,71.4,71.6,72.3,73.3,74.0,75.4,76.7,78.2,79.7,81.4,84.9,89.3,92.2,93.8,94.5,94.6,93.8,92.5,91.1,89.1,86.6,83.7,79.9,75.6,72.4,72.7,73.5,74.5,75.6,77.1,78.6,80.2,81.6,83.0,86.0,91.3,94.4,96.0,96.6,96.4,95.4,94.2,92.5,90.2,87.0,83.4,79.0,74.3,72.2,72.7,73.5,74.4,74.8,75.9,76.7,77.8,79.0,80.4,82.5,87.0,91.1,93.5,94.1,93.8,92.7,91.5,89.6,87.3,84.1,80.1,75.4,70.4,69.1,69.5,69.8,70.3,70.6,71.0,71.9,72.5,73.3,74.3,75.8,78.7,83.1,85.2,85.8,85.8,85.0,83.6,81.6,79.3,76.0
77.9,74.3,71.3,71.5,72.3,73.2,74.1,75.4,76.7,78.2,79.8,81.6,84.9,89.4,92.2,94.1,94.9,94.6,93.8,92.6,91.2,89.4,87.1,83.8,80.0,75.7,72.3,72.7,73.5,74.4,75.6,77.1,78.6,80.2,81.6,82.9,85.9,91.2,94.3,96.1,96.6,96.5,95.3,94.2,92.6,90.1,87.0,83.3,78.9,74.2,72.2,72.7,73.5,74.0,74.6,75.5,76.3,77.6,78.8,80.2,82.4,86.8,91.0,93.3,93.9,93.7,92.7,91.4,89.8,87.3,84.0,79.9,75.1,70.1,68.8,69.0,69.6,69.9,70.2,70.8,71.5,72.2,72.9,73.9,75.6,78.2,82.7,85.0,85.6,85.5,84.7,83.5,81.6,79.2
81.6,78.0,74.2,71.2,71.4,72.1,73.3,74.2,75.4,76.7,78.3,79.9,81.6,85.1,89.6,92.5,94.3,94.8,94.7,94.0,92.8,91.5,89.8,87.4,84.0,80.1,75.7,72.2,72.7,73.4,74.3,75.6,77.1,78.6,80.2,81.5,82.9,85.8,91.1,94.4,96.2,96.8,96.5,95.4,94.3,92.5,90.0,86.9,83.3,78.9,74.2,72.2,72.6,73.2,73.9,74.2,75.2,76.1,77.4,78.8,80.1,82.2,86.7,90.8,93.1,93.7,93.6,92.7,91.6,89.8,87.3,83.8,79.6,74.8,69.9,68.4,68.8,69.2,69.4,69.9,70.4,71.2,71.8,72.4,73.6,75.2,77.8,82.5,84.7,85.3,85.4,84.8,83.4,81.6
84.8,81.7,78.0,74.2,71.1,71.4,72.3,73.3,74.2,75.5,76.8,78.5,79.9,81.7,85.2,89.8,92.7,94.3,94.9,95.0,94.3,93.1,91.9,90.1,87.5,84.1,80.1,75.6,72.1,72.7,73.5,74.5,75.7,77.1,78.6,80.0,81.4,82.8,85.8,91.2,94.4,96.3,96.8,96.5,95.6,94.2,92.4,89.9,86.9,83.3,78.8,74.1,72.1,72.4,73.0,73.5,73.9,75.0,75.9,77.4,78.7,80.0,82.2,86.4,90.6,93.0,93.6,93.5,92.9,91.6,89.7,87.1,83.6,79.3,74.5,69.3,68.1,68.4,68.8,69.1,69.7,70.0,70.8,71.4,72.1,73.3,74.8,77.5,82.3,84.4,85.3,85.5,84.8,83.4
87.4,85.0,81.7,78.0,74.2,71.0,71.4,72.3,73.3,74.3,75.6,77.0,78.5,80.0,81.9,85.4,90.0,92.7,94.4,95.2,95.2,94.5,93.5,92.2,90.2,87.7,84.2,80.1,75.5,72.1,72.7,73.5,74.5,75.6,77.0,78.5,80.0,81.3,82.8,85.8,91.2,94.7,96.3,96.8,96.7,95.6,94.1,92.3,90.0,86.9,83.2,78.6,73.9,71.9,72.2,72.6,73.2,73.6,74.9,75.9,77.2,78.5,79.9,81.9,86.2,90.5,92.8,93.6,93.7,92.8,91.5,89.5,86.8,83.4,79.0,74.0,68.9,67.7,68.0,68.5,68.9,69.3,69.7,70.4,71.2,71.8,72.9,74.5,77.2,82.1,84.4,85.4,85.4,84.8
89.5,87.6,85.0,81.7,78.1,74.2,71.1,71.5,72.4,73.3,74.5,75.8,77.1,78.6,80.2,82.0,85.5,90.1,92.8,94.6,95.3,95.5,94.9,93.8,92.4,90.4,87.8,84.2,80.0,75.4,72.2,72.8,73.5,74.4,75.6,77.0,78.5,79.9,81.2,82.8,85.8,91.4,94.7,96.4,96.9,96.7,95.6,94.2,92.4,90.0,86.8,82.9,78.4,73.7,71.8,71.8,72.3,72.9,73.5,74.9,75.7,77.1,78.4,79.8,81.8,86.1,90.5,92.9,93.7,93.7,92.7,91.3,89.3,86.6,83.0,78.5,73.6,68.5,67.3,67.7,68.2,68.5,69.0,69.3,70.2,70.8,71.4,72.7,74.3,77.0,82.1,84.5,85.3,85.3
91.3,89.6,87.6,85.1,81.8,78.1,74.3,71.1,71.5,72.5,73.5,74.7,75.8,77.1,78.7,80.3,82.1,85.6,90.1,93.0,94.8,95.7,96.0,95.2,94.0,92.6,90.5,87.8,84.1,79.9,75.3,72.1,72.8,73.5,74.4,75.6,77.1,78.4,79.8,81.3,82.9,86.0,91.3,94.8,96.5,96.8,96.6,95.5,94.2,92.4,89.9,86.5,82.6,78.0,73.4,71.4,71.6,72.1,72.8,73.6,74.7,75.6,77.0,78.3,79.6,81.6,86.1,90.6,92.9,93.7,93.6,92.5,91.1,89.0,86.2,82.5,78.1,73.1,68.1,67.1,67.5,67.8,68.2,68.6,69.1,69.8,70.5,71.3,72.6,74.0,76.9,82.1,84.4,85.3
92.5,91.5,89.6,87.6,85.1,81.9,78.2,74.3,71.1,71.7,72.6,73.7,74.7,75.9,77.2,78.9,80.4,82.2,85.6,90.4,93.2,95.2,96.1,96.2,95.5,94.2,92.7,90.5,87.6,84.0,79.8,75.2,72.1,72.7,73.5,74.4,75.7,77.0,78.3,79.9,81.3,83.1,85.8,91.4,94.9,96.5,96.8,96.6,95.7,94.3,92.4,89.7,86.2,82.3,77.7,73.0,71.2,71.3,72.0,72.8,73.4,74.6,75.6,76.9,78.2,79.4,81.6,86.1,90.7,92.8,93.6,93.4,92.2,90.8,88.6,85.6,82.0,77.5,72.5,67.7,66.8,67.1,67.6,67.9,68.4,68.8,69.4,70.3,71.1,72.3,73.9,76.8,82.0,84.2
93.4,92.6,91.5,89.7,87.7,85.2,81.9,78.3,74.3,71.2,71.9,72.8,73.8,74.7,76.1,77.4,78.9,80.5,82.2,85.9,90.6,93.6,95.6,96.3,96.5,95.7,94.4,92.8,90.5,87.6,83.9,79.7,75.2,72.1,72.7,73.4,74.4,75.6,76.9,78.3,79.9,81.6,83.1,85.9,91.4,94.9,96.5,96.7,96.7,95.8,94.2,92.2,89.3,85.8,81.9,77.4,72.8,70.9,71.2,71.9,72.6,73.3,74.6,75.5,76.8,77.9,79.4,81.5,86.0,90.6,92.7,93.4,93.1,92.0,90.4,88.0,85.1,81.4,76.8,72.0,67.4,66.3,66.8,67.2,67.7,68.1,68.5,69.3,70.1,70.8,72.2,73.8,76.6,81.7
93.5,93.5,92.6,91.5,89.7,87.8,85.2,82.0,78.4,74.4,71.4,72.1,72.9,73.8,74.8,76.3,77.5,79.0,80.6,82.4,86.0,90.9,94.0,95.9,96.6,96.7,95.9,94.5,92.7,90.3,87.5,83.8,79.7,75.1,72.2,72.6,73.5,74.4,75.5,76.9,78.5,80.0,81.6,83.1,85.8,91.4,94.9,96.4,96.9,96.9,95.8,94.0,91.8,88.9,85.4,81.6,77.0,72.6,70.8,71.2,71.8,72.4,73.4,74.5,75.4,76.5,77.9,79.4,81.4,85.9,90.5,92.5,93.1,92.8,91.5,90.0,87.4,84.4,80.7,76.2,71.5,66.9,66.1,66.5,67.1,67.4,67.8,68.4,69.0,69.8,70.7,72.1,73.7,76.4
92.9,93.7,93.5,92.6,91.5,89.9,87.9,85.3,82.1,78.5,74.5,71.5,72.1,72.8,73.9,74.9,76.3,77.7,79.1,80.7,82.6,86.2,91.3,94.3,96.2,96.8,96.8,96.0,94.4,92.7,90.4,87.3,83.7,79.7,75.1,72.1,72.7,73.5,74.3,75.6,77.0,78.6,80.0,81.5,83.0,85.8,91.3,94.8,96.5,96.9,96.9,95.5,93.7,91.5,88.5,85.0,81.2,76.9,72.3,70.7,71.0,71.6,72.5,73.2,74.4,75.2,76.4,78.0,79.2,81.4,85.7,90.2,92.2,92.8,92.2,90.8,89.3,86.6,83.7,80.1,75.7,71.0,66.5,65.8,66.4,66.8,67.1,67.6,68.1,68.7,69.7,70.7,71.9,73.4
91.8,93.1,93.7,93.4,92.6,91.6,89.9,88.0,85.4,82.1,78.6,74.7,71.6,72.1,72.8,73.9,75.1,76.5,77.8,79.2,81.0,82.8,86.4,91.5,94.6,96.3,97.0,96.9,95.8,94.3,92.6,90.2,87.2,83.8,79.6,75.0,72.2,72.7,73.4,74.4,75.7,77.1,78.6,79.9,81.5,83.1,85.7,91.1,94.7,96.5,97.0,96.6,95.0,93.3,91.0,88.1,84.6,81.1,76.7,72.2,70.5,70.8,71.6,72.4,73.1,74.2,75.1,76.4,77.9,79.2,81.2,85.4,90.0,91.8,92.1,91.5,90.2,88.6,86.0,83.0,79.5,75.1,70.6,66.3,65.7,66.1,66.5,66.9,67.4,67.8,68.6,69.6,70.5,71.6
89.3,91.9,93.2,93.6,93.5,92.8,91.7,89.9,88.1,85.4,82.2,78.7,74.8,71.7,72.2,72.9,74.0,75.2,76.6,77.8,79.5,81.2,83.0,86.6,91.8,94.7,96.6,97.1,96.7,95.7,94.3,92.5,90.1,87.3,83.7,79.5,74.9,72.1,72.7,73.5,74.5,75.9,77.1,78.6,79.9,81.5,82.9,85.4,91.0,94.7,96.6,96.7,96.2,94.6,92.9,90.6,87.7,84.6,80.9,76.5,72.0,70.4,70.8,71.6,72.2,72.9,74.1,75.1,76.3,77.8,79.1,80.9,85.0,89.5,91.2,91.4,90.8,89.5,87.9,85.3,82.5,78.9,74.7,70.2,66.0,65.3,65.9,66.4,66.7,67.1,67.7,68.6,69.5,70.2
85.0,89.4,92.1,93.1,93.6,93.6,92.8,91.7,90.1,88.1,85.4,82.4,78.8,74.8,71.7,72.1,73.1,74.2,75.2,76.6,78.0,79.6,81.4,83.1,86.8,91.9,95.0,96.7,97.0,96.6,95.6,94.0,92.4,90.2,87.3,83.7,79.5,74.8,72.1,72.7,73.7,74.8,75.9,77.1,78.6,79.9,81.3,82.7,85.3,90.9,94.5,96.3,96.3,95.7,94.2,92.5,90.3,87.7,84.3,80.7,76.3,71.8,70.4,70.7,71.5,72.1,72.8,74.1,75.0,76.2,77.7,78.7,80.6,84.4,88.8,90.5,90.8,90.1,88.9,87.3,84.8,81.8,78.5,74.3,69.9,65.6,65.0,65.8,66.2,66.4,67.0,67.7,68.4,69.2
81.7,84.9,89.6,92.0,93.2,93.7,93.6,92.8,91.7,90.1,88.2,85.7,82.6,78.9,74.9,71.9,72.3,73.2,74.2,75.3,76.7,78.1,79.9,81.5,83.3,86.9,92.1,95.1,96.6,96.9,96.6,95.4,93.9,92.4,90.2,87.3,83.7,79.3,74.7,72.2,72.8,73.9,74.8,75.8,77.2,78.5,79.6,81.1,82.6,85.3,90.6,94.0,95.8,95.8,95.3,93.9,92.1,90.2,87.5,84.1,80.6,76.2,71.7,70.3,70.6,71.3,72.0,72.8,74.0,74.9,76.2,77.3,78.4,80.2,83.9,88.2,89.8,90.0,89.5,88.2,86.8,84.2,81.4,78.0,73.9,69.6,65.3,65.0,65.5,65.8,66.3,67.0,67.5,68.1
79.9,81.6,85.1,89.5,92.0,93.3,93.7,93.6,92.8,91.7,90.2,88.4,85.8,82.6,79.0,75.1,72.0,72.5,73.3,74.3,75.3,76.9,78.4,80.0,81.7,83.3,86.9,92.1,95.0,96.5,96.8,96.4,95.2,94.0,92.3,90.2,87.2,83.5,79.2,74.8,72.3,73.0,73.9,74.7,75.8,77.1,78.2,79.4,81.0,82.6,85.1,90.1,93.5,95.3,95.4,94.9,93.5,92.1,90.1,87.4,84.1,80.5,76.2,71.6,70.1,70.5,71.3,72.0,72.8,73.9,74.9,75.9,77.0,78.0,79.7,83.3,87.5,89.2,89.3,88.7,87.7,86.1,83.7,80.9,77.6,73.7,69.3,65.2,64.7,65.1,65.7,66.1,66.9,67.2
78.3,79.8,81.8,84.9,89.4,92.2,93.5,93.8,93.5,92.7,91.8,90.3,88.5,85.8,82.7,79.2,75.2,72.1,72.5,73.4,74.3,75.4,77.1,78.6,80.2,81.7,83.4,86.9,92.0,94.9,96.3,96.6,96.2,95.3,94.0,92.5,90.2,87.0,83.5,79.2,74.7,72.6,73.1,73.8,74.8,75.8,76.9,78.0,79.4,81.0,82.5,84.8,89.6,93.0,94.9,95.0,94.5,93.5,91.9,89.9,87.4,84.0,80.6,76.1,71.4,70.0,70.4,71.2,72.0,72.7,73.8,74.6,75.5,76.7,77.5,79.2,82.6,86.9,88.6,88.6,88.1,87.0,85.6,83.2,80.5,77.4,73.5,69.1,64.9,64.3,65.0,65.5,66.0,66.6
76.8,78.2,79.9,81.7,84.9,89.5,92.2,93.4,93.7,93.5,92.8,91.9,90.5,88.6,86.0,82.9,79.2,75.2,72.1,72.6,73.4,74.3,75.6,77.3,78.7,80.1,81.8,83.4,86.7,91.8,94.7,96.2,96.5,96.2,95.1,94.1,92.5,90.0,87.0,83.5,79.3,74.8,72.6,73.0,73.9,74.8,75.5,76.7,77.9,79.4,80.9,82.2,84.5,89.1,92.6,94.5,94.6,94.4,93.3,91.7,89.9,87.3,84.2,80.5,75.9,71.3,69.9,70.3,71.1,71.8,72.6,73.5,74.3,75.2,76.1,77.1,78.6,81.9,86.4,87.9,88.0,87.6,86.6,85.1,82.8,80.3,77.2,73.3,68.8,64.5,64.3,64.8,65.3,65.8
