day 0,day 1,day 2,day 3,day 4,day 5,day 6,day 7,day 8,day 9,day 10,day 11,day 12,day 13,day 14,day 15,day 16,day 17,day 18,day 19,day 20,day 21,day 22,day 23,day 24,day 25,day 26,day 27,day 28,day 29,day 30,day 31,day 32,day 33,day 34,day 35,day 36,day 37,day 38,day 39,day 40,day 41,day 42,day 43,day 44,day 45,day 46,day 47,day 48,day 49,day 50,day 51,day 52,day 53,day 54,day 55,day 56,day 57,day 58,day 59,day 60,day 61,day 62,day 63,day 64,day 65,day 66,day 67,day 68,day 69,day 70,day 71,day 72,day 73,day 74,day 75,day 76,day 77,day 78,day 79,day 80,day 81,day 82,day 83,day 84,day 85,day 86,day 87,day 88,day 89,day 90,day 91,day 92,day 93
63.0,64.6,66.1,67.7,70.2,74.4,78.6,81.9,84.3,85.7,85.8,85.1,83.7,81.9,79.3,76.2,72.5,68.5,64.6,62.3,62.9,64.1,65.2,66.3,67.3,68.8,70.5,72.2,74.4,78.3,82.4,85.1,86.8,87.7,87.8,86.9,85.3,82.9,80.1,76.8,72.7,68.4,64.1,62.3,62.7,63.4,64.2,65.1,66.0,66.7,67.5,68.6,70.2,73.4,77.7,81.1,83.6,84.6,84.7,83.9,82.3,79.9,77.1,73.4,69.2,64.7,60.7,60.0,60.7,61.6,62.3,63.1,63.9,64.7,65.5,66.5,67.5,69.6,73.9,77.4,79.0,79.6,78.9,77.7,75.7,72.9,69.6,65.7,61.4,56.6,52.8,52.9,53.4,53.8
61.9,63.3,64.7,66.2,67.8,70.4,74.5,79.0,82.0,84.6,85.7,85.9,85.2,83.9,82.0,79.4,76.3,72.6,68.6,64.8,62.5,63.2,64.2,65.3,66.5,67.5,69.1,70.7,72.1,74.3,78.3,82.1,84.9,86.7,87.5,87.7,86.7,84.9,82.8,80.0,76.5,72.3,68.0,64.0,62.2,62.8,63.4,64.2,65.1,65.9,66.5,67.2,68.3,70.0,73.0,77.7,81.3,83.6,84.6,84.5,83.9,82.3,80.0,76.9,73.3,69.3,64.8,60.6,59.9,60.6,61.5,62.2,62.8,63.6,64.2,65.0,65.9,67.0,69.0,73.3,77.0,78.5,79.1,78.5,77.4,75.2,72.7,69.6,65.4,61.0,56.4,52.5,52.6,53.1
60.7,62.3,63.4,64.9,66.3,68.1,70.6,74.8,79.0,82.4,84.6,85.8,86.0,85.4,84.0,82.1,79.3,76.2,72.6,68.8,65.0,62.8,63.3,64.3,65.5,66.7,67.8,69.3,70.6,72.1,74.4,78.0,81.8,84.9,86.6,87.6,87.5,86.2,84.7,82.6,79.7,76.1,71.8,67.8,63.7,62.3,62.7,63.5,64.2,65.1,65.7,66.2,66.9,68.1,69.6,72.9,77.9,81.3,83.5,84.4,84.6,83.9,82.3,79.8,76.9,73.5,69.5,64.7,60.4,59.7,60.4,61.3,61.9,62.5,63.2,63.7,64.4,65.3,66.5,68.5,72.7,76.3,78.0,78.8,78.2,76.9,75.0,72.7,69.3,65.1,60.7,56.1,52.0,52.3
59.8,61.1,62.4,63.7,65.1,66.7,68.3,70.9,75.0,79.4,82.3,84.7,86.0,86.3,85.5,84.1,82.0,79.3,76.4,72.9,69.0,65.2,62.9,63.4,64.5,65.6,67.0,68.0,69.2,70.5,72.1,74.1,77.7,81.7,84.8,86.5,87.3,87.0,86.1,84.5,82.3,79.3,75.4,71.7,67.5,63.7,62.2,62.7,63.4,64.2,64.8,65.4,66.0,66.8,67.7,69.5,73.0,77.9,81.2,83.3,84.4,84.6,83.9,82.1,79.8,77.1,73.7,69.4,64.5,60.2,59.5,60.2,61.0,61.6,62.1,62.7,63.1,63.9,64.8,66.0,68.0,72.1,75.9,77.7,78.5,77.8,76.8,74.9,72.4,69.0,64.8,60.5,55.7,51.8
58.9,60.2,61.2,62.7,63.9,65.4,66.8,68.6,71.1,75.3,79.5,82.4,84.8,86.2,86.5,85.5,84.0,81.9,79.5,76.6,73.1,69.2,65.3,63.0,63.6,64.7,65.9,67.1,68.0,69.2,70.5,71.9,73.9,77.6,81.6,84.5,86.2,86.8,86.8,85.9,84.2,81.9,78.7,75.4,71.5,67.5,63.7,62.2,62.7,63.4,63.9,64.6,65.2,65.9,66.5,67.6,69.7,73.0,77.7,81.0,83.3,84.4,84.7,83.7,82.1,80.0,77.3,73.6,69.2,64.4,60.0,59.3,60.0,60.7,61.2,61.7,62.1,62.6,63.3,64.4,65.6,67.4,71.6,75.5,77.4,78.1,77.6,76.7,74.6,72.1,68.7,64.7,60.2,55.4
58.6,59.2,60.4,61.4,62.9,64.2,65.7,67.1,68.8,71.4,75.5,79.5,82.7,85.1,86.4,86.5,85.4,83.8,82.1,79.7,76.9,73.3,69.4,65.3,63.1,63.8,64.9,66.0,67.1,67.9,69.1,70.3,71.7,73.8,77.5,81.3,84.2,85.7,86.6,86.6,85.6,83.8,81.3,78.7,75.1,71.5,67.5,63.7,62.1,62.7,63.1,63.7,64.3,65.1,65.6,66.3,67.7,69.7,72.9,77.5,81.0,83.4,84.5,84.4,83.7,82.3,80.2,77.4,73.3,69.1,64.3,59.8,59.0,59.7,60.3,60.8,61.1,61.6,62.0,62.8,63.9,65.0,67.1,71.1,75.1,77.0,77.9,77.5,76.4,74.3,71.8,68.6,64.3,59.9
61.8,58.9,59.3,60.5,61.7,63.2,64.4,65.9,67.2,69.1,71.6,75.6,79.8,83.0,85.4,86.4,86.3,85.2,84.0,82.4,80.0,77.1,73.5,69.4,65.5,63.2,64.1,65.0,66.1,67.0,67.9,68.9,70.2,71.7,73.6,77.2,81.2,83.6,85.5,86.4,86.3,85.1,83.2,81.3,78.4,75.2,71.4,67.5,63.5,62.1,62.4,62.8,63.5,64.3,64.9,65.4,66.4,67.7,69.7,72.8,77.5,81.2,83.6,84.3,84.4,83.9,82.5,80.3,77.1,73.3,68.9,64.0,59.4,58.8,59.4,59.8,60.2,60.6,61.1,61.6,62.4,63.3,64.6,66.6,70.5,74.6,76.9,77.7,77.2,76.1,74.1,71.7,68.2,64.1
65.9,62.1,58.9,59.6,60.8,62.0,63.3,64.7,66.1,67.5,69.3,71.7,75.8,79.9,83.1,85.4,86.3,86.2,85.5,84.3,82.7,80.3,77.3,73.5,69.5,65.7,63.6,64.3,65.1,66.0,67.0,67.7,68.8,70.1,71.5,73.5,77.0,80.8,83.4,85.4,86.1,85.8,84.6,83.2,81.0,78.4,75.2,71.5,67.4,63.4,61.8,62.1,62.7,63.5,64.0,64.7,65.5,66.5,67.7,69.5,72.7,77.6,81.3,83.5,84.3,84.5,84.1,82.6,80.1,77.2,73.1,68.5,63.7,59.1,58.5,59.0,59.2,59.7,60.2,60.7,61.1,61.9,63.0,64.2,66.2,70.0,74.5,76.7,77.4,77.0,75.8,74.0,71.4,68.1
69.7,66.1,62.1,59.2,59.9,61.1,62.3,63.7,64.8,66.4,67.7,69.3,71.9,75.9,80.0,83.1,85.2,86.2,86.4,85.7,84.7,83.0,80.4,77.3,73.6,69.8,66.0,63.7,64.3,65.0,66.0,66.8,67.6,68.8,69.9,71.3,73.5,76.5,80.6,83.2,85.0,85.6,85.4,84.6,83.0,81.2,78.5,75.3,71.5,67.2,63.1,61.7,61.9,62.6,63.2,63.9,64.8,65.5,66.5,67.6,69.6,72.8,77.6,81.2,83.4,84.4,84.8,84.1,82.4,80.1,77.1,72.7,68.2,63.3,58.7,58.1,58.4,58.8,59.3,59.8,60.3,60.6,61.6,62.5,63.9,65.7,69.7,74.2,76.4,77.1,76.7,75.7,73.7,71.3
73.4,70.0,66.2,62.4,59.5,60.2,61.4,62.6,63.9,65.2,66.5,67.8,69.5,72.0,75.9,80.0,82.8,85.2,86.5,86.7,86.1,84.9,83.0,80.4,77.5,74.0,70.2,66.1,63.8,64.3,65.0,65.8,66.7,67.6,68.6,69.7,71.3,73.1,76.4,80.3,82.8,84.6,85.2,85.4,84.4,83.1,81.3,78.7,75.3,71.2,66.8,62.8,61.4,61.8,62.4,63.1,64.1,64.8,65.5,66.4,67.6,69.6,72.7,77.4,81.1,83.5,84.7,84.8,83.9,82.5,80.1,76.6,72.4,67.8,62.9,58.3,57.5,58.0,58.3,58.9,59.3,59.8,60.3,61.2,62.1,63.4,65.4,69.3,73.9,76.2,76.9,76.5,75.3,73.7
76.6,73.7,70.1,66.4,62.6,59.8,60.5,61.7,62.8,64.3,65.3,66.6,68.0,69.7,72.1,75.9,79.7,82.9,85.6,86.8,87.0,86.3,85.0,83.1,80.7,77.9,74.4,70.3,66.2,63.7,64.3,64.9,65.8,66.8,67.4,68.4,69.7,71.1,73.0,76.1,79.8,82.3,84.4,85.2,85.2,84.5,83.2,81.4,78.8,75.1,70.8,66.6,62.5,61.3,61.6,62.2,63.1,63.9,64.7,65.5,66.5,67.8,69.6,72.5,77.4,81.4,83.8,84.6,84.7,84.0,82.5,79.6,76.3,72.0,67.4,62.4,57.7,57.1,57.6,58.0,58.4,58.9,59.5,59.9,60.7,61.7,63.2,65.1,69.0,73.7,76.1,76.8,76.3,75.4
79.3,76.9,73.8,70.2,66.6,62.9,60.1,60.8,61.9,63.2,64.4,65.4,66.8,68.1,69.8,72.1,75.7,79.9,83.2,85.8,87.1,87.2,86.4,85.1,83.3,81.2,78.4,74.4,70.4,66.1,63.7,64.1,64.9,65.8,66.5,67.3,68.3,69.4,71.0,72.7,75.6,79.3,82.0,84.5,85.2,85.4,84.7,83.4,81.5,78.5,74.6,70.6,66.2,62.3,61.1,61.4,62.3,63.1,63.8,64.6,65.5,66.5,67.8,69.5,72.4,77.6,81.7,83.8,84.6,84.7,84.0,82.1,79.3,75.9,71.5,66.8,61.8,57.2,56.6,57.3,57.5,58.0,58.5,59.2,59.4,60.5,61.5,62.9,64.8,68.7,73.7,75.9,76.5,76.4
81.3,79.5,76.9,73.9,70.5,66.9,63.2,60.4,61.0,62.3,63.4,64.6,65.6,66.9,68.3,69.9,72.0,75.7,80.1,83.5,86.2,87.4,87.3,86.6,85.4,83.8,81.7,78.4,74.5,70.3,66.0,63.6,64.1,65.0,65.5,66.5,67.3,68.0,69.2,70.7,72.3,75.1,79.0,82.1,84.5,85.4,85.5,84.9,83.5,81.3,78.0,74.4,70.3,66.0,62.0,60.9,61.4,62.3,62.9,63.7,64.5,65.5,66.5,67.6,69.5,72.7,77.7,81.7,83.8,84.7,84.7,83.6,81.8,79.0,75.6,71.0,66.2,61.2,56.7,56.3,56.7,57.1,57.6,58.3,58.7,59.2,60.2,61.2,62.6,64.5,68.5,73.4,75.6,76.6
82.8,81.5,79.6,77.0,74.2,70.8,67.2,63.4,60.6,61.4,62.5,63.5,64.7,65.7,67.1,68.4,69.8,72.1,76.0,80.5,83.9,86.6,87.6,87.5,86.9,85.9,84.3,81.7,78.5,74.4,70.1,65.8,63.5,64.1,64.8,65.5,66.4,66.9,67.9,69.0,70.4,71.9,74.7,79.1,82.1,84.6,85.5,85.7,84.9,83.3,80.9,77.8,74.3,70.1,65.7,61.8,60.9,61.3,62.1,62.9,63.7,64.6,65.6,66.4,67.6,69.7,72.8,77.7,81.7,83.8,84.6,84.4,83.3,81.5,78.6,75.0,70.4,65.7,60.7,56.3,55.9,56.4,56.7,57.2,57.8,58.4,59.0,60.0,60.9,62.4,64.3,68.2,73.1,75.7
83.6,83.0,81.6,79.7,77.3,74.6,71.2,67.5,63.6,61.0,61.6,62.6,63.6,64.8,65.9,67.2,68.3,70.0,72.4,76.4,80.9,84.4,86.8,87.7,87.9,87.3,86.4,84.3,81.7,78.4,74.2,69.9,65.7,63.6,64.0,64.7,65.4,66.0,66.8,67.7,68.7,70.0,71.5,74.6,79.0,82.1,84.6,85.6,85.8,84.8,82.9,80.7,77.8,74.0,69.9,65.6,61.7,60.7,61.2,62.1,62.8,63.7,64.6,65.4,66.4,67.8,69.9,72.7,77.7,81.8,83.7,84.3,84.0,83.0,81.0,78.1,74.5,69.7,64.9,60.2,55.8,55.5,56.0,56.4,56.7,57.5,58.2,58.7,59.7,60.7,62.1,64.1,67.7,73.2
83.6,83.8,83.0,81.7,80.0,77.8,75.0,71.4,67.7,63.9,61.2,61.7,62.8,63.8,65.0,66.0,67.2,68.5,70.2,72.7,76.7,81.2,84.6,86.9,88.1,88.5,87.8,86.3,84.2,81.7,78.1,74.0,69.8,65.7,63.4,64.0,64.6,65.1,65.9,66.6,67.5,68.3,69.6,71.4,74.5,78.9,82.1,84.7,85.7,85.6,84.4,82.7,80.6,77.5,73.8,69.9,65.6,61.6,60.6,61.1,62.0,62.8,63.7,64.5,65.4,66.6,68.0,69.7,72.6,77.8,81.7,83.4,84.0,83.7,82.5,80.3,77.4,73.8,69.0,64.4,59.7,55.4,55.2,55.7,55.9,56.5,57.3,57.8,58.5,59.5,60.4,61.9,63.7,67.7
82.6,83.7,83.9,83.1,82.1,80.4,78.2,75.1,71.7,68.0,64.0,61.3,61.8,62.9,64.0,65.2,66.0,67.3,68.7,70.6,72.9,77.1,81.3,84.8,87.3,88.6,88.9,87.8,86.2,84.2,81.3,77.9,73.8,69.8,65.5,63.3,63.9,64.4,65.0,65.8,66.4,67.2,68.0,69.5,71.2,74.5,79.0,82.4,84.9,85.6,85.2,84.2,82.7,80.3,77.3,73.9,69.9,65.6,61.4,60.5,61.0,62.0,62.8,63.6,64.4,65.5,66.7,67.9,69.7,72.7,77.7,81.4,83.2,83.8,83.1,81.9,79.6,76.7,73.1,68.4,63.8,59.2,55.0,54.9,55.2,55.7,56.2,56.9,57.5,58.3,59.2,60.1,61.6,63.7
80.8,82.7,83.8,84.1,83.6,82.5,80.9,78.4,75.5,71.8,68.1,64.0,61.4,62.0,63.1,64.1,65.2,66.1,67.5,69.1,70.8,73.2,77.2,81.6,85.2,87.8,88.9,88.8,87.6,86.1,83.8,81.1,77.7,73.9,69.7,65.4,63.2,63.7,64.2,64.9,65.5,66.2,67.0,67.9,69.4,71.1,74.6,79.4,82.5,84.7,85.0,84.9,84.3,82.4,80.2,77.4,73.9,69.9,65.3,61.3,60.3,61.0,61.9,62.7,63.5,64.6,65.6,66.6,67.9,69.7,72.5,77.3,81.1,82.7,83.2,82.5,81.2,78.9,75.9,72.5,67.8,63.3,58.7,54.7,54.5,55.1,55.4,55.8,56.6,57.3,58.0,58.9,59.9,61.5
78.1,80.8,82.8,84.0,84.5,83.9,82.9,81.1,78.8,75.6,72.0,68.1,64.1,61.6,62.1,63.2,64.1,65.3,66.4,67.8,69.3,71.1,73.3,77.4,82.0,85.8,87.9,88.8,88.6,87.5,85.8,83.7,81.0,77.8,73.8,69.6,65.2,63.0,63.5,64.1,64.7,65.4,66.0,66.9,67.8,69.3,71.2,74.8,79.3,82.1,84.2,84.8,84.9,84.0,82.2,80.3,77.4,74.1,69.7,65.3,61.2,60.3,60.9,61.8,62.6,63.5,64.5,65.5,66.6,68.0,69.6,72.2,77.0,80.7,82.1,82.6,81.8,80.5,78.1,75.3,71.8,67.3,62.8,58.4,54.2,54.3,54.8,55.0,55.6,56.4,57.0,57.8,58.6,59.8
74.0,78.0,80.9,83.1,84.4,84.8,84.3,83.1,81.4,78.8,75.7,72.1,68.2,64.3,61.7,62.4,63.2,64.2,65.6,66.5,68.0,69.5,71.2,73.6,77.7,82.6,85.9,87.8,88.5,88.4,87.2,85.6,83.6,81.0,77.7,73.6,69.4,64.9,62.9,63.5,64.0,64.5,65.2,65.9,66.8,67.7,69.3,71.3,74.7,79.0,81.7,83.9,84.8,84.6,83.8,82.3,80.3,77.5,73.8,69.6,65.1,61.0,60.2,60.8,61.7,62.7,63.5,64.4,65.5,66.6,67.8,69.4,71.9,76.6,80.0,81.5,81.9,81.1,79.7,77.6,74.7,71.3,66.8,62.5,57.8,54.0,54.1,54.4,54.8,55.5,56.1,56.7,57.6,58.6
70.0,74.1,78.1,81.2,83.4,84.7,85.3,84.5,83.4,81.5,78.9,75.8,72.2,68.2,64.3,61.9,62.4,63.3,64.5,65.8,66.8,68.3,69.6,71.4,73.8,78.3,82.7,85.8,87.5,88.3,88.1,87.0,85.6,83.6,80.9,77.5,73.4,69.1,64.9,62.8,63.3,63.7,64.3,65.1,65.9,66.7,67.8,69.4,71.2,74.3,78.6,81.4,83.8,84.5,84.5,83.9,82.4,80.4,77.2,73.6,69.4,65.0,60.8,60.1,60.7,61.9,62.7,63.4,64.3,65.4,66.5,67.7,69.1,71.5,76.0,79.4,80.8,81.3,80.4,79.2,77.0,74.2,70.8,66.6,62.0,57.6,53.7,53.7,54.1,54.7,55.2,55.9,56.5,57.5
67.6,70.0,74.1,78.2,81.4,83.7,85.1,85.4,84.8,83.5,81.6,79.1,76.0,72.3,68.4,64.4,62.0,62.5,63.6,64.7,66.0,67.0,68.4,69.9,71.6,74.3,78.5,82.6,85.4,87.3,88.0,87.9,87.1,85.6,83.5,80.7,77.2,73.1,69.0,64.8,62.7,63.0,63.5,64.2,65.1,65.9,66.7,67.9,69.3,70.9,74.0,78.3,81.3,83.5,84.4,84.6,84.0,82.6,80.1,77.1,73.5,69.4,64.8,60.8,60.0,60.8,61.8,62.5,63.3,64.2,65.3,66.3,67.4,68.7,70.9,75.2,78.8,80.1,80.6,79.9,78.6,76.5,73.7,70.5,66.0,61.9,57.3,53.2,53.3,54.0,54.4,55.0,55.6,56.3
66.0,67.6,70.1,74.2,78.4,81.6,84.0,85.3,85.7,85.0,83.6,81.7,79.2,76.1,72.5,68.4,64.5,62.1,62.7,63.8,65.0,66.4,67.1,68.6,70.1,72.0,74.5,78.3,82.5,85.4,87.1,87.7,87.9,87.0,85.5,83.2,80.3,77.0,73.0,68.8,64.5,62.5,62.8,63.4,64.2,65.1,65.9,66.8,67.7,69.0,70.5,73.7,78.1,81.0,83.4,84.5,84.7,84.1,82.3,80.0,77.0,73.5,69.2,64.8,60.6,60.0,60.8,61.7,62.4,63.2,64.2,65.0,66.0,67.0,68.2,70.2,74.6,78.1,79.4,80.1,79.4,78.1,76.0,73.4,69.9,65.8,61.7,57.0,52.9,53.3,53.7,54.2,54.7,55.5
64.6,66.1,67.7,70.2,74.4,78.6,81.9,84.3,85.7,85.8,85.1,83.7,81.9,79.3,76.2,72.5,68.5,64.6,62.3,62.9,64.1,65.2,66.3,67.3,68.8,70.5,72.2,74.4,78.3,82.4,85.1,86.8,87.7,87.8,86.9,85.3,82.9,80.1,76.8,72.7,68.4,64.1,62.3,62.7,63.4,64.2,65.1,66.0,66.7,67.5,68.6,70.2,73.4,77.7,81.1,83.6,84.6,84.7,83.9,82.3,79.9,77.1,73.4,69.2,64.7,60.7,60.0,60.7,61.6,62.3,63.1,63.9,64.7,65.5,66.5,67.5,69.6,73.9,77.4,79.0,79.6,78.9,77.7,75.7,72.9,69.6,65.7,61.4,56.6,52.8,52.9,53.4,53.8,54.5
63.3,64.7,66.2,67.8,70.4,74.5,79.0,82.0,84.6,85.7,85.9,85.2,83.9,82.0,79.4,76.3,72.6,68.6,64.8,62.5,63.2,64.2,65.3,66.5,67.5,69.1,70.7,72.1,74.3,78.3,82.1,84.9,86.7,87.5,87.7,86.7,84.9,82.8,80.0,76.5,72.3,68.0,64.0,62.2,62.8,63.4,64.2,65.1,65.9,66.5,67.2,68.3,70.0,73.0,77.7,81.3,83.6,84.6,84.5,83.9,82.3,80.0,76.9,73.3,69.3,64.8,60.6,59.9,60.6,61.5,62.2,62.8,63.6,64.2,65.0,65.9,67.0,69.0,73.3,77.0,78.5,79.1,78.5,77.4,75.2,72.7,69.6,65.4,61.0,56.4,52.5,52.6,53.1,53.7
