day 0,day 1,day 2,day 3,day 4,day 5,day 6,day 7,day 8,day 9,day 10,day 11,day 12,day 13,day 14,day 15,day 16,day 17,day 18,day 19,day 20,day 21,day 22,day 23,day 24,day 25,day 26,day 27,day 28,day 29,day 30,day 31,day 32,day 33,day 34,day 35,day 36,day 37,day 38,day 39,day 40,day 41,day 42,day 43,day 44,day 45,day 46,day 47,day 48,day 49,day 50,day 51,day 52,day 53,day 54,day 55,day 56,day 57,day 58,day 59,day 60,day 61,day 62,day 63,day 64,day 65,day 66,day 67,day 68,day 69,day 70,day 71,day 72,day 73,day 74,day 75,day 76,day 77,day 78,day 79,day 80,day 81,day 82,day 83,day 84,day 85,day 86,day 87,day 88,day 89,day 90
56.2,56.3,56.7,57.1,57.7,58.4,60.1,62.6,63.9,64.5,64.1,62.9,61.7,59.8,57.4,54.8,51.7,48.4,46.9,46.7,46.7,46.8,46.9,46.6,46.5,46.7,46.7,46.8,46.8,47.2,47.7,49.2,51.3,51.7,51.2,50.5,49.5,47.8,45.9,43.8,40.9,38.4,38.4,38.0,38.0,37.9,38.0,38.1,38.0,38.4,38.8,38.8,38.7,38.6,38.6,39.0,40.5,41.1,41.0,40.3,39.2,37.6,35.8,33.7,31.5,30.5,30.2,30.1,29.9,29.7,29.5,29.2,28.8,28.6,28.0,27.5,27.3,27.6,27.9,28.0,28.6,29.2,28.7,27.6,26.5,25.6,24.5,23.4,22.6,22.3,22.7
55.7,55.7,55.9,56.4,56.7,57.1,57.9,59.7,62.2,63.6,64.0,63.4,62.3,61.0,59.2,56.8,54.3,51.2,47.9,46.3,46.4,46.5,46.3,46.2,46.0,46.0,46.3,46.3,46.4,46.4,46.8,47.2,49.1,50.8,51.1,50.9,50.2,49.3,47.6,45.7,43.5,40.5,38.2,37.9,37.7,37.6,37.5,37.7,37.7,37.8,38.2,38.3,38.3,38.1,37.8,37.9,38.6,39.8,40.7,40.5,40.0,38.7,37.4,35.4,33.3,31.2,29.9,29.9,29.7,29.3,29.2,28.9,28.4,28.3,27.6,27.3,27.0,27.1,27.3,27.5,27.3,28.1,28.6,28.1,27.4,26.8,25.8,24.9,23.8,22.5,22.6
55.3,55.2,55.3,55.6,55.9,56.1,56.7,57.6,59.3,61.8,63.0,63.4,62.8,61.6,60.4,58.6,56.3,53.8,50.8,47.3,46.1,46.2,46.0,45.6,45.6,45.5,45.6,45.8,45.9,46.0,46.0,46.3,47.0,48.5,50.2,50.7,50.6,50.1,49.2,47.5,45.4,43.1,40.2,37.7,37.6,37.3,37.1,37.2,37.3,37.5,37.6,37.8,37.7,37.6,37.4,37.1,37.6,37.9,39.4,40.3,40.3,39.5,38.6,37.1,34.9,32.9,30.6,29.6,29.5,29.2,28.9,28.6,28.2,27.9,27.4,26.9,26.8,26.8,26.8,26.9,26.7,26.8,27.6,28.1,27.9,27.6,26.9,26.2,25.2,23.7,22.8
54.7,54.8,54.8,54.9,55.1,55.4,55.7,56.4,57.1,58.9,61.1,62.4,62.8,62.2,61.1,59.9,58.1,55.8,53.4,50.2,47.0,46.0,45.7,45.2,45.0,45.1,45.2,45.2,45.5,45.5,45.6,45.5,46.1,46.6,47.9,49.8,50.5,50.5,50.0,48.9,47.1,45.2,42.8,39.7,37.4,37.2,36.9,36.7,36.9,37.1,37.3,37.2,37.3,37.1,36.9,36.7,36.9,37.0,37.6,39.0,40.0,39.8,39.3,38.2,36.5,34.5,32.4,30.2,29.3,29.0,28.7,28.3,27.9,27.7,26.9,26.7,26.5,26.7,26.5,26.4,26.2,26.3,26.4,27.1,27.9,28.1,27.7,27.3,26.4,25.2,23.9
54.3,54.3,54.4,54.4,54.6,54.6,54.9,55.4,55.9,56.9,58.3,60.5,61.8,62.1,61.5,60.5,59.3,57.6,55.4,52.9,49.9,46.8,45.5,45.0,44.6,44.6,44.8,44.8,44.8,45.1,45.0,45.0,45.3,45.7,45.9,47.5,49.4,50.4,50.4,49.7,48.7,47.0,44.9,42.3,39.4,37.0,36.8,36.4,36.5,36.7,36.9,37.0,36.7,36.8,36.4,36.2,36.4,36.3,36.7,37.2,38.8,39.5,39.6,38.9,37.6,36.1,34.1,32.0,29.8,28.7,28.5,28.1,27.6,27.3,26.7,26.3,26.2,26.4,26.3,26.1,25.7,25.8,25.8,25.8,26.8,28.1,28.3,28.0,27.5,26.4,25.2
54.1,53.9,54.0,54.0,54.0,54.1,54.2,54.7,55.0,55.6,56.2,57.7,59.8,61.2,61.4,61.0,59.9,58.8,57.3,54.8,52.5,49.5,46.2,44.8,44.4,44.2,44.3,44.3,44.4,44.4,44.6,44.5,44.9,45.0,45.0,45.5,47.1,49.4,50.2,50.1,49.5,48.5,46.7,44.4,42.0,38.9,36.7,36.3,36.1,36.3,36.5,36.6,36.5,36.2,36.1,35.8,35.9,35.8,36.1,36.4,37.0,38.3,39.3,39.2,38.3,37.1,35.6,33.6,31.6,29.3,28.3,27.9,27.4,27.1,26.4,26.0,25.9,26.1,26.0,25.8,25.3,25.3,25.2,25.2,25.5,27.0,28.2,28.6,28.3,27.4,26.4
54.0,53.7,53.5,53.5,53.5,53.6,53.7,54.0,54.3,54.7,54.9,55.7,57.0,59.1,60.5,61.0,60.4,59.5,58.4,56.7,54.5,52.0,48.9,45.4,44.2,44.0,43.9,43.8,43.9,44.0,44.0,44.0,44.3,44.5,44.3,44.6,45.1,47.0,49.2,50.0,49.9,49.3,48.1,46.2,44.0,41.5,38.5,36.1,36.0,36.0,36.0,36.1,36.0,35.9,35.6,35.5,35.5,35.3,35.7,35.8,36.2,36.5,38.1,38.9,38.6,37.8,36.7,35.1,33.2,31.0,28.7,27.6,27.2,26.9,26.1,25.7,25.6,25.8,25.7,25.4,25.1,24.9,24.8,24.7,24.9,25.8,27.3,28.6,28.8,28.2,27.5
56.0,53.5,53.3,53.1,53.0,53.0,53.2,53.6,53.7,53.9,54.0,54.4,55.2,56.4,58.5,60.0,60.3,59.9,59.1,57.9,56.4,53.9,51.3,48.1,44.7,43.8,43.7,43.5,43.4,43.5,43.5,43.4,43.8,43.9,43.8,43.9,44.1,45.0,46.7,48.9,49.7,49.7,48.9,47.7,45.8,43.5,41.0,37.9,35.7,35.8,35.8,35.8,35.6,35.4,35.3,35.0,35.1,34.8,35.1,35.3,35.5,35.7,36.3,37.7,38.3,38.1,37.4,36.2,34.7,32.6,30.4,28.0,27.0,26.6,25.9,25.4,25.3,25.5,25.4,25.1,24.7,24.7,24.4,24.3,24.4,25.2,26.1,27.6,28.7,28.7,28.2
59.1,55.6,53.2,53.0,52.5,52.5,52.6,53.1,53.3,53.3,53.2,53.5,53.9,54.6,55.8,58.0,59.4,59.9,59.5,58.6,57.6,55.9,53.3,50.6,47.4,44.2,43.5,43.3,43.1,43.0,43.0,43.0,43.2,43.3,43.2,43.5,43.4,44.0,44.7,46.5,48.6,49.5,49.3,48.6,47.2,45.2,43.0,40.4,37.6,35.5,35.7,35.5,35.2,35.0,34.9,34.7,34.7,34.5,34.7,34.8,35.0,35.1,35.5,36.0,37.1,37.8,37.7,36.9,35.9,34.1,32.0,29.6,27.3,26.4,25.6,25.2,25.1,25.1,25.1,24.8,24.4,24.3,24.1,24.0,24.0,24.7,25.5,26.4,27.7,28.7,28.7
61.9,58.7,55.0,52.8,52.3,52.1,52.0,52.5,52.7,52.8,52.6,52.8,53.0,53.3,54.1,55.3,57.3,59.0,59.5,59.1,58.4,57.1,55.2,52.5,49.7,46.7,43.9,43.1,42.8,42.7,42.6,42.5,42.7,42.7,42.7,42.9,43.1,43.3,43.8,44.6,46.1,48.4,49.1,49.0,48.1,46.8,44.7,42.4,40.1,37.3,35.4,35.5,34.9,34.6,34.5,34.3,34.4,34.1,34.4,34.4,34.5,34.5,34.9,35.1,35.5,36.6,37.4,37.2,36.5,35.2,33.4,31.1,28.9,26.7,25.4,25.0,24.9,25.0,24.8,24.5,24.1,23.9,23.8,23.8,23.7,24.3,25.1,25.8,26.5,27.7,28.7
64.3,61.5,58.1,54.6,52.1,51.8,51.6,52.0,52.1,52.2,52.2,52.2,52.4,52.5,52.9,53.7,54.8,56.9,58.6,59.0,58.8,57.9,56.4,54.4,51.6,49.0,46.3,43.4,42.6,42.4,42.3,42.1,42.3,42.2,42.1,42.3,42.5,42.9,43.2,43.7,44.1,45.9,48.0,48.9,48.5,47.7,46.3,44.1,42.1,39.7,37.0,35.2,34.9,34.3,34.0,33.9,33.9,33.7,34.0,34.1,34.1,34.2,34.4,34.5,34.8,35.0,36.2,37.0,36.8,35.9,34.5,32.5,30.4,28.2,25.7,24.7,24.6,24.7,24.5,24.1,23.9,23.6,23.4,23.4,23.4,24.1,24.7,25.4,26.0,26.5,27.7
66.0,63.8,60.8,57.7,53.9,51.6,51.3,51.5,51.6,51.7,51.5,51.8,51.9,51.9,52.1,52.5,53.2,54.3,56.4,58.1,58.8,58.3,57.2,55.7,53.5,50.8,48.5,45.7,42.9,42.2,42.0,41.8,41.8,41.7,41.8,41.8,41.9,42.4,42.8,43.0,43.1,44.0,45.5,47.7,48.4,48.0,47.2,45.6,43.8,41.8,39.3,36.7,34.7,34.2,33.7,33.5,33.6,33.3,33.6,33.7,33.7,33.7,34.0,34.0,34.2,34.3,34.7,35.8,36.6,36.2,35.2,33.6,31.7,29.6,27.2,25.0,24.4,24.4,24.4,23.8,23.5,23.4,23.1,23.0,23.1,23.7,24.5,25.1,25.6,26.0,26.6
67.3,65.4,63.1,60.4,57.0,53.3,51.0,51.2,51.1,51.1,51.0,51.1,51.4,51.4,51.4,51.8,51.9,52.7,53.9,55.8,57.8,58.2,57.6,56.5,54.7,52.5,50.2,47.9,45.1,42.4,41.8,41.6,41.5,41.2,41.3,41.3,41.4,41.7,42.2,42.7,42.5,43.0,43.7,45.3,47.2,47.9,47.5,46.6,45.4,43.5,41.4,38.9,36.0,34.0,33.5,33.2,33.1,33.0,33.2,33.3,33.3,33.4,33.6,33.6,33.6,33.7,34.0,34.3,35.5,36.0,35.5,34.3,32.9,31.0,28.8,26.4,24.7,24.2,24.2,23.6,23.2,23.1,22.8,22.7,22.8,23.4,24.2,24.9,25.3,25.6,26.2
68.1,66.7,64.7,62.7,59.8,56.4,52.7,50.8,50.8,50.7,50.4,50.6,50.7,50.9,50.9,51.1,51.3,51.4,52.3,53.3,55.5,57.2,57.6,56.8,55.5,53.8,51.9,49.7,47.4,44.6,41.9,41.4,41.2,40.9,40.8,40.9,41.0,41.2,41.5,42.0,42.2,42.3,42.6,43.4,44.8,46.6,47.4,46.9,46.4,45.0,43.0,40.9,38.1,35.3,33.3,33.1,32.8,32.6,32.9,32.9,33.0,33.0,33.2,33.2,33.3,33.2,33.4,33.7,34.0,34.8,35.3,34.6,33.5,32.1,30.1,28.0,26.1,24.4,24.0,23.4,23.1,22.8,22.4,22.4,22.5,23.2,23.9,24.6,25.0,25.3,25.8
68.5,67.5,66.1,64.3,62.1,59.2,55.9,52.5,50.4,50.3,50.0,50.1,50.3,50.3,50.5,50.6,50.7,50.8,51.0,51.8,53.1,54.9,56.6,56.8,55.8,54.7,53.3,51.3,49.1,46.9,44.1,41.5,41.0,40.6,40.5,40.5,40.6,40.8,41.1,41.3,41.5,42.0,42.0,42.3,42.9,44.2,46.1,46.8,46.8,45.9,44.5,42.5,40.1,37.4,34.6,32.9,32.7,32.3,32.6,32.7,32.6,32.7,32.9,32.9,32.8,32.8,32.9,33.1,33.4,33.4,34.2,34.4,33.8,32.8,31.3,29.4,27.7,25.8,24.2,23.2,22.9,22.7,22.0,22.0,22.2,22.8,23.7,24.3,24.7,25.1,25.6
68.3,67.9,66.8,65.6,63.7,61.6,58.8,55.6,52.1,50.0,49.6,49.7,49.7,49.8,49.9,50.1,50.2,50.2,50.4,50.6,51.7,52.5,54.3,55.8,55.7,55.0,54.1,52.7,50.8,48.7,46.4,43.8,41.1,40.4,40.2,40.1,40.2,40.5,40.7,40.9,40.9,41.4,41.7,41.8,41.9,42.4,43.8,45.6,46.6,46.3,45.4,43.9,41.7,39.3,36.6,34.1,32.5,32.2,32.3,32.3,32.3,32.3,32.4,32.7,32.5,32.4,32.6,32.6,32.8,32.8,32.7,33.3,33.7,33.1,32.0,30.6,29.1,27.3,25.4,23.3,22.7,22.5,21.9,21.7,21.9,22.5,23.3,24.1,24.3,24.8,25.3
67.6,67.8,67.3,66.3,65.0,63.1,61.2,58.5,55.3,51.6,49.2,49.3,49.3,49.3,49.4,49.6,49.7,49.7,49.8,50.0,50.5,51.2,51.8,53.5,54.8,54.9,54.4,53.4,52.2,50.4,48.2,46.2,43.3,40.5,40.0,39.8,39.8,40.1,40.3,40.5,40.4,40.8,41.0,41.4,41.4,41.5,42.1,43.2,45.3,46.1,45.8,44.8,43.1,40.9,38.5,36.1,33.6,32.1,32.2,32.1,31.9,32.1,32.1,32.2,32.3,32.1,32.2,32.3,32.2,32.2,32.2,31.8,32.7,32.9,32.3,31.3,30.2,28.6,26.9,24.6,22.8,22.4,21.7,21.5,21.6,22.2,23.0,23.8,24.0,24.5,25.0
66.0,66.9,67.1,66.9,65.7,64.3,62.8,60.9,58.2,54.8,50.8,48.9,48.9,48.8,48.8,49.2,49.3,49.3,49.4,49.4,50.0,50.0,50.5,51.1,52.5,54.1,54.3,53.8,53.0,51.7,50.0,48.1,45.7,42.7,40.1,39.6,39.6,39.7,39.9,40.1,40.0,40.3,40.4,40.7,41.0,40.9,41.1,41.6,42.8,44.8,45.5,45.1,43.9,42.2,40.2,38.0,35.5,33.1,32.0,31.9,31.8,31.8,31.9,31.8,31.8,32.0,31.8,31.9,31.9,31.6,31.6,31.2,31.3,31.9,32.2,31.6,31.0,29.7,28.1,26.2,24.0,22.5,21.5,21.4,21.5,21.8,22.7,23.5,23.8,24.2,24.6
62.8,65.4,66.3,66.7,66.2,65.0,64.0,62.5,60.5,57.8,54.1,50.5,48.6,48.4,48.3,48.6,48.8,48.8,48.8,49.0,49.3,49.5,49.4,49.9,50.3,51.8,53.4,53.6,53.4,52.5,51.3,49.9,47.6,45.1,42.3,39.6,39.4,39.4,39.6,39.7,39.6,39.9,40.0,40.1,40.3,40.6,40.6,40.7,41.3,42.5,44.3,44.8,44.2,43.0,41.5,39.6,37.4,35.1,33.0,31.8,31.6,31.6,31.5,31.6,31.6,31.5,31.7,31.5,31.5,31.3,31.0,30.7,30.7,30.5,31.1,31.5,31.3,30.4,29.2,27.4,25.6,23.6,21.7,21.2,21.4,21.7,22.3,23.1,23.4,23.9,24.4
60.3,62.2,64.7,65.9,66.0,65.6,64.7,63.7,62.2,60.0,57.0,53.7,50.0,48.2,48.0,48.1,48.2,48.4,48.4,48.4,48.9,48.8,48.9,48.8,49.2,49.6,51.2,52.7,53.2,52.9,52.1,51.2,49.4,47.0,44.7,41.8,39.4,39.2,39.4,39.4,39.2,39.5,39.5,39.6,39.7,39.9,40.2,40.2,40.3,41.1,41.9,43.6,43.9,43.3,42.3,40.9,39.0,36.9,34.9,32.7,31.4,31.4,31.4,31.3,31.3,31.2,31.2,31.4,31.1,31.0,30.7,30.1,30.1,29.8,29.7,30.4,31.2,30.8,30.0,28.5,26.8,25.1,22.9,21.4,21.2,21.6,22.2,22.8,23.0,23.6,24.0
59.0,59.8,61.7,64.3,65.3,65.4,65.3,64.4,63.4,61.7,59.3,56.5,53.1,49.5,47.7,47.8,47.8,47.8,48.0,47.9,48.2,48.4,48.2,48.3,48.2,48.6,49.0,50.5,52.3,52.7,52.6,52.1,50.7,48.7,46.6,44.3,41.6,39.2,39.2,39.1,38.8,39.1,39.2,39.1,39.1,39.3,39.6,39.8,39.8,40.2,40.6,41.3,42.7,43.0,42.6,41.7,40.3,38.6,36.8,34.6,32.3,31.3,31.2,31.2,30.9,30.9,30.9,30.8,30.8,30.5,30.4,29.8,29.6,29.2,29.1,29.0,30.2,30.7,30.4,29.2,28.0,26.3,24.4,22.6,21.4,21.5,22.1,22.7,22.6,23.3,23.8
57.9,58.5,59.4,61.3,63.6,64.6,65.1,64.9,64.1,62.9,61.0,58.7,55.9,52.6,49.0,47.5,47.6,47.4,47.4,47.6,47.8,47.7,47.9,47.7,47.6,47.7,48.1,48.5,50.1,51.8,52.4,52.4,51.5,50.2,48.3,46.2,44.2,41.4,39.2,38.9,38.6,38.7,38.7,38.8,38.8,38.7,39.0,39.2,39.5,39.7,39.7,40.0,40.6,41.7,42.3,42.0,41.1,39.8,38.3,36.5,34.2,32.1,31.0,31.0,30.8,30.5,30.6,30.6,30.3,30.3,29.9,29.5,29.3,28.6,28.4,28.4,28.8,29.7,30.3,29.7,28.8,27.4,25.7,24.1,22.7,21.8,22.0,22.5,22.6,22.9,23.4
57.1,57.5,58.1,59.0,60.6,62.9,64.3,64.8,64.6,63.6,62.2,60.5,58.0,55.3,52.0,48.8,47.3,47.2,47.0,47.0,47.4,47.3,47.1,47.3,47.1,47.2,47.2,47.6,48.1,49.6,51.5,52.3,51.8,50.9,49.8,48.0,46.1,44.0,41.3,38.9,38.4,38.5,38.2,38.3,38.4,38.4,38.4,38.6,38.9,39.3,39.2,39.2,39.4,39.7,41.0,41.7,41.4,40.6,39.5,38.0,36.0,34.0,31.8,30.8,30.7,30.3,30.3,30.3,30.0,29.8,29.6,29.1,29.0,28.3,27.8,27.8,28.2,28.4,29.3,29.6,29.2,28.2,26.8,25.4,24.3,23.0,22.2,22.4,22.4,22.9,23.0
56.3,56.7,57.1,57.7,58.4,60.1,62.6,63.9,64.5,64.1,62.9,61.7,59.8,57.4,54.8,51.7,48.4,46.9,46.7,46.7,46.8,46.9,46.6,46.5,46.7,46.7,46.8,46.8,47.2,47.7,49.2,51.3,51.7,51.2,50.5,49.5,47.8,45.9,43.8,40.9,38.4,38.4,38.0,38.0,37.9,38.0,38.1,38.0,38.4,38.8,38.8,38.7,38.6,38.6,39.0,40.5,41.1,41.0,40.3,39.2,37.6,35.8,33.7,31.5,30.5,30.2,30.1,29.9,29.7,29.5,29.2,28.8,28.6,28.0,27.5,27.3,27.6,27.9,28.0,28.6,29.2,28.7,27.6,26.5,25.6,24.5,23.4,22.6,22.3,22.7,23.0
55.7,55.9,56.4,56.7,57.1,57.9,59.7,62.2,63.6,64.0,63.4,62.3,61.0,59.2,56.8,54.3,51.2,47.9,46.3,46.4,46.5,46.3,46.2,46.0,46.0,46.3,46.3,46.4,46.4,46.8,47.2,49.1,50.8,51.1,50.9,50.2,49.3,47.6,45.7,43.5,40.5,38.2,37.9,37.7,37.6,37.5,37.7,37.7,37.8,38.2,38.3,38.3,38.1,37.8,37.9,38.6,39.8,40.7,40.5,40.0,38.7,37.4,35.4,33.3,31.2,29.9,29.9,29.7,29.3,29.2,28.9,28.4,28.3,27.6,27.3,27.0,27.1,27.3,27.5,27.3,28.1,28.6,28.1,27.4,26.8,25.8,24.9,23.8,22.5,22.6,22.9
