day 0,day 1,day 2,day 3,day 4,day 5,day 6,day 7,day 8,day 9,day 10,day 11,day 12,day 13,day 14,day 15,day 16,day 17,day 18,day 19,day 20,day 21,day 22,day 23,day 24,day 25,day 26,day 27,day 28,day 29,day 30,day 31,day 32,day 33,day 34,day 35,day 36,day 37,day 38,day 39,day 40,day 41,day 42,day 43,day 44,day 45,day 46,day 47,day 48,day 49,day 50,day 51,day 52,day 53,day 54,day 55,day 56,day 57,day 58,day 59,day 60,day 61,day 62,day 63,day 64,day 65,day 66,day 67,day 68,day 69,day 70,day 71,day 72,day 73,day 74,day 75,day 76,day 77,day 78,day 79,day 80,day 81,day 82,day 83,day 84,day 85,day 86,day 87,day 88,day 89,day 90
65.6,66.2,66.7,67.4,68.2,69.6,72.4,76.8,78.9,79.5,79.3,78.4,77.0,74.8,71.9,68.3,63.8,58.6,56.2,56.2,56.1,56.2,56.3,57.0,57.2,57.3,57.5,58.2,59.0,59.6,61.0,64.4,66.9,67.5,67.0,66.0,64.8,62.9,60.1,56.6,52.7,48.6,48.0,47.9,47.9,48.0,48.3,48.3,48.5,49.0,49.4,49.9,50.3,50.6,51.8,54.3,57.7,58.3,57.8,56.8,55.2,53.5,51.1,48.2,44.9,42.3,42.4,42.5,42.9,43.2,43.1,42.7,42.6,42.6,42.5,42.8,43.1,43.8,44.6,45.9,48.1,48.8,48.5,47.6,46.5,44.9,43.4,41.8,39.9,39.1,39.3
64.8,65.3,65.8,66.2,67.0,67.8,69.3,72.0,76.5,78.7,79.3,78.9,77.9,76.3,74.4,71.6,67.9,63.2,58.1,55.7,55.6,55.6,55.8,56.0,56.5,56.6,56.6,57.2,58.1,58.4,59.0,60.3,64.1,66.5,66.9,66.6,66.0,64.5,62.4,59.7,56.2,52.4,48.3,47.4,47.6,47.5,47.7,47.8,47.8,48.1,48.7,49.2,49.4,49.7,50.1,51.5,54.0,57.1,57.7,57.2,56.3,55.0,53.5,51.0,48.2,44.6,42.2,42.2,42.5,42.8,42.6,42.4,42.2,42.3,42.0,42.1,42.7,42.9,43.7,44.2,45.5,47.9,48.5,48.2,47.4,46.5,45.2,43.8,42.1,39.9,39.3
64.4,64.5,64.9,65.3,65.8,66.6,67.4,68.9,71.7,76.2,78.5,78.9,78.5,77.3,75.9,74.0,71.1,67.3,62.7,57.6,55.2,55.1,55.1,55.5,55.6,56.0,55.9,56.4,57.1,57.6,57.8,58.4,60.1,63.7,66.0,66.5,66.5,65.7,64.0,62.0,59.3,55.9,52.1,47.7,47.1,47.1,47.2,47.3,47.4,47.4,47.8,48.5,48.7,48.9,49.3,49.9,51.3,53.4,56.6,57.1,56.8,56.2,54.9,53.3,50.9,47.9,44.4,42.0,42.2,42.4,42.2,42.0,41.8,41.8,41.7,41.6,42.1,42.5,42.8,43.3,43.8,45.3,47.6,48.2,48.1,47.5,46.8,45.7,44.1,42.1,40.1
63.6,64.0,64.2,64.4,64.9,65.4,66.3,67.1,68.7,71.3,76.0,78.1,78.5,77.8,76.8,75.6,73.4,70.4,66.7,62.2,57.0,54.6,54.6,54.8,55.2,55.1,55.3,55.7,56.2,56.6,56.9,57.2,58.1,59.9,63.1,65.5,66.4,66.2,65.2,63.5,61.5,59.1,55.7,51.7,47.4,46.6,46.8,46.8,46.8,47.0,47.2,47.6,48.1,48.2,48.3,49.0,49.8,50.8,53.0,56.0,56.7,56.7,56.1,54.8,53.2,50.6,47.6,44.1,42.0,42.0,41.8,41.6,41.4,41.6,41.1,41.3,41.5,41.9,42.4,42.4,42.9,43.7,45.0,47.3,48.1,48.2,47.8,47.3,46.0,44.1,42.3
63.1,63.3,63.5,63.7,64.1,64.6,65.0,65.9,66.8,68.3,71.0,75.6,77.7,77.8,77.4,76.5,74.9,72.7,69.9,66.2,61.5,56.4,54.1,54.3,54.6,54.7,54.4,55.0,55.5,55.8,56.0,56.2,56.8,58.0,59.4,62.6,65.5,66.1,65.7,64.6,63.0,61.3,58.9,55.5,51.5,46.9,46.3,46.4,46.3,46.5,46.8,46.9,47.2,47.5,47.7,48.1,48.8,49.4,50.5,52.5,55.6,56.5,56.6,55.9,54.7,52.9,50.3,47.3,44.0,41.8,41.5,41.1,41.0,41.2,40.8,40.7,41.2,41.4,41.8,42.0,42.1,42.8,43.3,44.6,47.2,48.3,48.5,48.4,47.5,46.0,44.3
62.6,62.8,62.9,63.1,63.3,63.7,64.2,64.7,65.6,66.4,67.9,70.5,75.2,76.9,77.3,77.1,75.8,74.2,72.1,69.4,65.5,60.8,55.8,53.9,54.0,54.0,54.0,54.2,54.9,55.1,55.2,55.3,55.9,56.6,57.5,58.9,62.4,65.0,65.5,65.2,64.1,62.8,61.2,58.8,55.2,50.9,46.5,45.8,45.9,45.9,46.3,46.5,46.5,46.6,47.0,47.5,47.9,48.4,49.1,50.0,52.1,55.4,56.4,56.3,55.7,54.3,52.5,50.0,47.0,43.6,41.3,40.9,40.6,40.8,40.4,40.3,40.6,41.1,41.3,41.4,41.6,42.0,42.5,42.9,44.6,47.3,48.6,49.1,48.6,47.5,46.2
62.4,62.3,62.3,62.4,62.7,62.9,63.3,63.8,64.4,65.3,66.1,67.6,70.2,74.5,76.3,76.9,76.4,75.2,73.7,71.5,68.6,64.7,60.3,55.4,53.5,53.4,53.3,53.8,54.0,54.4,54.4,54.5,55.0,55.6,56.2,57.1,58.8,62.0,64.5,64.9,64.7,63.9,62.7,61.1,58.7,54.7,50.5,46.0,45.4,45.5,45.8,46.0,46.1,45.9,46.2,46.8,47.2,47.5,48.1,48.6,49.7,51.9,55.3,56.2,56.2,55.4,53.9,52.2,49.6,46.6,42.9,40.6,40.4,40.4,40.0,39.9,40.3,40.5,40.9,40.8,41.0,41.5,41.7,42.1,42.9,44.8,47.7,49.1,49.2,48.6,47.7
65.2,62.0,61.8,61.8,62.0,62.3,62.6,63.0,63.6,64.1,64.9,65.7,67.2,69.7,74.0,76.0,76.3,75.8,74.6,73.1,70.8,67.9,64.3,59.9,55.1,53.0,52.7,53.1,53.5,53.6,53.8,53.8,54.2,54.8,55.2,55.8,56.9,58.5,61.5,63.9,64.5,64.5,63.8,62.6,61.0,58.1,54.2,49.9,45.5,45.0,45.3,45.5,45.6,45.5,45.4,46.0,46.6,46.9,47.2,47.6,48.3,49.5,51.8,55.1,56.1,55.9,55.0,53.6,51.8,49.1,45.9,42.2,40.1,40.2,39.6,39.6,39.9,40.1,40.3,40.4,40.5,40.9,41.2,41.4,42.1,43.2,45.2,48.2,49.2,49.3,48.7
69.7,64.8,61.6,61.3,61.5,61.6,61.9,62.2,62.8,63.3,63.7,64.5,65.3,66.7,69.2,73.7,75.4,75.6,75.3,74.1,72.4,70.0,67.5,63.8,59.3,54.4,52.4,52.5,52.8,53.1,52.9,53.1,53.5,53.9,54.3,54.8,55.7,56.6,58.1,60.9,63.5,64.3,64.4,63.7,62.6,60.6,57.5,53.6,49.3,45.2,44.8,45.1,45.1,45.0,45.1,45.3,45.7,46.3,46.7,46.8,47.3,48.1,49.5,51.8,55.0,55.8,55.5,54.7,53.2,51.3,48.4,45.1,41.6,39.9,39.4,39.2,39.6,39.8,39.9,39.9,40.2,40.4,40.6,40.9,41.3,42.5,43.5,45.8,48.3,49.2,49.3
73.4,69.3,64.3,61.0,61.0,61.1,61.2,61.5,62.0,62.5,62.9,63.3,64.2,64.9,66.4,69.0,73.1,74.7,75.3,74.8,73.3,71.7,69.7,67.0,63.2,58.5,53.7,52.1,52.3,52.4,52.5,52.3,52.9,53.2,53.5,54.0,54.6,55.4,56.3,57.6,60.4,63.3,64.2,64.4,63.7,62.1,59.9,56.8,53.0,48.9,44.9,44.6,44.7,44.4,44.6,44.9,45.1,45.5,46.1,46.3,46.5,47.2,48.1,49.5,51.7,54.7,55.4,55.2,54.3,52.6,50.5,47.6,44.5,41.3,39.1,38.9,39.3,39.6,39.6,39.5,39.7,40.1,40.1,40.4,40.9,41.7,42.8,44.1,45.9,48.3,49.4
76.6,73.1,68.9,63.7,60.6,60.6,60.7,60.9,61.3,61.7,62.1,62.5,63.0,63.7,64.6,66.2,68.4,72.5,74.4,74.7,74.0,72.7,71.3,69.2,66.3,62.3,57.8,53.3,51.9,51.9,51.7,51.8,52.0,52.6,52.8,53.1,53.9,54.4,55.1,55.8,57.2,60.2,63.1,64.2,64.4,63.3,61.4,59.2,56.2,52.5,48.6,44.6,44.2,44.1,44.0,44.4,44.7,44.9,45.4,45.7,46.0,46.4,47.2,48.2,49.6,51.4,54.2,55.1,54.7,53.5,51.8,49.6,47.0,44.1,40.5,38.7,39.0,39.2,39.3,39.2,39.3,39.6,39.7,39.9,40.4,41.3,42.1,43.3,44.2,45.9,48.5
78.8,76.2,72.8,68.4,63.3,60.2,60.2,60.4,60.6,60.9,61.3,61.6,62.1,62.6,63.5,64.4,65.8,67.7,72.1,73.8,74.0,73.5,72.3,70.7,68.5,65.4,61.6,57.4,52.9,51.5,51.3,51.1,51.6,51.8,52.2,52.5,53.0,53.7,54.2,54.7,55.4,57.0,59.9,63.0,64.2,63.9,62.5,60.7,58.6,55.7,52.2,48.2,44.2,43.5,43.8,43.9,44.2,44.5,44.8,45.0,45.4,45.8,46.5,47.4,48.2,49.3,51.1,54.0,54.7,54.0,52.8,50.9,49.0,46.6,43.2,40.0,38.8,39.0,39.0,38.9,39.1,39.2,39.3,39.5,39.9,40.9,41.6,42.6,43.5,44.2,46.0
80.3,78.4,75.9,72.4,68.0,62.8,59.9,59.9,60.0,60.3,60.6,60.8,61.3,61.7,62.3,63.4,64.1,65.1,67.2,71.5,73.0,73.4,73.1,71.8,70.0,67.6,64.6,61.1,56.9,52.5,50.9,50.6,50.9,51.4,51.4,51.9,52.3,52.8,53.4,53.8,54.3,55.2,56.6,59.7,63.0,63.7,63.2,62.0,60.0,58.1,55.3,51.8,47.6,43.5,43.2,43.6,43.7,44.0,44.4,44.5,44.8,45.3,45.9,46.6,47.4,48.0,48.9,50.9,53.6,53.9,53.2,51.9,50.4,48.6,45.6,42.8,40.0,38.8,38.8,38.6,38.7,38.9,38.9,39.1,39.6,40.3,41.2,42.2,42.8,43.4,44.3
81.2,79.9,78.2,75.6,72.0,67.6,62.4,59.6,59.6,59.7,59.9,60.1,60.5,60.8,61.5,62.2,63.0,63.5,64.6,66.7,70.7,72.5,73.1,72.6,71.1,69.1,66.8,64.2,60.7,56.4,51.8,50.3,50.5,50.7,50.9,51.2,51.7,52.1,52.6,53.0,53.4,54.2,54.8,56.4,59.6,62.6,63.0,62.7,61.3,59.5,57.7,54.9,51.3,47.0,43.2,43.1,43.4,43.5,43.9,44.2,44.3,44.7,45.4,46.1,46.7,47.2,47.7,48.9,50.6,52.7,53.1,52.4,51.4,50.0,47.6,45.2,42.7,40.0,38.6,38.3,38.5,38.5,38.6,38.7,39.2,40.0,40.7,41.7,42.4,42.8,43.6
81.8,80.8,79.7,77.9,75.1,71.7,67.2,62.0,59.3,59.2,59.3,59.4,59.7,60.1,60.7,61.3,61.9,62.5,63.0,64.1,65.9,70.2,72.2,72.6,71.8,70.3,68.4,66.4,63.6,60.1,55.7,51.2,50.2,50.3,50.3,50.7,51.1,51.6,51.8,52.3,52.7,53.2,53.9,54.5,56.3,59.1,61.9,62.4,62.0,60.8,59.2,57.2,54.3,50.7,46.7,43.1,42.9,43.2,43.5,43.7,44.0,44.2,44.9,45.6,46.2,46.4,46.8,47.6,48.6,49.9,52.0,52.3,51.9,50.9,49.1,47.3,45.0,42.6,39.8,38.2,38.3,38.3,38.2,38.4,38.9,39.6,40.4,41.2,41.9,42.3,43.0
81.7,81.5,80.6,79.4,77.4,74.8,71.3,66.8,61.7,58.9,58.8,58.9,59.0,59.3,59.9,60.5,61.0,61.3,62.0,62.6,63.4,65.5,69.8,71.7,71.8,71.0,69.6,68.0,65.9,63.0,59.4,55.2,51.0,50.0,49.9,50.1,50.6,50.9,51.3,51.5,51.9,52.5,52.8,53.5,54.4,55.9,58.4,61.4,61.8,61.5,60.4,58.7,56.6,53.8,50.4,46.5,42.9,42.7,43.2,43.2,43.5,43.9,44.4,45.0,45.6,45.9,46.1,46.6,47.4,47.9,49.1,51.1,51.8,51.5,50.1,48.8,47.0,44.9,42.3,39.3,38.1,38.1,38.0,38.0,38.6,39.3,40.0,40.9,41.3,41.9,42.5
81.0,81.5,81.2,80.3,78.9,77.3,74.5,70.9,66.5,61.2,58.5,58.4,58.5,58.7,59.2,59.8,60.2,60.5,60.9,61.6,61.9,63.0,65.1,69.2,70.9,71.0,70.3,69.2,67.5,65.1,62.3,58.9,55.0,50.6,49.5,49.7,50.0,50.5,50.7,50.9,51.2,51.8,52.1,52.5,53.3,54.0,55.3,57.8,60.7,61.3,61.1,59.9,58.1,56.1,53.4,50.1,46.1,42.7,42.7,42.9,43.0,43.5,44.0,44.6,45.1,45.4,45.5,46.0,46.5,46.8,47.2,48.3,50.7,51.3,50.7,49.8,48.5,46.8,44.5,41.8,39.2,38.0,37.7,37.8,38.3,39.1,39.7,40.5,41.0,41.4,42.0
79.0,80.8,81.1,80.9,79.9,78.7,76.9,74.1,70.6,66.2,60.8,58.1,58.1,58.2,58.5,59.0,59.5,59.7,60.0,60.5,61.0,61.5,62.6,64.6,68.4,70.0,70.3,69.9,68.6,66.7,64.5,61.9,58.7,54.6,50.2,49.4,49.7,50.0,50.2,50.3,50.6,51.0,51.4,51.7,52.3,52.9,53.4,54.7,57.1,60.2,61.0,60.6,59.3,57.7,55.8,53.1,49.7,45.8,42.7,42.5,42.7,43.0,43.6,44.3,44.6,44.9,45.1,45.4,45.9,45.9,46.1,46.4,47.9,50.3,50.6,50.5,49.5,48.3,46.4,44.0,41.6,39.0,37.6,37.6,38.1,38.7,39.4,40.2,40.6,41.1,41.6
74.4,78.7,80.4,80.9,80.5,79.6,78.3,76.6,73.8,70.4,65.8,60.3,57.8,57.8,58.1,58.4,58.7,59.0,59.3,59.6,59.9,60.5,61.1,62.2,64.0,67.6,69.4,69.8,69.3,68.0,66.1,64.2,61.7,58.2,54.1,49.9,49.3,49.6,49.7,49.8,50.0,50.4,50.5,51.0,51.4,52.0,52.3,52.9,54.0,56.6,59.9,60.4,60.0,58.9,57.4,55.6,52.6,49.3,45.6,42.4,42.3,42.7,43.1,43.8,44.2,44.4,44.6,45.0,45.2,45.3,45.3,45.4,46.1,47.4,49.5,50.4,50.2,49.3,48.0,45.9,43.8,41.4,38.6,37.5,37.9,38.5,39.1,40.0,40.2,40.8,41.3
71.1,74.0,78.3,80.1,80.5,80.3,79.3,78.1,76.4,73.7,70.0,65.3,60.0,57.4,57.6,58.0,58.1,58.2,58.6,58.9,59.0,59.4,60.2,60.7,61.6,63.3,66.9,68.9,69.3,68.6,67.4,65.9,64.1,61.2,57.7,53.9,49.8,49.3,49.3,49.3,49.5,49.8,49.9,50.1,50.7,51.1,51.4,51.8,52.3,53.6,56.3,59.2,59.8,59.6,58.7,57.2,55.1,52.1,49.0,45.3,42.2,42.3,42.8,43.4,43.7,44.0,44.1,44.5,44.8,44.6,44.7,44.5,45.0,45.6,46.7,49.4,50.1,50.0,49.0,47.5,45.7,43.5,41.0,38.5,37.8,38.3,38.9,39.5,40.0,40.5,41.0
69.3,70.7,73.6,78.0,79.8,80.3,79.9,79.1,77.9,76.3,73.3,69.6,64.9,59.6,57.2,57.5,57.6,57.6,57.8,58.2,58.4,58.6,59.1,59.8,60.1,60.9,62.7,66.4,68.3,68.6,68.0,67.2,65.7,63.5,60.8,57.5,53.8,49.7,49.0,49.0,49.0,49.3,49.3,49.4,49.8,50.4,50.5,50.9,51.3,51.9,53.4,55.7,58.7,59.4,59.3,58.4,56.6,54.5,51.8,48.6,45.0,42.2,42.4,43.0,43.3,43.6,43.7,44.0,44.4,44.2,44.0,44.1,44.1,44.6,45.0,46.6,49.1,49.9,49.6,48.5,47.2,45.4,43.2,40.9,38.7,38.2,38.6,39.3,39.5,40.2,40.7
68.2,69.0,70.4,73.3,77.6,79.5,79.8,79.7,79.0,77.8,75.9,72.9,69.0,64.5,59.3,57.2,57.1,57.0,57.2,57.3,57.7,58.0,58.3,58.7,59.2,59.5,60.4,62.3,65.7,67.7,68.0,67.8,66.9,65.2,63.2,60.7,57.4,53.5,49.4,48.6,48.7,48.7,48.8,48.9,49.1,49.5,49.9,50.1,50.4,50.9,51.7,52.8,55.1,58.3,59.2,59.0,57.8,56.1,54.2,51.3,48.4,44.8,42.3,42.6,42.9,43.1,43.4,43.7,44.0,43.9,43.6,43.4,43.7,43.7,44.0,44.9,46.4,48.9,49.6,49.2,48.2,47.0,45.0,43.0,41.0,39.1,38.6,39.1,39.4,39.7,40.4
67.0,67.8,68.6,70.0,72.8,77.2,79.1,79.6,79.5,78.8,77.4,75.5,72.3,68.7,64.1,59.2,56.7,56.6,56.6,56.7,56.7,57.2,57.6,57.8,58.2,58.6,59.1,60.2,61.7,65.1,67.1,67.8,67.5,66.4,64.8,63.1,60.5,57.0,53.1,48.9,48.3,48.4,48.2,48.4,48.6,48.8,49.0,49.4,49.6,50.1,50.7,51.2,52.2,54.5,58.0,58.9,58.4,57.3,55.6,53.7,51.2,48.2,44.8,42.5,42.5,42.8,42.9,43.3,43.6,43.5,43.2,42.9,43.0,43.3,43.2,43.9,44.7,46.3,48.6,49.1,48.8,47.9,46.6,44.9,43.0,41.3,39.5,39.1,39.1,39.5,39.9
66.2,66.7,67.4,68.2,69.6,72.4,76.8,78.9,79.5,79.3,78.4,77.0,74.8,71.9,68.3,63.8,58.6,56.2,56.2,56.1,56.2,56.3,57.0,57.2,57.3,57.5,58.2,59.0,59.6,61.0,64.4,66.9,67.5,67.0,66.0,64.8,62.9,60.1,56.6,52.7,48.6,48.0,47.9,47.9,48.0,48.3,48.3,48.5,49.0,49.4,49.9,50.3,50.6,51.8,54.3,57.7,58.3,57.8,56.8,55.2,53.5,51.1,48.2,44.9,42.3,42.4,42.5,42.9,43.2,43.1,42.7,42.6,42.6,42.5,42.8,43.1,43.8,44.6,45.9,48.1,48.8,48.5,47.6,46.5,44.9,43.4,41.8,39.9,39.1,39.3,39.7
65.3,65.8,66.2,67.0,67.8,69.3,72.0,76.5,78.7,79.3,78.9,77.9,76.3,74.4,71.6,67.9,63.2,58.1,55.7,55.6,55.6,55.8,56.0,56.5,56.6,56.6,57.2,58.1,58.4,59.0,60.3,64.1,66.5,66.9,66.6,66.0,64.5,62.4,59.7,56.2,52.4,48.3,47.4,47.6,47.5,47.7,47.8,47.8,48.1,48.7,49.2,49.4,49.7,50.1,51.5,54.0,57.1,57.7,57.2,56.3,55.0,53.5,51.0,48.2,44.6,42.2,42.2,42.5,42.8,42.6,42.4,42.2,42.3,42.0,42.1,42.7,42.9,43.7,44.2,45.5,47.9,48.5,48.2,47.4,46.5,45.2,43.8,42.1,39.9,39.3,39.6
