day 0,day 1,day 2,day 3,day 4,day 5,day 6,day 7,day 8,day 9,day 10,day 11,day 12,day 13,day 14,day 15,day 16,day 17,day 18,day 19,day 20,day 21,day 22,day 23,day 24,day 25,day 26,day 27,day 28,day 29,day 30,day 31,day 32,day 33,day 34,day 35,day 36,day 37,day 38,day 39,day 40,day 41,day 42,day 43,day 44,day 45,day 46,day 47,day 48,day 49,day 50,day 51,day 52,day 53,day 54,day 55,day 56,day 57,day 58,day 59,day 60,day 61,day 62,day 63,day 64,day 65,day 66,day 67,day 68,day 69,day 70,day 71,day 72,day 73,day 74,day 75,day 76,day 77,day 78,day 79,day 80,day 81,day 82,day 83,day 84,day 85,day 86,day 87,day 88,day 89,day 90,day 91,day 92,day 93
50.7,51.6,52.9,54.4,56.1,58.5,62.0,64.6,65.9,66.2,65.8,65.0,63.7,61.8,59.7,56.9,53.6,50.4,47.8,48.1,48.9,49.4,50.3,51.2,52.4,53.6,55.2,57.1,59.4,62.8,67.3,70.4,72.4,73.2,73.2,72.8,71.5,69.4,66.7,63.4,59.7,56.0,52.6,52.1,52.8,53.5,54.4,55.4,56.5,57.8,59.6,61.7,64.5,68.7,73.4,76.6,78.6,79.0,78.3,76.9,74.7,72.1,68.8,65.5,61.8,58.3,55.2,53.7,54.4,55.2,56.3,57.4,58.8,60.0,61.7,64.4,68.1,73.2,78.2,81.6,83.5,84.1,83.9,82.7,80.7,78.1,74.9,71.4,67.3,63.7,60.3,58.2,59.0,59.8
49.9,50.6,51.7,53.0,54.4,56.2,58.6,62.1,64.7,65.9,66.4,65.8,65.1,63.9,62.0,59.8,56.9,53.7,50.4,47.7,48.2,48.8,49.6,50.4,51.5,52.7,53.9,55.5,57.3,59.6,63.0,67.7,70.9,72.8,73.8,73.9,73.4,72.0,69.7,66.9,63.6,59.8,56.1,52.8,52.2,52.8,53.7,54.5,55.4,56.6,58.0,59.6,61.7,64.6,68.7,73.4,76.9,78.7,79.0,78.3,76.8,74.6,72.0,68.8,65.6,61.9,58.3,55.2,53.7,54.5,55.5,56.7,57.7,58.9,60.1,62.1,64.9,68.6,73.5,78.5,81.9,83.8,84.5,84.1,82.9,80.9,78.3,75.1,71.6,67.7,64.1,60.4,58.2,59.0
49.0,49.9,50.7,51.7,53.0,54.6,56.2,58.7,62.3,64.8,66.0,66.3,65.9,65.3,64.1,62.1,59.8,57.0,53.7,50.4,47.8,48.2,49.0,49.7,50.6,51.7,52.9,54.2,55.7,57.5,59.7,63.3,68.1,71.4,73.4,74.5,74.6,73.9,72.2,69.8,67.1,63.7,59.9,56.3,52.9,52.2,53.0,53.8,54.6,55.5,56.7,58.0,59.6,61.7,64.6,68.8,73.6,76.9,78.6,78.9,78.2,76.5,74.4,71.9,68.9,65.6,61.8,58.3,55.3,53.8,54.7,55.9,57.0,57.9,58.9,60.4,62.6,65.4,68.8,73.9,78.8,82.3,84.3,84.8,84.3,83.2,81.1,78.6,75.5,72.0,68.2,64.2,60.4,58.2
48.3,48.9,50.0,50.7,51.7,53.2,54.6,56.2,58.8,62.3,65.0,66.0,66.5,66.1,65.5,64.3,62.2,59.9,57.0,53.7,50.6,47.7,48.4,49.1,50.0,50.9,51.9,53.3,54.4,55.9,57.6,60.0,63.7,68.6,72.0,74.2,75.1,75.1,74.1,72.4,70.0,67.2,63.8,60.1,56.5,53.0,52.3,53.1,53.9,54.7,55.6,56.8,58.0,59.6,61.7,64.7,69.0,73.7,76.8,78.5,78.7,78.0,76.4,74.3,71.9,68.9,65.6,61.9,58.5,55.5,54.0,55.1,56.2,57.2,57.9,59.3,60.9,63.0,65.7,69.2,74.3,79.2,82.7,84.4,85.0,84.5,83.4,81.5,78.9,75.9,72.5,68.3,64.1,60.4
47.6,48.3,49.0,50.0,50.8,51.9,53.1,54.6,56.3,58.9,62.5,64.9,66.1,66.7,66.4,65.7,64.3,62.3,59.8,56.9,53.9,50.8,48.0,48.4,49.3,50.2,51.1,52.2,53.5,54.5,55.9,57.8,60.3,64.0,69.1,72.7,74.8,75.6,75.3,74.3,72.6,70.2,67.2,63.9,60.3,56.6,53.2,52.5,53.2,54.0,54.8,55.7,56.8,58.0,59.7,61.9,64.8,69.1,73.6,76.7,78.2,78.5,77.9,76.3,74.4,72.0,68.9,65.7,62.1,58.6,55.8,54.4,55.3,56.3,57.1,58.2,59.7,61.3,63.3,66.0,69.5,74.7,79.7,82.9,84.5,85.2,84.7,83.8,81.8,79.4,76.4,72.6,68.3,64.1
47.2,47.5,48.4,49.1,50.0,51.0,51.9,53.1,54.6,56.3,59.0,62.4,65.1,66.4,66.9,66.5,65.8,64.5,62.3,59.9,57.1,54.1,51.1,48.0,48.6,49.5,50.5,51.4,52.4,53.6,54.5,56.1,58.0,60.7,64.5,69.7,73.3,75.3,75.8,75.5,74.5,72.7,70.3,67.4,64.1,60.5,56.8,53.4,52.6,53.3,54.1,54.9,55.8,56.9,58.1,59.8,62.0,64.9,69.1,73.5,76.6,78.0,78.4,77.8,76.4,74.5,72.0,69.1,65.9,62.3,58.9,56.1,54.6,55.5,56.3,57.5,58.6,60.1,61.6,63.7,66.3,69.8,75.1,79.9,83.0,84.8,85.4,85.1,84.1,82.4,79.9,76.6,72.6,68.2
46.8,47.1,47.6,48.4,49.1,50.2,51.0,51.9,53.1,54.6,56.4,59.0,62.6,65.3,66.6,67.0,66.7,66.0,64.5,62.3,60.0,57.3,54.4,51.3,48.2,48.9,49.8,50.7,51.6,52.6,53.6,54.7,56.3,58.3,61.1,65.1,70.3,73.8,75.5,76.0,75.6,74.6,72.8,70.5,67.6,64.4,60.7,57.0,53.5,52.7,53.4,54.2,55.0,55.9,56.9,58.3,60.0,62.0,64.9,69.0,73.4,76.3,77.9,78.3,78.0,76.5,74.6,72.2,69.4,66.2,62.7,59.3,56.4,54.8,55.5,56.7,57.9,59.0,60.4,61.9,64.0,66.6,70.2,75.3,80.0,83.3,85.0,85.8,85.5,84.6,82.9,80.2,76.6,72.6
47.6,46.6,47.2,47.7,48.5,49.3,50.2,50.9,51.9,53.1,54.7,56.4,59.1,63.0,65.5,66.7,67.2,66.9,66.0,64.5,62.5,60.3,57.7,54.7,51.6,48.5,49.1,50.0,51.0,51.8,52.6,53.8,54.9,56.6,58.7,61.5,65.6,70.7,74.0,75.7,76.0,75.8,74.8,73.1,70.8,68.0,64.6,60.9,57.1,53.8,52.8,53.6,54.3,55.1,56.0,57.1,58.3,60.0,62.0,64.8,69.0,73.2,76.2,77.8,78.4,78.2,76.6,74.8,72.5,69.6,66.6,63.0,59.5,56.6,54.8,55.8,57.0,58.3,59.3,60.7,62.2,64.3,66.9,70.4,75.5,80.4,83.5,85.5,86.3,86.1,85.1,83.2,80.2,76.6
51.4,47.6,46.7,47.2,47.8,48.7,49.3,50.2,50.9,51.8,53.2,54.7,56.4,59.4,63.1,65.7,66.9,67.4,66.9,66.0,64.6,62.7,60.6,58.1,55.1,52.0,48.8,49.3,50.2,51.1,51.7,52.7,54.0,55.1,57.0,59.1,62.0,66.0,70.9,74.2,75.7,76.3,76.0,75.1,73.3,71.1,68.2,64.8,61.0,57.4,53.9,53.0,53.7,54.4,55.1,56.1,57.1,58.4,60.0,61.9,64.7,68.8,73.2,76.2,77.9,78.7,78.3,76.8,75.1,72.8,70.1,67.0,63.3,59.7,56.7,55.1,56.2,57.4,58.5,59.6,60.9,62.5,64.6,67.1,70.5,75.9,80.6,84.0,86.0,86.9,86.6,85.4,83.2,80.3
54.7,51.6,47.8,46.7,47.4,48.0,48.7,49.2,50.2,50.9,52.0,53.2,54.7,56.7,59.6,63.3,65.8,67.0,67.4,67.0,66.2,64.9,63.1,61.1,58.4,55.4,52.3,49.1,49.6,50.4,51.1,51.9,52.9,54.2,55.5,57.3,59.5,62.4,66.2,71.1,74.2,75.9,76.6,76.4,75.3,73.6,71.4,68.4,64.9,61.2,57.5,54.1,53.1,53.9,54.4,55.2,56.2,57.2,58.4,59.9,61.9,64.6,68.8,73.2,76.4,78.2,78.7,78.5,77.1,75.4,73.3,70.4,67.2,63.5,59.9,57.0,55.5,56.6,57.6,58.8,59.8,61.2,62.7,64.7,67.2,70.8,76.1,81.0,84.5,86.6,87.4,86.9,85.5,83.4
57.6,54.9,51.7,47.9,46.8,47.6,48.0,48.7,49.3,50.1,51.1,52.0,53.2,55.0,56.9,59.7,63.4,65.9,67.0,67.4,67.2,66.4,65.2,63.5,61.4,58.7,55.7,52.6,49.4,49.8,50.4,51.3,52.1,53.2,54.6,55.8,57.7,59.8,62.6,66.3,71.1,74.4,76.2,77.0,76.6,75.7,73.9,71.6,68.5,65.1,61.3,57.5,54.2,53.3,53.9,54.5,55.2,56.2,57.2,58.4,59.9,61.9,64.7,68.8,73.4,76.6,78.3,78.8,78.8,77.5,75.9,73.6,70.6,67.4,63.7,60.2,57.4,55.9,56.8,57.9,59.0,60.1,61.4,62.8,64.8,67.4,70.9,76.5,81.6,85.3,87.2,87.7,87.1,85.7
60.1,57.8,55.0,51.8,48.2,47.0,47.6,48.0,48.7,49.3,50.4,51.1,52.1,53.5,55.1,56.9,59.8,63.5,65.9,67.0,67.7,67.5,66.8,65.7,64.0,61.8,59.1,56.1,52.9,49.7,49.8,50.6,51.5,52.3,53.6,54.8,56.2,58.0,60.0,62.7,66.4,71.2,74.7,76.6,77.3,77.0,76.0,74.1,71.7,68.8,65.2,61.3,57.6,54.5,53.3,53.9,54.5,55.2,56.3,57.2,58.3,59.9,61.9,64.7,69.1,73.6,76.7,78.5,79.2,79.2,78.0,76.3,73.9,70.9,67.6,64.0,60.7,57.7,56.1,57.1,58.1,59.2,60.3,61.5,63.0,65.0,67.5,71.2,76.9,82.4,85.8,87.4,88.0,87.4
62.1,60.3,58.0,55.1,52.0,48.4,47.1,47.6,48.1,48.7,49.5,50.4,51.2,52.4,53.6,55.2,57.0,59.9,63.5,65.9,67.3,67.9,67.8,67.3,66.2,64.3,62.2,59.6,56.5,53.2,49.7,50.0,50.8,51.7,52.7,53.8,55.2,56.4,58.1,60.0,62.7,66.5,71.6,75.0,77.0,77.7,77.2,76.2,74.2,72.0,68.9,65.1,61.4,57.8,54.5,53.3,54.0,54.5,55.3,56.2,57.2,58.4,60.0,61.9,65.0,69.2,73.7,76.9,78.9,79.6,79.8,78.3,76.6,74.1,71.2,68.0,64.5,61.1,58.1,56.4,57.3,58.3,59.5,60.4,61.6,63.2,65.1,67.7,71.5,77.7,82.9,86.0,87.6,88.3
63.6,62.3,60.5,58.1,55.3,52.1,48.6,47.0,47.7,48.0,48.9,49.5,50.5,51.4,52.6,53.7,55.2,57.0,59.8,63.6,66.1,67.5,68.2,68.4,67.9,66.5,64.8,62.6,59.9,56.7,53.3,50.0,50.2,51.0,52.1,52.9,54.1,55.4,56.6,58.1,60.1,62.9,66.8,71.9,75.4,77.5,77.9,77.5,76.3,74.5,72.0,68.7,65.1,61.6,57.9,54.6,53.4,54.0,54.6,55.3,56.3,57.3,58.4,60.0,62.1,65.0,69.3,74.0,77.3,79.3,80.2,80.1,78.7,76.9,74.4,71.6,68.5,64.9,61.4,58.4,56.6,57.5,58.5,59.5,60.5,61.8,63.2,65.2,68.0,72.1,78.1,83.1,86.2,87.9
64.6,63.8,62.5,60.6,58.2,55.4,52.2,48.6,47.1,47.6,48.3,48.9,49.5,50.7,51.7,52.6,53.7,55.2,56.9,59.9,63.8,66.3,67.9,68.8,69.0,68.2,67.0,65.2,63.0,60.2,56.9,53.5,50.2,50.4,51.3,52.3,53.3,54.3,55.6,56.5,58.2,60.3,63.2,67.2,72.3,75.9,77.8,78.2,77.6,76.5,74.5,71.8,68.6,65.3,61.6,58.0,54.7,53.4,54.0,54.6,55.4,56.3,57.3,58.5,60.1,62.1,65.1,69.5,74.3,77.8,79.9,80.4,80.4,79.0,77.2,74.9,72.2,69.0,65.3,61.8,58.6,56.9,57.7,58.5,59.6,60.7,61.8,63.3,65.5,68.6,72.5,78.3,83.2,86.5
65.1,64.8,64.0,62.6,60.7,58.4,55.5,52.2,48.8,47.1,47.9,48.3,48.9,49.8,50.9,51.7,52.6,53.7,55.2,57.0,60.0,64.0,66.7,68.5,69.4,69.3,68.8,67.5,65.7,63.2,60.4,57.2,53.9,50.5,50.8,51.5,52.6,53.4,54.5,55.5,56.7,58.3,60.5,63.5,67.5,72.7,76.2,78.0,78.3,77.8,76.6,74.3,71.8,68.8,65.4,61.7,58.1,54.8,53.4,54.0,54.7,55.4,56.3,57.4,58.6,60.1,62.2,65.3,69.9,74.8,78.4,80.2,80.8,80.7,79.4,77.8,75.5,72.7,69.4,65.7,62.0,58.9,57.1,57.7,58.7,59.8,60.8,62.0,63.6,66.0,68.9,72.7,78.4,83.5
64.9,65.3,65.0,64.1,62.8,60.8,58.4,55.5,52.3,49.0,47.3,47.9,48.3,49.2,50.0,50.9,51.7,52.7,53.6,55.3,57.2,60.2,64.3,67.3,69.0,69.8,70.0,69.2,67.9,66.0,63.6,60.8,57.5,54.1,50.9,50.9,51.9,52.8,53.6,54.5,55.7,56.8,58.5,60.8,63.7,67.8,73.0,76.4,78.2,78.6,77.8,76.4,74.3,72.0,68.9,65.4,61.8,58.1,54.8,53.4,54.1,54.7,55.5,56.4,57.6,58.6,60.1,62.3,65.5,70.3,75.4,78.7,80.5,81.2,81.1,79.9,78.4,75.9,73.1,69.7,65.9,62.3,59.1,57.1,57.9,58.8,59.8,61.0,62.3,64.1,66.3,69.0,72.8,78.6
63.8,65.1,65.6,65.1,64.3,62.9,60.9,58.5,55.7,52.5,49.3,47.4,47.9,48.5,49.5,50.1,50.9,51.7,52.6,53.7,55.4,57.4,60.5,64.9,67.8,69.5,70.4,70.4,69.8,68.3,66.3,64.0,61.2,57.9,54.6,51.1,51.3,52.0,53.0,53.7,54.6,55.8,57.0,58.7,60.9,64.0,68.1,73.2,76.5,78.3,78.6,77.7,76.4,74.5,72.0,69.0,65.6,61.8,58.1,54.8,53.5,54.1,54.8,55.6,56.6,57.5,58.6,60.2,62.6,65.9,70.8,75.7,79.1,80.8,81.5,81.7,80.6,78.9,76.4,73.5,70.1,66.3,62.5,59.1,57.3,58.0,58.8,60.0,61.2,62.8,64.3,66.4,69.0,73.0
61.3,64.0,65.3,65.7,65.2,64.4,63.0,61.0,58.7,55.8,52.8,49.5,47.4,48.1,48.8,49.5,50.1,50.9,51.6,52.6,53.8,55.5,57.6,61.0,65.3,68.2,70.1,71.0,70.9,70.1,68.7,66.8,64.5,61.6,58.4,55.0,51.6,51.5,52.3,53.0,53.8,54.7,55.9,57.2,58.9,61.2,64.3,68.4,73.3,76.7,78.3,78.6,77.7,76.5,74.5,72.1,69.2,65.6,61.8,58.2,54.9,53.5,54.1,55.0,55.8,56.5,57.6,58.8,60.4,62.9,66.4,71.2,76.1,79.3,81.2,82.2,82.3,81.0,79.3,76.8,73.8,70.4,66.5,62.7,59.3,57.4,58.1,59.0,60.2,61.7,63.0,64.4,66.4,69.2
58.0,61.5,64.2,65.4,65.8,65.3,64.5,63.1,61.1,58.9,56.1,52.9,49.6,47.6,48.3,48.8,49.5,50.1,50.8,51.7,52.7,54.1,55.7,58.1,61.4,65.8,68.8,70.6,71.4,71.2,70.6,69.2,67.3,64.9,62.2,58.8,55.4,51.8,51.7,52.3,53.2,53.9,54.9,56.0,57.3,59.1,61.4,64.4,68.5,73.5,76.7,78.2,78.6,77.9,76.6,74.6,72.4,69.2,65.6,61.8,58.1,54.9,53.5,54.3,55.1,55.8,56.6,57.7,58.9,60.7,63.4,66.8,71.5,76.3,79.7,81.9,82.8,82.6,81.4,79.7,77.1,74.1,70.7,66.7,62.9,59.4,57.4,58.2,59.2,60.6,61.8,63.1,64.4,66.5
55.8,58.2,61.7,64.3,65.5,65.9,65.4,64.6,63.2,61.3,59.1,56.3,53.1,49.9,47.8,48.3,48.9,49.4,49.9,50.9,51.7,53.0,54.3,56.1,58.4,61.8,66.3,69.3,71.0,71.7,71.8,71.1,69.7,67.7,65.5,62.7,59.2,55.6,52.2,51.8,52.5,53.2,54.1,55.0,56.1,57.4,59.2,61.5,64.5,68.7,73.5,76.5,78.2,78.7,77.9,76.7,74.8,72.4,69.3,65.6,61.7,58.2,55.0,53.6,54.4,55.0,55.8,56.7,57.8,59.1,61.1,63.7,67.1,71.6,76.7,80.4,82.5,83.1,83.0,81.8,79.9,77.4,74.4,70.8,66.9,63.0,59.5,57.5,58.4,59.6,60.7,61.9,63.2,64.6
54.1,55.9,58.3,61.8,64.3,65.6,66.0,65.5,64.7,63.5,61.5,59.3,56.5,53.3,50.1,47.8,48.3,48.8,49.3,50.0,50.9,51.9,53.1,54.6,56.4,58.7,62.2,66.8,69.7,71.3,72.3,72.3,71.5,70.2,68.4,66.1,63.1,59.4,55.8,52.3,51.9,52.5,53.4,54.2,55.0,56.2,57.6,59.3,61.6,64.7,68.7,73.3,76.5,78.3,78.7,78.1,76.9,74.9,72.4,69.1,65.5,61.7,58.2,55.1,53.8,54.4,55.1,55.9,56.8,58.1,59.5,61.4,64.0,67.2,72.0,77.3,81.0,82.8,83.5,83.3,82.1,80.3,77.7,74.5,71.0,67.0,63.1,59.7,57.8,58.8,59.8,60.8,62.0,63.3
52.7,54.2,56.1,58.4,61.9,64.4,65.7,66.2,65.5,64.9,63.6,61.6,59.5,56.7,53.5,50.2,47.8,48.3,48.7,49.4,50.0,51.1,52.1,53.4,54.9,56.7,59.1,62.6,67.0,69.9,71.9,72.8,72.7,72.0,70.9,69.0,66.5,63.2,59.6,55.9,52.5,52.0,52.7,53.5,54.2,55.2,56.4,57.7,59.4,61.7,64.6,68.6,73.3,76.7,78.3,79.0,78.3,76.9,74.8,72.3,68.9,65.5,61.8,58.3,55.2,53.7,54.4,55.1,56.0,57.0,58.5,59.9,61.6,64.0,67.6,72.6,77.9,81.3,83.2,83.8,83.5,82.4,80.6,77.9,74.8,71.2,67.1,63.3,59.9,58.1,58.9,59.9,60.8,62.1
51.6,52.9,54.4,56.1,58.5,62.0,64.6,65.9,66.2,65.8,65.0,63.7,61.8,59.7,56.9,53.6,50.4,47.8,48.1,48.9,49.4,50.3,51.2,52.4,53.6,55.2,57.1,59.4,62.8,67.3,70.4,72.4,73.2,73.2,72.8,71.5,69.4,66.7,63.4,59.7,56.0,52.6,52.1,52.8,53.5,54.4,55.4,56.5,57.8,59.6,61.7,64.5,68.7,73.4,76.6,78.6,79.0,78.3,76.9,74.7,72.1,68.8,65.5,61.8,58.3,55.2,53.7,54.4,55.2,56.3,57.4,58.8,60.0,61.7,64.4,68.1,73.2,78.2,81.6,83.5,84.1,83.9,82.7,80.7,78.1,74.9,71.4,67.3,63.7,60.3,58.2,59.0,59.8,61.0
50.6,51.7,53.0,54.4,56.2,58.6,62.1,64.7,65.9,66.4,65.8,65.1,63.9,62.0,59.8,56.9,53.7,50.4,47.7,48.2,48.8,49.6,50.4,51.5,52.7,53.9,55.5,57.3,59.6,63.0,67.7,70.9,72.8,73.8,73.9,73.4,72.0,69.7,66.9,63.6,59.8,56.1,52.8,52.2,52.8,53.7,54.5,55.4,56.6,58.0,59.6,61.7,64.6,68.7,73.4,76.9,78.7,79.0,78.3,76.8,74.6,72.0,68.8,65.6,61.9,58.3,55.2,53.7,54.5,55.5,56.7,57.7,58.9,60.1,62.1,64.9,68.6,73.5,78.5,81.9,83.8,84.5,84.1,82.9,80.9,78.3,75.1,71.6,67.7,64.1,60.4,58.2,59.0,60.0
