day 0,day 1,day 2,day 3,day 4,day 5,day 6,day 7,day 8,day 9,day 10,day 11,day 12,day 13,day 14,day 15,day 16,day 17,day 18,day 19,day 20,day 21,day 22,day 23,day 24,day 25,day 26,day 27,day 28,day 29,day 30,day 31,day 32,day 33,day 34,day 35,day 36,day 37,day 38,day 39,day 40,day 41,day 42,day 43,day 44,day 45,day 46,day 47,day 48,day 49,day 50,day 51,day 52,day 53,day 54,day 55,day 56,day 57,day 58,day 59,day 60,day 61,day 62,day 63,day 64,day 65,day 66,day 67,day 68,day 69,day 70,day 71,day 72,day 73,day 74,day 75,day 76,day 77,day 78,day 79,day 80,day 81,day 82,day 83,day 84,day 85,day 86,day 87,day 88,day 89,day 90,day 91,day 92,day 93
53.6,55.0,56.5,58.1,60.5,63.8,68.2,70.2,70.8,70.8,70.2,69.0,67.4,65.4,62.4,59.2,55.7,52.4,51.9,52.5,53.4,54.3,55.3,56.5,57.9,59.1,60.7,62.6,64.4,68.2,72.2,74.3,74.8,75.4,75.1,74.0,72.7,70.7,68.5,65.8,62.5,59.0,57.6,58.5,59.6,60.5,61.7,62.9,64.1,65.3,66.6,68.2,70.2,74.5,78.3,80.3,81.1,81.2,80.6,79.5,78.3,76.8,75.1,72.9,70.0,67.3,65.3,66.0,67.4,68.4,69.4,70.5,72.2,73.8,75.3,76.9,79.5,83.9,87.1,88.9,89.7,89.9,89.8,88.9,87.6,85.7,83.6,80.7,77.6,74.3,72.1,72.4,73.2,74.1
52.7,54.0,55.3,56.9,58.3,60.8,64.0,68.4,70.4,70.9,71.1,70.4,69.2,67.7,65.6,62.6,59.7,56.1,52.2,51.8,52.6,53.6,54.3,55.5,56.9,57.9,59.5,61.2,62.8,64.8,68.5,72.3,74.4,75.5,75.9,75.3,74.4,72.9,71.1,68.9,66.3,62.9,59.4,57.9,58.8,59.8,60.8,61.9,63.2,64.2,65.4,66.7,68.4,70.7,75.0,78.5,80.5,81.0,81.4,80.7,79.9,78.6,77.3,75.7,73.3,70.6,67.7,65.8,66.6,67.8,68.6,69.8,71.1,72.7,74.1,75.4,77.2,79.8,84.3,87.5,89.1,90.0,90.3,90.0,89.2,87.9,86.0,83.7,80.8,77.7,74.5,72.2,72.5,73.3
51.9,53.0,54.3,55.6,57.0,58.7,61.0,64.1,68.6,70.5,71.2,71.3,70.7,69.5,67.9,65.9,63.1,59.9,55.9,52.2,51.9,52.9,53.6,54.7,56.0,56.9,58.4,59.9,61.5,63.1,65.0,68.6,72.6,75.1,75.9,76.1,75.6,74.5,73.2,71.6,69.4,66.7,63.2,59.8,58.2,59.0,60.0,61.1,62.3,63.3,64.4,65.5,66.9,68.8,71.1,75.3,78.6,80.4,81.3,81.5,81.1,80.1,79.2,77.9,76.2,73.9,71.0,68.2,66.4,67.0,67.9,68.9,70.3,71.6,73.1,74.2,75.7,77.4,80.1,84.7,87.8,89.4,90.2,90.5,90.2,89.4,88.1,86.2,83.7,80.9,77.8,74.7,72.3,72.6
51.1,52.2,53.3,54.6,55.7,57.3,58.8,61.1,64.3,68.7,70.7,71.2,71.5,71.0,69.7,68.2,66.4,63.3,59.7,55.9,52.4,52.2,52.9,54.0,55.1,56.1,57.4,58.8,60.2,61.8,63.3,65.1,68.8,73.3,75.5,76.1,76.4,75.9,74.8,73.7,72.0,69.9,67.0,63.5,60.0,58.4,59.2,60.3,61.4,62.4,63.5,64.5,65.7,67.4,69.3,71.5,75.5,78.5,80.7,81.5,81.8,81.4,80.7,79.8,78.4,76.7,74.3,71.5,68.8,66.8,67.2,68.3,69.5,70.7,71.8,73.2,74.5,75.8,77.7,80.5,85.1,88.0,89.6,90.4,90.8,90.5,89.7,88.3,86.1,83.8,80.9,78.0,74.8,72.4
50.3,51.4,52.6,53.6,54.7,56.0,57.5,58.9,61.2,64.4,69.0,70.7,71.5,71.8,71.2,70.0,68.7,66.6,63.0,59.7,56.1,52.7,52.2,53.3,54.4,55.2,56.6,57.8,59.0,60.5,61.9,63.5,65.3,69.4,73.7,75.7,76.4,76.7,76.0,75.3,74.1,72.5,70.1,67.2,63.6,60.3,58.7,59.4,60.6,61.5,62.5,63.6,64.7,66.1,67.8,69.6,71.7,75.6,78.8,81.0,81.9,82.0,82.0,81.2,80.3,78.9,77.2,74.9,72.0,69.2,67.0,67.6,68.9,69.9,71.0,71.9,73.6,74.6,76.1,78.0,80.9,85.3,88.3,89.9,90.7,91.0,90.7,89.8,88.3,86.2,83.9,81.1,78.1,74.9
49.6,50.6,51.9,52.8,53.7,55.0,56.3,57.5,59.1,61.3,64.6,69.1,71.0,71.7,72.1,71.6,70.6,68.8,66.3,63.0,59.9,56.5,52.8,52.6,53.6,54.6,55.7,57.0,58.0,59.4,60.7,62.1,63.5,65.9,69.9,73.9,75.8,76.7,76.9,76.5,75.7,74.7,72.8,70.3,67.4,64.0,60.6,58.9,59.8,60.6,61.7,62.6,63.9,65.1,66.5,68.2,69.8,71.8,75.8,79.1,81.3,82.1,82.7,82.6,81.8,80.8,79.4,77.7,75.2,72.3,69.4,67.4,68.1,69.2,70.1,71.0,72.2,73.7,74.9,76.4,78.3,81.2,85.6,88.6,90.2,91.0,91.3,90.8,89.8,88.3,86.3,84.1,81.3,78.3
48.9,49.9,51.1,52.1,52.9,54.0,55.3,56.4,57.7,59.3,61.4,64.7,69.3,71.1,72.0,72.4,72.1,70.7,68.5,66.3,63.1,60.1,56.5,53.3,53.0,53.8,55.1,56.1,57.3,58.4,59.6,60.9,62.0,64.2,66.4,70.1,74.1,76.1,76.9,77.4,77.0,76.3,74.8,73.0,70.5,67.7,64.2,60.9,59.2,59.8,60.8,61.7,62.8,64.3,65.5,66.9,68.3,69.8,72.0,76.2,79.5,81.6,82.8,83.3,83.1,82.3,81.3,80.0,78.1,75.5,72.6,69.8,68.0,68.5,69.4,70.2,71.3,72.4,74.0,75.2,76.7,78.6,81.5,85.9,88.9,90.3,91.3,91.5,90.7,89.9,88.4,86.5,84.2,81.4
48.3,49.2,50.4,51.3,52.3,53.2,54.4,55.4,56.5,57.9,59.4,61.4,65.0,69.5,71.5,72.3,72.9,72.2,70.4,68.5,66.4,63.4,60.1,57.0,53.7,53.1,54.3,55.4,56.4,57.6,58.6,59.7,60.8,62.7,64.7,66.6,70.2,74.3,76.3,77.4,77.8,77.5,76.5,75.2,73.1,70.8,67.9,64.5,61.3,59.3,59.9,60.8,61.9,63.2,64.8,65.9,67.1,68.3,70.0,72.5,76.7,79.8,82.2,83.3,83.7,83.6,82.8,81.9,80.4,78.4,75.8,73.0,70.4,68.3,68.7,69.4,70.4,71.5,72.7,74.2,75.5,77.0,78.9,81.8,86.3,89.1,90.6,91.3,91.4,90.8,90.1,88.7,86.8,84.4
51.5,48.7,49.7,50.6,51.5,52.5,53.6,54.4,55.5,56.8,57.9,59.4,61.7,65.2,69.8,71.8,72.8,72.9,71.8,70.4,68.6,66.6,63.4,60.6,57.4,53.9,53.6,54.6,55.6,56.7,57.9,58.7,59.7,61.5,63.2,65.1,66.7,70.4,74.5,76.7,77.9,78.3,77.8,76.9,75.4,73.5,71.0,68.2,64.8,61.4,59.5,60.0,61.0,62.3,63.8,65.1,66.1,67.1,68.5,70.4,73.0,77.1,80.4,82.6,83.8,84.3,84.2,83.5,82.3,80.6,78.6,76.2,73.6,70.7,68.5,68.7,69.6,70.5,71.7,73.0,74.5,75.7,77.2,79.2,82.2,86.5,89.4,90.6,91.2,91.5,91.0,90.3,89.0,87.0
55.5,52.0,49.3,49.9,50.8,51.7,52.8,53.6,54.5,55.8,56.7,58.0,59.7,62.0,65.5,70.1,72.2,72.8,72.7,71.8,70.5,68.7,66.7,63.9,61.0,57.6,54.5,53.9,54.8,55.8,56.8,58.0,58.7,60.3,62.0,63.4,65.0,66.8,70.6,75.0,77.2,78.4,78.6,78.3,77.1,75.7,73.7,71.2,68.5,65.0,61.7,59.6,60.2,61.4,62.9,64.1,65.2,66.1,67.4,69.0,70.9,73.4,77.6,80.9,83.1,84.3,84.8,84.8,83.9,82.5,80.9,79.2,76.9,74.0,70.9,68.5,68.9,69.8,70.8,72.0,73.3,74.8,76.0,77.6,79.6,82.5,86.8,89.4,90.6,91.4,91.7,91.1,90.6,89.1
58.9,55.9,52.5,49.6,50.0,51.0,52.0,52.7,53.6,54.8,55.7,56.8,58.3,60.1,62.1,65.8,70.5,72.3,72.6,72.6,71.9,70.6,68.8,67.0,64.2,61.3,58.2,54.9,54.2,55.1,56.0,56.9,57.9,59.3,60.8,62.2,63.4,65.0,67.0,71.1,75.5,77.7,78.6,79.1,78.5,77.3,75.9,73.9,71.5,68.6,65.3,61.8,59.8,60.7,62.0,63.2,64.2,65.3,66.4,67.7,69.4,71.3,74.0,78.2,81.3,83.6,84.9,85.5,85.2,84.1,82.8,81.4,79.9,77.3,74.3,71.0,68.8,69.1,70.1,71.0,72.3,73.6,75.0,76.3,78.0,79.8,82.8,86.9,89.4,90.7,91.6,91.9,91.4,90.7
62.0,59.2,56.3,52.8,49.7,50.1,51.2,51.9,52.7,53.9,54.7,55.8,57.3,58.7,60.1,62.4,66.2,70.5,72.1,72.6,72.6,72.0,70.7,69.3,67.2,64.6,61.9,58.7,55.2,54.4,55.3,56.1,56.9,58.5,59.7,61.1,62.2,63.4,65.3,67.5,71.6,75.9,77.8,79.0,79.3,78.7,77.5,76.1,74.0,71.6,68.9,65.4,62.1,60.3,61.3,62.4,63.3,64.3,65.6,66.8,68.1,69.9,71.9,74.5,78.6,81.8,84.1,85.5,85.7,85.4,84.4,83.3,82.2,80.2,77.6,74.4,71.3,68.9,69.4,70.3,71.3,72.5,73.8,75.3,76.6,78.2,80.2,82.9,86.9,89.5,90.9,91.7,91.9,91.7
64.5,62.3,59.7,56.6,53.0,49.9,50.3,51.2,52.0,53.0,53.8,54.8,56.3,57.5,58.7,60.5,62.7,66.1,70.2,72.0,72.6,72.7,72.1,71.2,69.5,67.4,65.1,62.3,58.9,55.5,54.6,55.5,56.1,57.5,59.0,60.1,61.1,62.2,63.7,65.8,67.9,72.0,76.0,78.2,79.1,79.4,78.8,77.6,76.1,74.2,71.8,68.9,65.8,62.6,60.9,61.5,62.5,63.4,64.5,66.0,67.1,68.6,70.5,72.4,74.8,79.2,82.4,84.6,85.8,85.9,85.7,84.9,84.1,82.5,80.5,77.8,74.8,71.5,69.2,69.6,70.6,71.6,72.8,74.1,75.7,76.8,78.5,80.3,83.0,87.1,89.8,91.1,91.8,92.2
66.4,64.7,62.8,59.9,56.9,53.2,50.2,50.3,51.3,52.3,53.0,53.9,55.4,56.6,57.5,59.1,60.9,62.6,65.9,70.2,72.1,72.6,72.9,72.5,71.4,69.6,68.0,65.5,62.5,59.2,55.8,54.8,55.4,56.7,58.0,59.4,60.0,61.2,62.5,64.2,66.2,68.3,72.2,76.4,78.3,79.2,79.5,79.0,77.7,76.3,74.4,71.8,69.4,66.4,63.2,61.1,61.7,62.6,63.7,64.9,66.3,67.5,69.1,71.0,72.7,75.4,79.8,82.9,84.9,86.0,86.2,86.3,85.7,84.5,82.9,80.8,78.1,75.0,71.8,69.4,69.9,70.8,71.9,73.1,74.6,75.9,77.2,78.6,80.3,83.2,87.3,89.9,91.2,92.1
68.0,66.6,65.2,63.0,60.3,57.1,53.4,50.3,50.4,51.6,52.2,53.1,54.4,55.7,56.5,57.9,59.5,60.8,62.4,65.9,70.2,72.1,72.9,73.3,72.7,71.5,70.1,68.3,65.7,62.7,59.5,56.1,54.8,56.0,57.3,58.5,59.2,60.2,61.6,62.9,64.6,66.6,68.5,72.6,76.5,78.3,79.2,79.7,79.0,77.9,76.5,74.3,72.4,69.9,66.8,63.5,61.2,61.8,62.9,64.1,65.3,66.8,68.1,69.8,71.3,73.3,76.0,80.3,83.3,85.2,86.3,86.7,87.1,86.0,84.9,83.1,81.2,78.4,75.4,72.0,69.6,70.2,71.1,72.2,73.5,74.9,76.2,77.3,78.8,80.5,83.5,87.5,90.1,91.4
68.9,68.1,67.1,65.4,63.4,60.5,57.3,53.6,50.4,50.8,51.5,52.3,53.6,54.7,55.6,56.9,58.3,59.4,60.6,62.4,66.0,70.3,72.3,73.2,73.4,72.8,71.9,70.4,68.4,65.9,63.0,59.7,56.2,55.3,56.7,57.7,58.3,59.3,60.5,62.0,63.3,65.0,66.8,68.8,72.7,76.6,78.4,79.4,79.8,79.2,78.0,76.3,74.8,72.8,70.3,67.0,63.6,61.4,62.2,63.4,64.5,65.8,67.3,68.7,70.0,71.9,73.8,76.6,80.6,83.6,85.5,86.9,87.5,87.5,86.4,85.2,83.4,81.4,78.8,75.6,72.2,70.0,70.4,71.5,72.6,73.8,75.1,76.3,77.5,78.9,80.8,83.6,87.7,90.3
69.2,69.0,68.6,67.4,65.8,63.6,60.6,57.5,53.8,50.8,50.7,51.7,52.9,53.8,54.5,56.0,57.3,58.2,59.3,60.6,62.5,66.1,70.5,72.8,73.3,73.6,73.2,72.2,70.5,68.6,66.1,63.1,59.9,56.8,55.9,57.0,57.6,58.5,59.6,60.9,62.4,63.6,65.3,67.1,68.8,72.8,76.7,78.6,79.5,80.0,79.3,77.9,76.8,75.2,73.1,70.4,67.0,63.8,61.9,62.6,63.8,65.0,66.3,67.8,69.0,70.5,72.4,74.4,76.9,80.9,83.9,86.1,87.5,87.8,87.8,86.7,85.5,83.8,81.8,79.0,75.8,72.5,70.2,70.8,71.8,73.0,74.1,75.3,76.4,77.6,79.2,80.9,83.9,87.8
68.6,69.3,69.5,68.9,67.7,66.0,63.8,60.8,57.7,54.2,50.8,50.9,52.2,53.1,53.6,54.9,56.4,57.2,58.0,59.4,60.8,62.7,66.4,70.9,72.8,73.6,74.1,73.4,72.3,70.6,68.7,66.2,63.4,60.5,57.3,56.3,56.9,57.7,58.7,60.0,61.3,62.7,63.9,65.5,67.1,69.1,73.1,76.9,78.7,79.7,80.0,79.2,78.4,77.3,75.5,73.3,70.3,67.1,64.2,62.3,63.0,64.3,65.5,66.8,68.1,69.5,71.1,73.0,74.7,77.3,81.3,84.6,86.7,87.8,88.2,88.1,87.1,85.8,84.2,82.0,79.2,76.1,72.8,70.6,71.2,72.2,73.3,74.2,75.4,76.5,77.8,79.4,81.1,83.9
66.7,68.6,69.8,69.8,69.3,67.9,66.2,64.1,60.9,58.0,54.2,51.0,51.4,52.5,53.0,54.0,55.3,56.3,57.0,58.2,59.6,60.9,62.9,66.8,71.0,73.2,74.1,74.2,73.5,72.4,70.8,68.8,66.5,64.1,61.0,57.8,56.2,57.0,58.0,59.1,60.3,61.6,62.9,64.2,65.6,67.4,69.3,73.3,76.9,78.9,79.8,80.0,79.6,78.9,77.5,75.7,73.1,70.4,67.6,64.7,62.8,63.6,64.8,66.1,67.2,68.6,70.1,71.7,73.4,75.0,77.5,81.9,85.2,87.1,88.2,88.5,88.4,87.4,86.2,84.3,82.2,79.5,76.4,73.2,71.0,71.5,72.4,73.3,74.4,75.5,76.7,78.0,79.6,81.2
62.2,66.8,69.1,70.1,70.3,69.4,68.1,66.4,64.2,61.3,58.2,54.5,51.5,51.6,52.2,53.3,54.4,55.2,56.1,57.2,58.3,59.7,61.2,63.2,66.9,71.4,73.7,74.2,74.3,73.6,72.6,70.9,69.2,67.2,64.5,61.4,57.7,56.3,57.2,58.4,59.5,60.7,61.8,63.2,64.3,65.8,67.6,69.6,73.4,77.1,79.1,79.9,80.4,80.2,79.1,77.7,75.5,73.3,70.8,68.1,65.1,63.4,64.1,65.3,66.5,67.7,69.1,70.6,72.2,73.7,75.3,78.1,82.5,85.7,87.4,88.6,88.9,88.7,87.9,86.4,84.5,82.5,79.7,76.7,73.5,71.3,71.7,72.5,73.5,74.5,75.7,76.9,78.2,79.7
59.4,62.5,67.3,69.5,70.4,70.4,69.5,68.2,66.5,64.6,61.5,58.5,55.0,51.8,51.4,52.5,53.7,54.2,55.1,56.2,57.3,58.4,60.0,61.6,63.3,67.3,71.8,73.8,74.3,74.5,73.7,72.7,71.4,69.9,67.7,64.9,61.4,57.9,56.5,57.7,58.7,59.8,61.0,62.2,63.4,64.6,66.0,67.9,69.7,73.6,77.2,79.2,80.2,80.9,80.4,79.3,77.5,75.7,73.7,71.3,68.4,65.7,63.9,64.6,65.8,67.0,68.2,69.7,71.0,72.5,74.0,75.9,78.6,82.9,86.0,87.8,88.9,89.1,89.1,88.1,86.6,84.9,82.8,80.1,77.0,73.8,71.6,71.9,72.8,73.6,74.7,75.8,77.1,78.3
57.4,59.7,63.0,67.7,69.9,70.5,70.5,69.7,68.3,67.0,64.8,61.7,58.9,55.3,51.7,51.7,52.9,53.5,54.0,55.2,56.3,57.3,58.6,60.3,61.6,63.7,67.8,71.9,73.9,74.5,74.6,73.9,73.2,72.0,70.3,68.0,65.0,61.6,58.2,57.0,57.9,59.0,60.0,61.3,62.3,63.6,64.8,66.3,68.0,69.9,73.7,77.4,79.6,80.8,81.1,80.7,79.1,77.7,76.1,74.1,71.7,69.1,66.2,64.4,65.0,66.3,67.5,68.8,70.0,71.3,72.7,74.5,76.5,79.0,83.3,86.5,88.1,89.2,89.5,89.3,88.2,87.0,85.2,83.1,80.3,77.3,74.0,71.7,72.1,72.9,73.9,74.9,76.1,77.2
56.3,57.7,60.1,63.4,68.0,70.0,70.6,70.6,69.8,68.8,67.2,65.0,62.2,59.1,55.3,52.0,52.1,52.7,53.4,54.1,55.3,56.2,57.4,59.0,60.4,62.0,64.3,68.0,72.0,74.1,74.7,74.8,74.5,73.8,72.3,70.6,68.1,65.4,62.0,58.6,57.3,58.2,59.3,60.3,61.5,62.6,63.8,65.1,66.5,68.1,70.0,74.0,77.8,80.1,80.9,81.4,80.5,79.3,78.0,76.5,74.5,72.3,69.6,66.7,64.9,65.5,66.8,68.1,69.2,70.2,71.6,73.3,75.0,76.8,79.3,83.7,86.8,88.6,89.6,89.7,89.5,88.6,87.3,85.5,83.3,80.5,77.5,74.2,71.9,72.2,73.1,74.0,75.1,76.2
55.0,56.5,58.1,60.5,63.8,68.2,70.2,70.8,70.8,70.2,69.0,67.4,65.4,62.4,59.2,55.7,52.4,51.9,52.5,53.4,54.3,55.3,56.5,57.9,59.1,60.7,62.6,64.4,68.2,72.2,74.3,74.8,75.4,75.1,74.0,72.7,70.7,68.5,65.8,62.5,59.0,57.6,58.5,59.6,60.5,61.7,62.9,64.1,65.3,66.6,68.2,70.2,74.5,78.3,80.3,81.1,81.2,80.6,79.5,78.3,76.8,75.1,72.9,70.0,67.3,65.3,66.0,67.4,68.4,69.4,70.5,72.2,73.8,75.3,76.9,79.5,83.9,87.1,88.9,89.7,89.9,89.8,88.9,87.6,85.7,83.6,80.7,77.6,74.3,72.1,72.4,73.2,74.1,75.3
54.0,55.3,56.9,58.3,60.8,64.0,68.4,70.4,70.9,71.1,70.4,69.2,67.7,65.6,62.6,59.7,56.1,52.2,51.8,52.6,53.6,54.3,55.5,56.9,57.9,59.5,61.2,62.8,64.8,68.5,72.3,74.4,75.5,75.9,75.3,74.4,72.9,71.1,68.9,66.3,62.9,59.4,57.9,58.8,59.8,60.8,61.9,63.2,64.2,65.4,66.7,68.4,70.7,75.0,78.5,80.5,81.0,81.4,80.7,79.9,78.6,77.3,75.7,73.3,70.6,67.7,65.8,66.6,67.8,68.6,69.8,71.1,72.7,74.1,75.4,77.2,79.8,84.3,87.5,89.1,90.0,90.3,90.0,89.2,87.9,86.0,83.7,80.8,77.7,74.5,72.2,72.5,73.3,74.3
