day 0,day 1,day 2,day 3,day 4,day 5,day 6,day 7,day 8,day 9,day 10,day 11,day 12,day 13,day 14,day 15,day 16,day 17,day 18,day 19,day 20,day 21,day 22,day 23,day 24,day 25,day 26,day 27,day 28,day 29,day 30,day 31,day 32,day 33,day 34,day 35,day 36,day 37,day 38,day 39,day 40,day 41,day 42,day 43,day 44,day 45,day 46,day 47,day 48,day 49,day 50,day 51,day 52,day 53,day 54,day 55,day 56,day 57,day 58,day 59,day 60,day 61,day 62,day 63,day 64,day 65,day 66,day 67,day 68,day 69,day 70,day 71,day 72,day 73,day 74,day 75,day 76,day 77,day 78,day 79,day 80,day 81,day 82,day 83,day 84,day 85,day 86,day 87,day 88,day 89,day 90,day 91,day 92,day 93
71.4,73.3,75.6,78.7,82.0,86.5,91.2,94.6,97.0,98.3,98.5,97.6,96.0,93.3,90.0,86.4,81.7,76.3,71.0,68.8,69.9,71.2,72.5,73.9,75.3,77.0,78.7,81.2,84.1,88.0,92.5,96.1,98.5,99.6,99.5,98.5,96.6,94.0,90.8,86.8,81.8,75.9,70.5,68.9,69.8,70.5,71.7,73.0,74.3,76.1,78.0,80.0,82.7,86.5,91.5,95.2,97.8,98.7,98.7,97.4,95.3,92.6,88.9,84.1,78.6,72.6,67.8,67.4,68.8,70.0,71.2,72.7,73.9,75.6,77.7,79.9,82.2,85.0,89.3,92.8,94.3,95.1,94.5,92.8,89.9,86.2,81.5,75.8,69.7,63.9,58.9,58.9,59.7,60.7
70.0,71.7,73.8,76.2,79.0,82.2,86.7,91.3,94.8,97.0,98.5,98.7,97.7,95.9,93.3,90.0,86.5,81.8,76.3,71.1,68.8,70.0,71.3,72.5,73.9,75.4,77.0,78.7,81.4,84.3,88.1,92.7,96.2,98.5,99.6,99.5,98.6,96.6,94.0,90.8,86.7,81.6,75.5,70.0,68.4,69.5,70.3,71.6,72.9,74.3,76.0,77.9,79.9,82.7,86.5,91.5,95.4,97.8,98.8,98.8,97.5,95.4,92.6,88.9,84.0,78.6,72.6,67.5,67.2,68.6,69.9,71.2,72.5,73.8,75.6,77.4,79.5,81.9,84.6,88.8,92.3,94.0,94.7,94.0,92.3,89.4,85.8,80.9,75.3,69.1,63.0,58.1,58.6,59.3
68.6,70.3,72.2,74.3,76.5,79.2,82.3,86.8,91.5,94.9,97.2,98.7,98.8,97.7,95.9,93.3,90.1,86.5,81.8,76.4,71.1,69.0,70.1,71.2,72.6,74.0,75.4,77.1,78.8,81.6,84.4,88.2,92.7,96.3,98.6,99.6,99.6,98.6,96.7,94.0,90.6,86.4,81.2,75.0,69.6,68.0,69.3,70.2,71.5,72.8,74.2,76.1,77.9,79.9,82.7,86.4,91.6,95.4,97.9,98.9,98.8,97.6,95.5,92.6,88.9,84.1,78.4,72.2,67.2,67.0,68.5,69.9,70.8,72.4,73.9,75.4,77.1,79.2,81.5,84.1,88.2,91.9,93.6,94.2,93.4,91.8,88.9,85.2,80.3,74.5,68.3,62.3,57.7,58.2
67.1,69.0,70.7,72.8,74.6,76.7,79.3,82.5,87.0,91.6,95.0,97.5,98.9,98.8,97.7,96.0,93.4,90.2,86.6,81.9,76.3,71.2,69.1,70.1,71.2,72.7,74.1,75.4,77.2,79.0,81.7,84.4,88.2,92.9,96.3,98.6,99.8,99.6,98.6,96.7,93.8,90.4,86.1,80.7,74.6,69.2,67.7,69.2,70.1,71.4,72.7,74.2,76.1,77.9,79.9,82.7,86.5,91.6,95.5,98.0,99.0,98.8,97.7,95.5,92.6,88.9,83.8,78.1,71.9,67.0,67.0,68.4,69.5,70.8,72.5,73.7,75.0,76.7,78.9,80.9,83.5,87.8,91.6,93.1,93.6,92.9,91.3,88.4,84.6,79.6,73.8,67.6,62.0,57.2
65.7,67.4,69.4,71.3,73.0,74.8,76.8,79.5,82.7,87.1,91.8,95.3,97.6,98.9,98.8,97.8,96.0,93.4,90.3,86.6,81.9,76.4,71.3,69.2,70.1,71.4,72.7,74.1,75.5,77.3,79.1,81.7,84.5,88.4,92.9,96.4,98.8,99.7,99.6,98.6,96.5,93.7,90.0,85.7,80.4,74.2,68.9,67.6,69.0,70.0,71.3,72.7,74.2,76.1,77.9,79.9,82.8,86.6,91.6,95.6,98.0,98.9,98.8,97.7,95.5,92.6,88.7,83.5,77.7,71.7,66.9,67.0,68.0,69.5,70.9,72.2,73.2,74.6,76.3,78.4,80.3,83.1,87.5,91.1,92.5,93.2,92.4,90.9,87.9,83.9,78.9,73.2,67.3,61.6
64.9,65.9,67.8,69.9,71.5,73.2,75.0,77.0,79.7,82.8,87.3,92.1,95.4,97.7,98.9,99.0,97.9,96.0,93.5,90.3,86.6,81.9,76.4,71.3,69.2,70.3,71.4,72.7,74.2,75.7,77.4,79.1,81.7,84.6,88.4,92.9,96.5,98.7,99.7,99.6,98.4,96.3,93.3,89.7,85.3,80.0,73.9,68.7,67.3,68.9,69.9,71.2,72.7,74.2,76.1,77.9,80.1,82.9,86.6,91.7,95.6,97.9,98.9,98.8,97.7,95.5,92.4,88.3,83.2,77.4,71.6,66.8,66.6,67.8,69.5,70.6,71.8,72.9,74.3,75.9,77.8,80.0,82.7,87.0,90.6,92.1,92.6,91.9,90.3,87.1,83.3,78.5,73.0,66.9
67.8,65.1,66.3,68.2,70.1,71.8,73.5,75.3,77.2,79.9,83.1,87.6,92.2,95.4,97.7,99.1,99.0,97.9,96.0,93.5,90.3,86.5,81.9,76.3,71.3,69.4,70.3,71.4,72.9,74.3,75.8,77.4,79.2,81.9,84.6,88.4,93.1,96.5,98.7,99.6,99.4,98.1,96.0,93.1,89.4,84.9,79.7,73.7,68.5,67.1,68.7,69.9,71.2,72.8,74.3,76.2,78.1,80.3,83.0,86.7,91.7,95.6,97.8,98.9,98.8,97.6,95.3,92.1,88.0,83.0,77.3,71.4,66.4,66.5,67.9,69.3,70.2,71.3,72.6,73.9,75.3,77.4,79.6,82.2,86.3,90.1,91.6,92.1,91.4,89.5,86.6,83.0,78.3,72.7
73.7,68.0,65.5,66.8,68.5,70.3,72.0,73.7,75.4,77.3,80.0,83.3,87.8,92.2,95.4,97.8,99.2,99.0,97.9,96.0,93.4,90.2,86.5,81.8,76.3,71.4,69.5,70.4,71.6,73.0,74.4,75.8,77.5,79.4,81.9,84.6,88.5,93.0,96.5,98.6,99.4,99.2,97.9,95.7,92.8,89.1,84.6,79.5,73.5,68.2,66.9,68.6,69.9,71.3,72.8,74.3,76.3,78.2,80.3,83.1,86.8,91.7,95.5,97.9,98.8,98.7,97.4,95.1,91.9,87.8,82.8,77.1,71.0,66.3,66.6,67.6,68.8,69.8,71.0,72.1,73.4,74.9,76.9,79.1,81.6,85.9,89.6,91.1,91.5,90.5,89.0,86.3,82.9,78.0
79.5,73.9,68.4,66.0,67.0,68.8,70.6,72.2,73.9,75.6,77.6,80.2,83.5,87.8,92.1,95.6,97.9,99.1,99.1,97.9,95.9,93.4,90.2,86.4,81.8,76.4,71.4,69.6,70.5,71.6,73.1,74.4,75.9,77.6,79.5,82.0,84.7,88.5,93.1,96.4,98.5,99.2,99.0,97.6,95.5,92.5,88.8,84.4,79.3,73.3,68.0,66.9,68.5,70.0,71.4,72.9,74.5,76.4,78.3,80.4,83.2,86.7,91.7,95.6,97.9,98.7,98.5,97.2,94.9,91.8,87.7,82.7,76.7,70.8,66.2,66.4,67.1,68.4,69.4,70.6,71.6,72.9,74.4,76.5,78.5,81.2,85.4,89.0,90.4,90.6,90.0,88.8,86.3,82.6
84.1,79.7,74.3,68.9,66.3,67.3,69.0,70.8,72.3,74.0,75.7,77.8,80.4,83.5,87.8,92.2,95.7,97.8,99.1,99.1,97.8,95.9,93.3,90.0,86.3,81.8,76.5,71.5,69.8,70.6,71.7,73.1,74.4,76.0,77.7,79.6,82.1,84.7,88.4,92.9,96.2,98.2,99.0,98.7,97.4,95.2,92.3,88.5,84.3,79.1,73.1,68.0,66.8,68.6,70.0,71.4,73.0,74.5,76.5,78.4,80.5,83.2,86.7,91.8,95.5,97.6,98.5,98.3,97.1,94.8,91.7,87.6,82.4,76.5,70.7,66.0,65.9,66.8,68.1,69.0,70.0,71.0,72.4,74.0,75.9,78.0,80.7,84.7,88.3,89.6,90.1,89.9,88.7,86.0
87.8,84.4,80.1,74.8,69.2,66.6,67.5,69.3,70.9,72.4,74.2,76.0,78.1,80.4,83.4,87.8,92.4,95.6,97.8,99.1,98.9,97.8,95.8,93.1,90.0,86.2,81.8,76.6,71.6,69.9,70.7,71.7,73.2,74.6,76.1,77.7,79.8,82.1,84.6,88.3,92.8,96.0,98.0,98.8,98.6,97.1,95.0,92.1,88.4,84.2,79.0,73.0,67.8,66.8,68.5,70.0,71.6,73.1,74.6,76.6,78.6,80.4,83.2,86.7,91.7,95.4,97.4,98.3,98.2,97.1,94.8,91.5,87.4,82.2,76.4,70.5,65.6,65.7,66.4,67.6,68.4,69.4,70.6,72.0,73.3,75.4,77.5,80.1,83.9,87.5,89.2,90.0,89.8,88.4
90.9,88.1,84.7,80.5,75.0,69.4,66.8,67.8,69.4,71.0,72.6,74.5,76.3,78.2,80.4,83.6,87.9,92.2,95.6,97.9,99.0,98.9,97.7,95.7,93.1,89.9,86.2,81.9,76.7,71.7,70.0,70.7,71.9,73.3,74.7,76.1,77.8,79.8,82.0,84.5,88.1,92.5,95.8,97.8,98.6,98.3,97.0,94.8,92.0,88.4,84.1,78.9,72.8,67.7,66.8,68.5,70.2,71.7,73.2,74.7,76.7,78.5,80.4,83.2,86.7,91.6,95.1,97.2,98.2,98.2,97.0,94.6,91.4,87.3,82.0,76.0,70.0,65.3,65.3,65.9,67.0,67.8,69.0,70.2,71.4,72.8,74.9,76.9,79.3,83.1,87.2,89.1,89.8,89.5
93.4,91.3,88.4,85.1,80.7,75.1,69.6,67.0,67.9,69.5,71.2,72.9,74.7,76.4,78.1,80.6,83.7,87.8,92.3,95.6,97.8,99.0,98.8,97.6,95.6,93.0,89.9,86.3,82.0,76.7,71.7,69.9,70.8,71.9,73.4,74.8,76.2,77.8,79.7,81.8,84.3,87.8,92.3,95.5,97.6,98.4,98.2,96.8,94.7,91.9,88.4,84.1,78.7,72.7,67.6,66.8,68.8,70.3,71.7,73.3,75.0,76.7,78.5,80.5,83.3,86.6,91.3,95.0,97.2,98.2,98.1,96.8,94.5,91.3,87.0,81.7,75.5,69.6,64.9,64.9,65.2,66.4,67.4,68.6,69.7,70.8,72.3,74.4,76.2,78.5,82.7,87.1,89.0,89.6
95.1,93.8,91.6,88.8,85.3,80.9,75.3,69.8,67.2,68.1,69.7,71.5,73.2,74.9,76.4,78.3,80.7,83.7,87.9,92.3,95.6,97.8,99.0,98.7,97.6,95.5,93.0,90.0,86.5,82.2,76.8,71.6,70.0,70.9,72.1,73.4,74.8,76.2,77.8,79.6,81.6,84.0,87.5,92.1,95.3,97.5,98.3,98.1,96.7,94.7,91.9,88.4,84.0,78.6,72.6,67.6,67.0,68.9,70.3,71.9,73.6,74.9,76.6,78.5,80.5,83.2,86.4,91.1,95.0,97.2,98.1,97.9,96.7,94.4,91.0,86.6,81.1,75.1,69.2,64.4,64.3,64.6,66.0,67.0,68.1,69.1,70.3,71.8,73.7,75.4,78.2,82.6,87.0,88.8
96.0,95.5,94.3,92.1,89.0,85.6,81.1,75.4,70.0,67.3,68.2,70.0,71.7,73.4,74.8,76.5,78.5,80.8,83.8,87.9,92.3,95.6,97.8,98.9,98.6,97.5,95.6,93.1,90.2,86.6,82.3,76.7,71.6,70.2,71.0,72.1,73.5,74.8,76.2,77.7,79.4,81.3,83.7,87.2,91.9,95.2,97.4,98.2,98.0,96.8,94.7,92.0,88.4,83.9,78.5,72.6,67.8,67.2,68.9,70.5,72.1,73.6,74.9,76.6,78.5,80.5,83.0,86.3,91.1,95.1,97.0,97.9,97.9,96.7,94.1,90.6,86.1,80.8,74.7,68.7,63.8,63.7,64.3,65.6,66.4,67.5,68.6,69.8,71.2,72.9,74.9,78.0,82.4,86.7
96.0,96.5,96.0,94.8,92.3,89.3,85.8,81.2,75.6,70.1,67.5,68.6,70.3,71.9,73.3,74.9,76.7,78.5,80.8,83.9,87.9,92.2,95.5,97.8,98.8,98.6,97.6,95.8,93.3,90.4,86.8,82.2,76.7,71.7,70.3,71.1,72.1,73.4,74.8,76.1,77.5,79.2,80.9,83.4,87.0,91.7,95.1,97.4,98.2,98.0,96.8,94.7,92.0,88.4,83.9,78.5,72.7,67.9,67.3,69.1,70.7,72.2,73.6,74.9,76.5,78.4,80.3,82.9,86.3,91.1,94.9,96.9,97.9,97.8,96.4,93.7,90.1,85.6,80.4,74.2,68.2,63.2,63.4,63.9,65.0,65.9,67.1,68.1,69.3,70.4,72.4,74.6,77.8,82.1
94.9,96.5,97.0,96.5,95.0,92.5,89.4,85.8,81.3,75.6,70.2,67.7,68.8,70.6,71.9,73.5,75.1,76.8,78.6,80.9,83.9,87.8,92.1,95.4,97.7,98.8,98.6,97.8,96.0,93.4,90.5,86.8,82.2,76.7,71.7,70.3,71.2,72.1,73.4,74.7,75.8,77.2,79.0,80.7,83.2,86.9,91.6,95.1,97.4,98.2,98.1,96.9,94.8,91.9,88.3,83.8,78.6,72.8,67.8,67.4,69.3,70.7,72.1,73.6,74.8,76.5,78.2,80.2,82.9,86.3,91.0,94.8,96.9,97.9,97.5,95.9,93.2,89.7,85.2,79.9,73.5,67.5,62.8,63.0,63.3,64.4,65.5,66.5,67.6,68.6,69.8,72.1,74.4,77.6
92.6,95.5,97.0,97.4,96.7,95.2,92.7,89.6,86.0,81.3,75.7,70.4,68.0,69.1,70.6,72.1,73.7,75.1,76.8,78.6,80.9,83.9,87.8,92.1,95.3,97.7,98.8,98.8,97.9,96.1,93.6,90.6,86.8,82.2,76.7,71.7,70.3,71.1,72.1,73.4,74.5,75.6,77.0,78.7,80.4,83.1,86.8,91.5,95.2,97.4,98.3,98.2,97.0,94.8,91.9,88.3,84.0,78.8,72.8,67.9,67.6,69.3,70.7,72.0,73.5,74.8,76.3,78.0,80.3,83.0,86.3,91.0,94.9,96.8,97.5,97.0,95.5,92.8,89.3,84.8,79.1,72.9,67.1,62.4,62.4,62.8,63.9,65.0,66.0,66.8,68.0,69.6,71.9,74.1
89.6,93.3,96.0,97.5,97.7,96.9,95.3,92.8,89.7,86.0,81.4,75.9,70.6,68.2,69.1,70.7,72.2,73.7,75.2,76.9,78.6,80.9,83.9,87.8,91.9,95.4,97.7,99.0,98.9,98.1,96.3,93.7,90.7,86.8,82.1,76.7,71.7,70.2,71.1,72.0,73.1,74.2,75.3,76.7,78.5,80.3,83.0,86.7,91.5,95.1,97.4,98.3,98.2,96.9,94.7,92.0,88.5,84.1,78.8,72.8,68.0,67.6,69.2,70.7,72.0,73.5,74.6,76.0,78.0,80.2,82.9,86.2,91.1,94.8,96.4,97.1,96.6,95.1,92.5,88.8,84.1,78.5,72.4,66.6,61.8,61.9,62.3,63.4,64.4,65.2,66.1,67.8,69.4,71.6
85.0,90.1,93.7,96.4,97.7,97.9,97.1,95.4,92.9,89.8,86.2,81.5,76.0,70.7,68.2,69.3,70.9,72.3,73.8,75.2,76.9,78.6,81.0,83.9,87.6,92.0,95.5,97.9,99.2,99.1,98.3,96.4,93.8,90.6,86.8,82.1,76.7,71.6,70.1,71.1,71.8,72.9,73.9,75.0,76.5,78.3,80.3,83.0,86.7,91.5,95.1,97.5,98.4,98.2,96.9,94.9,92.1,88.6,84.1,78.8,72.9,68.0,67.6,69.2,70.7,72.0,73.3,74.4,76.0,78.0,80.2,82.9,86.3,91.0,94.4,96.0,96.8,96.2,94.8,92.0,88.2,83.5,78.0,72.0,66.1,61.2,61.4,61.8,62.9,63.6,64.5,65.9,67.5,69.0
80.8,85.5,90.6,94.1,96.6,97.9,98.1,97.2,95.6,93.1,89.9,86.3,81.6,76.1,70.7,68.4,69.5,71.0,72.3,73.8,75.3,76.9,78.6,81.1,83.8,87.6,92.1,95.7,98.0,99.3,99.3,98.4,96.5,93.8,90.6,86.8,82.2,76.6,71.4,70.0,70.8,71.5,72.6,73.6,74.7,76.3,78.3,80.2,82.9,86.7,91.5,95.2,97.5,98.3,98.3,97.1,95.0,92.2,88.7,84.2,78.9,72.8,67.9,67.6,69.3,70.7,71.8,73.0,74.3,76.0,78.0,80.1,83.0,86.2,90.6,94.0,95.6,96.4,95.9,94.2,91.4,87.6,83.1,77.5,71.4,65.5,60.7,60.9,61.4,62.0,62.9,64.2,65.6,67.1
77.8,81.2,86.0,90.9,94.4,96.7,98.0,98.2,97.3,95.7,93.2,90.0,86.4,81.6,76.0,70.9,68.6,69.6,71.1,72.5,73.9,75.3,76.9,78.7,81.0,83.8,87.7,92.2,95.9,98.2,99.5,99.4,98.5,96.6,93.9,90.7,86.9,82.1,76.5,71.2,69.7,70.5,71.2,72.2,73.3,74.5,76.2,78.2,80.1,82.8,86.6,91.5,95.2,97.5,98.4,98.5,97.2,95.1,92.3,88.8,84.3,78.8,72.7,67.8,67.7,69.3,70.4,71.5,72.8,74.2,75.9,77.8,80.1,82.9,85.8,90.1,93.6,95.3,96.0,95.4,93.7,90.8,87.2,82.6,76.9,70.8,65.0,60.2,60.3,60.6,61.4,62.6,63.9,65.1
75.2,78.2,81.7,86.3,91.1,94.5,96.8,98.2,98.3,97.5,95.9,93.3,90.1,86.3,81.6,76.2,71.0,68.7,69.8,71.2,72.5,73.9,75.3,76.9,78.7,81.1,83.9,87.9,92.4,96.0,98.4,99.6,99.5,98.5,96.6,94.0,90.7,86.9,82.1,76.3,70.9,69.3,70.2,70.8,71.9,73.1,74.4,76.2,78.1,80.0,82.8,86.5,91.5,95.2,97.6,98.6,98.5,97.3,95.2,92.5,88.9,84.2,78.7,72.7,67.9,67.8,69.0,70.1,71.3,72.8,74.1,75.7,77.8,80.1,82.6,85.4,89.7,93.3,94.8,95.5,94.9,93.3,90.4,86.7,82.0,76.4,70.2,64.5,59.7,59.6,60.0,61.0,62.3,63.5
73.3,75.6,78.7,82.0,86.5,91.2,94.6,97.0,98.3,98.5,97.6,96.0,93.3,90.0,86.4,81.7,76.3,71.0,68.8,69.9,71.2,72.5,73.9,75.3,77.0,78.7,81.2,84.1,88.0,92.5,96.1,98.5,99.6,99.5,98.5,96.6,94.0,90.8,86.8,81.8,75.9,70.5,68.9,69.8,70.5,71.7,73.0,74.3,76.1,78.0,80.0,82.7,86.5,91.5,95.2,97.8,98.7,98.7,97.4,95.3,92.6,88.9,84.1,78.6,72.6,67.8,67.4,68.8,70.0,71.2,72.7,73.9,75.6,77.7,79.9,82.2,85.0,89.3,92.8,94.3,95.1,94.5,92.8,89.9,86.2,81.5,75.8,69.7,63.9,58.9,58.9,59.7,60.7,61.9
71.7,73.8,76.2,79.0,82.2,86.7,91.3,94.8,97.0,98.5,98.7,97.7,95.9,93.3,90.0,86.5,81.8,76.3,71.1,68.8,70.0,71.3,72.5,73.9,75.4,77.0,78.7,81.4,84.3,88.1,92.7,96.2,98.5,99.6,99.5,98.6,96.6,94.0,90.8,86.7,81.6,75.5,70.0,68.4,69.5,70.3,71.6,72.9,74.3,76.0,77.9,79.9,82.7,86.5,91.5,95.4,97.8,98.8,98.8,97.5,95.4,92.6,88.9,84.0,78.6,72.6,67.5,67.2,68.6,69.9,71.2,72.5,73.8,75.6,77.4,79.5,81.9,84.6,88.8,92.3,94.0,94.7,94.0,92.3,89.4,85.8,80.9,75.3,69.1,63.0,58.1,58.6,59.3,60.3
