day 0,day 1,day 2,day 3,day 4,day 5,day 6,day 7,day 8,day 9,day 10,day 11,day 12,day 13,day 14,day 15,day 16,day 17,day 18,day 19,day 20,day 21,day 22,day 23,day 24,day 25,day 26,day 27,day 28,day 29,day 30,day 31,day 32,day 33,day 34,day 35,day 36,day 37,day 38,day 39,day 40,day 41,day 42,day 43,day 44,day 45,day 46,day 47,day 48,day 49,day 50,day 51,day 52,day 53,day 54,day 55,day 56,day 57,day 58,day 59,day 60,day 61,day 62,day 63,day 64,day 65,day 66,day 67,day 68,day 69,day 70,day 71,day 72,day 73,day 74,day 75,day 76,day 77,day 78,day 79,day 80,day 81,day 82,day 83,day 84,day 85,day 86,day 87,day 88,day 89,day 90,day 91,day 92,day 93
76.4,78.0,80.1,82.6,85.6,88.7,91.0,92.3,92.7,92.4,91.3,90.2,88.4,85.7,82.8,79.5,76.1,72.8,71.9,72.7,73.5,74.7,76.1,77.5,79.0,80.8,82.6,84.9,87.9,91.1,92.7,93.7,93.8,93.7,93.0,91.7,89.7,86.9,83.5,79.8,75.9,72.7,72.0,72.7,73.5,74.3,75.1,76.3,77.5,78.9,80.6,82.4,84.5,87.3,89.3,90.2,90.8,90.6,90.0,88.4,86.1,83.5,80.1,76.5,72.4,69.7,69.5,70.1,70.9,71.6,72.7,73.6,74.6,75.5,76.7,78.0,79.8,82.3,84.7,85.7,85.7,85.0,83.8,82.1,79.8,76.9,73.6,69.8,65.7,63.1,63.2,63.8,64.4,65.0
75.0,76.6,78.0,80.3,82.5,85.5,88.9,91.1,92.3,92.6,92.4,91.5,90.3,88.4,85.7,82.9,79.6,76.2,73.0,72.0,72.9,73.8,75.0,76.3,77.7,79.2,80.9,82.7,85.1,87.8,90.9,92.5,93.4,93.7,93.7,93.1,91.6,89.4,86.6,83.4,79.7,75.9,72.7,72.0,72.7,73.3,74.2,75.1,76.2,77.4,78.8,80.3,82.1,84.3,86.9,88.9,89.8,90.6,90.6,89.9,88.3,86.1,83.5,80.1,76.3,72.3,69.5,69.4,70.0,70.8,71.5,72.6,73.4,74.2,75.2,76.1,77.6,79.2,81.8,84.2,85.3,85.3,84.5,83.4,81.8,79.6,76.7,73.5,69.6,65.3,62.7,63.2,63.7,64.2
73.8,75.1,76.6,78.3,80.2,82.4,85.7,89.0,91.0,92.2,92.6,92.4,91.7,90.3,88.4,85.9,83.0,79.7,76.3,73.1,72.3,73.1,74.0,75.2,76.4,77.9,79.4,81.0,82.8,85.0,87.6,90.6,92.4,93.3,93.7,93.7,93.0,91.4,89.1,86.5,83.3,79.7,75.8,72.6,71.9,72.6,73.2,74.1,75.0,76.2,77.4,78.5,80.0,81.8,83.9,86.5,88.4,89.6,90.5,90.6,89.8,88.2,86.1,83.5,79.8,76.2,72.2,69.5,69.4,69.9,70.5,71.4,72.4,73.0,73.9,74.7,75.7,77.0,78.7,81.3,83.7,84.8,84.8,84.1,83.2,81.7,79.3,76.5,73.3,69.2,64.9,62.7,63.1,63.5
72.7,74.0,75.1,76.8,78.2,80.1,82.6,85.8,88.9,90.9,92.2,92.7,92.5,91.7,90.3,88.6,85.9,83.0,79.8,76.4,73.3,72.5,73.3,74.3,75.4,76.6,78.0,79.4,81.1,82.8,84.7,87.3,90.4,92.3,93.3,93.7,93.7,92.8,91.1,89.1,86.5,83.4,79.7,75.7,72.5,71.8,72.5,73.1,74.0,75.0,76.1,77.2,78.2,79.8,81.5,83.4,86.1,88.3,89.6,90.5,90.4,89.7,88.2,86.0,83.1,79.7,76.2,72.2,69.4,69.2,69.6,70.4,71.2,72.0,72.7,73.5,74.3,75.2,76.6,78.3,80.8,83.2,84.3,84.4,83.9,83.0,81.4,79.2,76.3,73.0,69.0,64.9,62.6,62.9
71.6,72.9,74.0,75.2,76.7,78.2,80.2,82.7,85.7,88.9,90.9,92.4,92.8,92.5,91.7,90.5,88.6,85.9,83.1,80.1,76.7,73.5,72.8,73.5,74.5,75.5,76.8,78.0,79.5,81.0,82.6,84.5,87.4,90.3,92.3,93.3,93.6,93.5,92.7,91.1,89.1,86.6,83.3,79.5,75.6,72.4,71.8,72.4,73.1,74.0,74.9,75.9,76.9,78.0,79.5,81.1,83.0,85.9,88.3,89.8,90.4,90.4,89.6,88.2,85.7,83.0,79.7,76.2,72.1,69.3,69.0,69.5,70.2,70.8,71.7,72.2,73.0,73.8,74.7,76.1,77.9,80.3,82.7,83.8,84.1,83.8,82.8,81.3,79.0,76.1,72.9,69.0,64.8,62.3
70.6,71.7,72.8,74.2,75.2,76.7,78.3,80.3,82.6,85.7,89.0,91.0,92.4,92.8,92.5,91.8,90.5,88.5,86.1,83.4,80.3,77.0,73.7,73.0,73.7,74.6,75.6,76.8,78.1,79.4,80.9,82.4,84.5,87.4,90.3,92.4,93.2,93.4,93.4,92.7,91.2,89.2,86.5,83.1,79.4,75.4,72.3,71.7,72.4,73.0,74.0,74.7,75.7,76.7,77.8,79.1,80.7,82.9,85.9,88.4,89.7,90.5,90.3,89.6,87.7,85.6,83.0,79.8,76.1,71.9,69.1,68.8,69.3,69.9,70.6,71.2,71.8,72.6,73.3,74.3,75.8,77.4,79.7,82.3,83.6,83.9,83.6,82.7,81.1,78.7,76.0,72.9,68.8,64.5
69.8,70.8,71.6,73.0,74.1,75.3,76.8,78.4,80.3,82.6,85.9,89.1,91.1,92.5,92.8,92.6,91.9,90.4,88.7,86.4,83.6,80.6,77.2,73.9,73.1,73.8,74.7,75.7,76.9,78.0,79.3,80.7,82.3,84.4,87.5,90.4,92.3,92.9,93.3,93.4,92.7,91.3,89.0,86.3,83.0,79.3,75.4,72.3,71.7,72.3,73.0,73.8,74.5,75.5,76.4,77.5,78.8,80.6,82.9,86.0,88.2,89.8,90.5,90.3,89.3,87.6,85.7,83.1,79.8,76.0,71.8,68.9,68.6,68.9,69.6,70.1,70.8,71.3,72.1,72.9,73.9,75.3,76.9,79.5,82.1,83.4,83.7,83.5,82.4,80.8,78.7,76.1,72.8,68.6
71.2,70.1,70.7,71.8,73.0,74.1,75.4,76.9,78.5,80.4,82.7,86.0,89.1,91.2,92.5,92.8,92.6,91.7,90.5,89.0,86.7,83.9,80.9,77.4,74.1,73.2,73.8,74.7,75.7,76.8,77.9,79.2,80.6,82.3,84.5,87.5,90.3,92.0,92.9,93.2,93.4,92.8,91.2,88.8,86.2,82.8,79.2,75.3,72.2,71.7,72.2,72.7,73.6,74.3,75.2,76.1,77.1,78.7,80.5,82.9,85.9,88.2,89.7,90.4,90.0,89.2,87.7,85.8,83.0,79.7,75.8,71.7,68.7,68.3,68.7,69.1,69.7,70.3,70.9,71.7,72.6,73.4,74.8,76.6,79.1,81.8,83.1,83.6,83.2,82.2,80.9,78.8,76.0,72.6
74.4,71.5,70.0,70.8,71.8,73.0,74.2,75.5,77.0,78.6,80.5,82.8,86.0,89.1,91.2,92.5,92.8,92.5,91.9,90.9,89.3,87.0,84.3,81.2,77.6,74.2,73.2,73.8,74.7,75.6,76.6,77.7,79.0,80.6,82.3,84.5,87.4,90.0,91.9,92.8,93.3,93.5,92.8,91.1,88.7,86.0,82.8,79.1,75.3,72.1,71.7,72.0,72.6,73.4,74.1,74.9,75.7,77.0,78.6,80.4,82.8,85.9,88.2,89.6,90.2,89.9,89.3,87.8,85.7,82.9,79.6,75.8,71.4,68.4,68.0,68.2,68.8,69.3,69.9,70.5,71.3,72.1,72.9,74.5,76.3,78.9,81.5,83.1,83.2,83.1,82.4,81.1,78.7,75.8
78.2,74.6,71.4,70.1,70.9,71.8,73.1,74.3,75.6,77.1,78.7,80.6,82.9,85.9,89.2,91.2,92.4,92.7,92.5,92.1,91.2,89.6,87.4,84.5,81.3,77.7,74.2,73.2,73.8,74.7,75.5,76.5,77.6,79.0,80.6,82.4,84.4,87.1,89.8,91.8,93.0,93.3,93.5,92.7,90.9,88.5,86.0,82.8,79.1,75.1,72.0,71.5,71.8,72.4,73.1,73.7,74.6,75.7,77.0,78.5,80.3,82.7,85.9,88.2,89.5,90.0,90.0,89.4,87.7,85.5,82.8,79.5,75.5,71.1,68.1,67.5,67.8,68.3,68.8,69.6,70.2,70.8,71.6,72.6,74.2,76.0,78.5,81.5,82.6,83.1,83.3,82.4,81.0,78.6
81.7,78.4,74.6,71.5,70.1,70.9,72.0,73.3,74.4,75.7,77.2,78.8,80.7,82.8,86.0,89.2,91.0,92.4,92.7,92.7,92.5,91.5,90.0,87.6,84.6,81.5,77.8,74.2,73.1,73.7,74.5,75.4,76.3,77.6,79.0,80.6,82.3,84.2,86.9,89.7,91.8,92.8,93.4,93.4,92.5,90.8,88.5,86.0,82.9,79.0,74.9,71.8,71.3,71.7,72.3,72.8,73.4,74.5,75.6,76.9,78.5,80.3,82.7,85.8,88.2,89.4,90.2,90.2,89.3,87.6,85.5,82.8,79.3,75.1,70.7,67.6,67.2,67.3,67.9,68.5,69.2,69.7,70.3,71.2,72.3,73.9,75.7,78.5,81.1,82.5,83.3,83.3,82.4,80.9
84.9,82.0,78.4,74.7,71.6,70.2,71.0,72.1,73.3,74.5,75.8,77.4,78.9,80.6,83.0,86.0,89.1,91.2,92.5,92.9,93.0,92.8,92.0,90.2,87.8,84.9,81.6,77.8,74.1,73.1,73.6,74.4,75.3,76.3,77.5,79.0,80.5,82.0,84.0,86.8,89.7,91.7,92.9,93.3,93.2,92.5,90.8,88.6,86.2,82.8,78.8,74.6,71.6,71.2,71.5,71.9,72.5,73.4,74.4,75.5,76.8,78.4,80.2,82.6,85.8,88.1,89.6,90.4,90.1,89.2,87.6,85.5,82.6,78.9,74.7,70.1,67.2,66.7,66.9,67.6,68.2,68.7,69.2,70.0,70.9,72.1,73.7,75.5,78.1,80.9,82.7,83.4,83.4,82.3
87.8,85.0,81.9,78.5,74.8,71.6,70.3,71.2,72.1,73.4,74.6,76.0,77.5,78.9,80.7,82.9,85.8,89.2,91.2,92.6,93.2,93.3,93.2,92.2,90.3,88.0,85.0,81.6,77.6,74.0,72.9,73.4,74.2,75.2,76.3,77.5,79.0,80.3,81.9,83.9,86.8,89.6,91.6,92.5,93.0,93.2,92.4,90.8,88.7,86.1,82.6,78.5,74.5,71.4,71.0,71.2,71.6,72.4,73.3,74.3,75.5,76.7,78.4,80.1,82.5,85.7,88.3,89.8,90.3,89.9,89.2,87.5,85.2,82.1,78.4,74.1,69.6,66.7,66.3,66.6,67.3,67.8,68.3,68.9,69.7,70.7,71.8,73.5,75.2,77.9,81.0,82.8,83.4,83.3
90.0,88.0,85.0,82.0,78.6,74.8,71.7,70.5,71.2,72.2,73.5,74.8,76.0,77.5,79.1,80.8,82.8,85.8,89.2,91.4,92.9,93.4,93.6,93.4,92.3,90.6,88.1,85.1,81.4,77.5,73.8,72.8,73.2,74.1,75.1,76.2,77.4,78.8,80.0,81.7,83.8,86.6,89.4,91.3,92.2,92.9,93.1,92.4,91.0,88.7,85.9,82.1,78.3,74.3,71.2,70.7,70.9,71.5,72.4,73.3,74.3,75.3,76.7,78.2,80.0,82.4,85.8,88.4,89.7,90.1,89.9,89.1,87.3,84.7,81.5,77.7,73.6,69.1,66.2,66.0,66.3,66.8,67.4,67.9,68.7,69.4,70.5,71.7,73.2,74.9,77.9,81.1,82.9,83.3
91.3,90.1,88.0,85.0,82.0,78.6,74.9,71.8,70.6,71.4,72.3,73.6,74.8,76.1,77.6,79.1,80.6,82.8,85.8,89.4,91.6,93.2,93.8,93.8,93.5,92.5,90.7,88.2,85.0,81.4,77.3,73.6,72.6,73.1,74.1,75.1,76.1,77.2,78.6,79.8,81.7,83.7,86.4,89.1,91.1,92.1,92.8,93.1,92.6,91.0,88.4,85.5,82.0,78.0,73.9,70.9,70.4,70.8,71.4,72.3,73.2,74.1,75.4,76.6,78.2,79.8,82.5,85.7,88.2,89.5,90.2,89.7,88.8,86.7,84.1,80.8,77.3,73.1,68.7,65.9,65.7,65.9,66.5,67.1,67.7,68.4,69.2,70.3,71.4,72.9,75.0,77.9,81.1,82.8
92.5,91.4,90.1,87.9,85.0,82.1,78.7,75.0,71.9,70.7,71.6,72.5,73.7,74.9,76.2,77.7,79.0,80.6,82.8,86.0,89.8,91.8,93.5,94.0,94.0,93.8,92.6,90.8,88.2,84.9,81.1,77.1,73.4,72.5,73.1,74.0,75.0,75.9,77.0,78.4,79.8,81.5,83.5,86.1,88.7,90.9,92.0,92.9,93.2,92.5,90.7,88.0,85.3,81.7,77.6,73.5,70.6,70.3,70.7,71.4,72.2,73.2,74.2,75.3,76.4,78.0,79.9,82.4,85.6,88.0,89.6,89.9,89.5,88.2,86.1,83.4,80.3,76.7,72.5,68.3,65.5,65.3,65.6,66.1,66.8,67.4,68.2,69.1,70.0,71.1,72.9,75.0,77.9,81.0
92.5,92.6,91.4,90.0,87.8,85.0,82.2,78.8,75.1,72.0,70.9,71.8,72.6,73.7,75.0,76.3,77.7,79.1,80.7,83.1,86.4,90.0,92.2,93.7,94.1,94.2,93.9,92.7,90.7,88.1,84.7,80.9,76.8,73.3,72.4,73.0,73.9,74.8,75.7,76.9,78.4,79.6,81.4,83.2,85.8,88.7,90.8,92.1,93.0,93.1,92.2,90.4,87.8,85.1,81.2,77.2,73.2,70.5,70.2,70.6,71.3,72.1,73.1,74.0,75.2,76.3,78.1,79.9,82.3,85.4,88.1,89.3,89.7,89.0,87.5,85.4,82.9,79.7,76.1,72.1,67.9,65.1,65.0,65.3,65.8,66.6,67.2,68.0,68.8,69.7,71.1,72.9,75.0,77.7
91.9,92.6,92.6,91.3,89.9,87.8,85.1,82.3,78.9,75.2,72.2,71.1,71.8,72.6,73.9,75.1,76.4,77.7,79.1,80.9,83.4,86.6,90.4,92.5,93.8,94.4,94.3,93.8,92.7,90.7,87.8,84.5,80.7,76.8,73.2,72.3,72.9,73.8,74.6,75.7,76.9,78.3,79.5,81.1,83.0,85.8,88.7,90.9,92.1,92.9,92.7,91.9,90.1,87.6,84.7,80.9,76.9,73.1,70.3,70.1,70.5,71.2,72.1,73.0,73.9,75.1,76.4,78.0,79.8,82.1,85.4,87.7,89.1,89.2,88.2,86.9,84.8,82.3,79.1,75.7,71.7,67.5,64.7,64.7,65.1,65.7,66.3,67.0,67.7,68.4,69.6,71.1,72.8,74.8
90.6,92.0,92.7,92.5,91.2,89.9,87.9,85.2,82.3,79.0,75.4,72.4,71.3,71.8,72.7,73.9,75.2,76.4,77.8,79.4,81.2,83.7,87.0,90.7,92.7,94.1,94.3,94.4,93.8,92.6,90.4,87.6,84.2,80.6,76.7,73.2,72.2,72.8,73.6,74.6,75.8,76.8,78.2,79.2,80.8,83.0,85.8,88.7,90.7,92.0,92.6,92.3,91.6,89.8,87.1,84.2,80.5,76.8,73.0,70.2,70.0,70.5,71.2,72.0,72.9,73.8,75.1,76.4,77.9,79.7,82.1,85.0,87.4,88.5,88.3,87.5,86.3,84.2,81.7,78.8,75.3,71.2,67.1,64.4,64.5,64.9,65.4,66.2,66.6,67.3,68.3,69.6,71.0,72.6
88.7,90.6,92.1,92.6,92.3,91.3,90.0,87.9,85.2,82.4,79.1,75.6,72.5,71.3,72.0,72.9,74.0,75.2,76.5,78.0,79.7,81.5,84.0,87.3,91.0,93.0,94.0,94.3,94.3,93.6,92.4,90.1,87.4,84.1,80.5,76.6,73.0,72.0,72.7,73.6,74.7,75.7,76.7,77.9,79.0,80.8,83.1,85.8,88.4,90.6,91.6,92.1,92.0,91.2,89.3,86.7,83.9,80.4,76.7,72.8,70.1,69.9,70.5,71.1,71.9,72.8,73.8,75.1,76.3,77.7,79.6,81.8,84.6,86.9,87.8,87.8,87.0,85.7,83.6,81.4,78.4,74.8,70.8,66.7,64.1,64.3,64.7,65.3,65.8,66.2,67.2,68.3,69.4,70.8
85.4,88.8,90.7,92.1,92.5,92.5,91.3,90.0,87.9,85.3,82.6,79.3,75.7,72.5,71.4,72.2,73.0,74.1,75.3,76.7,78.3,79.9,81.8,84.3,87.6,91.1,92.9,94.0,94.3,94.1,93.5,92.1,89.9,87.2,84.0,80.5,76.4,72.8,71.9,72.7,73.7,74.7,75.5,76.5,77.7,79.0,80.8,83.1,85.5,88.3,90.1,91.2,91.9,91.7,90.7,88.9,86.3,83.8,80.2,76.5,72.8,70.0,69.9,70.3,71.0,71.7,72.8,73.8,75.0,76.1,77.7,79.3,81.4,84.1,86.2,87.2,87.2,86.4,85.1,83.4,80.9,77.9,74.4,70.5,66.4,63.9,64.1,64.6,65.0,65.4,66.1,67.2,68.1,69.2
82.3,85.5,88.9,90.7,92.0,92.6,92.5,91.3,89.9,88.0,85.6,82.7,79.4,75.7,72.6,71.5,72.3,73.2,74.2,75.5,77.0,78.5,80.3,82.1,84.6,87.7,91.1,93.0,94.0,94.2,94.0,93.3,91.9,89.7,87.1,84.0,80.2,76.1,72.7,71.9,72.8,73.7,74.6,75.4,76.3,77.7,79.0,80.8,82.9,85.3,87.9,89.8,91.0,91.6,91.3,90.3,88.5,86.3,83.6,80.2,76.5,72.6,70.0,69.7,70.2,70.9,71.8,72.9,73.7,74.9,76.1,77.4,79.0,81.0,83.4,85.8,86.6,86.7,85.8,84.7,83.0,80.5,77.4,74.0,70.2,66.2,63.7,64.0,64.3,64.6,65.3,66.1,67.1,67.9
80.0,82.4,85.7,88.8,90.7,92.3,92.7,92.5,91.2,90.0,88.3,85.7,82.8,79.4,75.9,72.7,71.6,72.6,73.3,74.5,75.8,77.2,78.8,80.5,82.4,84.9,87.8,91.2,92.9,93.8,94.0,93.8,93.1,91.7,89.7,87.1,83.7,79.9,76.0,72.6,72.1,72.8,73.6,74.4,75.2,76.3,77.5,79.0,80.7,82.7,84.9,87.5,89.6,90.7,91.2,90.9,90.0,88.5,86.2,83.5,80.1,76.4,72.7,69.8,69.6,70.1,70.9,71.7,72.8,73.6,74.8,75.9,77.0,78.6,80.3,82.9,85.2,86.3,86.1,85.4,84.3,82.5,80.0,77.1,73.8,70.1,66.0,63.5,63.6,63.8,64.4,65.2,65.9,66.7
78.0,80.1,82.6,85.6,88.7,91.0,92.3,92.7,92.4,91.3,90.2,88.4,85.7,82.8,79.5,76.1,72.8,71.9,72.7,73.5,74.7,76.1,77.5,79.0,80.8,82.6,84.9,87.9,91.1,92.7,93.7,93.8,93.7,93.0,91.7,89.7,86.9,83.5,79.8,75.9,72.7,72.0,72.7,73.5,74.3,75.1,76.3,77.5,78.9,80.6,82.4,84.5,87.3,89.3,90.2,90.8,90.6,90.0,88.4,86.1,83.5,80.1,76.5,72.4,69.7,69.5,70.1,70.9,71.6,72.7,73.6,74.6,75.5,76.7,78.0,79.8,82.3,84.7,85.7,85.7,85.0,83.8,82.1,79.8,76.9,73.6,69.8,65.7,63.1,63.2,63.8,64.4,65.0,65.6
76.6,78.0,80.3,82.5,85.5,88.9,91.1,92.3,92.6,92.4,91.5,90.3,88.4,85.7,82.9,79.6,76.2,73.0,72.0,72.9,73.8,75.0,76.3,77.7,79.2,80.9,82.7,85.1,87.8,90.9,92.5,93.4,93.7,93.7,93.1,91.6,89.4,86.6,83.4,79.7,75.9,72.7,72.0,72.7,73.3,74.2,75.1,76.2,77.4,78.8,80.3,82.1,84.3,86.9,88.9,89.8,90.6,90.6,89.9,88.3,86.1,83.5,80.1,76.3,72.3,69.5,69.4,70.0,70.8,71.5,72.6,73.4,74.2,75.2,76.1,77.6,79.2,81.8,84.2,85.3,85.3,84.5,83.4,81.8,79.6,76.7,73.5,69.6,65.3,62.7,63.2,63.7,64.2,64.7
