day 0,day 1,day 2,day 3,day 4,day 5,day 6,day 7,day 8,day 9,day 10,day 11,day 12,day 13,day 14,day 15,day 16,day 17,day 18,day 19,day 20,day 21,day 22,day 23,day 24,day 25,day 26,day 27,day 28,day 29,day 30,day 31,day 32,day 33,day 34,day 35,day 36,day 37,day 38,day 39,day 40,day 41,day 42,day 43,day 44,day 45,day 46,day 47,day 48,day 49,day 50,day 51,day 52,day 53,day 54,day 55,day 56,day 57,day 58,day 59,day 60,day 61,day 62,day 63,day 64,day 65,day 66,day 67,day 68,day 69,day 70,day 71,day 72,day 73,day 74,day 75,day 76,day 77,day 78,day 79,day 80,day 81,day 82,day 83,day 84,day 85,day 86,day 87,day 88,day 89,day 90
71.2,71.5,71.9,72.6,73.5,75.0,78.8,81.6,82.8,83.2,82.9,82.2,80.7,78.7,75.8,71.6,67.4,64.1,63.8,64.2,64.3,64.4,64.3,64.6,64.7,65.1,65.6,66.0,66.9,68.4,71.7,75.5,76.5,77.0,76.3,75.1,73.5,71.1,67.4,62.6,57.8,54.9,55.0,54.9,54.7,54.6,54.7,55.1,55.7,56.3,56.9,57.7,58.3,59.7,62.4,67.0,68.7,69.1,68.6,67.5,65.7,62.8,58.9,54.4,50.2,48.8,49.2,49.4,50.0,50.7,51.1,51.9,52.2,52.7,53.5,54.2,54.9,55.9,58.4,62.6,64.1,64.5,64.4,63.4,61.3,58.5,54.7,51.4,48.7,48.5,48.6
70.5,70.7,71.0,71.5,72.3,73.2,74.8,78.7,81.4,82.7,82.9,82.7,81.9,80.6,78.5,75.5,71.5,67.2,63.8,63.7,63.9,63.9,63.9,63.9,64.1,64.0,64.5,65.1,65.7,66.5,68.0,71.2,75.0,76.3,76.7,75.9,74.9,73.2,70.7,67.1,62.3,57.5,54.7,54.4,54.1,54.2,54.1,54.4,54.8,55.4,55.9,56.7,57.4,57.8,59.3,62.0,66.8,68.6,68.7,68.4,67.4,65.4,62.5,58.9,54.4,50.3,48.8,49.2,49.5,50.3,50.7,51.1,51.5,51.9,52.8,53.3,53.9,54.7,55.9,58.2,62.3,64.0,64.5,64.4,63.1,61.2,58.4,54.9,51.8,48.9,48.5
70.0,70.0,70.2,70.6,71.3,72.0,72.9,74.7,78.5,81.4,82.5,82.7,82.4,81.8,80.4,78.3,75.4,71.3,66.8,63.8,63.4,63.5,63.4,63.4,63.3,63.5,63.3,63.9,64.8,65.4,66.1,67.5,70.6,74.8,76.1,76.3,75.7,74.7,72.9,70.4,66.7,62.1,57.3,54.2,53.7,53.6,53.8,53.8,54.1,54.4,55.1,55.7,56.5,56.8,57.5,58.9,61.7,66.5,68.2,68.5,68.2,67.0,65.0,62.5,59.0,54.4,50.2,48.8,49.3,49.8,50.3,50.7,50.8,51.3,51.8,52.6,53.0,53.7,54.6,55.7,57.9,62.2,64.0,64.6,64.2,63.1,61.0,58.4,55.3,51.9,48.9
69.4,69.7,69.6,69.8,70.3,71.0,71.8,72.8,74.6,78.5,81.1,82.2,82.4,82.3,81.6,80.2,78.2,75.3,70.9,66.7,63.5,63.1,63.0,62.8,62.8,62.7,62.8,62.9,63.6,64.4,65.0,65.6,66.8,70.3,74.4,75.7,76.0,75.4,74.4,72.6,70.1,66.3,61.8,56.7,53.4,53.3,53.2,53.5,53.5,53.7,54.0,54.8,55.4,55.8,56.5,57.1,58.6,61.4,66.2,68.0,68.3,67.8,66.6,65.1,62.7,59.1,54.3,50.1,48.9,49.6,49.8,50.2,50.3,50.5,51.2,51.6,52.3,52.8,53.8,54.5,55.5,57.9,62.2,64.1,64.3,64.1,62.8,61.0,58.8,55.3,51.9
68.9,69.0,69.2,69.1,69.7,70.0,70.7,71.7,72.7,74.5,78.2,81.0,82.0,82.3,82.1,81.4,80.1,78.0,74.9,70.6,66.4,63.1,62.6,62.5,62.2,62.2,62.0,62.4,62.6,63.3,64.1,64.5,64.9,66.6,70.0,74.1,75.5,75.7,75.0,74.1,72.4,69.7,66.1,61.3,55.9,53.0,52.8,53.0,53.2,53.0,53.4,53.8,54.4,54.7,55.5,56.2,56.9,58.3,61.0,66.0,67.8,67.9,67.5,66.7,65.3,62.8,59.0,54.0,50.1,49.1,49.5,49.7,49.9,50.1,50.5,51.0,51.3,52.0,52.8,53.7,54.1,55.4,58.0,62.3,63.9,64.1,63.8,62.9,61.4,58.7,55.3
68.4,68.5,68.5,68.7,69.0,69.2,69.7,70.6,71.5,72.6,74.3,77.9,80.8,81.9,82.0,82.0,81.3,80.0,77.7,74.7,70.3,66.0,62.6,62.0,61.8,61.6,61.5,61.5,62.2,62.3,63.0,63.5,63.9,64.7,66.2,69.6,73.8,75.2,75.4,74.9,73.9,72.0,69.5,65.6,60.7,55.5,52.4,52.5,52.7,52.7,52.7,53.2,53.5,53.8,54.4,55.2,56.0,56.6,58.0,61.0,65.7,67.4,67.7,67.6,67.0,65.3,62.7,58.7,54.0,50.2,49.2,49.5,49.3,49.7,50.1,50.2,50.7,51.1,52.1,52.7,53.3,54.1,55.5,57.9,62.1,63.8,63.8,64.0,63.3,61.4,58.7
68.1,68.0,68.0,68.0,68.5,68.6,69.0,69.6,70.5,71.5,72.5,74.1,77.7,80.7,81.5,81.8,81.9,81.2,79.7,77.6,74.3,70.0,65.6,62.0,61.3,61.1,60.9,61.1,61.4,61.9,62.0,62.4,62.9,63.6,64.4,65.8,69.2,73.5,75.0,75.2,74.7,73.5,71.8,69.0,65.2,60.3,55.0,52.2,52.2,52.2,52.4,52.5,52.9,52.8,53.5,54.0,55.0,55.8,56.3,57.9,60.7,65.4,67.0,67.8,67.9,66.9,65.1,62.4,58.6,53.9,50.1,49.1,49.1,49.1,49.7,49.7,49.9,50.5,51.2,51.9,52.4,53.3,54.2,55.3,57.7,62.0,63.5,64.1,64.4,63.3,61.5
68.5,67.7,67.6,67.5,67.8,68.1,68.3,68.8,69.5,70.5,71.3,72.2,73.9,77.5,80.4,81.4,81.8,81.7,80.9,79.6,77.3,74.0,69.6,65.0,61.3,60.6,60.4,60.4,60.9,61.1,61.5,61.4,61.9,62.6,63.3,64.0,65.4,68.9,73.2,74.7,74.9,74.3,73.3,71.3,68.6,64.8,59.8,54.7,51.9,51.9,51.9,52.3,52.1,52.2,52.6,53.1,53.9,54.8,55.5,56.3,57.7,60.3,65.1,67.1,68.0,67.9,66.8,64.8,62.4,58.4,53.8,50.0,48.6,48.9,49.1,49.4,49.5,49.8,50.5,51.0,51.6,52.5,53.4,54.0,54.9,57.8,61.9,63.9,64.4,64.5,63.3
71.4,68.1,67.2,67.1,67.3,67.4,67.8,68.1,68.7,69.5,70.3,71.2,72.0,73.6,77.1,80.2,81.3,81.7,81.5,80.7,79.2,76.9,73.7,69.2,64.4,60.5,59.9,60.0,60.3,60.6,60.7,60.8,60.8,61.5,62.3,62.8,63.6,65.1,68.6,72.9,74.5,74.6,74.1,72.8,71.0,68.3,64.3,59.4,54.3,51.6,51.6,51.7,51.9,51.5,51.9,52.2,52.9,53.7,54.4,55.4,56.2,57.4,60.2,65.2,67.3,67.9,67.7,66.5,64.9,62.1,58.1,53.5,49.5,48.6,48.8,48.8,49.1,49.3,49.8,50.4,50.8,51.7,52.6,53.2,53.6,55.1,57.7,62.2,64.2,64.6,64.5
75.2,71.0,67.5,66.7,66.8,67.0,67.2,67.7,68.0,68.7,69.3,70.1,70.9,71.8,73.3,76.9,80.2,81.2,81.5,81.3,80.4,78.9,76.6,73.3,68.7,63.8,59.8,59.5,59.8,59.9,60.2,60.1,60.2,60.5,61.3,61.9,62.4,63.4,64.9,68.3,72.6,74.2,74.3,73.6,72.5,70.6,67.9,63.9,58.9,54.0,51.2,51.4,51.4,51.3,51.1,51.5,52.0,52.8,53.4,54.5,55.3,55.9,57.3,60.3,65.3,67.3,67.8,67.4,66.5,64.6,61.9,57.7,53.0,49.4,48.6,48.6,48.5,48.9,49.4,49.7,50.1,50.8,51.7,52.3,52.8,53.8,55.0,58.0,62.6,64.3,64.5
78.7,74.8,70.5,67.0,66.4,66.5,66.7,67.0,67.6,68.0,68.5,69.2,69.9,70.7,71.5,73.2,76.8,80.1,81.0,81.3,80.9,80.1,78.6,76.3,72.8,68.2,63.1,59.3,59.2,59.5,59.5,59.6,59.5,59.9,60.1,60.8,61.4,62.2,63.2,64.7,68.0,72.3,73.8,73.8,73.3,72.1,70.4,67.5,63.3,58.4,53.6,51.1,51.0,50.7,50.9,50.8,51.4,51.7,52.6,53.5,54.4,55.0,56.0,57.5,60.4,65.3,67.1,67.5,67.4,66.3,64.4,61.5,57.0,52.8,49.4,48.3,48.3,48.4,49.0,49.2,49.5,50.1,50.9,51.4,51.9,53.0,53.7,55.3,58.3,62.6,64.3
81.2,78.4,74.5,70.0,66.6,66.0,66.3,66.6,67.0,67.5,67.8,68.3,69.0,69.7,70.4,71.4,73.0,76.6,79.9,80.7,81.0,80.7,79.7,78.2,75.8,72.4,67.6,62.6,59.2,58.9,59.1,58.9,59.0,59.3,59.5,59.6,60.5,61.3,61.9,63.0,64.5,67.7,72.0,73.4,73.5,72.9,71.9,69.9,66.8,62.7,58.1,53.3,50.6,50.3,50.4,50.6,50.7,51.2,51.5,52.7,53.4,54.2,55.0,56.2,57.7,60.4,65.2,66.9,67.6,67.2,66.1,64.0,60.8,57.0,52.8,49.0,48.2,48.2,48.5,48.9,49.0,49.5,50.3,50.6,51.1,52.1,52.9,53.9,55.6,58.4,62.6
83.0,80.9,78.1,74.2,69.6,66.2,65.8,66.2,66.5,66.9,67.4,67.6,68.0,68.7,69.4,70.3,71.3,72.8,76.3,79.6,80.4,80.7,80.4,79.4,77.8,75.4,71.8,67.1,62.4,58.9,58.6,58.5,58.3,58.7,58.9,59.0,59.3,60.4,61.0,61.7,62.8,64.3,67.4,71.5,73.0,73.1,72.7,71.4,69.3,66.2,62.4,57.8,52.9,50.0,49.9,50.0,50.4,50.5,51.0,51.7,52.6,53.2,54.2,55.2,56.4,57.7,60.3,65.0,66.9,67.5,67.0,65.6,63.4,60.7,56.8,52.3,48.8,48.0,48.3,48.4,48.7,49.1,49.6,50.0,50.3,51.3,52.0,53.0,54.2,55.7,58.4
84.1,82.7,80.7,77.8,73.8,69.3,66.0,65.7,66.2,66.5,66.8,67.2,67.4,67.8,68.4,69.2,70.1,71.1,72.6,76.0,79.2,80.2,80.4,80.0,79.0,77.4,74.8,71.5,66.8,62.0,58.5,57.9,58.0,58.1,58.4,58.3,58.7,59.3,60.2,60.7,61.5,62.5,63.9,66.7,71.1,72.7,72.8,72.2,70.8,68.7,65.9,62.1,57.3,52.2,49.5,49.6,49.9,50.1,50.3,51.1,51.6,52.3,53.3,54.3,55.4,56.3,57.6,60.2,65.0,66.7,67.3,66.4,65.0,63.3,60.5,56.3,52.1,48.7,48.2,48.2,48.2,48.8,49.2,49.2,49.7,50.5,51.3,52.2,53.3,54.3,55.7
84.7,83.8,82.5,80.4,77.6,73.6,69.0,65.8,65.7,66.1,66.4,66.6,66.8,67.2,67.4,68.2,69.1,70.0,70.8,72.3,75.7,79.0,79.8,80.2,79.6,78.7,76.9,74.5,71.1,66.4,61.6,57.7,57.4,57.7,57.7,57.8,58.0,58.6,59.0,60.0,60.5,61.3,62.1,63.2,66.3,70.7,72.4,72.4,71.6,70.2,68.4,65.5,61.6,56.7,51.8,49.2,49.4,49.7,50.0,50.5,51.0,51.3,52.4,53.5,54.5,55.3,56.3,57.5,60.2,64.8,66.5,66.6,65.9,64.9,63.1,59.9,56.0,51.9,48.8,48.1,48.0,48.3,48.9,48.8,48.9,49.9,50.5,51.5,52.6,53.4,54.3
84.7,84.4,83.5,82.3,80.1,77.4,73.2,68.9,65.8,65.6,65.9,66.2,66.3,66.6,66.9,67.3,68.2,69.0,69.7,70.5,72.0,75.3,78.7,79.6,79.8,79.2,78.2,76.5,74.1,70.7,65.9,60.8,57.2,57.1,57.3,57.1,57.5,57.9,58.3,58.8,59.8,60.3,61.0,61.4,62.8,66.0,70.4,71.9,71.6,71.1,70.0,68.1,65.0,61.2,56.2,51.4,49.0,49.3,49.6,50.1,50.4,50.7,51.5,52.6,53.7,54.3,55.2,56.3,57.6,60.1,64.6,65.9,66.2,65.9,64.7,62.5,59.6,55.7,51.8,48.7,47.8,48.0,48.4,48.6,48.5,49.0,49.8,50.8,51.7,52.6,53.3
84.2,84.4,84.1,83.4,81.9,79.9,77.1,73.1,68.8,65.7,65.4,65.7,65.9,66.1,66.3,66.7,67.3,68.0,68.7,69.4,70.1,71.6,74.9,78.4,79.2,79.4,78.8,77.9,76.1,73.7,70.1,65.2,60.3,56.9,56.8,56.7,56.9,57.5,57.7,58.1,58.6,59.5,60.0,60.3,61.0,62.4,65.5,69.9,71.2,71.2,70.9,69.7,67.6,64.7,60.8,55.9,51.2,48.8,49.2,49.7,50.0,50.2,50.8,51.7,52.6,53.5,54.2,55.2,56.4,57.5,60.0,64.0,65.4,66.1,65.7,64.2,62.2,59.5,55.6,51.6,48.4,47.9,48.2,48.0,48.2,48.6,48.9,50.2,51.0,51.7,52.6
82.8,84.0,84.2,83.9,83.0,81.7,79.6,77.0,72.9,68.6,65.5,65.2,65.4,65.6,65.8,66.1,66.6,67.1,67.8,68.4,69.1,69.7,71.1,74.4,77.9,78.8,79.0,78.6,77.5,75.8,73.2,69.6,64.8,60.0,56.5,56.1,56.3,56.8,57.2,57.5,57.9,58.5,59.2,59.2,59.9,60.6,62.0,65.1,69.2,70.7,71.0,70.6,69.2,67.3,64.3,60.5,55.7,51.0,48.7,49.2,49.5,49.7,50.2,50.9,51.9,52.6,53.4,54.2,55.4,56.3,57.4,59.5,63.5,65.3,66.0,65.2,64.0,62.1,59.4,55.3,51.3,48.4,48.0,47.8,47.7,48.4,48.5,49.3,50.3,50.9,51.6
80.3,82.5,83.7,83.9,83.6,82.8,81.5,79.5,76.8,72.8,68.5,65.3,65.0,65.2,65.3,65.6,65.9,66.4,66.9,67.5,68.0,68.7,69.2,70.7,73.9,77.5,78.4,78.8,78.2,77.1,75.2,72.7,69.2,64.5,59.5,55.8,55.8,56.2,56.6,56.9,57.2,57.7,58.1,58.4,58.8,59.5,60.2,61.7,64.5,68.7,70.5,70.6,70.1,69.0,66.9,64.0,60.3,55.3,50.7,48.8,49.1,49.2,49.8,50.3,51.0,51.9,52.5,53.3,54.4,55.2,56.2,57.0,59.1,63.5,65.2,65.5,65.0,64.0,62.0,59.0,55.1,51.4,48.4,47.7,47.7,47.9,48.3,48.8,49.5,50.3,50.9
76.5,80.0,82.2,83.5,83.7,83.5,82.7,81.4,79.5,76.7,72.6,68.3,65.0,64.7,64.9,65.2,65.5,65.7,66.3,66.5,67.1,67.7,68.2,68.8,70.1,73.4,77.1,78.2,78.4,77.8,76.6,74.7,72.4,68.9,64.0,59.0,55.6,55.7,56.1,56.4,56.7,57.0,57.3,57.3,58.0,58.4,59.1,59.9,61.1,63.9,68.5,70.1,70.2,69.9,68.6,66.6,63.9,59.9,55.0,50.8,48.6,48.9,49.2,49.9,50.5,50.9,51.8,52.5,53.5,54.3,55.2,55.8,56.7,59.1,63.3,64.9,65.3,65.0,63.8,61.7,58.9,55.0,51.4,48.2,47.6,48.0,47.9,48.7,49.1,49.5,50.4
74.6,76.1,79.7,82.0,83.3,83.6,83.3,82.6,81.3,79.3,76.5,72.4,68.0,64.7,64.4,64.7,65.1,65.2,65.6,65.9,66.1,66.7,67.2,67.7,68.2,69.6,72.8,76.8,77.8,78.1,77.3,76.1,74.4,72.1,68.4,63.5,58.6,55.5,55.5,55.8,56.2,56.5,56.6,56.5,56.9,57.5,57.9,58.8,59.4,60.7,63.5,68.1,69.7,69.9,69.4,68.3,66.5,63.5,59.6,55.0,50.4,48.5,49.1,49.3,50.0,50.4,50.8,51.8,52.7,53.4,54.2,54.7,55.5,56.6,58.9,63.1,64.6,65.2,64.7,63.5,61.6,58.8,54.9,51.2,48.1,47.9,48.0,48.2,48.8,49.1,49.6
73.4,74.2,75.7,79.4,81.7,83.1,83.5,83.2,82.6,81.1,79.1,76.2,72.1,67.8,64.4,64.2,64.6,64.8,65.1,65.2,65.5,65.7,66.3,66.8,67.1,67.7,69.1,72.5,76.3,77.4,77.6,76.8,75.9,74.2,71.6,68.1,63.3,58.4,55.3,55.3,55.7,56.0,56.0,55.7,56.1,56.5,57.1,57.6,58.3,58.9,60.4,63.2,67.6,69.4,69.5,69.2,68.2,66.1,63.3,59.5,54.6,50.2,48.6,49.2,49.5,50.0,50.4,50.9,52.0,52.6,53.4,53.8,54.4,55.4,56.4,58.6,62.8,64.6,65.0,64.3,63.4,61.7,58.8,54.7,51.2,48.3,48.0,48.4,48.4,48.8,49.1
72.4,73.0,73.8,75.4,79.0,81.5,83.0,83.3,83.1,82.3,81.0,78.9,76.0,71.9,67.5,64.2,64.1,64.3,64.6,64.8,64.8,65.1,65.3,65.7,66.1,66.5,67.2,68.8,72.0,75.9,76.9,77.2,76.6,75.6,73.7,71.3,67.8,62.9,58.1,55.1,55.1,55.5,55.5,55.1,55.2,55.6,56.1,56.7,57.2,57.9,58.6,60.1,62.7,67.3,69.0,69.3,69.0,67.8,65.9,63.2,59.1,54.4,50.2,48.7,49.3,49.4,49.9,50.4,51.1,51.9,52.6,53.0,53.4,54.4,55.3,56.2,58.4,62.8,64.4,64.6,64.3,63.5,61.6,58.5,54.7,51.2,48.4,48.3,48.6,48.4,48.8
71.5,71.9,72.6,73.5,75.0,78.8,81.6,82.8,83.2,82.9,82.2,80.7,78.7,75.8,71.6,67.4,64.1,63.8,64.2,64.3,64.4,64.3,64.6,64.7,65.1,65.6,66.0,66.9,68.4,71.7,75.5,76.5,77.0,76.3,75.1,73.5,71.1,67.4,62.6,57.8,54.9,55.0,54.9,54.7,54.6,54.7,55.1,55.7,56.3,56.9,57.7,58.3,59.7,62.4,67.0,68.7,69.1,68.6,67.5,65.7,62.8,58.9,54.4,50.2,48.8,49.2,49.4,50.0,50.7,51.1,51.9,52.2,52.7,53.5,54.2,54.9,55.9,58.4,62.6,64.1,64.5,64.4,63.4,61.3,58.5,54.7,51.4,48.7,48.5,48.6,48.5
70.7,71.0,71.5,72.3,73.2,74.8,78.7,81.4,82.7,82.9,82.7,81.9,80.6,78.5,75.5,71.5,67.2,63.8,63.7,63.9,63.9,63.9,63.9,64.1,64.0,64.5,65.1,65.7,66.5,68.0,71.2,75.0,76.3,76.7,75.9,74.9,73.2,70.7,67.1,62.3,57.5,54.7,54.4,54.1,54.2,54.1,54.4,54.8,55.4,55.9,56.7,57.4,57.8,59.3,62.0,66.8,68.6,68.7,68.4,67.4,65.4,62.5,58.9,54.4,50.3,48.8,49.2,49.5,50.3,50.7,51.1,51.5,51.9,52.8,53.3,53.9,54.7,55.9,58.2,62.3,64.0,64.5,64.4,63.1,61.2,58.4,54.9,51.8,48.9,48.5,48.7
