day 0,day 1,day 2,day 3,day 4,day 5,day 6,day 7,day 8,day 9,day 10,day 11,day 12,day 13,day 14,day 15,day 16,day 17,day 18,day 19,day 20,day 21,day 22,day 23,day 24,day 25,day 26,day 27,day 28,day 29,day 30,day 31,day 32,day 33,day 34,day 35,day 36,day 37,day 38,day 39,day 40,day 41,day 42,day 43,day 44,day 45,day 46,day 47,day 48,day 49,day 50,day 51,day 52,day 53,day 54,day 55,day 56,day 57,day 58,day 59,day 60,day 61,day 62,day 63,day 64,day 65,day 66,day 67,day 68,day 69,day 70,day 71,day 72,day 73,day 74,day 75,day 76,day 77,day 78,day 79,day 80,day 81,day 82,day 83,day 84,day 85,day 86,day 87,day 88,day 89,day 90
62.1,62.8,63.7,64.7,65.6,68.2,72.2,73.9,74.5,74.4,73.7,72.4,70.6,68.0,64.4,59.8,55.5,52.2,51.8,51.8,51.9,52.0,52.1,52.2,52.7,53.3,53.5,54.1,55.1,56.3,58.8,61.1,61.9,62.0,61.1,59.8,58.2,56.0,52.8,49.0,44.9,43.1,43.1,43.1,42.8,42.9,42.9,43.3,43.4,43.8,44.5,45.1,46.1,47.2,48.8,51.8,52.9,52.9,51.9,50.5,48.6,46.3,43.2,40.1,37.4,37.3,37.5,37.7,38.0,38.2,38.0,37.9,37.7,38.0,38.7,38.6,39.2,39.9,41.3,43.0,43.6,43.8,43.3,41.9,40.6,38.8,36.9,35.2,34.4,34.9,35.1
61.2,61.8,62.5,63.3,64.3,65.4,67.7,71.7,73.5,74.2,74.0,73.2,72.0,70.0,67.5,64.0,59.6,55.2,51.6,51.3,51.4,51.4,51.4,51.5,51.8,52.5,52.6,53.0,53.8,54.6,55.7,58.1,60.8,61.6,61.4,60.7,59.6,58.0,55.7,52.4,48.5,44.3,42.9,42.6,42.5,42.4,42.4,42.6,42.7,43.0,43.6,44.2,44.9,45.8,46.5,48.4,51.4,52.4,52.3,51.5,50.1,48.4,46.1,43.1,40.4,37.4,37.2,37.3,37.6,37.8,37.6,37.5,37.3,37.5,38.0,37.9,38.5,39.2,39.8,41.0,42.4,43.4,43.5,42.8,41.8,40.7,39.2,37.4,35.8,34.5,34.8
60.5,61.0,61.5,62.2,62.9,64.0,65.0,67.2,71.2,73.2,73.8,73.4,72.8,71.4,69.6,67.1,63.8,59.2,54.5,51.1,50.9,50.9,50.8,50.8,51.1,51.5,51.8,52.2,52.8,53.3,54.1,54.9,57.8,60.5,61.1,61.0,60.4,59.5,57.7,55.3,51.8,48.0,44.0,42.3,42.0,42.1,42.0,42.2,42.0,42.3,42.9,43.4,44.0,44.5,45.2,46.2,48.3,50.9,51.8,51.9,51.1,49.9,48.2,46.0,43.3,40.4,37.3,37.0,37.3,37.5,37.3,37.2,36.9,37.1,37.5,37.2,37.8,38.4,39.2,39.5,40.4,42.3,43.1,43.0,42.8,42.0,40.9,39.7,37.9,35.8,34.5
59.7,60.2,60.6,61.2,61.7,62.6,63.6,64.7,66.7,70.9,72.9,73.3,73.1,72.3,71.1,69.2,66.8,63.3,58.6,54.0,50.7,50.4,50.4,50.3,50.4,50.9,50.9,51.4,52.0,52.4,52.7,53.3,54.7,57.5,60.0,60.6,60.7,60.3,59.1,57.4,54.7,51.4,47.8,43.4,41.6,41.7,41.7,41.6,41.5,41.6,42.2,42.7,43.1,43.6,44.0,44.9,46.1,47.8,50.3,51.5,51.4,50.9,49.8,48.1,46.1,43.2,40.2,37.1,36.9,37.2,37.0,36.9,36.6,36.8,37.0,36.8,37.1,37.8,38.4,38.8,39.0,40.4,41.9,42.7,43.0,42.9,42.3,41.5,40.1,37.9,35.8
59.1,59.4,59.9,60.4,60.7,61.4,62.1,63.3,64.2,66.3,70.5,72.4,72.9,72.6,72.0,70.7,68.9,66.2,62.7,58.1,53.5,50.2,49.8,49.8,50.0,50.2,50.2,50.6,51.2,51.7,51.9,52.0,53.0,54.5,57.0,59.6,60.4,60.6,60.0,58.9,56.7,54.3,51.3,47.3,42.7,41.2,41.3,41.3,40.9,41.1,41.4,42.0,42.4,42.8,43.1,43.7,44.8,45.6,47.2,50.0,51.0,51.2,50.8,49.6,48.2,45.9,43.0,39.8,37.1,36.9,36.7,36.5,36.3,36.5,36.7,36.4,36.7,37.1,37.9,38.1,38.3,39.0,40.1,41.5,42.7,43.2,43.3,42.8,41.9,40.1,37.9
58.7,58.8,59.1,59.6,59.9,60.4,61.0,61.8,62.8,63.8,65.8,70.0,72.1,72.5,72.3,71.7,70.4,68.3,65.7,62.2,57.5,52.9,49.6,49.3,49.5,49.7,49.5,49.9,50.4,50.9,51.1,51.1,51.7,52.8,53.9,56.5,59.3,60.2,60.3,59.7,58.2,56.4,54.2,50.8,46.7,42.3,40.9,40.9,40.6,40.5,40.9,41.2,41.7,42.0,42.3,42.8,43.5,44.3,45.1,47.1,49.6,50.8,51.1,50.7,49.7,47.9,45.6,42.6,39.6,37.0,36.4,36.3,36.0,36.2,36.4,36.1,36.2,36.7,37.2,37.6,37.6,38.4,38.8,39.7,41.4,42.9,43.5,43.8,43.2,41.8,40.2
58.3,58.4,58.5,58.8,59.2,59.6,59.9,60.7,61.4,62.5,63.3,65.2,69.6,71.6,72.2,72.1,71.3,69.8,67.8,65.1,61.5,56.9,52.3,49.0,49.0,49.3,49.1,49.2,49.8,50.2,50.4,50.4,50.8,51.5,52.3,53.5,56.2,59.1,59.9,60.0,59.1,58.0,56.3,53.8,50.4,46.3,41.8,40.5,40.2,40.2,40.4,40.8,40.9,41.3,41.4,42.0,42.7,43.1,43.8,45.0,46.6,49.3,50.7,51.0,50.7,49.4,47.7,45.2,42.3,39.4,36.5,36.0,35.6,35.8,36.0,35.8,35.9,36.2,36.7,36.9,37.1,37.7,38.1,38.4,39.6,41.7,43.2,44.1,44.2,43.2,42.0
58.4,57.9,58.1,58.2,58.4,58.9,59.1,59.6,60.3,61.0,62.0,62.8,64.9,69.0,71.2,71.9,71.6,70.7,69.3,67.3,64.4,60.8,56.4,51.7,48.7,48.7,48.6,48.7,49.1,49.6,49.7,49.6,50.0,50.5,51.0,52.0,53.2,55.9,58.8,59.5,59.4,58.9,57.9,56.0,53.5,49.9,45.8,41.3,39.8,39.8,40.1,40.3,40.4,40.5,40.8,41.1,41.8,42.3,42.7,43.8,44.6,46.4,49.2,50.6,51.1,50.4,49.2,47.2,45.0,42.0,38.8,36.0,35.4,35.4,35.6,35.4,35.6,36.0,36.3,36.4,36.5,37.2,37.4,37.7,38.2,39.9,42.0,43.8,44.5,44.2,43.3
62.0,58.0,57.7,57.8,57.7,58.1,58.5,58.8,59.2,59.9,60.5,61.4,62.5,64.4,68.6,70.9,71.4,71.0,70.2,68.8,66.5,63.7,60.2,55.8,51.2,48.4,48.0,48.2,48.5,48.9,49.0,48.9,49.2,49.7,50.0,50.6,51.6,53.0,55.7,58.4,59.0,59.1,58.7,57.7,55.9,53.1,49.4,45.3,40.6,39.4,39.7,40.0,39.9,40.0,40.1,40.5,41.0,41.5,42.0,42.7,43.4,44.4,46.3,49.1,50.7,50.7,50.1,48.8,47.0,44.6,41.3,38.2,35.5,35.2,35.2,35.0,35.3,35.7,36.1,35.9,36.0,36.6,36.8,37.0,37.5,38.6,40.2,42.6,44.1,44.4,44.3
66.0,61.6,57.7,57.4,57.3,57.4,57.7,58.1,58.4,58.8,59.4,59.9,61.0,62.0,64.0,68.3,70.4,70.8,70.5,69.7,68.0,65.7,63.1,59.7,55.4,50.8,47.7,47.8,48.1,48.3,48.3,48.2,48.5,49.0,49.2,49.5,50.2,51.4,52.7,55.3,57.8,58.8,59.0,58.6,57.6,55.4,52.6,48.9,44.6,40.2,39.4,39.5,39.5,39.5,39.6,39.9,40.4,40.7,41.1,42.0,42.3,43.2,44.2,46.3,49.2,50.3,50.4,49.8,48.5,46.5,43.8,40.5,37.6,35.3,34.9,34.6,34.8,35.4,35.8,35.7,35.6,36.1,36.3,36.5,36.8,37.9,38.9,40.7,42.9,44.1,44.5
69.9,65.6,61.3,57.3,56.9,57.0,57.0,57.3,57.7,58.1,58.3,58.8,59.5,60.6,61.7,63.7,67.7,69.8,70.4,70.0,68.9,67.2,65.1,62.5,59.2,54.8,50.0,47.4,47.6,47.9,47.8,47.6,47.9,48.3,48.4,48.8,49.1,50.1,51.2,52.3,54.6,57.6,58.6,58.9,58.5,57.1,55.0,52.1,48.3,44.1,40.1,39.2,39.1,39.0,39.1,39.3,39.7,40.1,40.3,41.1,41.6,42.1,43.0,44.3,46.4,48.8,50.0,50.0,49.4,48.0,45.8,43.0,39.9,37.3,34.9,34.4,34.4,34.9,35.4,35.4,35.3,35.7,35.9,36.0,36.3,37.2,38.3,39.4,41.0,42.9,44.2
72.9,69.4,65.3,60.9,56.9,56.6,56.6,56.6,57.1,57.4,57.6,57.7,58.4,59.0,60.3,61.5,63.3,67.1,69.4,69.9,69.2,68.2,66.7,64.5,62.0,58.5,54.1,49.6,47.4,47.4,47.4,47.1,47.3,47.7,47.8,48.0,48.4,49.0,49.9,50.8,51.7,54.3,57.4,58.6,58.8,58.0,56.7,54.4,51.5,47.8,43.8,39.8,38.8,38.6,38.7,38.8,39.1,39.5,39.9,40.3,40.8,41.3,42.0,43.3,44.4,46.0,48.6,49.6,49.7,48.9,47.2,44.8,42.4,39.7,36.8,34.5,34.2,34.5,35.0,35.1,35.0,35.4,35.4,35.7,35.8,36.7,37.6,38.8,39.8,40.9,43.0
74.7,72.4,69.2,64.9,60.4,56.6,56.2,56.3,56.4,56.7,57.0,56.9,57.3,57.9,58.7,60.1,61.1,62.7,66.6,68.8,69.1,68.5,67.6,66.0,64.1,61.3,57.7,53.7,49.5,47.1,46.9,46.8,46.8,47.1,47.2,47.4,47.5,48.4,48.8,49.5,50.1,51.4,54.0,57.2,58.5,58.4,57.5,56.1,53.9,51.0,47.4,43.5,39.3,38.3,38.3,38.5,38.6,38.9,39.3,39.7,39.9,40.6,41.3,42.3,43.3,44.0,45.8,48.2,49.3,49.1,48.0,46.2,44.2,42.1,39.0,36.4,34.2,34.3,34.6,34.6,34.6,35.1,35.2,35.2,35.4,36.2,37.1,38.0,39.1,39.6,41.0
76.0,74.2,72.2,68.7,64.5,60.0,56.1,55.8,55.9,56.0,56.3,56.3,56.5,56.8,57.6,58.5,59.6,60.6,62.2,66.0,68.0,68.4,68.0,67.0,65.5,63.3,60.5,57.3,53.4,49.2,46.6,46.3,46.6,46.7,46.6,46.8,47.0,47.5,48.1,48.5,48.8,49.9,51.1,53.7,57.1,58.1,58.0,56.9,55.6,53.4,50.6,47.0,43.1,38.8,38.0,38.1,38.3,38.4,38.8,39.2,39.5,39.7,40.5,41.5,42.3,43.0,43.8,45.4,47.9,48.8,48.4,47.1,45.6,44.0,41.3,38.6,36.1,34.3,34.3,34.1,34.1,34.7,34.9,35.0,34.9,35.9,36.6,37.5,38.4,38.9,39.9
76.9,75.5,73.9,71.7,68.4,64.0,59.6,55.8,55.5,55.6,55.6,55.6,55.8,56.0,56.6,57.3,58.1,59.1,60.2,61.7,65.2,67.3,67.8,67.4,66.5,64.7,62.5,60.0,56.9,52.9,48.6,46.0,46.1,46.4,46.1,46.1,46.4,46.9,47.4,47.8,47.8,48.6,49.6,50.7,53.5,56.6,57.6,57.4,56.4,55.1,52.9,50.2,46.5,42.4,38.5,37.8,37.9,38.1,38.3,38.7,38.9,39.3,39.7,40.8,41.5,41.9,42.8,43.4,45.1,47.4,48.0,47.4,46.5,45.3,43.1,41.0,38.3,36.1,34.3,33.8,33.7,34.2,34.5,34.7,34.7,35.4,36.3,37.2,37.9,38.2,39.1
77.3,76.4,75.2,73.5,71.4,68.0,63.6,59.1,55.5,55.1,55.2,55.0,55.2,55.3,55.7,56.3,57.0,57.7,58.7,59.6,60.9,64.4,66.7,67.2,66.8,65.7,64.0,62.0,59.6,56.4,52.3,47.9,45.9,45.9,45.9,45.7,45.7,46.3,46.8,47.1,47.1,47.5,48.2,49.1,50.5,53.0,56.2,57.0,56.9,55.9,54.6,52.5,49.6,45.9,42.1,38.2,37.6,37.8,38.0,38.2,38.4,38.7,39.3,40.0,40.8,41.1,41.7,42.5,43.2,44.6,46.6,47.1,46.8,46.2,44.4,42.9,40.9,38.3,36.0,33.8,33.5,33.8,34.0,34.3,34.5,35.2,35.8,36.8,37.5,37.6,38.3
77.3,76.8,76.1,74.8,73.3,71.1,67.6,63.2,58.8,55.1,54.7,54.6,54.5,54.6,55.0,55.6,56.1,56.6,57.2,58.1,58.8,60.3,63.8,66.1,66.6,66.0,64.9,63.4,61.5,59.0,55.7,51.7,47.7,45.7,45.4,45.5,45.3,45.7,46.1,46.5,46.3,46.8,47.1,47.7,48.8,50.0,52.5,55.6,56.5,56.4,55.4,54.2,51.8,48.9,45.5,41.8,37.9,37.5,37.6,37.8,37.9,38.2,38.7,39.6,40.1,40.4,41.0,41.5,42.3,42.7,43.9,45.7,46.5,46.5,45.3,44.3,42.7,40.8,38.1,35.4,33.4,33.5,33.6,33.8,34.1,35.0,35.6,36.4,37.1,37.2,37.8
76.4,76.8,76.5,75.7,74.6,73.0,70.8,67.2,62.8,58.3,54.7,54.1,54.1,53.9,54.3,54.8,55.3,55.6,56.1,56.7,57.4,58.2,59.6,63.1,65.4,65.7,65.3,64.3,62.8,60.8,58.3,55.1,51.5,47.4,45.2,44.9,45.1,45.2,45.6,45.8,45.8,46.0,46.4,46.5,47.4,48.4,49.7,51.9,55.0,56.0,55.9,55.0,53.4,51.2,48.5,45.2,41.4,37.7,37.4,37.5,37.6,37.8,38.2,39.1,39.7,39.7,40.3,40.8,41.3,41.7,42.2,43.1,45.2,46.2,45.6,45.1,44.0,42.6,40.5,37.4,35.0,33.4,33.3,33.5,33.7,34.6,35.4,36.2,36.7,36.9,37.5
74.4,75.9,76.4,76.0,75.5,74.3,72.7,70.3,66.9,62.3,57.9,54.1,53.6,53.5,53.7,54.1,54.6,54.9,55.1,55.6,56.1,56.7,57.5,59.1,62.5,64.5,65.0,64.7,63.7,62.1,60.2,57.8,54.8,51.0,46.8,44.7,44.6,45.0,45.1,45.2,45.1,45.5,45.6,45.8,46.3,46.9,48.1,49.1,51.3,54.5,55.5,55.5,54.3,52.7,50.7,48.2,44.7,41.1,37.6,37.2,37.2,37.4,37.8,38.6,39.2,39.3,39.6,40.1,40.7,40.8,41.3,41.4,42.7,44.9,45.3,45.4,44.9,43.8,42.3,39.8,37.1,34.9,33.2,33.2,33.4,34.2,35.1,36.0,36.5,36.4,37.1
70.0,73.9,75.5,75.9,75.8,75.2,73.9,72.3,70.0,66.4,61.9,57.3,53.6,53.0,53.2,53.5,53.9,54.1,54.3,54.6,55.0,55.4,56.0,57.1,58.7,61.5,63.9,64.3,63.9,63.0,61.5,59.7,57.5,54.4,50.5,46.3,44.4,44.5,44.8,44.7,44.6,44.8,45.0,45.0,45.5,45.8,46.7,47.5,48.6,50.8,54.0,55.0,54.7,53.6,52.3,50.5,47.7,44.2,40.9,37.4,37.0,37.0,37.4,38.2,38.8,38.9,39.2,39.4,39.9,40.1,40.3,40.5,41.1,42.6,44.0,45.1,45.2,44.7,43.6,41.6,39.5,36.9,34.6,33.0,33.1,33.9,34.7,35.7,36.2,36.2,36.7
67.0,69.4,73.4,75.0,75.7,75.4,74.8,73.6,72.0,69.5,66.0,61.3,56.7,53.0,52.8,53.1,53.3,53.5,53.6,53.8,54.1,54.4,54.8,55.6,56.8,57.9,60.8,63.2,63.6,63.2,62.3,61.1,59.5,57.0,53.9,50.1,45.9,44.3,44.3,44.5,44.1,44.3,44.3,44.5,44.7,45.0,45.6,46.1,47.0,48.2,50.4,53.6,54.3,54.0,53.2,52.1,49.9,47.2,44.0,40.6,37.1,36.8,37.0,37.9,38.4,38.5,38.8,39.0,39.3,39.3,39.6,39.7,40.3,41.0,41.7,43.9,44.9,45.0,44.4,42.8,41.3,39.3,36.6,34.5,32.9,33.6,34.3,35.3,35.9,35.9,36.4
65.5,66.4,69.0,72.9,74.7,75.3,75.0,74.5,73.3,71.5,69.1,65.5,60.7,56.1,52.7,52.6,52.9,52.8,53.0,53.1,53.3,53.6,53.8,54.4,55.3,56.1,57.3,60.2,62.5,62.9,62.5,62.0,60.8,58.9,56.6,53.5,49.7,45.7,44.0,44.0,43.9,43.8,43.8,43.7,44.1,44.2,44.8,45.0,45.6,46.7,47.9,50.1,52.8,53.6,53.6,52.9,51.5,49.3,46.9,43.7,40.4,37.0,36.8,37.5,38.0,38.2,38.3,38.7,38.9,38.8,38.8,39.0,39.4,40.3,40.1,41.6,43.7,44.6,44.6,43.7,42.6,41.1,38.9,36.5,34.4,33.4,34.0,35.0,35.5,35.7,36.1
64.1,65.0,66.1,68.5,72.6,74.3,74.9,74.7,74.1,72.8,71.0,68.7,64.9,60.2,55.8,52.5,52.3,52.4,52.3,52.5,52.6,52.8,53.0,53.5,54.2,54.6,55.5,56.8,59.5,61.8,62.2,62.3,61.7,60.2,58.5,56.3,53.2,49.4,45.3,43.7,43.4,43.6,43.4,43.3,43.3,43.6,44.0,44.2,44.6,45.4,46.4,47.7,49.5,52.2,53.2,53.4,52.5,50.9,49.0,46.6,43.5,40.1,36.9,37.3,37.6,37.9,38.0,38.3,38.6,38.4,38.3,38.2,38.7,39.4,39.4,40.0,41.5,43.4,44.3,43.9,43.5,42.3,40.7,38.8,36.5,34.8,33.8,34.7,35.2,35.4,35.9
62.8,63.7,64.7,65.6,68.2,72.2,73.9,74.5,74.4,73.7,72.4,70.6,68.0,64.4,59.8,55.5,52.2,51.8,51.8,51.9,52.0,52.1,52.2,52.7,53.3,53.5,54.1,55.1,56.3,58.8,61.1,61.9,62.0,61.1,59.8,58.2,56.0,52.8,49.0,44.9,43.1,43.1,43.1,42.8,42.9,42.9,43.3,43.4,43.8,44.5,45.1,46.1,47.2,48.8,51.8,52.9,52.9,51.9,50.5,48.6,46.3,43.2,40.1,37.4,37.3,37.5,37.7,38.0,38.2,38.0,37.9,37.7,38.0,38.7,38.6,39.2,39.9,41.3,43.0,43.6,43.8,43.3,41.9,40.6,38.8,36.9,35.2,34.4,34.9,35.1,35.6
61.8,62.5,63.3,64.3,65.4,67.7,71.7,73.5,74.2,74.0,73.2,72.0,70.0,67.5,64.0,59.6,55.2,51.6,51.3,51.4,51.4,51.4,51.5,51.8,52.5,52.6,53.0,53.8,54.6,55.7,58.1,60.8,61.6,61.4,60.7,59.6,58.0,55.7,52.4,48.5,44.3,42.9,42.6,42.5,42.4,42.4,42.6,42.7,43.0,43.6,44.2,44.9,45.8,46.5,48.4,51.4,52.4,52.3,51.5,50.1,48.4,46.1,43.1,40.4,37.4,37.2,37.3,37.6,37.8,37.6,37.5,37.3,37.5,38.0,37.9,38.5,39.2,39.8,41.0,42.4,43.4,43.5,42.8,41.8,40.7,39.2,37.4,35.8,34.5,34.8,35.4
