day 0,day 1,day 2,day 3,day 4,day 5,day 6,day 7,day 8,day 9,day 10,day 11,day 12,day 13,day 14,day 15,day 16,day 17,day 18,day 19,day 20,day 21,day 22,day 23,day 24,day 25,day 26,day 27,day 28,day 29,day 30,day 31,day 32,day 33,day 34,day 35,day 36,day 37,day 38,day 39,day 40,day 41,day 42,day 43,day 44,day 45,day 46,day 47,day 48,day 49,day 50,day 51,day 52,day 53,day 54,day 55,day 56,day 57,day 58,day 59,day 60,day 61,day 62,day 63,day 64,day 65,day 66,day 67,day 68,day 69,day 70,day 71,day 72,day 73,day 74,day 75,day 76,day 77,day 78,day 79,day 80,day 81,day 82,day 83,day 84,day 85,day 86,day 87,day 88,day 89,day 90,day 91,day 92,day 93
59.5,60.4,61.2,61.8,62.5,64.0,66.1,67.7,69.1,70.0,70.5,70.5,69.8,68.8,67.5,66.1,64.9,63.4,61.2,59.8,59.9,60.4,61.0,61.4,62.0,62.6,63.1,63.5,64.1,65.5,68.1,70.0,71.3,72.1,72.5,71.8,70.9,69.6,68.1,66.6,65.1,63.6,61.1,60.3,60.3,60.6,60.8,61.4,62.0,62.4,62.9,63.3,63.6,64.5,67.0,69.1,71.0,72.0,72.3,72.3,71.5,70.1,68.8,67.3,65.8,63.8,60.4,60.4,60.7,61.2,61.8,62.3,62.8,63.5,63.9,64.4,64.9,65.6,67.7,70.1,71.8,72.9,73.5,73.3,72.5,70.9,69.3,67.6,65.9,62.0,58.5,58.5,58.6,58.9
59.0,59.6,60.5,61.3,61.9,62.5,63.9,66.1,67.8,69.2,70.2,70.7,70.6,70.0,69.0,67.7,66.1,65.0,63.5,61.2,59.8,60.1,60.6,61.0,61.5,62.1,62.7,63.2,63.6,64.1,65.5,67.9,69.9,71.2,72.1,72.4,71.9,70.8,69.5,68.1,66.5,65.0,63.6,61.0,60.2,60.3,60.5,60.8,61.4,62.0,62.4,62.9,63.3,63.5,64.4,66.9,69.1,71.1,72.0,72.4,72.3,71.6,70.3,68.9,67.5,66.1,63.9,60.3,60.4,60.8,61.4,61.8,62.3,62.8,63.5,63.9,64.4,64.9,65.4,67.6,70.0,71.7,72.9,73.4,73.3,72.4,70.8,69.3,67.5,65.7,61.7,58.3,58.4,58.5
58.4,59.0,59.8,60.6,61.4,61.9,62.5,63.9,66.2,67.9,69.4,70.4,70.8,70.7,70.2,69.1,67.8,66.2,65.0,63.5,61.2,60.0,60.2,60.6,61.1,61.6,62.2,62.8,63.2,63.6,64.1,65.3,67.8,69.9,71.1,72.0,72.3,71.7,70.8,69.5,68.1,66.5,65.0,63.5,60.9,60.2,60.2,60.4,60.9,61.4,62.1,62.5,62.9,63.2,63.4,64.4,66.9,69.2,71.2,72.1,72.5,72.5,71.8,70.5,69.1,67.7,66.3,64.0,60.4,60.5,60.9,61.4,61.8,62.3,62.9,63.5,63.8,64.3,64.8,65.3,67.3,69.9,71.7,72.9,73.4,73.1,72.3,70.7,69.1,67.4,65.6,61.5,58.1,58.3
58.0,58.4,59.2,59.9,60.8,61.4,61.9,62.5,63.9,66.4,68.1,69.6,70.5,71.0,70.9,70.4,69.2,67.8,66.3,65.1,63.6,61.3,60.1,60.3,60.7,61.2,61.7,62.3,62.9,63.2,63.6,64.0,65.2,67.8,69.8,71.0,72.0,72.2,71.7,70.8,69.5,68.1,66.5,64.9,63.4,60.9,60.2,60.2,60.5,60.9,61.4,62.1,62.5,62.8,63.1,63.4,64.3,66.8,69.3,71.3,72.2,72.7,72.7,72.0,70.7,69.3,67.9,66.4,64.0,60.4,60.5,60.9,61.4,61.9,62.3,62.9,63.4,63.8,64.2,64.6,65.1,67.3,69.8,71.7,72.8,73.3,73.0,72.2,70.5,69.0,67.3,65.6,61.4,58.0
57.8,58.1,58.7,59.4,60.0,60.8,61.4,61.9,62.5,64.0,66.5,68.2,69.7,70.7,71.2,71.0,70.4,69.2,67.9,66.3,65.2,63.8,61.5,60.1,60.4,60.8,61.4,61.8,62.4,62.9,63.2,63.6,63.9,65.2,67.8,69.7,71.0,71.9,72.1,71.7,70.8,69.4,68.1,66.4,64.8,63.3,60.8,60.2,60.2,60.5,61.0,61.5,62.1,62.4,62.7,63.0,63.4,64.3,66.8,69.3,71.4,72.4,72.8,72.9,72.2,70.9,69.5,68.0,66.4,64.1,60.5,60.6,60.9,61.4,62.0,62.3,62.8,63.3,63.6,64.1,64.4,65.0,67.2,69.8,71.6,72.8,73.2,72.9,72.0,70.4,69.0,67.4,65.7,61.3
57.6,57.9,58.3,58.8,59.5,60.1,60.8,61.5,62.0,62.5,64.2,66.6,68.3,69.8,70.9,71.3,71.0,70.4,69.2,67.9,66.4,65.4,64.0,61.5,60.2,60.5,60.9,61.4,61.8,62.4,62.9,63.2,63.5,63.9,65.1,67.8,69.7,70.9,71.8,72.2,71.6,70.8,69.4,68.0,66.3,64.7,63.3,60.8,60.2,60.2,60.6,61.0,61.5,62.1,62.4,62.6,63.0,63.4,64.3,66.9,69.4,71.5,72.5,73.0,73.2,72.4,71.0,69.5,68.1,66.4,64.1,60.5,60.5,61.0,61.5,61.9,62.2,62.8,63.2,63.5,63.9,64.3,65.0,67.2,69.7,71.6,72.7,73.1,72.7,71.9,70.3,69.0,67.5,65.9
59.5,57.7,58.0,58.5,59.0,59.6,60.1,60.9,61.6,62.0,62.6,64.2,66.6,68.4,70.0,71.1,71.4,71.1,70.4,69.3,68.1,66.7,65.5,64.0,61.5,60.3,60.6,60.9,61.5,61.8,62.3,62.9,63.1,63.5,63.8,65.2,67.8,69.6,70.9,71.9,72.2,71.6,70.8,69.3,67.9,66.2,64.7,63.3,60.8,60.2,60.2,60.7,61.0,61.5,62.0,62.3,62.6,63.0,63.5,64.3,67.0,69.5,71.7,72.7,73.3,73.4,72.5,71.1,69.6,68.2,66.5,64.1,60.4,60.5,61.0,61.4,61.8,62.2,62.7,63.1,63.3,63.7,64.3,65.0,67.1,69.7,71.6,72.5,72.8,72.6,71.8,70.4,69.2,67.9
61.9,59.5,57.9,58.2,58.6,59.0,59.6,60.2,61.0,61.6,62.1,62.6,64.3,66.7,68.5,70.2,71.2,71.5,71.1,70.5,69.4,68.3,66.8,65.5,64.0,61.5,60.3,60.6,61.0,61.5,61.8,62.3,62.8,63.1,63.5,63.8,65.1,67.7,69.7,70.9,71.9,72.2,71.6,70.7,69.2,67.7,66.1,64.8,63.3,60.7,60.2,60.3,60.6,61.1,61.4,61.9,62.3,62.6,63.1,63.6,64.4,67.0,69.7,71.8,73.0,73.5,73.6,72.6,71.2,69.7,68.2,66.6,64.1,60.4,60.6,61.0,61.3,61.8,62.1,62.5,62.8,63.2,63.7,64.4,65.0,67.0,69.5,71.4,72.3,72.8,72.6,71.9,70.7,69.5
63.4,62.0,59.6,58.0,58.4,58.7,59.1,59.7,60.4,61.0,61.7,62.1,62.7,64.2,66.8,68.8,70.4,71.2,71.6,71.2,70.6,69.7,68.4,66.8,65.6,64.1,61.5,60.4,60.6,61.0,61.5,61.8,62.3,62.8,63.1,63.5,63.8,65.1,67.8,69.7,70.9,71.9,72.2,71.5,70.6,69.2,67.7,66.2,64.9,63.3,60.7,60.2,60.3,60.6,61.0,61.4,62.0,62.3,62.6,63.2,63.7,64.5,67.2,69.9,72.0,73.1,73.7,73.6,72.6,71.4,69.8,68.3,66.6,64.1,60.5,60.6,60.9,61.4,61.7,62.0,62.3,62.7,63.1,63.7,64.3,64.9,66.9,69.5,71.2,72.3,72.7,72.7,72.2,71.0
64.6,63.5,62.2,59.7,58.2,58.4,58.8,59.2,59.8,60.5,61.1,61.8,62.2,62.7,64.3,67.0,68.9,70.5,71.3,71.7,71.4,70.9,69.8,68.5,66.8,65.6,64.2,61.6,60.4,60.7,60.9,61.4,61.7,62.3,62.9,63.2,63.5,63.8,65.1,67.8,69.6,70.9,71.9,72.0,71.4,70.6,69.1,67.8,66.3,64.8,63.3,60.7,60.3,60.3,60.5,61.0,61.5,62.0,62.3,62.8,63.3,63.8,64.7,67.4,70.1,72.2,73.3,73.8,73.6,72.8,71.5,69.9,68.3,66.7,64.2,60.5,60.5,61.0,61.3,61.6,61.8,62.1,62.6,63.1,63.6,64.2,64.8,66.8,69.3,71.1,72.2,72.9,73.0,72.4
65.9,64.7,63.7,62.3,59.8,58.3,58.5,58.9,59.4,59.9,60.5,61.2,61.8,62.2,62.9,64.7,67.1,69.0,70.6,71.5,71.8,71.6,71.0,69.8,68.4,66.8,65.7,64.2,61.6,60.4,60.7,60.9,61.3,61.8,62.3,62.9,63.2,63.4,63.8,65.2,67.8,69.6,70.8,71.8,71.9,71.4,70.5,69.2,67.9,66.3,64.9,63.3,60.7,60.3,60.3,60.5,61.0,61.5,62.0,62.4,62.9,63.4,63.9,64.8,67.5,70.2,72.3,73.3,73.8,73.8,72.9,71.5,70.0,68.4,66.8,64.2,60.5,60.6,61.0,61.2,61.4,61.6,62.0,62.5,63.0,63.5,64.1,64.8,66.7,69.2,71.0,72.3,73.2,73.3
67.1,66.0,64.8,63.8,62.3,59.9,58.3,58.6,59.0,59.5,60.0,60.7,61.2,61.9,62.4,63.0,64.8,67.0,69.0,70.7,71.6,72.1,71.8,71.0,69.8,68.4,66.9,65.8,64.2,61.6,60.5,60.7,60.9,61.3,61.9,62.4,62.9,63.2,63.5,63.8,65.2,67.8,69.5,70.8,71.7,71.9,71.3,70.7,69.3,67.9,66.3,64.9,63.3,60.8,60.3,60.3,60.6,61.1,61.5,62.0,62.6,63.0,63.5,64.1,65.0,67.6,70.4,72.3,73.4,74.0,73.9,72.9,71.6,70.1,68.6,66.9,64.2,60.5,60.6,60.9,61.0,61.2,61.4,61.9,62.3,62.8,63.4,64.1,64.7,66.6,69.1,71.0,72.6,73.4
68.2,67.3,66.1,65.0,63.8,62.4,59.9,58.5,58.7,59.1,59.6,60.2,60.8,61.4,62.0,62.5,63.1,64.7,67.1,69.1,70.9,71.8,72.2,71.8,71.0,69.8,68.5,67.1,65.8,64.2,61.6,60.5,60.7,60.9,61.3,62.0,62.4,62.9,63.2,63.5,63.8,65.2,67.8,69.4,70.7,71.6,71.9,71.4,70.8,69.3,68.0,66.3,64.9,63.4,60.7,60.2,60.3,60.7,61.2,61.6,62.1,62.6,63.1,63.6,64.3,65.1,67.7,70.4,72.3,73.5,74.1,73.9,73.0,71.8,70.2,68.6,66.9,64.1,60.5,60.6,60.7,60.8,61.0,61.4,61.6,62.2,62.7,63.4,64.0,64.7,66.4,69.1,71.2,72.9
69.1,68.4,67.5,66.3,65.0,63.9,62.4,60.1,58.6,58.9,59.2,59.8,60.3,60.9,61.5,62.2,62.6,63.1,64.7,67.2,69.3,71.1,71.9,72.3,71.9,71.1,69.9,68.6,67.1,65.7,64.1,61.6,60.5,60.6,60.8,61.3,62.0,62.4,62.9,63.2,63.5,63.8,65.1,67.6,69.3,70.6,71.6,72.0,71.5,70.8,69.4,68.0,66.4,65.0,63.3,60.6,60.3,60.4,60.8,61.2,61.7,62.2,62.7,63.2,63.8,64.4,65.2,67.8,70.4,72.4,73.5,74.1,74.0,73.1,71.9,70.3,68.6,66.8,64.0,60.5,60.4,60.5,60.6,60.9,61.1,61.5,62.0,62.7,63.3,63.9,64.5,66.4,69.3,71.5
69.5,69.2,68.6,67.6,66.3,65.1,64.0,62.5,60.2,58.8,59.0,59.5,59.9,60.4,61.1,61.6,62.3,62.6,63.1,64.8,67.4,69.5,71.2,72.0,72.3,72.0,71.1,70.0,68.7,67.1,65.7,64.0,61.5,60.5,60.7,60.9,61.4,61.9,62.4,62.8,63.2,63.5,63.8,65.0,67.5,69.3,70.6,71.7,71.9,71.5,70.9,69.5,68.1,66.5,65.0,63.3,60.6,60.4,60.5,60.8,61.3,61.8,62.2,62.9,63.4,63.9,64.5,65.4,67.9,70.5,72.4,73.6,74.1,74.1,73.2,71.9,70.3,68.5,66.7,63.8,60.4,60.2,60.3,60.5,60.6,61.0,61.4,61.9,62.6,63.2,63.8,64.5,66.5,69.5
69.3,69.6,69.4,68.8,67.7,66.4,65.1,64.0,62.6,60.3,58.9,59.2,59.5,60.0,60.6,61.2,61.8,62.3,62.6,63.2,64.9,67.6,69.6,71.2,72.0,72.4,72.0,71.3,70.1,68.7,67.0,65.6,64.0,61.5,60.5,60.7,60.9,61.3,61.9,62.3,62.7,63.2,63.4,63.7,65.0,67.4,69.2,70.7,71.7,72.0,71.7,71.0,69.6,68.2,66.5,65.0,63.3,60.7,60.4,60.5,60.9,61.4,61.8,62.3,63.0,63.5,64.0,64.6,65.5,68.0,70.6,72.4,73.7,74.2,74.1,73.3,71.9,70.2,68.4,66.5,63.6,60.2,60.0,60.1,60.1,60.5,60.9,61.4,61.8,62.5,63.1,63.8,64.6,66.7
68.6,69.4,69.7,69.6,68.8,67.7,66.4,65.1,64.2,62.8,60.5,59.0,59.3,59.7,60.2,60.8,61.4,61.8,62.3,62.6,63.3,65.1,67.6,69.7,71.3,72.1,72.5,72.1,71.3,70.1,68.5,66.9,65.5,63.9,61.5,60.6,60.7,60.9,61.4,61.8,62.2,62.7,63.1,63.4,63.7,64.9,67.4,69.2,70.8,71.8,72.0,71.8,71.1,69.6,68.2,66.6,65.1,63.3,60.7,60.4,60.6,60.9,61.4,61.9,62.5,63.1,63.5,64.1,64.8,65.6,68.1,70.6,72.5,73.7,74.3,74.2,73.3,71.8,70.1,68.1,66.4,63.4,60.0,59.8,59.7,59.9,60.4,60.8,61.3,61.6,62.4,63.0,63.9,64.8
67.4,68.7,69.5,69.9,69.6,68.9,67.8,66.5,65.2,64.4,62.9,60.6,59.2,59.4,59.8,60.3,60.9,61.4,61.8,62.3,62.8,63.5,65.2,67.6,69.8,71.4,72.2,72.6,72.2,71.2,69.9,68.3,66.8,65.5,63.8,61.5,60.5,60.7,60.9,61.2,61.7,62.3,62.7,63.0,63.3,63.6,64.8,67.3,69.2,70.9,71.8,72.0,71.8,71.1,69.7,68.3,66.7,65.1,63.3,60.7,60.4,60.7,61.0,61.5,62.0,62.6,63.2,63.6,64.2,64.9,65.7,68.0,70.5,72.4,73.8,74.4,74.1,73.2,71.6,69.8,68.0,66.3,63.2,59.7,59.4,59.5,59.9,60.3,60.7,61.0,61.5,62.4,63.0,64.1
65.8,67.5,68.8,69.6,69.9,69.6,68.9,67.9,66.6,65.5,64.5,63.0,60.7,59.3,59.5,60.0,60.5,61.0,61.4,61.9,62.4,63.0,63.6,65.2,67.7,70.0,71.4,72.3,72.7,72.1,71.1,69.8,68.3,66.8,65.4,63.8,61.4,60.5,60.7,60.8,61.1,61.7,62.2,62.6,63.0,63.2,63.6,64.8,67.4,69.3,71.0,71.9,72.1,71.9,71.1,69.8,68.4,66.7,65.2,63.3,60.7,60.4,60.6,61.0,61.5,62.1,62.6,63.2,63.7,64.3,65.0,65.6,68.0,70.5,72.5,73.8,74.2,74.0,73.0,71.4,69.8,67.9,66.2,62.9,59.3,59.2,59.5,59.8,60.1,60.6,60.9,61.5,62.4,63.2
63.6,66.0,67.7,69.0,69.7,70.0,69.7,69.1,68.1,66.9,65.6,64.6,63.1,60.8,59.4,59.6,60.1,60.5,61.0,61.5,62.0,62.6,63.1,63.7,65.3,67.9,70.1,71.5,72.3,72.6,72.1,71.0,69.8,68.3,66.8,65.3,63.7,61.4,60.5,60.6,60.8,61.0,61.6,62.1,62.5,62.8,63.2,63.6,64.8,67.4,69.3,71.0,71.9,72.1,71.9,71.2,69.9,68.4,66.7,65.3,63.4,60.6,60.4,60.5,61.0,61.6,62.1,62.6,63.3,63.8,64.4,64.9,65.6,68.0,70.6,72.5,73.7,74.1,73.8,72.8,71.3,69.7,67.9,66.1,62.6,59.1,59.2,59.4,59.6,59.9,60.4,60.9,61.5,62.5
62.0,63.8,66.2,67.8,68.9,69.7,70.0,69.8,69.2,68.3,67.1,65.8,64.7,63.2,60.9,59.5,59.8,60.2,60.6,61.0,61.7,62.2,62.7,63.2,63.8,65.4,68.0,70.2,71.5,72.3,72.5,72.1,71.0,69.8,68.2,66.7,65.2,63.6,61.4,60.5,60.5,60.7,61.0,61.6,62.1,62.4,62.8,63.2,63.6,64.8,67.4,69.3,71.0,71.9,72.1,72.0,71.3,69.9,68.4,66.8,65.4,63.5,60.5,60.3,60.6,61.1,61.6,62.1,62.7,63.4,63.9,64.4,64.9,65.6,68.0,70.6,72.4,73.5,73.9,73.5,72.7,71.2,69.6,67.8,66.1,62.4,59.0,59.1,59.2,59.3,59.7,60.4,60.9,61.6
61.5,62.2,63.9,66.2,67.6,68.9,69.7,70.1,70.0,69.5,68.5,67.3,65.9,64.8,63.3,60.9,59.7,59.9,60.2,60.7,61.2,61.9,62.3,62.8,63.3,63.9,65.5,68.0,70.2,71.5,72.2,72.5,72.0,71.0,69.7,68.2,66.6,65.1,63.6,61.3,60.4,60.4,60.6,60.9,61.5,62.0,62.4,62.8,63.2,63.7,64.8,67.2,69.2,71.0,71.9,72.2,72.2,71.3,70.0,68.5,67.0,65.5,63.6,60.4,60.3,60.7,61.1,61.6,62.2,62.8,63.5,63.9,64.4,65.0,65.7,68.0,70.5,72.2,73.2,73.6,73.4,72.6,71.1,69.5,67.7,65.9,62.3,59.0,59.0,58.9,59.1,59.6,60.4,61.0
61.0,61.7,62.4,64.0,66.1,67.6,69.0,69.9,70.3,70.2,69.7,68.7,67.4,66.0,64.9,63.4,61.1,59.8,59.9,60.3,60.8,61.4,61.9,62.4,62.9,63.4,64.0,65.5,68.1,70.2,71.4,72.2,72.5,72.0,70.9,69.7,68.1,66.5,65.1,63.6,61.2,60.3,60.4,60.6,60.9,61.4,62.0,62.4,62.8,63.3,63.7,64.7,67.1,69.2,71.0,72.0,72.3,72.2,71.5,70.0,68.6,67.1,65.6,63.7,60.4,60.4,60.7,61.1,61.7,62.3,62.8,63.5,63.9,64.4,65.0,65.6,67.9,70.3,72.1,73.1,73.5,73.3,72.6,71.0,69.5,67.6,65.9,62.2,58.8,58.7,58.7,59.0,59.6,60.4
60.4,61.2,61.8,62.5,64.0,66.1,67.7,69.1,70.0,70.5,70.5,69.8,68.8,67.5,66.1,64.9,63.4,61.2,59.8,59.9,60.4,61.0,61.4,62.0,62.6,63.1,63.5,64.1,65.5,68.1,70.0,71.3,72.1,72.5,71.8,70.9,69.6,68.1,66.6,65.1,63.6,61.1,60.3,60.3,60.6,60.8,61.4,62.0,62.4,62.9,63.3,63.6,64.5,67.0,69.1,71.0,72.0,72.3,72.3,71.5,70.1,68.8,67.3,65.8,63.8,60.4,60.4,60.7,61.2,61.8,62.3,62.8,63.5,63.9,64.4,64.9,65.6,67.7,70.1,71.8,72.9,73.5,73.3,72.5,70.9,69.3,67.6,65.9,62.0,58.5,58.5,58.6,58.9,59.6
59.6,60.5,61.3,61.9,62.5,63.9,66.1,67.8,69.2,70.2,70.7,70.6,70.0,69.0,67.7,66.1,65.0,63.5,61.2,59.8,60.1,60.6,61.0,61.5,62.1,62.7,63.2,63.6,64.1,65.5,67.9,69.9,71.2,72.1,72.4,71.9,70.8,69.5,68.1,66.5,65.0,63.6,61.0,60.2,60.3,60.5,60.8,61.4,62.0,62.4,62.9,63.3,63.5,64.4,66.9,69.1,71.1,72.0,72.4,72.3,71.6,70.3,68.9,67.5,66.1,63.9,60.3,60.4,60.8,61.4,61.8,62.3,62.8,63.5,63.9,64.4,64.9,65.4,67.6,70.0,71.7,72.9,73.4,73.3,72.4,70.8,69.3,67.5,65.7,61.7,58.3,58.4,58.5,59.0
