day 0,day 1,day 2,day 3,day 4,day 5,day 6,day 7,day 8,day 9,day 10,day 11,day 12,day 13,day 14,day 15,day 16,day 17,day 18,day 19,day 20,day 21,day 22,day 23,day 24,day 25,day 26,day 27,day 28,day 29,day 30,day 31,day 32,day 33,day 34,day 35,day 36,day 37,day 38,day 39,day 40,day 41,day 42,day 43,day 44,day 45,day 46,day 47,day 48,day 49,day 50,day 51,day 52,day 53,day 54,day 55,day 56,day 57,day 58,day 59,day 60,day 61,day 62,day 63,day 64,day 65,day 66,day 67,day 68,day 69,day 70,day 71,day 72,day 73,day 74,day 75,day 76,day 77,day 78,day 79,day 80,day 81,day 82,day 83,day 84,day 85,day 86,day 87,day 88,day 89,day 90,day 91,day 92,day 93
60.8,61.6,62.9,64.4,66.3,69.1,73.4,75.5,76.4,76.4,75.4,73.9,72.2,70.1,67.9,65.2,62.6,60.3,60.1,60.0,60.1,60.3,60.9,61.2,62.2,63.5,65.1,67.3,69.3,72.6,76.9,79.3,79.8,79.9,79.4,78.5,77.3,75.4,73.2,70.7,68.1,65.0,63.9,64.4,65.2,65.7,66.3,67.2,68.2,69.3,70.8,72.5,74.3,78.1,81.6,83.6,84.2,84.2,83.4,82.5,81.1,79.4,77.4,75.3,73.0,70.7,69.6,70.3,70.9,71.6,72.1,72.6,73.3,74.3,75.9,77.5,79.8,84.0,87.5,89.2,90.1,90.2,89.7,88.8,87.3,85.4,83.3,80.9,78.1,75.6,74.0,74.3,74.6,75.1
60.1,60.9,61.9,63.1,64.5,66.4,69.2,73.6,75.8,76.7,76.5,75.4,74.2,72.5,70.3,68.0,65.4,62.9,60.2,59.7,59.7,60.2,60.3,60.8,61.4,62.4,63.8,65.7,67.6,69.6,72.9,77.3,79.4,80.0,80.4,79.7,78.9,77.4,75.8,73.4,71.2,68.3,65.2,64.2,64.9,65.3,66.0,66.6,67.3,68.4,69.4,70.9,72.6,74.7,78.2,81.8,83.7,84.2,84.3,83.7,82.7,81.2,79.6,77.7,75.7,73.2,71.1,70.1,70.6,71.3,71.8,72.1,72.7,73.4,74.4,76.1,77.8,80.0,84.3,87.7,89.4,90.4,90.3,90.2,89.2,87.5,85.5,83.5,81.0,78.3,75.6,74.1,74.4,74.7
59.5,60.2,61.1,62.1,63.2,64.6,66.5,69.4,73.9,75.9,76.8,76.5,75.7,74.5,72.7,70.3,68.2,65.6,62.8,59.9,59.5,59.8,60.3,60.2,60.9,61.6,62.9,64.3,66.0,67.9,69.8,73.3,77.4,79.6,80.5,80.7,80.2,79.1,77.8,76.0,73.8,71.4,68.5,65.5,64.6,65.0,65.6,66.2,66.7,67.4,68.4,69.4,71.0,72.8,74.8,78.4,81.9,83.7,84.2,84.5,83.9,82.9,81.4,80.0,78.1,75.9,73.6,71.5,70.4,71.0,71.5,71.8,72.2,72.8,73.5,74.7,76.4,78.1,80.3,84.5,87.9,89.7,90.7,90.9,90.5,89.3,87.7,85.8,83.6,81.1,78.3,75.7,74.2,74.5
59.1,59.6,60.4,61.4,62.2,63.3,64.7,66.7,69.7,74.0,76.0,76.8,76.8,76.0,74.7,72.6,70.6,68.3,65.5,62.7,59.7,59.6,59.9,60.2,60.3,61.2,62.0,63.3,64.7,66.1,68.2,70.2,73.4,77.6,80.0,80.7,81.2,80.5,79.5,77.9,76.5,74.1,71.6,68.8,65.9,64.8,65.3,65.8,66.4,66.9,67.5,68.4,69.6,71.3,73.1,75.1,78.6,81.9,83.7,84.5,84.8,84.1,83.1,81.9,80.4,78.4,76.4,74.0,71.9,70.8,71.2,71.6,71.9,72.3,72.9,73.7,75.0,76.6,78.3,80.4,84.8,88.2,90.0,91.2,91.2,90.8,89.5,87.9,85.8,83.6,81.1,78.3,75.8,74.3
58.6,59.1,59.9,60.6,61.4,62.4,63.4,64.8,67.1,69.9,74.2,76.1,77.1,77.1,76.2,74.6,73.0,70.7,68.2,65.6,62.7,59.9,59.6,59.7,60.4,60.5,61.6,62.5,63.5,64.8,66.3,68.5,70.3,73.6,78.0,80.2,81.2,81.5,80.9,79.7,78.4,76.7,74.3,71.8,69.1,66.0,65.1,65.5,66.0,66.5,67.0,67.5,68.5,69.8,71.5,73.3,75.2,78.7,81.9,83.9,84.7,85.0,84.3,83.6,82.2,80.7,78.8,76.7,74.4,72.2,71.0,71.2,71.6,72.0,72.3,73.0,74.0,75.2,76.8,78.4,80.7,85.1,88.6,90.5,91.4,91.4,91.0,89.6,87.9,85.9,83.7,81.1,78.4,76.0
58.0,58.7,59.4,60.1,60.7,61.6,62.5,63.5,65.1,67.2,70.0,74.2,76.4,77.4,77.3,76.0,74.9,73.0,70.5,68.3,65.7,62.8,59.9,59.5,59.9,60.4,60.9,61.9,62.7,63.6,65.1,66.8,68.6,70.5,74.0,78.2,80.7,81.4,81.9,81.1,80.2,78.6,76.9,74.4,72.1,69.2,66.3,65.3,65.7,66.1,66.6,67.0,67.7,68.8,70.0,71.8,73.5,75.4,78.8,82.1,84.1,84.9,85.2,84.8,84.0,82.6,81.2,79.1,77.1,74.7,72.4,71.1,71.3,71.7,72.1,72.4,73.2,74.1,75.3,77.0,78.6,80.9,85.4,89.0,90.7,91.6,91.7,91.1,89.6,88.0,85.9,83.7,81.2,78.5
57.8,58.1,59.0,59.6,60.2,60.8,61.8,62.6,63.8,65.3,67.3,70.1,74.5,76.6,77.6,77.2,76.4,75.1,72.9,70.6,68.3,65.9,62.7,59.9,59.6,60.0,60.7,61.3,62.1,62.9,63.9,65.5,66.8,68.9,70.9,74.4,78.7,80.8,81.8,82.0,81.6,80.4,78.9,77.0,74.7,72.2,69.4,66.6,65.5,65.8,66.2,66.6,67.1,67.9,69.1,70.4,72.1,73.6,75.5,79.0,82.3,84.4,85.1,85.7,85.1,84.4,83.1,81.4,79.4,77.3,74.9,72.5,71.2,71.4,71.7,72.1,72.7,73.4,74.2,75.5,77.1,78.8,81.2,85.9,89.2,90.9,91.9,91.9,91.1,89.6,88.0,85.9,83.8,81.3
57.6,57.9,58.4,59.2,59.7,60.3,61.0,61.9,62.9,64.1,65.4,67.3,70.4,74.7,76.8,77.6,77.6,76.5,74.9,72.9,70.6,68.4,65.7,62.8,60.2,59.7,60.3,61.1,61.5,62.3,63.0,64.2,65.6,67.2,69.2,71.3,74.8,78.8,81.2,82.0,82.5,81.8,80.7,79.0,77.3,74.9,72.4,69.7,66.9,65.6,65.9,66.2,66.7,67.3,68.3,69.5,70.8,72.2,73.8,75.7,79.2,82.6,84.6,85.5,86.0,85.5,84.9,83.4,81.7,79.6,77.5,75.0,72.7,71.2,71.4,71.8,72.3,72.8,73.4,74.4,75.6,77.3,79.1,81.7,86.2,89.4,91.2,92.1,91.9,91.1,89.6,88.2,86.0,84.0
59.8,57.8,58.3,58.6,59.4,59.8,60.5,61.3,62.1,63.0,64.0,65.2,67.5,70.6,74.9,76.9,77.9,77.7,76.4,74.9,72.8,70.7,68.2,65.9,63.0,60.4,60.0,60.6,61.4,61.7,62.5,63.4,64.4,66.1,67.6,69.7,71.7,74.9,79.2,81.4,82.5,82.7,82.1,80.8,79.3,77.4,75.0,72.5,69.9,67.0,65.8,65.9,66.3,66.9,67.7,68.7,69.8,70.9,72.4,74.0,75.9,79.5,82.9,85.0,85.9,86.4,86.1,85.2,83.7,81.9,79.8,77.6,75.2,72.8,71.2,71.4,72.0,72.4,72.8,73.6,74.5,75.8,77.5,79.5,82.0,86.4,89.6,91.4,92.0,91.9,91.0,89.8,88.2,86.1
62.6,60.0,58.1,58.4,58.7,59.5,60.0,60.8,61.5,62.2,63.0,63.9,65.3,67.7,70.9,74.9,77.2,78.0,77.6,76.4,74.8,72.9,70.5,68.5,66.2,63.3,60.8,60.5,60.9,61.6,61.9,62.7,63.6,64.9,66.6,68.0,70.0,71.7,75.4,79.4,81.8,82.7,83.0,82.2,81.0,79.3,77.4,75.1,72.7,70.0,67.2,65.7,66.0,66.4,67.3,68.1,69.1,69.9,71.1,72.5,74.1,76.2,79.7,83.3,85.3,86.2,86.8,86.3,85.4,83.9,82.1,80.0,77.9,75.4,72.9,71.2,71.6,72.1,72.4,73.0,73.7,74.7,76.0,77.8,79.7,82.2,86.6,89.8,91.4,92.0,91.8,91.2,89.8,88.3
65.4,62.7,60.3,58.2,58.5,58.8,59.6,60.2,60.9,61.6,62.1,62.7,63.9,65.6,67.9,70.9,75.2,77.3,77.9,77.5,76.2,74.8,72.8,70.9,68.8,66.5,63.8,61.2,60.7,61.1,61.7,62.1,62.9,64.1,65.4,67.1,68.3,70.0,72.1,75.6,79.8,82.0,83.0,83.1,82.4,80.9,79.4,77.5,75.3,72.9,70.2,67.2,65.8,66.1,66.8,67.8,68.5,69.3,70.1,71.2,72.8,74.3,76.4,80.1,83.5,85.6,86.5,86.9,86.5,85.6,84.0,82.3,80.3,78.2,75.6,73.0,71.3,71.7,72.1,72.6,73.1,73.9,74.8,76.3,78.0,79.9,82.4,86.8,89.7,91.4,92.0,91.9,91.1,89.8
68.0,65.6,63.0,60.4,58.3,58.6,58.9,59.9,60.5,61.1,61.5,61.9,62.8,64.3,65.8,68.0,71.2,75.3,77.2,77.8,77.4,76.1,74.7,73.2,71.2,69.0,66.9,64.2,61.5,61.0,61.3,61.9,62.3,63.3,64.6,65.9,67.3,68.4,70.3,72.4,76.0,79.9,82.3,83.1,83.2,82.3,80.9,79.4,77.5,75.4,72.8,70.1,67.2,66.0,66.4,67.3,68.2,68.7,69.5,70.3,71.4,72.9,74.5,76.8,80.4,83.8,85.9,86.7,87.2,86.7,85.8,84.3,82.6,80.7,78.4,75.8,73.1,71.4,71.7,72.2,72.8,73.3,74.1,75.1,76.4,78.2,80.2,82.6,86.8,89.7,91.4,92.1,91.8,91.2
70.7,68.1,65.8,63.1,60.5,58.3,58.7,59.3,60.1,60.6,61.0,61.3,62.1,63.2,64.4,65.9,68.2,71.3,75.2,77.2,77.7,77.2,76.0,75.1,73.4,71.4,69.5,67.3,64.5,61.9,61.1,61.5,62.1,62.7,63.8,65.1,66.1,67.3,68.7,70.6,72.7,76.2,80.3,82.4,83.2,83.2,82.3,81.1,79.5,77.6,75.3,72.9,70.2,67.5,66.3,66.9,67.6,68.4,68.9,69.7,70.5,71.7,73.2,74.9,77.0,80.7,84.2,86.2,87.0,87.4,86.9,86.1,84.6,82.9,80.9,78.7,76.0,73.3,71.5,71.9,72.4,72.9,73.5,74.3,75.2,76.7,78.5,80.5,82.7,86.8,89.7,91.6,91.9,91.8
72.5,70.7,68.4,66.0,63.3,60.6,58.5,59.0,59.6,60.4,60.5,60.8,61.4,62.4,63.4,64.5,66.2,68.2,71.2,75.2,77.1,77.5,77.2,76.4,75.3,73.7,71.8,69.9,67.5,64.8,62.1,61.3,61.6,62.4,63.3,64.4,65.3,66.2,67.6,69.0,70.9,72.8,76.5,80.4,82.4,83.2,83.2,82.4,81.1,79.5,77.6,75.4,73.1,70.5,67.9,66.8,67.3,67.8,68.6,69.1,69.9,70.8,71.9,73.5,75.1,77.3,81.1,84.3,86.4,87.2,87.5,87.2,86.4,84.9,83.1,81.1,78.9,76.2,73.4,71.6,72.0,72.6,73.1,73.7,74.4,75.5,77.0,78.7,80.5,82.7,86.9,89.9,91.3,91.8
74.0,72.6,70.9,68.6,66.2,63.3,60.9,58.8,59.4,59.9,60.4,60.3,61.0,61.7,62.6,63.5,64.8,66.2,68.1,71.1,75.0,76.9,77.5,77.6,76.6,75.4,74.0,72.2,70.0,67.9,65.1,62.3,61.3,62.0,63.0,63.9,64.5,65.4,66.5,67.9,69.2,71.0,73.2,76.7,80.5,82.4,83.2,83.3,82.6,81.2,79.5,77.6,75.5,73.3,70.8,68.3,67.1,67.5,68.1,68.8,69.4,70.2,71.0,72.2,73.7,75.5,77.6,81.2,84.6,86.7,87.4,87.7,87.5,86.7,85.2,83.4,81.4,79.1,76.4,73.5,71.8,72.2,72.8,73.4,73.9,74.7,75.8,77.1,78.7,80.5,82.8,87.0,89.7,91.2
75.0,74.1,72.8,71.0,68.8,66.3,63.6,61.3,59.2,59.6,59.9,60.1,60.4,61.2,61.8,62.7,63.6,64.7,66.0,68.0,71.1,74.9,76.9,77.9,77.7,76.8,75.8,74.4,72.3,70.4,68.2,65.3,62.4,61.7,62.5,63.5,64.0,64.6,65.6,66.8,68.1,69.4,71.3,73.3,76.8,80.5,82.4,83.3,83.4,82.6,81.1,79.5,77.8,75.8,73.6,71.0,68.7,67.4,67.7,68.2,69.1,69.7,70.4,71.3,72.5,74.1,75.8,77.8,81.6,84.9,86.9,87.6,88.0,87.8,87.0,85.4,83.7,81.7,79.3,76.6,73.8,72.0,72.4,73.1,73.5,74.2,75.0,76.0,77.2,78.8,80.6,83.0,86.9,89.6
75.2,75.1,74.3,73.0,71.3,68.9,66.6,63.9,61.6,59.5,59.6,59.7,60.2,60.6,61.3,61.8,62.8,63.4,64.5,65.9,68.0,71.0,74.9,77.3,78.0,78.0,77.2,76.1,74.5,72.7,70.7,68.5,65.5,62.9,62.3,63.1,63.7,64.1,64.8,65.8,67.0,68.3,69.7,71.5,73.4,76.9,80.5,82.4,83.4,83.4,82.6,81.1,79.8,78.0,76.1,73.8,71.3,68.8,67.6,67.9,68.5,69.3,69.9,70.7,71.6,72.8,74.4,76.0,78.1,81.9,85.1,87.0,87.9,88.3,88.1,87.2,85.7,84.0,81.9,79.5,76.8,73.9,72.2,72.7,73.2,73.8,74.5,75.3,76.1,77.4,78.9,80.7,82.9,86.8
74.5,75.3,75.3,74.5,73.2,71.3,69.1,66.8,64.1,61.8,59.4,59.5,59.9,60.4,60.6,61.4,62.0,62.6,63.2,64.4,66.0,68.0,71.0,75.3,77.6,78.3,78.4,77.6,76.2,74.9,73.1,71.0,68.8,66.0,63.4,62.8,63.2,63.7,64.3,65.1,66.0,67.2,68.5,69.9,71.5,73.6,77.0,80.6,82.5,83.5,83.4,82.5,81.3,80.0,78.4,76.2,74.0,71.4,69.1,67.8,68.1,68.8,69.6,70.2,70.9,72.0,73.2,74.6,76.3,78.3,82.1,85.4,87.4,88.3,88.6,88.3,87.5,86.0,84.1,82.1,79.7,77.0,74.1,72.5,72.9,73.5,74.1,74.8,75.4,76.2,77.5,79.0,80.7,82.9
72.5,74.6,75.6,75.6,74.7,73.2,71.4,69.2,66.9,64.3,61.8,59.4,59.6,60.1,60.5,60.7,61.6,61.8,62.4,63.1,64.4,66.1,67.9,71.3,75.6,77.9,78.7,78.7,77.6,76.7,75.3,73.3,71.4,69.3,66.5,64.0,62.9,63.3,64.0,64.5,65.3,66.1,67.5,68.7,69.9,71.7,73.7,77.2,80.8,82.7,83.5,83.4,82.7,81.6,80.4,78.5,76.4,74.1,71.7,69.3,68.0,68.4,69.1,70.0,70.5,71.3,72.4,73.4,74.9,76.6,78.5,82.3,85.7,87.7,88.5,88.9,88.7,87.8,86.2,84.3,82.3,79.9,77.2,74.4,72.7,73.1,73.8,74.5,74.9,75.5,76.4,77.5,79.0,80.7
68.4,72.7,74.8,75.9,75.7,74.7,73.3,71.6,69.3,67.0,64.3,61.9,59.7,59.8,60.2,60.5,60.9,61.5,61.6,62.3,63.1,64.4,66.0,68.2,71.6,75.8,78.2,78.9,78.8,78.0,77.1,75.5,73.7,72.0,69.7,66.9,64.2,63.0,63.6,64.1,64.8,65.4,66.4,67.8,68.7,70.2,71.8,73.8,77.3,80.9,82.8,83.4,83.6,83.0,81.9,80.4,78.6,76.5,74.4,71.9,69.5,68.3,68.8,69.5,70.2,70.9,71.7,72.5,73.7,75.2,76.6,78.7,82.7,86.1,88.0,88.9,89.2,89.1,87.9,86.3,84.5,82.5,80.1,77.4,74.6,73.0,73.4,74.1,74.6,75.0,75.7,76.5,77.6,79.0
65.8,68.6,73.0,75.2,76.0,75.8,74.8,73.5,71.6,69.4,67.1,64.6,62.2,59.8,59.9,60.2,60.8,60.8,61.2,61.4,62.2,63.2,64.3,66.2,68.4,71.8,76.2,78.5,79.0,79.1,78.5,77.2,75.9,74.5,72.3,70.1,67.1,64.3,63.2,63.8,64.4,64.9,65.7,66.7,67.8,68.9,70.2,72.0,74.0,77.4,80.9,82.8,83.8,83.8,83.2,81.9,80.5,78.7,76.8,74.6,72.1,69.8,68.7,69.2,69.8,70.6,71.2,71.9,72.9,73.9,75.3,76.8,79.0,83.0,86.5,88.3,89.2,89.5,89.2,88.1,86.6,84.7,82.8,80.4,77.5,74.8,73.3,73.7,74.3,74.7,75.2,75.8,76.5,77.6
64.1,66.1,68.7,73.2,75.3,76.0,75.9,75.1,73.7,71.8,69.4,67.4,65.0,62.4,59.9,59.9,60.5,60.7,60.5,61.0,61.4,62.2,63.1,64.6,66.5,68.7,72.2,76.4,78.6,79.3,79.5,78.6,77.5,76.6,74.8,72.7,70.2,67.3,64.5,63.5,64.0,64.5,65.2,66.0,66.8,68.0,69.0,70.4,72.2,74.2,77.5,81.0,83.2,84.0,84.1,83.2,82.1,80.6,79.1,77.0,74.7,72.4,70.1,69.1,69.5,70.2,71.0,71.5,72.3,73.1,74.0,75.4,77.0,79.3,83.4,86.8,88.6,89.6,89.7,89.4,88.3,86.7,85.0,83.0,80.5,77.7,75.1,73.6,74.0,74.4,74.9,75.2,75.8,76.6
62.7,64.2,66.2,68.9,73.4,75.3,76.2,76.2,75.2,73.8,71.8,69.7,67.7,65.2,62.4,60.0,60.2,60.4,60.3,60.3,61.0,61.4,62.1,63.3,64.8,66.8,69.1,72.3,76.6,78.9,79.7,79.6,78.9,78.2,76.9,75.2,72.8,70.5,67.6,64.8,63.7,64.1,64.8,65.6,66.1,67.0,68.1,69.1,70.6,72.4,74.3,77.7,81.4,83.4,84.2,84.1,83.4,82.1,80.9,79.2,77.1,75.0,72.6,70.5,69.4,69.8,70.6,71.3,71.9,72.5,73.2,74.1,75.7,77.2,79.5,83.7,87.1,89.0,89.8,90.0,89.6,88.4,87.0,85.3,83.2,80.6,77.9,75.4,73.8,74.1,74.5,75.0,75.3,76.0
61.6,62.9,64.4,66.3,69.1,73.4,75.5,76.4,76.4,75.4,73.9,72.2,70.1,67.9,65.2,62.6,60.3,60.1,60.0,60.1,60.3,60.9,61.2,62.2,63.5,65.1,67.3,69.3,72.6,76.9,79.3,79.8,79.9,79.4,78.5,77.3,75.4,73.2,70.7,68.1,65.0,63.9,64.4,65.2,65.7,66.3,67.2,68.2,69.3,70.8,72.5,74.3,78.1,81.6,83.6,84.2,84.2,83.4,82.5,81.1,79.4,77.4,75.3,73.0,70.7,69.6,70.3,70.9,71.6,72.1,72.6,73.3,74.3,75.9,77.5,79.8,84.0,87.5,89.2,90.1,90.2,89.7,88.8,87.3,85.4,83.3,80.9,78.1,75.6,74.0,74.3,74.6,75.1,75.4
60.9,61.9,63.1,64.5,66.4,69.2,73.6,75.8,76.7,76.5,75.4,74.2,72.5,70.3,68.0,65.4,62.9,60.2,59.7,59.7,60.2,60.3,60.8,61.4,62.4,63.8,65.7,67.6,69.6,72.9,77.3,79.4,80.0,80.4,79.7,78.9,77.4,75.8,73.4,71.2,68.3,65.2,64.2,64.9,65.3,66.0,66.6,67.3,68.4,69.4,70.9,72.6,74.7,78.2,81.8,83.7,84.2,84.3,83.7,82.7,81.2,79.6,77.7,75.7,73.2,71.1,70.1,70.6,71.3,71.8,72.1,72.7,73.4,74.4,76.1,77.8,80.0,84.3,87.7,89.4,90.4,90.3,90.2,89.2,87.5,85.5,83.5,81.0,78.3,75.6,74.1,74.4,74.7,75.2
