day 0,day 1,day 2,day 3,day 4,day 5,day 6,day 7,day 8,day 9,day 10,day 11,day 12,day 13,day 14,day 15,day 16,day 17,day 18,day 19,day 20,day 21,day 22,day 23,day 24,day 25,day 26,day 27,day 28,day 29,day 30,day 31,day 32,day 33,day 34,day 35,day 36,day 37,day 38,day 39,day 40,day 41,day 42,day 43,day 44,day 45,day 46,day 47,day 48,day 49,day 50,day 51,day 52,day 53,day 54,day 55,day 56,day 57,day 58,day 59,day 60,day 61,day 62,day 63,day 64,day 65,day 66,day 67,day 68,day 69,day 70,day 71,day 72,day 73,day 74,day 75,day 76,day 77,day 78,day 79,day 80,day 81,day 82,day 83,day 84,day 85,day 86,day 87,day 88,day 89,day 90,day 91,day 92,day 93
43.7,44.5,45.5,46.7,48.3,50.1,52.7,54.7,55.7,55.9,55.6,54.9,53.7,52.5,51.2,49.4,47.4,46.1,46.0,46.6,47.2,47.9,48.8,50.0,51.1,52.2,53.5,54.8,56.6,58.9,61.2,62.5,62.9,63.1,62.7,62.6,61.6,61.0,59.4,57.3,55.3,53.6,52.4,53.1,53.7,54.4,55.0,55.8,56.7,57.5,58.6,59.5,60.6,62.4,64.4,65.5,66.7,67.4,67.6,67.2,66.4,65.3,64.0,62.6,61.0,59.3,58.2,58.6,59.4,60.3,61.4,62.3,63.0,64.0,65.0,66.2,67.8,70.4,72.4,74.3,75.0,75.3,74.8,74.5,73.7,72.3,70.9,69.2,67.0,64.9,63.4,63.2,63.6,64.2
43.1,44.0,44.7,45.8,47.1,48.8,50.7,53.2,55.1,56.0,56.1,55.8,55.1,54.2,53.1,51.8,49.7,47.9,46.5,46.3,46.6,47.3,48.1,49.2,50.3,51.3,52.5,53.8,55.3,57.0,59.2,61.2,62.5,63.0,63.2,63.5,63.1,62.3,61.3,59.5,57.5,55.5,53.8,52.8,53.3,53.7,54.6,55.2,56.0,56.8,57.7,58.6,59.3,60.3,62.2,64.4,65.9,67.1,67.8,68.0,67.5,66.7,66.0,64.6,63.4,61.6,59.8,58.8,59.0,59.9,60.8,61.8,62.6,63.2,64.2,65.3,66.4,68.0,70.4,72.7,74.2,74.9,75.0,74.7,74.5,73.8,72.6,71.1,69.6,67.3,65.3,63.6,63.4,63.7
42.7,43.4,44.2,44.9,46.2,47.7,49.4,51.2,53.6,55.3,56.2,56.4,56.0,55.7,55.0,53.8,52.1,50.2,48.4,46.9,46.3,46.7,47.4,48.5,49.6,50.6,51.6,52.8,54.3,55.7,57.3,59.1,61.2,62.6,63.0,64.0,64.1,63.7,62.6,61.4,59.7,57.7,55.8,54.2,53.0,53.3,53.8,54.7,55.4,56.2,57.1,57.7,58.4,59.0,60.0,62.2,64.7,66.3,67.4,68.1,68.3,67.8,67.3,66.5,65.3,63.9,62.2,60.4,59.3,59.4,60.3,61.2,62.1,62.8,63.5,64.5,65.5,66.5,68.0,70.6,72.6,74.1,74.6,74.9,74.8,74.6,74.1,72.8,71.4,69.9,67.6,65.4,63.8,63.4
42.2,42.9,43.6,44.5,45.4,46.7,48.2,49.8,51.6,53.9,55.5,56.3,56.6,56.6,56.5,55.6,54.2,52.6,50.8,48.6,46.9,46.4,46.9,47.8,48.9,49.8,50.9,51.8,53.2,54.7,56.0,57.3,59.3,61.3,62.6,63.9,64.5,64.6,64.0,62.9,61.5,59.9,58.1,56.1,54.4,53.0,53.4,54.0,54.9,55.6,56.4,57.0,57.5,58.1,58.8,60.1,62.5,65.1,66.5,67.7,68.5,68.6,68.4,67.9,67.2,65.9,64.5,62.8,61.0,59.7,59.9,60.7,61.5,62.3,63.1,63.8,64.7,65.6,66.6,68.1,70.6,72.5,73.7,74.5,75.0,74.9,75.0,74.2,73.1,71.8,70.1,67.7,65.6,63.8
41.7,42.5,43.1,43.9,44.9,45.9,47.3,48.7,50.2,51.8,54.1,55.6,56.5,57.2,57.5,57.0,56.0,54.7,53.2,51.0,48.7,47.0,46.6,47.3,48.2,49.2,50.1,51.1,52.3,53.7,55.0,56.0,57.5,59.3,61.3,63.4,64.4,65.0,64.8,64.2,62.9,61.7,60.3,58.4,56.3,54.5,53.1,53.6,54.2,55.1,55.8,56.4,56.9,57.2,57.9,58.8,60.4,62.9,65.3,66.8,68.1,68.7,69.2,68.9,68.6,67.7,66.4,65.1,63.4,61.4,60.2,60.3,61.0,61.8,62.6,63.3,64.0,64.8,65.7,66.6,68.1,70.5,72.2,73.8,74.6,75.1,75.3,75.1,74.6,73.4,72.0,70.2,67.8,65.6
41.3,42.0,42.6,43.3,44.3,45.4,46.4,47.8,49.0,50.5,52.0,54.2,55.8,57.1,58.0,58.1,57.5,56.6,55.4,53.4,51.1,48.9,47.3,46.9,47.7,48.5,49.4,50.3,51.6,52.8,53.9,55.0,56.2,57.6,59.4,62.1,63.9,64.8,65.2,65.2,64.3,63.1,62.2,60.7,58.6,56.4,54.6,53.4,53.8,54.4,55.4,55.8,56.3,56.6,57.1,57.9,59.0,60.8,63.1,65.6,67.1,68.4,69.2,69.7,69.6,69.1,68.2,67.1,65.8,63.9,62.0,60.6,60.6,61.2,62.0,62.8,63.6,64.1,64.8,65.8,66.6,68.0,70.3,72.4,73.9,74.7,75.4,75.4,75.4,74.9,73.6,72.2,70.3,67.7
40.9,41.6,42.2,42.8,43.8,44.8,45.9,46.9,48.2,49.4,50.7,52.2,54.4,56.4,58.0,58.5,58.6,58.0,57.3,55.5,53.6,51.4,49.2,47.6,47.4,48.0,48.8,49.7,50.9,52.1,53.1,54.0,55.2,56.3,57.6,60.1,62.6,64.3,64.8,65.5,65.2,64.5,63.6,62.6,60.8,58.8,56.5,54.9,53.6,54.0,54.6,55.3,55.7,56.0,56.4,57.1,58.1,59.4,60.9,63.4,65.8,67.5,68.9,69.8,70.3,70.1,69.7,68.9,67.8,66.3,64.5,62.4,60.9,60.8,61.4,62.2,63.1,63.7,64.2,64.9,65.7,66.5,67.8,70.4,72.5,74.1,74.9,75.4,75.8,75.7,75.1,73.8,72.2,70.2
40.7,41.1,41.8,42.3,43.3,44.2,45.3,46.4,47.3,48.5,49.6,50.9,52.3,54.9,57.3,58.5,59.1,59.1,58.8,57.3,55.7,53.8,51.7,49.5,48.1,47.6,48.3,49.1,50.2,51.5,52.4,53.2,54.2,55.3,56.3,58.2,60.6,63.0,64.3,65.2,65.5,65.4,65.0,64.1,62.7,61.0,58.9,56.8,55.1,53.8,54.3,54.6,55.2,55.4,55.9,56.4,57.3,58.5,59.6,61.2,63.7,66.2,68.0,69.4,70.3,70.8,70.7,70.4,69.6,68.4,66.9,64.9,62.7,61.1,61.0,61.7,62.4,63.2,63.7,64.2,64.9,65.6,66.2,67.9,70.6,72.7,74.4,74.9,75.8,76.0,76.0,75.2,73.9,72.1
42.1,41.0,41.3,41.9,42.8,43.7,44.6,45.8,46.7,47.6,48.8,49.9,51.1,52.9,55.8,57.9,59.1,59.5,59.8,58.8,57.5,55.8,54.1,51.9,50.1,48.4,47.9,48.6,49.7,50.8,51.7,52.4,53.4,54.3,55.4,56.9,58.8,60.9,63.0,64.7,65.2,65.6,65.9,65.4,64.1,62.9,61.1,59.2,57.0,55.4,54.1,54.2,54.5,55.0,55.3,55.9,56.6,57.7,58.6,59.8,61.5,64.0,66.7,68.5,69.9,70.8,71.4,71.3,71.1,70.2,68.9,67.3,65.1,63.0,61.3,61.3,61.9,62.6,63.2,63.7,64.2,64.7,65.3,66.4,68.1,70.9,73.0,74.5,75.3,76.2,76.2,76.1,75.3,73.8
43.9,42.3,41.2,41.5,42.4,43.2,44.1,45.1,46.0,47.0,48.0,49.1,50.0,51.6,53.7,56.4,58.4,59.5,60.2,59.8,59.0,57.7,56.2,54.3,52.5,50.4,48.8,48.2,49.2,50.3,51.1,51.8,52.6,53.4,54.4,56.0,57.4,59.1,61.0,63.3,64.7,65.4,66.1,66.2,65.4,64.3,62.9,61.4,59.4,57.3,55.6,54.1,54.1,54.3,54.8,55.3,56.2,57.0,57.9,58.9,60.1,61.8,64.6,67.1,69.0,70.4,71.5,72.1,72.1,71.7,70.7,69.3,67.5,65.4,63.1,61.6,61.6,62.1,62.6,63.2,63.6,64.0,64.5,65.5,66.6,68.3,71.2,73.2,74.8,75.6,76.3,76.5,76.2,75.2
46.0,44.2,42.6,41.4,42.0,42.9,43.5,44.5,45.3,46.3,47.4,48.2,49.2,50.5,52.3,54.2,57.0,58.8,60.1,60.1,60.1,59.2,57.9,56.3,54.9,52.8,50.7,49.0,48.7,49.8,50.5,51.2,52.0,52.6,53.5,55.0,56.4,57.7,59.2,61.3,63.4,64.9,65.8,66.4,66.2,65.6,64.4,63.1,61.6,59.8,57.6,55.6,54.0,53.9,54.2,54.9,55.6,56.6,57.1,58.2,59.2,60.4,62.3,65.0,67.8,69.5,71.1,72.2,72.7,72.7,72.2,71.2,69.5,67.8,65.7,63.5,61.9,61.7,62.0,62.6,63.2,63.5,63.7,64.5,65.6,66.8,68.6,71.3,73.6,75.0,75.8,76.5,76.6,76.2
47.9,46.2,44.4,42.9,41.9,42.5,43.2,44.0,44.7,45.6,46.6,47.6,48.4,49.6,51.2,52.8,54.7,57.5,59.5,60.0,60.3,60.3,59.5,58.1,56.9,55.1,53.1,51.0,49.6,49.4,50.1,50.6,51.4,52.1,52.7,54.1,55.4,56.8,57.8,59.4,61.4,63.6,65.3,66.1,66.3,66.4,65.7,64.5,63.4,62.0,60.1,57.6,55.5,53.8,53.9,54.3,55.1,56.0,56.8,57.4,58.5,59.5,60.9,62.8,65.6,68.2,70.3,71.8,72.7,73.3,73.3,72.7,71.4,69.8,68.1,66.0,63.8,62.0,61.7,62.0,62.5,62.9,63.2,63.8,64.7,65.8,67.1,68.8,71.7,73.7,75.2,75.9,76.6,76.6
49.6,48.1,46.5,44.7,43.3,42.4,42.8,43.6,44.1,44.9,45.9,46.9,47.7,48.8,50.3,51.7,53.1,55.1,58.0,59.4,60.2,60.6,60.7,59.6,58.7,57.2,55.4,53.4,51.6,50.3,49.6,50.2,50.8,51.4,52.1,53.4,54.6,55.8,56.8,58.0,59.6,61.5,64.0,65.5,66.1,66.6,66.6,65.9,64.8,63.8,62.1,60.1,57.4,55.3,53.8,54.0,54.5,55.5,56.1,57.0,57.7,58.9,60.0,61.4,63.4,66.1,68.9,70.8,72.3,73.3,73.7,73.8,72.8,71.6,70.2,68.5,66.3,63.9,62.0,61.7,62.0,62.3,62.7,63.2,63.9,64.9,66.1,67.4,69.1,71.8,73.9,75.5,76.0,76.7
51.0,49.9,48.5,46.8,45.2,43.8,42.7,43.3,43.8,44.4,45.2,46.2,47.0,48.1,49.5,50.7,52.0,53.5,55.7,58.0,59.6,60.4,61.0,60.7,60.1,58.9,57.4,55.7,54.0,52.1,50.5,49.7,50.3,50.8,51.5,52.8,53.9,55.0,55.9,57.1,58.2,59.7,62.0,64.3,65.6,66.4,66.9,66.7,66.2,65.2,63.8,62.2,59.8,57.2,55.4,53.9,54.3,54.9,55.7,56.4,57.3,58.1,59.3,60.5,62.1,63.9,66.8,69.4,71.4,72.9,73.7,74.1,73.9,73.1,72.0,70.6,68.8,66.5,63.9,62.0,61.7,61.8,62.2,62.8,63.3,64.2,65.2,66.4,67.7,69.4,72.0,74.2,75.5,76.2
51.9,51.3,50.2,48.9,47.3,45.7,44.1,43.3,43.4,44.0,44.6,45.4,46.2,47.3,48.7,49.8,51.1,52.4,54.1,55.7,58.2,59.8,60.9,61.1,61.3,60.3,59.1,57.6,56.2,54.5,52.4,50.6,49.8,50.3,50.9,52.1,53.3,54.3,55.1,56.1,57.3,58.3,60.0,62.1,64.3,65.7,66.6,67.0,66.9,66.6,65.3,63.9,61.9,59.6,57.3,55.5,54.3,54.7,55.2,55.9,56.7,57.7,58.5,59.8,61.2,62.5,64.6,67.3,70.0,72.0,73.3,74.3,74.2,74.1,73.4,72.4,70.8,68.9,66.5,63.9,62.0,61.5,61.6,62.2,62.9,63.6,64.5,65.4,66.7,68.0,69.6,72.2,74.2,75.6
52.4,52.3,51.6,50.6,49.4,47.9,46.1,44.7,43.4,43.6,44.3,44.9,45.5,46.5,48.0,49.1,50.1,51.5,52.9,54.1,55.9,58.4,60.2,61.0,61.6,61.4,60.5,59.4,58.2,56.7,54.7,52.5,50.8,49.8,50.4,51.5,52.7,53.8,54.4,55.3,56.4,57.4,58.6,60.2,62.1,64.5,66.0,66.8,67.3,67.3,66.5,65.3,63.6,61.7,59.7,57.5,55.8,54.7,55.0,55.5,56.2,57.1,58.2,59.1,60.5,61.6,63.2,65.1,67.8,70.5,72.4,73.8,74.4,74.5,74.4,73.8,72.6,71.0,69.1,66.5,63.9,61.8,61.4,61.7,62.3,63.2,63.9,64.7,65.8,67.1,68.2,69.8,72.3,74.3
52.3,52.8,52.5,52.0,51.1,49.9,48.3,46.8,44.8,43.7,43.9,44.5,44.9,45.8,47.1,48.4,49.3,50.6,52.0,53.0,54.3,56.2,58.8,60.4,61.5,61.8,61.6,60.8,59.9,58.6,56.9,54.8,52.7,50.9,49.9,51.1,52.0,53.2,53.8,54.6,55.6,56.5,57.8,58.8,60.2,62.3,64.7,66.2,66.9,67.6,67.3,66.5,65.0,63.4,61.8,59.9,57.9,56.2,55.0,55.1,55.7,56.6,57.6,58.7,59.7,60.9,62.3,63.7,65.6,68.4,71.0,72.9,73.9,74.5,74.7,74.7,73.9,72.7,71.0,69.0,66.4,63.7,61.7,61.5,61.8,62.6,63.5,64.1,65.1,66.0,67.3,68.4,69.8,72.3
51.6,52.8,53.1,53.0,52.5,51.6,50.4,49.0,47.0,45.2,44.0,44.2,44.5,45.1,46.4,47.4,48.6,49.7,51.0,52.0,53.1,54.6,56.5,59.0,60.9,61.8,62.0,61.9,61.4,60.2,58.8,57.0,54.9,52.8,51.1,50.6,51.6,52.5,53.2,54.0,54.9,55.7,56.8,57.9,58.8,60.4,62.5,64.9,66.3,67.2,67.5,67.2,66.1,64.7,63.4,62.0,60.3,58.2,56.5,55.2,55.4,56.1,57.1,58.2,59.4,60.2,61.6,62.7,64.2,66.2,68.9,71.4,73.0,74.1,74.8,75.0,74.8,74.1,72.8,71.0,68.9,66.2,63.5,61.8,61.6,62.1,62.9,63.7,64.4,65.3,66.2,67.5,68.5,69.9
50.1,52.2,53.1,53.6,53.5,53.1,52.2,51.0,49.2,47.3,45.5,44.4,44.2,44.7,45.8,46.7,47.7,49.0,50.1,51.1,52.2,53.4,54.9,56.7,59.4,61.2,62.0,62.4,62.5,61.7,60.3,58.9,57.1,55.0,53.1,51.8,51.1,52.1,52.6,53.5,54.3,55.0,56.1,56.9,57.9,58.9,60.5,62.7,65.1,66.5,67.1,67.3,66.8,65.8,64.7,63.7,62.4,60.7,58.6,56.8,55.5,55.8,56.6,57.7,58.9,59.8,60.9,62.1,63.2,64.7,66.6,69.2,71.5,73.3,74.4,75.0,75.1,75.0,74.3,72.6,70.9,68.7,65.9,63.6,61.9,61.9,62.4,63.1,64.0,64.7,65.5,66.4,67.5,68.5
48.4,50.7,52.5,53.6,54.2,54.0,53.7,52.7,51.2,49.5,47.6,45.9,44.5,44.4,45.3,46.0,46.9,48.1,49.4,50.1,51.2,52.4,53.7,55.1,57.2,59.8,61.4,62.4,63.0,62.7,61.7,60.4,58.9,57.2,55.4,53.8,52.4,51.7,52.1,52.8,53.8,54.4,55.3,56.2,56.9,58.0,59.1,60.6,62.8,65.3,66.4,66.9,67.0,66.5,65.7,65.1,64.1,62.7,61.0,58.9,57.0,55.9,56.3,57.3,58.4,59.3,60.5,61.3,62.5,63.8,65.1,66.9,69.3,71.8,73.6,74.7,75.3,75.3,75.1,74.1,72.5,70.7,68.5,66.0,63.7,62.2,62.2,62.6,63.3,64.3,64.9,65.7,66.5,67.6
47.2,48.8,51.0,53.0,54.2,54.7,54.5,54.2,52.9,51.5,49.9,47.9,46.1,44.8,45.0,45.6,46.3,47.4,48.5,49.4,50.2,51.4,52.7,54.0,55.5,57.6,60.1,61.9,62.9,63.2,62.7,61.7,60.4,59.0,57.8,56.1,54.5,52.9,51.7,52.4,53.1,53.9,54.8,55.5,56.3,57.0,58.2,59.2,60.8,63.0,65.2,66.1,66.5,66.7,66.4,66.1,65.6,64.4,63.0,61.2,59.2,57.5,56.5,56.9,57.9,58.8,59.9,60.9,61.8,63.1,64.2,65.4,67.0,69.7,72.1,73.8,74.8,75.4,75.4,75.1,74.0,72.3,70.5,68.5,66.1,64.0,62.5,62.4,62.9,63.7,64.5,65.1,65.8,66.5
46.2,47.6,49.1,51.5,53.6,54.8,55.1,55.1,54.5,53.3,51.8,50.1,48.2,46.5,45.5,45.3,45.9,46.7,47.8,48.5,49.5,50.4,51.8,52.9,54.2,55.8,57.9,60.5,62.5,63.0,63.1,62.7,61.7,60.4,59.7,58.4,56.8,55.0,53.0,52.0,52.7,53.2,54.3,55.0,55.5,56.4,57.2,58.3,59.3,61.0,63.0,64.9,65.7,66.3,66.6,66.9,66.5,65.8,64.7,63.2,61.5,59.8,58.1,57.1,57.5,58.3,59.4,60.4,61.5,62.3,63.5,64.5,65.6,67.3,70.0,72.3,73.9,74.9,75.6,75.4,74.9,73.7,72.2,70.5,68.7,66.4,64.3,62.8,62.7,63.2,63.9,64.7,65.2,65.9
45.3,46.5,47.8,49.6,52.1,54.2,55.2,55.6,55.3,54.7,53.5,52.0,50.5,48.8,47.2,45.8,45.5,46.3,47.1,47.8,48.6,49.6,50.8,52.0,53.2,54.5,56.1,58.4,61.1,62.6,62.9,63.1,62.7,61.7,61.1,60.2,59.1,57.2,55.0,53.3,52.3,52.8,53.5,54.4,55.0,55.6,56.5,57.3,58.4,59.6,60.9,62.7,64.6,65.5,66.4,67.0,67.3,66.9,66.0,64.9,63.5,62.1,60.3,58.8,57.8,58.0,58.9,59.8,60.9,62.0,62.7,63.8,64.7,65.9,67.6,70.3,72.4,74.0,75.1,75.5,75.2,74.6,73.6,72.1,70.6,69.0,66.6,64.6,63.1,63.0,63.5,64.1,64.7,65.2
44.5,45.5,46.7,48.3,50.1,52.7,54.7,55.7,55.9,55.6,54.9,53.7,52.5,51.2,49.4,47.4,46.1,46.0,46.6,47.2,47.9,48.8,50.0,51.1,52.2,53.5,54.8,56.6,58.9,61.2,62.5,62.9,63.1,62.7,62.6,61.6,61.0,59.4,57.3,55.3,53.6,52.4,53.1,53.7,54.4,55.0,55.8,56.7,57.5,58.6,59.5,60.6,62.4,64.4,65.5,66.7,67.4,67.6,67.2,66.4,65.3,64.0,62.6,61.0,59.3,58.2,58.6,59.4,60.3,61.4,62.3,63.0,64.0,65.0,66.2,67.8,70.4,72.4,74.3,75.0,75.3,74.8,74.5,73.7,72.3,70.9,69.2,67.0,64.9,63.4,63.2,63.6,64.2,64.8
44.0,44.7,45.8,47.1,48.8,50.7,53.2,55.1,56.0,56.1,55.8,55.1,54.2,53.1,51.8,49.7,47.9,46.5,46.3,46.6,47.3,48.1,49.2,50.3,51.3,52.5,53.8,55.3,57.0,59.2,61.2,62.5,63.0,63.2,63.5,63.1,62.3,61.3,59.5,57.5,55.5,53.8,52.8,53.3,53.7,54.6,55.2,56.0,56.8,57.7,58.6,59.3,60.3,62.2,64.4,65.9,67.1,67.8,68.0,67.5,66.7,66.0,64.6,63.4,61.6,59.8,58.8,59.0,59.9,60.8,61.8,62.6,63.2,64.2,65.3,66.4,68.0,70.4,72.7,74.2,74.9,75.0,74.7,74.5,73.8,72.6,71.1,69.6,67.3,65.3,63.6,63.4,63.7,64.2
