day 0,day 1,day 2,day 3,day 4,day 5,day 6,day 7,day 8,day 9,day 10,day 11,day 12,day 13,day 14,day 15,day 16,day 17,day 18,day 19,day 20,day 21,day 22,day 23,day 24,day 25,day 26,day 27,day 28,day 29,day 30,day 31,day 32,day 33,day 34,day 35,day 36,day 37,day 38,day 39,day 40,day 41,day 42,day 43,day 44,day 45,day 46,day 47,day 48,day 49,day 50,day 51,day 52,day 53,day 54,day 55,day 56,day 57,day 58,day 59,day 60,day 61,day 62,day 63,day 64,day 65,day 66,day 67,day 68,day 69,day 70,day 71,day 72,day 73,day 74,day 75,day 76,day 77,day 78,day 79,day 80,day 81,day 82,day 83,day 84,day 85,day 86,day 87,day 88,day 89,day 90,day 91,day 92,day 93
56.3,57.4,58.7,60.3,62.1,64.5,68.1,70.5,71.6,72.1,71.8,71.0,69.8,68.0,65.6,62.7,59.8,56.9,55.1,55.7,56.2,56.7,57.5,58.5,59.5,60.8,62.1,63.6,65.7,68.7,72.4,74.4,75.5,76.1,76.4,75.8,75.1,73.4,71.3,68.7,65.8,62.7,60.0,60.4,61.3,62.2,63.2,64.2,65.3,66.5,67.6,69.0,71.1,74.2,77.6,79.6,80.7,81.3,81.1,80.6,79.9,78.3,76.7,74.5,72.1,69.1,66.8,66.5,67.5,68.4,69.6,70.5,71.8,72.9,74.3,75.7,77.4,80.2,82.9,84.6,85.7,86.3,86.5,86.4,86.0,85.0,83.2,80.9,78.3,75.1,72.4,72.0,72.7,73.5
55.3,56.5,57.6,58.9,60.4,62.2,64.8,68.4,70.7,71.8,72.2,72.0,71.2,70.2,68.2,65.8,62.9,60.0,57.0,55.3,55.6,56.1,56.6,57.5,58.6,59.7,60.9,62.4,63.8,66.0,69.0,72.6,74.5,75.7,76.4,76.8,76.2,75.3,73.8,71.6,69.0,66.2,63.1,60.3,60.6,61.5,62.4,63.4,64.5,65.5,66.7,67.7,69.0,71.3,74.4,77.8,79.8,80.8,81.5,81.4,80.9,80.1,78.7,77.0,74.9,72.5,69.6,67.2,66.9,67.9,68.9,69.8,70.9,72.0,73.1,74.5,75.8,77.5,80.4,83.1,84.8,85.9,86.5,86.6,86.6,86.2,85.2,83.4,81.1,78.4,75.3,72.6,72.1,72.8
54.6,55.4,56.6,57.6,59.1,60.5,62.4,65.1,68.6,70.9,72.0,72.3,72.1,71.4,70.5,68.5,66.1,63.1,60.2,56.9,55.3,55.5,56.1,56.7,57.6,58.8,59.8,61.2,62.6,64.1,66.3,69.2,72.8,75.0,76.3,76.9,77.0,76.4,75.5,74.0,71.9,69.2,66.5,63.3,60.6,60.8,61.7,62.6,63.6,64.7,65.6,66.8,67.7,69.2,71.4,74.7,78.0,80.0,81.0,81.7,81.7,81.2,80.3,79.2,77.4,75.3,72.8,70.1,67.5,67.4,68.3,69.1,70.0,71.1,72.2,73.3,74.6,76.1,77.7,80.5,83.2,84.8,86.0,86.7,86.9,86.8,86.3,85.3,83.5,81.3,78.5,75.6,72.6,72.3
53.9,54.6,55.6,56.7,57.9,59.3,60.8,62.6,65.3,68.8,71.0,72.1,72.5,72.4,71.7,70.5,68.6,66.2,63.1,60.2,57.0,55.3,55.5,56.2,56.9,57.7,58.9,60.1,61.4,62.8,64.3,66.5,69.5,73.1,75.5,76.7,77.2,77.2,76.8,75.8,74.2,72.2,69.5,66.8,63.7,60.8,61.0,61.9,62.8,63.8,64.8,65.7,66.6,67.9,69.5,71.9,75.0,78.2,80.0,81.3,81.9,82.0,81.5,80.7,79.4,77.7,75.7,73.3,70.6,67.9,67.8,68.5,69.4,70.3,71.4,72.3,73.6,74.8,76.3,77.9,80.6,83.4,85.0,86.2,86.9,87.1,86.9,86.4,85.4,83.6,81.4,78.7,75.7,72.8
53.1,54.0,54.8,55.8,56.9,58.1,59.4,61.1,62.8,65.5,68.9,71.1,72.2,72.8,72.8,72.0,70.7,68.8,66.1,63.2,60.2,57.1,55.3,55.8,56.3,57.0,58.0,59.1,60.3,61.6,63.1,64.5,66.6,69.7,73.6,75.8,76.9,77.4,77.5,77.0,76.1,74.5,72.4,69.8,67.1,63.9,61.0,61.2,62.2,63.0,63.9,64.9,65.7,66.9,68.3,70.0,72.2,75.1,78.4,80.3,81.4,82.0,82.2,81.9,81.1,79.8,78.1,76.2,73.6,71.0,68.3,68.1,68.9,69.7,70.5,71.5,72.5,73.8,75.0,76.5,78.1,80.8,83.5,85.2,86.4,87.2,87.2,87.0,86.5,85.6,83.8,81.5,78.7,75.9
52.5,53.2,54.2,55.1,56.0,57.1,58.2,59.7,61.4,62.9,65.6,69.1,71.3,72.5,73.0,73.0,72.2,70.8,68.7,66.2,63.3,60.3,57.2,55.4,55.8,56.4,57.2,58.4,59.3,60.6,61.8,63.2,64.7,67.0,70.0,73.9,75.9,77.1,77.6,77.8,77.3,76.3,74.8,72.8,70.0,67.3,64.2,61.3,61.5,62.5,63.1,64.1,64.8,66.0,67.2,68.5,70.3,72.4,75.3,78.5,80.4,81.5,82.2,82.6,82.2,81.5,80.2,78.5,76.6,74.1,71.4,68.7,68.3,69.1,69.9,70.7,71.7,72.8,74.1,75.2,76.6,78.2,81.0,83.7,85.5,86.6,87.2,87.3,87.2,86.8,85.8,84.0,81.6,78.8
52.0,52.7,53.5,54.2,55.2,56.2,57.3,58.5,60.0,61.5,63.2,65.8,69.2,71.7,72.8,73.2,73.3,72.4,70.8,68.8,66.3,63.5,60.4,57.4,55.5,55.8,56.5,57.7,58.6,59.7,61.0,62.1,63.3,64.9,67.4,70.5,74.2,76.2,77.3,78.0,78.0,77.5,76.6,75.1,73.0,70.2,67.5,64.4,61.6,61.7,62.6,63.3,64.1,65.1,66.1,67.4,68.8,70.5,72.5,75.6,78.7,80.6,81.8,82.5,82.8,82.6,82.0,80.6,79.0,76.9,74.5,71.6,69.0,68.6,69.3,70.0,70.9,72.0,73.0,74.2,75.4,76.7,78.4,81.1,84.0,85.6,86.7,87.4,87.6,87.5,87.0,86.0,84.1,81.8
52.8,52.2,52.9,53.6,54.5,55.4,56.3,57.5,58.8,60.2,61.6,63.4,66.0,69.5,71.9,73.0,73.5,73.3,72.4,70.8,68.8,66.5,63.7,60.6,57.7,55.5,56.0,56.8,57.8,58.9,60.0,61.2,62.2,63.6,65.2,67.8,70.9,74.4,76.4,77.5,78.2,78.2,77.8,76.7,75.2,73.2,70.4,67.8,64.7,62.0,61.9,62.7,63.3,64.3,65.3,66.6,67.8,69.2,70.7,72.8,75.9,78.9,80.7,82.0,82.7,83.1,83.0,82.4,81.1,79.3,77.1,74.7,71.9,69.4,68.8,69.5,70.3,71.2,72.2,73.2,74.3,75.6,76.9,78.6,81.3,84.2,85.7,86.8,87.6,87.8,87.7,87.2,86.1,84.2
56.3,53.0,52.4,53.1,53.8,54.6,55.6,56.5,57.6,58.9,60.3,61.7,63.6,66.3,69.8,72.1,73.4,73.8,73.4,72.4,70.8,68.9,66.6,63.9,61.0,57.9,55.8,56.3,57.0,58.1,59.1,60.3,61.4,62.5,64.0,65.7,68.1,71.1,74.6,76.7,77.9,78.5,78.5,78.0,77.0,75.4,73.2,70.7,68.2,65.0,62.2,62.1,62.7,63.5,64.7,65.6,66.8,68.0,69.4,71.1,73.1,76.1,79.1,80.9,82.1,83.0,83.4,83.4,82.7,81.4,79.7,77.4,75.1,72.2,69.6,68.9,69.8,70.5,71.5,72.4,73.4,74.4,75.8,77.0,78.7,81.5,84.2,85.9,87.0,87.9,88.0,87.9,87.3,86.2
59.8,56.5,53.1,52.5,53.2,53.9,54.8,55.8,56.8,57.9,59.1,60.4,62.0,63.8,66.5,70.1,72.4,73.5,73.9,73.4,72.4,70.9,69.0,66.8,64.2,61.2,58.2,56.1,56.5,57.3,58.4,59.3,60.5,61.6,62.8,64.5,66.1,68.2,71.4,74.9,77.0,78.2,78.7,78.6,78.2,77.1,75.5,73.5,70.9,68.3,65.2,62.3,62.1,62.9,63.8,65.1,66.0,67.0,68.4,69.6,71.2,73.4,76.4,79.3,81.1,82.5,83.4,83.9,83.7,83.0,81.8,79.9,77.8,75.4,72.5,69.8,69.1,69.9,70.7,71.7,72.6,73.6,74.7,75.9,77.2,79.0,81.7,84.3,86.1,87.3,88.1,88.2,88.0,87.5
63.0,60.0,56.6,53.3,52.7,53.3,54.2,55.1,56.0,57.0,58.0,59.4,60.6,62.2,64.0,66.8,70.3,72.5,73.3,73.8,73.4,72.4,71.0,69.3,67.2,64.5,61.6,58.5,56.3,56.9,57.6,58.6,59.5,60.7,61.8,63.2,64.8,66.3,68.3,71.7,75.3,77.3,78.4,78.9,78.8,78.4,77.2,75.7,73.7,71.1,68.5,65.3,62.4,62.2,63.1,64.2,65.3,66.4,67.2,68.7,69.9,71.5,73.4,76.7,79.5,81.4,82.7,83.8,84.2,84.0,83.2,82.0,80.2,78.1,75.6,72.7,69.9,69.4,70.1,71.0,71.9,72.8,73.8,74.8,76.0,77.4,79.0,81.9,84.5,86.3,87.5,88.2,88.3,88.2
65.6,63.1,60.2,56.9,53.6,52.9,53.6,54.4,55.3,56.2,57.1,58.2,59.6,60.9,62.4,64.2,67.0,70.5,72.4,73.3,73.7,73.5,72.4,71.1,69.7,67.4,64.8,61.9,58.8,56.7,57.1,57.8,58.8,59.9,61.0,62.3,63.6,65.0,66.5,68.6,72.0,75.6,77.5,78.7,79.0,79.0,78.5,77.5,75.9,73.8,71.3,68.6,65.4,62.6,62.5,63.5,64.5,65.6,66.5,67.5,69.0,70.0,71.8,73.8,76.8,79.8,81.8,83.1,84.0,84.4,84.3,83.6,82.4,80.6,78.4,75.9,72.9,70.2,69.6,70.3,71.2,72.0,72.9,73.9,75.0,76.2,77.6,79.0,82.0,84.7,86.4,87.6,88.3,88.5
67.5,65.7,63.5,60.4,57.1,53.8,53.1,53.7,54.6,55.5,56.4,57.2,58.4,60.0,61.1,62.6,64.4,67.1,70.4,72.4,73.4,73.8,73.5,72.6,71.4,70.0,67.6,65.1,62.2,59.2,56.9,57.2,58.1,59.0,60.2,61.4,62.8,64.0,65.2,66.7,69.0,72.2,75.8,77.8,78.9,79.2,79.1,78.6,77.7,76.0,74.0,71.4,68.7,65.6,62.8,63.0,64.0,64.8,65.8,66.7,67.9,69.2,70.3,72.2,74.2,77.1,80.2,82.1,83.5,84.4,84.7,84.6,84.0,82.7,80.9,78.7,76.1,73.1,70.3,69.8,70.5,71.3,72.2,73.0,74.1,75.3,76.4,77.7,79.3,82.1,84.8,86.5,87.7,88.4
69.1,67.6,65.9,63.6,60.6,57.4,54.2,53.4,54.0,54.7,55.6,56.5,57.5,58.9,60.1,61.4,62.9,64.6,67.1,70.4,72.5,73.4,73.7,73.6,72.9,71.8,70.4,67.9,65.3,62.5,59.4,57.2,57.4,58.3,59.5,60.7,61.8,62.9,64.2,65.4,67.1,69.4,72.4,75.9,78.0,79.2,79.4,79.4,78.9,77.9,76.1,74.0,71.7,69.0,65.9,63.1,63.3,64.2,65.1,66.1,66.9,67.9,69.3,70.7,72.5,74.6,77.5,80.6,82.5,83.7,84.6,85.0,84.8,84.2,82.8,81.2,78.9,76.3,73.3,70.5,70.1,70.6,71.6,72.4,73.3,74.3,75.4,76.6,77.9,79.5,82.3,85.0,86.7,87.8
70.0,69.4,67.8,66.2,63.6,60.8,57.7,54.5,53.7,54.2,55.0,55.8,56.7,57.8,59.0,60.3,61.6,62.9,64.6,67.1,70.4,72.6,73.4,73.8,73.8,73.2,72.2,70.6,68.2,65.5,62.8,59.7,57.4,57.7,58.7,60.0,60.8,62.1,63.1,64.4,65.7,67.3,69.6,72.7,76.1,78.2,79.3,79.7,79.6,79.0,78.0,76.2,74.2,71.9,69.2,66.3,63.6,63.6,64.4,65.4,66.2,67.2,68.4,69.7,71.2,72.8,75.0,77.9,81.0,82.7,84.0,84.7,85.1,85.0,84.4,83.1,81.4,79.1,76.6,73.5,70.7,70.2,70.8,71.7,72.5,73.5,74.5,75.6,76.8,78.1,79.7,82.5,85.0,86.7
70.4,70.2,69.5,68.0,66.4,63.7,61.2,57.9,54.9,53.9,54.4,55.2,56.0,57.0,58.0,59.1,60.5,61.7,62.8,64.5,67.1,70.5,72.4,73.6,74.2,74.2,73.6,72.5,70.8,68.6,65.8,63.0,59.9,57.7,58.0,59.3,60.2,61.2,62.3,63.4,64.6,66.0,67.6,69.9,72.9,76.5,78.5,79.4,79.8,79.6,79.2,78.0,76.3,74.4,72.2,69.6,66.6,63.9,63.9,64.7,65.7,66.4,67.7,68.7,70.0,71.6,73.2,75.5,78.3,81.2,82.9,84.3,85.0,85.3,85.2,84.6,83.4,81.6,79.3,76.8,73.7,70.8,70.3,71.1,71.9,72.8,73.7,74.6,75.8,77.0,78.2,79.8,82.5,85.1
70.3,70.7,70.4,69.8,68.3,66.5,64.0,61.3,58.1,55.2,54.1,54.6,55.3,56.2,57.1,58.1,59.3,60.6,61.6,62.7,64.6,67.1,70.5,72.7,73.8,74.4,74.5,73.9,72.7,71.1,69.0,66.1,63.2,60.3,58.0,58.5,59.6,60.4,61.3,62.6,63.7,64.7,66.1,67.9,70.0,73.0,76.6,78.7,79.7,80.0,79.7,79.2,78.1,76.6,74.7,72.6,69.9,66.9,64.2,64.2,65.0,65.9,66.8,68.0,69.1,70.4,71.9,73.7,75.9,78.6,81.4,83.2,84.4,85.0,85.4,85.3,84.8,83.6,81.9,79.6,76.9,73.8,71.1,70.6,71.3,72.1,72.8,73.8,74.8,76.0,77.2,78.3,79.9,82.6
69.2,70.5,70.8,70.6,70.0,68.4,66.7,64.3,61.5,58.4,55.4,54.2,54.8,55.5,56.3,57.2,58.2,59.5,60.5,61.5,62.8,64.6,67.1,70.7,72.9,74.1,74.8,74.8,74.1,72.9,71.4,69.2,66.4,63.8,60.7,58.5,58.8,59.8,60.6,61.6,62.8,63.9,65.0,66.4,68.0,70.1,73.2,76.8,78.8,79.8,80.0,79.7,79.3,78.2,76.9,75.1,72.7,70.1,67.2,64.5,64.4,65.2,66.3,67.2,68.3,69.5,70.9,72.3,74.1,76.1,78.9,81.6,83.4,84.6,85.2,85.5,85.5,85.1,83.9,82.1,79.8,77.1,74.1,71.3,70.8,71.5,72.2,73.0,74.1,75.1,76.2,77.3,78.5,80.0
66.9,69.5,70.6,71.0,70.8,70.2,68.7,66.9,64.4,61.6,58.5,55.7,54.4,55.0,55.6,56.4,57.4,58.4,59.5,60.4,61.4,62.8,64.6,67.3,70.9,73.2,74.5,75.0,74.9,74.3,73.2,71.5,69.4,66.9,64.2,61.1,58.8,59.1,59.9,60.9,61.9,63.1,64.2,65.3,66.6,68.1,70.4,73.4,76.9,79.0,79.9,80.0,80.0,79.5,78.5,77.1,75.2,72.8,70.4,67.5,64.8,64.7,65.7,66.6,67.6,68.6,69.9,71.3,72.6,74.5,76.4,79.0,81.8,83.6,84.7,85.4,85.7,85.7,85.3,84.2,82.2,80.0,77.3,74.3,71.4,71.0,71.7,72.4,73.3,74.3,75.3,76.3,77.4,78.7
63.6,67.2,69.6,70.9,71.3,71.0,70.4,69.0,67.1,64.6,61.9,58.7,56.0,54.6,55.1,55.7,56.6,57.5,58.4,59.4,60.4,61.6,62.8,64.7,67.6,71.2,73.7,74.7,75.2,75.2,74.5,73.4,71.9,69.9,67.4,64.7,61.5,59.1,59.2,60.1,61.2,62.1,63.4,64.6,65.5,66.8,68.3,70.6,73.6,77.1,79.0,79.9,80.3,80.3,79.8,79.0,77.3,75.2,73.0,70.7,67.8,65.0,65.0,65.9,66.9,67.9,69.0,70.4,71.8,73.0,74.7,76.6,79.2,82.0,83.9,85.1,85.5,85.8,85.9,85.4,84.4,82.5,80.2,77.5,74.4,71.6,71.2,71.8,72.6,73.5,74.5,75.4,76.4,77.6
61.4,63.8,67.4,69.8,71.1,71.5,71.3,70.6,69.3,67.4,64.8,62.0,59.1,56.2,54.7,55.3,55.9,56.8,57.6,58.4,59.4,60.6,61.6,63.1,64.9,67.8,71.6,73.9,74.9,75.5,75.4,74.7,73.7,72.3,70.4,67.9,65.1,61.8,59.2,59.5,60.5,61.4,62.4,63.6,64.7,65.8,67.0,68.6,70.7,73.8,77.2,79.1,80.2,80.6,80.6,80.2,79.1,77.4,75.6,73.3,71.0,68.1,65.5,65.4,66.3,67.3,68.3,69.5,70.6,72.1,73.4,74.9,76.8,79.5,82.2,84.1,85.2,85.8,86.1,86.1,85.6,84.6,82.7,80.5,77.7,74.6,71.8,71.3,72.1,72.9,73.7,74.6,75.7,76.5
59.8,61.7,64.0,67.6,70.0,71.3,71.7,71.4,70.8,69.6,67.5,65.1,62.2,59.3,56.5,54.7,55.5,56.0,56.9,57.4,58.4,59.5,60.5,61.8,63.2,65.2,68.2,71.8,74.1,75.2,75.7,75.6,75.0,74.1,72.9,70.8,68.1,65.3,62.1,59.5,59.9,60.7,61.7,62.7,63.8,64.9,66.1,67.3,68.8,70.9,74.0,77.2,79.2,80.4,80.8,80.9,80.2,79.2,77.6,75.9,73.7,71.2,68.4,65.9,65.6,66.7,67.7,68.7,69.8,71.1,72.3,73.7,75.2,77.0,79.8,82.5,84.3,85.4,86.0,86.2,86.2,85.8,84.7,82.8,80.6,77.8,74.8,71.9,71.6,72.3,73.1,73.9,74.8,75.7
58.6,60.1,61.9,64.2,67.9,70.3,71.5,71.9,71.7,70.9,69.7,67.7,65.3,62.4,59.6,56.7,55.0,55.6,56.2,56.8,57.4,58.4,59.5,60.7,61.9,63.3,65.5,68.5,72.1,74.2,75.4,75.8,75.8,75.3,74.6,73.2,70.9,68.4,65.5,62.4,59.8,60.1,61.0,62.0,62.9,64.1,65.0,66.3,67.5,69.0,71.1,74.1,77.4,79.5,80.5,81.1,81.0,80.4,79.5,77.9,76.3,74.1,71.7,68.7,66.3,66.1,67.0,68.1,69.1,70.1,71.4,72.7,74.0,75.5,77.2,80.0,82.7,84.4,85.6,86.2,86.3,86.3,85.9,84.8,83.0,80.7,78.0,74.9,72.1,71.8,72.5,73.3,74.1,74.9
57.4,58.7,60.3,62.1,64.5,68.1,70.5,71.6,72.1,71.8,71.0,69.8,68.0,65.6,62.7,59.8,56.9,55.1,55.7,56.2,56.7,57.5,58.5,59.5,60.8,62.1,63.6,65.7,68.7,72.4,74.4,75.5,76.1,76.4,75.8,75.1,73.4,71.3,68.7,65.8,62.7,60.0,60.4,61.3,62.2,63.2,64.2,65.3,66.5,67.6,69.0,71.1,74.2,77.6,79.6,80.7,81.3,81.1,80.6,79.9,78.3,76.7,74.5,72.1,69.1,66.8,66.5,67.5,68.4,69.6,70.5,71.8,72.9,74.3,75.7,77.4,80.2,82.9,84.6,85.7,86.3,86.5,86.4,86.0,85.0,83.2,80.9,78.3,75.1,72.4,72.0,72.7,73.5,74.2
56.5,57.6,58.9,60.4,62.2,64.8,68.4,70.7,71.8,72.2,72.0,71.2,70.2,68.2,65.8,62.9,60.0,57.0,55.3,55.6,56.1,56.6,57.5,58.6,59.7,60.9,62.4,63.8,66.0,69.0,72.6,74.5,75.7,76.4,76.8,76.2,75.3,73.8,71.6,69.0,66.2,63.1,60.3,60.6,61.5,62.4,63.4,64.5,65.5,66.7,67.7,69.0,71.3,74.4,77.8,79.8,80.8,81.5,81.4,80.9,80.1,78.7,77.0,74.9,72.5,69.6,67.2,66.9,67.9,68.9,69.8,70.9,72.0,73.1,74.5,75.8,77.5,80.4,83.1,84.8,85.9,86.5,86.6,86.6,86.2,85.2,83.4,81.1,78.4,75.3,72.6,72.1,72.8,73.6
