day 0,day 1,day 2,day 3,day 4,day 5,day 6,day 7,day 8,day 9,day 10,day 11,day 12,day 13,day 14,day 15,day 16,day 17,day 18,day 19,day 20,day 21,day 22,day 23,day 24,day 25,day 26,day 27,day 28,day 29,day 30,day 31,day 32,day 33,day 34,day 35,day 36,day 37,day 38,day 39,day 40,day 41,day 42,day 43,day 44,day 45,day 46,day 47,day 48,day 49,day 50,day 51,day 52,day 53,day 54,day 55,day 56,day 57,day 58,day 59,day 60,day 61,day 62,day 63,day 64,day 65,day 66,day 67,day 68,day 69,day 70,day 71,day 72,day 73,day 74,day 75,day 76,day 77,day 78,day 79,day 80,day 81,day 82,day 83,day 84,day 85,day 86,day 87,day 88,day 89,day 90,day 91,day 92,day 93
49.9,51.4,52.6,54.3,56.5,60.1,64.6,66.6,67.3,67.2,66.4,65.3,63.8,62.0,59.6,56.8,53.1,49.1,49.3,50.2,50.8,51.4,52.0,52.9,54.5,55.5,56.9,58.7,60.7,65.8,70.0,71.8,72.5,72.4,71.9,71.6,70.5,68.8,66.7,63.8,60.3,56.4,54.4,55.1,55.9,56.6,57.4,58.3,59.5,60.8,62.4,63.6,65.4,70.5,74.4,76.2,77.3,77.5,77.4,77.0,75.8,74.4,72.3,69.7,66.7,63.7,60.9,61.5,62.5,63.4,64.3,65.5,66.8,67.9,69.5,71.0,73.6,78.8,82.2,83.6,84.3,84.7,84.5,83.9,82.8,81.3,78.9,76.1,72.7,69.7,66.6,66.7,67.2,67.7
48.7,50.1,51.5,52.8,54.6,56.8,60.5,65.0,67.0,67.5,67.5,66.5,65.4,64.3,62.6,60.1,57.0,53.3,49.4,49.6,50.0,50.6,51.3,52.2,53.1,54.6,55.5,57.0,58.9,61.1,66.1,70.1,71.9,72.6,72.6,72.7,72.0,70.9,69.2,67.0,64.1,60.5,56.7,54.7,55.4,56.0,56.7,57.5,58.6,59.6,61.2,62.3,63.6,65.4,70.7,74.6,76.8,77.6,77.8,77.8,77.4,76.1,74.7,72.8,70.2,67.1,64.2,61.3,62.0,62.9,63.8,64.7,65.8,67.0,68.3,69.7,71.3,73.9,79.0,82.1,83.6,84.4,84.6,84.6,84.1,83.0,81.4,79.2,76.4,73.0,69.8,66.8,67.0,67.4
48.0,48.9,50.1,51.6,53.3,54.9,57.1,60.9,65.4,67.2,67.8,67.6,66.7,65.9,64.9,63.1,60.4,57.4,53.8,49.8,49.4,49.8,50.6,51.6,52.4,53.3,54.7,55.8,57.3,59.3,61.4,66.3,70.2,72.0,72.8,73.3,73.1,72.4,71.3,69.6,67.4,64.3,60.8,57.1,55.1,55.5,56.1,56.9,57.8,58.8,60.0,61.2,62.4,63.5,65.7,71.0,75.1,77.1,77.8,78.1,78.2,77.8,76.5,75.2,73.2,70.6,67.7,64.7,61.9,62.4,63.4,64.2,65.1,66.0,67.3,68.5,69.9,71.6,74.2,79.0,82.1,83.7,84.5,84.8,84.8,84.2,83.0,81.6,79.5,76.7,73.2,70.0,67.1,67.1
47.3,48.1,49.0,50.3,52.1,53.6,55.3,57.5,61.4,65.6,67.4,67.9,67.8,67.3,66.6,65.4,63.4,60.7,57.8,54.0,49.6,49.2,49.8,50.9,51.8,52.5,53.4,54.8,56.0,57.7,59.6,61.6,66.4,70.3,72.3,73.5,73.7,73.4,72.8,71.7,69.9,67.6,64.6,61.2,57.5,55.2,55.7,56.3,57.1,57.9,59.2,60.0,61.3,62.4,63.7,65.9,71.5,75.4,77.3,78.1,78.6,78.6,78.1,76.9,75.6,73.6,71.1,68.2,65.2,62.3,62.9,63.7,64.6,65.2,66.3,67.6,68.7,70.2,71.8,74.3,79.1,82.2,83.8,84.6,85.1,85.0,84.2,83.3,82.0,79.8,76.8,73.4,70.2,67.2
46.7,47.4,48.2,49.2,50.8,52.4,53.9,55.6,57.9,61.5,65.8,67.5,68.2,68.4,68.0,67.0,65.7,63.7,61.1,58.0,53.9,49.7,49.2,50.1,51.1,51.9,52.6,53.5,55.0,56.4,58.1,59.9,61.8,66.6,70.6,73.0,73.8,74.1,73.6,73.1,72.0,70.1,67.9,65.0,61.5,57.7,55.4,55.9,56.5,57.3,58.3,59.3,60.0,61.2,62.5,63.8,66.3,71.9,75.5,77.5,78.6,79.1,78.9,78.5,77.4,76.0,74.2,71.7,68.8,65.7,62.8,63.3,64.1,64.8,65.5,66.5,67.9,68.9,70.4,71.9,74.5,79.3,82.3,83.7,84.9,85.3,84.9,84.4,83.7,82.3,80.0,77.0,73.6,70.3
46.4,46.8,47.6,48.4,49.7,51.0,52.7,54.3,56.0,57.9,61.8,66.0,67.8,68.8,69.1,68.4,67.2,66.0,64.1,61.2,58.0,54.0,49.7,49.6,50.3,51.2,52.0,52.6,53.7,55.4,56.8,58.4,60.0,61.9,66.8,71.3,73.4,74.2,74.4,74.0,73.4,72.1,70.5,68.3,65.2,61.7,57.9,55.7,56.1,56.7,57.7,58.3,59.2,60.0,61.3,62.7,64.3,66.8,72.2,75.8,78.0,79.1,79.4,79.4,79.0,77.8,76.5,74.8,72.3,69.2,66.2,63.2,63.7,64.4,65.0,65.7,66.8,68.0,69.1,70.6,72.1,74.7,79.4,82.3,83.8,85.0,85.3,85.1,84.8,84.0,82.5,80.2,77.1,73.7
46.1,46.6,47.1,47.8,48.8,50.0,51.3,53.1,54.7,56.2,58.2,62.0,66.2,68.4,69.4,69.5,68.6,67.6,66.3,64.1,61.2,58.1,54.1,50.1,49.9,50.4,51.3,52.1,52.9,54.1,55.7,57.1,58.5,60.2,62.0,67.4,71.7,73.8,74.4,74.7,74.3,73.6,72.5,70.9,68.6,65.4,61.9,58.2,55.8,56.3,57.0,57.7,58.3,59.2,60.0,61.5,63.1,64.7,67.1,72.5,76.3,78.5,79.3,79.8,79.9,79.4,78.4,77.2,75.4,72.7,69.8,66.6,63.6,63.9,64.6,65.3,66.0,67.0,68.3,69.3,70.8,72.3,74.9,79.4,82.5,83.8,84.9,85.6,85.5,85.1,84.2,82.7,80.2,77.2
46.2,46.3,46.8,47.2,48.3,49.1,50.3,51.7,53.4,54.7,56.5,58.4,62.3,66.8,69.0,69.8,69.7,69.0,67.9,66.3,64.0,61.3,58.1,54.4,50.5,49.9,50.5,51.4,52.3,53.4,54.5,56.1,57.2,58.7,60.2,62.5,67.8,72.1,73.9,74.9,75.0,74.5,74.0,72.9,71.2,68.7,65.7,62.2,58.4,56.1,56.6,57.1,57.8,58.3,59.1,60.2,61.9,63.5,65.0,67.4,72.9,76.9,78.7,79.8,80.3,80.3,80.0,79.1,77.8,75.8,73.2,70.1,67.0,63.9,64.2,64.8,65.6,66.2,67.2,68.4,69.5,71.1,72.4,75.0,79.7,82.5,83.7,85.1,86.0,85.8,85.3,84.4,82.8,80.4
48.6,46.2,46.5,47.0,47.6,48.5,49.5,50.8,52.0,53.5,55.1,56.5,58.6,62.9,67.4,69.4,70.1,70.0,69.3,67.9,66.2,64.1,61.3,58.3,54.7,50.7,50.0,50.6,51.7,52.8,53.8,54.9,56.2,57.4,58.7,60.7,62.9,68.2,72.2,74.5,75.1,75.2,74.9,74.4,73.1,71.3,69.0,66.0,62.4,58.8,56.4,56.7,57.2,57.8,58.2,59.4,60.7,62.3,63.8,65.2,67.9,73.4,77.1,79.2,80.2,80.6,80.9,80.7,79.8,78.4,76.4,73.6,70.4,67.2,64.1,64.4,65.1,65.7,66.4,67.5,68.5,69.8,71.2,72.3,75.2,79.8,82.4,83.9,85.5,86.2,85.9,85.6,84.6,82.9
52.1,48.9,46.5,46.6,47.3,47.8,48.8,49.9,51.1,52.1,53.7,55.2,56.7,58.9,63.4,67.7,69.6,70.4,70.3,69.3,67.8,66.2,64.2,61.5,58.6,55.0,50.9,50.1,51.0,52.1,53.2,54.1,55.1,56.3,57.4,59.3,61.0,63.1,68.2,72.7,74.6,75.2,75.5,75.2,74.5,73.2,71.6,69.3,66.2,62.7,59.0,56.5,56.8,57.2,57.7,58.6,59.9,61.2,62.7,64.1,65.7,68.2,73.7,77.6,79.6,80.6,81.3,81.6,81.3,80.3,78.9,76.6,73.8,70.6,67.5,64.3,64.7,65.2,65.9,66.6,67.6,68.8,69.8,71.2,72.5,75.4,79.7,82.6,84.3,85.7,86.4,86.1,85.7,84.7
55.3,52.4,49.2,46.6,47.0,47.5,48.1,49.2,50.2,51.1,52.4,53.8,55.4,57.0,59.3,63.7,68.0,70.0,70.6,70.3,69.2,67.9,66.3,64.2,61.7,59.0,55.3,51.2,50.5,51.5,52.5,53.5,54.3,55.1,56.3,57.9,59.7,61.4,63.2,68.6,72.9,74.7,75.6,75.9,75.4,74.6,73.5,71.9,69.6,66.5,62.9,59.2,56.5,56.8,57.2,58.1,59.1,60.4,61.5,62.9,64.4,65.9,68.5,74.2,78.0,80.0,81.2,82.0,82.2,81.9,80.9,79.1,76.8,74.0,70.9,67.7,64.6,64.9,65.4,66.1,66.7,67.9,68.9,69.9,71.3,72.7,75.4,79.9,83.0,84.5,85.8,86.6,86.2,85.9
58.2,55.7,52.7,49.4,46.9,47.2,47.8,48.5,49.5,50.4,51.5,52.6,54.0,55.5,57.3,59.5,63.9,68.5,70.2,70.6,70.2,69.3,68.0,66.3,64.4,62.1,59.3,55.6,51.6,51.0,52.0,52.9,53.7,54.4,55.1,56.8,58.4,60.0,61.5,63.5,68.8,73.1,75.1,75.9,76.0,75.4,74.9,73.8,72.1,69.8,66.7,63.0,59.3,56.5,56.8,57.6,58.6,59.6,60.8,61.7,63.2,64.7,66.3,69.0,74.7,78.4,80.5,81.7,82.5,82.7,82.4,80.9,79.2,77.0,74.3,71.1,67.9,64.9,65.1,65.6,66.2,66.9,67.9,68.9,70.0,71.5,72.7,75.7,80.4,83.2,84.6,86.0,86.7,86.4
60.5,58.6,55.9,52.9,49.8,47.0,47.4,48.1,48.7,49.7,50.7,51.7,52.8,54.2,55.9,57.5,59.6,64.3,68.6,70.2,70.5,70.2,69.4,68.0,66.5,64.9,62.5,59.6,56.0,52.2,51.5,52.4,53.1,53.7,54.3,55.6,57.3,58.8,60.1,61.8,63.8,68.9,73.4,75.4,75.9,76.0,75.8,75.2,74.0,72.4,69.8,66.7,63.0,59.3,56.5,57.2,58.1,59.1,60.0,61.0,62.1,63.5,65.0,66.8,69.4,75.1,78.8,81.2,82.3,83.0,83.2,82.6,81.1,79.4,77.3,74.5,71.3,68.1,65.1,65.3,65.7,66.4,67.0,68.0,69.0,70.2,71.5,73.0,76.1,80.6,83.2,84.6,86.2,86.7
62.3,60.9,58.8,56.1,53.3,50.1,47.3,47.7,48.3,49.0,49.9,51.1,51.9,53.0,54.5,56.1,57.7,59.9,64.6,68.6,70.1,70.6,70.3,69.3,68.2,67.0,65.2,62.8,60.0,56.5,52.7,51.8,52.6,53.1,53.6,54.8,56.1,57.6,58.9,60.3,62.1,63.9,69.3,73.7,75.5,75.9,76.3,76.0,75.4,74.1,72.4,69.9,66.6,63.0,59.4,56.9,57.7,58.6,59.5,60.2,61.3,62.4,63.8,65.5,67.3,69.8,75.6,79.5,81.7,82.7,83.4,83.3,82.7,81.3,79.7,77.5,74.7,71.5,68.3,65.3,65.4,65.9,66.4,67.0,68.1,69.2,70.2,71.7,73.2,76.3,80.6,83.2,84.7,86.2
63.6,62.7,61.1,59.0,56.5,53.7,50.5,47.6,47.9,48.6,49.2,50.3,51.2,52.1,53.5,54.7,56.2,58.0,60.1,64.6,68.5,70.1,70.6,70.1,69.5,68.7,67.3,65.5,63.2,60.6,57.0,53.2,52.1,52.6,53.1,54.2,55.4,56.5,57.7,59.2,60.7,62.2,64.2,69.7,73.8,75.5,76.3,76.5,76.2,75.6,74.0,72.4,69.8,66.6,63.1,59.8,57.4,58.2,58.9,59.7,60.5,61.6,62.7,64.4,66.0,67.7,70.4,76.2,80.0,82.2,83.3,83.4,83.5,82.9,81.5,79.8,77.7,74.8,71.7,68.5,65.4,65.6,65.9,66.4,67.2,68.3,69.2,70.4,72.0,73.5,76.5,80.7,83.2,84.6
64.6,63.9,63.0,61.3,59.5,57.0,54.1,50.9,47.7,48.2,48.8,49.5,50.4,51.4,52.4,53.6,54.9,56.5,58.2,60.0,64.5,68.5,70.2,70.5,70.3,70.0,69.0,67.6,65.8,63.6,60.9,57.3,53.6,52.1,52.6,53.6,54.7,55.9,56.7,58.0,59.5,60.9,62.5,64.5,69.8,73.7,75.8,76.5,76.6,76.4,75.5,74.0,72.2,69.7,66.7,63.5,60.3,57.9,58.6,59.2,60.0,60.8,61.9,63.3,64.9,66.4,68.2,71.0,76.7,80.4,82.7,83.3,83.6,83.7,83.1,81.7,80.1,77.8,75.0,71.8,68.7,65.6,65.7,65.9,66.6,67.4,68.3,69.4,70.7,72.2,73.7,76.7,80.8,83.2
65.0,64.9,64.2,63.2,61.8,60.0,57.4,54.4,51.1,48.1,48.3,49.1,49.7,50.6,51.8,52.5,53.7,55.2,56.7,58.2,59.9,64.6,68.6,70.0,70.7,70.7,70.3,69.3,67.9,66.2,63.9,61.2,57.7,53.7,52.1,53.2,54.2,55.1,56.1,56.9,58.3,59.7,61.2,62.8,64.5,69.8,74.0,76.1,76.6,76.8,76.3,75.5,73.8,72.1,69.8,67.1,64.0,60.9,58.3,58.8,59.5,60.3,61.1,62.4,63.8,65.2,66.9,68.7,71.5,77.2,80.9,82.7,83.5,83.8,83.9,83.2,81.9,80.2,77.9,75.1,71.9,68.8,65.7,65.7,66.1,66.7,67.5,68.4,69.6,70.9,72.4,73.8,76.8,80.7
64.7,65.3,65.2,64.5,63.6,62.3,60.4,57.7,54.7,51.4,48.2,48.5,49.1,49.9,50.9,51.8,52.6,54.1,55.4,56.6,58.1,59.9,64.7,68.4,70.2,71.1,71.1,70.6,69.7,68.3,66.4,64.1,61.3,57.8,53.9,52.7,53.8,54.6,55.3,56.2,57.2,58.5,59.9,61.5,62.8,64.5,70.0,74.3,76.2,76.8,76.7,76.3,75.3,73.7,72.2,70.2,67.6,64.5,61.3,58.5,59.1,59.7,60.6,61.6,62.9,64.1,65.7,67.4,69.2,71.8,77.6,81.1,82.9,83.7,84.0,84.0,83.4,82.0,80.3,78.1,75.2,72.0,68.9,65.7,65.8,66.3,66.8,67.5,68.7,69.8,71.0,72.6,73.8,76.8
63.1,65.0,65.6,65.5,64.8,64.1,62.7,60.7,58.0,55.0,51.7,48.5,48.7,49.3,50.2,51.0,51.9,52.9,54.3,55.2,56.4,58.0,60.1,64.6,68.6,70.7,71.4,71.4,70.9,70.0,68.5,66.6,64.3,61.5,58.1,54.6,53.3,54.3,54.7,55.5,56.5,57.4,58.7,60.3,61.5,62.8,64.7,70.3,74.4,76.4,76.8,76.7,76.0,75.2,73.9,72.7,70.6,68.0,64.8,61.6,58.8,59.3,60.1,61.1,62.2,63.2,64.6,66.2,67.8,69.5,72.5,77.9,81.3,83.1,83.9,84.1,84.1,83.5,82.2,80.5,78.3,75.3,72.1,68.9,65.9,66.0,66.4,66.8,67.7,68.9,70.1,71.3,72.7,73.9
59.0,63.3,65.2,65.8,65.9,65.3,64.4,63.0,60.8,58.2,55.3,52.0,48.7,48.7,49.5,50.2,51.1,52.2,53.1,54.1,55.1,56.4,58.2,60.1,64.8,69.0,71.0,71.7,71.6,71.2,70.2,68.7,66.8,64.5,62.0,58.8,55.2,53.8,54.2,54.9,55.7,56.7,57.6,59.0,60.3,61.6,63.0,65.0,70.4,74.7,76.3,76.8,76.4,76.1,75.4,74.4,73.1,71.1,68.3,65.2,62.0,59.0,59.7,60.6,61.7,62.6,63.7,65.2,66.6,68.2,70.1,72.7,78.0,81.6,83.3,84.0,84.2,84.2,83.6,82.3,80.7,78.4,75.4,72.1,69.1,66.1,66.1,66.5,67.0,67.9,69.1,70.3,71.4,72.7
55.8,59.2,63.5,65.5,66.2,66.3,65.7,64.8,63.2,61.1,58.4,55.5,52.3,48.7,48.9,49.4,50.4,51.4,52.5,52.9,54.1,55.0,56.6,58.3,60.3,65.2,69.3,71.3,72.0,72.0,71.4,70.4,69.0,67.0,65.2,62.6,59.3,55.8,53.7,54.4,55.1,55.9,56.9,58.0,59.1,60.4,61.7,63.1,65.2,70.7,74.6,76.3,76.5,76.5,76.3,76.0,74.8,73.4,71.3,68.6,65.5,62.2,59.4,60.2,61.1,62.1,63.0,64.2,65.6,67.0,68.7,70.3,72.8,78.3,81.8,83.4,84.0,84.4,84.3,83.7,82.5,80.8,78.5,75.5,72.3,69.2,66.2,66.1,66.7,67.2,68.2,69.3,70.4,71.4
54.0,55.9,59.4,63.8,65.9,66.6,66.7,66.0,64.9,63.5,61.3,58.7,56.0,52.6,48.9,48.8,49.6,50.7,51.7,52.3,52.8,54.1,55.2,56.8,58.4,60.5,65.4,69.6,71.5,72.2,72.1,71.6,70.6,69.2,67.8,65.7,63.1,59.9,55.8,53.9,54.7,55.3,56.1,57.2,58.1,59.1,60.6,61.9,63.3,65.4,70.7,74.5,76.0,76.5,76.8,76.9,76.3,75.1,73.7,71.6,68.9,65.8,62.7,60.0,60.7,61.6,62.5,63.5,64.7,66.0,67.5,68.9,70.5,73.2,78.5,81.9,83.5,84.1,84.5,84.4,83.8,82.6,80.9,78.6,75.7,72.5,69.3,66.2,66.4,66.8,67.4,68.4,69.5,70.4
52.6,54.0,56.2,59.7,64.2,66.2,67.0,67.1,66.1,65.1,63.7,61.5,59.1,56.4,53.0,48.9,48.9,49.9,51.0,51.6,52.1,52.8,54.3,55.3,56.9,58.6,60.6,65.6,69.8,71.8,72.4,72.2,71.7,70.8,70.0,68.3,66.2,63.5,60.0,56.1,54.2,54.8,55.5,56.5,57.3,58.1,59.3,60.7,62.0,63.5,65.5,70.6,74.3,76.0,76.8,77.3,77.1,76.7,75.4,74.1,72.0,69.2,66.2,63.2,60.4,61.1,62.0,63.0,63.9,65.1,66.5,67.7,69.1,70.8,73.4,78.6,82.0,83.6,84.2,84.6,84.5,83.9,82.6,81.1,78.8,75.9,72.6,69.4,66.5,66.5,67.0,67.5,68.5,69.5
51.4,52.6,54.3,56.5,60.1,64.6,66.6,67.3,67.2,66.4,65.3,63.8,62.0,59.6,56.8,53.1,49.1,49.3,50.2,50.8,51.4,52.0,52.9,54.5,55.5,56.9,58.7,60.7,65.8,70.0,71.8,72.5,72.4,71.9,71.6,70.5,68.8,66.7,63.8,60.3,56.4,54.4,55.1,55.9,56.6,57.4,58.3,59.5,60.8,62.4,63.6,65.4,70.5,74.4,76.2,77.3,77.5,77.4,77.0,75.8,74.4,72.3,69.7,66.7,63.7,60.9,61.5,62.5,63.4,64.3,65.5,66.8,67.9,69.5,71.0,73.6,78.8,82.2,83.6,84.3,84.7,84.5,83.9,82.8,81.3,78.9,76.1,72.7,69.7,66.6,66.7,67.2,67.7,68.5
50.1,51.5,52.8,54.6,56.8,60.5,65.0,67.0,67.5,67.5,66.5,65.4,64.3,62.6,60.1,57.0,53.3,49.4,49.6,50.0,50.6,51.3,52.2,53.1,54.6,55.5,57.0,58.9,61.1,66.1,70.1,71.9,72.6,72.6,72.7,72.0,70.9,69.2,67.0,64.1,60.5,56.7,54.7,55.4,56.0,56.7,57.5,58.6,59.6,61.2,62.3,63.6,65.4,70.7,74.6,76.8,77.6,77.8,77.8,77.4,76.1,74.7,72.8,70.2,67.1,64.2,61.3,62.0,62.9,63.8,64.7,65.8,67.0,68.3,69.7,71.3,73.9,79.0,82.1,83.6,84.4,84.6,84.6,84.1,83.0,81.4,79.2,76.4,73.0,69.8,66.8,67.0,67.4,67.7
