day 0,day 1,day 2,day 3,day 4,day 5,day 6,day 7,day 8,day 9,day 10,day 11,day 12,day 13,day 14,day 15,day 16,day 17,day 18,day 19,day 20,day 21,day 22,day 23,day 24,day 25,day 26,day 27,day 28,day 29,day 30,day 31,day 32,day 33,day 34,day 35,day 36,day 37,day 38,day 39,day 40,day 41,day 42,day 43,day 44,day 45,day 46,day 47,day 48,day 49,day 50,day 51,day 52,day 53,day 54,day 55,day 56,day 57,day 58,day 59,day 60,day 61,day 62,day 63,day 64,day 65,day 66,day 67,day 68,day 69,day 70,day 71,day 72,day 73,day 74,day 75,day 76,day 77,day 78,day 79,day 80,day 81,day 82,day 83,day 84,day 85,day 86,day 87,day 88,day 89,day 90,day 91,day 92,day 93
76.3,77.2,78.2,79.4,81.1,84.2,87.0,88.6,89.4,90.1,90.5,90.1,89.4,87.6,85.6,83.0,79.9,76.6,74.4,74.4,74.9,75.4,76.0,76.7,77.6,78.6,79.6,80.7,82.6,85.8,88.5,89.9,90.9,91.7,91.6,90.8,89.6,88.1,85.8,83.3,80.1,76.7,74.6,74.9,75.6,76.2,77.0,77.8,78.7,79.7,80.9,82.3,84.1,87.3,90.4,92.2,93.4,93.7,93.5,92.7,91.0,88.8,86.2,83.0,79.4,75.7,73.7,73.9,74.1,74.6,74.9,75.4,75.9,76.5,77.2,78.0,79.2,81.5,85.0,87.1,88.4,89.1,88.9,88.0,87.0,85.2,82.6,79.0,75.0,71.0,69.6,69.8,70.1,70.1
75.6,76.3,77.2,78.3,79.4,81.1,84.2,87.0,88.6,89.3,90.2,90.7,90.2,89.5,87.6,85.6,82.9,79.8,76.7,74.5,74.3,74.9,75.3,76.0,76.8,77.6,78.6,79.5,80.7,82.4,85.6,88.3,90.0,91.2,91.6,91.6,90.9,89.8,88.2,85.9,83.4,80.2,76.8,74.7,75.0,75.7,76.3,77.0,77.8,78.7,79.7,81.0,82.3,83.9,86.9,90.2,92.1,93.3,93.6,93.5,92.4,90.7,88.6,86.0,82.8,79.3,75.6,73.6,73.7,74.0,74.4,74.8,75.2,75.7,76.2,76.9,77.8,79.1,81.2,84.8,86.9,88.3,89.0,88.7,87.9,86.8,85.1,82.4,78.8,74.9,70.9,69.5,69.6,69.8
75.0,75.5,76.2,77.2,78.3,79.4,81.2,84.2,87.1,88.5,89.4,90.4,90.7,90.3,89.5,87.6,85.5,82.9,79.9,76.7,74.5,74.4,74.9,75.4,76.1,76.9,77.6,78.5,79.4,80.5,82.2,85.4,88.5,90.3,91.2,91.7,91.7,91.2,89.9,88.2,85.9,83.5,80.3,76.9,74.7,75.1,75.7,76.4,77.0,77.8,78.8,79.8,80.9,82.2,83.7,86.7,90.1,91.9,93.2,93.6,93.3,92.1,90.5,88.3,85.8,82.7,79.1,75.4,73.5,73.6,73.9,74.3,74.6,74.9,75.4,75.9,76.8,77.7,78.9,81.0,84.6,86.8,88.1,88.8,88.6,87.8,86.7,84.9,82.2,78.6,74.7,70.7,69.3,69.4
74.5,74.9,75.4,76.2,77.3,78.3,79.4,81.2,84.3,87.0,88.7,89.6,90.6,90.9,90.3,89.4,87.5,85.4,82.9,79.9,76.6,74.5,74.4,74.9,75.5,76.1,76.8,77.5,78.4,79.3,80.4,82.0,85.6,88.7,90.2,91.3,92.0,92.1,91.3,89.9,88.3,86.0,83.6,80.4,77.0,74.7,75.1,75.8,76.3,77.0,77.8,78.8,79.8,80.8,82.0,83.5,86.6,89.9,91.8,93.0,93.3,93.0,91.9,90.3,88.1,85.7,82.6,79.1,75.3,73.4,73.5,73.8,74.1,74.4,74.6,75.1,75.7,76.6,77.5,78.7,80.7,84.4,86.7,87.9,88.8,88.5,87.7,86.5,84.5,81.9,78.3,74.5,70.6,69.1
74.1,74.5,74.9,75.4,76.3,77.3,78.4,79.4,81.2,84.3,87.0,88.8,89.8,90.8,90.9,90.4,89.3,87.5,85.4,82.9,79.9,76.7,74.4,74.3,74.9,75.5,76.1,76.7,77.4,78.3,79.2,80.2,82.2,85.7,88.7,90.4,91.5,92.3,92.3,91.3,90.1,88.4,86.2,83.6,80.5,77.1,74.8,75.2,75.7,76.3,77.1,77.8,78.8,79.7,80.7,81.8,83.4,86.4,89.8,91.7,92.7,92.8,92.6,91.6,90.1,88.0,85.6,82.6,78.9,75.1,73.3,73.4,73.6,73.9,74.1,74.3,74.9,75.5,76.4,77.3,78.4,80.5,84.3,86.5,87.9,88.6,88.4,87.6,86.2,84.3,81.7,78.1,74.3,70.3
73.7,74.1,74.4,74.8,75.5,76.3,77.3,78.3,79.4,81.2,84.3,87.1,89.0,89.9,90.8,91.0,90.4,89.3,87.5,85.3,82.9,79.9,76.7,74.4,74.4,74.9,75.4,76.0,76.7,77.3,78.2,79.1,80.3,82.3,85.7,89.0,90.7,91.8,92.5,92.4,91.5,90.1,88.6,86.3,83.8,80.6,77.2,74.8,75.1,75.7,76.4,77.1,77.8,78.7,79.6,80.5,81.8,83.3,86.3,89.6,91.4,92.2,92.4,92.2,91.4,89.8,87.9,85.6,82.5,78.8,75.0,73.2,73.2,73.4,73.6,73.8,74.1,74.7,75.4,76.2,77.0,78.3,80.3,83.9,86.4,87.9,88.5,88.2,87.3,86.0,84.0,81.4,78.0,74.1
74.0,73.7,74.0,74.4,74.9,75.5,76.3,77.3,78.4,79.5,81.2,84.4,87.3,89.1,90.1,90.9,91.1,90.4,89.3,87.5,85.3,82.9,79.9,76.7,74.5,74.4,74.9,75.3,75.9,76.6,77.2,78.1,79.2,80.4,82.3,85.9,89.3,90.9,92.0,92.5,92.5,91.6,90.3,88.6,86.4,84.0,80.7,77.2,74.8,75.2,75.8,76.5,77.1,77.8,78.6,79.5,80.5,81.6,83.2,86.1,89.3,90.9,91.8,92.0,91.8,91.1,89.7,87.8,85.4,82.3,78.6,74.8,72.9,73.0,73.1,73.3,73.6,73.9,74.5,75.1,76.0,76.9,78.1,79.9,83.8,86.4,87.7,88.3,87.9,87.1,85.7,83.8,81.3,77.8
76.6,74.0,73.6,73.9,74.4,74.9,75.5,76.3,77.4,78.4,79.5,81.3,84.6,87.4,89.3,90.3,91.1,91.0,90.4,89.3,87.5,85.4,82.9,80.0,76.8,74.4,74.3,74.8,75.3,75.9,76.5,77.1,78.2,79.2,80.4,82.4,86.1,89.4,91.1,92.0,92.6,92.5,91.8,90.4,88.8,86.7,84.1,80.8,77.2,74.8,75.2,75.9,76.5,77.1,77.7,78.5,79.4,80.3,81.6,83.1,85.8,89.0,90.6,91.3,91.7,91.5,91.0,89.8,87.7,85.2,82.1,78.5,74.6,72.7,72.7,72.8,73.1,73.4,73.7,74.3,74.9,75.8,76.7,77.8,79.8,83.7,86.3,87.5,87.9,87.7,86.9,85.5,83.6,81.1
79.9,76.7,73.9,73.5,74.0,74.4,74.9,75.5,76.4,77.5,78.5,79.6,81.5,84.8,87.6,89.6,90.5,91.0,91.2,90.5,89.3,87.5,85.5,83.1,80.0,76.8,74.3,74.3,74.8,75.3,75.8,76.4,77.2,78.2,79.2,80.6,82.5,86.2,89.6,91.2,92.1,92.6,92.8,91.9,90.6,89.1,86.8,84.2,80.8,77.2,74.9,75.3,75.9,76.5,77.1,77.6,78.4,79.2,80.3,81.5,82.8,85.5,88.7,90.1,91.0,91.3,91.5,91.0,89.5,87.4,84.9,81.9,78.2,74.3,72.4,72.4,72.5,72.9,73.2,73.5,74.0,74.7,75.7,76.5,77.7,79.7,83.6,86.1,87.1,87.6,87.5,86.7,85.3,83.5
82.9,79.9,76.6,73.8,73.6,74.0,74.5,74.9,75.6,76.4,77.5,78.6,79.7,81.7,84.9,87.8,89.6,90.4,91.2,91.3,90.5,89.2,87.6,85.6,83.1,80.0,76.7,74.2,74.3,74.8,75.2,75.8,76.5,77.3,78.2,79.3,80.7,82.6,86.4,89.7,91.3,92.2,92.9,92.9,92.1,90.8,89.2,87.0,84.2,80.9,77.2,74.9,75.3,75.9,76.4,76.9,77.5,78.2,79.2,80.1,81.2,82.5,85.1,88.2,89.8,90.7,91.1,91.4,90.7,89.3,87.2,84.8,81.8,78.0,74.0,72.2,72.1,72.4,72.7,72.9,73.3,73.8,74.6,75.5,76.3,77.6,79.5,83.4,85.7,86.9,87.3,87.3,86.4,85.1
85.4,82.8,79.8,76.5,73.8,73.5,74.0,74.5,74.9,75.7,76.5,77.6,78.7,79.9,81.8,85.1,87.8,89.6,90.6,91.2,91.3,90.5,89.4,87.7,85.7,83.1,80.0,76.7,74.3,74.3,74.8,75.2,75.9,76.5,77.2,78.3,79.4,80.8,82.8,86.4,89.8,91.4,92.4,93.1,93.2,92.4,91.0,89.4,87.1,84.3,80.9,77.2,75.0,75.4,75.9,76.2,76.8,77.3,78.1,79.0,79.9,81.0,82.2,84.8,87.9,89.5,90.5,91.1,91.2,90.4,89.0,87.2,84.6,81.6,77.7,73.7,71.9,71.9,72.1,72.4,72.7,73.1,73.6,74.4,75.3,76.3,77.4,79.2,83.0,85.4,86.6,87.2,87.1,86.4
87.2,85.3,82.8,79.9,76.6,73.8,73.6,74.0,74.5,75.0,75.8,76.6,77.7,78.9,80.0,82.0,85.1,87.8,89.8,90.6,91.2,91.3,90.6,89.5,87.8,85.7,83.1,79.9,76.6,74.3,74.3,74.7,75.3,75.9,76.5,77.3,78.4,79.5,80.9,82.9,86.5,89.9,91.6,92.6,93.6,93.5,92.5,91.1,89.4,87.2,84.4,80.9,77.3,75.1,75.3,75.7,76.1,76.6,77.2,78.0,78.8,79.6,80.7,81.8,84.5,87.6,89.2,90.4,91.0,90.9,90.0,88.9,87.0,84.4,81.4,77.5,73.4,71.7,71.8,71.9,72.2,72.5,72.9,73.4,74.2,75.2,76.0,77.2,78.8,82.7,85.1,86.5,86.9,87.1
88.8,87.1,85.4,82.8,79.9,76.6,73.8,73.6,74.1,74.6,75.1,75.8,76.7,77.9,79.0,80.2,82.0,85.1,88.0,89.7,90.7,91.2,91.3,90.7,89.6,87.8,85.6,83.0,79.9,76.6,74.3,74.3,74.9,75.3,75.8,76.6,77.4,78.6,79.7,81.0,83.0,86.6,90.1,91.8,93.2,93.9,93.7,92.6,91.2,89.6,87.4,84.4,80.9,77.3,75.0,75.2,75.6,76.0,76.5,77.0,77.8,78.6,79.4,80.4,81.7,84.2,87.4,89.2,90.3,90.7,90.6,89.9,88.8,86.9,84.3,81.2,77.2,73.2,71.5,71.5,71.7,72.0,72.3,72.8,73.2,74.1,74.9,75.8,76.9,78.6,82.4,85.0,86.3,86.9
89.5,88.8,87.2,85.5,82.8,79.9,76.5,73.9,73.6,74.1,74.6,75.2,75.9,76.8,78.0,79.1,80.2,82.0,85.2,87.9,89.9,90.8,91.1,91.4,90.7,89.6,87.7,85.6,83.0,79.8,76.6,74.3,74.4,74.8,75.3,75.9,76.6,77.6,78.7,79.7,81.1,83.0,86.7,90.3,92.2,93.4,94.1,93.9,92.7,91.4,89.8,87.3,84.3,80.8,77.2,74.8,75.1,75.4,75.9,76.4,76.9,77.5,78.3,79.1,80.2,81.5,84.0,87.4,89.0,89.9,90.5,90.5,89.7,88.7,86.7,84.1,81.0,77.1,73.1,71.3,71.3,71.6,71.8,72.1,72.6,73.1,73.8,74.7,75.6,76.7,78.3,82.2,85.0,86.3
89.9,89.4,89.0,87.3,85.5,82.9,79.8,76.5,73.9,73.7,74.2,74.7,75.3,76.1,77.0,78.2,79.2,80.2,82.1,85.2,88.1,89.9,90.8,91.4,91.5,90.8,89.6,87.7,85.6,82.9,79.8,76.6,74.4,74.4,74.8,75.3,75.9,76.8,77.7,78.7,79.8,81.2,83.2,86.9,90.6,92.4,93.7,94.3,93.9,92.9,91.6,89.7,87.3,84.2,80.7,77.0,74.7,74.9,75.3,75.7,76.2,76.7,77.3,78.1,79.0,80.0,81.2,83.9,87.2,88.7,89.6,90.4,90.4,89.5,88.4,86.6,84.1,80.8,76.9,72.8,71.0,71.1,71.3,71.6,71.9,72.4,72.8,73.7,74.5,75.5,76.5,78.1,82.1,84.9
89.6,89.8,89.7,89.2,87.4,85.5,82.8,79.8,76.6,74.0,73.8,74.2,74.8,75.4,76.3,77.1,78.2,79.2,80.4,82.1,85.4,88.2,90.0,91.1,91.7,91.7,90.9,89.6,87.7,85.5,82.9,79.8,76.6,74.3,74.4,74.8,75.4,76.1,76.9,77.7,78.8,79.9,81.4,83.4,87.1,90.6,92.6,93.9,94.3,94.1,93.0,91.6,89.7,87.2,84.1,80.6,76.9,74.6,74.9,75.2,75.6,76.0,76.5,77.1,78.0,78.8,79.8,81.2,83.7,86.9,88.5,89.5,90.3,90.1,89.3,88.3,86.5,83.9,80.7,76.7,72.6,70.9,70.9,71.2,71.4,71.7,72.1,72.7,73.5,74.4,75.3,76.3,77.9,82.0
89.1,89.6,90.0,89.9,89.3,87.3,85.4,82.8,79.8,76.6,74.0,73.8,74.3,74.9,75.6,76.3,77.2,78.3,79.3,80.3,82.2,85.5,88.3,90.1,91.4,91.9,91.6,90.9,89.6,87.6,85.4,82.9,79.8,76.6,74.3,74.4,74.9,75.5,76.2,76.9,77.8,78.9,80.1,81.6,83.6,87.2,90.9,92.9,93.9,94.6,94.1,93.0,91.6,89.6,87.1,84.0,80.5,76.8,74.6,74.8,75.1,75.4,75.8,76.3,77.0,77.8,78.6,79.7,81.1,83.4,86.7,88.4,89.4,90.1,89.8,89.2,88.2,86.4,83.8,80.5,76.5,72.5,70.7,70.8,71.0,71.3,71.4,72.0,72.6,73.4,74.2,75.1,76.1,77.8
88.4,89.0,89.8,90.2,90.0,89.3,87.3,85.4,82.8,79.8,76.6,74.0,73.8,74.4,75.0,75.6,76.4,77.3,78.4,79.4,80.5,82.2,85.6,88.4,90.4,91.5,91.8,91.6,90.7,89.5,87.6,85.5,83.1,79.7,76.6,74.3,74.4,74.9,75.6,76.2,77.0,77.9,79.1,80.3,81.7,83.7,87.4,91.1,92.9,94.2,94.6,94.0,92.9,91.5,89.6,87.0,84.0,80.5,76.7,74.5,74.6,74.8,75.3,75.7,76.2,76.9,77.7,78.5,79.6,80.8,83.2,86.4,88.3,89.2,89.8,89.6,89.1,88.1,86.3,83.5,80.3,76.3,72.2,70.5,70.6,70.9,71.0,71.3,71.9,72.5,73.3,74.0,74.9,75.9
86.9,88.3,89.1,90.0,90.3,90.0,89.2,87.3,85.4,82.8,79.9,76.6,74.1,73.9,74.5,75.1,75.8,76.6,77.4,78.4,79.4,80.5,82.3,85.8,88.7,90.5,91.5,91.8,91.4,90.7,89.4,87.7,85.6,83.0,79.8,76.6,74.3,74.5,75.0,75.6,76.3,77.1,78.1,79.2,80.4,81.9,83.8,87.5,91.1,93.1,94.2,94.5,93.9,92.9,91.5,89.4,87.0,83.9,80.4,76.5,74.3,74.4,74.8,75.1,75.6,76.1,76.8,77.5,78.4,79.3,80.6,82.9,86.3,88.0,89.0,89.5,89.5,88.9,87.9,86.1,83.4,80.1,76.0,72.0,70.3,70.4,70.6,70.8,71.2,71.9,72.4,73.1,73.8,74.7
84.2,86.8,88.4,89.3,90.1,90.3,89.9,89.2,87.4,85.4,82.9,79.9,76.6,74.2,74.1,74.6,75.2,75.9,76.7,77.4,78.4,79.4,80.6,82.4,85.9,88.8,90.5,91.5,91.5,91.3,90.6,89.6,87.8,85.5,83.0,79.9,76.6,74.3,74.5,75.1,75.7,76.4,77.3,78.3,79.3,80.5,82.0,84.0,87.6,91.2,93.1,94.2,94.2,93.8,92.9,91.3,89.4,87.0,83.8,80.2,76.4,74.1,74.3,74.6,75.1,75.5,76.0,76.6,77.4,78.2,79.2,80.3,82.8,86.0,87.7,88.7,89.5,89.4,88.7,87.7,86.0,83.2,79.8,75.8,71.8,70.2,70.1,70.4,70.7,71.2,71.7,72.3,72.9,73.5
81.1,84.2,86.8,88.5,89.4,90.1,90.3,90.0,89.3,87.4,85.5,83.0,79.9,76.6,74.3,74.1,74.6,75.3,76.0,76.7,77.5,78.4,79.5,80.7,82.5,86.0,88.9,90.5,91.2,91.5,91.2,90.8,89.7,87.8,85.5,83.1,79.9,76.7,74.4,74.6,75.2,75.8,76.6,77.5,78.4,79.5,80.7,82.2,84.0,87.6,91.1,93.0,93.9,94.0,93.7,92.7,91.3,89.4,86.9,83.6,80.0,76.1,74.0,74.2,74.5,74.9,75.3,75.8,76.5,77.1,78.0,78.9,80.1,82.4,85.6,87.5,88.8,89.4,89.2,88.5,87.7,85.8,83.0,79.5,75.6,71.6,69.8,70.0,70.4,70.7,71.0,71.6,72.1,72.6
79.4,81.1,84.2,86.9,88.5,89.3,90.1,90.3,90.1,89.2,87.5,85.5,83.0,79.9,76.7,74.3,74.1,74.8,75.4,76.0,76.7,77.5,78.4,79.5,80.8,82.7,86.0,88.8,90.3,91.1,91.2,91.4,91.0,89.6,87.8,85.6,83.2,80.0,76.7,74.4,74.6,75.3,76.0,76.8,77.5,78.5,79.6,80.8,82.2,84.1,87.6,91.0,92.8,93.7,94.0,93.5,92.7,91.2,89.4,86.7,83.4,79.7,76.0,74.0,74.1,74.4,74.8,75.2,75.7,76.3,77.0,77.8,78.7,79.8,82.0,85.4,87.4,88.7,89.3,89.2,88.4,87.4,85.5,82.8,79.4,75.5,71.3,69.7,69.9,70.3,70.5,70.9,71.4,71.8
78.3,79.4,81.1,84.2,86.9,88.5,89.4,90.2,90.4,90.0,89.4,87.6,85.5,83.0,80.0,76.6,74.3,74.2,74.9,75.4,76.0,76.7,77.5,78.5,79.6,80.8,82.6,86.0,88.7,90.1,90.8,91.3,91.6,90.9,89.6,87.8,85.7,83.3,80.0,76.7,74.4,74.8,75.5,76.2,76.8,77.6,78.7,79.7,80.8,82.3,84.2,87.4,90.8,92.5,93.6,93.8,93.5,92.7,91.2,89.1,86.4,83.2,79.5,75.8,73.9,74.0,74.3,74.7,75.1,75.6,76.2,76.7,77.6,78.3,79.4,81.7,85.3,87.3,88.5,89.2,89.1,88.2,87.1,85.3,82.7,79.2,75.2,71.1,69.7,69.9,70.2,70.4,70.6,71.1
77.2,78.2,79.4,81.1,84.2,87.0,88.6,89.4,90.1,90.5,90.1,89.4,87.6,85.6,83.0,79.9,76.6,74.4,74.4,74.9,75.4,76.0,76.7,77.6,78.6,79.6,80.7,82.6,85.8,88.5,89.9,90.9,91.7,91.6,90.8,89.6,88.1,85.8,83.3,80.1,76.7,74.6,74.9,75.6,76.2,77.0,77.8,78.7,79.7,80.9,82.3,84.1,87.3,90.4,92.2,93.4,93.7,93.5,92.7,91.0,88.8,86.2,83.0,79.4,75.7,73.7,73.9,74.1,74.6,74.9,75.4,75.9,76.5,77.2,78.0,79.2,81.5,85.0,87.1,88.4,89.1,88.9,88.0,87.0,85.2,82.6,79.0,75.0,71.0,69.6,69.8,70.1,70.1,70.3
76.3,77.2,78.3,79.4,81.1,84.2,87.0,88.6,89.3,90.2,90.7,90.2,89.5,87.6,85.6,82.9,79.8,76.7,74.5,74.3,74.9,75.3,76.0,76.8,77.6,78.6,79.5,80.7,82.4,85.6,88.3,90.0,91.2,91.6,91.6,90.9,89.8,88.2,85.9,83.4,80.2,76.8,74.7,75.0,75.7,76.3,77.0,77.8,78.7,79.7,81.0,82.3,83.9,86.9,90.2,92.1,93.3,93.6,93.5,92.4,90.7,88.6,86.0,82.8,79.3,75.6,73.6,73.7,74.0,74.4,74.8,75.2,75.7,76.2,76.9,77.8,79.1,81.2,84.8,86.9,88.3,89.0,88.7,87.9,86.8,85.1,82.4,78.8,74.9,70.9,69.5,69.6,69.8,69.8
