day 0,day 1,day 2,day 3,day 4,day 5,day 6,day 7,day 8,day 9,day 10,day 11,day 12,day 13,day 14,day 15,day 16,day 17,day 18,day 19,day 20,day 21,day 22,day 23,day 24,day 25,day 26,day 27,day 28,day 29,day 30,day 31,day 32,day 33,day 34,day 35,day 36,day 37,day 38,day 39,day 40,day 41,day 42,day 43,day 44,day 45,day 46,day 47,day 48,day 49,day 50,day 51,day 52,day 53,day 54,day 55,day 56,day 57,day 58,day 59,day 60,day 61,day 62,day 63,day 64,day 65,day 66,day 67,day 68,day 69,day 70,day 71,day 72,day 73,day 74,day 75,day 76,day 77,day 78,day 79,day 80,day 81,day 82,day 83,day 84,day 85,day 86,day 87,day 88,day 89,day 90
70.3,70.7,71.3,72.3,73.5,75.5,78.2,80.2,81.0,81.0,80.4,79.4,78.0,75.7,72.6,68.6,64.1,60.8,60.4,60.5,60.6,60.6,60.8,60.8,60.9,61.2,61.7,62.2,63.5,65.3,68.8,72.0,72.9,73.2,72.2,70.9,69.0,66.3,62.7,58.1,53.1,50.0,49.8,49.9,49.8,49.7,49.8,50.3,51.1,51.7,52.2,53.3,54.7,56.5,59.2,62.6,64.1,64.3,63.3,61.7,59.8,57.1,53.5,49.0,45.0,43.4,43.8,44.4,44.6,45.3,46.0,46.6,46.6,47.1,47.9,48.8,49.9,51.7,54.5,57.4,59.0,59.3,58.8,57.3,55.4,52.6,49.0,45.4,42.9,42.7,43.2
69.5,69.8,70.3,70.8,71.9,73.2,75.1,77.9,80.0,80.6,80.7,80.3,79.2,77.7,75.2,72.2,68.2,63.8,60.5,60.1,60.0,60.1,60.1,60.1,60.2,60.2,60.5,61.0,61.6,63.2,65.1,68.4,71.5,72.7,72.7,71.8,70.5,68.6,65.8,62.4,57.8,52.8,49.5,49.3,49.2,49.0,49.1,49.5,50.2,50.7,51.2,52.1,53.1,54.2,56.1,58.8,62.2,63.9,63.9,62.9,61.5,59.6,57.1,53.4,49.1,45.0,43.5,43.9,44.3,44.8,45.4,46.1,46.0,46.1,47.1,47.6,48.5,49.7,51.6,54.3,57.1,59.0,59.2,58.6,57.2,55.3,52.6,49.1,45.8,43.2,42.8
68.8,69.0,69.3,69.8,70.5,71.7,72.8,74.9,77.6,79.5,80.5,80.6,80.1,78.9,77.1,74.8,71.9,68.0,63.4,60.2,59.6,59.5,59.5,59.4,59.4,59.4,59.4,59.7,60.4,61.4,63.0,64.7,67.9,71.2,72.3,72.3,71.3,70.1,68.1,65.6,62.1,57.4,52.1,49.0,48.6,48.4,48.4,49.0,49.4,49.8,50.2,51.1,51.9,52.7,53.9,55.7,58.4,62.0,63.5,63.5,62.8,61.4,59.6,57.0,53.5,49.0,45.0,43.4,43.8,44.5,44.8,45.5,45.5,45.5,46.1,46.7,47.2,48.3,49.7,51.5,54.0,57.1,58.9,59.1,58.5,57.1,55.2,52.7,49.6,46.3,43.2
68.1,68.4,68.6,68.8,69.5,70.3,71.2,72.6,74.6,77.1,79.4,80.2,80.5,79.8,78.4,76.8,74.6,71.6,67.5,63.1,59.7,59.0,58.9,58.8,58.7,58.7,58.6,58.7,59.2,60.1,61.1,62.5,64.1,67.6,70.8,72.0,72.0,70.9,69.6,67.8,65.2,61.6,56.9,51.7,48.2,47.9,47.9,48.3,48.9,49.0,49.3,50.0,50.9,51.4,52.3,53.4,55.3,58.3,61.7,63.1,63.3,62.6,61.4,59.6,57.2,53.4,48.9,44.9,43.4,44.0,44.5,44.9,44.9,45.1,45.5,45.8,46.4,47.0,48.4,49.6,51.2,54.0,57.0,58.8,59.0,58.4,57.0,55.3,53.3,50.1,46.2
67.5,67.7,67.9,68.1,68.5,69.2,69.9,70.9,72.4,74.2,76.9,79.1,80.1,80.2,79.3,78.1,76.5,74.4,71.2,67.1,62.6,59.2,58.5,58.2,58.1,57.9,57.8,57.9,58.2,58.9,59.9,60.7,61.8,63.8,67.2,70.5,71.7,71.6,70.5,69.5,67.5,64.8,61.2,56.5,50.9,47.5,47.4,47.8,48.1,48.5,48.5,49.2,49.8,50.4,51.0,51.9,53.2,55.3,57.9,61.3,63.0,63.1,62.6,61.5,59.7,57.0,53.3,48.8,44.7,43.6,44.1,44.6,44.4,44.5,45.1,45.2,45.6,46.2,47.0,48.3,49.3,51.2,54.0,56.9,58.7,58.8,58.3,57.2,55.9,53.7,50.0
67.0,67.1,67.2,67.4,67.7,68.1,68.7,69.6,70.6,72.0,74.0,76.7,79.0,79.9,79.8,78.9,77.8,76.3,74.0,70.8,66.6,62.1,58.5,57.7,57.5,57.2,57.1,57.1,57.4,57.9,58.6,59.4,60.1,61.5,63.4,66.8,70.2,71.2,71.1,70.2,69.1,67.0,64.4,60.9,55.9,50.3,47.1,47.3,47.6,47.8,48.0,48.4,49.0,49.4,50.0,50.6,51.6,53.1,54.9,57.6,61.1,62.8,63.1,62.6,61.6,59.6,56.9,53.2,48.6,44.9,43.7,44.2,44.0,44.1,44.6,44.8,45.1,45.4,46.3,46.9,47.9,49.2,51.2,53.9,56.8,58.5,58.7,58.5,57.8,56.2,53.5
66.5,66.6,66.7,66.7,67.0,67.4,67.6,68.4,69.3,70.3,71.8,73.7,76.5,78.8,79.5,79.4,78.7,77.6,76.0,73.5,70.3,66.2,61.5,57.8,57.0,56.7,56.4,56.4,56.6,57.2,57.6,58.3,58.8,59.8,61.2,62.9,66.5,69.6,70.8,70.9,69.9,68.6,66.8,64.2,60.4,55.2,49.7,47.0,47.2,47.3,47.3,47.8,48.2,48.5,49.0,49.6,50.4,51.6,52.8,54.6,57.6,60.9,62.8,63.1,62.7,61.5,59.4,56.8,52.9,48.6,44.8,43.8,43.6,43.7,44.2,44.3,44.6,44.9,45.4,46.0,46.5,47.9,49.4,51.1,53.8,56.7,58.4,59.0,59.1,58.1,56.0
66.9,66.1,66.1,66.2,66.2,66.7,66.9,67.3,68.1,69.0,70.1,71.6,73.5,76.2,78.3,79.2,79.2,78.4,77.4,75.6,73.1,70.0,65.6,60.8,57.0,56.1,55.9,55.7,56.0,56.4,56.8,57.1,57.7,58.4,59.6,60.6,62.6,66.0,69.2,70.5,70.5,69.5,68.4,66.6,63.7,59.7,54.6,49.4,46.8,46.9,46.8,47.1,47.7,47.7,48.0,48.6,49.5,50.3,51.2,52.5,54.6,57.3,60.9,62.7,63.3,62.6,61.3,59.4,56.6,52.8,48.4,44.9,43.2,43.3,43.7,43.9,44.1,44.4,44.8,45.2,45.6,46.6,48.1,49.2,50.9,53.7,56.6,58.7,59.5,59.3,57.8
69.8,66.5,65.6,65.6,65.8,65.9,66.2,66.6,67.0,67.9,68.8,69.8,71.3,73.1,75.7,78.0,79.0,79.0,78.1,76.9,75.1,72.7,69.4,65.1,60.1,56.1,55.4,55.1,55.3,55.7,56.0,56.3,56.6,57.3,58.2,59.1,60.1,62.2,65.6,68.9,70.2,70.0,69.3,68.2,66.1,63.1,59.1,54.2,49.1,46.6,46.4,46.7,47.0,47.2,47.2,47.6,48.5,49.4,49.9,50.9,52.5,54.4,57.3,60.9,62.8,63.1,62.4,61.3,59.2,56.4,52.5,48.3,44.3,43.1,43.4,43.5,43.7,44.0,44.3,44.6,44.8,45.7,46.7,47.9,49.0,50.9,53.7,56.9,59.2,59.7,59.0
73.2,69.4,66.0,65.0,65.2,65.5,65.4,65.9,66.3,66.8,67.7,68.5,69.4,70.9,72.5,75.3,77.8,78.7,78.6,77.7,76.4,74.8,72.3,69.0,64.6,59.4,55.3,54.6,54.8,55.0,55.4,55.4,55.8,56.2,57.0,57.7,58.7,59.8,61.8,65.3,68.6,69.7,69.8,69.1,67.7,65.4,62.4,58.7,53.8,48.8,46.1,46.3,46.5,46.5,46.7,46.8,47.5,48.5,49.1,49.7,50.8,52.2,54.3,57.2,61.0,62.6,62.9,62.4,61.1,59.0,56.0,52.3,47.7,44.0,43.1,43.2,43.3,43.6,43.9,44.1,44.2,44.8,45.8,46.5,47.7,49.0,50.9,54.0,57.4,59.4,59.4
76.3,72.9,69.0,65.4,64.6,64.8,65.0,65.1,65.7,66.1,66.6,67.4,68.2,69.1,70.3,72.1,75.0,77.5,78.4,78.2,77.3,76.2,74.3,71.8,68.5,64.0,58.7,54.6,54.2,54.6,54.7,54.9,54.9,55.4,55.9,56.6,57.3,58.5,59.5,61.6,65.0,68.1,69.5,69.7,68.7,67.0,64.7,62.0,58.1,53.4,48.2,46.1,46.1,46.0,46.0,46.4,46.7,47.5,48.1,48.9,49.6,50.6,52.1,54.2,57.4,60.8,62.5,62.8,62.2,60.9,58.6,55.8,51.6,47.3,44.1,42.9,43.0,43.2,43.6,43.7,43.6,44.2,44.9,45.5,46.3,47.7,49.0,51.1,54.6,57.6,59.2
78.7,76.0,72.7,68.5,65.0,64.3,64.3,64.7,64.9,65.4,65.9,66.3,67.1,67.8,68.4,70.0,71.8,74.7,77.1,77.8,77.7,77.0,75.8,73.9,71.5,68.0,63.3,57.9,54.2,53.9,54.2,54.2,54.4,54.5,55.1,55.5,56.2,57.1,58.3,59.3,61.3,64.5,67.8,69.3,69.3,67.9,66.3,64.3,61.3,57.7,52.9,48.1,45.8,45.5,45.5,45.7,46.3,46.7,47.2,48.0,48.8,49.3,50.4,52.1,54.3,57.4,60.7,62.4,62.6,61.9,60.5,58.3,55.1,51.1,47.3,43.8,42.8,43.0,43.1,43.2,43.3,43.7,44.3,44.7,45.4,46.4,47.6,49.2,51.7,54.7,57.4
80.5,78.4,75.8,72.3,68.1,64.6,63.8,64.0,64.4,64.7,65.2,65.6,66.0,66.7,67.2,68.0,69.8,71.5,74.2,76.6,77.3,77.4,76.6,75.3,73.7,71.0,67.4,62.6,57.5,53.9,53.6,53.7,53.7,54.0,54.2,54.6,55.1,56.1,56.9,58.0,59.1,60.8,64.2,67.6,68.9,68.6,67.3,65.8,63.6,60.9,57.3,52.6,47.8,45.3,44.9,45.2,45.6,46.2,46.4,47.1,47.7,48.5,49.2,50.4,52.2,54.3,57.2,60.5,62.3,62.4,61.6,60.0,57.6,54.7,51.1,47.0,43.6,42.7,42.9,42.8,42.9,43.3,43.8,44.1,44.5,45.5,46.4,47.9,49.9,52.0,54.6
81.8,80.3,78.3,75.6,72.0,67.7,64.1,63.6,63.8,64.2,64.5,64.9,65.2,65.6,66.1,66.8,67.8,69.4,71.0,73.7,76.1,77.1,77.1,76.2,75.1,73.1,70.3,66.8,62.2,57.2,53.5,53.0,53.2,53.3,53.7,53.6,54.2,55.0,55.8,56.6,57.8,58.6,60.5,63.9,67.1,68.3,67.9,66.8,65.0,63.2,60.5,57.0,52.2,47.3,44.7,44.7,45.2,45.4,45.9,46.3,46.8,47.4,48.4,49.2,50.5,52.1,54.1,57.0,60.4,62.0,62.0,61.1,59.4,57.3,54.7,50.9,46.8,43.5,42.7,42.5,42.4,42.9,43.4,43.5,44.0,44.6,45.5,46.8,48.6,50.2,52.0
82.7,81.6,80.1,78.1,75.3,71.6,67.3,63.8,63.4,63.6,64.0,64.2,64.5,64.9,65.0,65.7,66.6,67.5,69.0,70.4,73.1,75.8,76.8,76.6,75.9,74.6,72.4,69.8,66.4,61.9,56.8,52.9,52.5,52.8,53.0,53.1,53.3,54.1,54.7,55.6,56.4,57.3,58.3,60.3,63.4,66.5,67.7,67.4,66.1,64.7,62.9,60.2,56.6,51.8,46.6,44.4,44.6,45.1,45.2,45.8,46.2,46.6,47.3,48.3,49.3,50.4,51.9,53.9,57.0,60.2,61.7,61.5,60.4,59.1,57.3,54.4,50.6,46.6,43.5,42.3,42.2,42.4,42.9,43.1,43.4,44.1,44.7,45.9,47.4,48.9,50.3
83.1,82.5,81.4,80.0,77.9,74.9,71.3,66.9,63.6,63.2,63.4,63.7,63.8,64.2,64.3,64.6,65.4,66.4,67.1,68.5,69.8,72.7,75.4,76.3,76.4,75.4,73.9,71.9,69.4,66.2,61.5,56.2,52.4,52.1,52.5,52.4,52.7,53.2,53.9,54.4,55.3,55.9,57.0,57.9,59.6,62.7,65.9,67.2,66.7,65.8,64.4,62.5,59.9,56.2,51.2,46.3,44.4,44.5,44.9,45.1,45.6,45.9,46.5,47.3,48.4,49.3,50.2,51.6,53.8,56.9,59.9,61.2,60.9,60.3,59.0,56.9,54.2,50.3,46.5,43.1,42.0,42.2,42.5,42.6,43.0,43.5,44.1,45.0,46.5,47.7,49.1
82.7,82.9,82.3,81.3,79.8,77.5,74.7,71.0,66.6,63.4,62.9,63.1,63.3,63.5,63.6,63.9,64.3,65.2,66.1,66.6,68.0,69.4,72.3,75.0,76.0,75.9,74.7,73.4,71.6,69.2,65.7,61.0,55.6,52.0,51.8,51.9,52.0,52.6,53.0,53.6,54.2,54.9,55.6,56.6,57.2,59.0,62.1,65.4,66.5,66.4,65.6,64.1,62.2,59.6,55.7,50.7,46.3,44.3,44.3,44.8,45.0,45.3,45.8,46.4,47.4,48.3,49.1,50.0,51.7,53.8,56.6,59.4,60.6,60.7,60.2,58.7,56.8,53.9,50.2,46.0,42.8,42.0,42.2,42.1,42.4,43.1,43.5,44.5,45.7,46.7,47.9
81.6,82.5,82.7,82.1,81.1,79.4,77.3,74.5,70.7,66.4,63.2,62.6,62.7,63.0,62.9,63.2,63.7,64.1,64.9,65.5,66.0,67.5,68.7,71.8,74.7,75.5,75.2,74.2,73.1,71.4,68.8,65.2,60.5,55.2,51.6,51.2,51.5,51.9,52.4,52.8,53.4,53.8,54.6,55.2,55.9,56.6,58.5,61.6,64.7,66.2,66.2,65.2,63.8,62.0,59.1,55.2,50.6,46.1,44.1,44.2,44.6,44.6,45.2,45.9,46.6,47.4,48.2,48.9,50.1,51.7,53.6,56.1,58.8,60.4,60.6,59.7,58.5,56.4,53.7,49.7,45.8,42.7,42.0,41.9,41.9,42.5,43.1,43.9,45.1,45.9,46.9
79.6,81.4,82.3,82.5,81.9,80.7,79.3,77.1,74.1,70.4,66.1,62.9,62.3,62.4,62.5,62.4,62.9,63.4,63.8,64.4,64.9,65.5,66.8,68.2,71.4,74.2,74.8,74.7,73.9,72.9,71.1,68.3,64.8,60.0,54.7,50.9,50.9,51.4,51.8,52.2,52.6,52.9,53.4,54.2,54.5,55.3,56.1,58.1,61.0,64.4,65.9,65.8,65.0,63.6,61.5,58.6,55.0,50.3,45.7,44.0,44.0,44.3,44.5,45.2,46.0,46.5,47.2,48.0,49.0,50.1,51.6,53.3,55.5,58.6,60.2,60.2,59.6,58.2,56.2,53.3,49.5,45.7,42.7,41.7,41.7,42.2,42.6,43.5,44.5,45.2,46.1
76.8,79.4,81.2,82.1,82.3,81.5,80.5,79.0,76.7,73.9,70.1,65.9,62.5,61.9,61.8,62.0,62.1,62.6,63.1,63.3,63.8,64.4,64.8,66.2,67.7,70.8,73.5,74.3,74.4,73.7,72.6,70.6,68.0,64.4,59.6,54.1,50.6,50.8,51.3,51.5,52.0,52.1,52.5,52.9,53.4,53.9,54.7,55.9,57.5,60.6,64.1,65.5,65.5,64.8,63.1,61.1,58.4,54.7,49.9,45.6,43.8,43.6,44.2,44.6,45.3,46.0,46.4,47.0,48.1,49.0,50.1,51.2,52.6,55.5,58.5,59.8,60.0,59.3,57.9,55.9,53.2,49.4,45.7,42.3,41.5,42.0,42.2,42.9,44.1,44.6,45.4
74.5,76.5,79.1,81.0,81.8,81.9,81.3,80.2,78.7,76.4,73.6,69.9,65.5,62.2,61.4,61.4,61.7,61.9,62.3,62.5,62.7,63.3,63.7,64.3,65.6,67.1,70.1,73.0,74.0,74.1,73.4,72.1,70.3,67.5,63.9,59.0,53.7,50.6,50.7,51.1,51.4,51.6,51.7,51.9,52.2,52.9,53.4,54.5,55.4,57.1,60.3,63.7,65.2,65.3,64.4,62.7,60.9,58.1,54.2,49.7,45.4,43.4,43.6,44.3,44.6,45.4,46.0,46.3,47.1,48.1,48.9,49.6,50.6,52.5,55.3,58.0,59.6,59.7,59.1,57.7,55.8,53.1,49.4,45.4,42.0,41.8,42.1,42.7,43.5,44.2,44.9
73.1,74.2,76.2,78.9,80.7,81.4,81.6,81.0,79.8,78.4,76.3,73.4,69.6,65.1,61.6,60.9,61.1,61.4,61.6,61.9,62.0,62.2,62.6,63.1,63.6,64.9,66.3,69.5,72.7,73.8,73.8,72.9,71.9,69.8,67.1,63.4,58.7,53.6,50.5,50.5,50.9,50.9,51.2,51.1,51.2,51.7,52.4,53.2,53.9,55.0,57.0,59.9,63.4,65.0,64.9,64.0,62.5,60.5,57.6,53.9,49.4,45.0,43.3,43.7,44.3,44.6,45.4,45.8,46.5,47.2,48.0,48.4,49.1,50.5,52.3,54.9,57.8,59.4,59.6,58.9,57.6,55.8,53.0,49.1,45.1,42.3,41.9,42.6,43.2,43.6,44.4
71.7,72.7,73.8,75.8,78.6,80.4,81.2,81.4,80.6,79.7,78.2,76.0,73.1,69.1,64.6,61.1,60.6,60.8,61.0,61.1,61.4,61.5,61.6,61.9,62.5,62.9,64.1,65.6,69.1,72.4,73.4,73.3,72.7,71.4,69.4,66.6,63.1,58.4,53.4,50.3,50.3,50.4,50.5,50.6,50.3,50.6,51.3,52.2,52.7,53.5,54.8,56.8,59.6,63.1,64.5,64.5,63.8,62.1,60.1,57.3,53.7,49.1,44.9,43.4,43.7,44.4,44.7,45.2,45.9,46.5,47.2,47.6,47.9,49.1,50.3,52.0,54.7,57.6,59.3,59.3,58.8,57.5,55.6,52.8,48.9,45.3,42.4,42.4,43.0,43.3,43.8
70.7,71.3,72.3,73.5,75.5,78.2,80.2,81.0,81.0,80.4,79.4,78.0,75.7,72.6,68.6,64.1,60.8,60.4,60.5,60.6,60.6,60.8,60.8,60.9,61.2,61.7,62.2,63.5,65.3,68.8,72.0,72.9,73.2,72.2,70.9,69.0,66.3,62.7,58.1,53.1,50.0,49.8,49.9,49.8,49.7,49.8,50.3,51.1,51.7,52.2,53.3,54.7,56.5,59.2,62.6,64.1,64.3,63.3,61.7,59.8,57.1,53.5,49.0,45.0,43.4,43.8,44.4,44.6,45.3,46.0,46.6,46.6,47.1,47.9,48.8,49.9,51.7,54.5,57.4,59.0,59.3,58.8,57.3,55.4,52.6,49.0,45.4,42.9,42.7,43.2,43.5
69.8,70.3,70.8,71.9,73.2,75.1,77.9,80.0,80.6,80.7,80.3,79.2,77.7,75.2,72.2,68.2,63.8,60.5,60.1,60.0,60.1,60.1,60.1,60.2,60.2,60.5,61.0,61.6,63.2,65.1,68.4,71.5,72.7,72.7,71.8,70.5,68.6,65.8,62.4,57.8,52.8,49.5,49.3,49.2,49.0,49.1,49.5,50.2,50.7,51.2,52.1,53.1,54.2,56.1,58.8,62.2,63.9,63.9,62.9,61.5,59.6,57.1,53.4,49.1,45.0,43.5,43.9,44.3,44.8,45.4,46.1,46.0,46.1,47.1,47.6,48.5,49.7,51.6,54.3,57.1,59.0,59.2,58.6,57.2,55.3,52.6,49.1,45.8,43.2,42.8,43.3
