day 0,day 1,day 2,day 3,day 4,day 5,day 6,day 7,day 8,day 9,day 10,day 11,day 12,day 13,day 14,day 15,day 16,day 17,day 18,day 19,day 20,day 21,day 22,day 23,day 24,day 25,day 26,day 27,day 28,day 29,day 30,day 31,day 32,day 33,day 34,day 35,day 36,day 37,day 38,day 39,day 40,day 41,day 42,day 43,day 44,day 45,day 46,day 47,day 48,day 49,day 50,day 51,day 52,day 53,day 54,day 55,day 56,day 57,day 58,day 59,day 60,day 61,day 62,day 63,day 64,day 65,day 66,day 67,day 68,day 69,day 70,day 71,day 72,day 73,day 74,day 75,day 76,day 77,day 78,day 79,day 80,day 81,day 82,day 83,day 84,day 85,day 86,day 87,day 88
43.8,44.3,44.8,45.4,46.4,48.1,49.9,51.5,53.5,54.4,42.9,43.7,44.9,46.3,47.8,49.9,51.9,53.9,56.2,57.1,56.9,56.1,54.9,53.1,50.9,47.8,44.2,42.2,42.1,42.3,43.1,44.0,45.0,46.1,47.2,48.3,49.4,50.5,52.1,54.3,56.4,58.5,60.6,61.0,60.6,59.8,58.5,56.8,54.6,51.8,48.4,45.7,46.0,46.6,47.5,47.9,48.7,49.7,50.4,51.2,52.3,53.7,55.7,57.6,59.3,61.4,62.8,63.0,62.8,61.9,60.6,59.2,57.5,55.4,52.7,49.9,49.4,50.5,51.4,52.6,54.0,55.5,56.8,58.1,59.9,61.7,64.0,66.4,68.6
43.0,43.5,44.0,44.5,45.3,46.4,48.2,50.0,51.6,53.6,42.1,43.0,44.1,45.2,46.6,48.0,50.1,52.3,54.3,56.5,57.3,57.1,56.2,54.9,53.2,50.9,47.7,44.3,42.2,42.1,42.7,43.4,44.2,45.3,46.4,47.4,48.4,49.4,50.6,52.3,54.6,56.7,58.9,60.9,61.2,61.0,60.0,58.7,57.0,54.6,52.0,48.6,46.0,46.2,46.8,47.3,47.8,48.8,49.5,50.2,51.0,52.4,53.9,55.7,57.7,59.5,61.6,62.9,63.2,63.1,62.2,61.1,59.6,57.9,56.0,53.2,50.4,50.0,50.9,51.8,53.1,54.6,55.7,57.1,58.4,60.3,62.0,64.5,66.8
42.4,42.7,43.2,43.8,44.4,45.4,46.5,48.4,50.1,51.7,41.4,42.2,43.3,44.4,45.5,46.8,48.2,50.3,52.7,54.6,56.7,57.6,57.3,56.3,55.0,53.1,50.8,47.8,44.4,42.1,42.4,43.0,43.5,44.5,45.5,46.6,47.4,48.5,49.5,50.8,52.6,54.8,57.1,59.2,61.0,61.6,61.2,60.2,58.9,57.0,54.8,52.3,48.9,46.2,46.4,46.7,47.2,47.8,48.6,49.3,50.0,51.0,52.5,53.9,55.8,57.9,59.7,61.7,63.0,63.5,63.5,62.6,61.4,60.0,58.5,56.5,53.8,51.0,50.3,51.3,52.3,53.7,54.7,56.0,57.4,58.8,60.6,62.5,64.8
41.8,42.0,42.4,43.0,43.7,44.4,45.4,46.6,48.4,50.1,40.7,41.6,42.5,43.6,44.7,45.7,47.0,48.5,50.7,53.0,54.8,57.0,57.7,57.3,56.4,54.9,53.0,50.8,48.0,44.5,42.4,42.7,43.1,43.8,44.7,45.7,46.6,47.5,48.5,49.7,51.1,52.8,55.2,57.4,59.4,61.4,61.8,61.4,60.4,58.9,57.2,55.0,52.6,49.2,46.5,46.3,46.6,47.3,47.6,48.3,49.1,50.0,51.3,52.6,54.0,56.0,58.2,59.8,61.8,63.4,64.0,63.9,62.9,61.8,60.6,59.0,57.0,54.3,51.4,50.7,51.8,52.8,53.8,55.0,56.3,57.7,59.2,61.0,62.8
41.4,41.5,41.7,42.2,42.9,43.7,44.4,45.6,46.6,48.4,40.2,40.9,41.8,42.8,43.9,44.9,46.0,47.2,48.9,51.0,53.2,55.1,57.1,57.8,57.4,56.3,54.8,53.1,51.0,48.0,44.7,42.7,42.9,43.4,44.0,44.9,45.8,46.7,47.5,48.6,49.9,51.3,53.2,55.5,57.7,59.8,61.6,62.1,61.6,60.5,59.1,57.5,55.3,52.8,49.4,46.4,46.1,46.6,47.1,47.4,48.1,49.1,50.2,51.4,52.7,54.1,56.3,58.3,59.9,62.2,63.9,64.4,64.2,63.3,62.4,61.1,59.6,57.5,54.7,51.9,51.2,52.3,52.9,54.1,55.3,56.6,58.0,59.6,61.3
41.0,41.0,41.1,41.4,42.1,42.9,43.6,44.5,45.5,46.6,39.9,40.3,41.2,42.2,43.1,44.0,45.1,46.2,47.6,49.1,51.2,53.4,55.2,57.2,57.8,57.3,56.1,54.9,53.3,51.2,48.3,45.0,42.8,43.1,43.6,44.2,45.0,45.9,46.7,47.7,48.8,50.1,51.7,53.5,55.7,58.0,60.0,61.9,62.3,61.7,60.7,59.4,57.7,55.5,53.0,49.3,46.3,46.2,46.4,46.8,47.2,48.1,49.3,50.3,51.5,52.8,54.4,56.4,58.4,60.3,62.7,64.3,64.8,64.7,63.9,62.9,61.7,60.0,58.0,55.3,52.4,51.6,52.4,53.2,54.4,55.5,57.0,58.5,59.8
40.8,40.6,40.8,40.9,41.3,42.1,42.9,43.7,44.4,45.4,39.6,40.0,40.6,41.5,42.5,43.2,44.2,45.3,46.6,47.9,49.3,51.4,53.5,55.3,57.3,57.8,57.2,56.2,55.1,53.3,51.3,48.6,45.2,43.1,43.4,43.8,44.2,45.0,45.9,46.8,47.8,49.0,50.5,52.0,53.8,56.1,58.2,60.3,62.1,62.4,61.9,60.9,59.6,57.9,55.6,52.8,49.2,46.3,46.0,46.2,46.5,47.1,48.3,49.4,50.5,51.6,53.2,54.6,56.6,58.8,60.8,63.1,64.6,65.3,65.2,64.4,63.5,62.1,60.5,58.5,55.8,53.0,51.8,52.7,53.6,54.6,55.9,57.4,58.6
40.8,40.5,40.3,40.5,40.7,41.4,42.1,43.0,43.6,44.3,39.7,39.7,40.2,40.9,41.7,42.5,43.4,44.5,45.7,46.8,48.0,49.6,51.5,53.6,55.4,57.3,57.7,57.3,56.4,55.1,53.5,51.6,48.8,45.5,43.3,43.6,43.9,44.3,45.1,46.0,46.9,48.1,49.3,50.8,52.3,54.0,56.3,58.4,60.6,62.2,62.6,62.1,61.2,59.8,58.0,55.5,52.7,49.3,46.2,45.7,45.9,46.5,47.3,48.4,49.5,50.6,52.0,53.3,54.7,56.9,59.3,61.1,63.5,65.1,65.8,65.7,64.9,64.0,62.7,61.1,59.0,56.4,53.2,52.1,53.1,53.8,54.9,56.2,57.6
42.7,40.4,40.2,40.0,40.3,40.8,41.4,42.2,42.9,43.5,41.6,39.9,40.1,40.6,41.1,41.7,42.7,43.7,44.8,45.9,47.0,48.3,49.7,51.7,53.7,55.4,57.2,57.8,57.5,56.5,55.3,53.8,51.8,49.1,45.8,43.5,43.6,43.9,44.3,45.1,46.1,47.2,48.4,49.7,51.0,52.4,54.1,56.5,58.7,60.7,62.4,62.8,62.4,61.4,59.8,57.8,55.4,52.7,49.2,46.0,45.4,45.9,46.7,47.5,48.6,49.6,50.9,52.1,53.5,55.0,57.4,59.6,61.5,64.1,65.7,66.3,66.2,65.3,64.5,63.3,61.6,59.6,56.7,53.6,52.5,53.3,54.1,55.2,56.4
45.8,42.4,40.2,39.9,39.8,40.3,40.8,41.5,42.1,42.8,45.1,41.8,40.2,40.4,40.8,41.1,42.0,43.0,44.0,45.0,46.1,47.3,48.4,49.9,51.8,53.7,55.4,57.4,58.0,57.6,56.7,55.5,54.0,52.1,49.3,46.0,43.5,43.7,44.0,44.4,45.3,46.3,47.5,48.7,49.9,51.2,52.7,54.4,56.7,58.8,60.9,62.7,63.1,62.6,61.4,59.7,57.7,55.4,52.6,49.0,45.8,45.4,46.0,46.9,47.6,48.7,49.9,51.0,52.2,53.7,55.5,57.7,59.9,62.1,64.6,66.1,66.8,66.6,65.9,65.1,63.8,62.1,59.9,57.0,54.1,52.7,53.5,54.4,55.4
48.4,45.6,42.1,39.9,39.6,39.9,40.3,40.8,41.3,42.0,48.1,45.4,42.1,40.5,40.6,40.8,41.4,42.2,43.3,44.2,45.1,46.3,47.4,48.6,50.0,51.9,53.7,55.5,57.6,58.2,57.8,56.9,55.7,54.3,52.4,49.5,46.1,43.6,43.8,44.0,44.5,45.5,46.6,47.8,48.9,50.0,51.4,52.9,54.5,56.8,59.0,61.2,63.0,63.3,62.6,61.2,59.6,57.7,55.2,52.4,48.9,45.8,45.6,46.2,46.9,47.8,49.0,50.1,51.2,52.4,54.2,55.8,58.0,60.5,62.7,65.1,66.6,67.2,67.2,66.5,65.7,64.4,62.4,60.2,57.4,54.3,53.0,53.9,54.6
50.4,48.2,45.3,41.8,39.6,39.7,39.9,40.4,40.7,41.3,50.4,48.4,45.7,42.4,40.7,40.6,41.0,41.6,42.5,43.4,44.3,45.3,46.5,47.7,48.7,50.1,51.8,53.8,55.7,57.8,58.4,58.1,57.1,56.0,54.5,52.5,49.6,46.2,43.6,43.8,44.1,44.7,45.8,46.9,48.1,49.1,50.2,51.6,53.0,54.6,57.1,59.3,61.6,63.2,63.3,62.4,61.2,59.5,57.4,55.0,52.3,49.0,46.1,45.7,46.3,47.1,48.0,49.2,50.2,51.4,52.9,54.5,56.1,58.5,61.1,63.2,65.7,67.1,67.9,67.8,67.1,66.2,64.7,62.7,60.6,57.7,54.7,53.3,54.0
52.0,50.2,47.9,45.0,41.5,39.6,39.7,39.9,40.2,40.7,52.3,50.7,48.7,46.0,42.6,40.8,40.9,41.2,41.9,42.6,43.5,44.5,45.5,46.7,47.9,48.8,50.0,51.9,54.0,55.9,58.0,58.7,58.3,57.4,56.3,54.7,52.6,49.6,46.4,43.6,43.9,44.3,45.0,46.1,47.2,48.2,49.2,50.3,51.8,53.2,54.9,57.4,59.7,61.8,63.1,63.1,62.3,61.2,59.3,57.2,54.9,52.4,49.2,46.3,45.8,46.4,47.4,48.3,49.3,50.4,51.9,53.2,54.9,56.6,59.1,61.6,63.7,66.1,67.8,68.6,68.4,67.6,66.5,65.0,63.0,60.8,58.1,55.0,53.5
53.3,51.9,50.0,47.7,44.9,41.5,39.6,39.7,39.8,40.2,53.5,52.5,51.1,48.9,46.2,42.7,41.0,41.0,41.5,42.0,42.7,43.7,44.6,45.8,46.9,47.9,48.7,50.1,52.1,54.2,56.2,58.3,58.9,58.6,57.7,56.5,54.7,52.6,49.8,46.4,43.8,44.1,44.6,45.3,46.4,47.4,48.3,49.3,50.5,51.9,53.4,55.2,57.8,59.9,61.7,62.8,63.0,62.3,60.9,59.1,57.1,55.0,52.5,49.4,46.4,46.0,46.8,47.6,48.4,49.6,50.9,52.2,53.6,55.4,57.2,59.6,62.1,64.1,66.8,68.5,69.2,69.0,68.0,66.8,65.3,63.3,61.2,58.5,55.2
54.1,53.2,51.6,49.8,47.7,44.9,41.5,39.6,39.5,39.8,54.5,53.8,52.9,51.4,49.2,46.3,42.9,41.1,41.4,41.6,42.1,42.9,43.8,44.9,45.9,46.9,47.9,48.8,50.3,52.2,54.4,56.5,58.5,59.1,58.9,57.8,56.4,54.7,52.8,49.9,46.6,44.0,44.4,44.9,45.7,46.5,47.5,48.5,49.4,50.7,52.2,53.8,55.5,58.0,59.8,61.6,62.8,63.0,62.1,60.8,59.0,57.2,55.1,52.6,49.6,46.6,46.3,47.0,47.6,48.6,50.1,51.2,52.5,54.1,56.0,57.7,60.0,62.6,64.8,67.5,69.1,69.7,69.2,68.3,67.1,65.6,63.7,61.5,58.7
54.2,54.0,52.9,51.6,49.8,47.7,44.9,41.6,39.5,39.5,54.8,54.8,54.2,53.2,51.6,49.3,46.5,43.1,41.5,41.4,41.6,42.3,43.0,44.1,45.0,45.9,47.0,48.0,49.0,50.4,52.5,54.7,56.7,58.8,59.4,59.0,57.8,56.5,55.0,52.9,50.2,46.9,44.3,44.7,45.3,45.9,46.6,47.7,48.6,49.6,50.9,52.5,54.0,55.8,58.0,59.7,61.6,62.7,62.6,61.9,60.6,59.1,57.3,55.2,52.9,49.8,46.9,46.5,47.1,47.8,49.1,50.4,51.6,53.1,54.7,56.4,58.2,60.5,63.2,65.5,68.1,69.6,70.1,69.5,68.6,67.5,65.9,63.9,61.6
53.5,54.1,53.8,52.9,51.6,49.9,47.7,44.9,41.4,39.6,54.0,55.1,55.1,54.4,53.4,51.7,49.6,46.7,43.5,41.6,41.5,41.9,42.4,43.3,44.2,45.0,46.0,47.0,48.1,49.1,50.7,52.8,55.0,57.0,59.1,59.5,58.9,57.9,56.8,55.1,53.1,50.5,47.1,44.6,45.1,45.4,45.9,46.8,47.7,48.8,49.9,51.3,52.8,54.2,55.8,57.9,59.7,61.4,62.4,62.5,61.9,60.8,59.2,57.3,55.4,53.1,50.1,47.1,46.6,47.3,48.4,49.4,50.7,52.1,53.7,55.1,56.9,58.6,61.2,63.8,66.1,68.6,69.9,70.3,69.8,68.9,67.9,66.2,64.1
51.6,53.3,53.9,53.8,52.9,51.7,49.9,47.7,44.9,41.5,52.1,54.3,55.5,55.4,54.7,53.5,52.0,49.8,47.1,43.6,41.7,41.7,42.0,42.8,43.4,44.2,45.1,46.0,47.1,48.3,49.3,51.0,53.1,55.3,57.3,59.2,59.5,59.0,58.2,57.0,55.3,53.4,50.7,47.3,45.0,45.1,45.5,46.1,46.9,47.9,49.0,50.3,51.5,53.0,54.3,55.7,57.9,59.5,61.1,62.3,62.5,62.1,60.9,59.2,57.5,55.6,53.3,50.3,47.3,46.9,47.8,48.6,49.7,51.2,52.6,54.1,55.6,57.4,59.3,61.7,64.4,66.6,68.9,70.2,70.6,70.2,69.4,68.2,66.4
50.2,51.5,53.1,54.0,53.8,52.9,51.7,50.0,47.8,45.0,50.6,52.4,54.7,55.8,55.6,54.8,53.8,52.3,50.2,47.2,43.6,41.9,41.8,42.3,42.8,43.4,44.2,45.1,46.1,47.3,48.4,49.6,51.2,53.4,55.6,57.5,59.1,59.5,59.3,58.4,57.2,55.6,53.6,50.9,47.7,45.0,45.2,45.6,46.2,47.0,48.2,49.4,50.5,51.8,53.1,54.1,55.8,57.7,59.3,61.0,62.3,62.7,62.1,60.8,59.4,57.7,55.8,53.5,50.5,47.6,47.4,48.1,48.9,50.3,51.7,53.1,54.6,56.0,58.0,59.8,62.4,64.9,66.9,69.2,70.4,70.8,70.6,69.8,68.5
48.6,50.0,51.2,53.1,54.1,53.9,53.0,51.8,50.1,47.9,48.7,50.9,52.8,55.0,56.0,55.7,55.1,54.1,52.6,50.3,47.4,43.8,42.0,42.1,42.4,42.9,43.5,44.3,45.2,46.3,47.5,48.6,49.8,51.5,53.7,55.7,57.5,59.2,59.9,59.6,58.7,57.5,55.9,53.8,51.2,47.8,45.1,45.3,45.8,46.4,47.3,48.4,49.6,50.8,51.8,52.9,54.1,55.6,57.5,59.1,61.0,62.4,62.7,62.1,61.0,59.6,57.8,56.0,53.7,50.8,48.2,47.7,48.4,49.4,50.8,52.2,53.6,55.0,56.6,58.5,60.4,62.8,65.2,67.2,69.5,70.7,71.3,70.9,70.0
47.0,48.4,49.8,51.2,53.2,54.2,54.0,53.0,51.8,50.2,46.9,49.1,51.3,53.1,55.3,56.1,56.1,55.4,54.4,52.7,50.5,47.6,43.9,42.2,42.2,42.4,42.9,43.4,44.3,45.4,46.5,47.7,48.9,50.1,51.8,53.8,55.7,57.6,59.5,60.2,59.9,59.0,57.7,56.0,54.1,51.4,47.9,45.2,45.4,45.9,46.7,47.5,48.6,49.9,50.7,51.6,52.9,54.0,55.4,57.5,59.2,61.2,62.5,62.6,62.3,61.3,59.8,58.0,56.2,54.0,51.5,48.5,47.9,48.8,49.9,51.3,52.8,54.0,55.5,57.1,59.1,60.7,63.1,65.4,67.5,69.8,71.2,71.5,71.2
46.0,46.7,48.1,49.8,51.3,53.3,54.3,54.1,53.1,52.0,45.7,47.2,49.4,51.6,53.4,55.4,56.5,56.4,55.7,54.5,52.9,50.7,47.6,44.2,42.2,42.2,42.4,42.8,43.5,44.5,45.6,46.7,48.0,49.1,50.3,51.9,53.9,55.8,57.9,59.9,60.4,60.2,59.2,57.9,56.4,54.3,51.5,48.1,45.4,45.5,46.2,47.0,47.8,48.9,49.9,50.6,51.6,52.7,53.8,55.4,57.5,59.3,61.3,62.4,62.7,62.5,61.4,60.0,58.3,56.5,54.6,51.7,48.8,48.4,49.4,50.5,51.8,53.1,54.5,56.1,57.6,59.3,61.0,63.4,65.7,67.8,70.2,71.5,71.8
45.1,45.7,46.4,48.1,49.8,51.3,53.4,54.4,54.1,53.3,44.5,46.0,47.5,49.7,51.8,53.5,55.7,56.9,56.7,55.9,54.7,53.1,50.8,47.8,44.2,42.3,42.2,42.3,42.9,43.8,44.8,45.8,47.0,48.2,49.3,50.4,52.0,54.0,56.1,58.2,60.2,60.8,60.4,59.4,58.3,56.7,54.4,51.7,48.2,45.5,45.8,46.4,47.2,48.0,48.8,49.7,50.6,51.4,52.5,53.6,55.5,57.6,59.4,61.2,62.6,63.0,62.6,61.5,60.2,58.7,57.1,54.9,52.1,49.3,48.9,49.9,51.0,52.2,53.6,55.0,56.6,57.8,59.7,61.3,63.7,66.0,68.3,70.5,71.7
44.3,44.8,45.4,46.4,48.1,49.9,51.5,53.5,54.4,54.3,43.7,44.9,46.3,47.8,49.9,51.9,53.9,56.2,57.1,56.9,56.1,54.9,53.1,50.9,47.8,44.2,42.2,42.1,42.3,43.1,44.0,45.0,46.1,47.2,48.3,49.4,50.5,52.1,54.3,56.4,58.5,60.6,61.0,60.6,59.8,58.5,56.8,54.6,51.8,48.4,45.7,46.0,46.6,47.5,47.9,48.7,49.7,50.4,51.2,52.3,53.7,55.7,57.6,59.3,61.4,62.8,63.0,62.8,61.9,60.6,59.2,57.5,55.4,52.7,49.9,49.4,50.5,51.4,52.6,54.0,55.5,56.8,58.1,59.9,61.7,64.0,66.4,68.6,70.8
43.5,44.0,44.5,45.3,46.4,48.2,50.0,51.6,53.6,54.6,43.0,44.1,45.2,46.6,48.0,50.1,52.3,54.3,56.5,57.3,57.1,56.2,54.9,53.2,50.9,47.7,44.3,42.2,42.1,42.7,43.4,44.2,45.3,46.4,47.4,48.4,49.4,50.6,52.3,54.6,56.7,58.9,60.9,61.2,61.0,60.0,58.7,57.0,54.6,52.0,48.6,46.0,46.2,46.8,47.3,47.8,48.8,49.5,50.2,51.0,52.4,53.9,55.7,57.7,59.5,61.6,62.9,63.2,63.1,62.2,61.1,59.6,57.9,56.0,53.2,50.4,50.0,50.9,51.8,53.1,54.6,55.7,57.1,58.4,60.3,62.0,64.5,66.8,68.9
