day 0,day 1,day 2,day 3,day 4,day 5,day 6,day 7,day 8,day 9,day 10,day 11,day 12,day 13,day 14,day 15,day 16,day 17,day 18,day 19,day 20,day 21,day 22,day 23,day 24,day 25,day 26,day 27,day 28,day 29,day 30,day 31,day 32,day 33,day 34,day 35,day 36,day 37,day 38,day 39,day 40,day 41,day 42,day 43,day 44,day 45,day 46,day 47,day 48,day 49,day 50,day 51,day 52,day 53,day 54,day 55,day 56,day 57,day 58,day 59,day 60,day 61,day 62,day 63,day 64,day 65,day 66,day 67,day 68,day 69,day 70,day 71,day 72,day 73,day 74,day 75,day 76,day 77,day 78,day 79,day 80,day 81,day 82,day 83,day 84,day 85,day 86,day 87,day 88,day 89,day 90
50.1,50.6,51.1,51.9,53.4,55.1,58.6,63.0,65.1,65.5,64.7,63.2,61.2,58.6,55.7,52.5,48.6,44.1,42.4,42.4,42.7,43.1,43.6,43.6,43.4,43.5,43.6,44.1,45.0,46.0,47.7,50.4,53.4,54.1,53.8,53.1,51.7,50.0,47.8,45.1,42.1,39.6,39.2,39.2,39.0,39.0,39.0,39.0,39.0,38.8,38.8,39.1,39.1,39.5,39.8,40.2,41.7,42.7,42.7,42.2,41.4,40.2,38.3,36.1,34.0,33.1,32.5,32.4,32.1,31.7,31.6,31.3,30.9,30.9,30.9,31.0,31.3,31.5,32.0,32.4,33.3,34.3,34.8,34.6,34.2,33.4,32.4,31.4,30.3,30.2,30.2
49.4,49.9,50.3,50.7,51.4,52.8,54.5,58.2,62.6,64.7,64.8,63.9,62.3,60.4,57.8,55.1,52.0,48.3,43.9,42.3,42.5,42.9,43.1,43.2,43.3,43.4,43.5,43.5,44.0,44.7,45.6,47.2,50.2,52.8,53.6,53.5,52.6,51.4,49.7,47.4,44.7,41.7,39.4,39.1,39.1,38.9,38.9,38.8,38.6,38.7,38.6,38.7,38.7,38.9,39.2,39.3,39.8,41.2,42.3,42.3,41.9,41.2,39.7,37.8,35.5,33.7,32.6,32.3,32.0,31.7,31.4,31.2,30.7,30.8,30.8,30.8,30.9,31.2,31.5,32.1,32.2,33.0,34.2,34.7,34.5,34.2,33.6,32.3,31.4,30.3,30.0
49.1,49.3,49.6,49.9,50.2,50.9,52.2,54.3,57.8,62.0,64.0,63.9,63.0,61.5,59.6,57.3,54.6,51.6,47.9,43.8,42.4,42.7,42.9,42.7,43.0,43.4,43.4,43.3,43.4,43.7,44.3,45.2,47.0,49.6,52.2,53.2,53.0,52.3,51.2,49.3,47.0,44.4,41.5,39.2,38.9,39.0,38.7,38.6,38.4,38.3,38.4,38.5,38.3,38.5,38.6,38.7,38.9,39.4,40.7,41.8,42.0,41.7,40.7,39.2,37.2,35.2,33.2,32.3,31.8,31.5,31.4,31.0,30.6,30.5,30.6,30.6,30.7,30.8,31.2,31.7,31.9,32.0,32.9,34.2,34.6,34.5,34.3,33.5,32.3,31.3,30.1
48.9,48.9,49.0,49.2,49.4,49.6,50.4,51.9,54.0,57.3,61.3,63.1,62.9,62.2,60.8,59.0,56.7,54.1,51.2,47.8,43.8,42.5,42.7,42.6,42.6,43.1,43.3,43.2,43.2,43.1,43.4,44.0,45.1,46.6,49.0,51.8,52.7,52.6,52.0,50.7,48.8,46.6,44.0,41.2,39.1,38.8,38.8,38.4,38.2,38.1,38.1,38.3,38.1,38.1,38.1,38.2,38.3,38.5,38.9,40.3,41.6,41.8,41.2,40.2,38.5,36.8,34.7,32.9,31.8,31.3,31.2,31.0,30.4,30.4,30.4,30.5,30.6,30.7,30.8,31.3,31.5,31.6,31.9,32.9,34.1,34.6,34.7,34.3,33.5,32.2,31.1
48.6,48.6,48.7,48.7,48.7,48.9,49.1,50.2,51.7,53.5,56.6,60.4,62.1,62.0,61.5,60.2,58.4,56.2,53.7,51.1,47.7,43.8,42.5,42.3,42.4,42.5,43.0,43.2,43.1,42.9,42.8,43.1,43.8,44.7,46.1,48.5,51.2,52.4,52.4,51.5,50.2,48.4,46.2,43.7,40.9,38.8,38.6,38.5,38.1,37.9,38.0,38.0,37.9,37.9,37.7,37.7,37.8,38.0,38.0,38.5,40.0,41.3,41.3,40.7,39.6,38.1,36.2,34.3,32.3,31.3,31.0,30.8,30.4,30.3,30.3,30.2,30.4,30.6,30.7,31.0,31.2,31.2,31.6,31.9,32.8,34.1,34.6,34.6,34.2,33.3,32.0
48.5,48.4,48.3,48.3,48.1,48.2,48.4,49.0,49.8,51.2,52.9,55.8,59.3,61.1,61.3,60.9,59.6,57.9,55.8,53.5,51.0,47.6,43.6,42.2,42.1,42.3,42.5,42.9,43.0,42.7,42.5,42.5,42.9,43.5,44.4,45.7,47.9,50.9,52.1,51.9,51.1,49.8,47.9,45.8,43.3,40.5,38.7,38.4,38.1,37.8,37.8,37.8,37.7,37.7,37.5,37.3,37.3,37.6,37.5,37.7,38.3,39.7,40.9,40.8,40.1,39.1,37.5,35.8,33.8,31.8,31.0,30.6,30.3,30.2,30.1,30.1,30.2,30.4,30.6,30.9,30.8,30.9,31.2,31.5,31.8,32.9,34.1,34.6,34.5,34.1,33.1
48.5,48.2,48.1,47.8,47.7,47.6,47.8,48.3,48.7,49.4,50.7,52.2,54.7,58.3,60.4,60.7,60.2,59.2,57.5,55.6,53.5,50.8,47.3,43.2,42.0,42.1,42.3,42.4,42.8,42.6,42.4,42.2,42.3,42.6,43.2,44.0,45.2,47.6,50.5,51.5,51.4,50.6,49.2,47.5,45.4,42.8,40.3,38.5,38.0,37.9,37.6,37.6,37.5,37.5,37.3,37.1,37.0,36.9,37.2,37.2,37.4,38.0,39.2,40.3,40.2,39.6,38.5,37.1,35.3,33.3,31.5,30.7,30.2,30.1,30.1,30.0,30.1,30.2,30.5,30.8,30.8,30.5,30.9,31.2,31.5,32.0,33.0,34.1,34.5,34.4,33.8
51.8,48.2,47.9,47.7,47.3,47.2,47.2,47.7,48.0,48.2,48.9,50.1,51.3,53.8,57.5,59.7,60.0,59.8,58.8,57.2,55.5,53.3,50.5,46.9,43.0,42.0,42.0,42.2,42.2,42.4,42.3,42.2,42.0,42.1,42.4,42.8,43.6,45.1,47.3,50.0,51.0,50.9,50.0,48.8,47.1,44.8,42.5,39.9,38.0,37.7,37.7,37.4,37.3,37.3,37.0,36.9,36.7,36.5,36.5,37.0,37.0,37.2,37.4,38.7,39.8,39.7,39.0,38.0,36.6,34.8,32.9,31.1,30.2,30.0,30.1,30.0,30.0,30.1,30.2,30.6,30.7,30.4,30.5,30.9,31.2,31.6,32.1,33.0,34.1,34.4,34.1
56.4,51.4,47.9,47.5,47.2,46.7,46.8,47.2,47.4,47.5,47.8,48.4,49.3,50.7,53.2,56.8,59.0,59.6,59.4,58.4,57.2,55.3,52.9,50.2,46.7,42.9,41.9,41.9,41.9,41.9,42.1,42.0,42.0,41.8,42.0,42.1,42.5,43.5,44.9,46.8,49.4,50.6,50.3,49.7,48.3,46.5,44.4,42.0,39.4,37.7,37.6,37.4,37.0,37.0,36.8,36.6,36.5,36.3,36.1,36.3,36.8,36.8,36.7,37.0,38.2,39.3,39.0,38.5,37.6,36.1,34.4,32.6,30.6,30.1,29.9,29.9,30.0,30.0,30.1,30.3,30.5,30.4,30.5,30.6,30.9,31.4,31.8,32.1,33.0,34.0,34.0
59.9,56.0,50.9,47.5,47.0,46.7,46.3,46.8,46.9,46.8,47.0,47.2,47.6,48.8,50.1,52.5,56.1,58.6,59.2,59.1,58.4,57.0,54.9,52.6,49.9,46.4,42.7,41.8,41.7,41.7,41.6,41.8,41.7,41.8,41.7,41.7,41.7,42.4,43.4,44.6,46.4,49.0,50.0,49.9,49.2,47.7,46.0,43.9,41.6,39.0,37.6,37.3,37.0,36.7,36.5,36.4,36.3,36.0,35.9,35.9,36.2,36.5,36.3,36.2,36.6,37.8,38.5,38.5,38.0,37.1,35.7,34.0,32.1,30.4,29.9,29.7,29.8,30.0,30.1,30.2,30.1,30.1,30.4,30.5,30.6,31.1,31.6,31.8,32.1,32.9,33.6
62.8,59.5,55.6,50.4,47.0,46.5,46.3,46.3,46.5,46.4,46.4,46.5,46.5,47.2,48.3,49.6,51.9,55.6,58.1,58.8,59.0,58.2,56.5,54.5,52.3,49.6,46.1,42.6,41.7,41.5,41.3,41.4,41.5,41.5,41.7,41.4,41.3,41.7,42.3,43.2,44.3,45.9,48.4,49.6,49.4,48.5,47.2,45.4,43.5,41.2,38.8,37.3,36.8,36.7,36.2,36.2,36.1,35.9,35.7,35.7,35.8,35.9,36.1,35.8,35.8,36.1,37.0,38.1,38.1,37.6,36.7,35.3,33.6,31.9,30.3,29.8,29.7,29.9,30.1,30.1,30.1,29.8,30.2,30.5,30.6,30.9,31.4,31.6,31.8,32.1,32.6
65.2,62.5,59.2,55.1,49.8,46.5,46.0,46.2,46.0,45.9,45.9,45.9,45.9,46.1,46.8,47.8,49.0,51.4,55.1,57.8,58.8,58.7,57.6,56.2,54.3,52.0,49.2,45.9,42.4,41.5,41.2,41.1,41.1,41.3,41.4,41.4,41.1,41.3,41.6,42.1,42.9,43.8,45.5,48.0,49.1,48.7,48.0,46.6,45.0,43.0,40.9,38.4,37.0,36.5,36.2,35.8,35.9,35.7,35.6,35.5,35.6,35.5,35.5,35.7,35.4,35.4,35.5,36.6,37.6,37.7,37.3,36.3,34.9,33.4,31.8,30.1,29.7,29.8,30.0,30.1,29.9,29.8,29.9,30.3,30.6,30.9,31.1,31.5,31.7,31.9,31.8
67.0,64.8,62.1,58.6,54.6,49.3,46.0,46.0,45.9,45.4,45.4,45.4,45.4,45.5,45.7,46.3,47.3,48.7,51.0,54.8,57.8,58.5,58.1,57.3,56.0,54.0,51.6,49.0,45.6,42.2,41.2,41.0,40.8,40.9,41.1,41.0,41.1,41.0,41.2,41.4,41.8,42.5,43.6,45.2,47.5,48.4,48.2,47.4,46.2,44.6,42.7,40.5,38.1,36.7,36.0,35.8,35.6,35.5,35.4,35.4,35.4,35.3,35.1,35.0,35.2,35.1,34.8,35.2,36.1,37.2,37.4,36.8,35.9,34.7,33.1,31.5,29.9,29.8,29.8,30.0,30.0,29.6,29.9,30.0,30.4,30.9,31.1,31.2,31.5,31.7,31.6
68.2,66.6,64.5,61.6,58.1,54.1,48.8,45.9,45.7,45.4,45.0,44.9,45.1,45.1,45.2,45.3,45.9,47.0,48.3,50.7,54.7,57.4,57.9,57.8,57.0,55.6,53.7,51.4,48.6,45.3,41.8,40.9,40.7,40.6,40.7,40.7,40.7,41.0,40.8,41.1,41.2,41.5,42.3,43.2,44.7,46.8,47.9,47.6,46.9,45.8,44.3,42.3,40.1,37.7,36.1,35.6,35.6,35.2,35.2,35.2,35.2,35.2,34.9,34.7,34.6,34.9,34.4,34.5,34.6,35.6,36.9,36.9,36.4,35.6,34.5,32.8,31.4,30.0,29.8,29.8,29.9,29.7,29.6,30.0,30.1,30.7,31.0,31.2,31.3,31.5,31.5
68.8,67.7,66.3,63.9,61.1,57.6,53.7,48.6,45.6,45.1,45.0,44.5,44.6,44.8,44.8,44.7,45.0,45.7,46.7,48.1,50.6,54.3,56.8,57.6,57.5,56.7,55.4,53.5,51.0,48.3,44.9,41.5,40.7,40.5,40.5,40.4,40.5,40.5,40.8,40.8,40.8,40.9,41.4,41.9,43.0,44.2,46.3,47.3,47.0,46.4,45.5,43.8,41.8,39.6,37.2,35.7,35.4,35.2,34.9,35.1,35.1,34.9,34.7,34.5,34.2,34.3,34.3,34.1,34.0,34.2,35.3,36.4,36.5,36.1,35.5,34.2,32.6,31.4,30.0,29.8,29.6,29.7,29.8,29.8,30.2,30.4,30.8,31.2,31.2,31.2,31.3
69.0,68.4,67.4,65.7,63.4,60.6,57.2,53.4,48.2,45.1,44.8,44.6,44.2,44.2,44.5,44.4,44.5,44.7,45.3,46.5,48.1,50.3,53.7,56.5,57.3,57.1,56.4,55.1,53.1,50.8,47.9,44.5,41.2,40.4,40.4,40.2,40.1,40.3,40.4,40.7,40.5,40.6,40.9,41.0,41.7,42.6,43.8,45.6,46.7,46.6,46.1,44.9,43.3,41.4,39.1,36.7,35.4,35.0,34.9,34.7,34.9,34.8,34.6,34.4,34.1,33.9,33.7,34.0,33.5,33.6,33.9,34.8,36.0,36.2,36.0,35.1,34.0,32.6,31.4,30.0,29.6,29.5,29.7,29.9,30.0,30.5,30.5,31.0,31.2,31.1,31.0
68.2,68.5,68.1,66.9,65.2,62.9,60.2,56.9,53.0,47.6,44.7,44.3,44.2,43.8,44.0,44.2,44.2,44.3,44.4,45.2,46.6,47.9,49.7,53.3,56.2,56.9,56.9,56.1,54.7,52.8,50.3,47.5,44.1,41.0,40.3,40.1,39.9,40.1,40.2,40.3,40.5,40.3,40.6,40.5,40.9,41.4,42.3,43.2,45.1,46.3,46.2,45.6,44.4,42.8,40.9,38.6,36.4,35.0,34.6,34.7,34.5,34.6,34.5,34.2,34.0,33.8,33.4,33.3,33.4,33.2,33.3,33.4,34.4,35.7,36.1,35.6,34.9,33.9,32.5,31.4,29.7,29.4,29.6,30.0,30.1,30.3,30.5,30.7,31.0,31.1,31.0
66.1,67.7,68.2,67.6,66.4,64.8,62.6,59.8,56.5,52.4,47.1,44.2,43.9,43.8,43.5,43.8,44.0,44.0,44.1,44.4,45.4,46.5,47.4,49.4,53.0,55.7,56.7,56.6,55.7,54.4,52.4,50.0,47.1,43.8,40.7,39.9,39.9,39.9,40.0,40.1,40.0,40.3,40.3,40.2,40.4,40.6,41.2,41.8,42.8,44.6,45.9,45.7,45.1,44.0,42.3,40.4,38.2,35.9,34.7,34.5,34.5,34.2,34.2,34.1,33.9,33.7,33.3,33.0,32.7,33.1,32.8,32.9,33.1,34.2,35.6,35.8,35.4,34.8,33.9,32.5,31.1,29.5,29.5,29.8,30.2,30.4,30.4,30.8,30.8,30.9,31.0
61.3,65.6,67.4,67.7,67.1,65.9,64.4,62.2,59.4,55.9,51.7,46.4,43.8,43.5,43.5,43.2,43.7,43.8,43.7,44.0,44.7,45.3,46.0,47.1,49.1,52.6,55.5,56.3,56.2,55.4,53.9,52.0,49.6,46.7,43.5,40.4,39.8,39.8,39.8,39.8,39.8,39.8,40.3,40.0,40.1,40.2,40.4,40.8,41.4,42.4,44.3,45.3,45.2,44.5,43.3,41.9,40.0,37.7,35.6,34.6,34.3,34.1,33.9,33.9,33.8,33.5,33.2,32.9,32.4,32.4,32.7,32.3,32.5,32.8,34.1,35.3,35.5,35.3,34.8,33.9,32.2,30.9,29.7,29.7,30.0,30.5,30.5,30.6,30.8,30.7,30.8
57.1,60.8,65.2,66.9,67.2,66.7,65.6,64.0,61.7,58.8,55.3,51.0,45.8,43.3,43.1,43.3,43.2,43.4,43.6,43.7,44.3,44.6,44.9,45.7,46.9,48.8,52.3,55.1,55.9,55.9,54.8,53.6,51.6,49.1,46.4,43.1,40.2,39.8,39.8,39.7,39.6,39.7,39.8,40.0,39.8,39.8,40.0,40.0,40.6,41.1,42.2,43.8,44.8,44.7,43.9,42.9,41.4,39.5,37.4,35.4,34.5,33.9,33.8,33.5,33.5,33.4,33.0,32.8,32.3,32.1,32.0,32.1,32.0,32.2,32.7,33.9,35.0,35.4,35.2,34.7,33.5,32.1,31.0,29.8,29.9,30.3,30.5,30.7,30.6,30.6,30.6
54.7,56.6,60.4,64.7,66.4,66.7,66.3,65.2,63.5,61.1,58.1,54.5,50.3,45.1,42.9,42.9,43.1,42.9,43.2,43.6,43.9,44.3,44.2,44.6,45.5,46.6,48.7,51.9,54.8,55.6,55.3,54.4,53.1,51.1,48.8,45.9,42.8,40.1,39.7,39.7,39.4,39.4,39.7,39.5,39.8,39.6,39.7,39.7,39.8,40.2,41.0,41.7,43.2,44.3,44.0,43.4,42.4,40.9,39.2,37.2,35.2,34.0,33.6,33.5,33.2,33.2,32.9,32.6,32.2,32.0,31.7,31.5,31.7,31.8,32.1,32.6,33.7,34.9,35.3,35.1,34.4,33.4,32.1,31.0,30.0,30.2,30.4,30.6,30.7,30.4,30.5
52.5,54.3,56.2,59.8,64.0,65.9,66.4,65.9,64.6,62.8,60.4,57.3,53.7,49.5,44.6,42.7,42.8,42.9,42.8,43.3,43.9,44.0,43.9,43.9,44.5,45.4,46.5,48.5,51.5,54.4,55.0,54.9,53.9,52.6,50.8,48.3,45.6,42.6,40.1,39.6,39.4,39.2,39.4,39.4,39.4,39.6,39.5,39.3,39.4,39.6,40.2,40.5,41.3,42.8,43.6,43.5,43.0,42.0,40.6,39.0,37.0,34.7,33.7,33.3,33.1,32.9,32.8,32.5,32.0,31.8,31.6,31.2,31.2,31.5,31.7,32.1,32.4,33.6,34.8,35.1,34.8,34.2,33.4,32.1,31.2,30.3,30.2,30.4,30.6,30.5,30.3
51.5,52.2,53.8,55.7,59.2,63.5,65.5,66.0,65.4,63.9,62.1,59.4,56.4,53.0,49.1,44.4,42.6,42.6,42.7,42.8,43.6,44.0,43.6,43.6,43.8,44.3,45.1,46.3,48.1,51.0,53.8,54.7,54.4,53.5,52.2,50.3,48.0,45.4,42.3,39.9,39.3,39.3,39.2,39.2,39.2,39.2,39.4,39.1,39.1,39.2,39.5,39.8,40.3,40.8,42.1,43.2,43.1,42.5,41.6,40.4,38.8,36.5,34.3,33.4,33.0,32.8,32.5,32.3,31.9,31.7,31.4,31.1,31.0,31.1,31.4,31.6,31.9,32.4,33.5,34.6,34.8,34.7,34.2,33.3,32.2,31.4,30.3,30.2,30.4,30.5,30.3
50.6,51.1,51.9,53.4,55.1,58.6,63.0,65.1,65.5,64.7,63.2,61.2,58.6,55.7,52.5,48.6,44.1,42.4,42.4,42.7,43.1,43.6,43.6,43.4,43.5,43.6,44.1,45.0,46.0,47.7,50.4,53.4,54.1,53.8,53.1,51.7,50.0,47.8,45.1,42.1,39.6,39.2,39.2,39.0,39.0,39.0,39.0,39.0,38.8,38.8,39.1,39.1,39.5,39.8,40.2,41.7,42.7,42.7,42.2,41.4,40.2,38.3,36.1,34.0,33.1,32.5,32.4,32.1,31.7,31.6,31.3,30.9,30.9,30.9,31.0,31.3,31.5,32.0,32.4,33.3,34.3,34.8,34.6,34.2,33.4,32.4,31.4,30.3,30.2,30.2,30.3
49.9,50.3,50.7,51.4,52.8,54.5,58.2,62.6,64.7,64.8,63.9,62.3,60.4,57.8,55.1,52.0,48.3,43.9,42.3,42.5,42.9,43.1,43.2,43.3,43.4,43.5,43.5,44.0,44.7,45.6,47.2,50.2,52.8,53.6,53.5,52.6,51.4,49.7,47.4,44.7,41.7,39.4,39.1,39.1,38.9,38.9,38.8,38.6,38.7,38.6,38.7,38.7,38.9,39.2,39.3,39.8,41.2,42.3,42.3,41.9,41.2,39.7,37.8,35.5,33.7,32.6,32.3,32.0,31.7,31.4,31.2,30.7,30.8,30.8,30.8,30.9,31.2,31.5,32.1,32.2,33.0,34.2,34.7,34.5,34.2,33.6,32.3,31.4,30.3,30.0,30.0
