day 0,day 1,day 2,day 3,day 4,day 5,day 6,day 7,day 8,day 9,day 10,day 11,day 12,day 13,day 14,day 15,day 16,day 17,day 18,day 19,day 20,day 21,day 22,day 23,day 24,day 25,day 26,day 27,day 28,day 29,day 30,day 31,day 32,day 33,day 34,day 35,day 36,day 37,day 38,day 39,day 40,day 41,day 42,day 43,day 44,day 45,day 46,day 47,day 48,day 49,day 50,day 51,day 52,day 53,day 54,day 55,day 56,day 57,day 58,day 59,day 60,day 61,day 62,day 63,day 64,day 65,day 66,day 67,day 68,day 69,day 70,day 71,day 72,day 73,day 74,day 75,day 76,day 77,day 78,day 79,day 80,day 81,day 82,day 83,day 84,day 85,day 86,day 87,day 88,day 89,day 90
65.7,66.4,67.3,68.3,69.6,71.8,74.3,75.5,75.7,75.3,74.4,72.9,71.0,68.3,64.8,61.3,57.6,55.0,54.6,54.5,54.5,54.6,54.9,55.0,55.6,56.2,56.6,57.3,58.1,59.5,61.3,62.6,63.2,62.8,61.8,60.4,58.7,56.4,53.5,50.3,46.9,45.4,45.3,45.2,45.3,45.5,45.7,46.1,46.2,46.7,47.5,48.4,49.3,50.3,51.7,53.4,54.1,53.7,52.3,50.9,49.0,46.8,44.2,41.6,39.8,39.7,39.7,39.8,40.3,40.7,40.6,40.6,40.3,40.6,41.1,41.2,41.8,42.7,43.7,44.6,44.7,44.5,43.7,42.3,40.8,39.3,37.8,36.5,36.1,36.2,36.5
64.7,65.3,66.0,66.9,67.8,69.2,71.4,73.8,75.2,75.4,74.9,74.0,72.5,70.5,67.8,64.5,61.0,57.2,54.4,54.1,54.0,54.0,54.0,54.3,54.6,55.3,55.5,56.1,56.9,57.7,58.9,60.6,62.3,62.9,62.2,61.5,60.2,58.5,56.0,53.2,49.8,46.3,45.1,44.8,44.7,44.9,45.1,45.4,45.5,45.8,46.5,47.1,48.0,48.8,49.7,51.3,53.1,53.5,53.0,52.0,50.5,48.7,46.7,44.1,41.9,39.8,39.6,39.5,39.8,40.2,40.2,40.1,40.0,40.1,40.5,40.4,41.0,41.7,42.5,43.3,44.0,44.5,44.2,43.2,42.2,41.0,39.6,38.3,37.0,36.1,36.2
63.8,64.3,64.9,65.6,66.5,67.5,68.8,70.9,73.5,74.9,75.1,74.4,73.6,72.0,70.0,67.5,64.1,60.5,56.6,53.9,53.6,53.5,53.4,53.4,54.0,54.4,54.6,55.0,55.7,56.4,57.0,58.2,60.3,62.0,62.3,61.9,61.2,60.1,58.1,55.7,52.7,49.3,46.0,44.5,44.2,44.3,44.6,44.8,44.8,45.1,45.6,46.1,46.9,47.6,48.3,49.4,51.0,52.4,52.8,52.6,51.6,50.2,48.5,46.6,44.3,41.7,39.7,39.4,39.5,39.7,39.7,39.7,39.5,39.8,39.9,39.8,40.2,40.9,41.6,42.2,42.7,43.8,44.2,43.7,43.1,42.4,41.3,40.1,38.8,37.0,36.1
62.9,63.4,64.0,64.5,65.2,66.1,67.0,68.3,70.5,73.1,74.6,74.6,74.0,73.1,71.6,69.7,67.1,63.6,59.9,56.0,53.4,53.0,52.8,52.8,53.1,53.7,53.7,54.1,54.7,55.2,55.8,56.4,57.9,59.9,61.4,62.0,61.7,61.1,59.7,57.8,55.1,52.3,49.1,45.5,43.9,43.9,44.0,44.2,44.2,44.4,44.9,45.3,45.8,46.4,47.0,47.9,49.1,50.4,51.8,52.5,52.2,51.4,50.1,48.4,46.7,44.2,41.6,39.5,39.4,39.4,39.2,39.2,39.1,39.3,39.5,39.3,39.7,40.2,40.9,41.2,41.6,42.6,43.4,43.7,43.6,43.4,42.7,41.8,40.6,38.8,37.0
62.2,62.5,63.1,63.7,64.1,64.8,65.6,66.5,67.9,70.0,72.8,74.0,74.2,73.6,72.7,71.3,69.3,66.6,63.1,59.4,55.5,52.8,52.4,52.3,52.4,52.8,53.0,53.2,53.8,54.2,54.7,55.1,56.0,57.5,59.3,61.1,61.8,61.6,60.7,59.4,57.2,54.8,52.1,48.6,44.9,43.6,43.6,43.6,43.6,43.9,44.3,44.6,45.0,45.4,45.9,46.7,47.7,48.6,49.8,51.5,52.2,52.0,51.2,50.0,48.6,46.5,44.0,41.3,39.3,39.3,38.9,38.7,38.6,38.9,38.9,38.9,39.1,39.7,40.1,40.5,40.7,41.5,42.2,43.0,43.7,44.0,43.7,43.2,42.2,40.6,38.9
61.7,61.8,62.2,62.7,63.2,63.7,64.3,65.2,66.1,67.4,69.6,72.3,73.6,73.8,73.2,72.4,70.9,68.7,66.0,62.5,58.8,54.9,52.2,51.8,51.9,52.1,52.1,52.5,52.9,53.4,53.6,54.0,54.8,55.7,56.9,58.9,60.8,61.6,61.2,60.3,58.8,56.9,54.6,51.6,48.1,44.4,43.3,43.2,42.9,43.3,43.7,44.0,44.3,44.5,44.8,45.7,46.5,47.3,48.1,49.6,51.1,51.9,51.8,51.1,50.2,48.3,46.3,43.7,41.2,39.1,38.8,38.4,38.1,38.5,38.4,38.4,38.7,39.1,39.6,39.8,40.0,40.6,41.1,41.7,42.9,44.0,44.2,44.2,43.5,42.3,40.7
61.3,61.2,61.4,61.8,62.2,62.8,63.3,63.9,64.8,65.6,67.0,69.1,71.8,73.1,73.4,72.9,72.0,70.3,68.2,65.4,61.8,58.1,54.2,51.7,51.5,51.5,51.4,51.7,52.3,52.5,52.8,52.9,53.7,54.5,55.2,56.6,58.7,60.7,61.3,60.8,59.8,58.5,56.8,54.4,51.3,47.6,44.0,42.8,42.6,42.6,43.1,43.5,43.6,43.8,44.0,44.6,45.5,46.1,46.8,47.9,49.3,50.9,51.7,51.7,51.3,49.9,48.1,45.9,43.5,40.8,38.6,38.3,37.7,37.9,38.0,37.9,38.2,38.7,39.0,39.3,39.3,40.0,40.2,40.7,41.6,43.2,44.3,44.8,44.5,43.6,42.4
61.3,60.8,60.9,61.0,61.4,61.9,62.3,62.9,63.5,64.3,65.2,66.5,68.6,71.2,72.7,73.1,72.4,71.3,69.8,67.6,64.6,61.1,57.4,53.6,51.3,51.1,50.9,51.0,51.4,51.9,51.9,52.1,52.6,53.4,53.9,54.8,56.3,58.4,60.3,60.8,60.2,59.6,58.3,56.6,54.1,50.8,47.2,43.5,42.3,42.2,42.5,42.9,43.1,43.1,43.4,43.8,44.4,45.0,45.7,46.6,47.6,49.0,50.7,51.6,51.9,51.0,49.7,47.7,45.7,43.1,40.2,38.0,37.7,37.6,37.4,37.4,37.7,38.2,38.7,38.6,38.8,39.3,39.6,39.8,40.6,41.9,43.5,44.9,45.1,44.5,43.7
64.1,60.8,60.5,60.5,60.7,61.0,61.4,61.9,62.4,63.0,63.8,64.7,66.1,68.0,70.7,72.4,72.6,71.7,70.9,69.3,66.8,63.9,60.5,56.8,53.2,50.9,50.5,50.5,50.8,51.1,51.3,51.1,51.7,52.3,52.9,53.6,54.5,56.1,58.1,59.9,60.3,60.0,59.4,58.2,56.4,53.6,50.3,46.7,42.9,42.0,42.1,42.3,42.5,42.6,42.7,43.1,43.6,44.1,44.6,45.5,46.4,47.4,48.9,50.6,51.7,51.6,50.7,49.3,47.5,45.2,42.5,39.6,37.5,37.6,37.1,36.8,37.2,37.7,38.1,38.3,38.2,38.8,39.0,39.2,39.7,41.0,42.2,44.1,45.2,45.1,44.7
67.2,63.6,60.5,60.1,60.1,60.4,60.5,61.0,61.5,61.9,62.6,63.3,64.4,65.5,67.5,70.4,71.9,71.9,71.4,70.3,68.5,66.1,63.3,59.8,56.3,52.7,50.3,50.1,50.3,50.5,50.5,50.6,50.8,51.5,51.8,52.5,53.3,54.4,55.9,57.7,59.4,60.1,59.9,59.4,58.1,55.9,53.1,49.8,46.1,42.6,41.8,41.9,42.0,41.9,42.2,42.4,43.0,43.3,43.6,44.5,45.3,46.2,47.3,48.9,50.7,51.4,51.3,50.4,49.0,47.0,44.6,41.7,39.0,37.4,37.0,36.6,36.6,37.2,37.6,37.7,37.8,38.2,38.5,38.7,39.1,40.0,41.3,42.7,44.4,45.2,45.2
70.4,66.7,63.3,60.0,59.8,59.8,59.9,60.2,60.5,61.0,61.5,62.0,63.0,63.9,65.1,67.2,69.8,71.2,71.6,70.9,69.5,67.8,65.5,62.7,59.3,55.7,52.0,50.0,50.0,50.0,49.9,49.8,50.3,50.6,50.9,51.3,52.2,53.2,54.2,55.5,57.2,59.2,59.9,59.9,59.3,57.7,55.4,52.6,49.2,45.7,42.5,41.6,41.6,41.4,41.6,41.9,42.3,42.7,42.9,43.5,44.2,45.1,46.1,47.3,48.9,50.4,51.2,50.9,50.1,48.4,46.3,43.7,41.1,38.8,36.8,36.5,36.3,36.7,37.2,37.3,37.3,37.8,37.9,38.2,38.5,39.4,40.4,41.8,43.1,44.3,45.3
73.2,70.0,66.5,62.8,59.7,59.4,59.4,59.5,59.8,60.1,60.6,61.0,61.7,62.5,63.5,64.8,66.7,69.2,70.8,71.0,70.0,68.8,67.2,65.0,62.2,58.7,55.1,51.7,49.8,49.6,49.4,49.2,49.6,50.1,50.1,50.5,51.0,52.1,53.0,53.8,55.0,57.0,59.0,59.9,59.9,58.9,57.2,54.8,52.0,48.8,45.4,42.2,41.3,41.0,41.1,41.3,41.8,42.1,42.5,42.7,43.2,44.1,45.0,46.2,47.4,48.6,50.1,50.8,50.6,49.4,47.6,45.3,43.1,40.9,38.1,36.4,36.3,36.4,36.6,36.8,36.7,37.3,37.5,37.6,38.0,38.9,39.8,40.9,42.1,42.9,44.4
75.3,72.8,69.7,66.0,62.4,59.3,59.0,59.0,59.1,59.4,59.7,60.1,60.6,61.2,62.2,63.2,64.4,66.1,68.8,70.3,70.2,69.4,68.3,66.6,64.4,61.5,57.9,54.6,51.4,49.5,49.1,48.8,49.0,49.4,49.5,49.7,50.2,50.9,51.9,52.6,53.3,54.7,56.7,58.9,59.8,59.5,58.4,56.6,54.3,51.6,48.3,45.1,41.8,40.7,40.7,40.8,41.1,41.6,41.9,42.2,42.5,43.1,44.0,45.1,46.2,47.1,48.4,49.8,50.4,50.0,48.6,46.6,44.7,42.9,40.1,37.7,36.1,36.3,36.4,36.2,36.4,36.8,36.9,37.2,37.4,38.4,39.2,40.2,41.2,41.9,43.0
76.8,74.8,72.6,69.2,65.6,62.0,58.9,58.6,58.6,58.8,58.9,59.2,59.7,60.1,60.9,61.9,62.8,63.8,65.7,68.2,69.4,69.5,68.8,67.7,66.1,63.7,60.8,57.5,54.3,51.0,49.0,48.5,48.6,48.8,48.9,49.2,49.4,50.1,50.7,51.5,52.0,53.0,54.4,56.5,58.7,59.4,59.0,57.8,56.0,53.8,51.1,48.0,44.6,41.3,40.4,40.4,40.7,40.9,41.5,41.6,42.1,42.4,43.0,44.3,45.1,45.9,46.9,48.1,49.4,49.7,49.2,47.6,46.0,44.4,42.1,39.7,37.4,36.1,36.3,35.9,35.9,36.3,36.5,36.7,37.1,37.9,38.8,39.7,40.5,40.9,42.1
77.7,76.3,74.5,72.1,68.9,65.2,61.5,58.6,58.2,58.3,58.3,58.4,58.8,59.2,59.8,60.6,61.5,62.2,63.4,65.1,67.4,68.7,69.0,68.3,67.1,65.3,62.9,60.2,57.2,53.9,50.4,48.4,48.3,48.4,48.3,48.5,48.9,49.4,49.9,50.3,50.8,51.7,52.7,54.2,56.2,58.3,58.9,58.4,57.2,55.5,53.3,50.7,47.4,44.1,41.0,40.2,40.3,40.6,40.9,41.2,41.5,41.9,42.4,43.3,44.2,44.8,45.7,46.7,47.7,48.7,49.0,48.2,47.1,45.7,43.6,41.7,39.4,37.4,36.1,35.8,35.6,35.8,36.0,36.3,36.5,37.5,38.3,39.3,40.0,40.3,41.1
78.5,77.2,76.0,74.2,71.8,68.5,64.9,61.1,58.2,57.9,57.9,57.8,58.0,58.3,58.9,59.6,60.3,60.9,61.8,62.9,64.3,66.6,68.2,68.4,67.7,66.3,64.5,62.3,59.8,56.7,53.3,49.8,48.2,48.1,47.9,48.0,48.2,48.8,49.2,49.5,49.7,50.6,51.4,52.4,53.9,55.8,57.8,58.3,57.8,56.7,54.8,52.9,50.1,46.9,43.7,40.7,40.0,40.1,40.4,40.7,41.0,41.3,42.0,42.7,43.3,43.9,44.7,45.5,46.4,47.1,48.0,48.1,47.7,46.8,44.8,43.3,41.5,39.3,37.2,35.6,35.4,35.5,35.5,35.8,36.1,36.9,37.9,38.8,39.6,39.8,40.4
78.5,78.1,76.9,75.6,73.9,71.4,68.1,64.5,60.7,57.8,57.5,57.3,57.3,57.4,58.0,58.7,59.4,59.7,60.5,61.3,62.1,63.7,66.0,67.5,67.8,66.9,65.5,63.9,61.9,59.3,56.1,52.7,49.5,48.0,47.5,47.4,47.6,48.1,48.6,48.8,48.9,49.5,50.2,51.0,52.1,53.5,55.4,57.2,57.7,57.3,56.1,54.4,52.2,49.5,46.4,43.3,40.4,39.8,40.0,40.2,40.5,40.8,41.4,42.2,42.7,43.0,43.8,44.5,45.2,45.7,46.4,47.2,47.5,47.4,45.8,44.6,43.1,41.3,39.1,36.6,35.2,35.4,35.2,35.3,35.7,36.5,37.4,38.4,39.0,39.3,40.0
78.0,78.1,77.6,76.5,75.4,73.5,71.1,67.7,64.1,60.3,57.4,56.9,56.9,56.8,57.2,57.7,58.5,58.8,59.3,59.9,60.6,61.4,63.0,65.4,66.9,66.9,66.1,64.9,63.3,61.3,58.6,55.5,52.5,49.2,47.4,47.1,47.1,47.6,47.9,48.2,48.2,48.6,49.1,49.8,50.6,51.7,53.1,54.7,56.7,57.2,56.7,55.6,53.7,51.6,49.1,46.1,42.9,40.1,39.9,39.9,40.1,40.3,40.9,41.7,42.3,42.5,42.9,43.6,44.2,44.6,45.2,45.6,46.7,47.2,46.4,45.6,44.4,43.0,41.0,38.4,36.3,35.2,35.1,35.0,35.2,36.2,37.0,37.9,38.6,38.8,39.5
76.5,77.6,77.6,77.1,76.3,74.9,73.1,70.7,67.4,63.7,59.8,56.8,56.5,56.3,56.5,57.0,57.6,57.9,58.4,58.7,59.2,59.9,60.8,62.5,64.8,66.0,66.2,65.5,64.2,62.7,60.7,58.1,55.3,52.1,48.6,47.0,46.8,47.1,47.4,47.6,47.6,47.9,48.3,48.7,49.5,50.2,51.3,52.5,54.3,56.2,56.7,56.3,54.9,53.0,51.1,48.8,45.7,42.5,40.0,39.7,39.7,39.9,40.4,41.2,41.7,42.0,42.4,42.8,43.3,43.6,44.0,44.4,45.2,46.4,46.3,46.3,45.4,44.3,42.7,40.3,38.1,36.1,34.9,34.9,35.0,35.6,36.6,37.5,38.1,38.4,39.0
73.6,76.0,77.1,77.1,76.9,75.9,74.5,72.6,70.3,66.9,63.2,59.2,56.4,55.9,56.0,56.4,56.7,57.0,57.4,57.8,58.1,58.6,59.3,60.3,62.0,63.9,65.4,65.6,64.8,63.5,62.1,60.3,57.9,54.8,51.5,48.1,46.7,46.8,46.9,47.1,47.0,47.3,47.5,47.9,48.4,49.1,49.9,50.8,52.1,53.8,55.6,56.2,55.5,54.2,52.6,50.9,48.3,45.1,42.3,39.8,39.5,39.6,39.9,40.6,41.3,41.5,41.9,42.3,42.6,42.7,43.1,43.2,44.0,45.0,45.5,46.1,46.0,45.2,43.9,42.0,40.0,37.9,35.8,34.7,34.8,35.4,36.1,37.1,37.8,37.9,38.6
71.0,73.1,75.5,76.7,76.8,76.4,75.5,74.1,72.3,69.9,66.4,62.7,58.7,55.8,55.7,55.9,56.1,56.1,56.5,56.8,57.2,57.5,58.1,58.9,59.9,61.2,63.2,64.7,64.8,64.1,62.9,61.7,59.9,57.3,54.4,51.1,47.8,46.6,46.6,46.6,46.6,46.7,46.9,47.1,47.6,47.9,48.7,49.4,50.4,51.7,53.3,55.2,55.4,54.9,53.8,52.4,50.4,47.7,44.9,42.1,39.7,39.4,39.6,40.2,40.7,41.1,41.3,41.8,42.1,42.1,42.1,42.4,42.9,43.8,44.1,45.4,45.9,45.8,44.8,43.2,41.7,39.7,37.6,35.6,34.7,35.3,35.9,36.6,37.3,37.7,38.1
69.1,70.5,72.6,75.0,76.3,76.5,76.0,75.1,73.8,71.9,69.4,65.9,62.2,58.1,55.5,55.5,55.6,55.6,55.6,56.0,56.2,56.6,57.0,57.6,58.5,59.1,60.6,62.6,64.0,64.1,63.4,62.6,61.4,59.4,57.0,54.0,50.8,47.6,46.3,46.3,46.0,46.3,46.3,46.5,46.8,47.1,47.7,48.1,49.0,50.0,51.3,52.9,54.5,54.8,54.5,53.6,51.9,49.7,47.4,44.6,41.9,39.5,39.4,39.8,40.2,40.6,40.9,41.2,41.7,41.5,41.5,41.5,42.1,42.8,43.0,44.0,45.1,45.7,45.4,44.1,43.0,41.4,39.3,37.4,35.6,35.2,35.7,36.4,36.8,37.2,37.8
67.8,68.7,70.1,72.2,74.7,76.0,76.0,75.6,74.8,73.4,71.5,68.9,65.4,61.6,57.8,55.3,55.2,55.1,55.0,55.1,55.4,55.6,56.0,56.5,57.3,57.8,58.6,60.1,62.0,63.2,63.4,63.1,62.3,60.8,59.0,56.6,53.8,50.6,47.3,46.0,45.7,45.7,45.7,45.9,46.1,46.4,46.8,47.0,47.7,48.7,49.7,50.9,52.3,53.8,54.4,54.2,53.0,51.3,49.4,47.1,44.4,41.6,39.5,39.7,39.8,40.1,40.4,40.8,41.1,41.2,40.9,40.8,41.3,42.0,42.0,42.8,43.8,44.9,45.3,44.7,44.0,42.7,41.0,39.2,37.5,36.0,35.7,36.2,36.5,36.8,37.4
66.4,67.3,68.3,69.6,71.8,74.3,75.5,75.7,75.3,74.4,72.9,71.0,68.3,64.8,61.3,57.6,55.0,54.6,54.5,54.5,54.6,54.9,55.0,55.6,56.2,56.6,57.3,58.1,59.5,61.3,62.6,63.2,62.8,61.8,60.4,58.7,56.4,53.5,50.3,46.9,45.4,45.3,45.2,45.3,45.5,45.7,46.1,46.2,46.7,47.5,48.4,49.3,50.3,51.7,53.4,54.1,53.7,52.3,50.9,49.0,46.8,44.2,41.6,39.8,39.7,39.7,39.8,40.3,40.7,40.6,40.6,40.3,40.6,41.1,41.2,41.8,42.7,43.7,44.6,44.7,44.5,43.7,42.3,40.8,39.3,37.8,36.5,36.1,36.2,36.5,37.0
65.3,66.0,66.9,67.8,69.2,71.4,73.8,75.2,75.4,74.9,74.0,72.5,70.5,67.8,64.5,61.0,57.2,54.4,54.1,54.0,54.0,54.0,54.3,54.6,55.3,55.5,56.1,56.9,57.7,58.9,60.6,62.3,62.9,62.2,61.5,60.2,58.5,56.0,53.2,49.8,46.3,45.1,44.8,44.7,44.9,45.1,45.4,45.5,45.8,46.5,47.1,48.0,48.8,49.7,51.3,53.1,53.5,53.0,52.0,50.5,48.7,46.7,44.1,41.9,39.8,39.6,39.5,39.8,40.2,40.2,40.1,40.0,40.1,40.5,40.4,41.0,41.7,42.5,43.3,44.0,44.5,44.2,43.2,42.2,41.0,39.6,38.3,37.0,36.1,36.2,36.7
