day 0,day 1,day 2,day 3,day 4,day 5,day 6,day 7,day 8,day 9,day 10,day 11,day 12,day 13,day 14,day 15,day 16,day 17,day 18,day 19,day 20,day 21,day 22,day 23,day 24,day 25,day 26,day 27,day 28,day 29,day 30,day 31,day 32,day 33,day 34,day 35,day 36,day 37,day 38,day 39,day 40,day 41,day 42,day 43,day 44,day 45,day 46,day 47,day 48,day 49,day 50,day 51,day 52,day 53,day 54,day 55,day 56,day 57,day 58,day 59,day 60,day 61,day 62,day 63,day 64,day 65,day 66,day 67,day 68,day 69,day 70,day 71,day 72,day 73,day 74,day 75,day 76,day 77,day 78,day 79,day 80,day 81,day 82,day 83,day 84,day 85,day 86,day 87,day 88,day 89,day 90,day 91,day 92,day 93
37.5,38.3,39.2,40.3,41.9,44.2,47.1,49.4,50.5,51.8,51.8,51.5,50.2,49.1,47.4,44.9,42.1,38.4,36.1,36.4,36.6,37.2,38.1,39.0,40.0,41.3,42.9,44.8,47.6,50.7,54.6,57.7,59.3,60.7,61.3,61.2,60.5,58.7,56.2,53.7,50.7,46.4,41.1,40.5,41.4,42.4,43.8,44.8,46.2,48.1,50.2,52.8,55.7,59.5,63.3,65.2,66.7,68.0,67.8,66.6,65.5,63.5,60.9,58.1,55.0,51.6,46.5,44.4,45.1,46.5,47.7,49.4,50.9,53.1,55.0,57.2,60.3,64.2,67.5,70.1,71.9,73.4,73.6,73.0,71.6,69.5,67.0,64.1,60.8,57.1,51.4,48.6,49.8,51.4
36.8,37.5,38.3,39.3,40.4,42.0,44.2,47.1,49.6,50.7,52.1,52.1,51.7,50.9,49.5,47.7,45.2,42.4,38.5,36.2,36.3,36.5,37.6,38.2,39.1,40.4,41.7,43.3,45.3,47.9,51.0,55.4,58.1,59.8,61.4,62.1,61.8,60.8,59.0,56.4,54.1,50.8,46.6,41.4,40.7,41.6,42.7,43.8,44.9,46.6,48.4,50.6,53.0,56.0,59.6,63.2,65.2,66.7,67.7,67.6,66.6,65.3,63.4,61.0,58.0,55.3,51.8,46.6,44.5,45.4,46.7,48.3,49.7,51.4,53.5,55.3,57.6,60.7,64.5,67.9,70.4,71.9,73.6,73.7,73.1,71.6,69.5,67.3,64.4,61.0,57.5,51.7,48.8,50.1
36.2,36.8,37.5,38.4,39.5,40.6,42.0,44.3,47.3,49.7,51.0,52.4,52.4,52.4,51.3,49.7,48.0,45.5,42.4,38.6,36.1,36.2,37.0,37.7,38.3,39.4,40.7,42.0,43.7,45.6,48.2,51.8,55.9,58.6,60.5,62.3,62.7,62.1,61.1,59.2,56.9,54.2,51.1,47.0,41.7,40.8,41.9,42.8,43.9,45.3,46.9,48.9,50.9,53.4,56.1,59.6,63.3,65.2,66.4,67.4,67.5,66.3,65.2,63.5,60.8,58.3,55.5,52.0,46.9,44.8,45.6,47.3,48.5,50.2,51.8,53.7,55.7,58.0,60.8,64.9,68.2,70.3,72.0,73.6,73.7,73.1,71.6,69.8,67.7,64.6,61.4,57.8,51.9,49.2
35.8,36.2,36.8,37.6,38.6,39.5,40.6,42.1,44.4,47.4,50.1,51.3,52.7,53.0,52.8,51.5,50.1,48.3,45.5,42.4,38.7,36.1,36.5,37.0,37.7,38.6,39.6,41.0,42.4,44.0,45.8,48.8,52.2,56.3,59.3,61.2,62.9,63.0,62.4,61.3,59.6,57.1,54.5,51.5,47.4,41.9,41.1,41.9,42.9,44.2,45.6,47.4,49.2,51.1,53.5,56.0,59.7,63.2,65.0,66.1,67.3,67.2,66.3,65.2,63.3,61.1,58.5,55.7,52.3,47.2,45.1,46.1,47.4,49.0,50.6,52.0,54.1,56.0,58.2,61.2,65.2,68.3,70.5,72.1,73.8,73.7,73.2,72.1,70.2,68.0,65.1,61.8,58.1,52.3
35.2,35.8,36.2,36.8,37.7,38.6,39.5,40.6,42.3,44.5,47.8,50.3,51.6,53.2,53.5,52.9,51.9,50.6,48.3,45.4,42.5,39.0,36.4,36.5,37.0,38.0,38.8,40.0,41.4,42.6,44.2,46.4,49.2,52.6,57.1,60.0,61.8,63.2,63.3,62.6,61.5,59.7,57.4,54.9,51.9,47.8,42.2,41.2,41.9,43.2,44.6,46.1,47.7,49.5,51.3,53.5,56.2,59.6,63.0,64.8,66.0,67.0,67.1,66.4,65.2,63.6,61.3,58.7,56.0,52.6,47.6,45.6,46.4,47.9,49.3,50.7,52.3,54.3,56.2,58.5,61.5,65.3,68.5,70.6,72.2,73.8,73.9,73.6,72.4,70.5,68.5,65.4,62.0,58.6
34.8,35.2,35.7,36.2,37.0,37.7,38.7,39.5,40.8,42.4,44.9,48.1,50.6,52.1,53.7,53.6,53.4,52.4,50.5,48.1,45.6,42.9,39.5,36.5,36.5,37.3,38.3,39.1,40.3,41.6,42.8,44.7,46.8,49.6,53.2,57.8,60.6,62.2,63.5,63.5,62.9,61.7,60.1,57.9,55.3,52.4,48.1,42.4,41.2,42.2,43.5,45.1,46.4,48.0,49.7,51.4,53.6,56.1,59.4,62.8,64.6,65.6,67.0,67.2,66.4,65.5,63.8,61.5,59.0,56.3,53.1,48.1,45.8,46.9,48.3,49.5,51.0,52.6,54.6,56.6,58.8,61.6,65.5,68.7,70.8,72.3,74.0,74.4,74.1,72.7,71.0,68.8,65.6,62.5
34.5,34.9,35.1,35.7,36.4,37.1,37.8,38.7,39.7,40.8,42.7,45.0,48.3,51.1,52.6,53.8,54.1,53.8,52.3,50.4,48.3,46.1,43.4,39.9,36.5,36.9,37.5,38.5,39.5,40.5,41.8,43.3,45.1,47.2,50.1,53.9,58.3,60.9,62.4,63.7,63.8,63.0,62.1,60.5,58.4,55.9,52.7,48.3,42.7,41.5,42.6,44.0,45.4,46.7,48.3,49.8,51.4,53.5,55.9,59.3,62.7,64.2,65.7,67.0,67.1,66.7,65.8,64.0,61.9,59.4,56.8,53.6,48.4,46.3,47.2,48.5,49.8,51.3,52.8,54.9,56.9,59.0,61.8,65.6,68.8,70.9,72.4,74.4,74.7,74.4,73.3,71.4,69.0,66.1
35.2,34.6,34.7,35.1,35.9,36.6,37.1,37.8,38.8,39.7,41.1,42.8,45.2,48.8,51.5,52.7,54.3,54.5,53.7,52.2,50.6,48.9,46.6,44.0,40.2,36.8,37.0,37.8,39.0,39.6,40.5,42.2,43.6,45.5,47.7,50.5,54.4,58.7,61.2,62.6,63.9,63.9,63.5,62.5,61.0,58.9,56.1,52.8,48.6,43.0,41.8,43.2,44.4,45.8,47.0,48.4,49.9,51.4,53.4,56.0,59.3,62.3,64.2,65.6,67.0,67.5,67.0,66.1,64.4,62.3,60.0,57.3,54.0,48.9,46.6,47.4,48.8,50.0,51.4,53.1,55.3,57.1,59.2,61.9,65.8,69.0,71.1,72.9,74.8,75.1,74.9,73.6,71.8,69.5
38.7,35.3,34.4,34.8,35.3,36.1,36.5,37.2,37.9,38.8,40.0,41.2,43.0,45.6,49.2,51.6,53.1,54.7,54.4,53.5,52.4,51.1,49.4,47.1,44.5,40.7,37.0,37.2,38.1,39.0,39.7,41.0,42.6,44.0,46.0,48.1,51.0,54.7,59.0,61.5,62.8,64.1,64.4,64.0,63.1,61.5,59.1,56.2,53.2,49.0,43.4,42.3,43.5,44.7,46.1,47.1,48.5,49.9,51.3,53.4,55.9,59.1,62.3,64.1,65.6,67.4,67.8,67.3,66.5,64.8,62.9,60.4,57.7,54.5,49.3,46.7,47.6,48.9,50.1,51.7,53.5,55.5,57.3,59.2,62.0,65.9,69.2,71.6,73.3,75.2,75.6,75.3,74.0,72.3
42.2,38.8,35.2,34.4,34.9,35.5,36.0,36.6,37.3,37.9,39.1,40.1,41.3,43.3,46.0,49.3,52.0,53.5,54.6,54.3,53.7,53.0,51.7,50.0,47.7,44.9,41.0,37.2,37.6,38.2,39.1,40.0,41.4,43.0,44.5,46.4,48.6,51.3,55.0,59.3,61.6,63.0,64.6,64.9,64.6,63.5,61.7,59.2,56.7,53.6,49.5,44.0,42.7,43.9,45.0,46.1,47.2,48.5,49.8,51.3,53.4,55.8,59.1,62.2,64.2,66.0,67.6,68.1,67.6,67.0,65.5,63.3,60.9,58.3,54.9,49.4,47.0,47.7,49.0,50.4,52.0,53.7,55.7,57.3,59.4,62.1,66.1,69.6,71.9,73.8,75.6,76.0,75.7,74.5
44.9,42.2,38.9,35.3,34.6,35.1,35.4,36.1,36.7,37.3,38.2,39.3,40.2,41.6,43.8,46.1,49.7,52.4,53.5,54.4,54.4,54.2,53.5,52.3,50.5,48.2,45.2,41.4,37.5,37.6,38.2,39.4,40.4,41.8,43.5,44.9,46.7,48.9,51.6,55.3,59.4,61.7,63.5,65.1,65.5,65.0,63.7,61.9,59.8,57.1,54.1,49.9,44.4,43.1,44.2,45.1,46.2,47.2,48.4,49.8,51.4,53.4,55.9,59.1,62.2,64.5,66.2,67.9,68.5,68.1,67.6,66.0,63.8,61.5,58.7,55.1,49.8,47.2,47.9,49.3,50.8,52.2,53.9,55.7,57.4,59.5,62.2,66.5,69.9,72.3,74.3,76.1,76.4,76.2
47.0,44.8,42.3,39.1,35.6,34.8,35.1,35.6,36.2,36.7,37.6,38.4,39.4,40.4,42.0,43.9,46.4,50.0,52.2,53.4,54.6,54.9,54.8,54.2,52.9,51.0,48.5,45.7,41.8,37.6,37.5,38.5,39.7,40.8,42.2,43.8,45.2,47.1,49.3,52.0,55.5,59.6,62.1,63.9,65.6,66.0,65.1,64.0,62.5,60.2,57.7,54.5,50.2,44.8,43.3,44.3,45.2,46.2,47.1,48.6,50.0,51.4,53.5,55.9,59.1,62.5,64.7,66.5,68.2,68.9,68.7,67.9,66.5,64.4,61.8,58.9,55.6,50.0,47.2,48.1,49.6,51.0,52.4,53.9,55.7,57.5,59.6,62.6,66.9,70.4,72.9,74.7,76.5,77.0
48.6,46.9,45.0,42.5,39.4,35.9,34.7,35.2,35.7,36.2,37.0,37.8,38.4,39.6,40.9,42.1,44.1,46.7,49.8,52.1,53.6,55.0,55.5,55.4,54.8,53.5,51.3,49.0,46.1,42.1,37.6,37.8,38.8,40.0,41.2,42.5,44.1,45.5,47.4,49.6,52.2,55.7,60.0,62.4,64.5,66.2,66.1,65.3,64.5,63.0,60.9,58.0,54.7,50.6,45.1,43.5,44.3,45.2,46.1,47.3,48.7,50.0,51.6,53.6,56.0,59.4,62.6,65.0,66.9,68.7,69.5,69.0,68.5,67.1,64.8,62.2,59.5,55.8,50.1,47.5,48.4,49.9,51.2,52.3,53.9,55.8,57.6,59.8,62.8,67.4,70.9,73.2,75.2,77.1
49.9,48.6,47.1,45.1,42.6,39.6,35.9,34.9,35.3,35.7,36.6,37.2,37.8,38.6,40.0,40.9,42.3,44.4,46.6,49.8,52.3,54.0,55.6,56.2,56.1,55.4,53.8,51.8,49.4,46.5,42.4,37.9,38.1,39.2,40.3,41.5,42.8,44.3,45.8,47.8,49.9,52.4,56.1,60.4,63.0,65.0,66.2,66.4,65.8,64.9,63.5,61.3,58.2,54.9,50.8,45.3,43.6,44.3,45.1,46.2,47.5,48.7,50.2,51.7,53.7,56.3,59.6,62.8,65.2,67.4,69.3,69.8,69.6,69.1,67.5,65.1,62.8,59.7,56.0,50.4,47.8,48.7,50.0,51.1,52.4,54.1,55.8,57.9,60.2,63.2,67.9,71.3,73.7,75.7
50.4,49.9,48.8,47.2,45.3,42.7,39.6,36.1,34.9,35.3,36.1,36.7,37.2,38.0,39.0,40.0,41.1,42.5,44.4,46.7,50.1,52.7,54.5,56.3,56.9,56.6,55.7,54.3,52.0,49.7,46.9,42.8,38.3,38.5,39.5,40.6,41.8,42.9,44.5,46.1,48.1,50.1,52.7,56.4,60.9,63.4,65.0,66.5,66.9,66.2,65.4,63.8,61.4,58.4,55.1,50.8,45.4,43.5,44.2,45.2,46.5,47.5,48.9,50.3,51.7,53.9,56.4,59.9,63.1,65.7,68.0,69.7,70.4,70.3,69.4,67.8,65.8,63.1,59.9,56.4,50.6,48.0,48.8,50.0,51.1,52.5,54.0,56.0,58.1,60.6,63.6,68.2,71.8,74.2
50.9,50.5,50.2,48.9,47.4,45.3,42.7,39.7,36.2,35.0,35.7,36.2,36.7,37.4,38.5,39.0,40.1,41.1,42.5,44.4,46.9,50.5,53.2,55.2,57.0,57.4,56.8,56.2,54.6,52.4,50.3,47.4,43.3,38.7,38.8,39.7,40.9,41.9,43.2,44.9,46.5,48.2,50.4,53.0,56.9,61.4,63.5,65.3,66.9,67.2,66.7,65.5,63.9,61.5,58.5,55.1,51.0,45.4,43.5,44.3,45.5,46.5,47.7,49.1,50.4,51.9,54.1,56.7,60.2,63.5,66.3,68.4,70.3,71.1,70.7,69.8,68.3,66.2,63.4,60.3,56.5,50.8,48.1,48.7,50.0,51.3,52.4,54.3,56.2,58.5,61.1,64.0,68.7,72.3
49.9,50.9,50.7,50.3,49.0,47.4,45.3,42.9,39.8,36.4,35.4,35.9,36.1,36.9,37.8,38.4,39.1,40.1,41.1,42.4,44.6,47.4,51.1,53.9,56.0,57.5,57.6,57.4,56.5,55.0,53.0,50.8,47.8,43.8,39.1,39.1,40.0,41.1,42.2,43.5,45.2,46.5,48.4,50.7,53.4,57.3,61.4,63.8,65.7,67.3,67.7,66.8,65.6,64.1,61.7,58.5,55.3,51.1,45.4,43.6,44.6,45.5,46.7,47.9,49.1,50.5,52.1,54.4,56.9,60.7,64.2,66.7,68.9,71.0,71.5,71.1,70.3,68.7,66.5,63.8,60.4,56.5,50.9,48.0,48.8,50.2,51.2,52.6,54.5,56.6,59.0,61.4,64.5,69.3
48.8,49.9,51.2,50.9,50.5,49.0,47.4,45.4,43.0,40.1,36.9,35.5,35.8,36.4,37.3,37.7,38.4,39.1,40.2,41.0,42.5,45.1,47.8,51.7,54.6,56.4,57.7,58.2,57.7,57.0,55.7,53.5,51.2,48.4,44.3,39.4,39.4,40.2,41.3,42.5,43.8,45.2,46.8,48.7,51.0,53.7,57.4,61.8,64.2,66.0,67.6,67.8,67.0,65.8,64.2,61.5,58.6,55.3,51.0,45.5,43.8,44.6,45.7,46.9,47.9,49.2,50.6,52.5,54.6,57.4,61.3,64.5,67.3,69.5,71.6,71.9,71.7,70.7,69.0,66.9,63.9,60.4,56.6,50.9,48.0,49.0,49.9,51.3,52.8,54.8,57.1,59.4,61.8,65.0
46.5,48.8,50.1,51.3,51.0,50.5,49.0,47.5,45.5,43.3,40.6,37.2,35.5,36.1,36.8,37.3,37.7,38.4,39.1,40.0,41.1,43.0,45.4,48.3,52.4,55.1,56.7,58.3,58.5,58.2,57.7,56.2,53.8,51.8,48.9,44.8,39.7,39.5,40.3,41.6,42.8,43.9,45.4,47.0,49.0,51.3,53.9,57.8,62.2,64.6,66.4,67.7,68.0,67.1,65.9,64.0,61.5,58.5,55.1,51.1,45.7,43.9,44.8,45.9,46.9,48.0,49.2,51.0,52.8,55.0,58.0,61.6,65.1,67.9,70.0,71.9,72.5,72.0,71.1,69.4,66.9,63.9,60.5,56.6,50.9,48.1,48.8,50.1,51.5,53.1,55.2,57.5,59.8,62.3
43.7,46.6,49.1,50.2,51.4,51.0,50.5,49.2,47.7,45.8,43.6,40.8,37.2,35.8,36.5,36.7,37.3,37.7,38.5,39.1,40.1,41.6,43.2,45.9,48.9,52.8,55.4,57.2,58.6,58.9,58.9,58.2,56.4,54.4,52.4,49.5,45.2,40.0,39.6,40.6,41.9,42.9,44.1,45.7,47.3,49.3,51.4,54.1,58.2,62.6,65.0,66.5,67.9,68.1,67.2,65.9,64.1,61.4,58.4,55.1,51.1,45.8,44.1,45.0,45.9,46.9,48.0,49.6,51.3,53.2,55.6,58.3,62.2,65.6,68.4,70.4,72.4,72.8,72.3,71.4,69.4,67.0,63.9,60.5,56.6,51.0,48.0,48.9,50.1,51.7,53.5,55.6,57.9,60.3
41.5,43.8,46.9,49.2,50.3,51.4,51.0,50.6,49.4,47.9,46.2,43.8,41.1,37.7,36.2,36.4,36.7,37.3,37.8,38.4,39.2,40.6,41.9,43.5,46.3,49.3,53.2,56.0,57.6,59.0,59.7,59.4,58.5,57.1,55.0,52.8,49.8,45.5,40.1,40.0,40.9,41.9,43.1,44.4,45.9,47.6,49.3,51.6,54.5,58.7,63.0,65.1,66.7,67.9,68.0,67.2,65.9,64.0,61.2,58.3,55.0,51.1,46.1,44.4,45.0,45.9,46.9,48.3,49.9,51.7,53.7,55.9,58.9,62.8,66.1,68.8,70.9,72.8,73.1,72.7,71.4,69.5,67.1,63.9,60.5,56.6,50.9,48.1,49.0,50.4,52.1,53.8,56.0,58.4
40.1,41.6,44.0,47.0,49.4,50.3,51.4,51.2,50.8,49.7,48.2,46.4,44.2,41.5,38.1,36.2,36.4,36.8,37.3,37.7,38.4,39.7,40.8,42.1,44.0,46.7,49.8,53.8,56.4,58.0,59.8,60.2,59.7,59.2,57.8,55.5,53.1,50.2,45.8,40.6,40.1,40.9,42.1,43.3,44.5,46.1,47.6,49.5,52.0,54.9,59.1,63.1,65.2,66.7,67.9,68.1,67.2,65.8,63.7,61.2,58.1,54.9,51.3,46.3,44.4,44.9,46.0,47.2,48.7,50.1,52.2,54.1,56.5,59.4,63.2,66.6,69.4,71.3,73.1,73.4,72.8,71.5,69.6,67.1,63.9,60.4,56.7,51.1,48.2,49.1,50.7,52.4,54.2,56.4
39.0,40.1,41.8,44.0,47.1,49.4,50.3,51.6,51.4,51.2,50.0,48.5,46.9,44.6,41.9,38.2,36.1,36.3,36.8,37.3,37.7,38.9,39.8,41.0,42.5,44.4,47.2,50.3,54.2,56.8,58.8,60.3,60.6,60.4,59.9,58.3,55.8,53.5,50.4,46.2,40.9,40.2,41.2,42.3,43.5,44.9,46.1,47.8,49.8,52.3,55.5,59.3,63.3,65.3,66.7,68.0,68.1,66.9,65.6,63.7,61.0,58.0,55.0,51.4,46.4,44.3,44.9,46.2,47.5,48.9,50.6,52.5,54.6,56.9,59.8,63.7,67.2,69.7,71.6,73.5,73.4,72.9,71.6,69.6,67.0,63.8,60.6,56.9,51.2,48.3,49.5,51.0,52.8,54.7
38.3,39.2,40.3,41.9,44.2,47.1,49.4,50.5,51.8,51.8,51.5,50.2,49.1,47.4,44.9,42.1,38.4,36.1,36.4,36.6,37.2,38.1,39.0,40.0,41.3,42.9,44.8,47.6,50.7,54.6,57.7,59.3,60.7,61.3,61.2,60.5,58.7,56.2,53.7,50.7,46.4,41.1,40.5,41.4,42.4,43.8,44.8,46.2,48.1,50.2,52.8,55.7,59.5,63.3,65.2,66.7,68.0,67.8,66.6,65.5,63.5,60.9,58.1,55.0,51.6,46.5,44.4,45.1,46.5,47.7,49.4,50.9,53.1,55.0,57.2,60.3,64.2,67.5,70.1,71.9,73.4,73.6,73.0,71.6,69.5,67.0,64.1,60.8,57.1,51.4,48.6,49.8,51.4,53.2
37.5,38.3,39.3,40.4,42.0,44.2,47.1,49.6,50.7,52.1,52.1,51.7,50.9,49.5,47.7,45.2,42.4,38.5,36.2,36.3,36.5,37.6,38.2,39.1,40.4,41.7,43.3,45.3,47.9,51.0,55.4,58.1,59.8,61.4,62.1,61.8,60.8,59.0,56.4,54.1,50.8,46.6,41.4,40.7,41.6,42.7,43.8,44.9,46.6,48.4,50.6,53.0,56.0,59.6,63.2,65.2,66.7,67.7,67.6,66.6,65.3,63.4,61.0,58.0,55.3,51.8,46.6,44.5,45.4,46.7,48.3,49.7,51.4,53.5,55.3,57.6,60.7,64.5,67.9,70.4,71.9,73.6,73.7,73.1,71.6,69.5,67.3,64.4,61.0,57.5,51.7,48.8,50.1,51.7
