day 0,day 1,day 2,day 3,day 4,day 5,day 6,day 7,day 8,day 9,day 10,day 11,day 12,day 13,day 14,day 15,day 16,day 17,day 18,day 19,day 20,day 21,day 22,day 23,day 24,day 25,day 26,day 27,day 28,day 29,day 30,day 31,day 32,day 33,day 34,day 35,day 36,day 37,day 38,day 39,day 40,day 41,day 42,day 43,day 44,day 45,day 46,day 47,day 48,day 49,day 50,day 51,day 52,day 53,day 54,day 55,day 56,day 57,day 58,day 59,day 60,day 61,day 62,day 63,day 64,day 65,day 66,day 67,day 68,day 69,day 70,day 71,day 72,day 73,day 74,day 75,day 76,day 77,day 78,day 79,day 80,day 81,day 82,day 83,day 84,day 85,day 86,day 87,day 88,day 89,day 90
69.4,69.4,69.6,69.9,70.6,71.5,73.0,75.5,77.1,77.8,77.9,77.7,76.8,75.2,73.3,70.5,67.1,63.5,62.3,62.3,62.3,62.1,61.9,61.8,61.5,61.7,61.7,61.9,62.4,63.1,64.7,67.6,69.6,70.5,70.8,70.2,69.1,67.3,64.9,61.9,57.9,54.3,53.7,53.7,53.3,53.3,53.1,53.1,53.5,53.7,53.5,54.0,54.7,55.3,56.5,58.6,61.2,62.2,62.1,61.4,60.6,58.9,56.3,52.9,48.8,46.5,46.7,47.1,47.0,47.5,47.8,48.0,47.9,47.8,48.7,49.0,49.4,50.7,52.0,54.3,56.5,57.4,57.8,57.2,55.8,53.7,51.5,48.7,45.6,45.4,45.4
69.1,69.1,69.0,69.2,69.8,70.4,71.2,72.7,75.3,77.0,77.6,77.8,77.4,76.5,74.8,72.9,70.2,66.9,63.1,61.9,61.9,61.9,61.7,61.4,61.2,61.0,61.1,61.1,61.5,62.0,62.7,64.4,67.0,69.5,70.4,70.4,69.7,68.6,67.0,64.7,61.6,57.3,53.8,53.5,53.0,52.7,52.9,52.8,53.0,53.2,53.2,53.2,53.9,54.2,54.8,56.0,58.3,60.9,61.7,61.7,61.4,60.3,58.6,56.2,52.9,48.8,46.4,46.7,46.8,47.1,47.4,47.7,47.6,47.4,48.1,48.5,48.6,49.4,50.8,51.9,54.0,56.3,57.5,57.5,56.8,55.6,53.7,51.7,49.2,46.2,45.2
68.8,68.8,68.6,68.6,69.1,69.6,70.1,71.0,72.6,75.2,76.7,77.5,77.5,77.1,76.0,74.6,72.6,70.0,66.4,62.6,61.5,61.4,61.4,61.1,60.7,60.6,60.4,60.4,60.6,61.2,61.7,62.5,63.8,66.8,69.3,70.0,70.0,69.2,68.3,66.8,64.4,61.0,56.8,53.6,52.8,52.4,52.3,52.5,52.6,52.7,52.6,53.0,53.2,53.5,53.7,54.4,55.7,58.0,60.5,61.4,61.7,61.2,60.1,58.5,56.1,52.8,48.6,46.4,46.4,47.0,47.0,47.3,47.3,47.1,47.6,47.8,48.2,48.6,49.5,50.7,51.5,53.9,56.3,57.2,57.2,56.6,55.5,54.0,52.3,49.7,46.1
68.6,68.5,68.3,68.2,68.5,68.9,69.2,69.8,70.8,72.4,74.9,76.5,77.1,77.2,76.7,75.7,74.3,72.5,69.6,65.9,62.2,61.1,60.9,60.7,60.3,60.2,60.1,59.7,60.0,60.3,60.8,61.4,61.8,63.6,66.7,68.9,69.6,69.4,68.9,68.1,66.5,63.8,60.6,56.5,52.9,52.2,52.1,52.0,52.4,52.4,52.2,52.4,52.9,52.7,52.9,53.3,54.0,55.5,57.6,60.2,61.4,61.5,60.9,59.9,58.5,56.1,52.6,48.4,46.1,46.6,46.8,46.9,46.8,46.8,47.4,47.4,47.5,48.2,48.7,49.5,50.3,51.4,53.8,56.0,56.9,56.9,56.6,55.8,54.6,52.6,49.5
68.4,68.2,68.0,68.0,68.1,68.3,68.6,69.0,69.7,70.6,72.1,74.7,76.2,76.8,76.8,76.3,75.5,74.2,72.0,69.1,65.5,61.8,60.5,60.3,60.0,59.8,59.6,59.3,59.3,59.7,60.0,60.6,60.8,61.7,63.5,66.2,68.4,69.0,69.2,68.8,67.7,65.9,63.4,60.3,55.9,52.3,51.9,51.9,51.9,52.1,51.9,52.0,52.4,52.4,52.2,52.4,52.9,53.9,55.2,57.3,60.1,61.2,61.3,60.8,59.9,58.5,55.8,52.5,48.1,46.3,46.5,46.8,46.4,46.4,47.2,47.1,47.1,47.5,48.3,48.7,49.1,50.2,51.3,53.5,55.7,56.8,56.9,56.9,56.3,55.0,52.4
68.1,68.1,67.7,67.7,67.9,67.9,68.1,68.4,68.8,69.5,70.4,71.8,74.3,75.9,76.5,76.5,76.2,75.4,73.8,71.6,68.7,65.1,61.1,59.8,59.6,59.4,59.3,58.9,59.0,59.1,59.4,59.7,60.0,60.7,61.5,63.1,65.7,67.8,68.6,69.0,68.4,67.1,65.5,63.1,59.7,55.3,52.0,51.7,51.8,51.7,51.6,51.7,51.9,51.9,51.9,51.6,52.0,52.8,53.6,55.0,57.3,60.0,61.0,61.3,60.8,59.8,58.1,55.7,52.2,48.2,46.2,46.4,46.3,46.1,46.8,46.7,46.8,47.1,47.6,48.3,48.3,49.1,50.2,51.1,53.2,55.5,56.7,57.2,57.5,56.6,54.7
67.8,67.7,67.5,67.4,67.5,67.6,67.6,67.8,68.3,68.6,69.3,70.2,71.5,74.0,75.5,76.2,76.4,76.0,75.0,73.3,71.2,68.4,64.5,60.4,59.1,59.0,58.9,58.6,58.6,58.8,58.8,59.1,59.2,59.8,60.5,61.1,62.5,65.2,67.5,68.4,68.6,67.8,66.8,65.1,62.5,59.1,54.9,51.8,51.5,51.5,51.1,51.4,51.7,51.4,51.3,51.3,51.2,52.0,52.4,53.4,55.0,57.1,59.8,61.0,61.2,60.7,59.6,58.1,55.5,52.2,47.9,46.1,46.0,45.9,46.5,46.4,46.5,46.8,47.1,47.5,48.0,48.3,49.0,50.0,50.8,52.9,55.5,57.0,57.8,57.7,56.3
68.9,67.5,67.2,67.2,67.3,67.3,67.4,67.3,67.6,68.0,68.5,69.0,69.8,71.1,73.6,75.2,76.0,76.2,75.7,74.5,73.0,70.9,67.9,63.9,59.7,58.6,58.4,58.2,58.3,58.4,58.5,58.5,58.5,59.0,59.7,60.1,60.5,62.1,64.9,67.2,68.0,68.0,67.5,66.5,64.6,62.1,58.7,54.5,51.5,51.3,51.1,51.0,51.3,51.1,50.8,50.8,50.9,51.1,51.6,52.2,53.4,54.7,56.9,59.8,60.9,61.2,60.4,59.6,57.9,55.4,52.0,47.7,45.6,45.6,46.2,46.1,46.2,46.5,46.9,47.1,47.1,47.9,48.3,48.9,49.6,50.6,52.9,55.8,57.6,57.9,57.5
72.0,68.5,66.9,66.8,67.1,67.1,67.0,67.1,67.1,67.4,67.9,68.3,68.7,69.5,70.8,73.2,75.0,75.7,75.9,75.1,74.2,72.7,70.5,67.4,63.3,59.1,58.0,57.7,57.8,58.0,58.2,58.2,58.0,58.4,58.9,59.3,59.4,60.3,61.9,64.6,66.9,67.4,67.7,67.3,66.0,64.2,61.6,58.3,54.2,51.3,50.8,50.9,50.9,50.8,50.6,50.4,50.5,50.9,50.7,51.5,52.3,53.1,54.3,56.7,59.7,60.8,60.9,60.4,59.5,57.8,55.2,51.8,47.2,45.3,45.9,45.7,45.9,46.3,46.6,46.9,46.8,47.1,47.9,48.1,48.5,49.4,50.5,53.2,56.3,57.6,57.8
74.6,71.6,68.0,66.6,66.7,66.9,66.7,66.7,66.9,66.9,67.3,67.7,67.9,68.4,69.1,70.3,73.0,74.7,75.4,75.3,74.8,74.0,72.4,70.0,66.9,62.8,58.6,57.3,57.4,57.6,57.8,57.9,57.7,57.8,58.2,58.4,58.6,59.1,60.1,61.7,64.3,66.2,67.2,67.5,66.8,65.6,63.8,61.3,57.9,53.8,50.8,50.6,50.8,50.3,50.2,50.1,50.2,50.4,50.4,50.6,51.4,51.9,52.7,54.1,56.6,59.5,60.5,60.9,60.3,59.3,57.6,54.7,51.2,46.9,45.7,45.4,45.6,46.0,46.4,46.6,46.6,46.8,47.1,47.6,47.7,48.4,49.3,50.7,53.7,56.4,57.6
76.5,74.2,71.3,67.7,66.4,66.4,66.5,66.5,66.5,66.7,66.8,67.2,67.4,67.6,68.0,68.7,70.1,72.6,74.3,74.8,75.0,74.6,73.7,71.9,69.6,66.5,62.3,57.9,57.0,57.2,57.3,57.4,57.4,57.5,57.7,57.8,57.7,58.3,59.0,59.9,61.5,63.6,66.0,67.0,67.0,66.4,65.1,63.4,60.9,57.4,53.4,50.5,50.4,50.1,49.7,49.7,50.0,50.1,50.0,50.3,50.5,51.0,51.5,52.5,54.1,56.5,59.3,60.5,60.8,60.0,59.1,57.0,54.2,50.9,47.1,45.2,45.3,45.6,46.1,46.2,46.2,46.5,46.9,46.9,47.2,47.6,48.4,49.5,51.3,53.8,56.3
77.9,76.2,74.0,71.1,67.5,66.1,66.0,66.3,66.3,66.3,66.5,66.6,66.8,67.0,67.2,67.5,68.4,69.7,72.2,73.8,74.5,74.8,74.3,73.2,71.5,69.3,66.1,61.7,57.5,56.9,56.9,57.0,57.0,57.2,57.4,57.2,57.2,57.6,58.1,58.9,59.8,60.8,63.3,65.7,66.5,66.5,65.9,64.8,63.1,60.4,57.0,53.1,50.3,49.6,49.4,49.3,49.6,49.9,49.6,50.0,50.2,50.1,50.6,51.3,52.5,54.0,56.4,59.3,60.4,60.6,59.8,58.5,56.4,53.9,50.9,46.5,45.2,45.4,45.7,45.9,45.7,46.2,46.5,46.6,46.5,47.2,47.6,48.5,50.1,51.3,53.8
78.8,77.6,76.0,73.9,70.9,67.2,65.8,65.8,66.1,66.1,66.1,66.3,66.2,66.5,66.6,66.6,67.2,68.0,69.3,71.7,73.5,74.3,74.6,73.8,72.9,71.3,68.9,65.6,61.4,57.3,56.6,56.4,56.5,56.8,57.1,56.8,56.5,57.1,57.4,58.0,58.7,59.1,60.5,62.9,65.2,66.0,66.1,65.6,64.4,62.5,60.1,56.8,52.8,49.6,49.0,49.0,49.2,49.5,49.4,49.6,49.9,49.8,49.7,50.4,51.2,52.5,53.9,56.3,59.1,60.2,60.4,59.2,58.1,56.2,54.0,50.3,46.4,45.3,45.6,45.7,45.5,45.6,46.1,46.2,46.2,46.5,47.2,47.8,49.1,50.2,51.5
79.3,78.5,77.5,76.0,73.7,70.6,66.9,65.6,65.6,65.9,65.9,65.9,65.9,65.9,66.0,66.0,66.4,66.9,67.6,68.8,71.4,73.3,74.1,74.1,73.4,72.6,70.9,68.5,65.3,61.1,57.0,56.2,56.0,56.2,56.6,56.5,56.3,56.4,56.9,57.3,57.8,58.1,58.8,60.1,62.5,64.7,65.6,65.7,65.2,64.0,62.2,59.8,56.4,52.1,48.9,48.6,48.9,49.2,49.0,49.6,49.6,49.4,49.4,49.6,50.4,51.1,52.3,53.8,56.2,58.9,60.0,59.8,58.8,57.9,56.2,53.3,50.1,46.3,45.5,45.5,45.2,45.4,45.6,45.8,45.7,46.2,46.5,47.4,48.4,49.2,50.2
79.1,79.1,78.4,77.4,75.9,73.5,70.4,66.7,65.4,65.4,65.7,65.6,65.5,65.6,65.3,65.5,65.7,66.0,66.5,67.2,68.5,71.1,73.0,73.6,73.7,73.2,72.3,70.6,68.2,65.1,60.8,56.5,55.8,55.7,56.1,56.1,56.0,56.2,56.3,56.8,57.1,57.3,57.8,58.3,59.7,61.9,64.3,65.2,65.4,64.8,63.7,61.9,59.4,55.8,51.4,48.5,48.5,48.8,48.6,49.2,49.4,49.0,49.0,49.2,49.6,50.3,51.0,52.1,53.7,56.0,58.7,59.5,59.3,58.7,57.9,55.6,53.1,50.0,46.5,45.2,45.1,45.2,45.5,45.3,45.4,45.8,46.3,46.8,48.0,48.4,49.3
78.8,78.9,78.9,78.4,77.3,75.7,73.3,70.2,66.4,65.2,65.2,65.4,65.2,65.1,65.0,64.8,65.2,65.4,65.7,66.2,66.9,68.2,70.7,72.5,73.3,73.5,72.8,71.9,70.3,67.9,64.8,60.2,56.1,55.6,55.6,55.6,55.6,56.0,56.0,56.2,56.6,56.6,57.0,57.3,57.8,59.1,61.4,63.9,64.9,65.0,64.6,63.4,61.5,58.9,55.2,51.1,48.4,48.3,48.4,48.8,49.0,48.9,48.6,48.8,49.2,49.6,50.2,50.8,52.0,53.6,55.9,58.2,59.0,59.2,58.6,57.4,55.4,53.0,50.0,46.2,44.8,45.0,45.2,45.2,44.9,45.6,45.8,46.6,47.4,48.0,48.5
78.0,78.6,78.8,79.0,78.3,77.2,75.6,73.1,69.8,66.2,65.0,65.0,65.0,65.0,64.6,64.5,64.5,64.9,65.1,65.2,65.9,66.4,67.8,70.2,72.2,73.1,73.1,72.5,71.6,70.0,67.6,64.2,59.8,55.9,55.4,55.0,55.1,55.7,55.9,56.0,56.0,56.1,56.4,56.5,56.8,57.3,58.8,61.1,63.6,64.5,64.7,64.2,63.0,61.0,58.2,54.7,50.8,48.2,47.9,48.6,48.5,48.4,48.5,48.4,48.8,49.1,49.5,49.9,50.8,52.0,53.5,55.5,57.8,59.0,59.1,58.2,57.2,55.3,52.9,49.7,45.9,44.8,45.1,44.9,44.8,45.1,45.7,46.2,47.2,47.4,48.1
76.4,77.8,78.5,78.8,78.8,78.1,77.0,75.3,72.8,69.6,66.0,64.7,64.6,64.7,64.4,64.1,64.3,64.2,64.5,64.7,65.0,65.5,66.0,67.2,69.8,72.0,72.7,72.8,72.2,71.4,69.6,67.0,63.8,59.7,55.7,54.8,54.6,55.1,55.7,55.8,55.7,55.5,55.9,55.8,56.0,56.2,56.9,58.5,60.8,63.2,64.3,64.4,63.8,62.5,60.5,57.8,54.5,50.5,47.6,48.1,48.4,48.0,48.1,48.4,48.4,48.7,48.9,49.3,49.9,50.8,52.0,53.1,55.0,57.7,58.8,58.6,58.0,57.1,55.2,52.5,49.4,45.8,44.9,44.8,44.4,44.9,45.2,46.0,46.7,47.1,47.6
74.1,76.2,77.7,78.5,78.7,78.7,77.8,76.8,75.0,72.5,69.3,65.7,64.3,64.2,64.2,63.9,63.8,64.0,63.8,64.1,64.4,64.6,65.0,65.4,66.7,69.5,71.6,72.4,72.5,71.9,71.0,69.0,66.6,63.7,59.4,55.0,54.4,54.8,55.2,55.6,55.4,55.2,55.4,55.3,55.3,55.5,55.9,56.8,58.3,60.4,63.0,63.9,64.0,63.4,62.0,60.1,57.6,54.1,50.0,47.8,47.8,47.8,47.7,47.9,48.3,48.3,48.5,48.7,49.3,50.0,50.7,51.6,52.6,55.0,57.6,58.3,58.4,57.9,57.0,54.8,52.2,49.2,45.8,44.5,44.4,44.6,45.0,45.6,46.5,46.6,47.2
72.4,73.8,76.1,77.7,78.3,78.5,78.5,77.7,76.4,74.7,72.2,69.0,65.3,63.9,63.7,63.6,63.6,63.5,63.6,63.4,63.8,63.9,64.0,64.4,64.9,66.4,69.1,71.3,72.1,72.1,71.6,70.5,68.7,66.6,63.4,58.7,54.6,54.7,54.8,55.1,55.2,55.0,55.0,54.8,54.8,54.9,55.2,55.8,56.5,57.8,60.2,62.6,63.6,63.6,62.9,61.7,59.8,57.2,53.6,50.0,47.5,47.2,47.5,47.5,47.9,48.3,48.3,48.3,48.7,49.3,49.9,50.4,51.2,52.6,54.8,57.1,58.1,58.3,57.8,56.7,54.5,52.3,49.1,45.4,44.1,44.5,44.6,45.4,46.2,46.4,46.8
71.4,72.0,73.5,76.0,77.5,78.2,78.4,78.4,77.5,76.2,74.5,71.8,68.5,64.9,63.5,63.3,63.4,63.4,63.2,63.2,63.1,63.2,63.4,63.5,63.9,64.4,65.9,68.7,71.0,71.7,71.8,71.0,70.1,68.6,66.2,62.7,58.3,54.8,54.7,54.7,54.7,54.7,54.8,54.4,54.2,54.3,54.5,55.0,55.5,56.0,57.5,59.8,62.4,63.2,63.1,62.6,61.3,59.4,56.7,53.8,49.8,46.9,46.9,47.3,47.5,47.8,48.2,48.0,48.4,48.7,49.3,49.6,49.9,51.3,52.4,54.4,56.9,58.0,58.2,57.5,56.4,54.6,52.0,48.8,45.0,44.3,44.6,45.0,45.9,46.0,46.5
70.6,71.0,71.8,73.4,75.9,77.4,78.0,78.3,78.2,77.3,75.9,74.1,71.4,68.0,64.4,63.0,63.0,63.1,62.9,62.8,62.8,62.6,62.7,62.8,63.1,63.4,63.9,65.5,68.4,70.6,71.3,71.2,70.7,70.0,68.3,65.6,62.3,58.2,54.8,54.6,54.4,54.2,54.5,54.2,53.8,53.9,54.0,54.4,54.8,55.0,55.8,57.3,59.5,62.0,62.8,62.8,62.2,60.9,59.1,56.9,53.6,49.3,46.6,46.8,47.3,47.5,47.8,47.9,48.1,48.3,48.7,49.0,49.1,50.0,51.2,51.9,54.3,56.9,58.0,57.9,57.3,56.5,54.3,51.7,48.5,45.2,44.4,44.9,45.6,45.7,46.1
70.0,70.2,70.7,71.7,73.2,75.7,77.2,78.0,78.2,77.9,77.1,75.6,73.7,70.9,67.5,63.9,62.6,62.7,62.7,62.5,62.4,62.3,62.1,62.1,62.3,62.5,62.8,63.5,65.1,68.0,70.2,70.8,71.0,70.6,69.7,67.7,65.2,62.1,58.1,54.7,54.2,53.9,54.0,53.9,53.5,53.4,53.5,54.0,54.1,54.3,54.8,55.7,56.9,59.1,61.6,62.4,62.5,61.8,60.6,59.2,56.7,53.1,48.9,46.5,46.8,47.2,47.3,47.5,47.9,48.0,48.3,48.3,48.5,49.3,49.8,50.7,51.9,54.3,56.8,57.6,57.7,57.5,56.2,53.9,51.4,48.6,45.3,44.7,45.6,45.4,45.9
69.4,69.6,69.9,70.6,71.5,73.0,75.5,77.1,77.8,77.9,77.7,76.8,75.2,73.3,70.5,67.1,63.5,62.3,62.3,62.3,62.1,61.9,61.8,61.5,61.7,61.7,61.9,62.4,63.1,64.7,67.6,69.6,70.5,70.8,70.2,69.1,67.3,64.9,61.9,57.9,54.3,53.7,53.7,53.3,53.3,53.1,53.1,53.5,53.7,53.5,54.0,54.7,55.3,56.5,58.6,61.2,62.2,62.1,61.4,60.6,58.9,56.3,52.9,48.8,46.5,46.7,47.1,47.0,47.5,47.8,48.0,47.9,47.8,48.7,49.0,49.4,50.7,52.0,54.3,56.5,57.4,57.8,57.2,55.8,53.7,51.5,48.7,45.6,45.4,45.4,45.6
69.1,69.0,69.2,69.8,70.4,71.2,72.7,75.3,77.0,77.6,77.8,77.4,76.5,74.8,72.9,70.2,66.9,63.1,61.9,61.9,61.9,61.7,61.4,61.2,61.0,61.1,61.1,61.5,62.0,62.7,64.4,67.0,69.5,70.4,70.4,69.7,68.6,67.0,64.7,61.6,57.3,53.8,53.5,53.0,52.7,52.9,52.8,53.0,53.2,53.2,53.2,53.9,54.2,54.8,56.0,58.3,60.9,61.7,61.7,61.4,60.3,58.6,56.2,52.9,48.8,46.4,46.7,46.8,47.1,47.4,47.7,47.6,47.4,48.1,48.5,48.6,49.4,50.8,51.9,54.0,56.3,57.5,57.5,56.8,55.6,53.7,51.7,49.2,46.2,45.2,45.6
