day 0,day 1,day 2,day 3,day 4,day 5,day 6,day 7,day 8,day 9,day 10,day 11,day 12,day 13,day 14,day 15,day 16,day 17,day 18,day 19,day 20,day 21,day 22,day 23,day 24,day 25,day 26,day 27,day 28,day 29,day 30,day 31,day 32,day 33,day 34,day 35,day 36,day 37,day 38,day 39,day 40,day 41,day 42,day 43,day 44,day 45,day 46,day 47,day 48,day 49,day 50,day 51,day 52,day 53,day 54,day 55,day 56,day 57,day 58,day 59,day 60,day 61,day 62,day 63,day 64,day 65,day 66,day 67,day 68,day 69,day 70,day 71,day 72,day 73,day 74,day 75,day 76,day 77,day 78,day 79,day 80,day 81,day 82,day 83,day 84,day 85,day 86,day 87,day 88,day 89,day 90
58.1,58.5,59.2,59.7,60.4,61.3,62.9,66.0,67.8,68.7,68.7,67.8,66.5,64.6,62.3,59.0,54.9,51.1,48.9,48.8,48.5,48.9,49.0,49.2,49.7,50.0,50.1,50.5,50.9,51.3,52.0,53.3,55.2,55.8,55.7,54.9,54.0,52.6,50.5,47.8,44.6,41.5,41.1,41.0,40.9,41.1,41.2,41.1,41.1,41.4,41.5,41.9,42.1,42.4,42.7,43.4,44.9,45.3,44.7,44.0,42.8,41.2,39.3,37.2,35.1,33.9,33.8,33.6,33.8,33.6,33.5,33.2,33.1,33.4,33.0,32.8,32.8,33.0,33.4,33.7,34.2,34.9,34.7,33.7,32.8,31.8,30.3,29.2,28.0,27.5,27.8
57.4,57.7,58.3,58.8,59.4,59.9,60.7,62.4,65.6,67.5,68.4,68.1,67.3,65.9,64.2,61.9,58.5,54.4,50.5,48.3,48.2,48.3,48.6,48.5,48.9,49.3,49.4,49.7,50.2,50.4,50.7,51.3,53.0,54.8,55.4,55.4,54.7,53.6,52.3,50.2,47.3,44.0,41.4,40.8,40.6,40.5,40.7,40.7,40.6,40.7,41.1,41.2,41.4,41.7,41.8,42.0,42.9,44.1,44.6,44.2,43.7,42.4,41.1,39.3,37.1,34.9,33.7,33.5,33.4,33.2,33.2,32.9,32.5,32.9,32.7,32.4,32.3,32.6,32.7,33.0,33.0,34.0,34.3,34.1,33.5,33.1,31.9,30.7,29.6,27.8,27.7
56.6,57.0,57.6,58.0,58.5,58.9,59.3,60.3,62.0,65.2,67.1,67.8,67.5,66.8,65.5,63.8,61.3,58.0,53.9,49.8,47.7,47.9,48.0,48.0,48.2,48.6,48.8,49.0,49.4,49.7,49.9,50.2,51.0,52.6,54.3,55.1,55.2,54.4,53.3,52.0,49.7,46.9,43.8,41.0,40.3,40.1,40.1,40.2,40.3,40.2,40.4,40.8,40.7,41.0,41.1,41.2,41.5,42.2,43.5,44.0,43.9,43.3,42.4,41.0,39.2,36.8,34.7,33.4,33.3,32.8,32.7,32.6,32.3,32.4,32.2,32.1,31.8,32.2,32.3,32.2,32.4,32.7,33.4,33.6,33.9,33.8,33.1,32.3,31.0,29.4,27.9
56.1,56.3,56.9,57.3,57.6,58.0,58.4,59.0,60.0,61.7,64.8,66.5,67.2,67.0,66.4,65.1,63.2,60.8,57.5,53.3,49.2,47.4,47.6,47.4,47.7,47.9,48.1,48.4,48.7,49.0,49.2,49.3,49.9,50.7,52.1,54.0,54.9,54.8,54.1,53.0,51.6,49.4,46.7,43.4,40.5,39.8,39.7,39.6,39.8,39.9,40.0,40.1,40.3,40.3,40.4,40.5,40.8,40.9,41.6,42.9,43.8,43.6,43.3,42.4,40.8,38.9,36.6,34.3,33.1,32.7,32.4,32.1,32.0,32.1,31.7,31.6,31.5,31.6,31.9,31.8,31.6,32.0,32.2,32.7,33.4,34.1,33.9,33.5,32.6,30.8,29.5
55.6,55.8,56.2,56.7,57.0,57.1,57.5,58.0,58.7,59.7,61.3,64.2,65.9,66.6,66.6,66.1,64.5,62.6,60.2,57.0,52.8,48.9,47.0,47.0,47.1,47.4,47.4,47.7,48.1,48.4,48.4,48.6,49.1,49.5,50.2,51.7,53.7,54.5,54.5,53.8,52.7,51.3,49.1,46.3,43.0,40.0,39.4,39.2,39.2,39.5,39.6,39.6,39.5,39.8,39.7,39.8,40.1,40.1,40.4,41.2,42.7,43.4,43.5,43.2,42.1,40.5,38.7,36.2,34.1,32.6,32.3,31.8,31.6,31.8,31.4,31.2,31.1,31.3,31.4,31.4,31.2,31.2,31.5,31.5,32.5,33.7,34.3,34.3,33.8,32.4,31.0
55.3,55.2,55.7,56.0,56.5,56.5,56.6,57.1,57.7,58.4,59.4,60.7,63.7,65.4,66.3,66.3,65.5,63.9,62.2,59.8,56.5,52.4,48.4,46.4,46.8,47.0,47.0,47.1,47.6,47.8,47.7,47.9,48.4,48.6,49.0,49.9,51.4,53.4,54.2,54.2,53.4,52.5,51.0,48.8,45.9,42.4,39.5,38.9,38.7,38.9,39.2,39.3,39.1,39.1,39.3,39.2,39.5,39.4,39.5,40.0,41.0,42.3,43.4,43.5,42.9,41.8,40.3,38.3,35.9,33.5,32.2,31.7,31.3,31.4,31.1,30.8,30.6,30.9,31.1,30.9,30.8,30.8,30.7,30.8,31.2,32.8,33.9,34.7,34.6,33.7,32.4
54.9,54.9,55.2,55.6,55.7,55.9,56.0,56.3,56.9,57.5,58.1,58.8,60.3,63.0,65.1,66.0,65.7,64.9,63.5,61.7,59.4,56.1,51.9,47.8,46.2,46.6,46.5,46.7,47.0,47.2,47.2,47.2,47.8,48.0,48.1,48.7,49.6,51.0,53.0,53.8,53.9,53.2,52.2,50.7,48.5,45.3,41.9,38.9,38.4,38.5,38.6,38.9,38.8,38.7,38.6,38.8,38.9,38.8,38.9,39.2,39.9,40.7,42.3,43.3,43.2,42.6,41.5,40.0,38.0,35.2,33.0,31.5,31.2,31.1,30.7,30.5,30.3,30.5,30.7,30.6,30.4,30.4,30.3,30.0,30.5,31.5,33.0,34.3,34.9,34.5,33.7
57.8,54.6,54.9,55.1,55.3,55.3,55.5,55.7,56.0,56.6,57.1,57.5,58.3,59.7,62.8,64.7,65.4,65.1,64.3,62.9,61.2,59.0,55.6,51.3,47.4,46.0,46.2,46.2,46.5,46.6,46.6,46.7,47.2,47.4,47.5,48.0,48.4,49.2,50.6,52.6,53.4,53.7,52.9,52.0,50.4,47.9,44.7,41.2,38.4,38.1,38.2,38.3,38.4,38.4,38.1,38.0,38.4,38.3,38.4,38.6,39.1,39.6,40.6,42.2,42.9,42.8,42.3,41.3,39.7,37.3,34.6,32.3,31.0,31.0,30.4,30.1,30.0,30.2,30.3,30.1,30.1,30.0,29.9,29.7,29.7,30.7,31.8,33.4,34.5,34.8,34.6
61.7,57.5,54.6,54.8,54.9,54.8,54.9,55.2,55.5,55.7,56.2,56.5,57.1,57.8,59.5,62.4,64.3,64.8,64.6,63.8,62.5,60.8,58.4,54.9,50.8,47.1,45.6,45.9,46.1,46.1,46.0,46.2,46.6,46.7,46.9,47.4,47.6,48.0,48.9,50.4,52.2,53.2,53.3,52.7,51.7,49.9,47.3,44.1,40.7,38.1,37.9,38.0,37.9,37.9,37.9,37.6,37.7,37.8,37.9,38.1,38.6,38.9,39.6,40.5,41.8,42.5,42.6,42.1,40.9,38.9,36.7,33.9,31.8,30.7,30.2,29.8,29.6,29.9,30.0,29.7,29.7,29.8,29.5,29.3,29.3,29.9,31.1,32.2,33.6,34.4,34.9
65.5,61.3,57.3,54.5,54.6,54.4,54.4,54.6,54.9,55.2,55.4,55.6,56.1,56.6,57.6,59.2,61.9,63.6,64.2,64.0,63.4,62.1,60.3,57.8,54.3,50.2,46.6,45.3,45.8,45.7,45.6,45.5,46.1,46.1,46.3,46.7,47.0,47.2,47.7,48.7,49.9,52.1,52.8,53.1,52.4,51.3,49.4,46.7,43.6,40.3,37.8,37.6,37.5,37.4,37.4,37.3,37.2,37.1,37.4,37.6,38.0,38.3,38.8,39.5,40.0,41.4,42.3,42.4,41.7,40.1,38.3,36.0,33.4,31.5,30.0,29.6,29.4,29.5,29.7,29.3,29.2,29.3,29.3,29.1,28.9,29.6,30.3,31.5,32.4,33.5,34.5
68.5,65.0,61.0,57.1,54.3,54.2,54.0,54.1,54.2,54.6,54.7,54.8,55.2,55.6,56.5,57.3,58.9,61.3,63.2,63.8,63.6,63.0,61.6,59.6,57.0,53.5,49.7,46.3,45.3,45.4,45.2,45.1,45.4,45.6,45.7,46.1,46.3,46.6,47.0,47.5,48.2,49.7,51.6,52.7,52.8,52.0,50.7,48.7,46.2,43.2,39.9,37.6,37.2,37.1,36.9,36.8,37.0,36.7,36.8,37.2,37.6,37.7,38.4,38.8,39.1,39.7,41.2,42.1,42.0,40.8,39.5,37.6,35.5,33.1,30.7,29.5,29.3,29.3,29.4,29.0,28.9,28.9,28.9,28.9,28.7,29.2,29.9,30.7,31.7,32.2,33.6
70.6,68.0,64.6,60.6,56.8,53.9,53.7,53.7,53.9,54.0,54.2,54.2,54.3,54.7,55.5,56.2,57.0,58.3,60.8,62.7,63.3,63.2,62.5,60.8,58.9,56.1,52.9,49.3,46.1,44.9,44.8,44.7,45.0,45.0,45.2,45.5,45.7,45.9,46.4,46.7,46.9,48.0,49.3,51.6,52.4,52.3,51.5,50.0,48.3,45.8,42.8,39.5,37.1,36.7,36.5,36.4,36.4,36.4,36.3,36.6,37.2,37.3,37.8,38.3,38.4,38.8,39.5,40.9,41.7,41.2,40.2,38.7,37.1,35.2,32.4,30.2,29.1,29.2,29.1,28.7,28.6,28.6,28.5,28.5,28.5,29.0,29.6,30.4,30.9,31.5,32.3
71.9,70.1,67.5,64.2,60.2,56.2,53.5,53.5,53.4,53.6,53.5,53.6,53.7,53.8,54.6,55.2,55.9,56.4,57.8,60.3,62.3,62.9,62.8,61.7,60.0,57.9,55.5,52.4,48.9,45.7,44.4,44.4,44.6,44.5,44.6,45.0,45.2,45.4,45.7,46.2,46.2,46.8,47.5,49.1,51.2,51.9,51.8,50.8,49.7,47.9,45.2,42.3,39.0,36.6,36.1,36.0,36.0,35.8,36.0,36.1,36.6,36.9,37.3,37.7,37.9,38.1,38.5,39.2,40.5,40.9,40.5,39.5,38.2,36.8,34.4,31.9,29.8,29.0,29.0,28.4,28.3,28.3,28.2,28.1,28.2,28.8,29.4,30.1,30.6,30.8,31.5
72.7,71.4,69.5,67.0,63.7,59.6,55.8,53.2,53.1,53.1,53.1,52.9,53.1,53.3,53.8,54.2,54.9,55.3,55.9,57.3,59.8,61.9,62.4,62.0,60.8,58.9,57.3,54.9,51.9,48.4,45.2,44.0,44.2,44.0,44.1,44.4,44.7,44.8,45.2,45.4,45.6,46.0,46.4,47.4,48.8,50.7,51.5,51.2,50.5,49.2,47.3,44.7,41.6,38.3,36.1,35.7,35.5,35.4,35.5,35.7,36.1,36.3,36.9,37.3,37.4,37.6,37.8,38.4,38.8,39.7,40.2,39.7,38.9,37.8,36.1,33.8,31.6,29.7,28.8,28.3,28.1,28.0,27.8,27.8,27.9,28.5,29.2,29.9,30.3,30.6,30.9
73.1,72.2,70.8,69.0,66.4,63.0,59.0,55.4,52.9,52.8,52.6,52.6,52.5,52.7,53.2,53.4,54.0,54.4,54.8,55.4,56.9,59.4,61.3,61.7,61.1,59.7,58.3,56.7,54.3,51.4,47.9,44.8,43.9,43.6,43.6,43.9,44.1,44.3,44.7,44.9,44.8,45.4,45.7,46.2,47.1,48.3,50.2,50.9,50.9,50.1,48.6,46.7,44.0,41.0,37.8,35.6,35.3,35.0,35.1,35.2,35.7,35.8,36.3,36.8,37.0,37.1,37.3,37.6,38.0,38.1,39.1,39.4,39.2,38.5,37.1,35.6,33.5,31.4,29.4,28.1,27.9,27.7,27.5,27.4,27.6,28.2,28.9,29.7,30.0,30.3,30.6
72.7,72.6,71.6,70.3,68.4,65.7,62.4,58.7,54.9,52.6,52.3,52.1,52.2,52.1,52.6,52.8,53.1,53.5,53.9,54.2,55.1,56.6,58.9,60.7,60.7,60.0,59.1,57.7,56.1,53.8,50.9,47.6,44.6,43.3,43.2,43.4,43.7,43.8,44.2,44.4,44.3,44.7,45.1,45.4,45.9,46.5,47.8,49.7,50.5,50.4,49.5,48.0,46.0,43.3,40.4,37.2,35.2,34.7,34.6,34.9,35.2,35.4,35.8,36.3,36.6,36.7,36.8,37.1,37.3,37.3,37.5,38.4,38.9,38.8,37.8,36.6,35.3,33.2,31.1,28.7,27.8,27.5,27.2,27.1,27.3,27.8,28.7,29.5,29.7,30.0,30.3
71.6,72.2,71.9,71.1,69.7,67.6,65.2,62.1,58.3,54.6,51.9,51.9,51.6,51.7,52.0,52.3,52.6,52.6,53.0,53.3,54.0,54.8,56.1,58.2,59.7,59.6,59.4,58.4,57.0,55.5,53.2,50.6,47.3,43.9,42.9,43.0,43.2,43.4,43.7,43.9,43.8,44.2,44.4,44.8,45.1,45.4,46.1,47.3,49.3,50.0,49.7,48.8,47.3,45.3,42.7,39.8,36.8,34.7,34.4,34.4,34.8,35.0,35.5,35.8,36.1,36.3,36.3,36.7,36.8,36.6,36.7,36.8,37.8,38.4,38.1,37.2,36.3,35.0,32.8,30.3,28.3,27.4,26.9,26.8,27.0,27.6,28.3,29.2,29.4,29.8,30.1
69.5,71.2,71.6,71.4,70.5,68.9,67.1,64.9,61.7,57.9,53.9,51.5,51.4,51.2,51.6,51.6,52.0,52.0,52.1,52.4,53.0,53.7,54.4,55.6,57.3,58.6,59.1,58.8,57.7,56.4,54.9,53.0,50.2,46.6,43.5,42.6,42.7,42.9,43.3,43.4,43.3,43.6,43.9,44.0,44.4,44.6,45.0,45.6,46.9,48.8,49.4,49.0,48.0,46.6,44.6,42.1,39.2,36.2,34.4,34.2,34.4,34.7,35.0,35.5,35.6,35.8,36.0,36.2,36.4,36.1,36.0,36.0,36.3,37.3,37.7,37.6,37.0,36.0,34.5,32.0,29.9,27.9,26.8,26.5,26.8,27.2,28.1,28.9,29.2,29.6,29.8
65.6,69.0,70.4,71.0,70.8,69.7,68.4,66.8,64.5,61.5,57.4,53.4,51.0,50.8,51.0,51.3,51.3,51.4,51.5,51.7,52.2,52.8,53.3,54.0,54.9,56.4,58.1,58.4,58.2,57.2,55.8,54.7,52.6,49.5,46.2,43.2,42.4,42.5,42.8,43.0,42.8,43.2,43.3,43.5,43.6,43.9,44.1,44.5,45.2,46.5,48.2,48.7,48.2,47.3,45.9,44.0,41.4,38.4,35.8,34.2,34.2,34.3,34.6,35.0,35.3,35.4,35.5,35.9,35.8,35.7,35.5,35.3,35.6,35.9,36.6,37.1,37.3,36.7,35.5,33.6,31.6,29.4,27.3,26.4,26.6,27.0,27.7,28.7,28.8,29.3,29.6
62.9,65.2,68.3,69.9,70.4,70.0,69.1,68.1,66.4,64.3,60.9,56.9,52.8,50.5,50.6,50.7,51.0,50.8,50.9,50.9,51.5,52.0,52.3,52.8,53.4,54.1,55.9,57.4,57.8,57.6,56.5,55.6,54.3,51.9,49.0,45.9,43.0,42.2,42.4,42.5,42.4,42.7,42.9,42.9,43.1,43.2,43.5,43.6,44.2,44.9,46.0,47.5,47.9,47.5,46.7,45.3,43.2,40.5,38.1,35.5,34.1,34.0,34.2,34.7,34.9,35.1,35.0,35.4,35.5,35.2,35.1,34.8,35.0,35.2,35.1,36.1,36.9,37.0,36.2,34.7,33.2,31.0,28.7,26.8,26.5,26.8,27.5,28.2,28.6,29.0,29.4
61.4,62.6,64.6,67.8,69.3,69.7,69.5,68.9,67.7,66.2,63.8,60.5,56.3,52.3,50.2,50.3,50.4,50.3,50.2,50.3,50.8,51.2,51.4,51.9,52.4,52.6,53.7,55.2,56.8,57.1,56.9,56.3,55.2,53.7,51.5,48.8,45.6,42.7,42.1,42.0,41.8,42.2,42.3,42.4,42.5,42.7,42.7,43.0,43.3,43.9,44.4,45.4,46.8,47.2,46.9,46.0,44.5,42.3,40.1,37.6,35.3,34.0,34.0,34.3,34.5,34.7,34.7,34.9,35.0,34.9,34.6,34.4,34.6,34.5,34.5,34.6,35.9,36.5,36.5,35.4,34.3,32.6,30.3,28.4,27.0,26.7,27.2,28.0,28.1,28.7,29.1
60.3,61.1,62.1,64.2,67.2,68.6,69.2,69.2,68.7,67.5,65.7,63.3,60.0,55.8,52.0,49.9,50.0,49.8,49.8,49.6,50.1,50.5,50.7,51.1,51.5,51.7,52.3,53.1,54.6,56.1,56.5,56.7,55.8,54.6,53.3,51.2,48.4,45.3,42.5,41.8,41.4,41.7,41.9,41.9,42.0,42.0,42.3,42.2,42.6,43.1,43.4,43.8,44.8,46.1,46.6,46.2,45.3,43.6,41.9,39.8,37.4,35.2,34.0,34.1,34.2,34.3,34.4,34.6,34.4,34.4,34.3,33.9,34.1,34.0,33.8,33.9,34.4,35.5,35.9,35.7,35.0,33.7,31.9,30.0,28.5,27.1,27.2,27.8,27.8,28.3,28.9
59.5,60.1,60.8,61.8,63.6,66.5,68.1,68.9,69.0,68.5,67.0,65.2,62.8,59.5,55.4,51.6,49.6,49.4,49.2,49.1,49.3,49.8,50.0,50.4,50.7,50.8,51.3,51.8,52.6,53.9,55.5,56.3,56.2,55.3,54.2,53.0,50.8,48.1,45.0,42.1,41.2,41.4,41.4,41.5,41.6,41.6,41.6,41.7,41.8,42.3,42.6,42.9,43.3,44.1,45.5,46.1,45.4,44.5,43.1,41.6,39.5,37.2,35.1,34.0,34.0,34.0,34.0,34.2,34.0,33.9,33.8,33.5,33.7,33.5,33.3,33.2,33.7,34.1,35.0,35.2,35.4,34.3,33.0,31.6,30.2,28.8,27.6,27.7,27.6,28.0,28.5
58.5,59.2,59.7,60.4,61.3,62.9,66.0,67.8,68.7,68.7,67.8,66.5,64.6,62.3,59.0,54.9,51.1,48.9,48.8,48.5,48.9,49.0,49.2,49.7,50.0,50.1,50.5,50.9,51.3,52.0,53.3,55.2,55.8,55.7,54.9,54.0,52.6,50.5,47.8,44.6,41.5,41.1,41.0,40.9,41.1,41.2,41.1,41.1,41.4,41.5,41.9,42.1,42.4,42.7,43.4,44.9,45.3,44.7,44.0,42.8,41.2,39.3,37.2,35.1,33.9,33.8,33.6,33.8,33.6,33.5,33.2,33.1,33.4,33.0,32.8,32.8,33.0,33.4,33.7,34.2,34.9,34.7,33.7,32.8,31.8,30.3,29.2,28.0,27.5,27.8,28.2
57.7,58.3,58.8,59.4,59.9,60.7,62.4,65.6,67.5,68.4,68.1,67.3,65.9,64.2,61.9,58.5,54.4,50.5,48.3,48.2,48.3,48.6,48.5,48.9,49.3,49.4,49.7,50.2,50.4,50.7,51.3,53.0,54.8,55.4,55.4,54.7,53.6,52.3,50.2,47.3,44.0,41.4,40.8,40.6,40.5,40.7,40.7,40.6,40.7,41.1,41.2,41.4,41.7,41.8,42.0,42.9,44.1,44.6,44.2,43.7,42.4,41.1,39.3,37.1,34.9,33.7,33.5,33.4,33.2,33.2,32.9,32.5,32.9,32.7,32.4,32.3,32.6,32.7,33.0,33.0,34.0,34.3,34.1,33.5,33.1,31.9,30.7,29.6,27.8,27.7,28.0
