day 0,day 1,day 2,day 3,day 4,day 5,day 6,day 7,day 8,day 9,day 10,day 11,day 12,day 13,day 14,day 15,day 16,day 17,day 18,day 19,day 20,day 21,day 22,day 23,day 24,day 25,day 26,day 27,day 28,day 29,day 30,day 31,day 32,day 33,day 34,day 35,day 36,day 37,day 38,day 39,day 40,day 41,day 42,day 43,day 44,day 45,day 46,day 47,day 48,day 49,day 50,day 51,day 52,day 53,day 54,day 55,day 56,day 57,day 58,day 59,day 60,day 61,day 62,day 63,day 64,day 65,day 66,day 67,day 68,day 69,day 70,day 71,day 72,day 73,day 74,day 75,day 76,day 77,day 78,day 79,day 80,day 81,day 82,day 83,day 84,day 85,day 86,day 87,day 88,day 89,day 90
63.9,64.4,64.9,65.3,66.0,66.8,68.3,71.8,74.4,76.0,76.8,77.1,77.3,76.9,75.2,71.9,67.8,63.1,59.7,59.7,59.8,60.0,60.4,60.8,61.1,61.8,62.4,63.2,64.1,65.0,66.0,68.7,71.6,73.3,74.3,75.2,75.3,75.1,73.4,69.7,64.9,58.7,55.7,55.9,56.0,55.7,56.4,56.6,56.9,57.5,58.0,58.8,59.9,60.7,61.8,63.8,67.0,69.0,70.3,70.9,71.1,70.1,67.6,63.3,58.1,52.5,51.8,51.9,52.0,52.1,52.4,52.7,53.2,53.3,53.8,54.3,55.3,56.1,57.2,58.9,62.0,63.9,64.9,65.4,65.1,63.8,61.3,57.1,52.2,48.5,48.5
63.5,63.9,64.4,64.9,65.2,65.9,66.8,68.3,71.9,74.3,75.7,76.5,76.8,77.1,76.6,74.9,71.7,67.7,62.9,59.4,59.7,59.8,60.0,60.5,60.9,61.2,61.9,62.3,63.3,64.1,64.9,65.8,68.4,71.3,73.1,74.3,75.1,75.3,75.0,73.1,69.3,64.4,58.2,55.5,55.8,55.7,55.6,56.4,56.6,56.9,57.4,57.9,58.6,59.7,60.5,61.6,63.6,66.8,68.8,70.2,70.9,70.8,69.4,67.0,62.8,57.6,52.3,51.7,51.9,51.8,51.9,52.3,52.6,52.9,53.1,53.9,54.3,55.3,56.0,57.0,58.7,61.8,63.6,64.7,65.2,65.0,63.6,61.0,56.9,52.2,48.4
63.1,63.5,64.0,64.5,64.9,65.0,65.8,66.7,68.4,71.6,73.9,75.3,76.1,76.6,76.9,76.4,74.7,71.4,67.5,62.7,59.4,59.6,59.8,60.0,60.6,60.9,61.3,61.9,62.3,63.2,64.0,64.7,65.6,68.1,71.1,73.1,74.3,75.0,75.2,74.7,72.7,68.8,64.0,57.8,55.3,55.4,55.5,55.6,56.3,56.5,56.7,57.2,57.7,58.5,59.4,60.2,61.4,63.4,66.6,68.7,70.1,70.6,70.2,68.9,66.5,62.3,57.3,52.1,51.6,51.6,51.6,51.8,52.4,52.3,52.9,53.1,53.8,54.3,55.3,55.8,56.9,58.6,61.5,63.4,64.5,65.1,64.8,63.2,60.7,56.8,52.1
62.9,63.1,63.6,63.9,64.4,64.6,64.8,65.7,66.8,68.2,71.3,73.6,75.0,75.9,76.4,76.6,76.1,74.4,71.2,67.3,62.6,59.3,59.6,59.9,60.1,60.6,61.0,61.3,61.9,62.2,63.0,63.7,64.5,65.3,67.8,71.1,73.0,74.1,75.0,75.0,74.4,72.2,68.5,63.6,57.5,55.0,55.2,55.5,55.6,56.3,56.3,56.6,57.1,57.6,58.2,59.2,59.9,61.2,63.2,66.5,68.7,69.8,69.9,69.6,68.3,66.0,62.0,57.0,51.9,51.4,51.6,51.5,51.8,52.1,52.2,52.9,53.1,53.8,54.2,55.1,55.7,56.8,58.4,61.4,63.3,64.4,64.9,64.5,63.0,60.6,56.7
62.6,63.0,63.2,63.6,63.9,64.1,64.4,64.8,65.7,66.7,68.0,70.9,73.2,74.8,75.7,76.1,76.3,75.8,74.2,71.0,67.3,62.5,59.3,59.6,60.0,60.1,60.7,61.0,61.2,61.8,62.1,62.7,63.4,64.2,65.0,67.7,70.9,72.9,74.1,74.8,74.8,74.0,71.9,68.1,63.1,57.1,54.9,55.2,55.5,55.6,56.2,56.3,56.4,56.9,57.4,58.1,59.0,59.8,61.0,63.0,66.3,68.3,69.2,69.4,69.1,68.0,65.6,61.6,56.7,51.6,51.2,51.4,51.6,51.5,51.9,52.2,52.8,53.1,53.7,54.1,54.9,55.6,56.6,58.2,61.2,63.2,64.2,64.6,64.3,62.9,60.5
62.2,62.6,63.0,63.1,63.6,63.6,63.9,64.3,64.8,65.6,66.5,67.7,70.5,73.0,74.6,75.5,75.9,76.0,75.5,74.0,71.0,67.1,62.4,59.2,59.8,60.0,60.2,60.6,60.9,61.1,61.7,61.7,62.4,63.1,64.0,64.9,67.5,70.8,72.8,73.9,74.5,74.4,73.7,71.4,67.6,62.6,56.9,55.0,55.3,55.5,55.4,56.1,56.0,56.3,56.8,57.2,57.8,58.8,59.6,60.9,62.8,66.0,67.7,68.6,68.9,68.8,67.6,65.3,61.2,56.4,51.5,51.1,51.4,51.3,51.5,52.0,52.2,52.7,52.9,53.5,54.1,54.8,55.4,56.4,58.1,61.2,63.1,64.0,64.5,64.2,62.8
62.3,62.4,62.5,62.9,63.1,63.3,63.4,63.7,64.3,64.7,65.4,66.2,67.3,70.3,72.7,74.4,75.2,75.6,75.7,75.3,74.0,70.9,67.0,62.3,59.5,59.8,60.1,60.2,60.5,60.8,60.9,61.4,61.5,62.2,62.9,63.8,64.7,67.4,70.7,72.6,73.7,74.1,74.1,73.3,70.9,67.1,62.4,56.9,55.0,55.3,55.3,55.4,55.8,55.9,56.2,56.6,57.0,57.7,58.6,59.4,60.7,62.5,65.4,67.2,68.2,68.5,68.4,67.2,64.8,61.0,56.2,51.5,51.2,51.1,51.2,51.6,51.9,52.1,52.6,52.8,53.5,53.9,54.6,55.3,56.4,58.1,61.2,62.9,64.0,64.5,64.1
65.2,62.4,62.3,62.5,62.8,62.8,63.0,63.2,63.7,64.2,64.6,65.1,65.9,67.1,70.0,72.4,74.1,75.0,75.4,75.6,75.4,73.9,70.8,66.9,62.4,59.6,60.0,60.0,60.0,60.3,60.5,60.6,61.2,61.2,61.9,62.7,63.7,64.6,67.3,70.4,72.4,73.3,73.8,73.7,72.8,70.4,67.0,62.4,56.8,55.0,55.1,55.2,55.2,55.8,55.8,56.0,56.4,56.9,57.5,58.3,59.2,60.4,62.0,64.9,66.7,67.8,68.3,68.1,66.9,64.6,60.8,56.1,51.5,50.9,51.1,51.3,51.4,51.7,52.0,52.4,52.7,53.3,53.7,54.4,55.2,56.4,58.1,61.0,62.8,63.8,64.3
68.8,65.3,62.3,62.3,62.4,62.5,62.5,62.8,63.1,63.5,64.1,64.3,64.8,65.7,66.9,69.7,72.2,73.9,74.8,75.2,75.7,75.3,73.9,70.7,67.0,62.5,59.8,59.9,59.8,59.8,60.0,60.2,60.4,60.9,61.0,61.7,62.6,63.6,64.5,66.9,70.1,71.9,73.0,73.4,73.3,72.4,70.4,67.1,62.4,56.7,54.8,54.9,55.0,55.1,55.6,55.6,55.9,56.2,56.7,57.3,58.2,59.0,59.9,61.6,64.5,66.4,67.6,67.9,67.8,66.8,64.5,60.7,55.9,51.1,50.9,51.1,51.3,51.3,51.6,51.8,52.3,52.6,53.1,53.5,54.3,55.2,56.3,57.9,60.9,62.8,63.7
72.9,68.9,65.4,62.3,62.2,62.1,62.3,62.3,62.7,63.0,63.4,63.8,64.0,64.6,65.5,66.7,69.4,71.9,73.7,74.7,75.3,75.6,75.3,73.8,70.7,67.2,62.6,59.7,59.6,59.6,59.7,59.7,59.9,60.1,60.6,60.7,61.6,62.4,63.3,64.2,66.6,69.7,71.6,72.6,73.1,73.1,72.4,70.5,67.1,62.4,56.4,54.6,54.6,54.8,55.0,55.3,55.4,55.8,56.0,56.5,57.1,58.0,58.7,59.5,61.2,64.2,66.2,67.3,67.8,67.7,66.7,64.2,60.5,55.6,51.0,50.9,51.0,51.2,51.2,51.4,51.7,52.1,52.3,52.9,53.4,54.3,55.1,56.1,57.8,60.9,62.7
76.2,73.2,69.1,65.4,62.1,61.9,61.9,62.0,62.2,62.6,62.9,63.1,63.4,63.8,64.5,65.4,66.4,69.3,71.8,73.6,74.7,75.2,75.6,75.3,73.8,70.9,67.3,62.6,59.5,59.5,59.4,59.3,59.4,59.6,59.8,60.5,60.6,61.3,62.3,63.1,63.8,66.1,69.4,71.2,72.2,72.7,73.0,72.5,70.5,67.0,62.1,56.2,54.6,54.5,54.7,54.7,55.1,55.3,55.6,55.9,56.4,56.9,57.6,58.3,59.2,60.9,63.9,65.9,67.2,67.7,67.7,66.4,64.1,60.1,55.4,51.0,50.8,50.9,51.2,51.0,51.4,51.6,51.9,52.1,52.8,53.4,54.1,54.9,56.1,57.8,60.8
77.4,76.4,73.4,69.1,65.2,61.9,61.6,61.6,61.8,62.1,62.5,62.6,62.7,63.2,63.6,64.4,65.1,66.2,69.1,71.6,73.6,74.6,75.2,75.5,75.3,74.0,71.0,67.3,62.4,59.2,59.3,59.1,58.9,59.1,59.4,59.7,60.3,60.4,61.2,62.0,62.8,63.4,65.8,69.0,70.8,71.9,72.8,73.2,72.5,70.4,66.7,61.8,55.9,54.4,54.4,54.4,54.5,54.9,55.0,55.4,55.8,56.2,56.6,57.2,57.9,58.9,60.6,63.6,65.7,67.1,67.6,67.5,66.2,63.8,60.0,55.2,50.9,50.6,50.8,51.0,50.9,51.2,51.4,51.6,52.1,52.7,53.3,53.9,54.9,56.1,57.7
77.9,77.6,76.6,73.4,69.0,65.1,61.5,61.3,61.5,61.7,62.0,62.2,62.3,62.5,63.0,63.6,64.2,65.0,66.1,68.9,71.6,73.6,74.6,75.0,75.5,75.4,74.0,71.2,67.3,62.2,59.0,58.9,58.8,58.6,58.9,59.2,59.6,60.1,60.1,60.9,61.7,62.3,63.2,65.5,68.6,70.5,71.9,72.9,73.3,72.5,70.2,66.6,61.6,55.7,54.3,54.1,54.1,54.3,54.7,54.9,55.4,55.6,56.0,56.1,56.8,57.6,58.6,60.3,63.5,65.6,67.0,67.4,67.3,66.0,63.6,59.7,54.9,50.6,50.5,50.6,50.8,50.7,50.9,51.1,51.6,52.0,52.6,53.0,53.8,54.8,55.9
77.7,78.1,77.8,76.5,73.2,69.0,64.9,61.3,61.3,61.4,61.6,61.7,61.8,62.0,62.3,63.0,63.4,64.1,64.9,66.0,68.9,71.6,73.5,74.4,75.1,75.6,75.5,74.3,71.3,67.3,62.0,58.7,58.6,58.5,58.4,58.7,59.1,59.3,59.8,59.9,60.6,61.2,62.1,62.9,65.1,68.3,70.5,72.1,73.0,73.2,72.3,70.1,66.4,61.3,55.5,54.1,53.9,54.0,54.0,54.6,54.8,55.2,55.4,55.6,55.6,56.5,57.4,58.4,60.1,63.3,65.5,66.8,67.2,67.0,65.8,63.3,59.5,54.7,50.5,50.3,50.5,50.6,50.6,50.6,51.1,51.6,51.9,52.3,53.0,53.8,54.7
77.2,77.8,78.3,77.7,76.4,73.2,69.0,64.8,61.1,61.2,61.3,61.3,61.4,61.6,61.8,62.2,62.8,63.3,64.0,64.8,66.0,68.8,71.5,73.4,74.5,75.3,75.7,75.7,74.4,71.4,67.2,61.6,58.3,58.3,58.3,58.1,58.6,58.8,59.1,59.6,59.6,60.0,61.0,61.9,62.6,64.8,68.3,70.7,72.2,72.8,73.1,72.3,70.1,66.1,61.0,55.1,53.9,53.8,53.7,53.9,54.6,54.7,55.0,55.0,55.1,55.5,56.4,57.2,58.2,59.9,63.1,65.3,66.6,66.9,66.9,65.6,63.1,59.3,54.6,50.3,50.2,50.3,50.4,50.2,50.6,51.0,51.4,51.6,52.3,52.9,53.5
76.1,77.3,77.9,78.1,77.6,76.2,73.3,69.2,64.7,61.1,61.1,61.0,61.0,61.2,61.4,61.7,62.0,62.7,63.3,63.9,64.8,65.9,68.7,71.4,73.4,74.7,75.4,75.8,75.9,74.6,71.4,66.9,61.1,58.0,58.0,58.0,57.9,58.4,58.6,58.8,59.2,59.1,59.8,60.8,61.5,62.4,64.9,68.5,70.7,72.1,72.7,73.0,72.2,69.6,65.8,60.7,54.8,53.8,53.6,53.6,53.9,54.4,54.4,54.6,54.6,55.0,55.3,56.2,57.0,58.0,59.7,63.0,65.2,66.4,66.8,66.6,65.4,63.0,59.1,54.3,50.2,50.0,50.1,50.1,50.3,50.5,50.9,51.1,51.6,52.3,52.6
74.5,76.2,77.4,77.8,77.9,77.5,76.3,73.5,69.2,64.5,60.9,60.8,60.7,60.8,61.1,61.4,61.5,61.8,62.5,63.1,63.9,64.7,65.8,68.6,71.4,73.5,74.7,75.7,76.0,76.0,74.5,71.1,66.5,60.7,57.9,57.8,57.9,57.6,58.2,58.3,58.4,58.7,58.9,59.5,60.5,61.3,62.4,65.0,68.6,70.6,71.9,72.6,72.9,71.7,69.3,65.5,60.4,54.5,53.5,53.5,53.5,53.8,54.1,54.0,54.3,54.4,54.9,55.2,56.0,56.8,57.8,59.7,62.9,65.0,66.2,66.5,66.4,65.3,62.8,58.8,54.2,49.8,49.8,49.7,50.1,50.1,50.4,50.6,51.2,51.6,52.0
72.0,74.6,76.3,77.3,77.6,77.8,77.6,76.6,73.6,69.0,64.3,60.6,60.6,60.5,60.6,61.1,61.2,61.4,61.8,62.4,63.1,63.9,64.7,65.7,68.6,71.6,73.6,75.0,75.8,76.0,76.0,74.3,70.8,66.1,60.6,57.6,57.7,57.6,57.4,57.9,58.0,57.9,58.6,58.8,59.2,60.3,61.2,62.5,65.1,68.5,70.5,71.8,72.4,72.4,71.3,69.0,65.1,60.1,54.3,53.3,53.4,53.3,53.4,53.8,53.7,54.2,54.3,54.7,55.0,55.9,56.7,57.7,59.5,62.7,64.7,65.9,66.4,66.5,65.1,62.5,58.7,53.8,49.6,49.4,49.9,49.9,49.9,50.0,50.6,51.1,51.3
68.6,72.1,74.6,76.2,77.2,77.6,77.9,77.9,76.6,73.3,68.7,64.1,60.3,60.3,60.3,60.6,60.9,61.1,61.3,61.6,62.3,63.1,63.9,64.6,65.8,68.8,71.7,73.9,75.1,75.8,76.0,75.8,74.0,70.5,66.1,60.4,57.3,57.5,57.3,57.3,57.7,57.6,57.7,58.2,58.4,59.0,60.3,61.3,62.5,64.9,68.3,70.4,71.6,72.0,72.0,71.0,68.7,64.9,59.8,54.1,53.3,53.2,52.9,53.2,53.4,53.5,54.1,54.1,54.5,54.8,55.7,56.7,57.6,59.3,62.5,64.5,65.9,66.4,66.3,64.9,62.4,58.4,53.5,49.3,49.4,49.6,49.7,49.5,50.0,50.6,50.8
66.9,68.6,72.1,74.5,76.0,77.1,77.6,78.1,77.9,76.4,73.0,68.5,63.8,60.1,60.2,60.3,60.4,60.7,60.9,61.1,61.6,62.3,63.1,63.9,64.7,66.0,68.9,71.9,74.0,75.1,75.8,75.7,75.6,73.7,70.5,65.9,60.1,57.1,57.2,57.1,57.0,57.2,57.4,57.5,57.9,58.2,59.0,60.3,61.3,62.5,64.8,68.2,70.2,71.1,71.7,71.7,70.7,68.6,64.7,59.7,54.0,53.2,52.9,52.6,52.8,53.2,53.4,54.0,53.9,54.3,54.6,55.7,56.4,57.4,59.2,62.4,64.5,65.9,66.2,66.1,64.6,62.0,58.1,53.2,49.4,49.2,49.4,49.3,49.6,50.0,50.2
66.0,67.0,68.7,72.0,74.3,75.9,77.2,77.8,78.1,77.6,76.2,72.7,68.3,63.6,60.0,60.2,60.2,60.3,60.6,60.7,61.0,61.6,62.4,63.1,64.0,64.9,66.0,69.0,72.0,73.9,75.0,75.6,75.5,75.3,73.8,70.3,65.8,59.9,56.9,57.0,56.8,56.5,57.1,57.2,57.1,57.7,58.1,59.0,60.3,61.2,62.4,64.6,68.0,69.7,70.8,71.4,71.4,70.6,68.4,64.6,59.6,53.8,52.7,52.5,52.3,52.6,53.0,53.3,53.7,53.7,54.2,54.6,55.5,56.2,57.3,59.2,62.4,64.5,65.7,66.2,65.9,64.3,61.8,57.8,53.1,49.1,49.0,49.1,49.3,49.5,49.7
65.3,66.1,67.0,68.6,71.8,74.2,76.0,77.3,77.8,77.9,77.4,75.8,72.4,68.1,63.4,59.9,60.0,60.1,60.2,60.5,60.7,61.0,61.6,62.3,63.1,64.1,65.0,66.1,69.0,72.0,73.9,74.8,75.3,75.4,75.4,73.6,70.2,65.6,59.6,56.5,56.6,56.3,56.4,56.8,56.8,56.9,57.6,58.1,59.1,60.1,61.0,62.2,64.4,67.6,69.3,70.5,71.1,71.4,70.4,68.4,64.5,59.2,53.3,52.3,52.1,52.1,52.4,53.0,53.0,53.5,53.5,54.2,54.4,55.3,56.2,57.2,59.1,62.3,64.3,65.5,66.0,65.5,64.0,61.6,57.7,52.9,48.8,48.6,49.1,49.3,49.3
64.8,65.3,66.1,67.0,68.4,71.7,74.3,76.1,77.1,77.5,77.6,77.1,75.5,72.1,67.9,63.3,59.8,60.0,59.9,60.0,60.4,60.7,61.0,61.6,62.3,63.2,64.1,65.0,66.1,68.9,71.9,73.6,74.4,75.2,75.4,75.2,73.5,70.0,65.3,59.2,56.1,56.1,56.2,56.1,56.5,56.6,56.9,57.6,58.2,58.9,60.0,60.9,62.0,64.1,67.3,69.1,70.3,71.1,71.2,70.3,68.2,64.0,58.6,52.9,51.9,52.0,52.0,52.4,52.6,52.9,53.3,53.5,54.0,54.2,55.3,56.1,57.2,59.1,62.1,64.1,65.3,65.6,65.3,63.8,61.5,57.5,52.5,48.5,48.6,49.0,49.0
64.4,64.9,65.3,66.0,66.8,68.3,71.8,74.4,76.0,76.8,77.1,77.3,76.9,75.2,71.9,67.8,63.1,59.7,59.7,59.8,60.0,60.4,60.8,61.1,61.8,62.4,63.2,64.1,65.0,66.0,68.7,71.6,73.3,74.3,75.2,75.3,75.1,73.4,69.7,64.9,58.7,55.7,55.9,56.0,55.7,56.4,56.6,56.9,57.5,58.0,58.8,59.9,60.7,61.8,63.8,67.0,69.0,70.3,70.9,71.1,70.1,67.6,63.3,58.1,52.5,51.8,51.9,52.0,52.1,52.4,52.7,53.2,53.3,53.8,54.3,55.3,56.1,57.2,58.9,62.0,63.9,64.9,65.4,65.1,63.8,61.3,57.1,52.2,48.5,48.5,48.7
63.9,64.4,64.9,65.2,65.9,66.8,68.3,71.9,74.3,75.7,76.5,76.8,77.1,76.6,74.9,71.7,67.7,62.9,59.4,59.7,59.8,60.0,60.5,60.9,61.2,61.9,62.3,63.3,64.1,64.9,65.8,68.4,71.3,73.1,74.3,75.1,75.3,75.0,73.1,69.3,64.4,58.2,55.5,55.8,55.7,55.6,56.4,56.6,56.9,57.4,57.9,58.6,59.7,60.5,61.6,63.6,66.8,68.8,70.2,70.9,70.8,69.4,67.0,62.8,57.6,52.3,51.7,51.9,51.8,51.9,52.3,52.6,52.9,53.1,53.9,54.3,55.3,56.0,57.0,58.7,61.8,63.6,64.7,65.2,65.0,63.6,61.0,56.9,52.2,48.4,48.2
