day 0,day 1,day 2,day 3,day 4,day 5,day 6,day 7,day 8,day 9,day 10,day 11,day 12,day 13,day 14,day 15,day 16,day 17,day 18,day 19,day 20,day 21,day 22,day 23,day 24,day 25,day 26,day 27,day 28,day 29,day 30,day 31,day 32,day 33,day 34,day 35,day 36,day 37,day 38,day 39,day 40,day 41,day 42,day 43,day 44,day 45,day 46,day 47,day 48,day 49,day 50,day 51,day 52,day 53,day 54,day 55,day 56,day 57,day 58,day 59,day 60,day 61,day 62,day 63,day 64,day 65,day 66,day 67,day 68,day 69,day 70,day 71,day 72,day 73,day 74,day 75,day 76,day 77,day 78,day 79,day 80,day 81,day 82,day 83,day 84,day 85,day 86,day 87,day 88
60.5,61.2,62.1,63.2,64.2,65.5,67.6,70.4,71.7,72.1,59.1,59.5,59.9,61.0,62.1,63.2,65.6,68.5,69.5,70.0,69.7,68.6,67.1,64.7,61.3,57.4,54.4,54.0,54.4,54.2,54.5,54.9,55.5,56.1,56.7,57.4,58.4,60.0,61.7,63.6,66.5,69.4,70.6,71.0,70.4,69.5,68.3,66.2,62.9,59.4,56.5,55.5,55.3,55.5,55.9,56.4,57.1,58.1,59.3,60.7,62.3,64.0,65.5,67.5,71.3,74.1,75.2,75.5,75.2,73.8,72.2,69.8,66.8,63.3,59.5,57.2,57.9,58.0,58.7,59.5,60.0,60.8,61.8,63.1,64.8,66.6,68.8,71.8,75.3
60.1,60.4,61.3,62.2,63.2,64.3,65.2,67.2,70.3,71.6,58.6,58.7,59.1,59.9,61.0,62.0,63.0,65.4,68.2,69.6,70.0,69.7,68.8,67.1,64.8,61.5,57.6,54.5,53.8,54.1,54.1,54.4,55.0,55.7,56.0,56.6,57.6,58.9,60.1,62.0,63.7,66.7,69.4,70.6,71.1,70.6,69.8,68.4,66.3,63.0,59.7,56.5,55.1,55.1,55.5,55.9,56.6,57.4,58.6,59.9,61.1,62.7,64.0,65.4,67.9,71.7,74.3,75.3,75.7,75.1,73.8,72.0,69.7,66.8,63.3,59.6,57.5,57.8,58.3,58.9,59.5,60.2,61.0,62.1,63.7,65.0,67.0,69.3,72.0
59.6,60.0,60.4,61.4,62.2,63.3,64.1,64.8,67.1,70.2,58.1,58.1,58.4,59.1,59.9,60.9,61.8,62.7,65.0,68.1,69.5,70.0,69.9,68.9,67.2,65.1,61.6,57.7,54.3,53.5,54.0,54.1,54.4,55.1,55.6,56.0,56.9,58.0,59.0,60.4,62.0,63.8,66.6,69.5,70.8,71.3,70.9,70.0,68.4,66.4,63.3,59.7,56.2,54.9,55.2,55.5,56.0,56.9,58.0,59.2,60.3,61.5,62.7,63.9,65.9,68.4,71.8,74.3,75.4,75.7,75.1,73.6,72.0,69.6,66.8,63.5,59.8,57.5,58.0,58.5,58.9,59.6,60.4,61.2,62.6,63.9,65.5,67.4,69.5
59.2,59.5,60.0,60.5,61.4,62.3,63.0,63.7,64.8,67.0,57.5,57.6,57.7,58.4,59.1,59.7,60.7,61.5,62.6,64.9,68.1,69.4,70.2,69.7,68.9,67.5,65.2,61.7,57.5,54.1,53.4,54.0,54.1,54.6,55.0,55.5,56.3,57.2,58.0,59.2,60.5,62.1,63.8,66.8,69.7,70.9,71.6,71.1,70.1,68.5,66.7,63.2,59.5,56.1,54.9,55.2,55.5,56.4,57.6,58.5,59.6,60.6,61.6,62.7,64.4,66.3,68.6,72.0,74.4,75.4,75.6,74.8,73.5,71.9,69.7,67.0,63.8,59.9,57.7,58.2,58.5,59.0,59.8,60.7,61.7,62.9,64.2,65.9,67.6
58.8,59.0,59.5,60.1,60.5,61.5,62.0,62.7,63.6,64.5,57.1,57.1,57.3,57.8,58.4,58.8,59.5,60.4,61.1,62.4,64.9,68.1,69.7,70.1,69.8,69.2,67.5,65.3,61.5,57.3,54.0,53.4,53.9,54.3,54.5,54.9,55.8,56.7,57.3,58.3,59.3,60.6,62.0,63.9,67.0,69.8,71.2,71.8,71.3,70.2,68.9,66.7,63.0,59.4,56.1,54.9,55.2,55.9,57.0,58.1,58.9,60.0,60.8,61.5,63.1,64.7,66.4,68.7,72.0,74.5,75.4,75.4,74.8,73.5,71.8,69.8,67.2,63.8,60.2,57.8,58.1,58.6,59.1,60.0,61.1,62.0,63.3,64.7,66.2
58.3,58.6,59.0,59.6,60.1,60.6,61.3,61.6,62.6,63.4,56.9,56.5,56.8,57.4,57.7,58.2,58.6,59.1,60.0,60.9,62.3,64.9,68.4,69.6,70.1,70.1,69.3,67.6,65.0,61.3,57.2,53.9,53.3,54.0,54.2,54.4,55.3,56.2,56.8,57.5,58.3,59.5,60.5,62.1,64.1,67.2,70.2,71.3,71.8,71.4,70.6,68.9,66.5,63.2,59.5,56.2,54.9,55.5,56.5,57.5,58.5,59.3,60.1,60.7,62.0,63.5,64.9,66.5,68.8,72.1,74.3,75.1,75.3,74.8,73.5,72.1,70.0,67.5,64.2,60.5,57.8,58.2,58.9,59.3,60.4,61.5,62.4,63.7,64.9
58.1,58.2,58.6,59.0,59.5,60.2,60.4,60.8,61.5,62.3,56.5,56.4,56.3,56.9,57.3,57.5,58.0,58.2,58.7,59.8,60.8,62.3,65.2,68.3,69.7,70.4,70.3,69.4,67.4,64.8,61.1,57.1,53.9,53.4,53.8,54.0,54.7,55.7,56.3,57.0,57.5,58.4,59.4,60.6,62.4,64.3,67.5,70.3,71.4,71.9,71.8,70.6,68.7,66.7,63.3,59.6,56.3,55.2,56.2,57.0,57.9,58.9,59.4,60.0,61.1,62.3,63.6,65.0,66.6,68.8,72.0,74.1,75.1,75.3,74.7,73.7,72.2,70.4,67.9,64.5,60.7,57.9,58.4,59.0,59.8,60.8,61.9,62.9,64.0
57.9,57.9,58.2,58.6,59.0,59.7,60.0,59.9,60.8,61.2,56.2,56.0,56.1,56.4,56.8,57.0,57.3,57.5,57.7,58.5,59.6,60.7,62.5,65.0,68.4,69.9,70.5,70.4,69.3,67.2,64.5,61.0,57.1,54.0,53.3,53.7,54.4,55.1,55.9,56.7,57.0,57.6,58.4,59.4,60.9,62.5,64.5,67.7,70.4,71.6,72.3,71.8,70.4,68.9,66.8,63.5,59.8,56.6,55.9,56.7,57.4,58.4,59.1,59.3,60.4,61.5,62.5,63.7,65.0,66.5,68.6,71.7,74.0,75.1,75.3,74.9,73.8,72.6,70.9,68.2,64.6,60.7,58.1,58.6,59.5,60.1,61.2,62.4,63.2
58.8,57.7,57.9,58.3,58.6,59.2,59.5,59.6,59.9,60.5,56.8,55.7,55.8,56.2,56.3,56.6,56.8,56.9,57.1,57.5,58.4,59.5,60.9,62.4,65.2,68.7,70.1,70.6,70.4,69.0,66.8,64.3,61.1,57.1,53.9,53.2,54.1,54.8,55.3,56.1,56.6,57.0,57.6,58.5,59.8,60.9,62.7,64.7,67.8,70.5,72.0,72.3,71.8,70.7,68.9,66.9,63.7,60.2,57.3,56.4,57.1,57.9,58.6,59.0,59.7,60.6,61.6,62.6,63.7,64.8,66.4,68.4,71.7,74.0,75.0,75.5,75.0,74.1,73.0,71.1,68.3,64.6,61.0,58.4,59.1,59.8,60.6,61.7,62.6
61.7,58.6,57.7,58.0,58.2,58.7,58.9,59.0,59.5,59.6,59.5,56.4,55.5,55.8,56.1,56.1,56.3,56.4,56.5,56.9,57.4,58.4,59.6,60.7,62.6,65.5,68.8,70.1,70.5,70.1,68.7,66.7,64.4,61.1,57.1,53.9,53.7,54.5,55.0,55.5,56.1,56.7,56.9,57.6,58.8,59.8,61.1,62.9,64.8,68.0,70.9,71.9,72.2,72.0,70.7,69.1,67.2,64.1,60.8,57.8,56.7,57.6,58.0,58.4,59.5,60.0,60.7,61.7,62.5,63.5,64.7,66.1,68.3,71.6,73.9,75.3,75.5,75.4,74.7,73.2,71.3,68.4,64.9,61.4,58.9,59.4,60.2,61.1,62.0
65.1,61.5,58.6,57.8,57.9,58.4,58.5,58.5,58.9,59.2,62.8,59.1,56.1,55.6,55.7,55.9,55.8,55.9,55.9,56.2,56.7,57.4,58.5,59.4,60.9,62.9,65.7,68.9,70.1,70.4,69.8,68.5,66.8,64.4,60.9,57.1,54.4,54.1,54.7,55.3,55.5,56.2,56.6,57.0,57.9,58.7,60.0,61.4,62.9,64.9,68.3,70.8,71.9,72.4,72.1,71.0,69.3,67.6,64.7,61.2,58.1,57.2,57.7,57.9,58.8,59.7,60.1,60.8,61.7,62.4,63.4,64.4,65.9,68.3,71.6,74.2,75.3,75.9,75.9,74.9,73.4,71.3,68.7,65.4,61.9,59.2,59.8,60.8,61.4
68.3,64.9,61.4,58.7,57.7,58.1,58.2,58.1,58.4,58.6,66.0,62.3,58.9,56.1,55.5,55.5,55.6,55.4,55.4,55.8,56.0,56.7,57.5,58.3,59.4,61.3,63.1,65.8,68.9,70.0,70.1,69.7,68.5,66.7,64.1,60.9,57.6,54.8,54.4,54.9,55.4,55.6,56.1,56.7,57.2,57.9,58.9,60.2,61.3,63.0,65.3,68.2,70.8,72.0,72.4,72.4,71.2,69.8,68.2,65.0,61.5,58.6,57.3,57.6,58.4,59.1,59.8,60.2,60.9,61.6,62.3,63.1,64.2,65.8,68.3,72.0,74.3,75.7,76.3,76.1,75.1,73.4,71.6,69.1,65.8,62.3,59.7,60.4,61.0
70.8,68.2,64.9,61.5,58.7,57.8,57.9,57.8,58.0,58.0,68.4,65.6,62.3,59.0,56.0,55.2,55.3,55.1,54.9,55.3,55.5,55.9,56.9,57.3,58.3,59.7,61.5,63.2,65.8,68.7,69.8,70.0,69.7,68.4,66.5,64.2,61.4,57.9,55.2,54.6,55.0,55.4,55.5,56.1,56.9,57.2,58.0,59.1,60.1,61.4,63.3,65.1,68.1,71.0,72.0,72.7,72.7,71.7,70.4,68.5,65.3,61.9,58.7,57.2,58.1,58.6,59.2,60.0,60.3,60.8,61.5,62.1,62.8,64.1,65.9,68.6,72.0,74.8,76.2,76.5,76.2,75.1,73.7,71.9,69.6,66.2,62.8,60.3,60.6
72.3,70.7,68.2,65.0,61.4,58.7,57.6,57.5,57.7,57.6,69.7,67.9,65.6,62.3,58.9,55.7,55.0,54.8,54.7,54.8,55.0,55.5,56.0,56.6,57.4,58.6,60.0,61.6,63.0,65.6,68.5,69.8,70.1,69.5,68.1,66.5,64.7,61.5,58.2,55.4,54.8,55.1,55.3,55.7,56.4,56.9,57.3,58.2,59.0,60.2,61.7,63.1,65.0,68.3,71.0,72.3,72.9,73.1,72.2,70.7,68.6,65.5,62.0,58.8,57.8,58.3,58.7,59.4,60.1,60.1,60.7,61.2,61.8,62.7,64.1,66.1,68.6,72.5,75.1,76.3,76.7,76.2,75.4,74.0,72.3,70.0,66.7,63.3,60.5
73.3,72.2,70.6,68.2,64.8,61.3,58.5,57.2,57.4,57.4,70.9,69.4,68.0,65.6,62.2,58.6,55.4,54.5,54.4,54.6,54.6,55.0,55.6,55.9,56.7,57.6,58.8,60.0,61.4,62.8,65.4,68.6,69.8,70.0,69.3,68.2,67.1,64.8,61.8,58.4,55.5,54.9,54.9,55.5,55.9,56.3,57.0,57.6,58.1,59.0,60.4,61.5,63.0,65.1,68.4,71.4,72.6,73.4,73.6,72.5,70.9,68.8,65.6,62.2,59.3,58.0,58.4,58.9,59.5,60.0,60.0,60.3,60.9,61.6,62.7,64.3,66.1,69.1,72.9,75.3,76.5,76.7,76.5,75.7,74.5,72.7,70.4,67.1,63.5
73.6,73.1,72.1,70.6,68.2,64.5,61.0,58.0,57.1,57.1,71.1,70.5,69.4,68.1,65.6,62.1,58.3,55.0,54.1,54.3,54.3,54.6,55.1,55.4,56.0,57.0,57.9,58.9,59.8,61.2,62.7,65.5,68.6,69.7,69.8,69.4,68.8,67.1,65.1,61.8,58.4,55.6,54.8,55.1,55.7,55.7,56.4,57.2,57.4,58.1,59.2,60.2,61.4,63.1,65.2,68.8,71.7,73.1,74.0,73.9,72.7,71.0,68.7,65.8,62.7,59.6,58.1,58.5,59.0,59.4,59.8,59.7,60.0,60.6,61.6,62.9,64.4,66.5,69.4,73.0,75.5,76.6,77.0,76.8,76.1,74.8,73.2,70.7,67.2
72.9,73.3,73.1,71.9,70.5,67.8,64.2,60.6,57.9,56.8,70.7,70.8,70.6,69.5,68.0,65.4,61.8,57.9,54.5,54.0,54.1,54.3,54.6,54.9,55.5,56.3,57.2,57.9,58.7,59.7,61.1,62.7,65.5,68.5,69.5,70.0,69.9,68.7,67.4,65.0,61.9,58.5,55.5,55.0,55.2,55.6,55.9,56.6,57.1,57.5,58.3,59.0,60.1,61.6,63.1,65.4,69.1,72.2,73.6,74.3,74.1,72.9,71.0,68.9,66.2,63.1,59.8,58.3,58.6,58.9,59.2,59.4,59.4,59.8,60.6,61.8,62.9,64.7,66.8,69.5,73.3,75.6,76.8,77.3,77.2,76.4,75.3,73.4,70.8
71.1,72.8,73.3,72.9,71.9,70.1,67.4,63.8,60.5,57.5,69.3,70.4,70.9,70.7,69.5,67.8,65.1,61.3,57.5,54.4,53.6,54.1,54.2,54.4,55.0,55.8,56.5,57.2,57.6,58.5,59.5,61.0,62.7,65.4,68.3,69.7,70.4,69.8,69.0,67.4,65.0,62.0,58.5,55.8,55.2,55.1,55.7,56.2,56.5,57.2,57.7,58.1,58.9,60.3,61.6,63.3,65.7,69.7,72.8,73.9,74.5,74.2,72.8,71.3,69.3,66.5,63.2,60.0,58.4,58.5,58.8,58.9,59.1,59.1,59.8,60.9,61.9,63.3,65.0,66.9,69.6,73.4,75.9,77.2,77.6,77.5,76.9,75.5,73.5
67.8,71.1,72.8,73.1,72.8,71.5,69.7,67.0,63.7,60.1,66.1,69.1,70.5,71.0,70.6,69.2,67.6,64.7,61.0,57.5,54.1,53.6,54.0,54.1,54.6,55.3,56.0,56.5,56.9,57.6,58.3,59.4,61.0,62.6,65.3,68.6,70.2,70.4,70.0,68.9,67.4,65.1,62.0,58.8,56.0,55.1,55.2,55.9,56.1,56.7,57.3,57.4,58.0,59.1,60.3,61.9,63.6,66.3,70.2,73.0,74.2,74.5,74.0,73.0,71.6,69.7,66.7,63.5,60.1,58.3,58.4,58.5,58.6,58.9,59.1,59.9,60.8,62.2,63.6,65.1,67.0,69.7,73.7,76.3,77.5,77.9,77.9,77.1,75.5
65.5,67.8,71.2,72.6,73.1,72.5,71.1,69.3,66.9,63.2,63.5,65.8,69.1,70.6,70.9,70.3,69.0,67.2,64.5,61.2,57.3,54.1,53.6,53.8,54.2,54.8,55.5,56.0,56.3,56.8,57.5,58.2,59.4,61.0,62.5,65.6,69.1,70.1,70.7,70.0,69.0,67.5,65.2,62.4,59.0,56.0,55.2,55.5,55.7,56.2,56.8,57.0,57.3,58.1,59.1,60.5,62.2,64.1,66.8,70.5,73.4,74.2,74.5,74.3,73.4,72.0,69.8,66.9,63.5,60.0,58.2,58.2,58.2,58.4,58.8,59.3,59.9,61.1,62.5,63.7,65.3,67.2,70.0,74.2,76.6,77.8,78.3,78.1,77.1
64.2,65.5,67.9,71.0,72.5,72.7,72.2,70.8,69.3,66.4,62.4,63.2,65.9,69.3,70.5,70.6,70.1,68.7,67.0,64.6,61.1,57.3,54.0,53.5,54.0,54.4,55.0,55.4,55.7,56.1,56.7,57.4,58.3,59.3,60.8,62.8,66.1,69.0,70.4,70.7,70.1,69.1,67.5,65.6,62.5,59.1,56.1,55.4,55.4,55.9,56.4,56.5,56.8,57.4,58.2,59.3,60.8,62.7,64.7,67.2,70.9,73.3,74.2,74.8,74.7,73.7,72.0,70.0,66.9,63.5,60.0,57.9,57.9,57.9,58.3,59.0,59.3,60.2,61.4,62.6,63.8,65.4,67.5,70.5,74.4,77.0,78.2,78.5,78.1
63.1,64.2,65.5,67.8,70.9,72.2,72.3,72.0,70.8,68.8,61.4,62.0,63.2,66.0,69.2,70.1,70.4,69.8,68.6,67.0,64.6,61.2,57.3,53.9,53.6,54.3,54.6,54.9,55.1,55.6,56.0,56.7,57.5,58.2,59.3,61.1,63.3,66.2,69.3,70.5,70.9,70.1,69.1,67.9,65.8,62.7,59.2,56.4,55.3,55.6,56.0,56.0,56.3,56.9,57.4,58.5,59.7,61.3,63.2,65.1,67.5,70.9,73.3,74.6,75.2,75.0,73.8,72.2,70.0,66.9,63.5,59.8,57.6,57.6,57.9,58.5,59.0,59.7,60.5,61.5,62.7,63.9,65.7,68.0,70.9,74.8,77.4,78.4,78.5
62.1,63.1,64.3,65.4,67.7,70.7,71.8,72.2,71.9,70.2,60.2,61.0,62.1,63.4,66.0,68.8,69.9,70.0,69.7,68.6,67.0,64.6,61.2,57.2,54.1,53.8,54.5,54.5,54.6,55.0,55.6,56.0,56.8,57.5,58.1,59.5,61.6,63.4,66.5,69.4,70.6,70.9,70.2,69.3,68.0,66.1,62.8,59.4,56.3,55.5,55.6,55.6,55.9,56.4,56.9,57.7,58.8,60.2,61.9,63.6,65.4,67.6,70.9,73.7,75.0,75.4,75.0,73.9,72.2,69.9,66.8,63.4,59.6,57.3,57.6,58.1,58.4,59.3,59.9,60.6,61.7,62.9,64.3,66.2,68.4,71.3,75.2,77.5,78.3
61.2,62.1,63.2,64.2,65.5,67.6,70.4,71.7,72.1,71.3,59.5,59.9,61.0,62.1,63.2,65.6,68.5,69.5,70.0,69.7,68.6,67.1,64.7,61.3,57.4,54.4,54.0,54.4,54.2,54.5,54.9,55.5,56.1,56.7,57.4,58.4,60.0,61.7,63.6,66.5,69.4,70.6,71.0,70.4,69.5,68.3,66.2,62.9,59.4,56.5,55.5,55.3,55.5,55.9,56.4,57.1,58.1,59.3,60.7,62.3,64.0,65.5,67.5,71.3,74.1,75.2,75.5,75.2,73.8,72.2,69.8,66.8,63.3,59.5,57.2,57.9,58.0,58.7,59.5,60.0,60.8,61.8,63.1,64.8,66.6,68.8,71.8,75.3,77.4
60.4,61.3,62.2,63.2,64.3,65.2,67.2,70.3,71.6,71.5,58.7,59.1,59.9,61.0,62.0,63.0,65.4,68.2,69.6,70.0,69.7,68.8,67.1,64.8,61.5,57.6,54.5,53.8,54.1,54.1,54.4,55.0,55.7,56.0,56.6,57.6,58.9,60.1,62.0,63.7,66.7,69.4,70.6,71.1,70.6,69.8,68.4,66.3,63.0,59.7,56.5,55.1,55.1,55.5,55.9,56.6,57.4,58.6,59.9,61.1,62.7,64.0,65.4,67.9,71.7,74.3,75.3,75.7,75.1,73.8,72.0,69.7,66.8,63.3,59.6,57.5,57.8,58.3,58.9,59.5,60.2,61.0,62.1,63.7,65.0,67.0,69.3,72.0,75.2
