day 0,day 1,day 2,day 3,day 4,day 5,day 6,day 7,day 8,day 9,day 10,day 11,day 12,day 13,day 14,day 15,day 16,day 17,day 18,day 19,day 20,day 21,day 22,day 23,day 24,day 25,day 26,day 27,day 28,day 29,day 30,day 31,day 32,day 33,day 34,day 35,day 36,day 37,day 38,day 39,day 40,day 41,day 42,day 43,day 44,day 45,day 46,day 47,day 48,day 49,day 50,day 51,day 52,day 53,day 54,day 55,day 56,day 57,day 58,day 59,day 60,day 61,day 62,day 63,day 64,day 65,day 66,day 67,day 68,day 69,day 70,day 71,day 72,day 73,day 74,day 75,day 76,day 77,day 78,day 79,day 80,day 81,day 82,day 83,day 84,day 85,day 86,day 87,day 88,day 89,day 90,day 91,day 92,day 93
50.3,51.6,52.9,54.2,56.1,58.4,61.9,64.6,65.8,66.0,65.6,64.6,63.1,61.3,59.0,56.2,53.0,49.6,47.4,47.8,48.4,49.3,50.3,51.0,52.3,53.9,55.6,57.7,60.5,63.8,68.4,71.6,73.2,73.7,73.7,73.1,71.6,69.4,66.6,63.4,59.7,55.8,52.2,51.9,52.6,53.7,54.8,55.8,56.8,58.5,60.7,63.0,66.0,70.5,75.6,78.5,79.9,80.1,79.2,77.7,75.4,72.6,69.2,65.7,62.1,58.6,55.5,54.0,54.7,55.9,57.2,58.6,59.8,61.3,63.2,66.2,70.2,76.1,80.8,83.5,85.0,85.1,84.5,83.0,80.9,78.4,75.2,71.8,67.9,64.2,60.8,58.6,59.6,60.7
49.5,50.3,51.7,53.0,54.3,56.2,58.6,62.0,64.8,65.8,66.2,65.7,64.8,63.3,61.5,59.2,56.2,53.1,49.7,47.3,47.9,48.4,49.5,50.4,51.4,52.6,54.2,55.9,58.1,60.7,64.0,68.9,72.1,73.6,74.3,74.4,73.7,72.0,69.6,66.8,63.6,59.8,55.9,52.4,52.1,52.6,53.7,55.0,55.8,57.0,58.7,60.7,63.0,66.1,70.7,75.6,78.8,80.0,80.0,79.1,77.5,75.1,72.4,69.1,65.8,62.2,58.6,55.6,54.1,54.9,56.3,57.7,58.9,60.0,61.4,63.6,66.7,70.7,76.4,81.2,83.9,85.3,85.4,84.8,83.2,81.1,78.5,75.4,72.1,68.4,64.6,61.0,58.6,59.6
48.8,49.5,50.3,51.7,53.0,54.4,56.2,58.6,62.1,64.9,66.1,66.2,65.8,65.0,63.6,61.7,59.2,56.3,53.2,49.7,47.4,47.9,48.6,49.5,50.7,51.6,52.8,54.5,56.3,58.4,61.0,64.5,69.4,72.5,74.2,75.0,75.0,74.1,72.3,69.8,67.0,63.7,59.8,56.2,52.6,52.0,52.8,53.9,55.0,56.0,57.2,58.8,60.7,63.0,66.2,70.8,75.9,78.9,80.0,79.9,78.9,77.3,74.9,72.3,69.2,65.9,62.2,58.7,55.8,54.2,55.2,56.7,58.0,59.1,60.1,61.8,64.1,67.2,71.0,76.8,81.6,84.1,85.6,85.7,85.0,83.4,81.3,78.9,75.8,72.5,68.9,64.8,61.0,58.7
48.0,48.8,49.6,50.4,51.8,53.1,54.5,56.2,58.6,62.1,65.1,66.0,66.3,66.0,65.3,63.7,61.7,59.3,56.3,53.2,49.9,47.4,48.1,48.6,49.8,50.9,51.8,53.2,54.8,56.5,58.5,61.4,65.0,69.8,73.2,74.9,75.6,75.4,74.4,72.5,70.0,67.1,63.8,60.1,56.4,52.7,52.2,52.9,53.9,55.1,56.2,57.4,58.7,60.7,63.2,66.3,71.1,76.1,78.8,79.9,79.7,78.6,77.0,74.7,72.3,69.3,65.9,62.4,58.9,55.9,54.5,55.6,56.9,58.2,59.1,60.5,62.3,64.6,67.5,71.3,77.1,81.9,84.5,85.9,85.9,85.1,83.6,81.7,79.2,76.2,73.0,69.0,64.8,61.0
47.2,48.0,48.8,49.6,50.5,51.9,53.1,54.5,56.3,58.6,62.4,65.0,66.2,66.6,66.3,65.4,63.8,61.9,59.3,56.4,53.4,50.0,47.6,48.1,48.8,50.1,51.2,52.1,53.4,55.0,56.5,58.8,61.8,65.4,70.4,73.9,75.6,76.1,75.7,74.6,72.6,70.1,67.2,64.0,60.3,56.6,52.9,52.3,52.9,54.1,55.3,56.4,57.4,58.8,60.9,63.2,66.6,71.2,76.0,78.8,79.7,79.5,78.4,76.9,74.7,72.5,69.3,66.1,62.6,59.1,56.2,54.9,55.9,57.1,58.2,59.5,60.9,62.7,64.9,67.8,71.7,77.5,82.3,84.8,86.1,86.1,85.3,84.0,82.0,79.6,76.7,73.2,68.9,64.8
46.8,47.2,48.0,48.8,49.7,50.6,51.9,53.1,54.6,56.3,58.8,62.4,65.2,66.4,66.8,66.4,65.5,64.0,61.9,59.4,56.6,53.6,50.3,47.6,48.3,49.1,50.4,51.4,52.4,53.6,55.1,56.8,59.2,62.2,66.0,71.1,74.5,76.0,76.3,75.9,74.7,72.8,70.3,67.5,64.2,60.6,56.8,53.1,52.3,53.0,54.3,55.5,56.5,57.5,58.9,61.0,63.5,66.8,71.2,76.0,78.6,79.4,79.3,78.3,76.9,74.9,72.5,69.5,66.3,62.8,59.4,56.7,55.1,56.1,57.2,58.5,59.9,61.2,63.0,65.2,68.2,72.0,77.9,82.5,84.9,86.2,86.3,85.7,84.4,82.5,80.2,77.0,73.0,68.9
46.4,46.8,47.3,48.1,48.9,49.8,50.7,51.9,53.1,54.6,56.4,58.8,62.6,65.5,66.7,66.9,66.6,65.8,64.0,62.0,59.6,56.9,53.9,50.6,47.9,48.6,49.4,50.6,51.7,52.6,53.7,55.3,57.1,59.4,62.7,66.6,71.7,75.0,76.3,76.5,76.0,74.9,73.0,70.5,67.7,64.6,60.8,57.0,53.2,52.5,53.2,54.4,55.5,56.6,57.6,58.9,61.2,63.5,66.7,71.2,75.8,78.3,79.2,79.2,78.3,77.0,74.9,72.7,69.8,66.5,63.1,59.9,57.0,55.3,56.2,57.5,58.9,60.3,61.6,63.3,65.5,68.5,72.4,78.1,82.6,85.2,86.4,86.7,86.1,84.9,83.0,80.4,77.0,73.0
47.1,46.3,46.8,47.3,48.1,49.0,49.9,50.7,51.9,53.1,54.8,56.4,59.0,63.0,65.8,66.8,67.1,66.8,65.7,64.1,62.2,59.9,57.2,54.2,50.9,48.2,48.9,49.6,50.8,51.9,52.6,53.9,55.6,57.3,59.9,63.2,67.1,72.1,75.2,76.5,76.6,76.2,75.1,73.3,70.8,68.0,64.9,61.0,57.1,53.4,52.7,53.5,54.6,55.6,56.6,57.8,59.1,61.2,63.5,66.6,71.1,75.7,78.2,79.1,79.2,78.6,77.1,75.1,73.0,70.0,66.9,63.5,60.1,57.2,55.4,56.5,57.8,59.3,60.5,61.9,63.6,65.8,68.8,72.4,78.2,82.9,85.4,86.8,87.1,86.6,85.3,83.3,80.5,77.0
50.8,47.2,46.3,46.8,47.4,48.2,49.1,49.9,50.7,51.9,53.3,54.7,56.5,59.3,63.2,65.9,67.0,67.4,66.8,65.8,64.3,62.5,60.2,57.6,54.5,51.2,48.5,49.1,49.9,51.0,51.9,52.8,54.2,55.8,57.7,60.4,63.7,67.5,72.3,75.4,76.5,76.8,76.4,75.4,73.6,71.2,68.4,65.1,61.1,57.3,53.6,52.8,53.6,54.7,55.7,56.8,58.0,59.2,61.2,63.5,66.6,71.1,75.6,78.2,79.2,79.4,78.7,77.2,75.4,73.2,70.5,67.3,63.8,60.3,57.3,55.7,56.8,58.1,59.5,60.8,62.2,64.0,66.1,68.9,72.5,78.5,83.2,85.8,87.2,87.6,87.1,85.7,83.4,80.6
54.1,50.9,47.3,46.2,46.9,47.4,48.3,49.1,49.9,50.7,52.1,53.2,54.8,56.7,59.6,63.4,66.1,67.3,67.4,67.0,66.1,64.6,62.8,60.7,58.0,54.9,51.6,48.7,49.3,50.1,50.9,52.0,53.1,54.4,56.1,58.2,60.9,64.0,67.7,72.6,75.5,76.7,77.1,76.8,75.8,74.0,71.5,68.7,65.3,61.3,57.4,53.8,53.0,53.8,54.7,55.7,56.9,58.0,59.2,61.2,63.4,66.5,71.1,75.6,78.2,79.5,79.5,78.8,77.5,75.7,73.7,70.9,67.5,64.0,60.5,57.5,56.1,57.2,58.3,59.8,61.1,62.5,64.2,66.2,69.0,72.8,78.7,83.6,86.3,87.8,88.1,87.4,85.8,83.6
57.2,54.3,51.0,47.4,46.4,47.0,47.6,48.3,49.1,49.9,50.9,52.1,53.3,55.0,56.9,59.7,63.6,66.3,67.3,67.5,67.2,66.4,64.9,63.4,61.2,58.3,55.3,52.0,49.0,49.6,50.0,51.1,52.2,53.3,54.7,56.5,58.7,61.2,64.1,67.9,72.6,75.7,77.0,77.5,77.1,76.1,74.4,71.8,68.9,65.5,61.4,57.4,54.0,53.2,53.8,54.8,55.8,56.9,58.0,59.2,61.1,63.4,66.6,71.2,75.8,78.5,79.5,79.7,79.1,77.9,76.2,74.0,71.1,67.8,64.2,60.8,58.0,56.4,57.4,58.7,60.0,61.3,62.7,64.3,66.4,69.2,72.8,79.1,84.1,86.9,88.3,88.4,87.6,86.0
59.7,57.3,54.4,51.2,47.6,46.5,47.2,47.6,48.3,49.1,50.2,50.9,52.2,53.5,55.3,57.0,59.9,63.8,66.3,67.3,67.8,67.5,66.7,65.5,63.8,61.5,58.7,55.7,52.3,49.2,49.5,50.1,51.3,52.4,53.7,55.0,56.9,58.9,61.3,64.2,68.0,72.8,76.0,77.5,77.9,77.5,76.5,74.6,72.0,69.2,65.6,61.3,57.5,54.3,53.2,53.8,54.9,55.8,57.0,58.0,59.2,61.1,63.4,66.6,71.4,76.1,78.6,79.7,80.0,79.5,78.4,76.5,74.3,71.3,68.0,64.6,61.3,58.3,56.7,57.7,58.8,60.3,61.6,62.8,64.5,66.6,69.3,73.1,79.5,84.8,87.4,88.6,88.6,87.9
61.7,59.8,57.5,54.5,51.3,47.8,46.6,47.2,47.6,48.3,49.4,50.1,51.0,52.4,53.8,55.4,57.1,60.0,63.8,66.4,67.5,68.1,67.8,67.3,66.0,64.2,62.0,59.2,56.1,52.6,49.2,49.7,50.4,51.6,52.8,53.9,55.4,57.1,59.1,61.5,64.2,68.2,73.1,76.4,77.8,78.3,77.9,76.7,74.8,72.3,69.2,65.5,61.4,57.7,54.4,53.2,53.9,54.9,55.9,57.0,58.0,59.2,61.2,63.4,66.7,71.7,76.2,78.8,80.1,80.4,80.0,78.7,76.8,74.6,71.6,68.4,65.1,61.7,58.6,57.0,58.0,59.1,60.5,61.6,63.0,64.7,66.6,69.5,73.4,80.2,85.3,87.7,88.8,89.0
63.2,61.9,60.0,57.6,54.6,51.5,48.0,46.6,47.3,47.5,48.5,49.4,50.2,51.2,52.6,53.9,55.4,57.1,60.0,64.0,66.7,67.9,68.4,68.5,67.9,66.4,64.6,62.5,59.7,56.3,52.7,49.4,49.8,50.6,51.9,53.1,54.3,55.6,57.3,59.1,61.5,64.2,68.5,73.5,76.8,78.3,78.6,78.2,76.9,75.1,72.4,69.1,65.5,61.6,57.8,54.4,53.2,53.9,54.9,56.0,57.0,58.0,59.3,61.3,63.6,66.9,71.8,76.5,79.2,80.5,81.0,80.4,79.0,77.2,74.9,72.0,69.0,65.6,62.1,58.9,57.2,58.3,59.3,60.5,61.8,63.2,64.7,66.8,69.8,74.0,80.6,85.5,87.9,89.2
64.2,63.3,62.1,60.1,57.7,54.8,51.6,48.0,46.7,47.2,47.8,48.6,49.5,50.4,51.6,52.7,54.0,55.5,57.1,60.1,64.2,67.0,68.2,69.1,69.1,68.3,66.9,65.2,63.0,59.9,56.5,53.0,49.7,50.0,50.9,52.1,53.5,54.5,55.8,57.4,59.2,61.6,64.5,68.8,73.9,77.3,78.6,78.9,78.3,77.2,75.2,72.3,69.1,65.6,61.7,57.9,54.6,53.3,53.9,55.0,56.0,57.1,58.1,59.4,61.4,63.6,67.0,72.1,76.9,79.6,81.1,81.3,80.8,79.4,77.5,75.3,72.6,69.5,65.9,62.4,59.2,57.4,58.4,59.3,60.6,61.9,63.2,64.9,67.1,70.4,74.3,80.8,85.7,88.3
64.9,64.4,63.6,62.2,60.2,57.8,54.9,51.6,48.1,46.6,47.4,47.9,48.6,49.7,50.7,51.6,52.7,54.0,55.5,57.3,60.4,64.5,67.4,68.9,69.7,69.5,68.9,67.5,65.7,63.2,60.2,56.9,53.3,50.0,50.4,51.1,52.5,53.7,54.7,55.8,57.4,59.3,61.8,64.8,69.2,74.4,77.6,78.9,79.2,78.6,77.3,75.1,72.2,69.2,65.7,61.8,58.1,54.7,53.4,54.0,55.1,56.1,57.2,58.2,59.6,61.4,63.7,67.3,72.5,77.3,80.1,81.4,81.7,81.1,79.7,78.0,75.9,73.1,69.9,66.3,62.6,59.5,57.6,58.5,59.5,60.7,61.9,63.4,65.2,67.7,70.7,74.5,80.9,86.0
64.8,65.1,64.7,63.7,62.3,60.4,57.9,54.9,51.8,48.3,46.8,47.5,47.9,48.9,50.0,50.8,51.6,52.7,53.9,55.5,57.5,60.6,64.9,68.0,69.5,70.1,70.1,69.5,68.0,65.9,63.6,60.6,57.3,53.7,50.4,50.6,51.5,52.7,53.9,54.7,55.9,57.5,59.5,62.0,65.1,69.5,74.6,77.9,79.2,79.4,78.6,77.3,75.0,72.4,69.3,65.8,62.0,58.1,54.8,53.4,54.2,55.2,56.2,57.3,58.3,59.5,61.4,63.9,67.6,72.9,77.9,80.5,81.9,82.1,81.5,80.3,78.6,76.3,73.5,70.2,66.6,62.9,59.6,57.6,58.6,59.5,60.7,62.0,63.7,65.7,68.0,70.9,74.6,81.2
63.8,65.0,65.4,64.7,63.8,62.4,60.5,58.0,55.1,51.9,48.6,46.8,47.5,48.1,49.2,50.0,50.8,51.6,52.6,54.0,55.7,57.8,61.0,65.5,68.6,70.0,70.7,70.6,70.0,68.3,66.4,64.0,61.0,57.6,54.2,50.7,51.0,51.7,52.9,54.0,54.8,56.0,57.7,59.7,62.2,65.3,69.7,74.9,78.1,79.3,79.6,78.6,77.2,75.2,72.6,69.4,66.1,62.1,58.2,54.9,53.5,54.3,55.3,56.3,57.5,58.3,59.6,61.6,64.2,67.9,73.5,78.3,80.9,82.3,82.5,82.1,80.9,79.1,76.8,73.8,70.5,66.9,63.1,59.7,57.7,58.6,59.6,60.9,62.3,64.3,66.0,68.1,70.9,74.8
61.2,63.9,65.3,65.4,64.8,63.9,62.5,60.5,58.1,55.3,52.2,48.7,46.8,47.7,48.4,49.3,50.0,50.7,51.6,52.7,54.1,55.9,58.2,61.5,66.1,69.0,70.6,71.3,71.2,70.4,68.8,66.8,64.4,61.5,58.2,54.6,51.2,51.1,51.9,53.0,54.1,55.0,56.2,57.8,59.9,62.4,65.5,70.0,75.2,78.3,79.5,79.5,78.7,77.4,75.3,72.7,69.7,66.1,62.1,58.2,55.0,53.5,54.3,55.5,56.5,57.4,58.4,59.8,61.8,64.5,68.4,73.8,78.6,81.2,82.7,83.0,82.8,81.3,79.6,77.1,74.1,70.8,67.1,63.2,59.9,57.8,58.6,59.8,61.1,62.9,64.5,66.2,68.1,71.1
58.1,61.4,64.2,65.4,65.5,64.9,64.1,62.6,60.6,58.3,55.5,52.3,48.8,47.0,47.9,48.4,49.3,50.0,50.6,51.6,52.8,54.3,56.1,58.7,62.0,66.6,69.6,71.1,71.8,71.6,70.9,69.3,67.3,64.9,62.0,58.6,55.1,51.4,51.4,52.1,53.1,54.2,55.2,56.4,57.9,60.0,62.6,65.7,70.2,75.4,78.3,79.4,79.6,78.8,77.5,75.5,72.9,69.7,66.0,62.0,58.2,55.0,53.7,54.5,55.7,56.5,57.5,58.6,59.9,62.1,65.0,68.8,74.2,78.9,81.6,83.3,83.7,83.1,81.8,79.9,77.4,74.4,71.1,67.2,63.4,60.0,57.8,58.8,60.0,61.6,63.1,64.7,66.2,68.3
55.9,58.1,61.6,64.3,65.4,65.6,65.1,64.3,62.7,60.8,58.5,55.6,52.4,49.1,47.2,47.9,48.4,49.3,49.9,50.7,51.7,53.0,54.5,56.5,59.1,62.5,67.2,70.2,71.7,72.2,72.2,71.4,69.8,67.8,65.4,62.5,59.0,55.3,51.7,51.5,52.2,53.2,54.4,55.3,56.5,58.1,60.2,62.7,65.8,70.4,75.5,78.2,79.5,79.7,78.9,77.6,75.6,72.9,69.6,66.0,62.0,58.2,55.2,53.8,54.7,55.6,56.6,57.6,58.7,60.3,62.5,65.3,69.0,74.5,79.3,82.2,83.9,84.0,83.6,82.1,80.1,77.7,74.7,71.2,67.4,63.5,60.0,57.9,59.0,60.4,61.8,63.2,64.9,66.4
54.1,56.0,58.3,61.6,64.3,65.5,65.8,65.3,64.3,62.9,61.0,58.6,55.7,52.7,49.4,47.3,48.0,48.4,49.2,50.0,50.7,51.9,53.3,54.9,56.9,59.6,63.0,67.7,70.7,72.0,72.8,72.7,71.8,70.3,68.4,66.0,62.9,59.3,55.6,51.9,51.7,52.3,53.5,54.6,55.4,56.7,58.2,60.3,62.8,66.0,70.5,75.4,78.3,79.6,79.7,79.0,77.8,75.6,72.9,69.6,65.8,61.9,58.3,55.4,53.9,54.6,55.6,56.7,57.7,59.0,60.8,62.9,65.6,69.3,74.9,80.0,82.8,84.3,84.5,83.9,82.4,80.4,77.9,74.8,71.5,67.6,63.6,60.1,58.1,59.4,60.5,61.9,63.3,65.0
52.9,54.1,56.1,58.3,61.7,64.5,65.6,65.9,65.4,64.5,63.0,61.1,58.7,56.0,53.0,49.5,47.3,47.9,48.3,49.3,50.0,50.9,52.0,53.6,55.2,57.3,60.0,63.5,68.1,71.0,72.7,73.3,73.1,72.4,71.0,69.0,66.4,63.2,59.5,55.7,52.1,51.7,52.5,53.6,54.6,55.6,56.8,58.3,60.4,63.0,66.1,70.4,75.4,78.5,79.7,79.9,79.2,77.8,75.6,72.8,69.4,65.8,62.0,58.5,55.5,53.9,54.6,55.7,56.9,58.1,59.5,61.1,63.1,65.8,69.7,75.5,80.5,83.1,84.7,84.8,84.2,82.7,80.7,78.1,75.1,71.6,67.7,63.8,60.4,58.5,59.5,60.6,61.9,63.5
51.6,52.9,54.2,56.1,58.4,61.9,64.6,65.8,66.0,65.6,64.6,63.1,61.3,59.0,56.2,53.0,49.6,47.4,47.8,48.4,49.3,50.3,51.0,52.3,53.9,55.6,57.7,60.5,63.8,68.4,71.6,73.2,73.7,73.7,73.1,71.6,69.4,66.6,63.4,59.7,55.8,52.2,51.9,52.6,53.7,54.8,55.8,56.8,58.5,60.7,63.0,66.0,70.5,75.6,78.5,79.9,80.1,79.2,77.7,75.4,72.6,69.2,65.7,62.1,58.6,55.5,54.0,54.7,55.9,57.2,58.6,59.8,61.3,63.2,66.2,70.2,76.1,80.8,83.5,85.0,85.1,84.5,83.0,80.9,78.4,75.2,71.8,67.9,64.2,60.8,58.6,59.6,60.7,62.1
50.3,51.7,53.0,54.3,56.2,58.6,62.0,64.8,65.8,66.2,65.7,64.8,63.3,61.5,59.2,56.2,53.1,49.7,47.3,47.9,48.4,49.5,50.4,51.4,52.6,54.2,55.9,58.1,60.7,64.0,68.9,72.1,73.6,74.3,74.4,73.7,72.0,69.6,66.8,63.6,59.8,55.9,52.4,52.1,52.6,53.7,55.0,55.8,57.0,58.7,60.7,63.0,66.1,70.7,75.6,78.8,80.0,80.0,79.1,77.5,75.1,72.4,69.1,65.8,62.2,58.6,55.6,54.1,54.9,56.3,57.7,58.9,60.0,61.4,63.6,66.7,70.7,76.4,81.2,83.9,85.3,85.4,84.8,83.2,81.1,78.5,75.4,72.1,68.4,64.6,61.0,58.6,59.6,60.9
