day 0,day 1,day 2,day 3,day 4,day 5,day 6,day 7,day 8,day 9,day 10,day 11,day 12,day 13,day 14,day 15,day 16,day 17,day 18,day 19,day 20,day 21,day 22,day 23,day 24,day 25,day 26,day 27,day 28,day 29,day 30,day 31,day 32,day 33,day 34,day 35,day 36,day 37,day 38,day 39,day 40,day 41,day 42,day 43,day 44,day 45,day 46,day 47,day 48,day 49,day 50,day 51,day 52,day 53,day 54,day 55,day 56,day 57,day 58,day 59,day 60,day 61,day 62,day 63,day 64,day 65,day 66,day 67,day 68,day 69,day 70,day 71,day 72,day 73,day 74,day 75,day 76,day 77,day 78,day 79,day 80,day 81,day 82,day 83,day 84,day 85,day 86,day 87,day 88,day 89,day 90,day 91,day 92,day 93
87.1,89.3,91.4,94.1,96.8,99.3,101.6,102.9,103.5,103.6,103.2,102.3,100.9,98.9,96.5,93.7,90.9,88.0,85.1,83.8,84.6,85.9,87.1,88.5,89.7,91.2,92.8,94.8,97.0,99.1,101.3,102.7,103.1,103.2,102.6,101.6,100.2,98.1,95.9,93.3,90.6,87.6,84.8,83.6,84.2,85.1,86.1,87.0,88.2,89.6,91.2,93.3,95.5,97.6,99.8,101.3,102.1,102.2,101.9,101.3,99.6,97.2,94.8,92.0,88.9,85.6,82.5,81.9,82.6,83.4,84.4,85.5,86.6,88.0,89.2,90.3,92.0,93.6,95.1,96.5,96.9,96.7,96.1,94.9,93.1,90.7,87.8,84.7,81.1,77.0,73.6,73.3,73.6,74.4
85.5,87.5,89.6,91.8,94.5,97.0,99.3,101.6,102.9,103.5,103.6,103.2,102.2,100.9,98.8,96.4,93.7,90.9,88.0,85.3,83.9,84.7,86.0,87.1,88.5,89.8,91.3,92.9,94.9,97.1,99.2,101.4,102.7,103.0,102.8,102.4,101.5,100.1,98.1,95.9,93.2,90.3,87.2,84.5,83.3,84.1,84.8,85.9,86.8,88.2,89.6,91.3,93.3,95.4,97.7,99.8,101.4,102.0,101.9,101.8,101.2,99.4,97.0,94.7,91.9,88.8,85.3,82.2,81.6,82.4,83.3,84.2,85.3,86.6,87.8,88.6,89.9,91.7,93.1,94.6,95.9,96.5,96.3,95.7,94.5,92.7,90.2,87.4,84.2,80.4,76.5,73.2,72.9,73.3
83.9,85.9,87.8,90.1,92.2,94.7,97.0,99.3,101.6,102.9,103.4,103.5,103.0,102.2,100.8,98.7,96.4,93.7,91.0,88.2,85.4,84.1,84.9,85.9,87.2,88.6,89.9,91.5,93.0,95.0,97.2,99.3,101.4,102.6,102.7,102.5,102.2,101.4,100.1,98.1,95.7,92.9,90.1,87.0,84.2,83.1,83.9,84.7,85.7,86.7,88.2,89.7,91.3,93.3,95.6,97.7,99.9,101.2,101.8,101.8,101.6,100.9,99.2,97.0,94.6,91.8,88.5,85.1,81.9,81.4,82.3,83.1,84.0,85.3,86.4,87.3,88.2,89.5,91.2,92.6,94.1,95.5,96.1,95.9,95.2,94.1,92.2,89.8,86.9,83.6,80.0,76.2,72.9,72.6
82.4,84.3,86.2,88.3,90.4,92.4,94.7,97.0,99.3,101.6,102.8,103.3,103.4,103.0,102.0,100.7,98.7,96.4,93.8,91.1,88.2,85.5,84.2,84.9,86.0,87.3,88.7,90.1,91.6,93.1,95.1,97.3,99.3,101.3,102.3,102.4,102.3,102.2,101.3,100.1,98.0,95.5,92.8,90.0,86.8,84.0,82.9,83.7,84.4,85.6,86.8,88.3,89.7,91.4,93.4,95.5,97.7,99.8,101.0,101.7,101.6,101.3,100.7,99.2,97.0,94.5,91.5,88.3,84.8,81.8,81.3,82.1,82.9,84.0,85.1,85.9,86.8,87.9,89.0,90.7,92.1,93.7,95.1,95.6,95.3,94.8,93.6,91.7,89.3,86.3,83.2,79.7,75.9,72.6
81.2,82.9,84.7,86.7,88.6,90.7,92.5,94.8,97.0,99.3,101.5,102.8,103.2,103.3,102.8,101.9,100.7,98.8,96.4,94.0,91.2,88.2,85.6,84.2,84.9,86.1,87.4,88.9,90.2,91.7,93.2,95.2,97.4,99.2,100.9,102.0,102.2,102.3,102.2,101.4,100.1,97.8,95.3,92.6,89.9,86.7,83.7,82.7,83.4,84.3,85.6,86.8,88.2,89.7,91.5,93.4,95.5,97.5,99.6,101.0,101.5,101.3,101.2,100.6,99.2,96.9,94.2,91.3,88.1,84.7,81.6,81.1,81.9,82.8,83.8,84.5,85.5,86.5,87.4,88.6,90.1,91.7,93.2,94.6,95.1,95.0,94.4,93.1,91.3,88.6,85.9,82.9,79.5,75.6
80.7,81.6,83.2,85.1,87.0,88.9,90.8,92.6,94.8,97.1,99.3,101.5,102.6,103.1,103.1,102.6,101.8,100.7,98.8,96.6,94.1,91.3,88.2,85.6,84.3,85.0,86.2,87.6,89.0,90.3,91.8,93.4,95.4,97.3,98.9,100.6,101.8,102.2,102.2,102.2,101.4,99.8,97.6,95.2,92.6,89.8,86.4,83.5,82.5,83.3,84.3,85.7,86.8,88.3,89.8,91.5,93.4,95.4,97.4,99.6,100.7,101.3,101.1,101.1,100.5,99.0,96.6,93.9,91.0,87.9,84.6,81.4,80.9,81.9,82.7,83.3,84.1,85.1,86.0,87.0,88.0,89.7,91.2,92.7,94.1,94.7,94.6,93.9,92.7,90.6,88.2,85.6,82.8,79.2
82.6,81.1,81.9,83.6,85.5,87.3,89.0,90.9,92.6,94.9,97.0,99.3,101.4,102.5,102.9,102.9,102.5,101.8,100.8,98.9,96.6,94.2,91.3,88.2,85.6,84.4,85.1,86.4,87.7,89.1,90.4,91.8,93.5,95.3,97.0,98.7,100.4,101.8,102.1,102.3,102.1,101.2,99.6,97.5,95.2,92.5,89.5,86.3,83.3,82.3,83.3,84.4,85.6,86.8,88.4,89.8,91.6,93.3,95.2,97.3,99.4,100.5,101.1,101.2,101.1,100.3,98.7,96.2,93.7,90.9,87.8,84.4,81.3,80.9,81.7,82.1,82.8,83.7,84.6,85.5,86.4,87.6,89.2,90.7,92.2,93.7,94.3,94.2,93.4,92.0,90.2,88.0,85.5,82.5
85.9,82.9,81.4,82.3,83.9,85.8,87.5,89.2,90.9,92.7,94.9,97.1,99.3,101.3,102.3,102.7,102.8,102.7,101.8,100.9,99.0,96.7,94.1,91.2,88.2,85.7,84.5,85.3,86.5,87.7,89.2,90.5,92.0,93.5,95.1,96.8,98.5,100.4,101.7,102.1,102.2,101.9,101.0,99.6,97.4,95.1,92.4,89.4,86.2,83.2,82.3,83.3,84.3,85.6,86.9,88.4,89.9,91.5,93.2,95.2,97.1,99.2,100.4,101.2,101.2,100.8,100.0,98.4,96.0,93.6,90.8,87.6,84.3,81.2,80.7,81.2,81.7,82.5,83.3,84.2,85.0,85.9,87.2,88.7,90.2,91.7,93.3,93.9,93.7,92.8,91.7,90.0,87.9,85.3
89.2,86.2,83.2,81.8,82.6,84.3,85.9,87.6,89.2,91.0,92.8,94.9,97.0,99.2,101.1,102.2,102.7,102.9,102.7,101.9,101.0,99.1,96.6,94.1,91.2,88.3,85.8,84.6,85.4,86.5,87.8,89.3,90.6,91.9,93.3,94.9,96.6,98.6,100.3,101.7,101.9,101.9,101.8,101.0,99.6,97.4,94.9,92.3,89.3,86.1,83.1,82.3,83.3,84.3,85.6,86.8,88.5,89.8,91.4,93.1,95.0,97.0,99.0,100.4,101.1,100.9,100.6,99.7,98.2,96.0,93.4,90.5,87.5,84.2,81.0,80.2,80.7,81.3,82.0,82.9,83.6,84.5,85.5,86.6,88.2,89.7,91.3,92.9,93.3,93.1,92.4,91.5,89.9,87.7
92.1,89.5,86.5,83.7,82.1,82.9,84.4,86.1,87.7,89.4,91.0,92.8,94.8,97.0,99.0,101.1,102.2,102.8,102.9,102.7,101.9,101.1,99.0,96.5,94.1,91.3,88.3,85.9,84.7,85.5,86.6,87.9,89.4,90.5,91.7,93.2,94.8,96.7,98.5,100.3,101.5,101.6,101.9,101.9,101.0,99.5,97.2,94.8,92.2,89.4,86.2,83.1,82.3,83.3,84.4,85.6,86.9,88.4,89.8,91.4,93.0,94.9,96.8,99.0,100.3,100.8,100.6,100.3,99.5,98.1,95.9,93.2,90.5,87.5,83.9,80.5,79.8,80.4,80.9,81.6,82.3,83.1,84.1,85.0,86.1,87.7,89.3,90.9,92.2,92.7,92.8,92.3,91.4,89.7
94.8,92.4,89.8,86.9,83.9,82.4,83.1,84.6,86.2,87.9,89.4,91.1,92.7,94.8,96.8,99.0,101.1,102.2,102.8,102.9,102.8,102.1,100.9,98.9,96.5,94.1,91.3,88.5,86.0,84.8,85.6,86.8,88.1,89.4,90.4,91.7,93.0,94.8,96.6,98.4,100.0,101.2,101.7,101.9,101.9,100.9,99.3,97.0,94.7,92.4,89.5,86.2,83.1,82.2,83.3,84.4,85.8,86.9,88.3,89.8,91.3,93.0,94.8,96.8,98.9,100.0,100.6,100.3,100.2,99.4,98.0,95.6,93.2,90.4,87.2,83.4,80.1,79.5,79.9,80.4,81.1,81.8,82.6,83.6,84.4,85.7,87.3,88.9,90.3,91.7,92.5,92.6,92.2,91.3
97.2,95.0,92.7,90.2,87.2,84.1,82.5,83.3,84.7,86.3,87.9,89.4,91.1,92.7,94.7,96.8,99.0,101.1,102.2,102.8,103.0,102.8,101.9,100.7,98.8,96.5,94.1,91.4,88.5,86.1,84.9,85.7,86.9,88.1,89.3,90.4,91.5,93.0,94.7,96.5,98.2,99.7,101.2,101.7,102.0,101.8,100.8,99.2,97.0,94.9,92.6,89.6,86.2,83.1,82.3,83.3,84.5,85.8,86.9,88.3,89.7,91.2,92.8,94.8,96.7,98.5,99.7,100.3,100.3,100.0,99.2,97.8,95.6,93.1,90.0,86.6,83.0,79.7,79.0,79.5,79.9,80.5,81.4,82.2,83.0,84.0,85.2,86.9,88.3,89.7,91.4,92.3,92.5,92.1
99.3,97.4,95.4,93.0,90.5,87.4,84.3,82.7,83.5,84.9,86.4,88.0,89.5,91.1,92.6,94.6,96.7,99.0,101.1,102.3,102.9,103.1,102.7,101.8,100.7,98.8,96.5,94.2,91.4,88.5,86.2,85.0,85.9,86.9,87.9,89.2,90.3,91.4,93.0,94.7,96.3,97.9,99.7,101.1,101.7,101.8,101.6,100.7,99.1,97.1,95.2,92.7,89.6,86.2,83.0,82.3,83.4,84.5,85.7,87.0,88.2,89.6,91.1,92.7,94.7,96.4,98.3,99.5,100.2,100.2,99.9,99.1,97.7,95.5,92.8,89.5,86.2,82.6,79.2,78.6,78.9,79.3,80.1,81.0,81.7,82.6,83.6,84.8,86.2,87.8,89.4,91.2,92.2,92.4
100.7,99.6,97.8,95.8,93.3,90.6,87.5,84.4,82.9,83.7,85.1,86.5,88.1,89.5,91.0,92.6,94.5,96.8,99.0,101.2,102.3,103.0,103.0,102.6,101.8,100.7,98.8,96.6,94.1,91.4,88.6,86.3,85.2,86.0,86.8,87.9,89.0,90.2,91.4,93.0,94.4,96.1,97.8,99.6,101.1,101.5,101.7,101.5,100.7,99.3,97.5,95.4,92.7,89.6,86.2,83.1,82.4,83.4,84.5,85.8,87.0,88.2,89.5,91.0,92.6,94.4,96.1,98.0,99.4,100.1,100.0,99.6,99.0,97.7,95.2,92.2,89.1,85.9,82.1,78.8,78.0,78.4,78.9,79.7,80.4,81.2,82.1,83.1,84.2,85.6,87.5,89.2,91.1,92.1
101.9,101.0,100.0,98.2,96.0,93.4,90.7,87.6,84.6,83.1,83.8,85.1,86.6,88.2,89.5,91.0,92.6,94.6,96.8,99.0,101.3,102.4,102.8,102.9,102.6,101.7,100.8,98.9,96.5,94.1,91.6,88.7,86.4,85.2,85.9,86.7,87.8,88.9,90.1,91.4,92.6,94.1,96.0,97.8,99.6,100.9,101.3,101.6,101.4,100.9,99.6,97.6,95.4,92.6,89.6,86.2,83.1,82.5,83.4,84.6,85.7,86.9,88.1,89.5,90.9,92.3,94.1,95.9,97.9,99.3,99.9,99.8,99.7,99.0,97.3,94.7,91.8,88.8,85.4,81.6,78.2,77.5,78.0,78.5,79.2,80.0,80.7,81.6,82.5,83.5,85.3,87.2,89.1,91.0
102.4,102.0,101.4,100.4,98.5,96.1,93.5,90.8,87.7,84.7,83.2,83.9,85.3,86.7,88.1,89.5,91.0,92.6,94.6,96.9,99.2,101.3,102.3,102.8,102.8,102.5,101.8,100.8,98.9,96.6,94.2,91.6,88.8,86.3,85.1,85.8,86.6,87.7,88.9,90.0,91.1,92.3,94.0,95.8,97.7,99.4,100.7,101.2,101.5,101.7,101.2,99.7,97.7,95.3,92.7,89.6,86.2,83.1,82.5,83.5,84.5,85.6,86.8,88.0,89.4,90.7,92.0,93.9,95.8,97.8,99.1,99.7,99.8,99.7,98.5,96.7,94.2,91.5,88.4,84.9,81.1,77.7,77.1,77.5,78.0,78.7,79.5,80.2,81.0,81.9,83.1,85.0,87.1,88.8
102.2,102.6,102.5,101.9,100.7,98.6,96.3,93.6,90.9,87.8,84.8,83.3,84.0,85.4,86.7,88.2,89.5,91.1,92.7,94.6,97.0,99.1,101.2,102.2,102.8,102.8,102.4,101.8,100.8,98.9,96.7,94.3,91.7,88.6,86.2,85.0,85.7,86.6,87.7,88.8,89.7,90.8,92.1,93.9,95.8,97.5,99.3,100.6,101.3,101.8,101.8,101.4,99.8,97.7,95.4,92.7,89.5,86.2,83.1,82.5,83.5,84.4,85.5,86.7,87.9,89.2,90.4,91.8,93.8,95.6,97.5,98.8,99.8,99.8,99.3,98.0,96.3,93.9,91.0,87.9,84.3,80.6,77.3,76.7,77.1,77.5,78.3,79.0,79.6,80.4,81.5,82.8,84.8,86.8
101.6,102.5,103.1,102.9,102.2,100.8,98.7,96.4,93.7,90.9,87.9,84.9,83.4,84.2,85.4,86.7,88.3,89.6,91.2,92.7,94.7,97.0,99.0,101.2,102.3,102.8,102.8,102.4,101.9,100.9,99.0,96.8,94.2,91.4,88.4,86.0,84.9,85.6,86.5,87.6,88.5,89.4,90.5,92.0,93.8,95.5,97.4,99.1,100.6,101.5,102.0,102.0,101.5,99.9,97.7,95.4,92.7,89.5,86.1,83.1,82.4,83.4,84.3,85.4,86.6,87.7,88.9,90.2,91.6,93.6,95.4,97.2,98.9,99.7,99.3,98.8,97.7,95.9,93.4,90.5,87.4,83.9,80.1,76.8,76.2,76.6,77.1,77.7,78.4,79.0,80.0,81.1,82.6,84.5
100.3,101.9,103.0,103.5,103.2,102.2,100.9,98.7,96.4,93.8,91.0,87.9,85.0,83.5,84.1,85.4,86.8,88.3,89.7,91.2,92.7,94.7,96.9,99.0,101.2,102.3,102.7,102.8,102.5,102.0,101.0,99.1,96.8,94.0,91.2,88.3,85.9,84.7,85.5,86.4,87.3,88.2,89.2,90.3,91.9,93.4,95.4,97.2,99.2,100.8,101.7,102.2,102.0,101.6,99.9,97.8,95.3,92.6,89.4,86.1,83.0,82.4,83.3,84.3,85.3,86.4,87.5,88.7,90.0,91.4,93.4,95.1,97.2,98.8,99.1,98.9,98.5,97.2,95.5,92.9,90.0,86.9,83.4,79.6,76.3,75.8,76.1,76.6,77.1,77.8,78.6,79.7,80.9,82.4
98.0,100.6,102.4,103.3,103.8,103.1,102.2,100.9,98.9,96.6,93.8,91.0,88.0,85.1,83.5,84.2,85.4,86.9,88.4,89.7,91.3,92.7,94.6,96.9,99.0,101.2,102.2,102.8,102.9,102.7,102.0,101.1,99.0,96.5,93.7,91.0,88.2,85.7,84.7,85.4,86.1,87.0,87.9,89.0,90.2,91.6,93.3,95.2,97.3,99.4,101.0,101.9,102.1,102.2,101.7,99.9,97.7,95.3,92.5,89.4,86.0,82.9,82.3,83.3,84.3,85.1,86.2,87.2,88.6,89.9,91.2,93.1,95.2,97.1,98.2,98.7,98.6,98.1,96.8,94.9,92.5,89.6,86.5,83.0,79.2,75.8,75.3,75.5,76.0,76.5,77.4,78.3,79.4,80.6
95.6,98.3,101.1,102.8,103.6,103.7,103.1,102.3,101.0,99.0,96.6,93.8,91.1,88.1,85.0,83.5,84.2,85.6,87.0,88.4,89.7,91.3,92.6,94.6,96.9,99.0,101.1,102.3,102.8,103.0,102.8,102.1,101.1,98.8,96.2,93.5,90.9,88.1,85.6,84.5,85.1,85.8,86.7,87.6,88.9,90.0,91.4,93.1,95.2,97.4,99.6,101.1,101.8,102.3,102.2,101.6,99.9,97.6,95.1,92.5,89.2,85.9,82.8,82.3,83.3,84.1,84.9,85.9,87.1,88.4,89.7,91.0,93.2,95.0,96.4,97.7,98.4,98.2,97.6,96.3,94.4,92.0,89.1,86.0,82.5,78.7,75.3,74.8,75.0,75.4,76.1,77.0,78.0,79.2
93.3,95.9,98.8,101.5,103.0,103.6,103.6,103.1,102.3,101.1,98.9,96.5,93.8,91.1,87.9,85.0,83.6,84.3,85.7,87.0,88.5,89.8,91.2,92.6,94.7,97.0,99.0,101.2,102.4,103.0,103.2,102.9,102.2,100.8,98.4,96.0,93.4,90.8,88.0,85.5,84.2,84.8,85.5,86.4,87.4,88.6,89.8,91.2,93.1,95.3,97.5,99.7,101.1,102.0,102.3,102.3,101.5,99.8,97.5,95.1,92.3,89.0,85.8,82.7,82.3,83.1,83.8,84.6,85.8,87.0,88.2,89.4,91.0,93.0,94.4,96.0,97.4,97.9,97.7,97.0,95.8,93.9,91.6,88.7,85.6,82.1,78.2,74.8,74.2,74.4,75.0,75.8,76.8,77.8
91.0,93.6,96.4,99.2,101.6,102.9,103.5,103.6,103.2,102.3,101.0,98.9,96.6,93.8,91.0,87.9,85.0,83.7,84.5,85.8,87.1,88.5,89.7,91.2,92.7,94.7,96.9,99.0,101.2,102.5,103.2,103.2,102.9,101.9,100.4,98.2,95.9,93.4,90.8,87.9,85.1,83.8,84.5,85.2,86.3,87.2,88.4,89.6,91.2,93.2,95.4,97.6,99.6,101.3,102.1,102.3,102.2,101.4,99.7,97.4,94.9,92.1,88.9,85.7,82.7,82.1,82.9,83.6,84.5,85.6,86.8,88.0,89.4,90.9,92.5,94.0,95.7,96.9,97.4,97.2,96.5,95.3,93.5,91.1,88.3,85.2,81.6,77.7,74.2,73.7,74.0,74.7,75.5,76.5
89.3,91.4,94.1,96.8,99.3,101.6,102.9,103.5,103.6,103.2,102.3,100.9,98.9,96.5,93.7,90.9,88.0,85.1,83.8,84.6,85.9,87.1,88.5,89.7,91.2,92.8,94.8,97.0,99.1,101.3,102.7,103.1,103.2,102.6,101.6,100.2,98.1,95.9,93.3,90.6,87.6,84.8,83.6,84.2,85.1,86.1,87.0,88.2,89.6,91.2,93.3,95.5,97.6,99.8,101.3,102.1,102.2,101.9,101.3,99.6,97.2,94.8,92.0,88.9,85.6,82.5,81.9,82.6,83.4,84.4,85.5,86.6,88.0,89.2,90.3,92.0,93.6,95.1,96.5,96.9,96.7,96.1,94.9,93.1,90.7,87.8,84.7,81.1,77.0,73.6,73.3,73.6,74.4,75.3
87.5,89.6,91.8,94.5,97.0,99.3,101.6,102.9,103.5,103.6,103.2,102.2,100.9,98.8,96.4,93.7,90.9,88.0,85.3,83.9,84.7,86.0,87.1,88.5,89.8,91.3,92.9,94.9,97.1,99.2,101.4,102.7,103.0,102.8,102.4,101.5,100.1,98.1,95.9,93.2,90.3,87.2,84.5,83.3,84.1,84.8,85.9,86.8,88.2,89.6,91.3,93.3,95.4,97.7,99.8,101.4,102.0,101.9,101.8,101.2,99.4,97.0,94.7,91.9,88.8,85.3,82.2,81.6,82.4,83.3,84.2,85.3,86.6,87.8,88.6,89.9,91.7,93.1,94.6,95.9,96.5,96.3,95.7,94.5,92.7,90.2,87.4,84.2,80.4,76.5,73.2,72.9,73.3,74.2
