day 0,day 1,day 2,day 3,day 4,day 5,day 6,day 7,day 8,day 9,day 10,day 11,day 12,day 13,day 14,day 15,day 16,day 17,day 18,day 19,day 20,day 21,day 22,day 23,day 24,day 25,day 26,day 27,day 28,day 29,day 30,day 31,day 32,day 33,day 34,day 35,day 36,day 37,day 38,day 39,day 40,day 41,day 42,day 43,day 44,day 45,day 46,day 47,day 48,day 49,day 50,day 51,day 52,day 53,day 54,day 55,day 56,day 57,day 58,day 59,day 60,day 61,day 62,day 63,day 64,day 65,day 66,day 67,day 68,day 69,day 70,day 71,day 72,day 73,day 74,day 75,day 76,day 77,day 78,day 79,day 80,day 81,day 82,day 83,day 84,day 85,day 86,day 87,day 88,day 89,day 90,day 91,day 92,day 93
49.5,50.9,52.0,54.0,55.6,58.4,62.4,66.2,68.4,69.5,69.6,69.0,67.1,64.8,61.6,57.9,53.6,48.8,45.4,45.8,46.7,48.0,49.0,50.5,52.1,53.8,55.6,57.6,60.0,63.2,67.8,71.6,73.9,75.5,76.1,75.8,74.5,72.8,70.2,66.8,62.4,57.4,52.9,51.2,52.8,54.1,55.6,56.9,58.6,60.2,62.0,64.8,67.3,70.3,74.6,77.9,80.2,81.5,81.6,80.9,79.4,77.1,74.1,70.8,66.9,62.0,57.4,54.9,55.9,57.6,59.2,61.0,62.7,64.6,66.7,69.5,72.7,77.0,82.1,85.6,87.9,89.3,89.7,89.2,87.7,85.5,82.5,79.2,75.2,70.2,64.9,62.4,63.9,65.6
48.2,49.4,50.9,52.0,53.9,55.9,58.5,62.6,66.5,68.6,69.7,69.8,68.9,67.1,64.9,61.9,58.2,53.9,49.1,45.5,45.8,46.6,48.1,49.1,50.7,52.3,53.9,56.0,57.9,60.3,63.5,68.2,72.1,74.5,76.2,76.7,76.2,75.0,73.3,70.7,67.1,62.8,57.6,53.0,51.6,53.0,54.3,55.6,57.1,58.8,60.4,62.3,65.1,67.3,70.3,74.7,78.0,80.3,81.4,81.3,80.8,79.3,76.9,74.0,70.8,66.9,62.2,57.6,55.1,56.2,57.9,59.7,61.4,63.0,65.0,67.3,70.1,73.4,77.6,82.5,85.9,88.1,89.6,89.9,89.3,87.8,85.6,82.8,79.7,75.8,70.6,65.3,62.7,64.2
47.0,48.1,49.5,50.9,52.0,54.1,55.9,58.6,62.9,66.7,68.9,69.8,69.6,68.9,67.3,65.2,62.0,58.4,54.1,49.2,45.5,45.7,46.7,48.2,49.4,50.9,52.5,54.3,56.2,58.3,60.6,63.9,68.7,72.6,75.1,76.7,77.1,76.7,75.5,73.7,70.8,67.4,63.0,57.8,53.4,51.9,53.2,54.3,55.9,57.3,58.9,60.7,62.6,65.2,67.3,70.4,74.8,78.1,80.2,81.1,81.3,80.7,79.1,76.8,74.0,70.9,67.2,62.5,57.8,55.3,56.5,58.4,60.1,61.7,63.4,65.6,68.0,70.8,73.9,78.1,82.9,86.2,88.5,89.8,90.0,89.4,88.1,85.9,83.3,80.4,76.3,71.1,65.6,63.1
45.8,46.9,48.1,49.5,50.9,52.3,54.2,56.1,58.9,63.1,67.1,69.0,69.6,69.7,69.0,67.5,65.3,62.2,58.6,54.2,49.3,45.5,45.6,46.9,48.4,49.5,51.0,52.9,54.7,56.6,58.6,61.0,64.3,69.2,73.3,75.6,77.1,77.6,77.2,76.0,73.9,71.1,67.5,63.1,58.2,53.7,52.1,53.2,54.5,56.0,57.5,59.2,61.0,62.7,65.3,67.4,70.6,74.9,78.1,80.0,81.1,81.1,80.5,79.1,76.8,74.1,71.1,67.4,62.7,58.1,55.8,57.0,58.7,60.4,62.2,64.0,66.2,68.6,71.3,74.3,78.4,83.1,86.5,88.5,89.8,90.1,89.6,88.4,86.5,83.9,80.9,76.7,71.5,66.1
44.9,45.7,47.0,48.1,49.4,51.1,52.3,54.4,56.3,59.1,63.5,67.1,68.8,69.7,69.9,69.2,67.7,65.5,62.4,58.7,54.3,49.3,45.5,45.7,47.1,48.5,49.8,51.4,53.3,55.1,57.0,59.0,61.4,64.8,69.9,73.7,76.0,77.5,78.0,77.6,76.2,74.0,71.2,67.6,63.7,58.6,54.0,52.2,53.4,54.7,56.2,57.7,59.5,61.2,62.7,65.4,67.6,70.8,74.9,77.9,79.9,80.9,81.0,80.5,79.1,76.9,74.4,71.4,67.7,63.1,58.5,56.2,57.2,59.0,60.8,62.7,64.7,66.8,69.0,71.7,74.7,78.7,83.3,86.6,88.6,90.0,90.3,90.0,89.0,87.1,84.5,81.4,77.1,71.9
43.9,44.8,45.8,47.0,48.1,49.7,51.2,52.6,54.4,56.4,59.5,63.5,66.9,68.9,69.9,70.1,69.4,67.8,65.7,62.4,58.8,54.4,49.5,45.7,45.9,47.2,48.7,50.1,51.8,53.7,55.4,57.3,59.4,61.9,65.4,70.3,74.1,76.3,77.9,78.3,77.8,76.2,74.1,71.3,68.1,64.1,58.9,54.2,52.5,53.6,54.9,56.5,58.1,59.8,61.2,62.8,65.6,67.8,70.8,74.8,77.9,79.8,80.7,81.0,80.5,79.2,77.3,74.7,71.7,68.1,63.5,59.0,56.5,57.7,59.4,61.4,63.3,65.2,67.2,69.3,72.0,74.9,79.0,83.4,86.6,88.9,90.2,90.7,90.6,89.6,87.7,85.0,81.8,77.6
42.7,43.9,44.9,45.8,47.0,48.4,49.9,51.3,52.7,54.6,56.8,59.6,63.4,67.0,69.1,70.1,70.3,69.5,67.9,65.6,62.6,58.9,54.6,49.7,46.0,46.1,47.4,49.0,50.4,52.2,54.0,55.7,57.7,59.8,62.4,65.8,70.8,74.4,76.7,78.3,78.6,77.8,76.3,74.4,71.8,68.5,64.4,59.1,54.5,52.7,53.8,55.1,56.9,58.3,59.9,61.2,63.0,65.7,67.8,70.7,74.9,77.8,79.6,80.7,81.0,80.7,79.6,77.6,75.1,72.2,68.5,64.1,59.4,56.9,58.1,60.0,61.9,63.8,65.5,67.5,69.6,72.3,75.2,79.1,83.5,86.8,89.1,90.6,91.4,91.3,90.2,88.1,85.4,82.3
45.2,42.7,44.0,44.9,45.9,47.3,48.4,50.0,51.4,52.9,54.9,57.0,59.5,63.6,67.3,69.4,70.3,70.4,69.6,67.9,65.7,62.6,59.1,54.9,50.1,46.1,46.2,47.8,49.4,50.8,52.5,54.4,56.1,58.1,60.4,62.8,66.2,71.1,74.8,76.9,78.5,78.6,77.9,76.6,74.9,72.3,68.8,64.7,59.5,54.8,52.9,54.0,55.5,57.1,58.4,59.9,61.5,63.3,65.8,67.7,70.8,74.7,77.6,79.6,80.7,81.2,81.1,79.9,78.0,75.6,72.6,68.9,64.5,59.8,57.3,58.7,60.5,62.4,64.1,65.8,67.8,69.9,72.5,75.4,79.2,83.7,87.1,89.6,91.3,92.1,91.9,90.6,88.5,85.9
49.9,45.3,42.7,44.0,45.0,46.2,47.4,48.6,50.1,51.6,53.2,55.0,56.9,59.7,63.8,67.4,69.5,70.4,70.4,69.5,67.9,65.8,62.9,59.4,55.3,50.3,46.4,46.6,48.1,49.8,51.2,52.8,54.8,56.5,58.6,60.8,63.2,66.5,71.5,75.0,77.2,78.5,78.7,78.2,77.1,75.3,72.6,69.1,65.0,59.9,55.0,53.1,54.3,55.7,57.2,58.4,60.1,61.8,63.3,65.6,67.8,70.6,74.4,77.6,79.6,81.0,81.6,81.4,80.4,78.6,76.1,73.2,69.4,65.0,60.2,57.8,59.2,61.0,62.7,64.4,66.2,68.2,70.2,72.7,75.4,79.4,84.0,87.6,90.3,92.0,92.7,92.3,91.0,89.0
54.7,50.1,45.5,42.8,44.0,45.3,46.3,47.5,48.7,50.4,51.9,53.4,55.0,57.1,60.0,64.0,67.6,69.6,70.2,70.4,69.5,68.0,66.0,63.2,59.8,55.5,50.6,46.9,46.8,48.5,50.1,51.5,53.2,55.2,57.0,58.9,61.2,63.5,67.0,71.7,75.3,77.1,78.6,79.0,78.6,77.4,75.7,72.9,69.4,65.3,60.1,55.3,53.5,54.6,55.8,57.3,58.6,60.4,61.9,63.2,65.6,67.6,70.4,74.5,77.7,79.9,81.5,81.9,82.0,80.9,79.1,76.7,73.6,70.0,65.6,60.7,58.3,59.6,61.3,63.0,64.7,66.5,68.4,70.4,72.7,75.6,79.7,84.6,88.3,91.0,92.6,93.1,92.7,91.5
59.0,54.9,50.2,45.6,42.9,44.4,45.4,46.5,47.5,48.9,50.6,52.1,53.4,55.1,57.3,60.2,64.2,67.7,69.4,70.2,70.4,69.7,68.2,66.4,63.6,60.1,55.9,51.2,47.2,47.3,48.8,50.5,51.9,53.5,55.6,57.3,59.3,61.5,64.0,67.2,71.9,75.3,77.3,78.9,79.4,79.0,77.8,76.0,73.2,69.7,65.5,60.4,55.7,53.7,54.7,56.0,57.4,58.9,60.5,61.9,63.2,65.4,67.4,70.5,74.6,77.9,80.3,81.8,82.5,82.5,81.5,79.7,77.2,74.2,70.5,66.1,61.3,58.7,60.0,61.6,63.4,65.1,66.7,68.6,70.4,72.9,75.8,80.1,85.3,89.0,91.6,93.1,93.5,93.3
62.8,59.2,55.0,50.4,45.8,43.3,44.6,45.5,46.6,47.7,49.2,50.9,52.0,53.5,55.3,57.6,60.3,64.3,67.5,69.4,70.3,70.5,69.9,68.5,66.9,63.9,60.5,56.5,51.6,47.7,47.5,49.2,50.9,52.2,54.0,55.9,57.6,59.6,62.0,64.2,67.4,71.9,75.4,77.7,79.2,79.7,79.4,78.1,76.3,73.4,69.8,65.9,60.8,56.0,53.8,54.8,56.1,57.7,59.1,60.4,61.7,63.1,65.3,67.5,70.6,74.9,78.4,80.8,82.4,83.2,83.1,82.2,80.2,77.8,74.9,71.2,66.6,61.6,59.0,60.3,61.9,63.7,65.3,66.9,68.6,70.6,73.1,76.2,80.8,85.9,89.6,92.0,93.5,94.1
65.4,62.8,59.2,55.0,50.5,46.3,43.5,44.7,45.6,46.8,48.0,49.5,50.8,52.1,53.7,55.5,57.7,60.4,64.2,67.5,69.4,70.5,70.8,70.2,69.0,67.2,64.2,61.2,56.9,52.2,48.1,47.9,49.6,51.2,52.8,54.4,56.3,58.0,59.9,62.2,64.5,67.4,72.1,75.7,78.0,79.6,80.1,79.6,78.3,76.5,73.6,70.2,66.2,61.1,56.2,54.0,54.9,56.4,57.9,59.0,60.3,61.6,63.1,65.3,67.5,70.9,75.4,78.8,81.4,83.1,83.8,83.8,82.7,80.9,78.5,75.5,71.7,67.0,62.0,59.3,60.6,62.3,64.0,65.5,66.9,68.8,70.8,73.5,76.9,81.4,86.5,89.9,92.4,94.1
67.5,65.5,62.8,59.3,55.2,51.0,46.6,43.6,44.7,45.7,47.1,48.3,49.4,50.8,52.3,54.0,55.7,57.8,60.4,64.3,67.6,69.7,70.8,71.2,70.7,69.4,67.5,64.9,61.7,57.5,52.6,48.6,48.3,49.9,51.7,53.1,54.7,56.5,58.3,60.2,62.4,64.5,67.5,72.5,76.0,78.4,80.0,80.3,79.9,78.5,76.7,73.9,70.4,66.4,61.3,56.4,54.2,55.1,56.6,57.7,58.9,60.2,61.6,63.2,65.4,67.8,71.3,75.8,79.5,81.9,83.8,84.4,84.2,83.2,81.6,79.1,76.1,72.2,67.4,62.3,59.6,61.0,62.6,64.2,65.5,67.0,69.0,71.2,74.0,77.5,82.0,86.8,90.2,93.0
68.5,67.6,65.5,62.8,59.4,55.7,51.3,46.9,43.7,44.8,46.0,47.4,48.3,49.3,51.0,52.6,54.2,55.8,57.8,60.4,64.4,68.0,69.9,71.1,71.5,71.1,69.8,68.2,65.5,62.2,57.8,53.1,49.1,48.6,50.4,52.0,53.4,55.0,56.9,58.5,60.4,62.4,64.7,67.9,72.8,76.4,78.8,80.2,80.6,80.2,78.8,77.0,74.0,70.6,66.6,61.6,56.6,54.4,55.2,56.5,57.6,58.8,60.2,61.7,63.3,65.6,68.2,71.6,76.4,80.0,82.5,84.4,85.0,84.9,84.0,82.2,79.7,76.6,72.5,67.7,62.6,59.9,61.3,62.9,64.2,65.7,67.3,69.3,71.7,74.6,78.0,82.3,87.2,90.9
68.7,68.5,67.5,65.4,63.0,59.8,56.0,51.6,47.0,43.9,45.1,46.3,47.4,48.3,49.6,51.3,52.8,54.3,55.7,57.9,60.5,64.8,68.2,70.3,71.5,72.0,71.5,70.5,68.6,66.0,62.6,58.4,53.6,49.5,49.1,50.9,52.4,53.7,55.4,57.1,58.8,60.4,62.5,65.1,68.2,73.2,76.7,79.0,80.4,80.8,80.4,79.2,77.1,74.1,70.7,66.9,61.7,56.8,54.5,55.1,56.4,57.6,58.9,60.4,61.9,63.6,65.9,68.4,72.1,77.0,80.6,83.2,84.8,85.6,85.7,84.6,82.9,80.2,77.0,72.9,68.0,62.9,60.3,61.5,62.9,64.4,65.9,67.7,69.8,72.3,75.0,78.2,82.7,87.7
67.5,68.7,68.5,67.4,65.6,63.3,60.1,56.3,51.8,47.3,44.2,45.4,46.3,47.4,48.5,49.9,51.4,52.8,54.3,55.8,58.0,60.9,65.0,68.6,70.8,72.0,72.5,72.1,70.9,69.0,66.3,63.1,58.8,54.0,50.1,49.5,51.3,52.7,54.1,55.6,57.4,58.8,60.5,63.0,65.3,68.6,73.6,77.0,79.2,80.6,81.0,80.8,79.3,77.2,74.2,71.0,67.0,61.8,57.0,54.5,55.1,56.3,57.7,59.1,60.4,62.1,64.0,66.1,68.9,72.6,77.6,81.2,83.7,85.5,86.5,86.4,85.3,83.4,80.7,77.4,73.3,68.4,63.3,60.5,61.6,63.1,64.6,66.3,68.1,70.3,72.7,75.3,78.6,83.2
65.6,67.6,68.7,68.4,67.6,65.9,63.5,60.4,56.5,52.1,47.7,44.6,45.4,46.2,47.6,48.8,50.1,51.4,52.9,54.4,55.9,58.3,61.1,65.5,69.1,71.2,72.5,73.1,72.6,71.3,69.4,66.9,63.6,59.3,54.6,50.6,49.9,51.5,53.0,54.3,55.9,57.4,58.9,60.9,63.2,65.7,69.0,73.7,77.1,79.4,80.8,81.4,80.9,79.3,77.2,74.4,71.1,67.0,61.8,57.0,54.4,55.0,56.5,57.8,59.1,60.6,62.4,64.2,66.5,69.4,73.3,78.2,81.8,84.4,86.4,87.2,87.1,85.8,83.9,81.1,77.8,73.7,68.7,63.5,60.6,61.8,63.2,64.9,66.7,68.6,70.6,73.0,75.7,79.0
62.0,65.7,67.7,68.6,68.6,67.8,66.0,63.8,60.7,56.8,52.6,48.1,44.6,45.4,46.4,47.9,48.9,50.2,51.5,53.0,54.4,56.1,58.4,61.4,65.9,69.3,71.7,73.1,73.6,73.0,71.7,70.0,67.3,64.1,60.1,55.1,51.1,50.3,51.8,53.2,54.7,55.9,57.4,59.2,61.1,63.6,66.0,69.2,73.9,77.3,79.7,81.2,81.5,80.9,79.3,77.4,74.5,71.1,67.0,61.8,56.9,54.4,55.2,56.6,57.8,59.3,60.9,62.6,64.6,66.9,70.0,73.8,78.7,82.5,85.2,87.0,87.8,87.6,86.3,84.3,81.5,78.2,74.1,68.9,63.5,60.7,61.9,63.6,65.3,67.2,69.0,71.0,73.3,76.1
58.1,62.1,65.8,67.7,68.7,68.7,67.9,66.3,64.0,61.0,57.3,52.9,48.0,44.6,45.5,46.7,48.1,49.0,50.2,51.6,53.0,54.6,56.2,58.8,61.8,66.2,69.8,72.2,73.6,74.0,73.4,72.3,70.5,67.9,64.8,60.6,55.6,51.5,50.7,52.0,53.6,54.6,55.9,57.7,59.5,61.3,63.9,66.3,69.4,74.1,77.6,80.0,81.3,81.4,80.9,79.5,77.5,74.5,71.0,66.9,61.8,57.0,54.5,55.3,56.7,58.1,59.6,61.1,63.0,64.9,67.5,70.4,74.2,79.3,83.2,85.9,87.7,88.3,88.1,86.7,84.7,81.8,78.5,74.3,69.0,63.7,60.8,62.3,64.0,65.9,67.6,69.3,71.3,73.7
55.5,58.2,62.2,65.7,67.9,68.8,68.8,68.2,66.5,64.4,61.4,57.5,52.9,48.1,44.9,45.7,46.7,48.1,48.9,50.3,51.6,53.0,54.8,56.6,59.1,62.1,66.6,70.3,72.6,73.9,74.4,74.0,72.8,71.0,68.6,65.4,61.1,56.1,52.0,50.9,52.3,53.6,54.7,56.3,58.0,59.7,61.5,64.2,66.5,69.6,74.4,77.9,80.1,81.2,81.4,81.1,79.6,77.5,74.4,70.9,66.9,61.9,57.0,54.5,55.4,56.8,58.3,59.8,61.5,63.4,65.5,67.9,70.8,74.9,80.1,84.0,86.6,88.3,88.8,88.4,87.0,85.0,82.1,78.8,74.3,69.2,63.8,61.1,62.7,64.5,66.2,67.9,69.6,71.7
53.8,55.6,58.3,62.1,65.9,68.0,69.0,69.1,68.5,66.8,64.8,61.5,57.5,53.0,48.4,45.1,45.7,46.8,48.1,48.9,50.3,51.7,53.3,55.2,57.0,59.4,62.5,67.0,70.8,73.0,74.4,75.0,74.5,73.4,71.7,69.1,65.9,61.6,56.6,52.3,51.2,52.3,53.5,55.0,56.6,58.2,59.9,61.7,64.3,66.7,70.0,74.6,77.9,80.0,81.2,81.6,81.2,79.7,77.3,74.3,70.9,66.9,61.9,57.1,54.7,55.5,57.1,58.5,60.1,61.9,63.9,65.9,68.3,71.4,75.6,80.8,84.7,87.1,88.7,89.1,88.7,87.3,85.2,82.3,78.8,74.6,69.3,64.1,61.5,63.1,64.9,66.6,68.3,70.1
51.9,54.0,55.7,58.2,62.3,66.0,68.1,69.2,69.4,68.7,67.2,64.8,61.5,57.6,53.3,48.6,45.2,45.8,46.8,48.1,48.9,50.3,51.8,53.6,55.4,57.2,59.7,62.8,67.5,71.1,73.4,75.0,75.5,75.1,74.0,72.2,69.7,66.4,62.1,56.9,52.7,51.2,52.4,53.8,55.3,56.8,58.4,60.1,61.9,64.5,67.0,70.3,74.6,77.9,80.1,81.3,81.7,81.2,79.5,77.2,74.2,70.8,66.9,61.9,57.2,54.7,55.7,57.2,58.9,60.5,62.4,64.3,66.2,68.9,72.0,76.3,81.5,85.2,87.5,89.1,89.4,88.9,87.6,85.4,82.3,79.1,74.8,69.7,64.5,61.9,63.5,65.3,67.1,68.7
50.9,52.0,54.0,55.6,58.4,62.4,66.2,68.4,69.5,69.6,69.0,67.1,64.8,61.6,57.9,53.6,48.8,45.4,45.8,46.7,48.0,49.0,50.5,52.1,53.8,55.6,57.6,60.0,63.2,67.8,71.6,73.9,75.5,76.1,75.8,74.5,72.8,70.2,66.8,62.4,57.4,52.9,51.2,52.8,54.1,55.6,56.9,58.6,60.2,62.0,64.8,67.3,70.3,74.6,77.9,80.2,81.5,81.6,80.9,79.4,77.1,74.1,70.8,66.9,62.0,57.4,54.9,55.9,57.6,59.2,61.0,62.7,64.6,66.7,69.5,72.7,77.0,82.1,85.6,87.9,89.3,89.7,89.2,87.7,85.5,82.5,79.2,75.2,70.2,64.9,62.4,63.9,65.6,67.4
49.4,50.9,52.0,53.9,55.9,58.5,62.6,66.5,68.6,69.7,69.8,68.9,67.1,64.9,61.9,58.2,53.9,49.1,45.5,45.8,46.6,48.1,49.1,50.7,52.3,53.9,56.0,57.9,60.3,63.5,68.2,72.1,74.5,76.2,76.7,76.2,75.0,73.3,70.7,67.1,62.8,57.6,53.0,51.6,53.0,54.3,55.6,57.1,58.8,60.4,62.3,65.1,67.3,70.3,74.7,78.0,80.3,81.4,81.3,80.8,79.3,76.9,74.0,70.8,66.9,62.2,57.6,55.1,56.2,57.9,59.7,61.4,63.0,65.0,67.3,70.1,73.4,77.6,82.5,85.9,88.1,89.6,89.9,89.3,87.8,85.6,82.8,79.7,75.8,70.6,65.3,62.7,64.2,65.9
