day 0,day 1,day 2,day 3,day 4,day 5,day 6,day 7,day 8,day 9,day 10,day 11,day 12,day 13,day 14,day 15,day 16,day 17,day 18,day 19,day 20,day 21,day 22,day 23,day 24,day 25,day 26,day 27,day 28,day 29,day 30,day 31,day 32,day 33,day 34,day 35,day 36,day 37,day 38,day 39,day 40,day 41,day 42,day 43,day 44,day 45,day 46,day 47,day 48,day 49,day 50,day 51,day 52,day 53,day 54,day 55,day 56,day 57,day 58,day 59,day 60,day 61,day 62,day 63,day 64,day 65,day 66,day 67,day 68,day 69,day 70,day 71,day 72,day 73,day 74,day 75,day 76,day 77,day 78,day 79,day 80,day 81,day 82,day 83,day 84,day 85,day 86,day 87,day 88,day 89,day 90,day 91,day 92,day 93
73.6,75.9,78.6,81.7,85.2,90.0,93.8,95.7,96.5,96.1,95.3,93.4,91.1,88.2,84.8,80.9,76.7,72.8,68.0,65.9,67.7,69.9,72.2,74.6,76.5,78.8,81.5,84.5,87.0,91.4,95.4,97.5,98.3,97.9,96.8,95.0,92.5,89.7,86.0,81.4,76.8,72.1,66.7,65.5,66.9,68.8,70.9,73.3,75.3,77.4,79.9,82.4,85.1,88.9,93.8,96.2,97.1,96.8,95.8,93.8,91.1,87.7,83.7,79.3,74.4,69.9,64.8,65.3,66.8,68.4,70.1,72.2,74.0,76.1,78.5,80.7,82.6,85.1,90.4,93.3,94.3,93.8,92.4,90.1,87.1,83.4,79.2,74.5,69.2,63.3,58.4,59.2,60.1,61.2
71.6,73.8,76.3,79.1,82.0,85.5,90.3,94.0,95.9,96.5,96.3,95.4,93.5,91.2,88.2,84.7,81.1,76.8,72.9,68.0,65.8,67.7,70.0,72.2,74.7,76.6,78.8,81.7,84.5,87.2,91.6,95.5,97.6,98.3,98.0,97.0,95.1,92.6,89.6,85.7,81.1,76.4,71.7,66.3,65.2,66.7,68.6,70.8,73.2,75.2,77.3,79.8,82.4,85.3,88.8,93.9,96.3,97.2,96.8,95.8,93.7,90.9,87.7,83.7,79.2,74.4,69.7,64.6,65.1,66.6,68.4,70.0,71.9,73.8,76.0,78.2,80.4,82.5,84.6,89.9,92.9,93.9,93.4,91.9,89.5,86.6,83.0,78.8,74.1,68.8,62.8,58.2,58.9,59.8
69.4,71.7,74.2,76.7,79.4,82.3,85.7,90.4,94.1,95.9,96.7,96.4,95.5,93.6,91.2,88.2,84.9,81.1,76.8,72.8,68.0,65.8,67.9,70.1,72.3,74.8,76.7,79.0,81.7,84.7,87.4,91.7,95.6,97.6,98.4,98.2,97.0,95.1,92.4,89.3,85.4,80.8,76.0,71.5,66.0,65.0,66.5,68.5,70.7,73.0,75.0,77.2,79.8,82.5,85.2,88.8,94.0,96.4,97.3,96.9,95.8,93.6,91.0,87.6,83.6,79.1,74.2,69.5,64.4,64.9,66.6,68.3,69.8,71.7,73.6,75.7,77.8,80.2,81.9,84.1,89.4,92.5,93.5,93.0,91.3,89.0,86.1,82.6,78.5,73.6,68.4,62.5,57.8,58.5
66.9,69.5,72.0,74.5,77.0,79.7,82.5,85.9,90.6,94.2,96.1,96.9,96.5,95.6,93.6,91.2,88.4,84.9,81.1,76.7,72.8,68.0,66.0,68.1,70.3,72.4,74.7,76.8,79.0,81.9,84.8,87.5,91.7,95.6,97.7,98.5,98.2,97.0,95.0,92.2,89.0,85.1,80.4,75.8,71.3,65.7,64.9,66.3,68.4,70.6,72.9,75.0,77.2,79.8,82.5,85.2,88.8,94.0,96.4,97.3,96.9,95.7,93.7,90.9,87.5,83.5,78.9,74.0,69.3,64.2,64.9,66.5,68.1,69.6,71.4,73.3,75.4,77.6,79.7,81.6,83.7,89.0,92.2,93.0,92.4,90.9,88.6,85.7,82.3,78.0,73.3,68.1,62.1,57.5
64.3,67.0,69.9,72.3,74.7,77.3,79.9,82.6,86.0,90.6,94.4,96.3,97.0,96.6,95.6,93.6,91.4,88.4,84.9,81.0,76.7,72.7,68.0,66.0,68.2,70.4,72.4,74.8,76.8,79.2,82.0,84.9,87.7,91.6,95.7,97.8,98.6,98.2,97.0,94.8,91.9,88.7,84.8,80.2,75.6,71.1,65.5,64.6,66.4,68.4,70.5,72.8,74.9,77.3,79.8,82.6,85.3,88.8,94.1,96.4,97.2,96.8,95.8,93.6,90.8,87.4,83.3,78.7,73.9,69.3,64.1,64.7,66.4,67.9,69.4,71.1,73.0,75.2,77.3,79.4,81.0,83.2,88.5,91.6,92.4,91.9,90.4,88.2,85.3,81.7,77.7,73.1,67.8,61.7
62.7,64.5,67.4,70.2,72.5,75.0,77.4,80.1,82.7,86.1,90.8,94.6,96.4,97.1,96.6,95.6,93.7,91.4,88.4,84.9,81.0,76.6,72.6,68.1,66.2,68.3,70.4,72.5,74.9,77.1,79.3,82.1,84.9,87.6,91.7,95.8,97.9,98.5,98.2,96.7,94.5,91.7,88.4,84.6,80.0,75.4,70.9,65.1,64.6,66.3,68.3,70.5,72.9,75.0,77.3,79.9,82.7,85.3,88.8,94.0,96.3,97.1,96.9,95.7,93.5,90.7,87.2,83.1,78.6,73.9,69.2,63.9,64.6,66.2,67.7,69.2,70.8,72.7,74.8,77.0,78.9,80.6,82.8,87.9,91.0,91.9,91.4,89.9,87.8,84.8,81.4,77.6,72.9,67.5
66.1,62.9,64.8,67.6,70.4,72.8,75.1,77.6,80.2,82.8,86.3,91.0,94.6,96.6,97.2,96.7,95.8,93.8,91.5,88.3,84.8,80.9,76.6,72.7,68.1,66.4,68.3,70.4,72.6,75.1,77.2,79.4,82.1,84.9,87.6,91.7,96.0,97.8,98.4,98.0,96.4,94.2,91.4,88.2,84.5,79.9,75.2,70.6,65.0,64.5,66.2,68.3,70.5,72.9,74.9,77.4,80.0,82.7,85.3,88.7,93.9,96.2,97.1,96.8,95.6,93.4,90.5,87.0,83.0,78.6,73.9,69.2,63.7,64.5,66.0,67.5,68.8,70.5,72.3,74.5,76.5,78.5,80.2,82.2,87.2,90.6,91.4,91.0,89.5,87.2,84.5,81.3,77.4,72.7
71.0,66.3,63.2,65.1,67.9,70.7,73.0,75.3,77.7,80.2,83.0,86.4,91.1,94.8,96.6,97.2,96.9,95.8,93.8,91.4,88.3,84.7,80.9,76.6,72.8,68.2,66.4,68.4,70.6,72.7,75.2,77.2,79.4,82.2,84.9,87.6,91.8,95.9,97.7,98.2,97.7,96.1,93.9,91.2,88.0,84.3,79.6,75.1,70.6,64.8,64.6,66.3,68.3,70.6,72.9,75.0,77.4,80.1,82.8,85.3,88.5,93.7,96.2,97.1,96.7,95.4,93.2,90.3,86.9,83.1,78.6,73.9,69.0,63.6,64.3,65.7,67.1,68.6,70.1,72.0,74.1,76.2,78.1,79.7,81.7,86.6,90.0,91.0,90.5,88.9,86.9,84.3,81.2,77.2
75.0,71.2,66.6,63.5,65.5,68.2,70.8,73.2,75.5,77.7,80.3,83.1,86.6,91.2,94.8,96.7,97.4,97.0,95.8,93.8,91.3,88.2,84.6,80.9,76.7,72.8,68.2,66.5,68.5,70.7,72.8,75.3,77.2,79.5,82.2,84.8,87.6,91.6,95.8,97.5,97.9,97.4,95.8,93.7,91.1,87.9,84.1,79.6,75.0,70.3,64.7,64.6,66.4,68.4,70.5,73.0,75.1,77.4,80.1,82.8,85.2,88.3,93.7,96.2,97.0,96.6,95.2,93.0,90.2,86.9,83.1,78.6,73.8,68.8,63.4,64.0,65.4,66.8,68.2,69.8,71.6,73.7,75.8,77.6,79.1,81.2,86.0,89.6,90.5,89.9,88.6,86.7,84.2,81.0
79.4,75.2,71.5,66.8,63.8,65.7,68.3,71.1,73.3,75.5,77.9,80.5,83.3,86.7,91.1,94.9,96.8,97.5,97.0,95.8,93.7,91.2,88.1,84.6,81.0,76.8,72.9,68.3,66.7,68.7,70.6,72.9,75.2,77.3,79.5,82.2,84.9,87.5,91.5,95.5,97.2,97.7,97.1,95.6,93.5,90.9,87.6,84.0,79.5,74.8,70.2,64.7,64.7,66.4,68.3,70.6,73.0,75.2,77.5,80.2,82.8,85.1,88.2,93.6,96.1,96.8,96.3,95.0,93.0,90.2,86.9,83.1,78.6,73.7,68.6,63.1,63.7,65.1,66.5,67.8,69.3,71.2,73.4,75.3,77.0,78.7,80.7,85.4,89.1,89.8,89.5,88.5,86.6,84.1
83.2,79.6,75.5,71.7,67.0,64.1,66.0,68.5,71.2,73.4,75.7,78.0,80.7,83.4,86.6,91.2,95.1,97.0,97.6,97.0,95.7,93.6,91.1,88.1,84.7,81.1,77.0,72.9,68.4,66.9,68.7,70.7,72.9,75.2,77.4,79.6,82.3,84.7,87.3,91.1,95.2,97.0,97.4,96.9,95.5,93.4,90.8,87.5,83.9,79.4,74.7,70.1,64.7,64.8,66.4,68.4,70.7,73.1,75.2,77.6,80.2,82.7,85.1,88.0,93.5,95.9,96.6,96.1,94.9,92.9,90.2,86.9,83.2,78.5,73.5,68.3,62.8,63.5,64.9,66.2,67.4,68.9,70.9,72.9,74.8,76.7,78.2,80.1,84.8,88.4,89.5,89.4,88.3,86.5
86.3,83.4,79.9,75.7,71.9,67.2,64.4,66.1,68.7,71.2,73.6,75.8,78.3,80.8,83.4,86.7,91.4,95.1,97.0,97.6,97.0,95.6,93.6,91.1,88.2,84.7,81.2,77.0,73.0,68.5,66.9,68.7,70.7,72.9,75.3,77.4,79.7,82.2,84.6,87.0,90.9,95.0,96.7,97.3,96.8,95.3,93.2,90.7,87.5,83.8,79.3,74.7,70.1,64.7,64.7,66.5,68.5,70.8,73.1,75.4,77.6,80.2,82.7,84.9,87.8,93.2,95.6,96.4,96.1,94.9,93.0,90.2,87.0,83.1,78.3,73.3,68.0,62.5,63.3,64.5,65.7,67.1,68.5,70.4,72.4,74.4,76.2,77.7,79.6,84.0,88.0,89.4,89.3,88.3
89.2,86.6,83.7,80.2,75.9,72.1,67.4,64.6,66.4,68.7,71.4,73.7,76.0,78.3,80.8,83.6,86.8,91.4,95.2,97.0,97.5,96.9,95.5,93.6,91.2,88.2,84.9,81.3,77.1,73.1,68.5,67.0,68.7,70.7,72.9,75.3,77.5,79.5,82.1,84.2,86.7,90.7,94.7,96.6,97.1,96.6,95.1,93.1,90.7,87.3,83.7,79.3,74.6,70.1,64.6,64.9,66.5,68.5,70.8,73.2,75.4,77.5,80.1,82.6,84.7,87.6,92.9,95.3,96.3,96.1,94.9,92.9,90.3,86.9,82.9,78.0,73.2,67.8,62.3,62.9,64.1,65.4,66.6,68.1,69.9,71.9,73.9,75.7,77.1,79.0,83.5,87.9,89.2,89.2
91.6,89.5,87.0,84.0,80.4,76.1,72.3,67.5,64.9,66.5,68.9,71.5,73.9,76.0,78.3,80.9,83.8,86.9,91.5,95.2,96.9,97.4,96.8,95.5,93.6,91.1,88.4,85.0,81.4,77.2,73.2,68.6,67.0,68.7,70.6,72.9,75.4,77.5,79.4,81.7,84.0,86.6,90.3,94.6,96.5,96.9,96.4,95.1,93.1,90.5,87.3,83.7,79.2,74.6,70.1,64.7,65.0,66.6,68.7,71.0,73.3,75.4,77.4,80.0,82.4,84.6,87.3,92.7,95.3,96.3,96.1,94.9,92.9,90.2,86.7,82.6,77.9,73.0,67.5,61.9,62.6,63.8,65.0,66.3,67.6,69.5,71.4,73.5,75.2,76.5,78.5,83.1,87.6,89.1
93.5,91.9,89.9,87.3,84.2,80.5,76.3,72.3,67.6,64.9,66.7,69.2,71.7,74.0,76.1,78.5,81.1,83.9,87.0,91.5,95.0,96.8,97.3,96.8,95.6,93.6,91.3,88.5,85.2,81.6,77.3,73.2,68.5,67.0,68.7,70.6,72.9,75.3,77.4,79.1,81.5,83.8,86.3,90.1,94.4,96.2,96.8,96.3,95.1,93.0,90.5,87.3,83.6,79.3,74.6,70.1,64.7,65.0,66.7,68.7,71.0,73.2,75.2,77.2,79.9,82.3,84.4,87.1,92.5,95.2,96.2,96.0,94.9,92.9,90.0,86.4,82.4,77.7,72.7,67.0,61.5,62.3,63.4,64.5,65.9,67.2,69.0,71.0,73.0,74.5,75.9,78.1,82.7,87.5
94.3,93.7,92.3,90.2,87.5,84.3,80.7,76.3,72.4,67.6,65.1,66.9,69.3,71.7,74.0,76.2,78.6,81.1,84.0,87.0,91.3,94.9,96.7,97.4,96.9,95.6,93.8,91.4,88.7,85.4,81.7,77.4,73.2,68.5,66.9,68.6,70.6,72.8,75.1,77.1,78.9,81.2,83.5,86.2,89.9,94.2,96.1,96.7,96.4,95.0,93.0,90.5,87.3,83.7,79.3,74.6,70.1,64.7,65.1,66.9,68.8,71.0,73.1,75.1,77.1,79.8,82.0,84.1,86.8,92.4,95.1,96.2,96.0,94.9,92.6,89.7,86.2,82.2,77.5,72.4,66.7,61.3,62.0,63.0,64.1,65.5,66.7,68.6,70.7,72.4,74.0,75.5,77.6,82.4
94.6,94.6,94.1,92.6,90.4,87.7,84.5,80.7,76.3,72.4,67.7,65.3,67.1,69.3,71.8,74.1,76.4,78.6,81.2,84.1,86.8,91.2,94.8,96.7,97.4,96.8,95.7,93.9,91.6,88.9,85.5,81.7,77.4,73.2,68.4,66.9,68.7,70.5,72.7,74.8,76.9,78.7,80.9,83.3,86.0,89.6,94.1,96.0,96.7,96.2,95.0,93.0,90.5,87.4,83.7,79.3,74.7,70.2,64.8,65.3,67.0,68.9,70.9,73.0,75.1,77.1,79.5,81.8,83.9,86.6,92.3,95.1,96.2,96.0,94.6,92.3,89.5,86.0,82.0,77.2,72.0,66.4,61.0,61.6,62.7,63.7,65.0,66.4,68.3,70.1,71.9,73.7,75.0,77.3
93.9,94.9,95.0,94.4,92.8,90.6,87.8,84.6,80.6,76.3,72.5,67.8,65.4,67.1,69.5,71.8,74.4,76.4,78.6,81.2,84.1,86.9,91.2,94.8,96.8,97.3,96.9,95.9,94.1,91.8,89.1,85.6,81.7,77.4,73.2,68.2,66.8,68.5,70.3,72.3,74.6,76.6,78.4,80.7,83.1,85.8,89.4,93.9,96.0,96.6,96.2,95.0,93.1,90.7,87.4,83.7,79.4,74.8,70.2,64.8,65.4,67.1,68.9,70.8,73.1,75.0,76.9,79.4,81.7,83.8,86.5,92.2,95.1,96.2,95.7,94.3,92.1,89.2,85.8,81.7,76.8,71.7,66.0,60.6,61.2,62.3,63.2,64.6,66.1,67.8,69.6,71.5,73.2,74.8
92.2,94.2,95.3,95.3,94.7,93.0,90.8,87.9,84.5,80.7,76.4,72.6,67.9,65.4,67.2,69.5,72.0,74.5,76.5,78.6,81.2,84.1,86.9,91.2,94.9,96.7,97.4,97.1,96.1,94.3,92.0,89.2,85.6,81.7,77.5,73.3,68.1,66.7,68.4,70.0,72.2,74.4,76.3,78.1,80.5,82.8,85.6,89.3,93.9,95.9,96.6,96.3,95.1,93.2,90.7,87.6,83.8,79.5,74.8,70.2,64.9,65.4,67.1,68.8,70.8,73.0,74.8,76.7,79.2,81.5,83.7,86.3,92.1,95.1,95.9,95.4,94.1,91.8,89.0,85.5,81.4,76.5,71.3,65.5,60.2,60.9,61.8,62.8,64.2,65.7,67.4,69.3,71.1,72.9
88.7,92.5,94.7,95.7,95.5,94.9,93.1,90.9,87.9,84.5,80.8,76.6,72.7,67.8,65.4,67.4,69.7,72.1,74.6,76.5,78.6,81.2,84.1,87.0,91.2,94.7,96.8,97.6,97.4,96.4,94.5,92.1,89.3,85.7,81.7,77.5,73.2,67.9,66.6,68.0,69.9,71.9,74.1,76.0,77.8,80.3,82.7,85.4,89.2,93.7,95.9,96.6,96.4,95.2,93.2,90.8,87.6,83.9,79.5,74.7,70.1,64.9,65.5,67.1,68.9,70.7,72.8,74.6,76.5,79.0,81.4,83.5,86.1,92.0,94.8,95.6,95.2,93.7,91.6,88.7,85.2,81.0,76.1,70.8,65.0,59.9,60.6,61.5,62.5,63.8,65.2,67.1,68.8,70.9
84.0,89.1,92.9,95.1,95.9,95.8,95.0,93.2,90.8,88.0,84.6,80.9,76.7,72.7,67.8,65.5,67.6,69.8,72.2,74.6,76.5,78.6,81.2,84.3,87.1,91.0,94.8,96.9,97.8,97.6,96.5,94.6,92.1,89.4,85.9,81.8,77.5,73.0,67.6,66.3,67.8,69.6,71.6,73.8,75.7,77.7,80.2,82.6,85.4,89.0,93.6,95.9,96.8,96.4,95.3,93.4,90.9,87.8,83.9,79.5,74.6,70.0,64.9,65.4,67.1,68.8,70.6,72.5,74.4,76.4,79.0,81.4,83.4,85.9,91.6,94.4,95.3,94.8,93.4,91.2,88.4,84.8,80.6,75.6,70.3,64.6,59.5,60.2,61.2,62.2,63.4,64.9,66.7,68.6
81.0,84.4,89.4,93.3,95.3,96.2,95.9,95.1,93.2,90.9,88.0,84.7,81.0,76.6,72.7,67.9,65.6,67.7,70.0,72.2,74.5,76.5,78.7,81.4,84.3,87.0,91.1,95.0,97.1,98.1,97.8,96.6,94.7,92.2,89.5,86.0,81.8,77.4,72.8,67.3,66.1,67.6,69.3,71.3,73.5,75.5,77.6,80.1,82.6,85.2,88.9,93.7,96.1,96.9,96.5,95.5,93.6,91.0,87.8,83.9,79.4,74.6,70.0,64.9,65.5,67.1,68.7,70.3,72.3,74.3,76.3,78.8,81.2,83.2,85.7,91.3,94.2,94.9,94.6,93.1,90.9,88.0,84.4,80.1,75.1,70.0,64.1,59.2,60.0,60.8,61.8,63.0,64.5,66.5
78.3,81.3,84.8,89.8,93.5,95.5,96.3,96.1,95.1,93.3,91.0,88.1,84.8,80.9,76.6,72.8,68.0,65.8,67.8,69.9,72.1,74.6,76.4,78.8,81.5,84.3,87.0,91.2,95.2,97.3,98.2,97.9,96.7,94.8,92.4,89.6,86.0,81.7,77.1,72.4,67.0,65.8,67.3,69.0,71.0,73.4,75.4,77.5,80.0,82.5,85.1,88.8,93.7,96.1,97.0,96.6,95.6,93.7,91.1,87.8,83.7,79.4,74.6,69.9,64.9,65.5,66.9,68.5,70.2,72.3,74.2,76.2,78.6,81.0,82.9,85.3,90.9,93.7,94.7,94.1,92.7,90.5,87.6,83.9,79.6,74.8,69.6,63.7,58.9,59.5,60.4,61.4,62.7,64.3
75.9,78.6,81.7,85.2,90.0,93.8,95.7,96.5,96.1,95.3,93.4,91.1,88.2,84.8,80.9,76.7,72.8,68.0,65.9,67.7,69.9,72.2,74.6,76.5,78.8,81.5,84.5,87.0,91.4,95.4,97.5,98.3,97.9,96.8,95.0,92.5,89.7,86.0,81.4,76.8,72.1,66.7,65.5,66.9,68.8,70.9,73.3,75.3,77.4,79.9,82.4,85.1,88.9,93.8,96.2,97.1,96.8,95.8,93.8,91.1,87.7,83.7,79.3,74.4,69.9,64.8,65.3,66.8,68.4,70.1,72.2,74.0,76.1,78.5,80.7,82.6,85.1,90.4,93.3,94.3,93.8,92.4,90.1,87.1,83.4,79.2,74.5,69.2,63.3,58.4,59.2,60.1,61.2,62.5
73.8,76.3,79.1,82.0,85.5,90.3,94.0,95.9,96.5,96.3,95.4,93.5,91.2,88.2,84.7,81.1,76.8,72.9,68.0,65.8,67.7,70.0,72.2,74.7,76.6,78.8,81.7,84.5,87.2,91.6,95.5,97.6,98.3,98.0,97.0,95.1,92.6,89.6,85.7,81.1,76.4,71.7,66.3,65.2,66.7,68.6,70.8,73.2,75.2,77.3,79.8,82.4,85.3,88.8,93.9,96.3,97.2,96.8,95.8,93.7,90.9,87.7,83.7,79.2,74.4,69.7,64.6,65.1,66.6,68.4,70.0,71.9,73.8,76.0,78.2,80.4,82.5,84.6,89.9,92.9,93.9,93.4,91.9,89.5,86.6,83.0,78.8,74.1,68.8,62.8,58.2,58.9,59.8,61.0
