day 0,day 1,day 2,day 3,day 4,day 5,day 6,day 7,day 8,day 9,day 10,day 11,day 12,day 13,day 14,day 15,day 16,day 17,day 18,day 19,day 20,day 21,day 22,day 23,day 24,day 25,day 26,day 27,day 28,day 29,day 30,day 31,day 32,day 33,day 34,day 35,day 36,day 37,day 38,day 39,day 40,day 41,day 42,day 43,day 44,day 45,day 46,day 47,day 48,day 49,day 50,day 51,day 52,day 53,day 54,day 55,day 56,day 57,day 58,day 59,day 60,day 61,day 62,day 63,day 64,day 65,day 66,day 67,day 68,day 69,day 70,day 71,day 72,day 73,day 74,day 75,day 76,day 77,day 78,day 79,day 80,day 81,day 82,day 83,day 84,day 85,day 86,day 87,day 88,day 89,day 90,day 91,day 92,day 93
62.2,64.1,66.0,68.0,70.1,73.0,76.6,80.0,81.4,82.0,81.9,81.3,79.6,77.3,74.5,71.2,67.5,62.9,58.1,58.0,59.3,60.7,62.1,63.7,65.9,68.2,70.3,72.6,75.4,78.6,82.8,85.7,87.3,88.0,87.9,87.3,85.9,84.3,81.9,78.9,75.3,71.0,65.9,63.9,65.4,67.0,68.7,70.7,72.9,75.4,78.0,80.5,83.2,86.3,89.9,92.2,93.3,93.7,93.2,92.1,90.4,88.4,85.8,82.5,78.9,74.9,70.5,67.4,68.8,70.7,72.8,75.2,77.8,80.6,83.6,86.9,90.0,93.5,97.5,99.9,100.9,101.3,101.1,100.2,98.6,96.2,93.6,90.4,87.0,83.2,78.9,75.6,76.7,78.7
60.6,62.3,64.2,66.2,68.1,70.3,73.3,76.9,80.3,81.7,82.5,82.4,81.3,79.6,77.3,74.7,71.4,67.7,63.1,58.1,58.2,59.4,60.7,62.3,64.0,66.3,68.5,70.5,73.2,75.8,79.0,83.2,86.2,87.8,88.4,88.4,87.7,86.2,84.6,82.3,79.2,75.6,71.1,66.0,64.1,65.6,67.2,69.0,71.0,73.2,75.7,78.2,80.8,83.5,86.3,89.9,92.3,93.5,93.7,93.1,92.1,90.6,88.3,85.7,82.7,79.0,75.2,70.8,67.8,69.0,71.0,73.3,75.7,78.2,81.3,84.3,87.5,90.5,94.0,97.9,100.2,101.3,101.6,101.3,100.3,98.7,96.4,93.9,90.8,87.4,83.6,79.2,75.8,77.1
58.9,60.6,62.4,64.4,66.4,68.3,70.7,73.6,77.3,80.6,82.2,83.0,82.4,81.4,79.7,77.6,74.9,71.6,67.8,63.1,58.3,58.3,59.4,61.0,62.5,64.3,66.5,68.7,71.0,73.7,76.3,79.4,83.8,86.7,88.2,88.8,88.8,88.0,86.6,85.1,82.6,79.4,75.7,71.3,66.3,64.2,65.8,67.4,69.3,71.4,73.5,75.9,78.5,81.0,83.6,86.5,90.1,92.5,93.5,93.6,93.1,92.2,90.5,88.2,85.9,82.8,79.2,75.6,71.2,67.9,69.3,71.4,73.7,76.1,78.8,82.0,84.9,88.0,91.0,94.4,98.3,100.5,101.5,101.9,101.5,100.5,98.9,96.5,94.3,91.3,87.8,83.9,79.3,76.2
57.6,58.9,60.8,62.6,64.5,66.5,68.6,71.0,73.9,77.5,81.1,82.7,83.0,82.5,81.4,80.0,77.8,75.1,71.7,67.9,63.3,58.6,58.3,59.7,61.2,62.8,64.6,66.6,69.0,71.4,74.1,76.7,79.9,84.3,87.1,88.7,89.2,89.1,88.4,87.1,85.4,82.8,79.4,75.8,71.5,66.5,64.5,66.0,67.8,69.6,71.6,73.6,76.1,78.8,81.1,83.8,86.5,90.3,92.5,93.4,93.6,93.2,92.1,90.5,88.3,86.0,83.0,79.6,75.9,71.5,68.3,69.6,71.8,74.1,76.6,79.4,82.5,85.4,88.4,91.3,94.8,98.7,100.8,101.7,102.0,101.7,100.7,99.1,97.0,94.8,91.7,88.1,84.2,79.7
56.4,57.7,59.1,61.0,62.7,64.7,66.8,68.9,71.2,74.2,78.0,81.6,82.7,83.1,82.6,81.8,80.1,78.0,75.2,71.8,68.0,63.5,58.8,58.6,59.9,61.4,63.0,64.8,67.0,69.4,71.8,74.5,77.2,80.4,84.7,87.6,89.1,89.5,89.5,88.9,87.4,85.5,82.8,79.6,76.0,71.7,66.8,64.7,66.3,68.1,69.9,71.7,74.0,76.5,78.9,81.3,83.9,86.8,90.3,92.3,93.5,93.7,93.1,92.2,90.6,88.4,86.3,83.4,80.0,76.3,71.8,68.7,70.0,72.1,74.7,77.3,80.1,83.0,85.8,88.7,91.7,95.1,99.0,101.0,101.9,102.2,101.9,100.9,99.5,97.5,95.2,92.1,88.4,84.5
55.4,56.5,57.9,59.2,61.0,62.8,65.0,67.1,69.2,71.6,74.7,78.5,81.6,82.7,83.1,82.9,81.8,80.3,78.1,75.2,71.8,68.1,63.7,59.1,58.7,60.1,61.6,63.1,65.1,67.4,69.8,72.2,75.0,77.6,80.9,85.2,88.0,89.4,89.9,90.0,89.2,87.5,85.5,83.0,79.8,76.2,72.0,67.1,65.0,66.6,68.3,70.1,71.9,74.3,76.6,79.1,81.4,84.1,86.8,90.1,92.4,93.5,93.6,93.1,92.3,90.7,88.7,86.7,83.8,80.4,76.7,72.3,69.1,70.3,72.7,75.3,77.8,80.6,83.4,86.2,89.2,92.1,95.5,99.2,101.2,102.2,102.4,102.0,101.3,100.0,98.0,95.6,92.4,88.7
54.7,55.5,56.6,58.1,59.4,61.1,63.1,65.2,67.4,69.4,72.0,75.1,78.5,81.6,82.8,83.4,83.0,82.1,80.4,78.1,75.3,71.9,68.3,64.1,59.3,58.9,60.3,61.8,63.4,65.6,67.8,70.3,72.7,75.4,78.1,81.3,85.6,88.4,89.8,90.4,90.3,89.3,87.6,85.7,83.1,79.9,76.5,72.2,67.5,65.2,66.8,68.4,70.4,72.3,74.4,76.7,79.2,81.7,84.2,86.7,90.2,92.4,93.4,93.6,93.2,92.4,91.0,89.2,87.1,84.3,80.9,77.0,72.7,69.4,70.9,73.3,75.9,78.3,81.0,83.8,86.6,89.5,92.5,95.7,99.4,101.4,102.3,102.6,102.5,101.8,100.6,98.4,96.0,92.7
58.4,54.8,55.6,56.7,58.1,59.4,61.3,63.2,65.4,67.5,69.8,72.5,75.2,78.6,81.8,83.2,83.4,83.2,82.2,80.4,78.1,75.3,72.1,68.7,64.4,59.5,59.1,60.5,62.1,63.8,66.1,68.1,70.7,73.1,75.8,78.5,81.8,86.0,88.8,90.3,90.6,90.4,89.3,87.7,85.8,83.3,80.2,76.7,72.5,67.8,65.4,66.9,68.7,70.7,72.4,74.6,76.9,79.5,81.7,84.0,86.8,90.2,92.4,93.4,93.7,93.3,92.7,91.4,89.6,87.6,84.7,81.2,77.4,73.1,69.9,71.5,73.9,76.3,78.8,81.3,84.1,86.9,89.9,92.6,95.9,99.6,101.5,102.6,103.1,103.0,102.4,100.9,98.8,96.3
63.7,58.6,55.0,55.8,56.8,58.1,59.6,61.6,63.5,65.6,67.9,70.3,72.6,75.2,78.8,82.1,83.2,83.6,83.2,82.1,80.4,78.2,75.5,72.5,69.0,64.8,59.9,59.3,60.8,62.5,64.3,66.4,68.5,71.1,73.6,76.2,79.0,82.1,86.5,89.2,90.4,90.6,90.4,89.4,87.9,85.9,83.6,80.5,77.0,72.9,68.1,65.6,67.2,69.1,70.9,72.6,74.8,77.1,79.4,81.6,84.1,86.8,90.2,92.4,93.5,93.8,93.7,93.1,91.9,90.2,88.1,85.1,81.6,77.9,73.7,70.6,72.1,74.4,76.7,79.1,81.6,84.3,87.2,90.1,92.8,96.1,99.7,101.8,103.0,103.6,103.6,102.8,101.4,99.1
68.1,63.9,58.8,55.2,55.8,56.9,58.3,59.9,61.8,63.7,65.9,68.4,70.3,72.6,75.4,79.1,82.2,83.4,83.7,83.1,82.2,80.5,78.4,75.8,72.9,69.3,65.1,60.1,59.6,61.2,63.0,64.6,66.7,68.9,71.5,74.0,76.7,79.4,82.6,86.9,89.4,90.5,90.7,90.5,89.6,88.1,86.3,83.9,80.7,77.3,73.1,68.2,65.8,67.5,69.3,71.0,72.7,75.0,77.1,79.3,81.7,84.1,86.7,90.2,92.5,93.6,94.1,94.1,93.5,92.4,90.7,88.5,85.5,82.1,78.4,74.3,71.2,72.7,74.7,77.0,79.4,81.9,84.6,87.3,90.2,93.0,96.3,100.0,102.3,103.6,104.2,104.0,103.3,101.7
71.7,68.3,64.1,59.2,55.1,55.9,57.1,58.5,60.1,62.0,64.0,66.3,68.4,70.3,72.7,75.7,79.2,82.3,83.5,83.6,83.2,82.2,80.7,78.7,76.3,73.2,69.6,65.4,60.5,60.0,61.6,63.2,64.9,67.1,69.4,71.9,74.5,77.1,79.9,82.9,87.1,89.5,90.5,90.8,90.6,89.8,88.4,86.6,84.1,81.1,77.6,73.3,68.5,66.2,67.8,69.5,71.2,72.9,75.0,77.0,79.5,81.7,84.1,86.8,90.3,92.6,94.0,94.5,94.5,94.0,92.9,91.2,89.0,86.1,82.7,79.1,74.9,71.7,73.1,74.9,77.3,79.7,82.2,84.6,87.5,90.5,93.2,96.5,100.5,102.9,104.1,104.6,104.5,103.7
74.8,71.8,68.5,64.4,59.3,55.2,56.0,57.3,58.7,60.3,62.2,64.5,66.5,68.5,70.4,73.1,75.8,79.4,82.3,83.5,83.6,83.3,82.4,80.9,79.1,76.6,73.5,70.0,65.8,61.0,60.4,61.9,63.6,65.2,67.6,69.8,72.4,74.9,77.5,80.2,83.2,87.1,89.5,90.7,90.9,90.9,90.1,88.7,86.7,84.4,81.4,77.8,73.6,68.9,66.4,68.0,69.6,71.3,73.0,74.9,77.2,79.4,81.8,84.2,86.9,90.5,93.1,94.5,95.0,95.0,94.6,93.5,91.6,89.5,86.6,83.3,79.6,75.4,72.0,73.4,75.3,77.5,79.9,82.4,84.8,87.7,90.6,93.4,97.0,101.1,103.4,104.5,105.1,104.9
77.2,74.9,72.0,68.6,64.4,59.6,55.4,56.2,57.5,58.9,60.5,62.6,64.7,66.6,68.6,70.7,73.3,76.0,79.6,82.3,83.5,83.8,83.4,82.7,81.3,79.4,76.9,74.0,70.4,66.4,61.5,60.6,62.3,63.9,65.7,68.1,70.2,72.7,75.4,77.9,80.5,83.3,87.2,89.7,90.8,91.2,91.2,90.4,88.9,87.1,84.7,81.6,78.0,73.9,69.1,66.6,68.2,69.8,71.3,72.9,75.0,77.0,79.4,81.8,84.3,87.1,90.9,93.5,94.9,95.5,95.6,95.1,94.0,92.2,90.1,87.2,83.8,80.2,75.8,72.4,73.7,75.5,77.8,80.1,82.5,85.0,87.9,90.9,93.9,97.6,101.5,103.8,105.0,105.5
79.0,77.3,75.1,72.2,68.7,64.8,59.9,55.7,56.5,57.7,59.1,60.9,62.8,64.8,66.7,68.8,70.9,73.4,76.1,79.6,82.4,83.6,84.0,83.6,83.1,81.6,79.8,77.4,74.4,71.0,66.8,61.9,61.0,62.6,64.4,66.0,68.5,70.6,73.1,75.6,78.1,80.5,83.3,87.4,89.8,91.1,91.5,91.5,90.6,89.3,87.4,84.9,81.8,78.2,74.0,69.4,66.7,68.4,69.8,71.2,73.0,75.0,77.0,79.5,81.9,84.4,87.5,91.4,94.0,95.4,96.0,96.2,95.7,94.5,92.8,90.6,87.7,84.4,80.6,76.2,72.8,74.0,75.9,78.1,80.3,82.6,85.1,88.1,91.3,94.3,98.0,101.9,104.3,105.5
80.2,79.1,77.5,75.3,72.2,69.0,65.1,60.3,56.0,56.7,57.9,59.5,61.1,62.9,65.0,66.9,69.0,71.1,73.5,76.1,79.6,82.5,83.8,84.2,84.1,83.4,81.9,80.3,77.9,75.0,71.5,67.3,62.4,61.3,63.0,64.8,66.4,68.8,71.0,73.4,75.8,78.0,80.5,83.6,87.5,90.1,91.4,91.8,91.6,90.9,89.5,87.6,85.1,81.9,78.3,74.2,69.5,66.9,68.4,69.7,71.3,72.9,75.0,77.1,79.5,82.0,84.8,87.9,91.9,94.5,95.9,96.6,96.7,96.2,95.1,93.4,91.0,88.3,84.8,81.0,76.5,73.0,74.4,76.2,78.2,80.5,82.7,85.3,88.6,91.8,94.8,98.4,102.5,104.8
80.6,80.3,79.3,77.7,75.3,72.6,69.3,65.4,60.7,56.4,56.9,58.3,59.7,61.2,62.9,65.2,67.0,69.1,71.2,73.5,76.2,79.8,82.6,84.0,84.6,84.4,83.7,82.4,80.7,78.4,75.4,72.0,67.7,62.7,61.7,63.4,65.1,66.7,69.1,71.3,73.5,75.8,78.1,80.9,83.7,87.8,90.4,91.7,92.0,92.0,91.1,89.8,87.8,85.3,81.9,78.5,74.4,69.6,66.8,68.2,69.7,71.3,72.9,75.1,77.2,79.6,82.3,85.2,88.4,92.4,95.1,96.5,97.2,97.3,96.9,95.7,93.8,91.6,88.7,85.1,81.2,76.7,73.4,74.6,76.4,78.4,80.6,82.9,85.8,89.1,92.2,95.1,99.0,102.9
80.4,80.7,80.4,79.4,77.6,75.6,72.9,69.7,65.8,61.0,56.6,57.3,58.4,59.8,61.3,63.2,65.3,67.1,69.2,71.3,73.5,76.3,80.0,82.9,84.5,84.9,84.7,84.2,82.8,81.3,78.8,75.9,72.4,68.1,63.2,62.0,63.7,65.3,67.0,69.4,71.5,73.5,76.0,78.4,81.0,84.1,88.2,90.7,91.9,92.4,92.2,91.4,90.1,87.9,85.3,82.1,78.7,74.6,69.7,66.8,68.2,69.6,71.3,73.0,75.1,77.4,79.9,82.8,85.7,89.0,93.1,95.7,97.1,97.8,98.0,97.5,96.1,94.4,92.1,89.0,85.3,81.5,77.1,73.7,74.9,76.5,78.6,80.8,83.4,86.2,89.5,92.5,95.7,99.3
79.1,80.5,80.9,80.5,79.4,77.9,75.9,73.2,69.9,66.1,61.4,57.1,57.5,58.5,59.8,61.5,63.3,65.4,67.2,69.2,71.2,73.6,76.5,80.2,83.3,84.8,85.2,85.3,84.7,83.3,81.7,79.3,76.3,72.8,68.6,63.7,62.4,64.0,65.6,67.4,69.7,71.6,73.7,76.2,78.6,81.4,84.4,88.4,90.9,92.2,92.6,92.5,91.8,90.1,87.9,85.5,82.4,78.7,74.5,69.7,66.8,68.1,69.7,71.3,73.0,75.3,77.8,80.5,83.3,86.2,89.6,93.7,96.3,97.7,98.5,98.6,98.0,96.7,94.9,92.4,89.3,85.6,81.8,77.3,73.9,75.0,76.6,78.8,81.3,83.8,86.6,89.9,93.1,96.1
75.8,79.2,80.6,80.9,80.5,79.7,78.2,76.2,73.4,70.3,66.5,61.8,57.3,57.6,58.6,60.2,61.7,63.3,65.4,67.3,69.2,71.3,73.8,76.7,80.7,83.6,85.0,85.7,85.7,85.2,83.7,82.2,79.7,76.7,73.2,69.2,64.1,62.7,64.2,66.0,67.7,69.8,71.7,74.0,76.4,78.9,81.7,84.7,88.7,91.3,92.4,93.0,92.8,91.8,90.1,88.0,85.7,82.4,78.7,74.5,69.8,66.7,68.1,69.7,71.3,73.2,75.7,78.3,80.8,83.8,86.8,90.3,94.3,97.0,98.5,99.1,99.1,98.6,97.2,95.1,92.7,89.6,85.9,82.0,77.5,74.0,75.2,76.9,79.2,81.7,84.1,86.8,90.4,93.5
72.4,75.9,79.3,80.5,80.9,80.8,80.0,78.5,76.4,73.7,70.7,66.8,62.0,57.3,57.6,58.9,60.3,61.8,63.3,65.5,67.3,69.3,71.5,74.0,77.1,81.0,83.9,85.6,86.2,86.1,85.5,84.3,82.6,80.1,77.1,73.7,69.6,64.5,62.9,64.5,66.3,67.9,69.9,72.0,74.1,76.8,79.1,82.0,85.0,89.0,91.5,92.7,93.3,92.9,91.8,90.2,88.2,85.7,82.4,78.7,74.7,69.8,66.8,68.1,69.7,71.5,73.7,76.0,78.7,81.3,84.3,87.4,90.8,95.0,97.8,99.1,99.6,99.6,98.9,97.5,95.5,93.0,89.8,86.0,82.2,77.7,74.2,75.4,77.4,79.6,82.0,84.4,87.3,90.8
69.8,72.6,76.1,79.3,80.6,81.2,81.0,80.3,78.7,76.7,74.2,70.9,67.0,62.1,57.5,57.9,59.0,60.4,61.8,63.5,65.6,67.3,69.4,71.7,74.4,77.3,81.2,84.4,86.0,86.6,86.5,86.1,84.7,82.9,80.6,77.6,74.2,70.0,64.9,63.2,64.8,66.5,68.0,70.2,72.1,74.4,77.0,79.5,82.3,85.3,89.3,91.8,93.1,93.4,92.9,91.9,90.4,88.2,85.7,82.4,78.8,74.6,69.9,66.8,68.1,69.9,71.9,74.0,76.3,79.1,81.9,85.0,88.0,91.5,95.8,98.5,99.6,100.1,100.1,99.3,97.9,95.8,93.2,89.9,86.2,82.3,77.8,74.5,75.8,77.7,79.9,82.3,84.9,87.8
67.6,69.9,72.8,76.1,79.4,80.9,81.5,81.3,80.5,79.1,77.1,74.3,71.0,67.0,62.3,57.8,58.0,59.1,60.4,62.0,63.5,65.6,67.5,69.6,72.1,74.6,77.6,81.8,84.8,86.4,87.0,87.0,86.5,85.0,83.4,81.1,78.1,74.6,70.3,65.3,63.6,65.0,66.6,68.4,70.2,72.4,74.7,77.3,79.8,82.6,85.6,89.6,92.0,93.1,93.4,92.9,92.1,90.5,88.2,85.7,82.6,78.7,74.7,70.0,66.9,68.3,70.1,72.2,74.3,76.8,79.7,82.5,85.5,88.6,92.3,96.4,98.9,100.1,100.6,100.4,99.7,98.2,96.0,93.3,90.0,86.4,82.5,78.1,74.9,76.3,78.0,80.2,82.8,85.4
65.9,67.8,70.0,72.8,76.3,79.7,81.1,81.8,81.6,80.8,79.6,77.2,74.4,71.0,67.3,62.6,57.9,58.0,59.1,60.6,62.1,63.6,65.8,67.8,70.0,72.4,74.9,78.1,82.3,85.3,86.8,87.5,87.5,86.8,85.4,83.8,81.5,78.5,74.9,70.7,65.7,63.8,65.1,66.9,68.5,70.5,72.6,75.0,77.6,80.2,82.9,86.0,89.8,92.1,93.2,93.5,93.1,92.1,90.4,88.2,85.9,82.5,78.8,74.8,70.2,67.2,68.5,70.4,72.4,74.7,77.3,80.2,83.0,86.1,89.3,92.9,96.9,99.4,100.5,100.9,100.8,100.0,98.4,96.0,93.5,90.2,86.6,82.8,78.6,75.3,76.5,78.3,80.8,83.3
64.1,66.0,68.0,70.1,73.0,76.6,80.0,81.4,82.0,81.9,81.3,79.6,77.3,74.5,71.2,67.5,62.9,58.1,58.0,59.3,60.7,62.1,63.7,65.9,68.2,70.3,72.6,75.4,78.6,82.8,85.7,87.3,88.0,87.9,87.3,85.9,84.3,81.9,78.9,75.3,71.0,65.9,63.9,65.4,67.0,68.7,70.7,72.9,75.4,78.0,80.5,83.2,86.3,89.9,92.2,93.3,93.7,93.2,92.1,90.4,88.4,85.8,82.5,78.9,74.9,70.5,67.4,68.8,70.7,72.8,75.2,77.8,80.6,83.6,86.9,90.0,93.5,97.5,99.9,100.9,101.3,101.1,100.2,98.6,96.2,93.6,90.4,87.0,83.2,78.9,75.6,76.7,78.7,81.2
62.3,64.2,66.2,68.1,70.3,73.3,76.9,80.3,81.7,82.5,82.4,81.3,79.6,77.3,74.7,71.4,67.7,63.1,58.1,58.2,59.4,60.7,62.3,64.0,66.3,68.5,70.5,73.2,75.8,79.0,83.2,86.2,87.8,88.4,88.4,87.7,86.2,84.6,82.3,79.2,75.6,71.1,66.0,64.1,65.6,67.2,69.0,71.0,73.2,75.7,78.2,80.8,83.5,86.3,89.9,92.3,93.5,93.7,93.1,92.1,90.6,88.3,85.7,82.7,79.0,75.2,70.8,67.8,69.0,71.0,73.3,75.7,78.2,81.3,84.3,87.5,90.5,94.0,97.9,100.2,101.3,101.6,101.3,100.3,98.7,96.4,93.9,90.8,87.4,83.6,79.2,75.8,77.1,79.2
