day 0,day 1,day 2,day 3,day 4,day 5,day 6,day 7,day 8,day 9,day 10,day 11,day 12,day 13,day 14,day 15,day 16,day 17,day 18,day 19,day 20,day 21,day 22,day 23,day 24,day 25,day 26,day 27,day 28,day 29,day 30,day 31,day 32,day 33,day 34,day 35,day 36,day 37,day 38,day 39,day 40,day 41,day 42,day 43,day 44,day 45,day 46,day 47,day 48,day 49,day 50,day 51,day 52,day 53,day 54,day 55,day 56,day 57,day 58,day 59,day 60,day 61,day 62,day 63,day 64,day 65,day 66,day 67,day 68,day 69,day 70,day 71,day 72,day 73,day 74,day 75,day 76,day 77,day 78,day 79,day 80,day 81,day 82,day 83,day 84,day 85,day 86,day 87,day 88,day 89,day 90
70.8,70.8,70.8,71.0,71.5,72.0,73.1,75.0,76.4,77.0,77.1,76.9,76.3,75.2,73.6,71.7,69.2,66.0,64.7,64.6,64.6,64.6,64.4,64.1,63.7,63.9,63.9,63.9,64.1,64.6,65.5,67.6,68.9,69.7,69.9,69.5,68.7,67.5,65.9,63.4,60.3,57.0,56.2,56.1,55.6,55.4,55.4,55.5,55.6,55.6,55.5,55.7,56.1,56.2,56.9,58.5,60.7,61.7,61.7,61.4,60.6,59.4,57.3,54.7,51.5,49.0,48.8,49.1,49.0,49.5,49.9,50.0,49.9,49.9,50.7,50.7,50.8,51.4,52.1,53.7,55.6,56.7,57.1,56.6,55.6,54.4,52.4,50.3,47.9,47.4,47.4
70.6,70.5,70.4,70.6,70.9,71.3,71.7,72.9,75.0,76.2,76.8,76.9,76.6,76.0,74.8,73.3,71.4,69.0,65.7,64.3,64.2,64.2,64.2,63.8,63.5,63.4,63.4,63.4,63.6,63.8,64.3,65.2,66.9,68.6,69.5,69.6,69.1,68.3,67.3,65.6,63.1,59.8,56.5,56.0,55.5,55.0,55.0,55.1,55.3,55.4,55.1,55.2,55.6,55.6,55.8,56.4,58.2,60.4,61.2,61.3,61.3,60.3,59.0,57.2,54.7,51.4,48.8,48.9,48.8,49.2,49.4,49.8,49.6,49.5,50.2,50.3,50.3,50.8,51.4,52.0,53.4,55.5,56.6,56.8,56.3,55.4,54.3,52.6,50.8,48.5,47.3
70.3,70.2,70.1,70.2,70.5,70.7,71.0,71.5,72.9,74.8,75.9,76.6,76.6,76.3,75.7,74.5,73.0,71.2,68.6,65.3,63.9,63.8,63.7,63.5,63.1,63.1,62.9,62.8,63.1,63.3,63.5,64.0,64.5,66.7,68.5,69.2,69.1,68.6,68.1,67.1,65.3,62.6,59.4,56.2,55.4,54.9,54.7,54.7,54.8,55.1,54.9,54.8,55.1,55.1,55.2,55.3,56.1,58.0,59.9,60.8,61.3,61.1,60.0,59.0,57.1,54.7,51.2,48.8,48.7,49.0,49.0,49.4,49.4,49.2,49.8,49.9,50.0,50.3,50.8,51.3,51.7,53.3,55.4,56.3,56.5,56.1,55.3,54.5,53.0,51.1,48.4
70.1,70.0,69.8,69.8,70.0,70.3,70.4,70.8,71.5,72.7,74.6,75.8,76.3,76.3,76.0,75.5,74.2,72.9,70.8,68.2,64.8,63.6,63.4,63.0,62.9,62.7,62.5,62.3,62.5,62.8,63.0,63.2,63.4,64.3,66.5,68.1,68.8,68.6,68.4,67.9,66.7,64.7,62.2,59.0,55.6,54.8,54.6,54.3,54.4,54.5,54.6,54.6,54.7,54.6,54.5,54.6,55.0,55.9,57.4,59.5,60.7,61.0,60.6,59.9,59.0,57.1,54.4,51.2,48.6,48.9,48.9,49.0,48.9,49.0,49.5,49.4,49.5,50.0,50.3,50.7,51.0,51.6,53.2,55.1,55.9,56.2,55.9,55.6,55.0,53.3,51.1
69.8,69.7,69.5,69.5,69.8,69.8,70.1,70.2,70.7,71.4,72.5,74.4,75.5,76.0,76.0,75.8,75.2,74.1,72.5,70.3,67.8,64.5,63.1,62.6,62.5,62.4,62.1,62.0,62.0,62.2,62.6,62.7,62.6,63.2,64.1,66.1,67.7,68.3,68.4,68.1,67.5,66.2,64.4,61.9,58.4,55.0,54.5,54.3,54.1,54.2,54.0,54.4,54.5,54.1,54.1,54.0,54.3,54.8,55.5,57.1,59.4,60.5,60.7,60.6,59.8,58.9,56.9,54.4,50.8,48.8,48.7,48.8,48.5,48.6,49.2,49.1,49.0,49.6,50.1,50.3,50.4,50.9,51.5,53.0,54.8,55.7,56.1,56.2,56.0,55.2,53.2
69.5,69.5,69.2,69.2,69.4,69.6,69.6,69.8,70.1,70.6,71.2,72.3,74.1,75.3,75.8,75.8,75.6,75.0,73.7,72.0,70.0,67.5,63.9,62.4,62.1,62.0,61.9,61.5,61.6,61.8,62.0,62.3,62.1,62.4,63.0,63.8,65.6,67.1,68.0,68.2,67.8,66.9,66.0,64.0,61.3,57.9,54.7,54.3,54.0,53.8,53.8,53.8,54.2,53.9,53.6,53.6,53.7,54.2,54.4,55.3,57.1,59.2,60.2,60.6,60.4,59.7,58.6,56.8,54.1,50.9,48.7,48.6,48.3,48.2,48.8,48.7,48.8,49.1,49.7,50.0,50.0,50.3,50.7,51.3,52.6,54.6,55.5,56.4,56.6,56.1,55.1
69.2,69.2,69.0,68.9,69.1,69.3,69.3,69.3,69.6,70.0,70.4,71.0,72.0,73.7,74.9,75.5,75.5,75.4,74.6,73.3,71.7,69.7,67.0,63.2,61.8,61.6,61.5,61.3,61.3,61.4,61.6,61.7,61.7,61.9,62.2,62.6,63.2,65.1,66.9,67.8,67.8,67.2,66.7,65.7,63.5,60.9,57.5,54.5,53.9,53.8,53.4,53.5,53.6,53.6,53.3,53.0,53.2,53.5,53.8,54.2,55.3,56.8,59.0,60.1,60.5,60.3,59.4,58.6,56.6,54.1,50.7,48.6,48.2,48.0,48.4,48.3,48.5,48.8,49.2,49.6,49.7,49.9,50.2,50.5,50.9,52.4,54.4,55.8,56.8,56.8,56.0
70.7,68.9,68.7,68.7,68.8,68.8,69.0,69.1,69.1,69.5,69.8,70.2,70.8,71.7,73.4,74.6,75.3,75.3,75.1,74.2,72.9,71.5,69.2,66.4,62.6,61.3,61.1,60.8,61.0,61.0,61.2,61.3,61.1,61.5,61.7,61.8,61.9,62.7,64.8,66.6,67.4,67.2,67.0,66.4,65.1,63.1,60.4,57.2,54.1,53.7,53.4,53.2,53.4,53.0,53.0,52.8,52.7,53.1,53.0,53.7,54.3,55.0,56.4,58.9,60.1,60.3,60.0,59.4,58.4,56.6,54.0,50.5,48.1,47.9,48.2,47.9,48.2,48.6,48.9,49.2,49.2,49.6,49.9,50.0,50.1,50.8,52.3,54.7,56.3,56.9,56.7
73.4,70.3,68.4,68.4,68.6,68.6,68.6,68.8,68.9,69.0,69.4,69.7,69.9,70.5,71.3,73.0,74.4,75.0,75.0,74.6,73.9,72.7,71.0,68.7,65.9,62.1,60.8,60.5,60.6,60.8,60.8,60.8,60.8,60.9,61.2,61.2,61.0,61.6,62.5,64.5,66.2,66.8,67.0,66.8,65.9,64.7,62.7,60.1,56.8,53.8,53.3,53.1,53.0,52.8,52.4,52.6,52.5,52.6,52.6,52.9,53.6,54.0,54.5,56.3,58.8,59.8,60.1,60.0,59.3,58.3,56.4,53.6,50.0,47.9,48.1,47.7,47.8,48.3,48.7,48.9,48.8,49.2,49.5,49.7,49.6,50.0,50.7,52.6,55.2,56.3,57.0
75.5,73.0,69.9,68.2,68.3,68.4,68.3,68.4,68.6,68.7,68.9,69.3,69.4,69.7,70.0,70.9,72.8,74.1,74.6,74.5,74.3,73.7,72.3,70.6,68.3,65.4,61.6,60.2,60.2,60.4,60.6,60.4,60.4,60.6,60.7,60.8,60.5,60.8,61.3,62.3,64.1,65.6,66.6,66.8,66.3,65.5,64.4,62.4,59.7,56.4,53.4,52.9,53.0,52.4,52.2,52.0,52.3,52.3,52.1,52.6,52.8,53.3,53.6,54.4,56.2,58.6,59.6,60.0,59.8,59.1,58.2,56.0,53.1,49.8,48.0,47.5,47.7,47.8,48.4,48.5,48.5,48.8,49.1,49.3,49.3,49.5,49.9,50.9,53.1,55.2,56.4
76.9,75.1,72.7,69.7,68.1,68.0,68.1,68.2,68.2,68.5,68.6,68.8,69.0,69.2,69.2,69.6,70.6,72.4,73.7,74.2,74.2,74.1,73.3,71.9,70.2,67.9,64.9,61.1,59.9,60.0,60.2,60.2,60.0,60.1,60.4,60.3,60.1,60.3,60.5,61.1,61.9,63.5,65.4,66.4,66.3,66.0,65.3,64.0,62.0,59.1,56.0,53.1,52.7,52.3,51.9,51.8,51.8,52.2,51.8,52.0,52.5,52.4,52.9,53.4,54.4,56.0,58.4,59.6,59.9,59.7,59.0,57.7,55.5,52.9,49.8,47.4,47.5,47.7,48.0,48.2,48.2,48.6,48.7,48.9,48.9,49.2,49.4,50.1,51.4,53.1,55.3
77.9,76.5,74.9,72.5,69.5,67.7,67.7,67.9,67.9,68.0,68.3,68.5,68.5,68.7,68.7,68.8,69.3,70.2,72.0,73.2,73.8,74.0,73.8,72.8,71.5,69.8,67.4,64.5,60.7,59.7,59.8,59.8,59.6,59.8,59.9,59.9,59.6,59.9,60.1,60.4,60.8,61.3,63.3,65.1,66.0,66.0,65.8,65.0,63.6,61.4,58.8,55.7,52.8,52.0,51.7,51.4,51.5,51.7,51.6,51.8,51.9,52.0,52.0,52.8,53.4,54.2,55.9,58.4,59.5,59.8,59.6,58.5,57.2,55.3,52.8,49.1,47.5,47.5,47.8,47.8,47.9,48.2,48.4,48.4,48.4,48.8,49.1,49.6,50.6,51.5,53.2
78.5,77.5,76.3,74.7,72.4,69.2,67.5,67.6,67.7,67.8,67.9,68.2,68.2,68.2,68.2,68.2,68.6,69.0,69.8,71.5,72.9,73.6,73.7,73.3,72.4,71.2,69.5,67.1,64.1,60.5,59.5,59.3,59.3,59.4,59.5,59.4,59.3,59.4,59.7,59.9,60.0,60.1,61.0,62.9,64.6,65.5,65.8,65.5,64.6,63.1,61.1,58.5,55.3,52.1,51.3,51.2,51.2,51.4,51.1,51.6,51.7,51.4,51.7,51.9,52.8,53.3,54.1,55.8,58.3,59.4,59.6,59.1,58.1,57.0,55.2,52.2,48.9,47.5,47.7,47.6,47.5,48.0,48.1,48.1,48.0,48.4,48.8,49.3,50.2,50.6,51.6
78.6,78.2,77.4,76.1,74.6,72.1,68.9,67.3,67.3,67.5,67.7,67.8,67.8,67.9,67.7,67.7,68.1,68.3,68.6,69.4,71.2,72.7,73.3,73.2,72.9,72.1,70.7,69.2,66.8,63.9,60.2,59.0,58.9,59.1,59.1,58.9,58.7,59.2,59.3,59.5,59.6,59.4,59.9,60.6,62.3,64.3,65.3,65.5,65.2,64.2,62.8,60.8,58.1,54.7,51.3,50.9,51.0,51.0,50.9,51.2,51.5,51.1,51.0,51.6,52.0,52.6,53.2,53.9,55.7,58.2,59.2,59.1,58.6,58.0,56.9,54.6,52.0,48.9,47.6,47.5,47.4,47.6,47.9,47.9,47.7,48.0,48.3,49.0,49.9,50.2,50.7
78.5,78.3,78.0,77.2,76.0,74.3,71.9,68.7,67.1,67.1,67.4,67.6,67.5,67.7,67.3,67.3,67.6,67.8,67.9,68.2,69.1,71.0,72.3,72.8,72.9,72.6,71.7,70.5,68.9,66.5,63.6,59.6,58.6,58.6,58.7,58.5,58.3,58.6,59.1,59.1,59.2,59.1,59.1,59.4,60.0,61.8,63.9,65.0,65.1,64.8,63.9,62.5,60.4,57.5,54.0,50.9,50.8,50.8,50.5,51.0,51.1,50.9,50.8,51.0,51.6,51.8,52.6,53.1,53.9,55.6,58.0,58.7,58.7,58.5,57.9,56.2,54.3,51.9,49.0,47.4,47.2,47.4,47.5,47.7,47.3,47.7,47.9,48.6,49.6,49.9,50.2
78.1,78.3,78.1,77.9,77.1,75.7,74.1,71.7,68.5,67.0,67.0,67.3,67.3,67.3,67.0,66.9,67.1,67.4,67.4,67.5,67.9,68.8,70.6,71.8,72.5,72.6,72.1,71.5,70.3,68.7,66.2,62.9,59.2,58.3,58.3,58.1,58.0,58.3,58.6,58.9,58.8,58.7,58.8,58.6,58.9,59.5,61.5,63.6,64.6,64.8,64.6,63.6,62.0,59.9,56.9,53.6,50.8,50.5,50.2,50.6,50.8,50.4,50.5,50.7,51.0,51.4,51.8,52.3,53.2,53.8,55.4,57.5,58.3,58.6,58.4,57.3,56.0,54.2,51.8,48.6,47.1,47.2,47.4,47.2,47.2,47.4,47.7,48.3,49.2,49.6,50.0
77.4,77.8,78.1,78.0,77.7,76.8,75.6,73.9,71.4,68.3,66.9,66.9,67.0,67.0,66.7,66.6,66.7,66.9,67.0,67.0,67.3,67.6,68.3,70.1,71.5,72.2,72.3,71.8,71.2,70.0,68.4,65.6,62.5,59.0,58.1,57.7,57.6,58.0,58.3,58.5,58.6,58.3,58.4,58.3,58.1,58.4,59.2,61.2,63.2,64.3,64.5,64.3,63.1,61.5,59.3,56.5,53.3,50.5,50.0,50.3,50.4,50.1,50.1,50.4,50.6,50.8,51.4,51.6,52.3,53.1,53.7,55.0,57.0,58.2,58.4,57.9,57.1,55.8,54.1,51.4,48.4,47.1,47.1,47.1,46.8,47.3,47.4,48.0,48.8,49.1,49.7
76.1,77.2,77.6,78.0,77.8,77.5,76.7,75.5,73.7,71.2,68.2,66.7,66.5,66.6,66.4,66.3,66.4,66.5,66.5,66.5,66.8,66.9,67.2,67.7,69.7,71.3,71.9,72.0,71.6,70.9,69.6,67.8,65.3,62.4,58.6,57.5,57.2,57.7,57.9,58.1,58.0,58.1,58.0,57.8,57.7,57.6,58.1,59.0,60.9,62.9,64.0,64.2,63.8,62.7,61.0,58.9,56.3,52.9,50.0,50.2,50.1,49.7,49.8,50.1,50.3,50.5,50.8,51.3,51.7,52.3,53.0,53.3,54.6,57.0,58.0,58.0,57.7,57.0,55.8,53.8,51.2,48.2,47.0,46.8,46.7,47.0,47.3,47.7,48.6,48.7,49.1
74.1,75.9,77.0,77.6,77.8,77.6,77.4,76.6,75.2,73.4,71.0,67.9,66.4,66.2,66.1,66.0,66.2,66.2,66.1,66.1,66.3,66.4,66.5,66.6,67.3,69.4,70.9,71.6,71.7,71.3,70.5,69.1,67.5,65.2,62.0,58.0,57.1,57.3,57.6,57.7,57.7,57.5,57.8,57.4,57.3,57.3,57.4,57.8,58.7,60.5,62.7,63.7,63.8,63.3,62.2,60.6,58.7,55.9,52.4,50.1,49.8,49.4,49.4,49.8,50.0,50.1,50.5,50.6,51.3,51.7,52.2,52.7,52.9,54.6,56.8,57.6,57.8,57.6,56.9,55.4,53.5,51.1,48.1,46.8,46.4,46.9,47.0,47.7,48.4,48.5,48.8
72.8,73.9,75.7,76.9,77.4,77.6,77.5,77.3,76.4,75.0,73.2,70.7,67.6,66.0,65.7,65.6,65.9,65.9,65.9,65.7,65.9,65.9,65.9,65.8,66.1,66.9,69.0,70.6,71.3,71.3,70.8,70.0,68.8,67.5,64.9,61.4,57.6,57.1,57.3,57.4,57.3,57.2,57.3,57.2,56.8,56.9,57.0,57.1,57.5,58.2,60.2,62.3,63.3,63.3,62.9,61.7,60.3,58.2,55.4,52.6,49.8,49.2,49.2,49.5,49.7,49.9,50.1,50.2,50.8,51.3,51.6,51.9,52.3,52.9,54.4,56.3,57.4,57.6,57.5,56.6,55.2,53.4,50.9,47.8,46.3,46.5,46.9,47.3,48.3,48.3,48.6
72.1,72.5,73.6,75.6,76.7,77.2,77.5,77.4,77.1,76.1,74.7,72.9,70.3,67.1,65.5,65.3,65.5,65.7,65.6,65.5,65.5,65.4,65.3,65.3,65.4,65.8,66.5,68.7,70.3,70.8,70.9,70.3,69.7,68.7,67.1,64.3,60.9,57.7,57.2,57.1,57.0,56.8,56.9,56.8,56.6,56.5,56.5,56.8,56.8,57.1,58.0,59.9,61.9,62.8,62.8,62.5,61.5,59.9,57.8,55.6,52.3,49.2,49.0,49.3,49.4,49.5,49.9,49.9,50.4,50.8,51.3,51.2,51.5,52.4,52.7,53.9,56.1,57.2,57.6,57.2,56.4,55.1,53.1,50.6,47.4,46.4,46.5,47.2,48.0,48.2,48.4
71.6,71.8,72.3,73.5,75.4,76.5,77.1,77.5,77.3,76.9,75.8,74.4,72.5,69.9,66.6,65.1,65.1,65.3,65.4,65.2,65.2,65.0,64.9,64.8,64.9,65.0,65.3,66.1,68.4,69.8,70.5,70.4,70.0,69.6,68.5,66.5,63.8,60.8,57.7,57.0,56.7,56.5,56.5,56.3,56.2,56.2,56.1,56.3,56.4,56.4,56.8,57.8,59.5,61.4,62.4,62.5,62.3,61.0,59.5,57.9,55.2,51.7,48.9,49.1,49.2,49.3,49.5,49.7,50.1,50.4,50.7,50.8,50.9,51.6,52.1,52.1,53.8,56.0,57.2,57.3,57.0,56.3,54.8,52.8,50.3,47.5,46.5,46.9,47.8,47.9,48.3
71.2,71.2,71.6,72.2,73.3,75.2,76.4,77.1,77.3,77.1,76.7,75.5,74.0,72.1,69.5,66.2,64.9,64.9,65.0,65.0,64.9,64.7,64.4,64.3,64.4,64.5,64.5,64.9,65.8,68.0,69.4,69.9,70.1,69.9,69.3,68.0,66.1,63.7,60.7,57.4,56.6,56.2,56.2,55.9,55.8,55.8,55.9,55.9,55.9,56.0,56.1,56.7,57.4,59.0,61.0,62.0,62.2,61.8,60.6,59.6,57.7,54.8,51.4,49.1,49.0,49.1,49.3,49.3,49.9,50.1,50.3,50.3,50.5,51.0,51.3,51.5,52.0,53.8,55.9,56.8,57.2,57.0,55.9,54.5,52.5,50.2,47.5,46.8,47.5,47.7,48.0
70.8,70.8,71.0,71.5,72.0,73.1,75.0,76.4,77.0,77.1,76.9,76.3,75.2,73.6,71.7,69.2,66.0,64.7,64.6,64.6,64.6,64.4,64.1,63.7,63.9,63.9,63.9,64.1,64.6,65.5,67.6,68.9,69.7,69.9,69.5,68.7,67.5,65.9,63.4,60.3,57.0,56.2,56.1,55.6,55.4,55.4,55.5,55.6,55.6,55.5,55.7,56.1,56.2,56.9,58.5,60.7,61.7,61.7,61.4,60.6,59.4,57.3,54.7,51.5,49.0,48.8,49.1,49.0,49.5,49.9,50.0,49.9,49.9,50.7,50.7,50.8,51.4,52.1,53.7,55.6,56.7,57.1,56.6,55.6,54.4,52.4,50.3,47.9,47.4,47.4,47.8
70.5,70.4,70.6,70.9,71.3,71.7,72.9,75.0,76.2,76.8,76.9,76.6,76.0,74.8,73.3,71.4,69.0,65.7,64.3,64.2,64.2,64.2,63.8,63.5,63.4,63.4,63.4,63.6,63.8,64.3,65.2,66.9,68.6,69.5,69.6,69.1,68.3,67.3,65.6,63.1,59.8,56.5,56.0,55.5,55.0,55.0,55.1,55.3,55.4,55.1,55.2,55.6,55.6,55.8,56.4,58.2,60.4,61.2,61.3,61.3,60.3,59.0,57.2,54.7,51.4,48.8,48.9,48.8,49.2,49.4,49.8,49.6,49.5,50.2,50.3,50.3,50.8,51.4,52.0,53.4,55.5,56.6,56.8,56.3,55.4,54.3,52.6,50.8,48.5,47.3,47.5
