day 0,day 1,day 2,day 3,day 4,day 5,day 6,day 7,day 8,day 9,day 10,day 11,day 12,day 13,day 14,day 15,day 16,day 17,day 18,day 19,day 20,day 21,day 22,day 23,day 24,day 25,day 26,day 27,day 28,day 29,day 30,day 31,day 32,day 33,day 34,day 35,day 36,day 37,day 38,day 39,day 40,day 41,day 42,day 43,day 44,day 45,day 46,day 47,day 48,day 49,day 50,day 51,day 52,day 53,day 54,day 55,day 56,day 57,day 58,day 59,day 60,day 61,day 62,day 63,day 64,day 65,day 66,day 67,day 68,day 69,day 70,day 71,day 72,day 73,day 74,day 75,day 76,day 77,day 78,day 79,day 80,day 81,day 82,day 83,day 84,day 85,day 86,day 87,day 88,day 89,day 90,day 91,day 92,day 93
43.0,43.6,44.4,45.3,46.7,48.4,51.4,53.2,54.3,54.8,54.6,54.2,53.0,51.6,49.8,47.8,45.7,43.5,42.0,42.1,42.5,42.9,43.8,44.3,45.1,45.9,46.9,47.9,49.8,52.4,56.1,58.7,60.0,60.5,60.4,59.6,58.4,56.6,54.7,52.4,50.0,47.5,44.5,43.8,44.2,44.7,45.7,46.6,47.5,48.8,50.5,52.6,55.2,59.4,63.3,65.4,66.5,66.6,65.8,64.5,62.6,60.6,58.5,56.6,54.4,52.3,49.7,47.8,48.2,49.0,49.7,50.7,51.8,53.3,54.8,56.5,59.5,64.1,67.1,69.2,70.3,70.2,69.5,68.2,66.4,64.3,62.1,60.1,57.6,55.2,52.5,50.0,50.1,51.0
42.3,43.0,43.6,44.4,45.4,46.8,48.5,51.3,53.2,54.5,55.2,55.0,54.3,53.3,51.9,50.0,47.9,45.8,43.6,42.0,42.2,42.5,43.2,43.7,44.3,45.2,45.8,46.9,48.1,49.9,52.7,56.4,58.9,60.3,60.8,60.9,59.9,58.7,56.8,54.8,52.5,50.1,47.8,44.8,43.7,44.2,45.0,45.7,46.6,47.7,49.2,51.0,52.8,55.5,59.8,63.4,65.5,66.5,66.5,65.7,64.4,62.5,60.6,58.7,56.7,54.5,52.4,49.8,47.9,48.4,49.1,49.9,50.8,52.1,53.6,54.9,56.6,59.6,64.3,67.5,69.4,70.2,70.1,69.3,68.1,66.4,64.3,62.3,60.2,57.7,55.2,52.7,50.0,50.4
41.6,42.4,43.0,43.6,44.5,45.4,46.8,48.5,51.5,53.5,54.8,55.6,55.1,54.6,53.7,52.1,50.1,48.1,45.8,43.5,42.0,42.3,42.8,43.2,43.8,44.4,45.1,45.8,47.0,48.3,50.1,53.0,56.6,59.2,60.6,61.3,61.2,60.2,58.9,57.0,55.0,52.7,50.4,48.0,44.7,43.7,44.4,45.0,45.7,46.8,48.1,49.8,51.3,53.1,55.8,59.9,63.5,65.5,66.3,66.4,65.5,64.2,62.5,60.7,58.7,56.8,54.7,52.5,49.9,48.2,48.5,49.3,50.0,51.1,52.4,53.7,55.1,56.8,59.7,64.6,67.6,69.3,70.1,70.1,69.3,68.2,66.4,64.5,62.3,60.2,57.7,55.4,52.8,50.2
41.2,41.7,42.4,43.0,43.7,44.6,45.5,46.8,48.7,51.7,53.8,55.2,55.7,55.6,55.1,53.9,52.3,50.3,48.1,45.7,43.6,42.1,42.6,42.8,43.3,43.8,44.3,45.1,45.9,47.2,48.4,50.3,53.2,57.0,59.6,61.0,61.6,61.4,60.3,59.1,57.1,55.2,53.0,50.6,48.1,44.8,43.9,44.4,45.0,45.9,47.1,48.7,50.0,51.6,53.4,55.9,59.9,63.4,65.3,66.2,66.3,65.2,64.3,62.6,60.7,58.8,57.0,54.8,52.6,50.2,48.3,48.7,49.5,50.3,51.4,52.5,53.8,55.2,56.9,60.0,64.8,67.5,69.2,70.0,70.0,69.4,68.2,66.6,64.6,62.4,60.3,57.9,55.6,53.0
40.8,41.2,41.7,42.4,43.1,43.7,44.6,45.5,47.0,48.9,52.2,54.2,55.4,56.1,56.0,55.2,54.1,52.4,50.3,47.9,45.9,43.9,42.4,42.5,42.8,43.3,43.7,44.3,45.2,46.0,47.3,48.6,50.5,53.6,57.4,60.0,61.4,61.9,61.6,60.5,59.2,57.4,55.5,53.2,50.8,48.3,45.1,43.8,44.4,45.2,46.3,47.7,48.9,50.2,51.8,53.5,56.0,59.9,63.3,65.2,66.1,66.0,65.2,64.4,62.7,60.9,59.0,57.1,54.9,52.8,50.3,48.5,48.9,49.8,50.6,51.4,52.6,53.9,55.3,57.1,60.2,64.7,67.4,69.2,69.9,70.1,69.5,68.5,66.7,64.8,62.6,60.5,58.2,56.0
40.7,40.9,41.1,41.7,42.5,43.1,43.7,44.6,45.7,47.3,49.3,52.4,54.4,55.8,56.6,56.0,55.4,54.2,52.4,50.1,48.2,46.1,44.2,42.4,42.5,42.9,43.1,43.6,44.5,45.3,46.0,47.5,48.8,50.8,53.9,57.8,60.3,61.7,62.0,61.7,60.6,59.4,57.7,55.7,53.4,51.0,48.6,45.2,43.8,44.7,45.6,46.8,47.9,49.2,50.5,51.9,53.6,56.1,60.0,63.2,65.0,65.9,66.0,65.4,64.4,62.8,61.1,59.3,57.3,55.0,52.9,50.6,48.7,49.2,50.0,50.7,51.6,52.7,53.9,55.4,57.3,60.2,64.7,67.3,69.2,70.0,70.2,69.8,68.6,66.8,64.9,62.9,60.9,58.6
40.3,40.7,40.8,41.2,41.8,42.5,43.2,43.7,44.7,46.0,47.7,49.6,52.7,54.8,56.2,56.6,56.3,55.5,54.1,52.3,50.4,48.4,46.4,44.4,42.5,42.6,42.7,43.0,43.8,44.5,45.3,46.2,47.7,49.0,51.0,54.2,58.1,60.5,61.7,62.2,61.8,60.9,59.7,57.9,56.0,53.7,51.3,48.7,45.3,44.0,45.1,46.2,47.1,48.2,49.4,50.6,52.1,53.7,56.2,60.0,63.2,64.9,65.9,66.2,65.4,64.6,63.0,61.3,59.4,57.4,55.1,53.3,50.8,48.9,49.4,50.2,50.8,51.7,52.7,54.1,55.6,57.3,60.1,64.6,67.4,69.3,70.1,70.5,69.9,68.7,67.1,65.3,63.3,61.3
40.7,40.3,40.6,40.8,41.3,41.9,42.6,43.2,43.9,45.0,46.4,47.9,49.8,53.0,55.1,56.2,56.9,56.5,55.5,54.0,52.6,50.6,48.7,46.7,44.5,42.5,42.4,42.7,43.2,43.9,44.5,45.5,46.5,47.9,49.2,51.2,54.5,58.3,60.6,61.9,62.2,62.1,61.2,59.9,58.3,56.3,54.0,51.4,48.9,45.6,44.4,45.6,46.4,47.3,48.4,49.5,50.8,52.1,53.8,56.2,59.9,63.1,64.9,66.0,66.3,65.6,64.7,63.3,61.5,59.6,57.5,55.5,53.6,51.1,49.1,49.5,50.2,50.9,51.7,52.8,54.3,55.7,57.2,60.0,64.7,67.4,69.5,70.4,70.6,70.1,68.9,67.4,65.8,63.7
42.9,40.8,40.2,40.7,41.0,41.4,41.9,42.6,43.3,44.2,45.4,46.6,48.0,50.1,53.3,55.2,56.5,57.0,56.4,55.3,54.3,52.8,50.9,49.0,46.9,44.6,42.4,42.3,42.8,43.3,43.8,44.7,45.7,46.7,48.1,49.4,51.5,54.7,58.4,60.8,62.0,62.5,62.4,61.4,60.3,58.6,56.6,54.1,51.6,49.1,46.0,45.0,45.8,46.6,47.5,48.5,49.7,50.9,52.3,54.0,56.3,59.9,63.1,65.0,66.1,66.4,65.7,65.0,63.3,61.6,59.8,57.9,55.9,53.8,51.4,49.2,49.7,50.3,50.9,51.8,53.1,54.3,55.6,57.2,60.1,64.7,67.7,69.7,70.4,70.8,70.4,69.3,68.0,66.3
45.2,43.0,40.7,40.3,40.8,41.0,41.5,42.0,42.8,43.7,44.6,45.7,46.7,48.3,50.3,53.3,55.4,56.6,56.9,56.3,55.7,54.5,53.1,51.3,49.3,47.0,44.6,42.4,42.4,42.9,43.2,44.0,44.9,45.9,46.9,48.2,49.7,51.6,54.8,58.6,60.8,62.2,62.8,62.6,61.8,60.7,58.8,56.7,54.3,51.8,49.5,46.6,45.2,46.0,46.8,47.6,48.7,49.8,51.0,52.4,54.1,56.3,60.1,63.2,65.1,66.3,66.5,66.0,65.0,63.5,61.9,60.2,58.2,56.2,54.1,51.5,49.3,49.6,50.3,51.1,52.1,53.1,54.3,55.6,57.1,60.1,64.9,67.9,69.8,70.7,71.1,70.8,69.9,68.5
47.5,45.3,43.0,40.9,40.4,40.8,41.0,41.5,42.1,43.0,44.1,44.8,45.8,46.9,48.5,50.3,53.6,55.5,56.6,56.7,56.7,55.9,54.9,53.5,51.6,49.4,47.1,44.7,42.5,42.4,42.8,43.5,44.2,45.1,46.2,47.0,48.4,49.8,51.7,55.1,58.7,61.1,62.6,63.0,63.1,62.3,60.9,59.1,56.9,54.5,52.2,50.0,46.9,45.4,46.2,46.9,47.9,48.9,50.0,51.2,52.5,54.1,56.4,60.3,63.3,65.3,66.5,66.7,66.1,65.2,63.8,62.3,60.6,58.6,56.5,54.4,51.7,49.4,49.7,50.4,51.3,52.0,53.1,54.3,55.5,57.1,60.3,65.1,68.0,70.0,71.0,71.5,71.4,70.5
49.6,47.6,45.4,43.2,41.1,40.5,40.8,41.1,41.6,42.4,43.5,44.2,45.0,46.0,47.1,48.5,50.5,53.6,55.4,56.5,57.0,56.9,56.3,55.3,53.9,51.8,49.5,47.2,44.9,42.5,42.4,43.1,43.7,44.4,45.3,46.1,47.2,48.5,49.9,51.9,55.3,59.0,61.5,62.8,63.5,63.6,62.5,61.1,59.4,57.2,54.9,52.6,50.3,47.2,45.7,46.4,47.2,48.1,49.1,50.2,51.4,52.6,54.2,56.6,60.4,63.6,65.5,66.7,66.9,66.3,65.5,64.3,62.7,61.0,58.9,56.8,54.5,51.8,49.4,49.8,50.7,51.3,52.1,53.1,54.2,55.6,57.2,60.5,65.2,68.3,70.4,71.4,72.2,72.0
51.3,49.7,47.7,45.6,43.4,41.2,40.5,40.9,41.3,41.9,42.9,43.6,44.3,45.2,46.2,47.2,48.7,50.5,53.5,55.3,56.8,57.3,57.4,56.8,55.8,54.0,51.9,49.6,47.5,45.1,42.5,42.6,43.2,43.9,44.5,45.2,46.3,47.3,48.7,50.1,52.0,55.5,59.4,61.8,63.4,64.1,63.8,62.7,61.4,59.6,57.5,55.2,52.9,50.5,47.5,45.9,46.7,47.3,48.2,49.3,50.4,51.4,52.7,54.4,56.7,60.7,63.8,65.7,66.9,67.1,66.7,66.0,64.8,63.1,61.3,59.2,57.0,54.5,51.9,49.5,50.0,50.7,51.3,52.1,53.0,54.2,55.6,57.3,60.5,65.4,68.7,70.8,72.2,72.7
52.6,51.5,49.8,47.9,45.7,43.5,41.3,40.6,41.0,41.6,42.4,43.0,43.7,44.5,45.4,46.2,47.3,48.6,50.4,53.4,55.7,57.0,57.8,57.9,57.2,55.8,54.1,52.1,49.9,47.6,45.2,42.8,42.7,43.4,44.0,44.5,45.4,46.4,47.5,48.8,50.2,52.2,55.8,59.7,62.3,63.9,64.3,64.0,63.1,61.7,60.0,57.8,55.5,53.1,50.8,47.7,46.1,46.8,47.5,48.5,49.5,50.5,51.6,52.9,54.5,56.9,60.9,64.0,65.9,67.2,67.5,67.0,66.5,65.2,63.5,61.6,59.4,57.0,54.7,52.0,49.8,50.1,50.7,51.3,52.1,53.1,54.2,55.7,57.3,60.7,65.7,69.1,71.5,72.8
53.8,52.8,51.5,50.0,47.9,45.8,43.6,41.4,40.7,41.3,42.0,42.5,43.1,43.9,44.7,45.3,46.2,47.3,48.5,50.3,53.7,55.9,57.6,58.2,58.4,57.3,56.0,54.4,52.4,50.1,47.8,45.4,43.0,43.0,43.5,43.9,44.7,45.6,46.6,47.6,48.8,50.4,52.4,56.2,60.2,62.7,64.2,64.5,64.4,63.4,62.1,60.3,58.0,55.8,53.4,50.9,48.0,46.3,47.0,47.8,48.7,49.6,50.7,51.8,53.0,54.6,57.0,61.2,64.2,66.2,67.6,67.8,67.6,66.9,65.6,63.8,61.7,59.5,57.2,54.8,52.3,49.8,50.1,50.7,51.2,52.0,53.0,54.3,55.7,57.3,61.0,66.2,69.8,72.1
54.2,53.9,52.9,51.8,50.1,48.0,45.8,43.7,41.6,41.1,41.8,42.2,42.6,43.3,44.1,44.6,45.4,46.3,47.2,48.5,50.6,54.0,56.5,58.0,58.8,58.5,57.5,56.3,54.6,52.6,50.3,48.0,45.7,43.3,43.1,43.5,44.1,44.8,45.7,46.8,47.6,49.0,50.6,52.6,56.6,60.6,63.0,64.4,64.8,64.7,63.8,62.3,60.6,58.3,56.0,53.5,51.1,48.1,46.5,47.3,48.0,48.8,49.8,50.9,51.9,53.0,54.6,57.2,61.3,64.5,66.5,67.9,68.4,68.0,67.4,65.9,63.9,61.8,59.7,57.4,55.0,52.3,49.9,50.2,50.7,51.2,51.9,53.1,54.3,55.6,57.6,61.3,66.8,70.4
53.9,54.4,54.0,53.1,51.8,50.1,48.0,45.8,43.9,42.1,41.5,41.9,42.3,42.8,43.5,44.0,44.7,45.4,46.2,47.1,48.7,50.8,54.5,56.9,58.5,58.8,58.7,57.9,56.5,54.8,52.8,50.5,48.2,46.0,43.5,43.0,43.6,44.2,45.0,45.9,46.8,47.7,49.2,50.7,53.0,56.9,60.9,63.3,64.8,65.3,65.2,64.1,62.7,60.9,58.4,56.0,53.6,51.2,48.3,46.8,47.5,48.2,49.0,50.0,50.9,51.9,53.1,54.8,57.4,61.7,64.8,66.9,68.5,68.8,68.4,67.7,66.0,64.1,62.1,59.9,57.5,55.0,52.4,50.0,50.1,50.6,51.1,52.1,53.2,54.3,55.9,57.9,61.8,67.4
52.7,54.0,54.5,54.2,53.1,51.8,50.1,48.0,46.1,44.3,42.5,41.7,42.0,42.5,43.0,43.4,44.0,44.7,45.2,46.2,47.3,48.9,51.2,54.9,57.4,58.6,59.1,59.0,58.0,56.7,55.1,52.9,50.7,48.6,46.2,43.5,43.2,43.8,44.4,45.2,45.9,46.9,47.9,49.3,50.9,53.2,57.2,61.2,63.6,65.2,65.8,65.4,64.5,63.0,60.9,58.4,56.1,53.7,51.4,48.6,47.2,47.7,48.5,49.2,50.1,50.9,51.9,53.2,55.0,57.6,61.9,65.2,67.5,68.9,69.2,68.7,67.8,66.2,64.3,62.3,60.0,57.4,55.0,52.4,49.9,50.1,50.6,51.2,52.1,53.1,54.5,56.1,58.3,62.3
50.6,52.9,54.1,54.7,54.2,53.2,51.9,50.2,48.3,46.5,44.7,42.7,41.8,42.2,42.6,42.9,43.4,44.0,44.6,45.2,46.3,47.5,49.2,51.5,55.3,57.5,58.9,59.4,59.2,58.2,57.0,55.2,53.2,51.1,48.9,46.4,43.7,43.3,44.0,44.6,45.2,46.0,47.1,47.9,49.4,51.1,53.4,57.4,61.5,64.1,65.7,66.0,65.7,64.9,63.0,61.0,58.5,56.2,53.7,51.5,48.9,47.4,48.0,48.7,49.3,50.1,50.9,52.1,53.4,55.2,57.9,62.4,65.8,67.9,69.3,69.5,68.8,67.9,66.4,64.5,62.4,60.0,57.4,55.0,52.3,49.9,49.9,50.6,51.3,52.0,53.3,54.6,56.5,58.7
47.9,50.8,53.1,54.3,54.8,54.2,53.1,51.9,50.4,48.6,46.9,45.0,42.9,42.0,42.4,42.5,42.9,43.4,43.9,44.6,45.4,46.6,47.7,49.4,51.9,55.3,57.7,59.2,59.6,59.3,58.5,57.1,55.4,53.5,51.4,49.1,46.7,43.8,43.5,44.1,44.6,45.3,46.2,47.1,48.1,49.7,51.3,53.6,57.8,62.0,64.6,65.9,66.3,66.0,64.9,63.0,61.0,58.4,56.2,53.8,51.7,49.1,47.7,48.1,48.7,49.3,50.0,51.1,52.3,53.6,55.4,58.3,62.9,66.1,68.3,69.5,69.6,69.0,68.1,66.7,64.6,62.3,59.9,57.4,55.0,52.4,49.8,50.0,50.7,51.2,52.2,53.5,55.0,56.8
46.5,48.1,51.0,53.2,54.4,54.8,54.1,53.1,52.1,50.7,49.0,47.1,45.1,43.2,42.1,42.3,42.5,42.9,43.3,43.9,44.8,45.7,46.7,47.8,49.6,51.9,55.6,58.0,59.4,59.7,59.7,58.6,57.3,55.7,53.9,51.6,49.3,46.9,44.0,43.6,44.1,44.7,45.4,46.1,47.2,48.4,49.7,51.4,53.9,58.3,62.5,64.8,66.1,66.6,66.0,64.9,63.0,60.9,58.4,56.3,53.9,51.9,49.4,47.8,48.1,48.7,49.3,50.1,51.2,52.4,53.8,55.7,58.8,63.3,66.5,68.6,69.6,69.7,69.3,68.4,66.7,64.5,62.2,59.8,57.4,55.1,52.3,49.9,50.0,50.6,51.3,52.2,53.8,55.3
45.3,46.6,48.2,51.2,53.2,54.3,54.7,54.1,53.4,52.5,51.1,49.2,47.3,45.4,43.3,42.1,42.3,42.5,42.7,43.4,44.0,45.0,45.7,46.8,47.9,49.6,52.1,55.8,58.2,59.5,60.1,59.8,58.8,57.7,56.1,54.1,51.9,49.6,47.1,44.3,43.6,44.2,44.8,45.3,46.2,47.4,48.5,49.8,51.7,54.3,58.8,62.7,65.1,66.5,66.7,66.0,64.8,62.9,60.8,58.4,56.3,54.0,52.1,49.6,47.8,48.1,48.6,49.4,50.3,51.4,52.7,54.1,56.1,59.0,63.7,66.8,68.7,69.7,70.0,69.5,68.4,66.6,64.4,62.1,59.8,57.5,55.1,52.5,50.0,49.9,50.7,51.4,52.5,54.0
44.4,45.3,46.6,48.3,51.3,53.3,54.2,54.7,54.3,53.8,52.9,51.3,49.4,47.6,45.6,43.4,42.1,42.2,42.4,42.8,43.4,44.3,45.1,45.8,47.0,47.9,49.7,52.3,55.9,58.4,59.8,60.2,60.1,59.2,58.1,56.3,54.4,52.2,49.8,47.4,44.3,43.7,44.3,44.7,45.4,46.5,47.5,48.5,50.0,52.1,54.9,59.1,63.0,65.4,66.5,66.7,65.9,64.7,62.7,60.6,58.4,56.4,54.3,52.2,49.7,47.8,48.1,48.8,49.6,50.4,51.5,52.9,54.5,56.4,59.3,64.0,67.0,68.9,70.1,70.2,69.5,68.3,66.4,64.2,62.1,60.0,57.5,55.1,52.6,49.9,50.0,50.8,51.6,52.8
43.6,44.4,45.3,46.7,48.4,51.4,53.2,54.3,54.8,54.6,54.2,53.0,51.6,49.8,47.8,45.7,43.5,42.0,42.1,42.5,42.9,43.8,44.3,45.1,45.9,46.9,47.9,49.8,52.4,56.1,58.7,60.0,60.5,60.4,59.6,58.4,56.6,54.7,52.4,50.0,47.5,44.5,43.8,44.2,44.7,45.7,46.6,47.5,48.8,50.5,52.6,55.2,59.4,63.3,65.4,66.5,66.6,65.8,64.5,62.6,60.6,58.5,56.6,54.4,52.3,49.7,47.8,48.2,49.0,49.7,50.7,51.8,53.3,54.8,56.5,59.5,64.1,67.1,69.2,70.3,70.2,69.5,68.2,66.4,64.3,62.1,60.1,57.6,55.2,52.5,50.0,50.1,51.0,51.8
43.0,43.6,44.4,45.4,46.8,48.5,51.3,53.2,54.5,55.2,55.0,54.3,53.3,51.9,50.0,47.9,45.8,43.6,42.0,42.2,42.5,43.2,43.7,44.3,45.2,45.8,46.9,48.1,49.9,52.7,56.4,58.9,60.3,60.8,60.9,59.9,58.7,56.8,54.8,52.5,50.1,47.8,44.8,43.7,44.2,45.0,45.7,46.6,47.7,49.2,51.0,52.8,55.5,59.8,63.4,65.5,66.5,66.5,65.7,64.4,62.5,60.6,58.7,56.7,54.5,52.4,49.8,47.9,48.4,49.1,49.9,50.8,52.1,53.6,54.9,56.6,59.6,64.3,67.5,69.4,70.2,70.1,69.3,68.1,66.4,64.3,62.3,60.2,57.7,55.2,52.7,50.0,50.4,51.2
