day 0,day 1,day 2,day 3,day 4,day 5,day 6,day 7,day 8,day 9,day 10,day 11,day 12,day 13,day 14,day 15,day 16,day 17,day 18,day 19,day 20,day 21,day 22,day 23,day 24,day 25,day 26,day 27,day 28,day 29,day 30,day 31,day 32,day 33,day 34,day 35,day 36,day 37,day 38,day 39,day 40,day 41,day 42,day 43,day 44,day 45,day 46,day 47,day 48,day 49,day 50,day 51,day 52,day 53,day 54,day 55,day 56,day 57,day 58,day 59,day 60,day 61,day 62,day 63,day 64,day 65,day 66,day 67,day 68,day 69,day 70,day 71,day 72,day 73,day 74,day 75,day 76,day 77,day 78,day 79,day 80,day 81,day 82,day 83,day 84,day 85,day 86,day 87,day 88,day 89,day 90,day 91,day 92,day 93
66.9,69.5,72.1,74.9,77.7,81.6,84.7,87.0,89.0,90.0,90.1,89.3,87.5,84.7,81.2,76.8,72.2,67.8,64.1,62.3,63.6,65.4,67.4,69.7,72.3,74.6,76.6,78.9,81.1,84.5,87.9,90.4,92.2,92.7,92.7,91.8,89.6,86.6,82.5,77.2,72.1,67.4,63.5,62.5,63.5,64.9,66.3,68.1,70.5,72.8,74.9,77.0,79.0,81.7,85.4,88.1,90.2,91.1,90.8,89.6,87.5,84.1,79.7,74.3,69.0,64.2,60.5,60.4,61.3,62.6,64.1,65.7,67.8,70.0,72.5,74.4,76.5,78.9,82.2,84.7,85.8,86.1,85.6,84.1,81.2,77.2,72.1,66.5,60.8,55.6,52.2,52.6,53.5,54.4
64.6,67.2,69.9,72.7,75.3,78.1,81.9,85.0,87.3,89.2,90.2,90.3,89.5,87.6,84.8,81.2,77.0,72.3,68.0,64.1,62.4,63.8,65.6,67.4,69.8,72.4,74.8,76.8,78.9,81.2,84.7,88.0,90.4,92.1,92.8,92.8,91.7,89.6,86.5,82.2,76.9,71.7,67.0,63.2,62.2,63.4,64.6,66.1,68.1,70.4,72.7,74.8,76.9,78.9,81.8,85.6,88.4,90.3,91.2,90.9,89.6,87.4,84.0,79.6,74.0,68.8,63.9,60.1,60.1,61.0,62.4,63.8,65.4,67.4,69.8,72.0,74.0,76.3,78.6,81.8,84.3,85.5,85.7,85.1,83.5,80.6,76.7,71.5,66.1,60.3,55.1,51.8,52.2,53.0
62.4,64.9,67.6,70.5,73.1,75.7,78.4,82.1,85.2,87.5,89.3,90.4,90.6,89.7,87.7,84.9,81.5,77.2,72.5,68.0,64.2,62.6,64.0,65.6,67.5,70.0,72.6,74.9,76.9,79.0,81.4,84.8,88.0,90.4,92.2,92.9,92.8,91.8,89.4,86.3,81.9,76.6,71.3,66.7,63.0,62.1,63.1,64.3,66.1,68.0,70.4,72.7,74.7,76.8,79.0,82.0,85.8,88.6,90.4,91.3,90.9,89.6,87.4,83.9,79.3,73.8,68.4,63.5,59.8,59.9,60.9,62.1,63.5,65.1,67.2,69.4,71.7,73.7,75.9,78.2,81.4,83.9,85.0,85.2,84.5,82.8,79.9,76.2,71.1,65.5,59.8,54.6,51.5,51.9
60.6,62.7,65.3,68.2,70.9,73.5,75.9,78.6,82.4,85.4,87.6,89.5,90.7,90.8,89.8,87.8,85.2,81.6,77.3,72.5,68.0,64.3,62.8,64.0,65.7,67.7,70.1,72.8,75.0,77.0,79.2,81.5,84.8,87.9,90.4,92.2,92.8,92.8,91.6,89.2,86.0,81.6,76.1,71.0,66.5,62.8,61.8,62.9,64.3,65.9,67.9,70.2,72.6,74.7,76.8,79.2,82.2,86.0,88.7,90.5,91.4,91.0,89.6,87.3,83.7,79.2,73.5,68.1,63.1,59.5,59.7,60.6,61.9,63.2,64.9,66.8,69.0,71.3,73.3,75.6,77.7,80.9,83.4,84.5,84.6,83.8,82.1,79.4,75.7,70.4,65.0,59.4,54.3,51.1
59.1,60.9,63.1,65.9,68.6,71.4,73.8,76.2,78.9,82.6,85.5,87.7,89.8,90.9,90.9,89.9,88.1,85.3,81.7,77.4,72.6,68.1,64.5,62.8,64.2,66.0,68.0,70.3,72.9,75.0,77.1,79.3,81.5,84.7,87.9,90.5,92.1,92.8,92.6,91.4,88.9,85.6,81.2,75.8,70.8,66.3,62.5,61.6,62.8,64.2,66.0,67.8,70.1,72.6,74.7,77.0,79.4,82.3,86.1,88.8,90.6,91.4,91.0,89.5,87.1,83.6,78.8,73.1,67.8,62.8,59.4,59.4,60.4,61.5,63.1,64.6,66.3,68.7,70.9,73.0,75.1,77.3,80.4,82.8,83.9,84.0,83.1,81.7,78.9,75.0,69.9,64.6,59.0,53.8
58.0,59.5,61.3,63.7,66.3,69.1,71.6,74.1,76.4,79.1,82.7,85.7,88.0,89.9,91.0,91.1,90.2,88.3,85.4,81.7,77.5,72.7,68.2,64.5,63.0,64.4,66.2,68.1,70.4,73.0,75.2,77.2,79.3,81.5,84.7,88.0,90.4,92.1,92.7,92.3,91.0,88.5,85.3,80.9,75.6,70.6,66.0,62.2,61.5,62.7,64.2,65.8,67.7,70.0,72.5,74.9,77.2,79.5,82.5,86.3,88.9,90.7,91.4,90.8,89.3,87.0,83.2,78.4,72.8,67.5,62.7,59.1,59.1,60.0,61.4,62.7,64.2,65.9,68.3,70.6,72.5,74.8,76.9,79.8,82.2,83.3,83.3,82.7,81.1,78.1,74.4,69.6,64.2,58.5
60.2,58.3,59.9,62.0,64.1,66.8,69.4,71.9,74.3,76.6,79.2,82.8,85.9,88.1,90.0,91.3,91.5,90.4,88.3,85.4,81.9,77.5,72.7,68.2,64.6,63.2,64.7,66.4,68.2,70.4,73.1,75.3,77.2,79.2,81.5,84.8,87.9,90.5,92.1,92.5,92.0,90.7,88.2,84.9,80.7,75.4,70.3,65.7,62.1,61.4,62.6,64.2,65.7,67.7,70.0,72.7,75.0,77.3,79.6,82.6,86.3,89.0,90.6,91.3,90.6,89.2,86.5,82.7,78.1,72.6,67.3,62.3,58.8,58.7,60.0,61.1,62.3,63.8,65.5,68.0,70.2,72.1,74.4,76.3,79.2,81.5,82.6,82.9,82.1,80.2,77.5,74.0,69.2,63.8
64.3,60.6,58.7,60.4,62.3,64.5,67.0,69.7,72.2,74.6,76.8,79.3,83.0,86.0,88.2,90.3,91.5,91.7,90.5,88.4,85.6,82.0,77.6,72.7,68.3,64.8,63.4,64.9,66.4,68.2,70.5,73.2,75.3,77.2,79.3,81.6,84.8,88.0,90.5,91.9,92.2,91.7,90.4,87.9,84.7,80.5,75.1,70.0,65.5,61.9,61.4,62.6,64.1,65.7,67.6,70.1,72.9,75.1,77.4,79.7,82.6,86.4,89.0,90.5,91.1,90.4,88.7,86.1,82.5,78.0,72.4,67.0,62.0,58.4,58.6,59.7,60.7,61.8,63.5,65.2,67.6,69.8,71.8,73.9,75.7,78.5,80.9,82.2,82.3,81.2,79.6,77.2,73.7,68.7
68.7,64.6,61.0,59.2,60.7,62.7,64.7,67.3,70.0,72.5,74.8,77.0,79.5,83.1,86.0,88.6,90.5,91.7,91.7,90.5,88.6,85.7,82.0,77.6,72.7,68.4,65.0,63.7,64.9,66.5,68.3,70.7,73.1,75.2,77.3,79.3,81.6,84.7,87.9,90.3,91.5,91.9,91.4,90.1,87.7,84.5,80.2,74.9,69.9,65.3,61.8,61.3,62.5,64.0,65.7,67.7,70.2,72.9,75.2,77.5,79.8,82.6,86.4,88.8,90.4,90.8,90.0,88.3,85.9,82.4,77.9,72.1,66.7,61.7,58.3,58.2,59.2,60.3,61.5,63.2,64.9,67.3,69.4,71.3,73.3,75.0,77.8,80.5,81.6,81.4,80.7,79.2,76.8,73.1
73.3,69.1,65.0,61.5,59.5,61.1,63.0,65.1,67.7,70.2,72.6,74.9,77.2,79.6,83.1,86.3,88.8,90.8,91.7,91.6,90.8,88.7,85.7,82.0,77.6,72.8,68.5,65.1,63.7,65.0,66.6,68.4,70.6,73.0,75.2,77.4,79.3,81.6,84.7,87.8,89.8,91.2,91.5,91.1,89.8,87.4,84.3,80.0,74.7,69.7,65.2,61.7,61.2,62.5,64.0,65.8,67.9,70.3,73.0,75.2,77.5,79.8,82.6,86.2,88.7,90.1,90.4,89.5,88.1,85.9,82.3,77.6,71.8,66.4,61.4,57.9,57.8,58.8,60.0,61.2,62.9,64.6,66.9,69.0,70.7,72.7,74.5,77.4,79.8,80.6,81.0,80.3,78.8,76.3
77.3,73.7,69.5,65.6,61.8,59.9,61.4,63.4,65.4,68.0,70.4,72.8,75.1,77.3,79.7,83.4,86.6,89.0,90.8,91.6,91.8,90.8,88.7,85.8,82.1,77.6,72.9,68.7,65.1,63.7,65.2,66.8,68.4,70.5,73.0,75.3,77.4,79.3,81.5,84.5,87.3,89.5,90.8,91.3,91.0,89.6,87.2,84.1,79.8,74.5,69.5,65.1,61.6,61.2,62.4,64.1,65.9,67.9,70.4,72.9,75.2,77.5,79.8,82.4,86.0,88.4,89.7,90.1,89.3,88.1,85.7,82.0,77.3,71.6,66.2,61.0,57.4,57.4,58.5,59.7,60.9,62.5,64.1,66.4,68.4,70.1,72.2,74.0,76.6,78.9,80.3,80.6,79.9,78.3
80.7,77.7,74.1,70.1,65.9,62.1,60.2,61.7,63.7,65.7,68.2,70.5,73.0,75.2,77.4,80.0,83.6,86.8,89.0,90.8,91.8,92.0,90.9,88.7,85.8,82.1,77.7,73.0,68.6,65.1,63.9,65.3,66.7,68.3,70.5,73.0,75.3,77.4,79.4,81.4,84.0,87.0,89.1,90.5,91.1,90.6,89.3,87.0,83.9,79.6,74.4,69.4,65.0,61.6,61.1,62.5,64.1,66.0,67.9,70.4,72.9,75.2,77.5,79.6,82.2,85.7,88.0,89.4,89.8,89.3,87.9,85.4,81.7,77.1,71.3,65.8,60.6,57.0,57.0,58.2,59.3,60.6,62.2,63.8,65.9,67.8,69.5,71.7,73.3,75.6,78.5,79.9,80.0,79.4
83.3,81.1,78.3,74.7,70.4,66.2,62.3,60.5,62.1,64.0,65.9,68.2,70.6,73.1,75.3,77.6,80.2,83.8,86.8,89.1,90.9,92.0,92.0,90.9,88.8,85.9,82.2,77.8,73.0,68.6,65.2,64.1,65.2,66.6,68.3,70.5,72.9,75.2,77.4,79.2,81.0,83.6,86.6,88.9,90.3,90.8,90.4,89.1,86.9,83.8,79.5,74.3,69.4,65.0,61.5,61.2,62.5,64.2,65.9,67.8,70.4,72.9,75.3,77.3,79.5,81.9,85.2,87.7,89.2,89.7,89.0,87.5,85.0,81.6,76.8,71.0,65.3,60.2,56.7,56.8,57.8,59.1,60.2,61.8,63.2,65.4,67.2,69.1,71.1,72.5,75.3,78.2,79.4,79.6
85.2,83.7,81.7,79.0,75.0,70.7,66.4,62.6,60.9,62.3,64.1,65.9,68.4,70.8,73.2,75.6,77.9,80.4,83.9,87.0,89.2,91.1,91.9,92.1,91.0,88.8,86.0,82.3,77.8,73.0,68.7,65.2,64.1,65.2,66.6,68.4,70.4,72.8,75.1,77.2,78.8,80.6,83.3,86.4,88.6,90.0,90.6,90.3,89.1,86.7,83.7,79.5,74.3,69.4,64.9,61.5,61.3,62.6,64.2,65.8,67.7,70.4,72.9,75.0,77.2,79.2,81.5,84.9,87.5,89.1,89.4,88.6,87.3,85.0,81.4,76.4,70.5,64.9,59.8,56.4,56.5,57.5,58.7,59.9,61.2,62.7,64.8,66.8,68.5,70.3,72.1,74.8,77.6,78.9
86.1,85.7,84.3,82.4,79.2,75.4,71.0,66.7,62.9,61.1,62.5,64.1,66.1,68.5,70.8,73.4,75.8,78.2,80.4,84.0,87.1,89.4,91.0,91.9,92.2,91.0,89.0,86.1,82.4,77.7,73.1,68.8,65.2,64.0,65.2,66.6,68.3,70.4,72.7,74.9,76.8,78.5,80.3,83.0,86.1,88.3,89.8,90.5,90.2,88.9,86.7,83.7,79.5,74.4,69.4,65.0,61.5,61.4,62.5,64.1,65.8,67.7,70.3,72.7,74.9,76.9,78.8,81.2,84.7,87.4,88.7,88.9,88.4,87.2,84.7,81.0,76.0,70.2,64.5,59.4,56.1,56.2,57.2,58.4,59.3,60.8,62.1,64.3,66.2,67.8,69.9,71.7,74.2,77.1
86.2,86.7,86.4,85.1,82.7,79.7,75.7,71.2,67.0,63.1,61.3,62.5,64.3,66.2,68.6,71.1,73.7,76.1,78.2,80.6,84.1,87.2,89.3,91.1,92.0,92.2,91.1,89.0,86.3,82.4,77.9,73.2,68.8,65.1,64.0,65.2,66.5,68.2,70.3,72.5,74.6,76.4,78.1,80.1,82.8,85.8,88.1,89.8,90.4,90.1,88.9,86.7,83.7,79.5,74.4,69.5,65.0,61.5,61.4,62.5,64.0,65.8,67.7,70.1,72.5,74.6,76.4,78.5,81.0,84.6,87.0,88.3,88.7,88.4,86.9,84.3,80.6,75.6,69.8,64.2,59.0,55.8,55.8,56.9,57.9,58.9,60.2,61.8,63.8,65.4,67.4,69.5,71.1,73.7
85.7,86.8,87.4,87.1,85.5,83.1,80.0,76.0,71.5,67.1,63.2,61.4,62.7,64.5,66.3,68.8,71.4,74.0,76.0,78.3,80.6,84.1,87.1,89.3,91.3,92.1,92.3,91.2,89.2,86.3,82.5,78.0,73.2,68.7,65.1,64.0,65.1,66.5,68.1,70.1,72.2,74.2,76.1,77.9,79.9,82.4,85.7,88.1,89.6,90.3,90.1,88.9,86.7,83.7,79.5,74.5,69.5,65.0,61.4,61.4,62.4,64.1,65.7,67.5,69.8,72.2,74.2,76.1,78.3,80.9,84.3,86.7,88.1,88.7,88.0,86.5,84.0,80.3,75.2,69.5,63.8,58.7,55.4,55.5,56.4,57.5,58.4,59.8,61.3,63.1,65.0,66.9,68.9,70.7
84.3,86.3,87.5,88.2,87.5,85.8,83.5,80.3,76.3,71.6,67.2,63.3,61.5,62.9,64.5,66.5,69.0,71.7,74.0,76.2,78.5,80.8,84.1,87.1,89.5,91.4,92.3,92.4,91.4,89.2,86.5,82.7,77.9,73.1,68.6,65.0,63.9,65.0,66.4,67.9,69.7,71.8,73.9,75.9,77.7,79.5,82.2,85.6,87.9,89.5,90.3,90.1,88.8,86.7,83.7,79.7,74.6,69.5,64.9,61.3,61.3,62.4,64.1,65.5,67.3,69.5,71.8,73.8,75.9,78.2,80.6,84.0,86.5,88.1,88.2,87.6,86.2,83.8,80.0,74.9,69.1,63.5,58.3,55.0,55.1,56.0,57.0,58.0,59.4,60.7,62.6,64.5,66.4,68.4
82.4,84.9,87.0,88.2,88.6,87.9,86.2,83.8,80.5,76.4,71.7,67.3,63.5,61.7,62.9,64.7,66.7,69.3,71.8,74.1,76.3,78.6,80.7,84.0,87.2,89.6,91.6,92.4,92.4,91.4,89.4,86.6,82.7,77.9,73.0,68.5,64.9,63.8,64.9,66.2,67.5,69.3,71.5,73.7,75.7,77.4,79.3,82.2,85.5,87.8,89.5,90.3,90.0,88.8,86.9,84.0,79.7,74.6,69.4,64.8,61.3,61.3,62.5,63.9,65.3,67.0,69.2,71.5,73.6,75.8,77.9,80.3,83.8,86.5,87.6,87.9,87.3,86.0,83.4,79.6,74.4,68.8,63.1,58.0,54.5,54.7,55.5,56.7,57.5,58.8,60.2,62.1,63.9,65.9
79.6,83.0,85.5,87.6,88.7,88.9,88.2,86.5,84.1,80.7,76.6,71.8,67.4,63.6,61.7,63.0,64.9,67.0,69.2,71.9,74.2,76.4,78.5,80.6,84.1,87.3,89.8,91.7,92.4,92.5,91.6,89.5,86.6,82.7,77.8,72.9,68.4,64.7,63.8,64.7,65.8,67.1,69.0,71.2,73.6,75.4,77.3,79.3,82.0,85.4,87.8,89.5,90.3,90.1,89.0,87.1,84.1,79.7,74.5,69.3,64.7,61.3,61.4,62.3,63.7,65.0,66.7,68.9,71.2,73.6,75.5,77.7,80.2,83.7,85.9,87.2,87.6,87.0,85.6,83.0,79.2,74.0,68.4,62.7,57.5,54.0,54.2,55.2,56.2,56.9,58.3,59.8,61.6,63.5
76.1,80.1,83.6,86.0,88.1,89.1,89.3,88.6,86.8,84.2,80.9,76.7,71.9,67.5,63.6,61.8,63.2,65.1,67.0,69.3,72.0,74.4,76.4,78.5,80.7,84.3,87.5,90.0,91.9,92.5,92.7,91.8,89.6,86.7,82.7,77.7,72.7,68.2,64.6,63.5,64.4,65.4,66.9,68.9,71.1,73.3,75.2,77.2,79.1,81.9,85.4,87.8,89.5,90.4,90.4,89.2,87.3,84.1,79.7,74.5,69.3,64.7,61.2,61.2,62.2,63.4,64.7,66.4,68.7,71.0,73.2,75.3,77.5,80.0,83.2,85.6,86.9,87.3,86.7,85.3,82.6,78.8,73.7,67.9,62.2,57.0,53.6,53.9,54.8,55.6,56.4,57.9,59.4,61.1
73.8,76.7,80.7,84.1,86.5,88.4,89.5,89.6,88.9,87.1,84.4,81.0,76.8,72.0,67.5,63.7,62.0,63.5,65.1,67.1,69.4,72.2,74.4,76.4,78.6,80.9,84.4,87.6,90.1,92.0,92.7,92.7,91.8,89.6,86.7,82.7,77.6,72.5,68.1,64.3,63.2,64.0,65.2,66.7,68.7,70.8,73.1,75.2,77.1,79.1,81.8,85.4,87.8,89.6,90.7,90.7,89.4,87.3,84.1,79.7,74.5,69.3,64.6,61.0,61.0,61.9,63.1,64.4,66.1,68.5,70.6,72.9,75.0,77.3,79.5,82.8,85.4,86.6,86.9,86.4,84.8,82.3,78.5,73.1,67.5,61.8,56.5,53.2,53.6,54.1,55.2,56.0,57.4,59.0
71.7,74.3,77.3,81.2,84.5,86.7,88.8,89.8,89.8,89.1,87.2,84.6,81.1,76.8,72.0,67.6,63.9,62.2,63.5,65.2,67.2,69.6,72.2,74.5,76.5,78.7,81.0,84.4,87.7,90.2,92.2,92.7,92.7,91.8,89.6,86.7,82.6,77.4,72.4,67.8,64.0,62.8,63.7,65.0,66.6,68.4,70.6,73.0,75.0,77.0,79.0,81.8,85.3,87.8,89.9,91.0,90.8,89.4,87.4,84.2,79.8,74.4,69.2,64.4,60.8,60.7,61.6,62.8,64.2,66.0,68.2,70.3,72.7,74.9,76.9,79.2,82.5,85.1,86.2,86.5,85.9,84.5,81.8,77.9,72.6,67.0,61.3,56.1,52.8,53.0,53.8,54.8,55.6,57.0
69.5,72.1,74.9,77.7,81.6,84.7,87.0,89.0,90.0,90.1,89.3,87.5,84.7,81.2,76.8,72.2,67.8,64.1,62.3,63.6,65.4,67.4,69.7,72.3,74.6,76.6,78.9,81.1,84.5,87.9,90.4,92.2,92.7,92.7,91.8,89.6,86.6,82.5,77.2,72.1,67.4,63.5,62.5,63.5,64.9,66.3,68.1,70.5,72.8,74.9,77.0,79.0,81.7,85.4,88.1,90.2,91.1,90.8,89.6,87.5,84.1,79.7,74.3,69.0,64.2,60.5,60.4,61.3,62.6,64.1,65.7,67.8,70.0,72.5,74.4,76.5,78.9,82.2,84.7,85.8,86.1,85.6,84.1,81.2,77.2,72.1,66.5,60.8,55.6,52.2,52.6,53.5,54.4,55.2
67.2,69.9,72.7,75.3,78.1,81.9,85.0,87.3,89.2,90.2,90.3,89.5,87.6,84.8,81.2,77.0,72.3,68.0,64.1,62.4,63.8,65.6,67.4,69.8,72.4,74.8,76.8,78.9,81.2,84.7,88.0,90.4,92.1,92.8,92.8,91.7,89.6,86.5,82.2,76.9,71.7,67.0,63.2,62.2,63.4,64.6,66.1,68.1,70.4,72.7,74.8,76.9,78.9,81.8,85.6,88.4,90.3,91.2,90.9,89.6,87.4,84.0,79.6,74.0,68.8,63.9,60.1,60.1,61.0,62.4,63.8,65.4,67.4,69.8,72.0,74.0,76.3,78.6,81.8,84.3,85.5,85.7,85.1,83.5,80.6,76.7,71.5,66.1,60.3,55.1,51.8,52.2,53.0,53.9
