day 0,day 1,day 2,day 3,day 4,day 5,day 6,day 7,day 8,day 9,day 10,day 11,day 12,day 13,day 14,day 15,day 16,day 17,day 18,day 19,day 20,day 21,day 22,day 23,day 24,day 25,day 26,day 27,day 28,day 29,day 30,day 31,day 32,day 33,day 34,day 35,day 36,day 37,day 38,day 39,day 40,day 41,day 42,day 43,day 44,day 45,day 46,day 47,day 48,day 49,day 50,day 51,day 52,day 53,day 54,day 55,day 56,day 57,day 58,day 59,day 60,day 61,day 62,day 63,day 64,day 65,day 66,day 67,day 68,day 69,day 70,day 71,day 72,day 73,day 74,day 75,day 76,day 77,day 78,day 79,day 80,day 81,day 82,day 83,day 84,day 85,day 86,day 87,day 88,day 89,day 90
70.5,70.5,70.8,70.9,71.2,72.2,74.8,79.4,81.8,83.0,83.8,83.7,82.8,81.5,79.2,76.2,71.8,66.8,63.4,63.3,63.0,62.8,62.5,62.4,62.3,62.3,62.5,62.7,63.4,64.5,66.1,70.7,73.6,75.1,75.4,75.1,74.0,72.7,70.3,66.5,61.6,56.3,53.9,53.6,53.2,53.4,53.4,53.6,53.9,54.0,54.5,54.8,55.5,56.1,57.6,61.5,66.1,67.9,68.4,68.5,67.1,65.2,62.6,58.6,54.0,48.7,48.1,48.4,49.1,49.6,49.9,50.0,50.1,50.4,51.0,51.4,52.2,53.3,55.3,58.2,61.6,63.3,63.6,63.0,62.0,60.3,57.8,54.8,51.6,49.4,49.8
70.1,70.1,70.1,70.3,70.4,70.8,72.0,74.6,79.2,81.6,82.9,83.6,83.5,82.5,81.2,79.1,76.2,71.6,66.5,63.2,63.0,62.4,62.2,62.0,61.8,61.6,61.6,61.9,62.4,63.1,64.1,65.6,70.1,73.3,74.8,75.1,74.9,73.8,72.5,70.1,66.3,61.3,56.0,53.3,53.1,53.1,52.9,53.2,53.5,53.6,53.7,54.1,54.5,54.9,55.5,57.2,61.2,66.0,67.8,68.3,68.0,66.8,65.2,62.8,58.9,53.8,48.7,48.2,48.8,49.3,49.7,49.7,49.6,50.0,50.4,50.5,51.3,52.3,53.6,55.0,58.1,61.7,63.1,63.4,62.9,61.9,60.3,58.1,55.1,51.9,49.6
69.5,69.6,69.6,69.6,69.9,70.0,70.6,71.9,74.4,79.0,81.5,82.7,83.5,83.3,82.2,81.1,79.2,75.9,71.3,66.2,62.8,62.4,61.8,61.7,61.4,61.2,61.0,61.1,61.5,62.2,62.6,63.5,64.9,69.7,73.0,74.5,74.8,74.6,73.6,72.3,69.9,65.9,61.0,55.4,52.8,52.9,52.7,52.6,53.1,53.1,53.3,53.3,53.7,53.9,54.3,55.1,56.9,61.0,65.9,67.7,67.9,67.7,66.8,65.4,63.0,58.7,53.7,48.7,48.6,48.9,49.3,49.4,49.3,49.5,49.9,49.8,50.5,51.4,52.6,53.3,55.0,58.3,61.5,62.9,63.2,62.8,61.9,60.7,58.4,55.2,52.1
69.2,69.1,69.2,69.1,69.2,69.4,69.8,70.5,71.6,74.1,78.8,81.3,82.5,83.3,83.0,82.1,81.2,79.0,75.8,71.0,65.7,62.3,61.8,61.4,61.1,60.7,60.5,60.5,60.8,61.3,61.7,62.1,62.9,64.5,69.4,72.6,74.1,74.6,74.4,73.4,72.1,69.5,65.7,60.5,54.9,52.7,52.4,52.4,52.5,52.7,52.9,52.9,53.1,53.2,53.3,53.9,54.9,56.7,60.9,65.7,67.3,67.7,67.7,67.0,65.5,62.7,58.6,53.6,49.0,48.7,48.9,49.1,49.1,49.2,49.5,49.3,49.8,50.7,51.7,52.3,53.3,55.3,58.2,61.3,62.7,63.1,62.8,62.3,61.0,58.4,55.2
69.1,68.8,68.7,68.7,68.7,68.8,69.2,69.6,70.1,71.2,73.9,78.5,81.1,82.3,83.2,82.9,82.1,80.9,78.9,75.4,70.5,65.2,61.6,61.3,60.8,60.4,60.1,60.0,60.2,60.5,60.9,61.2,61.6,62.5,64.1,68.9,72.3,73.9,74.3,74.2,73.2,71.7,69.3,65.2,60.1,54.8,52.2,52.1,52.2,52.2,52.5,52.5,52.6,52.6,52.6,53.0,53.6,54.7,56.5,60.9,65.3,67.1,67.6,67.9,67.1,65.2,62.6,58.5,53.8,49.0,48.7,48.7,48.7,49.0,49.2,48.9,49.3,50.0,51.0,51.4,52.3,53.5,55.2,57.9,61.2,62.7,63.2,63.1,62.6,60.9,58.4
68.9,68.6,68.4,68.2,68.2,68.2,68.6,68.9,69.3,69.8,71.0,73.7,78.4,80.9,82.2,83.1,82.9,82.0,80.7,78.5,75.0,70.0,64.5,61.2,60.7,60.2,59.8,59.6,59.7,59.9,60.0,60.3,60.7,61.2,62.0,63.7,68.5,72.0,73.6,74.1,74.1,72.8,71.6,68.8,64.9,59.8,54.2,51.9,51.9,51.8,51.8,52.1,52.1,52.0,52.0,52.2,52.6,53.5,54.5,56.6,60.5,65.2,67.0,67.9,68.0,66.7,65.1,62.6,58.6,53.8,49.0,48.5,48.2,48.6,48.9,48.6,48.9,49.5,50.4,50.8,51.5,52.6,53.5,54.8,57.8,61.2,62.7,63.5,63.4,62.5,60.8
68.9,68.5,68.2,67.9,67.7,67.8,68.0,68.3,68.6,68.9,69.6,71.0,73.5,78.1,80.9,82.1,83.0,82.6,81.8,80.4,78.1,74.5,69.4,64.0,60.6,60.1,59.5,59.3,59.3,59.3,59.5,59.5,59.7,60.2,60.7,61.6,63.4,68.2,71.8,73.4,74.0,73.7,72.6,71.1,68.7,64.5,59.2,53.8,51.6,51.5,51.5,51.5,51.8,51.6,51.4,51.6,51.9,52.4,53.2,54.6,56.3,60.4,65.1,67.3,67.9,67.7,66.7,65.1,62.6,58.4,53.5,48.7,48.0,48.2,48.5,48.3,48.6,49.0,49.8,50.2,50.9,51.7,52.5,53.0,54.6,57.8,61.2,63.0,63.8,63.4,62.5
72.1,68.4,68.1,67.7,67.4,67.3,67.5,67.7,68.0,68.2,68.7,69.5,70.8,73.2,78.0,80.7,82.0,82.8,82.4,81.5,80.1,77.7,74.0,68.9,63.3,59.9,59.5,59.0,58.9,58.8,58.9,58.9,58.9,59.3,59.8,60.3,61.3,63.2,68.0,71.5,73.2,73.6,73.5,72.3,70.9,68.4,63.9,58.7,53.4,51.3,51.2,51.2,51.2,51.2,51.0,50.9,51.3,51.7,52.2,53.4,54.4,56.1,60.3,65.4,67.3,67.6,67.5,66.6,65.2,62.3,58.0,53.1,48.2,47.9,48.0,48.0,48.3,48.7,49.4,49.6,50.3,51.2,51.6,52.0,53.0,54.8,58.0,61.5,63.2,63.7,63.4
76.5,71.7,68.0,67.6,67.2,67.0,67.0,67.2,67.5,67.7,68.0,68.6,69.3,70.4,72.9,77.8,80.6,81.8,82.5,82.1,81.1,79.7,77.2,73.6,68.2,62.6,59.2,59.0,58.8,58.5,58.4,58.3,58.3,58.5,58.9,59.4,60.1,61.1,63.0,67.7,71.4,72.9,73.4,73.1,72.3,70.6,67.8,63.5,58.3,53.1,50.9,50.8,50.8,50.6,50.7,50.6,50.7,51.1,51.5,52.4,53.1,54.3,56.0,60.6,65.4,67.0,67.5,67.4,66.6,64.9,61.8,57.5,52.7,48.1,47.8,47.5,48.0,48.4,49.0,49.1,49.8,50.7,51.1,51.1,52.0,53.1,54.9,58.3,61.7,63.2,63.7
80.1,76.0,71.3,67.4,67.0,66.8,66.7,66.8,67.0,67.1,67.5,67.8,68.3,69.0,70.1,72.6,77.6,80.3,81.5,82.2,81.8,80.8,79.3,76.8,73.0,67.6,62.0,58.8,58.8,58.3,58.0,57.8,57.7,57.9,58.0,58.5,59.2,59.9,60.9,62.8,67.6,71.1,72.6,73.1,73.0,72.0,70.1,67.4,62.9,57.9,52.5,50.6,50.4,50.2,50.1,50.3,50.3,50.5,51.0,51.7,52.1,53.0,54.2,56.2,60.6,65.1,66.9,67.5,67.4,66.3,64.4,61.3,57.0,52.4,47.8,47.3,47.6,48.2,48.5,48.7,49.3,50.1,50.6,50.6,51.1,52.2,53.3,55.3,58.5,61.7,63.2
82.6,79.9,75.5,70.7,66.9,66.7,66.5,66.5,66.5,66.6,66.9,67.3,67.6,68.0,68.7,69.9,72.6,77.3,80.1,81.3,81.9,81.4,80.4,78.9,76.2,72.4,66.9,61.4,58.6,58.2,57.8,57.5,57.3,57.3,57.4,57.7,58.2,59.0,59.8,60.7,62.7,67.2,70.8,72.2,73.0,72.7,71.5,69.6,66.8,62.5,57.4,52.1,50.2,49.8,49.7,49.7,50.1,50.2,50.3,51.2,51.3,51.9,53.0,54.4,56.3,60.4,65.0,66.8,67.4,67.1,65.9,63.8,60.7,56.8,52.0,47.4,47.5,47.8,48.3,48.3,49.0,49.6,50.1,50.1,50.6,51.3,52.4,53.6,55.6,58.6,61.7
84.2,82.4,79.4,75.0,70.3,66.5,66.4,66.3,66.2,66.1,66.3,66.7,67.0,67.2,67.6,68.4,69.8,72.3,77.0,79.8,80.9,81.4,81.1,80.0,78.3,75.6,71.6,66.3,61.1,58.0,57.8,57.3,56.9,56.9,56.8,57.1,57.3,58.0,58.8,59.5,60.5,62.3,66.7,70.5,72.1,72.6,72.2,71.0,69.1,66.5,62.1,57.0,51.6,49.7,49.3,49.3,49.5,49.9,50.0,50.5,50.8,51.1,51.9,53.2,54.6,56.1,60.2,64.9,66.8,67.2,66.7,65.2,63.3,60.4,56.3,51.5,47.5,47.7,47.9,48.1,48.6,49.3,49.6,49.6,50.2,50.8,51.6,52.8,54.0,55.7,58.7
85.0,84.0,81.9,79.0,74.6,69.9,66.3,66.1,66.0,65.8,65.9,66.2,66.4,66.7,66.8,67.4,68.3,69.7,72.0,76.7,79.5,80.5,81.1,80.7,79.4,77.7,74.9,71.0,66.0,60.4,57.5,57.2,56.7,56.6,56.4,56.5,56.8,57.1,57.9,58.5,59.4,60.3,62.0,66.3,70.3,71.8,72.1,71.7,70.5,68.8,66.1,61.6,56.4,51.0,49.1,48.9,49.2,49.3,49.8,50.2,50.1,50.7,51.1,52.1,53.3,54.4,56.0,60.2,64.9,66.5,66.8,66.1,64.7,63.0,59.9,55.8,51.5,47.7,47.7,47.7,48.4,49.0,49.2,49.1,49.6,50.4,51.1,52.0,53.1,54.3,55.8
85.5,84.8,83.6,81.5,78.6,74.3,69.6,65.9,65.8,65.6,65.6,65.7,65.9,66.1,66.3,66.6,67.3,68.2,69.4,71.7,76.3,79.0,80.2,80.7,80.1,78.8,77.0,74.4,70.7,65.4,59.9,56.9,56.6,56.4,56.1,56.1,56.2,56.6,57.0,57.7,58.4,59.1,59.8,61.5,66.0,69.9,71.3,71.6,71.2,70.2,68.5,65.6,61.1,55.9,50.3,48.7,48.9,49.0,49.3,49.8,49.8,50.0,50.6,51.3,52.2,53.2,54.3,56.3,60.3,64.7,66.1,66.3,65.6,64.4,62.5,59.4,55.7,51.6,47.8,47.5,48.0,48.7,48.9,48.7,49.2,49.9,50.7,51.6,52.5,53.4,54.4
84.9,85.3,84.4,83.2,81.1,78.3,74.1,69.3,65.7,65.5,65.3,65.4,65.5,65.6,65.7,66.1,66.5,67.2,67.9,69.2,71.2,75.7,78.6,79.8,80.0,79.5,78.1,76.5,74.0,70.0,64.8,59.2,56.3,56.2,55.9,55.7,55.8,56.0,56.5,56.9,57.6,58.2,58.7,59.3,61.3,65.6,69.5,70.8,71.1,70.9,69.9,68.0,65.0,60.5,55.3,49.9,48.7,48.6,48.9,49.3,49.4,49.7,50.0,50.7,51.3,52.1,53.2,54.6,56.5,60.2,64.3,65.6,65.8,65.2,63.9,62.0,59.3,55.7,51.4,47.5,47.8,48.4,48.6,48.4,48.8,49.4,50.2,51.3,52.1,52.8,53.5
84.4,84.8,84.9,84.0,83.0,80.9,78.2,73.8,69.0,65.3,65.2,65.1,65.2,65.3,65.2,65.5,65.9,66.4,67.0,67.6,68.7,70.6,75.2,78.2,79.2,79.4,78.9,77.6,76.1,73.4,69.5,64.1,58.7,55.9,55.7,55.4,55.4,55.6,55.9,56.4,56.8,57.4,57.8,58.1,59.0,60.9,65.0,68.9,70.3,70.9,70.6,69.4,67.4,64.5,60.0,54.9,49.8,48.4,48.5,48.9,49.0,49.4,49.7,50.1,50.7,51.2,52.1,53.4,54.7,56.5,59.9,63.8,65.2,65.5,64.7,63.4,61.9,59.2,55.4,51.0,47.8,48.2,48.3,48.1,48.6,49.1,49.8,50.7,51.9,52.4,52.9
83.2,84.2,84.6,84.6,83.8,82.7,80.8,77.9,73.5,68.7,65.1,65.0,64.8,65.0,64.9,65.0,65.4,65.8,66.1,66.6,67.2,68.1,70.0,74.8,77.6,78.6,78.7,78.4,77.1,75.5,72.7,68.7,63.7,58.3,55.4,55.3,55.2,55.2,55.4,55.9,56.4,56.5,57.0,57.2,57.9,58.6,60.5,64.5,68.5,70.0,70.5,70.2,68.8,66.9,64.0,59.7,54.7,49.4,48.4,48.5,48.5,49.0,49.4,49.8,50.1,50.6,51.2,52.4,53.7,54.8,56.4,59.5,63.5,64.9,65.0,64.3,63.4,61.9,58.8,54.9,51.1,48.1,48.0,47.9,48.4,48.8,49.4,50.3,51.2,52.2,52.6
80.9,83.0,83.9,84.3,84.4,83.6,82.7,80.6,77.6,73.2,68.4,64.9,64.7,64.6,64.6,64.6,64.9,65.2,65.6,65.8,66.1,66.6,67.5,69.5,74.0,76.9,78.0,78.2,77.9,76.5,74.9,72.1,68.4,63.3,57.8,55.0,55.1,55.0,55.0,55.4,55.8,56.0,56.1,56.4,56.9,57.5,58.2,60.2,64.0,68.2,69.7,70.1,69.7,68.4,66.5,63.8,59.5,54.4,49.4,48.3,48.1,48.5,49.1,49.5,49.8,49.9,50.6,51.5,52.7,53.8,54.7,56.0,59.3,63.2,64.4,64.6,64.2,63.3,61.4,58.4,54.9,51.2,47.9,47.7,48.2,48.7,49.2,49.9,50.8,51.5,52.4
76.7,80.6,82.6,83.6,84.2,84.2,83.6,82.6,80.3,77.3,73.0,68.2,64.6,64.5,64.2,64.4,64.5,64.7,64.9,65.1,65.3,65.5,66.0,67.1,68.8,73.4,76.2,77.6,77.8,77.4,75.9,74.3,71.8,67.9,62.8,57.4,54.7,54.9,54.7,54.9,55.3,55.5,55.6,55.5,56.1,56.5,57.1,57.9,59.8,63.7,67.9,69.4,69.7,69.3,68.0,66.3,63.6,59.1,54.3,49.1,47.9,48.2,48.6,49.1,49.4,49.6,50.0,50.8,51.8,52.8,53.5,54.3,55.9,59.1,62.7,64.1,64.5,64.1,62.9,61.0,58.4,54.8,51.0,47.5,48.0,48.5,49.0,49.7,50.4,50.9,51.8
74.0,76.3,80.2,82.3,83.5,84.0,84.2,83.5,82.4,80.1,77.2,72.7,67.8,64.3,64.1,64.0,64.3,64.3,64.5,64.5,64.6,64.7,65.0,65.7,66.5,68.1,72.8,75.8,77.1,77.2,76.8,75.3,73.9,71.3,67.6,62.5,57.1,54.5,54.6,54.7,54.9,55.0,55.0,55.0,55.2,55.7,56.1,56.8,57.6,59.5,63.3,67.5,68.9,69.2,69.0,67.9,66.1,63.3,59.1,54.0,48.6,47.9,48.2,48.7,49.1,49.3,49.6,50.3,51.1,51.9,52.6,53.3,54.2,55.7,58.7,62.4,63.9,64.4,63.7,62.6,61.1,58.2,54.5,50.6,47.8,48.3,48.8,49.5,50.2,50.6,51.2
72.5,73.5,75.9,79.9,82.1,83.3,84.0,84.1,83.3,82.2,80.0,77.0,72.4,67.6,64.0,63.9,64.0,64.0,64.0,64.1,64.0,64.0,64.2,64.6,65.0,65.8,67.4,72.3,75.4,76.5,76.6,76.2,75.0,73.5,70.9,67.3,62.2,56.8,54.3,54.7,54.6,54.5,54.5,54.5,54.8,54.8,55.3,55.9,56.5,57.3,59.1,62.9,67.1,68.5,68.9,68.8,67.7,65.9,63.3,58.7,53.6,48.6,48.1,48.5,48.7,49.0,49.4,50.0,50.6,51.1,51.6,52.3,53.1,54.0,55.2,58.4,62.3,63.8,64.0,63.5,62.7,60.8,57.9,54.2,50.8,48.1,48.6,49.3,50.0,50.4,50.9
71.8,72.1,73.1,75.4,79.6,82.0,83.3,84.0,84.0,83.2,82.1,79.8,76.7,72.2,67.2,63.8,63.9,63.6,63.7,63.6,63.6,63.4,63.5,63.8,64.0,64.4,65.2,66.9,71.9,74.7,75.9,76.1,75.9,74.6,73.2,70.7,66.9,61.9,56.6,54.3,54.5,54.3,54.0,54.1,54.3,54.4,54.5,55.2,55.6,56.2,57.0,58.7,62.4,66.7,68.2,68.7,68.6,67.5,65.9,62.9,58.4,53.6,48.8,48.2,48.4,48.6,49.0,49.7,50.2,50.6,50.9,51.3,52.1,53.0,53.6,55.0,58.4,62.3,63.4,63.8,63.6,62.5,60.5,57.7,54.4,51.0,48.5,49.1,49.8,50.2,50.7
71.2,71.4,71.7,72.6,75.0,79.5,82.0,83.2,83.9,83.9,83.1,81.8,79.5,76.3,71.9,67.1,63.8,63.6,63.4,63.3,63.1,63.0,62.9,62.9,63.1,63.3,63.8,64.8,66.6,71.3,74.2,75.4,75.7,75.5,74.2,72.9,70.5,66.7,61.7,56.6,54.2,54.2,53.8,53.5,53.9,53.9,54.0,54.3,54.8,55.2,55.8,56.6,58.2,61.9,66.4,68.0,68.5,68.5,67.5,65.5,62.6,58.4,53.8,48.9,48.2,48.3,48.8,49.4,49.9,50.3,50.4,50.6,51.2,52.0,52.4,53.3,55.1,58.6,61.8,63.2,63.9,63.3,62.2,60.4,57.7,54.5,51.3,48.9,49.6,49.9,50.5
70.5,70.8,70.9,71.2,72.2,74.8,79.4,81.8,83.0,83.8,83.7,82.8,81.5,79.2,76.2,71.8,66.8,63.4,63.3,63.0,62.8,62.5,62.4,62.3,62.3,62.5,62.7,63.4,64.5,66.1,70.7,73.6,75.1,75.4,75.1,74.0,72.7,70.3,66.5,61.6,56.3,53.9,53.6,53.2,53.4,53.4,53.6,53.9,54.0,54.5,54.8,55.5,56.1,57.6,61.5,66.1,67.9,68.4,68.5,67.1,65.2,62.6,58.6,54.0,48.7,48.1,48.4,49.1,49.6,49.9,50.0,50.1,50.4,51.0,51.4,52.2,53.3,55.3,58.2,61.6,63.3,63.6,63.0,62.0,60.3,57.8,54.8,51.6,49.4,49.8,50.2
70.1,70.1,70.3,70.4,70.8,72.0,74.6,79.2,81.6,82.9,83.6,83.5,82.5,81.2,79.1,76.2,71.6,66.5,63.2,63.0,62.4,62.2,62.0,61.8,61.6,61.6,61.9,62.4,63.1,64.1,65.6,70.1,73.3,74.8,75.1,74.9,73.8,72.5,70.1,66.3,61.3,56.0,53.3,53.1,53.1,52.9,53.2,53.5,53.6,53.7,54.1,54.5,54.9,55.5,57.2,61.2,66.0,67.8,68.3,68.0,66.8,65.2,62.8,58.9,53.8,48.7,48.2,48.8,49.3,49.7,49.7,49.6,50.0,50.4,50.5,51.3,52.3,53.6,55.0,58.1,61.7,63.1,63.4,62.9,61.9,60.3,58.1,55.1,51.9,49.6,50.0
