day 0,day 1,day 2,day 3,day 4,day 5,day 6,day 7,day 8,day 9,day 10,day 11,day 12,day 13,day 14,day 15,day 16,day 17,day 18,day 19,day 20,day 21,day 22,day 23,day 24,day 25,day 26,day 27,day 28,day 29,day 30,day 31,day 32,day 33,day 34,day 35,day 36,day 37,day 38,day 39,day 40,day 41,day 42,day 43,day 44,day 45,day 46,day 47,day 48,day 49,day 50,day 51,day 52,day 53,day 54,day 55,day 56,day 57,day 58,day 59,day 60,day 61,day 62,day 63,day 64,day 65,day 66,day 67,day 68,day 69,day 70,day 71,day 72,day 73,day 74,day 75,day 76,day 77,day 78,day 79,day 80,day 81,day 82,day 83,day 84,day 85,day 86,day 87,day 88,day 89,day 90,day 91,day 92,day 93
74.5,76.9,79.3,82.2,85.6,88.9,90.8,91.8,92.6,92.9,93.2,92.8,91.3,88.8,85.5,81.7,77.4,73.2,69.4,69.8,70.5,71.4,72.3,73.0,73.9,74.8,75.6,76.8,78.2,80.7,82.9,84.4,85.3,86.9,87.5,87.7,86.8,84.9,82.1,78.7,74.9,71.3,68.3,68.5,69.2,69.8,70.6,71.3,72.2,73.2,74.2,75.6,77.6,81.1,84.1,85.9,86.9,88.3,89.2,89.3,87.8,85.3,82.1,78.2,73.5,68.8,66.2,66.7,67.4,68.1,68.7,69.5,70.6,71.6,72.8,74.1,75.4,78.0,81.7,83.8,84.9,86.3,87.2,86.7,85.5,83.5,79.8,75.3,69.8,64.2,62.0,62.4,63.1,63.9
73.0,74.8,76.9,79.4,82.2,85.2,88.4,90.3,91.4,92.0,92.4,92.8,92.4,90.9,88.6,85.3,81.5,77.3,73.2,69.5,69.8,70.5,71.4,72.2,72.9,73.9,74.6,75.6,76.5,78.1,80.6,82.8,84.0,85.2,86.7,87.6,87.6,86.8,84.9,82.1,78.6,74.8,71.2,68.1,68.4,69.1,69.7,70.5,71.3,72.2,73.2,74.3,75.7,77.6,81.1,84.1,85.4,86.7,88.1,89.1,89.2,87.9,85.4,82.2,78.1,73.5,68.7,66.1,66.6,67.2,67.8,68.4,69.5,70.6,71.6,72.7,73.8,75.1,77.8,81.3,83.6,85.1,86.2,86.9,86.5,85.5,83.3,79.7,75.1,69.7,63.8,61.6,62.2,63.0
71.6,73.3,74.9,77.2,79.5,82.0,84.8,87.8,89.8,90.8,91.5,91.9,92.4,92.0,90.6,88.4,85.1,81.4,77.1,73.1,69.4,69.8,70.5,71.3,72.1,72.8,73.7,74.6,75.4,76.4,78.1,80.6,82.5,83.9,85.1,86.8,87.5,87.7,86.9,84.9,82.1,78.5,74.8,70.9,68.0,68.4,69.1,69.7,70.5,71.3,72.3,73.2,74.4,75.8,77.6,80.9,83.7,85.2,86.6,88.0,88.9,89.2,87.9,85.5,82.1,78.1,73.5,68.6,66.0,66.5,66.9,67.5,68.3,69.4,70.5,71.5,72.5,73.6,74.9,77.4,81.1,83.7,85.1,86.0,86.7,86.7,85.4,83.2,79.6,75.1,69.5,63.4,61.4,62.1
70.1,71.9,73.5,75.2,77.3,79.4,81.8,84.3,87.2,89.2,90.3,90.9,91.4,92.1,91.6,90.4,88.1,85.0,81.2,77.0,73.1,69.5,69.7,70.4,71.2,72.1,72.7,73.7,74.4,75.3,76.4,78.0,80.4,82.4,83.7,85.3,86.8,87.5,87.8,87.0,84.9,82.1,78.5,74.6,70.8,67.9,68.3,69.0,69.7,70.6,71.3,72.2,73.1,74.4,75.8,77.6,80.7,83.4,85.0,86.6,87.9,88.8,89.2,88.0,85.5,82.1,78.1,73.4,68.4,65.8,66.2,66.7,67.5,68.3,69.4,70.5,71.3,72.3,73.4,74.7,77.2,81.2,83.6,84.8,85.8,86.9,86.5,85.3,83.1,79.7,75.0,69.3,63.2,61.3
68.6,70.4,72.1,73.8,75.3,77.1,79.2,81.5,83.9,86.7,88.8,89.6,90.5,91.1,91.7,91.4,90.1,87.9,84.7,81.0,77.0,73.1,69.4,69.6,70.3,71.2,71.9,72.6,73.5,74.3,75.3,76.3,77.9,80.2,82.2,83.9,85.5,86.6,87.8,87.9,87.0,84.9,82.1,78.2,74.5,70.7,67.9,68.2,69.0,69.7,70.5,71.3,72.2,73.2,74.4,75.8,77.4,80.4,83.1,84.9,86.7,87.8,88.9,89.3,88.0,85.6,82.2,78.0,73.2,68.2,65.5,66.0,66.6,67.4,68.2,69.4,70.3,71.1,72.0,73.1,74.5,77.1,81.1,83.4,84.7,86.0,86.6,86.4,85.2,83.1,79.6,74.8,69.2,63.1
67.0,69.0,70.6,72.4,74.0,75.3,77.1,79.1,81.1,83.5,86.3,88.1,89.2,90.2,90.7,91.3,91.2,90.0,87.7,84.5,80.9,77.0,73.0,69.3,69.6,70.4,71.1,71.9,72.6,73.4,74.3,75.1,76.1,77.8,80.1,82.3,84.2,85.3,86.9,87.8,87.9,87.1,84.9,81.9,78.2,74.4,70.6,67.8,68.2,68.9,69.7,70.5,71.2,72.2,73.1,74.4,75.7,77.3,80.1,82.9,85.0,86.6,87.8,88.9,89.3,88.0,85.7,82.2,77.9,73.1,68.0,65.3,65.9,66.6,67.4,68.2,69.1,70.0,70.8,71.8,73.1,74.5,77.0,80.9,83.4,85.1,85.9,86.6,86.4,85.3,83.1,79.6,74.8,69.1
66.9,67.5,69.2,71.0,72.6,74.1,75.3,77.1,78.9,80.8,83.1,85.6,87.7,89.0,89.7,90.2,91.2,91.0,89.8,87.5,84.4,80.9,76.8,72.9,69.3,69.6,70.3,71.0,71.8,72.4,73.3,74.2,75.0,76.0,77.6,80.2,82.5,84.2,85.5,86.9,88.0,88.1,87.3,84.9,81.8,78.1,74.4,70.5,67.7,68.1,68.9,69.6,70.5,71.3,72.2,73.1,74.3,75.6,77.0,79.9,83.0,85.1,86.7,87.9,88.9,89.2,88.0,85.7,82.0,77.7,72.9,67.7,65.2,65.9,66.6,67.4,67.9,68.8,69.8,70.6,71.7,73.0,74.4,76.7,80.9,83.6,85.1,85.8,86.7,86.5,85.3,83.1,79.6,74.8
73.2,67.4,67.8,69.6,71.2,72.8,74.2,75.4,77.0,78.7,80.5,82.6,85.3,87.4,88.4,89.1,89.8,90.9,90.7,89.5,87.3,84.4,80.8,76.7,72.8,69.3,69.6,70.3,71.0,71.7,72.3,73.2,74.1,75.0,75.8,77.8,80.2,82.7,84.3,85.5,87.2,88.4,88.2,87.1,84.8,81.8,78.2,74.3,70.5,67.6,68.1,68.7,69.5,70.4,71.2,72.1,73.1,74.3,75.4,76.8,79.9,83.0,85.2,86.7,88.0,88.9,89.2,88.1,85.5,81.9,77.6,72.7,67.6,65.2,65.9,66.5,67.1,67.7,68.6,69.6,70.5,71.6,72.9,74.1,76.7,81.0,83.6,85.0,86.1,86.7,86.5,85.4,83.1,79.6
79.1,73.5,67.6,68.2,69.9,71.4,72.9,74.2,75.4,76.9,78.5,80.0,82.3,85.1,86.9,88.0,88.8,89.6,90.5,90.4,89.4,87.3,84.3,80.7,76.6,72.7,69.3,69.6,70.3,70.9,71.6,72.2,73.0,74.0,74.8,75.9,77.8,80.4,82.8,84.4,85.8,87.5,88.5,88.1,87.1,84.7,81.9,78.3,74.4,70.4,67.6,68.0,68.6,69.5,70.4,71.2,72.1,73.1,74.1,75.2,76.8,79.9,83.1,85.2,86.9,87.9,88.9,89.2,88.0,85.4,81.9,77.5,72.6,67.5,65.2,65.8,66.3,66.9,67.5,68.4,69.4,70.3,71.5,72.6,74.0,76.8,81.1,83.5,85.1,86.2,86.9,86.5,85.4,83.1
84.5,79.2,73.6,68.0,68.6,70.1,71.6,73.0,74.2,75.3,76.7,78.1,79.8,82.1,84.5,86.5,87.7,88.5,89.4,90.1,90.2,89.3,87.2,84.1,80.6,76.4,72.6,69.2,69.5,70.2,70.9,71.5,72.2,73.0,73.8,74.8,75.9,77.8,80.6,82.8,84.9,86.2,87.5,88.7,88.1,87.0,84.8,82.0,78.4,74.4,70.3,67.5,67.9,68.6,69.5,70.4,71.1,72.0,72.9,73.9,75.3,76.8,79.9,83.1,85.4,86.7,87.9,89.0,89.0,87.9,85.3,81.9,77.5,72.4,67.5,65.1,65.6,66.1,66.7,67.3,68.2,69.2,70.3,71.2,72.5,74.0,76.9,81.0,83.6,85.3,86.4,86.9,86.6,85.4
88.5,84.5,79.3,73.8,68.3,69.0,70.4,71.7,73.1,74.1,75.1,76.4,78.0,79.7,81.7,84.0,86.1,87.4,88.2,89.2,90.0,90.2,89.1,87.0,83.9,80.3,76.2,72.6,69.2,69.4,70.1,70.8,71.4,72.1,72.7,73.8,74.7,75.9,77.9,80.6,83.3,85.2,86.2,87.6,88.7,88.1,87.1,85.0,82.1,78.4,74.3,70.1,67.3,67.9,68.5,69.5,70.4,71.1,71.9,72.7,73.9,75.2,76.8,79.9,83.3,85.3,86.6,87.8,88.9,88.7,87.7,85.4,81.9,77.3,72.3,67.4,64.8,65.3,65.9,66.5,67.1,68.1,69.1,70.0,71.1,72.5,74.0,76.7,81.1,83.8,85.5,86.5,87.0,86.7
91.8,88.5,84.5,79.3,73.9,68.6,69.3,70.6,71.8,73.0,74.0,74.9,76.3,78.0,79.3,81.2,83.6,85.9,87.1,87.9,89.0,89.9,90.0,89.0,86.8,83.6,80.2,76.3,72.5,69.1,69.4,70.1,70.7,71.3,71.9,72.8,73.8,74.7,75.9,77.7,80.8,83.6,85.3,86.4,87.5,88.6,88.2,87.3,85.1,82.2,78.4,74.2,70.0,67.3,67.9,68.5,69.4,70.4,71.0,71.7,72.7,73.8,75.2,76.8,80.0,83.1,85.2,86.6,87.9,88.5,88.6,87.7,85.5,81.6,77.1,72.2,67.1,64.6,65.1,65.7,66.2,66.9,67.9,68.9,69.9,71.1,72.5,73.9,76.8,81.2,84.0,85.6,86.7,86.9
93.9,91.8,88.6,84.4,79.2,73.9,68.8,69.5,70.7,71.8,72.9,73.9,74.8,76.4,77.8,79.0,80.7,83.5,85.5,86.7,87.7,88.9,89.6,89.8,88.8,86.5,83.4,80.2,76.1,72.4,69.0,69.4,70.0,70.6,71.1,71.8,72.7,73.7,74.8,75.7,77.9,81.0,83.7,85.4,86.1,87.5,88.7,88.4,87.4,85.2,82.2,78.4,74.1,69.9,67.3,67.8,68.5,69.4,70.2,70.8,71.7,72.6,73.8,75.1,76.9,79.9,82.9,85.1,86.6,87.4,88.4,88.6,87.7,85.2,81.5,77.1,71.9,66.8,64.4,65.0,65.4,66.1,66.8,67.7,68.6,69.9,71.1,72.3,73.9,76.8,81.4,84.2,85.8,86.5
95.4,93.9,91.8,88.4,84.2,79.0,74.0,69.1,69.7,70.7,71.7,72.8,73.8,75.0,76.1,77.4,78.6,80.6,83.2,85.2,86.5,87.6,88.5,89.4,89.5,88.4,86.3,83.4,80.0,75.9,72.3,69.0,69.3,70.0,70.4,71.1,71.8,72.8,73.8,74.6,75.8,77.9,81.1,83.8,85.1,86.1,87.6,89.0,88.5,87.5,85.2,82.1,78.3,74.1,69.9,67.2,67.8,68.5,69.3,70.0,70.8,71.5,72.6,73.7,75.1,76.8,79.6,82.7,85.0,86.1,87.4,88.5,88.4,87.5,85.1,81.4,76.8,71.7,66.6,64.2,64.8,65.3,65.8,66.5,67.5,68.5,69.9,70.9,72.3,73.8,76.9,81.6,84.3,85.6
95.8,95.4,94.0,91.7,88.2,83.8,78.9,74.0,69.3,69.8,70.6,71.6,72.8,74.0,74.8,75.9,77.2,78.6,80.3,82.9,84.9,86.4,87.2,88.4,89.1,89.1,88.2,86.2,83.2,79.8,75.8,72.1,68.9,69.3,69.8,70.4,71.1,71.8,72.8,73.6,74.5,75.8,77.9,81.1,83.4,85.1,86.4,88.0,89.1,88.7,87.6,85.2,82.2,78.3,74.1,69.8,67.2,67.8,68.4,69.2,70.0,70.6,71.5,72.4,73.7,75.1,76.6,79.4,82.7,84.7,86.3,87.5,88.4,88.2,87.2,84.9,81.1,76.5,71.4,66.4,63.9,64.6,65.0,65.4,66.2,67.4,68.5,69.7,70.9,72.2,73.8,76.9,81.6,84.2
95.9,95.7,95.4,93.9,91.3,87.7,83.6,78.7,74.0,69.3,69.8,70.6,71.6,72.9,73.9,74.6,75.6,77.1,78.3,80.0,82.6,84.6,86.0,87.0,88.0,88.6,88.9,88.1,86.1,83.1,79.6,75.6,72.0,69.0,69.2,69.8,70.4,71.1,71.9,72.6,73.5,74.6,75.8,77.9,80.9,83.5,85.3,86.8,88.1,89.1,88.7,87.6,85.3,82.2,78.2,74.0,69.8,67.2,67.8,68.3,69.1,69.8,70.6,71.3,72.4,73.7,74.9,76.5,79.2,82.5,84.8,86.5,87.2,88.2,88.0,87.0,84.6,80.8,76.3,71.3,66.1,63.8,64.4,64.7,65.2,66.2,67.4,68.3,69.6,70.7,72.1,73.9,76.9,81.4
95.4,95.6,95.7,95.3,93.6,90.9,87.4,83.3,78.6,73.9,69.3,69.8,70.6,71.7,72.9,73.6,74.5,75.7,76.9,78.0,79.7,82.3,84.3,85.7,86.6,87.7,88.4,88.8,87.9,85.9,82.8,79.3,75.4,71.9,68.8,69.1,69.8,70.4,71.1,71.8,72.5,73.4,74.5,75.8,77.7,80.8,83.6,85.6,86.8,88.2,89.1,88.8,87.7,85.3,82.1,78.2,73.9,69.7,67.1,67.6,68.2,68.9,69.7,70.5,71.3,72.4,73.5,74.8,76.3,78.9,82.5,85.1,86.3,87.0,88.0,87.9,86.7,84.3,80.6,76.1,71.0,65.9,63.5,64.0,64.4,65.1,66.2,67.1,68.2,69.4,70.5,72.1,73.9,76.8
94.3,95.2,95.4,95.6,95.0,93.2,90.6,87.1,83.1,78.5,73.8,69.3,69.8,70.7,71.7,72.8,73.5,74.5,75.6,76.6,77.8,79.5,82.0,84.1,85.2,86.2,87.6,88.3,88.6,87.9,85.7,82.6,79.2,75.3,71.8,68.8,69.0,69.8,70.4,71.0,71.6,72.4,73.4,74.5,75.6,77.6,80.8,83.9,85.6,87.1,88.1,89.4,88.9,87.7,85.3,81.9,78.1,74.0,69.6,67.0,67.5,68.0,68.8,69.6,70.4,71.3,72.2,73.4,74.6,76.0,78.8,82.6,84.9,86.1,86.8,88.1,87.8,86.4,84.1,80.5,76.0,71.0,65.6,63.2,63.7,64.3,65.1,66.0,67.0,68.0,69.2,70.5,72.1,73.8
92.7,94.1,95.0,95.2,95.2,94.6,92.9,90.3,86.9,82.9,78.3,73.6,69.3,70.0,70.8,71.5,72.6,73.5,74.4,75.4,76.5,77.6,79.3,81.9,83.7,84.8,86.2,87.4,88.1,88.5,87.6,85.5,82.4,78.9,75.2,71.7,68.7,69.0,69.8,70.3,70.9,71.6,72.3,73.4,74.3,75.5,77.6,81.0,83.9,85.8,87.0,88.3,89.5,89.0,87.7,85.2,81.9,78.1,74.0,69.5,66.8,67.3,67.9,68.6,69.5,70.3,71.1,72.2,73.2,74.4,75.9,78.9,82.4,84.7,85.8,86.8,88.0,87.4,86.2,84.0,80.3,75.9,70.8,65.3,62.9,63.6,64.3,64.9,65.8,66.7,67.7,69.1,70.5,72.0
90.1,92.3,93.9,94.7,94.7,94.7,94.2,92.5,90.1,86.7,82.7,78.0,73.6,69.5,70.0,70.6,71.5,72.6,73.4,74.3,75.3,76.4,77.4,79.1,81.4,83.2,84.9,85.9,87.3,88.1,88.2,87.4,85.2,82.1,78.7,75.1,71.6,68.7,69.0,69.7,70.1,70.8,71.4,72.3,73.2,74.2,75.5,77.7,80.9,84.1,85.7,87.1,88.5,89.6,89.1,87.7,85.1,81.9,78.2,73.9,69.3,66.7,67.3,67.7,68.5,69.4,70.2,71.0,72.1,73.0,74.3,76.0,78.7,82.3,84.5,85.8,86.8,87.8,87.3,86.2,83.9,80.2,75.7,70.5,64.9,62.8,63.5,64.0,64.7,65.5,66.5,67.7,69.1,70.4
86.0,89.9,92.3,93.7,94.1,94.2,94.3,93.8,92.2,89.9,86.5,82.3,77.8,73.5,69.5,69.9,70.5,71.5,72.6,73.3,74.3,75.2,76.1,77.3,78.8,81.0,83.3,84.6,85.8,87.3,87.9,88.0,87.2,85.0,82.0,78.6,75.1,71.6,68.7,68.9,69.6,70.1,70.7,71.5,72.2,73.2,74.2,75.7,77.6,81.0,84.0,85.7,87.3,88.6,89.6,89.2,87.7,85.2,82.0,78.2,73.8,69.2,66.6,67.0,67.6,68.4,69.2,70.0,71.0,71.8,72.8,74.3,75.8,78.6,82.2,84.4,85.7,86.6,87.5,87.2,86.1,83.8,80.0,75.6,70.2,64.8,62.7,63.3,63.8,64.4,65.3,66.5,67.7,68.9
82.3,85.9,89.7,92.0,93.0,93.5,93.8,93.9,93.4,92.0,89.6,86.1,82.1,77.7,73.5,69.4,69.8,70.6,71.5,72.5,73.3,74.1,75.0,76.0,77.1,78.4,81.0,83.1,84.5,85.8,87.3,87.6,87.9,86.9,84.9,82.0,78.7,75.1,71.6,68.6,68.8,69.5,70.0,70.7,71.3,72.2,73.2,74.3,75.6,77.6,80.9,84.1,85.9,87.4,88.6,89.5,89.2,87.6,85.2,82.0,78.2,73.8,69.1,66.3,66.9,67.6,68.3,69.1,69.9,70.7,71.7,72.8,74.2,75.8,78.5,82.1,84.3,85.5,86.3,87.4,87.0,85.9,83.6,79.9,75.4,70.1,64.6,62.5,63.1,63.6,64.1,65.2,66.4,67.5
79.3,82.2,85.8,89.4,91.4,92.2,93.0,93.3,93.5,93.2,91.7,89.2,85.8,81.9,77.6,73.3,69.4,69.8,70.6,71.5,72.4,73.1,74.0,74.9,75.8,76.8,78.4,80.8,83.0,84.5,85.7,87.0,87.6,87.7,86.8,84.9,82.0,78.7,75.1,71.4,68.4,68.7,69.3,69.9,70.6,71.4,72.2,73.2,74.2,75.7,77.5,81.1,84.2,86.0,87.2,88.4,89.4,89.2,87.8,85.2,82.0,78.1,73.7,68.9,66.3,66.8,67.5,68.3,69.0,69.7,70.5,71.7,72.8,74.2,75.7,78.3,81.9,84.1,85.1,86.2,87.3,86.9,85.6,83.5,79.8,75.4,70.0,64.4,62.3,62.8,63.2,64.0,65.1,66.2
76.9,79.3,82.2,85.6,88.9,90.8,91.8,92.6,92.9,93.2,92.8,91.3,88.8,85.5,81.7,77.4,73.2,69.4,69.8,70.5,71.4,72.3,73.0,73.9,74.8,75.6,76.8,78.2,80.7,82.9,84.4,85.3,86.9,87.5,87.7,86.8,84.9,82.1,78.7,74.9,71.3,68.3,68.5,69.2,69.8,70.6,71.3,72.2,73.2,74.2,75.6,77.6,81.1,84.1,85.9,86.9,88.3,89.2,89.3,87.8,85.3,82.1,78.2,73.5,68.8,66.2,66.7,67.4,68.1,68.7,69.5,70.6,71.6,72.8,74.1,75.4,78.0,81.7,83.8,84.9,86.3,87.2,86.7,85.5,83.5,79.8,75.3,69.8,64.2,62.0,62.4,63.1,63.9,64.9
74.8,76.9,79.4,82.2,85.2,88.4,90.3,91.4,92.0,92.4,92.8,92.4,90.9,88.6,85.3,81.5,77.3,73.2,69.5,69.8,70.5,71.4,72.2,72.9,73.9,74.6,75.6,76.5,78.1,80.6,82.8,84.0,85.2,86.7,87.6,87.6,86.8,84.9,82.1,78.6,74.8,71.2,68.1,68.4,69.1,69.7,70.5,71.3,72.2,73.2,74.3,75.7,77.6,81.1,84.1,85.4,86.7,88.1,89.1,89.2,87.9,85.4,82.2,78.1,73.5,68.7,66.1,66.6,67.2,67.8,68.4,69.5,70.6,71.6,72.7,73.8,75.1,77.8,81.3,83.6,85.1,86.2,86.9,86.5,85.5,83.3,79.7,75.1,69.7,63.8,61.6,62.2,63.0,63.6
