day 0,day 1,day 2,day 3,day 4,day 5,day 6,day 7,day 8,day 9,day 10,day 11,day 12,day 13,day 14,day 15,day 16,day 17,day 18,day 19,day 20,day 21,day 22,day 23,day 24,day 25,day 26,day 27,day 28,day 29,day 30,day 31,day 32,day 33,day 34,day 35,day 36,day 37,day 38,day 39,day 40,day 41,day 42,day 43,day 44,day 45,day 46,day 47,day 48,day 49,day 50,day 51,day 52,day 53,day 54,day 55,day 56,day 57,day 58,day 59,day 60,day 61,day 62,day 63,day 64,day 65,day 66,day 67,day 68,day 69,day 70,day 71,day 72,day 73,day 74,day 75,day 76,day 77,day 78,day 79,day 80,day 81,day 82,day 83,day 84,day 85,day 86,day 87,day 88,day 89,day 90
73.0,73.3,74.0,74.6,75.4,76.2,77.7,79.9,81.5,82.4,82.7,82.8,82.4,81.2,79.7,76.8,73.0,68.3,65.0,64.9,65.2,65.2,65.2,65.2,65.4,64.9,65.5,66.1,66.8,67.9,69.8,72.0,73.7,74.5,74.7,74.5,73.9,72.7,70.8,67.6,63.3,58.2,56.3,56.3,55.3,55.9,56.0,56.1,56.8,56.8,57.3,57.8,58.7,59.4,61.0,63.5,66.1,67.4,67.6,67.4,66.5,64.9,62.7,59.3,55.1,51.0,50.0,50.4,51.0,51.5,52.2,52.3,52.4,52.8,53.5,53.6,54.3,55.5,57.2,59.0,61.3,62.6,62.4,62.2,61.0,60.0,57.7,55.5,52.8,50.5,50.9
72.3,72.6,73.0,73.6,74.1,74.9,76.0,77.5,79.8,81.3,82.3,82.5,82.6,82.1,81.2,79.6,76.7,72.8,68.0,64.7,64.6,64.8,64.7,64.6,64.3,64.3,64.1,65.0,65.8,66.4,67.4,69.2,71.5,73.4,74.2,74.4,74.3,73.6,72.5,70.5,67.4,63.0,58.0,55.7,55.6,55.5,55.7,55.7,56.1,56.3,56.4,57.0,57.6,58.1,58.8,60.6,63.2,66.0,67.2,67.3,67.1,66.1,64.8,62.8,59.5,55.0,50.8,50.2,50.6,51.2,51.6,52.0,52.0,52.2,52.6,53.1,53.5,54.3,55.7,57.0,58.9,61.2,62.3,62.2,61.9,60.9,59.8,58.1,55.8,53.1,50.7
71.6,71.9,72.3,72.6,73.0,73.7,74.6,75.8,77.4,79.6,81.2,82.1,82.3,82.4,82.0,81.1,79.5,76.4,72.4,67.6,64.4,64.0,64.2,64.2,64.0,63.4,63.6,63.2,64.6,65.4,64.9,66.9,68.5,71.1,73.0,73.9,74.1,74.0,73.4,72.3,70.3,67.0,62.7,57.5,55.1,55.3,55.4,55.4,55.5,55.6,55.9,56.1,56.8,57.0,57.5,58.4,60.2,63.0,65.7,67.0,67.0,66.7,66.0,64.9,63.0,59.4,54.8,50.9,50.5,50.7,51.3,51.4,51.7,51.8,52.0,52.1,53.0,53.5,54.6,55.5,56.8,59.0,60.9,62.1,61.9,61.8,60.8,60.1,58.4,56.0,53.3
71.0,71.2,71.6,71.9,72.0,72.6,73.4,74.3,75.6,77.3,79.5,81.0,81.9,82.1,82.3,82.0,81.0,79.1,76.2,72.1,67.3,64.0,63.4,63.8,63.7,62.9,62.7,63.1,62.9,63.6,64.9,64.3,66.2,68.2,70.7,72.7,73.6,73.9,73.9,73.1,72.1,70.0,66.8,62.2,56.7,54.8,54.8,55.0,55.2,55.0,55.2,55.7,55.8,56.3,56.4,57.1,58.0,60.0,62.7,65.5,66.6,66.6,66.5,66.1,65.0,62.8,59.2,54.8,51.2,50.6,50.8,51.0,51.0,51.5,51.6,51.5,52.2,53.1,53.8,54.3,55.3,56.9,58.7,60.7,61.9,61.8,61.7,60.9,60.4,58.6,56.0
70.5,70.6,70.8,71.2,71.3,71.6,72.4,73.3,74.1,75.4,77.1,79.3,80.8,81.8,82.0,82.2,81.9,80.6,78.8,75.8,71.7,66.9,63.4,63.0,63.2,62.9,62.2,62.3,62.8,62.2,62.9,63.5,63.6,65.9,67.9,70.4,72.5,73.4,73.7,73.7,72.9,71.9,69.7,66.3,61.7,56.4,54.2,54.4,54.8,54.7,54.6,54.9,55.4,55.3,55.7,56.0,56.6,57.8,59.8,62.6,65.1,66.3,66.4,66.6,66.3,64.9,62.6,59.1,55.0,51.3,50.6,50.4,50.6,50.8,51.3,51.1,51.5,52.1,53.3,53.5,54.2,55.4,56.6,58.4,60.5,61.8,61.7,61.9,61.2,60.5,58.7
70.2,70.0,70.2,70.4,70.5,70.8,71.4,72.2,73.0,73.9,75.2,76.9,79.0,80.6,81.6,81.9,82.1,81.6,80.4,78.5,75.5,71.3,66.2,63.0,62.5,62.5,62.2,61.8,62.0,61.8,61.5,62.3,62.9,63.3,65.4,67.5,70.0,72.2,73.3,73.4,73.5,72.6,71.7,69.3,66.0,61.3,55.9,53.9,54.2,54.3,54.4,54.3,54.6,54.7,54.7,55.3,55.6,56.4,57.5,59.8,62.2,64.8,66.2,66.5,66.7,66.1,64.7,62.4,59.2,54.9,51.2,50.2,50.0,50.4,50.7,50.8,51.1,51.5,52.4,53.0,53.3,54.4,55.4,56.3,58.3,60.4,61.6,61.9,62.1,61.1,60.6
70.0,69.8,69.6,69.8,69.7,70.1,70.6,71.2,72.0,72.7,73.7,75.1,76.7,78.8,80.5,81.5,81.9,81.9,81.3,80.0,78.0,75.1,70.7,65.7,62.4,61.7,61.9,61.8,61.1,60.9,61.1,60.8,61.7,62.6,62.9,64.9,67.1,69.7,72.1,73.0,73.3,73.3,72.5,71.2,69.1,65.6,60.6,55.4,53.8,53.7,54.1,54.0,53.9,54.0,54.1,54.3,54.8,55.3,56.1,57.5,59.5,61.8,64.6,66.3,66.6,66.6,65.9,64.6,62.6,59.0,54.8,50.7,49.8,50.0,50.3,50.3,50.7,51.0,51.8,52.0,52.9,53.5,54.4,55.0,56.1,58.1,60.4,61.8,62.0,62.1,61.2
72.8,69.5,69.4,69.2,69.1,69.4,69.9,70.4,71.0,71.7,72.6,73.5,74.8,76.4,78.6,80.4,81.4,81.6,81.7,81.0,79.5,77.6,74.6,70.3,65.3,61.7,61.1,61.5,61.6,60.5,60.2,60.4,60.2,61.5,62.2,62.4,64.4,66.8,69.5,71.8,72.9,73.0,73.1,72.1,71.1,68.7,65.0,60.2,55.2,53.3,53.4,53.8,53.8,53.3,53.4,53.7,54.0,54.5,55.1,56.2,57.2,59.2,61.7,64.7,66.3,66.5,66.4,65.8,64.7,62.3,58.8,54.3,50.3,49.7,50.0,49.8,50.3,50.7,51.4,51.5,52.0,53.1,53.6,53.9,54.7,56.2,58.1,60.6,61.8,62.0,62.2
76.7,72.4,69.2,69.0,68.7,68.8,69.1,69.8,70.2,70.7,71.6,72.4,73.3,74.5,76.1,78.5,80.3,81.2,81.4,81.3,80.5,79.1,77.2,74.2,69.7,64.5,61.2,60.8,61.3,60.5,59.7,59.6,59.9,60.1,61.1,61.7,61.9,64.3,66.6,69.2,71.6,72.6,72.9,72.7,72.0,70.8,68.2,64.5,59.7,54.6,53.1,53.1,53.5,53.1,52.7,53.0,53.3,53.7,54.3,55.2,55.9,57.0,59.0,61.8,64.7,66.1,66.4,66.3,65.8,64.5,62.1,58.3,53.8,50.0,49.5,49.5,49.8,50.3,51.0,50.9,51.5,52.2,53.1,53.0,53.6,54.7,56.2,58.4,60.8,61.8,62.1
80.1,76.4,72.1,68.7,68.3,68.4,68.6,69.0,69.5,69.8,70.5,71.4,72.1,73.0,74.2,75.9,78.4,80.1,81.0,81.0,80.9,80.2,78.7,76.8,73.6,69.1,63.9,60.8,60.7,60.1,59.7,59.1,59.1,59.7,59.7,60.5,61.1,61.8,64.1,66.4,69.0,71.3,72.3,72.5,72.6,71.8,70.2,67.7,63.9,59.2,54.4,52.8,52.8,52.8,52.5,52.3,52.6,53.1,53.5,54.4,54.9,55.7,56.9,59.1,61.9,64.6,66.0,66.3,66.3,65.6,64.1,61.6,57.7,53.7,49.8,49.1,49.5,49.9,50.6,50.6,50.9,51.7,52.2,52.6,52.8,53.8,54.8,56.6,58.6,60.8,61.9
82.2,79.9,76.1,71.7,68.1,68.0,68.1,68.4,68.8,69.2,69.7,70.4,71.2,71.8,72.6,74.0,75.9,78.1,79.9,80.6,80.6,80.6,79.8,78.4,76.2,73.0,68.5,63.5,60.7,60.2,59.3,59.0,58.7,58.9,59.4,59.1,60.0,61.0,61.7,64.0,66.3,68.7,71.0,72.1,72.4,72.4,71.3,69.7,67.0,63.4,58.8,53.9,52.4,52.2,52.0,52.1,52.0,52.4,53.1,53.6,54.2,54.6,55.6,57.0,59.3,61.7,64.5,65.9,66.3,66.1,65.3,63.6,61.0,57.5,53.4,49.2,49.1,49.5,50.1,50.1,50.6,51.2,51.7,51.7,52.6,52.8,53.7,55.2,56.9,58.6,60.8
83.3,82.1,79.6,75.7,71.2,67.7,67.7,67.9,68.1,68.4,69.0,69.5,70.2,70.9,71.4,72.4,73.9,75.6,77.9,79.4,80.2,80.3,80.2,79.5,77.8,75.6,72.5,68.0,63.2,60.2,59.8,58.7,58.6,58.5,58.6,58.9,58.6,60.2,60.9,62.0,64.0,65.7,68.4,70.7,72.0,72.3,72.0,70.9,69.1,66.5,63.1,58.3,53.5,51.8,51.6,51.7,51.9,51.9,52.3,53.2,53.3,54.0,54.5,55.7,57.2,59.1,61.7,64.4,65.9,66.1,65.7,64.8,63.0,60.7,57.2,52.8,49.1,49.2,49.7,49.7,50.2,50.9,51.1,51.2,51.7,52.7,52.7,54.1,55.6,57.0,58.7
83.8,83.3,81.9,79.1,75.3,70.8,67.5,67.5,67.7,67.8,68.2,68.8,69.3,70.0,70.4,71.3,72.4,73.6,75.2,77.5,79.1,79.8,79.9,79.8,78.9,77.2,75.0,72.0,67.6,62.7,59.8,59.2,58.4,58.4,58.2,58.0,58.5,58.8,60.1,60.9,62.0,63.0,65.4,68.1,70.6,71.8,71.8,71.6,70.3,68.7,66.2,62.5,57.8,52.8,51.2,51.3,51.5,51.6,51.8,52.6,52.9,53.1,53.8,54.6,55.8,57.0,59.1,61.6,64.4,65.7,65.7,65.4,64.2,62.7,60.4,56.6,52.7,49.3,49.4,49.4,49.8,50.4,50.8,50.8,51.1,51.8,52.7,53.1,54.5,55.7,57.1
84.2,83.7,83.1,81.5,78.8,75.0,70.6,67.2,67.2,67.3,67.6,68.1,68.7,69.1,69.6,70.4,71.3,72.1,73.3,74.9,77.1,78.7,79.4,79.6,79.3,78.3,76.6,74.6,71.4,67.0,62.1,59.1,58.8,58.1,58.0,57.7,57.7,58.7,58.6,60.0,61.0,61.7,62.8,65.2,67.8,70.3,71.4,71.4,71.0,69.9,68.3,65.8,62.0,57.2,52.3,50.9,51.1,51.3,51.5,52.0,52.3,52.7,53.0,53.9,54.8,55.6,57.0,59.1,61.7,64.2,65.3,65.3,64.9,64.0,62.3,59.8,56.3,52.7,49.2,49.0,49.5,50.1,50.4,50.4,50.9,51.3,52.0,53.2,53.6,54.5,55.9
83.9,84.1,83.5,82.8,81.3,78.6,74.8,70.3,67.0,66.8,67.1,67.4,67.9,68.5,68.7,69.5,70.3,71.0,71.7,72.8,74.5,76.7,78.3,79.1,79.0,78.7,77.7,76.2,74.1,70.9,66.5,61.4,58.7,58.6,57.7,57.6,57.4,57.8,58.6,58.8,60.1,60.7,61.5,62.2,64.9,67.5,69.9,70.9,70.8,70.6,69.6,67.9,65.2,61.5,56.7,51.9,50.7,50.8,51.1,51.5,51.7,52.2,52.6,53.1,54.2,54.6,55.6,57.2,59.2,61.5,63.8,64.9,64.8,64.6,63.6,61.7,59.4,56.3,52.5,48.9,49.2,49.8,50.0,50.1,50.5,51.0,51.5,52.4,53.7,53.7,54.7
83.5,83.9,83.9,83.3,82.6,81.1,78.4,74.6,70.0,66.7,66.6,66.9,67.1,67.7,68.2,68.6,69.5,69.9,70.6,71.3,72.5,74.0,76.3,78.0,78.5,78.4,78.2,77.3,75.8,73.5,70.3,65.8,60.9,58.5,58.1,57.2,57.3,57.5,57.7,58.6,58.8,59.8,60.3,60.9,62.5,64.5,67.1,69.5,70.3,70.4,70.3,69.2,67.3,64.8,61.0,56.3,51.8,50.4,50.6,51.3,51.2,51.6,52.1,52.7,53.3,54.0,54.6,55.7,57.3,59.0,61.2,63.4,64.5,64.6,64.2,63.0,61.4,59.4,56.1,52.1,49.1,49.4,49.8,49.6,50.2,50.7,51.3,51.9,52.9,53.6,53.9
82.8,83.4,83.6,83.6,83.1,82.5,81.0,78.2,74.3,69.7,66.5,66.4,66.7,67.0,67.5,68.0,68.6,69.1,69.6,70.3,71.0,71.9,73.5,75.9,77.4,77.9,77.9,77.8,76.8,75.3,72.9,69.7,65.4,60.5,58.0,57.6,56.9,57.1,57.4,57.6,58.6,58.6,59.5,59.7,61.1,62.1,64.1,66.6,68.9,70.0,70.1,69.9,68.6,66.9,64.4,60.6,56.0,51.4,50.3,50.7,50.9,51.0,51.6,52.1,52.8,53.2,53.9,54.8,55.8,57.3,58.8,60.7,62.9,64.2,64.2,63.6,62.7,61.3,59.1,55.6,52.2,49.2,49.4,49.4,49.8,50.3,51.0,51.7,52.4,53.0,53.8
81.3,82.6,83.2,83.4,83.4,83.0,82.3,80.9,78.0,74.1,69.5,66.3,66.1,66.5,66.8,67.4,67.9,68.1,68.8,69.3,70.0,70.4,71.3,73.1,75.2,76.8,77.5,77.5,77.2,76.3,74.7,72.3,69.4,65.1,60.1,57.5,57.5,56.7,56.9,57.3,57.7,58.4,58.6,58.8,59.8,60.8,61.7,63.8,66.1,68.6,69.6,69.7,69.3,68.2,66.5,64.0,60.4,55.6,51.3,50.4,50.3,50.7,51.1,51.6,52.3,52.6,53.1,54.0,54.9,55.8,57.0,58.4,60.4,62.7,63.8,63.7,63.4,62.6,61.1,58.6,55.6,52.4,49.2,49.0,49.7,49.9,50.6,51.3,52.2,52.5,53.2
79.2,81.1,82.3,83.0,83.2,83.4,83.0,82.3,80.7,77.7,74.0,69.2,66.0,66.0,66.3,66.7,67.3,67.5,67.8,68.5,69.0,69.3,69.8,70.8,72.3,74.6,76.3,77.0,77.0,76.7,75.6,74.1,72.2,69.0,64.7,59.6,57.1,57.3,56.6,56.8,57.4,57.5,57.9,57.9,58.8,59.6,60.3,61.5,63.2,65.7,68.2,69.2,69.1,68.9,67.8,66.2,63.9,60.1,55.4,51.3,50.1,50.2,50.8,51.1,51.7,52.1,52.6,53.2,54.1,54.9,55.6,56.6,58.1,60.2,62.3,63.3,63.4,63.4,62.3,60.6,58.6,55.7,52.3,48.8,49.3,49.9,50.2,51.0,51.8,52.3,52.6
77.6,79.0,80.8,82.1,82.7,83.1,83.4,83.0,82.0,80.4,77.6,73.7,69.0,65.8,65.8,66.2,66.7,66.8,67.1,67.6,68.2,68.3,68.7,69.2,70.0,71.7,74.1,75.8,76.5,76.5,76.1,75.1,73.9,71.8,68.7,64.4,59.2,56.9,57.1,56.5,56.8,57.0,57.0,57.5,57.9,58.7,59.3,60.1,61.1,62.8,65.3,67.7,68.6,68.7,68.5,67.5,66.0,63.6,59.8,55.4,51.0,50.0,50.3,50.9,51.2,51.7,52.2,52.7,53.4,54.1,54.7,55.2,56.4,57.9,59.7,62.0,63.1,63.3,63.1,61.9,60.7,58.7,55.5,51.8,49.0,49.5,50.2,50.5,51.5,51.9,52.5
76.4,77.3,78.6,80.5,81.8,82.7,83.1,83.4,82.8,81.8,80.3,77.3,73.4,68.7,65.6,65.7,66.1,66.3,66.5,66.8,67.2,67.5,67.7,68.1,68.4,69.3,71.2,73.7,75.3,76.0,75.9,75.5,74.8,73.5,71.5,68.5,64.0,58.9,56.7,57.0,56.5,56.6,56.6,56.7,57.5,57.7,58.3,59.1,59.7,60.7,62.4,64.9,67.3,68.2,68.3,68.2,67.4,65.8,63.4,59.7,55.0,50.9,50.1,50.4,51.0,51.1,51.8,52.2,52.8,53.4,53.9,54.4,55.0,56.3,57.4,59.5,61.8,63.0,63.1,62.7,61.9,60.6,58.3,55.1,52.0,49.2,50.0,50.5,51.1,51.6,52.1
75.3,76.1,77.0,78.3,80.2,81.7,82.6,83.1,83.2,82.7,81.7,80.1,77.1,73.2,68.5,65.5,65.6,65.8,66.0,66.2,66.4,66.6,67.0,67.1,67.3,67.7,68.7,70.7,73.2,74.8,75.4,75.4,75.2,74.4,73.2,71.3,68.1,63.7,58.7,56.6,57.0,56.2,56.2,56.3,56.6,57.4,57.4,58.2,58.7,59.3,60.3,62.1,64.3,66.8,67.9,68.0,68.0,67.0,65.5,63.1,59.3,55.0,51.1,50.1,50.5,50.7,51.2,51.9,52.4,52.9,53.2,53.6,54.2,54.9,55.8,57.2,59.3,61.8,62.8,62.7,62.7,61.6,60.3,58.0,55.2,52.1,49.6,50.2,51.0,51.2,51.8
74.3,75.0,75.8,76.7,77.9,80.0,81.6,82.7,82.9,83.0,82.5,81.5,79.9,76.9,73.0,68.4,65.4,65.2,65.5,65.7,65.8,65.8,66.0,65.7,66.3,66.5,67.2,68.3,70.3,72.6,74.2,74.9,75.0,74.8,74.1,73.1,71.0,67.9,63.4,58.4,56.6,56.7,55.7,55.8,56.2,56.5,57.0,57.2,57.7,58.2,58.9,60.0,61.6,63.8,66.4,67.6,67.8,67.7,66.8,65.2,62.8,59.2,55.0,51.1,50.2,50.3,50.8,51.3,52.1,52.5,52.7,52.8,53.5,54.1,54.4,55.6,57.1,59.3,61.5,62.6,62.8,62.5,61.2,60.0,58.0,55.1,52.5,50.0,50.7,51.2,51.5
73.3,74.0,74.6,75.4,76.2,77.7,79.9,81.5,82.4,82.7,82.8,82.4,81.2,79.7,76.8,73.0,68.3,65.0,64.9,65.2,65.2,65.2,65.2,65.4,64.9,65.5,66.1,66.8,67.9,69.8,72.0,73.7,74.5,74.7,74.5,73.9,72.7,70.8,67.6,63.3,58.2,56.3,56.3,55.3,55.9,56.0,56.1,56.8,56.8,57.3,57.8,58.7,59.4,61.0,63.5,66.1,67.4,67.6,67.4,66.5,64.9,62.7,59.3,55.1,51.0,50.0,50.4,51.0,51.5,52.2,52.3,52.4,52.8,53.5,53.6,54.3,55.5,57.2,59.0,61.3,62.6,62.4,62.2,61.0,60.0,57.7,55.5,52.8,50.5,50.9,51.3
72.6,73.0,73.6,74.1,74.9,76.0,77.5,79.8,81.3,82.3,82.5,82.6,82.1,81.2,79.6,76.7,72.8,68.0,64.7,64.6,64.8,64.7,64.6,64.3,64.3,64.1,65.0,65.8,66.4,67.4,69.2,71.5,73.4,74.2,74.4,74.3,73.6,72.5,70.5,67.4,63.0,58.0,55.7,55.6,55.5,55.7,55.7,56.1,56.3,56.4,57.0,57.6,58.1,58.8,60.6,63.2,66.0,67.2,67.3,67.1,66.1,64.8,62.8,59.5,55.0,50.8,50.2,50.6,51.2,51.6,52.0,52.0,52.2,52.6,53.1,53.5,54.3,55.7,57.0,58.9,61.2,62.3,62.2,61.9,60.9,59.8,58.1,55.8,53.1,50.7,51.0
