day 0,day 1,day 2,day 3,day 4,day 5,day 6,day 7,day 8,day 9,day 10,day 11,day 12,day 13,day 14,day 15,day 16,day 17,day 18,day 19,day 20,day 21,day 22,day 23,day 24,day 25,day 26,day 27,day 28,day 29,day 30,day 31,day 32,day 33,day 34,day 35,day 36,day 37,day 38,day 39,day 40,day 41,day 42,day 43,day 44,day 45,day 46,day 47,day 48,day 49,day 50,day 51,day 52,day 53,day 54,day 55,day 56,day 57,day 58,day 59,day 60,day 61,day 62,day 63,day 64,day 65,day 66,day 67,day 68,day 69,day 70,day 71,day 72,day 73,day 74,day 75,day 76,day 77,day 78,day 79,day 80,day 81,day 82,day 83,day 84,day 85,day 86,day 87,day 88,day 89,day 90,day 91,day 92,day 93
52.4,53.3,54.1,55.4,56.9,59.2,62.4,64.8,65.7,66.0,65.9,64.9,63.4,61.6,59.7,57.1,54.2,51.2,49.0,49.4,50.3,51.3,52.5,53.8,55.2,56.7,58.1,59.8,62.1,65.5,69.4,72.1,73.4,73.9,73.7,73.0,71.9,69.9,67.3,64.5,61.4,57.7,54.5,53.9,55.3,56.8,58.5,60.3,61.8,63.6,65.5,67.7,70.2,74.3,78.2,79.7,80.4,80.1,79.2,77.5,75.5,72.9,69.9,67.2,64.4,61.7,58.8,57.1,58.4,59.9,61.8,64.0,65.8,68.0,70.0,72.5,75.5,80.1,83.3,85.0,85.8,85.5,84.7,83.4,81.3,79.0,76.5,73.9,70.9,68.1,64.9,62.8,64.2,65.9
51.5,52.3,53.4,54.3,55.4,57.0,59.2,62.6,65.0,65.8,66.2,66.0,65.0,63.6,62.0,59.9,57.2,54.3,51.3,49.0,49.4,50.2,51.4,52.8,54.2,55.5,57.0,58.6,60.3,62.6,65.8,70.1,72.6,73.9,74.5,74.4,73.6,72.4,70.2,67.6,64.7,61.4,57.9,54.8,54.0,55.5,57.1,58.6,60.4,62.1,63.9,65.8,67.8,70.4,74.5,78.2,79.9,80.4,80.1,79.1,77.3,75.2,72.7,69.9,67.2,64.6,61.7,58.8,57.2,58.6,60.2,62.3,64.3,66.3,68.3,70.4,73.0,76.0,80.6,83.7,85.4,86.0,85.8,85.0,83.6,81.5,79.2,76.7,74.2,71.4,68.6,65.3,63.0,64.4
50.8,51.4,52.4,53.6,54.4,55.6,57.1,59.4,62.8,65.1,66.0,66.3,66.1,65.2,64.0,62.2,60.0,57.3,54.4,51.3,48.9,49.4,50.4,51.7,53.2,54.6,55.9,57.5,59.0,60.6,62.8,66.4,70.6,73.1,74.5,75.2,75.0,74.1,72.6,70.4,67.9,64.8,61.6,58.3,55.1,54.2,55.8,57.2,58.8,60.7,62.4,64.2,66.0,68.0,70.7,74.6,78.4,79.9,80.4,80.0,79.0,77.1,75.0,72.6,69.9,67.4,64.6,61.8,59.1,57.4,59.0,60.7,62.7,64.7,66.5,68.7,70.9,73.4,76.4,81.0,84.1,85.6,86.3,86.2,85.2,83.7,81.7,79.5,77.1,74.7,71.9,68.9,65.5,63.3
49.9,50.7,51.4,52.5,53.7,54.5,55.5,57.3,59.6,63.0,65.4,66.0,66.3,66.3,65.6,64.1,62.2,60.1,57.3,54.4,51.4,48.9,49.5,50.6,52.1,53.5,54.9,56.3,58.0,59.3,60.8,63.3,66.9,71.1,73.7,75.3,75.9,75.5,74.4,72.9,70.6,68.0,65.0,61.9,58.5,55.3,54.5,56.0,57.4,59.1,61.0,62.7,64.3,66.2,68.3,70.8,74.9,78.5,79.9,80.3,79.9,78.7,76.8,74.8,72.5,70.1,67.5,64.7,62.0,59.3,57.8,59.4,61.0,63.0,64.9,66.8,69.1,71.2,73.7,76.7,81.3,84.3,86.0,86.6,86.4,85.4,83.9,82.0,79.9,77.6,75.3,72.2,69.1,65.8
49.0,49.8,50.8,51.5,52.6,53.8,54.6,55.6,57.4,59.7,63.2,65.4,66.2,66.6,66.6,65.7,64.2,62.4,60.0,57.3,54.6,51.6,49.2,49.8,50.8,52.3,53.7,55.2,56.7,58.2,59.5,61.2,63.8,67.4,71.8,74.5,76.0,76.4,75.8,74.6,73.1,70.7,68.2,65.3,62.2,58.8,55.6,54.6,56.1,57.6,59.4,61.3,62.8,64.5,66.5,68.4,71.0,75.0,78.5,79.8,80.2,79.5,78.5,76.6,74.8,72.7,70.2,67.6,65.0,62.3,59.7,58.3,59.7,61.4,63.3,65.2,67.3,69.5,71.5,74.0,77.1,81.6,84.7,86.3,86.8,86.5,85.6,84.1,82.4,80.4,78.1,75.6,72.4,69.3
48.3,49.0,49.8,50.8,51.6,52.7,53.9,54.6,55.7,57.5,60.0,63.3,65.5,66.5,66.9,66.7,65.8,64.4,62.3,60.1,57.5,54.8,51.9,49.4,49.9,51.1,52.6,54.0,55.6,56.9,58.4,59.9,61.7,64.2,68.1,72.5,75.2,76.5,76.7,76.0,74.8,73.2,70.9,68.5,65.6,62.5,59.2,55.7,54.7,56.3,57.9,59.7,61.4,63.0,64.8,66.6,68.6,71.1,75.1,78.4,79.6,79.8,79.4,78.3,76.6,75.0,72.7,70.2,68.0,65.3,62.7,60.2,58.6,60.1,61.6,63.5,65.7,67.7,69.7,71.8,74.3,77.3,82.0,85.0,86.6,87.1,86.7,85.9,84.6,82.9,80.9,78.5,75.8,72.6
47.7,48.3,49.0,49.8,50.9,51.8,52.8,53.9,54.7,55.8,57.7,60.0,63.4,65.8,66.8,67.1,67.0,66.1,64.3,62.4,60.3,57.8,55.1,52.3,49.7,50.2,51.3,52.9,54.4,55.9,57.0,58.8,60.3,62.0,64.8,68.7,73.2,75.8,76.8,77.0,76.3,74.9,73.4,71.3,68.8,66.0,62.9,59.3,55.9,54.8,56.6,58.2,59.9,61.5,63.2,64.9,66.8,68.7,71.2,75.0,78.2,79.4,79.7,79.2,78.3,76.8,75.0,72.8,70.6,68.3,65.7,63.2,60.6,58.9,60.3,61.8,64.0,66.1,67.9,70.0,72.2,74.6,77.7,82.3,85.2,86.7,87.3,87.1,86.5,85.1,83.4,81.2,78.7,76.1
48.4,47.7,48.2,49.0,49.9,51.0,51.9,52.8,53.9,54.8,56.0,57.8,60.1,63.8,66.2,66.9,67.3,67.2,66.0,64.4,62.6,60.6,58.1,55.5,52.6,50.0,50.4,51.5,53.3,54.6,55.9,57.4,59.2,60.6,62.6,65.4,69.4,73.8,76.1,77.0,77.2,76.4,75.2,73.8,71.6,69.2,66.3,63.1,59.5,56.2,55.1,56.9,58.3,60.0,61.6,63.4,65.2,66.9,68.8,71.2,74.9,78.0,79.2,79.6,79.2,78.5,77.0,75.1,73.2,70.9,68.7,66.2,63.5,60.9,59.2,60.6,62.3,64.4,66.3,68.1,70.3,72.4,75.0,78.0,82.5,85.4,87.0,87.6,87.7,87.0,85.6,83.8,81.5,79.0
51.8,48.4,47.6,48.3,49.2,50.1,51.1,51.9,52.8,54.0,55.1,56.1,57.9,60.4,64.1,66.3,67.1,67.6,67.1,66.0,64.6,62.9,60.9,58.5,55.9,53.0,50.2,50.6,51.9,53.5,54.6,56.2,57.7,59.4,61.1,63.2,66.0,69.9,74.0,76.3,77.3,77.3,76.7,75.5,74.1,72.0,69.5,66.5,63.3,59.7,56.5,55.5,57.1,58.5,60.2,61.8,63.6,65.3,67.0,68.8,71.1,74.9,77.9,79.1,79.6,79.4,78.6,77.1,75.5,73.5,71.4,69.2,66.5,63.9,61.2,59.4,61.0,62.6,64.6,66.6,68.5,70.5,72.8,75.3,78.1,82.7,85.6,87.4,88.2,88.2,87.5,85.9,84.0,81.8
55.0,51.9,48.5,47.6,48.4,49.3,50.2,51.0,51.9,52.8,54.3,55.1,56.2,58.1,60.8,64.3,66.6,67.4,67.5,67.2,66.2,64.9,63.2,61.3,58.9,56.3,53.3,50.5,51.0,52.1,53.4,54.8,56.5,58.0,59.9,61.6,63.8,66.4,70.1,74.3,76.5,77.5,77.6,77.0,75.8,74.5,72.3,69.8,66.7,63.5,60.0,56.9,55.7,57.2,58.6,60.3,62.0,63.7,65.4,66.9,68.7,71.1,74.8,77.9,79.2,79.9,79.6,78.7,77.5,75.8,74.0,71.8,69.5,66.9,64.2,61.5,59.9,61.3,62.8,64.9,66.8,68.7,70.8,73.0,75.4,78.3,82.9,86.1,88.0,88.8,88.7,87.9,86.1,84.3
57.5,55.1,52.0,48.6,47.8,48.6,49.4,50.1,51.0,51.9,53.1,54.3,55.2,56.5,58.5,60.9,64.6,66.9,67.3,67.6,67.3,66.4,65.3,63.8,61.8,59.2,56.6,53.6,50.9,51.1,52.0,53.7,55.0,56.7,58.4,60.3,62.1,64.2,66.7,70.4,74.5,76.7,77.8,77.9,77.3,76.3,74.9,72.5,70.0,67.0,63.8,60.3,57.1,55.9,57.3,58.7,60.5,62.1,63.8,65.3,66.8,68.6,71.0,74.8,78.0,79.4,80.0,79.7,79.1,77.9,76.3,74.4,72.2,69.9,67.2,64.5,61.9,60.2,61.5,63.0,65.2,67.1,69.0,70.9,73.1,75.6,78.4,83.3,86.6,88.6,89.3,89.1,88.2,86.4
60.0,57.7,55.2,52.1,48.9,48.0,48.6,49.3,50.1,51.0,52.2,53.1,54.3,55.5,56.8,58.6,61.2,64.8,66.8,67.4,67.7,67.6,66.8,65.9,64.3,62.1,59.5,57.0,54.0,51.1,51.1,52.2,53.9,55.2,57.2,58.8,60.8,62.5,64.4,66.9,70.6,74.7,77.1,78.2,78.3,77.8,76.6,75.0,72.8,70.2,67.1,63.8,60.4,57.4,56.0,57.4,58.9,60.6,62.1,63.8,65.2,66.8,68.7,71.1,75.0,78.3,79.5,80.2,80.2,79.5,78.4,76.8,74.8,72.5,70.2,67.5,65.0,62.2,60.3,61.7,63.3,65.4,67.4,69.1,70.9,73.4,75.6,78.7,83.8,87.2,89.1,89.7,89.4,88.5
62.0,60.2,57.9,55.4,52.3,49.1,48.0,48.5,49.4,50.1,51.3,52.2,53.2,54.6,55.9,57.0,58.8,61.4,64.8,66.9,67.6,68.0,68.0,67.4,66.5,64.7,62.4,59.9,57.4,54.2,51.2,51.3,52.5,54.2,55.8,57.6,59.4,61.2,62.7,64.6,67.2,70.8,75.1,77.4,78.7,78.9,78.1,76.8,75.3,73.0,70.3,67.1,63.9,60.7,57.5,56.2,57.7,59.0,60.6,62.1,63.7,65.2,66.9,68.8,71.3,75.3,78.4,79.8,80.6,80.6,80.0,78.9,77.1,75.1,72.9,70.6,68.0,65.3,62.4,60.6,62.0,63.6,65.8,67.5,69.2,71.1,73.4,76.0,79.2,84.4,87.7,89.5,90.0,89.8
63.4,62.1,60.4,58.0,55.5,52.5,49.3,47.8,48.5,49.4,50.3,51.3,52.3,53.5,54.9,56.0,57.1,59.0,61.3,64.9,67.1,67.9,68.4,68.6,68.0,66.8,65.0,62.8,60.4,57.6,54.4,51.5,51.6,52.8,54.6,56.1,58.1,59.7,61.4,62.9,64.8,67.3,71.1,75.5,77.9,79.2,79.2,78.4,77.2,75.5,73.2,70.2,67.0,64.1,60.8,57.7,56.4,57.6,59.0,60.6,62.0,63.7,65.3,67.0,69.0,71.6,75.4,78.6,80.2,81.0,81.2,80.5,79.3,77.4,75.4,73.3,71.2,68.5,65.6,62.7,60.8,62.2,63.9,65.8,67.5,69.3,71.2,73.8,76.4,79.6,84.9,88.0,89.7,90.4
64.4,63.6,62.4,60.5,58.1,55.6,52.7,49.3,47.9,48.5,49.7,50.4,51.4,52.6,53.8,55.0,56.2,57.3,58.9,61.4,65.1,67.2,68.3,69.1,69.1,68.4,67.2,65.5,63.4,60.7,57.9,54.8,51.8,51.9,53.2,54.9,56.5,58.4,59.9,61.5,63.1,64.9,67.6,71.5,76.0,78.4,79.5,79.4,78.7,77.4,75.6,73.1,70.2,67.2,64.2,61.1,57.9,56.4,57.7,59.1,60.6,62.1,63.7,65.4,67.3,69.2,71.7,75.7,79.0,80.6,81.6,81.5,80.8,79.7,77.8,75.9,73.9,71.6,68.8,65.9,63.0,61.1,62.5,64.0,65.8,67.6,69.3,71.5,74.2,76.8,80.0,85.2,88.4,90.2
64.8,64.5,63.9,62.5,60.7,58.2,55.7,52.7,49.4,47.8,48.8,49.7,50.4,51.7,52.9,53.9,55.1,56.3,57.2,59.0,61.6,65.3,67.7,69.0,69.7,69.5,68.9,67.7,66.0,63.6,61.0,58.3,55.2,52.2,52.3,53.5,55.3,56.9,58.6,60.0,61.7,63.2,65.1,68.0,72.0,76.5,78.7,79.7,79.7,78.9,77.5,75.5,73.0,70.4,67.3,64.3,61.3,58.0,56.4,57.8,59.0,60.6,62.1,63.8,65.7,67.5,69.3,72.0,76.1,79.4,81.2,82.0,82.0,81.2,80.1,78.2,76.5,74.3,72.0,69.1,66.2,63.3,61.3,62.6,64.1,65.9,67.6,69.6,71.8,74.6,77.2,80.4,85.6,88.8
64.5,64.9,64.9,64.1,62.6,60.7,58.3,55.7,52.9,49.5,48.2,48.8,49.8,50.7,52.0,53.0,54.0,55.2,56.2,57.2,59.2,61.9,65.7,68.4,69.6,70.2,70.0,69.4,68.2,66.2,64.0,61.4,58.7,55.7,52.6,52.5,53.9,55.7,57.0,58.8,60.1,61.7,63.4,65.5,68.5,72.4,76.8,78.9,80.0,79.9,79.1,77.5,75.4,73.2,70.4,67.4,64.6,61.3,57.9,56.5,57.7,59.1,60.7,62.3,64.0,65.8,67.5,69.5,72.3,76.5,80.0,81.7,82.5,82.3,81.6,80.5,78.9,76.9,74.7,72.3,69.4,66.6,63.6,61.5,62.7,64.1,65.9,67.8,69.9,72.2,75.1,77.6,80.8,86.0
63.8,64.7,65.3,65.0,64.2,62.7,60.8,58.4,55.9,53.0,50.0,48.3,48.9,50.0,51.0,52.1,53.2,54.1,55.1,56.2,57.4,59.5,62.3,66.4,68.9,70.1,70.8,70.6,69.9,68.5,66.7,64.4,61.9,59.2,56.2,52.9,52.9,54.3,55.9,57.1,58.8,60.2,61.9,63.8,66.0,68.8,72.7,77.1,79.2,80.2,80.0,79.1,77.4,75.5,73.2,70.4,67.7,64.6,61.3,58.1,56.5,57.8,59.1,60.9,62.5,64.1,65.9,67.7,69.8,72.7,77.2,80.4,82.1,82.8,82.8,82.1,81.2,79.3,77.4,75.0,72.6,69.7,66.9,63.7,61.6,62.7,64.1,66.0,68.2,70.4,72.6,75.4,78.0,81.2
61.6,64.0,65.0,65.4,65.1,64.3,62.8,60.9,58.5,56.1,53.4,50.1,48.3,49.1,50.3,51.1,52.3,53.3,54.0,55.2,56.4,57.7,59.8,62.9,66.9,69.4,70.6,71.3,71.1,70.2,69.0,67.2,64.9,62.3,59.7,56.5,53.4,53.2,54.5,56.0,57.3,58.9,60.4,62.3,64.2,66.4,69.1,73.1,77.4,79.5,80.4,80.0,79.0,77.5,75.5,73.2,70.6,67.6,64.6,61.3,58.1,56.6,57.9,59.3,61.0,62.6,64.2,66.1,68.0,70.2,73.3,77.6,80.9,82.5,83.3,83.3,82.8,81.6,79.8,77.8,75.3,72.9,70.0,67.0,63.8,61.6,62.7,64.3,66.3,68.6,70.8,73.0,75.8,78.4
58.6,61.8,64.3,65.1,65.5,65.2,64.4,62.9,61.0,58.7,56.4,53.4,50.3,48.6,49.4,50.4,51.2,52.3,53.2,54.1,55.3,56.6,58.0,60.3,63.4,67.4,69.9,71.2,71.9,71.5,70.8,69.5,67.6,65.4,62.9,60.2,56.9,53.7,53.4,54.6,56.1,57.3,59.2,60.7,62.6,64.6,66.6,69.4,73.5,77.7,79.6,80.4,79.9,79.1,77.4,75.5,73.4,70.6,67.6,64.5,61.3,58.2,56.7,58.1,59.5,61.0,62.6,64.3,66.3,68.3,70.8,73.8,78.1,81.2,83.0,83.8,84.0,83.2,82.1,80.2,78.0,75.7,73.2,70.1,67.1,63.9,61.6,62.9,64.6,66.8,68.9,71.1,73.3,76.2
56.5,58.7,62.1,64.4,65.1,65.6,65.3,64.5,63.0,61.1,59.0,56.4,53.5,50.7,48.8,49.5,50.4,51.3,52.2,53.2,54.2,55.5,56.9,58.6,60.8,63.9,68.0,70.5,71.8,72.2,72.1,71.3,69.9,68.2,66.0,63.5,60.6,57.3,53.9,53.5,54.8,56.1,57.6,59.5,61.0,63.0,64.8,66.9,69.7,73.7,77.9,79.6,80.3,80.1,79.1,77.4,75.7,73.4,70.5,67.5,64.4,61.3,58.4,56.9,58.2,59.5,60.9,62.7,64.5,66.7,68.9,71.3,74.2,78.5,81.7,83.5,84.5,84.4,83.7,82.5,80.5,78.4,76.0,73.3,70.3,67.3,64.0,61.7,63.3,65.0,67.1,69.2,71.4,73.7
55.1,56.7,59.0,62.2,64.4,65.2,65.7,65.5,64.6,63.2,61.3,59.1,56.6,53.9,51.0,48.9,49.5,50.4,51.2,52.2,53.3,54.4,55.9,57.4,58.9,61.2,64.4,68.5,71.0,72.2,72.9,72.6,71.7,70.6,68.8,66.6,63.9,60.9,57.5,54.2,53.6,54.9,56.3,57.9,59.8,61.3,63.1,65.0,67.1,69.9,74.0,77.9,79.6,80.4,80.0,79.1,77.6,75.7,73.3,70.4,67.3,64.3,61.4,58.6,57.1,58.3,59.5,61.1,63.0,65.0,67.2,69.3,71.7,74.6,79.0,82.3,84.1,84.9,84.9,84.1,82.8,80.8,78.7,76.1,73.5,70.4,67.3,64.2,62.0,63.6,65.4,67.3,69.5,71.8
53.9,55.2,56.9,59.1,62.3,64.6,65.5,65.9,65.7,64.8,63.4,61.4,59.3,56.9,54.2,51.0,48.9,49.5,50.3,51.2,52.3,53.5,54.7,56.4,57.7,59.3,61.7,65.0,69.0,71.4,72.8,73.4,73.0,72.3,71.3,69.4,67.0,64.2,61.2,57.7,54.4,53.7,55.1,56.5,58.2,60.1,61.6,63.4,65.2,67.4,70.2,74.1,77.9,79.7,80.4,80.0,79.2,77.6,75.6,73.1,70.1,67.2,64.3,61.5,58.8,57.1,58.3,59.7,61.4,63.5,65.5,67.6,69.7,72.1,75.0,79.6,82.9,84.5,85.3,85.3,84.3,83.1,81.2,78.8,76.3,73.7,70.6,67.6,64.5,62.5,63.9,65.6,67.6,69.9
53.3,54.1,55.4,56.9,59.2,62.4,64.8,65.7,66.0,65.9,64.9,63.4,61.6,59.7,57.1,54.2,51.2,49.0,49.4,50.3,51.3,52.5,53.8,55.2,56.7,58.1,59.8,62.1,65.5,69.4,72.1,73.4,73.9,73.7,73.0,71.9,69.9,67.3,64.5,61.4,57.7,54.5,53.9,55.3,56.8,58.5,60.3,61.8,63.6,65.5,67.7,70.2,74.3,78.2,79.7,80.4,80.1,79.2,77.5,75.5,72.9,69.9,67.2,64.4,61.7,58.8,57.1,58.4,59.9,61.8,64.0,65.8,68.0,70.0,72.5,75.5,80.1,83.3,85.0,85.8,85.5,84.7,83.4,81.3,79.0,76.5,73.9,70.9,68.1,64.9,62.8,64.2,65.9,68.0
52.3,53.4,54.3,55.4,57.0,59.2,62.6,65.0,65.8,66.2,66.0,65.0,63.6,62.0,59.9,57.2,54.3,51.3,49.0,49.4,50.2,51.4,52.8,54.2,55.5,57.0,58.6,60.3,62.6,65.8,70.1,72.6,73.9,74.5,74.4,73.6,72.4,70.2,67.6,64.7,61.4,57.9,54.8,54.0,55.5,57.1,58.6,60.4,62.1,63.9,65.8,67.8,70.4,74.5,78.2,79.9,80.4,80.1,79.1,77.3,75.2,72.7,69.9,67.2,64.6,61.7,58.8,57.2,58.6,60.2,62.3,64.3,66.3,68.3,70.4,73.0,76.0,80.6,83.7,85.4,86.0,85.8,85.0,83.6,81.5,79.2,76.7,74.2,71.4,68.6,65.3,63.0,64.4,66.3
