day 0,day 1,day 2,day 3,day 4,day 5,day 6,day 7,day 8,day 9,day 10,day 11,day 12,day 13,day 14,day 15,day 16,day 17,day 18,day 19,day 20,day 21,day 22,day 23,day 24,day 25,day 26,day 27,day 28,day 29,day 30,day 31,day 32,day 33,day 34,day 35,day 36,day 37,day 38,day 39,day 40,day 41,day 42,day 43,day 44,day 45,day 46,day 47,day 48,day 49,day 50,day 51,day 52,day 53,day 54,day 55,day 56,day 57,day 58,day 59,day 60,day 61,day 62,day 63,day 64,day 65,day 66,day 67,day 68,day 69,day 70,day 71,day 72,day 73,day 74,day 75,day 76,day 77,day 78,day 79,day 80,day 81,day 82,day 83,day 84,day 85,day 86,day 87,day 88,day 89,day 90,day 91,day 92,day 93
70.3,71.2,72.1,72.8,74.3,77.9,81.1,82.4,83.6,84.1,84.1,83.7,82.6,81.7,80.0,78.0,75.4,72.8,70.1,68.5,69.3,70.0,70.8,71.7,72.3,73.1,74.2,75.0,76.8,80.6,84.0,85.6,86.3,86.6,86.4,85.7,84.6,83.0,80.9,78.3,75.2,72.3,69.6,68.9,69.3,69.7,70.3,70.8,71.6,72.3,73.1,73.9,74.8,77.6,81.0,82.9,84.0,84.0,84.0,83.1,81.9,80.4,78.4,75.9,72.9,69.6,66.4,66.5,67.0,67.2,67.6,68.1,68.7,69.2,69.6,70.1,70.9,72.7,76.2,78.3,79.6,79.6,79.3,78.2,76.8,74.8,72.3,69.6,66.3,63.2,60.5,60.7,60.7,60.9
69.6,70.3,71.1,72.0,72.8,74.2,78.0,81.0,82.6,83.7,84.2,84.3,83.6,83.0,81.8,80.1,78.0,75.5,72.9,70.3,68.8,69.6,70.2,70.8,71.7,72.4,73.2,74.1,75.1,76.7,80.6,83.9,85.5,86.1,86.5,86.3,85.7,84.7,82.9,80.8,78.3,75.1,72.3,69.6,68.8,69.2,69.7,70.3,70.7,71.5,72.4,73.0,73.7,74.5,77.4,80.7,82.8,83.8,83.9,83.8,82.9,81.9,80.4,78.4,75.9,72.8,69.5,66.5,66.5,66.8,67.1,67.5,67.9,68.5,68.9,69.3,69.9,70.6,72.2,75.7,78.0,79.2,79.3,79.0,77.9,76.5,74.5,72.1,69.4,66.1,62.8,60.2,60.4,60.4
68.8,69.5,70.3,71.1,72.0,72.7,74.3,78.0,81.1,82.6,83.9,84.4,84.1,84.0,83.1,82.0,80.2,78.2,75.7,73.2,70.6,69.0,69.7,70.3,71.0,71.8,72.5,73.1,74.2,74.9,76.7,80.6,83.8,85.3,85.9,86.3,86.3,85.7,84.5,82.8,80.8,78.2,75.1,72.4,69.5,68.7,69.1,69.6,70.1,70.6,71.5,72.2,72.6,73.4,74.3,77.1,80.6,82.7,83.7,83.7,83.6,82.9,82.0,80.4,78.5,75.8,72.7,69.5,66.4,66.3,66.6,67.0,67.3,67.8,68.2,68.6,69.1,69.6,70.2,71.5,75.3,77.7,78.9,78.9,78.7,77.6,76.2,74.4,72.0,69.1,65.9,62.5,60.0,60.1
68.3,68.8,69.5,70.2,71.0,72.0,72.8,74.2,78.0,81.1,82.9,84.1,84.2,84.5,84.0,83.2,82.1,80.4,78.4,76.0,73.4,70.8,69.3,69.8,70.4,71.1,71.9,72.5,73.1,74.1,75.0,76.8,80.4,83.6,85.2,85.9,86.3,86.4,85.6,84.4,82.8,80.6,78.1,75.2,72.3,69.4,68.7,68.9,69.4,70.1,70.6,71.4,71.9,72.4,73.2,74.2,76.9,80.5,82.5,83.5,83.5,83.4,82.8,82.0,80.4,78.4,75.7,72.6,69.3,66.2,66.1,66.5,66.7,67.1,67.5,68.0,68.5,68.7,69.2,69.6,71.0,74.8,77.3,78.6,78.6,78.3,77.3,76.1,74.3,71.7,69.0,65.6,62.3,59.7
67.9,68.2,68.9,69.5,70.1,71.0,72.1,72.7,74.3,78.1,81.3,83.0,83.9,84.6,84.5,84.2,83.3,82.2,80.7,78.7,76.3,73.7,70.9,69.3,69.9,70.5,71.1,71.8,72.6,73.1,74.1,75.0,76.7,80.2,83.4,85.1,85.8,86.4,86.3,85.4,84.4,82.6,80.5,78.2,75.1,72.2,69.4,68.5,68.8,69.4,70.1,70.5,71.1,71.6,72.3,73.0,74.0,76.7,80.4,82.3,83.3,83.4,83.3,82.9,82.0,80.4,78.3,75.4,72.4,69.1,66.0,66.0,66.3,66.6,67.0,67.3,67.8,68.1,68.4,68.7,69.1,70.5,74.4,77.0,78.2,78.2,78.1,77.1,75.9,73.9,71.6,68.8,65.4,61.9
67.4,67.9,68.3,68.8,69.4,70.1,71.0,72.0,72.7,74.3,78.3,81.4,82.9,84.3,84.7,84.6,84.2,83.5,82.4,81.0,78.9,76.6,73.8,70.9,69.4,70.0,70.5,71.1,71.8,72.6,73.1,74.1,75.0,76.5,80.0,83.3,85.0,85.9,86.2,86.1,85.4,84.2,82.4,80.6,78.0,75.0,72.2,69.2,68.5,68.7,69.4,70.0,70.2,70.8,71.5,72.1,72.9,73.8,76.5,80.2,82.2,83.1,83.3,83.4,82.9,82.0,80.2,78.0,75.3,72.2,69.0,65.8,65.8,66.1,66.5,66.8,67.1,67.5,67.7,67.9,68.2,68.7,70.1,74.0,76.6,77.8,78.0,77.9,77.0,75.6,73.9,71.5,68.7,65.1
69.3,67.4,67.9,68.2,68.7,69.4,70.2,71.0,72.0,72.7,74.5,78.4,81.3,83.3,84.3,84.8,84.7,84.4,83.7,82.8,81.2,79.2,76.6,73.8,70.9,69.5,70.0,70.4,71.1,71.8,72.5,73.0,74.1,74.9,76.4,79.9,83.2,85.2,85.8,86.1,86.2,85.2,84.0,82.5,80.4,77.9,75.0,72.1,69.0,68.4,68.7,69.3,69.7,70.0,70.7,71.3,72.0,72.7,73.5,76.2,80.1,82.0,83.1,83.4,83.4,82.7,81.7,79.9,77.8,75.1,72.1,68.7,65.6,65.6,66.0,66.3,66.6,66.8,67.0,67.2,67.5,67.7,68.2,69.7,73.6,76.2,77.5,77.8,77.8,76.6,75.5,73.7,71.4,68.4
71.8,69.3,67.4,67.8,68.1,68.8,69.5,70.2,71.0,71.9,72.9,74.7,78.4,81.7,83.4,84.4,84.9,84.8,84.6,84.0,83.0,81.5,79.3,76.7,73.7,71.0,69.5,69.9,70.4,71.2,71.7,72.5,73.0,74.0,74.6,76.2,79.8,83.4,85.0,85.7,86.3,86.0,85.0,84.1,82.3,80.3,77.9,74.9,71.9,69.0,68.4,68.6,69.0,69.4,69.8,70.5,71.1,71.8,72.5,73.3,75.9,79.9,82.0,83.1,83.3,83.2,82.5,81.4,79.7,77.7,75.1,71.9,68.6,65.4,65.5,65.8,66.1,66.2,66.3,66.5,66.8,67.0,67.3,67.9,69.3,73.1,75.9,77.4,77.7,77.4,76.5,75.3,73.6,71.1
74.6,71.9,69.3,67.3,67.7,68.2,68.8,69.5,70.2,70.9,72.1,73.1,74.7,78.8,81.9,83.6,84.5,84.9,85.0,85.0,84.3,83.3,81.6,79.3,76.6,73.8,70.9,69.4,69.9,70.4,71.1,71.7,72.5,73.0,73.7,74.5,76.1,79.9,83.3,84.9,85.8,86.2,85.8,85.0,83.9,82.1,80.3,77.8,74.8,71.8,68.8,68.3,68.4,68.8,69.3,69.6,70.3,71.0,71.6,72.3,73.2,75.7,79.8,82.0,83.0,83.0,83.0,82.2,81.2,79.6,77.7,74.9,71.7,68.2,65.3,65.4,65.6,65.7,65.8,65.9,66.2,66.4,66.6,67.0,67.7,69.0,72.8,75.8,77.1,77.3,77.4,76.3,75.2,73.3
77.1,74.7,71.8,69.2,67.2,67.8,68.2,68.9,69.5,70.1,71.0,72.3,73.1,75.0,78.8,82.0,83.7,84.6,85.2,85.3,85.3,84.6,83.5,81.6,79.2,76.6,73.8,70.7,69.5,69.9,70.4,71.1,71.7,72.4,72.7,73.5,74.3,76.2,79.7,83.1,84.9,85.7,86.0,85.8,84.9,83.7,82.1,80.2,77.7,74.7,71.7,68.7,68.0,68.2,68.7,69.1,69.5,70.1,70.8,71.3,72.1,73.0,75.5,79.7,81.9,82.7,82.8,82.8,82.1,81.0,79.6,77.5,74.7,71.3,68.0,65.2,65.2,65.2,65.4,65.3,65.4,65.7,65.9,66.3,66.7,67.4,68.8,72.5,75.5,76.7,77.3,77.1,76.1,74.9
79.0,77.2,74.6,71.7,69.1,67.3,67.7,68.2,68.8,69.4,70.3,71.3,72.3,73.4,75.1,78.9,82.1,83.8,84.9,85.5,85.7,85.6,84.8,83.5,81.5,79.3,76.7,73.7,70.8,69.4,69.8,70.4,71.0,71.6,72.1,72.6,73.4,74.5,76.0,79.6,83.1,84.9,85.6,86.0,85.8,84.7,83.7,82.0,80.1,77.7,74.6,71.5,68.3,67.8,68.1,68.5,68.9,69.3,69.9,70.6,71.2,72.0,72.9,75.5,79.5,81.6,82.7,82.8,82.6,82.0,81.1,79.4,77.3,74.3,71.0,67.8,65.0,64.8,64.8,64.8,64.8,64.9,65.3,65.7,66.1,66.5,67.2,68.5,72.1,75.2,76.7,77.1,77.0,75.8
80.9,79.0,77.1,74.6,71.7,69.1,67.2,67.8,68.2,68.8,69.6,70.5,71.3,72.6,73.5,75.1,79.0,82.2,84.0,85.2,85.9,86.0,85.9,84.9,83.4,81.6,79.3,76.6,73.7,70.7,69.4,69.9,70.4,71.0,71.4,72.0,72.5,73.6,74.4,75.9,79.5,82.9,84.8,85.6,86.0,85.7,84.7,83.6,81.9,80.1,77.5,74.4,71.3,68.1,67.7,67.9,68.3,68.7,69.1,69.7,70.4,71.1,71.9,72.9,75.3,79.3,81.6,82.5,82.6,82.5,82.1,80.8,79.2,76.9,74.0,70.7,67.5,64.5,64.4,64.2,64.3,64.3,64.5,65.1,65.5,65.9,66.3,67.0,68.2,71.8,75.1,76.4,76.9,76.6
82.3,81.0,79.0,77.1,74.6,71.7,69.1,67.2,67.8,68.1,69.0,69.9,70.6,71.5,72.7,73.5,75.2,79.1,82.5,84.3,85.7,86.1,86.2,85.9,84.8,83.6,81.7,79.3,76.5,73.6,70.7,69.4,69.8,70.3,70.8,71.2,71.9,72.7,73.5,74.3,75.8,79.3,82.7,84.8,85.7,85.9,85.6,84.7,83.5,81.9,79.9,77.3,74.2,71.1,68.0,67.5,67.7,68.0,68.4,68.8,69.6,70.4,71.0,71.9,72.9,75.1,79.2,81.4,82.4,82.6,82.7,81.8,80.7,78.9,76.5,73.6,70.4,67.1,64.1,63.8,63.8,63.7,63.9,64.3,64.9,65.2,65.6,66.1,66.8,67.9,71.7,74.9,76.3,76.6
83.3,82.3,80.9,79.1,77.2,74.6,71.8,69.1,67.2,67.7,68.3,69.2,70.0,70.8,71.6,72.7,73.7,75.4,79.3,82.7,84.8,85.9,86.4,86.3,85.9,85.1,83.6,81.7,79.3,76.4,73.5,70.6,69.3,69.7,70.1,70.6,71.0,72.0,72.6,73.4,74.3,75.8,79.2,82.6,84.8,85.6,85.8,85.6,84.7,83.5,81.7,79.7,77.0,74.0,71.0,67.8,67.4,67.5,67.8,68.2,68.7,69.5,70.3,71.0,71.8,72.7,75.1,79.0,81.3,82.3,82.7,82.5,81.6,80.4,78.5,76.2,73.3,70.0,66.6,63.6,63.4,63.2,63.3,63.7,64.1,64.6,65.0,65.5,65.8,66.5,67.7,71.3,74.8,76.0
83.7,83.3,82.2,81.1,79.2,77.1,74.6,71.8,69.1,67.2,67.9,68.6,69.3,70.3,70.9,71.7,72.8,73.8,75.6,79.5,83.1,85.0,86.1,86.5,86.3,86.1,85.1,83.7,81.7,79.2,76.3,73.4,70.5,69.3,69.6,70.0,70.5,71.1,71.9,72.5,73.4,74.3,75.8,79.1,82.5,84.8,85.6,85.9,85.7,84.6,83.3,81.4,79.4,76.9,73.9,70.9,67.6,67.2,67.3,67.6,68.0,68.7,69.4,70.3,70.9,71.7,72.7,75.0,78.8,81.2,82.5,82.5,82.3,81.4,79.9,78.2,75.9,72.8,69.5,66.1,63.1,62.8,62.8,63.1,63.5,63.8,64.4,64.8,65.3,65.6,66.3,67.4,71.1,74.4
83.8,83.7,83.2,82.3,81.1,79.2,77.1,74.7,71.8,69.1,67.3,68.1,68.7,69.6,70.3,71.0,71.8,72.9,74.0,75.9,79.9,83.3,85.3,86.2,86.5,86.5,86.2,85.2,83.7,81.7,79.1,76.2,73.3,70.3,69.1,69.4,69.8,70.6,71.0,71.8,72.5,73.4,74.4,75.8,79.0,82.5,84.7,85.6,85.9,85.6,84.5,83.1,81.2,79.3,76.7,73.8,70.7,67.4,67.0,67.0,67.4,68.1,68.6,69.5,70.2,70.7,71.7,72.6,74.7,78.8,81.3,82.2,82.2,82.1,81.0,79.7,77.9,75.4,72.4,69.0,65.6,62.5,62.4,62.7,62.9,63.2,63.7,64.2,64.6,65.0,65.4,66.1,67.1,70.7
83.2,83.8,83.6,83.2,82.4,81.1,79.1,77.2,74.7,71.8,69.2,67.6,68.2,68.9,69.6,70.4,71.0,71.9,73.1,74.2,76.2,80.0,83.5,85.4,86.2,86.7,86.6,86.4,85.2,83.7,81.6,79.1,76.1,73.2,70.2,68.9,69.3,69.9,70.5,71.0,71.8,72.6,73.4,74.4,75.7,78.9,82.4,84.7,85.6,85.8,85.5,84.2,82.8,81.1,79.1,76.6,73.7,70.6,67.1,66.7,66.9,67.4,68.0,68.7,69.5,70.1,70.8,71.6,72.4,74.6,78.8,81.0,82.0,82.0,81.6,80.8,79.3,77.4,74.9,72.0,68.5,65.0,62.2,62.3,62.4,62.6,63.0,63.5,64.0,64.3,64.8,65.2,65.8,66.8
82.3,83.3,83.8,83.6,83.2,82.4,81.0,79.3,77.2,74.7,71.9,69.4,67.7,68.5,69.0,69.8,70.6,71.1,72.1,73.4,74.6,76.4,80.3,83.6,85.5,86.3,86.8,86.9,86.3,85.2,83.6,81.5,79.0,76.0,73.0,69.9,68.8,69.3,69.7,70.4,70.9,71.9,72.6,73.4,74.3,75.7,78.8,82.4,84.7,85.6,85.6,85.1,83.8,82.6,80.9,79.0,76.5,73.6,70.3,66.8,66.5,66.9,67.4,68.1,68.6,69.3,70.2,70.7,71.4,72.3,74.5,78.5,80.7,81.7,81.6,81.4,80.5,78.9,77.0,74.5,71.4,68.0,64.7,62.0,62.1,62.1,62.5,62.9,63.2,63.7,64.1,64.5,64.9,65.6
80.8,82.3,83.3,83.8,83.6,83.3,82.3,81.2,79.3,77.3,74.7,72.1,69.5,67.9,68.5,69.1,69.9,70.6,71.4,72.4,73.7,74.7,76.6,80.3,83.7,85.6,86.4,87.1,86.7,86.4,85.1,83.6,81.4,78.9,75.8,72.9,69.8,68.8,69.2,69.7,70.4,71.0,71.9,72.6,73.4,74.3,75.5,78.8,82.4,84.6,85.3,85.1,84.7,83.6,82.4,80.8,78.9,76.5,73.3,70.0,66.6,66.5,66.9,67.5,68.0,68.6,69.4,70.1,70.5,71.2,72.2,74.2,78.2,80.4,81.3,81.3,81.3,80.1,78.3,76.6,73.9,71.0,67.7,64.5,61.8,61.8,62.0,62.3,62.6,62.9,63.5,63.8,64.3,64.7
77.9,80.8,82.4,83.3,83.8,83.7,83.2,82.4,81.2,79.5,77.4,74.8,72.2,69.7,68.0,68.7,69.2,69.9,70.8,71.7,72.7,73.8,74.9,76.7,80.4,83.9,85.7,86.7,86.9,86.8,86.3,85.1,83.5,81.3,78.7,75.6,72.7,69.7,68.7,69.2,69.7,70.5,71.0,71.8,72.5,73.3,74.1,75.5,78.8,82.4,84.2,84.8,84.8,84.6,83.5,82.4,80.8,78.9,76.2,73.1,69.9,66.6,66.5,67.0,67.4,68.0,68.6,69.3,69.8,70.3,71.1,72.0,73.9,77.8,79.9,81.0,81.2,80.9,79.5,78.0,76.1,73.6,70.7,67.4,64.2,61.4,61.7,61.9,62.1,62.3,62.7,63.2,63.5,64.1
74.4,77.9,80.8,82.4,83.3,83.9,83.7,83.3,82.5,81.4,79.6,77.4,75.0,72.5,69.7,68.1,68.8,69.2,70.1,71.1,72.0,72.8,73.9,75.0,76.8,80.6,84.0,85.9,86.5,86.9,86.8,86.2,85.0,83.3,81.1,78.6,75.5,72.6,69.6,68.7,69.2,69.8,70.5,71.0,71.7,72.5,73.2,74.1,75.4,78.7,82.0,83.8,84.5,84.7,84.3,83.4,82.3,80.8,78.7,76.1,73.0,69.8,66.5,66.5,67.0,67.4,68.0,68.6,69.1,69.7,70.3,70.9,71.7,73.6,77.3,79.6,80.9,80.8,80.4,79.2,77.5,75.7,73.3,70.4,67.1,63.8,61.3,61.6,61.6,61.7,62.0,62.4,62.9,63.3
72.9,74.4,77.9,80.9,82.4,83.4,83.9,83.8,83.4,82.5,81.5,79.6,77.6,75.2,72.6,69.9,68.3,68.8,69.5,70.4,71.4,72.1,72.9,74.0,75.0,76.8,80.6,84.1,85.7,86.5,86.8,86.8,86.1,84.8,83.0,81.0,78.6,75.4,72.5,69.5,68.7,69.3,69.8,70.5,70.8,71.8,72.5,73.1,74.1,75.3,78.4,81.6,83.5,84.4,84.4,84.1,83.3,82.2,80.5,78.5,76.0,73.0,69.7,66.5,66.5,67.0,67.4,67.9,68.4,68.9,69.6,70.0,70.7,71.5,73.2,77.0,79.3,80.4,80.1,80.0,78.8,77.3,75.5,72.9,70.1,66.8,63.7,61.2,61.4,61.3,61.4,61.7,62.0,62.6
72.1,72.8,74.3,77.9,80.9,82.5,83.4,84.0,84.0,83.5,82.7,81.5,79.8,77.8,75.3,72.7,70.0,68.3,69.1,69.7,70.6,71.6,72.2,72.9,74.0,75.1,76.8,80.6,84.0,85.7,86.4,86.7,86.6,85.9,84.6,83.0,81.0,78.5,75.2,72.4,69.5,68.8,69.3,69.8,70.4,70.9,71.7,72.4,73.1,74.1,75.2,78.0,81.2,83.2,84.2,84.2,84.0,83.3,82.0,80.4,78.5,75.9,72.9,69.7,66.4,66.5,67.0,67.4,67.7,68.3,68.9,69.4,69.8,70.5,71.1,73.0,76.7,78.9,79.9,79.9,79.6,78.5,77.1,75.1,72.6,69.8,66.6,63.4,60.9,61.0,60.9,61.2,61.4,61.8
71.2,72.1,72.8,74.3,77.9,81.1,82.4,83.6,84.1,84.1,83.7,82.6,81.7,80.0,78.0,75.4,72.8,70.1,68.5,69.3,70.0,70.8,71.7,72.3,73.1,74.2,75.0,76.8,80.6,84.0,85.6,86.3,86.6,86.4,85.7,84.6,83.0,80.9,78.3,75.2,72.3,69.6,68.9,69.3,69.7,70.3,70.8,71.6,72.3,73.1,73.9,74.8,77.6,81.0,82.9,84.0,84.0,84.0,83.1,81.9,80.4,78.4,75.9,72.9,69.6,66.4,66.5,67.0,67.2,67.6,68.1,68.7,69.2,69.6,70.1,70.9,72.7,76.2,78.3,79.6,79.6,79.3,78.2,76.8,74.8,72.3,69.6,66.3,63.2,60.5,60.7,60.7,60.9,61.1
70.3,71.1,72.0,72.8,74.2,78.0,81.0,82.6,83.7,84.2,84.3,83.6,83.0,81.8,80.1,78.0,75.5,72.9,70.3,68.8,69.6,70.2,70.8,71.7,72.4,73.2,74.1,75.1,76.7,80.6,83.9,85.5,86.1,86.5,86.3,85.7,84.7,82.9,80.8,78.3,75.1,72.3,69.6,68.8,69.2,69.7,70.3,70.7,71.5,72.4,73.0,73.7,74.5,77.4,80.7,82.8,83.8,83.9,83.8,82.9,81.9,80.4,78.4,75.9,72.8,69.5,66.5,66.5,66.8,67.1,67.5,67.9,68.5,68.9,69.3,69.9,70.6,72.2,75.7,78.0,79.2,79.3,79.0,77.9,76.5,74.5,72.1,69.4,66.1,62.8,60.2,60.4,60.4,60.6
