day 0,day 1,day 2,day 3,day 4,day 5,day 6,day 7,day 8,day 9,day 10,day 11,day 12,day 13,day 14,day 15,day 16,day 17,day 18,day 19,day 20,day 21,day 22,day 23,day 24,day 25,day 26,day 27,day 28,day 29,day 30,day 31,day 32,day 33,day 34,day 35,day 36,day 37,day 38,day 39,day 40,day 41,day 42,day 43,day 44,day 45,day 46,day 47,day 48,day 49,day 50,day 51,day 52,day 53,day 54,day 55,day 56,day 57,day 58,day 59,day 60,day 61,day 62,day 63,day 64,day 65,day 66,day 67,day 68,day 69,day 70,day 71,day 72,day 73,day 74,day 75,day 76,day 77,day 78,day 79,day 80,day 81,day 82,day 83,day 84,day 85,day 86,day 87,day 88,day 89,day 90,day 91,day 92,day 93
70.1,71.2,72.4,74.0,76.3,79.1,81.0,82.2,82.7,83.0,82.9,82.3,81.5,80.5,78.8,76.3,73.6,70.5,68.2,68.5,69.0,69.7,70.6,71.3,72.2,73.3,74.2,75.7,77.8,80.7,82.9,83.9,84.1,84.2,83.8,83.2,82.0,80.3,78.3,75.8,72.8,69.6,68.0,68.3,68.9,69.3,69.8,70.6,71.3,72.1,73.1,74.6,76.3,79.1,81.5,82.9,83.4,83.5,83.0,82.2,81.0,79.6,77.5,74.7,71.3,67.7,66.8,67.2,67.7,68.2,68.9,69.5,70.2,70.8,71.8,72.9,74.2,76.5,79.2,80.3,80.7,80.9,80.2,78.8,77.2,75.2,72.3,69.1,65.2,61.6,61.0,61.2,61.4,61.9
69.3,70.2,71.2,72.3,73.9,76.4,79.0,80.9,82.2,83.0,83.0,83.0,82.5,81.7,80.6,78.7,76.4,73.7,70.7,68.4,68.7,69.1,69.8,70.7,71.5,72.2,73.2,74.1,75.7,77.9,80.8,82.7,83.9,84.0,84.1,83.9,83.2,81.9,80.2,78.2,75.8,72.8,69.6,68.1,68.5,68.7,69.2,69.8,70.5,71.1,72.0,73.0,74.5,76.1,79.1,81.4,82.8,83.4,83.5,83.0,82.2,81.1,79.7,77.5,74.8,71.3,67.7,66.8,67.1,67.6,68.1,68.7,69.2,70.0,70.8,71.6,72.6,73.9,76.1,78.7,79.9,80.4,80.6,79.9,78.4,76.9,74.8,72.1,69.0,65.0,61.3,60.8,60.9,61.3
68.6,69.4,70.2,71.1,72.3,74.1,76.4,78.9,80.8,82.6,83.0,83.2,83.2,82.7,81.8,80.5,78.9,76.6,73.9,70.9,68.6,68.8,69.2,70.0,70.8,71.5,72.2,73.1,74.1,75.8,77.9,80.7,82.7,83.7,83.8,84.1,83.8,83.0,81.8,80.1,78.3,75.9,72.8,69.7,68.3,68.2,68.6,69.2,69.7,70.4,71.0,71.9,72.9,74.3,76.1,79.0,81.4,82.7,83.3,83.5,82.9,82.3,81.2,79.6,77.6,74.8,71.2,67.7,66.8,67.1,67.4,67.8,68.4,69.1,69.9,70.5,71.3,72.4,73.5,75.6,78.3,79.5,80.0,80.3,79.5,78.1,76.5,74.7,72.0,68.8,64.7,61.0,60.5,60.8
68.0,68.7,69.4,70.1,71.2,72.3,74.1,76.3,79.0,81.2,82.6,83.1,83.3,83.5,82.8,81.7,80.7,79.0,76.7,74.1,71.0,68.7,68.8,69.4,70.1,70.9,71.4,72.1,73.1,74.1,75.8,77.8,80.7,82.5,83.5,83.8,84.1,83.7,82.9,81.7,80.1,78.3,75.9,72.9,69.8,68.0,68.1,68.5,69.1,69.6,70.3,70.9,71.8,72.7,74.3,76.0,78.9,81.2,82.6,83.3,83.4,83.1,82.4,81.2,79.8,77.7,74.7,71.1,67.6,66.7,66.9,67.2,67.5,68.3,69.0,69.7,70.2,71.1,72.0,73.1,75.2,77.9,79.2,79.7,79.9,79.1,77.6,76.3,74.6,71.8,68.5,64.5,60.7,60.4
67.4,68.1,68.7,69.4,70.2,71.2,72.4,74.1,76.3,79.3,81.3,82.7,83.2,83.6,83.5,82.7,81.8,80.8,79.2,77.0,74.2,71.1,68.8,69.0,69.5,70.1,70.8,71.3,72.0,73.1,74.2,75.8,77.7,80.6,82.4,83.5,83.8,84.1,83.6,82.8,81.7,80.2,78.4,76.0,72.9,69.6,67.8,68.0,68.4,69.0,69.5,70.2,70.8,71.6,72.8,74.2,75.8,78.7,81.0,82.6,83.3,83.5,83.1,82.4,81.4,79.8,77.5,74.6,71.1,67.5,66.5,66.6,66.9,67.4,68.1,68.7,69.4,70.0,70.7,71.6,72.8,74.7,77.5,78.8,79.4,79.5,78.7,77.5,76.1,74.4,71.7,68.4,64.2,60.6
67.0,67.4,68.1,68.6,69.4,70.1,71.3,72.4,74.1,76.6,79.4,81.5,82.7,83.5,83.5,83.5,82.8,81.9,81.0,79.4,77.1,74.4,71.1,68.9,69.1,69.5,70.1,70.7,71.3,72.1,73.1,74.1,75.7,77.6,80.4,82.3,83.4,83.8,84.0,83.5,82.8,81.8,80.3,78.4,75.9,72.8,69.4,67.8,67.9,68.4,68.8,69.4,70.2,70.7,71.7,72.8,74.1,75.7,78.5,81.0,82.6,83.4,83.6,83.2,82.6,81.5,79.7,77.4,74.6,71.0,67.4,66.3,66.4,66.8,67.4,68.0,68.5,69.2,69.7,70.3,71.2,72.3,74.3,77.2,78.5,79.0,79.1,78.5,77.3,76.0,74.3,71.7,68.2,64.0
67.1,67.1,67.4,68.0,68.6,69.4,70.3,71.3,72.4,74.3,76.7,79.6,81.7,83.0,83.4,83.5,83.5,82.8,82.1,81.1,79.5,77.3,74.4,71.2,69.0,69.1,69.4,70.0,70.7,71.4,72.1,73.1,74.1,75.6,77.5,80.4,82.4,83.5,83.7,84.0,83.5,82.8,81.8,80.3,78.3,75.8,72.7,69.4,67.6,67.8,68.2,68.8,69.4,70.1,70.8,71.6,72.7,74.0,75.5,78.4,81.0,82.8,83.4,83.6,83.4,82.7,81.4,79.7,77.4,74.5,70.9,67.1,66.0,66.3,66.8,67.2,67.7,68.2,68.8,69.2,69.9,70.7,71.8,73.9,76.8,78.2,78.7,78.9,78.4,77.2,75.8,74.2,71.5,68.0
69.7,67.2,67.1,67.4,68.0,68.6,69.5,70.2,71.2,72.5,74.4,76.9,79.7,81.9,82.9,83.3,83.6,83.6,83.0,82.3,81.2,79.7,77.4,74.5,71.3,69.0,69.0,69.3,70.0,70.8,71.4,72.1,73.0,74.0,75.4,77.4,80.4,82.4,83.4,83.7,84.1,83.6,82.9,81.9,80.2,78.2,75.9,72.7,69.2,67.6,67.6,68.2,68.8,69.3,70.2,70.7,71.5,72.5,73.8,75.4,78.4,81.1,82.7,83.4,83.8,83.5,82.6,81.4,79.7,77.3,74.4,70.7,66.8,65.9,66.3,66.6,67.0,67.5,67.9,68.4,68.8,69.3,70.2,71.4,73.5,76.4,77.8,78.7,78.9,78.2,76.9,75.8,74.1,71.3
72.7,69.7,67.2,67.1,67.4,68.0,68.8,69.4,70.2,71.4,72.7,74.6,77.0,80.0,81.8,82.8,83.4,83.6,83.7,83.1,82.4,81.5,79.8,77.4,74.4,71.1,68.9,68.9,69.3,70.1,70.8,71.3,72.0,72.9,73.9,75.4,77.4,80.5,82.3,83.3,83.8,84.1,83.6,83.0,81.8,80.0,78.2,75.9,72.6,69.1,67.4,67.5,68.1,68.7,69.4,70.1,70.6,71.4,72.3,73.7,75.4,78.5,81.0,82.7,83.6,83.9,83.4,82.5,81.4,79.6,77.2,74.2,70.4,66.6,65.8,66.1,66.5,66.8,67.1,67.5,68.0,68.2,68.9,69.8,71.0,73.1,76.1,77.8,78.7,78.7,78.0,77.0,75.7,74.0
75.4,72.7,69.7,67.2,67.1,67.4,68.1,68.8,69.4,70.4,71.5,72.9,74.7,77.2,79.9,81.8,82.9,83.5,83.8,83.7,83.2,82.7,81.7,79.9,77.3,74.2,71.0,68.8,68.8,69.5,70.1,70.8,71.3,72.0,72.8,73.8,75.4,77.4,80.3,82.2,83.4,83.8,84.1,83.7,82.9,81.6,80.2,78.3,75.8,72.5,68.9,67.3,67.6,68.0,68.8,69.3,70.0,70.5,71.2,72.2,73.7,75.5,78.4,81.1,82.8,83.5,83.8,83.3,82.6,81.4,79.5,77.1,73.9,70.2,66.6,65.7,66.0,66.3,66.5,66.7,67.0,67.4,67.7,68.4,69.4,70.6,72.6,76.0,77.7,78.5,78.5,77.9,76.9,75.5
77.8,75.5,72.8,69.7,67.1,67.1,67.6,68.1,68.7,69.5,70.5,71.7,73.0,74.9,77.2,79.9,81.8,83.0,83.7,83.9,83.9,83.6,82.9,81.7,79.7,77.1,74.2,70.8,68.7,69.0,69.5,70.1,70.8,71.3,71.9,72.8,73.8,75.4,77.4,80.2,82.2,83.3,83.8,84.1,83.6,82.7,81.8,80.2,78.3,75.8,72.3,68.8,67.3,67.5,68.1,68.7,69.3,69.9,70.3,71.1,72.2,73.8,75.4,78.4,81.3,82.8,83.4,83.8,83.5,82.6,81.3,79.4,76.9,73.8,70.0,66.4,65.6,65.8,65.9,66.0,66.3,66.5,66.9,67.3,68.0,69.1,70.3,72.5,75.8,77.5,78.3,78.5,77.8,76.8
79.6,77.8,75.6,72.7,69.6,67.1,67.3,67.5,68.0,68.8,69.7,70.7,71.8,73.2,74.9,77.2,80.1,81.9,83.3,83.8,84.0,84.2,83.8,82.9,81.5,79.4,77.0,74.0,70.7,68.9,68.9,69.4,70.1,70.7,71.2,71.9,72.7,73.8,75.3,77.3,80.2,82.2,83.3,83.7,83.9,83.4,82.9,81.8,80.3,78.3,75.7,72.2,68.8,67.3,67.6,68.0,68.6,69.1,69.7,70.2,71.1,72.2,73.8,75.4,78.6,81.3,82.6,83.4,83.9,83.5,82.5,81.3,79.2,76.7,73.6,69.7,66.2,65.4,65.4,65.5,65.6,65.7,66.0,66.4,66.9,67.7,68.7,70.2,72.4,75.6,77.3,78.3,78.3,77.7
80.9,79.6,77.9,75.5,72.7,69.6,67.3,67.2,67.5,68.1,68.9,69.8,70.9,72.0,73.2,75.0,77.4,80.2,82.1,83.4,84.0,84.2,84.4,83.8,82.7,81.3,79.4,76.9,73.9,70.8,68.9,68.9,69.4,69.9,70.6,71.2,71.8,72.7,73.6,75.2,77.3,80.2,82.2,83.3,83.6,83.8,83.7,82.9,81.8,80.3,78.2,75.5,72.1,68.7,67.4,67.5,68.0,68.5,68.9,69.5,70.2,71.1,72.2,73.8,75.6,78.6,81.2,82.5,83.4,83.9,83.4,82.4,81.1,79.1,76.4,73.3,69.6,66.0,65.0,65.0,65.1,65.0,65.2,65.5,66.0,66.6,67.4,68.6,70.1,72.1,75.4,77.3,78.1,78.1
82.0,80.9,79.6,77.9,75.6,72.8,69.7,67.2,67.1,67.5,68.2,69.1,70.0,70.9,72.0,73.3,75.1,77.5,80.4,82.2,83.6,84.1,84.4,84.5,83.7,82.6,81.3,79.3,76.9,74.0,70.8,68.8,68.9,69.3,69.9,70.5,71.0,71.7,72.5,73.6,75.2,77.3,80.2,82.2,83.1,83.4,83.9,83.7,82.9,81.8,80.1,78.0,75.4,72.0,68.7,67.3,67.4,67.8,68.2,68.7,69.5,70.3,71.2,72.3,73.9,75.6,78.4,81.1,82.5,83.4,83.8,83.3,82.3,81.0,78.8,76.1,73.0,69.2,65.5,64.6,64.6,64.5,64.5,64.7,65.1,65.7,66.3,67.3,68.5,69.9,71.9,75.2,77.2,78.0
82.7,82.0,80.8,79.6,77.9,75.6,72.8,69.6,67.1,67.2,67.6,68.4,69.3,70.0,71.0,72.1,73.5,75.2,77.7,80.4,82.3,83.9,84.3,84.6,84.3,83.6,82.6,81.1,79.2,76.9,73.9,70.7,68.8,68.8,69.3,69.9,70.4,70.9,71.6,72.4,73.6,75.2,77.3,80.2,82.0,82.9,83.6,83.9,83.7,82.9,81.7,80.0,77.9,75.3,72.0,68.6,67.2,67.3,67.6,68.0,68.7,69.5,70.3,71.3,72.4,73.9,75.5,78.3,81.1,82.5,83.3,83.7,83.2,82.1,80.7,78.5,75.8,72.7,68.7,65.1,64.2,63.9,64.0,64.0,64.3,64.8,65.4,66.2,67.1,68.3,69.7,71.7,75.1,77.0
82.9,82.7,81.9,80.8,79.6,77.9,75.6,72.7,69.6,67.2,67.3,67.8,68.6,69.4,70.1,71.1,72.3,73.6,75.5,77.8,80.5,82.6,84.0,84.4,84.3,84.2,83.6,82.5,81.1,79.2,76.9,73.8,70.6,68.6,68.8,69.2,69.7,70.2,70.8,71.5,72.4,73.6,75.3,77.3,79.9,81.8,83.1,83.7,84.0,83.7,82.8,81.5,79.8,77.8,75.3,71.9,68.5,67.1,67.0,67.3,67.9,68.7,69.6,70.4,71.4,72.5,73.9,75.5,78.2,81.0,82.5,83.1,83.5,83.1,81.9,80.3,78.1,75.4,72.2,68.3,64.7,63.6,63.5,63.5,63.7,64.0,64.4,65.3,66.1,66.9,68.1,69.6,71.6,74.9
83.0,82.9,82.6,81.9,80.9,79.7,77.9,75.6,72.8,69.7,67.3,67.5,68.0,68.7,69.4,70.3,71.3,72.4,73.9,75.6,77.9,80.7,82.7,84.0,84.1,84.3,84.3,83.5,82.5,81.2,79.2,76.7,73.6,70.4,68.6,68.7,69.1,69.6,70.0,70.7,71.5,72.4,73.7,75.3,77.1,79.8,81.9,83.1,83.7,84.0,83.6,82.7,81.4,79.8,77.8,75.2,71.8,68.3,66.7,66.7,67.3,67.9,68.8,69.7,70.6,71.5,72.5,73.8,75.5,78.2,81.0,82.4,82.9,83.4,82.8,81.4,80.0,77.7,74.9,71.8,67.9,64.0,63.1,63.0,63.1,63.4,63.7,64.4,65.2,65.8,66.7,67.9,69.5,71.4
82.3,83.0,82.9,82.6,82.0,80.8,79.7,77.9,75.7,73.0,69.8,67.5,67.7,68.1,68.8,69.5,70.4,71.4,72.7,74.0,75.7,78.1,80.9,82.8,83.8,84.1,84.3,84.2,83.5,82.5,81.1,79.0,76.5,73.4,70.3,68.5,68.5,69.0,69.3,70.0,70.6,71.5,72.5,73.7,75.1,77.0,79.8,81.9,83.1,83.7,83.9,83.5,82.5,81.3,79.9,77.7,75.1,71.7,68.0,66.4,66.7,67.3,68.1,69.0,69.8,70.7,71.5,72.5,73.9,75.5,78.1,80.8,82.2,82.8,83.1,82.5,81.1,79.6,77.4,74.5,71.4,67.3,63.6,62.6,62.7,62.8,63.1,63.6,64.2,64.9,65.6,66.5,67.8,69.3
80.9,82.3,83.0,82.8,82.7,81.9,80.8,79.6,78.1,75.9,73.1,70.0,67.7,67.8,68.2,68.9,69.7,70.5,71.7,72.8,74.1,75.8,78.2,80.9,82.7,83.8,84.1,84.3,84.2,83.6,82.4,80.9,78.8,76.3,73.3,70.2,68.3,68.4,68.7,69.3,69.9,70.7,71.6,72.5,73.6,75.0,76.9,79.7,81.9,83.2,83.7,83.8,83.3,82.4,81.4,79.8,77.7,75.0,71.4,67.6,66.4,66.7,67.5,68.2,69.0,69.8,70.7,71.5,72.5,73.8,75.4,77.9,80.7,82.1,82.5,82.8,82.2,80.7,79.2,77.0,74.2,70.9,66.8,63.0,62.3,62.3,62.6,63.0,63.4,63.9,64.7,65.5,66.4,67.5
79.0,80.9,82.3,83.0,82.9,82.6,81.9,80.8,79.9,78.2,75.9,73.2,70.1,67.7,67.9,68.3,69.0,69.9,70.8,71.7,72.9,74.2,76.0,78.2,80.8,82.7,83.8,84.1,84.3,84.2,83.5,82.3,80.7,78.6,76.2,73.2,69.9,68.2,68.2,68.7,69.3,69.9,70.8,71.7,72.4,73.5,75.0,76.9,79.6,81.8,83.2,83.6,83.6,83.2,82.5,81.3,79.8,77.5,74.8,71.1,67.6,66.4,66.9,67.6,68.2,69.0,69.8,70.7,71.5,72.4,73.7,75.2,77.7,80.6,81.8,82.2,82.6,81.7,80.3,78.7,76.6,73.7,70.5,66.3,62.7,61.9,62.1,62.5,62.8,63.1,63.7,64.6,65.4,66.1
76.3,79.0,81.0,82.4,83.0,82.8,82.6,81.9,81.1,80.0,78.3,76.1,73.4,70.2,67.8,68.0,68.4,69.2,70.1,70.8,71.9,73.0,74.4,76.0,78.0,80.8,82.6,83.8,84.1,84.5,84.1,83.4,82.2,80.6,78.5,76.1,73.0,69.8,68.0,68.2,68.7,69.3,70.0,70.9,71.5,72.2,73.5,74.9,76.8,79.5,81.7,83.1,83.4,83.5,83.3,82.5,81.3,79.7,77.4,74.6,71.1,67.5,66.5,67.1,67.6,68.3,69.0,69.8,70.7,71.4,72.3,73.5,75.0,77.5,80.3,81.5,82.0,82.1,81.3,79.8,78.4,76.2,73.4,70.1,66.0,62.3,61.6,62.0,62.2,62.5,62.9,63.5,64.5,65.0
74.0,76.3,79.0,81.0,82.4,82.9,82.8,82.7,82.2,81.2,80.1,78.5,76.3,73.4,70.2,67.9,68.1,68.6,69.4,70.2,71.0,72.0,73.2,74.4,75.8,78.0,80.8,82.6,83.8,84.3,84.4,84.0,83.3,82.1,80.5,78.5,75.9,72.9,69.6,68.0,68.2,68.7,69.4,70.2,70.8,71.3,72.2,73.4,74.8,76.6,79.4,81.7,82.9,83.5,83.6,83.2,82.5,81.1,79.6,77.4,74.6,71.1,67.6,66.7,67.1,67.7,68.3,69.1,69.8,70.5,71.2,72.0,73.3,74.8,77.2,79.9,81.1,81.5,81.8,80.8,79.5,77.9,75.9,73.0,69.8,65.6,62.0,61.6,61.7,61.9,62.2,62.6,63.4,64.1
72.3,74.0,76.3,79.0,81.1,82.2,82.8,82.8,82.9,82.2,81.3,80.3,78.7,76.4,73.4,70.3,68.1,68.3,68.8,69.5,70.4,71.2,72.2,73.3,74.3,75.8,77.9,80.8,82.6,84.0,84.2,84.3,83.9,83.2,82.0,80.5,78.4,75.9,72.8,69.6,67.9,68.2,68.8,69.5,69.9,70.6,71.3,72.2,73.2,74.7,76.4,79.3,81.4,83.0,83.5,83.6,83.1,82.3,81.0,79.5,77.5,74.6,71.1,67.8,66.7,67.2,67.7,68.3,69.0,69.6,70.4,71.0,71.9,73.2,74.5,76.8,79.6,80.7,81.1,81.3,80.5,79.1,77.6,75.5,72.7,69.3,65.3,61.9,61.3,61.4,61.7,62.0,62.6,63.1
71.2,72.4,74.0,76.3,79.1,81.0,82.2,82.7,83.0,82.9,82.3,81.5,80.5,78.8,76.3,73.6,70.5,68.2,68.5,69.0,69.7,70.6,71.3,72.2,73.3,74.2,75.7,77.8,80.7,82.9,83.9,84.1,84.2,83.8,83.2,82.0,80.3,78.3,75.8,72.8,69.6,68.0,68.3,68.9,69.3,69.8,70.6,71.3,72.1,73.1,74.6,76.3,79.1,81.5,82.9,83.4,83.5,83.0,82.2,81.0,79.6,77.5,74.7,71.3,67.7,66.8,67.2,67.7,68.2,68.9,69.5,70.2,70.8,71.8,72.9,74.2,76.5,79.2,80.3,80.7,80.9,80.2,78.8,77.2,75.2,72.3,69.1,65.2,61.6,61.0,61.2,61.4,61.9,62.3
70.2,71.2,72.3,73.9,76.4,79.0,80.9,82.2,83.0,83.0,83.0,82.5,81.7,80.6,78.7,76.4,73.7,70.7,68.4,68.7,69.1,69.8,70.7,71.5,72.2,73.2,74.1,75.7,77.9,80.8,82.7,83.9,84.0,84.1,83.9,83.2,81.9,80.2,78.2,75.8,72.8,69.6,68.1,68.5,68.7,69.2,69.8,70.5,71.1,72.0,73.0,74.5,76.1,79.1,81.4,82.8,83.4,83.5,83.0,82.2,81.1,79.7,77.5,74.8,71.3,67.7,66.8,67.1,67.6,68.1,68.7,69.2,70.0,70.8,71.6,72.6,73.9,76.1,78.7,79.9,80.4,80.6,79.9,78.4,76.9,74.8,72.1,69.0,65.0,61.3,60.8,60.9,61.3,61.6
