day 0,day 1,day 2,day 3,day 4,day 5,day 6,day 7,day 8,day 9,day 10,day 11,day 12,day 13,day 14,day 15,day 16,day 17,day 18,day 19,day 20,day 21,day 22,day 23,day 24,day 25,day 26,day 27,day 28,day 29,day 30,day 31,day 32,day 33,day 34,day 35,day 36,day 37,day 38,day 39,day 40,day 41,day 42,day 43,day 44,day 45,day 46,day 47,day 48,day 49,day 50,day 51,day 52,day 53,day 54,day 55,day 56,day 57,day 58,day 59,day 60,day 61,day 62,day 63,day 64,day 65,day 66,day 67,day 68,day 69,day 70,day 71,day 72,day 73,day 74,day 75,day 76,day 77,day 78,day 79,day 80,day 81,day 82,day 83,day 84,day 85,day 86,day 87,day 88,day 89,day 90
58.1,58.9,59.7,60.9,61.8,62.6,64.0,66.3,68.4,70.0,70.9,72.0,72.0,69.7,65.8,61.4,57.0,53.5,52.9,53.2,53.6,54.1,54.7,55.3,55.7,56.6,57.7,58.8,60.0,61.3,62.6,64.6,66.9,68.6,70.0,71.4,70.8,67.5,63.0,58.1,53.4,50.3,49.8,50.0,50.4,50.6,50.9,51.3,51.7,52.3,53.3,54.3,55.5,56.9,58.4,60.2,62.8,64.9,66.1,66.0,64.1,60.6,56.3,51.8,47.9,46.1,46.2,46.3,46.5,46.8,47.0,47.4,47.7,48.2,49.1,50.2,51.4,53.1,54.8,57.0,59.6,60.9,61.1,59.8,57.4,54.1,50.6,47.2,44.5,43.7,43.8
57.3,58.0,58.8,59.6,60.7,61.7,62.5,64.0,66.4,68.2,69.6,70.5,71.6,71.9,69.8,66.0,61.4,57.0,53.4,52.9,53.1,53.7,54.2,54.7,55.3,55.8,56.6,57.6,58.7,59.9,61.2,62.2,64.2,66.5,68.5,70.1,71.5,70.8,67.3,62.8,57.6,53.0,49.7,49.7,49.9,50.1,50.5,50.9,51.2,51.6,52.2,53.1,54.1,55.4,56.7,58.3,60.2,62.9,64.9,66.1,66.0,63.7,60.2,55.9,51.3,47.5,45.9,45.9,46.1,46.3,46.5,47.0,47.2,47.7,48.3,49.1,50.1,51.4,53.0,54.7,56.8,59.5,60.8,60.8,59.4,57.1,53.9,50.6,47.1,44.4,43.5
56.8,57.3,57.9,58.7,59.5,60.7,61.6,62.6,64.2,66.3,68.0,69.1,70.3,71.5,72.0,70.2,66.1,61.3,56.9,53.4,52.8,53.2,53.7,54.1,54.6,55.3,55.9,56.5,57.4,58.6,59.7,60.8,61.8,63.8,66.4,68.6,70.3,71.5,70.6,67.0,62.2,57.2,52.5,49.5,49.6,49.6,49.9,50.5,50.8,51.1,51.6,52.1,53.0,54.1,55.3,56.6,58.3,60.2,62.9,65.0,66.1,65.6,63.2,59.7,55.3,51.0,47.3,45.7,45.6,45.8,46.1,46.6,46.8,47.2,47.8,48.4,49.0,50.1,51.4,52.9,54.5,56.8,59.5,60.7,60.5,59.1,56.9,53.8,50.5,47.1,44.2
56.2,56.7,57.1,57.8,58.5,59.3,60.5,61.6,62.7,63.9,65.9,67.5,68.8,70.3,71.6,72.4,70.3,66.0,61.2,56.9,53.2,52.8,53.2,53.6,54.1,54.7,55.4,55.7,56.3,57.4,58.5,59.4,60.5,61.5,63.6,66.5,68.8,70.4,71.4,70.4,66.4,61.8,56.8,52.2,49.4,49.3,49.5,50.0,50.4,50.7,51.1,51.5,51.9,52.9,54.0,55.2,56.5,58.2,60.1,62.9,65.0,65.6,65.2,62.8,59.2,55.0,50.7,47.0,45.4,45.4,45.6,46.1,46.4,46.7,47.3,47.9,48.3,49.0,50.1,51.3,52.7,54.4,56.7,59.3,60.4,60.3,58.9,56.7,53.7,50.4,46.9
55.8,56.1,56.6,57.1,57.7,58.4,59.2,60.5,61.6,62.5,63.6,65.5,67.2,68.7,70.4,72.0,72.5,70.2,65.8,61.2,56.7,53.2,52.8,53.2,53.6,54.2,54.8,55.2,55.5,56.3,57.2,58.2,59.0,60.2,61.3,63.7,66.6,68.8,70.3,71.2,69.8,65.9,61.4,56.4,52.0,49.2,49.1,49.5,49.9,50.3,50.6,50.9,51.3,52.0,52.8,53.8,55.0,56.4,58.1,60.1,62.9,64.7,65.3,64.7,62.2,58.8,54.7,50.4,46.7,45.1,45.2,45.6,45.9,46.3,46.9,47.3,47.9,48.4,49.0,50.0,51.1,52.6,54.3,56.6,59.2,60.2,60.0,58.7,56.6,53.6,50.3
55.4,55.8,56.0,56.5,57.0,57.5,58.2,59.1,60.4,61.5,62.2,63.3,65.3,67.1,68.8,70.7,72.3,72.6,70.0,65.8,61.0,56.6,53.2,52.9,53.3,53.7,54.3,54.7,55.0,55.5,56.2,56.9,57.9,58.7,60.0,61.3,63.8,66.6,68.8,70.2,70.6,69.3,65.5,60.9,56.1,51.7,49.0,49.1,49.4,49.7,50.2,50.5,50.7,51.3,51.8,52.6,53.6,54.9,56.3,58.1,60.1,62.7,64.3,64.9,64.2,61.8,58.4,54.3,50.1,46.5,45.0,45.2,45.4,45.8,46.4,47.0,47.3,47.8,48.3,49.0,49.8,51.0,52.5,54.2,56.4,59.1,60.0,59.8,58.6,56.5,53.4
55.1,55.4,55.7,55.9,56.4,56.8,57.2,58.0,59.1,60.3,61.2,61.9,63.0,65.2,67.1,69.1,71.0,72.3,72.5,70.0,65.7,60.9,56.5,53.2,52.9,53.3,53.9,54.1,54.5,55.0,55.4,55.9,56.6,57.6,58.5,60.0,61.4,63.7,66.5,68.6,69.6,70.2,68.8,65.0,60.5,55.7,51.4,48.9,49.0,49.2,49.6,50.1,50.4,50.8,51.2,51.7,52.4,53.5,54.7,56.2,58.0,59.8,62.4,64.1,64.5,63.7,61.4,58.1,54.0,49.8,46.2,45.0,45.0,45.3,46.0,46.5,46.9,47.3,47.8,48.2,48.8,49.7,50.9,52.4,54.0,56.4,58.9,59.9,59.9,58.4,56.2
56.1,55.1,55.3,55.5,55.8,56.3,56.5,57.1,58.0,58.9,60.0,60.9,61.7,62.9,65.2,67.5,69.3,71.2,72.2,72.6,70.0,65.5,60.6,56.4,53.2,52.9,53.5,53.7,54.1,54.4,54.8,55.1,55.6,56.3,57.4,58.5,60.0,61.3,63.6,66.2,68.0,69.3,69.7,68.2,64.5,60.0,55.5,51.3,48.9,48.9,49.2,49.5,49.9,50.4,50.7,51.1,51.5,52.3,53.3,54.6,56.1,57.8,59.6,62.2,63.7,64.1,63.2,61.0,57.8,53.8,49.6,46.2,44.8,44.9,45.5,46.1,46.5,46.9,47.2,47.6,48.1,48.8,49.6,50.8,52.2,53.9,56.2,58.8,59.9,59.6,58.2
59.1,56.1,54.9,55.1,55.4,55.7,55.9,56.3,57.0,57.8,58.7,59.8,60.7,61.6,62.9,65.5,67.7,69.3,71.0,72.3,72.6,69.8,65.2,60.5,56.4,53.3,53.1,53.2,53.6,54.0,54.2,54.5,54.8,55.4,56.1,57.3,58.4,59.9,61.2,63.4,65.6,67.5,68.9,69.2,67.7,64.1,59.8,55.4,51.2,48.6,48.8,49.1,49.4,49.8,50.3,50.5,50.9,51.4,52.1,53.2,54.5,55.9,57.5,59.3,61.8,63.4,63.7,63.0,60.8,57.6,53.5,49.5,45.9,44.7,45.0,45.5,46.0,46.5,46.9,47.1,47.5,48.1,48.6,49.5,50.6,52.1,53.8,56.2,58.7,59.7,59.3
63.2,59.2,56.1,54.7,55.0,55.2,55.3,55.7,56.2,56.9,57.5,58.6,59.6,60.5,61.7,63.2,65.7,67.7,69.2,71.1,72.2,72.4,69.6,65.0,60.5,56.5,53.4,52.8,53.2,53.5,53.7,53.9,54.1,54.5,55.1,56.0,57.1,58.2,59.9,61.0,62.9,65.1,67.1,68.5,68.8,67.3,63.9,59.6,55.2,51.0,48.5,48.7,48.9,49.4,49.7,50.1,50.4,50.8,51.2,52.0,53.1,54.3,55.6,57.2,59.0,61.5,63.0,63.6,62.8,60.6,57.4,53.3,49.2,45.8,44.8,45.1,45.5,46.1,46.4,46.8,47.0,47.5,48.0,48.6,49.4,50.5,52.0,53.7,56.1,58.5,59.5
67.7,63.4,59.3,55.9,54.6,54.8,54.9,55.1,55.7,56.2,56.7,57.5,58.3,59.4,60.5,61.8,63.3,65.6,67.6,69.2,71.0,72.0,72.3,69.3,65.0,60.6,56.6,53.1,52.7,53.1,53.3,53.5,53.6,53.8,54.3,54.9,55.8,56.9,58.1,59.6,60.6,62.5,64.7,66.8,68.1,68.5,67.2,63.8,59.5,55.0,50.8,48.4,48.6,48.9,49.3,49.4,49.9,50.3,50.6,51.0,51.8,52.9,54.0,55.3,56.9,58.8,61.2,62.8,63.4,62.7,60.4,57.2,53.0,49.0,45.9,44.9,45.0,45.6,46.0,46.4,46.6,46.9,47.3,47.9,48.4,49.2,50.4,52.0,53.6,55.9,58.3
71.4,67.9,63.6,59.2,55.7,54.4,54.4,54.6,55.1,55.6,56.0,56.5,57.3,58.2,59.3,60.7,61.9,63.2,65.5,67.6,69.1,70.8,71.9,72.0,69.3,65.2,60.7,56.4,53.1,52.7,52.8,53.0,53.1,53.3,53.6,54.1,54.7,55.6,56.7,58.0,59.3,60.2,62.1,64.4,66.4,67.9,68.4,67.1,63.7,59.3,54.8,50.5,48.3,48.6,48.9,49.0,49.3,49.8,50.1,50.4,50.9,51.7,52.6,53.7,55.0,56.6,58.5,61.1,62.8,63.3,62.5,60.2,56.9,52.8,49.0,45.9,44.8,45.1,45.6,46.0,46.3,46.6,46.7,47.2,47.7,48.2,49.2,50.4,51.9,53.5,55.7
73.0,71.7,68.1,63.3,59.0,55.4,54.0,54.1,54.6,55.1,55.4,55.9,56.3,57.0,58.1,59.4,60.8,61.9,63.1,65.4,67.4,68.9,70.7,71.8,72.0,69.4,65.3,60.7,56.2,52.9,52.3,52.5,52.6,52.9,53.1,53.5,53.9,54.5,55.5,56.6,57.7,58.9,59.9,61.9,64.1,66.2,67.9,68.4,66.9,63.5,58.9,54.5,50.4,48.3,48.5,48.6,48.9,49.2,49.6,49.9,50.3,50.7,51.3,52.3,53.4,54.7,56.4,58.4,61.0,62.7,63.1,62.2,59.8,56.6,52.7,48.9,45.8,44.9,45.1,45.6,45.9,46.2,46.4,46.6,47.1,47.5,48.1,49.1,50.2,51.8,53.2
72.1,73.1,72.0,67.8,63.1,58.8,55.1,53.8,54.1,54.6,54.9,55.3,55.6,56.0,56.9,58.1,59.4,60.7,61.7,63.0,65.3,67.2,68.8,70.5,72.0,72.1,69.6,65.4,60.5,56.0,52.6,52.0,52.1,52.4,52.7,53.0,53.3,53.7,54.4,55.3,56.3,57.3,58.5,59.7,61.5,63.9,66.2,67.9,68.3,66.7,63.1,58.7,54.2,50.3,48.2,48.2,48.5,48.8,49.0,49.4,49.8,50.2,50.4,50.9,52.0,53.1,54.5,56.2,58.3,60.9,62.5,62.9,62.0,59.6,56.4,52.6,48.8,45.7,44.8,45.0,45.5,45.9,46.0,46.4,46.5,46.9,47.6,48.1,48.9,50.1,51.6
70.7,72.5,73.4,71.6,67.6,62.9,58.5,54.8,53.8,54.1,54.3,54.7,55.0,55.3,55.9,56.9,58.2,59.4,60.6,61.7,62.9,65.1,67.1,68.8,70.8,72.2,72.4,69.7,65.2,60.2,55.7,52.3,51.7,51.9,52.2,52.6,52.9,53.1,53.6,54.1,55.0,55.9,57.0,58.3,59.4,61.3,63.9,66.2,67.9,68.1,66.4,62.8,58.3,54.1,50.1,47.9,48.1,48.4,48.6,48.8,49.4,49.7,49.8,50.1,50.7,51.8,52.9,54.3,56.0,58.1,60.7,62.3,62.6,61.8,59.4,56.2,52.5,48.7,45.7,44.8,44.9,45.4,45.6,46.0,46.2,46.3,46.9,47.6,48.0,48.8,49.9
69.7,70.9,72.8,73.1,71.4,67.4,62.8,58.4,54.8,53.8,53.8,54.2,54.4,54.7,55.2,55.9,56.9,58.1,59.3,60.5,61.6,62.7,64.9,67.1,69.1,71.0,72.5,72.6,69.5,65.0,59.8,55.4,51.9,51.5,51.8,52.1,52.5,52.7,52.9,53.3,53.9,54.6,55.7,56.8,58.0,59.2,61.3,63.9,66.2,67.7,67.8,66.0,62.4,58.2,53.9,49.8,47.8,48.0,48.3,48.5,48.8,49.2,49.3,49.6,49.8,50.5,51.6,52.7,54.1,55.7,57.9,60.5,62.0,62.6,61.6,59.2,56.1,52.3,48.7,45.7,44.7,44.8,45.2,45.5,45.7,46.1,46.4,46.9,47.4,47.8,48.6
68.3,70.0,71.2,72.6,73.0,71.2,67.5,62.9,58.4,54.6,53.5,53.7,53.8,54.1,54.6,55.2,55.9,56.9,58.0,59.2,60.4,61.4,62.6,64.8,67.4,69.3,71.3,72.7,72.3,69.3,64.6,59.5,55.0,51.7,51.4,51.7,51.9,52.3,52.5,52.7,53.1,53.4,54.3,55.5,56.5,57.8,59.2,61.3,63.9,66.1,67.5,67.4,65.6,62.2,57.9,53.6,49.7,47.7,47.9,48.1,48.5,48.7,48.7,49.0,49.3,49.6,50.2,51.4,52.5,53.8,55.5,57.7,60.3,61.9,62.4,61.4,59.2,55.9,52.2,48.6,45.5,44.6,44.6,45.1,45.3,45.6,46.1,46.4,46.7,47.2,47.6
66.4,68.4,70.2,71.0,72.5,72.8,71.3,67.7,62.9,58.1,54.3,53.4,53.4,53.5,54.0,54.7,55.3,55.9,56.8,58.0,59.1,60.3,61.2,62.5,65.1,67.6,69.7,71.4,72.5,72.3,68.8,64.3,59.2,54.7,51.5,51.3,51.5,51.8,52.2,52.3,52.4,52.6,53.1,54.2,55.2,56.3,57.8,59.2,61.3,63.8,65.8,67.0,67.1,65.3,61.9,57.6,53.3,49.5,47.5,47.7,48.2,48.3,48.2,48.5,48.8,49.0,49.3,50.0,51.1,52.2,53.6,55.3,57.5,60.3,61.8,62.2,61.3,59.0,55.7,52.1,48.4,45.4,44.4,44.6,44.9,45.1,45.6,46.1,46.1,46.4,46.8
64.2,66.6,68.5,70.0,70.9,72.3,73.0,71.6,67.6,62.5,57.8,54.1,53.1,53.1,53.5,54.0,54.7,55.4,55.9,56.7,57.9,59.0,60.1,61.2,62.7,65.2,67.9,69.8,71.3,72.5,71.9,68.4,63.9,58.9,54.5,51.4,51.2,51.4,51.7,52.0,52.0,51.9,52.4,53.0,54.0,55.0,56.2,57.7,59.1,61.2,63.6,65.4,66.8,66.8,65.0,61.6,57.4,53.1,49.3,47.4,47.8,48.0,47.8,48.0,48.3,48.4,48.8,49.1,49.7,50.8,52.0,53.4,55.2,57.4,60.2,61.6,62.2,61.1,58.8,55.5,51.8,48.2,45.1,44.4,44.4,44.7,45.0,45.5,45.9,45.9,46.2
62.6,64.3,66.7,68.3,69.9,70.8,72.5,73.4,71.5,67.2,62.1,57.5,53.7,52.8,53.1,53.5,54.2,54.8,55.3,55.8,56.7,57.8,58.9,60.0,61.3,62.8,65.4,67.9,69.7,71.2,72.2,71.5,68.0,63.5,58.8,54.4,51.3,51.1,51.2,51.5,51.7,51.5,51.7,52.3,52.8,53.7,54.9,56.2,57.6,59.1,60.9,63.2,65.2,66.5,66.5,64.7,61.4,57.2,53.0,49.1,47.4,47.5,47.5,47.5,47.6,48.0,48.2,48.5,48.9,49.5,50.6,51.8,53.3,55.1,57.4,60.1,61.6,62.1,60.8,58.5,55.2,51.7,47.9,45.0,44.2,44.2,44.7,45.0,45.4,45.7,45.7
61.8,62.7,64.4,66.5,68.2,69.7,71.0,72.8,73.3,71.1,66.6,61.6,57.1,53.4,52.8,53.1,53.6,54.2,54.7,55.2,55.8,56.7,57.7,58.8,60.0,61.4,62.9,65.3,67.8,69.6,70.9,71.7,71.1,67.7,63.4,58.7,54.3,51.1,50.9,51.0,51.2,51.2,51.3,51.7,52.0,52.5,53.7,54.8,56.1,57.5,58.9,60.6,63.0,65.0,66.3,66.3,64.6,61.3,57.0,52.8,49.1,47.2,47.1,47.1,47.2,47.4,47.7,48.0,48.3,48.6,49.4,50.5,51.7,53.2,55.0,57.3,60.0,61.5,61.8,60.5,58.2,55.1,51.3,47.8,44.9,44.0,44.2,44.6,44.9,45.3,45.5
60.9,61.9,62.9,64.3,66.4,68.1,69.9,71.3,72.8,73.0,70.5,66.1,61.3,57.0,53.4,52.8,53.2,53.7,54.2,54.7,55.2,55.8,56.6,57.6,58.8,60.1,61.5,62.8,65.2,67.7,69.3,70.4,71.3,70.8,67.6,63.4,58.6,54.0,50.9,50.7,50.7,50.7,51.0,51.3,51.4,51.8,52.5,53.6,54.7,56.0,57.3,58.6,60.5,62.8,64.9,66.3,66.2,64.4,61.1,56.9,52.7,48.8,46.8,46.8,46.8,46.9,47.1,47.4,47.8,48.1,48.5,49.2,50.3,51.6,53.1,54.9,57.3,59.9,61.3,61.5,60.3,58.1,54.7,51.1,47.5,44.6,43.9,44.1,44.6,44.8,45.0
59.8,60.9,62.0,62.7,64.1,66.3,68.2,70.1,71.2,72.5,72.4,69.9,65.8,61.2,57.0,53.5,52.9,53.3,53.7,54.1,54.7,55.3,55.7,56.6,57.6,58.9,60.1,61.4,62.7,65.0,67.3,68.9,70.0,71.2,70.8,67.5,63.3,58.3,53.8,50.6,50.4,50.2,50.5,50.9,51.1,51.2,51.8,52.4,53.4,54.5,55.7,57.0,58.5,60.3,62.8,64.9,66.2,66.0,64.2,61.0,56.7,52.3,48.4,46.5,46.4,46.5,46.8,46.9,47.2,47.6,48.0,48.3,49.1,50.3,51.5,53.1,54.9,57.2,59.7,61.1,61.3,60.1,57.7,54.4,50.8,47.3,44.6,43.8,44.1,44.4,44.5
58.9,59.7,60.9,61.8,62.6,64.0,66.3,68.4,70.0,70.9,72.0,72.0,69.7,65.8,61.4,57.0,53.5,52.9,53.2,53.6,54.1,54.7,55.3,55.7,56.6,57.7,58.8,60.0,61.3,62.6,64.6,66.9,68.6,70.0,71.4,70.8,67.5,63.0,58.1,53.4,50.3,49.8,50.0,50.4,50.6,50.9,51.3,51.7,52.3,53.3,54.3,55.5,56.9,58.4,60.2,62.8,64.9,66.1,66.0,64.1,60.6,56.3,51.8,47.9,46.1,46.2,46.3,46.5,46.8,47.0,47.4,47.7,48.2,49.1,50.2,51.4,53.1,54.8,57.0,59.6,60.9,61.1,59.8,57.4,54.1,50.6,47.2,44.5,43.7,43.8,44.1
58.0,58.8,59.6,60.7,61.7,62.5,64.0,66.4,68.2,69.6,70.5,71.6,71.9,69.8,66.0,61.4,57.0,53.4,52.9,53.1,53.7,54.2,54.7,55.3,55.8,56.6,57.6,58.7,59.9,61.2,62.2,64.2,66.5,68.5,70.1,71.5,70.8,67.3,62.8,57.6,53.0,49.7,49.7,49.9,50.1,50.5,50.9,51.2,51.6,52.2,53.1,54.1,55.4,56.7,58.3,60.2,62.9,64.9,66.1,66.0,63.7,60.2,55.9,51.3,47.5,45.9,45.9,46.1,46.3,46.5,47.0,47.2,47.7,48.3,49.1,50.1,51.4,53.0,54.7,56.8,59.5,60.8,60.8,59.4,57.1,53.9,50.6,47.1,44.4,43.5,43.5
