day 0,day 1,day 2,day 3,day 4,day 5,day 6,day 7,day 8,day 9,day 10,day 11,day 12,day 13,day 14,day 15,day 16,day 17,day 18,day 19,day 20,day 21,day 22,day 23,day 24,day 25,day 26,day 27,day 28,day 29,day 30,day 31,day 32,day 33,day 34,day 35,day 36,day 37,day 38,day 39,day 40,day 41,day 42,day 43,day 44,day 45,day 46,day 47,day 48,day 49,day 50,day 51,day 52,day 53,day 54,day 55,day 56,day 57,day 58,day 59,day 60,day 61,day 62,day 63,day 64,day 65,day 66,day 67,day 68,day 69,day 70,day 71,day 72,day 73,day 74,day 75,day 76,day 77,day 78,day 79,day 80,day 81,day 82,day 83,day 84,day 85,day 86,day 87,day 88
42.9,43.1,43.6,44.2,44.7,45.3,45.9,47.4,49.5,49.8,39.7,40.0,40.5,41.2,41.9,42.6,43.5,45.8,47.9,48.1,48.1,47.1,46.1,44.5,42.6,40.5,38.5,37.0,36.8,36.5,36.6,36.9,37.4,37.6,38.4,39.3,40.3,41.0,41.9,43.2,45.1,48.2,50.2,50.7,50.4,49.2,47.7,45.8,43.4,41.2,39.2,37.2,37.3,37.8,38.3,38.8,39.5,40.5,41.2,42.7,44.1,45.0,45.9,47.4,50.3,53.3,55.0,55.5,55.4,54.4,53.0,51.1,49.0,47.0,44.9,42.6,42.2,43.5,44.7,45.3,45.8,46.8,48.2,49.7,51.3,52.8,54.8,56.5,59.6
42.5,42.8,43.1,43.6,44.1,44.6,44.9,45.3,47.0,49.1,39.3,39.6,40.1,40.6,41.3,41.7,42.3,43.3,45.7,47.7,48.3,48.1,47.2,46.1,44.6,42.7,40.7,38.2,36.5,36.3,36.3,36.4,37.0,37.3,37.6,38.7,39.6,40.4,41.1,42.2,43.4,45.2,48.5,50.4,50.8,50.3,49.2,47.7,45.6,43.3,41.4,39.1,37.2,37.4,37.9,38.3,39.2,39.8,40.7,41.9,43.1,44.3,44.9,46.3,48.1,50.7,53.7,55.2,55.8,55.4,54.4,53.1,51.4,49.3,47.7,45.6,43.1,43.1,44.2,44.8,45.3,46.1,47.4,49.0,50.3,51.9,53.2,55.1,56.7
42.1,42.5,42.8,43.1,43.6,44.0,44.3,44.4,44.8,46.6,39.0,39.2,39.6,40.1,40.6,41.0,41.4,42.2,43.2,45.6,47.8,48.3,48.2,47.3,46.2,44.6,42.7,40.4,37.8,36.1,36.1,36.0,36.5,36.8,37.3,38.0,39.0,39.7,40.4,41.4,42.4,43.4,45.4,48.7,50.3,50.6,50.2,49.2,47.5,45.5,43.4,41.2,39.2,37.4,37.4,37.9,38.7,39.6,40.0,41.4,42.4,43.2,44.2,45.3,47.0,48.5,51.0,53.9,55.6,55.8,55.4,54.6,53.4,51.8,50.0,48.2,46.1,44.1,43.8,44.2,44.8,45.5,46.8,48.1,49.6,50.9,52.3,53.6,55.3
41.5,42.1,42.5,42.7,43.1,43.4,43.6,43.6,43.8,44.3,38.5,38.7,39.2,39.6,40.2,40.4,40.7,41.2,41.9,43.1,45.8,47.9,48.5,48.3,47.4,46.2,44.6,42.4,40.0,37.3,35.8,35.8,36.1,36.4,36.7,37.6,38.1,39.0,39.8,40.7,41.6,42.5,43.5,45.6,48.6,50.2,50.5,50.2,49.0,47.6,45.6,43.2,41.3,39.4,37.3,37.5,38.3,39.1,39.8,40.7,41.8,42.5,43.2,44.6,46.1,47.3,48.8,51.2,54.2,55.5,55.8,55.6,54.9,53.9,52.4,50.5,48.9,47.1,44.7,43.7,44.1,45.0,46.2,47.4,48.7,50.1,51.3,52.7,53.8
41.0,41.6,42.2,42.3,42.7,43.1,43.1,43.0,43.0,43.3,38.1,38.3,38.8,39.2,39.5,40.0,40.1,40.6,40.9,41.7,43.3,45.9,48.1,48.6,48.4,47.5,46.2,44.3,42.1,39.6,37.2,35.6,36.0,36.0,36.3,36.9,37.7,38.2,39.1,40.1,40.9,41.6,42.6,43.8,45.5,48.5,50.2,50.4,50.0,49.0,47.5,45.4,43.4,41.5,39.4,37.5,37.9,38.7,39.3,40.4,41.2,41.9,42.4,43.6,45.4,46.4,47.6,49.0,51.5,54.1,55.6,56.0,56.0,55.4,54.5,52.9,51.3,49.8,47.7,44.8,43.7,44.4,45.7,46.8,47.9,49.2,50.5,51.7,52.9
40.9,41.1,41.6,42.0,42.4,42.7,42.7,42.4,42.4,42.5,37.8,37.9,38.4,38.8,39.2,39.5,39.7,39.9,40.2,40.8,41.9,43.5,46.0,48.2,48.7,48.4,47.5,45.9,44.0,41.7,39.5,37.0,35.7,35.8,36.0,36.5,37.1,37.7,38.2,39.3,40.3,40.9,41.8,42.8,43.6,45.4,48.5,50.1,50.3,50.1,49.0,47.2,45.5,43.6,41.6,39.7,37.9,38.3,38.9,39.9,40.9,41.2,41.8,42.8,44.5,45.6,46.6,47.8,49.2,51.4,54.2,55.8,56.5,56.6,56.1,54.9,53.6,52.2,50.3,47.9,44.9,44.0,45.1,46.3,47.3,48.4,49.5,51.0,51.9
40.6,41.0,41.1,41.5,42.1,42.3,42.4,42.0,41.7,41.9,37.5,37.5,38.0,38.4,38.8,39.1,39.1,39.4,39.5,40.1,41.0,42.1,43.7,46.2,48.2,48.8,48.3,47.2,45.6,43.7,41.6,39.4,37.1,35.6,35.8,36.1,36.7,37.1,37.7,38.6,39.6,40.3,41.1,41.9,42.7,43.6,45.5,48.4,49.9,50.4,50.1,48.7,47.4,45.6,43.7,41.9,40.2,38.3,38.5,39.5,40.3,40.8,41.0,42.2,43.7,44.7,45.8,46.8,47.9,49.1,51.4,54.4,56.2,57.0,57.2,56.4,55.7,54.5,52.6,50.5,48.0,45.3,44.7,45.6,46.9,47.9,48.8,49.9,51.2
40.5,40.7,41.0,41.0,41.6,42.1,42.0,41.7,41.3,41.2,37.3,37.3,37.7,38.0,38.5,38.8,38.8,38.8,39.0,39.4,40.3,41.1,42.2,43.8,46.2,48.3,48.6,48.1,46.9,45.3,43.7,41.6,39.6,37.0,35.6,35.9,36.4,36.8,37.1,38.1,38.9,39.6,40.4,41.2,41.8,42.7,43.6,45.5,48.3,50.1,50.3,49.8,48.9,47.5,45.8,44.2,42.4,40.5,38.5,39.1,39.9,40.3,40.7,41.4,43.1,44.0,44.9,46.0,46.9,47.8,49.0,51.5,54.9,56.7,57.7,57.6,57.3,56.5,54.8,52.8,50.6,48.5,46.0,45.3,46.1,47.4,48.3,49.3,50.2
41.9,40.5,40.8,40.9,41.2,41.6,41.7,41.3,41.0,40.8,38.7,37.1,37.5,37.6,38.1,38.4,38.4,38.4,38.5,38.8,39.6,40.4,41.2,42.4,43.8,46.3,48.2,48.4,47.8,46.7,45.3,43.7,41.7,39.7,37.1,35.7,36.2,36.4,36.8,37.5,38.3,38.9,39.7,40.5,41.1,41.8,42.8,43.6,45.4,48.6,50.0,50.0,49.9,49.0,47.7,46.3,44.7,42.8,40.8,39.1,39.4,39.8,40.1,41.1,42.4,43.5,44.2,45.0,46.1,46.8,47.8,49.0,51.9,55.4,57.4,58.0,58.4,58.0,56.8,55.1,53.0,51.2,49.3,46.6,45.9,46.6,47.8,48.7,49.4
44.5,41.9,40.5,40.7,41.1,41.1,41.2,40.9,40.5,40.4,41.0,38.5,37.3,37.4,37.7,38.1,38.1,38.0,38.0,38.4,39.0,39.8,40.5,41.5,42.5,44.0,46.2,48.0,48.1,47.6,46.7,45.4,43.8,41.8,39.8,37.3,36.0,36.2,36.6,37.2,37.7,38.3,39.0,39.8,40.5,41.1,41.9,42.7,43.4,45.8,48.5,49.8,50.1,50.1,49.2,48.2,46.9,45.1,43.2,41.4,39.5,39.3,39.6,40.5,42.1,42.8,43.5,44.3,45.1,46.0,46.8,47.7,49.2,52.4,56.1,57.8,58.9,59.0,58.3,57.0,55.3,53.7,52.0,50.0,47.2,46.3,47.0,48.1,48.8
46.5,44.4,41.8,40.5,40.9,40.9,40.8,40.5,40.2,39.9,43.1,40.9,38.7,37.2,37.5,37.8,37.7,37.7,37.6,37.9,38.6,39.0,40.0,40.8,41.6,42.7,44.0,46.0,47.8,47.9,47.6,46.8,45.4,43.9,42.0,40.1,37.6,36.0,36.4,36.9,37.3,37.7,38.5,39.1,39.7,40.5,41.2,41.8,42.6,43.9,45.7,48.3,49.8,50.3,50.3,49.7,48.7,47.2,45.6,43.7,41.8,39.4,39.1,40.1,41.6,42.5,42.8,43.7,44.4,45.1,45.9,46.6,47.7,49.7,53.1,56.5,58.7,59.4,59.3,58.6,57.2,56.0,54.6,52.8,50.6,47.8,46.7,47.4,48.2
48.4,46.5,44.2,41.7,40.7,40.7,40.5,40.0,39.7,39.6,45.1,43.1,41.1,38.7,37.3,37.5,37.3,37.3,37.4,37.6,38.1,38.6,39.2,40.3,40.8,41.9,42.7,43.7,45.9,47.7,48.0,47.8,46.9,45.5,44.3,42.4,40.4,37.7,36.2,36.6,36.9,37.3,37.9,38.6,39.1,39.8,40.6,41.2,41.8,43.0,43.9,45.5,48.4,50.1,50.6,50.8,50.2,49.0,47.7,46.1,44.0,41.8,39.2,39.6,41.2,42.1,42.5,43.0,43.8,44.4,44.9,45.7,46.7,48.2,50.4,53.5,57.4,59.2,59.6,59.5,58.8,57.8,56.9,55.4,53.5,51.3,48.3,47.2,47.5
50.0,48.4,46.4,44.1,41.8,40.4,40.2,39.7,39.3,39.1,46.7,45.1,43.2,41.0,38.6,37.3,37.1,36.9,37.0,37.4,37.7,38.1,38.7,39.5,40.3,41.1,41.8,42.3,43.5,45.7,47.8,48.2,47.8,47.1,45.9,44.7,42.7,40.4,37.8,36.4,36.7,36.9,37.6,38.1,38.6,39.2,40.0,40.6,41.2,42.2,43.0,43.6,45.7,48.7,50.3,51.0,51.2,50.5,49.6,48.2,46.4,44.1,41.8,39.8,40.7,41.6,42.0,42.7,43.2,43.8,44.3,44.7,45.8,47.1,49.0,50.7,54.4,58.0,59.4,59.9,59.8,59.4,58.7,57.7,56.1,54.1,51.7,48.8,47.3
51.1,50.0,48.2,46.2,44.0,41.5,39.9,39.4,39.0,38.7,47.9,46.8,45.2,43.2,41.0,38.6,36.8,36.7,36.5,37.0,37.5,37.7,38.3,39.0,39.5,40.6,41.1,41.5,42.1,43.3,45.8,48.0,48.3,48.0,47.5,46.4,45.0,42.7,40.5,38.0,36.5,36.6,37.2,37.7,38.1,38.7,39.4,39.9,40.6,41.6,42.2,42.8,43.8,46.1,48.9,50.7,51.4,51.5,51.0,50.1,48.5,46.5,44.3,42.5,40.8,41.0,41.5,42.2,42.8,43.1,43.6,44.1,44.7,46.1,47.7,49.3,51.6,55.0,58.3,59.7,60.2,60.5,60.4,59.5,58.5,56.8,54.5,52.1,49.0
52.0,51.2,49.8,48.0,46.1,43.6,41.0,39.2,38.7,38.4,48.8,47.9,46.8,45.2,43.1,40.9,38.2,36.4,36.3,36.6,37.1,37.5,37.9,38.5,39.1,39.9,40.6,40.7,41.2,41.9,43.4,46.1,48.0,48.5,48.6,48.0,46.8,45.1,42.8,40.6,38.1,36.3,36.9,37.4,37.8,38.2,38.9,39.3,39.9,40.9,41.5,42.0,43.0,44.1,46.2,49.4,51.1,51.8,52.0,51.5,50.4,48.6,46.7,45.0,43.3,41.2,41.0,41.7,42.3,42.7,42.9,43.4,44.1,45.1,46.8,48.0,50.1,52.3,55.4,58.6,60.0,60.8,61.4,61.0,60.3,59.2,57.2,54.8,52.4
52.1,52.0,50.9,49.6,47.8,45.6,43.2,40.3,38.5,38.1,49.1,48.9,48.0,46.8,45.1,43.0,40.5,37.9,36.0,36.4,36.7,37.0,37.7,38.1,38.5,39.5,39.9,40.2,40.4,40.9,42.0,43.6,46.2,48.2,49.0,49.0,48.2,46.8,45.1,42.8,40.7,38.2,36.7,37.0,37.4,37.9,38.4,38.9,39.4,40.2,40.8,41.4,42.1,43.2,44.1,46.7,49.8,51.5,52.3,52.5,51.8,50.5,48.9,47.5,45.8,43.8,41.3,41.2,41.9,42.2,42.5,42.7,43.4,44.5,45.8,47.0,48.9,50.8,52.7,55.6,58.9,60.7,61.7,62.0,61.7,60.9,59.4,57.4,55.0
51.2,52.3,51.7,50.7,49.4,47.4,45.2,42.6,39.7,37.9,48.6,49.2,49.0,47.9,46.7,44.9,42.7,40.2,37.6,36.1,36.4,36.6,37.2,37.9,38.2,38.9,39.5,39.5,39.9,40.2,40.9,42.2,43.7,46.3,48.8,49.5,49.2,48.3,46.8,45.1,42.9,40.8,38.5,36.8,37.1,37.5,38.0,38.4,38.8,39.7,40.1,40.6,41.5,42.4,43.2,44.6,47.1,50.1,52.1,52.8,52.9,51.8,50.8,49.7,48.1,46.2,43.9,41.5,41.3,41.8,41.9,42.2,42.7,43.8,45.2,46.1,47.9,49.6,51.2,52.9,56.0,59.5,61.6,62.4,62.7,62.3,61.2,59.6,57.6
48.7,51.3,52.1,51.5,50.4,48.9,46.9,44.6,42.0,39.1,46.1,48.7,49.3,48.9,47.8,46.5,44.7,42.4,40.0,37.6,36.2,36.4,36.8,37.4,38.0,38.6,38.9,39.1,39.2,39.6,40.2,41.2,42.2,43.7,46.8,49.3,49.6,49.3,48.3,46.9,45.2,43.2,41.1,38.6,36.8,37.1,37.7,38.0,38.4,39.1,39.6,40.0,40.7,41.7,42.3,43.6,45.1,47.5,50.7,52.6,53.2,53.1,52.2,51.6,50.3,48.5,46.3,44.0,41.7,41.2,41.5,41.7,42.3,43.1,44.4,45.5,47.0,48.6,49.9,51.4,53.2,56.6,60.5,62.3,62.9,63.1,62.5,61.3,59.8
46.7,48.8,51.1,51.8,51.2,50.0,48.5,46.3,44.0,41.5,43.7,46.1,48.7,49.2,48.8,47.6,46.3,44.4,42.2,40.0,37.7,36.1,36.7,37.1,37.5,38.3,38.6,38.5,38.8,39.0,39.6,40.5,41.2,42.2,44.2,47.4,49.4,49.7,49.3,48.4,47.1,45.5,43.5,41.3,38.7,36.9,37.4,37.6,37.9,38.6,39.0,39.5,40.2,40.9,41.6,42.7,44.1,45.5,48.1,51.3,52.9,53.3,53.4,52.9,52.1,50.7,48.6,46.5,44.2,41.7,40.9,41.2,41.7,42.6,43.7,44.7,46.4,47.7,48.9,50.1,51.6,53.7,57.5,61.2,62.8,63.4,63.4,62.6,61.4
45.8,46.8,48.6,50.9,51.5,50.8,49.6,48.0,45.8,43.6,42.7,43.8,46.3,48.7,49.1,48.6,47.4,46.1,44.1,42.2,40.0,37.7,36.4,36.9,37.2,37.9,38.3,38.1,38.1,38.5,38.9,39.8,40.4,41.2,42.5,44.6,47.4,49.4,49.8,49.4,48.6,47.3,45.8,43.5,41.3,38.7,37.2,37.3,37.6,38.1,38.6,38.9,39.7,40.3,40.8,42.0,43.2,44.5,46.1,48.7,51.6,53.1,53.8,54.2,53.5,52.6,50.8,48.8,46.6,44.2,41.4,40.6,41.3,42.1,43.3,44.0,45.6,47.1,48.0,49.1,50.3,52.2,54.6,58.2,61.8,63.2,63.6,63.5,62.7
44.9,45.8,46.7,48.4,50.6,51.1,50.5,49.1,47.5,45.5,41.7,42.7,43.9,46.3,48.5,48.8,48.4,47.2,45.9,44.2,42.2,40.1,37.9,36.6,37.0,37.6,37.8,37.8,37.7,37.8,38.4,39.1,39.7,40.4,41.5,42.8,44.6,47.5,49.5,49.9,49.7,48.9,47.6,45.9,43.5,41.3,39.0,37.1,37.2,37.8,38.1,38.5,39.1,39.8,40.2,41.2,42.5,43.5,45.1,46.7,49.0,51.7,53.6,54.5,54.6,53.8,52.8,51.0,48.9,46.6,44.0,41.2,40.8,41.7,42.7,43.6,44.9,46.3,47.4,48.2,49.2,50.8,53.0,55.3,58.8,62.1,63.5,63.7,63.4
44.2,44.9,45.6,46.4,48.1,50.4,50.7,50.0,48.6,47.1,41.2,41.8,42.8,44.0,46.2,48.3,48.6,48.1,46.9,46.0,44.2,42.3,40.3,38.0,36.7,37.4,37.5,37.3,37.3,37.5,37.6,38.6,38.9,39.7,40.7,41.8,42.9,44.7,47.6,49.6,50.2,50.1,49.2,47.7,45.8,43.5,41.4,38.9,37.1,37.5,37.8,37.9,38.7,39.2,39.7,40.6,41.6,42.8,44.2,45.7,46.9,49.1,52.3,54.3,54.9,54.9,54.1,53.0,51.1,48.8,46.6,44.0,41.4,41.2,42.4,43.1,44.5,45.6,46.5,47.4,48.4,49.8,51.6,53.8,55.8,59.2,62.4,63.6,63.7
43.6,44.2,44.8,45.4,46.3,47.9,49.9,50.3,49.5,48.3,40.4,41.2,41.9,42.8,43.8,45.9,48.1,48.3,47.9,47.0,45.9,44.3,42.5,40.4,38.2,37.2,37.2,37.0,36.8,37.0,37.3,37.8,38.4,39.0,40.1,41.0,41.9,43.0,44.9,47.9,49.9,50.5,50.3,49.2,47.7,45.8,43.6,41.2,39.0,37.3,37.4,37.6,38.2,38.9,39.1,40.0,41.0,41.9,43.5,44.8,45.8,46.9,49.6,52.9,54.6,55.2,55.1,54.3,53.1,51.0,48.8,46.7,44.3,41.9,41.8,42.7,44.0,45.2,45.8,46.5,47.7,49.0,50.6,52.3,54.3,56.2,59.5,62.5,63.6
43.1,43.6,44.2,44.7,45.3,45.9,47.4,49.5,49.8,49.2,40.0,40.5,41.2,41.9,42.6,43.5,45.8,47.9,48.1,48.1,47.1,46.1,44.5,42.6,40.5,38.5,37.0,36.8,36.5,36.6,36.9,37.4,37.6,38.4,39.3,40.3,41.0,41.9,43.2,45.1,48.2,50.2,50.7,50.4,49.2,47.7,45.8,43.4,41.2,39.2,37.2,37.3,37.8,38.3,38.8,39.5,40.5,41.2,42.7,44.1,45.0,45.9,47.4,50.3,53.3,55.0,55.5,55.4,54.4,53.0,51.1,49.0,47.0,44.9,42.6,42.2,43.5,44.7,45.3,45.8,46.8,48.2,49.7,51.3,52.8,54.8,56.5,59.6,62.4
42.8,43.1,43.6,44.1,44.6,44.9,45.3,47.0,49.1,49.5,39.6,40.1,40.6,41.3,41.7,42.3,43.3,45.7,47.7,48.3,48.1,47.2,46.1,44.6,42.7,40.7,38.2,36.5,36.3,36.3,36.4,37.0,37.3,37.6,38.7,39.6,40.4,41.1,42.2,43.4,45.2,48.5,50.4,50.8,50.3,49.2,47.7,45.6,43.3,41.4,39.1,37.2,37.4,37.9,38.3,39.2,39.8,40.7,41.9,43.1,44.3,44.9,46.3,48.1,50.7,53.7,55.2,55.8,55.4,54.4,53.1,51.4,49.3,47.7,45.6,43.1,43.1,44.2,44.8,45.3,46.1,47.4,49.0,50.3,51.9,53.2,55.1,56.7,59.6
