day 0,day 1,day 2,day 3,day 4,day 5,day 6,day 7,day 8,day 9,day 10,day 11,day 12,day 13,day 14,day 15,day 16,day 17,day 18,day 19,day 20,day 21,day 22,day 23,day 24,day 25,day 26,day 27,day 28,day 29,day 30,day 31,day 32,day 33,day 34,day 35,day 36,day 37,day 38,day 39,day 40,day 41,day 42,day 43,day 44,day 45,day 46,day 47,day 48,day 49,day 50,day 51,day 52,day 53,day 54,day 55,day 56,day 57,day 58,day 59,day 60,day 61,day 62,day 63,day 64,day 65,day 66,day 67,day 68,day 69,day 70,day 71,day 72,day 73,day 74,day 75,day 76,day 77,day 78,day 79,day 80,day 81,day 82,day 83,day 84,day 85,day 86,day 87,day 88,day 89,day 90
67.6,67.7,67.6,68.0,68.7,69.6,71.6,74.1,75.3,75.6,75.7,75.2,74.0,72.3,69.9,67.3,64.6,61.5,60.4,60.2,60.3,60.3,60.0,59.9,60.0,60.2,59.8,59.7,60.2,60.8,62.3,65.0,66.5,67.1,66.8,65.8,64.6,62.7,60.2,57.6,54.5,51.6,51.3,51.2,50.8,50.3,50.3,50.2,50.5,50.6,50.7,50.9,51.3,52.0,52.9,54.9,57.2,57.7,57.2,56.4,55.3,53.3,51.2,48.6,45.1,43.9,43.8,44.0,44.3,44.6,44.9,44.8,44.8,44.8,45.5,45.5,46.0,46.6,47.5,49.3,51.0,51.1,50.9,49.8,48.5,46.9,44.9,42.7,40.6,40.5,40.8
67.2,67.3,67.4,67.4,67.8,68.6,69.4,71.3,73.9,75.0,75.4,75.5,74.8,73.5,71.7,69.5,67.0,64.3,61.0,59.8,59.7,59.9,59.8,59.4,59.3,59.6,59.6,59.3,59.5,60.1,60.6,61.9,64.3,66.4,66.7,66.4,65.4,64.1,62.2,60.0,57.3,54.0,51.2,51.0,50.5,50.2,49.8,49.9,50.1,50.2,50.4,50.5,50.7,51.0,51.6,52.5,54.6,56.8,57.2,56.8,56.4,55.0,53.2,51.0,48.5,45.0,43.5,43.8,43.8,44.1,44.4,44.6,44.4,44.5,45.1,45.2,45.2,45.9,46.5,47.2,48.8,50.4,50.9,50.4,49.4,48.2,46.9,45.1,43.1,40.9,40.4
66.9,67.0,67.0,67.3,67.2,67.7,68.4,69.2,71.1,73.6,74.8,75.3,75.1,74.3,72.9,71.4,69.3,66.7,63.8,60.5,59.3,59.3,59.3,59.2,58.9,59.0,59.1,59.0,59.0,59.3,59.9,60.3,61.2,64.2,66.0,66.2,65.9,64.9,63.6,62.0,59.6,56.6,53.5,50.8,50.2,50.0,49.7,49.4,49.7,49.7,49.8,50.1,50.3,50.3,50.6,51.1,52.1,54.2,56.3,56.8,56.8,56.2,54.9,53.1,50.9,48.4,44.6,43.6,43.5,43.7,44.0,44.2,44.2,44.0,44.7,44.8,44.9,45.1,45.8,46.3,46.8,48.3,50.3,50.5,50.1,49.3,48.2,47.1,45.5,43.4,40.8
66.6,66.7,66.7,66.9,67.1,67.2,67.6,68.1,68.9,70.7,73.4,74.7,74.9,74.6,73.7,72.6,71.2,68.9,66.2,63.2,59.9,58.9,58.8,58.7,58.6,58.5,58.5,58.6,58.8,58.9,59.1,59.4,59.6,61.0,63.8,65.5,65.8,65.4,64.4,63.3,61.5,58.9,56.2,53.1,50.1,49.7,49.4,49.3,49.2,49.3,49.4,49.5,49.9,50.0,50.0,50.2,50.8,51.9,53.7,56.0,56.8,56.6,56.1,54.8,53.0,50.7,48.0,44.6,43.3,43.4,43.5,43.7,43.7,43.8,44.3,44.4,44.5,44.7,45.1,45.7,45.9,46.4,48.2,49.8,50.2,49.8,49.3,48.4,47.6,45.8,43.2
66.4,66.4,66.4,66.5,66.7,67.0,67.0,67.3,67.9,68.6,70.4,73.2,74.2,74.4,74.0,73.4,72.4,70.7,68.4,65.6,62.7,59.5,58.3,58.1,58.1,58.2,58.0,57.9,58.3,58.7,58.7,58.6,58.7,59.5,60.7,63.3,65.0,65.2,64.8,64.1,62.9,60.8,58.6,55.8,52.3,49.6,49.1,49.1,49.2,48.9,49.0,49.0,49.1,49.6,49.5,49.6,49.8,50.5,51.4,53.4,55.9,56.5,56.6,56.0,54.7,52.8,50.4,48.0,44.2,43.2,43.4,43.3,43.3,43.2,44.1,43.9,44.1,44.4,44.7,45.0,45.2,45.5,46.2,47.6,49.5,49.9,49.9,49.6,48.9,47.9,45.6
65.9,66.1,66.1,66.2,66.4,66.6,66.8,66.8,67.0,67.6,68.4,70.1,72.6,73.8,73.8,73.8,73.2,72.0,70.3,67.9,65.1,62.3,58.9,57.7,57.7,57.7,57.6,57.4,57.8,58.2,58.4,58.2,57.9,58.6,59.2,60.3,62.8,64.4,64.6,64.6,63.7,62.1,60.5,58.2,55.0,51.7,48.9,49.0,49.0,48.9,48.6,48.7,48.7,48.8,49.1,49.1,49.3,49.7,50.1,51.2,53.5,55.7,56.5,56.5,55.9,54.5,52.4,50.3,47.6,44.2,43.0,43.1,42.9,42.8,43.5,43.7,43.7,44.0,44.3,44.6,44.5,44.9,45.3,45.7,47.3,49.3,50.0,50.2,50.1,49.2,47.7
65.7,65.6,65.8,66.0,66.1,66.3,66.4,66.5,66.4,66.8,67.5,68.1,69.6,72.2,73.2,73.6,73.6,72.8,71.5,69.7,67.3,64.6,61.7,58.3,57.2,57.3,57.1,57.0,57.3,57.6,58.0,57.8,57.5,57.8,58.4,58.8,59.7,62.2,63.9,64.3,64.1,62.9,61.8,60.2,57.5,54.5,51.1,48.8,48.8,48.6,48.4,48.2,48.3,48.4,48.4,48.7,48.7,49.1,49.2,50.0,51.3,53.2,55.6,56.5,56.4,55.8,54.1,52.3,50.1,47.5,43.8,42.7,42.6,42.6,43.1,43.2,43.5,43.6,44.0,44.2,44.1,44.2,44.6,44.8,45.4,47.2,49.3,50.3,50.7,50.3,48.9
67.1,65.4,65.3,65.8,65.8,66.0,66.1,66.0,66.1,66.2,66.7,67.2,67.6,69.1,71.6,72.9,73.4,73.1,72.3,70.9,69.2,66.9,64.1,61.1,57.7,56.8,56.6,56.6,56.9,57.1,57.4,57.3,57.1,57.4,57.6,58.0,58.3,59.3,61.8,63.6,63.9,63.4,62.7,61.5,59.5,57.0,53.9,50.8,48.6,48.5,48.2,48.1,47.9,48.0,48.0,48.1,48.3,48.5,48.7,49.1,50.1,51.0,53.1,55.5,56.4,56.3,55.4,54.1,52.2,49.9,47.2,43.4,42.2,42.3,42.9,42.8,42.9,43.4,43.6,43.8,43.6,43.8,43.9,44.1,44.5,45.3,47.2,49.6,50.8,50.9,50.1
69.5,66.7,65.1,65.1,65.6,65.7,65.8,65.7,65.7,65.9,66.1,66.4,66.6,67.1,68.4,71.2,72.7,72.9,72.7,71.7,70.4,68.8,66.5,63.5,60.6,57.3,56.2,56.1,56.5,56.7,56.9,56.8,56.6,57.0,57.1,57.1,57.5,58.0,59.0,61.4,63.2,63.2,63.3,62.4,60.9,59.0,56.3,53.6,50.6,48.3,48.1,47.9,47.7,47.6,47.5,47.7,47.9,48.1,48.0,48.5,49.2,49.7,50.8,53.0,55.3,56.2,56.0,55.4,53.8,51.9,49.5,46.8,42.9,42.0,42.6,42.5,42.5,42.9,43.3,43.4,43.4,43.4,43.5,43.4,43.8,44.4,45.3,47.4,50.1,50.9,50.7
71.5,69.2,66.4,65.0,64.9,65.5,65.5,65.4,65.4,65.6,65.8,65.8,65.8,66.1,66.5,68.1,71.0,72.3,72.5,72.1,71.1,70.0,68.4,65.8,63.0,60.1,56.5,55.7,55.9,56.3,56.4,56.4,56.1,56.4,56.7,56.6,56.6,57.1,57.7,58.7,61.0,62.5,63.1,63.0,61.9,60.3,58.4,56.0,53.2,50.2,47.9,47.8,47.5,47.3,47.1,47.2,47.5,47.7,47.7,47.9,48.5,48.8,49.5,50.6,52.8,55.1,56.0,56.0,55.1,53.5,51.5,49.2,46.2,42.7,42.3,42.2,42.4,42.5,42.7,43.0,42.9,43.3,43.1,43.1,43.2,43.8,44.5,45.5,47.9,50.2,50.7
73.5,71.2,69.0,66.2,64.8,64.8,65.3,65.2,65.1,65.3,65.5,65.5,65.1,65.2,65.5,66.1,67.9,70.6,71.9,71.9,71.7,70.8,69.7,67.8,65.5,62.6,59.5,56.0,55.5,55.7,56.1,55.9,55.7,55.9,56.1,56.2,56.0,56.3,56.8,57.4,58.2,60.2,62.3,62.9,62.4,61.3,59.7,58.0,55.5,52.9,49.7,47.6,47.5,47.2,46.8,46.8,47.1,47.4,47.2,47.6,47.9,48.1,48.6,49.3,50.6,52.6,54.9,55.9,55.7,54.6,53.0,51.1,48.6,45.9,42.9,41.9,42.1,42.4,42.4,42.5,42.5,42.8,43.0,42.7,42.9,43.1,43.9,44.7,46.0,48.1,49.9
75.0,73.2,71.0,68.7,65.9,64.7,64.6,64.9,64.9,65.0,65.2,65.1,64.9,64.6,64.7,65.2,66.0,67.4,70.1,71.4,71.5,71.3,70.5,69.1,67.4,65.1,62.0,58.9,55.8,55.3,55.4,55.5,55.2,55.5,55.6,55.8,55.7,55.7,56.0,56.5,56.9,57.5,60.0,62.0,62.3,61.8,60.7,59.5,57.6,55.3,52.5,49.3,47.3,47.1,46.6,46.5,46.7,47.0,46.9,47.2,47.5,47.5,47.8,48.3,49.3,50.3,52.4,54.8,55.7,55.2,54.2,52.6,50.5,48.3,46.0,42.4,41.8,42.1,42.3,42.1,42.0,42.5,42.5,42.5,42.4,42.9,43.1,44.1,45.2,46.1,47.8
76.2,74.7,73.0,70.8,68.5,65.7,64.5,64.3,64.6,64.7,64.9,64.9,64.5,64.4,64.1,64.4,65.1,65.6,67.0,69.6,71.0,71.2,71.1,70.0,68.8,67.1,64.5,61.5,58.7,55.5,55.1,54.9,54.8,54.9,55.2,55.3,55.3,55.3,55.4,55.7,56.0,56.1,57.2,59.6,61.4,61.7,61.2,60.5,59.0,57.4,54.9,52.2,48.9,46.8,46.4,46.3,46.4,46.6,46.5,46.9,47.1,47.1,47.2,47.6,48.3,49.1,50.2,52.4,54.5,55.2,54.8,53.6,52.0,50.2,48.3,45.4,42.4,41.8,42.0,41.9,41.7,42.0,42.2,42.0,42.2,42.3,42.8,43.5,44.7,45.3,45.8
76.8,75.8,74.5,72.8,70.5,68.1,65.5,64.2,64.0,64.4,64.6,64.5,64.2,64.0,63.9,63.9,64.3,64.7,65.1,66.4,69.1,70.7,71.0,70.5,69.7,68.5,66.5,64.0,61.3,58.5,55.3,54.4,54.4,54.6,54.7,54.8,54.9,55.0,55.1,55.2,55.1,55.3,55.9,56.8,59.0,60.8,61.1,60.9,60.0,58.7,57.0,54.6,51.9,48.5,46.1,46.1,46.1,46.2,46.1,46.5,46.8,46.7,46.8,47.1,47.6,48.2,49.0,50.1,52.2,54.0,54.8,54.3,53.0,51.7,50.2,47.8,45.3,42.4,41.6,41.6,41.5,41.8,41.7,41.8,41.7,42.0,42.5,43.2,44.1,44.7,45.0
77.0,76.5,75.7,74.4,72.7,70.3,67.9,65.1,63.9,63.8,64.3,64.3,63.8,63.7,63.5,63.6,63.8,63.9,64.2,64.6,66.0,68.7,70.4,70.4,70.2,69.3,67.9,66.0,63.8,61.1,58.2,54.5,53.9,54.2,54.4,54.3,54.4,54.6,54.8,54.8,54.7,54.4,55.0,55.4,56.1,58.4,60.3,60.8,60.5,59.8,58.4,56.7,54.2,51.4,47.9,45.8,45.9,45.9,45.8,46.1,46.5,46.4,46.5,46.7,47.1,47.4,48.1,48.9,49.9,51.8,53.7,54.3,53.7,52.7,51.6,49.7,47.6,45.1,42.1,41.3,41.1,41.5,41.4,41.3,41.4,41.6,42.2,42.9,43.7,44.0,44.4
76.9,76.7,76.4,75.5,74.3,72.5,70.1,67.7,64.9,63.6,63.6,63.9,63.7,63.3,63.2,63.2,63.5,63.3,63.5,63.8,64.2,65.6,68.4,69.8,70.2,69.8,68.7,67.4,65.7,63.6,60.8,57.4,54.0,53.7,53.9,54.0,53.9,54.2,54.4,54.5,54.3,54.1,54.1,54.5,54.7,55.5,57.8,60.0,60.4,60.3,59.5,58.0,56.3,53.7,50.7,47.5,45.5,45.6,45.5,45.8,46.0,46.0,46.2,46.3,46.7,46.9,47.3,48.0,48.7,49.5,51.4,53.2,53.7,53.4,52.6,51.1,49.6,47.3,44.8,41.7,40.7,41.1,41.2,41.1,40.9,41.4,41.7,42.6,43.3,43.6,43.8
76.2,76.7,76.7,76.2,75.5,74.1,72.3,69.9,67.4,64.6,63.5,63.3,63.3,63.1,62.8,62.8,63.1,63.1,63.0,63.1,63.4,63.7,65.1,67.8,69.5,69.8,69.2,68.3,67.2,65.5,63.3,60.0,56.9,53.8,53.5,53.5,53.6,53.7,54.1,54.1,53.9,53.7,53.8,53.6,53.8,54.2,55.0,57.5,59.6,60.2,60.0,59.1,57.6,55.8,53.2,50.4,47.2,45.3,45.1,45.5,45.7,45.5,45.9,46.0,46.4,46.5,46.9,47.2,47.8,48.4,49.2,51.0,52.7,53.5,53.3,52.1,51.0,49.4,47.0,44.4,41.2,40.8,40.8,40.9,40.6,40.9,41.5,42.1,42.9,43.3,43.4
74.9,76.0,76.6,76.6,76.2,75.4,73.9,72.1,69.7,67.1,64.4,63.1,62.7,62.7,62.7,62.4,62.7,62.7,62.7,62.5,62.7,63.0,63.3,64.5,67.5,69.2,69.2,68.8,68.0,66.9,65.1,62.5,59.7,56.6,53.6,53.1,53.1,53.5,53.6,53.8,53.5,53.2,53.3,53.2,53.0,53.3,53.7,54.8,57.1,59.4,60.0,59.6,58.8,57.3,55.3,52.7,50.1,46.8,44.9,45.2,45.2,45.2,45.4,45.8,46.0,46.0,46.5,46.8,47.0,47.5,48.0,48.9,50.5,52.6,53.4,52.8,52.0,50.7,49.1,46.6,43.8,41.2,40.4,40.5,40.4,40.6,41.0,41.8,42.4,42.7,43.0
72.6,74.7,75.9,76.5,76.6,76.1,75.1,73.8,71.8,69.4,66.9,64.0,62.5,62.1,62.3,62.3,62.3,62.3,62.3,62.2,62.1,62.2,62.5,62.7,64.2,67.1,68.5,68.8,68.6,67.8,66.5,64.4,62.3,59.4,56.3,53.1,52.7,53.0,53.4,53.3,53.2,52.7,52.8,52.7,52.5,52.5,52.7,53.5,54.4,56.8,59.1,59.5,59.2,58.4,56.8,54.8,52.5,49.7,46.3,44.9,44.9,44.7,45.1,45.3,45.7,45.7,46.1,46.4,46.5,46.7,47.2,47.7,48.4,50.4,52.4,52.8,52.7,51.7,50.4,48.7,46.1,43.7,40.8,40.1,40.1,40.4,40.7,41.4,42.2,42.3,42.6
70.3,72.3,74.6,75.8,76.5,76.5,75.9,75.0,73.5,71.6,69.1,66.5,63.4,61.9,61.7,61.9,62.1,61.9,61.8,61.8,61.9,61.7,61.7,62.0,62.5,63.8,66.4,68.1,68.5,68.4,67.3,65.8,64.3,62.0,59.1,55.8,52.6,52.6,53.0,53.1,52.6,52.5,52.4,52.3,52.1,52.0,52.0,52.6,53.2,54.2,56.5,58.7,59.2,58.9,58.0,56.4,54.6,52.0,49.3,46.3,44.6,44.5,44.6,44.9,45.3,45.4,45.7,46.0,46.1,46.2,46.5,46.9,47.3,48.4,50.2,51.9,52.7,52.4,51.4,50.0,48.1,46.0,43.2,40.4,39.6,40.1,40.6,41.1,41.7,42.1,42.1
69.4,70.1,72.1,74.5,75.8,76.4,76.3,75.8,74.8,73.3,71.4,68.8,66.0,62.8,61.5,61.3,61.8,61.7,61.5,61.3,61.4,61.5,61.2,61.2,61.7,62.1,63.2,66.0,67.8,68.3,67.9,66.6,65.7,64.0,61.5,58.6,55.3,52.5,52.6,52.7,52.5,52.0,52.2,51.7,51.6,51.5,51.6,51.9,52.3,52.9,54.0,56.1,58.4,58.9,58.4,57.6,56.1,54.1,51.6,49.4,45.8,44.2,44.3,44.5,44.8,44.9,45.4,45.6,45.8,46.0,46.1,46.1,46.4,47.3,48.2,49.7,51.8,52.5,52.1,51.0,49.5,48.0,45.7,42.9,40.0,39.8,40.3,40.8,41.5,41.5,41.9
68.4,69.1,69.9,72.0,74.5,75.6,76.1,76.2,75.6,74.5,73.1,71.1,68.3,65.4,62.3,61.1,61.0,61.4,61.2,60.9,60.9,61.0,60.9,60.7,60.9,61.2,61.4,62.8,65.7,67.6,67.8,67.2,66.6,65.5,63.5,61.0,58.1,55.0,52.4,52.3,52.2,52.0,51.6,51.4,51.1,51.0,51.2,51.4,51.5,51.9,52.6,53.6,55.8,58.0,58.4,58.0,57.3,55.6,53.7,51.6,49.0,45.4,44.0,44.2,44.4,44.5,45.0,45.2,45.3,45.6,45.7,45.7,45.6,46.5,47.1,47.7,49.7,51.6,52.2,51.7,50.4,49.3,47.6,45.3,42.5,40.1,39.9,40.6,41.1,41.4,41.3
67.8,68.2,68.9,69.8,71.8,74.3,75.5,76.0,76.0,75.3,74.3,72.7,70.6,67.7,65.0,61.9,60.8,60.7,60.8,60.7,60.5,60.4,60.4,60.5,60.4,60.4,60.5,61.0,62.5,65.4,67.1,67.1,67.2,66.3,65.0,63.1,60.6,57.8,54.9,52.2,51.8,51.6,51.6,50.9,50.8,50.6,50.7,51.0,51.0,51.2,51.6,52.3,53.3,55.4,57.6,58.1,57.7,56.8,55.3,53.6,51.2,48.8,45.2,44.0,44.2,44.0,44.5,44.8,45.1,45.2,45.3,45.2,45.2,45.8,46.3,46.7,47.6,49.5,51.3,51.7,51.1,50.3,48.8,47.2,45.0,42.6,40.3,40.2,40.9,41.0,41.2
67.7,67.6,68.0,68.7,69.6,71.6,74.1,75.3,75.6,75.7,75.2,74.0,72.3,69.9,67.3,64.6,61.5,60.4,60.2,60.3,60.3,60.0,59.9,60.0,60.2,59.8,59.7,60.2,60.8,62.3,65.0,66.5,67.1,66.8,65.8,64.6,62.7,60.2,57.6,54.5,51.6,51.3,51.2,50.8,50.3,50.3,50.2,50.5,50.6,50.7,50.9,51.3,52.0,52.9,54.9,57.2,57.7,57.2,56.4,55.3,53.3,51.2,48.6,45.1,43.9,43.8,44.0,44.3,44.6,44.9,44.8,44.8,44.8,45.5,45.5,46.0,46.6,47.5,49.3,51.0,51.1,50.9,49.8,48.5,46.9,44.9,42.7,40.6,40.5,40.8,40.9
67.3,67.4,67.4,67.8,68.6,69.4,71.3,73.9,75.0,75.4,75.5,74.8,73.5,71.7,69.5,67.0,64.3,61.0,59.8,59.7,59.9,59.8,59.4,59.3,59.6,59.6,59.3,59.5,60.1,60.6,61.9,64.3,66.4,66.7,66.4,65.4,64.1,62.2,60.0,57.3,54.0,51.2,51.0,50.5,50.2,49.8,49.9,50.1,50.2,50.4,50.5,50.7,51.0,51.6,52.5,54.6,56.8,57.2,56.8,56.4,55.0,53.2,51.0,48.5,45.0,43.5,43.8,43.8,44.1,44.4,44.6,44.4,44.5,45.1,45.2,45.2,45.9,46.5,47.2,48.8,50.4,50.9,50.4,49.4,48.2,46.9,45.1,43.1,40.9,40.4,40.8
