day 0,day 1,day 2,day 3,day 4,day 5,day 6,day 7,day 8,day 9,day 10,day 11,day 12,day 13,day 14,day 15,day 16,day 17,day 18,day 19,day 20,day 21,day 22,day 23,day 24,day 25,day 26,day 27,day 28,day 29,day 30,day 31,day 32,day 33,day 34,day 35,day 36,day 37,day 38,day 39,day 40,day 41,day 42,day 43,day 44,day 45,day 46,day 47,day 48,day 49,day 50,day 51,day 52,day 53,day 54,day 55,day 56,day 57,day 58,day 59,day 60,day 61,day 62,day 63,day 64,day 65,day 66,day 67,day 68,day 69,day 70,day 71,day 72,day 73,day 74,day 75,day 76,day 77,day 78,day 79,day 80,day 81,day 82,day 83,day 84,day 85,day 86,day 87,day 88,day 89,day 90,day 91,day 92,day 93
75.1,77.1,79.0,81.3,84.0,88.3,91.7,93.3,93.5,93.3,93.1,92.2,90.4,87.9,84.9,81.5,78.2,74.7,71.0,69.9,70.7,71.9,73.2,74.6,76.2,77.8,79.5,81.4,83.9,88.0,91.0,92.9,93.5,94.2,93.6,92.3,90.5,88.0,85.0,81.6,78.1,74.6,71.2,70.9,71.5,72.3,73.2,74.5,75.7,77.2,78.7,80.3,82.5,85.5,89.5,91.1,91.8,92.3,92.6,91.4,89.3,86.6,83.2,79.3,75.3,71.3,68.0,68.0,68.6,69.4,70.2,71.0,72.0,73.1,74.3,75.8,77.4,79.7,83.3,85.1,85.8,86.0,85.5,84.2,82.3,79.4,76.1,72.5,68.4,64.1,61.4,61.8,62.1,62.7
73.5,75.1,77.0,78.9,81.2,83.8,88.1,91.5,92.9,93.1,93.2,93.1,92.1,90.3,87.8,85.0,81.6,78.3,74.7,71.0,70.0,70.8,72.0,73.3,74.7,76.2,77.7,79.7,81.4,83.9,87.8,90.8,92.6,93.7,93.9,93.5,92.2,90.4,87.8,85.0,81.7,78.2,74.6,71.1,70.7,71.3,72.1,73.2,74.4,75.6,77.1,78.6,80.3,82.4,85.2,89.2,90.9,91.6,92.0,92.3,91.2,89.2,86.4,83.0,79.2,75.1,71.3,67.8,67.8,68.4,69.1,69.9,70.8,71.7,72.7,73.8,75.4,76.8,79.1,82.6,84.5,85.4,85.5,85.0,83.8,82.0,79.2,75.9,72.3,68.1,63.8,61.2,61.5,61.9
71.9,73.5,75.1,76.9,78.8,81.1,83.7,87.9,91.1,92.4,93.1,93.3,93.0,92.0,90.2,87.9,85.1,81.7,78.3,74.8,71.1,70.0,70.8,72.0,73.4,74.8,76.1,77.8,79.7,81.4,83.7,87.8,90.6,92.8,93.5,93.8,93.4,92.1,90.2,87.9,85.1,81.8,78.2,74.6,71.0,70.5,71.2,72.2,73.1,74.4,75.6,77.0,78.6,80.2,82.2,85.0,88.9,90.8,91.5,91.8,91.9,91.0,89.0,86.2,82.9,79.0,75.1,71.1,67.6,67.7,68.1,68.8,69.7,70.5,71.3,72.2,73.4,74.8,76.3,78.5,82.0,84.1,85.0,85.0,84.4,83.5,81.8,79.0,75.6,71.9,67.9,63.7,61.0,61.3
70.2,72.0,73.4,75.1,76.9,78.7,80.9,83.6,87.5,90.7,92.5,93.1,93.2,93.0,92.0,90.3,88.0,85.2,81.8,78.5,74.9,71.2,70.1,71.0,72.2,73.5,74.7,76.2,77.8,79.7,81.2,83.7,87.6,90.8,92.6,93.3,93.6,93.3,92.0,90.3,88.0,85.3,81.8,78.1,74.5,70.8,70.5,71.2,72.1,73.1,74.3,75.4,76.8,78.5,80.2,82.0,84.8,88.8,90.6,91.4,91.6,91.9,90.8,88.9,86.1,82.7,78.9,75.0,70.9,67.4,67.3,67.9,68.6,69.4,70.2,70.9,71.9,72.9,74.3,75.7,78.0,81.5,83.7,84.5,84.4,84.1,83.3,81.5,78.8,75.3,71.7,67.8,63.5,60.7
69.0,70.3,72.0,73.6,75.0,76.8,78.6,80.9,83.3,87.3,90.8,92.4,93.0,93.1,92.9,92.1,90.4,88.1,85.3,82.0,78.7,75.0,71.2,70.2,71.1,72.2,73.5,74.8,76.2,77.8,79.6,81.1,83.6,87.6,90.7,92.5,93.2,93.3,93.2,92.1,90.5,88.2,85.3,81.7,78.1,74.3,70.7,70.5,71.2,72.1,73.0,74.1,75.2,76.7,78.4,80.0,81.8,84.6,88.5,90.4,91.1,91.5,91.6,90.7,88.7,85.8,82.5,78.8,74.9,70.7,67.1,67.1,67.6,68.3,69.1,69.8,70.5,71.4,72.4,73.8,75.2,77.5,81.0,83.2,83.9,84.2,83.9,83.0,81.3,78.4,75.1,71.7,67.6,63.2
67.9,69.1,70.3,72.1,73.6,75.0,76.7,78.6,80.6,83.1,87.5,90.7,92.3,92.8,93.0,92.9,92.3,90.5,88.2,85.5,82.1,78.7,75.2,71.3,70.3,71.2,72.2,73.5,74.9,76.3,77.8,79.5,81.1,83.6,87.3,90.6,92.4,93.0,93.3,93.3,92.3,90.8,88.2,85.2,81.7,78.0,74.3,70.7,70.5,71.1,71.9,72.8,74.0,75.1,76.6,78.4,79.8,81.7,84.3,88.2,90.1,91.0,91.3,91.5,90.6,88.6,85.7,82.5,78.8,74.7,70.4,66.8,66.9,67.4,68.0,68.7,69.4,70.1,71.0,72.1,73.4,74.8,76.9,80.4,82.7,83.7,84.0,83.6,82.8,81.0,78.3,75.2,71.6,67.5
69.8,68.0,69.1,70.5,72.2,73.6,75.0,76.8,78.3,80.4,83.2,87.4,90.6,92.1,92.8,92.9,93.1,92.3,90.6,88.5,85.7,82.3,78.9,75.3,71.4,70.4,71.2,72.3,73.7,75.0,76.3,77.6,79.4,81.1,83.4,87.2,90.4,92.1,93.0,93.4,93.5,92.5,90.8,88.2,85.3,81.7,78.0,74.2,70.6,70.4,71.0,71.8,72.6,73.9,75.0,76.6,78.1,79.7,81.4,84.1,87.9,90.1,90.9,91.3,91.5,90.4,88.4,85.6,82.5,78.6,74.4,70.1,66.5,66.6,67.1,67.6,68.3,69.0,69.7,70.5,71.7,73.0,74.4,76.4,79.8,82.5,83.5,83.7,83.4,82.5,80.9,78.4,75.2,71.6
73.9,69.9,68.0,69.3,70.5,72.3,73.6,75.1,76.6,78.2,80.5,83.1,87.3,90.4,92.1,92.8,93.1,93.2,92.4,90.8,88.7,85.8,82.4,79.0,75.4,71.4,70.4,71.3,72.4,73.8,75.0,76.1,77.6,79.4,80.9,83.4,87.1,90.2,92.0,93.0,93.6,93.6,92.6,90.8,88.3,85.2,81.7,78.1,74.2,70.5,70.3,70.9,71.5,72.5,73.9,75.0,76.2,77.9,79.4,81.2,83.8,87.9,90.0,90.9,91.2,91.3,90.3,88.4,85.5,82.3,78.3,74.2,69.8,66.3,66.4,66.7,67.3,67.9,68.7,69.2,70.2,71.3,72.5,73.9,75.8,79.5,82.2,83.2,83.4,83.1,82.4,81.0,78.5,75.2
78.2,73.9,69.9,68.2,69.5,70.6,72.1,73.7,74.9,76.4,78.4,80.4,83.1,87.1,90.5,92.1,92.9,93.0,93.3,92.6,91.1,88.8,86.0,82.6,79.1,75.4,71.4,70.5,71.4,72.6,73.8,74.9,76.1,77.6,79.3,80.9,83.3,86.8,90.1,92.1,93.3,93.6,93.7,92.7,90.9,88.4,85.3,81.8,77.9,74.1,70.3,70.1,70.7,71.4,72.5,73.8,74.7,76.1,77.7,79.2,81.0,83.7,87.7,90.0,90.8,90.9,91.2,90.2,88.3,85.3,82.1,78.1,73.9,69.5,66.0,66.0,66.4,66.9,67.6,68.2,68.9,69.7,71.0,72.2,73.4,75.5,79.1,81.9,83.1,83.3,83.1,82.6,81.1,78.6
82.6,78.1,73.9,70.0,68.3,69.5,70.6,72.2,73.5,74.7,76.6,78.3,80.5,83.1,87.3,90.5,92.2,92.7,93.2,93.5,92.9,91.2,88.9,86.2,82.7,79.1,75.3,71.4,70.6,71.6,72.6,73.7,74.8,76.1,77.5,79.3,80.8,83.1,86.7,90.3,92.3,93.3,93.6,93.7,92.7,91.0,88.4,85.4,81.7,77.9,73.9,70.2,69.9,70.6,71.3,72.4,73.5,74.6,75.9,77.5,79.0,80.9,83.6,87.7,89.9,90.7,90.8,91.1,90.1,88.1,85.1,82.0,77.8,73.6,69.2,65.6,65.7,66.1,66.6,67.1,67.9,68.6,69.4,70.7,71.7,73.2,75.1,78.8,81.8,82.9,83.3,83.3,82.7,81.2
86.4,82.4,78.0,73.9,70.1,68.4,69.5,70.8,72.1,73.3,75.0,76.6,78.5,80.6,83.2,87.2,90.6,91.9,92.8,93.4,93.7,93.0,91.3,89.2,86.3,82.7,79.1,75.3,71.4,70.8,71.6,72.5,73.7,74.8,76.1,77.6,79.2,80.7,83.0,86.7,90.5,92.2,93.1,93.4,93.7,92.8,91.0,88.5,85.3,81.7,77.8,73.8,69.9,69.7,70.5,71.2,72.2,73.4,74.3,75.7,77.3,78.9,80.7,83.5,87.6,89.7,90.6,90.7,90.9,89.8,87.9,85.0,81.7,77.5,73.2,68.7,65.3,65.3,65.8,66.1,66.8,67.6,68.3,69.1,70.3,71.5,72.8,74.9,78.5,81.6,83.0,83.5,83.4,82.8
89.6,86.3,82.2,77.9,74.0,70.2,68.4,69.6,70.7,72.0,73.5,75.0,76.7,78.5,80.7,83.2,87.4,90.2,92.0,93.0,93.6,93.8,93.2,91.5,89.3,86.2,82.7,79.1,75.3,71.5,70.8,71.5,72.5,73.7,74.8,76.1,77.5,79.1,80.5,83.1,86.7,90.4,92.2,93.0,93.3,93.7,92.9,91.1,88.4,85.3,81.6,77.6,73.6,69.8,69.7,70.4,71.0,72.1,73.2,74.1,75.4,77.2,78.8,80.7,83.4,87.3,89.6,90.5,90.6,90.6,89.6,87.7,84.7,81.3,77.2,72.6,68.4,64.9,65.0,65.3,65.8,66.5,67.3,68.0,68.7,70.0,71.1,72.7,74.6,78.3,81.7,83.1,83.7,83.5
92.4,89.4,86.0,82.0,77.8,74.0,70.2,68.6,69.6,70.7,72.1,73.5,75.2,76.7,78.6,80.8,83.3,87.2,90.2,92.2,93.2,93.8,94.0,93.4,91.6,89.2,86.2,82.7,79.1,75.3,71.5,70.6,71.5,72.4,73.6,74.8,76.1,77.5,79.0,80.6,83.2,86.6,90.4,92.0,92.9,93.1,93.7,93.0,91.1,88.5,85.3,81.5,77.5,73.4,69.7,69.6,70.1,70.9,71.9,73.0,73.9,75.3,77.0,78.7,80.6,83.2,87.2,89.5,90.3,90.3,90.4,89.4,87.4,84.4,81.0,76.5,72.3,68.0,64.6,64.6,65.0,65.4,66.1,67.0,67.6,68.5,69.6,71.0,72.2,74.3,78.2,81.9,83.3,83.8
94.4,92.1,89.2,85.7,81.8,77.7,73.9,70.3,68.6,69.6,70.9,72.2,73.6,75.2,76.9,78.7,80.8,83.1,87.3,90.4,92.4,93.3,93.9,94.2,93.5,91.5,89.2,86.3,82.7,79.0,75.2,71.4,70.6,71.5,72.4,73.6,74.7,76.1,77.4,79.0,80.7,83.1,86.7,90.2,91.9,92.7,93.2,93.8,92.9,91.1,88.4,85.1,81.3,77.3,73.3,69.5,69.3,70.0,70.7,71.8,72.8,73.8,75.1,76.9,78.6,80.4,83.1,87.2,89.3,90.1,90.0,90.2,89.1,87.0,83.9,80.2,76.0,71.8,67.6,64.2,64.3,64.7,65.1,65.9,66.6,67.3,68.2,69.5,70.7,72.0,74.1,78.3,82.1,83.4
95.5,94.2,91.9,88.9,85.5,81.6,77.7,74.0,70.2,68.6,69.8,70.9,72.3,73.6,75.3,77.0,78.7,80.7,83.2,87.4,90.6,92.6,93.6,94.1,94.3,93.4,91.6,89.2,86.3,82.7,78.8,75.1,71.3,70.6,71.4,72.5,73.6,74.7,76.0,77.4,79.1,80.6,83.2,86.5,90.2,91.6,92.7,93.3,93.6,93.0,91.1,88.3,85.0,81.1,77.1,73.0,69.3,69.2,69.9,70.6,71.6,72.7,73.7,75.0,76.7,78.4,80.2,83.0,87.0,89.1,89.8,89.9,89.8,88.8,86.7,83.2,79.6,75.5,71.4,67.1,63.9,63.9,64.3,64.8,65.5,66.3,67.1,68.1,69.1,70.4,71.8,74.1,78.4,82.0
95.8,95.2,93.9,91.6,88.6,85.3,81.6,77.7,73.8,70.2,68.8,69.9,71.1,72.2,73.7,75.5,77.0,78.7,80.7,83.4,87.6,90.7,92.8,93.9,94.3,94.3,93.4,91.6,89.2,86.2,82.4,78.6,75.0,71.3,70.6,71.5,72.5,73.6,74.7,76.0,77.6,79.1,80.7,83.1,86.4,90.1,91.7,92.7,93.1,93.8,92.9,91.0,88.2,84.8,80.9,76.7,72.8,69.2,69.0,69.8,70.4,71.5,72.5,73.6,74.9,76.5,78.2,80.0,82.7,86.8,88.8,89.7,89.6,89.6,88.4,85.9,82.6,79.1,75.1,70.9,66.7,63.6,63.6,64.1,64.5,65.3,66.1,66.9,67.7,68.9,70.3,71.7,74.1,78.2
95.4,95.5,95.0,93.6,91.2,88.3,85.3,81.6,77.5,73.9,70.4,68.9,70.0,71.1,72.3,73.9,75.6,77.0,78.8,80.9,83.5,87.7,91.0,93.0,93.9,94.3,94.3,93.4,91.6,89.0,85.9,82.2,78.5,74.9,71.2,70.7,71.5,72.5,73.5,74.8,76.2,77.6,79.1,80.6,83.0,86.2,90.1,91.7,92.5,93.2,93.8,92.8,90.9,88.1,84.5,80.6,76.4,72.6,69.0,68.9,69.6,70.3,71.3,72.5,73.5,74.9,76.3,78.0,79.8,82.5,86.5,88.6,89.3,89.3,89.2,87.7,85.3,82.1,78.6,74.6,70.6,66.3,63.3,63.4,63.9,64.2,65.1,65.8,66.5,67.5,68.7,70.2,71.7,74.0
94.6,95.1,95.2,94.6,93.2,91.0,88.4,85.1,81.3,77.6,74.0,70.4,69.1,70.1,71.2,72.5,74.0,75.6,77.2,78.9,80.9,83.6,88.0,91.2,93.0,93.9,94.3,94.3,93.3,91.4,88.7,85.6,82.1,78.5,74.8,71.2,70.7,71.5,72.5,73.5,74.9,76.2,77.6,78.9,80.5,82.8,86.1,90.0,91.6,92.6,93.2,93.7,92.7,90.7,87.8,84.2,80.3,76.3,72.4,68.8,68.7,69.5,70.1,71.3,72.3,73.4,74.7,76.0,77.8,79.5,82.2,86.2,88.1,88.9,88.9,88.7,87.0,84.8,81.6,78.2,74.3,70.2,66.0,63.0,63.2,63.7,64.0,64.9,65.5,66.2,67.4,68.6,70.2,71.5
92.9,94.4,94.9,94.8,94.2,92.9,91.1,88.1,84.8,81.4,77.7,74.1,70.5,69.2,70.1,71.4,72.7,74.1,75.7,77.3,79.0,81.0,83.8,88.2,91.2,93.0,93.9,94.3,94.3,93.2,91.2,88.5,85.5,82.0,78.3,74.8,71.2,70.7,71.5,72.5,73.6,74.9,76.2,77.5,78.8,80.4,82.8,85.9,90.0,91.8,92.6,93.2,93.7,92.6,90.5,87.5,83.9,80.1,76.0,72.2,68.6,68.6,69.2,70.1,71.2,72.2,73.2,74.5,75.8,77.4,79.3,81.9,85.8,87.8,88.4,88.5,88.1,86.6,84.3,81.2,77.8,73.9,69.8,65.7,62.7,63.0,63.4,63.8,64.6,65.1,66.1,67.2,68.6,70.0
89.1,92.8,94.2,94.7,94.4,94.0,92.9,90.8,87.7,84.9,81.5,77.8,74.2,70.6,69.3,70.3,71.5,72.8,74.1,75.8,77.4,79.1,81.2,84.0,88.1,91.1,93.1,93.9,94.4,94.2,92.9,90.9,88.4,85.4,81.9,78.2,74.7,71.2,70.7,71.5,72.6,73.7,74.9,76.2,77.4,78.7,80.4,82.6,85.9,90.1,91.7,92.5,93.2,93.5,92.3,90.2,87.2,83.8,79.9,75.9,72.0,68.5,68.4,69.2,70.0,71.1,72.0,73.0,74.3,75.4,77.1,78.9,81.6,85.5,87.3,88.0,88.0,87.5,85.9,83.8,80.8,77.5,73.5,69.4,65.3,62.5,62.7,63.3,63.5,64.3,65.0,65.9,67.2,68.4
84.4,89.0,92.5,93.9,94.3,94.1,94.0,92.6,90.3,87.8,85.0,81.5,77.9,74.3,70.7,69.5,70.4,71.7,72.9,74.2,75.8,77.4,79.3,81.4,84.0,88.1,91.2,93.1,94.0,94.4,94.2,92.6,90.9,88.3,85.3,81.8,78.2,74.6,71.1,70.7,71.6,72.6,73.7,74.8,76.0,77.3,78.8,80.3,82.7,85.9,90.0,91.5,92.5,93.0,93.3,92.1,89.9,87.0,83.5,79.8,75.8,71.8,68.3,68.3,69.1,69.9,71.0,71.8,72.8,73.9,75.2,76.8,78.6,81.2,85.1,86.8,87.5,87.4,86.8,85.4,83.5,80.5,77.0,73.1,69.1,65.0,62.3,62.6,62.9,63.2,64.1,64.8,65.7,67.0
81.3,84.4,88.8,92.1,93.6,94.1,94.1,93.6,92.1,90.4,87.9,85.0,81.5,78.0,74.4,70.8,69.7,70.6,71.7,72.9,74.3,75.9,77.5,79.5,81.4,84.0,88.0,91.2,93.1,94.0,94.3,93.9,92.6,90.7,88.2,85.2,81.7,78.1,74.5,71.1,70.8,71.6,72.7,73.5,74.7,75.8,77.3,78.7,80.4,82.7,85.8,89.7,91.5,92.3,92.8,93.0,91.8,89.8,86.8,83.5,79.6,75.6,71.6,68.2,68.2,69.0,69.8,70.8,71.6,72.5,73.6,74.9,76.6,78.3,80.8,84.5,86.2,86.9,86.7,86.3,85.1,83.1,80.1,76.7,72.8,68.8,64.7,62.1,62.3,62.6,63.0,64.0,64.6,65.6
79.0,81.2,84.3,88.5,91.8,93.3,93.9,93.7,93.1,92.1,90.5,87.9,84.9,81.5,78.1,74.5,70.9,69.8,70.6,71.8,73.0,74.4,76.0,77.7,79.5,81.4,83.9,88.0,91.2,93.1,93.8,94.0,93.9,92.4,90.6,88.1,85.1,81.6,78.0,74.6,71.2,70.8,71.6,72.5,73.4,74.5,75.8,77.3,78.7,80.4,82.6,85.5,89.7,91.3,92.1,92.4,92.8,91.7,89.5,86.7,83.4,79.4,75.4,71.5,68.1,68.2,68.8,69.6,70.6,71.3,72.2,73.4,74.6,76.3,77.8,80.2,83.9,85.7,86.3,86.3,85.9,84.6,82.6,79.7,76.3,72.7,68.6,64.5,61.7,61.9,62.4,62.9,63.8,64.5
77.1,79.0,81.3,84.0,88.3,91.7,93.3,93.5,93.3,93.1,92.2,90.4,87.9,84.9,81.5,78.2,74.7,71.0,69.9,70.7,71.9,73.2,74.6,76.2,77.8,79.5,81.4,83.9,88.0,91.0,92.9,93.5,94.2,93.6,92.3,90.5,88.0,85.0,81.6,78.1,74.6,71.2,70.9,71.5,72.3,73.2,74.5,75.7,77.2,78.7,80.3,82.5,85.5,89.5,91.1,91.8,92.3,92.6,91.4,89.3,86.6,83.2,79.3,75.3,71.3,68.0,68.0,68.6,69.4,70.2,71.0,72.0,73.1,74.3,75.8,77.4,79.7,83.3,85.1,85.8,86.0,85.5,84.2,82.3,79.4,76.1,72.5,68.4,64.1,61.4,61.8,62.1,62.7,63.6
75.1,77.0,78.9,81.2,83.8,88.1,91.5,92.9,93.1,93.2,93.1,92.1,90.3,87.8,85.0,81.6,78.3,74.7,71.0,70.0,70.8,72.0,73.3,74.7,76.2,77.7,79.7,81.4,83.9,87.8,90.8,92.6,93.7,93.9,93.5,92.2,90.4,87.8,85.0,81.7,78.2,74.6,71.1,70.7,71.3,72.1,73.2,74.4,75.6,77.1,78.6,80.3,82.4,85.2,89.2,90.9,91.6,92.0,92.3,91.2,89.2,86.4,83.0,79.2,75.1,71.3,67.8,67.8,68.4,69.1,69.9,70.8,71.7,72.7,73.8,75.4,76.8,79.1,82.6,84.5,85.4,85.5,85.0,83.8,82.0,79.2,75.9,72.3,68.1,63.8,61.2,61.5,61.9,62.5
