day 0,day 1,day 2,day 3,day 4,day 5,day 6,day 7,day 8,day 9,day 10,day 11,day 12,day 13,day 14,day 15,day 16,day 17,day 18,day 19,day 20,day 21,day 22,day 23,day 24,day 25,day 26,day 27,day 28,day 29,day 30,day 31,day 32,day 33,day 34,day 35,day 36,day 37,day 38,day 39,day 40,day 41,day 42,day 43,day 44,day 45,day 46,day 47,day 48,day 49,day 50,day 51,day 52,day 53,day 54,day 55,day 56,day 57,day 58,day 59,day 60,day 61,day 62,day 63,day 64,day 65,day 66,day 67,day 68,day 69,day 70,day 71,day 72,day 73,day 74,day 75,day 76,day 77,day 78,day 79,day 80,day 81,day 82,day 83,day 84,day 85,day 86,day 87,day 88,day 89,day 90,day 91,day 92,day 93
74.8,77.3,80.4,83.6,86.8,91.1,94.8,96.6,97.1,96.8,95.8,94.2,91.8,88.7,85.3,81.8,77.9,74.1,70.8,69.6,70.6,72.1,73.7,75.7,78.0,80.4,83.1,86.1,89.1,93.1,96.9,98.8,99.4,98.9,97.9,96.2,93.8,90.4,86.8,82.6,78.2,73.7,70.2,69.6,70.3,71.4,72.7,74.4,76.6,78.9,81.3,84.3,87.2,90.6,94.8,97.1,97.9,97.6,96.5,94.5,91.7,88.1,84.3,80.5,76.0,71.9,69.0,69.1,70.0,71.1,72.6,74.3,76.3,78.5,80.8,83.1,85.5,88.4,92.1,94.4,94.9,94.3,92.9,90.5,87.1,83.4,79.3,75.2,70.5,66.2,63.7,64.1,64.7,65.6
72.6,75.0,77.7,80.7,83.9,87.1,91.4,94.9,96.8,97.2,96.9,96.0,94.4,92.0,88.7,85.3,81.9,78.0,74.1,70.8,69.7,70.7,72.2,73.8,75.8,78.1,80.5,83.2,86.3,89.3,93.2,97.0,98.9,99.4,99.0,98.0,96.2,93.8,90.3,86.5,82.3,77.8,73.3,69.9,69.4,70.2,71.2,72.5,74.4,76.4,78.8,81.4,84.3,87.2,90.6,94.9,97.2,98.0,97.7,96.6,94.5,91.5,88.1,84.3,80.4,76.0,71.7,68.8,69.0,70.0,71.1,72.6,74.2,76.2,78.3,80.5,82.8,85.3,88.0,91.7,94.0,94.5,93.9,92.4,89.8,86.6,83.0,78.9,74.9,70.0,65.8,63.5,63.8,64.4
70.7,72.8,75.5,78.0,80.9,84.2,87.3,91.5,95.1,96.8,97.3,97.1,96.2,94.6,91.9,88.7,85.5,82.0,78.1,74.1,70.8,69.8,70.8,72.3,73.9,75.9,78.2,80.7,83.4,86.5,89.4,93.3,97.1,98.9,99.5,99.2,98.1,96.3,93.7,90.0,86.1,82.0,77.4,73.0,69.7,69.3,70.0,71.1,72.5,74.2,76.4,78.8,81.3,84.3,87.2,90.7,95.0,97.3,98.0,97.8,96.6,94.4,91.6,88.0,84.2,80.4,75.8,71.5,68.7,68.9,69.9,71.1,72.6,74.1,76.1,78.1,80.2,82.5,84.9,87.6,91.2,93.5,94.1,93.3,91.7,89.3,86.1,82.5,78.6,74.4,69.7,65.6,63.2,63.6
69.0,71.0,73.3,75.8,78.3,81.2,84.5,87.5,91.7,95.1,97.0,97.6,97.3,96.3,94.5,91.9,88.9,85.5,82.1,78.1,74.1,70.8,69.9,71.0,72.4,74.1,76.0,78.3,80.8,83.6,86.7,89.6,93.3,97.1,99.1,99.6,99.3,98.2,96.2,93.4,89.6,85.8,81.6,77.1,72.8,69.6,69.1,69.9,71.1,72.4,74.3,76.4,78.8,81.4,84.4,87.3,90.8,95.1,97.4,98.1,97.8,96.5,94.5,91.5,88.0,84.2,80.2,75.5,71.4,68.6,69.0,69.9,71.1,72.4,73.9,75.8,77.9,80.0,82.3,84.6,87.1,90.7,93.1,93.5,92.7,91.2,88.8,85.6,82.2,78.1,74.0,69.5,65.4,62.9
67.7,69.3,71.4,73.5,76.0,78.5,81.5,84.6,87.6,91.7,95.3,97.3,97.8,97.5,96.3,94.5,92.2,88.9,85.6,82.0,78.0,74.0,70.9,70.0,71.1,72.5,74.2,76.1,78.4,81.0,83.8,86.8,89.6,93.3,97.2,99.1,99.7,99.3,98.1,96.0,93.1,89.3,85.4,81.3,76.9,72.6,69.4,69.0,69.9,70.9,72.4,74.3,76.4,78.9,81.4,84.5,87.4,90.9,95.1,97.4,98.1,97.7,96.5,94.4,91.4,87.9,84.0,79.9,75.4,71.4,68.7,69.0,70.0,71.0,72.2,73.7,75.6,77.7,79.7,82.0,84.1,86.7,90.2,92.6,92.8,92.2,90.7,88.3,85.2,81.6,77.8,73.9,69.3,65.1
66.6,68.0,69.7,71.7,73.7,76.2,78.7,81.6,84.7,87.7,91.9,95.6,97.4,97.9,97.5,96.4,94.8,92.2,89.0,85.5,82.0,77.9,74.0,71.0,70.1,71.3,72.7,74.3,76.2,78.7,81.2,83.9,86.9,89.6,93.4,97.2,99.2,99.7,99.2,97.8,95.6,92.7,88.9,85.2,81.1,76.7,72.4,69.2,69.0,69.7,70.9,72.4,74.3,76.5,78.9,81.6,84.6,87.4,90.9,95.1,97.4,98.0,97.7,96.5,94.3,91.3,87.7,83.7,79.8,75.4,71.4,68.6,69.0,69.9,70.8,72.0,73.5,75.4,77.4,79.3,81.6,83.8,86.3,89.6,91.9,92.3,91.7,90.2,87.8,84.7,81.3,77.7,73.8,69.1
68.3,66.9,68.4,70.0,71.9,74.0,76.4,78.9,81.7,84.8,87.9,92.2,95.7,97.6,97.9,97.6,96.6,94.9,92.3,89.0,85.5,82.0,77.9,74.2,71.1,70.3,71.4,72.8,74.4,76.4,78.8,81.3,83.9,86.8,89.6,93.4,97.3,99.2,99.6,99.0,97.5,95.3,92.3,88.6,84.9,80.9,76.4,72.3,69.1,68.8,69.7,71.0,72.5,74.4,76.5,79.1,81.7,84.7,87.5,90.9,95.1,97.3,98.0,97.6,96.5,94.1,91.1,87.5,83.7,79.9,75.5,71.4,68.6,69.0,69.7,70.6,71.8,73.4,75.2,77.1,78.9,81.2,83.4,85.7,88.9,91.4,91.8,91.2,89.7,87.2,84.4,81.2,77.6,73.7
71.8,68.5,67.3,68.7,70.2,72.1,74.2,76.6,78.9,81.8,84.9,88.1,92.3,95.8,97.5,98.0,97.8,96.7,95.0,92.2,89.0,85.4,81.9,78.0,74.2,71.2,70.4,71.5,72.9,74.6,76.5,78.9,81.4,83.9,86.9,89.7,93.5,97.3,99.0,99.3,98.6,97.1,94.9,92.1,88.4,84.7,80.7,76.3,72.2,68.9,68.8,69.8,71.0,72.5,74.4,76.7,79.2,81.8,84.8,87.6,90.9,95.0,97.3,98.0,97.6,96.3,93.8,90.9,87.5,83.7,79.9,75.5,71.4,68.5,68.8,69.5,70.4,71.7,73.2,74.8,76.8,78.6,80.8,82.9,85.2,88.4,90.8,91.3,90.7,89.1,86.9,84.3,81.0,77.4
75.9,72.0,68.9,67.6,68.9,70.4,72.3,74.4,76.7,79.0,82.0,85.2,88.3,92.4,95.8,97.7,98.2,97.9,96.7,95.0,92.2,88.9,85.4,82.0,78.0,74.3,71.3,70.5,71.6,73.1,74.7,76.7,79.0,81.4,84.0,86.9,89.8,93.4,97.1,98.8,99.0,98.3,96.8,94.8,91.9,88.3,84.5,80.6,76.3,72.0,68.9,68.9,69.8,71.0,72.6,74.5,76.7,79.3,81.9,84.8,87.6,90.8,95.0,97.3,97.9,97.4,96.1,93.6,90.9,87.5,83.8,79.9,75.5,71.3,68.4,68.6,69.4,70.3,71.6,72.8,74.5,76.4,78.1,80.2,82.3,84.7,87.8,90.4,90.7,90.1,88.8,86.8,84.1,80.9
79.7,76.1,72.4,69.1,67.8,69.1,70.7,72.5,74.4,76.7,79.2,82.2,85.3,88.3,92.4,95.9,97.8,98.3,97.9,96.8,95.0,92.2,88.9,85.5,82.0,78.1,74.4,71.4,70.6,71.8,73.2,74.8,76.7,79.0,81.5,84.0,87.0,89.7,93.2,96.8,98.5,98.7,97.9,96.6,94.6,91.7,88.1,84.4,80.6,76.1,72.0,68.9,68.9,69.8,71.1,72.7,74.6,76.9,79.5,81.9,84.8,87.5,90.8,95.0,97.2,97.7,97.1,95.8,93.6,90.9,87.5,83.8,79.9,75.3,71.1,68.1,68.5,69.2,70.2,71.3,72.5,74.2,76.0,77.6,79.7,81.9,84.1,87.3,89.8,90.0,89.8,88.6,86.6,84.0
83.2,79.9,76.5,72.6,69.3,68.0,69.4,70.9,72.6,74.5,76.8,79.4,82.4,85.3,88.3,92.5,96.1,97.9,98.4,97.9,96.8,94.8,92.2,88.9,85.6,82.0,78.2,74.5,71.5,70.8,72.0,73.3,74.8,76.7,79.1,81.5,84.1,86.9,89.5,92.9,96.5,98.2,98.4,97.7,96.4,94.4,91.5,88.0,84.3,80.4,76.0,72.0,68.9,68.8,69.8,71.2,72.8,74.8,77.0,79.5,81.9,84.8,87.5,90.7,94.9,97.0,97.4,96.8,95.8,93.6,90.9,87.5,83.8,79.8,75.1,70.8,68.0,68.3,69.0,69.9,71.0,72.2,73.7,75.5,77.1,79.3,81.4,83.7,86.6,89.1,89.8,89.6,88.4,86.5
86.6,83.5,80.4,76.8,72.8,69.5,68.3,69.6,71.0,72.7,74.6,77.1,79.6,82.4,85.4,88.5,92.7,96.2,98.0,98.4,97.9,96.7,94.8,92.2,89.0,85.6,82.1,78.3,74.5,71.6,70.9,72.1,73.4,74.9,76.8,79.1,81.5,84.0,86.7,89.2,92.6,96.1,97.8,98.2,97.5,96.2,94.2,91.4,87.9,84.1,80.3,76.1,71.9,68.8,68.8,69.9,71.3,73.0,75.0,77.0,79.5,81.9,84.8,87.4,90.6,94.7,96.7,97.2,96.8,95.7,93.6,90.9,87.4,83.7,79.6,74.8,70.6,67.9,68.1,68.7,69.6,70.7,71.8,73.3,74.9,76.7,78.8,80.9,83.1,85.9,88.8,89.6,89.4,88.4
89.7,86.9,83.9,80.7,77.0,73.0,69.7,68.5,69.7,71.1,72.8,74.8,77.2,79.6,82.4,85.5,88.6,92.7,96.2,98.0,98.4,97.8,96.7,94.8,92.3,89.0,85.7,82.2,78.5,74.7,71.7,71.1,72.1,73.4,74.9,76.8,79.1,81.4,83.8,86.4,88.9,92.2,95.8,97.6,98.0,97.3,96.0,94.1,91.4,87.7,84.1,80.4,76.0,71.8,68.9,69.0,70.0,71.5,73.2,75.0,77.0,79.5,81.9,84.6,87.3,90.4,94.3,96.4,97.1,96.8,95.7,93.6,90.8,87.4,83.5,79.3,74.6,70.5,67.6,67.8,68.5,69.3,70.3,71.4,72.8,74.5,76.2,78.4,80.3,82.5,85.6,88.6,89.4,89.3
92.0,90.0,87.3,84.2,80.9,77.2,73.2,69.8,68.6,69.8,71.2,73.0,75.0,77.2,79.6,82.6,85.6,88.7,92.7,96.2,98.0,98.3,97.8,96.7,94.9,92.3,89.2,85.8,82.4,78.7,74.8,71.7,71.1,72.2,73.4,74.9,76.8,79.0,81.2,83.4,86.1,88.6,91.8,95.6,97.4,97.8,97.2,95.9,94.1,91.2,87.7,84.1,80.3,76.0,71.9,68.9,69.0,70.2,71.6,73.2,75.0,77.1,79.4,81.8,84.6,87.1,90.1,94.1,96.4,97.1,96.7,95.7,93.6,90.8,87.1,83.2,79.1,74.5,70.2,67.3,67.6,68.2,69.0,69.9,70.9,72.4,74.1,75.9,77.9,79.8,82.2,85.3,88.4,89.3
93.8,92.4,90.4,87.6,84.4,81.1,77.4,73.3,69.9,68.7,69.9,71.4,73.1,75.0,77.3,79.8,82.7,85.7,88.7,92.7,96.2,97.9,98.3,97.8,96.8,94.9,92.5,89.4,86.1,82.7,78.8,74.8,71.8,71.1,72.2,73.4,74.9,76.7,78.8,80.9,83.1,85.7,88.3,91.6,95.3,97.2,97.6,97.1,95.9,93.9,91.1,87.7,84.0,80.3,76.1,71.9,69.0,69.2,70.4,71.7,73.2,75.0,77.0,79.4,81.8,84.4,86.8,89.8,94.0,96.3,97.0,96.7,95.7,93.6,90.5,86.8,83.1,78.9,74.2,69.9,67.0,67.3,67.8,68.5,69.5,70.5,72.0,73.7,75.4,77.4,79.6,82.0,85.0,88.2
94.9,94.1,92.8,90.8,87.7,84.6,81.3,77.4,73.3,70.0,68.8,70.1,71.6,73.1,75.0,77.4,79.9,82.7,85.8,88.7,92.6,96.1,97.9,98.3,98.0,96.8,95.1,92.6,89.6,86.3,82.8,78.8,74.8,71.8,71.2,72.2,73.4,74.8,76.5,78.4,80.5,82.8,85.4,87.9,91.3,95.1,97.0,97.5,97.1,95.8,93.9,91.1,87.6,84.1,80.4,76.1,71.9,69.1,69.3,70.4,71.6,73.2,74.9,77.0,79.3,81.6,84.1,86.6,89.7,94.0,96.3,97.0,96.7,95.7,93.3,90.2,86.7,82.8,78.6,73.8,69.5,66.8,66.9,67.4,68.1,69.1,70.2,71.7,73.2,75.0,77.2,79.3,81.6,84.8
95.2,95.2,94.6,93.1,91.0,88.0,84.8,81.4,77.4,73.4,70.1,69.0,70.3,71.5,73.2,75.1,77.5,79.9,82.8,85.8,88.7,92.6,96.1,97.9,98.4,97.9,96.9,95.2,92.8,89.8,86.5,82.9,78.8,74.9,71.8,71.2,72.2,73.3,74.5,76.1,78.1,80.2,82.4,85.1,87.7,91.2,94.9,96.9,97.5,97.0,95.7,94.0,91.1,87.7,84.1,80.5,76.1,72.1,69.2,69.3,70.4,71.7,73.2,74.9,76.9,79.1,81.4,84.0,86.5,89.7,93.9,96.2,97.0,96.7,95.3,92.9,90.0,86.4,82.5,78.2,73.5,69.2,66.4,66.5,66.9,67.7,68.7,69.9,71.3,72.9,74.8,76.9,79.0,81.5
94.8,95.5,95.6,94.9,93.3,91.2,88.1,84.9,81.4,77.4,73.5,70.3,69.2,70.2,71.6,73.3,75.2,77.6,80.0,82.8,85.7,88.6,92.5,96.1,98.0,98.4,98.1,97.1,95.4,93.1,89.9,86.6,82.9,78.9,74.9,71.8,71.2,72.2,73.1,74.2,75.8,77.7,79.8,82.1,84.9,87.5,90.9,94.9,96.9,97.4,96.9,95.8,94.0,91.2,87.8,84.2,80.5,76.2,72.1,69.2,69.3,70.4,71.6,73.1,74.9,76.8,78.9,81.3,83.9,86.4,89.6,93.8,96.2,97.0,96.4,95.0,92.7,89.7,86.1,82.1,77.9,73.2,68.8,65.9,66.1,66.6,67.3,68.4,69.5,70.9,72.7,74.5,76.6,78.8
93.1,95.1,96.0,96.0,95.2,93.6,91.3,88.2,84.8,81.4,77.5,73.7,70.4,69.2,70.3,71.7,73.4,75.3,77.6,80.1,82.8,85.7,88.6,92.6,96.2,97.9,98.5,98.2,97.3,95.6,93.3,90.0,86.6,82.9,78.9,74.9,71.8,71.1,71.9,72.8,73.8,75.4,77.4,79.6,81.9,84.7,87.4,90.8,94.8,96.8,97.4,97.0,95.8,94.1,91.3,87.9,84.3,80.6,76.3,72.1,69.2,69.4,70.4,71.6,73.1,74.7,76.6,78.8,81.2,83.8,86.3,89.5,93.8,96.2,96.7,96.0,94.7,92.3,89.4,85.7,81.7,77.6,72.7,68.3,65.4,65.7,66.2,67.0,68.0,69.2,70.7,72.3,74.2,76.4
89.7,93.5,95.6,96.3,96.2,95.4,93.7,91.5,88.2,84.9,81.5,77.7,73.9,70.4,69.2,70.4,71.8,73.4,75.4,77.7,80.1,82.8,85.7,88.7,92.7,96.2,98.0,98.7,98.4,97.5,95.8,93.4,90.0,86.7,83.0,78.9,74.9,71.6,70.9,71.6,72.4,73.5,75.1,77.2,79.3,81.7,84.5,87.3,90.8,94.7,96.8,97.4,97.0,95.9,94.1,91.4,88.0,84.4,80.7,76.3,72.0,69.1,69.3,70.4,71.6,73.0,74.5,76.5,78.7,81.2,83.7,86.3,89.5,93.7,95.9,96.3,95.7,94.3,92.0,89.0,85.4,81.4,77.2,72.2,67.7,65.1,65.4,65.9,66.7,67.6,69.0,70.4,72.0,74.0
85.8,90.1,93.9,95.9,96.5,96.5,95.6,93.9,91.4,88.3,85.0,81.7,77.8,73.8,70.5,69.4,70.5,71.9,73.5,75.5,77.7,80.1,82.8,85.9,88.8,92.7,96.3,98.2,98.9,98.6,97.7,95.9,93.4,90.1,86.8,83.0,79.0,74.8,71.3,70.6,71.2,72.1,73.2,74.9,77.0,79.1,81.6,84.4,87.3,90.7,94.7,96.8,97.5,97.2,96.0,94.3,91.5,88.2,84.4,80.7,76.2,72.0,69.1,69.3,70.4,71.5,72.8,74.4,76.4,78.7,81.1,83.7,86.3,89.3,93.3,95.5,96.1,95.4,94.0,91.6,88.7,85.0,80.9,76.6,71.6,67.4,64.7,65.0,65.5,66.3,67.4,68.7,70.1,71.8
82.9,86.2,90.5,94.2,96.2,96.8,96.6,95.7,93.9,91.5,88.4,85.2,81.8,77.8,73.8,70.6,69.5,70.6,72.0,73.5,75.5,77.7,80.2,82.9,85.9,88.8,92.7,96.5,98.4,99.1,98.8,97.8,95.9,93.5,90.2,86.8,83.0,78.9,74.4,71.0,70.2,70.8,71.7,73.0,74.8,76.7,79.0,81.5,84.4,87.2,90.7,94.7,96.9,97.6,97.3,96.2,94.4,91.6,88.2,84.4,80.6,76.1,71.9,69.1,69.4,70.3,71.3,72.6,74.3,76.4,78.7,81.0,83.6,86.2,89.0,92.9,95.2,95.7,95.1,93.6,91.3,88.3,84.5,80.4,76.0,71.2,66.9,64.4,64.6,65.2,66.2,67.2,68.4,69.8
79.9,83.3,86.5,90.8,94.5,96.4,97.0,96.8,95.6,94.1,91.6,88.6,85.3,81.8,77.8,74.0,70.7,69.6,70.6,72.0,73.6,75.6,77.8,80.3,83.0,86.0,88.9,92.9,96.7,98.7,99.3,98.9,97.8,96.0,93.7,90.3,86.9,83.0,78.5,74.1,70.6,69.9,70.5,71.5,72.8,74.6,76.6,79.0,81.4,84.3,87.2,90.6,94.7,97.0,97.7,97.4,96.4,94.5,91.7,88.2,84.3,80.6,76.1,71.9,69.1,69.3,70.1,71.2,72.6,74.3,76.3,78.6,81.0,83.4,85.8,88.6,92.6,94.8,95.4,94.7,93.2,91.0,87.8,83.9,79.8,75.6,70.8,66.6,64.0,64.3,65.0,65.9,66.9,68.2
77.3,80.4,83.6,86.8,91.1,94.8,96.6,97.1,96.8,95.8,94.2,91.8,88.7,85.3,81.8,77.9,74.1,70.8,69.6,70.6,72.1,73.7,75.7,78.0,80.4,83.1,86.1,89.1,93.1,96.9,98.8,99.4,98.9,97.9,96.2,93.8,90.4,86.8,82.6,78.2,73.7,70.2,69.6,70.3,71.4,72.7,74.4,76.6,78.9,81.3,84.3,87.2,90.6,94.8,97.1,97.9,97.6,96.5,94.5,91.7,88.1,84.3,80.5,76.0,71.9,69.0,69.1,70.0,71.1,72.6,74.3,76.3,78.5,80.8,83.1,85.5,88.4,92.1,94.4,94.9,94.3,92.9,90.5,87.1,83.4,79.3,75.2,70.5,66.2,63.7,64.1,64.7,65.6,66.6
75.0,77.7,80.7,83.9,87.1,91.4,94.9,96.8,97.2,96.9,96.0,94.4,92.0,88.7,85.3,81.9,78.0,74.1,70.8,69.7,70.7,72.2,73.8,75.8,78.1,80.5,83.2,86.3,89.3,93.2,97.0,98.9,99.4,99.0,98.0,96.2,93.8,90.3,86.5,82.3,77.8,73.3,69.9,69.4,70.2,71.2,72.5,74.4,76.4,78.8,81.4,84.3,87.2,90.6,94.9,97.2,98.0,97.7,96.6,94.5,91.5,88.1,84.3,80.4,76.0,71.7,68.8,69.0,70.0,71.1,72.6,74.2,76.2,78.3,80.5,82.8,85.3,88.0,91.7,94.0,94.5,93.9,92.4,89.8,86.6,83.0,78.9,74.9,70.0,65.8,63.5,63.8,64.4,65.4
