day 0,day 1,day 2,day 3,day 4,day 5,day 6,day 7,day 8,day 9,day 10,day 11,day 12,day 13,day 14,day 15,day 16,day 17,day 18,day 19,day 20,day 21,day 22,day 23,day 24,day 25,day 26,day 27,day 28,day 29,day 30,day 31,day 32,day 33,day 34,day 35,day 36,day 37,day 38,day 39,day 40,day 41,day 42,day 43,day 44,day 45,day 46,day 47,day 48,day 49,day 50,day 51,day 52,day 53,day 54,day 55,day 56,day 57,day 58,day 59,day 60,day 61,day 62,day 63,day 64,day 65,day 66,day 67,day 68,day 69,day 70,day 71,day 72,day 73,day 74,day 75,day 76,day 77,day 78,day 79,day 80,day 81,day 82,day 83,day 84,day 85,day 86,day 87,day 88,day 89,day 90,day 91,day 92,day 93
74.9,76.2,77.7,79.4,81.6,84.4,86.8,88.2,88.8,88.6,88.1,87.2,85.5,83.9,81.6,79.2,76.3,73.7,71.8,72.1,72.8,74.0,75.1,76.3,77.4,78.9,80.5,82.2,84.5,87.6,90.0,91.4,91.9,91.7,90.9,89.8,88.2,85.8,83.0,80.2,77.0,74.0,72.4,72.8,73.3,73.9,74.6,75.3,76.2,77.3,78.4,79.8,81.5,84.0,86.1,87.5,87.9,87.7,87.0,85.6,84.0,81.9,79.3,76.4,73.1,70.1,69.1,69.6,70.1,70.5,71.1,72.0,72.7,73.7,74.6,75.5,76.7,78.8,81.5,82.7,83.1,82.9,81.9,80.5,78.6,76.2,73.2,69.9,66.6,63.7,63.1,63.5,63.7,64.0
73.6,75.1,76.3,77.8,79.3,81.5,84.5,86.9,88.1,88.8,88.7,88.2,87.2,85.8,84.0,81.8,79.2,76.3,73.8,72.0,72.3,73.1,74.2,75.2,76.4,77.6,79.1,80.6,82.3,84.5,87.5,89.9,91.1,91.7,91.7,90.9,89.7,88.0,85.5,82.9,79.9,76.9,73.9,72.3,72.7,73.1,73.8,74.4,75.1,76.1,77.2,78.2,79.5,81.1,83.6,85.9,87.3,87.7,87.5,86.9,85.5,84.0,81.8,79.3,76.3,73.0,70.1,69.1,69.5,69.8,70.3,70.9,71.7,72.5,73.4,74.0,75.0,76.1,78.3,80.8,82.3,82.6,82.3,81.5,80.1,78.2,76.0,73.1,69.8,66.4,63.4,63.0,63.3,63.4
72.6,73.8,75.1,76.5,77.7,79.2,81.6,84.7,86.8,88.0,88.8,88.8,88.1,87.4,85.9,84.3,81.8,79.2,76.4,74.0,72.2,72.5,73.4,74.3,75.4,76.6,77.8,79.1,80.7,82.2,84.5,87.4,89.6,90.9,91.7,91.6,90.8,89.6,87.6,85.4,82.7,79.8,76.7,73.8,72.2,72.5,73.0,73.7,74.2,75.0,76.0,77.0,78.0,79.2,80.8,83.3,85.6,87.1,87.6,87.4,86.8,85.5,83.9,81.9,79.2,76.2,73.0,70.1,69.1,69.4,69.7,70.1,70.7,71.5,72.2,72.9,73.6,74.4,75.6,77.6,80.3,81.7,82.0,81.8,81.2,79.8,78.1,75.9,72.9,69.5,66.1,63.3,62.8,63.0
71.9,72.8,73.9,75.2,76.4,77.6,79.3,81.7,84.6,86.8,88.2,88.9,88.7,88.3,87.5,86.1,84.2,81.7,79.4,76.7,74.3,72.4,72.7,73.5,74.5,75.5,76.7,77.8,79.2,80.6,82.2,84.3,87.1,89.4,90.9,91.6,91.6,90.7,89.1,87.6,85.2,82.5,79.5,76.5,73.6,72.0,72.4,72.9,73.5,74.1,74.9,75.8,76.7,77.7,79.0,80.6,83.0,85.4,86.9,87.5,87.4,86.8,85.5,84.0,81.8,79.1,76.2,73.0,70.0,68.9,69.2,69.5,69.9,70.5,71.2,71.7,72.5,73.0,73.9,75.0,77.1,79.8,81.1,81.5,81.7,80.9,79.7,78.1,75.7,72.6,69.3,66.0,63.1,62.5
71.2,72.0,72.9,74.0,75.2,76.3,77.7,79.4,81.6,84.5,86.9,88.2,88.9,88.9,88.5,87.8,86.0,84.1,81.8,79.6,77.0,74.5,72.6,72.9,73.7,74.6,75.6,76.8,77.9,79.2,80.6,82.0,84.0,86.9,89.4,90.9,91.5,91.4,90.2,89.1,87.3,85.0,82.2,79.3,76.4,73.5,71.9,72.2,72.7,73.4,74.0,74.7,75.5,76.5,77.5,78.7,80.2,82.8,85.3,86.8,87.5,87.4,86.8,85.7,83.9,81.7,79.1,76.2,72.9,69.8,68.8,69.0,69.2,69.7,70.3,70.7,71.4,72.0,72.6,73.4,74.6,76.6,79.1,80.7,81.4,81.4,80.8,79.7,77.9,75.4,72.5,69.2,65.8,62.8
70.6,71.4,72.0,72.9,73.9,75.1,76.4,77.7,79.4,81.7,84.6,86.9,88.2,89.1,89.1,88.7,87.7,86.0,84.2,82.1,79.9,77.3,74.8,72.7,73.0,73.8,74.8,75.7,76.8,77.8,79.1,80.5,81.9,83.9,86.9,89.3,90.8,91.3,91.0,90.2,88.9,87.2,84.7,81.9,79.1,76.2,73.3,71.8,72.0,72.6,73.3,73.8,74.5,75.3,76.3,77.3,78.4,79.9,82.6,85.1,86.9,87.4,87.4,86.9,85.6,83.8,81.6,79.1,76.2,72.8,69.7,68.6,68.8,69.0,69.5,69.8,70.4,70.8,71.5,72.1,73.0,74.1,75.9,78.7,80.5,81.1,81.3,80.8,79.4,77.6,75.3,72.4,69.1,65.5
70.7,70.7,71.3,72.0,72.9,73.8,75.2,76.4,77.7,79.5,81.7,84.7,87.0,88.3,89.1,89.3,88.6,87.7,86.1,84.4,82.5,80.3,77.6,74.9,72.9,73.1,73.9,74.8,75.7,76.8,77.8,79.0,80.3,81.7,83.9,86.9,89.2,90.6,90.9,90.9,90.0,88.8,87.0,84.5,81.8,79.0,76.0,73.2,71.5,71.9,72.5,73.1,73.6,74.3,75.1,76.1,77.0,78.1,79.7,82.3,85.1,86.8,87.4,87.5,86.8,85.5,83.7,81.7,79.1,76.1,72.7,69.5,68.3,68.5,68.7,69.1,69.4,69.8,70.4,71.1,71.7,72.6,73.6,75.5,78.5,80.1,81.0,81.3,80.5,79.2,77.5,75.3,72.4,68.8
72.7,70.8,70.6,71.3,72.0,72.9,73.8,75.2,76.4,77.9,79.5,81.8,84.8,87.1,88.3,89.3,89.3,88.6,87.8,86.4,84.9,83.0,80.6,77.6,75.0,72.9,73.2,74.0,74.9,75.6,76.7,77.6,78.9,80.2,81.7,83.8,86.7,89.0,90.2,90.8,90.7,89.9,88.5,86.8,84.3,81.7,78.9,75.9,73.0,71.5,71.8,72.2,72.9,73.4,74.1,74.9,75.8,76.7,78.0,79.5,82.3,85.0,86.8,87.5,87.4,86.8,85.5,83.9,81.8,79.1,76.0,72.5,69.3,68.1,68.3,68.3,68.8,68.9,69.4,70.0,70.7,71.3,72.1,73.2,75.2,78.1,80.0,81.1,80.9,80.2,79.1,77.4,75.3,72.1
75.3,72.8,70.8,70.6,71.3,72.0,72.9,73.9,75.3,76.4,77.9,79.6,81.8,84.9,87.1,88.5,89.3,89.2,88.7,88.0,86.9,85.3,83.3,80.6,77.7,75.1,73.1,73.3,74.1,74.8,75.6,76.6,77.6,78.7,80.2,81.7,83.7,86.6,88.8,90.1,90.6,90.6,89.7,88.3,86.6,84.3,81.6,78.8,75.8,72.9,71.4,71.6,72.1,72.7,73.2,73.8,74.6,75.5,76.7,77.7,79.5,82.1,85.0,86.8,87.4,87.5,86.8,85.6,83.9,81.8,79.0,75.8,72.2,69.0,67.8,67.9,68.1,68.3,68.6,68.9,69.6,70.3,70.9,71.7,73.0,74.9,77.9,80.0,80.7,80.6,80.3,79.0,77.4,75.0
78.0,75.4,72.8,70.7,70.6,71.3,72.0,73.0,74.0,75.3,76.5,78.0,79.7,82.0,85.0,87.3,88.5,89.3,89.3,88.9,88.4,87.4,85.7,83.4,80.7,77.9,75.3,73.1,73.3,74.0,74.8,75.6,76.5,77.4,78.7,80.1,81.5,83.6,86.3,88.6,89.8,90.5,90.4,89.6,88.0,86.5,84.1,81.6,78.8,75.7,72.8,71.2,71.4,71.9,72.5,73.0,73.5,74.4,75.4,76.5,77.7,79.3,82.1,85.1,86.7,87.5,87.5,86.9,85.6,84.0,81.8,78.8,75.6,72.0,68.7,67.4,67.6,67.6,67.9,68.1,68.5,69.2,69.8,70.4,71.5,72.6,74.7,77.9,79.6,80.5,80.7,80.2,79.1,77.2
80.8,78.2,75.5,72.8,70.7,70.6,71.4,72.1,73.1,74.0,75.3,76.7,78.1,79.8,82.0,85.1,87.3,88.5,89.3,89.6,89.4,88.9,87.7,85.8,83.5,81.0,78.1,75.3,73.1,73.3,74.0,74.7,75.5,76.4,77.4,78.7,80.0,81.3,83.3,86.2,88.5,89.7,90.3,90.2,89.3,87.9,86.3,84.2,81.6,78.7,75.4,72.5,71.0,71.2,71.7,72.3,72.7,73.3,74.3,75.2,76.4,77.6,79.3,82.1,85.0,86.8,87.5,87.6,86.8,85.6,83.9,81.6,78.6,75.3,71.6,68.3,67.1,67.0,67.1,67.4,67.7,68.1,68.7,69.4,70.2,71.2,72.5,74.7,77.4,79.3,80.5,80.6,80.2,78.9
82.8,81.0,78.3,75.4,72.8,70.7,70.7,71.4,72.2,73.0,74.1,75.5,76.7,78.2,79.9,82.2,85.2,87.4,88.6,89.6,90.2,89.9,89.3,87.8,85.9,83.8,81.3,78.2,75.2,73.1,73.3,74.0,74.7,75.5,76.4,77.4,78.6,79.7,81.1,83.2,86.1,88.3,89.6,90.2,89.8,89.3,87.8,86.4,84.2,81.5,78.5,75.1,72.2,70.7,71.0,71.4,72.0,72.5,73.3,74.1,75.1,76.3,77.6,79.3,82.0,85.0,86.8,87.6,87.4,86.8,85.6,83.7,81.5,78.4,74.9,71.2,67.9,66.6,66.6,66.7,67.1,67.4,67.7,68.4,69.2,69.9,71.0,72.5,74.2,77.2,79.4,80.5,80.6,80.0
84.9,83.1,81.1,78.3,75.4,72.8,70.7,70.7,71.5,72.2,73.2,74.3,75.6,76.9,78.3,80.0,82.2,85.3,87.4,89.0,90.3,90.6,90.4,89.4,88.0,86.2,84.1,81.4,78.2,75.2,73.1,73.3,74.0,74.6,75.4,76.3,77.3,78.4,79.4,81.0,83.1,85.9,88.2,89.5,89.9,89.8,89.2,87.8,86.4,84.1,81.3,78.1,74.8,72.0,70.6,70.8,71.2,71.7,72.4,73.1,74.0,75.1,76.3,77.6,79.2,81.9,85.0,86.9,87.4,87.4,86.8,85.4,83.7,81.3,78.0,74.5,70.8,67.3,66.1,66.2,66.3,66.7,67.0,67.4,68.2,68.9,69.7,71.0,72.2,73.9,77.1,79.3,80.4,80.4
86.4,85.0,83.3,81.1,78.2,75.4,72.8,70.8,70.8,71.5,72.2,73.3,74.4,75.8,77.0,78.4,80.0,82.3,85.3,87.8,89.6,90.8,91.0,90.6,89.7,88.4,86.5,84.2,81.3,78.1,75.1,73.1,73.3,73.9,74.6,75.4,76.2,77.1,78.1,79.4,80.9,83.0,85.8,88.1,89.1,89.9,89.7,89.3,87.8,86.3,83.9,80.8,77.7,74.5,71.8,70.3,70.5,71.0,71.6,72.2,73.0,74.0,75.0,76.2,77.5,79.1,81.9,85.0,86.6,87.4,87.4,86.6,85.3,83.4,80.9,77.6,74.0,70.2,66.9,65.7,65.8,66.0,66.4,66.7,67.2,67.9,68.7,69.7,70.7,71.8,73.8,77.0,79.2,80.2
87.6,86.7,85.3,83.4,81.0,78.3,75.5,72.9,70.9,70.9,71.6,72.4,73.5,74.6,75.8,77.1,78.5,80.1,82.3,85.6,88.4,90.0,91.2,91.3,90.8,90.1,88.7,86.6,84.2,81.2,78.1,75.1,73.1,73.2,73.9,74.6,75.2,76.0,76.9,78.0,79.4,81.0,82.9,85.8,87.7,89.1,89.8,89.8,89.3,87.7,86.1,83.5,80.5,77.5,74.3,71.5,70.1,70.3,70.8,71.4,72.1,72.9,74.0,75.0,76.1,77.4,79.0,81.9,84.7,86.6,87.4,87.2,86.5,85.0,83.0,80.5,77.1,73.5,69.7,66.4,65.3,65.5,65.7,66.1,66.5,66.9,67.8,68.7,69.4,70.4,71.8,73.7,76.8,79.0
88.3,87.8,86.9,85.3,83.2,81.1,78.4,75.6,73.0,71.0,71.0,71.8,72.6,73.6,74.7,76.0,77.2,78.5,80.2,82.7,86.1,88.8,90.4,91.5,91.5,91.2,90.4,88.9,86.6,84.1,81.2,78.1,75.0,73.0,73.1,73.9,74.4,75.1,75.9,76.8,78.1,79.4,80.9,82.8,85.4,87.7,89.1,89.9,89.8,89.1,87.5,85.7,83.1,80.2,77.3,74.2,71.2,69.9,70.2,70.6,71.3,72.0,73.0,73.9,74.9,76.0,77.3,79.1,81.7,84.7,86.6,87.1,87.1,86.2,84.5,82.7,80.0,76.6,72.9,69.2,66.0,64.9,65.2,65.4,65.8,66.1,66.8,67.8,68.4,69.0,70.3,71.7,73.6,76.6
88.5,88.5,88.0,87.0,85.1,83.4,81.2,78.5,75.6,73.0,71.0,71.1,71.9,72.7,73.8,74.8,75.9,77.2,78.6,80.6,83.1,86.4,89.1,90.8,91.7,91.9,91.6,90.5,88.8,86.5,84.0,81.1,77.9,74.9,72.8,73.1,73.8,74.3,75.0,75.8,76.8,78.1,79.2,80.8,82.5,85.4,87.7,89.2,89.9,89.6,88.9,87.1,85.3,82.9,80.0,77.2,73.9,71.1,69.7,70.0,70.6,71.2,72.0,73.0,73.8,74.8,75.9,77.3,78.9,81.6,84.6,86.3,87.0,86.8,85.6,84.2,82.1,79.6,76.0,72.5,68.8,65.6,64.7,64.9,65.1,65.5,66.0,66.8,67.5,68.0,69.0,70.2,71.6,73.3
87.9,88.6,88.6,88.0,86.9,85.3,83.5,81.2,78.6,75.7,73.1,71.1,71.3,72.0,72.8,73.9,74.9,76.1,77.3,79.0,81.0,83.4,86.7,89.4,91.0,92.1,92.2,91.6,90.5,88.7,86.4,83.9,80.8,77.8,74.8,72.8,73.0,73.6,74.2,74.9,75.9,76.9,78.0,79.1,80.5,82.5,85.4,87.7,89.2,89.7,89.4,88.5,86.8,85.1,82.5,80.0,76.9,73.8,70.9,69.5,69.9,70.5,71.2,72.0,72.9,73.7,74.7,75.9,77.1,78.8,81.5,84.3,86.2,86.6,86.2,85.3,83.6,81.6,78.8,75.6,72.0,68.3,65.3,64.4,64.7,64.8,65.4,65.9,66.5,67.1,67.9,68.9,70.0,71.3
86.7,88.1,88.8,88.6,87.9,87.0,85.4,83.6,81.3,78.6,75.7,73.1,71.3,71.4,72.1,73.0,74.0,75.1,76.2,77.7,79.5,81.3,83.6,86.9,89.6,91.4,92.4,92.4,91.7,90.4,88.7,86.3,83.6,80.7,77.7,74.7,72.7,72.9,73.5,74.1,75.0,75.9,76.8,77.9,78.9,80.5,82.4,85.4,87.7,89.0,89.5,89.0,88.2,86.6,84.8,82.5,79.8,76.9,73.7,70.7,69.4,69.9,70.5,71.2,71.8,72.7,73.6,74.7,75.7,77.0,78.6,81.1,84.2,85.7,85.9,85.8,84.6,83.0,80.8,78.5,75.1,71.4,67.9,64.9,64.2,64.3,64.7,65.3,65.6,66.1,67.0,67.8,68.7,69.7
84.3,86.7,88.2,88.8,88.4,88.0,87.1,85.5,83.7,81.3,78.6,75.8,73.3,71.3,71.6,72.2,73.1,74.1,75.2,76.5,78.1,79.8,81.5,83.8,87.1,89.9,91.6,92.5,92.5,91.6,90.3,88.6,86.1,83.5,80.7,77.6,74.5,72.5,72.8,73.4,74.2,75.0,75.7,76.7,77.7,78.9,80.4,82.5,85.3,87.5,88.8,89.1,88.6,88.0,86.2,84.7,82.3,79.7,76.7,73.5,70.6,69.4,69.9,70.5,71.0,71.7,72.6,73.6,74.5,75.6,76.8,78.3,81.0,83.8,85.1,85.5,85.0,84.1,82.3,80.5,77.9,74.6,71.0,67.4,64.6,63.9,64.2,64.7,65.0,65.2,66.0,66.9,67.5,68.4
81.4,84.4,86.9,88.1,88.6,88.6,88.2,87.2,85.6,83.7,81.3,78.7,76.0,73.4,71.5,71.7,72.3,73.3,74.2,75.5,76.8,78.3,80.0,81.7,84.0,87.4,90.2,91.6,92.4,92.4,91.4,90.2,88.4,86.0,83.5,80.6,77.5,74.3,72.4,72.7,73.5,74.2,74.9,75.7,76.5,77.6,78.8,80.4,82.4,85.1,87.2,88.4,88.7,88.4,87.6,86.1,84.4,82.2,79.6,76.6,73.3,70.5,69.4,69.9,70.3,70.9,71.6,72.6,73.3,74.4,75.4,76.5,78.1,80.6,83.2,84.6,84.8,84.5,83.4,82.0,80.0,77.4,74.2,70.6,67.2,64.3,63.7,64.2,64.4,64.6,65.1,65.9,66.6,67.2
79.2,81.6,84.6,86.8,88.0,88.8,88.7,88.1,87.2,85.5,83.7,81.3,78.8,76.1,73.6,71.6,71.7,72.4,73.4,74.5,75.9,77.1,78.5,80.2,81.9,84.3,87.6,90.1,91.5,92.4,92.2,91.2,89.9,88.3,85.9,83.4,80.5,77.3,74.2,72.3,72.8,73.5,74.2,74.8,75.5,76.4,77.5,78.7,80.3,82.1,84.8,86.8,88.0,88.5,88.1,87.4,85.8,84.3,82.1,79.5,76.4,73.3,70.4,69.4,69.7,70.2,70.8,71.5,72.3,73.2,74.2,75.1,76.3,77.7,80.0,82.6,84.0,84.2,83.8,83.0,81.5,79.4,77.0,73.7,70.3,66.9,64.1,63.7,63.9,64.1,64.5,65.0,65.6,66.3
77.5,79.4,81.7,84.5,86.6,88.1,88.9,88.6,88.1,87.1,85.6,83.7,81.4,79.0,76.3,73.7,71.6,71.9,72.6,73.7,74.8,76.2,77.3,78.7,80.3,82.1,84.5,87.6,90.1,91.5,92.2,91.9,91.0,89.8,88.2,85.9,83.3,80.2,77.2,74.0,72.4,72.9,73.4,74.1,74.6,75.4,76.3,77.4,78.6,80.1,81.8,84.3,86.5,87.7,88.2,87.9,87.2,85.7,84.1,82.0,79.4,76.4,73.2,70.3,69.2,69.6,70.1,70.7,71.2,72.2,73.0,73.9,75.0,76.0,77.2,79.5,82.0,83.4,83.5,83.4,82.5,80.9,79.0,76.5,73.4,70.0,66.7,64.0,63.4,63.6,63.9,64.3,64.7,65.4
76.2,77.7,79.4,81.6,84.4,86.8,88.2,88.8,88.6,88.1,87.2,85.5,83.9,81.6,79.2,76.3,73.7,71.8,72.1,72.8,74.0,75.1,76.3,77.4,78.9,80.5,82.2,84.5,87.6,90.0,91.4,91.9,91.7,90.9,89.8,88.2,85.8,83.0,80.2,77.0,74.0,72.4,72.8,73.3,73.9,74.6,75.3,76.2,77.3,78.4,79.8,81.5,84.0,86.1,87.5,87.9,87.7,87.0,85.6,84.0,81.9,79.3,76.4,73.1,70.1,69.1,69.6,70.1,70.5,71.1,72.0,72.7,73.7,74.6,75.5,76.7,78.8,81.5,82.7,83.1,82.9,81.9,80.5,78.6,76.2,73.2,69.9,66.6,63.7,63.1,63.5,63.7,64.0,64.4
75.1,76.3,77.8,79.3,81.5,84.5,86.9,88.1,88.8,88.7,88.2,87.2,85.8,84.0,81.8,79.2,76.3,73.8,72.0,72.3,73.1,74.2,75.2,76.4,77.6,79.1,80.6,82.3,84.5,87.5,89.9,91.1,91.7,91.7,90.9,89.7,88.0,85.5,82.9,79.9,76.9,73.9,72.3,72.7,73.1,73.8,74.4,75.1,76.1,77.2,78.2,79.5,81.1,83.6,85.9,87.3,87.7,87.5,86.9,85.5,84.0,81.8,79.3,76.3,73.0,70.1,69.1,69.5,69.8,70.3,70.9,71.7,72.5,73.4,74.0,75.0,76.1,78.3,80.8,82.3,82.6,82.3,81.5,80.1,78.2,76.0,73.1,69.8,66.4,63.4,63.0,63.3,63.4,63.7
