day 0,day 1,day 2,day 3,day 4,day 5,day 6,day 7,day 8,day 9,day 10,day 11,day 12,day 13,day 14,day 15,day 16,day 17,day 18,day 19,day 20,day 21,day 22,day 23,day 24,day 25,day 26,day 27,day 28,day 29,day 30,day 31,day 32,day 33,day 34,day 35,day 36,day 37,day 38,day 39,day 40,day 41,day 42,day 43,day 44,day 45,day 46,day 47,day 48,day 49,day 50,day 51,day 52,day 53,day 54,day 55,day 56,day 57,day 58,day 59,day 60,day 61,day 62,day 63,day 64,day 65,day 66,day 67,day 68,day 69,day 70,day 71,day 72,day 73,day 74,day 75,day 76,day 77,day 78,day 79,day 80,day 81,day 82,day 83,day 84,day 85,day 86,day 87,day 88,day 89,day 90,day 91,day 92,day 93
71.9,73.6,75.6,77.9,80.2,83.7,88.0,91.3,93.8,95.4,96.0,96.1,95.1,93.1,90.4,87.2,83.5,79.2,73.1,69.4,70.6,72.0,73.6,74.7,75.9,77.4,78.8,80.6,82.6,85.4,89.5,92.6,95.1,96.7,97.4,97.2,96.1,94.3,91.6,88.3,84.4,79.4,72.5,70.0,70.9,71.7,72.6,73.7,75.0,76.3,77.8,79.5,81.4,83.9,88.2,91.9,94.5,96.1,96.9,96.5,95.2,93.2,90.3,86.8,82.2,76.5,69.5,69.2,69.9,70.9,72.2,73.5,74.7,76.0,77.6,79.5,81.1,83.2,86.5,90.0,92.2,92.9,93.1,92.3,90.3,87.5,83.7,79.2,74.1,67.4,60.6,60.7,61.4,62.3
70.6,72.3,74.1,76.1,78.3,80.4,83.8,88.1,91.5,93.9,95.6,96.3,96.2,95.1,93.1,90.5,87.3,83.6,79.3,73.2,69.5,70.8,72.2,73.6,74.7,76.1,77.5,78.9,80.8,82.7,85.5,89.5,92.7,95.1,96.8,97.6,97.3,96.1,94.2,91.6,88.2,84.2,79.0,72.0,69.6,70.5,71.4,72.5,73.6,74.9,76.2,77.8,79.5,81.4,83.8,88.2,92.0,94.6,96.2,97.0,96.6,95.3,93.2,90.4,86.8,82.2,76.3,69.0,69.0,69.8,70.9,72.1,73.3,74.6,76.0,77.3,79.1,80.8,82.8,86.1,89.5,91.7,92.5,92.6,91.7,89.8,87.0,83.2,78.7,73.4,66.6,60.2,60.4,61.0
69.3,70.9,72.7,74.6,76.5,78.4,80.5,83.9,88.3,91.6,94.0,95.8,96.4,96.2,95.0,93.2,90.7,87.4,83.7,79.3,73.2,69.8,70.9,72.3,73.7,74.8,76.1,77.6,79.1,81.0,82.8,85.5,89.5,92.7,95.2,96.9,97.6,97.4,96.1,94.3,91.5,88.0,83.8,78.6,71.6,69.2,70.2,71.3,72.4,73.4,74.8,76.3,77.8,79.6,81.4,83.9,88.4,92.1,94.6,96.3,97.1,96.7,95.4,93.3,90.4,86.8,82.0,75.9,68.7,68.9,69.7,70.8,71.9,73.2,74.6,75.7,76.9,78.7,80.4,82.3,85.5,89.0,91.4,92.1,92.1,91.2,89.3,86.5,82.7,77.9,72.7,66.1,59.8,60.0
67.8,69.6,71.4,73.2,74.9,76.7,78.6,80.7,84.2,88.4,91.8,94.3,95.9,96.4,96.2,95.1,93.4,90.7,87.5,83.7,79.2,73.3,69.9,71.0,72.4,73.9,74.9,76.1,77.8,79.3,81.0,82.9,85.4,89.6,92.8,95.3,97.0,97.6,97.4,96.1,94.1,91.2,87.7,83.6,78.2,71.2,68.9,70.2,71.2,72.2,73.3,74.8,76.3,77.8,79.5,81.4,84.0,88.4,92.2,94.7,96.4,97.2,96.7,95.4,93.3,90.5,86.6,81.6,75.6,68.5,68.8,69.6,70.5,71.8,73.2,74.2,75.3,76.5,78.4,79.9,81.7,85.0,88.7,91.0,91.6,91.7,90.7,88.8,85.9,81.9,77.2,72.3,65.8,59.4
66.3,68.1,70.0,71.8,73.5,75.1,76.9,78.8,80.9,84.3,88.6,92.0,94.4,95.9,96.3,96.3,95.2,93.3,90.7,87.5,83.7,79.3,73.4,69.9,71.1,72.5,73.9,74.9,76.3,77.9,79.4,81.0,82.9,85.5,89.6,92.9,95.4,97.0,97.6,97.4,96.0,93.9,91.0,87.5,83.3,77.8,70.8,68.8,70.0,71.0,72.2,73.4,74.8,76.2,77.7,79.5,81.7,84.1,88.5,92.3,94.8,96.4,97.2,96.7,95.4,93.3,90.3,86.3,81.3,75.4,68.4,68.7,69.3,70.4,71.7,72.8,73.8,74.9,76.2,77.9,79.3,81.3,84.6,88.2,90.4,91.3,91.2,90.2,88.3,85.1,81.3,76.9,72.0,65.4
65.2,66.6,68.6,70.4,72.1,73.7,75.3,77.0,79.0,81.1,84.4,88.8,92.0,94.4,95.9,96.4,96.4,95.2,93.4,90.7,87.5,83.7,79.3,73.3,69.9,71.3,72.7,73.9,75.0,76.5,78.0,79.4,81.0,83.0,85.6,89.7,93.0,95.3,97.1,97.6,97.1,95.7,93.6,90.7,87.2,82.9,77.5,70.5,68.5,69.8,70.9,72.3,73.4,74.8,76.2,77.7,79.7,81.8,84.2,88.5,92.3,94.9,96.4,97.1,96.7,95.4,93.2,90.0,86.0,81.3,75.2,68.3,68.3,69.2,70.4,71.4,72.4,73.4,74.6,75.8,77.4,78.9,80.9,84.1,87.8,90.0,90.8,90.7,89.7,87.5,84.6,81.0,76.7,71.7
70.1,65.4,67.0,68.9,70.6,72.3,74.0,75.5,77.2,79.2,81.2,84.7,88.9,92.0,94.4,96.1,96.5,96.3,95.2,93.3,90.7,87.5,83.7,79.2,73.3,70.1,71.4,72.7,74.1,75.2,76.6,77.9,79.4,81.1,83.1,85.6,89.7,93.0,95.5,97.0,97.5,96.9,95.5,93.4,90.5,86.9,82.6,77.3,70.3,68.3,69.7,71.0,72.2,73.3,74.7,76.2,78.0,79.8,81.9,84.3,88.6,92.3,94.9,96.4,97.0,96.6,95.2,92.9,89.9,86.0,81.1,75.1,67.9,68.1,69.2,70.1,71.0,72.1,73.1,74.2,75.2,76.9,78.5,80.4,83.5,87.4,89.6,90.3,90.1,88.8,87.0,84.3,80.8,76.4
76.7,70.3,65.8,67.4,69.2,70.8,72.6,74.2,75.7,77.4,79.3,81.5,84.8,88.9,92.1,94.6,96.2,96.5,96.4,95.2,93.4,90.7,87.4,83.6,79.1,73.3,70.2,71.4,72.9,74.2,75.3,76.6,78.0,79.5,81.2,83.1,85.7,89.7,93.1,95.4,96.9,97.2,96.7,95.3,93.2,90.2,86.6,82.4,77.1,70.0,68.2,69.8,71.0,72.2,73.2,74.7,76.3,78.0,79.9,81.9,84.4,88.6,92.4,95.0,96.4,97.0,96.5,95.0,92.9,89.9,85.8,80.9,74.8,67.7,68.1,68.8,69.6,70.6,71.8,72.7,73.6,74.6,76.6,78.0,79.8,83.1,86.9,89.0,89.6,89.2,88.3,86.8,84.2,80.6
81.1,77.1,70.7,66.3,67.7,69.5,71.0,72.8,74.4,75.8,77.5,79.6,81.6,84.8,88.9,92.2,94.7,96.2,96.5,96.4,95.2,93.4,90.7,87.3,83.5,79.1,73.4,70.3,71.6,73.1,74.2,75.3,76.6,78.1,79.6,81.2,83.1,85.7,89.8,93.0,95.3,96.6,97.0,96.5,95.0,92.9,90.0,86.5,82.3,76.9,69.7,68.3,69.7,71.0,72.1,73.2,74.8,76.5,78.1,80.0,82.0,84.4,88.6,92.4,95.0,96.3,96.8,96.3,95.0,92.8,89.8,85.6,80.7,74.6,67.7,67.8,68.4,69.2,70.3,71.3,72.0,73.0,74.3,76.1,77.4,79.4,82.6,86.3,88.3,88.8,88.9,88.2,86.7,84.0
84.7,81.4,77.5,71.1,66.5,68.0,69.8,71.2,73.0,74.5,76.0,77.8,79.7,81.7,84.8,89.0,92.3,94.6,96.1,96.6,96.4,95.1,93.3,90.5,87.2,83.4,79.1,73.3,70.5,71.7,73.1,74.1,75.3,76.8,78.1,79.6,81.2,83.1,85.7,89.7,92.8,95.0,96.4,96.9,96.3,94.8,92.7,89.8,86.4,82.2,76.8,69.8,68.3,69.6,70.9,72.0,73.3,75.0,76.5,78.2,80.2,82.1,84.5,88.7,92.4,94.9,96.1,96.5,96.2,95.1,92.8,89.6,85.4,80.6,74.4,67.2,67.3,68.1,68.9,69.9,70.7,71.5,72.6,73.8,75.5,77.0,78.9,82.0,85.5,87.6,88.5,88.7,88.1,86.5
88.0,85.1,81.8,77.8,71.3,66.8,68.3,70.0,71.3,73.2,74.7,76.3,78.0,79.8,81.7,85.0,89.1,92.2,94.7,96.2,96.6,96.3,95.0,93.2,90.5,87.2,83.5,79.2,73.4,70.6,71.8,73.1,74.1,75.5,76.8,78.2,79.6,81.2,83.1,85.5,89.5,92.5,94.8,96.2,96.6,96.0,94.7,92.6,89.8,86.3,82.1,76.7,69.6,68.2,69.5,70.9,72.2,73.5,75.1,76.6,78.4,80.2,82.1,84.5,88.7,92.3,94.7,95.9,96.5,96.2,95.1,92.6,89.5,85.3,80.4,74.1,66.8,66.9,67.7,68.5,69.4,70.1,71.2,72.2,73.3,75.0,76.5,78.3,81.2,84.8,87.3,88.4,88.7,87.9
90.5,88.4,85.5,82.1,78.0,71.5,67.1,68.5,70.1,71.5,73.2,75.0,76.5,78.1,79.9,81.9,85.1,89.1,92.2,94.7,96.2,96.6,96.2,94.9,93.1,90.4,87.2,83.5,79.4,73.5,70.7,71.8,73.2,74.3,75.6,76.9,78.2,79.6,81.2,83.0,85.3,89.1,92.3,94.6,96.0,96.5,96.0,94.6,92.5,89.7,86.2,82.1,76.7,69.6,68.2,69.6,71.1,72.4,73.6,75.2,76.7,78.4,80.1,82.2,84.6,88.6,92.1,94.5,95.8,96.4,96.2,94.9,92.6,89.4,85.2,80.0,73.6,66.5,66.7,67.3,68.0,68.8,69.8,70.8,71.7,72.8,74.5,75.9,77.6,80.4,84.6,87.2,88.4,88.5
92.4,90.9,88.8,85.9,82.3,78.1,71.8,67.4,68.7,70.3,71.6,73.6,75.1,76.7,78.1,80.1,82.0,85.1,89.0,92.3,94.7,96.2,96.6,96.2,94.9,93.1,90.4,87.3,83.8,79.6,73.6,70.8,71.9,73.3,74.4,75.7,76.9,78.3,79.6,81.1,82.7,84.9,88.9,92.1,94.3,95.8,96.4,95.9,94.5,92.5,89.7,86.3,82.0,76.6,69.4,68.2,69.8,71.3,72.5,73.7,75.4,76.8,78.3,80.2,82.2,84.5,88.4,92.0,94.5,95.9,96.4,96.0,94.8,92.6,89.3,84.8,79.6,73.2,66.1,66.2,66.7,67.4,68.4,69.4,70.2,71.2,72.3,73.9,75.3,76.8,80.1,84.6,87.2,88.2
93.5,92.8,91.4,89.3,86.1,82.5,78.3,72.0,67.6,68.9,70.4,72.0,73.8,75.3,76.7,78.3,80.2,82.0,85.0,89.0,92.2,94.6,96.1,96.5,96.2,94.9,93.1,90.5,87.5,84.0,79.7,73.5,70.8,72.0,73.5,74.5,75.6,77.0,78.3,79.5,80.8,82.4,84.6,88.6,91.9,94.2,95.8,96.4,95.9,94.6,92.5,89.7,86.3,82.0,76.5,69.4,68.5,70.0,71.4,72.6,73.9,75.4,76.8,78.3,80.2,82.1,84.3,88.3,91.9,94.6,95.8,96.3,96.1,94.8,92.3,88.8,84.3,79.2,72.7,65.7,65.6,66.2,67.0,68.0,68.8,69.7,70.6,71.7,73.3,74.5,76.5,80.1,84.6,87.1
93.8,94.0,93.3,91.8,89.5,86.2,82.6,78.4,72.1,67.7,69.0,70.7,72.2,74.0,75.3,76.9,78.5,80.3,82.0,85.0,89.0,92.1,94.4,96.0,96.4,96.2,94.9,93.2,90.8,87.7,84.1,79.7,73.5,71.0,72.2,73.5,74.4,75.6,77.0,78.2,79.2,80.6,82.1,84.4,88.4,91.7,94.1,95.8,96.4,96.0,94.6,92.6,89.7,86.2,81.9,76.4,69.5,68.8,70.1,71.5,72.7,74.0,75.4,76.8,78.3,80.2,81.9,84.2,88.2,92.0,94.6,95.7,96.3,96.1,94.6,92.0,88.4,83.8,78.8,72.2,65.2,65.1,65.9,66.6,67.5,68.3,69.1,70.1,71.1,72.5,74.1,76.4,80.0,84.4
93.2,94.3,94.5,93.8,92.1,89.7,86.4,82.8,78.5,72.1,67.9,69.4,70.9,72.5,74.0,75.5,77.1,78.5,80.2,82.1,85.1,89.0,92.0,94.3,95.9,96.5,96.2,95.1,93.4,91.0,87.8,84.2,79.7,73.6,71.1,72.3,73.5,74.4,75.7,76.9,78.0,79.0,80.2,81.8,84.1,88.2,91.7,94.2,95.8,96.4,95.9,94.6,92.6,89.7,86.2,81.9,76.6,69.6,68.8,70.2,71.6,72.8,74.0,75.5,76.8,78.2,80.0,81.8,84.2,88.2,92.0,94.5,95.8,96.3,95.8,94.2,91.5,87.9,83.3,78.3,71.7,64.7,64.8,65.5,66.1,67.0,67.8,68.6,69.5,70.4,72.1,73.9,76.3,79.8
91.7,93.8,94.8,94.9,94.0,92.2,89.8,86.6,82.9,78.6,72.2,68.2,69.7,71.1,72.5,74.2,75.7,77.1,78.5,80.3,82.2,85.0,88.9,91.9,94.3,96.0,96.5,96.3,95.3,93.6,91.1,87.9,84.2,79.8,73.7,71.2,72.3,73.4,74.4,75.7,76.7,77.7,78.6,80.0,81.6,83.9,88.2,91.8,94.2,95.8,96.4,96.0,94.6,92.6,89.7,86.2,82.0,76.7,69.6,69.0,70.4,71.7,72.8,73.9,75.5,76.9,78.0,79.8,81.8,84.2,88.2,91.9,94.6,95.8,96.0,95.4,93.8,91.1,87.5,82.9,77.6,71.1,64.3,64.3,65.0,65.6,66.6,67.2,68.0,68.7,69.9,71.9,73.8,76.0
89.3,92.2,94.3,95.1,95.1,94.2,92.4,90.0,86.7,82.9,78.7,72.5,68.5,69.9,71.2,72.8,74.3,75.7,77.2,78.5,80.4,82.1,85.0,88.9,91.9,94.3,96.0,96.6,96.6,95.5,93.8,91.1,87.9,84.2,79.8,73.7,71.1,72.3,73.4,74.4,75.4,76.4,77.4,78.3,79.7,81.4,83.9,88.2,91.8,94.2,95.8,96.5,96.0,94.6,92.5,89.8,86.4,82.1,76.7,69.7,69.2,70.5,71.7,72.8,74.0,75.4,76.6,77.8,79.8,81.9,84.3,88.2,92.0,94.6,95.4,95.6,95.0,93.4,90.7,87.0,82.1,77.1,70.7,63.9,63.8,64.5,65.1,66.0,66.7,67.2,68.2,69.7,71.7,73.5
86.2,89.9,92.7,94.7,95.3,95.2,94.4,92.5,90.1,86.8,83.1,78.9,72.7,68.7,69.9,71.4,73.0,74.3,75.8,77.2,78.6,80.4,82.1,84.9,88.8,91.9,94.4,96.2,96.9,96.7,95.6,93.9,91.2,88.0,84.3,80.0,73.6,71.2,72.3,73.4,74.2,75.1,76.0,77.1,78.0,79.6,81.4,83.9,88.2,91.8,94.2,95.8,96.5,96.0,94.6,92.7,89.9,86.5,82.1,76.7,69.7,69.4,70.5,71.6,72.9,74.0,75.2,76.3,77.7,79.9,81.9,84.3,88.3,92.0,94.2,95.2,95.2,94.7,93.0,90.2,86.2,81.6,76.7,70.2,63.3,63.3,63.9,64.6,65.5,65.9,66.7,68.0,69.5,71.5
82.0,86.8,90.4,93.1,94.9,95.5,95.4,94.5,92.7,90.2,87.0,83.2,79.0,72.8,68.7,70.2,71.6,73.0,74.4,75.9,77.3,78.7,80.4,82.1,84.8,88.9,92.1,94.7,96.4,97.0,96.8,95.8,94.0,91.3,88.1,84.5,79.9,73.5,71.2,72.2,73.1,73.9,74.8,75.7,76.7,77.9,79.6,81.4,83.9,88.2,91.8,94.2,95.9,96.5,96.1,94.8,92.8,90.0,86.5,82.1,76.7,69.8,69.4,70.5,71.7,72.9,73.8,74.9,76.2,77.8,79.9,81.8,84.3,88.2,91.6,93.9,94.7,94.9,94.3,92.5,89.5,85.7,81.2,76.2,69.5,62.9,62.8,63.5,64.1,64.7,65.4,66.4,67.7,69.2
78.8,82.5,87.2,90.8,93.3,95.0,95.6,95.6,94.7,92.8,90.4,87.1,83.3,79.0,72.9,68.9,70.4,71.7,73.1,74.5,76.0,77.4,78.7,80.4,82.1,84.9,89.0,92.3,94.9,96.6,97.1,97.0,95.9,94.0,91.4,88.2,84.5,79.9,73.4,71.1,71.9,72.8,73.5,74.4,75.3,76.5,77.8,79.6,81.4,83.9,88.2,91.9,94.3,95.8,96.6,96.3,94.9,92.8,90.0,86.6,82.2,76.7,69.7,69.5,70.5,71.6,72.6,73.5,74.8,76.3,77.8,79.8,81.8,84.3,87.8,91.2,93.5,94.3,94.5,93.8,91.9,89.0,85.3,80.7,75.6,69.1,62.3,62.4,62.9,63.4,64.3,65.1,66.2,67.4
76.9,79.3,83.1,87.7,91.0,93.4,95.1,95.7,95.7,94.8,93.0,90.5,87.2,83.3,79.0,73.1,69.2,70.4,71.8,73.2,74.7,76.0,77.4,78.6,80.4,82.2,85.0,89.2,92.5,95.0,96.6,97.3,97.0,95.9,94.2,91.6,88.2,84.5,79.8,73.2,70.8,71.6,72.4,73.2,74.0,75.2,76.5,77.9,79.6,81.4,83.9,88.3,92.0,94.3,95.9,96.7,96.3,95.0,92.9,90.1,86.6,82.2,76.7,69.6,69.6,70.5,71.3,72.3,73.5,74.8,76.2,77.7,79.8,81.8,84.0,87.4,90.9,93.1,93.9,94.1,93.1,91.4,88.5,84.8,80.1,75.2,68.5,61.9,61.9,62.2,62.8,63.9,64.8,65.8
75.1,77.3,79.8,83.5,87.9,91.1,93.6,95.3,95.8,95.8,95.0,93.1,90.5,87.2,83.3,79.2,73.2,69.3,70.6,71.8,73.4,74.8,75.9,77.4,78.7,80.5,82.3,85.2,89.4,92.6,95.1,96.7,97.3,97.1,96.0,94.2,91.6,88.3,84.5,79.7,72.9,70.4,71.2,72.0,72.8,73.8,75.1,76.4,77.8,79.5,81.4,83.9,88.3,91.9,94.3,96.0,96.8,96.4,95.1,93.1,90.2,86.7,82.2,76.6,69.6,69.6,70.1,71.0,72.2,73.5,74.8,76.1,77.6,79.8,81.5,83.6,87.0,90.5,92.7,93.4,93.5,92.7,90.9,88.0,84.2,79.7,74.6,68.0,61.3,61.2,61.8,62.6,63.6,64.4
73.6,75.6,77.9,80.2,83.7,88.0,91.3,93.8,95.4,96.0,96.1,95.1,93.1,90.4,87.2,83.5,79.2,73.1,69.4,70.6,72.0,73.6,74.7,75.9,77.4,78.8,80.6,82.6,85.4,89.5,92.6,95.1,96.7,97.4,97.2,96.1,94.3,91.6,88.3,84.4,79.4,72.5,70.0,70.9,71.7,72.6,73.7,75.0,76.3,77.8,79.5,81.4,83.9,88.2,91.9,94.5,96.1,96.9,96.5,95.2,93.2,90.3,86.8,82.2,76.5,69.5,69.2,69.9,70.9,72.2,73.5,74.7,76.0,77.6,79.5,81.1,83.2,86.5,90.0,92.2,92.9,93.1,92.3,90.3,87.5,83.7,79.2,74.1,67.4,60.6,60.7,61.4,62.3,63.2
72.3,74.1,76.1,78.3,80.4,83.8,88.1,91.5,93.9,95.6,96.3,96.2,95.1,93.1,90.5,87.3,83.6,79.3,73.2,69.5,70.8,72.2,73.6,74.7,76.1,77.5,78.9,80.8,82.7,85.5,89.5,92.7,95.1,96.8,97.6,97.3,96.1,94.2,91.6,88.2,84.2,79.0,72.0,69.6,70.5,71.4,72.5,73.6,74.9,76.2,77.8,79.5,81.4,83.8,88.2,92.0,94.6,96.2,97.0,96.6,95.3,93.2,90.4,86.8,82.2,76.3,69.0,69.0,69.8,70.9,72.1,73.3,74.6,76.0,77.3,79.1,80.8,82.8,86.1,89.5,91.7,92.5,92.6,91.7,89.8,87.0,83.2,78.7,73.4,66.6,60.2,60.4,61.0,61.9
