day 0,day 1,day 2,day 3,day 4,day 5,day 6,day 7,day 8,day 9,day 10,day 11,day 12,day 13,day 14,day 15,day 16,day 17,day 18,day 19,day 20,day 21,day 22,day 23,day 24,day 25,day 26,day 27,day 28,day 29,day 30,day 31,day 32,day 33,day 34,day 35,day 36,day 37,day 38,day 39,day 40,day 41,day 42,day 43,day 44,day 45,day 46,day 47,day 48,day 49,day 50,day 51,day 52,day 53,day 54,day 55,day 56,day 57,day 58,day 59,day 60,day 61,day 62,day 63,day 64,day 65,day 66,day 67,day 68,day 69,day 70,day 71,day 72,day 73,day 74,day 75,day 76,day 77,day 78,day 79,day 80,day 81,day 82,day 83,day 84,day 85,day 86,day 87,day 88,day 89,day 90
55.7,56.0,56.5,57.3,57.8,58.6,59.8,61.5,62.1,62.1,61.2,60.0,58.1,56.1,53.9,52.1,50.6,49.2,49.1,49.2,49.2,49.5,49.6,49.8,50.0,50.2,50.5,51.0,51.4,51.8,52.4,53.4,54.4,54.6,54.3,53.4,52.5,51.1,49.7,48.4,47.2,46.6,46.6,46.7,46.6,46.5,46.5,46.5,46.6,46.6,46.6,46.6,46.6,46.7,46.9,47.1,47.8,47.9,47.8,47.2,46.4,45.4,44.0,42.6,41.4,41.3,41.1,41.0,41.2,41.1,41.2,41.2,41.3,41.4,41.4,41.6,41.5,41.5,42.1,42.6,43.3,43.8,43.7,43.2,42.6,41.9,41.0,40.1,39.6,39.6,39.5
55.1,55.4,55.7,56.2,56.9,57.5,58.4,59.5,61.1,61.8,61.5,60.7,59.5,57.7,55.6,53.6,51.9,50.5,49.1,49.1,49.1,49.2,49.3,49.4,49.6,49.8,49.9,50.3,50.8,51.2,51.7,52.2,53.2,54.1,54.4,54.0,53.3,52.4,51.0,49.5,48.3,47.0,46.5,46.4,46.5,46.4,46.4,46.3,46.4,46.4,46.4,46.3,46.3,46.3,46.4,46.5,46.7,47.4,47.6,47.6,46.9,46.1,45.1,43.7,42.4,41.2,41.0,40.9,40.9,41.0,41.0,41.1,41.1,41.2,41.3,41.2,41.4,41.4,41.7,42.0,42.4,43.3,43.7,43.4,43.1,42.6,41.8,41.0,40.1,39.5,39.5
54.5,54.8,55.1,55.5,55.9,56.6,57.2,58.1,59.1,60.7,61.2,61.1,60.2,59.0,57.2,55.3,53.4,51.7,50.3,49.0,49.1,49.1,49.1,49.1,49.2,49.4,49.6,49.8,50.2,50.7,51.1,51.5,52.0,52.9,53.8,54.1,53.8,53.2,52.3,50.8,49.4,48.2,46.9,46.3,46.3,46.3,46.3,46.1,46.2,46.1,46.2,46.1,46.0,45.9,46.0,46.1,46.2,46.4,47.0,47.4,47.4,46.7,45.8,44.7,43.4,42.2,40.9,40.8,40.8,40.7,40.9,40.9,41.0,41.0,41.1,41.2,41.0,41.3,41.5,41.6,41.9,42.3,43.2,43.4,43.3,43.0,42.6,41.9,41.0,40.0,39.4
54.0,54.3,54.5,54.8,55.2,55.7,56.3,57.0,57.8,58.7,60.2,60.7,60.6,59.7,58.4,56.8,55.0,53.2,51.6,50.2,49.0,49.0,49.0,48.9,48.9,49.1,49.2,49.4,49.6,50.1,50.5,50.9,51.3,51.7,52.6,53.4,54.0,53.7,53.0,52.1,50.7,49.3,47.9,46.7,46.2,46.1,46.2,46.0,46.0,45.9,46.0,45.9,45.8,45.6,45.6,45.6,45.7,45.8,46.1,46.8,47.2,47.2,46.3,45.4,44.5,43.2,41.8,40.7,40.8,40.6,40.6,40.7,40.6,40.9,40.9,41.0,41.0,41.0,41.4,41.4,41.5,41.9,42.3,43.0,43.2,43.3,43.0,42.5,41.9,40.9,39.9
53.5,53.8,54.0,54.2,54.6,54.9,55.4,56.1,56.7,57.4,58.2,59.6,60.2,60.0,59.2,58.0,56.5,54.8,53.1,51.4,50.1,49.0,48.9,48.8,48.7,48.8,48.8,49.1,49.3,49.5,50.0,50.4,50.8,51.0,51.5,52.2,53.3,53.9,53.5,52.8,51.8,50.6,49.0,47.7,46.5,46.0,45.9,46.0,45.9,45.7,45.8,45.6,45.6,45.4,45.3,45.3,45.3,45.4,45.5,45.9,46.6,47.0,46.8,46.0,45.2,44.3,42.8,41.7,40.6,40.6,40.5,40.4,40.6,40.5,40.8,40.7,40.8,41.0,41.1,41.3,41.3,41.4,41.8,42.2,42.9,43.2,43.2,43.0,42.6,41.8,40.7
53.2,53.3,53.5,53.7,54.0,54.3,54.7,55.2,55.8,56.4,56.9,57.7,59.2,59.7,59.5,58.7,57.7,56.3,54.7,52.9,51.3,50.0,48.9,48.7,48.6,48.6,48.6,48.7,49.0,49.2,49.4,49.8,50.2,50.5,50.8,51.2,52.0,53.2,53.7,53.3,52.6,51.8,50.4,48.8,47.5,46.3,45.8,45.7,45.8,45.6,45.6,45.5,45.4,45.3,45.1,45.0,44.9,44.9,45.1,45.4,45.8,46.4,46.6,46.5,45.8,45.0,43.9,42.7,41.6,40.5,40.5,40.3,40.3,40.5,40.4,40.6,40.6,40.8,41.1,41.0,41.2,41.3,41.4,41.7,42.1,42.9,43.2,43.3,43.0,42.5,41.6
52.9,53.0,53.0,53.3,53.4,53.7,54.0,54.4,54.9,55.5,55.9,56.5,57.2,58.6,59.2,59.0,58.5,57.4,56.2,54.5,52.7,51.1,49.8,48.6,48.5,48.4,48.3,48.5,48.7,48.9,49.1,49.3,49.7,49.9,50.3,50.6,51.1,52.0,53.0,53.5,53.0,52.5,51.5,50.2,48.6,47.4,46.1,45.6,45.6,45.5,45.4,45.2,45.2,45.1,45.0,44.7,44.7,44.6,44.7,45.0,45.3,45.5,46.0,46.3,46.3,45.6,44.7,43.8,42.6,41.4,40.4,40.3,40.2,40.2,40.5,40.3,40.5,40.6,40.8,40.9,40.9,41.2,41.3,41.3,41.7,42.1,42.8,43.2,43.3,42.9,42.3
53.3,52.7,52.7,52.8,53.0,53.1,53.4,53.8,54.2,54.7,55.1,55.5,56.0,56.7,58.1,58.7,58.7,58.2,57.3,56.1,54.2,52.5,50.9,49.5,48.5,48.3,48.2,48.3,48.4,48.6,48.8,49.0,49.2,49.5,49.8,50.1,50.5,51.0,51.8,52.8,53.2,52.9,52.3,51.3,49.9,48.5,47.2,45.8,45.5,45.3,45.4,45.1,45.0,44.9,44.7,44.6,44.6,44.5,44.3,44.6,44.9,45.0,45.1,45.7,46.1,46.1,45.3,44.6,43.7,42.3,41.2,40.2,40.2,40.2,40.2,40.3,40.1,40.5,40.6,40.7,41.0,41.0,41.2,41.2,41.3,41.8,42.1,42.8,43.2,43.2,42.7
54.7,53.0,52.4,52.5,52.5,52.7,52.9,53.2,53.7,53.9,54.3,54.7,55.0,55.6,56.3,57.7,58.4,58.4,58.1,57.2,55.9,53.9,52.2,50.6,49.3,48.3,48.1,48.2,48.2,48.3,48.6,48.8,48.9,49.0,49.4,49.6,50.0,50.5,50.8,51.6,52.6,53.1,52.7,52.1,51.0,49.8,48.3,46.9,45.7,45.2,45.2,45.1,44.8,44.7,44.6,44.4,44.4,44.3,44.2,44.3,44.5,44.6,44.6,44.8,45.5,45.8,45.8,45.2,44.4,43.4,42.2,41.0,40.2,40.2,40.2,40.0,40.1,40.2,40.5,40.4,40.6,40.9,41.0,41.1,41.2,41.5,41.7,42.0,42.8,43.2,43.0
56.2,54.5,52.8,52.2,52.2,52.2,52.5,52.6,53.0,53.3,53.5,53.8,54.3,54.6,55.2,55.9,57.3,58.1,58.3,58.0,57.0,55.5,53.5,52.0,50.4,49.1,48.1,48.1,48.1,48.1,48.3,48.5,48.7,48.7,48.9,49.2,49.5,50.0,50.2,50.7,51.3,52.5,52.9,52.6,51.8,50.8,49.5,48.0,46.7,45.4,45.0,44.9,44.8,44.5,44.4,44.3,44.2,44.1,44.1,44.1,44.1,44.3,44.2,44.3,44.6,45.2,45.6,45.7,45.1,44.3,43.3,42.0,41.0,40.1,40.2,40.1,39.9,40.1,40.2,40.3,40.4,40.6,40.9,40.9,41.1,41.3,41.3,41.7,42.0,42.7,43.0
58.1,55.9,54.3,52.5,51.9,51.9,52.0,52.3,52.5,52.7,53.0,53.1,53.4,53.9,54.2,54.8,55.6,57.0,58.0,58.3,57.8,56.6,55.1,53.2,51.7,50.2,48.9,48.1,48.0,48.0,48.1,48.2,48.4,48.5,48.5,48.7,49.1,49.5,49.8,50.1,50.5,51.2,52.2,52.7,52.2,51.6,50.6,49.2,47.8,46.4,45.2,44.8,44.6,44.5,44.2,44.1,44.0,43.9,43.8,43.9,44.0,43.9,43.8,43.9,44.0,44.3,44.9,45.5,45.6,45.0,44.3,43.1,41.9,40.9,40.2,40.1,40.0,40.0,40.1,40.0,40.4,40.4,40.7,40.8,40.9,41.2,41.2,41.3,41.7,41.9,42.6
60.0,57.8,55.6,53.9,52.1,51.6,51.7,51.8,52.1,52.2,52.3,52.6,52.7,53.1,53.5,53.9,54.5,55.3,56.9,58.0,58.0,57.3,56.1,54.8,53.0,51.5,50.0,48.8,47.9,47.8,47.9,48.1,48.1,48.3,48.4,48.4,48.7,49.2,49.2,49.6,49.8,50.3,51.0,52.0,52.3,51.9,51.2,50.2,49.0,47.5,46.3,44.9,44.5,44.3,44.2,43.9,44.0,43.8,43.6,43.7,43.8,43.6,43.5,43.6,43.6,43.7,44.0,44.9,45.4,45.4,44.9,44.0,43.0,41.8,40.8,40.0,40.0,40.0,39.9,40.0,40.0,40.4,40.5,40.6,40.8,41.0,41.0,41.2,41.3,41.5,41.7
61.7,59.7,57.5,55.3,53.7,51.8,51.4,51.5,51.6,51.8,51.8,51.9,52.2,52.4,52.7,53.2,53.7,54.3,55.1,56.9,57.7,57.5,56.9,55.8,54.6,52.7,51.4,49.8,48.7,47.7,47.7,47.9,48.0,47.9,48.1,48.2,48.3,48.7,48.9,49.1,49.4,49.7,50.2,50.7,51.6,52.0,51.6,50.9,50.0,48.7,47.4,45.9,44.6,44.2,44.0,43.8,43.6,43.7,43.5,43.5,43.5,43.5,43.3,43.3,43.3,43.3,43.4,43.9,44.8,45.3,45.3,44.6,43.9,42.8,41.8,40.7,39.9,40.0,40.0,39.8,40.0,40.1,40.4,40.4,40.6,40.9,40.9,41.0,41.1,41.1,41.4
63.2,61.3,59.4,57.2,55.1,53.4,51.6,51.2,51.4,51.4,51.5,51.5,51.5,51.8,52.1,52.4,53.0,53.5,54.2,55.1,56.5,57.1,57.0,56.7,55.6,54.4,52.6,51.2,49.7,48.5,47.7,47.7,47.8,47.9,47.8,48.0,48.1,48.3,48.5,48.7,48.8,49.3,49.5,49.9,50.4,51.3,51.6,51.2,50.7,49.6,48.5,47.0,45.6,44.2,43.9,43.7,43.5,43.3,43.4,43.4,43.3,43.3,43.2,43.0,43.0,43.0,43.1,43.3,43.7,44.6,45.2,45.0,44.4,43.7,42.8,41.6,40.6,39.9,39.9,39.8,39.8,40.0,40.1,40.3,40.4,40.6,40.8,40.9,41.0,41.0,41.0
64.2,62.9,61.1,59.1,57.0,54.8,53.2,51.4,51.1,51.1,51.1,51.1,51.1,51.2,51.6,51.8,52.3,52.8,53.3,54.1,54.8,56.1,56.6,56.8,56.4,55.3,54.2,52.4,50.9,49.4,48.3,47.7,47.5,47.7,47.7,47.7,47.8,48.1,48.2,48.4,48.5,48.8,49.1,49.2,49.5,50.1,50.9,51.3,51.0,50.3,49.4,48.2,46.6,45.3,43.9,43.6,43.4,43.2,43.0,43.3,43.2,43.0,43.0,42.9,42.8,42.7,42.7,43.0,43.1,43.6,44.6,45.0,44.8,44.3,43.6,42.6,41.5,40.6,39.8,39.7,39.8,39.8,40.1,40.0,40.3,40.5,40.6,40.7,40.8,40.9,40.8
64.9,63.9,62.6,60.7,58.8,56.7,54.6,53.0,51.2,50.8,50.8,50.7,50.8,50.8,51.0,51.3,51.6,52.1,52.6,53.3,53.8,54.4,55.6,56.4,56.6,56.2,55.1,54.0,52.2,50.7,49.3,48.3,47.5,47.4,47.5,47.6,47.6,47.8,47.9,48.1,48.2,48.4,48.6,48.7,48.9,49.2,49.8,50.6,51.0,50.6,50.0,49.1,47.9,46.3,44.9,43.5,43.3,43.0,42.9,43.0,43.1,42.9,42.7,42.7,42.7,42.4,42.5,42.6,42.7,43.0,43.5,44.3,44.8,44.7,44.2,43.4,42.4,41.4,40.5,39.6,39.7,39.7,39.8,40.0,40.2,40.3,40.5,40.5,40.7,40.7,40.7
64.5,64.5,63.6,62.2,60.4,58.6,56.5,54.4,52.8,51.0,50.6,50.4,50.4,50.5,50.5,50.7,51.1,51.5,51.9,52.6,53.0,53.5,54.0,55.3,56.1,56.3,55.9,54.8,53.7,52.1,50.6,49.3,48.1,47.4,47.2,47.3,47.5,47.6,47.6,47.8,47.9,48.1,48.2,48.3,48.4,48.6,49.0,49.5,50.4,50.6,50.4,49.6,48.6,47.5,46.0,44.6,43.2,42.9,42.7,42.8,42.8,42.7,42.6,42.4,42.5,42.4,42.2,42.4,42.5,42.6,42.9,43.3,44.1,44.6,44.5,44.0,43.2,42.4,41.4,40.3,39.7,39.7,39.8,39.7,40.1,40.2,40.3,40.4,40.5,40.5,40.5
63.4,64.2,64.2,63.1,61.9,60.2,58.5,56.3,54.2,52.5,50.7,50.2,50.1,50.1,50.3,50.3,50.5,51.0,51.4,51.8,52.4,52.7,53.1,53.8,55.0,55.8,56.1,55.5,54.6,53.6,51.9,50.6,49.1,48.0,47.2,47.1,47.2,47.5,47.4,47.6,47.6,47.8,47.9,48.0,48.0,48.1,48.4,48.7,49.3,50.0,50.3,50.0,49.2,48.3,47.1,45.7,44.2,42.9,42.6,42.6,42.6,42.4,42.5,42.3,42.2,42.2,42.2,42.1,42.3,42.3,42.5,42.7,43.1,44.0,44.4,44.3,43.8,43.2,42.3,41.2,40.3,39.6,39.7,39.7,39.9,40.1,40.1,40.3,40.4,40.4,40.4
61.4,63.1,63.8,63.6,62.7,61.7,60.1,58.2,56.0,53.9,52.1,50.3,49.9,49.9,49.9,50.0,50.1,50.4,50.9,51.3,51.6,52.1,52.4,52.9,53.6,54.7,55.6,55.7,55.3,54.4,53.4,51.9,50.4,49.0,47.8,47.0,47.0,47.2,47.3,47.3,47.4,47.5,47.7,47.7,47.7,47.7,47.9,48.2,48.6,49.0,49.8,49.9,49.6,48.9,47.9,46.8,45.3,43.9,42.5,42.5,42.4,42.2,42.1,42.2,42.1,41.9,42.0,42.1,42.0,42.2,42.2,42.3,42.5,43.0,43.8,44.3,44.1,43.8,43.2,42.1,41.1,40.2,39.7,39.6,39.8,39.9,40.1,40.2,40.2,40.2,40.3
59.9,61.1,62.7,63.3,63.2,62.6,61.5,59.8,57.9,55.6,53.5,51.8,49.9,49.7,49.7,49.7,49.9,50.0,50.3,50.8,51.0,51.4,51.8,52.2,52.7,53.3,54.5,55.3,55.5,55.1,54.3,53.4,51.7,50.2,48.8,47.6,46.9,47.0,47.1,47.2,47.1,47.3,47.4,47.4,47.5,47.5,47.5,47.7,48.0,48.3,48.7,49.4,49.5,49.3,48.5,47.5,46.4,45.0,43.7,42.5,42.3,42.1,41.9,41.9,42.0,41.7,41.7,41.8,42.0,41.9,42.1,42.1,42.1,42.4,42.8,43.6,44.0,44.1,43.8,42.9,42.0,41.1,40.2,39.6,39.7,39.8,39.9,40.0,40.1,40.1,40.1
58.7,59.6,60.8,62.2,62.9,63.1,62.3,61.2,59.5,57.5,55.2,53.1,51.4,49.7,49.6,49.5,49.5,49.7,49.9,50.3,50.6,50.8,51.1,51.6,52.0,52.4,53.0,54.1,55.1,55.3,55.0,54.2,53.1,51.5,50.0,48.7,47.4,46.9,46.8,47.1,47.0,47.0,47.1,47.1,47.2,47.3,47.3,47.3,47.5,47.8,48.0,48.3,49.0,49.1,48.8,48.2,47.1,46.1,44.7,43.5,42.2,42.0,41.8,41.7,41.7,41.7,41.6,41.6,41.7,41.9,41.7,42.0,42.0,42.1,42.2,42.6,43.5,44.1,44.0,43.5,42.9,41.9,41.0,40.1,39.7,39.7,39.8,39.9,40.0,40.0,39.9
57.8,58.5,59.4,60.4,61.9,62.8,62.8,61.9,60.9,59.1,57.0,54.8,52.7,51.1,49.6,49.4,49.4,49.4,49.6,49.8,50.1,50.4,50.6,50.9,51.4,51.7,52.2,52.8,53.9,54.8,55.2,54.8,53.9,52.9,51.3,49.9,48.5,47.4,46.8,46.8,46.9,46.9,46.9,46.9,46.9,46.9,47.1,47.0,47.1,47.3,47.5,47.7,47.9,48.6,48.7,48.5,47.8,46.8,45.8,44.6,43.3,41.9,41.8,41.6,41.4,41.4,41.5,41.5,41.4,41.6,41.7,41.6,41.8,41.9,41.9,42.1,42.5,43.5,44.0,43.8,43.5,42.8,41.9,41.0,40.3,39.6,39.7,39.8,39.8,39.9,39.9
56.7,57.6,58.2,58.9,60.0,61.7,62.5,62.4,61.6,60.4,58.6,56.6,54.4,52.4,50.8,49.4,49.2,49.3,49.3,49.6,49.7,49.9,50.2,50.4,50.8,51.2,51.5,52.0,52.6,53.7,54.6,54.9,54.5,53.7,52.7,51.1,49.8,48.5,47.2,46.7,46.7,46.8,46.8,46.7,46.7,46.8,46.8,46.8,46.8,46.9,47.0,47.1,47.3,47.6,48.1,48.3,48.1,47.4,46.6,45.6,44.3,43.0,41.6,41.5,41.4,41.1,41.3,41.4,41.3,41.3,41.4,41.5,41.5,41.7,41.7,41.6,42.0,42.6,43.5,43.8,43.7,43.4,42.7,41.8,41.1,40.2,39.6,39.7,39.7,39.7,39.8
56.0,56.5,57.3,57.8,58.6,59.8,61.5,62.1,62.1,61.2,60.0,58.1,56.1,53.9,52.1,50.6,49.2,49.1,49.2,49.2,49.5,49.6,49.8,50.0,50.2,50.5,51.0,51.4,51.8,52.4,53.4,54.4,54.6,54.3,53.4,52.5,51.1,49.7,48.4,47.2,46.6,46.6,46.7,46.6,46.5,46.5,46.5,46.6,46.6,46.6,46.6,46.6,46.7,46.9,47.1,47.8,47.9,47.8,47.2,46.4,45.4,44.0,42.6,41.4,41.3,41.1,41.0,41.2,41.1,41.2,41.2,41.3,41.4,41.4,41.6,41.5,41.5,42.1,42.6,43.3,43.8,43.7,43.2,42.6,41.9,41.0,40.1,39.6,39.6,39.5,39.6
55.4,55.7,56.2,56.9,57.5,58.4,59.5,61.1,61.8,61.5,60.7,59.5,57.7,55.6,53.6,51.9,50.5,49.1,49.1,49.1,49.2,49.3,49.4,49.6,49.8,49.9,50.3,50.8,51.2,51.7,52.2,53.2,54.1,54.4,54.0,53.3,52.4,51.0,49.5,48.3,47.0,46.5,46.4,46.5,46.4,46.4,46.3,46.4,46.4,46.4,46.3,46.3,46.3,46.4,46.5,46.7,47.4,47.6,47.6,46.9,46.1,45.1,43.7,42.4,41.2,41.0,40.9,40.9,41.0,41.0,41.1,41.1,41.2,41.3,41.2,41.4,41.4,41.7,42.0,42.4,43.3,43.7,43.4,43.1,42.6,41.8,41.0,40.1,39.5,39.5,39.4
