day 0,day 1,day 2,day 3,day 4,day 5,day 6,day 7,day 8,day 9,day 10,day 11,day 12,day 13,day 14,day 15,day 16,day 17,day 18,day 19,day 20,day 21,day 22,day 23,day 24,day 25,day 26,day 27,day 28,day 29,day 30,day 31,day 32,day 33,day 34,day 35,day 36,day 37,day 38,day 39,day 40,day 41,day 42,day 43,day 44,day 45,day 46,day 47,day 48,day 49,day 50,day 51,day 52,day 53,day 54,day 55,day 56,day 57,day 58,day 59,day 60,day 61,day 62,day 63,day 64,day 65,day 66,day 67,day 68,day 69,day 70,day 71,day 72,day 73,day 74,day 75,day 76,day 77,day 78,day 79,day 80,day 81,day 82,day 83,day 84,day 85,day 86,day 87,day 88,day 89,day 90
75.9,76.1,76.5,77.0,77.7,79.0,81.1,83.5,84.8,85.4,85.7,85.2,84.2,82.7,80.6,77.7,74.0,70.6,70.1,70.1,70.2,70.4,70.6,70.8,71.0,71.3,71.8,72.4,73.3,74.3,75.9,79.1,80.6,81.0,81.0,80.3,78.9,77.0,74.2,70.2,66.2,63.2,63.1,63.2,63.0,63.2,63.3,63.7,64.1,64.5,64.8,65.7,66.5,67.3,68.8,72.3,74.2,74.8,74.7,73.7,72.3,70.0,66.9,63.0,59.3,57.4,57.7,58.1,58.6,59.1,59.4,59.8,59.9,60.5,61.1,62.0,62.8,64.1,65.9,69.4,71.2,71.9,71.7,70.5,68.8,66.4,63.3,59.6,57.0,56.3,56.7
75.4,75.6,75.8,76.3,76.8,77.6,78.8,80.9,83.4,84.6,85.3,85.5,85.1,84.1,82.6,80.5,77.6,73.8,70.4,69.9,69.9,70.1,70.2,70.2,70.4,70.6,70.9,71.4,72.1,73.1,74.0,75.5,78.7,80.4,80.8,80.6,80.0,78.6,76.7,73.7,69.8,65.9,62.9,62.8,62.8,62.7,62.9,63.2,63.5,63.7,64.0,64.6,65.4,66.1,66.9,68.5,72.0,74.1,74.7,74.5,73.5,72.0,69.7,66.7,62.9,59.3,57.4,57.7,58.1,58.8,59.0,59.4,59.5,59.8,60.3,60.9,61.8,62.9,64.1,65.9,69.3,71.2,71.9,71.5,70.4,68.7,66.4,63.2,59.9,57.2,56.6
75.0,75.1,75.3,75.5,76.1,76.7,77.4,78.6,80.8,83.3,84.4,85.1,85.4,85.0,84.0,82.4,80.4,77.4,73.6,70.2,69.7,69.7,69.8,69.8,69.9,70.0,70.1,70.5,71.2,71.9,72.7,73.6,75.1,78.5,80.1,80.5,80.4,79.7,78.4,76.3,73.4,69.5,65.6,62.6,62.4,62.5,62.5,62.8,63.0,63.0,63.2,63.7,64.3,64.9,65.7,66.6,68.2,72.0,73.9,74.5,74.3,73.2,71.8,69.6,66.7,62.9,59.3,57.5,57.7,58.2,58.7,58.9,59.0,59.3,59.6,60.1,60.8,61.8,62.8,64.1,65.8,69.3,71.3,71.8,71.4,70.3,68.6,66.3,63.4,60.1,57.3
74.6,74.8,74.8,75.0,75.3,75.9,76.5,77.3,78.4,80.7,83.0,84.2,85.0,85.3,84.9,83.9,82.3,80.3,77.2,73.3,70.0,69.5,69.5,69.4,69.4,69.5,69.6,69.7,70.3,71.0,71.5,72.4,73.2,74.9,78.2,79.7,80.3,80.1,79.4,78.0,76.0,73.1,69.3,65.3,62.1,62.1,62.2,62.3,62.6,62.5,62.5,63.0,63.3,63.8,64.6,65.4,66.4,68.1,71.8,73.7,74.3,74.0,73.0,71.6,69.6,66.8,62.9,59.3,57.5,57.8,58.1,58.6,58.5,58.8,59.1,59.4,60.0,60.8,61.8,62.9,64.0,65.7,69.4,71.1,71.7,71.3,70.2,68.6,66.5,63.6,60.3
74.3,74.3,74.4,74.5,74.8,75.1,75.7,76.3,77.2,78.3,80.4,82.8,84.2,84.9,85.3,84.9,83.8,82.2,80.0,76.9,73.1,69.7,69.2,69.1,69.1,69.0,69.0,69.2,69.5,70.1,70.6,71.2,72.0,73.0,74.7,77.7,79.5,80.0,79.9,79.1,77.7,75.8,72.9,68.9,64.8,61.8,61.8,62.1,62.2,62.1,62.0,62.2,62.6,62.9,63.5,64.2,65.1,66.2,67.9,71.6,73.4,73.9,73.7,72.8,71.7,69.7,66.7,62.9,59.3,57.6,57.7,58.0,58.2,58.4,58.6,58.8,59.2,60.0,60.8,61.8,62.8,63.9,65.7,69.2,71.1,71.7,71.2,70.2,68.8,66.7,63.7
74.0,73.9,74.0,74.1,74.3,74.6,74.9,75.6,76.2,77.1,78.1,80.2,82.7,84.2,84.9,85.3,84.7,83.7,82.0,79.8,76.7,72.8,69.4,68.8,68.7,68.6,68.6,68.7,69.0,69.3,69.8,70.2,70.8,71.7,72.7,74.3,77.5,79.2,79.8,79.6,78.8,77.6,75.5,72.6,68.6,64.5,61.6,61.7,61.9,61.7,61.7,61.8,61.9,62.2,62.5,63.1,64.0,65.0,66.1,67.8,71.4,73.1,73.6,73.6,72.9,71.9,69.7,66.6,62.8,59.3,57.5,57.5,57.6,58.1,58.2,58.3,58.7,59.2,60.1,60.8,61.8,62.7,63.9,65.5,69.1,71.1,71.6,71.2,70.4,68.9,66.8
73.7,73.6,73.6,73.7,73.9,74.1,74.4,74.8,75.5,76.1,76.9,77.9,80.0,82.7,84.2,85.0,85.2,84.8,83.5,81.8,79.6,76.4,72.4,69.0,68.5,68.3,68.2,68.2,68.5,68.8,69.0,69.4,69.9,70.5,71.5,72.4,73.9,77.2,78.9,79.5,79.3,78.6,77.3,75.2,72.3,68.3,64.2,61.5,61.5,61.4,61.2,61.4,61.4,61.5,61.8,62.2,62.9,63.8,64.9,65.9,67.5,71.0,72.8,73.5,73.6,73.0,71.8,69.6,66.6,62.9,59.1,57.3,57.2,57.5,57.9,57.9,58.2,58.7,59.3,60.1,60.7,61.7,62.7,63.7,65.4,69.2,71.0,71.6,71.4,70.5,69.0
74.4,73.4,73.3,73.3,73.4,73.7,73.9,74.3,74.7,75.4,76.0,76.7,77.7,79.9,82.6,84.3,85.0,85.1,84.6,83.4,81.7,79.3,76.1,72.1,68.6,68.0,67.9,67.8,68.0,68.3,68.4,68.5,69.0,69.6,70.3,71.1,72.0,73.6,76.9,78.6,79.2,79.0,78.4,77.0,75.0,72.0,68.0,63.9,61.2,61.0,60.9,60.9,61.0,60.9,61.1,61.4,62.0,62.8,63.7,64.7,65.6,67.1,70.7,72.7,73.5,73.6,72.9,71.8,69.6,66.6,62.6,58.9,56.9,57.1,57.2,57.6,57.8,58.2,58.7,59.3,60.0,60.6,61.7,62.5,63.6,65.5,69.0,71.1,71.8,71.5,70.7
77.6,74.1,73.1,73.0,73.1,73.2,73.5,73.7,74.2,74.6,75.2,75.8,76.5,77.6,79.8,82.5,84.2,84.9,84.9,84.4,83.3,81.5,79.1,75.8,71.7,68.2,67.6,67.4,67.6,67.7,67.9,68.0,68.2,68.8,69.4,69.9,70.7,71.7,73.4,76.6,78.3,78.9,78.8,78.1,76.8,74.8,71.8,67.7,63.6,60.8,60.5,60.6,60.5,60.5,60.6,60.8,61.3,61.9,62.6,63.5,64.5,65.2,66.8,70.6,72.6,73.6,73.6,72.9,71.8,69.6,66.4,62.3,58.4,56.8,56.9,57.0,57.5,57.8,58.3,58.7,59.1,59.9,60.7,61.4,62.4,63.7,65.5,69.1,71.2,72.0,71.6
80.5,77.2,73.7,72.8,72.8,72.9,73.0,73.3,73.7,74.1,74.4,75.0,75.6,76.4,77.5,79.6,82.5,84.1,84.7,84.8,84.3,83.1,81.2,78.9,75.5,71.3,67.7,67.1,67.2,67.3,67.4,67.5,67.7,68.0,68.6,69.0,69.5,70.4,71.5,73.1,76.3,78.0,78.7,78.5,77.9,76.6,74.6,71.6,67.4,63.1,60.3,60.3,60.2,60.0,60.1,60.3,60.6,61.2,61.8,62.5,63.3,64.1,64.9,66.7,70.6,72.7,73.5,73.7,73.0,71.8,69.4,66.1,61.8,58.3,56.6,56.7,56.9,57.6,57.9,58.2,58.5,59.1,59.9,60.4,61.3,62.5,63.6,65.6,69.3,71.4,72.0
83.0,80.2,76.9,73.4,72.5,72.6,72.7,72.9,73.2,73.5,73.9,74.2,74.7,75.4,76.2,77.3,79.5,82.4,84.0,84.6,84.6,84.3,82.9,81.1,78.6,75.2,70.9,67.3,66.9,67.0,67.0,66.9,67.2,67.5,67.8,68.2,68.6,69.3,70.2,71.1,72.9,76.0,77.8,78.4,78.4,77.6,76.4,74.4,71.1,66.8,62.6,60.0,59.9,59.8,59.7,59.8,60.1,60.5,61.0,61.7,62.2,62.9,63.8,64.8,66.8,70.6,72.6,73.6,73.8,73.0,71.7,69.2,65.6,61.6,58.0,56.4,56.6,57.0,57.6,57.9,58.0,58.4,59.1,59.6,60.2,61.4,62.4,63.7,65.7,69.4,71.5
85.1,82.8,79.9,76.6,73.1,72.3,72.4,72.5,72.8,73.1,73.4,73.7,73.9,74.5,75.3,76.1,77.2,79.3,82.2,83.8,84.3,84.6,84.0,82.8,80.9,78.3,74.8,70.5,67.1,66.7,66.7,66.5,66.6,67.0,67.3,67.4,67.8,68.4,69.0,69.9,70.9,72.6,75.8,77.6,78.3,78.2,77.4,76.2,73.9,70.6,66.4,62.3,59.6,59.4,59.4,59.4,59.6,60.0,60.5,60.9,61.4,61.9,62.6,63.7,64.8,66.9,70.6,72.6,73.6,73.7,72.9,71.3,68.7,65.3,61.3,57.7,56.3,56.6,57.1,57.6,57.7,58.0,58.4,58.8,59.5,60.4,61.3,62.4,63.8,66.0,69.5
86.4,84.9,82.5,79.7,76.4,72.9,72.1,72.2,72.4,72.7,72.9,73.2,73.4,73.7,74.3,75.1,76.0,77.1,79.1,82.0,83.6,84.2,84.3,83.9,82.6,80.6,78.0,74.4,70.2,66.8,66.4,66.2,66.1,66.4,66.8,66.9,67.0,67.6,68.1,68.7,69.6,70.6,72.3,75.5,77.5,78.1,78.0,77.2,75.8,73.3,70.2,66.1,61.9,59.1,59.1,59.1,59.2,59.5,60.0,60.4,60.8,61.1,61.6,62.5,63.7,64.9,66.8,70.6,72.6,73.6,73.7,72.6,71.0,68.4,65.0,60.9,57.7,56.3,56.7,57.0,57.4,57.6,58.0,58.1,58.7,59.6,60.3,61.4,62.5,64.0,66.1
87.3,86.1,84.6,82.3,79.5,76.1,72.7,72.0,72.1,72.3,72.6,72.7,72.9,73.2,73.5,74.1,75.0,75.9,76.9,78.9,81.8,83.6,84.0,84.2,83.7,82.3,80.3,77.7,74.1,69.9,66.4,65.9,65.8,65.9,66.2,66.4,66.5,66.7,67.3,67.8,68.5,69.4,70.4,72.0,75.3,77.3,77.9,77.9,76.8,75.2,73.0,69.9,65.7,61.4,58.8,58.8,59.0,59.1,59.4,59.9,60.1,60.4,60.8,61.5,62.5,63.8,64.9,66.9,70.6,72.6,73.6,73.5,72.3,70.7,68.2,64.7,60.9,57.6,56.4,56.7,56.9,57.4,57.6,57.7,58.0,58.9,59.5,60.4,61.5,62.7,64.2
87.2,87.0,85.9,84.4,82.1,79.3,75.9,72.5,71.9,72.0,72.2,72.3,72.4,72.6,73.0,73.3,74.0,74.9,75.8,76.7,78.6,81.7,83.3,84.0,84.0,83.3,81.9,80.0,77.4,73.7,69.4,65.9,65.5,65.6,65.7,65.8,66.0,66.2,66.4,67.0,67.6,68.3,69.2,70.1,71.7,75.1,77.1,77.7,77.5,76.3,74.9,72.7,69.4,65.1,61.0,58.5,58.7,58.8,59.0,59.4,59.7,59.8,60.1,60.8,61.5,62.6,63.7,65.0,66.9,70.6,72.6,73.4,73.2,72.1,70.4,67.9,64.6,60.8,57.6,56.4,56.5,56.9,57.4,57.3,57.5,58.2,58.9,59.7,60.5,61.7,62.9
86.6,87.0,86.8,85.7,84.2,82.0,79.1,75.7,72.4,71.8,71.8,71.9,72.0,72.1,72.4,72.8,73.2,73.9,74.8,75.6,76.5,78.5,81.5,83.2,83.8,83.7,83.0,81.6,79.7,77.0,73.2,69.0,65.5,65.3,65.5,65.3,65.4,65.7,65.9,66.2,66.7,67.3,68.1,68.9,69.8,71.5,74.9,76.9,77.3,77.0,76.0,74.6,72.2,68.9,64.8,60.8,58.4,58.5,58.7,59.0,59.2,59.3,59.6,60.1,60.8,61.7,62.6,63.8,65.0,66.9,70.7,72.4,73.1,73.0,71.9,70.1,67.8,64.5,60.7,57.5,56.3,56.5,56.9,57.0,57.1,57.7,58.1,59.0,59.8,60.7,61.9
85.9,86.4,86.8,86.5,85.5,84.1,81.8,78.9,75.5,72.2,71.7,71.6,71.6,71.7,71.9,72.2,72.6,73.1,73.7,74.5,75.4,76.4,78.2,81.4,83.0,83.5,83.3,82.6,81.3,79.3,76.5,72.7,68.6,65.4,65.1,65.0,64.9,65.2,65.4,65.6,66.0,66.5,67.1,67.7,68.5,69.5,71.3,74.7,76.5,76.8,76.7,75.7,74.1,71.7,68.7,64.6,60.6,58.2,58.4,58.7,58.8,58.9,59.1,59.5,60.1,60.9,61.5,62.7,63.8,65.0,66.9,70.5,72.2,72.9,72.7,71.5,70.0,67.6,64.3,60.5,57.3,56.2,56.5,56.5,56.9,57.3,57.7,58.3,59.2,60.0,60.9
84.6,85.6,86.3,86.7,86.3,85.4,83.9,81.6,78.7,75.3,72.1,71.5,71.3,71.4,71.5,71.7,72.1,72.5,72.9,73.6,74.3,75.2,76.1,78.0,81.2,82.8,83.2,83.0,82.3,80.9,78.8,76.1,72.4,68.4,65.1,64.6,64.7,64.7,64.9,65.1,65.4,65.8,66.3,66.7,67.4,68.2,69.3,71.1,74.3,76.0,76.6,76.4,75.2,73.7,71.5,68.4,64.4,60.4,58.1,58.3,58.4,58.5,58.7,59.1,59.6,60.2,60.8,61.7,62.7,63.8,65.0,66.6,70.2,72.0,72.7,72.3,71.4,69.9,67.4,64.0,60.3,57.3,56.3,56.2,56.3,57.0,57.2,57.9,58.5,59.4,60.2
82.0,84.4,85.5,86.1,86.5,86.1,85.2,83.6,81.5,78.5,75.2,71.9,71.1,71.1,71.1,71.3,71.6,71.9,72.3,72.8,73.4,74.1,74.9,75.9,77.6,81.0,82.4,82.8,82.6,81.9,80.5,78.4,75.8,72.1,68.1,64.6,64.3,64.4,64.4,64.7,64.9,65.1,65.5,65.9,66.4,67.1,68.1,69.1,70.6,73.8,75.9,76.3,75.9,74.9,73.4,71.2,68.2,64.1,60.2,58.1,58.0,58.0,58.3,58.6,59.1,59.7,60.1,61.0,61.7,62.7,63.8,64.7,66.5,70.1,71.9,72.3,72.2,71.3,69.7,67.0,63.8,60.3,57.2,55.9,56.0,56.5,56.9,57.5,58.1,58.7,59.6
79.6,81.8,84.3,85.4,86.0,86.3,85.9,84.9,83.5,81.2,78.4,74.9,71.6,70.9,70.8,70.9,71.2,71.4,71.7,72.1,72.6,73.1,73.8,74.7,75.6,77.4,80.6,82.1,82.5,82.2,81.5,80.1,78.1,75.6,71.8,67.6,64.3,64.1,64.1,64.2,64.5,64.7,64.8,65.1,65.5,66.1,67.0,67.9,68.7,70.2,73.7,75.6,75.9,75.6,74.5,73.1,71.0,68.0,64.0,60.1,57.8,57.7,57.9,58.3,58.7,59.3,59.7,60.3,61.0,61.7,62.8,63.6,64.6,66.4,69.8,71.6,72.2,72.1,71.1,69.4,66.9,63.8,60.0,56.9,55.8,56.1,56.4,57.1,57.7,58.4,58.9
78.4,79.4,81.6,84.2,85.3,85.8,86.2,85.7,84.8,83.2,81.1,78.2,74.6,71.3,70.6,70.7,70.8,71.0,71.2,71.5,71.9,72.4,72.8,73.6,74.3,75.3,76.9,80.2,81.7,82.0,81.8,81.2,79.8,78.0,75.3,71.3,67.2,64.0,63.8,63.9,63.9,64.2,64.4,64.4,64.8,65.2,66.0,66.9,67.5,68.3,69.9,73.4,75.2,75.6,75.2,74.3,72.9,70.8,67.8,63.8,59.8,57.5,57.6,57.9,58.4,58.8,59.2,59.8,60.3,61.0,61.8,62.5,63.5,64.4,66.2,69.6,71.5,72.2,71.9,70.7,69.2,66.9,63.6,59.8,56.7,55.9,56.1,56.7,57.3,57.9,58.5
77.5,78.1,79.2,81.5,84.1,85.0,85.6,86.0,85.6,84.5,83.2,80.9,78.0,74.4,71.0,70.4,70.6,70.6,70.8,71.0,71.4,71.7,72.0,72.6,73.2,74.0,74.8,76.6,79.8,81.3,81.6,81.5,80.9,79.6,77.6,74.8,70.9,66.9,63.7,63.6,63.6,63.7,64.0,63.9,64.1,64.5,65.1,65.8,66.4,67.0,68.0,69.6,73.0,74.9,75.2,74.9,74.1,72.8,70.5,67.5,63.5,59.5,57.4,57.5,58.0,58.5,58.9,59.4,59.9,60.3,61.0,61.5,62.3,63.3,64.2,66.0,69.5,71.4,72.1,71.7,70.7,69.2,66.7,63.4,59.7,56.8,55.9,56.4,56.9,57.5,58.0
76.8,77.3,77.9,79.0,81.4,83.8,84.8,85.5,85.9,85.4,84.5,82.9,80.7,77.8,74.1,70.7,70.3,70.3,70.4,70.6,70.8,71.1,71.4,71.8,72.2,72.8,73.6,74.5,76.3,79.4,80.9,81.3,81.2,80.6,79.3,77.2,74.5,70.6,66.6,63.5,63.3,63.4,63.5,63.5,63.6,63.9,64.4,64.9,65.3,65.9,66.8,67.7,69.2,72.7,74.5,74.9,74.8,74.0,72.6,70.3,67.2,63.1,59.3,57.4,57.6,58.0,58.5,59.0,59.5,59.9,60.2,60.7,61.3,62.2,63.0,64.1,66.0,69.5,71.3,71.9,71.7,70.7,68.9,66.5,63.3,59.7,56.8,56.2,56.5,57.1,57.6
76.1,76.5,77.0,77.7,79.0,81.1,83.5,84.8,85.4,85.7,85.2,84.2,82.7,80.6,77.7,74.0,70.6,70.1,70.1,70.2,70.4,70.6,70.8,71.0,71.3,71.8,72.4,73.3,74.3,75.9,79.1,80.6,81.0,81.0,80.3,78.9,77.0,74.2,70.2,66.2,63.2,63.1,63.2,63.0,63.2,63.3,63.7,64.1,64.5,64.8,65.7,66.5,67.3,68.8,72.3,74.2,74.8,74.7,73.7,72.3,70.0,66.9,63.0,59.3,57.4,57.7,58.1,58.6,59.1,59.4,59.8,59.9,60.5,61.1,62.0,62.8,64.1,65.9,69.4,71.2,71.9,71.7,70.5,68.8,66.4,63.3,59.6,57.0,56.3,56.7,57.2
75.6,75.8,76.3,76.8,77.6,78.8,80.9,83.4,84.6,85.3,85.5,85.1,84.1,82.6,80.5,77.6,73.8,70.4,69.9,69.9,70.1,70.2,70.2,70.4,70.6,70.9,71.4,72.1,73.1,74.0,75.5,78.7,80.4,80.8,80.6,80.0,78.6,76.7,73.7,69.8,65.9,62.9,62.8,62.8,62.7,62.9,63.2,63.5,63.7,64.0,64.6,65.4,66.1,66.9,68.5,72.0,74.1,74.7,74.5,73.5,72.0,69.7,66.7,62.9,59.3,57.4,57.7,58.1,58.8,59.0,59.4,59.5,59.8,60.3,60.9,61.8,62.9,64.1,65.9,69.3,71.2,71.9,71.5,70.4,68.7,66.4,63.2,59.9,57.2,56.6,56.8
