day 0,day 1,day 2,day 3,day 4,day 5,day 6,day 7,day 8,day 9,day 10,day 11,day 12,day 13,day 14,day 15,day 16,day 17,day 18,day 19,day 20,day 21,day 22,day 23,day 24,day 25,day 26,day 27,day 28,day 29,day 30,day 31,day 32,day 33,day 34,day 35,day 36,day 37,day 38,day 39,day 40,day 41,day 42,day 43,day 44,day 45,day 46,day 47,day 48,day 49,day 50,day 51,day 52,day 53,day 54,day 55,day 56,day 57,day 58,day 59,day 60,day 61,day 62,day 63,day 64,day 65,day 66,day 67,day 68,day 69,day 70,day 71,day 72,day 73,day 74,day 75,day 76,day 77,day 78,day 79,day 80,day 81,day 82,day 83,day 84,day 85,day 86,day 87,day 88,day 89,day 90,day 91,day 92,day 93
50.0,51.2,52.7,54.4,56.3,58.4,61.6,63.6,64.5,64.6,64.4,63.4,62.3,60.7,58.7,56.4,53.3,49.8,47.7,48.3,48.9,49.6,50.7,51.9,53.2,54.9,56.5,58.9,61.5,64.7,69.0,71.4,72.8,73.3,73.3,72.8,71.8,70.1,67.9,64.9,61.5,57.8,54.4,54.0,55.2,56.6,58.1,59.6,61.0,62.9,65.0,67.5,70.2,74.2,78.3,79.9,80.7,80.7,79.7,78.4,76.5,74.2,71.4,68.7,65.6,62.4,59.0,57.2,58.4,60.0,61.5,63.4,65.3,67.3,69.7,72.2,75.2,80.0,83.6,85.7,86.8,86.9,86.6,85.5,83.7,81.7,79.1,76.4,73.5,70.3,66.7,65.1,66.3,67.9
49.1,50.2,51.3,52.9,54.5,56.4,58.4,61.8,63.8,64.7,64.9,64.4,63.7,62.6,61.0,58.9,56.6,53.4,49.9,47.6,48.4,48.9,49.9,50.9,52.3,53.5,55.2,57.0,59.3,61.8,65.0,69.7,71.9,73.4,74.0,74.1,73.4,72.1,70.4,68.1,65.2,61.8,58.0,54.7,54.3,55.6,56.9,58.3,59.8,61.3,63.2,65.4,67.6,70.4,74.4,78.3,79.9,80.7,80.6,79.7,78.3,76.3,74.2,71.4,68.7,65.9,62.7,59.2,57.5,58.8,60.4,62.1,63.9,65.7,67.8,70.1,72.7,75.7,80.5,84.1,86.1,86.9,87.3,86.9,85.7,83.8,81.9,79.4,76.8,73.8,70.8,67.2,65.4,66.6
48.3,49.4,50.3,51.5,53.0,54.7,56.4,58.5,62.0,63.9,65.0,65.0,64.8,64.1,63.0,61.2,59.2,56.6,53.5,49.9,47.7,48.3,49.2,50.1,51.3,52.6,53.8,55.7,57.5,59.6,62.1,65.7,70.2,72.5,74.1,74.8,74.7,73.8,72.5,70.6,68.4,65.3,62.0,58.4,55.0,54.7,56.0,57.2,58.4,60.0,61.6,63.7,65.5,67.8,70.6,74.4,78.4,80.0,80.6,80.5,79.5,78.0,76.2,74.1,71.5,69.1,66.2,62.9,59.5,57.9,59.2,61.0,62.5,64.3,66.1,68.2,70.5,73.2,76.2,81.1,84.5,86.2,87.3,87.5,87.1,85.9,84.0,82.2,79.9,77.2,74.3,71.2,67.5,65.8
47.6,48.6,49.4,50.5,51.7,53.1,54.7,56.5,58.7,62.1,64.2,65.0,65.4,65.2,64.5,63.1,61.4,59.3,56.7,53.6,50.2,47.7,48.6,49.3,50.4,51.6,52.8,54.2,56.1,57.8,59.9,62.7,66.1,70.7,73.2,74.9,75.4,75.1,74.1,72.7,70.8,68.5,65.5,62.4,58.8,55.4,54.9,56.1,57.3,58.7,60.3,62.0,63.9,65.8,67.9,70.7,74.5,78.5,79.9,80.6,80.3,79.2,78.0,76.2,74.2,71.8,69.4,66.4,63.2,59.9,58.3,59.8,61.4,63.0,64.6,66.5,68.7,71.0,73.6,76.7,81.5,84.7,86.5,87.5,87.8,87.2,86.1,84.4,82.7,80.3,77.7,74.8,71.5,67.8
47.0,47.8,48.7,49.7,50.7,51.9,53.1,54.8,56.6,58.8,62.4,64.3,65.3,65.7,65.5,64.6,63.4,61.6,59.3,56.7,53.8,50.3,48.1,48.7,49.6,50.7,51.8,53.1,54.6,56.3,58.0,60.5,63.2,66.6,71.5,74.1,75.5,75.8,75.4,74.4,72.9,70.9,68.7,66.0,62.9,59.3,55.8,55.1,56.2,57.6,58.9,60.7,62.1,64.1,65.9,68.0,70.8,74.5,78.4,79.9,80.3,80.0,79.2,78.0,76.3,74.5,72.1,69.6,66.7,63.6,60.4,58.9,60.2,61.8,63.3,65.0,67.0,69.1,71.4,74.2,77.1,81.7,85.1,86.8,87.8,88.0,87.5,86.5,84.9,83.2,80.8,78.2,75.2,72.0
46.6,47.3,47.9,48.8,49.9,50.8,51.8,53.2,54.9,56.7,59.1,62.4,64.6,65.7,66.1,65.6,64.9,63.6,61.6,59.4,56.9,54.0,50.8,48.2,48.9,49.8,50.9,52.3,53.5,54.8,56.4,58.5,60.9,63.6,67.4,72.3,74.6,75.9,76.1,75.7,74.6,73.0,71.2,69.0,66.5,63.4,59.7,56.0,55.1,56.4,57.8,59.4,60.9,62.4,64.2,66.0,68.1,70.7,74.5,78.3,79.6,80.0,79.8,79.2,78.0,76.7,74.8,72.3,69.9,67.1,64.1,60.8,59.3,60.6,62.2,63.7,65.5,67.4,69.4,71.9,74.6,77.3,82.2,85.3,87.0,88.0,88.3,87.9,87.1,85.4,83.7,81.3,78.6,75.6
46.1,46.9,47.3,48.0,49.0,49.9,50.8,51.9,53.3,55.0,57.0,59.0,62.7,65.0,66.0,66.2,65.9,65.1,63.6,61.7,59.6,57.2,54.4,51.1,48.5,49.2,50.1,51.3,52.6,53.7,54.9,56.8,58.9,61.4,64.3,68.1,72.9,75.0,76.2,76.4,75.9,74.7,73.3,71.5,69.5,67.0,63.7,59.9,56.1,55.4,56.6,58.2,59.5,61.1,62.5,64.2,66.1,68.0,70.7,74.6,78.0,79.2,79.8,79.8,79.3,78.4,77.0,75.1,72.7,70.4,67.6,64.6,61.2,59.8,61.0,62.5,64.2,65.9,67.8,69.9,72.3,74.8,77.7,82.5,85.5,87.3,88.3,88.8,88.4,87.5,85.9,84.2,81.7,79.1
46.7,46.4,46.9,47.5,48.3,49.1,49.9,50.9,52.1,53.4,55.3,57.0,59.3,63.1,65.3,66.1,66.4,66.1,65.1,63.6,61.9,59.9,57.6,54.8,51.5,48.8,49.4,50.5,51.7,52.9,53.8,55.3,57.3,59.4,62.0,65.0,68.6,73.3,75.3,76.4,76.6,76.0,75.0,73.6,72.1,70.0,67.2,63.9,60.1,56.4,55.6,56.9,58.4,59.8,61.3,62.6,64.3,66.0,68.0,70.7,74.4,77.6,79.1,79.8,79.9,79.7,78.8,77.3,75.4,73.2,70.8,68.1,65.0,61.7,60.1,61.3,62.9,64.6,66.3,68.2,70.4,72.6,75.2,78.0,82.7,85.8,87.7,88.9,89.4,88.9,88.0,86.5,84.6,82.2
49.9,47.0,46.3,47.0,47.8,48.4,49.1,50.0,51.0,52.1,53.8,55.3,57.2,59.6,63.5,65.4,66.4,66.6,66.1,65.1,63.8,62.3,60.4,58.1,55.3,52.0,49.1,49.7,50.8,51.8,52.8,54.1,55.7,57.8,60.0,62.6,65.5,69.1,73.5,75.6,76.6,76.7,76.3,75.5,74.3,72.6,70.3,67.4,64.2,60.3,56.7,55.8,57.2,58.6,59.9,61.3,62.7,64.2,66.0,68.1,70.6,74.1,77.5,79.0,79.9,80.4,79.9,79.1,77.6,76.0,73.8,71.3,68.5,65.5,62.0,60.4,61.8,63.3,64.8,66.7,68.7,70.7,73.0,75.5,78.2,83.0,86.2,88.3,89.5,89.9,89.3,88.5,87.0,85.1
53.3,50.3,47.1,46.5,47.2,47.8,48.4,49.2,50.1,51.0,52.5,53.8,55.5,57.5,59.9,63.6,65.7,66.6,66.6,66.1,65.2,64.2,62.8,60.8,58.6,55.7,52.4,49.4,50.0,51.0,51.8,53.1,54.5,56.2,58.4,60.6,63.1,65.9,69.5,73.9,75.8,76.8,77.1,76.8,76.1,74.8,72.8,70.5,67.7,64.4,60.6,57.0,56.1,57.4,58.7,59.9,61.3,62.6,64.2,66.1,68.1,70.4,74.1,77.5,79.1,80.4,80.6,80.2,79.4,78.1,76.5,74.3,71.7,69.0,65.8,62.3,60.8,62.2,63.6,65.3,67.1,69.0,71.1,73.2,75.7,78.5,83.4,86.9,88.8,90.0,90.4,89.9,89.0,87.5
56.0,53.6,50.4,47.3,46.7,47.2,47.8,48.5,49.3,50.0,51.5,52.5,54.0,55.8,57.9,60.1,63.9,65.9,66.6,66.6,66.3,65.6,64.6,63.3,61.4,59.1,56.2,52.8,49.8,50.2,51.0,52.1,53.5,55.0,56.8,58.8,61.0,63.5,66.2,69.8,74.1,76.0,77.2,77.6,77.4,76.6,75.0,73.0,70.8,67.9,64.7,60.8,57.3,56.3,57.5,58.8,59.9,61.2,62.6,64.2,66.0,67.8,70.4,74.1,77.7,79.6,80.6,80.9,80.6,80.0,78.7,77.0,74.7,72.1,69.3,66.1,62.9,61.2,62.5,64.0,65.8,67.4,69.4,71.3,73.4,75.9,78.8,84.1,87.4,89.4,90.5,90.9,90.3,89.5
58.4,56.3,53.8,50.7,47.6,46.7,47.2,47.9,48.6,49.2,50.5,51.5,52.7,54.2,56.2,58.0,60.3,64.1,65.8,66.5,66.9,66.7,66.1,65.3,63.9,61.9,59.5,56.6,53.2,50.1,50.1,51.2,52.5,54.0,55.5,57.2,59.2,61.3,63.8,66.6,70.1,74.3,76.4,77.6,78.3,78.0,76.9,75.2,73.3,71.1,68.1,64.8,61.1,57.6,56.4,57.6,58.9,59.8,61.2,62.6,64.2,65.9,67.9,70.5,74.3,78.1,79.8,80.9,81.3,81.2,80.5,79.1,77.4,75.1,72.5,69.7,66.7,63.3,61.5,62.9,64.5,66.1,67.8,69.6,71.4,73.6,76.2,79.4,84.6,88.0,89.9,91.1,91.5,90.9
60.3,58.6,56.5,54.0,50.9,47.8,46.6,47.4,47.9,48.5,49.5,50.6,51.7,53.0,54.6,56.2,58.2,60.5,64.1,65.8,66.8,67.2,67.2,66.7,65.8,64.4,62.4,60.0,57.0,53.4,50.1,50.3,51.6,53.0,54.5,55.9,57.6,59.6,61.7,64.1,66.9,70.4,74.8,76.9,78.3,78.9,78.2,77.1,75.5,73.6,71.2,68.2,65.0,61.3,57.7,56.4,57.7,58.7,59.8,61.2,62.7,64.1,66.0,68.0,70.6,74.7,78.3,80.2,81.3,81.8,81.9,80.9,79.6,77.8,75.6,72.9,70.2,67.1,63.6,62.0,63.3,64.8,66.4,68.0,69.7,71.6,73.8,76.7,79.9,85.2,88.5,90.4,91.6,92.0
61.8,60.5,58.9,56.6,54.2,51.1,47.8,46.8,47.4,47.9,48.9,49.6,50.8,51.9,53.4,54.7,56.3,58.3,60.4,64.1,66.0,67.1,67.7,67.8,67.3,66.3,64.9,62.9,60.4,57.3,53.6,50.3,50.8,52.1,53.5,54.8,56.4,57.9,59.9,62.0,64.4,67.2,70.7,75.2,77.6,78.9,79.1,78.4,77.4,75.8,73.7,71.3,68.3,65.1,61.5,57.8,56.5,57.5,58.7,59.9,61.2,62.5,64.2,66.1,68.1,71.0,74.9,78.6,80.6,81.8,82.4,82.3,81.4,80.0,78.2,76.0,73.5,70.6,67.5,64.1,62.3,63.7,65.2,66.6,68.1,70.0,71.9,74.3,77.2,80.4,85.8,89.1,91.0,92.1
63.1,62.0,60.8,59.0,56.8,54.4,51.2,48.0,46.7,47.3,48.2,49.0,49.8,51.0,52.3,53.6,54.8,56.4,58.2,60.5,64.4,66.4,67.6,68.5,68.5,67.9,66.8,65.4,63.3,60.7,57.7,54.0,50.8,51.2,52.6,53.7,55.2,56.7,58.2,60.3,62.3,64.8,67.4,71.2,76.0,78.2,79.1,79.3,78.8,77.7,76.0,73.8,71.4,68.4,65.4,61.7,58.0,56.3,57.5,58.8,59.9,61.2,62.7,64.3,66.2,68.4,71.1,75.3,79.0,81.0,82.4,82.9,82.8,81.8,80.4,78.6,76.6,73.9,71.1,67.9,64.4,62.8,64.2,65.3,66.8,68.4,70.2,72.2,74.7,77.6,80.9,86.2,89.7,91.5
63.7,63.3,62.2,60.9,59.1,56.9,54.4,51.4,48.0,46.5,47.6,48.4,49.2,50.0,51.3,52.4,53.7,54.9,56.4,58.2,60.7,64.8,66.9,68.4,69.0,69.0,68.3,67.3,65.8,63.7,61.2,58.1,54.5,51.3,51.7,52.9,54.2,55.5,57.0,58.6,60.6,62.6,65.0,67.8,71.9,76.6,78.5,79.4,79.7,79.0,77.8,76.0,73.9,71.4,68.7,65.5,61.9,58.0,56.4,57.6,58.8,59.9,61.3,62.9,64.4,66.4,68.6,71.5,75.7,79.4,81.7,82.9,83.4,83.2,82.3,80.7,79.3,77.0,74.3,71.5,68.3,64.8,63.2,64.3,65.5,67.0,68.7,70.5,72.6,75.1,78.1,81.3,86.8,90.2
63.5,63.8,63.5,62.4,61.0,59.2,56.9,54.5,51.5,48.0,46.9,47.9,48.5,49.4,50.4,51.5,52.4,53.7,54.8,56.4,58.4,61.1,65.3,67.6,69.0,69.6,69.5,68.9,67.7,66.2,64.3,61.6,58.6,55.1,51.8,51.9,53.3,54.5,55.9,57.3,58.9,60.9,62.8,65.3,68.4,72.5,76.8,78.8,79.7,79.9,79.2,77.9,76.2,74.0,71.6,68.8,65.7,61.8,58.0,56.4,57.6,58.9,60.1,61.5,63.0,64.6,66.6,69.0,71.9,76.2,80.1,82.1,83.3,83.9,83.7,82.7,81.3,79.7,77.4,74.8,71.8,68.6,65.1,63.4,64.5,65.6,67.2,68.9,70.9,73.0,75.6,78.5,81.8,87.2
62.9,63.7,64.1,63.6,62.5,61.1,59.2,57.1,54.7,51.5,48.4,47.1,48.0,48.7,49.8,50.5,51.4,52.4,53.6,54.7,56.5,58.7,61.5,65.9,68.2,69.5,70.1,70.0,69.3,68.1,66.8,64.7,62.1,59.1,55.5,52.1,52.4,53.6,54.9,56.2,57.6,59.2,61.2,63.1,65.8,69.0,72.7,77.2,79.1,79.9,80.1,79.3,78.0,76.2,74.2,71.7,69.0,65.7,61.9,58.1,56.5,57.6,59.0,60.3,61.6,63.1,64.7,66.9,69.4,72.4,76.8,80.5,82.6,83.9,84.3,84.2,83.4,81.7,80.2,77.9,75.0,72.0,68.9,65.3,63.5,64.6,65.8,67.5,69.3,71.2,73.4,75.9,78.9,82.1
61.0,63.1,64.0,64.2,63.7,62.5,61.1,59.4,57.3,54.8,51.8,48.7,47.2,48.1,49.1,49.9,50.4,51.4,52.2,53.5,54.9,56.8,59.1,62.1,66.6,68.7,70.1,70.6,70.4,69.7,68.8,67.4,65.2,62.7,59.6,56.0,52.6,52.7,54.0,55.1,56.5,58.0,59.5,61.4,63.7,66.3,69.1,73.0,77.5,79.3,80.1,80.2,79.4,78.1,76.4,74.3,71.9,69.0,65.7,61.9,58.2,56.6,57.8,59.2,60.3,61.8,63.2,65.0,67.3,69.8,72.9,77.3,81.0,83.1,84.3,84.9,84.8,83.8,82.3,80.6,78.1,75.3,72.3,69.1,65.5,63.7,64.7,66.1,67.8,69.8,71.6,73.6,76.3,79.3
57.8,61.2,63.3,64.2,64.2,63.7,62.6,61.3,59.5,57.5,55.2,52.2,48.9,47.4,48.5,49.2,49.7,50.4,51.2,52.2,53.7,55.2,57.1,59.6,62.6,67.1,69.3,70.6,71.0,70.8,70.4,69.3,67.9,65.8,63.3,60.2,56.5,52.9,53.0,54.2,55.4,56.8,58.3,59.7,62.0,64.1,66.5,69.3,73.4,77.8,79.5,80.2,80.3,79.5,78.2,76.5,74.5,71.9,68.9,65.7,61.9,58.3,56.8,58.0,59.2,60.5,61.8,63.5,65.4,67.7,70.5,73.3,77.8,81.5,83.6,84.9,85.5,85.2,84.3,82.7,80.8,78.4,75.6,72.5,69.2,65.6,63.8,64.9,66.5,68.2,70.2,71.9,74.1,76.7
55.8,58.0,61.4,63.4,64.2,64.2,63.8,62.8,61.5,59.8,57.8,55.5,52.4,49.2,47.8,48.6,49.0,49.7,50.3,51.2,52.3,54.0,55.4,57.6,60.0,63.2,67.7,69.8,71.1,71.5,71.5,70.9,69.8,68.5,66.5,63.9,60.6,56.8,53.3,53.2,54.5,55.7,57.0,58.5,60.2,62.4,64.2,66.7,69.6,73.7,78.0,79.5,80.3,80.4,79.5,78.3,76.7,74.6,71.8,68.8,65.5,61.9,58.5,57.0,58.1,59.3,60.5,62.1,63.9,65.8,68.3,70.8,73.9,78.3,82.0,84.2,85.5,86.0,85.7,84.7,82.8,81.1,78.6,75.7,72.6,69.4,65.8,64.0,65.3,66.8,68.6,70.4,72.3,74.5
54.0,56.0,58.3,61.5,63.5,64.2,64.4,64.0,62.9,61.7,60.0,58.1,55.8,52.8,49.7,47.8,48.4,49.0,49.5,50.3,51.4,52.7,54.2,55.8,57.9,60.5,63.8,68.2,70.2,71.6,72.2,72.0,71.4,70.5,69.2,67.1,64.3,61.0,57.2,53.7,53.6,54.8,55.9,57.3,59.0,60.7,62.5,64.5,66.9,69.9,74.0,78.0,79.7,80.4,80.4,79.6,78.5,76.7,74.6,71.7,68.7,65.5,62.0,58.7,57.1,58.2,59.3,60.7,62.5,64.3,66.4,68.7,71.3,74.3,78.8,82.6,84.8,86.0,86.5,86.1,84.8,83.1,81.4,78.8,75.9,72.8,69.7,66.0,64.4,65.6,67.3,68.9,70.8,72.6
52.6,54.2,56.2,58.3,61.6,63.5,64.3,64.5,64.1,63.2,61.9,60.3,58.4,56.1,53.1,49.8,47.7,48.4,48.8,49.6,50.5,51.7,52.9,54.6,56.2,58.3,61.0,64.3,68.6,70.7,72.2,72.7,72.6,72.1,71.2,69.7,67.4,64.7,61.3,57.5,54.1,53.8,55.0,56.1,57.7,59.4,60.9,62.7,64.7,67.2,70.2,74.0,78.1,79.9,80.5,80.6,79.7,78.5,76.7,74.4,71.5,68.6,65.5,62.2,58.9,57.2,58.2,59.6,61.1,62.9,64.8,66.8,69.2,71.8,74.8,79.4,83.2,85.2,86.4,86.8,86.2,85.2,83.4,81.6,79.0,76.0,73.1,70.0,66.4,64.7,66.1,67.5,69.3,71.1
51.2,52.7,54.4,56.3,58.4,61.6,63.6,64.5,64.6,64.4,63.4,62.3,60.7,58.7,56.4,53.3,49.8,47.7,48.3,48.9,49.6,50.7,51.9,53.2,54.9,56.5,58.9,61.5,64.7,69.0,71.4,72.8,73.3,73.3,72.8,71.8,70.1,67.9,64.9,61.5,57.8,54.4,54.0,55.2,56.6,58.1,59.6,61.0,62.9,65.0,67.5,70.2,74.2,78.3,79.9,80.7,80.7,79.7,78.4,76.5,74.2,71.4,68.7,65.6,62.4,59.0,57.2,58.4,60.0,61.5,63.4,65.3,67.3,69.7,72.2,75.2,80.0,83.6,85.7,86.8,86.9,86.6,85.5,83.7,81.7,79.1,76.4,73.5,70.3,66.7,65.1,66.3,67.9,69.6
50.2,51.3,52.9,54.5,56.4,58.4,61.8,63.8,64.7,64.9,64.4,63.7,62.6,61.0,58.9,56.6,53.4,49.9,47.6,48.4,48.9,49.9,50.9,52.3,53.5,55.2,57.0,59.3,61.8,65.0,69.7,71.9,73.4,74.0,74.1,73.4,72.1,70.4,68.1,65.2,61.8,58.0,54.7,54.3,55.6,56.9,58.3,59.8,61.3,63.2,65.4,67.6,70.4,74.4,78.3,79.9,80.7,80.6,79.7,78.3,76.3,74.2,71.4,68.7,65.9,62.7,59.2,57.5,58.8,60.4,62.1,63.9,65.7,67.8,70.1,72.7,75.7,80.5,84.1,86.1,86.9,87.3,86.9,85.7,83.8,81.9,79.4,76.8,73.8,70.8,67.2,65.4,66.6,68.1
