day 0,day 1,day 2,day 3,day 4,day 5,day 6,day 7,day 8,day 9,day 10,day 11,day 12,day 13,day 14,day 15,day 16,day 17,day 18,day 19,day 20,day 21,day 22,day 23,day 24,day 25,day 26,day 27,day 28,day 29,day 30,day 31,day 32,day 33,day 34,day 35,day 36,day 37,day 38,day 39,day 40,day 41,day 42,day 43,day 44,day 45,day 46,day 47,day 48,day 49,day 50,day 51,day 52,day 53,day 54,day 55,day 56,day 57,day 58,day 59,day 60,day 61,day 62,day 63,day 64,day 65,day 66,day 67,day 68,day 69,day 70,day 71,day 72,day 73,day 74,day 75,day 76,day 77,day 78,day 79,day 80,day 81,day 82,day 83,day 84,day 85,day 86,day 87,day 88,day 89,day 90,day 91,day 92,day 93
55.2,56.6,58.1,60.0,62.1,65.8,69.9,71.6,72.6,72.5,71.7,70.7,69.0,66.9,64.3,60.6,57.0,53.9,53.7,54.3,55.0,55.7,56.6,57.6,58.6,59.6,61.0,62.9,65.6,70.4,74.7,76.5,77.2,77.4,76.8,76.1,75.1,73.4,70.9,67.5,63.5,59.8,58.0,58.6,59.6,60.5,61.7,62.8,64.1,65.3,66.9,68.7,71.3,75.9,79.4,81.0,81.7,82.2,82.0,81.5,80.1,78.5,75.9,73.1,69.6,66.2,64.0,64.8,65.7,66.8,67.7,69.3,70.7,72.0,73.3,74.7,77.3,81.2,84.3,86.3,87.3,87.6,87.3,86.8,85.7,84.3,81.8,79.0,75.4,72.0,69.6,70.0,70.7,71.6
54.5,55.4,56.6,58.2,60.2,62.4,66.2,70.3,72.0,72.6,72.6,71.9,70.7,69.3,67.3,64.7,60.9,57.3,54.2,53.9,54.2,54.8,55.6,56.7,57.7,58.6,59.7,61.2,63.1,66.0,70.8,74.8,76.7,77.4,77.5,77.5,76.6,75.6,73.9,71.2,67.9,63.8,60.1,58.2,58.9,59.8,60.7,61.9,63.0,64.4,65.7,67.1,68.8,71.3,75.9,79.4,81.2,82.1,82.6,82.2,81.7,80.2,78.6,76.2,73.6,70.0,66.7,64.5,65.3,66.1,67.1,68.2,69.7,70.9,72.1,73.3,74.9,77.4,81.5,84.5,86.3,87.5,87.5,87.3,86.9,85.9,84.3,81.8,79.0,75.7,72.2,69.9,70.2,70.9
53.5,54.7,55.5,56.8,58.5,60.4,62.8,66.6,70.7,72.1,72.8,72.7,71.8,71.0,69.7,67.8,65.0,61.2,57.7,54.5,53.7,54.0,54.7,55.7,56.8,57.7,58.6,59.8,61.4,63.5,66.5,71.0,75.0,76.8,77.5,78.1,77.9,77.0,76.0,74.2,71.7,68.2,64.0,60.3,58.5,59.0,60.0,60.9,62.1,63.4,64.7,65.8,67.1,68.9,71.3,76.0,79.8,81.6,82.4,82.8,82.4,81.8,80.3,79.0,76.6,74.0,70.5,67.1,65.0,65.7,66.5,67.7,68.7,69.9,71.1,72.2,73.5,75.0,77.5,81.7,84.5,86.5,87.5,87.5,87.3,87.2,85.9,84.4,81.9,79.4,76.0,72.4,70.0,70.3
52.6,53.6,54.7,55.7,57.0,58.7,60.7,63.0,67.0,70.8,72.2,72.8,72.7,72.2,71.4,70.3,68.1,65.3,61.7,57.9,54.3,53.5,54.0,54.8,55.8,56.7,57.7,58.8,60.0,61.7,64.0,66.7,71.2,75.1,77.0,78.1,78.5,78.3,77.4,76.3,74.6,71.9,68.4,64.2,60.7,58.6,59.3,60.2,61.1,62.5,63.7,64.8,65.9,67.1,68.9,71.4,76.4,80.1,81.8,82.6,83.0,82.5,82.0,80.7,79.4,76.9,74.4,70.9,67.7,65.4,66.1,67.1,68.0,68.9,70.1,71.1,72.4,73.7,75.2,77.7,81.7,84.7,86.4,87.4,87.6,87.6,87.2,86.1,84.5,82.3,79.8,76.3,72.6,70.2
51.6,52.8,53.6,55.0,55.9,57.2,58.9,61.0,63.4,67.0,71.0,72.3,72.8,73.0,72.7,71.9,70.5,68.3,65.8,61.8,57.8,54.2,53.5,54.1,54.9,55.8,56.8,58.0,59.0,60.5,62.2,64.2,66.9,71.4,75.3,77.6,78.5,78.8,78.6,77.8,76.8,74.8,72.0,68.7,64.6,60.9,58.9,59.4,60.4,61.4,62.8,63.7,64.9,65.9,67.2,69.0,71.7,76.8,80.4,82.0,82.9,83.1,82.6,82.3,81.1,79.8,77.4,74.9,71.5,68.1,65.8,66.6,67.5,68.3,69.2,70.3,71.3,72.7,74.0,75.5,77.8,81.9,84.7,86.4,87.6,87.9,87.7,87.3,86.3,84.9,82.7,80.0,76.4,72.8
50.9,51.7,52.8,53.9,55.2,56.2,57.6,59.2,61.3,63.3,67.1,71.1,72.3,73.2,73.5,73.2,72.2,70.7,68.8,65.8,61.8,57.8,54.3,53.6,54.3,54.9,55.9,57.1,58.2,59.5,61.0,62.5,64.4,67.1,71.5,75.9,77.9,78.8,79.1,79.1,78.2,76.9,75.0,72.3,69.1,64.8,61.1,59.0,59.7,60.7,61.8,62.9,63.8,64.9,65.9,67.2,69.3,72.1,77.0,80.6,82.2,83.0,83.2,82.9,82.6,81.5,80.2,77.9,75.5,71.9,68.5,66.3,67.0,67.8,68.6,69.3,70.5,71.6,72.9,74.2,75.6,78.0,82.0,84.8,86.6,88.0,88.0,87.8,87.5,86.7,85.3,82.9,80.1,76.6
50.3,51.0,51.8,53.1,54.1,55.5,56.5,57.8,59.5,61.3,63.5,67.2,71.1,72.8,73.6,74.1,73.5,72.4,71.2,68.8,65.9,61.8,57.8,54.5,53.8,54.3,55.0,56.2,57.3,58.7,59.9,61.2,62.7,64.7,67.1,72.0,76.3,78.2,79.1,79.6,79.4,78.3,77.1,75.2,72.6,69.3,65.0,61.4,59.2,60.0,61.0,61.8,63.0,63.9,64.9,66.0,67.5,69.7,72.5,77.3,80.7,82.3,83.1,83.5,83.3,82.9,82.0,80.8,78.5,75.9,72.4,69.0,66.7,67.3,68.0,68.7,69.6,70.7,71.8,73.2,74.4,75.8,78.1,82.0,84.9,86.9,88.0,88.2,88.1,87.9,87.0,85.4,83.0,80.3
49.9,50.4,51.1,52.0,53.3,54.4,55.8,56.8,58.3,59.6,61.4,63.6,67.3,71.5,73.2,74.2,74.4,73.8,72.8,71.1,68.8,65.9,61.9,58.1,54.7,53.8,54.4,55.3,56.3,57.8,59.1,60.1,61.4,62.9,64.7,67.6,72.4,76.6,78.5,79.6,79.9,79.5,78.6,77.4,75.6,72.8,69.5,65.3,61.6,59.6,60.3,61.1,62.0,63.0,63.9,65.0,66.3,67.9,70.1,72.7,77.4,80.9,82.3,83.3,83.8,83.6,83.5,82.6,81.4,79.0,76.4,72.8,69.4,67.1,67.6,68.1,69.0,69.9,71.1,72.2,73.3,74.4,75.8,78.1,82.2,85.3,87.0,88.3,88.6,88.5,88.3,87.2,85.5,83.2
52.8,50.0,50.4,51.3,52.3,53.6,54.8,56.0,57.2,58.4,59.8,61.5,63.7,67.6,72.0,73.8,74.5,74.6,74.2,72.8,71.1,68.8,66.0,62.1,58.3,54.9,53.9,54.7,55.4,56.8,58.2,59.4,60.4,61.6,63.0,65.1,68.1,72.6,76.9,79.0,79.9,80.1,79.7,78.8,77.7,75.7,73.0,69.8,65.6,62.0,59.8,60.4,61.3,62.1,63.0,64.0,65.3,66.7,68.3,70.4,73.0,77.6,81.0,82.6,83.7,84.1,84.1,83.9,83.1,81.8,79.4,76.8,73.3,69.7,67.4,67.7,68.4,69.3,70.3,71.4,72.2,73.4,74.4,75.9,78.3,82.6,85.3,87.3,88.8,88.9,88.8,88.3,87.3,85.8
56.6,53.1,50.1,50.7,51.6,52.5,53.9,55.1,56.4,57.4,58.7,59.9,61.5,63.9,68.0,72.4,74.0,74.8,74.9,74.1,72.7,71.1,68.9,66.2,62.3,58.6,55.1,54.2,54.9,55.9,57.2,58.4,59.6,60.6,61.6,63.5,65.5,68.3,73.0,77.5,79.4,80.1,80.2,79.9,79.0,77.9,76.0,73.4,70.0,65.8,62.3,60.0,60.6,61.3,62.1,63.1,64.3,65.7,67.2,68.6,70.6,73.2,77.8,81.3,82.8,83.9,84.6,84.7,84.4,83.5,82.3,79.8,77.1,73.5,70.0,67.5,67.9,68.7,69.6,70.6,71.6,72.3,73.4,74.5,76.1,78.7,82.6,85.5,87.8,89.1,89.1,88.8,88.4,87.6
60.6,56.9,53.2,50.4,51.0,51.8,52.8,54.2,55.5,56.6,57.6,58.8,60.0,61.5,64.1,68.4,72.7,74.4,75.1,74.8,74.0,72.7,71.0,68.9,66.4,62.7,58.8,55.4,54.3,55.4,56.3,57.4,58.6,59.7,60.7,62.0,63.9,65.8,68.7,73.5,77.7,79.5,80.3,80.5,80.1,79.1,78.1,76.2,73.6,70.3,66.1,62.5,60.2,60.6,61.3,62.2,63.4,64.7,66.1,67.5,68.9,70.9,73.4,78.1,81.5,83.1,84.4,85.2,85.3,84.8,84.0,82.6,80.1,77.3,73.6,70.1,67.8,68.2,69.1,70.0,70.8,71.6,72.3,73.5,74.7,76.3,78.6,82.8,86.1,88.2,89.3,89.2,89.0,88.6
63.7,60.9,57.0,53.6,50.7,51.2,52.1,53.2,54.6,55.6,56.8,57.7,58.9,60.1,61.7,64.5,68.6,73.0,74.6,75.0,74.8,74.0,72.7,70.9,69.1,66.8,63.1,59.2,55.5,54.8,55.8,56.5,57.7,58.7,59.8,61.2,62.5,64.2,66.1,69.0,73.8,77.9,79.8,80.6,80.7,80.2,79.4,78.3,76.5,73.9,70.6,66.3,62.7,60.2,60.6,61.5,62.6,63.8,65.1,66.4,67.8,69.1,71.1,73.7,78.4,81.8,83.6,85.1,85.7,85.8,85.3,84.4,82.9,80.2,77.3,73.7,70.3,68.1,68.6,69.4,70.2,70.8,71.6,72.3,73.7,74.9,76.3,78.8,83.3,86.5,88.3,89.2,89.4,89.1
66.2,64.1,61.0,57.4,53.9,51.0,51.5,52.4,53.5,54.8,55.8,56.9,57.9,59.0,60.3,62.0,64.7,68.9,73.2,74.5,74.9,74.7,74.0,72.5,71.1,69.6,67.2,63.4,59.4,56.1,55.2,56.0,56.8,57.8,58.7,60.3,61.6,62.8,64.5,66.5,69.3,73.9,78.1,80.1,80.7,80.7,80.5,79.7,78.6,76.7,74.1,70.7,66.4,62.7,60.2,60.8,61.9,63.0,64.2,65.4,66.7,68.1,69.3,71.4,74.1,78.7,82.4,84.3,85.5,86.3,86.3,85.6,84.6,83.0,80.3,77.4,74.0,70.6,68.5,68.9,69.6,70.2,70.9,71.6,72.5,73.9,74.9,76.4,79.2,83.7,86.6,88.2,89.3,89.6
68.3,66.6,64.1,61.3,57.6,54.2,51.3,51.9,52.7,53.8,54.9,55.9,57.0,57.9,59.1,60.6,62.2,64.9,69.1,73.1,74.5,74.8,74.8,73.8,72.6,71.5,70.0,67.6,63.8,60.0,56.6,55.4,56.2,56.9,57.7,59.2,60.8,61.9,63.1,64.9,66.8,69.5,74.2,78.5,80.3,80.8,81.0,80.7,79.9,78.8,76.8,74.2,70.7,66.4,62.8,60.4,61.2,62.3,63.4,64.5,65.7,66.9,68.2,69.7,71.8,74.4,79.3,82.9,84.7,85.9,86.6,86.5,85.8,84.6,83.0,80.4,77.7,74.3,71.0,68.8,69.0,69.6,70.3,70.9,71.7,72.6,73.8,75.0,76.8,79.5,83.7,86.5,88.3,89.4
69.6,68.6,66.6,64.4,61.6,58.0,54.6,51.7,52.2,53.0,54.0,55.0,56.0,57.0,58.2,59.4,60.8,62.4,65.1,69.1,73.0,74.5,74.9,74.5,73.9,73.1,71.9,70.3,67.8,64.2,60.5,56.8,55.7,56.3,56.8,58.3,59.7,61.0,62.3,63.5,65.2,67.0,69.7,74.5,78.7,80.3,81.0,81.3,80.9,80.2,78.8,76.9,74.1,70.6,66.6,63.0,60.8,61.7,62.7,63.7,64.7,65.9,67.1,68.5,70.1,72.1,74.9,79.8,83.3,84.9,86.4,86.8,86.5,85.8,84.6,83.2,80.7,77.9,74.5,71.2,68.9,69.1,69.7,70.3,71.1,72.0,72.6,73.9,75.3,77.0,79.6,83.8,86.6,88.4
70.4,69.8,68.6,66.8,64.7,62.0,58.4,55.0,52.1,52.5,53.2,54.1,55.1,56.1,57.3,58.5,59.5,61.0,62.6,65.0,69.0,73.1,74.5,74.6,74.7,74.4,73.4,72.4,70.7,68.2,64.7,60.7,57.2,55.8,56.2,57.3,58.7,60.0,61.4,62.6,63.8,65.4,67.1,70.0,74.8,78.7,80.5,81.3,81.5,81.2,80.3,78.9,76.8,74.0,70.7,66.8,63.4,61.3,62.1,63.0,63.9,64.9,66.1,67.4,68.9,70.4,72.6,75.5,80.2,83.4,85.4,86.5,86.7,86.5,85.8,84.9,83.4,80.8,78.1,74.7,71.4,69.0,69.1,69.7,70.4,71.3,72.0,72.7,74.1,75.5,77.2,79.8,84.0,86.6
70.7,70.8,69.8,68.8,67.1,65.1,62.4,58.7,55.3,52.4,52.7,53.2,54.2,55.2,56.4,57.5,58.6,59.7,61.1,62.5,64.9,69.1,73.1,74.2,74.8,75.2,74.8,74.0,72.7,71.1,68.6,65.0,61.0,57.3,55.7,56.8,57.8,59.0,60.3,61.6,63.0,64.0,65.5,67.5,70.2,74.8,78.9,80.8,81.4,81.7,81.2,80.4,78.8,76.7,74.1,71.0,67.2,63.8,61.7,62.4,63.2,64.1,65.0,66.4,67.8,69.2,70.9,73.1,75.9,80.4,83.8,85.5,86.4,86.6,86.6,86.1,85.1,83.6,81.0,78.3,74.8,71.5,69.0,69.1,69.8,70.6,71.3,72.1,72.9,74.3,75.7,77.4,80.0,84.0
70.1,71.0,70.7,70.0,69.1,67.5,65.5,62.7,59.0,55.6,52.7,52.8,53.4,54.2,55.4,56.7,57.7,58.7,59.8,61.0,62.4,64.8,69.0,72.8,74.4,75.2,75.6,75.3,74.3,73.1,71.4,68.8,65.2,61.1,57.4,56.3,57.2,58.2,59.3,60.6,62.1,63.2,64.1,65.9,67.7,70.2,75.1,79.2,81.0,81.7,81.7,81.2,80.3,78.6,76.8,74.3,71.3,67.6,64.2,62.0,62.6,63.4,64.3,65.4,66.8,68.1,69.7,71.5,73.4,76.1,80.7,84.0,85.3,86.4,86.8,86.8,86.3,85.2,83.7,81.2,78.4,74.9,71.5,69.0,69.2,69.9,70.6,71.4,72.3,73.2,74.5,75.9,77.6,80.2
68.7,70.3,70.9,71.0,70.3,69.5,67.9,65.8,62.9,59.3,55.9,52.9,53.0,53.4,54.4,55.6,56.8,57.8,58.8,59.7,60.9,62.4,64.8,68.9,72.9,74.9,75.6,76.1,75.6,74.8,73.5,71.7,69.0,65.3,61.3,58.0,56.7,57.6,58.4,59.6,61.0,62.2,63.3,64.4,66.0,67.7,70.4,75.3,79.4,81.2,81.8,81.8,81.0,80.2,78.8,77.1,74.7,71.8,68.0,64.6,62.3,62.8,63.6,64.7,65.7,67.1,68.5,70.2,71.8,73.6,76.6,81.0,83.8,85.3,86.5,87.0,87.0,86.5,85.4,83.8,81.4,78.6,75.0,71.5,69.2,69.4,69.9,70.6,71.6,72.5,73.4,74.7,76.1,77.8
65.2,68.9,70.4,71.2,71.3,70.7,69.9,68.3,66.0,63.1,59.6,56.0,53.2,53.0,53.6,54.6,55.7,57.0,58.0,58.7,59.6,60.8,62.4,64.8,69.1,73.3,75.2,76.1,76.4,76.1,75.0,73.7,71.9,69.1,65.6,61.9,58.5,57.1,57.8,58.7,59.9,61.1,62.2,63.5,64.5,66.0,67.8,70.6,75.6,79.6,81.2,81.7,81.7,80.8,80.3,79.0,77.4,75.0,72.1,68.4,64.8,62.4,63.0,64.0,65.0,66.1,67.6,69.1,70.6,72.1,74.1,76.9,80.9,83.7,85.5,86.7,87.1,87.2,86.6,85.4,84.0,81.5,78.6,75.0,71.6,69.3,69.3,69.9,70.8,71.8,72.7,73.6,74.9,76.2
61.8,65.4,68.9,70.5,71.5,71.7,71.0,70.3,68.5,66.2,63.4,59.7,56.3,53.3,53.2,53.8,54.7,55.9,57.1,57.8,58.6,59.5,60.9,62.3,64.9,69.4,73.7,75.7,76.4,76.9,76.3,75.3,73.9,71.9,69.6,66.3,62.4,58.9,57.3,58.0,59.1,60.0,61.2,62.5,63.6,64.5,66.2,68.1,70.8,75.8,79.6,81.2,81.6,81.5,80.9,80.5,79.3,77.7,75.3,72.4,68.6,65.0,62.7,63.5,64.4,65.5,66.5,68.1,69.5,70.9,72.7,74.4,76.9,81.0,83.8,85.7,86.9,87.3,87.2,86.7,85.6,84.1,81.5,78.5,75.1,71.7,69.3,69.4,70.1,71.1,72.0,72.9,73.7,75.0
59.8,61.9,65.3,69.1,70.8,71.9,72.0,71.4,70.4,68.7,66.4,63.6,60.0,56.5,53.5,53.3,53.9,54.9,56.1,56.9,57.6,58.5,59.5,60.8,62.4,65.2,69.7,74.1,75.9,76.9,77.0,76.5,75.5,74.0,72.5,70.1,66.7,62.9,59.2,57.6,58.4,59.2,60.1,61.5,62.5,63.6,64.7,66.4,68.2,71.1,76.0,79.5,81.0,81.4,81.6,81.2,80.9,79.7,78.0,75.6,72.6,68.8,65.3,63.2,63.9,64.8,65.9,66.9,68.5,69.8,71.4,73.0,74.5,77.0,81.1,84.0,85.9,87.1,87.4,87.2,86.9,85.7,84.1,81.4,78.8,75.2,71.8,69.3,69.5,70.3,71.3,72.1,73.0,73.9
58.0,59.9,61.9,65.5,69.5,71.3,72.2,72.4,71.6,70.5,68.9,66.6,63.9,60.3,56.7,53.7,53.5,54.2,55.1,55.9,56.8,57.5,58.5,59.5,60.9,62.7,65.4,70.1,74.3,76.4,77.0,77.2,76.8,75.5,74.6,73.0,70.5,67.2,63.1,59.5,57.9,58.5,59.3,60.4,61.6,62.6,63.8,65.0,66.6,68.6,71.2,76.0,79.4,80.9,81.5,81.8,81.6,81.3,80.0,78.3,75.8,72.8,69.1,65.8,63.6,64.3,65.3,66.4,67.4,68.8,70.3,71.8,73.1,74.6,77.1,81.2,84.1,86.2,87.2,87.4,87.4,86.8,85.7,84.0,81.7,78.8,75.3,71.8,69.4,69.7,70.5,71.4,72.3,73.1
56.6,58.1,60.0,62.1,65.8,69.9,71.6,72.6,72.5,71.7,70.7,69.0,66.9,64.3,60.6,57.0,53.9,53.7,54.3,55.0,55.7,56.6,57.6,58.6,59.6,61.0,62.9,65.6,70.4,74.7,76.5,77.2,77.4,76.8,76.1,75.1,73.4,70.9,67.5,63.5,59.8,58.0,58.6,59.6,60.5,61.7,62.8,64.1,65.3,66.9,68.7,71.3,75.9,79.4,81.0,81.7,82.2,82.0,81.5,80.1,78.5,75.9,73.1,69.6,66.2,64.0,64.8,65.7,66.8,67.7,69.3,70.7,72.0,73.3,74.7,77.3,81.2,84.3,86.3,87.3,87.6,87.3,86.8,85.7,84.3,81.8,79.0,75.4,72.0,69.6,70.0,70.7,71.6,72.3
55.4,56.6,58.2,60.2,62.4,66.2,70.3,72.0,72.6,72.6,71.9,70.7,69.3,67.3,64.7,60.9,57.3,54.2,53.9,54.2,54.8,55.6,56.7,57.7,58.6,59.7,61.2,63.1,66.0,70.8,74.8,76.7,77.4,77.5,77.5,76.6,75.6,73.9,71.2,67.9,63.8,60.1,58.2,58.9,59.8,60.7,61.9,63.0,64.4,65.7,67.1,68.8,71.3,75.9,79.4,81.2,82.1,82.6,82.2,81.7,80.2,78.6,76.2,73.6,70.0,66.7,64.5,65.3,66.1,67.1,68.2,69.7,70.9,72.1,73.3,74.9,77.4,81.5,84.5,86.3,87.5,87.5,87.3,86.9,85.9,84.3,81.8,79.0,75.7,72.2,69.9,70.2,70.9,71.6
