day 0,day 1,day 2,day 3,day 4,day 5,day 6,day 7,day 8,day 9,day 10,day 11,day 12,day 13,day 14,day 15,day 16,day 17,day 18,day 19,day 20,day 21,day 22,day 23,day 24,day 25,day 26,day 27,day 28,day 29,day 30,day 31,day 32,day 33,day 34,day 35,day 36,day 37,day 38,day 39,day 40,day 41,day 42,day 43,day 44,day 45,day 46,day 47,day 48,day 49,day 50,day 51,day 52,day 53,day 54,day 55,day 56,day 57,day 58,day 59,day 60,day 61,day 62,day 63,day 64,day 65,day 66,day 67,day 68,day 69,day 70,day 71,day 72,day 73,day 74,day 75,day 76,day 77,day 78,day 79,day 80,day 81,day 82,day 83,day 84,day 85,day 86,day 87,day 88,day 89,day 90,day 91,day 92,day 93
72.4,74.6,76.2,78.7,82.8,87.1,90.3,91.8,92.4,92.2,91.5,90.3,88.4,86.1,83.0,79.4,74.9,70.3,67.6,68.3,69.3,70.6,71.9,73.3,74.6,76.7,78.8,81.0,84.9,89.3,92.1,93.4,94.3,94.1,93.0,91.7,89.4,86.5,82.9,79.0,74.1,69.7,67.9,68.5,69.1,69.9,71.0,72.3,73.4,75.1,76.8,78.5,81.1,85.5,88.5,89.5,90.1,90.0,89.2,87.6,85.4,82.9,79.4,75.2,70.2,65.8,65.1,66.1,66.9,67.4,68.2,69.1,70.3,71.4,72.8,74.3,76.7,80.2,83.6,85.1,85.5,85.0,83.8,82.1,79.9,76.9,73.3,68.8,63.4,59.1,59.0,59.6,60.1,60.8
71.0,72.7,74.5,76.5,78.5,82.6,87.3,90.3,91.7,92.4,92.3,91.6,90.4,88.4,86.1,83.1,79.5,74.8,70.3,67.7,68.5,69.5,70.8,72.1,73.4,74.8,76.9,78.9,81.2,84.9,89.1,91.8,93.2,94.2,94.0,93.0,91.4,89.0,86.0,82.7,78.7,74.0,69.6,67.8,68.2,69.0,70.0,71.0,72.3,73.3,75.2,76.6,78.2,80.9,85.1,88.1,89.2,89.9,90.0,89.1,87.5,85.4,82.8,79.4,74.9,70.0,65.7,65.1,66.0,66.6,67.1,68.0,68.7,70.0,71.1,72.4,74.0,76.1,79.7,83.1,84.9,85.1,84.5,83.4,81.9,79.8,76.8,73.2,68.5,63.0,58.8,58.8,59.3,59.8
69.5,71.3,72.7,74.8,76.3,78.5,82.7,87.4,90.2,91.7,92.4,92.5,91.7,90.4,88.5,86.2,83.1,79.2,74.8,70.4,67.9,68.6,69.8,71.0,72.2,73.5,75.0,77.0,79.1,81.2,84.7,88.7,91.6,93.2,94.1,94.0,92.8,91.0,88.5,85.8,82.4,78.4,73.8,69.4,67.6,68.1,68.9,69.9,70.9,72.2,73.4,74.9,76.3,78.0,80.6,84.7,87.6,88.9,89.9,89.9,89.1,87.5,85.3,82.8,79.1,74.8,70.0,65.6,65.0,65.8,66.4,66.9,67.6,68.4,69.7,70.7,72.0,73.4,75.7,79.2,82.8,84.4,84.5,84.1,83.3,81.7,79.7,76.8,72.9,68.2,62.7,58.6,58.4,59.0
68.2,69.8,71.2,72.9,74.7,76.2,78.7,82.8,87.6,90.3,91.8,92.6,92.6,91.8,90.5,88.6,86.2,82.9,79.3,74.9,70.6,68.0,68.9,70.0,71.1,72.3,73.7,75.1,77.0,79.1,81.1,84.5,88.6,91.6,93.2,94.1,93.8,92.4,90.5,88.3,85.6,82.2,78.2,73.6,69.2,67.5,68.1,68.8,69.8,70.8,72.2,73.2,74.7,76.1,77.7,80.3,84.2,87.4,88.9,89.9,89.9,89.1,87.5,85.3,82.5,79.0,74.8,69.9,65.5,64.8,65.5,66.1,66.6,67.3,68.2,69.3,70.4,71.5,73.0,75.2,78.8,82.2,83.8,84.1,84.0,83.2,81.6,79.6,76.5,72.6,67.9,62.6,58.2,58.1
67.2,68.5,69.7,71.3,72.9,74.6,76.4,78.7,83.0,87.7,90.3,91.9,92.7,92.6,91.8,90.6,88.6,86.0,82.9,79.4,75.2,70.8,68.2,69.2,70.1,71.1,72.5,73.7,75.1,77.1,79.0,80.9,84.5,88.7,91.6,93.2,93.8,93.4,92.0,90.4,88.1,85.4,81.9,77.9,73.5,69.1,67.5,68.0,68.8,69.8,70.9,72.0,73.0,74.5,75.8,77.4,79.9,84.1,87.4,88.8,89.8,89.8,89.0,87.5,85.0,82.5,79.0,74.8,69.8,65.3,64.5,65.2,65.8,66.3,67.1,67.8,69.0,69.8,71.1,72.6,74.8,78.2,81.6,83.4,83.9,83.9,83.0,81.7,79.3,76.2,72.5,67.9,62.3,57.8
66.2,67.4,68.5,69.8,71.3,72.9,74.8,76.5,78.9,83.1,87.8,90.3,92.0,92.7,92.6,92.0,90.6,88.4,86.1,83.2,79.7,75.4,71.0,68.4,69.2,70.1,71.3,72.6,73.8,75.1,77.0,78.8,80.9,84.5,88.7,91.5,92.9,93.5,93.0,91.9,90.2,87.9,85.2,81.7,77.8,73.4,69.1,67.5,68.0,68.7,69.8,70.7,71.9,72.8,74.2,75.5,77.1,79.8,84.0,87.2,88.8,89.8,89.8,89.1,87.1,84.9,82.5,79.0,74.8,69.7,64.9,64.3,65.0,65.4,66.1,66.8,67.4,68.4,69.5,70.7,72.2,74.3,77.7,81.2,83.1,83.8,83.8,83.1,81.4,79.1,76.1,72.5,67.6,62.0
65.7,66.4,67.3,68.6,69.9,71.3,73.1,74.9,76.6,79.0,83.2,87.8,90.5,92.1,92.8,92.8,92.0,90.4,88.5,86.3,83.5,80.0,75.7,71.1,68.5,69.2,70.3,71.4,72.6,73.8,75.1,76.9,78.8,80.9,84.5,88.7,91.3,92.7,93.1,92.9,91.8,90.1,87.7,85.0,81.5,77.6,73.4,69.0,67.5,67.9,68.7,69.6,70.6,71.7,72.5,73.8,75.2,77.0,79.7,83.8,87.1,88.8,89.9,89.7,88.7,87.1,85.1,82.6,79.1,74.8,69.5,64.6,64.0,64.6,65.2,65.7,66.4,66.9,68.1,69.1,70.4,71.8,73.9,77.2,80.9,82.9,83.7,83.9,82.9,81.2,79.0,76.3,72.3,67.4
68.8,65.9,66.3,67.5,68.7,70.0,71.5,73.2,75.0,76.8,79.2,83.2,88.0,90.6,92.1,92.9,92.7,91.8,90.6,88.7,86.6,83.8,80.3,75.9,71.2,68.4,69.3,70.3,71.5,72.6,73.7,74.9,76.8,78.8,80.9,84.4,88.4,91.0,92.4,93.1,92.8,91.6,89.8,87.5,84.7,81.5,77.7,73.4,69.1,67.4,67.9,68.6,69.5,70.4,71.4,72.3,73.5,75.1,76.8,79.5,83.7,87.2,88.9,89.8,89.4,88.7,87.3,85.2,82.5,79.1,74.7,69.3,64.4,63.7,64.4,64.8,65.3,65.9,66.5,67.7,68.7,70.0,71.3,73.4,76.9,80.7,82.7,83.8,83.7,82.6,81.2,79.2,76.2,72.1
73.4,69.0,65.8,66.5,67.5,68.8,70.1,71.6,73.3,75.1,76.9,79.4,83.3,88.0,90.6,92.2,92.8,92.6,92.0,90.8,89.0,86.9,84.2,80.5,75.9,71.2,68.5,69.4,70.4,71.4,72.6,73.6,74.9,76.8,78.8,80.8,84.2,88.1,90.7,92.3,93.0,92.7,91.4,89.6,87.2,84.6,81.5,77.8,73.4,68.9,67.3,67.7,68.5,69.4,70.3,71.2,72.0,73.4,74.9,76.7,79.4,83.6,87.2,88.8,89.7,89.4,88.8,87.4,85.2,82.5,79.0,74.4,69.1,64.0,63.5,64.0,64.5,64.8,65.5,66.2,67.4,68.4,69.5,70.8,73.0,76.6,80.5,82.8,83.5,83.4,82.8,81.5,79.2,76.0
78.0,73.8,69.0,66.0,66.6,67.6,68.9,70.1,71.7,73.4,75.2,77.1,79.5,83.3,88.1,90.7,92.1,92.7,92.7,92.2,91.1,89.3,87.4,84.4,80.6,76.1,71.2,68.6,69.4,70.3,71.3,72.5,73.6,75.0,76.7,78.7,80.7,83.9,87.7,90.6,92.2,92.8,92.5,91.1,89.3,87.1,84.7,81.7,77.9,73.2,68.7,67.1,67.6,68.3,69.2,70.1,71.0,71.9,73.3,74.8,76.6,79.3,83.6,87.1,88.8,89.6,89.6,89.0,87.4,85.2,82.5,78.7,74.3,68.7,63.8,63.1,63.7,64.0,64.5,65.2,66.0,67.1,67.9,69.1,70.5,72.8,76.3,80.5,82.5,83.2,83.6,83.0,81.5,79.0
81.8,78.4,73.8,69.2,66.1,66.7,67.7,69.0,70.2,71.8,73.5,75.4,77.2,79.5,83.4,88.0,90.5,91.9,92.8,92.9,92.4,91.4,89.7,87.7,84.5,80.9,76.2,71.3,68.6,69.3,70.4,71.3,72.4,73.6,74.9,76.7,78.6,80.5,83.5,87.6,90.5,92.1,92.7,92.2,90.8,89.2,87.2,85.0,81.8,77.6,73.0,68.4,67.1,67.4,68.2,69.1,69.9,70.8,71.8,73.1,74.7,76.5,79.2,83.5,87.0,88.7,89.8,89.7,88.9,87.3,85.2,82.2,78.7,74.0,68.4,63.4,62.8,63.2,63.6,64.1,64.9,65.6,66.7,67.6,68.8,70.3,72.5,76.3,80.2,82.3,83.4,83.8,83.0,81.4
85.0,82.1,78.4,73.9,69.2,66.2,66.8,67.7,69.1,70.3,71.9,73.6,75.5,77.2,79.6,83.4,87.8,90.3,92.0,93.1,93.2,92.8,91.9,90.0,87.7,84.8,81.0,76.2,71.2,68.5,69.4,70.3,71.2,72.4,73.5,74.8,76.7,78.4,80.2,83.3,87.5,90.5,92.0,92.4,91.9,90.8,89.2,87.4,85.0,81.6,77.4,72.6,68.3,66.9,67.3,68.0,68.8,69.8,70.7,71.7,73.0,74.5,76.4,79.0,83.3,86.9,88.9,89.9,89.6,88.8,87.4,84.9,82.2,78.3,73.6,68.0,63.0,62.3,62.8,63.2,63.8,64.6,65.3,66.4,67.2,68.6,70.1,72.5,75.9,79.9,82.4,83.5,83.8,82.9
87.6,85.2,82.2,78.5,73.9,69.3,66.3,66.8,67.8,69.2,70.4,72.1,73.7,75.4,77.2,79.6,83.1,87.6,90.3,92.2,93.5,93.6,93.3,92.1,90.1,88.1,85.0,81.0,76.1,71.1,68.5,69.3,70.2,71.2,72.3,73.3,74.7,76.4,78.2,80.1,83.2,87.3,90.4,91.7,92.2,91.9,90.8,89.5,87.6,84.9,81.3,76.9,72.4,68.0,66.7,67.2,67.8,68.8,69.7,70.6,71.5,72.9,74.5,76.2,79.0,83.2,87.0,89.0,89.9,89.5,88.8,87.1,84.9,81.8,77.8,73.1,67.5,62.5,62.0,62.5,62.9,63.5,64.2,65.0,66.0,67.0,68.4,70.0,72.2,75.6,80.0,82.5,83.5,83.6
89.5,87.8,85.3,82.3,78.5,74.0,69.4,66.3,66.9,68.0,69.3,70.6,72.3,73.7,75.4,77.3,79.6,82.9,87.5,90.6,92.6,93.8,94.0,93.5,92.2,90.5,88.2,85.1,80.9,76.0,71.0,68.5,69.3,70.2,71.1,72.1,73.2,74.5,76.2,78.1,80.0,82.9,87.1,90.2,91.4,92.1,91.9,91.0,89.7,87.4,84.6,80.9,76.8,72.1,67.8,66.6,67.0,67.8,68.7,69.6,70.5,71.4,72.8,74.3,76.1,78.8,83.2,87.1,88.9,89.8,89.5,88.5,87.0,84.4,81.2,77.4,72.6,67.0,62.1,61.6,62.2,62.5,63.2,63.9,64.7,65.7,66.8,68.3,69.8,71.9,75.6,80.0,82.5,83.4
91.0,89.7,87.9,85.4,82.3,78.6,74.2,69.4,66.3,67.0,68.1,69.5,70.8,72.3,73.8,75.4,77.3,79.6,82.9,87.8,91.0,92.8,94.2,94.3,93.6,92.6,90.7,88.3,84.9,80.8,75.7,70.8,68.4,69.2,70.1,71.0,72.0,73.1,74.4,76.1,78.1,79.8,82.7,86.9,89.8,91.3,91.9,92.0,91.2,89.5,87.0,84.2,80.7,76.5,71.9,67.6,66.4,67.0,67.8,68.6,69.5,70.3,71.4,72.7,74.2,76.0,78.9,83.2,87.0,88.9,89.7,89.2,88.4,86.5,84.0,80.7,76.8,72.0,66.5,61.8,61.4,61.9,62.2,62.8,63.6,64.3,65.6,66.9,68.1,69.4,71.8,75.4,79.9,82.4
92.0,91.1,89.7,88.0,85.5,82.4,78.8,74.2,69.4,66.5,67.1,68.2,69.7,70.9,72.4,73.9,75.4,77.2,79.5,83.2,88.1,91.1,93.3,94.4,94.5,94.0,92.8,90.8,88.2,84.7,80.6,75.5,70.7,68.4,69.2,70.1,70.8,71.8,72.9,74.3,76.1,77.9,79.7,82.5,86.5,89.7,91.2,92.1,92.1,91.1,89.0,86.7,84.1,80.5,76.2,71.7,67.4,66.4,66.9,67.7,68.5,69.3,70.2,71.2,72.5,74.0,76.1,78.9,83.1,86.9,88.9,89.4,89.0,87.9,86.0,83.4,80.1,76.2,71.5,66.1,61.5,61.1,61.5,61.9,62.6,63.3,64.3,65.6,66.6,67.8,69.3,71.7,75.2,79.8
92.2,92.1,91.2,89.8,87.9,85.6,82.6,78.7,74.2,69.6,66.6,67.3,68.4,69.8,71.0,72.5,73.8,75.4,77.2,79.8,83.5,88.3,91.6,93.5,94.6,94.8,94.1,92.9,90.7,88.0,84.5,80.2,75.3,70.6,68.3,69.1,69.9,70.7,71.7,72.9,74.3,76.0,77.7,79.4,82.2,86.5,89.7,91.2,92.0,92.0,90.6,88.8,86.6,83.9,80.2,76.2,71.4,67.3,66.2,66.9,67.6,68.3,69.3,70.0,71.1,72.3,74.0,76.1,78.8,83.0,86.9,88.6,89.1,88.5,87.2,85.4,82.8,79.5,75.6,71.1,65.8,61.2,60.8,61.2,61.7,62.3,63.2,64.3,65.3,66.2,67.7,69.2,71.4,74.9
91.6,92.2,92.2,91.2,89.8,88.2,85.8,82.5,78.8,74.3,69.7,66.7,67.5,68.6,69.9,71.1,72.4,73.7,75.5,77.5,80.1,83.7,88.7,91.7,93.7,95.0,95.0,94.3,92.8,90.5,87.8,84.1,80.0,75.3,70.5,68.3,68.9,69.7,70.5,71.6,72.9,74.2,75.8,77.4,79.1,82.1,86.5,89.7,91.1,91.9,91.6,90.3,88.6,86.3,83.5,80.2,75.9,71.3,67.1,66.1,66.7,67.4,68.3,69.0,69.8,70.9,72.3,74.1,76.0,78.7,82.9,86.6,88.4,88.6,87.8,86.7,84.8,82.2,78.9,75.3,70.7,65.3,60.8,60.5,61.1,61.3,62.2,63.2,64.0,64.9,66.0,67.5,68.9,71.0
90.0,91.6,92.4,92.2,91.2,90.0,88.2,85.7,82.6,78.9,74.5,69.7,66.9,67.7,68.7,70.0,71.1,72.4,73.7,75.7,77.9,80.1,84.1,88.8,92.0,94.0,95.1,95.1,94.2,92.6,90.3,87.4,83.9,80.1,75.2,70.4,68.2,68.8,69.6,70.5,71.6,72.8,74.1,75.6,77.1,79.0,82.0,86.5,89.5,91.0,91.5,91.3,90.2,88.4,86.0,83.5,79.9,75.8,71.1,66.9,66.0,66.6,67.4,68.0,68.9,69.7,70.9,72.4,74.0,75.8,78.6,82.6,86.3,87.8,87.8,87.4,86.1,84.2,81.7,78.7,74.9,70.2,64.9,60.5,60.3,60.7,61.2,62.2,62.9,63.6,64.7,65.9,67.3,68.5
87.1,90.0,91.8,92.4,92.2,91.4,90.1,88.2,85.8,82.7,79.1,74.5,69.9,67.1,67.8,68.9,70.0,71.2,72.5,74.0,76.0,77.9,80.5,84.2,89.1,92.2,94.0,95.1,95.1,94.0,92.4,89.9,87.2,83.9,80.0,75.2,70.2,68.0,68.6,69.6,70.5,71.6,72.7,73.9,75.4,77.0,79.0,81.9,86.3,89.5,90.6,91.3,91.2,90.0,88.1,85.8,83.2,79.9,75.6,70.9,66.7,65.8,66.5,67.2,67.9,68.7,69.6,70.9,72.3,73.8,75.7,78.3,82.3,85.8,87.1,87.4,86.8,85.5,83.6,81.4,78.2,74.5,69.8,64.6,60.3,59.9,60.6,61.2,61.9,62.5,63.4,64.5,65.6,66.9
82.7,87.1,90.3,91.8,92.3,92.3,91.4,90.0,88.2,85.9,82.8,79.2,74.6,70.0,67.2,68.0,68.9,70.1,71.4,72.8,74.2,76.0,78.2,80.6,84.4,89.2,92.4,94.1,95.1,94.9,93.6,92.0,89.7,87.2,83.9,80.0,74.9,70.0,67.9,68.6,69.6,70.4,71.4,72.5,73.6,75.3,77.0,78.9,81.7,86.2,89.2,90.5,91.0,90.9,89.7,87.9,85.5,83.2,79.7,75.4,70.7,66.5,65.7,66.3,67.1,67.7,68.7,69.6,70.8,72.1,73.8,75.4,78.0,81.8,85.1,86.7,86.7,86.3,84.9,83.4,81.0,77.9,74.1,69.5,64.2,60.0,59.8,60.5,60.9,61.5,62.2,63.1,64.2,65.3
78.5,82.7,87.4,90.2,91.6,92.5,92.4,91.4,90.1,88.3,86.0,82.9,79.2,74.6,70.2,67.4,68.1,69.1,70.2,71.6,73.0,74.3,76.3,78.4,80.8,84.6,89.4,92.4,94.0,94.9,94.7,93.3,91.7,89.6,87.1,83.8,79.6,74.5,69.8,67.9,68.6,69.5,70.3,71.2,72.4,73.6,75.3,76.9,78.7,81.7,85.9,89.1,90.2,90.7,90.6,89.4,87.6,85.6,83.0,79.6,75.4,70.6,66.3,65.4,66.2,66.9,67.7,68.6,69.4,70.7,72.1,73.5,75.1,77.6,81.2,84.7,86.0,86.3,85.7,84.7,83.0,80.6,77.4,73.8,69.1,63.9,59.8,59.7,60.1,60.5,61.2,62.0,62.9,63.9
76.2,78.4,83.0,87.3,90.0,91.8,92.5,92.3,91.4,90.2,88.4,86.1,82.9,79.3,74.7,70.3,67.5,68.2,69.1,70.5,71.8,73.1,74.5,76.5,78.6,81.0,84.8,89.4,92.3,93.8,94.6,94.3,93.1,91.7,89.6,87.0,83.4,79.1,74.3,69.7,67.9,68.6,69.3,70.1,71.0,72.3,73.6,75.2,76.8,78.8,81.4,85.7,88.9,89.8,90.4,90.2,89.2,87.7,85.4,83.0,79.5,75.3,70.5,66.0,65.3,66.1,66.9,67.6,68.5,69.3,70.6,71.7,73.1,74.8,77.1,80.8,84.1,85.6,85.8,85.4,84.3,82.5,80.2,77.1,73.5,68.9,63.7,59.5,59.3,59.8,60.3,61.0,61.7,62.5
74.6,76.2,78.7,82.8,87.1,90.3,91.8,92.4,92.2,91.5,90.3,88.4,86.1,83.0,79.4,74.9,70.3,67.6,68.3,69.3,70.6,71.9,73.3,74.6,76.7,78.8,81.0,84.9,89.3,92.1,93.4,94.3,94.1,93.0,91.7,89.4,86.5,82.9,79.0,74.1,69.7,67.9,68.5,69.1,69.9,71.0,72.3,73.4,75.1,76.8,78.5,81.1,85.5,88.5,89.5,90.1,90.0,89.2,87.6,85.4,82.9,79.4,75.2,70.2,65.8,65.1,66.1,66.9,67.4,68.2,69.1,70.3,71.4,72.8,74.3,76.7,80.2,83.6,85.1,85.5,85.0,83.8,82.1,79.9,76.9,73.3,68.8,63.4,59.1,59.0,59.6,60.1,60.8,61.4
72.7,74.5,76.5,78.5,82.6,87.3,90.3,91.7,92.4,92.3,91.6,90.4,88.4,86.1,83.1,79.5,74.8,70.3,67.7,68.5,69.5,70.8,72.1,73.4,74.8,76.9,78.9,81.2,84.9,89.1,91.8,93.2,94.2,94.0,93.0,91.4,89.0,86.0,82.7,78.7,74.0,69.6,67.8,68.2,69.0,70.0,71.0,72.3,73.3,75.2,76.6,78.2,80.9,85.1,88.1,89.2,89.9,90.0,89.1,87.5,85.4,82.8,79.4,74.9,70.0,65.7,65.1,66.0,66.6,67.1,68.0,68.7,70.0,71.1,72.4,74.0,76.1,79.7,83.1,84.9,85.1,84.5,83.4,81.9,79.8,76.8,73.2,68.5,63.0,58.8,58.8,59.3,59.8,60.4
