day 0,day 1,day 2,day 3,day 4,day 5,day 6,day 7,day 8,day 9,day 10,day 11,day 12,day 13,day 14,day 15,day 16,day 17,day 18,day 19,day 20,day 21,day 22,day 23,day 24,day 25,day 26,day 27,day 28,day 29,day 30,day 31,day 32,day 33,day 34,day 35,day 36,day 37,day 38,day 39,day 40,day 41,day 42,day 43,day 44,day 45,day 46,day 47,day 48,day 49,day 50,day 51,day 52,day 53,day 54,day 55,day 56,day 57,day 58,day 59,day 60,day 61,day 62,day 63,day 64,day 65,day 66,day 67,day 68,day 69,day 70,day 71,day 72,day 73,day 74,day 75,day 76,day 77,day 78,day 79,day 80,day 81,day 82,day 83,day 84,day 85,day 86,day 87,day 88,day 89,day 90,day 91,day 92,day 93
72.0,73.4,74.8,76.7,80.3,85.1,88.0,89.7,90.3,90.2,89.5,88.1,86.1,84.2,81.7,78.5,75.0,71.2,68.6,68.9,70.0,71.1,72.5,73.8,75.1,76.3,77.7,79.7,82.8,87.4,90.0,91.5,91.9,91.5,90.9,89.5,87.8,85.1,82.1,78.5,74.6,71.0,68.9,69.2,69.9,70.5,71.1,72.2,73.1,74.0,75.1,76.3,78.4,82.6,85.6,87.0,87.6,87.5,86.7,85.3,83.6,81.1,78.1,74.6,70.6,66.7,65.4,66.1,66.7,67.5,68.1,68.9,69.4,70.2,70.9,71.8,73.3,76.2,79.9,81.7,82.4,82.1,80.9,79.1,77.2,74.5,71.4,67.6,63.6,60.2,59.8,60.2,60.6,60.9
71.0,72.3,73.4,74.9,76.7,80.3,85.2,88.2,89.8,90.4,90.3,89.4,88.1,86.3,84.3,81.8,78.5,74.9,71.3,68.8,69.3,70.4,71.4,72.7,73.9,75.3,76.5,78.0,79.7,82.7,87.1,89.7,91.1,91.6,91.5,90.7,89.5,87.4,84.7,81.8,78.3,74.4,70.8,68.7,69.2,69.7,70.4,71.1,72.2,73.1,73.9,74.8,76.0,78.1,82.3,85.5,87.0,87.7,87.4,86.5,85.2,83.4,81.0,78.1,74.4,70.3,66.6,65.4,66.0,66.7,67.3,67.9,68.6,69.0,69.9,70.5,71.4,72.7,75.5,79.4,81.4,82.0,81.5,80.5,79.0,76.9,74.1,71.4,67.3,63.4,60.0,59.7,60.0,60.2
69.9,71.3,72.3,73.4,74.8,76.7,80.5,85.6,88.3,90.0,90.5,90.2,89.4,88.2,86.4,84.4,81.8,78.5,75.1,71.5,69.1,69.5,70.6,71.6,72.8,74.0,75.5,76.7,78.0,79.6,82.5,86.8,89.3,90.8,91.5,91.4,90.5,89.2,86.9,84.5,81.5,78.0,74.1,70.6,68.5,68.9,69.6,70.4,71.0,72.1,73.0,73.6,74.5,75.7,77.8,82.1,85.4,87.1,87.6,87.3,86.5,85.1,83.4,81.1,77.9,74.2,70.3,66.6,65.3,66.0,66.4,67.1,67.6,68.2,68.7,69.5,70.2,70.7,72.1,75.0,79.0,81.0,81.4,81.1,80.2,78.6,76.7,74.2,71.2,67.1,63.2,59.8,59.4,59.5
68.9,70.1,71.2,72.3,73.4,74.9,76.9,80.8,85.7,88.5,90.1,90.3,90.2,89.5,88.2,86.6,84.5,81.7,78.6,75.3,71.8,69.4,69.8,70.8,71.6,72.9,74.3,75.7,76.7,78.0,79.5,82.2,86.4,89.1,90.7,91.4,91.1,90.2,88.6,86.6,84.2,81.3,77.7,73.9,70.4,68.2,68.8,69.6,70.3,71.0,72.1,72.8,73.4,74.2,75.5,77.6,81.9,85.4,87.0,87.4,87.3,86.3,85.1,83.5,80.9,77.7,74.2,70.2,66.4,65.2,65.8,66.2,66.8,67.2,67.9,68.4,69.2,69.5,70.2,71.6,74.6,78.6,80.4,81.1,80.9,79.9,78.4,76.8,74.0,71.1,67.0,63.1,59.5,58.9
68.3,69.2,70.1,71.2,72.3,73.5,75.1,77.2,80.8,85.8,88.6,90.1,90.3,90.3,89.5,88.4,86.7,84.4,81.9,79.0,75.7,72.1,69.6,70.0,70.8,71.8,73.1,74.5,75.7,76.7,77.8,79.3,81.9,86.4,88.9,90.6,91.1,90.8,89.8,88.4,86.3,83.8,80.9,77.5,73.7,70.1,68.1,68.8,69.5,70.3,70.9,71.8,72.5,73.0,74.0,75.3,77.4,81.9,85.2,86.8,87.4,87.1,86.3,85.2,83.4,80.8,77.8,74.1,70.0,66.3,65.0,65.5,65.9,66.4,66.9,67.6,68.1,68.6,69.0,69.8,71.2,74.1,78.1,80.1,80.8,80.5,79.7,78.6,76.6,73.9,70.9,66.9,62.8,59.0
67.5,68.4,69.1,70.1,71.2,72.4,73.6,75.2,77.3,80.9,86.0,88.6,90.1,90.3,90.3,89.6,88.4,86.6,84.5,82.2,79.3,76.0,72.3,69.7,70.1,71.1,72.0,73.3,74.5,75.6,76.6,77.7,79.1,81.8,86.1,88.9,90.3,90.8,90.4,89.5,88.1,85.9,83.4,80.8,77.2,73.4,70.0,68.1,68.7,69.5,70.2,70.7,71.5,72.1,72.8,73.8,75.1,77.2,81.7,85.0,86.8,87.3,87.1,86.4,85.1,83.3,80.9,77.8,74.0,70.0,66.1,64.9,65.2,65.5,66.1,66.6,67.3,67.5,68.1,68.6,69.5,70.9,73.6,77.8,79.9,80.5,80.4,79.9,78.4,76.5,73.9,70.8,66.7,62.4
67.5,67.7,68.4,69.1,70.1,71.2,72.5,73.8,75.3,77.3,81.1,85.9,88.7,90.1,90.5,90.4,89.6,88.2,86.6,84.9,82.6,79.6,76.3,72.4,69.8,70.3,71.2,72.2,73.4,74.5,75.5,76.4,77.5,78.9,81.6,86.1,88.5,90.0,90.4,90.2,89.2,87.7,85.6,83.3,80.5,77.0,73.3,70.0,68.0,68.7,69.3,69.9,70.3,71.2,71.9,72.6,73.6,74.9,77.0,81.4,84.9,86.6,87.2,87.1,86.3,84.9,83.4,80.9,77.8,74.0,69.8,66.0,64.6,64.9,65.2,65.9,66.3,66.7,67.0,67.6,68.2,69.2,70.5,73.3,77.4,79.5,80.4,80.5,79.6,78.2,76.5,73.8,70.7,66.3
70.5,67.7,67.6,68.4,69.1,70.2,71.3,72.6,73.9,75.4,77.5,81.0,86.1,88.7,90.2,90.5,90.4,89.4,88.3,87.0,85.3,83.0,80.0,76.2,72.4,69.9,70.4,71.4,72.3,73.3,74.4,75.3,76.2,77.4,78.8,81.5,85.6,88.2,89.6,90.2,89.8,88.7,87.3,85.4,83.0,80.3,77.0,73.4,69.9,67.9,68.5,69.1,69.6,70.0,70.9,71.8,72.4,73.4,74.7,76.8,81.2,84.8,86.5,87.2,86.9,86.1,85.0,83.4,80.9,77.7,73.9,69.6,65.7,64.3,64.7,65.0,65.6,65.8,66.2,66.5,67.2,68.0,68.7,70.1,72.9,77.1,79.4,80.5,80.3,79.5,78.2,76.5,73.7,70.5
74.0,70.7,67.6,67.6,68.3,69.1,70.2,71.4,72.7,74.0,75.6,77.5,81.2,86.1,88.8,90.2,90.5,90.1,89.5,88.7,87.4,85.7,83.4,80.0,76.3,72.5,70.0,70.6,71.4,72.3,73.3,74.2,75.2,76.1,77.3,78.6,81.1,85.3,87.9,89.4,89.7,89.2,88.5,87.2,85.1,82.9,80.3,77.1,73.3,69.8,67.8,68.4,68.8,69.3,69.8,70.8,71.5,72.2,73.2,74.5,76.6,81.1,84.8,86.5,87.0,86.7,86.2,85.1,83.3,80.8,77.5,73.6,69.3,65.3,64.0,64.4,64.7,65.0,65.3,65.7,66.2,67.0,67.5,68.4,69.8,72.5,77.0,79.4,80.3,80.1,79.4,78.3,76.4,73.6
77.4,74.2,70.6,67.6,67.5,68.3,69.1,70.3,71.6,72.8,74.2,75.7,77.7,81.2,86.2,88.8,90.1,90.3,90.1,89.9,89.1,87.9,86.0,83.4,80.2,76.4,72.7,70.2,70.7,71.5,72.4,73.1,74.1,75.1,76.0,77.1,78.3,80.8,85.0,87.7,89.0,89.3,89.0,88.3,86.8,85.0,82.9,80.4,77.0,73.2,69.6,67.6,68.1,68.4,69.1,69.6,70.5,71.3,72.0,73.0,74.3,76.6,81.0,84.6,86.2,86.8,86.8,86.3,85.0,83.3,80.7,77.3,73.3,68.9,65.0,63.7,64.0,64.1,64.6,64.9,65.4,65.9,66.5,67.1,68.1,69.5,72.3,76.9,79.1,80.1,80.1,79.6,78.2,76.2
80.6,77.6,74.2,70.6,67.5,67.5,68.4,69.2,70.5,71.7,73.0,74.3,75.8,77.7,81.3,86.2,88.7,89.9,90.3,90.5,90.3,89.5,88.2,86.1,83.6,80.4,76.7,72.8,70.3,70.7,71.5,72.2,73.1,74.0,75.0,75.8,76.9,78.1,80.5,84.9,87.4,88.6,89.0,88.8,87.9,86.7,85.0,83.1,80.5,76.9,72.9,69.3,67.4,67.8,68.3,68.8,69.4,70.4,71.1,71.8,72.8,74.3,76.5,80.8,84.3,86.0,86.9,86.8,86.1,85.0,83.1,80.3,77.0,72.9,68.5,64.6,63.4,63.5,63.7,64.2,64.6,65.1,65.4,66.2,66.8,67.7,69.4,72.2,76.6,79.0,80.1,80.2,79.4,78.1
83.5,80.8,77.7,74.1,70.5,67.6,67.6,68.4,69.4,70.5,71.8,73.0,74.4,75.8,77.8,81.4,86.2,88.5,90.0,90.6,90.9,90.7,89.9,88.3,86.3,83.8,80.7,76.7,72.8,70.3,70.8,71.3,72.1,73.0,73.9,74.8,75.6,76.7,77.7,80.4,84.6,87.1,88.3,88.9,88.5,87.9,86.8,85.2,83.1,80.3,76.6,72.7,69.1,67.1,67.7,68.1,68.6,69.3,70.2,70.8,71.7,72.8,74.2,76.3,80.5,84.0,86.0,86.9,86.7,86.2,84.7,82.7,80.1,76.5,72.5,68.1,64.2,62.8,63.1,63.3,63.9,64.2,64.7,65.1,65.9,66.5,67.6,69.3,71.8,76.4,78.9,80.3,80.0,79.3
85.7,83.7,80.8,77.5,74.1,70.6,67.6,67.6,68.5,69.5,70.7,71.8,73.2,74.5,75.9,77.9,81.4,85.9,88.6,90.3,91.1,91.3,91.0,89.9,88.5,86.6,84.1,80.8,76.7,72.8,70.3,70.6,71.3,72.1,72.8,73.7,74.6,75.3,76.3,77.7,80.2,84.3,86.9,88.3,88.6,88.4,87.9,86.9,85.2,83.0,79.9,76.2,72.4,68.8,67.0,67.5,67.9,68.5,69.1,69.8,70.7,71.6,72.8,74.1,76.0,80.1,84.0,86.0,86.8,86.7,86.0,84.4,82.5,79.6,76.1,72.0,67.7,63.7,62.4,62.7,63.0,63.5,63.8,64.3,64.8,65.5,66.4,67.6,69.0,71.6,76.3,79.2,80.1,79.9
87.6,85.9,83.8,80.7,77.4,74.2,70.6,67.7,67.7,68.6,69.6,70.7,72.0,73.3,74.6,76.0,77.8,81.3,86.0,88.9,90.7,91.5,91.5,91.2,90.1,88.9,87.0,84.2,80.7,76.7,72.8,70.2,70.6,71.2,71.9,72.7,73.5,74.3,75.0,76.3,77.6,80.0,84.1,86.9,88.0,88.5,88.5,88.0,87.0,85.1,82.6,79.5,75.9,72.2,68.6,66.7,67.3,67.7,68.3,68.8,69.8,70.6,71.6,72.6,73.8,75.7,80.0,83.9,85.8,86.7,86.5,85.6,84.2,82.0,79.2,75.7,71.6,67.2,63.2,62.0,62.5,62.6,63.1,63.5,64.0,64.4,65.4,66.3,67.3,68.7,71.4,76.4,78.9,80.0
88.8,87.9,86.0,83.5,80.6,77.7,74.2,70.7,67.8,67.8,68.8,69.6,70.8,72.0,73.4,74.7,76.0,77.8,81.4,86.2,89.4,91.1,91.7,91.7,91.4,90.4,89.3,87.0,84.1,80.6,76.6,72.6,70.1,70.4,71.0,71.8,72.5,73.2,74.0,75.0,76.2,77.5,79.8,84.0,86.6,88.0,88.6,88.5,88.1,86.8,84.7,82.1,79.2,75.7,72.0,68.3,66.5,67.2,67.5,68.0,68.8,69.8,70.6,71.5,72.4,73.6,75.6,79.8,83.9,85.8,86.5,86.2,85.4,83.8,81.6,78.7,75.2,71.2,66.6,62.8,61.8,62.1,62.3,62.9,63.2,63.6,64.3,65.4,66.2,67.1,68.6,71.4,76.1,78.9
89.5,89.0,88.0,85.9,83.5,80.9,77.7,74.3,70.7,67.8,67.9,68.8,69.7,71.0,72.2,73.5,74.7,76.0,78.0,81.6,86.7,89.7,91.2,91.9,91.9,91.7,90.9,89.4,87.0,84.0,80.4,76.3,72.4,69.9,70.3,70.9,71.6,72.2,73.0,73.9,74.8,76.0,77.3,79.6,83.6,86.6,88.1,88.6,88.6,88.1,86.4,84.3,81.9,79.0,75.6,71.7,68.1,66.4,66.9,67.3,68.0,68.8,69.7,70.4,71.2,72.2,73.5,75.5,79.7,83.7,85.6,86.2,85.9,85.1,83.4,81.0,78.2,74.7,70.4,66.2,62.5,61.4,61.7,62.0,62.6,62.9,63.5,64.3,65.2,66.0,67.0,68.6,71.1,76.0
89.7,89.8,89.1,87.9,85.8,83.7,80.8,77.7,74.3,70.8,68.0,68.0,69.0,69.8,71.2,72.3,73.5,74.8,76.2,78.4,82.0,87.0,89.9,91.3,92.1,92.3,92.1,90.9,89.3,86.8,83.8,80.1,76.1,72.2,69.8,70.1,70.7,71.4,72.0,72.9,73.9,74.7,75.9,77.2,79.2,83.6,86.7,88.1,88.8,88.6,87.7,86.0,84.0,81.7,78.9,75.4,71.6,68.0,66.2,66.7,67.2,68.0,68.7,69.6,70.2,71.0,72.2,73.5,75.4,79.5,83.5,85.3,86.0,85.6,84.6,82.8,80.5,77.6,74.0,70.0,65.8,62.1,61.1,61.4,61.8,62.2,62.8,63.5,64.1,65.0,65.9,67.0,68.4,70.9
89.1,89.9,89.9,89.0,87.9,86.0,83.7,80.9,77.7,74.5,70.9,68.0,68.1,69.0,70.0,71.2,72.3,73.6,75.0,76.5,78.8,82.2,87.1,89.9,91.6,92.4,92.6,92.2,90.9,89.2,86.5,83.4,79.8,75.9,72.1,69.6,70.0,70.5,71.2,71.9,72.9,73.7,74.5,75.7,76.9,79.1,83.5,86.7,88.3,88.8,88.2,87.4,85.7,83.9,81.7,78.8,75.4,71.5,67.7,65.9,66.6,67.3,68.0,68.6,69.3,69.9,71.1,72.2,73.4,75.3,79.1,83.2,85.0,85.6,85.1,84.0,82.2,79.9,76.9,73.6,69.6,65.3,61.7,60.9,61.2,61.5,62.1,62.8,63.3,63.9,64.9,65.8,66.7,68.2
87.4,89.4,90.1,89.8,89.0,88.0,86.1,83.7,80.9,77.9,74.6,71.0,68.1,68.1,69.2,70.2,71.2,72.4,73.8,75.2,76.9,79.1,82.4,87.1,90.1,91.8,92.8,92.7,92.2,90.8,88.8,86.0,83.0,79.7,75.7,71.9,69.5,69.7,70.3,71.2,71.9,72.8,73.5,74.4,75.4,76.8,79.0,83.5,86.8,88.3,88.4,88.0,87.1,85.6,83.9,81.6,78.8,75.3,71.2,67.4,65.9,66.7,67.2,67.8,68.3,69.2,70.0,71.1,72.1,73.3,75.0,78.8,82.9,84.6,85.1,84.5,83.5,81.6,79.2,76.6,73.2,69.0,64.9,61.4,60.7,61.0,61.4,62.1,62.6,63.2,63.8,64.7,65.5,66.5
84.5,87.8,89.5,90.0,89.8,89.2,88.1,86.0,83.8,81.1,78.1,74.7,71.0,68.2,68.3,69.3,70.1,71.4,72.6,74.1,75.6,77.2,79.2,82.4,87.3,90.2,92.1,92.8,92.6,92.0,90.4,88.3,85.7,82.9,79.6,75.6,71.7,69.2,69.5,70.3,71.2,71.8,72.6,73.4,74.1,75.3,76.7,79.0,83.5,86.8,87.9,88.2,87.7,86.9,85.6,83.8,81.6,78.8,75.0,71.1,67.3,65.9,66.6,67.1,67.5,68.2,69.1,70.0,71.1,72.1,73.1,74.7,78.4,82.4,84.1,84.4,84.0,82.9,80.9,78.9,76.2,72.6,68.6,64.6,61.1,60.4,60.8,61.4,62.0,62.4,63.0,63.6,64.5,65.3
79.9,84.8,87.8,89.4,90.0,90.0,89.2,88.1,86.0,83.9,81.3,78.1,74.8,71.0,68.3,68.4,69.3,70.3,71.6,73.0,74.5,75.9,77.4,79.2,82.6,87.4,90.5,92.1,92.7,92.4,91.7,89.9,87.9,85.6,82.9,79.5,75.3,71.4,69.0,69.5,70.3,71.1,71.6,72.5,73.2,74.0,75.2,76.6,79.0,83.5,86.5,87.6,88.0,87.5,86.9,85.5,83.9,81.6,78.5,74.8,70.9,67.3,65.8,66.4,66.8,67.5,68.2,69.2,69.9,71.0,71.8,72.9,74.4,78.0,81.8,83.4,83.9,83.4,82.2,80.6,78.4,75.5,72.3,68.3,64.4,60.8,60.2,60.8,61.3,61.7,62.2,62.8,63.3,64.2
76.6,80.1,85.0,87.8,89.5,90.2,90.0,89.3,88.1,86.2,84.0,81.3,78.4,74.9,71.1,68.4,68.5,69.5,70.5,71.9,73.3,74.8,76.1,77.5,79.4,82.6,87.6,90.5,91.9,92.6,92.2,91.2,89.7,87.8,85.5,82.9,79.2,74.9,71.1,68.9,69.5,70.2,71.0,71.5,72.3,73.1,74.0,75.2,76.7,78.9,83.1,86.2,87.4,87.8,87.5,86.8,85.6,83.9,81.3,78.4,74.7,70.8,67.2,65.7,66.2,66.8,67.5,68.3,69.2,69.8,70.8,71.6,72.6,74.0,77.4,81.2,82.8,83.3,82.8,81.9,80.2,77.8,75.1,72.0,68.0,64.0,60.6,60.2,60.6,61.0,61.5,62.1,62.5,63.0
74.7,76.7,80.3,85.0,87.8,89.6,90.2,90.1,89.3,88.2,86.2,84.0,81.6,78.4,75.0,71.2,68.4,68.7,69.7,70.8,72.2,73.7,75.0,76.1,77.6,79.5,82.9,87.5,90.3,91.7,92.3,91.7,91.0,89.6,87.8,85.5,82.5,78.7,74.7,71.1,68.9,69.4,70.1,70.8,71.2,72.2,73.2,73.9,75.1,76.5,78.6,82.9,85.9,87.2,87.6,87.4,86.8,85.5,83.6,81.2,78.2,74.6,70.8,67.0,65.4,66.1,66.7,67.5,68.2,69.1,69.6,70.6,71.2,72.2,73.6,76.9,80.6,82.2,82.7,82.5,81.5,79.6,77.5,74.9,71.7,67.6,63.8,60.5,59.9,60.4,60.9,61.3,61.7,62.2
73.4,74.8,76.7,80.3,85.1,88.0,89.7,90.3,90.2,89.5,88.1,86.1,84.2,81.7,78.5,75.0,71.2,68.6,68.9,70.0,71.1,72.5,73.8,75.1,76.3,77.7,79.7,82.8,87.4,90.0,91.5,91.9,91.5,90.9,89.5,87.8,85.1,82.1,78.5,74.6,71.0,68.9,69.2,69.9,70.5,71.1,72.2,73.1,74.0,75.1,76.3,78.4,82.6,85.6,87.0,87.6,87.5,86.7,85.3,83.6,81.1,78.1,74.6,70.6,66.7,65.4,66.1,66.7,67.5,68.1,68.9,69.4,70.2,70.9,71.8,73.3,76.2,79.9,81.7,82.4,82.1,80.9,79.1,77.2,74.5,71.4,67.6,63.6,60.2,59.8,60.2,60.6,60.9,61.4
72.3,73.4,74.9,76.7,80.3,85.2,88.2,89.8,90.4,90.3,89.4,88.1,86.3,84.3,81.8,78.5,74.9,71.3,68.8,69.3,70.4,71.4,72.7,73.9,75.3,76.5,78.0,79.7,82.7,87.1,89.7,91.1,91.6,91.5,90.7,89.5,87.4,84.7,81.8,78.3,74.4,70.8,68.7,69.2,69.7,70.4,71.1,72.2,73.1,73.9,74.8,76.0,78.1,82.3,85.5,87.0,87.7,87.4,86.5,85.2,83.4,81.0,78.1,74.4,70.3,66.6,65.4,66.0,66.7,67.3,67.9,68.6,69.0,69.9,70.5,71.4,72.7,75.5,79.4,81.4,82.0,81.5,80.5,79.0,76.9,74.1,71.4,67.3,63.4,60.0,59.7,60.0,60.2,60.6
