day 0,day 1,day 2,day 3,day 4,day 5,day 6,day 7,day 8,day 9,day 10,day 11,day 12,day 13,day 14,day 15,day 16,day 17,day 18,day 19,day 20,day 21,day 22,day 23,day 24,day 25,day 26,day 27,day 28,day 29,day 30,day 31,day 32,day 33,day 34,day 35,day 36,day 37,day 38,day 39,day 40,day 41,day 42,day 43,day 44,day 45,day 46,day 47,day 48,day 49,day 50,day 51,day 52,day 53,day 54,day 55,day 56,day 57,day 58,day 59,day 60,day 61,day 62,day 63,day 64,day 65,day 66,day 67,day 68,day 69,day 70,day 71,day 72,day 73,day 74,day 75,day 76,day 77,day 78,day 79,day 80,day 81,day 82,day 83,day 84,day 85,day 86,day 87,day 88,day 89,day 90
78.8,79.0,79.1,79.3,79.7,80.3,81.5,83.0,84.0,84.6,85.3,85.6,85.4,84.9,83.6,82.1,79.7,76.7,76.1,76.0,76.2,76.3,76.5,76.7,77.0,77.3,77.4,77.4,77.7,77.9,78.6,80.5,81.4,82.1,82.5,82.5,82.2,81.0,79.7,77.5,74.1,71.3,71.0,71.0,71.0,71.0,71.3,71.6,71.9,72.2,72.4,72.8,73.1,73.5,74.6,76.8,78.2,79.1,79.4,79.3,78.9,77.6,75.4,72.2,68.4,66.2,66.4,66.6,67.0,67.4,67.8,68.2,68.6,69.0,69.1,69.4,69.9,70.5,71.8,74.5,76.0,76.7,77.2,77.1,76.4,75.2,73.2,70.2,66.8,65.5,65.8
78.3,78.6,78.9,79.0,79.3,79.7,80.2,81.4,83.0,84.0,84.6,85.4,85.6,85.3,84.8,83.6,82.0,79.7,76.6,75.8,75.9,75.9,76.1,76.3,76.7,76.9,77.1,77.1,77.2,77.5,77.6,78.3,80.2,81.3,82.1,82.3,82.4,81.9,80.8,79.5,77.2,73.8,71.1,70.7,70.7,70.7,70.9,71.3,71.5,71.8,71.9,72.3,72.5,72.9,73.3,74.4,76.6,78.2,79.0,79.3,79.2,78.7,77.3,75.1,72.1,68.3,66.2,66.3,66.7,67.1,67.3,67.8,68.1,68.5,68.7,68.9,69.3,70.0,70.5,71.7,74.5,76.0,76.7,77.2,77.0,76.3,75.2,73.0,70.3,66.8,65.7
77.9,78.2,78.6,78.7,79.0,79.3,79.6,80.1,81.4,83.0,84.0,84.7,85.3,85.6,85.3,84.7,83.6,82.0,79.5,76.3,75.7,75.6,75.7,76.0,76.2,76.5,76.7,76.9,76.9,77.0,77.2,77.3,78.0,80.2,81.2,81.9,82.2,82.2,81.7,80.5,79.2,77.0,73.6,70.8,70.4,70.4,70.5,70.9,71.2,71.4,71.5,71.8,72.0,72.3,72.7,73.1,74.2,76.5,78.1,78.9,79.2,79.0,78.4,77.1,75.0,72.0,68.4,66.1,66.4,66.7,67.0,67.3,67.7,68.1,68.2,68.5,68.9,69.3,69.9,70.4,71.7,74.5,76.0,76.6,77.1,76.9,76.2,75.0,73.1,70.4,67.0
77.5,77.8,78.1,78.5,78.7,79.0,79.3,79.6,80.1,81.4,82.9,84.1,84.8,85.4,85.5,85.1,84.7,83.5,82.0,79.2,76.2,75.4,75.4,75.6,75.9,76.1,76.4,76.4,76.7,76.8,76.8,76.9,77.0,77.9,80.1,81.1,81.8,82.1,82.0,81.5,80.3,79.0,76.9,73.3,70.6,70.2,70.3,70.5,70.9,71.1,71.1,71.3,71.5,71.7,72.0,72.4,72.9,74.0,76.5,78.0,78.7,79.0,78.7,78.2,77.0,75.0,72.0,68.3,66.2,66.4,66.7,67.0,67.2,67.7,67.8,68.0,68.4,68.9,69.4,69.8,70.3,71.8,74.5,75.9,76.5,77.1,76.8,76.1,75.1,73.3,70.5
77.2,77.4,77.7,78.1,78.5,78.7,79.0,79.3,79.5,80.1,81.3,83.0,84.1,84.8,85.3,85.4,85.0,84.6,83.5,81.7,79.0,75.9,75.2,75.3,75.5,75.7,75.9,76.1,76.3,76.6,76.5,76.4,76.6,76.8,77.7,79.9,81.0,81.6,81.8,81.8,81.2,80.2,78.9,76.6,73.0,70.3,70.0,70.2,70.5,70.7,70.8,71.0,71.1,71.2,71.4,71.8,72.2,72.8,74.0,76.4,77.9,78.5,78.7,78.6,78.2,77.1,75.0,71.9,68.3,66.2,66.3,66.7,66.9,67.3,67.4,67.6,68.0,68.5,69.0,69.2,69.5,70.2,71.8,74.4,75.8,76.4,76.9,76.7,76.2,75.3,73.4
77.1,77.1,77.3,77.6,78.1,78.5,78.7,78.9,79.2,79.5,80.0,81.3,83.0,84.1,84.7,85.2,85.3,84.9,84.5,83.3,81.5,78.8,75.6,75.1,75.1,75.4,75.5,75.7,75.9,76.2,76.2,76.1,76.1,76.4,76.6,77.6,79.7,80.9,81.4,81.6,81.5,81.0,80.1,78.8,76.4,72.8,70.1,70.0,70.2,70.4,70.4,70.6,70.6,70.7,71.0,71.2,71.6,72.1,72.7,73.9,76.2,77.6,78.3,78.6,78.5,78.2,77.0,74.9,72.0,68.4,66.2,66.3,66.5,66.9,67.0,67.2,67.6,68.1,68.6,68.8,69.0,69.4,70.2,71.7,74.3,75.7,76.3,76.8,76.8,76.4,75.4
76.9,77.0,77.0,77.3,77.7,78.1,78.5,78.6,78.9,79.2,79.5,80.0,81.2,82.9,84.1,84.6,85.1,85.2,84.9,84.3,83.1,81.4,78.6,75.5,75.0,75.0,75.1,75.3,75.5,75.9,75.8,75.8,75.8,76.0,76.2,76.4,77.3,79.5,80.6,81.2,81.4,81.4,80.9,80.0,78.6,76.2,72.6,70.1,70.0,70.0,70.1,70.3,70.2,70.2,70.5,70.7,71.0,71.4,72.0,72.5,73.7,76.0,77.4,78.1,78.4,78.5,78.1,76.9,74.9,72.0,68.3,66.1,66.1,66.6,66.6,66.8,67.1,67.7,68.1,68.4,68.6,68.9,69.3,70.1,71.5,74.2,75.7,76.2,77.0,77.0,76.4
77.5,76.7,76.9,77.0,77.3,77.7,78.1,78.4,78.5,78.8,79.2,79.5,79.9,81.2,82.9,84.0,84.6,85.0,85.2,84.7,84.2,83.1,81.2,78.5,75.4,74.9,74.8,74.9,75.2,75.4,75.5,75.4,75.5,75.6,75.8,76.0,76.1,77.1,79.3,80.4,81.0,81.3,81.3,80.9,79.8,78.5,76.0,72.5,70.0,69.8,69.7,70.0,69.9,69.9,70.1,70.3,70.5,70.8,71.4,71.9,72.3,73.4,75.8,77.3,78.0,78.4,78.5,78.0,76.9,75.0,71.9,68.2,65.9,66.2,66.3,66.4,66.7,67.3,67.7,67.9,68.2,68.5,68.8,69.3,70.0,71.5,74.1,75.6,76.4,77.1,77.0
80.6,77.4,76.7,76.9,77.1,77.4,77.7,78.0,78.2,78.5,78.8,79.1,79.4,79.9,81.1,82.8,84.0,84.5,84.9,85.0,84.6,84.1,82.9,81.0,78.3,75.2,74.6,74.6,74.7,75.1,75.0,75.1,75.1,75.4,75.4,75.5,75.7,75.9,76.9,79.0,80.2,80.9,81.2,81.2,80.7,79.8,78.4,75.9,72.4,69.8,69.5,69.6,69.6,69.6,69.7,69.8,70.1,70.3,70.8,71.3,71.7,71.9,73.2,75.6,77.1,77.9,78.4,78.4,78.0,76.9,74.9,71.8,68.0,66.0,66.0,66.1,66.5,66.9,67.4,67.5,67.8,68.1,68.5,68.7,69.2,70.0,71.4,74.1,75.7,76.5,77.1
83.0,80.4,77.3,76.7,76.9,77.1,77.3,77.6,77.9,78.3,78.4,78.7,79.1,79.4,79.8,81.0,82.7,83.8,84.4,84.8,84.8,84.5,84.0,82.8,80.9,78.1,75.0,74.4,74.5,74.7,74.7,74.6,74.8,74.9,75.2,75.1,75.2,75.6,75.7,76.6,78.8,80.1,80.8,81.2,81.1,80.7,79.6,78.3,75.7,72.0,69.5,69.4,69.2,69.3,69.4,69.4,69.6,69.9,70.4,70.7,71.1,71.4,71.7,73.0,75.4,77.0,77.8,78.3,78.4,78.0,76.9,74.8,71.6,68.0,65.8,65.8,66.2,66.7,67.0,67.2,67.3,67.7,68.0,68.3,68.6,69.1,69.9,71.4,74.2,75.9,76.6
84.5,82.8,80.4,77.3,76.7,76.9,77.0,77.3,77.6,77.9,78.2,78.4,78.7,79.1,79.4,79.8,81.0,82.5,83.7,84.2,84.6,84.7,84.4,83.9,82.7,80.7,77.8,74.7,74.3,74.4,74.4,74.3,74.3,74.6,74.8,74.9,74.9,75.1,75.3,75.5,76.4,78.7,80.1,80.7,81.0,81.1,80.6,79.6,78.1,75.4,71.7,69.4,68.9,68.9,69.1,69.1,69.3,69.4,69.9,70.2,70.5,70.7,71.1,71.5,72.8,75.3,77.0,77.8,78.2,78.5,78.0,76.8,74.6,71.4,67.7,65.6,65.9,66.4,66.7,66.7,67.0,67.2,67.6,67.8,68.2,68.6,69.1,69.8,71.5,74.3,75.9
85.5,84.3,82.7,80.3,77.3,76.7,76.9,76.9,77.2,77.6,77.9,78.1,78.3,78.7,79.0,79.4,79.8,80.8,82.4,83.5,84.0,84.4,84.6,84.3,83.8,82.5,80.4,77.5,74.6,74.2,74.0,74.0,74.1,74.1,74.4,74.5,74.6,74.7,74.9,75.1,75.2,76.2,78.5,79.9,80.6,81.0,80.9,80.5,79.5,77.7,75.0,71.6,68.9,68.6,68.6,68.8,68.9,69.1,69.5,69.8,70.0,70.2,70.4,71.0,71.4,72.7,75.3,77.0,77.8,78.3,78.4,78.0,76.5,74.3,71.2,67.5,65.7,66.1,66.5,66.5,66.6,66.9,67.2,67.5,67.7,68.2,68.5,69.0,70.0,71.6,74.3
86.1,85.5,84.2,82.6,80.3,77.3,76.7,76.9,76.9,77.2,77.5,77.8,78.1,78.3,78.6,79.0,79.3,79.6,80.7,82.3,83.3,83.8,84.3,84.5,84.3,83.5,82.2,80.1,77.3,74.4,73.8,73.6,73.7,73.9,74.0,74.1,74.2,74.4,74.4,74.6,74.8,75.0,76.1,78.5,79.8,80.5,80.9,80.9,80.4,79.1,77.5,74.9,71.2,68.5,68.4,68.3,68.6,68.7,69.1,69.4,69.6,69.7,69.8,70.3,70.9,71.3,72.6,75.2,76.9,77.8,78.3,78.4,77.7,76.2,74.1,70.9,67.6,65.9,66.2,66.3,66.4,66.5,66.9,67.1,67.3,67.7,68.1,68.5,69.0,70.1,71.7
86.2,86.0,85.3,84.1,82.6,80.3,77.2,76.6,76.8,76.8,77.2,77.4,77.7,78.0,78.3,78.7,79.0,79.2,79.5,80.5,82.1,83.1,83.7,84.2,84.4,84.1,83.2,81.8,79.9,77.1,74.1,73.5,73.3,73.5,73.7,73.7,73.9,74.0,74.2,74.2,74.3,74.6,74.9,76.0,78.3,79.8,80.5,80.9,80.8,80.1,79.0,77.4,74.6,70.8,68.3,68.1,68.1,68.3,68.8,69.1,69.1,69.2,69.3,69.6,70.2,70.8,71.2,72.5,75.2,77.0,77.8,78.3,78.1,77.3,76.0,73.9,70.9,67.8,66.0,66.0,66.2,66.3,66.5,66.8,67.0,67.3,67.6,68.0,68.6,69.2,70.2
85.6,86.1,85.9,85.2,84.1,82.4,80.2,77.1,76.5,76.7,76.8,77.1,77.4,77.7,78.0,78.3,78.7,78.9,79.1,79.4,80.4,82.0,83.0,83.6,84.1,84.2,83.8,82.9,81.7,79.7,76.8,73.6,73.1,73.2,73.3,73.4,73.5,73.7,73.8,73.9,73.9,74.1,74.4,74.8,75.8,78.2,79.7,80.4,80.8,80.5,79.9,78.8,77.1,74.3,70.5,68.0,67.8,67.9,68.3,68.7,68.8,68.8,68.9,69.2,69.6,70.2,70.7,71.2,72.5,75.3,77.0,77.8,78.1,77.8,77.1,75.8,73.9,71.1,67.8,65.8,65.9,66.0,66.3,66.4,66.7,67.0,67.2,67.5,68.1,68.8,69.2
85.0,85.6,86.0,85.8,85.2,83.9,82.3,80.1,77.1,76.5,76.7,76.7,77.0,77.3,77.6,78.1,78.4,78.7,78.8,79.0,79.2,80.2,81.9,82.9,83.5,83.9,83.9,83.5,82.7,81.4,79.4,76.3,73.3,73.0,73.0,72.9,73.3,73.3,73.4,73.5,73.6,73.6,73.9,74.2,74.5,75.7,78.1,79.6,80.3,80.5,80.3,79.9,78.7,76.8,74.0,70.3,67.8,67.6,67.9,68.3,68.5,68.4,68.5,68.8,69.1,69.6,70.1,70.7,71.2,72.5,75.3,76.9,77.5,77.8,77.7,76.9,75.7,73.9,71.0,67.7,65.6,65.7,66.0,66.2,66.4,66.7,66.9,67.1,67.7,68.3,68.9
84.3,84.8,85.5,86.0,85.7,85.0,83.8,82.3,80.0,77.0,76.4,76.6,76.7,76.9,77.4,77.7,78.1,78.3,78.5,78.6,78.9,79.1,80.1,81.8,82.7,83.3,83.6,83.6,83.4,82.4,81.2,79.0,76.1,73.2,72.8,72.7,72.8,73.1,73.0,73.1,73.2,73.3,73.4,73.7,74.0,74.5,75.6,78.1,79.5,80.1,80.4,80.2,79.7,78.4,76.6,73.7,70.0,67.5,67.6,67.9,68.0,68.1,68.0,68.3,68.7,69.2,69.6,70.1,70.6,71.1,72.5,75.3,76.7,77.3,77.6,77.4,76.9,75.8,73.8,70.9,67.5,65.5,65.7,65.9,66.1,66.4,66.5,66.9,67.2,67.9,68.4
83.5,84.3,84.8,85.4,85.8,85.6,84.9,83.7,82.2,80.0,77.0,76.3,76.5,76.6,77.0,77.4,77.7,78.0,78.2,78.3,78.5,78.7,79.0,79.9,81.6,82.6,82.9,83.4,83.5,83.1,82.2,80.9,78.9,75.9,73.0,72.5,72.6,72.6,72.7,72.8,72.8,72.9,73.1,73.2,73.4,73.9,74.4,75.6,78.0,79.3,79.9,80.2,79.9,79.5,78.2,76.4,73.6,69.8,67.5,67.6,67.6,67.6,67.7,67.9,68.2,68.7,69.1,69.6,70.1,70.6,71.0,72.4,75.1,76.5,77.1,77.4,77.4,76.9,75.7,73.7,70.9,67.3,65.5,65.6,65.8,66.1,66.3,66.5,66.9,67.4,68.0
82.0,83.5,84.2,84.7,85.3,85.7,85.4,84.8,83.6,82.2,80.0,76.9,76.3,76.5,76.6,77.0,77.4,77.6,77.8,78.0,78.2,78.3,78.5,78.8,79.8,81.5,82.3,82.8,83.3,83.3,83.0,81.9,80.8,78.7,75.8,72.7,72.4,72.4,72.3,72.5,72.5,72.5,72.7,72.8,72.9,73.4,73.9,74.4,75.5,77.7,79.1,79.8,80.0,79.8,79.3,78.1,76.3,73.5,69.8,67.4,67.3,67.3,67.2,67.5,67.7,68.3,68.6,69.1,69.6,70.1,70.5,70.9,72.3,74.8,76.3,76.9,77.4,77.4,76.7,75.5,73.7,70.7,67.2,65.4,65.5,65.9,66.0,66.3,66.6,67.1,67.6
80.6,81.9,83.4,84.1,84.6,85.3,85.5,85.4,84.8,83.6,82.2,79.9,76.8,76.2,76.4,76.6,77.0,77.3,77.4,77.6,77.8,78.0,78.1,78.4,78.7,79.6,81.2,82.0,82.7,83.1,83.1,82.7,81.7,80.6,78.5,75.4,72.6,72.2,72.1,72.0,72.1,72.2,72.3,72.5,72.6,72.9,73.3,73.8,74.3,75.3,77.5,78.9,79.6,79.9,79.6,79.1,78.1,76.3,73.4,69.7,67.2,66.9,66.8,67.0,67.4,67.9,68.2,68.6,69.2,69.6,70.0,70.4,70.8,72.0,74.6,76.1,76.9,77.4,77.3,76.6,75.5,73.6,70.6,66.9,65.3,65.6,65.7,66.1,66.3,66.8,67.3
80.0,80.5,81.8,83.2,84.0,84.6,85.2,85.5,85.4,84.8,83.6,82.2,79.9,76.7,76.2,76.4,76.6,76.9,77.1,77.3,77.4,77.6,77.8,78.0,78.3,78.5,79.3,81.0,82.0,82.5,82.9,82.9,82.6,81.6,80.5,78.3,75.2,72.4,71.8,71.8,71.6,71.8,72.0,72.0,72.2,72.5,72.9,73.3,73.7,74.1,75.2,77.3,78.7,79.4,79.7,79.5,79.1,78.0,76.1,73.3,69.3,66.7,66.5,66.7,67.0,67.5,67.8,68.2,68.8,69.2,69.5,69.9,70.4,70.6,71.9,74.5,76.1,76.9,77.3,77.2,76.6,75.5,73.5,70.4,66.8,65.4,65.5,65.9,66.1,66.5,67.0
79.6,79.8,80.3,81.7,83.1,84.0,84.6,85.3,85.5,85.4,84.9,83.7,82.2,79.8,76.7,76.2,76.4,76.5,76.6,76.9,77.1,77.2,77.4,77.7,77.9,78.2,78.2,79.0,80.9,81.8,82.4,82.7,82.8,82.5,81.5,80.2,78.0,74.9,72.0,71.5,71.4,71.5,71.6,71.7,71.7,72.0,72.5,72.8,73.1,73.5,74.0,75.0,77.1,78.6,79.3,79.5,79.4,79.1,77.8,76.0,72.9,68.9,66.3,66.4,66.6,67.1,67.3,67.8,68.3,68.7,69.1,69.5,69.8,70.1,70.5,71.7,74.5,76.1,76.8,77.3,77.2,76.6,75.4,73.3,70.4,66.8,65.4,65.6,65.9,66.3,66.7
79.3,79.4,79.7,80.3,81.6,83.1,84.0,84.6,85.3,85.6,85.4,84.9,83.7,82.1,79.8,76.8,76.2,76.3,76.3,76.5,76.7,76.9,77.1,77.4,77.6,77.7,77.9,78.0,78.9,80.6,81.6,82.2,82.6,82.7,82.3,81.2,80.0,77.8,74.5,71.7,71.2,71.2,71.3,71.3,71.4,71.6,72.0,72.4,72.7,72.9,73.4,73.7,74.8,77.0,78.4,79.1,79.5,79.4,78.9,77.8,75.7,72.5,68.5,66.2,66.3,66.7,66.9,67.4,67.8,68.2,68.7,69.1,69.3,69.5,70.0,70.3,71.8,74.5,76.0,76.8,77.2,77.2,76.6,75.3,73.3,70.3,66.7,65.6,65.6,66.1,66.4
79.0,79.1,79.3,79.7,80.3,81.5,83.0,84.0,84.6,85.3,85.6,85.4,84.9,83.6,82.1,79.7,76.7,76.1,76.0,76.2,76.3,76.5,76.7,77.0,77.3,77.4,77.4,77.7,77.9,78.6,80.5,81.4,82.1,82.5,82.5,82.2,81.0,79.7,77.5,74.1,71.3,71.0,71.0,71.0,71.0,71.3,71.6,71.9,72.2,72.4,72.8,73.1,73.5,74.6,76.8,78.2,79.1,79.4,79.3,78.9,77.6,75.4,72.2,68.4,66.2,66.4,66.6,67.0,67.4,67.8,68.2,68.6,69.0,69.1,69.4,69.9,70.5,71.8,74.5,76.0,76.7,77.2,77.1,76.4,75.2,73.2,70.2,66.8,65.5,65.8,66.2
78.6,78.9,79.0,79.3,79.7,80.2,81.4,83.0,84.0,84.6,85.4,85.6,85.3,84.8,83.6,82.0,79.7,76.6,75.8,75.9,75.9,76.1,76.3,76.7,76.9,77.1,77.1,77.2,77.5,77.6,78.3,80.2,81.3,82.1,82.3,82.4,81.9,80.8,79.5,77.2,73.8,71.1,70.7,70.7,70.7,70.9,71.3,71.5,71.8,71.9,72.3,72.5,72.9,73.3,74.4,76.6,78.2,79.0,79.3,79.2,78.7,77.3,75.1,72.1,68.3,66.2,66.3,66.7,67.1,67.3,67.8,68.1,68.5,68.7,68.9,69.3,70.0,70.5,71.7,74.5,76.0,76.7,77.2,77.0,76.3,75.2,73.0,70.3,66.8,65.7,65.8
