day 0,day 1,day 2,day 3,day 4,day 5,day 6,day 7,day 8,day 9,day 10,day 11,day 12,day 13,day 14,day 15,day 16,day 17,day 18,day 19,day 20,day 21,day 22,day 23,day 24,day 25,day 26,day 27,day 28,day 29,day 30,day 31,day 32,day 33,day 34,day 35,day 36,day 37,day 38,day 39,day 40,day 41,day 42,day 43,day 44,day 45,day 46,day 47,day 48,day 49,day 50,day 51,day 52,day 53,day 54,day 55,day 56,day 57,day 58,day 59,day 60,day 61,day 62,day 63,day 64,day 65,day 66,day 67,day 68,day 69,day 70,day 71,day 72,day 73,day 74,day 75,day 76,day 77,day 78,day 79,day 80,day 81,day 82,day 83,day 84,day 85,day 86,day 87,day 88,day 89,day 90,day 91,day 92,day 93
74.1,75.1,76.5,78.1,81.7,86.4,89.3,90.8,91.5,91.5,90.9,89.8,88.1,86.1,83.3,80.2,76.8,73.0,69.9,70.5,71.6,72.8,74.0,75.5,76.6,78.1,79.5,81.0,84.4,89.3,92.2,93.7,94.2,94.2,93.7,92.7,91.1,88.5,85.2,81.5,77.1,72.7,70.3,70.9,71.7,72.6,73.3,74.3,75.4,76.5,77.8,78.9,80.9,85.7,88.9,90.6,91.1,91.0,90.4,88.8,86.9,84.4,81.5,77.7,73.2,68.7,67.3,67.8,68.6,69.2,69.9,70.9,71.7,72.6,73.6,74.2,75.6,79.3,83.5,85.4,85.8,85.9,84.8,83.1,81.2,78.7,75.3,71.2,66.4,62.2,61.4,62.0,62.5,62.9
73.1,74.3,75.0,76.4,78.0,81.6,86.6,89.4,90.8,91.5,91.4,91.1,89.9,88.2,86.2,83.7,80.4,76.9,73.1,70.0,70.7,71.7,73.0,74.4,75.6,76.8,78.3,79.5,81.1,84.5,89.1,92.0,93.5,94.0,94.2,93.8,92.8,90.9,88.1,85.1,81.3,77.1,72.6,70.3,70.8,71.6,72.5,73.2,74.2,75.4,76.5,77.6,78.5,80.8,85.3,88.5,90.2,90.9,91.0,90.2,88.6,86.8,84.3,81.5,77.5,72.9,68.4,67.3,67.8,68.4,68.9,69.8,70.5,71.4,72.3,73.1,73.7,75.0,78.7,83.1,84.9,85.4,85.3,84.3,82.9,81.0,78.5,75.2,71.0,66.0,61.6,61.3,61.9,62.1
72.0,73.3,74.2,75.1,76.4,77.9,81.7,86.8,89.4,90.9,91.5,91.6,91.3,90.1,88.3,86.6,83.9,80.6,77.0,73.2,70.2,70.8,71.8,73.3,74.4,75.7,76.9,78.4,79.6,81.1,84.4,88.9,91.9,93.4,94.0,94.2,94.0,92.6,90.7,88.1,85.0,81.3,76.9,72.5,70.2,70.7,71.6,72.3,73.1,74.2,75.5,76.3,77.3,78.4,80.4,84.8,88.1,90.1,90.9,90.8,90.1,88.6,86.8,84.4,81.4,77.3,72.7,68.4,67.2,67.7,68.1,68.8,69.5,70.2,71.1,71.8,72.6,73.2,74.5,78.3,82.7,84.4,84.9,84.9,84.1,82.7,80.9,78.4,75.1,70.6,65.5,61.6,61.2,61.5
71.0,72.1,73.1,74.3,75.1,76.3,78.0,81.8,86.8,89.5,90.8,91.7,91.8,91.4,90.2,88.7,86.8,84.0,80.7,77.2,73.3,70.3,70.9,72.2,73.4,74.5,75.8,77.1,78.5,79.7,81.0,84.3,88.8,91.8,93.5,94.0,94.3,93.8,92.4,90.7,87.9,84.9,81.0,76.8,72.5,70.1,70.5,71.4,72.2,73.1,74.3,75.3,76.0,77.1,78.0,80.0,84.4,87.9,90.0,90.7,90.7,90.0,88.5,86.9,84.4,81.2,77.2,72.7,68.3,67.0,67.4,68.0,68.5,69.2,70.0,70.6,71.5,72.1,72.7,74.1,77.9,82.1,83.8,84.4,84.7,83.9,82.6,80.8,78.2,74.7,70.2,65.5,61.3,60.7
70.1,71.1,72.0,73.2,74.2,75.1,76.4,78.1,81.9,86.9,89.5,91.0,91.8,92.0,91.5,90.5,88.9,86.9,84.1,80.9,77.4,73.5,70.4,71.2,72.3,73.5,74.6,75.9,77.2,78.6,79.7,81.0,84.1,88.8,91.8,93.5,94.2,94.1,93.5,92.4,90.5,87.9,84.6,80.9,76.7,72.3,69.9,70.4,71.3,72.2,73.1,74.1,75.0,75.8,76.8,77.6,79.7,84.3,87.9,89.8,90.7,90.5,89.9,88.7,86.8,84.3,81.2,77.3,72.7,68.1,66.7,67.3,67.7,68.2,69.0,69.4,70.2,71.0,71.5,72.3,73.8,77.4,81.5,83.4,84.3,84.5,83.8,82.6,80.5,77.9,74.4,70.2,65.3,60.9
69.1,70.2,71.0,72.0,73.2,74.2,75.1,76.4,78.2,81.9,86.9,89.6,91.2,92.0,92.2,91.8,90.7,89.0,87.0,84.3,81.1,77.7,73.7,70.6,71.3,72.4,73.5,74.6,75.9,77.3,78.5,79.6,80.8,84.1,88.7,91.8,93.6,93.9,93.9,93.6,92.3,90.5,87.6,84.5,80.8,76.5,72.1,69.8,70.3,71.4,72.3,72.9,73.9,74.8,75.6,76.4,77.4,79.5,84.1,87.7,89.8,90.6,90.4,90.0,88.6,86.8,84.3,81.2,77.3,72.6,67.8,66.6,67.0,67.4,68.0,68.6,69.1,69.8,70.5,71.2,72.1,73.4,76.7,81.1,83.2,84.1,84.3,83.8,82.3,80.3,77.7,74.4,70.1,65.0
68.8,69.2,69.9,71.0,71.9,73.2,74.2,75.1,76.6,78.3,82.0,87.0,89.7,91.3,92.2,92.5,91.9,90.6,89.1,87.3,84.5,81.5,77.9,73.8,70.7,71.4,72.4,73.6,74.6,75.9,77.2,78.4,79.4,80.8,84.0,88.8,92.0,93.3,93.8,94.0,93.5,92.3,90.3,87.5,84.3,80.5,76.3,72.0,69.7,70.4,71.4,72.0,72.7,73.6,74.5,75.2,76.1,77.2,79.4,83.9,87.7,89.7,90.6,90.4,89.9,88.6,86.7,84.4,81.3,77.2,72.3,67.5,66.3,66.6,67.2,67.6,68.3,68.6,69.3,70.1,71.0,71.7,72.9,76.3,80.9,83.0,83.8,84.3,83.4,82.1,80.1,77.7,74.4,69.8
71.7,68.9,69.0,69.9,70.9,72.0,73.3,74.2,75.2,76.7,78.4,82.2,87.2,89.8,91.6,92.5,92.6,91.8,90.8,89.3,87.5,84.9,81.9,78.1,73.9,70.8,71.5,72.5,73.5,74.6,75.8,77.2,78.3,79.4,80.7,84.0,88.9,91.7,93.0,93.8,93.9,93.4,92.2,90.2,87.3,84.1,80.4,76.3,71.9,69.7,70.4,71.2,71.7,72.5,73.4,74.2,74.9,75.9,77.1,79.2,83.8,87.5,89.7,90.3,90.3,89.8,88.5,86.9,84.4,81.2,77.0,72.1,67.2,66.0,66.4,66.7,67.3,67.8,68.1,69.0,69.9,70.7,71.3,72.6,76.0,80.6,82.7,83.7,84.0,83.2,82.0,80.2,77.8,74.2
75.3,71.8,68.7,69.0,69.9,71.0,72.0,73.2,74.3,75.4,76.9,78.6,82.4,87.2,90.0,91.9,92.5,92.5,92.0,91.0,89.6,87.9,85.3,82.1,78.2,74.0,70.7,71.5,72.5,73.4,74.6,75.7,77.1,78.3,79.3,80.7,84.0,88.5,91.5,93.0,93.6,93.8,93.3,92.1,90.0,87.1,84.0,80.4,76.1,71.8,69.8,70.2,71.0,71.5,72.2,73.1,73.9,74.8,75.8,76.9,79.1,83.7,87.7,89.4,90.3,90.2,89.8,88.7,86.8,84.3,81.2,76.8,71.7,66.8,65.8,66.0,66.4,66.9,67.4,67.8,68.8,69.6,70.3,71.0,72.3,75.6,80.3,82.7,83.5,83.8,83.2,82.2,80.2,77.6
78.8,75.5,71.8,68.8,69.0,70.0,71.0,72.0,73.3,74.3,75.6,77.0,78.8,82.4,87.4,90.4,91.9,92.5,92.5,92.2,91.3,89.9,88.4,85.5,82.2,78.4,74.1,70.8,71.5,72.4,73.5,74.5,75.7,77.1,78.2,79.3,80.8,83.6,88.4,91.4,92.9,93.5,93.7,93.1,91.9,89.8,87.2,84.1,80.3,76.0,71.8,69.6,70.1,70.8,71.4,71.9,72.7,73.8,74.8,75.6,76.8,79.0,83.8,87.5,89.4,90.0,90.3,90.0,88.6,86.8,84.3,81.0,76.5,71.4,66.6,65.3,65.7,66.0,66.4,67.1,67.5,68.4,69.2,70.0,70.7,72.0,75.4,80.3,82.3,83.3,83.8,83.4,82.2,80.0
82.2,79.0,75.5,71.8,68.8,69.1,70.1,71.0,72.1,73.3,74.5,75.8,77.3,78.8,82.6,87.8,90.3,91.8,92.5,92.7,92.4,91.7,90.4,88.6,85.7,82.6,78.6,74.1,70.7,71.5,72.4,73.4,74.4,75.6,76.9,78.1,79.3,80.5,83.5,88.3,91.3,92.7,93.5,93.5,92.9,91.8,89.9,87.3,84.1,80.2,75.9,71.5,69.5,69.8,70.6,71.0,71.6,72.6,73.6,74.6,75.5,76.7,79.0,83.5,87.3,89.3,90.2,90.6,89.9,88.6,86.8,84.1,80.8,76.3,71.1,66.1,64.9,65.3,65.5,66.2,66.8,67.3,68.0,68.9,69.7,70.4,71.8,75.3,79.9,82.1,83.3,83.9,83.4,82.0
85.2,82.4,79.0,75.6,71.9,68.8,69.2,70.1,71.0,72.2,73.4,74.6,76.1,77.3,79.0,83.0,87.7,90.2,91.8,92.7,93.0,92.8,92.0,90.6,88.8,86.1,82.9,78.7,74.0,70.6,71.6,72.4,73.3,74.4,75.4,76.8,78.1,79.1,80.4,83.4,88.3,91.2,92.7,93.4,93.3,92.8,91.8,89.9,87.2,84.0,80.0,75.6,71.2,69.3,69.7,70.2,70.8,71.5,72.5,73.5,74.5,75.4,76.8,78.8,83.2,87.2,89.4,90.3,90.3,89.8,88.7,86.7,84.0,80.5,75.9,70.6,65.8,64.5,64.8,65.3,65.9,66.5,66.8,67.7,68.7,69.4,70.2,71.8,74.8,79.6,82.1,83.4,83.9,83.2
87.4,85.4,82.4,79.1,75.7,71.9,68.9,69.2,70.1,71.2,72.4,73.5,74.7,76.1,77.4,79.3,83.0,87.6,90.3,92.0,93.1,93.3,93.2,92.3,90.9,89.2,86.4,82.9,78.6,73.9,70.7,71.5,72.3,73.2,74.2,75.3,76.8,78.0,78.9,80.3,83.3,88.0,91.1,92.6,93.1,93.3,92.8,91.8,89.9,87.1,83.7,79.5,75.3,71.0,69.1,69.3,70.0,70.6,71.4,72.4,73.4,74.3,75.5,76.6,78.5,83.0,87.3,89.5,90.1,90.2,89.9,88.5,86.6,83.6,80.0,75.4,70.1,65.3,64.1,64.5,65.0,65.6,66.0,66.6,67.5,68.4,69.2,70.3,71.4,74.5,79.6,82.2,83.4,83.7
89.2,87.6,85.3,82.5,79.1,75.6,72.1,68.9,69.2,70.2,71.4,72.5,73.7,74.7,76.2,77.7,79.4,82.9,87.6,90.5,92.4,93.4,93.8,93.4,92.6,91.4,89.6,86.6,82.9,78.5,73.8,70.7,71.4,72.2,73.1,74.1,75.2,76.7,77.8,78.9,80.3,83.1,87.9,90.9,92.4,93.0,93.2,92.9,91.8,89.8,86.8,83.3,79.2,75.0,70.8,68.8,69.1,69.8,70.5,71.3,72.2,73.2,74.3,75.3,76.3,78.3,83.0,87.3,89.3,90.0,90.3,89.8,88.4,86.1,83.2,79.6,74.9,69.6,64.8,63.8,64.3,64.7,65.2,65.8,66.4,67.2,68.3,69.2,69.9,71.1,74.4,79.5,82.1,83.3
90.5,89.4,87.6,85.4,82.6,79.1,75.8,72.1,68.9,69.2,70.3,71.5,72.6,73.6,74.8,76.6,77.8,79.4,83.0,87.8,90.9,92.7,93.8,93.9,93.6,93.0,91.6,89.7,86.5,82.8,78.4,73.7,70.7,71.3,72.1,73.1,74.0,75.1,76.5,77.6,78.9,80.2,83.0,87.8,90.7,92.4,92.8,93.3,92.9,91.7,89.6,86.3,83.0,79.0,74.7,70.5,68.5,69.0,69.8,70.3,71.1,72.1,73.2,74.1,75.1,76.2,78.3,83.0,87.1,89.2,90.0,90.2,89.7,87.9,85.6,82.7,79.1,74.3,69.1,64.5,63.6,63.9,64.4,64.9,65.6,66.1,67.2,68.3,68.8,69.4,71.0,74.3,79.4,82.0
91.2,90.7,89.3,87.6,85.4,82.6,79.2,75.9,72.1,69.0,69.4,70.5,71.6,72.5,73.8,75.1,76.6,77.8,79.5,83.1,88.1,91.2,93.2,94.0,94.2,94.1,93.3,91.8,89.6,86.4,82.6,78.2,73.6,70.5,71.2,72.0,73.0,73.9,74.9,76.4,77.6,78.8,80.2,82.7,87.4,90.6,92.1,93.0,93.3,92.9,91.4,89.0,86.1,82.8,78.7,74.4,70.2,68.4,68.9,69.6,70.2,70.9,72.1,73.0,73.9,74.8,76.2,78.3,82.8,87.0,89.1,89.8,90.0,89.2,87.3,85.1,82.2,78.5,73.8,68.7,64.2,63.3,63.7,64.1,64.7,65.3,66.0,67.1,67.8,68.3,69.4,71.0,74.1,79.1
91.1,91.4,90.7,89.3,87.6,85.4,82.7,79.3,76.0,72.2,69.1,69.5,70.7,71.6,72.6,74.1,75.1,76.6,77.9,79.7,83.4,88.4,91.5,93.4,94.2,94.7,94.3,93.4,91.7,89.5,86.2,82.4,78.0,73.5,70.4,71.1,72.0,72.9,73.7,74.9,76.4,77.6,78.8,80.0,82.3,87.3,90.3,92.2,93.1,93.4,92.6,90.8,88.7,85.8,82.5,78.4,74.1,70.0,68.3,68.8,69.4,70.0,71.0,71.9,72.7,73.6,74.8,76.2,78.1,82.7,87.0,89.0,89.7,89.6,88.6,86.8,84.6,81.6,77.9,73.3,68.4,63.9,63.0,63.4,63.9,64.5,65.2,66.1,66.7,67.4,68.3,69.4,70.8,73.7
90.5,91.3,91.4,90.7,89.4,87.7,85.5,82.7,79.5,76.0,72.3,69.2,69.7,70.7,71.6,72.9,74.1,75.2,76.7,78.2,79.9,83.7,88.6,91.7,93.6,94.6,94.8,94.4,93.3,91.7,89.2,85.9,82.2,78.0,73.3,70.3,71.1,71.9,72.6,73.7,75.0,76.4,77.5,78.6,79.7,82.1,86.9,90.3,92.2,93.2,93.0,92.1,90.6,88.4,85.5,82.3,78.2,74.1,69.9,68.2,68.6,69.2,70.0,70.7,71.6,72.4,73.7,74.8,76.0,77.9,82.5,86.7,88.8,89.1,88.9,88.0,86.3,84.0,81.0,77.5,72.9,68.0,63.6,62.8,63.2,63.6,64.4,65.2,65.6,66.2,67.3,68.2,69.2,70.5
89.0,90.7,91.3,91.4,90.7,89.5,87.8,85.5,82.9,79.5,76.2,72.4,69.4,69.8,70.7,71.9,73.0,74.3,75.3,77.0,78.3,80.3,83.9,88.8,92.0,94.0,94.6,94.9,94.3,93.2,91.4,88.9,85.6,82.2,77.8,73.2,70.2,70.9,71.7,72.7,73.8,74.9,76.3,77.2,78.2,79.5,81.7,86.8,90.3,92.2,92.8,92.6,91.8,90.2,87.9,85.3,81.9,78.1,73.9,69.7,68.1,68.5,69.3,69.8,70.5,71.3,72.5,73.6,74.6,75.8,77.8,82.1,86.5,88.3,88.4,88.4,87.4,85.7,83.4,80.5,77.0,72.5,67.6,63.3,62.6,63.0,63.5,64.4,64.8,65.1,66.2,67.2,68.0,68.9
86.3,89.2,90.7,91.3,91.3,90.9,89.6,87.7,85.7,82.9,79.6,76.2,72.5,69.4,69.8,70.9,72.0,73.2,74.4,75.6,77.2,78.7,80.5,84.0,88.9,92.3,94.0,94.7,94.9,94.3,93.0,91.0,88.6,85.7,82.1,77.7,73.1,70.2,70.8,71.8,72.7,73.8,74.9,76.1,76.9,78.1,79.2,81.6,86.9,90.3,91.9,92.3,92.3,91.4,89.8,87.6,84.8,81.9,78.0,73.7,69.5,68.0,68.5,69.0,69.5,70.3,71.4,72.4,73.4,74.5,75.8,77.4,81.8,86.0,87.6,87.9,87.8,86.8,85.0,82.9,80.0,76.5,72.0,67.3,63.0,62.3,63.0,63.5,64.0,64.3,65.0,66.0,66.8,67.7
81.6,86.4,89.3,90.7,91.1,91.5,90.9,89.6,87.8,85.8,83.1,79.7,76.3,72.5,69.5,70.1,71.0,72.2,73.3,74.7,75.8,77.5,78.9,80.7,84.2,89.2,92.4,94.1,94.7,94.7,94.1,92.7,90.8,88.7,85.7,82.1,77.6,72.9,70.1,70.8,71.8,72.8,73.8,74.8,75.8,76.8,77.8,79.1,81.7,86.8,90.0,91.4,92.1,92.0,91.1,89.4,87.2,84.9,81.8,77.8,73.6,69.3,67.9,68.3,68.8,69.4,70.4,71.3,72.3,73.3,74.4,75.4,77.1,81.3,85.3,87.0,87.3,87.3,86.3,84.6,82.5,79.6,76.0,71.7,67.0,62.7,62.2,63.0,63.1,63.5,64.3,64.9,65.7,66.6
78.2,81.6,86.5,89.3,90.5,91.3,91.5,91.0,89.6,87.8,85.9,83.1,79.8,76.4,72.7,69.7,70.1,71.2,72.3,73.6,74.8,76.1,77.9,79.1,80.8,84.4,89.3,92.4,94.1,94.7,94.5,93.9,92.6,90.9,88.7,85.8,81.9,77.4,72.7,70.1,70.9,71.9,72.8,73.7,74.5,75.7,76.5,77.7,79.1,81.6,86.4,89.5,91.3,91.8,91.5,90.7,89.0,87.2,84.7,81.5,77.7,73.4,69.2,67.7,68.1,68.6,69.4,70.3,71.2,72.1,73.3,74.1,75.1,76.6,80.6,84.8,86.4,86.7,86.8,85.8,84.1,82.0,79.1,75.7,71.5,66.7,62.6,62.3,62.6,62.7,63.4,64.1,64.6,65.4
76.5,78.1,81.6,86.6,89.1,90.7,91.5,91.5,91.0,89.6,88.0,86.0,83.2,79.9,76.6,72.9,69.7,70.4,71.4,72.6,73.8,75.1,76.5,78.1,79.2,81.0,84.5,89.3,92.4,93.9,94.5,94.3,93.7,92.6,91.0,88.8,85.6,81.6,77.3,72.7,70.2,70.9,71.8,72.7,73.4,74.5,75.4,76.5,77.7,79.1,81.3,85.9,89.3,91.0,91.4,91.2,90.4,89.0,87.1,84.5,81.5,77.7,73.4,69.0,67.5,67.8,68.6,69.4,70.1,71.0,72.1,72.9,73.9,74.7,76.1,80.0,84.1,85.8,86.3,86.3,85.4,83.6,81.4,78.8,75.5,71.3,66.5,62.6,61.9,62.1,62.6,63.3,63.8,64.3
75.1,76.5,78.1,81.7,86.4,89.3,90.8,91.5,91.5,90.9,89.8,88.1,86.1,83.3,80.2,76.8,73.0,69.9,70.5,71.6,72.8,74.0,75.5,76.6,78.1,79.5,81.0,84.4,89.3,92.2,93.7,94.2,94.2,93.7,92.7,91.1,88.5,85.2,81.5,77.1,72.7,70.3,70.9,71.7,72.6,73.3,74.3,75.4,76.5,77.8,78.9,80.9,85.7,88.9,90.6,91.1,91.0,90.4,88.8,86.9,84.4,81.5,77.7,73.2,68.7,67.3,67.8,68.6,69.2,69.9,70.9,71.7,72.6,73.6,74.2,75.6,79.3,83.5,85.4,85.8,85.9,84.8,83.1,81.2,78.7,75.3,71.2,66.4,62.2,61.4,62.0,62.5,62.9,63.4
74.3,75.0,76.4,78.0,81.6,86.6,89.4,90.8,91.5,91.4,91.1,89.9,88.2,86.2,83.7,80.4,76.9,73.1,70.0,70.7,71.7,73.0,74.4,75.6,76.8,78.3,79.5,81.1,84.5,89.1,92.0,93.5,94.0,94.2,93.8,92.8,90.9,88.1,85.1,81.3,77.1,72.6,70.3,70.8,71.6,72.5,73.2,74.2,75.4,76.5,77.6,78.5,80.8,85.3,88.5,90.2,90.9,91.0,90.2,88.6,86.8,84.3,81.5,77.5,72.9,68.4,67.3,67.8,68.4,68.9,69.8,70.5,71.4,72.3,73.1,73.7,75.0,78.7,83.1,84.9,85.4,85.3,84.3,82.9,81.0,78.5,75.2,71.0,66.0,61.6,61.3,61.9,62.1,62.5
