day 0,day 1,day 2,day 3,day 4,day 5,day 6,day 7,day 8,day 9,day 10,day 11,day 12,day 13,day 14,day 15,day 16,day 17,day 18,day 19,day 20,day 21,day 22,day 23,day 24,day 25,day 26,day 27,day 28,day 29,day 30,day 31,day 32,day 33,day 34,day 35,day 36,day 37,day 38,day 39,day 40,day 41,day 42,day 43,day 44,day 45,day 46,day 47,day 48,day 49,day 50,day 51,day 52,day 53,day 54,day 55,day 56,day 57,day 58,day 59,day 60,day 61,day 62,day 63,day 64,day 65,day 66,day 67,day 68,day 69,day 70,day 71,day 72,day 73,day 74,day 75,day 76,day 77,day 78,day 79,day 80,day 81,day 82,day 83,day 84,day 85,day 86,day 87,day 88,day 89,day 90
57.2,58.0,58.7,59.6,60.9,63.0,66.6,69.5,70.5,70.5,69.8,68.8,66.8,64.0,60.4,56.4,52.8,50.1,49.8,49.5,49.3,49.5,49.5,49.5,49.7,50.0,50.5,51.1,51.7,53.1,55.2,57.2,58.0,58.1,57.4,56.4,54.9,52.6,49.6,46.1,42.6,40.6,40.2,40.5,40.6,40.2,40.5,41.0,40.9,41.2,41.8,42.5,43.6,44.5,45.8,48.1,49.1,48.8,47.8,46.7,44.9,42.7,40.1,37.6,36.0,35.6,35.6,35.8,35.8,36.0,35.7,35.7,35.5,35.6,35.9,35.7,35.9,36.4,37.4,38.6,38.9,38.9,38.2,37.1,35.7,34.4,32.9,31.9,31.3,31.5,31.5
56.5,57.0,57.7,58.5,59.4,60.7,62.4,66.1,69.2,70.1,70.1,69.3,68.3,66.2,63.5,60.2,56.2,52.5,49.7,49.1,48.8,49.0,49.1,49.0,49.1,49.5,49.5,50.1,50.6,51.4,52.5,54.4,56.8,57.6,57.5,57.2,56.0,54.5,52.3,49.2,45.5,41.8,40.1,40.1,40.2,40.0,39.9,40.4,40.3,40.7,41.0,41.5,42.4,43.1,43.8,45.3,47.6,48.5,48.1,47.6,46.3,44.6,42.4,39.9,37.7,35.9,35.4,35.6,35.5,35.6,35.4,35.2,35.1,35.4,35.5,35.2,35.4,35.7,36.2,37.2,37.9,38.5,38.4,37.6,36.8,35.6,34.6,33.4,32.3,31.5,31.3
55.9,56.4,56.8,57.6,58.3,59.2,60.2,62.2,65.8,68.8,69.7,69.6,69.0,67.7,65.7,63.2,60.1,55.9,52.1,49.1,48.4,48.5,48.6,48.6,48.7,48.9,49.0,49.0,49.7,50.4,50.9,51.9,54.1,56.4,57.0,57.3,56.8,55.6,54.2,52.0,48.7,44.8,41.3,39.9,39.7,39.6,39.6,39.7,39.7,40.1,40.5,40.7,41.5,42.0,42.4,43.4,44.9,47.0,47.7,47.8,47.3,46.1,44.3,42.2,40.0,37.5,35.7,35.3,35.3,35.4,35.1,34.9,34.6,35.0,35.3,34.7,34.9,35.2,35.4,36.0,36.5,37.5,38.1,37.9,37.4,36.8,35.9,35.1,33.8,32.4,31.3
55.5,55.7,56.1,56.7,57.4,58.1,58.7,59.9,61.9,65.3,68.5,69.3,69.3,68.4,67.3,65.5,63.2,59.7,55.4,51.5,48.4,48.1,48.1,48.1,48.2,48.4,48.4,48.6,48.6,49.5,49.9,50.3,51.6,53.7,55.8,56.8,56.9,56.4,55.4,53.9,51.5,48.1,44.4,41.0,39.5,39.2,39.2,39.4,39.1,39.5,40.0,40.2,40.6,41.1,41.4,42.1,43.1,44.4,46.3,47.5,47.5,46.9,45.8,44.1,42.2,39.7,37.3,35.5,35.1,35.1,34.9,34.6,34.4,34.5,34.9,34.5,34.4,34.5,34.9,35.3,35.4,36.2,37.1,37.6,37.7,37.4,37.0,36.4,35.5,33.9,32.3
55.1,55.3,55.5,56.1,56.5,57.2,57.6,58.4,59.7,61.5,64.9,68.0,68.9,68.7,68.0,67.0,65.4,62.7,59.2,54.9,50.8,48.0,47.7,47.6,47.8,48.0,47.9,48.0,48.2,48.4,49.0,49.3,50.0,51.3,53.1,55.5,56.4,56.6,56.2,55.0,53.4,51.1,47.8,43.9,40.6,39.0,38.8,39.0,38.8,38.9,39.3,39.7,40.1,40.3,40.5,41.1,41.8,42.6,43.8,46.0,47.1,47.2,46.6,45.6,44.1,41.9,39.4,37.1,35.3,34.9,34.7,34.3,34.2,34.3,34.4,34.2,34.2,34.1,34.2,34.8,34.7,35.2,35.9,36.7,37.4,37.7,37.6,37.6,36.8,35.5,33.8
54.7,54.9,55.1,55.4,56.0,56.3,56.7,57.3,58.3,59.4,61.2,64.3,67.7,68.3,68.3,67.8,66.9,64.9,62.2,58.7,54.2,50.4,47.5,47.2,47.4,47.5,47.5,47.5,47.5,48.0,47.9,48.4,49.1,49.8,50.8,52.8,55.1,56.1,56.4,55.9,54.5,53.1,50.8,47.3,43.6,40.1,38.6,38.6,38.3,38.5,38.7,39.0,39.6,39.8,39.9,40.3,40.9,41.4,42.1,43.7,45.7,46.8,46.9,46.4,45.5,43.8,41.6,39.2,36.9,35.1,34.5,34.1,33.9,34.0,34.1,33.7,33.7,33.8,33.8,34.2,34.2,34.5,34.8,35.4,36.4,37.4,37.9,38.2,38.0,36.8,35.4
54.4,54.5,54.7,55.1,55.4,55.7,55.8,56.4,57.1,58.0,59.1,60.7,63.8,67.1,67.9,68.1,67.6,66.4,64.4,61.6,58.0,53.7,49.9,47.0,46.9,47.1,47.0,47.1,47.1,47.4,47.5,47.3,48.1,48.8,49.3,50.4,52.3,54.8,55.9,56.1,55.4,54.3,52.9,50.4,47.0,43.1,39.7,38.4,38.0,38.1,38.4,38.5,39.0,39.3,39.3,39.7,40.1,40.5,40.9,42.0,43.4,45.4,46.5,46.7,46.4,45.1,43.4,41.2,39.0,36.6,34.6,33.9,33.8,33.8,33.9,33.4,33.2,33.4,33.6,33.8,33.6,34.1,34.3,34.4,35.1,36.5,37.7,38.6,38.6,37.9,36.7
55.1,54.1,54.3,54.7,55.0,55.1,55.3,55.6,56.2,56.8,57.7,58.7,60.2,63.2,66.7,67.7,67.9,67.1,65.9,63.8,61.1,57.6,53.2,49.4,46.8,46.7,46.7,46.6,46.7,46.9,46.9,46.9,47.1,47.9,48.3,49.0,49.9,52.0,54.6,55.6,55.6,55.2,54.1,52.5,50.2,46.7,42.7,39.5,37.8,37.7,38.0,38.2,38.5,38.8,38.9,39.2,39.6,39.8,40.0,40.8,41.8,43.2,45.2,46.3,46.6,46.0,44.7,43.1,41.0,38.7,36.2,34.1,33.6,33.6,33.6,33.2,32.9,32.9,33.1,33.5,33.2,33.5,33.8,33.8,34.1,35.2,36.8,38.3,39.0,38.5,37.9
58.0,54.8,54.0,54.3,54.6,54.7,54.7,55.0,55.4,55.9,56.6,57.3,58.3,59.7,62.8,66.4,67.5,67.3,66.6,65.3,63.2,60.7,57.0,52.7,49.1,46.6,46.2,46.3,46.3,46.5,46.5,46.3,46.7,46.8,47.4,48.0,48.4,49.7,51.8,54.3,55.1,55.4,55.0,53.7,52.3,49.9,46.3,42.4,38.9,37.5,37.6,37.7,38.2,38.3,38.4,38.7,39.1,39.3,39.3,40.0,40.6,41.5,43.0,45.0,46.3,46.3,45.6,44.4,42.8,40.6,38.1,35.6,33.8,33.5,33.4,32.9,32.6,32.6,32.7,33.1,33.0,33.1,33.2,33.3,33.6,34.3,35.4,37.4,38.7,38.9,38.6
61.9,57.7,54.6,54.0,54.3,54.3,54.3,54.4,54.8,55.1,55.8,56.1,56.9,57.7,59.3,62.6,66.2,66.9,66.8,65.9,64.7,62.8,60.1,56.6,52.4,48.7,46.1,45.8,46.0,46.1,46.1,45.9,46.1,46.4,46.4,47.1,47.5,48.2,49.5,51.5,53.8,54.9,55.2,54.7,53.4,52.0,49.5,45.9,41.7,38.6,37.5,37.4,37.7,37.9,37.9,38.3,38.6,38.7,38.9,39.3,39.8,40.4,41.3,42.7,45.0,46.0,45.8,45.3,44.2,42.3,40.0,37.6,35.2,33.6,33.2,32.7,32.4,32.4,32.4,32.7,32.6,32.9,32.8,32.7,33.0,33.8,34.5,36.1,37.8,38.7,39.0
66.0,61.5,57.5,54.6,54.0,54.0,53.9,54.0,54.1,54.5,54.9,55.3,55.8,56.3,57.4,59.0,62.3,65.6,66.4,66.2,65.4,64.2,62.2,59.6,56.0,51.9,48.2,45.7,45.5,45.8,45.6,45.5,45.7,45.8,45.9,46.2,46.6,47.2,48.0,49.2,50.9,53.6,54.8,54.9,54.4,53.2,51.6,49.0,45.3,41.4,38.4,37.2,37.5,37.4,37.5,37.8,38.2,38.4,38.4,38.9,39.2,39.6,40.2,41.1,42.8,44.6,45.6,45.4,45.0,43.6,41.7,39.5,37.0,35.0,33.3,32.6,32.1,32.1,32.2,32.4,32.3,32.5,32.5,32.4,32.4,33.3,34.1,35.2,36.4,37.7,38.8
69.2,65.6,61.3,57.4,54.5,53.7,53.5,53.6,53.7,53.9,54.3,54.4,54.9,55.2,56.0,57.2,58.8,61.8,65.2,65.7,65.7,64.9,63.6,61.7,59.0,55.3,51.2,47.7,45.5,45.3,45.3,45.0,45.2,45.4,45.4,45.7,45.6,46.3,47.0,47.6,48.6,50.6,53.4,54.6,54.7,54.2,52.8,51.2,48.5,45.0,41.2,38.2,37.2,37.2,37.1,37.4,37.7,38.0,38.0,38.4,38.8,39.0,39.4,40.1,41.2,42.5,44.3,45.2,45.2,44.5,43.0,41.0,38.8,36.8,34.6,32.6,32.0,31.9,31.9,32.1,32.0,32.2,32.2,32.1,32.0,32.7,33.5,34.7,35.5,36.3,37.8
71.4,68.9,65.3,61.1,57.2,54.2,53.3,53.3,53.3,53.5,53.7,53.8,54.1,54.3,54.9,55.7,57.0,58.4,61.4,64.5,65.3,65.3,64.3,63.1,61.0,58.3,54.7,50.8,47.3,45.2,44.9,44.7,44.8,45.0,45.0,45.2,45.2,45.4,46.1,46.6,47.0,48.2,50.4,53.1,54.3,54.4,53.9,52.4,50.7,48.1,44.6,40.8,38.0,36.9,36.8,37.0,37.3,37.5,37.6,38.0,38.4,38.6,38.8,39.3,40.1,40.9,42.3,43.9,45.0,44.7,43.8,42.2,40.3,38.6,36.3,33.8,32.2,31.9,31.8,31.7,31.7,31.9,31.9,31.8,31.7,32.4,33.0,34.2,35.0,35.3,36.4
72.9,71.0,68.5,64.9,60.9,56.8,53.8,53.0,53.0,53.1,53.3,53.2,53.4,53.5,54.0,54.7,55.6,56.6,58.0,60.7,64.1,64.9,64.7,63.8,62.4,60.2,57.6,54.2,50.4,47.0,44.8,44.3,44.5,44.6,44.5,44.8,44.6,44.9,45.2,45.7,45.9,46.6,48.1,50.0,52.8,54.1,54.2,53.5,52.0,50.3,47.8,44.2,40.4,37.6,36.6,36.7,36.9,37.2,37.2,37.6,37.9,38.2,38.4,38.8,39.3,39.9,40.8,41.9,43.7,44.4,44.0,43.0,41.5,40.1,38.0,35.6,33.4,32.1,31.7,31.5,31.4,31.6,31.6,31.5,31.3,32.1,32.7,33.7,34.5,34.8,35.5
73.7,72.5,70.7,68.1,64.7,60.3,56.4,53.3,52.7,52.7,53.0,52.8,52.8,52.8,53.2,53.7,54.5,55.3,56.1,57.4,60.3,63.6,64.3,64.2,63.2,61.6,59.5,57.0,53.7,49.9,46.5,44.2,44.1,44.3,44.1,44.3,44.2,44.3,44.7,44.8,45.0,45.5,46.5,47.8,49.6,52.5,53.9,53.8,53.1,51.7,49.9,47.3,43.7,40.0,37.2,36.4,36.6,36.7,36.8,37.1,37.6,37.7,38.0,38.5,38.8,39.1,39.7,40.4,41.7,43.2,43.7,43.2,42.3,41.3,39.4,37.4,35.2,33.2,31.9,31.4,31.2,31.3,31.4,31.2,31.0,31.7,32.5,33.3,34.0,34.2,34.9
74.0,73.3,72.2,70.2,67.7,64.1,59.8,56.0,53.0,52.5,52.6,52.4,52.4,52.3,52.6,52.9,53.6,54.2,54.8,55.5,57.0,59.8,63.0,63.8,63.6,62.4,60.8,58.9,56.5,53.2,49.4,45.9,44.0,43.9,43.9,43.9,43.6,43.8,44.1,44.3,44.1,44.5,45.4,46.2,47.3,49.3,52.3,53.5,53.5,52.8,51.3,49.4,46.7,43.1,39.5,37.0,36.3,36.4,36.3,36.6,37.1,37.3,37.6,38.1,38.4,38.6,39.0,39.4,40.2,41.3,42.4,42.9,42.5,42.0,40.5,38.8,37.0,35.0,33.0,31.4,31.0,31.1,31.1,31.0,30.8,31.4,32.2,33.1,33.6,33.7,34.3
73.7,73.7,72.9,71.7,69.9,67.1,63.5,59.4,55.6,52.7,52.4,52.1,52.0,51.8,52.0,52.3,52.8,53.3,53.8,54.2,55.1,56.5,59.2,62.4,63.1,62.7,61.6,60.1,58.4,55.9,52.5,48.7,45.6,43.8,43.4,43.6,43.3,43.3,43.6,43.6,43.5,43.6,44.4,45.1,45.7,47.0,49.0,51.9,53.1,53.1,52.3,50.8,48.8,46.1,42.5,39.1,36.8,36.1,36.1,36.3,36.7,36.9,37.2,37.7,38.0,38.2,38.5,38.7,39.1,39.7,40.6,41.6,42.3,42.2,41.2,39.9,38.4,36.7,34.7,32.5,31.0,31.0,30.9,30.8,30.5,31.2,31.8,32.7,33.3,33.3,33.8
72.4,73.3,73.3,72.4,71.3,69.3,66.5,63.2,59.1,55.3,52.5,51.8,51.6,51.4,51.6,51.8,52.1,52.6,52.8,53.1,53.8,54.6,55.9,58.6,61.7,62.1,61.9,60.9,59.6,57.7,55.3,51.9,48.5,45.3,43.3,43.2,43.0,43.0,43.1,43.1,42.8,43.0,43.5,44.1,44.6,45.4,46.7,48.6,51.5,52.8,52.7,51.9,50.1,48.2,45.4,42.0,38.9,36.6,35.9,36.1,36.4,36.5,36.8,37.3,37.5,37.7,38.0,38.2,38.4,38.6,39.1,39.9,41.1,41.9,41.3,40.7,39.6,38.1,36.4,34.2,32.2,31.0,30.7,30.6,30.2,30.9,31.6,32.4,33.0,33.0,33.4
69.2,72.0,72.9,72.8,72.1,70.8,68.7,66.1,62.9,58.8,55.0,52.0,51.4,51.1,51.2,51.3,51.7,51.9,52.1,52.2,52.7,53.4,54.1,55.4,58.1,60.8,61.4,61.2,60.4,58.9,57.0,54.7,51.7,48.2,44.8,43.0,42.6,42.8,42.8,42.6,42.3,42.4,42.8,43.2,43.5,44.2,45.1,46.2,48.2,51.2,52.3,52.2,51.2,49.4,47.4,44.8,41.6,38.6,36.3,35.9,36.2,36.1,36.4,36.9,37.0,37.3,37.6,37.8,37.9,38.0,38.1,38.4,39.4,40.8,41.1,41.0,40.3,39.3,37.8,35.9,33.8,32.0,30.7,30.4,30.1,30.6,31.4,32.1,32.7,32.7,33.1
64.2,68.6,71.5,72.4,72.4,71.4,70.2,68.4,65.9,62.5,58.4,54.4,51.5,50.8,50.8,50.9,51.2,51.4,51.3,51.4,51.8,52.3,52.8,53.6,55.0,57.4,60.0,60.6,60.6,59.7,58.2,56.5,54.4,51.2,47.6,44.4,42.4,42.4,42.5,42.3,41.7,41.9,42.3,42.5,42.6,43.1,44.0,44.5,45.8,47.9,50.7,51.8,51.4,50.4,48.7,46.9,44.3,41.2,38.3,36.2,36.0,35.9,36.1,36.6,36.7,36.8,37.1,37.5,37.5,37.4,37.4,37.4,38.0,39.2,39.9,40.7,40.7,40.0,38.9,37.2,35.5,33.6,31.7,30.4,29.9,30.4,31.2,31.9,32.4,32.5,32.8
61.6,63.8,68.2,71.1,72.0,71.7,70.9,69.9,68.1,65.6,62.1,57.8,53.9,50.9,50.5,50.5,50.9,50.9,50.8,50.7,51.0,51.4,51.8,52.4,53.3,54.4,56.8,59.3,60.1,59.8,58.9,57.6,56.2,53.9,50.7,47.2,43.8,42.3,42.1,42.0,41.4,41.3,41.7,42.0,42.0,42.3,42.9,43.4,44.3,45.5,47.5,50.3,51.1,50.6,49.7,48.2,46.3,43.7,40.8,38.1,36.2,35.7,35.8,36.3,36.4,36.5,36.7,37.0,37.2,37.0,36.9,36.7,37.1,37.8,38.3,39.6,40.4,40.3,39.6,38.3,36.7,35.2,33.2,31.4,29.9,30.3,31.0,31.6,32.1,32.2,32.6
60.1,61.3,63.6,67.8,70.6,71.3,71.2,70.6,69.5,67.7,65.1,61.5,57.2,53.4,50.6,50.3,50.4,50.5,50.4,50.2,50.3,50.7,50.7,51.3,52.1,52.7,53.9,56.2,58.8,59.2,59.0,58.3,57.3,55.7,53.5,50.3,46.8,43.6,42.0,41.6,41.1,41.0,41.0,41.4,41.5,41.6,42.1,42.3,43.1,44.0,45.2,47.2,49.6,50.3,50.0,49.2,47.6,45.6,43.4,40.6,38.0,35.9,35.6,36.1,36.1,36.1,36.3,36.5,36.8,36.7,36.4,36.2,36.5,37.0,37.0,38.0,39.2,40.0,39.9,39.0,37.9,36.4,34.8,32.9,31.0,30.4,30.9,31.4,31.9,31.9,32.3
59.0,59.8,61.1,63.3,67.3,70.0,70.8,70.9,70.2,69.2,67.3,64.6,60.9,56.7,53.1,50.3,50.1,50.1,49.9,49.8,49.8,50.0,50.1,50.3,51.1,51.6,52.2,53.4,55.8,58.0,58.4,58.5,58.0,56.7,55.3,53.0,49.9,46.5,43.2,41.5,40.7,40.6,40.8,40.8,40.8,41.1,41.5,41.5,42.1,42.8,43.7,45.0,46.6,48.7,49.6,49.5,48.6,46.9,45.3,43.0,40.4,37.7,35.8,35.8,35.8,35.9,36.0,36.2,36.3,36.2,36.1,35.7,36.0,36.4,36.2,36.7,37.7,38.9,39.6,39.3,38.6,37.5,36.0,34.5,32.6,31.4,30.8,31.3,31.7,31.6,32.0
58.0,58.7,59.6,60.9,63.0,66.6,69.5,70.5,70.5,69.8,68.8,66.8,64.0,60.4,56.4,52.8,50.1,49.8,49.5,49.3,49.5,49.5,49.5,49.7,50.0,50.5,51.1,51.7,53.1,55.2,57.2,58.0,58.1,57.4,56.4,54.9,52.6,49.6,46.1,42.6,40.6,40.2,40.5,40.6,40.2,40.5,41.0,40.9,41.2,41.8,42.5,43.6,44.5,45.8,48.1,49.1,48.8,47.8,46.7,44.9,42.7,40.1,37.6,36.0,35.6,35.6,35.8,35.8,36.0,35.7,35.7,35.5,35.6,35.9,35.7,35.9,36.4,37.4,38.6,38.9,38.9,38.2,37.1,35.7,34.4,32.9,31.9,31.3,31.5,31.5,31.7
57.0,57.7,58.5,59.4,60.7,62.4,66.1,69.2,70.1,70.1,69.3,68.3,66.2,63.5,60.2,56.2,52.5,49.7,49.1,48.8,49.0,49.1,49.0,49.1,49.5,49.5,50.1,50.6,51.4,52.5,54.4,56.8,57.6,57.5,57.2,56.0,54.5,52.3,49.2,45.5,41.8,40.1,40.1,40.2,40.0,39.9,40.4,40.3,40.7,41.0,41.5,42.4,43.1,43.8,45.3,47.6,48.5,48.1,47.6,46.3,44.6,42.4,39.9,37.7,35.9,35.4,35.6,35.5,35.6,35.4,35.2,35.1,35.4,35.5,35.2,35.4,35.7,36.2,37.2,37.9,38.5,38.4,37.6,36.8,35.6,34.6,33.4,32.3,31.5,31.3,31.6
