day 0,day 1,day 2,day 3,day 4,day 5,day 6,day 7,day 8,day 9,day 10,day 11,day 12,day 13,day 14,day 15,day 16,day 17,day 18,day 19,day 20,day 21,day 22,day 23,day 24,day 25,day 26,day 27,day 28,day 29,day 30,day 31,day 32,day 33,day 34,day 35,day 36,day 37,day 38,day 39,day 40,day 41,day 42,day 43,day 44,day 45,day 46,day 47,day 48,day 49,day 50,day 51,day 52,day 53,day 54,day 55,day 56,day 57,day 58,day 59,day 60,day 61,day 62,day 63,day 64,day 65,day 66,day 67,day 68,day 69,day 70,day 71,day 72,day 73,day 74,day 75,day 76,day 77,day 78,day 79,day 80,day 81,day 82,day 83,day 84,day 85,day 86,day 87,day 88,day 89,day 90
69.8,70.4,71.2,72.2,73.2,74.5,76.6,78.3,79.0,78.8,78.1,77.0,75.4,73.0,70.0,66.6,63.5,61.1,61.0,60.9,60.8,61.0,61.0,61.1,61.5,61.7,62.2,62.7,63.6,64.9,66.6,68.5,69.4,69.3,68.5,67.1,65.5,63.0,59.8,56.2,52.9,51.2,51.1,51.1,50.8,51.1,51.2,51.6,52.2,52.7,53.3,54.2,55.1,56.1,57.7,60.1,61.3,61.3,60.5,58.9,56.9,54.3,51.1,48.0,45.2,44.7,45.0,45.3,45.8,46.3,46.9,47.3,47.6,48.1,48.7,49.2,50.1,51.0,52.4,54.3,55.2,55.3,54.5,53.1,51.3,49.0,46.4,44.4,43.0,43.3,43.5
69.1,69.5,70.0,70.8,72.0,72.9,74.2,76.4,78.0,78.6,78.6,77.8,76.6,75.0,72.5,69.7,66.3,63.2,60.8,60.5,60.4,60.3,60.3,60.4,60.5,60.8,61.0,61.5,62.4,63.2,64.4,65.9,68.0,69.1,69.1,68.1,67.1,65.3,62.6,59.6,55.9,52.6,50.9,50.6,50.5,50.5,50.6,50.9,51.4,51.8,52.3,53.1,53.9,54.7,55.8,57.4,59.8,61.0,61.0,60.2,58.6,56.8,54.2,51.1,48.2,45.2,44.6,45.0,45.3,45.8,46.3,46.6,46.8,47.2,47.9,48.3,49.0,49.9,50.9,52.0,53.9,55.2,55.0,54.2,53.0,51.2,48.9,46.7,44.8,43.2,43.3
68.2,68.7,69.1,69.7,70.6,71.6,72.6,74.0,76.0,77.7,78.3,78.3,77.5,76.3,74.5,72.3,69.4,66.0,62.9,60.3,60.0,59.9,59.6,59.8,59.9,59.8,60.1,60.3,61.2,62.0,62.7,63.7,65.4,67.7,68.8,68.7,68.1,66.9,64.8,62.4,59.3,55.4,52.2,50.3,50.0,50.1,50.0,50.2,50.6,51.0,51.4,52.1,52.8,53.4,54.4,55.5,57.2,59.5,60.7,60.7,59.9,58.5,56.7,54.2,51.3,48.2,45.0,44.5,45.0,45.4,45.7,45.9,46.1,46.5,47.1,47.6,48.1,48.8,49.8,50.5,51.6,53.9,54.9,54.8,54.1,52.9,51.1,49.1,47.1,45.0,43.2
67.6,67.9,68.3,68.8,69.4,70.3,71.3,72.4,73.6,75.6,77.4,78.0,78.0,77.1,75.8,74.3,72.0,69.1,65.6,62.4,59.8,59.5,59.2,59.1,59.2,59.1,59.1,59.4,60.0,60.8,61.5,62.1,63.2,65.1,67.4,68.4,68.6,67.8,66.4,64.5,62.0,58.8,55.2,51.7,49.8,49.6,49.6,49.7,49.9,50.3,50.6,51.3,51.8,52.4,53.1,54.1,55.2,57.0,59.2,60.4,60.4,59.8,58.4,56.6,54.4,51.2,47.9,44.9,44.5,45.0,45.2,45.4,45.4,45.8,46.4,46.8,47.3,47.9,48.7,49.5,50.1,51.7,53.6,54.6,54.7,54.0,52.8,51.4,49.6,47.2,44.9
67.0,67.2,67.4,67.9,68.5,69.0,69.9,71.0,72.0,73.3,75.4,77.1,77.8,77.7,76.6,75.6,74.0,71.6,68.7,65.1,61.8,59.2,58.8,58.7,58.5,58.4,58.4,58.5,59.2,59.7,60.3,60.8,61.6,62.9,64.7,67.0,68.3,68.3,67.3,66.1,64.2,61.6,58.5,54.7,51.1,49.4,49.0,49.3,49.4,49.6,49.9,50.5,50.9,51.4,52.1,52.8,53.9,55.0,56.6,58.9,60.1,60.4,59.7,58.4,56.8,54.3,51.0,47.7,44.8,44.6,44.9,44.9,44.9,45.1,45.8,46.0,46.6,47.1,47.9,48.3,49.1,50.2,51.4,53.3,54.6,54.6,53.9,53.0,51.8,49.7,47.1
66.6,66.6,66.7,67.0,67.6,68.1,68.8,69.7,70.7,71.7,73.1,75.1,77.0,77.6,77.2,76.5,75.4,73.7,71.2,68.2,64.5,61.2,58.5,58.2,58.0,57.7,57.7,57.9,58.2,58.8,59.2,59.6,60.3,61.3,62.6,64.3,66.8,68.0,67.8,67.1,65.7,63.7,61.4,58.1,54.3,50.7,48.8,48.7,48.9,49.0,49.2,49.7,50.0,50.5,51.0,51.8,52.6,53.6,54.7,56.3,58.6,60.1,60.2,59.6,58.7,56.7,54.0,50.8,47.7,44.9,44.6,44.6,44.4,44.7,45.1,45.4,45.9,46.4,47.0,47.4,48.0,49.1,49.9,51.1,53.3,54.5,54.5,54.1,53.4,51.9,49.5
66.2,66.2,66.1,66.3,66.7,67.3,67.8,68.5,69.4,70.4,71.5,72.7,74.8,76.6,77.1,77.0,76.3,75.1,73.3,70.8,67.6,63.8,60.5,58.0,57.6,57.2,57.0,57.1,57.6,57.8,58.4,58.5,59.2,60.0,61.0,62.2,64.1,66.5,67.5,67.5,66.7,65.3,63.5,61.0,57.8,53.8,50.1,48.4,48.4,48.5,48.6,49.0,49.3,49.6,50.0,50.8,51.6,52.4,53.3,54.4,56.0,58.6,60.0,60.1,59.9,58.5,56.4,53.8,50.7,47.6,44.7,44.2,44.1,44.2,44.7,44.8,45.3,45.7,46.3,46.7,47.1,48.0,48.9,49.7,51.1,53.2,54.4,54.7,54.5,53.4,51.7
66.2,65.8,65.7,65.7,65.9,66.4,66.9,67.6,68.2,69.1,70.2,71.2,72.4,74.6,76.2,77.0,76.8,75.9,74.7,72.9,70.1,67.0,63.2,59.9,57.3,56.8,56.5,56.5,56.8,57.2,57.4,57.7,58.1,58.8,59.7,60.6,61.9,63.9,66.1,67.2,67.2,66.3,65.1,63.1,60.7,57.3,53.1,49.7,48.1,48.0,48.2,48.4,48.5,48.9,49.2,49.8,50.6,51.3,52.0,53.1,54.1,56.0,58.5,59.9,60.4,59.7,58.3,56.3,53.8,50.5,47.4,44.4,43.7,43.9,44.2,44.4,44.7,45.1,45.6,46.0,46.4,47.1,47.8,48.6,49.6,51.0,53.1,54.6,55.1,54.6,53.3
68.5,65.7,65.3,65.3,65.3,65.6,66.1,66.7,67.2,67.9,69.0,69.9,70.9,72.1,74.1,76.0,76.7,76.4,75.6,74.3,72.2,69.5,66.4,62.7,59.3,56.5,56.0,56.0,56.2,56.5,56.7,56.7,57.2,57.7,58.5,59.3,60.4,61.7,63.4,65.7,66.8,66.8,66.1,64.8,62.9,60.1,56.7,52.7,49.3,47.7,47.7,47.9,48.0,48.1,48.4,48.9,49.6,50.3,51.0,51.9,52.8,54.1,55.9,58.5,60.2,60.2,59.6,58.1,56.2,53.5,50.2,47.0,43.9,43.5,43.9,43.9,44.3,44.6,45.1,45.3,45.7,46.4,46.9,47.6,48.6,49.7,51.0,53.4,54.9,55.1,54.4
71.2,68.0,65.3,64.9,64.9,65.1,65.3,65.8,66.4,67.0,67.7,68.7,69.5,70.5,71.7,73.9,75.7,76.3,76.1,75.2,73.6,71.6,69.1,65.9,62.2,58.6,55.8,55.6,55.7,55.8,56.0,56.1,56.2,56.8,57.5,58.1,59.0,60.2,61.4,63.1,65.4,66.4,66.5,65.8,64.6,62.3,59.6,56.2,52.2,48.8,47.5,47.5,47.5,47.6,47.6,48.2,48.8,49.4,50.0,50.9,51.5,52.8,54.1,55.9,58.8,59.9,60.0,59.3,58.1,55.9,53.1,49.8,46.4,43.7,43.5,43.5,43.8,44.2,44.5,44.7,45.1,45.7,46.2,46.6,47.5,48.6,49.7,51.3,53.7,54.9,54.9
74.0,70.9,67.6,64.8,64.6,64.6,64.7,65.1,65.6,66.2,66.8,67.5,68.4,69.1,70.1,71.5,73.6,75.3,75.9,75.7,74.5,73.0,71.2,68.5,65.4,61.5,57.8,55.3,55.3,55.4,55.4,55.4,55.6,55.9,56.6,57.0,57.8,58.8,59.9,61.1,62.8,65.0,66.2,66.2,65.6,63.9,61.8,59.2,55.6,51.7,48.6,47.2,47.1,47.1,47.1,47.4,48.1,48.5,49.1,49.9,50.5,51.5,52.8,54.1,56.1,58.5,59.8,59.8,59.2,57.7,55.5,52.5,49.2,46.1,43.6,43.1,43.4,43.7,44.1,44.1,44.5,45.1,45.5,45.9,46.6,47.5,48.7,50.0,51.6,53.7,54.8
76.5,73.7,70.5,67.3,64.5,64.2,64.3,64.5,64.9,65.4,66.0,66.5,67.1,68.0,68.8,69.9,71.2,73.1,74.9,75.5,75.0,74.0,72.6,70.6,68.0,64.8,60.7,57.3,55.1,54.9,54.9,54.7,54.9,55.3,55.6,56.1,56.8,57.6,58.6,59.6,60.8,62.4,64.8,65.9,66.1,64.9,63.4,61.4,58.5,55.1,51.5,48.3,46.8,46.7,46.5,46.9,47.3,47.9,48.2,48.9,49.6,50.5,51.5,52.9,54.3,55.9,58.4,59.6,59.6,58.9,57.2,54.9,51.9,48.9,46.0,43.3,43.0,43.4,43.6,43.7,43.9,44.5,45.0,45.2,45.9,46.6,47.6,49.0,50.3,51.7,53.6
78.3,76.2,73.4,70.2,66.9,64.2,63.9,64.0,64.3,64.7,65.2,65.7,66.2,66.8,67.7,68.5,69.7,70.8,72.7,74.4,74.9,74.5,73.6,72.1,70.2,67.5,64.1,60.2,57.0,54.7,54.5,54.2,54.2,54.6,55.0,55.1,55.9,56.6,57.4,58.3,59.3,60.4,62.2,64.5,65.6,65.5,64.5,63.0,60.7,58.1,54.9,51.2,47.8,46.3,46.1,46.3,46.8,47.1,47.6,48.1,48.6,49.6,50.5,51.6,53.1,54.1,55.8,58.2,59.4,59.2,58.4,56.7,54.3,51.7,48.7,45.7,43.2,43.0,43.3,43.2,43.6,44.0,44.4,44.7,45.2,46.0,46.8,47.9,49.3,50.3,51.6
79.6,78.0,75.9,73.1,70.0,66.7,63.8,63.6,63.8,64.1,64.5,64.9,65.3,65.8,66.4,67.4,68.3,69.2,70.4,72.2,73.8,74.4,74.1,73.1,71.7,69.7,66.8,63.6,59.9,56.6,54.2,53.8,53.9,53.9,54.3,54.5,54.9,55.7,56.4,57.2,58.0,59.0,60.2,61.8,64.2,65.0,65.1,64.1,62.4,60.2,57.8,54.5,50.7,47.3,45.8,45.9,46.2,46.6,46.8,47.5,47.7,48.6,49.6,50.6,51.8,52.9,54.0,55.6,58.0,59.0,58.8,57.8,56.0,54.0,51.4,48.4,45.5,43.1,42.8,42.8,43.1,43.6,43.8,44.1,44.7,45.3,46.1,47.1,48.3,49.3,50.3
80.4,79.3,77.7,75.7,72.9,69.7,66.3,63.6,63.4,63.6,63.9,64.2,64.5,64.9,65.4,66.1,67.2,67.8,68.8,69.9,71.6,73.3,74.0,73.6,72.7,71.1,69.0,66.3,63.2,59.5,56.0,53.5,53.4,53.5,53.7,53.8,54.3,54.7,55.5,56.1,56.8,57.6,58.7,59.8,61.5,63.7,64.6,64.6,63.5,61.9,60.0,57.4,53.9,50.3,46.7,45.5,45.7,45.9,46.3,46.7,47.1,47.7,48.7,49.7,50.8,51.6,52.8,53.8,55.5,57.6,58.6,58.2,57.2,55.8,53.7,51.0,48.1,45.3,42.9,42.4,42.7,43.1,43.5,43.6,44.1,44.8,45.5,46.4,47.5,48.3,49.3
80.9,80.2,79.0,77.5,75.5,72.7,69.4,66.1,63.4,63.2,63.5,63.5,63.7,64.1,64.6,65.2,66.0,66.8,67.4,68.2,69.3,71.0,72.9,73.6,73.2,72.1,70.5,68.5,65.9,62.8,59.0,55.3,53.2,53.0,53.3,53.2,53.6,54.2,54.5,55.3,55.9,56.5,57.4,58.3,59.5,61.0,63.3,64.2,64.0,63.1,61.6,59.5,56.8,53.6,49.8,46.4,45.4,45.5,45.7,46.2,46.3,47.0,47.8,48.7,49.8,50.6,51.5,52.6,53.7,55.1,57.3,58.0,57.7,57.0,55.5,53.3,50.7,48.0,45.1,42.5,42.3,42.7,42.9,43.2,43.6,44.2,45.0,45.8,46.8,47.5,48.3
80.8,80.7,79.8,78.8,77.3,75.3,72.4,69.1,65.8,63.2,63.0,63.1,63.1,63.4,63.8,64.3,65.0,65.5,66.3,66.9,67.6,68.7,70.6,72.5,73.1,72.6,71.5,70.0,68.0,65.5,62.3,58.4,54.9,52.8,52.7,52.8,53.0,53.5,54.0,54.3,55.0,55.5,56.3,56.9,57.9,58.9,60.6,62.9,63.5,63.6,62.8,61.2,58.9,56.5,53.1,49.4,46.3,45.1,45.3,45.6,45.7,46.2,47.1,47.8,48.9,49.7,50.5,51.3,52.5,53.4,54.8,56.7,57.5,57.4,56.6,55.1,53.0,50.5,47.6,44.6,42.4,42.3,42.6,42.7,43.3,43.8,44.5,45.3,46.2,46.8,47.5
79.9,80.6,80.4,79.6,78.6,77.1,75.0,72.2,68.8,65.6,63.0,62.7,62.7,62.8,63.1,63.6,64.1,64.6,65.1,65.8,66.3,67.0,68.2,70.1,71.8,72.5,72.0,71.1,69.5,67.6,65.0,61.8,58.1,54.6,52.5,52.2,52.6,52.8,53.3,53.7,54.1,54.7,55.2,55.7,56.6,57.3,58.4,60.2,62.2,63.1,63.3,62.4,60.6,58.7,56.2,52.7,49.3,45.9,44.9,45.1,45.1,45.6,46.4,47.2,47.9,48.8,49.7,50.3,51.2,52.3,53.1,54.2,56.1,57.2,57.0,56.3,54.8,52.8,50.2,47.1,44.6,42.4,42.2,42.4,42.8,43.4,44.1,44.8,45.6,46.1,46.8
78.1,79.7,80.2,80.1,79.3,78.3,76.9,74.7,71.8,68.5,65.3,62.6,62.3,62.3,62.5,62.9,63.4,63.8,64.2,64.6,65.2,65.8,66.5,67.7,69.4,71.2,71.9,71.6,70.5,69.2,67.0,64.5,61.5,57.7,54.2,52.1,52.0,52.5,52.7,53.1,53.4,53.7,54.4,54.7,55.4,56.0,56.9,58.1,59.6,61.8,62.8,62.9,62.0,60.4,58.4,55.8,52.5,49.0,45.7,44.8,44.8,45.0,45.8,46.5,47.3,47.9,48.7,49.5,50.3,51.0,51.9,52.5,53.6,55.8,56.8,56.7,55.9,54.6,52.5,49.7,47.1,44.5,42.3,42.0,42.4,42.9,43.7,44.4,45.1,45.6,46.1
75.8,77.8,79.4,80.0,79.9,79.1,78.2,76.6,74.4,71.6,68.3,64.9,62.2,62.0,62.0,62.2,62.7,63.0,63.3,63.7,64.1,64.6,65.2,66.0,67.0,68.7,70.6,71.4,71.1,70.2,68.6,66.5,64.2,61.1,57.3,53.8,51.9,51.9,52.3,52.5,52.8,53.1,53.4,53.8,54.3,54.8,55.6,56.6,57.6,59.1,61.4,62.5,62.5,61.7,60.1,58.1,55.6,52.1,48.6,45.5,44.4,44.7,45.2,45.9,46.6,47.2,47.7,48.6,49.4,50.1,50.7,51.4,52.0,53.4,55.5,56.5,56.4,55.7,54.2,52.0,49.6,46.9,44.4,42.0,42.1,42.6,43.2,44.0,44.6,45.0,45.6
74.2,75.4,77.5,79.1,79.7,79.7,78.9,77.9,76.3,74.2,71.3,67.8,64.4,61.9,61.6,61.8,62.1,62.4,62.6,62.8,63.2,63.5,64.1,64.7,65.4,66.4,68.1,70.1,70.9,70.7,69.6,68.1,66.3,63.9,60.7,56.9,53.6,51.8,51.9,52.1,52.2,52.5,52.7,52.8,53.4,53.8,54.5,55.3,56.1,57.2,58.9,61.1,62.1,62.3,61.4,59.8,57.9,55.2,51.8,48.3,45.1,44.4,44.9,45.3,46.0,46.5,47.1,47.7,48.6,49.3,49.8,50.2,50.9,51.8,53.1,55.1,56.2,56.2,55.4,53.7,52.0,49.5,46.7,44.1,42.1,42.2,42.9,43.6,44.3,44.6,45.1
72.9,73.8,75.1,77.2,78.8,79.4,79.5,78.6,77.5,76.0,73.9,70.9,67.3,64.1,61.5,61.4,61.6,61.7,61.9,62.1,62.3,62.5,62.9,63.6,64.1,64.7,65.7,67.6,69.6,70.4,70.1,69.1,67.8,66.0,63.5,60.4,56.7,53.4,51.7,51.7,51.8,51.9,52.1,52.1,52.5,52.8,53.4,54.1,54.7,55.6,56.9,58.5,60.6,61.9,61.9,61.1,59.6,57.5,54.9,51.5,48.0,45.0,44.5,45.1,45.4,45.9,46.4,47.1,47.7,48.4,49.0,49.2,49.7,50.7,51.5,52.8,54.8,56.0,55.9,54.9,53.7,51.8,49.2,46.5,44.1,42.3,42.6,43.3,43.9,44.2,44.6
71.5,72.5,73.5,74.8,76.8,78.4,79.3,79.2,78.3,77.3,75.7,73.5,70.5,66.9,63.7,61.3,61.3,61.3,61.3,61.5,61.6,61.6,62.0,62.4,62.9,63.4,64.0,65.3,67.1,69.1,69.9,69.7,68.8,67.5,65.6,63.3,60.2,56.4,53.2,51.5,51.4,51.5,51.4,51.5,51.8,51.9,52.5,53.1,53.7,54.4,55.4,56.6,58.0,60.4,61.5,61.6,60.9,59.2,57.2,54.5,51.2,48.0,45.1,44.7,45.1,45.3,45.8,46.3,47.0,47.6,48.1,48.4,48.8,49.6,50.4,51.2,52.5,54.6,55.7,55.4,54.8,53.4,51.5,49.0,46.5,44.2,42.6,43.0,43.5,43.8,44.3
70.4,71.2,72.2,73.2,74.5,76.6,78.3,79.0,78.8,78.1,77.0,75.4,73.0,70.0,66.6,63.5,61.1,61.0,60.9,60.8,61.0,61.0,61.1,61.5,61.7,62.2,62.7,63.6,64.9,66.6,68.5,69.4,69.3,68.5,67.1,65.5,63.0,59.8,56.2,52.9,51.2,51.1,51.1,50.8,51.1,51.2,51.6,52.2,52.7,53.3,54.2,55.1,56.1,57.7,60.1,61.3,61.3,60.5,58.9,56.9,54.3,51.1,48.0,45.2,44.7,45.0,45.3,45.8,46.3,46.9,47.3,47.6,48.1,48.7,49.2,50.1,51.0,52.4,54.3,55.2,55.3,54.5,53.1,51.3,49.0,46.4,44.4,43.0,43.3,43.5,43.9
69.5,70.0,70.8,72.0,72.9,74.2,76.4,78.0,78.6,78.6,77.8,76.6,75.0,72.5,69.7,66.3,63.2,60.8,60.5,60.4,60.3,60.3,60.4,60.5,60.8,61.0,61.5,62.4,63.2,64.4,65.9,68.0,69.1,69.1,68.1,67.1,65.3,62.6,59.6,55.9,52.6,50.9,50.6,50.5,50.5,50.6,50.9,51.4,51.8,52.3,53.1,53.9,54.7,55.8,57.4,59.8,61.0,61.0,60.2,58.6,56.8,54.2,51.1,48.2,45.2,44.6,45.0,45.3,45.8,46.3,46.6,46.8,47.2,47.9,48.3,49.0,49.9,50.9,52.0,53.9,55.2,55.0,54.2,53.0,51.2,48.9,46.7,44.8,43.2,43.3,43.6
