day 0,day 1,day 2,day 3,day 4,day 5,day 6,day 7,day 8,day 9,day 10,day 11,day 12,day 13,day 14,day 15,day 16,day 17,day 18,day 19,day 20,day 21,day 22,day 23,day 24,day 25,day 26,day 27,day 28,day 29,day 30,day 31,day 32,day 33,day 34,day 35,day 36,day 37,day 38,day 39,day 40,day 41,day 42,day 43,day 44,day 45,day 46,day 47,day 48,day 49,day 50,day 51,day 52,day 53,day 54,day 55,day 56,day 57,day 58,day 59,day 60,day 61,day 62,day 63,day 64,day 65,day 66,day 67,day 68,day 69,day 70,day 71,day 72,day 73,day 74,day 75,day 76,day 77,day 78,day 79,day 80,day 81,day 82,day 83,day 84,day 85,day 86,day 87,day 88,day 89,day 90,day 91,day 92,day 93
39.1,40.3,41.5,42.8,44.6,46.8,49.6,51.7,52.9,53.2,53.0,52.4,51.5,50.2,49.0,47.6,45.9,43.9,42.0,42.7,43.3,44.3,45.3,46.4,47.7,49.5,51.1,52.7,54.8,57.8,60.7,62.3,63.0,63.1,62.6,62.2,61.2,60.1,58.5,56.4,54.4,52.1,49.3,49.1,49.9,51.0,51.8,53.0,54.1,55.2,57.0,59.1,61.1,63.6,65.5,66.8,67.7,68.2,68.0,67.7,67.2,66.3,65.2,63.8,62.2,60.4,58.3,57.0,57.6,58.7,60.0,61.2,62.7,64.0,65.7,67.6,70.0,72.8,75.2,76.4,77.4,77.1,76.7,76.0,74.8,73.7,72.4,70.9,68.8,66.5,64.4,62.8,63.4,64.1
38.4,39.2,40.4,41.7,43.2,45.0,47.3,50.0,52.2,53.3,53.6,53.6,52.9,51.8,51.0,49.7,48.2,46.4,44.5,42.5,42.6,43.7,44.6,45.6,46.7,48.3,49.7,51.2,53.1,55.3,58.2,60.9,62.3,63.1,63.0,63.0,62.7,61.8,60.4,58.7,56.7,54.7,52.4,49.8,49.4,50.4,51.1,51.9,53.0,54.1,55.7,57.5,59.2,61.0,63.4,65.6,67.1,68.1,68.4,68.4,68.3,67.6,67.0,66.0,64.6,62.9,60.9,58.7,57.4,58.0,59.3,60.2,61.7,63.1,64.3,65.9,67.9,70.1,72.8,75.3,76.6,77.2,76.8,76.5,75.9,75.0,74.0,73.0,71.3,69.2,67.0,64.7,63.1,63.5
37.6,38.7,39.3,40.6,42.1,43.7,45.5,47.7,50.6,52.6,53.7,54.1,54.1,53.4,52.6,51.7,50.3,48.8,47.0,44.9,42.5,43.1,43.9,44.8,45.9,47.1,48.4,49.8,51.6,53.5,55.7,58.3,61.0,62.4,63.0,63.4,63.5,63.2,62.2,60.6,59.0,57.0,55.0,52.8,50.2,49.8,50.4,51.2,52.0,53.0,54.7,56.3,57.8,59.1,60.8,63.5,65.8,67.5,68.3,68.7,68.9,68.8,68.4,67.8,66.7,65.4,63.5,61.4,59.3,57.8,58.7,59.6,60.7,62.1,63.3,64.4,66.2,68.1,70.1,73.0,75.4,76.4,76.9,76.7,76.4,76.1,75.3,74.6,73.5,71.6,69.6,67.3,65.0,63.2
37.0,37.8,38.7,39.6,41.1,42.6,44.1,45.9,48.2,50.9,53.1,54.2,54.6,54.5,54.1,53.3,52.3,50.9,49.3,47.4,45.0,43.0,43.3,44.1,45.1,46.3,47.3,48.6,50.3,52.0,53.9,55.9,58.5,61.1,62.3,63.4,63.9,64.1,63.5,62.4,60.9,59.2,57.3,55.5,53.1,50.6,49.9,50.6,51.2,52.1,53.6,55.3,56.5,57.7,58.9,61.0,63.7,66.2,67.7,68.7,69.2,69.4,69.6,69.3,68.6,67.5,66.0,64.1,62.0,59.7,58.4,58.9,60.1,61.1,62.2,63.4,64.8,66.3,68.2,70.3,73.2,75.3,76.2,76.8,76.7,76.6,76.5,75.9,75.1,73.8,72.1,69.8,67.5,65.2
36.3,37.2,37.8,38.9,40.0,41.5,43.0,44.4,46.3,48.5,51.4,53.6,54.6,55.0,55.2,54.9,54.0,52.9,51.4,49.7,47.6,45.6,43.2,43.5,44.4,45.5,46.4,47.4,49.0,50.6,52.4,54.1,56.0,58.5,61.0,62.8,63.9,64.5,64.4,63.8,62.6,61.0,59.5,57.8,55.8,53.5,50.8,50.0,50.6,51.3,52.7,54.2,55.4,56.4,57.5,59.0,61.2,64.1,66.4,68.1,69.2,69.7,70.3,70.4,70.0,69.3,68.1,66.6,64.7,62.4,60.3,58.6,59.4,60.5,61.3,62.3,63.8,65.0,66.4,68.3,70.5,73.2,75.1,76.1,76.7,76.9,77.1,77.0,76.4,75.4,74.2,72.3,70.1,67.7
35.9,36.5,37.1,38.0,39.4,40.5,41.9,43.3,44.9,46.6,49.0,51.9,54.0,55.1,55.8,56.0,55.5,54.5,53.5,51.8,50.0,48.2,45.9,43.5,43.8,44.8,45.6,46.5,47.8,49.3,51.0,52.5,54.2,56.1,58.5,61.5,63.2,64.5,64.7,64.6,63.9,62.7,61.4,60.1,58.1,56.2,53.7,51.0,50.0,50.7,51.9,53.2,54.4,55.4,56.3,57.6,59.2,61.6,64.3,66.8,68.6,69.7,70.5,71.2,71.2,70.8,69.9,68.8,67.3,65.2,63.0,60.5,59.1,59.7,60.6,61.5,62.6,64.0,65.1,66.6,68.5,70.4,72.9,75.0,76.0,76.8,77.4,77.6,77.5,76.8,75.8,74.4,72.5,70.3
35.5,36.0,36.4,37.3,38.5,39.8,40.9,42.2,43.8,45.0,47.0,49.5,52.4,54.4,55.8,56.5,56.6,56.1,55.1,53.9,52.1,50.5,48.6,46.3,43.9,44.2,44.9,45.7,46.8,48.0,49.7,51.2,52.6,54.3,55.9,58.9,61.9,63.8,64.7,65.0,64.7,64.1,63.0,61.9,60.3,58.4,56.4,54.0,51.1,50.1,51.3,52.5,53.4,54.4,55.3,56.4,57.8,59.6,61.9,64.7,67.3,69.1,70.6,71.4,72.0,72.0,71.3,70.6,69.4,67.7,65.7,63.2,61.0,59.4,59.9,60.7,61.7,62.9,64.1,65.3,66.9,68.5,70.1,72.8,74.9,76.1,77.4,77.8,78.0,78.0,77.2,76.1,74.6,72.8
36.6,35.6,35.9,36.6,37.9,38.9,40.2,41.2,42.7,43.9,45.4,47.6,50.1,53.0,55.2,56.5,57.1,57.2,56.7,55.5,54.3,52.6,51.0,49.1,46.7,44.3,44.3,44.9,46.1,47.1,48.4,49.9,51.2,52.8,54.3,56.3,59.3,62.6,64.1,65.0,65.1,64.8,64.5,63.5,62.1,60.6,58.7,56.7,54.0,51.2,50.7,51.8,52.6,53.4,54.3,55.4,56.6,58.1,59.9,62.1,65.1,67.8,70.0,71.4,72.2,72.7,72.5,72.0,71.2,70.0,68.3,65.8,63.6,61.3,59.5,60.0,61.0,62.0,62.9,64.2,65.5,66.9,68.2,70.0,72.8,75.0,76.6,77.8,78.3,78.5,78.4,77.4,76.3,74.9
39.1,36.8,35.4,36.2,37.2,38.2,39.3,40.5,41.6,42.8,44.4,46.1,48.1,50.6,53.7,55.7,57.1,57.7,57.8,57.1,55.9,54.7,53.1,51.5,49.5,47.2,44.5,44.4,45.3,46.4,47.6,48.6,49.9,51.4,52.7,54.6,56.7,60.0,62.9,64.3,65.0,65.1,65.2,64.9,63.7,62.4,60.9,59.1,56.7,54.1,51.9,51.3,52.0,52.7,53.4,54.3,55.4,56.9,58.4,60.1,62.5,65.7,68.7,70.7,72.2,73.1,73.2,73.2,72.7,71.8,70.4,68.4,66.1,64.0,61.5,59.6,60.4,61.2,62.1,63.1,64.5,65.6,66.5,68.1,70.0,72.9,75.5,76.9,78.3,78.8,79.0,78.6,77.6,76.5
41.3,39.3,36.8,35.7,36.8,37.6,38.6,39.7,41.0,41.7,43.2,45.0,46.5,48.5,51.2,54.3,56.4,57.6,58.3,58.2,57.4,56.2,55.2,53.7,52.0,50.1,47.5,44.6,44.8,45.6,46.8,47.8,48.7,50.1,51.2,53.0,55.0,57.4,60.3,63.2,64.4,65.1,65.6,65.6,65.0,63.9,62.7,61.2,59.0,56.9,54.7,52.5,51.5,52.0,52.6,53.5,54.4,55.9,57.2,58.8,60.4,63.0,66.5,69.5,71.5,73.0,73.5,74.0,73.9,73.3,72.2,70.6,68.6,66.5,64.2,61.7,60.0,60.5,61.3,62.2,63.3,64.5,65.3,66.4,68.1,70.2,73.5,75.9,77.5,78.7,79.2,79.1,78.8,77.9
43.3,41.5,39.4,37.2,36.3,37.1,38.0,39.1,40.2,41.1,42.1,43.9,45.4,47.0,49.2,51.9,54.9,56.8,58.3,58.6,58.5,57.7,56.7,55.7,54.2,52.6,50.4,47.7,45.0,45.1,46.1,47.0,47.8,48.9,50.0,51.6,53.4,55.7,57.7,60.6,63.3,64.5,65.5,66.0,65.7,65.2,64.1,62.8,61.2,59.2,57.4,55.2,52.7,51.5,52.0,52.7,53.5,54.8,56.1,57.6,59.1,61.0,63.8,67.2,70.3,72.2,73.5,74.2,74.7,74.5,73.6,72.3,70.8,69.0,66.8,64.4,62.1,60.2,60.6,61.4,62.4,63.3,64.2,65.1,66.4,68.3,70.7,73.9,76.5,77.9,79.1,79.4,79.2,79.0
45.3,43.6,41.7,39.8,37.8,36.6,37.5,38.4,39.6,40.4,41.5,42.8,44.3,45.9,47.6,49.8,52.4,55.4,57.5,58.6,59.0,58.8,58.1,57.3,56.3,54.8,52.9,50.6,48.2,45.4,45.6,46.3,47.1,48.0,48.8,50.3,52.0,54.0,56.0,58.0,60.7,63.4,64.9,65.9,66.1,66.0,65.4,64.3,62.8,61.4,59.7,57.8,55.4,52.8,51.5,52.1,52.7,53.9,55.1,56.5,57.8,59.6,61.7,64.5,68.0,71.0,72.7,74.2,74.8,75.4,74.8,73.8,72.5,71.2,69.4,67.1,64.8,62.3,60.2,60.7,61.6,62.5,63.1,64.0,65.1,66.6,68.8,71.1,74.4,77.0,78.4,79.2,79.5,79.4
47.1,45.5,43.8,42.1,40.4,38.2,37.0,38.0,39.0,39.8,40.8,42.1,43.2,44.6,46.4,48.2,50.3,53.0,56.1,57.8,59.0,59.2,59.2,58.6,57.8,56.9,55.2,53.1,51.0,48.6,45.8,45.8,46.4,47.2,47.8,49.1,50.8,52.6,54.4,56.3,58.1,60.9,63.8,65.2,66.0,66.4,66.2,65.7,64.3,63.1,61.8,60.1,57.9,55.6,52.9,51.7,52.1,53.1,54.1,55.5,56.7,58.3,60.3,62.4,65.3,68.6,71.6,73.5,74.8,75.5,75.6,75.0,73.9,72.9,71.5,69.7,67.4,64.9,62.3,60.3,61.0,61.6,62.2,62.9,63.9,65.3,67.2,69.1,71.6,74.9,77.4,78.5,79.4,79.7
48.4,47.3,45.8,44.2,42.6,40.7,38.6,37.5,38.5,39.2,40.2,41.5,42.5,43.5,45.2,47.1,48.6,50.9,53.6,56.4,58.2,59.2,59.7,59.7,59.3,58.4,57.2,55.4,53.6,51.5,48.9,46.1,46.0,46.5,47.1,48.2,49.6,51.4,53.0,54.6,56.4,58.3,61.4,64.2,65.4,66.3,66.5,66.4,65.7,64.6,63.5,62.1,60.2,58.1,55.6,53.1,51.8,52.6,53.4,54.5,55.8,57.2,59.1,61.0,63.2,65.9,69.2,72.3,74.1,75.5,75.7,75.7,75.2,74.3,73.2,71.9,70.1,67.5,64.9,62.4,60.5,60.9,61.4,62.1,63.0,64.1,65.9,67.5,69.5,72.0,75.3,77.5,78.6,79.5
49.4,48.6,47.6,46.2,44.7,43.0,41.2,39.2,38.0,38.7,39.6,40.8,41.8,42.8,44.1,45.8,47.5,49.2,51.5,53.9,56.8,58.4,59.7,60.1,60.4,59.7,58.8,57.4,55.8,53.9,51.8,49.2,46.3,46.1,46.4,47.5,48.7,50.2,51.7,53.3,54.7,56.6,58.8,61.8,64.3,65.6,66.3,66.8,66.3,66.0,65.1,63.9,62.2,60.3,58.2,55.8,53.2,52.2,52.9,53.8,54.8,56.3,57.9,59.7,61.7,63.8,66.4,69.8,72.9,74.8,75.8,75.9,76.0,75.6,74.7,73.5,72.2,70.0,67.5,65.1,62.6,60.5,60.7,61.3,62.1,63.2,64.7,66.3,67.8,70.0,72.4,75.5,77.6,78.8
50.0,49.6,48.9,48.0,46.7,45.1,43.4,41.7,39.8,38.2,39.2,40.3,41.1,42.1,43.4,44.7,46.3,47.9,49.7,51.7,54.3,57.1,59.0,60.1,60.9,60.8,60.1,59.1,57.9,56.2,54.2,52.0,49.4,46.5,46.0,46.8,48.0,49.3,50.5,52.0,53.4,54.9,57.1,59.2,62.0,64.6,65.8,66.6,66.8,66.7,66.4,65.4,63.9,62.3,60.4,58.4,56.0,53.6,52.5,53.2,54.1,55.3,57.0,58.6,60.5,62.4,64.3,67.0,70.4,73.6,75.0,75.9,76.1,76.4,75.9,75.0,73.8,72.1,70.0,67.7,65.2,62.6,60.2,60.7,61.4,62.3,63.8,65.0,66.6,68.3,70.4,72.7,75.7,77.7
49.9,50.2,49.9,49.3,48.4,47.0,45.5,43.8,42.2,40.0,38.7,39.8,40.6,41.4,42.7,43.9,45.2,46.7,48.5,50.0,52.1,54.6,57.6,59.4,60.9,61.3,61.1,60.4,59.6,58.3,56.5,54.4,52.3,49.6,46.4,46.4,47.3,48.5,49.5,50.8,52.3,53.6,55.4,57.4,59.4,62.3,64.7,66.0,66.6,67.1,67.2,66.6,65.4,64.0,62.4,60.7,58.7,56.3,54.0,52.9,53.5,54.7,56.1,57.7,59.4,61.0,62.8,64.8,67.6,71.1,73.8,75.2,76.2,76.6,76.6,76.2,75.3,73.8,72.1,70.2,67.8,65.1,62.4,60.2,60.8,61.6,62.9,64.1,65.3,67.0,68.7,70.6,72.9,75.9
49.3,50.2,50.5,50.3,49.8,48.8,47.4,45.9,44.4,42.5,40.6,39.4,40.1,40.9,42.1,43.2,44.3,45.6,47.3,48.7,50.4,52.4,55.1,58.0,60.2,61.3,61.5,61.4,60.9,60.0,58.5,56.6,54.6,52.4,49.7,46.9,46.9,47.9,48.9,49.8,51.2,52.5,54.1,55.7,57.7,59.7,62.4,64.9,66.1,66.9,67.7,67.3,66.6,65.3,64.2,62.7,61.0,59.0,56.6,54.4,53.1,54.0,55.5,56.8,58.6,59.9,61.4,63.3,65.4,68.2,71.3,74.0,75.3,76.6,76.8,76.9,76.4,75.1,73.7,72.3,70.2,67.6,64.9,62.3,60.3,61.0,62.2,63.3,64.4,65.7,67.5,69.0,70.8,73.0
47.6,49.6,50.5,50.9,50.8,50.2,49.3,47.9,46.4,44.7,43.1,41.3,39.6,40.4,41.5,42.6,43.6,44.8,46.1,47.5,49.0,50.6,52.9,55.6,58.8,60.6,61.5,61.8,61.9,61.3,60.2,58.6,56.9,54.7,52.6,50.1,47.3,47.4,48.2,49.2,50.2,51.4,52.9,54.3,55.9,57.9,59.8,62.6,65.0,66.4,67.5,67.8,67.2,66.5,65.5,64.5,63.0,61.2,59.3,57.1,54.7,53.7,54.8,56.3,57.7,59.1,60.3,61.9,63.8,66.1,68.4,71.5,74.2,75.8,76.8,77.2,77.1,76.3,75.0,74.0,72.4,70.1,67.4,64.9,62.4,60.5,61.5,62.5,63.6,64.9,66.2,67.7,69.2,70.9
45.3,47.9,49.9,50.9,51.3,51.2,50.7,49.7,48.4,46.8,45.2,43.7,41.6,39.9,41.0,41.9,42.9,44.1,45.3,46.3,47.8,49.3,51.1,53.3,56.3,59.2,60.9,61.9,62.3,62.3,61.5,60.3,58.8,56.9,55.0,53.0,50.5,48.0,47.7,48.4,49.6,50.5,51.9,53.2,54.6,56.1,58.1,60.0,62.7,65.3,66.9,67.6,67.7,67.1,66.6,65.7,64.8,63.3,61.5,59.7,57.5,55.3,54.5,55.7,57.1,58.1,59.4,60.8,62.4,64.5,66.4,68.7,71.8,74.6,76.0,77.2,77.3,77.0,76.2,75.3,74.0,72.2,69.9,67.4,65.0,62.7,61.1,61.8,62.8,64.0,65.3,66.5,67.9,69.2
43.6,45.5,48.2,50.3,51.4,51.8,51.7,51.2,50.2,48.7,47.3,45.8,44.1,42.1,40.6,41.4,42.3,43.4,44.6,45.4,46.7,48.1,49.8,51.6,54.0,56.7,59.5,61.2,62.4,62.7,62.4,61.5,60.5,58.8,57.3,55.3,53.4,51.0,48.2,48.0,48.9,49.8,51.0,52.2,53.6,54.8,56.3,58.2,60.0,63.0,65.7,67.0,67.5,67.6,67.2,66.9,66.1,65.0,63.5,62.0,60.1,58.0,56.1,55.4,56.5,57.6,58.5,59.8,61.3,63.0,64.7,66.7,69.0,72.2,74.8,76.3,77.3,77.2,76.9,76.5,75.3,73.8,72.0,69.9,67.6,65.3,63.2,61.4,62.2,63.3,64.4,65.6,66.7,67.8
42.4,43.8,45.8,48.7,50.8,51.9,52.3,52.3,51.6,50.5,49.2,47.9,46.3,44.6,42.8,41.0,41.7,42.8,43.9,44.7,45.8,47.0,48.5,50.1,52.3,54.2,57.0,59.8,61.8,62.8,62.9,62.4,61.7,60.5,59.2,57.6,55.8,53.8,51.3,48.5,48.4,49.1,50.3,51.3,52.6,53.8,55.0,56.5,58.2,60.4,63.5,65.8,66.9,67.3,67.6,67.5,67.3,66.4,65.3,64.0,62.4,60.7,58.8,57.0,56.2,57.0,57.9,59.0,60.3,62.0,63.2,65.1,67.1,69.3,72.5,75.2,76.4,77.3,77.1,77.2,76.4,75.1,73.6,72.0,70.1,67.9,65.8,63.5,61.8,62.7,63.7,64.8,65.7,66.7
41.4,42.6,44.1,46.3,49.1,51.3,52.4,52.8,52.7,51.9,50.9,49.8,48.4,46.9,45.3,43.4,41.4,42.3,43.3,43.9,45.1,46.1,47.3,48.9,50.9,52.5,54.5,57.3,60.4,62.1,63.0,63.0,62.6,61.7,60.9,59.5,58.1,56.2,54.0,51.6,49.0,48.6,49.6,50.6,51.7,52.8,54.0,55.1,56.5,58.6,61.0,63.7,65.7,66.7,67.4,67.9,67.9,67.5,66.6,65.8,64.5,63.1,61.4,59.6,57.8,56.7,57.3,58.3,59.4,60.9,62.2,63.6,65.4,67.3,69.6,72.8,75.2,76.3,77.2,77.3,77.0,76.2,74.9,73.6,72.2,70.4,68.4,66.1,63.9,62.3,63.1,64.0,64.9,65.7
40.3,41.5,42.8,44.6,46.8,49.6,51.7,52.9,53.2,53.0,52.4,51.5,50.2,49.0,47.6,45.9,43.9,42.0,42.7,43.3,44.3,45.3,46.4,47.7,49.5,51.1,52.7,54.8,57.8,60.7,62.3,63.0,63.1,62.6,62.2,61.2,60.1,58.5,56.4,54.4,52.1,49.3,49.1,49.9,51.0,51.8,53.0,54.1,55.2,57.0,59.1,61.1,63.6,65.5,66.8,67.7,68.2,68.0,67.7,67.2,66.3,65.2,63.8,62.2,60.4,58.3,57.0,57.6,58.7,60.0,61.2,62.7,64.0,65.7,67.6,70.0,72.8,75.2,76.4,77.4,77.1,76.7,76.0,74.8,73.7,72.4,70.9,68.8,66.5,64.4,62.8,63.4,64.1,64.9
39.2,40.4,41.7,43.2,45.0,47.3,50.0,52.2,53.3,53.6,53.6,52.9,51.8,51.0,49.7,48.2,46.4,44.5,42.5,42.6,43.7,44.6,45.6,46.7,48.3,49.7,51.2,53.1,55.3,58.2,60.9,62.3,63.1,63.0,63.0,62.7,61.8,60.4,58.7,56.7,54.7,52.4,49.8,49.4,50.4,51.1,51.9,53.0,54.1,55.7,57.5,59.2,61.0,63.4,65.6,67.1,68.1,68.4,68.4,68.3,67.6,67.0,66.0,64.6,62.9,60.9,58.7,57.4,58.0,59.3,60.2,61.7,63.1,64.3,65.9,67.9,70.1,72.8,75.3,76.6,77.2,76.8,76.5,75.9,75.0,74.0,73.0,71.3,69.2,67.0,64.7,63.1,63.5,64.1
