day 0,day 1,day 2,day 3,day 4,day 5,day 6,day 7,day 8,day 9,day 10,day 11,day 12,day 13,day 14,day 15,day 16,day 17,day 18,day 19,day 20,day 21,day 22,day 23,day 24,day 25,day 26,day 27,day 28,day 29,day 30,day 31,day 32,day 33,day 34,day 35,day 36,day 37,day 38,day 39,day 40,day 41,day 42,day 43,day 44,day 45,day 46,day 47,day 48,day 49,day 50,day 51,day 52,day 53,day 54,day 55,day 56,day 57,day 58,day 59,day 60,day 61,day 62,day 63,day 64,day 65,day 66,day 67,day 68,day 69,day 70,day 71,day 72,day 73,day 74,day 75,day 76,day 77,day 78,day 79,day 80,day 81,day 82,day 83,day 84,day 85,day 86,day 87,day 88,day 89,day 90
84.2,85.5,86.9,88.1,89.9,91.6,93.0,93.8,93.9,93.5,92.4,90.4,87.8,84.6,80.7,76.5,72.1,68.8,68.7,69.1,69.5,70.3,71.4,72.5,73.8,75.4,77.2,78.9,80.2,82.7,85.0,86.6,86.9,86.4,84.9,83.1,80.7,77.8,74.0,69.5,64.6,61.6,61.6,61.9,62.3,62.8,63.6,64.3,65.2,66.5,67.8,69.1,70.5,72.4,75.0,76.9,77.2,76.6,75.4,73.6,71.0,68.1,64.1,59.4,54.6,53.0,53.0,53.1,53.3,53.6,54.1,54.8,55.8,56.5,57.9,59.1,60.4,62.2,64.3,66.7,67.5,67.2,66.0,64.2,62.0,59.0,55.5,51.4,48.2,47.9,48.0
82.6,83.9,85.3,86.6,87.6,89.3,90.8,92.3,93.3,93.5,93.0,91.8,89.8,87.3,84.0,80.2,75.9,71.7,68.5,68.3,68.7,69.2,70.1,71.2,72.4,73.7,75.3,77.0,78.5,79.9,82.4,84.6,86.1,86.5,86.0,84.6,82.8,80.5,77.5,73.6,69.1,64.0,61.1,61.2,61.5,61.8,62.5,63.2,63.9,65.0,66.0,67.3,68.7,70.2,72.0,74.5,76.3,76.7,76.2,75.1,73.2,70.7,67.6,63.5,58.8,54.1,52.6,52.7,52.8,52.8,53.1,53.7,54.6,55.5,56.3,57.6,58.9,60.2,61.9,64.2,66.5,67.3,66.8,65.7,63.9,61.8,58.8,55.1,51.1,48.0,47.6
81.3,82.3,83.6,84.9,86.1,87.1,88.6,90.1,91.8,93.0,93.0,92.4,91.2,89.3,86.6,83.5,79.7,75.5,71.3,68.1,67.9,68.4,69.0,69.9,71.1,72.3,73.6,75.1,76.7,78.2,79.6,82.0,84.1,85.7,86.1,85.6,84.3,82.5,80.2,77.1,73.1,68.5,63.5,60.7,60.8,61.1,61.5,62.1,62.8,63.7,64.6,65.5,66.8,68.3,69.8,71.5,74.0,75.8,76.3,75.9,74.7,72.9,70.2,67.0,62.9,58.2,53.6,52.3,52.4,52.2,52.3,52.7,53.6,54.3,55.2,56.0,57.4,58.8,60.0,61.8,64.0,66.3,67.0,66.5,65.4,63.7,61.5,58.3,54.8,50.8,47.7
79.8,80.9,82.1,83.2,84.5,85.5,86.4,87.8,89.6,91.4,92.4,92.4,91.8,90.7,88.7,86.1,83.0,79.3,75.2,71.0,67.7,67.7,68.3,68.9,69.8,71.0,72.2,73.5,74.8,76.4,77.9,79.1,81.5,83.6,85.4,85.8,85.3,84.0,82.3,79.8,76.6,72.7,68.0,63.0,60.3,60.4,60.7,61.2,61.7,62.5,63.3,64.0,65.0,66.5,68.0,69.2,70.9,73.5,75.5,76.0,75.5,74.3,72.4,69.6,66.4,62.3,57.7,53.2,52.0,51.8,51.7,51.9,52.7,53.3,54.0,54.9,55.8,57.3,58.6,59.8,61.5,63.8,66.0,66.6,66.3,65.2,63.4,61.1,58.0,54.5,50.5
78.8,79.5,80.7,81.7,82.8,83.9,84.9,85.7,87.3,89.2,90.9,91.8,91.9,91.4,90.1,88.2,85.6,82.6,79.0,74.9,70.7,67.4,67.6,68.1,68.8,69.8,70.9,72.0,73.2,74.4,76.1,77.4,78.7,81.0,83.3,85.0,85.4,85.0,83.8,81.9,79.4,76.2,72.2,67.5,62.6,59.9,60.1,60.4,60.8,61.5,62.1,62.8,63.6,64.6,66.1,67.5,68.7,70.4,73.1,75.1,75.6,75.1,73.8,71.8,69.0,65.8,61.7,57.1,52.8,51.4,51.3,51.3,51.9,52.4,53.0,53.7,54.7,55.7,57.0,58.3,59.6,61.3,63.5,65.6,66.4,66.0,64.8,63.0,60.8,57.7,54.2
77.8,78.5,79.3,80.4,81.3,82.3,83.3,84.2,85.2,86.9,88.7,90.3,91.3,91.5,90.8,89.6,87.7,85.2,82.4,78.7,74.6,70.4,67.2,67.4,68.0,68.7,69.7,70.7,71.7,72.9,74.0,75.6,76.9,78.3,80.6,82.9,84.6,85.1,84.7,83.4,81.4,78.9,75.7,71.7,67.0,62.1,59.6,59.7,60.1,60.6,61.0,61.5,62.3,63.2,64.3,65.7,67.0,68.2,69.9,72.7,74.7,75.2,74.6,73.2,71.1,68.4,65.2,61.1,56.7,52.2,50.9,51.0,51.2,51.6,52.1,52.7,53.6,54.6,55.4,56.8,58.1,59.4,61.1,63.1,65.4,66.1,65.7,64.4,62.7,60.4,57.4
76.9,77.5,78.2,78.9,80.0,80.8,81.6,82.5,83.6,84.7,86.3,88.0,89.8,90.9,90.9,90.3,89.0,87.3,84.9,82.0,78.4,74.4,70.2,67.1,67.3,67.9,68.7,69.4,70.4,71.5,72.5,73.6,75.1,76.4,77.8,80.2,82.4,84.3,84.8,84.3,83.0,81.0,78.4,75.2,71.1,66.5,61.7,59.2,59.4,59.8,60.2,60.5,61.1,61.9,62.9,63.9,65.1,66.5,67.9,69.6,72.3,74.3,74.7,73.9,72.5,70.5,67.8,64.6,60.5,56.0,51.6,50.6,50.8,51.0,51.3,51.9,52.6,53.5,54.4,55.3,56.5,58.0,59.2,60.8,62.9,65.1,65.9,65.2,64.1,62.3,60.2
77.1,76.6,77.1,77.8,78.6,79.5,80.1,80.8,81.9,83.1,84.2,85.7,87.6,89.3,90.3,90.4,89.8,88.7,87.0,84.6,81.8,78.2,74.2,70.1,66.9,67.2,67.8,68.4,69.1,70.1,71.2,72.1,73.2,74.6,76.1,77.4,79.8,82.1,84.0,84.5,83.8,82.6,80.4,77.9,74.6,70.6,66.0,61.2,59.0,59.2,59.5,59.7,60.0,60.7,61.6,62.5,63.5,64.6,66.1,67.5,69.2,71.8,73.8,74.0,73.3,72.0,69.9,67.2,63.9,59.8,55.3,51.3,50.4,50.6,50.8,51.1,51.8,52.5,53.2,54.1,55.2,56.4,57.8,58.9,60.6,62.8,64.9,65.4,64.9,63.8,62.0
80.0,76.7,76.3,76.8,77.4,78.1,78.8,79.3,80.3,81.5,82.6,83.6,85.2,87.1,88.7,89.8,90.0,89.4,88.5,86.7,84.2,81.6,78.1,74.2,69.9,66.8,67.2,67.5,68.2,68.8,69.8,70.7,71.7,72.7,74.2,75.7,77.1,79.4,81.8,83.7,84.0,83.4,82.1,80.0,77.4,74.1,70.2,65.6,60.9,58.7,58.9,59.0,59.2,59.7,60.5,61.2,62.1,62.9,64.2,65.8,67.1,68.8,71.3,73.1,73.4,72.7,71.4,69.4,66.5,63.2,59.2,55.0,51.0,50.1,50.4,50.5,51.0,51.6,52.3,53.1,54.0,55.1,56.3,57.5,58.7,60.4,62.5,64.4,65.1,64.6,63.4
83.8,79.7,76.4,76.0,76.4,77.0,77.4,78.1,78.7,79.8,80.9,82.0,83.0,84.7,86.5,88.1,89.4,89.5,89.1,88.2,86.4,84.0,81.4,78.1,74.0,69.8,66.8,66.9,67.2,67.8,68.5,69.5,70.3,71.2,72.2,73.8,75.2,76.8,79.1,81.4,83.2,83.6,82.9,81.6,79.4,76.8,73.6,69.8,65.3,60.6,58.3,58.4,58.5,58.9,59.4,60.1,60.8,61.6,62.6,63.9,65.3,66.7,68.2,70.6,72.5,72.8,72.1,70.8,68.6,65.8,62.6,59.0,54.7,50.7,49.9,50.2,50.5,50.8,51.4,52.1,52.9,53.9,55.0,56.0,57.4,58.6,60.2,62.1,64.2,64.7,64.2
87.3,83.5,79.3,76.0,75.6,76.0,76.3,76.7,77.5,78.3,79.3,80.2,81.5,82.6,84.1,86.0,87.7,88.9,89.3,88.8,88.0,86.2,83.9,81.4,78.1,74.0,69.8,66.6,66.6,66.9,67.5,68.2,69.0,69.8,70.7,71.8,73.4,74.9,76.4,78.8,80.9,82.8,83.0,82.4,81.1,78.9,76.4,73.2,69.5,64.9,60.2,57.9,58.0,58.2,58.6,59.0,59.6,60.3,61.3,62.2,63.5,64.8,66.2,67.6,69.9,71.8,72.2,71.6,70.1,68.0,65.4,62.3,58.6,54.3,50.4,49.7,50.1,50.3,50.6,51.2,52.0,52.9,53.8,54.7,55.9,57.3,58.4,59.8,61.9,63.8,64.4
90.4,87.1,83.1,78.9,75.6,75.1,75.3,75.5,76.1,77.0,77.8,78.6,79.7,81.0,82.0,83.5,85.5,87.3,88.6,88.9,88.7,87.8,86.1,83.8,81.3,78.0,73.9,69.6,66.3,66.4,66.6,67.1,67.7,68.5,69.3,70.3,71.4,72.9,74.5,76.1,78.2,80.5,82.2,82.5,81.8,80.6,78.5,76.0,72.9,69.1,64.5,59.7,57.5,57.7,58.0,58.2,58.5,59.1,60.0,61.0,61.8,63.0,64.4,65.6,67.0,69.3,71.3,71.6,70.9,69.6,67.5,65.1,61.9,58.3,54.0,50.2,49.6,49.9,50.2,50.4,51.1,52.0,52.7,53.5,54.6,55.8,57.1,58.0,59.6,61.6,63.5
92.9,90.2,86.7,82.7,78.5,75.1,74.5,74.5,74.9,75.7,76.5,77.2,78.0,79.2,80.3,81.5,83.0,85.0,87.0,88.2,88.8,88.6,87.6,86.1,83.8,81.3,77.9,73.7,69.2,66.0,66.1,66.2,66.7,67.3,68.0,68.9,69.9,71.0,72.6,74.1,75.6,77.8,80.0,81.7,81.9,81.3,80.1,78.1,75.6,72.5,68.7,64.1,59.2,57.2,57.4,57.6,57.7,58.0,58.7,59.6,60.6,61.4,62.5,63.9,65.0,66.4,68.7,70.7,71.0,70.4,69.1,67.2,64.7,61.6,57.9,53.7,50.0,49.4,49.8,50.0,50.3,51.1,51.8,52.5,53.3,54.5,55.6,56.7,57.8,59.3,61.3
94.8,92.7,89.8,86.4,82.3,77.9,74.4,73.7,73.9,74.5,75.1,75.8,76.5,77.5,78.6,79.8,81.0,82.6,84.8,86.6,88.1,88.7,88.5,87.6,86.0,83.7,81.2,77.7,73.5,68.9,65.7,65.7,65.8,66.2,66.8,67.6,68.5,69.5,70.6,72.2,73.6,75.2,77.3,79.4,81.1,81.4,80.9,79.8,77.7,75.2,72.1,68.2,63.6,58.9,57.0,57.1,57.1,57.2,57.6,58.4,59.2,60.2,60.9,62.0,63.3,64.5,65.9,68.1,70.0,70.5,70.0,68.8,66.8,64.4,61.3,57.7,53.5,49.8,49.2,49.6,49.9,50.3,50.9,51.6,52.4,53.3,54.3,55.2,56.5,57.5,59.0
96.3,94.7,92.4,89.4,85.9,81.7,77.3,73.7,73.2,73.5,74.0,74.5,75.3,76.0,76.9,78.0,79.4,80.6,82.3,84.4,86.5,88.1,88.6,88.4,87.5,85.9,83.7,80.9,77.5,73.3,68.6,65.3,65.2,65.3,65.7,66.4,67.2,68.1,69.1,70.3,71.8,73.2,74.6,76.7,78.9,80.6,81.0,80.5,79.4,77.3,74.8,71.6,67.9,63.4,58.6,56.6,56.6,56.6,56.9,57.3,58.0,58.8,59.7,60.5,61.5,62.8,64.0,65.5,67.5,69.5,70.0,69.6,68.4,66.5,64.1,61.0,57.5,53.2,49.6,49.1,49.5,49.8,50.1,50.7,51.4,52.3,53.1,54.0,55.0,56.2,57.2
97.1,96.1,94.4,92.0,89.1,85.3,81.0,76.6,73.1,72.8,73.0,73.3,73.9,74.8,75.4,76.4,77.5,78.9,80.2,81.8,84.3,86.5,88.0,88.6,88.4,87.4,85.9,83.4,80.8,77.3,73.0,68.2,64.8,64.7,64.8,65.3,66.0,66.9,67.7,68.8,69.8,71.3,72.6,74.1,76.1,78.4,80.1,80.6,80.1,78.9,76.8,74.4,71.3,67.7,63.1,58.1,56.1,56.1,56.2,56.5,56.9,57.5,58.4,59.3,59.8,61.1,62.4,63.6,64.9,66.9,69.1,69.7,69.2,68.1,66.1,63.9,60.8,57.2,52.9,49.4,49.1,49.4,49.7,49.9,50.5,51.4,52.2,52.7,53.8,54.7,55.8
97.1,96.9,95.8,94.0,91.6,88.4,84.7,80.3,76.1,72.7,72.2,72.4,72.7,73.4,74.1,74.8,75.8,77.0,78.5,79.8,81.6,84.1,86.3,87.9,88.6,88.4,87.3,85.6,83.2,80.6,77.1,72.5,67.6,64.3,64.2,64.5,65.0,65.7,66.5,67.4,68.3,69.3,70.7,72.2,73.6,75.7,77.9,79.7,80.2,79.6,78.4,76.4,74.1,71.0,67.3,62.6,57.6,55.7,55.8,56.0,56.2,56.5,57.2,58.0,58.7,59.3,60.6,61.9,62.9,64.4,66.5,68.7,69.2,68.9,67.7,66.0,63.7,60.6,56.9,52.7,49.4,49.1,49.2,49.4,49.8,50.5,51.2,51.7,52.4,53.5,54.4
96.6,97.0,96.6,95.4,93.6,91.0,87.8,84.0,80.0,75.7,72.1,71.7,71.8,72.2,72.8,73.5,74.3,75.4,76.7,78.1,79.7,81.3,84.0,86.2,87.8,88.5,88.3,87.0,85.4,83.0,80.3,76.5,72.0,67.0,63.8,63.9,64.1,64.6,65.3,66.2,66.9,67.8,68.8,70.3,71.6,73.2,75.2,77.5,79.3,79.7,79.2,78.0,76.1,73.8,70.7,66.8,62.0,57.2,55.3,55.5,55.6,55.8,56.2,56.8,57.4,58.2,58.9,60.3,61.3,62.4,64.0,66.1,68.2,69.0,68.5,67.6,65.7,63.5,60.3,56.7,52.7,49.3,48.9,49.0,49.3,49.8,50.3,50.8,51.6,52.2,53.2
95.3,96.4,96.7,96.2,95.0,92.9,90.4,87.3,83.6,79.6,75.1,71.5,71.1,71.3,71.6,72.2,73.0,73.9,75.0,76.2,77.9,79.5,81.2,83.8,86.1,87.7,88.4,88.0,86.8,85.1,82.8,79.8,76.0,71.5,66.5,63.5,63.6,63.8,64.3,65.1,65.7,66.4,67.3,68.4,69.8,71.2,72.8,74.7,77.1,78.8,79.3,78.8,77.7,75.9,73.4,70.2,66.2,61.5,56.8,55.0,55.1,55.2,55.4,55.7,56.2,56.9,57.9,58.6,59.7,60.8,62.0,63.6,65.6,67.9,68.6,68.3,67.3,65.4,63.2,60.1,56.5,52.5,49.1,48.7,48.9,49.3,49.6,49.9,50.6,51.4,51.9
93.3,95.1,96.1,96.3,95.7,94.4,92.2,89.9,86.9,83.2,78.9,74.4,70.9,70.5,70.7,71.0,71.7,72.6,73.5,74.6,76.0,77.7,79.4,81.1,83.7,85.9,87.7,88.1,87.8,86.6,84.8,82.3,79.3,75.5,71.0,66.1,63.1,63.2,63.5,64.0,64.6,65.2,65.9,66.8,67.9,69.4,70.9,72.4,74.3,76.6,78.4,78.9,78.5,77.4,75.4,72.8,69.7,65.7,61.2,56.4,54.7,54.8,54.9,55.0,55.2,55.8,56.6,57.5,58.0,59.3,60.3,61.7,63.2,65.3,67.6,68.4,68.1,67.0,65.2,63.0,59.9,56.4,52.3,48.9,48.6,48.9,49.1,49.2,49.7,50.4,51.0
91.1,93.1,94.7,95.7,95.8,95.1,93.7,91.8,89.5,86.4,82.5,78.2,73.8,70.4,70.0,70.2,70.6,71.3,72.2,73.0,74.3,75.8,77.6,79.3,81.0,83.5,85.8,87.4,87.9,87.6,86.3,84.4,81.8,78.8,75.1,70.6,65.7,62.8,62.9,63.2,63.6,64.1,64.7,65.5,66.4,67.5,69.1,70.5,71.9,73.8,76.1,78.1,78.6,78.2,76.9,74.9,72.3,69.2,65.3,60.8,56.0,54.4,54.4,54.4,54.5,54.8,55.5,56.2,57.0,57.5,58.8,60.1,61.3,62.9,65.0,67.4,68.1,67.8,66.8,65.0,62.8,59.7,56.1,52.0,48.8,48.5,48.7,48.8,49.1,49.5,50.1
88.7,90.8,92.6,94.3,95.2,95.1,94.3,93.2,91.4,89.0,85.8,81.9,77.6,73.3,69.8,69.5,69.8,70.2,70.9,71.8,72.8,74.2,75.7,77.5,79.2,80.8,83.3,85.5,87.2,87.7,87.3,85.8,83.8,81.4,78.4,74.7,70.3,65.3,62.5,62.6,62.8,63.1,63.6,64.4,65.1,66.0,67.2,68.6,70.1,71.4,73.3,75.7,77.7,78.3,77.7,76.4,74.4,71.8,68.9,65.0,60.4,55.6,54.0,54.0,53.9,54.0,54.5,55.2,55.7,56.4,57.1,58.6,59.7,61.0,62.5,64.8,67.1,67.9,67.6,66.6,64.7,62.6,59.4,55.8,51.8,48.7,48.4,48.4,48.5,48.9,49.2
87.1,88.5,90.3,92.2,93.8,94.5,94.3,93.9,92.9,91.0,88.4,85.2,81.3,77.0,72.6,69.3,69.0,69.4,69.9,70.5,71.5,72.6,74.0,75.5,77.4,79.1,80.5,83.1,85.3,87.0,87.4,86.8,85.3,83.4,81.0,78.1,74.3,69.9,64.9,62.1,62.1,62.3,62.6,63.2,63.9,64.7,65.6,66.7,68.3,69.5,71.0,72.8,75.4,77.4,77.8,77.1,75.8,74.0,71.5,68.5,64.5,59.9,55.2,53.5,53.5,53.4,53.7,54.1,54.7,55.2,56.0,56.8,58.2,59.5,60.6,62.4,64.6,66.8,67.7,67.4,66.3,64.5,62.2,59.2,55.6,51.7,48.5,48.1,48.2,48.3,48.5
85.5,86.9,88.1,89.9,91.6,93.0,93.8,93.9,93.5,92.4,90.4,87.8,84.6,80.7,76.5,72.1,68.8,68.7,69.1,69.5,70.3,71.4,72.5,73.8,75.4,77.2,78.9,80.2,82.7,85.0,86.6,86.9,86.4,84.9,83.1,80.7,77.8,74.0,69.5,64.6,61.6,61.6,61.9,62.3,62.8,63.6,64.3,65.2,66.5,67.8,69.1,70.5,72.4,75.0,76.9,77.2,76.6,75.4,73.6,71.0,68.1,64.1,59.4,54.6,53.0,53.0,53.1,53.3,53.6,54.1,54.8,55.8,56.5,57.9,59.1,60.4,62.2,64.3,66.7,67.5,67.2,66.0,64.2,62.0,59.0,55.5,51.4,48.2,47.9,48.0,48.0
83.9,85.3,86.6,87.6,89.3,90.8,92.3,93.3,93.5,93.0,91.8,89.8,87.3,84.0,80.2,75.9,71.7,68.5,68.3,68.7,69.2,70.1,71.2,72.4,73.7,75.3,77.0,78.5,79.9,82.4,84.6,86.1,86.5,86.0,84.6,82.8,80.5,77.5,73.6,69.1,64.0,61.1,61.2,61.5,61.8,62.5,63.2,63.9,65.0,66.0,67.3,68.7,70.2,72.0,74.5,76.3,76.7,76.2,75.1,73.2,70.7,67.6,63.5,58.8,54.1,52.6,52.7,52.8,52.8,53.1,53.7,54.6,55.5,56.3,57.6,58.9,60.2,61.9,64.2,66.5,67.3,66.8,65.7,63.9,61.8,58.8,55.1,51.1,48.0,47.6,47.6
