day 0,day 1,day 2,day 3,day 4,day 5,day 6,day 7,day 8,day 9,day 10,day 11,day 12,day 13,day 14,day 15,day 16,day 17,day 18,day 19,day 20,day 21,day 22,day 23,day 24,day 25,day 26,day 27,day 28,day 29,day 30,day 31,day 32,day 33,day 34,day 35,day 36,day 37,day 38,day 39,day 40,day 41,day 42,day 43,day 44,day 45,day 46,day 47,day 48,day 49,day 50,day 51,day 52,day 53,day 54,day 55,day 56,day 57,day 58,day 59,day 60,day 61,day 62,day 63,day 64,day 65,day 66,day 67,day 68,day 69,day 70,day 71,day 72,day 73,day 74,day 75,day 76,day 77,day 78,day 79,day 80,day 81,day 82,day 83,day 84,day 85,day 86,day 87,day 88,day 89,day 90
65.0,65.4,65.9,66.7,68.2,70.7,75.0,76.8,77.2,76.8,75.9,74.4,72.4,69.1,65.4,61.3,57.6,55.5,55.3,55.3,55.2,55.3,55.2,55.2,55.2,55.5,55.8,56.4,57.8,59.9,63.0,65.8,66.4,66.2,65.1,63.5,61.2,58.0,54.2,50.4,47.1,45.5,45.5,45.4,45.0,45.4,45.6,46.0,46.4,47.0,47.5,48.5,49.7,51.1,53.3,56.4,57.4,57.2,56.2,54.4,51.7,48.9,45.5,42.1,39.6,39.2,39.7,40.0,40.4,40.9,41.2,41.4,41.5,41.8,42.5,42.9,43.8,45.1,46.7,49.0,49.8,49.6,48.6,47.0,45.2,43.0,40.8,38.7,37.7,37.8,38.0
64.3,64.6,64.8,65.3,66.3,67.8,70.4,74.7,76.5,76.8,76.5,75.6,74.1,71.8,68.6,65.0,61.1,57.3,55.2,55.0,54.7,54.7,54.5,54.5,54.5,54.6,54.9,55.1,56.1,57.6,59.4,62.4,65.2,66.3,65.8,64.8,63.3,61.0,57.8,54.1,50.1,46.5,45.2,45.0,44.6,44.6,45.0,45.3,45.6,46.1,46.6,47.2,48.2,49.3,50.6,52.9,56.1,57.0,56.8,55.8,53.9,51.5,48.8,45.5,42.3,39.7,39.3,39.7,39.9,40.4,40.7,40.9,40.8,41.3,41.8,42.1,42.7,43.7,44.9,46.5,48.7,49.5,49.4,48.2,47.0,45.0,43.2,41.0,39.1,37.8,37.8
63.6,63.9,64.0,64.2,64.9,65.9,67.5,70.0,74.3,76.1,76.6,76.1,75.4,73.5,71.3,68.3,64.9,60.7,56.9,54.8,54.4,54.3,53.9,53.9,53.8,53.9,53.9,54.1,54.9,55.9,57.1,58.7,61.8,65.0,65.9,65.4,64.5,63.2,60.7,57.6,53.9,49.6,46.1,44.7,44.2,44.2,44.2,44.7,44.9,45.2,45.7,46.4,47.0,47.8,48.8,50.2,52.7,55.7,56.5,56.5,55.3,53.7,51.3,48.7,45.6,42.3,39.7,39.2,39.7,40.0,40.3,40.5,40.4,40.7,41.2,41.4,41.9,42.7,43.5,44.7,46.2,48.5,49.2,49.0,48.2,46.7,45.1,43.4,41.5,39.3,37.8
63.1,63.3,63.3,63.4,63.8,64.5,65.6,67.1,69.7,73.8,75.8,76.2,76.0,74.8,73.1,71.0,68.0,64.6,60.3,56.6,54.3,54.0,53.4,53.2,53.2,53.1,53.1,53.2,53.9,54.7,55.6,56.5,58.1,61.6,64.6,65.5,65.2,64.4,62.8,60.4,57.2,53.4,49.2,45.6,43.9,43.9,43.8,43.9,44.3,44.5,44.9,45.5,46.2,46.6,47.3,48.5,50.0,52.3,55.3,56.2,56.0,55.1,53.6,51.2,48.7,45.5,42.2,39.7,39.2,39.7,39.9,40.0,39.9,40.2,40.6,40.8,41.1,41.9,42.6,43.4,44.4,46.1,48.2,48.9,49.0,47.9,46.8,45.4,43.8,41.6,39.2
62.6,62.8,62.7,62.7,62.9,63.4,64.2,65.3,66.8,69.3,73.4,75.5,76.0,75.4,74.5,72.8,70.7,67.6,64.1,59.9,56.1,53.8,53.2,52.8,52.5,52.5,52.4,52.5,53.0,53.8,54.3,54.9,55.9,57.9,61.2,64.2,65.3,65.0,64.1,62.6,60.1,56.8,53.0,48.7,44.8,43.5,43.4,43.5,43.6,44.0,44.2,44.7,45.2,45.8,46.1,47.0,48.3,49.6,52.0,55.0,55.7,55.8,55.1,53.5,51.2,48.5,45.4,42.1,39.6,39.3,39.7,39.6,39.5,39.8,40.2,40.1,40.6,41.2,41.8,42.4,43.1,44.3,45.9,47.9,48.9,48.7,48.0,47.2,45.8,43.9,41.5
62.2,62.2,62.1,62.0,62.2,62.5,63.1,63.9,64.9,66.5,68.9,73.0,75.3,75.5,75.1,74.3,72.6,70.3,67.2,63.7,59.4,55.5,53.0,52.5,52.1,51.8,51.8,51.8,52.3,52.9,53.4,53.7,54.4,55.7,57.5,60.7,64.0,65.1,64.7,63.8,62.2,59.7,56.5,52.5,48.1,44.4,43.1,43.2,43.2,43.2,43.6,44.0,44.4,44.9,45.3,45.9,46.8,47.9,49.3,51.7,54.6,55.6,55.8,54.9,53.4,51.2,48.3,45.2,42.0,39.7,39.2,39.4,39.2,39.5,39.8,39.8,40.0,40.7,41.2,41.6,42.1,43.0,44.0,45.5,47.9,48.6,48.9,48.5,47.5,45.8,43.9
61.8,61.7,61.5,61.5,61.6,61.8,62.2,62.7,63.6,64.6,66.2,68.5,72.7,74.7,75.1,74.8,74.0,72.1,69.9,66.8,63.1,58.8,54.6,52.4,51.8,51.4,51.2,51.2,51.6,52.2,52.4,52.8,53.1,54.1,55.4,57.2,60.4,63.8,64.7,64.5,63.4,61.8,59.5,56.0,52.1,47.7,44.0,42.9,42.9,42.8,42.9,43.4,43.7,44.2,44.4,45.0,45.7,46.5,47.6,49.1,51.3,54.4,55.6,55.6,54.9,53.3,50.9,48.1,45.0,41.9,39.6,38.9,38.9,39.1,39.4,39.4,39.7,40.1,40.5,40.9,41.4,42.0,42.7,43.6,45.4,47.7,48.8,49.3,48.7,47.5,45.7
61.9,61.3,61.1,60.9,61.1,61.2,61.5,61.9,62.5,63.4,64.3,65.8,68.2,72.1,74.3,74.9,74.6,73.5,71.7,69.4,66.1,62.4,57.9,53.9,51.7,51.1,50.7,50.5,51.0,51.5,51.8,51.8,52.3,52.9,53.8,55.0,56.8,60.2,63.4,64.5,64.0,63.1,61.5,58.9,55.7,51.7,47.3,43.7,42.5,42.4,42.5,42.7,43.1,43.5,43.6,44.1,44.9,45.4,46.3,47.4,48.7,51.0,54.4,55.4,55.6,54.7,53.1,50.6,47.9,44.9,41.6,39.3,38.5,38.9,39.0,39.0,39.3,39.7,39.9,40.3,40.7,41.4,41.7,42.3,43.4,45.3,47.9,49.2,49.6,48.8,47.4
64.0,61.4,60.7,60.5,60.5,60.6,60.8,61.1,61.6,62.2,63.1,64.0,65.4,67.7,71.7,74.1,74.7,74.0,73.1,71.3,68.8,65.4,61.6,57.2,53.2,50.9,50.4,50.1,50.3,50.9,51.0,51.1,51.3,52.0,52.6,53.4,54.6,56.7,59.9,63.2,64.0,63.7,62.8,61.0,58.8,55.3,51.2,46.9,43.4,42.1,42.2,42.3,42.4,42.9,42.9,43.4,44.0,44.7,45.1,46.1,46.9,48.5,51.0,54.2,55.4,55.4,54.5,52.7,50.4,47.7,44.4,41.3,38.9,38.5,38.7,38.6,38.8,39.4,39.5,39.6,40.0,40.7,41.0,41.3,42.0,43.4,45.5,48.3,49.4,49.6,48.7
67.4,63.6,60.8,60.1,60.0,60.1,60.3,60.5,60.9,61.3,61.9,62.7,63.6,65.0,67.3,71.5,73.9,74.1,73.6,72.6,70.6,68.0,64.8,60.9,56.5,52.5,50.1,49.8,49.9,50.3,50.5,50.4,50.6,51.1,51.7,52.2,53.1,54.6,56.6,59.6,62.7,63.7,63.5,62.4,60.9,58.3,54.8,50.8,46.5,42.9,41.9,42.0,42.1,42.1,42.3,42.6,43.4,43.8,44.4,45.0,45.7,46.7,48.4,50.8,54.2,55.2,55.2,54.1,52.4,50.2,47.1,44.0,40.8,38.8,38.4,38.3,38.5,38.9,39.3,39.3,39.4,40.0,40.4,40.7,41.0,42.1,43.6,45.9,48.5,49.4,49.5
70.8,66.9,63.0,60.2,59.6,59.6,59.8,59.9,60.2,60.6,61.1,61.6,62.3,63.1,64.6,67.0,71.1,73.3,73.7,73.2,72.0,69.8,67.4,64.2,60.3,55.8,51.7,49.5,49.5,49.8,49.8,49.8,49.9,50.4,50.8,51.3,51.8,53.0,54.5,56.4,59.2,62.4,63.5,63.1,62.3,60.5,57.8,54.4,50.3,46.0,42.6,41.7,41.7,41.8,41.5,42.0,42.6,43.1,43.6,44.3,44.6,45.4,46.6,48.3,50.9,53.9,54.9,54.8,53.8,52.1,49.5,46.7,43.4,40.7,38.7,38.0,38.2,38.6,38.8,39.0,39.0,39.4,39.7,40.1,40.4,41.1,42.3,44.0,46.2,48.5,49.3
73.7,70.3,66.4,62.3,59.7,59.2,59.3,59.4,59.6,60.0,60.3,60.7,61.2,61.9,62.7,64.4,66.7,70.6,72.9,73.3,72.6,71.3,69.3,66.9,63.6,59.5,55.0,51.1,49.3,49.5,49.3,49.1,49.4,49.7,50.1,50.4,50.9,51.7,52.9,54.3,56.1,58.9,62.1,63.0,63.0,61.8,59.9,57.2,54.0,49.8,45.7,42.4,41.4,41.4,41.2,41.3,42.0,42.4,42.8,43.5,43.8,44.3,45.3,46.5,48.4,50.7,53.7,54.6,54.5,53.5,51.5,49.0,46.1,43.3,40.5,38.3,37.8,38.3,38.5,38.5,38.8,39.0,39.0,39.4,39.7,40.5,41.4,42.7,44.3,46.2,48.4
75.9,73.2,69.9,65.8,61.9,59.3,58.9,58.9,59.1,59.4,59.7,59.9,60.3,60.8,61.5,62.5,64.1,66.3,70.0,72.3,72.6,71.8,70.7,68.8,66.3,62.9,58.8,54.4,50.9,49.3,49.0,48.6,48.6,49.1,49.3,49.7,50.1,50.8,51.6,52.8,54.0,55.8,58.6,61.7,62.9,62.5,61.2,59.3,56.7,53.4,49.4,45.4,42.1,41.1,40.8,40.9,41.3,41.8,42.2,42.7,43.0,43.6,44.2,45.3,46.6,48.3,50.6,53.3,54.2,54.2,52.7,50.8,48.4,45.9,43.0,40.1,38.1,38.0,38.2,38.2,38.2,38.8,38.6,38.7,39.0,40.0,40.9,41.8,43.0,44.3,46.1
77.6,75.6,72.8,69.3,65.4,61.5,58.9,58.6,58.6,58.9,59.1,59.3,59.5,59.8,60.4,61.3,62.3,63.7,65.8,69.4,71.7,71.9,71.3,70.2,68.2,65.7,62.2,58.3,54.1,50.7,48.7,48.3,48.2,48.4,48.7,48.9,49.3,50.0,50.8,51.5,52.5,53.8,55.6,58.1,61.6,62.4,61.9,60.7,58.8,56.1,53.0,49.0,45.0,41.7,40.5,40.6,40.9,41.1,41.5,42.0,42.2,42.7,43.5,44.2,45.3,46.5,48.2,50.3,53.0,54.0,53.4,52.0,50.2,48.2,45.5,42.6,39.9,38.2,38.0,37.9,37.9,38.2,38.5,38.4,38.4,39.3,40.2,41.3,42.1,43.0,44.3
78.6,77.2,75.1,72.3,68.9,65.0,61.1,58.5,58.2,58.4,58.6,58.7,58.9,59.1,59.5,60.2,61.1,61.9,63.3,65.3,68.8,71.0,71.4,70.8,69.7,67.6,65.0,61.7,57.8,53.8,50.2,48.0,47.8,48.0,48.0,48.3,48.6,49.2,49.9,50.7,51.2,52.3,53.5,55.0,57.8,61.0,61.7,61.3,60.0,58.1,55.7,52.6,48.6,44.6,41.1,40.3,40.5,40.7,40.9,41.5,41.5,41.9,42.6,43.5,44.2,45.3,46.5,48.0,50.0,52.7,53.2,52.7,51.4,49.9,47.8,45.1,42.5,39.9,38.2,37.6,37.6,37.9,38.0,38.2,38.1,38.8,39.6,40.6,41.5,42.1,43.0
79.2,78.3,76.8,74.7,72.0,68.6,64.6,60.7,58.2,58.1,58.1,58.2,58.3,58.4,58.7,59.3,60.0,60.7,61.6,62.8,64.7,67.9,70.4,70.8,70.2,69.0,66.9,64.6,61.3,57.5,53.2,49.4,47.6,47.7,47.6,47.6,48.0,48.5,49.2,49.7,50.3,51.0,52.0,52.9,54.7,57.2,60.3,61.2,60.7,59.5,57.7,55.2,52.0,48.2,44.1,40.9,40.2,40.3,40.6,40.9,40.9,41.2,41.8,42.7,43.5,44.1,45.3,46.3,47.9,49.8,52.0,52.5,52.1,51.2,49.5,47.4,45.0,42.4,39.8,37.7,37.4,37.5,37.7,37.7,37.9,38.4,39.0,40.0,40.9,41.5,42.1
79.1,78.9,77.9,76.5,74.5,71.7,68.2,64.1,60.3,58.0,57.8,57.7,57.8,57.8,58.0,58.5,59.1,59.7,60.4,61.0,62.3,63.9,67.3,69.8,70.3,69.5,68.3,66.6,64.1,60.8,56.9,52.5,49.0,47.4,47.3,47.2,47.3,47.9,48.5,49.0,49.3,50.0,50.7,51.4,52.5,54.1,56.6,59.8,60.5,60.1,59.0,57.3,54.6,51.6,47.7,43.8,40.8,40.0,40.2,40.5,40.4,40.7,41.2,42.0,42.7,43.3,44.2,45.1,46.2,47.7,49.2,51.2,51.9,51.8,50.7,49.2,47.1,44.8,42.1,39.3,37.4,37.3,37.3,37.4,37.4,38.3,38.6,39.4,40.2,40.9,41.6
78.5,78.8,78.6,77.6,76.2,74.3,71.4,67.8,63.7,60.0,57.8,57.4,57.3,57.2,57.4,57.8,58.3,58.7,59.4,59.8,60.5,61.5,63.2,66.6,69.2,69.6,68.9,67.9,66.1,63.6,60.2,56.1,52.1,48.8,47.0,46.9,46.8,47.2,47.9,48.3,48.6,49.0,49.8,50.0,51.0,52.0,53.6,56.1,59.2,60.0,59.7,58.7,56.7,54.2,51.1,47.3,43.7,40.6,39.9,40.2,40.0,40.1,40.6,41.3,42.1,42.6,43.4,44.1,45.0,46.0,47.2,48.5,50.7,51.6,51.3,50.4,48.9,46.9,44.5,41.7,39.0,37.4,37.1,37.0,37.1,37.7,38.5,39.1,39.7,40.2,40.9
76.7,78.2,78.5,78.2,77.3,76.0,73.9,71.0,67.4,63.4,59.7,57.3,56.9,56.7,56.9,57.2,57.6,58.0,58.4,58.8,59.4,59.8,60.8,62.5,66.0,68.5,69.0,68.5,67.5,65.6,63.0,59.5,55.8,51.8,48.3,46.6,46.5,46.7,47.2,47.8,47.9,48.3,48.8,49.0,49.6,50.5,51.6,53.2,55.5,58.7,59.6,59.4,58.1,56.2,53.7,50.8,47.2,43.4,40.4,39.8,39.6,39.7,40.1,40.7,41.4,41.9,42.6,43.2,44.1,44.9,45.6,46.6,48.1,50.5,51.1,51.1,50.1,48.6,46.6,44.1,41.4,38.9,37.1,36.8,36.8,37.4,37.9,39.0,39.3,39.7,40.3
72.5,76.3,77.8,78.2,77.9,77.1,75.7,73.5,70.6,67.1,63.1,59.2,56.8,56.4,56.4,56.7,56.9,57.3,57.6,57.8,58.4,58.6,59.1,60.1,61.8,65.2,67.9,68.6,68.1,66.8,65.0,62.4,59.2,55.5,51.4,47.9,46.2,46.4,46.7,47.1,47.4,47.6,48.0,48.0,48.6,49.1,50.0,51.2,52.7,55.0,58.3,59.2,58.8,57.7,55.8,53.4,50.5,46.8,43.2,40.3,39.3,39.3,39.7,40.2,40.9,41.4,42.0,42.5,43.2,43.9,44.5,45.0,46.2,47.9,50.0,50.9,50.8,49.8,48.3,46.2,43.8,41.2,38.7,36.8,36.7,37.1,37.7,38.4,39.2,39.2,39.7
69.6,72.0,75.9,77.5,78.0,77.8,76.8,75.4,73.3,70.3,66.8,62.6,58.8,56.3,56.1,56.2,56.4,56.6,57.0,57.1,57.4,57.6,57.9,58.4,59.5,61.2,64.5,67.5,68.1,67.4,66.3,64.4,62.1,58.9,55.0,51.0,47.5,46.1,46.4,46.6,46.6,47.1,47.3,47.2,47.6,48.1,48.7,49.7,50.8,52.2,54.6,57.8,58.6,58.3,57.2,55.6,53.0,50.1,46.5,42.9,39.8,39.0,39.3,39.8,40.4,40.9,41.5,41.9,42.6,43.0,43.5,43.9,44.6,46.0,47.4,49.7,50.6,50.5,49.5,47.9,45.9,43.6,41.0,38.4,36.8,37.0,37.4,38.1,38.6,39.1,39.3
67.8,69.1,71.5,75.6,77.3,77.8,77.4,76.5,75.0,73.0,70.0,66.4,62.2,58.2,55.9,55.8,56.0,56.1,56.3,56.5,56.6,56.6,56.9,57.2,57.8,58.8,60.5,64.1,67.0,67.5,66.8,65.7,64.2,61.8,58.6,54.7,50.6,47.4,46.0,46.3,46.1,46.3,46.7,46.5,46.8,47.1,47.7,48.4,49.3,50.3,51.9,54.2,57.3,58.0,57.9,57.0,55.2,52.6,49.8,46.2,42.4,39.5,38.9,39.5,40.0,40.4,41.0,41.4,41.9,42.3,42.7,42.9,43.5,44.5,45.5,47.2,49.5,50.2,50.2,49.1,47.6,45.7,43.3,40.8,38.3,37.0,37.3,37.9,38.3,38.5,39.1
66.5,67.3,68.6,71.1,75.3,77.1,77.5,77.1,76.2,74.7,72.7,69.6,66.0,61.6,57.8,55.7,55.7,55.6,55.8,55.8,56.0,55.8,55.9,56.2,56.5,57.1,58.1,60.2,63.7,66.4,66.9,66.3,65.5,63.9,61.4,58.3,54.4,50.5,47.3,45.9,45.8,45.8,45.8,45.9,46.0,46.3,46.8,47.4,48.0,48.8,50.0,51.6,53.8,56.8,57.7,57.7,56.6,54.8,52.2,49.3,45.7,42.2,39.4,39.1,39.7,40.0,40.4,40.9,41.4,41.7,42.0,42.1,42.7,43.4,44.0,45.2,47.0,49.1,50.1,49.9,48.8,47.3,45.3,43.2,40.6,38.5,37.3,37.7,38.1,38.3,38.7
65.4,65.9,66.7,68.2,70.7,75.0,76.8,77.2,76.8,75.9,74.4,72.4,69.1,65.4,61.3,57.6,55.5,55.3,55.3,55.2,55.3,55.2,55.2,55.2,55.5,55.8,56.4,57.8,59.9,63.0,65.8,66.4,66.2,65.1,63.5,61.2,58.0,54.2,50.4,47.1,45.5,45.5,45.4,45.0,45.4,45.6,46.0,46.4,47.0,47.5,48.5,49.7,51.1,53.3,56.4,57.4,57.2,56.2,54.4,51.7,48.9,45.5,42.1,39.6,39.2,39.7,40.0,40.4,40.9,41.2,41.4,41.5,41.8,42.5,42.9,43.8,45.1,46.7,49.0,49.8,49.6,48.6,47.0,45.2,43.0,40.8,38.7,37.7,37.8,38.0,38.4
64.6,64.8,65.3,66.3,67.8,70.4,74.7,76.5,76.8,76.5,75.6,74.1,71.8,68.6,65.0,61.1,57.3,55.2,55.0,54.7,54.7,54.5,54.5,54.5,54.6,54.9,55.1,56.1,57.6,59.4,62.4,65.2,66.3,65.8,64.8,63.3,61.0,57.8,54.1,50.1,46.5,45.2,45.0,44.6,44.6,45.0,45.3,45.6,46.1,46.6,47.2,48.2,49.3,50.6,52.9,56.1,57.0,56.8,55.8,53.9,51.5,48.8,45.5,42.3,39.7,39.3,39.7,39.9,40.4,40.7,40.9,40.8,41.3,41.8,42.1,42.7,43.7,44.9,46.5,48.7,49.5,49.4,48.2,47.0,45.0,43.2,41.0,39.1,37.8,37.8,38.2
