day 0,day 1,day 2,day 3,day 4,day 5,day 6,day 7,day 8,day 9,day 10,day 11,day 12,day 13,day 14,day 15,day 16,day 17,day 18,day 19,day 20,day 21,day 22,day 23,day 24,day 25,day 26,day 27,day 28,day 29,day 30,day 31,day 32,day 33,day 34,day 35,day 36,day 37,day 38,day 39,day 40,day 41,day 42,day 43,day 44,day 45,day 46,day 47,day 48,day 49,day 50,day 51,day 52,day 53,day 54,day 55,day 56,day 57,day 58,day 59,day 60,day 61,day 62,day 63,day 64,day 65,day 66,day 67,day 68,day 69,day 70,day 71,day 72,day 73,day 74,day 75,day 76,day 77,day 78,day 79,day 80,day 81,day 82,day 83,day 84,day 85,day 86,day 87,day 88,day 89,day 90
59.1,59.5,59.8,60.5,61.2,63.0,65.8,67.2,67.9,68.0,67.4,66.1,64.4,61.9,58.8,55.1,51.6,49.5,49.3,49.1,49.0,49.3,49.7,49.9,50.2,50.4,50.4,50.7,50.9,51.7,53.1,54.6,55.5,55.3,54.5,53.7,52.3,50.1,47.7,44.9,41.9,41.0,41.2,41.3,41.3,41.3,41.5,41.6,41.4,41.7,42.0,42.0,42.5,42.8,43.3,44.7,45.1,44.6,43.8,42.7,41.1,39.4,37.5,35.5,34.5,34.3,34.2,34.1,34.3,34.1,34.1,33.8,33.7,34.0,33.7,33.1,32.9,33.3,33.8,34.6,35.1,35.1,34.2,32.9,31.7,30.6,29.3,28.4,28.5,28.4,28.7
58.3,58.7,59.2,59.4,60.0,60.7,62.4,65.3,66.9,67.6,67.8,66.8,65.6,63.9,61.4,58.3,54.8,51.1,48.9,48.8,48.5,48.8,49.1,49.2,49.6,49.8,49.7,49.9,50.3,50.5,51.2,52.5,54.4,55.0,54.7,54.1,53.4,51.9,49.9,47.4,44.5,41.4,40.9,40.9,40.8,40.8,40.9,41.0,41.1,41.1,41.5,41.5,41.5,42.0,42.2,42.6,44.1,44.4,43.9,43.4,42.4,40.8,39.2,37.4,35.5,34.3,34.1,33.9,34.0,33.8,33.6,33.4,33.3,33.6,33.4,32.9,32.6,32.8,33.0,33.4,34.1,34.8,34.5,33.7,32.7,32.0,30.6,29.7,28.9,28.3,28.6
57.7,58.0,58.4,58.9,59.1,59.5,60.1,61.9,64.8,66.6,67.4,67.2,66.4,65.1,63.4,60.9,57.9,54.3,50.6,48.3,48.2,48.3,48.6,48.6,48.9,49.2,49.1,49.3,49.6,49.8,49.9,50.6,52.2,53.9,54.5,54.4,53.9,53.0,51.6,49.5,47.0,44.0,41.3,40.6,40.4,40.4,40.4,40.5,40.5,40.8,40.9,41.1,41.1,41.2,41.4,41.6,42.2,43.4,43.6,43.5,43.1,42.0,40.6,39.1,37.4,35.3,34.1,33.9,33.8,33.4,33.2,33.0,33.0,33.2,33.0,32.6,32.4,32.4,32.6,32.7,32.9,33.8,34.2,33.9,33.4,32.9,32.0,31.0,30.1,28.7,28.5
57.1,57.3,57.7,58.1,58.5,58.6,58.9,59.6,61.5,64.5,66.3,66.7,66.7,65.8,64.6,62.9,60.4,57.4,53.9,50.0,47.8,48.0,48.1,48.0,48.4,48.6,48.6,48.7,48.9,49.1,49.2,49.3,50.4,51.7,53.4,54.1,54.2,53.6,52.7,51.3,49.1,46.6,43.8,40.9,40.1,39.9,40.0,40.0,40.0,40.3,40.5,40.4,40.7,40.7,40.6,40.8,41.2,41.4,42.7,43.2,43.2,42.7,41.8,40.5,39.0,37.1,35.0,33.8,33.6,33.2,32.9,32.6,32.6,32.8,32.6,32.2,32.1,32.2,32.2,32.2,32.2,32.6,33.3,33.6,33.7,33.7,33.0,32.4,31.4,29.9,28.8
56.4,56.7,57.1,57.5,57.7,58.0,58.0,58.5,59.2,61.1,64.1,65.7,66.2,66.1,65.4,64.2,62.4,59.9,57.0,53.4,49.4,47.6,47.8,47.6,47.8,48.0,48.0,48.1,48.4,48.5,48.5,48.6,49.0,49.9,51.2,53.0,53.9,53.9,53.2,52.3,50.9,48.8,46.4,43.4,40.3,39.6,39.5,39.5,39.5,39.7,40.0,40.1,40.1,40.4,40.2,39.9,40.4,40.5,40.8,42.3,43.0,42.8,42.6,41.8,40.4,38.9,36.9,34.7,33.6,33.1,32.8,32.3,32.3,32.4,32.2,31.9,31.8,32.0,32.0,31.8,31.7,32.0,32.2,32.7,33.4,34.0,33.7,33.3,32.8,31.2,30.0
55.9,56.0,56.6,56.8,57.1,57.3,57.5,57.7,58.1,58.8,60.6,63.4,65.2,65.6,65.7,65.0,63.6,61.8,59.6,56.5,52.8,49.2,47.3,47.2,47.3,47.5,47.5,47.6,47.9,48.0,47.9,47.9,48.4,48.6,49.4,50.8,52.8,53.6,53.5,52.9,52.0,50.6,48.6,46.1,42.9,39.9,39.3,39.0,39.0,39.2,39.5,39.7,39.7,39.8,39.9,39.6,39.5,39.7,40.0,40.5,42.1,42.5,42.8,42.5,41.5,40.2,38.7,36.5,34.5,33.0,32.7,32.2,31.9,32.1,31.8,31.6,31.4,31.6,31.7,31.5,31.3,31.4,31.6,31.6,32.5,33.7,34.1,34.1,33.7,32.6,31.4
55.5,55.5,55.8,56.3,56.5,56.7,56.7,57.0,57.2,57.7,58.5,60.0,62.8,64.6,65.3,65.3,64.4,63.0,61.4,59.2,56.0,52.5,48.8,46.8,47.0,47.0,46.9,47.2,47.3,47.5,47.5,47.4,47.7,48.0,48.1,49.2,50.6,52.4,53.3,53.2,52.6,51.8,50.4,48.3,45.6,42.4,39.5,38.8,38.5,38.7,39.0,39.1,39.3,39.4,39.3,39.3,39.1,38.9,39.3,39.6,40.3,41.7,42.5,42.7,42.2,41.3,39.9,38.3,36.3,33.9,32.6,32.1,31.8,31.8,31.4,31.1,31.0,31.3,31.4,31.2,31.1,31.0,31.0,31.0,31.3,32.8,33.8,34.4,34.4,33.5,32.8
55.3,55.2,55.4,55.6,56.0,56.0,56.2,56.3,56.6,56.9,57.3,57.9,59.5,62.3,64.2,65.0,64.8,63.8,62.5,61.0,58.6,55.6,52.1,48.2,46.5,46.7,46.6,46.6,46.9,46.9,47.0,47.0,47.3,47.2,47.5,47.9,48.9,50.2,52.1,53.0,52.8,52.5,51.6,50.1,47.9,45.1,42.0,39.0,38.3,38.2,38.5,38.7,38.7,38.9,38.9,38.7,38.9,38.5,38.5,39.0,39.5,39.9,41.6,42.4,42.4,42.0,41.1,39.6,38.0,35.6,33.5,32.0,31.6,31.6,31.0,30.8,30.6,31.0,31.1,30.9,30.7,30.8,30.6,30.4,30.7,31.6,32.9,34.1,34.7,34.3,33.7
57.9,55.0,55.1,55.3,55.3,55.5,55.5,55.7,55.9,56.3,56.4,56.8,57.5,59.0,62.0,63.9,64.5,64.1,63.3,62.1,60.5,58.2,55.2,51.4,47.8,46.3,46.2,46.3,46.4,46.5,46.4,46.5,46.9,46.8,46.7,47.3,47.5,48.5,49.8,51.7,52.6,52.7,52.2,51.3,49.7,47.4,44.5,41.4,38.5,38.1,38.1,38.1,38.2,38.3,38.4,38.4,38.3,38.2,38.1,38.2,38.9,39.2,39.8,41.5,42.0,42.1,41.8,40.7,39.3,37.3,35.1,32.9,31.5,31.4,30.8,30.4,30.3,30.6,30.8,30.6,30.5,30.4,30.3,30.0,30.1,30.9,31.8,33.3,34.4,34.6,34.4
61.2,57.5,54.9,54.9,55.0,54.8,54.9,55.1,55.4,55.6,55.9,55.9,56.4,57.0,58.8,61.6,63.5,63.9,63.6,62.8,61.6,60.1,57.8,54.5,50.9,47.4,45.8,45.9,46.1,46.1,46.0,45.9,46.4,46.4,46.3,46.6,47.0,47.1,48.2,49.5,51.4,52.4,52.4,52.0,50.9,49.2,46.9,43.9,40.9,38.2,37.8,37.9,37.7,37.8,37.8,37.9,38.0,37.7,37.8,37.9,38.1,38.5,39.1,39.7,41.1,41.7,41.8,41.4,40.4,38.5,36.8,34.5,32.3,31.3,30.6,30.3,30.0,30.3,30.4,30.3,30.2,30.2,30.0,29.8,29.6,30.3,31.2,32.2,33.5,34.3,34.7
64.5,60.8,57.2,54.7,54.6,54.5,54.3,54.5,54.7,55.1,55.2,55.3,55.5,55.9,56.8,58.5,61.2,62.9,63.4,63.2,62.4,61.2,59.7,57.2,53.8,50.3,46.9,45.5,45.7,45.7,45.6,45.6,45.9,45.9,45.9,46.2,46.3,46.5,46.9,47.9,49.0,51.3,52.0,52.1,51.6,50.4,48.7,46.3,43.5,40.5,38.0,37.7,37.4,37.3,37.3,37.3,37.5,37.3,37.2,37.7,37.9,37.8,38.5,39.0,39.3,40.7,41.4,41.7,41.1,39.5,38.0,36.1,34.0,32.0,30.5,30.1,29.9,30.0,30.2,29.9,29.9,29.9,29.8,29.5,29.4,29.8,30.6,31.5,32.4,33.3,34.4
67.3,64.1,60.4,57.0,54.4,54.1,53.9,53.9,54.2,54.4,54.6,54.6,54.9,55.0,55.7,56.5,58.2,60.6,62.5,63.0,62.7,61.9,60.8,59.0,56.4,53.1,49.7,46.5,45.4,45.4,45.2,45.1,45.6,45.3,45.4,45.8,45.9,45.8,46.3,46.6,47.4,48.9,50.8,51.8,51.8,51.2,49.9,48.1,45.9,43.1,40.2,37.9,37.3,37.0,36.8,36.8,36.9,36.9,36.9,37.0,37.6,37.6,37.8,38.4,38.6,39.0,40.4,41.3,41.3,40.2,39.0,37.3,35.5,33.7,31.2,30.0,29.7,29.8,29.8,29.6,29.5,29.6,29.5,29.3,29.1,29.6,30.2,30.9,31.7,32.3,33.4
69.4,66.9,63.6,60.1,56.6,53.9,53.5,53.6,53.6,53.8,53.9,54.1,54.2,54.4,54.9,55.5,56.2,57.6,60.1,62.0,62.4,62.2,61.5,60.1,58.2,55.5,52.5,49.3,46.3,45.1,44.8,44.8,45.1,45.1,44.8,45.2,45.4,45.4,45.6,46.0,46.1,47.3,48.5,50.6,51.5,51.4,50.7,49.3,47.7,45.3,42.6,39.9,37.4,36.9,36.6,36.3,36.4,36.3,36.5,36.7,37.1,37.3,37.6,37.7,38.0,38.2,38.8,40.3,40.9,40.5,39.7,38.3,36.8,35.2,32.9,30.7,29.6,29.6,29.6,29.3,29.2,29.2,29.2,29.0,28.9,29.3,29.9,30.5,31.0,31.5,32.4
70.8,68.9,66.3,63.2,59.7,56.0,53.4,53.2,53.3,53.3,53.4,53.4,53.6,53.7,54.2,54.7,55.3,55.8,57.1,59.5,61.5,62.0,61.8,60.9,59.2,57.2,54.9,51.9,49.0,45.9,44.5,44.4,44.7,44.6,44.6,44.7,44.8,44.9,45.1,45.3,45.5,46.0,46.9,48.3,50.3,51.1,50.8,50.1,48.9,47.2,44.9,42.2,39.3,37.0,36.4,36.1,35.9,35.8,36.0,36.2,36.7,36.8,37.4,37.5,37.4,37.6,37.9,38.7,39.9,40.1,39.9,39.0,37.7,36.5,34.4,32.3,30.4,29.6,29.5,29.1,28.9,28.9,28.8,28.7,28.6,29.1,29.7,30.2,30.7,30.9,31.6
71.6,70.3,68.3,65.9,62.8,59.1,55.5,53.1,52.9,52.9,52.7,52.8,53.0,53.1,53.5,54.0,54.4,54.8,55.2,56.5,59.0,61.0,61.5,61.1,59.9,58.2,56.6,54.2,51.4,48.5,45.3,44.1,44.3,44.2,44.1,44.4,44.3,44.4,44.7,44.9,44.7,45.3,45.6,46.7,47.9,49.8,50.6,50.2,49.8,48.4,46.6,44.4,41.6,38.8,36.5,36.0,35.6,35.3,35.5,35.7,36.3,36.3,36.7,37.3,37.2,37.1,37.3,37.7,38.3,39.1,39.6,39.2,38.4,37.4,35.6,33.8,31.9,30.3,29.5,29.0,28.8,28.6,28.5,28.3,28.4,28.8,29.5,30.0,30.4,30.6,31.0
72.0,71.2,69.7,67.8,65.4,62.2,58.5,55.1,52.7,52.5,52.3,52.2,52.4,52.5,52.9,53.2,53.7,53.9,54.3,54.7,56.1,58.5,60.5,60.9,60.2,58.8,57.6,55.9,53.7,51.0,47.8,44.9,44.0,43.8,43.8,43.9,44.0,43.9,44.2,44.5,44.4,44.7,44.9,45.4,46.3,47.4,49.4,50.0,49.9,49.3,47.9,46.1,43.7,40.9,38.1,36.1,35.5,35.1,35.0,35.2,35.8,35.9,36.3,36.7,37.0,36.9,36.9,37.2,37.3,37.5,38.5,38.9,38.6,38.0,36.6,35.1,33.5,31.8,30.1,28.9,28.7,28.5,28.2,28.1,28.1,28.6,29.3,29.9,30.1,30.4,30.8
71.7,71.5,70.5,69.2,67.4,64.8,61.6,58.2,54.7,52.3,51.9,51.8,51.8,51.9,52.3,52.7,53.0,53.3,53.4,53.7,54.3,55.8,58.0,59.9,59.9,59.1,58.3,56.9,55.4,53.2,50.5,47.5,44.6,43.4,43.2,43.5,43.5,43.6,43.7,43.9,43.9,44.3,44.4,44.6,45.0,45.8,47.0,48.8,49.7,49.4,48.7,47.3,45.4,43.0,40.3,37.6,35.6,35.1,34.9,34.8,35.3,35.4,35.8,36.2,36.4,36.7,36.7,36.8,36.8,36.6,37.0,37.8,38.3,38.2,37.2,36.1,34.8,33.3,31.5,29.5,28.6,28.3,28.0,27.8,27.9,28.4,29.0,29.6,30.0,30.1,30.6
70.8,71.1,70.9,70.0,68.7,66.7,64.1,61.3,57.8,54.3,51.7,51.4,51.4,51.3,51.7,52.1,52.4,52.6,52.8,52.8,53.3,54.1,55.3,57.5,58.9,58.9,58.6,57.5,56.3,54.9,52.6,50.1,47.2,44.0,43.0,43.0,43.2,43.1,43.4,43.4,43.4,43.8,44.1,44.0,44.3,44.6,45.4,46.4,48.5,49.2,48.9,48.1,46.6,44.7,42.4,39.8,37.1,35.1,34.8,34.6,34.8,35.0,35.3,35.8,35.9,36.0,36.3,36.5,36.3,36.1,36.1,36.3,37.3,37.9,37.5,36.7,35.8,34.6,33.0,30.8,29.1,28.2,27.8,27.6,27.7,28.1,28.8,29.4,29.6,30.0,30.3
68.8,70.2,70.5,70.4,69.5,68.0,66.1,63.8,61.0,57.5,53.7,51.2,51.0,50.9,51.1,51.5,51.8,52.0,52.1,52.1,52.4,53.1,53.7,54.9,56.6,57.8,58.3,57.8,56.9,55.9,54.3,52.3,49.8,46.5,43.5,42.7,42.7,42.8,43.0,43.1,42.9,43.3,43.5,43.6,43.7,43.8,44.3,44.9,46.2,48.1,48.6,48.1,47.4,46.0,44.1,41.7,39.1,36.5,34.9,34.6,34.7,34.6,34.9,35.4,35.6,35.6,35.8,36.2,36.2,35.7,35.6,35.5,35.9,36.9,37.2,37.0,36.5,35.6,34.2,32.2,30.4,28.7,27.6,27.4,27.5,27.9,28.6,29.2,29.3,29.7,30.1
65.2,68.2,69.5,69.9,69.8,68.8,67.4,65.8,63.5,60.7,56.9,53.1,50.8,50.5,50.7,50.9,51.2,51.4,51.5,51.5,51.8,52.2,52.6,53.3,54.2,55.6,57.3,57.6,57.2,56.3,55.3,54.1,51.9,49.1,46.0,43.2,42.4,42.3,42.7,42.7,42.5,42.8,43.1,43.1,43.3,43.3,43.5,43.8,44.6,45.8,47.5,47.9,47.4,46.7,45.3,43.4,41.1,38.4,36.2,34.6,34.6,34.5,34.5,34.9,35.2,35.3,35.4,35.7,35.8,35.6,35.2,35.0,35.1,35.4,36.1,36.6,36.8,36.3,35.2,33.6,31.8,29.9,28.1,27.3,27.4,27.7,28.4,29.1,29.1,29.4,29.9
62.6,64.7,67.5,68.9,69.3,69.1,68.2,67.1,65.6,63.3,60.2,56.5,52.6,50.3,50.4,50.5,50.6,50.7,50.9,50.9,51.2,51.5,51.7,52.3,52.7,53.3,55.0,56.6,57.1,56.6,55.7,55.1,53.7,51.3,48.6,45.7,42.9,42.0,42.2,42.4,42.1,42.4,42.5,42.8,42.7,42.9,42.9,43.0,43.6,44.2,45.1,46.8,47.2,46.7,46.0,44.7,42.7,40.3,38.1,35.9,34.6,34.4,34.4,34.6,34.8,34.8,35.1,35.3,35.3,35.3,35.1,34.7,34.7,34.6,34.7,35.6,36.4,36.5,35.9,34.5,33.2,31.2,29.3,27.7,27.3,27.5,28.2,28.9,28.9,29.2,29.7
61.3,62.2,64.1,67.0,68.4,68.7,68.6,67.9,66.8,65.4,62.8,59.8,55.9,52.1,50.1,50.2,50.2,50.1,50.2,50.2,50.7,50.9,51.1,51.5,51.8,51.9,52.8,54.3,56.0,56.4,56.0,55.5,54.7,53.0,50.8,48.3,45.4,42.4,41.9,41.9,41.8,42.0,42.1,42.3,42.4,42.3,42.5,42.5,42.7,43.3,43.8,44.6,46.1,46.4,46.0,45.4,44.0,41.8,39.9,37.8,35.8,34.5,34.3,34.6,34.5,34.5,34.7,35.0,35.0,34.8,34.7,34.5,34.4,34.2,33.9,34.2,35.4,36.2,36.1,35.2,34.2,32.6,30.7,29.0,27.8,27.5,28.0,28.7,28.7,29.1,29.5
60.1,60.9,61.7,63.6,66.4,67.8,68.2,68.3,67.6,66.6,64.9,62.4,59.3,55.4,51.8,49.8,49.8,49.7,49.6,49.5,50.0,50.4,50.5,50.9,51.1,51.1,51.4,52.3,53.7,55.3,55.7,55.8,55.1,54.1,52.6,50.5,48.0,45.1,42.3,41.6,41.3,41.6,41.7,41.7,41.8,42.0,41.9,42.0,42.2,42.4,42.9,43.3,44.0,45.4,45.7,45.4,44.6,43.1,41.4,39.6,37.7,35.6,34.4,34.4,34.4,34.2,34.4,34.6,34.6,34.4,34.2,34.2,34.3,33.8,33.5,33.4,34.0,35.1,35.7,35.4,34.9,33.5,32.0,30.4,29.2,27.9,28.0,28.6,28.6,28.9,29.3
59.5,59.8,60.5,61.2,63.0,65.8,67.2,67.9,68.0,67.4,66.1,64.4,61.9,58.8,55.1,51.6,49.5,49.3,49.1,49.0,49.3,49.7,49.9,50.2,50.4,50.4,50.7,50.9,51.7,53.1,54.6,55.5,55.3,54.5,53.7,52.3,50.1,47.7,44.9,41.9,41.0,41.2,41.3,41.3,41.3,41.5,41.6,41.4,41.7,42.0,42.0,42.5,42.8,43.3,44.7,45.1,44.6,43.8,42.7,41.1,39.4,37.5,35.5,34.5,34.3,34.2,34.1,34.3,34.1,34.1,33.8,33.7,34.0,33.7,33.1,32.9,33.3,33.8,34.6,35.1,35.1,34.2,32.9,31.7,30.6,29.3,28.4,28.5,28.4,28.7,29.1
58.7,59.2,59.4,60.0,60.7,62.4,65.3,66.9,67.6,67.8,66.8,65.6,63.9,61.4,58.3,54.8,51.1,48.9,48.8,48.5,48.8,49.1,49.2,49.6,49.8,49.7,49.9,50.3,50.5,51.2,52.5,54.4,55.0,54.7,54.1,53.4,51.9,49.9,47.4,44.5,41.4,40.9,40.9,40.8,40.8,40.9,41.0,41.1,41.1,41.5,41.5,41.5,42.0,42.2,42.6,44.1,44.4,43.9,43.4,42.4,40.8,39.2,37.4,35.5,34.3,34.1,33.9,34.0,33.8,33.6,33.4,33.3,33.6,33.4,32.9,32.6,32.8,33.0,33.4,34.1,34.8,34.5,33.7,32.7,32.0,30.6,29.7,28.9,28.3,28.6,29.0
