day 0,day 1,day 2,day 3,day 4,day 5,day 6,day 7,day 8,day 9,day 10,day 11,day 12,day 13,day 14,day 15,day 16,day 17,day 18,day 19,day 20,day 21,day 22,day 23,day 24,day 25,day 26,day 27,day 28,day 29,day 30,day 31,day 32,day 33,day 34,day 35,day 36,day 37,day 38,day 39,day 40,day 41,day 42,day 43,day 44,day 45,day 46,day 47,day 48,day 49,day 50,day 51,day 52,day 53,day 54,day 55,day 56,day 57,day 58,day 59,day 60,day 61,day 62,day 63,day 64,day 65,day 66,day 67,day 68,day 69,day 70,day 71,day 72,day 73,day 74,day 75,day 76,day 77,day 78,day 79,day 80,day 81,day 82,day 83,day 84,day 85,day 86,day 87,day 88,day 89,day 90,day 91,day 92,day 93
36.6,37.6,38.7,40.1,41.6,43.5,46.4,48.6,49.6,49.9,50.1,49.7,49.0,47.8,46.5,44.6,42.2,39.5,38.0,38.3,39.0,39.9,40.8,42.1,43.5,44.7,45.9,47.6,49.8,52.4,55.6,57.6,58.5,59.0,59.1,58.6,57.7,56.6,55.1,53.4,51.1,48.2,46.3,46.2,47.1,47.7,48.7,49.8,50.9,52.3,53.8,55.2,57.3,60.9,63.3,65.0,65.8,66.1,66.2,65.8,65.1,64.5,63.1,61.7,60.1,58.0,55.9,54.8,55.6,56.9,57.9,59.1,60.4,61.8,63.3,65.1,67.8,70.8,73.0,74.8,75.7,76.1,76.1,75.4,74.9,73.6,72.1,69.8,67.5,65.3,63.1,61.4,61.9,62.7
36.0,36.9,37.7,38.9,40.4,41.8,43.8,46.6,48.8,49.8,50.3,50.5,50.1,49.4,48.3,47.0,44.9,42.5,39.7,38.1,38.5,39.3,40.1,41.1,42.4,43.7,45.0,46.3,48.1,50.3,52.8,56.1,57.7,58.7,59.3,59.3,58.9,58.2,57.0,55.7,53.8,51.4,48.6,46.8,46.3,47.3,48.1,48.9,50.0,51.3,52.6,53.9,55.4,57.8,61.1,63.7,65.2,65.9,66.5,66.5,66.3,65.8,65.0,63.9,62.3,60.6,58.6,56.5,55.2,56.2,57.3,58.3,59.5,60.7,62.2,63.6,65.2,67.9,70.9,73.2,74.8,75.7,76.4,76.3,75.7,75.1,74.1,72.2,70.1,67.8,65.6,63.2,61.6,62.1
35.5,36.2,37.1,38.1,39.3,40.6,42.1,44.2,46.9,48.9,50.2,50.8,51.0,50.6,49.9,48.7,47.4,45.4,42.6,40.0,38.4,38.8,39.5,40.5,41.6,42.8,44.1,45.4,46.7,48.6,50.5,53.1,56.1,58.0,59.2,59.6,59.6,59.3,58.5,57.5,56.0,54.1,51.9,49.1,47.0,46.6,47.5,48.3,49.2,50.5,51.6,52.8,54.0,55.5,58.1,61.4,63.8,65.2,66.1,66.8,67.1,67.0,66.6,65.9,64.6,63.1,61.2,59.0,56.9,55.7,56.6,57.6,58.7,59.9,60.9,62.4,63.9,65.4,68.1,71.1,73.3,75.0,76.0,76.7,76.5,76.1,75.6,74.2,72.3,70.3,68.0,65.7,63.4,61.6
34.9,35.6,36.3,37.3,38.4,39.5,40.7,42.4,44.4,47.2,49.3,50.6,51.2,51.3,51.0,50.4,49.2,47.7,45.8,43.0,40.3,38.7,39.0,39.9,41.0,42.0,43.2,44.4,45.7,47.3,48.9,50.7,53.4,56.3,58.3,59.4,60.0,60.0,59.6,59.0,58.0,56.3,54.6,52.3,49.4,47.2,47.0,47.7,48.6,49.5,50.9,51.6,53.1,54.2,55.8,58.4,61.6,64.0,65.5,66.7,67.4,67.7,67.8,67.3,66.6,65.3,63.7,61.8,59.5,57.5,56.1,56.9,58.0,59.0,60.1,61.2,62.6,63.9,65.5,68.3,71.1,73.5,75.3,76.3,76.7,76.7,76.6,75.7,74.3,72.6,70.5,68.3,65.9,63.5
34.4,35.0,35.7,36.6,37.5,38.7,39.8,41.0,42.7,44.7,47.6,49.9,51.0,51.7,52.0,51.4,50.9,49.7,48.0,46.1,43.2,40.5,39.0,39.4,40.3,41.3,42.4,43.7,44.9,46.2,47.7,49.2,50.9,53.6,56.8,58.5,59.8,60.2,60.4,60.1,59.4,58.4,56.7,54.7,52.6,49.7,47.6,47.3,48.0,48.8,49.9,50.9,51.9,53.3,54.5,56.1,58.7,61.8,64.3,66.1,67.2,68.0,68.5,68.5,68.1,67.2,65.9,64.2,62.2,60.0,57.9,56.5,57.3,58.3,59.2,60.3,61.5,62.8,64.0,65.7,68.3,71.5,73.7,75.6,76.5,77.0,77.1,76.8,75.9,74.6,72.8,70.6,68.4,66.0
34.0,34.5,35.1,36.0,36.9,37.7,38.8,40.1,41.3,42.9,45.2,48.2,50.2,51.5,52.2,52.4,51.9,51.1,49.9,48.4,46.4,43.6,40.9,39.3,39.8,40.7,41.7,42.7,44.1,45.4,46.5,48.0,49.2,51.2,54.0,57.1,59.0,60.1,60.6,60.9,60.5,59.7,58.7,56.9,55.0,52.9,50.0,47.8,47.5,48.2,49.2,50.2,51.1,52.2,53.3,54.9,56.4,58.8,62.2,64.8,66.6,67.9,68.8,69.3,69.3,68.7,67.9,66.5,64.8,62.7,60.4,58.2,57.0,57.7,58.6,59.5,60.6,61.6,62.8,64.2,65.7,68.6,71.6,74.0,75.8,76.9,77.4,77.4,76.8,76.1,74.7,72.9,70.9,68.7
33.4,34.0,34.5,35.5,36.3,37.1,38.1,39.0,40.2,41.5,43.2,45.7,48.6,50.7,51.9,52.6,52.9,52.4,51.4,50.4,48.8,46.7,44.0,41.5,39.8,40.1,41.0,42.1,43.4,44.5,45.7,46.8,48.0,49.6,51.7,54.5,57.6,59.3,60.5,61.2,61.4,61.0,60.1,58.8,57.1,55.3,53.1,50.3,48.3,47.7,48.6,49.6,50.5,51.3,52.4,53.7,55.2,56.5,59.3,62.6,65.3,67.3,68.7,69.6,70.0,69.9,69.3,68.5,66.9,65.1,63.2,60.9,58.6,57.4,57.9,58.9,59.7,60.8,61.8,63.1,64.2,65.9,68.7,71.8,74.3,76.1,77.2,77.6,77.7,77.0,76.2,74.8,73.1,71.1
34.4,33.6,34.2,34.9,35.6,36.5,37.3,38.3,39.3,40.4,41.7,43.6,46.0,49.0,51.1,52.3,53.2,53.2,52.7,51.8,50.7,49.3,47.1,44.5,41.9,40.1,40.4,41.4,42.7,43.8,44.8,46.0,46.9,48.2,49.8,51.9,54.8,57.9,59.8,61.0,61.6,61.9,61.3,60.4,59.0,57.5,55.6,53.4,50.8,48.8,48.1,48.8,49.8,50.7,51.5,52.7,54.0,55.3,56.9,59.7,63.1,66.0,68.1,69.4,70.2,70.6,70.5,69.8,69.0,67.4,65.7,63.5,61.4,59.0,57.6,58.2,59.1,59.9,60.8,61.9,63.1,64.3,66.2,68.9,72.1,74.5,76.3,77.4,77.9,77.8,77.2,76.3,75.0,73.4
37.0,34.6,33.7,34.5,35.1,35.8,36.8,37.5,38.4,39.5,40.8,42.1,44.0,46.4,49.3,51.6,52.8,53.5,53.4,53.1,52.2,51.0,49.7,47.7,45.0,42.2,40.6,40.8,42.1,43.1,44.1,45.1,45.9,47.1,48.7,50.0,52.3,55.1,58.4,60.3,61.4,62.0,62.1,61.5,60.4,59.4,57.6,56.0,53.8,51.3,49.1,48.2,49.1,49.9,50.7,51.7,53.0,54.1,55.6,57.4,60.3,63.8,66.8,68.8,70.2,70.8,71.2,70.9,70.3,69.3,67.8,66.2,64.1,61.8,59.4,57.9,58.4,59.3,60.1,60.9,61.9,63.0,64.6,66.5,69.3,72.5,74.8,76.5,77.5,78.1,78.1,77.3,76.5,75.3
39.6,37.2,34.9,34.1,34.5,35.2,36.1,37.1,37.8,38.7,39.9,41.1,42.4,44.4,46.8,49.7,52.0,53.2,53.8,53.9,53.5,52.6,51.4,50.2,48.1,45.4,42.6,41.0,41.3,42.4,43.5,44.4,45.2,46.2,47.5,49.0,50.4,52.6,55.5,58.9,60.7,61.9,62.2,62.2,61.6,60.8,59.5,58.1,56.2,54.0,51.7,49.2,48.5,49.3,50.1,51.0,52.0,53.3,54.5,56.0,57.9,61.0,64.6,67.6,69.5,70.7,71.4,71.8,71.3,70.7,69.9,68.3,66.4,64.4,62.1,59.7,58.0,58.7,59.4,60.4,61.0,62.0,63.4,64.8,66.8,69.6,72.8,75.0,76.8,77.8,78.2,78.1,77.5,76.8
42.1,39.7,37.4,35.3,34.2,34.8,35.6,36.4,37.2,38.0,39.1,40.2,41.4,42.8,44.8,47.2,50.2,52.5,53.4,54.1,54.1,53.9,53.0,52.0,50.6,48.5,46.1,43.2,41.5,41.7,42.8,43.7,44.4,45.2,46.6,47.9,49.4,50.9,53.0,56.2,59.3,61.1,62.2,62.5,62.4,62.0,61.0,59.8,58.3,56.6,54.6,51.8,49.5,48.8,49.4,50.4,51.3,52.2,53.5,54.8,56.6,58.5,61.7,65.3,68.3,70.1,71.2,71.9,72.1,71.7,71.1,70.1,68.7,66.8,64.7,62.4,59.9,58.2,58.7,59.5,60.3,61.1,62.2,63.8,65.2,67.2,70.0,73.1,75.3,77.1,78.0,78.3,78.2,77.7
44.2,42.3,39.9,37.7,35.5,34.4,35.2,35.7,36.6,37.3,38.5,39.5,40.5,41.8,43.2,45.1,47.6,50.7,52.8,53.9,54.3,54.5,54.3,53.4,52.4,51.3,49.1,46.6,43.7,42.1,42.1,43.0,43.8,44.8,45.7,47.0,48.4,49.8,51.3,53.4,56.6,59.8,61.6,62.4,62.7,62.8,62.1,61.3,60.2,58.7,57.1,54.9,52.2,49.7,48.8,49.7,50.6,51.6,52.6,53.9,55.4,57.2,59.4,62.5,66.1,68.8,70.6,71.7,72.4,72.5,72.3,71.7,70.8,69.2,67.2,65.0,62.5,60.1,58.3,58.8,59.5,60.4,61.3,62.6,64.1,65.7,67.4,70.1,73.4,75.6,77.2,78.0,78.4,78.4
45.7,44.3,42.6,40.3,38.1,35.8,34.7,35.4,36.0,36.7,37.7,38.8,39.7,40.9,42.1,43.6,45.5,48.0,50.9,53.3,54.2,54.8,55.0,54.8,54.0,53.0,51.8,49.6,47.0,44.1,42.4,42.4,43.1,44.0,45.0,46.1,47.4,48.9,50.1,51.6,53.9,57.3,60.2,61.8,62.6,63.0,62.9,62.5,61.7,60.6,59.2,57.4,55.2,52.5,50.0,49.2,50.0,50.9,51.8,53.0,54.5,56.1,58.0,60.1,63.2,66.6,69.2,70.9,72.1,72.8,72.9,72.8,72.3,71.2,69.6,67.7,65.1,62.7,60.2,58.4,58.8,59.6,60.5,61.6,62.9,64.3,65.9,67.7,70.4,73.7,75.6,77.4,78.2,78.7
47.0,45.9,44.6,42.9,40.8,38.3,36.1,35.1,35.6,36.2,37.0,38.1,39.2,40.0,41.3,42.5,44.0,45.8,48.1,51.3,53.5,54.6,55.2,55.4,55.2,54.5,53.5,52.3,50.0,47.4,44.5,42.7,42.4,43.4,44.3,45.3,46.5,47.8,49.1,50.5,52.0,54.5,57.7,60.4,62.0,62.9,63.1,63.1,62.8,62.1,61.1,59.5,57.7,55.3,52.9,50.3,49.5,50.2,51.3,52.3,53.6,55.1,56.9,58.8,60.8,63.6,67.1,69.6,71.4,72.5,73.3,73.6,73.4,72.9,71.6,70.0,67.7,65.3,63.0,60.4,58.4,59.0,59.9,60.7,62.0,63.2,64.6,66.2,67.9,70.7,73.7,75.7,77.5,78.4
47.8,47.0,46.3,44.9,43.2,41.1,38.5,36.4,35.3,35.8,36.5,37.3,38.5,39.5,40.4,41.5,42.8,44.2,45.9,48.6,51.7,53.9,55.0,55.7,55.9,55.8,55.1,54.1,52.7,50.4,47.8,44.8,42.7,42.7,43.6,44.7,45.8,47.0,48.1,49.6,50.9,52.5,54.8,57.8,60.7,62.3,63.0,63.2,63.6,63.1,62.5,61.5,60.0,57.9,55.5,53.1,50.7,49.9,50.5,51.6,52.8,54.1,55.9,57.6,59.6,61.3,64.1,67.4,70.0,71.8,72.9,73.7,74.1,74.0,73.3,72.0,70.2,68.0,65.5,63.0,60.4,58.6,59.4,60.1,61.0,62.3,63.6,64.9,66.4,68.1,71.0,73.8,76.0,77.7
48.1,47.7,47.4,46.6,45.1,43.3,41.4,38.8,36.6,35.4,36.0,36.9,37.6,38.8,39.8,40.7,41.8,43.1,44.5,46.5,48.7,52.0,54.4,55.6,56.2,56.5,56.3,55.7,54.5,53.1,50.8,48.0,45.0,42.9,43.1,43.9,45.1,46.2,47.3,48.5,49.9,51.3,52.8,55.0,58.0,60.9,62.3,63.2,63.7,64.1,63.6,62.9,61.9,60.0,58.0,55.8,53.3,50.9,50.2,50.9,52.0,53.4,55.0,56.6,58.3,60.1,61.9,64.6,67.9,70.5,72.2,73.5,74.3,74.5,74.4,73.6,72.2,70.3,68.2,65.6,63.0,60.4,58.9,59.6,60.5,61.6,62.7,63.8,65.3,66.7,68.3,71.1,74.0,76.3
48.1,48.2,48.2,47.6,46.7,45.3,43.7,41.8,39.2,36.9,35.8,36.4,37.0,37.9,39.0,40.2,41.1,42.1,43.3,44.7,46.7,49.0,52.5,54.7,56.0,56.7,56.9,56.8,56.1,55.0,53.3,51.0,48.2,45.3,43.4,43.5,44.5,45.4,46.5,47.7,48.9,50.2,51.8,53.3,55.1,58.4,61.0,62.6,63.7,64.2,64.4,64.0,63.3,62.1,60.3,58.3,56.1,53.6,51.3,50.5,51.5,52.6,54.2,55.7,57.3,58.8,60.5,62.4,65.1,68.4,71.0,72.8,74.0,74.6,74.8,74.7,73.8,72.4,70.5,68.2,65.6,63.1,60.6,59.3,59.9,61.0,61.9,62.9,64.2,65.5,66.8,68.4,71.2,74.2
47.0,48.1,48.6,48.5,47.8,47.0,45.7,44.1,42.1,39.5,37.3,36.1,36.7,37.4,38.2,39.3,40.5,41.4,42.4,43.6,45.1,46.9,49.6,52.9,55.0,56.5,57.1,57.5,57.3,56.4,55.2,53.4,51.1,48.5,45.7,43.7,43.8,44.8,45.8,46.9,48.0,49.4,50.7,52.0,53.5,55.4,58.6,61.3,63.1,64.1,64.5,64.7,64.4,63.6,62.2,60.5,58.6,56.4,54.0,51.7,51.0,52.1,53.4,54.9,56.5,57.8,59.2,61.0,62.8,65.5,68.8,71.5,73.3,74.3,74.9,75.1,74.8,74.0,72.7,70.7,68.3,65.8,63.2,60.9,59.6,60.3,61.2,62.2,63.3,64.5,65.6,67.1,68.7,71.5
44.8,47.1,48.4,48.8,48.6,48.1,47.3,45.9,44.3,42.5,39.9,37.7,36.3,36.9,37.7,38.5,39.7,40.7,41.6,42.6,43.9,45.5,47.4,50.0,53.4,55.5,57.0,57.5,58.0,57.7,56.7,55.4,53.6,51.4,48.9,46.0,44.2,44.1,45.1,46.2,47.2,48.4,49.6,50.9,52.2,53.6,55.6,59.0,61.8,63.4,64.5,65.0,65.1,64.8,63.7,62.5,60.7,58.8,56.7,54.4,52.3,51.7,52.7,54.1,55.6,57.0,58.4,59.7,61.5,63.3,65.9,69.3,72.0,73.5,74.8,75.2,75.4,75.1,74.1,72.7,70.8,68.6,66.0,63.6,61.2,60.1,60.7,61.6,62.7,63.6,64.7,65.8,67.2,68.9
42.4,45.0,47.5,48.6,49.0,48.9,48.4,47.6,46.3,44.5,42.8,40.4,38.1,36.6,37.2,38.0,39.0,39.9,40.8,41.9,43.0,44.2,45.8,47.8,50.4,53.9,56.2,57.5,57.9,58.3,57.9,56.9,55.5,53.9,51.7,49.2,46.5,44.6,44.4,45.5,46.6,47.6,48.7,50.0,51.0,52.5,53.8,56.0,59.3,62.1,63.9,64.8,65.4,65.5,64.9,63.9,62.6,61.0,59.1,57.3,55.1,53.0,52.5,53.4,54.9,56.1,57.5,58.8,60.3,61.9,63.6,66.5,69.8,72.3,73.8,75.0,75.5,75.6,75.1,74.1,72.7,70.9,68.7,66.3,64.0,61.7,60.3,61.0,62.0,62.9,63.9,64.7,66.0,67.4
40.8,42.6,45.4,47.8,48.8,49.2,49.2,48.7,47.9,46.5,45.0,43.5,40.8,38.5,37.0,37.5,38.4,39.2,40.0,41.1,42.2,43.3,44.7,46.3,48.3,50.9,54.3,56.6,57.7,58.3,58.5,58.1,57.1,55.8,54.2,52.0,49.7,46.9,45.0,44.9,45.9,47.0,48.0,49.2,50.0,51.3,52.7,54.2,56.3,59.7,62.5,64.1,65.1,65.7,65.7,65.1,64.1,62.9,61.3,59.6,57.9,55.8,53.8,53.1,54.1,55.4,56.7,57.9,59.2,60.6,62.2,64.1,66.8,70.1,72.6,74.1,75.1,75.6,75.7,75.1,74.3,72.9,71.1,69.1,66.7,64.3,62.0,60.6,61.3,62.3,63.2,63.9,65.0,66.1
39.6,40.9,42.9,45.8,47.8,49.0,49.5,49.4,48.9,48.2,46.9,45.6,43.7,41.3,38.8,37.4,37.8,38.6,39.3,40.2,41.5,42.5,43.8,45.1,46.8,48.8,51.5,54.9,57.0,58.1,58.7,58.6,58.3,57.3,56.0,54.4,52.5,50.1,47.3,45.4,45.2,46.4,47.3,48.3,49.2,50.4,51.6,53.0,54.5,56.6,60.2,62.9,64.5,65.4,65.8,65.8,65.2,64.3,63.3,61.7,60.2,58.6,56.5,54.6,53.8,54.7,55.9,57.1,58.3,59.7,61.0,62.7,64.5,67.2,70.3,72.7,74.4,75.3,75.8,75.7,75.1,74.2,72.9,71.4,69.4,67.1,64.6,62.3,61.0,61.6,62.5,63.3,64.0,65.1
38.5,39.9,41.2,43.2,46.0,48.2,49.3,49.7,49.6,49.3,48.7,47.5,46.1,44.1,41.8,39.2,37.6,38.2,38.7,39.6,40.6,41.7,42.8,44.3,45.6,47.1,49.2,52.0,55.3,57.4,58.4,58.8,58.8,58.4,57.4,56.3,54.7,52.8,50.6,47.8,45.8,45.8,46.8,47.5,48.4,49.5,50.6,51.9,53.4,54.9,57.0,60.7,63.2,64.7,65.6,66.1,65.9,65.5,64.7,63.8,62.3,60.9,59.4,57.3,55.3,54.3,55.3,56.3,57.5,58.7,60.0,61.3,63.1,64.7,67.5,70.6,72.9,74.5,75.6,76.0,76.0,75.2,74.4,73.2,71.8,69.6,67.3,64.9,62.8,61.3,61.8,62.6,63.4,64.2
37.6,38.7,40.1,41.6,43.5,46.4,48.6,49.6,49.9,50.1,49.7,49.0,47.8,46.5,44.6,42.2,39.5,38.0,38.3,39.0,39.9,40.8,42.1,43.5,44.7,45.9,47.6,49.8,52.4,55.6,57.6,58.5,59.0,59.1,58.6,57.7,56.6,55.1,53.4,51.1,48.2,46.3,46.2,47.1,47.7,48.7,49.8,50.9,52.3,53.8,55.2,57.3,60.9,63.3,65.0,65.8,66.1,66.2,65.8,65.1,64.5,63.1,61.7,60.1,58.0,55.9,54.8,55.6,56.9,57.9,59.1,60.4,61.8,63.3,65.1,67.8,70.8,73.0,74.8,75.7,76.1,76.1,75.4,74.9,73.6,72.1,69.8,67.5,65.3,63.1,61.4,61.9,62.7,63.6
36.9,37.7,38.9,40.4,41.8,43.8,46.6,48.8,49.8,50.3,50.5,50.1,49.4,48.3,47.0,44.9,42.5,39.7,38.1,38.5,39.3,40.1,41.1,42.4,43.7,45.0,46.3,48.1,50.3,52.8,56.1,57.7,58.7,59.3,59.3,58.9,58.2,57.0,55.7,53.8,51.4,48.6,46.8,46.3,47.3,48.1,48.9,50.0,51.3,52.6,53.9,55.4,57.8,61.1,63.7,65.2,65.9,66.5,66.5,66.3,65.8,65.0,63.9,62.3,60.6,58.6,56.5,55.2,56.2,57.3,58.3,59.5,60.7,62.2,63.6,65.2,67.9,70.9,73.2,74.8,75.7,76.4,76.3,75.7,75.1,74.1,72.2,70.1,67.8,65.6,63.2,61.6,62.1,62.9
