day 0,day 1,day 2,day 3,day 4,day 5,day 6,day 7,day 8,day 9,day 10,day 11,day 12,day 13,day 14,day 15,day 16,day 17,day 18,day 19,day 20,day 21,day 22,day 23,day 24,day 25,day 26,day 27,day 28,day 29,day 30,day 31,day 32,day 33,day 34,day 35,day 36,day 37,day 38,day 39,day 40,day 41,day 42,day 43,day 44,day 45,day 46,day 47,day 48,day 49,day 50,day 51,day 52,day 53,day 54,day 55,day 56,day 57,day 58,day 59,day 60,day 61,day 62,day 63,day 64,day 65,day 66,day 67,day 68,day 69,day 70,day 71,day 72,day 73,day 74,day 75,day 76,day 77,day 78,day 79,day 80,day 81,day 82,day 83,day 84,day 85,day 86,day 87,day 88,day 89,day 90,day 91,day 92,day 93
44.3,45.3,46.4,48.0,49.6,51.6,54.6,57.1,58.0,58.2,58.0,57.6,56.7,55.6,54.2,52.6,50.5,47.9,45.7,46.0,46.9,47.8,48.9,49.9,51.3,52.5,54.0,55.6,57.5,60.4,63.7,65.9,66.7,66.8,66.9,66.5,65.8,64.5,62.5,60.7,58.6,56.5,54.1,53.7,54.7,55.3,56.3,57.3,58.7,60.1,61.5,62.7,64.3,67.2,70.5,72.3,72.8,73.0,72.7,72.6,72.0,71.2,70.0,68.4,66.4,64.5,62.5,61.2,62.2,63.5,64.6,65.9,67.1,68.6,70.2,71.9,74.0,77.6,80.3,81.9,82.8,82.9,82.8,82.7,82.1,81.0,79.6,77.6,75.3,72.9,70.3,68.4,68.9,69.6
43.7,44.6,45.6,46.8,48.5,50.0,52.1,55.1,57.2,58.1,58.5,58.5,58.2,57.4,56.3,54.8,53.1,50.9,48.2,45.7,46.4,47.2,48.1,49.1,50.4,51.5,52.7,54.4,56.0,58.0,60.5,63.9,66.0,66.8,67.1,67.4,66.9,66.0,64.4,62.8,61.2,59.1,57.1,54.5,54.1,54.8,55.5,56.7,57.7,59.1,60.3,61.5,62.7,64.4,67.7,70.8,72.3,72.8,73.1,73.1,73.2,72.3,71.7,70.5,68.9,67.3,65.2,63.1,61.7,62.8,64.0,65.2,66.4,67.6,69.0,70.7,72.1,74.2,77.8,80.7,82.1,82.8,83.0,83.4,83.2,82.4,81.3,79.9,77.9,75.6,73.1,70.5,68.5,69.0
42.9,43.9,44.9,46.1,47.3,48.8,50.4,52.5,55.2,57.3,58.5,59.0,59.2,59.0,58.2,56.8,55.3,53.6,51.2,48.3,46.2,46.6,47.4,48.4,49.6,50.5,51.6,53.2,54.8,56.4,58.2,60.8,64.1,66.2,67.2,67.7,67.7,67.0,65.9,64.7,63.4,61.6,59.6,57.5,55.0,54.2,54.9,55.9,57.1,58.2,59.3,60.4,61.5,62.8,64.8,68.0,70.8,72.3,73.0,73.6,73.8,73.5,72.9,72.3,71.1,69.7,67.9,65.8,63.6,62.3,63.3,64.5,65.6,66.9,68.0,69.3,70.9,72.3,74.4,78.2,80.9,82.1,82.7,83.6,83.8,83.5,82.7,81.6,80.2,78.2,75.7,73.3,70.6,68.5
42.3,43.2,44.1,45.4,46.4,47.6,49.2,50.8,52.7,55.4,57.7,59.0,59.8,59.9,59.7,58.7,57.4,55.9,53.8,51.3,48.8,46.4,46.9,47.8,48.9,49.8,50.7,52.1,53.6,55.3,56.6,58.5,61.0,64.2,66.5,67.7,68.0,67.9,67.0,66.1,65.2,63.8,62.2,60.0,57.8,55.1,54.5,55.3,56.3,57.5,58.4,59.4,60.5,61.6,63.1,65.1,68.1,70.9,72.5,73.5,74.1,74.2,74.1,73.4,72.8,71.9,70.4,68.5,66.3,64.2,62.8,63.8,65.0,66.1,67.3,68.3,69.5,71.1,72.5,74.7,78.4,80.8,82.1,83.4,84.1,84.2,83.8,83.1,82.1,80.4,78.2,75.8,73.3,70.7
41.8,42.4,43.4,44.6,45.7,46.7,48.1,49.5,51.0,52.8,55.8,58.2,59.8,60.5,60.7,60.2,59.3,57.9,56.0,53.9,51.7,49.1,46.6,47.3,48.2,49.0,50.0,51.1,52.6,54.1,55.6,56.9,58.6,61.1,64.5,67.0,67.9,68.0,67.9,67.2,66.7,65.6,64.4,62.6,60.3,58.0,55.4,54.8,55.8,56.7,57.7,58.6,59.5,60.6,61.9,63.4,65.2,68.2,71.1,72.9,73.8,74.6,74.8,74.5,74.0,73.7,72.6,71.0,69.1,66.9,64.7,63.3,64.3,65.4,66.4,67.6,68.5,69.6,71.2,72.8,74.9,78.2,80.9,82.8,83.8,84.5,84.5,84.2,83.5,82.3,80.4,78.3,75.8,73.4
41.3,42.0,42.8,43.9,44.8,46.0,47.2,48.4,49.7,51.1,53.2,56.4,59.0,60.5,61.3,61.2,60.8,59.8,58.1,56.1,54.3,52.0,49.4,47.1,47.7,48.3,49.2,50.4,51.6,53.1,54.3,55.8,57.1,58.7,61.5,65.1,67.2,68.0,68.1,68.0,67.7,67.1,66.1,64.7,62.8,60.5,58.3,55.8,55.3,56.2,56.9,57.9,58.6,59.6,60.8,62.2,63.5,65.3,68.4,71.5,73.2,74.3,75.2,75.2,75.1,74.8,74.4,73.2,71.6,69.7,67.5,65.2,63.8,64.7,65.8,66.8,67.8,68.7,69.8,71.5,72.9,74.7,78.3,81.5,83.2,84.1,84.8,84.9,84.6,83.8,82.3,80.5,78.3,75.9
40.9,41.4,42.3,43.2,44.1,45.1,46.5,47.5,48.5,49.8,51.5,53.7,57.1,59.8,61.2,61.8,61.7,61.3,59.9,58.2,56.5,54.6,52.2,49.9,47.6,47.8,48.5,49.6,50.9,52.1,53.3,54.5,56.0,57.1,59.0,62.1,65.3,67.2,68.1,68.2,68.6,68.1,67.6,66.5,64.9,63.0,60.8,58.7,56.3,55.7,56.3,57.1,57.9,58.7,59.7,61.1,62.2,63.5,65.4,68.9,71.8,73.7,74.8,75.5,75.7,76.0,75.6,74.9,73.8,72.0,70.2,67.9,65.8,64.2,65.0,66.1,66.9,67.9,68.8,70.0,71.6,72.8,74.7,78.9,81.9,83.5,84.3,85.2,85.3,84.8,83.8,82.4,80.6,78.4
41.6,41.0,41.7,42.8,43.4,44.4,45.6,46.7,47.6,48.7,50.2,52.0,54.3,57.8,60.5,61.7,62.3,62.2,61.3,59.9,58.6,56.9,54.9,52.8,50.4,47.6,48.0,48.9,50.0,51.3,52.3,53.5,54.7,56.1,57.5,59.6,62.4,65.4,67.3,68.2,68.8,69.0,68.6,67.8,66.6,65.2,63.2,61.3,59.1,56.7,55.8,56.6,57.1,57.9,58.8,60.1,61.2,62.3,63.7,65.8,69.2,72.3,74.3,75.1,75.9,76.6,76.7,76.1,75.5,74.2,72.6,70.7,68.5,66.2,64.5,65.4,66.2,67.0,68.1,69.0,70.2,71.5,72.9,75.2,79.3,82.2,83.7,84.8,85.4,85.5,84.9,83.9,82.4,80.6
44.2,41.7,41.3,42.2,42.9,43.7,44.9,45.9,46.8,47.8,49.1,50.6,52.4,54.9,58.5,61.0,62.3,62.7,62.2,61.4,60.3,58.9,57.3,55.5,53.3,50.6,47.9,48.4,49.3,50.5,51.6,52.6,53.8,54.8,56.4,58.0,60.0,62.5,65.5,67.5,68.7,69.2,69.5,68.9,68.0,66.9,65.4,63.7,61.7,59.5,56.8,56.0,56.6,57.2,58.1,59.2,60.3,61.2,62.5,64.1,66.2,69.7,72.9,74.4,75.5,76.7,77.4,77.2,76.8,75.9,74.8,73.1,71.3,68.9,66.6,64.9,65.4,66.2,67.2,68.4,69.2,70.2,71.5,73.3,75.7,79.6,82.4,84.0,85.0,85.6,85.5,84.9,83.9,82.6
46.6,44.3,42.2,41.9,42.3,43.1,44.2,45.1,46.0,47.0,48.2,49.5,50.9,52.9,55.6,58.9,61.5,62.7,62.7,62.3,61.7,60.6,59.3,58.0,56.0,53.6,51.0,48.3,48.8,49.8,50.8,51.9,52.9,53.9,55.1,56.9,58.4,60.2,62.7,65.7,68.0,69.2,69.7,69.8,69.0,68.2,67.2,66.0,64.2,62.1,59.7,57.1,56.0,56.6,57.4,58.5,59.4,60.2,61.6,62.9,64.4,66.7,70.3,73.0,74.9,76.3,77.5,77.9,77.8,77.2,76.4,75.3,73.7,71.7,69.4,67.0,65.0,65.5,66.4,67.4,68.5,69.1,70.2,71.9,73.6,76.1,79.9,82.6,84.2,85.2,85.5,85.5,84.9,84.0
49.1,46.7,44.6,42.9,41.9,42.6,43.6,44.4,45.1,46.1,47.5,48.5,49.7,51.5,53.6,56.0,59.4,61.8,62.7,62.8,62.6,62.0,60.9,60.0,58.4,56.3,54.0,51.4,48.8,49.3,50.2,51.1,52.1,52.9,54.2,55.7,57.4,58.6,60.3,63.0,66.2,68.5,69.5,70.0,69.8,69.4,68.5,67.8,66.4,64.6,62.2,59.8,57.1,56.0,56.9,57.7,58.7,59.4,60.5,61.9,63.3,64.9,67.4,70.5,73.5,75.7,77.2,78.0,78.6,78.3,77.7,77.0,75.9,74.1,72.1,69.7,67.1,65.1,65.6,66.6,67.5,68.4,69.2,70.5,72.3,74.1,76.3,80.1,82.8,84.4,85.0,85.5,85.6,85.1
51.0,49.1,47.1,45.3,43.1,42.2,43.0,43.8,44.4,45.3,46.6,47.7,48.7,50.3,52.1,53.8,56.4,59.8,61.9,62.8,63.1,62.9,62.3,61.6,60.4,58.8,56.7,54.4,51.9,49.3,49.6,50.5,51.3,52.2,53.3,54.7,56.1,57.5,58.7,60.5,63.5,66.6,68.8,69.7,70.1,70.1,69.6,69.0,68.1,66.7,64.7,62.3,59.8,57.2,56.3,57.3,58.0,58.7,59.8,60.9,62.3,63.8,65.5,67.7,71.0,74.3,76.4,77.5,78.6,78.9,78.8,78.3,77.5,76.3,74.5,72.3,69.9,67.3,65.2,65.8,66.6,67.4,68.5,69.5,70.9,72.7,74.3,76.6,80.3,82.9,84.3,84.9,85.6,85.7
52.7,51.1,49.5,47.8,45.6,43.5,42.7,43.1,43.8,44.6,45.7,46.8,47.9,49.3,51.0,52.3,54.2,56.8,60.0,62.0,63.1,63.5,63.1,63.0,62.0,60.8,59.3,57.1,54.8,52.5,49.7,49.9,50.6,51.4,52.6,53.7,55.2,56.3,57.7,59.0,61.0,64.0,67.0,69.1,69.9,70.3,70.4,70.2,69.4,68.5,66.9,64.7,62.4,60.0,57.5,56.6,57.4,58.0,59.0,60.1,61.3,62.8,64.4,65.9,68.2,71.8,75.1,76.8,78.2,78.9,79.4,79.4,78.8,77.9,76.7,74.8,72.7,70.2,67.4,65.3,65.9,66.6,67.5,68.9,69.8,71.4,73.0,74.5,76.9,80.4,82.7,84.2,85.0,85.8
54.0,52.8,51.5,50.2,48.1,46.1,44.0,42.8,43.2,44.1,45.0,46.0,47.0,48.5,50.0,51.1,52.6,54.6,56.9,60.1,62.3,63.5,63.7,63.9,63.4,62.4,61.3,59.6,57.6,55.3,52.8,50.1,50.1,50.7,51.8,53.0,54.2,55.4,56.5,57.9,59.5,61.5,64.4,67.3,69.2,70.1,70.6,71.0,70.6,69.7,68.5,66.9,64.9,62.7,60.3,57.9,56.8,57.4,58.3,59.3,60.5,61.8,63.4,64.8,66.4,69.0,72.7,75.5,77.4,78.6,79.5,80.0,80.0,79.2,78.4,76.9,75.2,72.9,70.4,67.6,65.4,65.9,66.7,67.9,69.2,70.3,71.6,73.3,74.9,77.1,80.3,82.6,84.2,85.1
55.0,54.2,53.2,52.1,50.5,48.6,46.7,44.2,42.8,43.6,44.4,45.3,46.1,47.6,49.1,50.1,51.4,53.0,54.6,56.9,60.4,62.8,63.7,64.4,64.3,63.9,63.0,61.6,60.1,58.1,55.7,53.1,50.2,50.1,51.1,52.2,53.5,54.4,55.6,56.8,58.5,60.0,61.9,64.7,67.7,69.4,70.5,71.3,71.4,71.0,69.7,68.6,67.0,65.3,63.0,60.6,58.1,56.8,57.7,58.6,59.7,61.0,62.3,63.8,65.3,67.1,69.7,73.1,76.1,77.8,79.2,80.1,80.6,80.4,79.7,78.5,77.4,75.4,73.1,70.6,67.8,65.4,66.1,67.0,68.2,69.6,70.7,71.9,73.6,75.1,77.1,80.3,82.7,84.4
55.3,55.1,54.5,53.8,52.4,50.9,49.2,46.8,44.3,43.2,43.8,44.7,45.4,46.7,48.1,49.2,50.4,51.8,53.0,54.7,57.3,60.8,63.0,64.4,64.7,64.8,64.3,63.3,62.1,60.5,58.4,55.9,53.3,50.4,50.5,51.5,52.7,53.8,54.6,55.9,57.4,58.9,60.3,62.2,65.1,67.9,69.8,71.1,71.8,71.7,71.0,69.8,68.7,67.5,65.6,63.3,60.8,58.2,57.1,57.9,59.0,60.3,61.6,62.8,64.3,66.0,67.8,70.1,73.7,76.6,78.5,79.7,80.7,81.0,80.8,79.9,78.9,77.6,75.6,73.5,70.7,67.7,65.6,66.4,67.4,68.6,69.9,71.0,72.3,73.8,75.2,77.1,80.3,82.8
55.4,55.5,55.4,55.1,54.1,53.0,51.4,49.3,47.0,44.8,43.5,44.0,44.8,46.0,47.2,48.2,49.4,50.7,51.9,53.1,54.9,57.7,61.0,63.7,64.8,65.2,65.2,64.7,63.8,62.5,60.9,58.6,56.0,53.5,50.9,50.9,52.1,52.9,54.0,54.9,56.4,57.8,59.2,60.6,62.5,65.3,68.3,70.4,71.6,72.1,71.6,71.1,69.9,69.2,67.8,65.8,63.4,60.9,58.6,57.4,58.4,59.6,60.8,62.1,63.3,65.0,66.7,68.2,70.6,74.2,77.2,79.0,80.4,81.1,81.4,81.0,80.3,79.1,77.8,76.0,73.4,70.7,67.9,66.0,66.7,67.7,68.8,70.2,71.4,72.5,73.9,75.2,77.2,80.4
54.6,55.6,55.8,56.0,55.4,54.8,53.4,51.5,49.3,47.5,45.2,43.7,44.2,45.5,46.5,47.3,48.4,49.7,50.8,52.0,53.4,55.3,57.9,61.7,64.1,65.2,65.7,65.5,65.0,64.1,62.9,60.9,58.7,56.2,54.0,51.3,51.5,52.3,53.1,54.3,55.3,56.9,58.1,59.5,60.9,62.6,65.7,68.9,70.9,71.9,71.9,71.7,71.1,70.4,69.6,67.9,65.9,63.5,61.3,59.0,57.8,58.9,60.1,61.4,62.7,64.0,65.6,67.1,68.8,71.1,74.8,77.8,79.6,80.8,81.5,81.6,81.4,80.5,79.3,78.2,76.0,73.4,70.9,68.3,66.3,67.1,68.0,69.1,70.6,71.7,72.7,73.9,75.3,77.3
52.6,54.8,55.9,56.4,56.4,56.1,55.3,53.5,51.5,49.9,47.8,45.5,43.8,44.9,45.9,46.6,47.5,48.8,49.8,51.0,52.3,53.8,55.5,58.5,62.1,64.5,65.6,65.9,65.9,65.2,64.4,62.9,61.1,58.9,56.7,54.5,52.0,51.7,52.5,53.5,54.7,55.9,57.2,58.4,59.7,61.1,63.0,66.2,69.4,71.2,71.7,72.1,71.7,71.6,70.8,69.7,68.0,66.0,63.9,61.7,59.4,58.3,59.5,60.7,61.9,63.3,64.6,66.0,67.7,69.4,71.7,75.4,78.4,80.1,81.3,81.7,81.9,81.6,80.7,79.7,78.1,76.0,73.6,71.3,68.6,66.7,67.4,68.3,69.6,70.8,71.9,72.7,74.0,75.4
50.0,52.8,55.1,56.4,56.8,57.1,56.7,55.3,53.5,52.0,50.3,48.3,45.9,44.5,45.3,46.0,46.8,47.9,48.8,50.0,51.3,52.7,54.1,56.1,58.9,62.6,64.9,65.9,66.3,66.1,65.6,64.5,63.1,61.3,59.4,57.2,55.1,52.3,51.9,52.8,53.9,55.2,56.2,57.6,58.6,59.9,61.5,63.5,66.8,69.6,71.1,71.9,72.2,72.2,72.0,70.9,69.8,68.1,66.4,64.5,62.1,59.9,58.9,60.1,61.3,62.5,63.9,65.0,66.5,68.2,69.9,72.3,76.0,78.9,80.5,81.7,82.1,82.2,81.8,81.1,79.7,78.2,76.3,74.0,71.6,69.1,67.0,67.7,68.7,69.9,71.0,71.9,72.9,74.1
48.4,50.3,53.1,55.6,56.8,57.5,57.6,56.8,55.4,54.0,52.4,50.8,48.7,46.6,45.0,45.4,46.2,47.2,48.0,49.1,50.3,51.6,52.9,54.7,56.4,59.3,63.0,65.1,66.3,66.4,66.3,65.6,64.6,63.3,61.7,59.9,57.6,55.3,52.6,52.3,53.4,54.4,55.6,56.6,57.7,58.7,60.3,61.9,64.0,67.0,69.6,71.3,72.0,72.6,72.6,72.1,70.9,69.8,68.6,67.0,64.8,62.5,60.6,59.6,60.7,61.9,63.1,64.3,65.6,67.1,68.7,70.5,72.8,76.5,79.3,80.9,82.0,82.3,82.4,82.1,81.1,79.7,78.6,76.7,74.3,72.0,69.4,67.3,68.1,69.1,70.1,71.1,72.0,73.0
47.3,48.6,50.7,53.7,56.0,57.4,58.0,57.6,56.8,55.8,54.3,52.9,51.3,49.5,47.2,45.1,45.6,46.6,47.2,48.3,49.4,50.6,51.8,53.5,54.9,56.7,59.7,63.2,65.6,66.4,66.6,66.4,65.8,65.0,63.8,62.2,60.2,57.8,55.6,53.0,52.8,53.9,54.8,56.0,56.7,57.9,59.2,60.8,62.5,64.2,66.9,69.8,71.5,72.5,73.1,72.6,72.1,71.0,70.3,69.2,67.3,65.2,63.2,61.2,60.1,61.3,62.4,63.5,64.9,66.1,67.6,69.3,71.0,73.3,76.9,79.7,81.3,82.3,82.6,82.8,82.1,81.1,80.2,79.0,77.0,74.6,72.3,69.7,67.7,68.5,69.3,70.3,71.1,72.2
46.1,47.5,49.1,51.2,54.0,56.6,58.0,58.1,57.7,57.2,56.2,54.9,53.5,52.0,50.0,47.5,45.3,46.0,46.6,47.5,48.5,49.6,50.9,52.3,53.7,55.2,57.1,60.0,63.6,65.7,66.6,66.7,66.6,66.1,65.4,64.2,62.5,60.3,58.2,56.0,53.5,53.4,54.2,55.2,56.1,56.9,58.3,59.6,61.3,62.7,64.1,67.0,70.0,72.0,72.9,73.0,72.6,72.2,71.4,71.0,69.5,67.7,65.9,63.8,61.8,60.7,61.8,62.9,64.1,65.4,66.6,68.1,69.8,71.5,73.7,77.3,80.1,81.5,82.6,82.9,82.7,82.1,81.6,80.6,79.3,77.3,75.0,72.6,70.1,68.1,68.8,69.4,70.4,71.2
45.3,46.4,48.0,49.6,51.6,54.6,57.1,58.0,58.2,58.0,57.6,56.7,55.6,54.2,52.6,50.5,47.9,45.7,46.0,46.9,47.8,48.9,49.9,51.3,52.5,54.0,55.6,57.5,60.4,63.7,65.9,66.7,66.8,66.9,66.5,65.8,64.5,62.5,60.7,58.6,56.5,54.1,53.7,54.7,55.3,56.3,57.3,58.7,60.1,61.5,62.7,64.3,67.2,70.5,72.3,72.8,73.0,72.7,72.6,72.0,71.2,70.0,68.4,66.4,64.5,62.5,61.2,62.2,63.5,64.6,65.9,67.1,68.6,70.2,71.9,74.0,77.6,80.3,81.9,82.8,82.9,82.8,82.7,82.1,81.0,79.6,77.6,75.3,72.9,70.3,68.4,68.9,69.6,70.5
44.6,45.6,46.8,48.5,50.0,52.1,55.1,57.2,58.1,58.5,58.5,58.2,57.4,56.3,54.8,53.1,50.9,48.2,45.7,46.4,47.2,48.1,49.1,50.4,51.5,52.7,54.4,56.0,58.0,60.5,63.9,66.0,66.8,67.1,67.4,66.9,66.0,64.4,62.8,61.2,59.1,57.1,54.5,54.1,54.8,55.5,56.7,57.7,59.1,60.3,61.5,62.7,64.4,67.7,70.8,72.3,72.8,73.1,73.1,73.2,72.3,71.7,70.5,68.9,67.3,65.2,63.1,61.7,62.8,64.0,65.2,66.4,67.6,69.0,70.7,72.1,74.2,77.8,80.7,82.1,82.8,83.0,83.4,83.2,82.4,81.3,79.9,77.9,75.6,73.1,70.5,68.5,69.0,69.7
