day 0,day 1,day 2,day 3,day 4,day 5,day 6,day 7,day 8,day 9,day 10,day 11,day 12,day 13,day 14,day 15,day 16,day 17,day 18,day 19,day 20,day 21,day 22,day 23,day 24,day 25,day 26,day 27,day 28,day 29,day 30,day 31,day 32,day 33,day 34,day 35,day 36,day 37,day 38,day 39,day 40,day 41,day 42,day 43,day 44,day 45,day 46,day 47,day 48,day 49,day 50,day 51,day 52,day 53,day 54,day 55,day 56,day 57,day 58,day 59,day 60,day 61,day 62,day 63,day 64,day 65,day 66,day 67,day 68,day 69,day 70,day 71,day 72,day 73,day 74,day 75,day 76,day 77,day 78,day 79,day 80,day 81,day 82,day 83,day 84,day 85,day 86,day 87,day 88
60.5,61.1,62.0,62.8,63.9,65.3,67.1,70.0,71.5,71.9,58.7,59.0,59.6,60.5,61.8,63.2,65.3,68.0,69.3,69.9,69.6,68.8,67.5,65.3,62.1,58.2,54.3,53.8,53.8,53.7,54.1,54.5,54.9,55.7,56.4,57.2,58.2,59.6,61.2,63.1,66.0,69.0,70.4,70.7,70.6,69.5,68.4,66.6,63.7,59.9,56.2,55.1,54.7,54.8,55.2,55.6,56.4,57.5,58.9,60.3,61.6,63.3,64.9,66.9,70.6,73.7,75.1,75.5,74.9,73.8,72.4,70.3,67.5,63.9,59.7,56.7,57.3,57.5,58.2,59.0,59.6,60.4,61.5,62.6,64.1,65.4,67.5,70.3,74.3
59.9,60.4,61.1,62.0,62.8,63.9,65.1,66.8,69.8,71.3,58.1,58.2,58.7,59.6,60.6,61.7,62.9,65.0,67.7,69.3,69.9,69.6,69.0,67.5,65.5,62.4,58.4,54.5,53.6,53.6,53.6,53.9,54.4,55.0,55.6,56.3,57.3,58.6,59.8,61.5,63.1,66.1,69.1,70.4,70.9,70.6,69.8,68.5,66.6,63.8,60.2,56.2,54.6,54.6,54.8,55.2,55.7,56.7,58.0,59.4,60.6,62.0,63.4,64.9,67.3,71.0,74.0,75.1,75.5,74.8,73.7,72.3,70.1,67.5,63.9,59.9,57.0,57.3,57.8,58.4,59.0,59.8,60.6,61.7,63.0,64.3,65.8,67.9,70.7
59.2,59.7,60.4,61.1,62.0,62.9,63.7,64.8,66.6,69.6,57.5,57.6,57.9,58.7,59.7,60.5,61.5,62.6,64.6,67.6,69.2,69.8,69.8,68.9,67.6,65.8,62.5,58.5,54.1,53.3,53.5,53.5,53.8,54.4,54.9,55.5,56.5,57.8,58.8,60.1,61.5,63.3,66.2,69.2,70.6,70.9,70.9,69.9,68.6,66.7,64.1,60.2,55.8,54.4,54.6,54.8,55.2,56.1,57.3,58.5,59.7,61.0,62.1,63.3,65.2,67.7,71.2,74.0,75.2,75.5,74.8,73.6,72.1,69.9,67.6,64.1,60.1,57.0,57.5,58.0,58.4,59.1,59.9,60.9,62.1,63.2,64.8,66.3,68.3
58.9,59.0,59.7,60.4,61.1,62.1,62.7,63.4,64.6,66.4,57.1,56.9,57.3,57.9,58.7,59.5,60.3,61.1,62.3,64.5,67.6,69.3,70.0,69.7,69.0,67.8,65.8,62.6,58.2,54.0,53.3,53.4,53.4,53.9,54.3,54.8,55.8,56.9,57.9,59.1,60.1,61.6,63.3,66.3,69.3,70.6,71.2,71.1,69.9,68.7,67.1,64.1,59.9,55.8,54.4,54.6,54.9,55.6,56.7,57.8,58.9,60.1,61.1,62.0,63.7,65.6,67.9,71.3,74.1,75.1,75.4,74.5,73.5,71.9,70.0,67.8,64.4,60.3,57.2,57.7,58.1,58.5,59.3,60.2,61.3,62.3,63.6,65.2,66.6
58.4,58.7,59.0,59.8,60.4,61.2,61.9,62.3,63.2,64.3,56.6,56.6,56.7,57.3,57.9,58.6,59.4,60.0,60.8,62.1,64.5,67.7,69.5,70.0,69.8,69.3,67.8,65.9,62.2,58.0,53.9,53.2,53.3,53.4,53.8,54.2,55.1,56.2,57.1,58.2,59.1,60.1,61.6,63.5,66.5,69.4,70.9,71.4,71.2,70.1,69.0,67.0,63.9,60.0,55.9,54.3,54.6,55.2,56.2,57.1,58.2,59.3,60.2,61.0,62.4,64.0,65.8,68.0,71.4,74.0,75.1,75.2,74.4,73.4,72.0,70.2,68.0,64.7,60.6,57.4,57.7,58.1,58.7,59.5,60.6,61.6,62.7,64.0,65.4
58.1,58.2,58.7,59.1,59.8,60.5,61.0,61.5,62.2,63.0,56.2,56.1,56.3,56.8,57.3,57.8,58.4,58.9,59.6,60.5,62.0,64.6,67.9,69.5,70.0,70.2,69.4,67.9,65.6,62.1,57.8,53.9,53.1,53.3,53.3,53.7,54.5,55.5,56.4,57.4,58.3,59.2,60.1,61.7,63.8,66.6,69.6,71.1,71.4,71.3,70.5,69.0,66.9,64.0,60.1,55.9,54.4,55.0,55.9,56.7,57.5,58.6,59.4,60.1,61.4,62.8,64.1,65.9,68.1,71.4,74.0,74.9,75.0,74.4,73.4,72.1,70.4,68.4,65.0,60.9,57.5,57.8,58.3,58.9,60.0,60.9,61.9,63.2,64.3
57.9,57.9,58.2,58.8,59.2,59.9,60.3,60.6,61.3,61.9,56.2,55.7,55.8,56.4,56.7,57.1,57.6,58.0,58.5,59.4,60.4,62.0,64.8,67.9,69.5,70.3,70.2,69.4,67.7,65.4,61.8,57.7,53.8,53.1,53.1,53.2,54.1,54.9,55.8,56.6,57.4,58.3,59.2,60.2,62.0,63.8,66.8,69.8,71.2,71.7,71.7,70.5,68.8,67.0,64.0,60.1,56.1,54.7,55.6,56.3,57.0,58.0,58.8,59.3,60.5,61.8,62.9,64.3,65.9,68.1,71.4,73.7,74.8,75.0,74.3,73.6,72.2,70.8,68.7,65.4,61.1,57.6,58.0,58.5,59.5,60.3,61.3,62.4,63.5
57.7,57.7,57.9,58.3,58.8,59.3,59.8,59.9,60.4,60.9,56.0,55.6,55.4,55.9,56.3,56.5,56.9,57.2,57.6,58.4,59.3,60.4,62.2,64.8,68.0,69.8,70.4,70.4,69.3,67.5,65.1,61.7,57.7,53.8,52.9,53.0,53.6,54.5,55.2,56.1,56.6,57.4,58.3,59.2,60.5,62.0,63.9,67.1,69.9,71.4,72.0,71.7,70.4,69.0,67.0,64.1,60.3,56.5,55.3,56.1,56.6,57.5,58.2,58.6,59.7,60.8,61.9,63.0,64.3,65.8,68.0,71.1,73.6,74.8,74.9,74.5,73.7,72.6,71.2,69.0,65.5,61.2,57.8,58.2,59.0,59.7,60.6,61.7,62.7
58.6,57.5,57.7,57.9,58.3,59.0,59.1,59.3,59.7,60.0,56.5,55.5,55.4,55.5,55.8,56.1,56.3,56.6,56.8,57.4,58.3,59.3,60.5,62.1,64.9,68.2,69.9,70.6,70.3,69.2,67.2,64.9,61.7,57.7,53.7,52.8,53.4,54.0,54.8,55.5,56.1,56.6,57.5,58.4,59.5,60.5,62.1,64.2,67.2,70.1,71.8,72.1,71.6,70.5,69.1,67.2,64.4,60.8,57.1,55.8,56.4,57.1,57.7,58.0,59.0,60.1,60.9,62.0,63.0,64.2,65.8,67.7,71.0,73.5,74.7,75.2,74.6,74.2,73.1,71.4,69.1,65.6,61.5,58.1,58.7,59.3,60.0,61.0,62.0
62.0,58.4,57.6,57.8,57.9,58.5,58.8,58.7,59.1,59.2,59.9,56.0,55.3,55.5,55.5,55.6,55.9,56.0,56.2,56.6,57.3,58.3,59.4,60.4,62.3,65.2,68.4,70.1,70.6,70.1,68.9,67.0,65.0,61.7,57.6,53.6,53.3,53.8,54.4,55.0,55.5,56.1,56.6,57.5,58.7,59.5,60.7,62.3,64.2,67.4,70.5,71.8,72.0,71.9,70.6,69.2,67.5,64.9,61.3,57.7,56.2,56.9,57.3,57.6,58.4,59.4,60.2,61.1,62.0,62.9,64.1,65.6,67.5,70.8,73.5,75.0,75.2,75.0,74.6,73.3,71.6,69.2,66.0,61.9,58.6,58.9,59.6,60.4,61.3
65.9,61.9,58.3,57.6,57.8,58.1,58.4,58.4,58.4,58.7,63.6,59.5,55.8,55.3,55.4,55.3,55.4,55.5,55.6,56.0,56.5,57.3,58.3,59.2,60.5,62.5,65.3,68.5,70.0,70.4,69.8,68.7,67.1,64.9,61.5,57.6,54.1,53.7,54.2,54.6,55.1,55.5,56.0,56.7,57.8,58.7,59.7,60.9,62.2,64.4,67.8,70.5,71.7,72.3,71.9,70.8,69.5,68.0,65.4,61.8,58.0,56.6,57.0,57.2,58.0,58.7,59.5,60.3,61.1,61.9,62.9,63.9,65.3,67.3,70.8,73.7,75.1,75.6,75.5,74.8,73.5,71.6,69.5,66.4,62.4,58.9,59.2,60.1,60.7
69.3,65.8,61.8,58.4,57.6,57.9,57.9,57.9,58.2,58.0,66.8,63.2,59.4,55.9,55.2,55.2,55.0,55.0,55.2,55.3,55.9,56.4,57.4,58.2,59.4,60.8,62.6,65.4,68.5,69.8,70.1,69.7,68.7,67.0,64.7,61.5,58.1,54.5,54.1,54.4,54.7,55.2,55.4,56.1,57.0,57.8,58.8,59.9,60.7,62.4,64.7,67.7,70.4,72.0,72.4,72.1,71.1,70.1,68.6,65.9,62.1,58.5,56.7,56.9,57.5,58.3,58.8,59.6,60.4,61.1,61.9,62.7,63.6,65.1,67.4,71.0,73.7,75.5,76.0,75.7,75.0,73.5,71.9,69.9,66.9,62.8,59.1,59.7,60.4
71.3,69.1,65.8,61.9,58.3,57.7,57.8,57.5,57.7,57.7,69.0,66.4,63.2,59.5,55.7,55.0,54.9,54.6,54.6,54.9,55.2,55.8,56.5,57.2,58.3,59.6,60.9,62.7,65.3,68.3,69.6,70.0,69.6,68.6,66.8,64.7,62.0,58.3,55.0,54.4,54.4,54.8,55.0,55.5,56.4,56.9,57.9,59.0,59.7,60.9,62.8,64.6,67.7,70.6,72.0,72.6,72.4,71.5,70.6,69.0,66.1,62.5,58.7,56.6,57.3,57.8,58.3,59.0,59.7,60.3,61.1,61.7,62.4,63.4,65.1,67.6,71.1,74.1,75.9,76.2,75.9,75.0,73.8,72.2,70.4,67.3,63.2,59.6,60.1
72.5,71.1,69.1,65.8,61.9,58.4,57.6,57.4,57.3,57.3,70.2,68.6,66.4,63.3,59.4,55.4,54.7,54.5,54.2,54.4,54.7,55.0,55.8,56.4,57.4,58.5,59.8,61.0,62.6,65.1,68.1,69.5,70.1,69.5,68.4,66.8,65.3,62.2,58.7,55.2,54.4,54.5,54.6,55.2,55.8,56.3,57.0,58.2,58.8,59.8,61.2,62.6,64.5,67.9,70.7,72.2,72.9,72.8,72.1,71.0,69.2,66.4,62.6,58.7,57.0,57.6,57.9,58.6,59.1,59.7,60.3,60.9,61.4,62.2,63.4,65.4,67.6,71.5,74.5,76.1,76.4,75.9,75.3,74.1,72.7,70.8,67.8,63.7,60.0
73.1,72.4,71.2,69.1,65.8,61.7,58.2,57.3,57.2,56.9,70.7,69.8,68.6,66.5,63.3,59.2,55.2,54.2,54.1,54.0,54.2,54.6,55.0,55.7,56.6,57.6,58.7,59.9,60.8,62.4,65.0,68.2,69.6,70.0,69.3,68.5,67.4,65.4,62.6,58.9,55.2,54.5,54.4,54.8,55.4,55.7,56.4,57.3,58.1,58.9,60.1,61.0,62.5,64.6,67.9,71.0,72.5,73.3,73.3,72.4,71.3,69.4,66.4,62.8,59.2,57.2,57.6,58.0,58.7,59.0,59.6,60.1,60.5,61.2,62.2,63.7,65.4,67.9,71.8,74.7,76.3,76.3,76.2,75.6,74.6,73.1,71.2,68.1,64.0
73.1,73.0,72.4,71.1,69.0,65.5,61.5,57.8,57.1,56.8,70.9,70.3,69.8,68.7,66.4,63.0,58.9,54.8,53.9,54.0,53.8,54.0,54.5,54.9,55.9,56.9,57.8,58.8,59.6,60.6,62.3,65.0,68.2,69.5,69.7,69.4,68.9,67.5,65.7,62.7,58.9,55.3,54.4,54.6,55.1,55.3,55.7,56.6,57.1,58.1,59.2,59.8,60.9,62.6,64.7,68.2,71.3,73.0,73.9,73.6,72.7,71.4,69.3,66.6,63.3,59.5,57.3,57.8,58.1,58.6,59.0,59.5,59.7,60.3,61.2,62.5,63.7,65.6,68.2,72.0,74.8,76.3,76.6,76.5,76.1,74.9,73.6,71.5,68.3
72.6,73.1,72.9,72.3,71.1,68.6,65.1,61.1,57.6,56.6,70.3,70.6,70.5,69.9,68.6,66.2,62.7,58.5,54.4,53.7,53.7,53.7,54.0,54.4,55.1,56.2,57.0,57.9,58.6,59.3,60.5,62.2,65.1,68.1,69.2,69.9,69.9,68.9,67.7,65.7,62.7,59.0,55.2,54.6,54.8,54.9,55.4,55.9,56.5,57.2,58.4,58.9,59.7,61.0,62.6,64.9,68.6,71.8,73.5,74.2,73.9,72.7,71.4,69.6,67.1,63.5,59.7,57.6,57.9,58.0,58.6,58.8,59.1,59.4,60.3,61.5,62.5,63.9,65.9,68.3,72.2,74.9,76.5,76.9,76.9,76.4,75.3,73.8,71.6
70.7,72.6,73.1,72.8,72.3,70.7,68.3,64.8,60.9,57.1,68.7,70.1,70.7,70.7,69.9,68.4,65.9,62.3,58.1,54.3,53.5,53.5,53.6,53.9,54.6,55.4,56.4,57.0,57.6,58.3,59.3,60.4,62.3,65.0,67.9,69.5,70.4,69.9,69.2,67.8,65.8,62.8,59.0,55.6,54.7,54.6,55.0,55.6,55.8,56.5,57.4,58.0,58.8,59.8,61.1,62.8,65.2,69.1,72.3,73.8,74.6,73.9,72.6,71.6,70.0,67.4,63.6,60.0,57.7,57.8,58.0,58.4,58.4,58.9,59.5,60.6,61.4,62.8,64.2,66.0,68.5,72.3,75.1,76.8,77.2,77.2,76.8,75.5,73.9
67.4,70.6,72.6,72.9,72.7,71.9,70.4,67.9,64.6,60.4,65.5,68.5,70.2,70.9,70.6,69.6,68.1,65.5,62.0,58.1,54.0,53.3,53.4,53.5,54.0,54.9,55.7,56.4,56.7,57.4,58.2,59.2,60.6,62.2,64.8,68.1,69.9,70.3,70.2,69.2,67.8,65.8,62.8,59.3,55.7,54.5,54.7,55.2,55.5,55.9,56.7,57.0,57.9,58.8,59.8,61.2,63.1,65.7,69.6,72.6,74.2,74.5,73.8,73.0,72.0,70.3,67.4,64.0,60.1,57.6,57.8,57.8,58.0,58.2,58.9,59.8,60.6,61.7,63.1,64.3,66.2,68.6,72.5,75.5,77.1,77.5,77.7,77.1,75.7
65.4,67.4,70.7,72.4,72.9,72.4,71.6,70.0,67.7,64.0,63.4,65.3,68.6,70.4,70.9,70.4,69.4,67.6,65.2,62.1,58.0,53.9,53.1,53.4,53.7,54.3,55.1,55.6,56.0,56.6,57.3,58.1,59.3,60.5,62.1,65.1,68.6,69.9,70.5,70.2,69.2,67.8,65.8,63.1,59.5,55.6,54.6,55.0,55.1,55.5,56.1,56.4,56.8,57.9,58.8,60.0,61.6,63.6,66.2,69.9,73.0,74.2,74.5,74.1,73.3,72.2,70.3,67.7,64.0,60.1,57.5,57.6,57.4,57.7,58.2,59.1,59.7,60.8,62.0,63.2,64.5,66.3,68.9,72.9,75.8,77.4,77.9,78.0,77.2
63.9,65.3,67.4,70.5,72.3,72.5,72.1,71.3,69.9,67.2,62.0,63.1,65.4,68.8,70.3,70.6,70.1,68.9,67.5,65.4,62.0,57.9,53.8,53.1,53.6,54.0,54.6,55.1,55.2,55.9,56.5,57.2,58.2,59.2,60.4,62.3,65.5,68.6,70.1,70.6,70.2,69.2,67.8,66.1,63.2,59.5,55.7,54.9,54.9,55.3,55.8,55.7,56.2,56.9,58.0,59.0,60.3,62.0,64.1,66.5,70.2,73.0,74.1,74.8,74.4,73.6,72.3,70.5,67.7,64.0,60.1,57.4,57.2,57.2,57.7,58.4,59.1,59.9,61.1,62.1,63.3,64.6,66.5,69.2,73.2,76.1,77.8,78.2,78.0
62.8,63.9,65.4,67.4,70.5,72.0,72.3,71.9,71.2,69.4,60.8,61.7,63.1,65.6,68.7,70.0,70.3,69.7,68.8,67.5,65.3,62.0,57.8,53.8,53.4,53.9,54.2,54.5,54.7,55.1,55.8,56.3,57.4,58.2,59.0,60.6,62.7,65.6,68.9,70.2,70.7,70.3,69.3,68.1,66.2,63.4,59.6,56.0,54.8,55.1,55.4,55.3,55.6,56.2,56.9,58.1,59.4,60.8,62.5,64.4,66.9,70.3,73.0,74.5,75.1,74.7,73.7,72.5,70.5,67.6,63.9,60.0,57.0,57.0,57.2,58.0,58.4,59.3,60.2,61.2,62.2,63.4,64.8,66.9,69.5,73.5,76.5,78.1,78.3
61.9,62.8,63.9,65.3,67.4,70.2,71.7,72.1,71.7,70.6,60.0,60.5,61.7,63.3,65.5,68.4,69.7,69.9,69.6,68.8,67.5,65.4,62.0,57.9,54.1,53.6,54.1,54.0,54.1,54.6,55.0,55.6,56.4,57.3,58.0,59.2,61.0,62.8,65.9,68.9,70.3,70.7,70.3,69.5,68.1,66.5,63.5,59.8,56.0,55.0,55.2,55.0,55.1,55.6,56.2,57.1,58.4,59.8,61.3,62.9,64.8,67.0,70.2,73.4,74.8,75.4,74.7,73.8,72.5,70.4,67.6,63.9,59.8,56.7,57.0,57.5,58.0,58.7,59.6,60.3,61.3,62.3,63.7,65.2,67.1,69.9,73.9,76.8,78.1
61.1,62.0,62.8,63.9,65.3,67.1,70.0,71.5,71.9,71.1,59.0,59.6,60.5,61.8,63.2,65.3,68.0,69.3,69.9,69.6,68.8,67.5,65.3,62.1,58.2,54.3,53.8,53.8,53.7,54.1,54.5,54.9,55.7,56.4,57.2,58.2,59.6,61.2,63.1,66.0,69.0,70.4,70.7,70.6,69.5,68.4,66.6,63.7,59.9,56.2,55.1,54.7,54.8,55.2,55.6,56.4,57.5,58.9,60.3,61.6,63.3,64.9,66.9,70.6,73.7,75.1,75.5,74.9,73.8,72.4,70.3,67.5,63.9,59.7,56.7,57.3,57.5,58.2,59.0,59.6,60.4,61.5,62.6,64.1,65.4,67.5,70.3,74.3,76.8
60.4,61.1,62.0,62.8,63.9,65.1,66.8,69.8,71.3,71.3,58.2,58.7,59.6,60.6,61.7,62.9,65.0,67.7,69.3,69.9,69.6,69.0,67.5,65.5,62.4,58.4,54.5,53.6,53.6,53.6,53.9,54.4,55.0,55.6,56.3,57.3,58.6,59.8,61.5,63.1,66.1,69.1,70.4,70.9,70.6,69.8,68.5,66.6,63.8,60.2,56.2,54.6,54.6,54.8,55.2,55.7,56.7,58.0,59.4,60.6,62.0,63.4,64.9,67.3,71.0,74.0,75.1,75.5,74.8,73.7,72.3,70.1,67.5,63.9,59.9,57.0,57.3,57.8,58.4,59.0,59.8,60.6,61.7,63.0,64.3,65.8,67.9,70.7,74.4
