day 0,day 1,day 2,day 3,day 4,day 5,day 6,day 7,day 8,day 9,day 10,day 11,day 12,day 13,day 14,day 15,day 16,day 17,day 18,day 19,day 20,day 21,day 22,day 23,day 24,day 25,day 26,day 27,day 28,day 29,day 30,day 31,day 32,day 33,day 34,day 35,day 36,day 37,day 38,day 39,day 40,day 41,day 42,day 43,day 44,day 45,day 46,day 47,day 48,day 49,day 50,day 51,day 52,day 53,day 54,day 55,day 56,day 57,day 58,day 59,day 60,day 61,day 62,day 63,day 64,day 65,day 66,day 67,day 68,day 69,day 70,day 71,day 72,day 73,day 74,day 75,day 76,day 77,day 78,day 79,day 80,day 81,day 82,day 83,day 84,day 85,day 86,day 87,day 88,day 89,day 90,day 91,day 92,day 93
73.5,75.4,78.0,80.7,84.5,90.5,93.9,95.5,96.1,96.3,95.5,94.1,92.4,89.5,86.0,82.5,78.4,74.4,69.7,67.6,68.9,70.6,72.1,73.5,75.3,77.5,79.9,82.3,85.7,91.8,95.6,97.6,98.4,98.3,97.4,96.1,93.8,90.9,87.0,82.6,77.8,72.9,67.9,67.0,68.4,69.8,70.7,71.9,73.4,75.3,77.5,80.1,82.9,88.0,92.8,95.0,96.0,96.1,95.3,93.6,91.3,88.1,84.3,79.8,75.2,70.0,65.4,65.9,66.9,68.1,69.2,70.3,71.6,73.0,75.3,77.8,80.6,84.2,90.4,93.4,94.3,93.9,92.6,90.2,87.5,83.7,79.5,75.0,69.6,63.6,60.3,61.0,61.9,62.7
71.5,73.7,75.6,78.3,81.0,84.7,90.8,94.1,95.6,96.2,96.3,95.5,94.4,92.3,89.4,86.2,82.6,78.4,74.3,69.5,67.6,68.8,70.7,72.2,73.6,75.3,77.6,79.9,82.4,85.9,92.1,95.9,97.6,98.3,98.3,97.6,96.3,93.8,90.7,86.7,82.2,77.4,72.6,67.7,66.8,68.2,69.5,70.5,71.8,73.4,75.3,77.4,80.0,82.9,88.0,92.9,95.0,96.1,96.2,95.3,93.6,91.3,88.1,84.1,79.7,75.0,69.8,65.3,65.8,66.8,68.0,69.1,70.3,71.3,72.8,75.1,77.4,80.4,83.9,90.0,93.0,93.7,93.3,91.9,89.7,86.8,83.2,79.2,74.5,69.1,63.3,60.1,61.0,61.7
70.1,71.7,73.8,75.9,78.7,81.3,84.9,90.9,94.2,95.7,96.2,96.3,95.8,94.4,92.2,89.6,86.4,82.7,78.3,74.1,69.5,67.5,68.9,70.9,72.4,73.6,75.4,77.6,80.1,82.5,86.1,92.2,95.8,97.6,98.4,98.5,97.8,96.3,93.7,90.5,86.3,81.8,77.1,72.3,67.6,66.7,68.0,69.4,70.5,71.8,73.4,75.2,77.3,79.9,82.9,88.0,92.9,95.2,96.2,96.2,95.3,93.6,91.3,88.0,84.0,79.4,74.8,69.6,65.1,65.7,66.7,67.9,69.1,70.1,71.2,72.6,74.8,77.2,80.0,83.5,89.5,92.5,93.2,92.6,91.3,89.0,86.2,82.9,78.6,74.0,68.8,63.1,60.0,60.8
68.5,70.3,71.9,74.1,76.3,79.0,81.5,85.0,90.9,94.2,95.7,96.3,96.5,95.8,94.3,92.3,89.8,86.5,82.6,78.1,74.1,69.3,67.6,69.1,70.9,72.3,73.8,75.4,77.8,80.2,82.7,86.2,92.1,95.8,97.7,98.6,98.7,97.8,96.2,93.4,90.0,85.9,81.4,76.8,72.1,67.2,66.4,67.8,69.3,70.4,71.8,73.3,75.2,77.3,79.9,82.9,87.9,93.1,95.3,96.3,96.3,95.4,93.6,91.1,87.8,83.7,79.3,74.7,69.4,64.9,65.6,66.6,67.8,69.0,70.0,71.0,72.4,74.6,77.0,79.6,83.0,89.0,92.0,92.4,92.0,90.7,88.4,85.8,82.3,78.0,73.6,68.6,62.9,59.9
67.2,68.6,70.5,72.2,74.5,76.6,79.3,81.6,85.1,91.0,94.3,95.7,96.5,96.5,95.8,94.4,92.6,89.9,86.4,82.3,78.0,73.9,69.4,67.8,69.3,70.9,72.5,73.8,75.5,77.9,80.4,82.8,86.1,92.1,95.9,97.8,98.8,98.8,97.7,95.9,93.0,89.6,85.6,81.1,76.6,71.8,66.9,66.2,67.8,69.2,70.4,71.7,73.2,75.2,77.3,80.0,82.9,87.9,93.1,95.3,96.3,96.3,95.4,93.5,91.0,87.5,83.5,79.1,74.5,69.3,64.8,65.5,66.5,67.8,68.8,69.8,70.8,72.2,74.4,76.6,79.3,82.5,88.3,91.2,91.8,91.3,90.1,88.0,85.2,81.7,77.7,73.5,68.3,62.6
65.9,67.3,68.9,70.8,72.6,74.7,76.7,79.4,81.8,85.1,91.1,94.4,95.9,96.5,96.5,95.9,94.6,92.7,89.8,86.1,82.2,77.9,73.9,69.5,67.9,69.3,71.0,72.4,73.9,75.6,78.0,80.4,82.8,86.0,92.0,96.0,98.0,98.8,98.6,97.4,95.5,92.7,89.3,85.3,80.9,76.3,71.5,66.7,66.2,67.7,69.2,70.4,71.6,73.1,75.1,77.3,80.0,82.9,87.9,93.1,95.3,96.3,96.3,95.3,93.3,90.7,87.3,83.3,78.9,74.6,69.2,64.7,65.5,66.4,67.7,68.7,69.6,70.6,72.0,74.0,76.2,78.8,82.0,87.5,90.7,91.1,90.7,89.7,87.4,84.6,81.3,77.5,73.1,68.1
68.5,66.1,67.6,69.2,71.2,72.9,74.9,76.8,79.5,81.8,85.3,91.2,94.6,95.9,96.5,96.6,96.1,94.8,92.6,89.6,86.0,82.2,77.9,74.0,69.6,67.9,69.5,71.0,72.6,74.1,75.7,78.1,80.4,82.7,86.0,92.1,96.1,98.0,98.6,98.3,97.1,95.2,92.4,89.0,85.1,80.7,76.1,71.4,66.6,66.1,67.7,69.2,70.4,71.5,73.1,75.2,77.3,79.9,82.8,87.7,93.0,95.3,96.3,96.1,95.1,93.0,90.4,87.1,83.1,79.0,74.7,69.2,64.7,65.4,66.3,67.5,68.5,69.5,70.4,71.6,73.6,75.7,78.3,81.3,86.9,90.0,90.5,90.2,89.0,86.8,84.1,81.1,77.1,72.9
73.0,68.8,66.3,67.9,69.6,71.5,73.1,74.9,76.8,79.5,81.9,85.4,91.4,94.5,95.8,96.6,96.8,96.2,94.7,92.3,89.4,86.0,82.1,77.9,74.0,69.5,68.0,69.5,71.0,72.7,74.2,75.9,78.0,80.3,82.7,86.0,92.1,96.1,97.8,98.3,98.0,96.7,94.8,92.1,88.7,84.8,80.4,76.0,71.2,66.5,66.2,67.7,69.1,70.4,71.5,73.2,75.1,77.2,79.9,82.8,87.5,93.0,95.3,96.2,96.0,94.8,92.7,90.2,87.0,83.3,79.2,74.8,69.2,64.5,65.3,66.2,67.2,68.3,69.3,70.0,71.3,73.1,75.2,77.6,80.7,86.2,89.4,90.1,89.6,88.4,86.4,84.0,80.6,77.0
76.8,73.3,69.0,66.6,68.2,69.9,71.7,73.1,74.9,76.9,79.7,82.1,85.6,91.3,94.4,95.9,96.8,96.9,96.2,94.5,92.2,89.4,86.0,82.1,77.9,74.0,69.6,68.0,69.5,71.2,72.8,74.3,75.9,77.9,80.2,82.7,86.0,92.0,95.8,97.5,97.9,97.6,96.3,94.5,91.8,88.4,84.5,80.4,75.9,71.1,66.5,66.2,67.7,69.2,70.4,71.6,73.2,75.1,77.2,79.8,82.7,87.4,93.0,95.2,96.0,95.7,94.6,92.6,90.2,87.1,83.5,79.4,74.8,69.0,64.4,65.2,66.0,67.1,68.2,69.0,69.7,70.7,72.6,74.5,77.1,80.2,85.5,89.0,89.4,88.9,88.0,86.2,83.5,80.5
80.5,77.1,73.6,69.3,66.9,68.5,70.1,71.6,73.1,74.9,77.0,79.8,82.3,85.5,91.3,94.6,96.1,96.9,96.8,96.0,94.3,92.2,89.5,85.9,82.1,77.9,74.1,69.6,68.0,69.7,71.3,72.9,74.2,75.7,77.8,80.3,82.7,85.9,91.7,95.4,97.1,97.6,97.3,96.1,94.2,91.4,88.1,84.5,80.3,75.9,71.1,66.5,66.2,67.7,69.2,70.4,71.6,73.2,75.0,77.1,79.7,82.6,87.3,92.8,95.0,95.7,95.5,94.5,92.5,90.3,87.3,83.6,79.4,74.7,68.8,64.3,65.0,65.9,66.9,67.8,68.7,69.2,70.2,72.0,74.1,76.6,79.6,85.1,88.3,88.8,88.5,87.7,85.7,83.3
83.8,81.0,77.5,73.9,69.5,67.1,68.6,70.0,71.6,73.1,74.9,77.1,79.9,82.3,85.5,91.4,94.7,96.1,96.8,96.7,95.9,94.3,92.2,89.4,86.0,82.2,78.0,74.1,69.5,68.2,69.8,71.4,72.9,74.1,75.6,77.8,80.3,82.6,85.6,91.3,95.0,96.7,97.2,96.9,95.7,93.8,91.1,88.1,84.4,80.3,75.9,71.1,66.4,66.2,67.6,69.2,70.4,71.6,73.1,74.9,77.0,79.6,82.6,87.1,92.6,94.7,95.5,95.4,94.3,92.6,90.4,87.4,83.7,79.3,74.5,68.6,64.2,64.9,65.8,66.6,67.5,68.3,68.7,69.6,71.7,73.5,76.1,79.2,84.3,87.7,88.5,88.3,87.2,85.5
86.9,84.3,81.4,77.8,74.1,69.7,67.2,68.5,70.1,71.7,73.2,75.0,77.2,79.8,82.2,85.5,91.5,94.7,96.0,96.7,96.6,95.8,94.4,92.1,89.5,86.0,82.3,78.1,74.1,69.7,68.4,69.9,71.3,72.8,74.1,75.7,77.8,80.1,82.5,85.2,90.8,94.6,96.3,96.9,96.6,95.3,93.5,91.1,88.0,84.3,80.3,75.9,71.0,66.5,66.3,67.7,69.2,70.4,71.6,73.0,74.7,76.9,79.5,82.5,86.8,92.3,94.4,95.4,95.3,94.4,92.7,90.5,87.5,83.6,79.2,74.4,68.4,64.1,64.8,65.4,66.3,67.2,67.8,68.2,69.4,71.2,73.1,75.6,78.6,83.6,87.3,88.2,87.8,87.0
89.6,87.4,84.8,81.7,78.0,74.2,69.7,67.2,68.5,70.2,71.8,73.4,75.1,77.2,79.8,82.3,85.6,91.6,94.5,95.9,96.6,96.5,95.9,94.3,92.1,89.5,86.1,82.4,78.3,74.3,69.8,68.4,69.8,71.3,72.7,74.1,75.7,77.7,79.9,82.2,84.9,90.4,94.3,96.0,96.6,96.2,95.1,93.4,91.0,87.9,84.3,80.3,75.8,71.0,66.5,66.4,67.7,69.2,70.4,71.5,72.8,74.7,76.8,79.5,82.3,86.5,92.0,94.4,95.3,95.3,94.4,92.8,90.6,87.4,83.4,79.1,74.4,68.3,64.0,64.4,65.2,65.9,66.7,67.2,67.9,68.9,70.8,72.6,75.1,78.1,83.2,87.1,87.8,87.7
91.6,90.1,87.9,85.2,81.9,78.1,74.3,69.6,67.1,68.6,70.4,72.0,73.5,75.1,77.1,79.8,82.4,85.7,91.5,94.4,95.8,96.6,96.6,95.8,94.3,92.1,89.7,86.2,82.6,78.5,74.5,69.8,68.4,69.8,71.4,72.7,74.1,75.5,77.5,79.5,81.9,84.5,90.0,94.0,95.7,96.2,96.0,95.0,93.2,91.0,87.9,84.4,80.3,75.7,71.0,66.4,66.4,67.7,69.1,70.3,71.4,72.8,74.6,76.8,79.4,82.1,86.2,91.9,94.3,95.4,95.4,94.5,92.9,90.5,87.2,83.3,79.2,74.2,68.1,63.6,64.2,64.8,65.4,66.2,66.9,67.5,68.6,70.3,72.2,74.6,77.8,83.0,86.7,87.6
92.9,92.1,90.6,88.3,85.4,82.1,78.2,74.2,69.6,67.3,68.8,70.5,72.1,73.4,75.1,77.1,79.9,82.6,85.6,91.3,94.3,95.8,96.7,96.6,95.9,94.4,92.3,89.8,86.4,82.9,78.7,74.4,69.7,68.3,69.8,71.4,72.7,74.0,75.4,77.1,79.3,81.7,84.3,89.7,93.7,95.3,95.9,95.9,94.9,93.3,91.0,88.1,84.4,80.2,75.8,70.9,66.4,66.4,67.7,69.0,70.2,71.3,72.7,74.5,76.7,79.2,81.9,86.0,91.8,94.3,95.4,95.5,94.6,92.8,90.4,87.1,83.4,79.1,73.9,67.6,63.5,63.9,64.2,65.0,65.9,66.5,67.2,68.1,70.0,71.8,74.2,77.6,82.6,86.6
93.9,93.5,92.6,91.0,88.6,85.6,82.1,78.2,74.2,69.6,67.4,68.8,70.6,72.0,73.4,75.0,77.3,80.1,82.5,85.5,91.2,94.3,95.9,96.6,96.6,96.0,94.6,92.4,90.1,86.7,83.1,78.7,74.3,69.6,68.3,69.8,71.3,72.5,73.8,75.0,76.9,79.0,81.5,84.1,89.4,93.3,95.1,95.9,95.8,94.9,93.3,91.1,88.0,84.4,80.2,75.7,71.0,66.4,66.4,67.5,68.9,70.1,71.3,72.7,74.3,76.5,78.9,81.8,85.8,91.8,94.4,95.5,95.5,94.5,92.6,90.3,87.3,83.3,78.9,73.5,67.3,63.1,63.3,63.8,64.6,65.5,66.2,66.7,67.8,69.6,71.5,74.0,77.3,82.2
93.9,94.5,94.0,93.1,91.3,88.9,85.7,82.2,78.1,74.2,69.7,67.4,69.0,70.6,72.0,73.4,75.1,77.5,80.0,82.4,85.4,91.2,94.4,95.8,96.7,96.7,96.2,94.8,92.8,90.4,87.0,83.0,78.6,74.3,69.5,68.2,69.7,71.2,72.3,73.5,74.8,76.6,78.7,81.2,83.9,89.1,93.1,95.0,95.7,95.8,94.9,93.3,91.0,88.0,84.4,80.2,75.8,71.0,66.4,66.3,67.4,68.8,70.1,71.3,72.6,74.2,76.3,78.9,81.6,85.7,91.8,94.5,95.5,95.5,94.4,92.5,90.4,87.1,83.0,78.4,73.1,66.9,62.5,62.9,63.5,64.3,65.3,65.8,66.4,67.5,69.3,71.3,73.7,77.0
93.5,94.5,95.0,94.4,93.4,91.6,89.0,85.8,82.2,78.2,74.2,69.7,67.5,68.9,70.6,72.0,73.4,75.3,77.5,79.9,82.2,85.4,91.2,94.3,95.9,96.8,97.0,96.4,95.1,93.1,90.7,87.0,82.9,78.6,74.3,69.4,68.2,69.6,71.0,72.0,73.3,74.6,76.4,78.5,81.0,83.6,88.8,93.1,94.9,95.8,95.8,94.9,93.2,91.0,88.0,84.4,80.3,75.9,70.9,66.1,66.2,67.3,68.8,70.1,71.1,72.4,74.0,76.2,78.7,81.6,85.6,91.8,94.5,95.4,95.3,94.3,92.6,90.2,86.9,82.6,78.0,72.6,66.2,62.1,62.6,63.1,64.1,64.9,65.4,66.1,67.3,69.2,71.0,73.5
92.0,94.1,95.0,95.4,94.7,93.6,91.7,89.1,85.8,82.3,78.2,74.3,69.8,67.5,68.9,70.7,72.1,73.5,75.3,77.4,79.7,82.3,85.5,91.2,94.4,96.0,97.1,97.2,96.7,95.5,93.5,90.7,86.9,82.9,78.7,74.2,69.3,68.0,69.4,70.7,71.8,72.9,74.4,76.1,78.3,80.7,83.3,88.7,92.9,94.9,95.8,95.8,94.9,93.2,91.1,88.0,84.5,80.4,75.8,70.7,66.1,66.1,67.4,68.8,69.9,71.0,72.2,73.9,75.9,78.6,81.5,85.5,91.7,94.3,95.2,95.1,94.4,92.5,90.0,86.4,82.2,77.5,72.0,65.7,61.9,62.2,63.0,63.8,64.6,65.1,65.9,67.1,68.8,70.7
88.9,92.5,94.6,95.4,95.7,95.0,93.8,91.8,89.2,85.9,82.3,78.3,74.4,69.7,67.5,69.0,70.8,72.2,73.6,75.2,77.2,79.7,82.3,85.4,91.2,94.5,96.3,97.4,97.6,97.1,95.9,93.5,90.6,86.9,83.1,78.8,74.2,69.1,67.8,69.2,70.5,71.5,72.7,74.1,75.9,78.0,80.5,83.2,88.4,92.9,94.9,95.8,95.8,94.9,93.3,91.1,88.2,84.6,80.4,75.7,70.6,66.0,66.2,67.4,68.7,69.8,70.8,72.2,73.6,75.9,78.5,81.5,85.3,91.5,94.1,95.1,95.2,94.2,92.2,89.6,86.0,81.7,76.9,71.5,65.2,61.5,62.0,62.6,63.4,64.2,64.9,65.8,66.8,68.5
83.3,89.4,93.1,95.0,95.7,95.9,95.1,94.0,92.0,89.3,85.9,82.5,78.4,74.3,69.7,67.6,69.1,70.8,72.2,73.4,75.1,77.2,79.8,82.3,85.5,91.3,94.7,96.6,97.7,97.9,97.4,95.9,93.4,90.6,87.1,83.1,78.7,74.0,68.8,67.6,68.9,70.2,71.3,72.5,74.0,75.7,77.8,80.4,83.1,88.4,92.9,94.9,95.7,95.8,95.1,93.3,91.2,88.3,84.6,80.2,75.5,70.4,65.9,66.3,67.2,68.6,69.6,70.8,72.0,73.5,75.7,78.4,81.4,85.1,91.2,94.0,95.1,95.0,94.0,91.9,89.2,85.5,81.1,76.4,70.9,64.8,61.2,61.7,62.3,63.1,64.0,64.7,65.5,66.5
80.0,83.7,90.0,93.5,95.2,95.9,96.0,95.3,94.1,92.1,89.3,86.1,82.5,78.2,74.3,69.7,67.6,69.1,70.8,72.1,73.3,75.1,77.4,79.8,82.3,85.6,91.4,95.0,96.9,98.0,98.3,97.4,95.9,93.5,90.8,87.1,83.1,78.5,73.6,68.5,67.3,68.6,70.1,71.1,72.4,73.8,75.5,77.7,80.2,83.1,88.2,92.8,94.8,95.8,96.0,95.0,93.4,91.3,88.3,84.5,80.0,75.4,70.3,65.9,66.2,67.0,68.4,69.5,70.6,71.8,73.3,75.7,78.2,81.2,84.8,90.9,93.9,94.9,94.8,93.6,91.4,88.7,85.0,80.6,75.8,70.4,64.5,60.9,61.4,62.0,63.0,63.9,64.5,65.3
77.7,80.3,84.1,90.3,93.7,95.4,96.0,96.2,95.5,94.2,92.1,89.5,86.2,82.3,78.3,74.4,69.7,67.7,69.0,70.7,72.0,73.4,75.2,77.5,79.9,82.3,85.6,91.6,95.3,97.3,98.4,98.3,97.4,95.9,93.6,90.9,87.1,83.0,78.2,73.3,68.2,67.1,68.5,69.9,71.0,72.2,73.5,75.4,77.5,80.2,83.0,88.1,92.8,94.9,96.0,96.0,95.2,93.5,91.3,88.2,84.3,80.0,75.3,70.2,65.7,66.0,67.0,68.3,69.4,70.5,71.7,73.3,75.5,78.1,80.9,84.5,90.7,93.7,94.6,94.4,93.1,90.9,88.1,84.4,79.9,75.3,70.1,64.0,60.6,61.1,61.9,62.9,63.7,64.2
75.4,78.0,80.7,84.5,90.5,93.9,95.5,96.1,96.3,95.5,94.1,92.4,89.5,86.0,82.5,78.4,74.4,69.7,67.6,68.9,70.6,72.1,73.5,75.3,77.5,79.9,82.3,85.7,91.8,95.6,97.6,98.4,98.3,97.4,96.1,93.8,90.9,87.0,82.6,77.8,72.9,67.9,67.0,68.4,69.8,70.7,71.9,73.4,75.3,77.5,80.1,82.9,88.0,92.8,95.0,96.0,96.1,95.3,93.6,91.3,88.1,84.3,79.8,75.2,70.0,65.4,65.9,66.9,68.1,69.2,70.3,71.6,73.0,75.3,77.8,80.6,84.2,90.4,93.4,94.3,93.9,92.6,90.2,87.5,83.7,79.5,75.0,69.6,63.6,60.3,61.0,61.9,62.7,63.4
73.7,75.6,78.3,81.0,84.7,90.8,94.1,95.6,96.2,96.3,95.5,94.4,92.3,89.4,86.2,82.6,78.4,74.3,69.5,67.6,68.8,70.7,72.2,73.6,75.3,77.6,79.9,82.4,85.9,92.1,95.9,97.6,98.3,98.3,97.6,96.3,93.8,90.7,86.7,82.2,77.4,72.6,67.7,66.8,68.2,69.5,70.5,71.8,73.4,75.3,77.4,80.0,82.9,88.0,92.9,95.0,96.1,96.2,95.3,93.6,91.3,88.1,84.1,79.7,75.0,69.8,65.3,65.8,66.8,68.0,69.1,70.3,71.3,72.8,75.1,77.4,80.4,83.9,90.0,93.0,93.7,93.3,91.9,89.7,86.8,83.2,79.2,74.5,69.1,63.3,60.1,61.0,61.7,62.5
