day 0,day 1,day 2,day 3,day 4,day 5,day 6,day 7,day 8,day 9,day 10,day 11,day 12,day 13,day 14,day 15,day 16,day 17,day 18,day 19,day 20,day 21,day 22,day 23,day 24,day 25,day 26,day 27,day 28,day 29,day 30,day 31,day 32,day 33,day 34,day 35,day 36,day 37,day 38,day 39,day 40,day 41,day 42,day 43,day 44,day 45,day 46,day 47,day 48,day 49,day 50,day 51,day 52,day 53,day 54,day 55,day 56,day 57,day 58,day 59,day 60,day 61,day 62,day 63,day 64,day 65,day 66,day 67,day 68,day 69,day 70,day 71,day 72,day 73,day 74,day 75,day 76,day 77,day 78,day 79,day 80,day 81,day 82,day 83,day 84,day 85,day 86,day 87,day 88
33.2,33.8,34.3,34.9,35.5,36.2,38.3,40.8,42.6,42.8,30.8,31.8,32.8,34.1,35.4,36.9,39.7,42.9,45.0,45.3,44.9,43.4,41.4,38.8,35.7,32.2,29.4,28.9,29.5,30.3,31.0,32.3,33.0,34.1,35.3,36.7,38.0,39.3,40.8,42.5,45.0,48.0,49.5,49.5,48.8,47.4,45.2,42.4,39.3,36.1,32.6,31.4,32.7,33.4,34.9,36.1,37.0,38.6,39.7,41.0,42.5,44.1,46.0,48.5,51.2,53.8,55.2,54.9,54.1,52.5,50.5,48.2,45.3,41.8,38.6,36.1,37.1,38.3,39.5,41.0,42.4,44.0,46.0,47.6,49.4,51.3,53.4,56.5,59.8
32.3,32.8,33.4,33.9,34.5,35.2,36.0,38.2,40.8,42.6,30.0,30.9,32.0,32.9,34.4,35.6,37.3,40.1,43.3,45.3,45.7,45.1,43.7,41.7,38.9,35.7,32.3,29.4,29.0,29.5,30.2,31.3,32.2,33.1,34.2,35.6,36.8,38.0,39.3,40.8,42.6,45.3,48.4,49.9,49.9,49.1,47.5,45.3,42.7,39.7,36.3,32.9,31.8,32.9,33.8,35.2,36.3,37.3,38.5,39.6,40.9,42.6,44.4,46.3,48.6,51.5,54.3,55.4,55.2,54.3,52.9,51.1,48.6,45.6,42.3,39.2,36.6,37.4,38.7,39.9,41.2,42.9,44.5,46.3,47.6,49.6,51.6,53.8,56.8
31.6,32.0,32.5,33.0,33.5,34.2,34.9,35.9,38.1,40.8,29.3,30.0,31.1,32.1,33.2,34.7,36.0,37.6,40.5,43.6,45.7,46.0,45.4,44.0,41.8,38.8,35.7,32.2,29.5,29.0,29.5,30.5,31.2,32.3,33.3,34.5,35.7,36.7,38.0,39.3,40.9,42.9,45.7,48.9,50.3,50.2,49.2,47.6,45.6,43.1,39.9,36.6,33.4,32.0,33.2,34.0,35.3,36.5,37.3,38.5,39.4,41.0,42.9,44.7,46.3,48.9,52.0,54.5,55.6,55.4,54.7,53.5,51.5,48.9,46.1,42.9,39.8,37.0,37.8,39.0,40.1,41.6,43.4,44.8,46.3,47.8,49.9,52.0,53.9
31.0,31.3,31.7,32.2,32.6,33.2,34.0,34.8,35.8,38.1,28.7,29.4,30.1,31.3,32.5,33.4,35.0,36.4,38.0,40.8,44.0,46.0,46.4,45.8,44.1,41.8,38.9,35.6,32.3,29.6,29.0,29.8,30.4,31.3,32.5,33.5,34.6,35.6,36.7,38.0,39.3,41.1,43.3,46.2,49.4,50.6,50.3,49.3,47.9,45.9,43.3,40.2,37.1,33.8,32.4,33.5,34.2,35.6,36.4,37.2,38.3,39.6,41.3,43.2,44.8,46.6,49.2,52.2,54.8,55.8,55.8,55.3,53.9,51.8,49.5,46.7,43.5,40.2,37.4,38.0,39.2,40.5,42.2,43.7,44.9,46.6,48.1,50.2,52.2
30.2,30.6,31.0,31.3,31.8,32.3,32.9,33.9,34.7,35.8,27.9,28.7,29.5,30.3,31.5,32.6,33.8,35.3,36.8,38.3,41.2,44.4,46.4,46.6,45.9,44.2,41.9,38.9,35.8,32.5,29.6,29.4,29.7,30.6,31.5,32.7,33.5,34.5,35.5,36.7,38.1,39.6,41.5,43.7,46.6,49.7,50.7,50.4,49.7,48.3,46.1,43.6,40.6,37.5,34.3,32.7,33.6,34.5,35.6,36.3,37.1,38.4,39.7,41.6,43.2,45.1,46.9,49.4,52.5,55.1,56.2,56.4,55.6,54.2,52.4,50.0,47.2,43.9,40.6,37.9,38.2,39.6,40.9,42.5,43.7,45.2,46.8,48.4,50.3
29.8,29.8,30.4,30.6,30.9,31.4,32.0,32.8,33.8,34.7,27.2,28.0,28.9,29.7,30.6,31.7,33.0,34.1,35.7,37.1,38.7,41.6,44.8,46.7,46.8,45.9,44.2,41.9,39.1,35.9,32.4,29.9,29.3,29.9,30.8,31.7,32.8,33.4,34.5,35.5,36.6,38.3,39.8,41.8,44.1,46.9,49.7,50.8,50.7,50.0,48.4,46.4,44.1,41.1,37.9,34.6,32.9,33.9,34.5,35.4,36.1,37.2,38.5,40.0,41.6,43.4,45.3,47.1,49.7,52.8,55.4,56.8,56.7,56.0,54.7,52.9,50.6,47.6,44.3,41.0,38.1,38.6,40.1,41.3,42.6,44.0,45.3,47.0,48.6
29.3,29.4,29.6,30.0,30.3,30.5,31.2,32.0,32.7,33.7,26.9,27.2,28.1,29.0,29.9,30.8,32.1,33.4,34.5,36.0,37.5,39.2,42.0,45.2,47.0,46.9,46.0,44.2,42.0,39.3,35.9,32.6,29.9,29.5,30.1,30.9,31.8,32.7,33.3,34.5,35.4,36.8,38.5,40.2,42.1,44.3,47.0,49.9,51.2,51.1,50.2,48.8,46.9,44.6,41.5,38.2,34.8,33.1,33.9,34.4,35.2,36.2,37.4,38.7,40.1,41.8,43.6,45.5,47.2,50.0,53.2,56.0,57.1,57.1,56.4,55.3,53.4,51.0,48.0,44.7,41.3,38.6,39.2,40.4,41.4,43.0,44.2,45.6,47.2
28.7,28.9,29.1,29.2,29.6,29.9,30.3,31.1,31.9,32.6,26.4,26.8,27.3,28.3,29.2,30.1,31.1,32.4,33.8,34.8,36.3,37.9,39.6,42.3,45.4,47.0,47.0,46.0,44.4,42.1,39.3,36.1,32.7,30.1,29.7,30.3,31.0,31.7,32.5,33.3,34.4,35.6,37.1,38.8,40.5,42.4,44.3,47.2,50.3,51.5,51.3,50.6,49.3,47.3,45.0,41.7,38.3,35.0,33.0,33.7,34.2,35.3,36.4,37.6,38.8,40.3,42.1,43.8,45.7,47.4,50.4,53.8,56.3,57.5,57.5,57.0,55.7,53.7,51.3,48.4,45.1,41.8,39.1,39.5,40.5,41.7,43.1,44.4,45.7
29.3,28.4,28.6,28.7,28.9,29.2,29.7,30.2,31.0,31.8,26.9,26.4,26.9,27.5,28.6,29.4,30.4,31.4,32.8,34.1,35.1,36.7,38.3,39.9,42.5,45.6,47.2,47.0,46.2,44.5,42.2,39.6,36.2,32.9,30.3,29.8,30.2,30.9,31.6,32.5,33.3,34.6,36.0,37.3,39.0,40.8,42.4,44.6,47.6,50.6,51.7,51.7,51.1,49.7,47.8,45.2,41.9,38.5,35.0,33.0,33.5,34.3,35.4,36.7,37.8,39.0,40.6,42.2,44.0,45.8,47.7,50.9,54.1,56.9,58.0,58.1,57.4,56.0,54.1,51.8,48.8,45.6,42.4,39.5,39.6,40.8,41.9,43.4,44.5
31.9,28.9,28.1,28.1,28.2,28.5,29.0,29.5,30.1,30.9,29.7,26.8,26.5,27.0,27.7,28.8,29.7,30.6,31.8,33.1,34.4,35.5,37.0,38.6,40.2,42.7,45.7,47.2,47.2,46.3,44.5,42.4,39.6,36.4,33.2,30.5,29.7,30.2,30.7,31.6,32.4,33.4,34.9,36.2,37.6,39.3,40.9,42.6,44.9,47.9,50.9,52.2,52.2,51.6,50.2,47.9,45.3,42.0,38.5,35.0,32.8,33.6,34.4,35.7,36.7,37.9,39.2,40.7,42.4,44.1,46.0,48.3,51.2,54.7,57.3,58.6,58.4,57.7,56.4,54.6,52.3,49.3,46.1,42.7,39.7,39.9,41.0,42.1,43.4
34.8,31.6,28.5,27.7,27.7,27.9,28.3,28.8,29.4,30.0,32.9,29.8,26.9,26.6,27.2,27.8,29.0,29.9,31.0,32.1,33.4,34.7,35.8,37.3,38.8,40.3,42.8,45.9,47.4,47.4,46.4,44.8,42.4,39.8,36.8,33.4,30.4,29.7,30.1,30.8,31.6,32.5,33.7,35.1,36.4,37.9,39.4,41.0,43.0,45.3,48.2,51.4,52.6,52.7,52.0,50.4,48.2,45.5,41.9,38.4,35.0,32.9,33.8,34.7,35.6,36.9,38.1,39.3,40.8,42.6,44.4,46.5,48.5,51.7,55.2,57.9,58.8,58.7,58.1,56.9,55.1,52.8,49.9,46.3,42.9,40.0,40.2,41.2,42.2
37.6,34.5,31.3,28.1,27.3,27.4,27.7,28.1,28.7,29.3,35.9,32.9,29.9,27.0,26.7,27.3,28.1,29.2,30.3,31.3,32.4,33.7,35.1,36.0,37.4,38.9,40.4,42.9,46.2,47.6,47.5,46.6,44.8,42.7,40.3,37.0,33.4,30.4,29.6,30.1,30.7,31.7,32.9,34.0,35.4,36.7,37.9,39.5,41.3,43.2,45.5,48.7,51.8,53.1,53.1,52.2,50.7,48.3,45.3,41.7,38.4,35.1,33.0,34.0,34.7,35.8,37.0,38.2,39.4,41.0,42.9,44.9,46.8,49.0,52.3,55.8,58.2,59.1,59.1,58.6,57.4,55.7,53.4,50.1,46.6,43.3,40.3,40.4,41.4
40.1,37.3,34.2,30.9,27.7,26.9,27.2,27.5,28.0,28.7,38.5,35.9,33.0,30.0,27.1,26.7,27.6,28.2,29.6,30.6,31.7,32.7,34.1,35.2,36.1,37.6,39.1,40.6,43.2,46.4,47.8,47.7,46.6,45.0,43.1,40.4,37.0,33.4,30.3,29.5,30.1,30.9,31.9,33.1,34.2,35.6,36.7,38.1,39.9,41.6,43.5,46.1,49.2,52.3,53.6,53.3,52.4,50.7,48.0,45.1,41.7,38.5,35.4,33.2,34.0,34.9,36.0,37.2,38.4,39.6,41.3,43.4,45.1,47.2,49.6,52.7,56.0,58.5,59.4,59.5,59.1,58.0,56.2,53.5,50.2,47.0,43.5,40.5,40.6
42.1,39.7,37.0,33.8,30.5,27.3,26.8,27.1,27.3,27.9,40.6,38.5,36.1,33.2,30.2,27.3,27.1,27.8,28.6,29.8,30.8,32.0,33.0,34.2,35.4,36.3,37.7,39.2,40.9,43.5,46.6,48.1,47.7,46.8,45.5,43.3,40.4,36.9,33.4,30.4,29.6,30.3,31.1,32.2,33.4,34.4,35.6,37.0,38.5,40.2,42.0,44.0,46.5,49.7,52.8,53.8,53.5,52.4,50.4,47.9,45.0,41.9,38.9,35.8,33.3,34.2,35.1,36.1,37.2,38.5,39.9,41.9,43.5,45.6,47.7,50.1,53.0,56.4,58.8,59.9,60.1,59.7,58.4,56.3,53.6,50.7,47.2,43.7,40.8
43.5,41.7,39.5,36.6,33.4,30.2,27.2,26.6,27.0,27.2,42.2,40.6,38.7,36.2,33.5,30.4,27.6,27.2,28.1,29.0,30.1,31.1,32.4,33.2,34.4,35.5,36.4,37.8,39.4,41.2,43.7,46.8,48.1,47.9,47.3,45.6,43.3,40.3,36.9,33.5,30.6,29.7,30.5,31.3,32.4,33.6,34.4,35.9,37.3,38.8,40.5,42.5,44.5,46.9,50.2,53.0,54.0,53.5,52.3,50.2,47.8,45.3,42.3,39.3,35.9,33.5,34.3,35.2,36.2,37.3,38.9,40.4,42.1,44.1,46.1,48.2,50.3,53.3,56.7,59.3,60.4,60.7,60.1,58.4,56.4,54.0,50.9,47.4,44.1
44.3,43.2,41.5,39.1,36.2,33.1,30.0,26.9,26.5,26.9,42.9,42.2,40.8,39.0,36.5,33.7,30.6,27.8,27.5,28.4,29.2,30.3,31.5,32.5,33.3,34.5,35.5,36.5,38.0,39.6,41.4,43.9,46.9,48.4,48.4,47.3,45.5,43.2,40.3,37.1,33.8,30.7,30.0,30.8,31.4,32.6,33.6,34.6,36.2,37.5,39.1,41.0,42.9,44.9,47.4,50.4,53.2,53.9,53.3,52.1,50.3,48.2,45.7,42.7,39.4,36.1,33.7,34.4,35.2,36.2,37.7,39.5,40.6,42.6,44.6,46.6,48.5,50.7,53.8,57.3,59.9,61.0,61.1,60.0,58.5,56.8,54.2,51.1,47.7
44.0,44.0,43.0,41.1,38.7,36.1,33.0,29.8,26.9,26.4,42.8,43.0,42.5,41.0,39.3,36.8,34.0,30.8,28.2,27.8,28.7,29.5,30.7,31.7,32.6,33.4,34.6,35.6,36.8,38.2,39.9,41.5,44.0,47.2,48.8,48.4,47.3,45.5,43.2,40.5,37.4,34.1,31.1,30.1,31.0,31.7,32.6,33.7,34.9,36.5,37.8,39.5,41.4,43.3,45.4,47.6,50.6,53.0,53.7,53.2,52.1,50.6,48.5,46.0,42.8,39.7,36.4,33.8,34.4,35.3,36.6,38.2,39.6,41.0,43.1,45.1,46.9,48.9,51.1,54.2,57.9,60.5,61.3,60.9,60.1,58.9,56.9,54.4,51.4
42.0,43.8,43.7,42.6,40.8,38.6,35.9,32.8,29.7,26.9,41.0,42.9,43.3,42.8,41.4,39.7,37.2,34.2,31.1,28.4,28.1,28.9,29.9,30.7,31.8,32.7,33.5,34.6,35.8,36.9,38.4,40.0,41.8,44.3,47.6,48.8,48.4,47.2,45.4,43.4,40.8,37.7,34.5,31.2,30.4,31.2,31.6,32.8,34.1,35.2,36.7,38.2,39.9,41.8,43.9,45.6,47.9,50.6,52.8,53.5,53.2,52.5,51.0,48.8,46.2,43.2,40.0,36.6,33.9,34.5,35.7,37.1,38.3,40.0,41.5,43.6,45.3,47.3,49.3,51.5,54.8,58.5,60.7,61.1,61.0,60.4,59.1,57.1,54.7
39.7,41.8,43.4,43.3,42.3,40.7,38.5,35.7,32.8,29.7,38.3,41.2,43.1,43.6,43.1,41.8,40.0,37.4,34.5,31.4,28.8,28.3,29.3,30.0,30.9,31.9,32.7,33.6,34.7,35.9,37.1,38.5,40.2,42.0,44.8,47.7,48.8,48.3,47.2,45.5,43.6,41.1,38.2,34.8,31.5,30.6,31.2,31.8,33.2,34.3,35.4,37.1,38.6,40.2,42.3,44.0,45.8,47.9,50.3,52.6,53.6,53.6,52.8,51.2,49.0,46.5,43.5,40.2,36.8,34.0,34.9,36.2,37.2,38.8,40.4,42.1,43.9,45.8,47.7,49.7,51.9,55.4,58.7,60.6,61.3,61.3,60.6,59.2,57.4
37.7,39.4,41.5,43.1,43.1,42.2,40.6,38.3,35.7,32.9,36.0,38.5,41.3,43.5,44.0,43.5,42.1,40.3,37.6,34.8,31.7,29.0,28.6,29.3,30.1,31.0,31.9,32.6,33.7,34.8,36.1,37.2,38.7,40.4,42.4,44.8,47.7,48.7,48.3,47.3,45.8,43.9,41.6,38.6,35.1,31.8,30.5,31.4,32.2,33.5,34.7,35.9,37.5,38.9,40.7,42.5,44.2,45.8,47.7,50.1,52.7,54.0,53.9,53.0,51.4,49.4,46.8,43.7,40.3,36.9,34.5,35.4,36.3,37.6,39.3,41.0,42.3,44.4,46.1,48.1,50.1,52.5,55.7,58.6,60.7,61.6,61.5,60.8,59.6
36.6,37.3,39.1,41.2,42.9,43.0,42.2,40.4,38.3,35.9,34.8,36.2,38.6,41.7,43.9,44.3,43.9,42.5,40.6,38.0,35.1,31.9,29.2,28.7,29.4,30.1,30.9,31.9,32.7,33.8,35.1,36.2,37.4,38.9,40.8,42.5,44.8,47.6,48.6,48.4,47.6,46.1,44.4,42.0,38.8,35.4,31.8,30.7,31.8,32.4,33.8,35.0,36.2,37.8,39.3,41.0,42.7,44.2,45.6,47.5,50.3,53.1,54.4,54.1,53.2,51.8,49.6,47.1,43.9,40.6,37.4,34.9,35.5,36.8,38.2,39.9,41.3,42.9,44.7,46.5,48.5,50.7,52.7,55.6,58.8,61.0,61.9,61.7,61.1
35.4,36.3,36.9,38.7,41.0,42.8,42.9,42.0,40.3,38.5,33.8,34.9,36.3,38.9,42.1,44.2,44.7,44.2,42.7,40.9,38.3,35.3,32.2,29.3,28.8,29.4,30.2,31.0,31.9,32.8,34.0,35.1,36.2,37.6,39.2,40.8,42.6,44.8,47.5,48.8,48.7,47.9,46.7,44.8,42.3,39.0,35.3,31.9,31.0,32.0,32.6,34.1,35.4,36.5,38.2,39.6,41.2,42.7,44.1,45.4,47.7,50.7,53.5,54.5,54.3,53.6,52.0,49.9,47.3,44.2,41.1,37.9,35.0,36.0,37.3,38.7,40.2,41.8,43.3,45.1,46.9,49.1,50.9,52.7,55.8,59.2,61.4,62.1,62.1
34.6,35.2,35.9,36.6,38.5,40.9,42.7,42.8,41.9,40.5,32.6,33.9,35.1,36.6,39.3,42.5,44.6,45.1,44.5,43.1,41.2,38.6,35.6,32.3,29.4,28.9,29.5,30.2,31.0,32.0,33.0,34.0,35.2,36.4,37.9,39.3,40.8,42.6,44.8,47.7,49.1,49.0,48.4,47.1,45.1,42.4,39.0,35.6,32.4,31.1,32.3,33.0,34.5,35.8,36.9,38.4,39.8,41.1,42.6,43.9,45.6,48.2,51.1,53.5,54.7,54.7,53.8,52.3,50.1,47.6,44.8,41.6,38.1,35.6,36.5,37.9,39.1,40.7,42.2,43.6,45.4,47.4,49.3,50.9,53.0,56.1,59.5,61.5,62.5
33.8,34.3,34.9,35.5,36.2,38.3,40.8,42.6,42.8,42.1,31.8,32.8,34.1,35.4,36.9,39.7,42.9,45.0,45.3,44.9,43.4,41.4,38.8,35.7,32.2,29.4,28.9,29.5,30.3,31.0,32.3,33.0,34.1,35.3,36.7,38.0,39.3,40.8,42.5,45.0,48.0,49.5,49.5,48.8,47.4,45.2,42.4,39.3,36.1,32.6,31.4,32.7,33.4,34.9,36.1,37.0,38.6,39.7,41.0,42.5,44.1,46.0,48.5,51.2,53.8,55.2,54.9,54.1,52.5,50.5,48.2,45.3,41.8,38.6,36.1,37.1,38.3,39.5,41.0,42.4,44.0,46.0,47.6,49.4,51.3,53.4,56.5,59.8,62.0
32.8,33.4,33.9,34.5,35.2,36.0,38.2,40.8,42.6,42.9,30.9,32.0,32.9,34.4,35.6,37.3,40.1,43.3,45.3,45.7,45.1,43.7,41.7,38.9,35.7,32.3,29.4,29.0,29.5,30.2,31.3,32.2,33.1,34.2,35.6,36.8,38.0,39.3,40.8,42.6,45.3,48.4,49.9,49.9,49.1,47.5,45.3,42.7,39.7,36.3,32.9,31.8,32.9,33.8,35.2,36.3,37.3,38.5,39.6,40.9,42.6,44.4,46.3,48.6,51.5,54.3,55.4,55.2,54.3,52.9,51.1,48.6,45.6,42.3,39.2,36.6,37.4,38.7,39.9,41.2,42.9,44.5,46.3,47.6,49.6,51.6,53.8,56.8,60.2
