day 0,day 1,day 2,day 3,day 4,day 5,day 6,day 7,day 8,day 9,day 10,day 11,day 12,day 13,day 14,day 15,day 16,day 17,day 18,day 19,day 20,day 21,day 22,day 23,day 24,day 25,day 26,day 27,day 28,day 29,day 30,day 31,day 32,day 33,day 34,day 35,day 36,day 37,day 38,day 39,day 40,day 41,day 42,day 43,day 44,day 45,day 46,day 47,day 48,day 49,day 50,day 51,day 52,day 53,day 54,day 55,day 56,day 57,day 58,day 59,day 60,day 61,day 62,day 63,day 64,day 65,day 66,day 67,day 68,day 69,day 70,day 71,day 72,day 73,day 74,day 75,day 76,day 77,day 78,day 79,day 80,day 81,day 82,day 83,day 84,day 85,day 86,day 87,day 88
46.6,47.4,48.3,49.1,49.9,50.9,52.1,53.8,56.3,57.1,46.1,47.4,48.3,49.4,50.5,51.7,52.8,54.9,57.4,58.1,57.9,57.2,55.6,53.4,50.7,47.7,44.8,44.2,44.3,44.7,45.2,45.8,46.5,47.3,48.4,49.6,50.8,51.9,52.9,54.1,55.4,58.3,60.6,61.3,61.2,60.4,58.8,56.5,53.7,50.8,47.7,46.8,46.8,47.1,47.5,48.1,48.5,49.0,49.6,50.6,51.6,52.2,53.1,54.2,55.8,58.4,60.0,60.6,60.6,60.2,59.0,57.2,54.8,52.1,49.1,47.2,47.2,47.6,48.3,49.0,50.0,50.8,51.7,52.8,53.8,54.4,55.6,56.8,59.4
45.7,46.4,47.4,48.1,49.0,49.8,51.0,52.2,53.7,56.2,45.1,46.3,47.4,48.5,49.6,50.7,51.8,53.0,55.0,57.5,58.3,58.2,57.3,55.7,53.5,50.8,47.6,44.7,44.4,44.4,44.7,45.3,46.0,46.8,47.5,48.5,49.7,50.8,52.1,53.0,54.2,55.7,58.6,60.8,61.5,61.4,60.5,59.0,56.5,53.9,51.0,47.9,46.8,46.9,47.0,47.5,47.9,48.4,48.7,49.3,50.5,51.5,52.2,53.0,54.1,55.7,58.2,59.8,60.8,61.0,60.6,59.2,57.3,54.9,52.3,49.4,47.4,47.4,47.9,48.4,49.3,50.1,50.8,51.7,52.9,53.8,54.5,55.6,56.9
44.9,45.5,46.3,47.1,48.0,48.9,49.9,51.0,52.1,53.7,44.4,45.4,46.3,47.6,48.7,49.8,50.9,52.0,53.1,55.2,57.8,58.6,58.2,57.4,55.8,53.6,50.8,47.6,44.9,44.6,44.5,44.8,45.5,46.2,46.9,47.5,48.6,49.8,51.0,52.2,53.1,54.5,55.9,58.9,61.0,61.7,61.5,60.6,58.9,56.6,54.1,51.1,47.9,46.8,46.8,47.1,47.4,47.8,48.1,48.5,49.2,50.4,51.6,52.1,52.9,54.1,55.7,58.1,60.0,61.2,61.4,60.8,59.3,57.5,55.2,52.5,49.6,47.6,47.6,48.0,48.7,49.3,50.1,51.0,51.9,52.9,53.9,54.6,55.6
44.6,44.7,45.4,46.1,47.1,47.9,49.0,49.9,50.9,52.0,44.1,44.7,45.4,46.5,47.8,48.8,49.9,51.0,52.1,53.3,55.5,58.0,58.7,58.4,57.6,55.9,53.6,50.8,47.7,45.0,44.6,44.5,45.0,45.8,46.3,46.9,47.7,48.6,49.9,51.1,52.3,53.3,54.7,56.2,59.0,61.2,61.8,61.8,60.7,59.0,56.8,54.2,51.2,48.0,46.8,46.9,46.9,47.2,47.5,47.8,48.4,49.2,50.5,51.4,52.0,53.0,53.9,55.6,58.3,60.5,61.5,61.6,60.8,59.4,57.7,55.3,52.7,49.8,47.8,47.8,48.4,48.7,49.3,50.2,51.1,51.9,53.0,53.9,54.6
44.1,44.4,44.6,45.2,46.0,46.9,48.0,49.0,49.7,50.9,43.6,44.4,44.8,45.7,46.7,48.0,48.9,50.0,51.1,52.3,53.5,55.7,58.0,58.9,58.6,57.7,55.9,53.7,51.0,47.9,45.0,44.7,44.8,45.3,45.8,46.3,47.1,47.8,48.7,50.0,51.2,52.5,53.5,55.0,56.4,59.3,61.3,62.0,61.8,60.7,59.2,56.9,54.3,51.2,48.0,46.9,46.7,46.7,47.0,47.3,47.7,48.4,49.3,50.4,51.3,52.1,52.9,53.9,55.8,58.7,60.8,61.7,61.7,61.1,59.7,57.8,55.5,52.9,50.1,48.0,48.1,48.4,48.7,49.4,50.3,51.1,52.1,53.0,53.9
43.7,43.9,44.3,44.4,45.1,45.9,47.0,48.0,48.8,49.7,43.1,43.9,44.4,45.0,45.9,46.8,48.1,49.0,50.1,51.3,52.5,53.7,55.7,58.2,59.0,58.6,57.8,56.0,53.8,51.1,47.9,45.2,44.9,45.0,45.4,45.9,46.5,47.1,47.8,48.8,50.2,51.5,52.7,53.8,55.2,56.6,59.4,61.5,62.1,61.9,60.9,59.2,56.9,54.2,51.1,48.1,46.7,46.5,46.4,46.8,47.3,47.8,48.5,49.2,50.3,51.4,52.0,52.9,54.1,56.2,59.0,60.9,61.7,61.9,61.3,59.8,58.1,55.8,53.1,50.4,48.4,48.1,48.4,48.9,49.6,50.3,51.3,52.1,53.0
43.4,43.5,43.8,44.1,44.3,45.0,46.0,47.1,47.9,48.8,43.0,43.4,43.9,44.7,45.3,46.1,47.0,48.1,49.1,50.3,51.5,52.6,53.7,55.9,58.4,59.1,58.6,57.9,56.2,54.0,51.2,48.0,45.4,45.2,45.1,45.4,46.1,46.6,47.2,47.9,49.0,50.4,51.7,52.9,53.9,55.3,56.7,59.6,61.6,62.2,62.0,60.9,59.2,56.8,54.1,51.1,47.9,46.5,46.2,46.2,46.7,47.3,47.9,48.4,49.2,50.3,51.3,51.9,53.1,54.4,56.4,59.1,60.9,61.9,62.1,61.5,60.0,58.3,56.1,53.4,50.8,48.4,48.2,48.5,49.1,49.6,50.5,51.3,52.1
43.5,43.2,43.4,43.7,44.0,44.2,45.1,46.0,46.9,47.9,43.1,43.3,43.4,44.2,44.9,45.5,46.2,47.0,48.2,49.3,50.4,51.6,52.7,53.8,56.0,58.4,59.1,58.8,58.0,56.4,54.1,51.1,48.2,45.7,45.3,45.1,45.6,46.2,46.6,47.2,48.0,49.2,50.6,51.9,53.0,54.1,55.3,56.8,59.6,61.7,62.4,62.1,60.9,59.1,56.6,54.0,51.0,47.7,46.1,46.0,46.2,46.8,47.4,47.8,48.3,49.2,50.3,51.3,52.1,53.5,54.7,56.5,59.1,61.2,62.0,62.2,61.7,60.3,58.6,56.4,53.8,50.9,48.5,48.3,48.7,49.1,49.8,50.5,51.3
44.0,43.3,43.1,43.2,43.6,43.9,44.4,45.1,45.8,46.9,43.5,43.4,43.2,43.8,44.5,45.1,45.6,46.2,47.1,48.4,49.5,50.5,51.6,52.7,54.0,56.2,58.5,59.3,59.0,58.2,56.4,54.0,51.3,48.4,45.8,45.3,45.3,45.8,46.2,46.6,47.4,48.3,49.5,50.8,52.0,53.2,54.2,55.4,56.8,59.8,61.8,62.5,62.0,60.8,58.9,56.5,53.8,50.8,47.5,46.0,46.0,46.3,46.9,47.3,47.7,48.4,49.2,50.3,51.5,52.5,53.7,54.8,56.5,59.4,61.3,62.2,62.5,62.0,60.6,59.0,56.8,53.9,51.0,48.7,48.5,48.8,49.2,49.8,50.5
46.8,43.7,43.2,42.9,43.2,43.5,44.0,44.4,44.9,45.8,46.1,43.7,43.4,43.5,44.1,44.7,45.1,45.6,46.3,47.2,48.6,49.6,50.5,51.7,52.9,54.1,56.2,58.6,59.5,59.2,58.3,56.4,54.2,51.5,48.5,45.8,45.5,45.5,45.8,46.3,46.8,47.6,48.5,49.7,50.9,52.1,53.3,54.2,55.4,57.0,60.0,61.9,62.4,61.8,60.5,58.7,56.3,53.7,50.6,47.4,46.0,46.0,46.5,46.8,47.2,47.8,48.3,49.1,50.5,51.8,52.7,53.7,54.7,56.8,59.6,61.4,62.5,62.8,62.2,61.0,59.3,56.9,54.1,51.2,48.9,48.5,48.9,49.2,49.8
50.1,46.5,43.6,43.0,42.9,43.0,43.6,44.0,44.1,44.9,49.3,46.3,43.7,43.6,43.8,44.2,44.7,45.1,45.7,46.5,47.4,48.6,49.6,50.6,51.9,52.9,54.1,56.4,58.8,59.7,59.3,58.3,56.6,54.4,51.6,48.6,46.1,45.7,45.5,45.8,46.4,47.0,47.8,48.7,49.8,51.0,52.1,53.4,54.3,55.5,57.1,60.1,61.9,62.2,61.6,60.3,58.5,56.1,53.5,50.5,47.5,46.1,46.1,46.3,46.7,47.3,47.8,48.3,49.3,50.9,52.0,52.7,53.8,54.9,57.0,59.7,61.7,62.7,63.0,62.6,61.3,59.4,57.1,54.2,51.4,49.0,48.7,48.9,49.2
52.6,49.9,46.4,43.4,43.0,42.8,43.2,43.6,43.8,44.1,52.1,49.4,46.2,44.0,43.9,43.9,44.2,44.6,45.2,45.9,46.7,47.4,48.6,49.6,50.7,51.9,52.9,54.2,56.6,59.0,59.7,59.2,58.4,56.8,54.5,51.7,48.8,46.2,45.7,45.5,45.9,46.6,47.3,48.0,48.7,49.9,51.1,52.2,53.4,54.4,55.7,57.2,60.1,61.6,62.0,61.4,60.2,58.4,56.0,53.4,50.5,47.6,46.2,46.0,46.2,46.9,47.3,47.7,48.5,49.6,51.1,52.1,52.7,53.9,55.1,57.2,60.0,62.0,63.0,63.4,63.0,61.5,59.6,57.2,54.4,51.5,49.2,48.8,49.0
54.9,52.5,49.7,46.2,43.4,42.9,42.9,43.1,43.3,43.7,54.3,52.2,49.4,46.5,44.2,44.0,43.9,44.2,44.8,45.4,46.1,46.7,47.5,48.7,49.7,50.8,51.9,53.0,54.4,56.7,59.1,59.7,59.4,58.7,56.9,54.7,51.8,48.9,46.3,45.7,45.7,46.2,46.9,47.5,48.0,48.8,49.9,51.2,52.3,53.5,54.5,55.7,57.2,59.9,61.4,61.8,61.2,60.0,58.2,55.9,53.4,50.6,47.8,46.1,46.0,46.4,46.9,47.1,47.8,48.8,49.8,51.2,52.1,52.9,54.1,55.3,57.5,60.3,62.2,63.3,63.7,63.1,61.6,59.8,57.3,54.5,51.7,49.3,48.8
56.3,54.8,52.4,49.5,46.1,43.2,43.0,42.9,42.8,43.3,55.8,54.4,52.2,49.6,46.8,44.3,44.1,43.9,44.3,44.9,45.6,46.1,46.7,47.5,48.7,49.7,50.7,51.9,53.1,54.5,56.9,59.0,59.9,59.6,58.8,57.1,54.8,52.0,49.1,46.3,45.8,45.9,46.5,47.1,47.4,48.0,48.9,49.9,51.3,52.4,53.6,54.5,55.6,57.0,59.8,61.2,61.7,61.1,59.9,58.3,55.9,53.4,50.8,47.8,46.1,46.1,46.4,46.7,47.2,48.1,48.9,49.9,51.2,52.3,53.1,54.2,55.5,57.8,60.5,62.6,63.6,63.9,63.2,61.9,59.9,57.4,54.7,51.9,49.4
57.2,56.2,54.6,52.2,49.4,46.0,43.4,43.0,42.6,42.8,56.9,55.9,54.4,52.4,49.8,46.9,44.4,44.1,44.0,44.4,45.0,45.5,46.1,46.8,47.6,48.7,49.6,50.8,52.1,53.3,54.6,56.9,59.2,60.1,59.8,59.0,57.1,54.9,52.1,49.1,46.6,46.0,46.3,46.7,47.0,47.4,48.1,49.0,50.0,51.4,52.6,53.6,54.4,55.5,56.9,59.6,61.2,61.5,60.9,59.9,58.2,55.9,53.5,50.8,47.8,46.2,46.1,46.2,46.8,47.5,48.2,49.0,50.1,51.4,52.5,53.2,54.4,55.8,58.0,60.9,62.9,63.8,64.0,63.6,61.9,60.0,57.6,54.9,51.9
57.3,57.3,56.0,54.5,52.1,49.3,46.2,43.4,42.7,42.7,57.2,56.9,55.9,54.5,52.5,50.0,47.0,44.4,44.2,44.2,44.6,45.0,45.5,46.2,46.9,47.5,48.6,49.7,51.0,52.2,53.3,54.7,57.1,59.4,60.2,60.0,58.9,57.2,55.0,52.2,49.4,46.8,46.4,46.4,46.6,47.0,47.5,48.2,49.0,50.1,51.5,52.6,53.5,54.2,55.4,56.8,59.5,60.9,61.4,60.9,59.8,58.2,56.0,53.6,50.8,47.9,46.2,45.9,46.3,47.1,47.6,48.3,49.1,50.3,51.6,52.5,53.4,54.7,56.0,58.3,61.2,63.1,64.0,64.3,63.6,62.0,60.1,57.7,55.0
56.3,57.4,57.1,55.9,54.3,52.1,49.4,46.1,43.1,42.8,56.4,57.3,56.9,56.0,54.7,52.7,50.1,47.1,44.6,44.3,44.3,44.5,45.0,45.7,46.3,46.8,47.4,48.7,49.9,51.1,52.2,53.4,54.8,57.3,59.5,60.3,59.9,59.0,57.4,55.2,52.5,49.7,47.2,46.4,46.3,46.5,47.0,47.6,48.3,49.1,50.2,51.5,52.5,53.3,54.1,55.3,56.7,59.2,60.7,61.4,60.8,59.9,58.1,56.0,53.6,50.8,48.0,46.0,46.0,46.6,47.2,47.7,48.4,49.3,50.5,51.8,52.7,53.7,54.9,56.3,58.6,61.3,63.3,64.2,64.3,63.7,62.2,60.3,57.8
53.8,56.3,57.3,57.0,55.8,54.3,52.2,49.3,45.8,43.2,53.9,56.5,57.3,57.0,56.2,54.9,52.8,50.1,47.2,44.7,44.4,44.2,44.6,45.2,45.7,46.2,46.6,47.5,48.9,50.0,51.1,52.3,53.6,55.0,57.4,59.6,60.3,60.0,59.1,57.6,55.4,52.8,50.0,47.3,46.3,46.3,46.6,47.1,47.8,48.4,49.2,50.3,51.5,52.3,53.2,54.1,55.1,56.5,59.0,60.7,61.3,60.8,59.8,58.2,56.0,53.5,50.9,47.9,46.1,46.2,46.7,47.2,47.9,48.7,49.6,50.7,51.9,53.0,53.8,55.1,56.5,58.6,61.5,63.4,64.2,64.4,63.9,62.4,60.3
52.4,53.8,56.3,57.2,56.8,55.7,54.4,52.1,49.1,45.8,52.2,54.0,56.6,57.4,57.2,56.3,55.0,52.9,50.3,47.4,44.8,44.3,44.2,44.7,45.2,45.5,46.0,46.7,47.7,49.0,50.1,51.3,52.5,53.7,55.1,57.5,59.6,60.4,60.1,59.3,57.8,55.7,53.0,50.3,47.2,46.3,46.4,46.7,47.2,47.9,48.5,49.2,50.3,51.3,52.3,53.1,53.9,54.9,56.2,58.9,60.6,61.2,60.7,59.8,58.1,55.9,53.5,51.0,48.1,46.3,46.4,46.8,47.4,48.1,48.9,49.8,50.8,52.2,53.2,54.1,55.3,56.4,58.8,61.6,63.4,64.3,64.5,64.0,62.4
51.2,52.3,53.7,56.3,57.1,56.7,55.9,54.3,51.9,49.1,51.1,52.3,54.2,56.8,57.6,57.3,56.4,55.1,53.0,50.4,47.4,44.7,44.3,44.3,44.8,45.1,45.4,46.1,46.9,47.7,49.0,50.2,51.4,52.6,53.8,55.2,57.6,59.8,60.5,60.4,59.5,58.1,55.9,53.3,50.3,47.3,46.4,46.4,46.8,47.3,48.0,48.6,49.2,50.2,51.3,52.2,53.0,53.7,54.6,56.1,58.8,60.5,61.1,60.6,59.7,58.0,55.9,53.7,51.2,48.4,46.4,46.4,47.0,47.5,48.3,49.1,50.0,51.1,52.4,53.5,54.2,55.2,56.5,58.9,61.6,63.6,64.4,64.7,64.0
50.2,51.2,52.2,53.7,56.2,57.1,56.9,55.8,54.1,51.9,50.0,51.3,52.4,54.3,57.0,57.7,57.4,56.6,55.2,53.1,50.5,47.5,44.7,44.4,44.4,44.6,44.9,45.5,46.3,46.9,47.8,49.1,50.5,51.6,52.7,53.9,55.1,57.7,59.8,60.7,60.6,59.8,58.3,56.1,53.4,50.4,47.4,46.4,46.5,46.9,47.4,48.0,48.6,49.2,50.1,51.1,52.1,52.7,53.4,54.4,56.0,58.6,60.3,61.0,60.5,59.5,57.9,56.1,54.0,51.5,48.5,46.5,46.6,47.1,47.8,48.5,49.3,50.3,51.3,52.6,53.5,54.2,55.3,56.6,59.0,61.8,63.7,64.6,64.6
49.2,50.1,51.1,52.1,53.6,56.2,57.2,56.8,55.7,54.2,49.1,50.2,51.4,52.5,54.5,57.2,57.9,57.6,56.7,55.3,53.3,50.6,47.5,44.9,44.5,44.2,44.4,45.1,45.7,46.3,46.9,48.0,49.3,50.6,51.7,52.8,53.9,55.2,57.9,60.1,60.9,60.9,60.0,58.5,56.3,53.6,50.6,47.4,46.5,46.7,47.0,47.5,48.1,48.6,49.2,50.0,51.0,51.9,52.5,53.2,54.4,55.9,58.6,60.2,60.9,60.4,59.6,58.2,56.5,54.4,51.7,48.7,46.7,46.7,47.4,47.9,48.6,49.5,50.5,51.6,52.7,53.5,54.3,55.4,56.6,59.2,61.9,63.9,64.5
48.4,49.2,50.0,51.0,52.1,53.7,56.4,57.1,56.7,55.7,48.3,49.3,50.4,51.5,52.7,54.7,57.4,58.0,57.7,56.9,55.5,53.3,50.6,47.7,44.9,44.4,44.0,44.6,45.2,45.7,46.3,47.1,48.2,49.5,50.6,51.9,52.8,54.0,55.3,58.1,60.3,61.2,61.0,60.2,58.6,56.4,53.7,50.6,47.5,46.6,46.7,47.1,47.5,48.0,48.6,49.1,49.9,50.8,51.7,52.3,53.2,54.3,55.9,58.5,60.1,60.7,60.4,59.8,58.6,56.9,54.6,51.9,48.9,46.9,47.1,47.5,48.0,48.9,49.7,50.8,51.6,52.7,53.6,54.4,55.4,56.8,59.2,62.0,63.8
47.4,48.3,49.1,49.9,50.9,52.1,53.8,56.3,57.1,56.7,47.4,48.3,49.4,50.5,51.7,52.8,54.9,57.4,58.1,57.9,57.2,55.6,53.4,50.7,47.7,44.8,44.2,44.3,44.7,45.2,45.8,46.5,47.3,48.4,49.6,50.8,51.9,52.9,54.1,55.4,58.3,60.6,61.3,61.2,60.4,58.8,56.5,53.7,50.8,47.7,46.8,46.8,47.1,47.5,48.1,48.5,49.0,49.6,50.6,51.6,52.2,53.1,54.2,55.8,58.4,60.0,60.6,60.6,60.2,59.0,57.2,54.8,52.1,49.1,47.2,47.2,47.6,48.3,49.0,50.0,50.8,51.7,52.8,53.8,54.4,55.6,56.8,59.4,61.9
46.4,47.4,48.1,49.0,49.8,51.0,52.2,53.7,56.2,57.1,46.3,47.4,48.5,49.6,50.7,51.8,53.0,55.0,57.5,58.3,58.2,57.3,55.7,53.5,50.8,47.6,44.7,44.4,44.4,44.7,45.3,46.0,46.8,47.5,48.5,49.7,50.8,52.1,53.0,54.2,55.7,58.6,60.8,61.5,61.4,60.5,59.0,56.5,53.9,51.0,47.9,46.8,46.9,47.0,47.5,47.9,48.4,48.7,49.3,50.5,51.5,52.2,53.0,54.1,55.7,58.2,59.8,60.8,61.0,60.6,59.2,57.3,54.9,52.3,49.4,47.4,47.4,47.9,48.4,49.3,50.1,50.8,51.7,52.9,53.8,54.5,55.6,56.9,59.3
