day 0,day 1,day 2,day 3,day 4,day 5,day 6,day 7,day 8,day 9,day 10,day 11,day 12,day 13,day 14,day 15,day 16,day 17,day 18,day 19,day 20,day 21,day 22,day 23,day 24,day 25,day 26,day 27,day 28,day 29,day 30,day 31,day 32,day 33,day 34,day 35,day 36,day 37,day 38,day 39,day 40,day 41,day 42,day 43,day 44,day 45,day 46,day 47,day 48,day 49,day 50,day 51,day 52,day 53,day 54,day 55,day 56,day 57,day 58,day 59,day 60,day 61,day 62,day 63,day 64,day 65,day 66,day 67,day 68,day 69,day 70,day 71,day 72,day 73,day 74,day 75,day 76,day 77,day 78,day 79,day 80,day 81,day 82,day 83,day 84,day 85,day 86,day 87,day 88
20.6,21.2,21.7,22.0,22.6,23.7,24.9,27.7,30.7,30.9,17.3,18.2,19.1,20.3,21.6,23.3,24.8,28.4,31.9,32.3,31.5,29.9,27.6,24.9,21.6,18.4,16.1,16.0,16.6,17.2,17.6,18.3,19.2,20.3,21.6,22.8,23.9,25.0,26.8,28.6,30.9,34.8,36.9,37.2,36.4,34.9,32.4,29.7,26.8,24.1,21.7,21.3,22.3,22.8,23.5,24.4,25.1,26.3,27.6,28.5,29.6,31.2,32.8,35.1,37.9,41.2,42.6,42.8,42.1,41.0,39.0,36.9,34.4,31.2,28.3,26.6,27.4,28.3,29.3,30.5,31.5,32.8,34.5,35.9,37.8,40.0,42.6,46.3,50.7
20.0,20.4,20.9,21.0,21.5,22.1,23.4,24.7,27.6,30.6,16.5,17.3,18.2,19.2,20.4,21.6,23.3,24.9,28.5,32.2,32.5,31.6,30.1,28.0,25.2,21.8,18.6,16.1,16.3,16.8,17.2,17.8,18.7,19.7,20.6,22.0,23.0,24.0,25.3,26.9,28.8,31.3,35.2,37.3,37.4,36.6,35.0,32.6,30.1,27.1,24.5,21.9,21.8,22.4,23.2,23.7,24.5,25.5,26.6,27.4,28.4,29.7,31.5,33.1,35.2,38.2,41.6,42.9,43.1,42.4,41.5,39.8,37.6,34.8,31.8,28.9,27.2,27.9,28.7,29.7,30.8,31.9,33.3,34.7,36.1,38.0,40.4,43.0,46.4
19.5,19.8,20.1,20.3,20.5,21.0,21.8,23.3,24.6,27.5,16.2,16.6,17.3,18.4,19.4,20.5,21.7,23.3,25.4,28.9,32.4,32.7,31.8,30.5,28.3,25.4,22.0,18.6,16.4,16.5,16.8,17.5,18.2,19.2,20.0,21.0,22.1,23.1,24.2,25.4,27.1,29.1,31.6,35.6,37.6,37.6,36.7,35.2,33.0,30.4,27.5,24.7,22.3,21.9,22.8,23.4,23.8,24.8,25.7,26.5,27.3,28.6,30.0,31.7,33.2,35.4,38.6,42.0,43.1,43.4,43.0,42.3,40.5,38.1,35.5,32.5,29.6,27.7,28.1,29.1,29.8,31.2,32.4,33.5,34.8,36.4,38.3,40.6,43.0
19.1,19.2,19.4,19.5,19.8,20.1,20.7,21.7,23.1,24.4,15.6,16.2,16.6,17.5,18.6,19.4,20.5,21.7,23.7,25.8,29.2,32.7,32.9,32.2,30.8,28.4,25.6,22.0,18.9,16.5,16.5,17.0,17.8,18.7,19.5,20.5,21.1,22.2,23.3,24.4,25.6,27.4,29.3,31.9,36.0,37.8,37.8,36.9,35.5,33.3,30.9,27.8,25.3,22.6,22.3,23.0,23.5,24.1,25.0,25.6,26.5,27.5,28.9,30.2,31.7,33.4,35.8,39.0,42.3,43.5,44.1,43.8,42.9,41.1,38.8,36.2,33.2,30.2,28.0,28.5,29.2,30.2,31.6,32.5,33.7,35.2,36.6,38.5,40.8
18.7,18.8,18.9,18.9,18.9,19.4,19.8,20.6,21.4,22.9,15.1,15.6,16.2,16.8,17.8,18.6,19.4,20.4,22.2,24.1,26.0,29.4,32.9,33.2,32.4,30.9,28.6,25.6,22.3,19.1,16.5,16.7,17.4,18.3,19.0,20.0,20.6,21.2,22.4,23.4,24.5,25.9,27.7,29.6,32.1,36.3,37.9,37.9,37.2,35.8,33.8,31.1,28.3,25.6,22.9,22.5,23.1,23.8,24.3,24.9,25.6,26.6,27.8,29.1,30.2,31.9,33.7,36.0,39.3,42.6,44.2,44.8,44.4,43.5,41.8,39.6,37.0,33.9,30.6,28.4,28.7,29.6,30.7,31.7,32.7,33.9,35.4,36.8,38.6
18.2,18.4,18.5,18.4,18.2,18.5,19.1,19.6,20.4,21.3,14.6,15.2,15.5,16.4,17.1,17.8,18.5,19.3,20.9,22.6,24.3,26.3,29.7,33.2,33.5,32.6,31.0,28.7,25.9,22.5,19.1,16.8,17.1,17.9,18.6,19.4,20.0,20.7,21.5,22.5,23.4,24.8,26.2,27.9,29.8,32.5,36.4,38.0,38.2,37.4,36.2,34.0,31.6,28.6,26.0,23.1,22.5,23.4,23.8,24.2,24.9,25.7,26.9,27.9,29.1,30.3,32.2,33.9,36.3,39.7,43.4,44.9,45.3,45.0,44.3,42.6,40.5,37.7,34.4,31.2,28.5,28.9,30.0,30.7,31.9,33.0,34.1,35.6,37.0
17.9,17.9,18.1,17.9,17.8,17.9,18.2,18.8,19.4,20.1,14.3,14.6,15.1,15.7,16.7,17.2,17.8,18.5,19.8,21.2,22.8,24.6,26.6,30.1,33.4,33.6,32.7,31.1,29.0,26.2,22.6,19.4,17.1,17.5,18.1,19.1,19.5,20.2,20.9,21.5,22.6,23.7,25.1,26.5,28.2,30.2,32.6,36.6,38.3,38.5,37.9,36.5,34.6,32.1,29.0,26.2,23.3,22.8,23.4,23.7,24.3,25.0,26.0,27.1,28.0,29.2,30.6,32.4,34.1,36.7,40.4,44.1,45.3,45.9,45.8,45.1,43.6,41.2,38.3,35.0,31.5,28.8,29.4,30.0,31.0,32.2,33.3,34.3,35.8
17.6,17.7,17.6,17.5,17.3,17.5,17.6,17.9,18.6,19.1,13.8,14.3,14.5,15.3,16.1,16.6,17.1,17.8,19.0,20.1,21.4,23.1,24.7,26.8,30.3,33.5,33.8,32.8,31.4,29.3,26.3,22.9,19.7,17.5,17.8,18.5,19.1,19.7,20.3,20.9,21.6,22.9,24.0,25.3,26.7,28.6,30.2,32.9,37.0,38.6,38.9,38.2,37.0,34.9,32.4,29.2,26.4,23.6,22.8,23.3,23.8,24.5,25.3,26.2,27.1,28.1,29.5,30.8,32.6,34.4,37.3,41.0,44.6,46.0,46.8,46.6,46.0,44.2,41.9,39.0,35.5,32.0,29.3,29.4,30.3,31.4,32.4,33.4,34.5
17.5,17.4,17.3,17.0,16.9,17.0,17.2,17.3,17.7,18.2,13.4,13.8,14.2,14.7,15.7,16.0,16.5,17.0,18.3,19.3,20.2,21.7,23.2,24.9,27.0,30.5,33.7,33.8,33.1,31.6,29.4,26.7,23.3,20.1,17.8,18.3,18.6,19.4,19.8,20.4,21.0,21.9,23.1,24.2,25.5,27.1,28.6,30.5,33.4,37.3,39.0,39.3,38.6,37.4,35.1,32.5,29.4,26.7,23.7,22.8,23.4,23.9,24.7,25.5,26.2,27.2,28.3,29.7,31.0,32.9,35.0,37.9,41.5,45.3,46.9,47.6,47.5,46.6,44.9,42.6,39.6,36.1,32.6,29.4,29.7,30.7,31.6,32.5,33.5
19.7,17.3,17.0,16.8,16.3,16.6,16.7,16.8,17.0,17.4,15.9,13.5,13.7,14.5,15.0,15.6,15.9,16.4,17.5,18.5,19.4,20.5,21.8,23.5,25.1,27.1,30.6,33.8,34.1,33.4,31.9,29.7,27.0,23.7,20.5,18.3,18.3,18.8,19.5,19.9,20.5,21.3,22.2,23.3,24.4,25.9,27.2,29.0,31.0,33.8,37.7,39.4,39.7,39.0,37.7,35.2,32.7,29.8,26.7,23.8,22.8,23.5,24.2,24.9,25.5,26.4,27.5,28.6,29.9,31.3,33.5,35.6,38.3,42.2,46.2,47.6,48.3,48.1,47.3,45.5,43.3,40.3,36.8,32.8,29.7,30.1,31.0,31.7,32.7
22.8,19.5,16.9,16.4,16.2,16.1,16.4,16.3,16.6,16.6,19.3,16.0,13.4,13.9,14.9,15.0,15.4,15.8,16.8,17.8,18.6,19.7,20.7,22.0,23.8,25.2,27.3,30.8,34.1,34.5,33.6,32.1,29.9,27.3,23.9,20.8,18.3,18.5,18.9,19.5,20.0,20.8,21.6,22.5,23.5,24.7,26.0,27.6,29.5,31.4,34.3,38.3,39.9,40.1,39.3,37.7,35.5,33.0,29.8,26.8,23.8,22.9,23.8,24.3,24.9,25.7,26.6,27.7,28.8,30.1,31.9,34.1,36.0,38.9,43.1,47.0,48.4,49.0,48.8,47.9,46.3,44.0,41.0,37.0,33.1,30.1,30.4,31.1,31.9
25.7,22.5,19.0,16.3,15.8,16.0,15.8,15.9,16.0,16.3,22.7,19.4,15.9,13.7,14.3,14.9,14.9,15.3,16.2,17.1,17.8,18.9,19.9,20.9,22.3,23.8,25.3,27.5,31.2,34.4,34.7,33.9,32.4,30.2,27.5,24.3,20.9,18.5,18.6,19.0,19.6,20.3,21.1,21.8,22.6,23.8,24.8,26.4,28.0,29.9,31.8,34.8,38.7,40.3,40.3,39.2,38.0,35.8,33.0,29.8,26.8,24.0,23.1,23.9,24.3,25.1,25.9,26.9,28.0,29.0,30.7,32.6,34.4,36.4,39.6,43.9,47.7,49.0,49.7,49.4,48.8,47.2,44.7,41.3,37.4,33.6,30.4,30.5,31.2
28.3,25.4,22.1,18.5,15.6,15.5,15.7,15.2,15.6,15.6,25.6,22.8,19.3,16.2,14.1,14.3,14.7,14.8,15.7,16.5,17.1,18.1,19.2,20.1,21.1,22.3,23.8,25.4,27.9,31.5,34.7,35.0,34.2,32.6,30.4,27.8,24.3,21.1,18.7,18.7,19.1,19.9,20.6,21.3,21.9,22.9,23.8,25.2,26.9,28.4,30.2,32.4,35.3,39.2,40.4,40.3,39.6,38.3,35.7,32.9,29.9,27.1,24.4,23.2,23.9,24.4,25.3,26.2,27.1,28.2,29.5,31.3,32.8,34.9,37.1,40.3,44.7,48.3,49.7,50.3,50.2,49.6,47.8,45.0,41.7,37.9,34.0,30.6,30.7
30.4,28.0,25.0,21.7,17.9,15.3,15.1,15.2,14.9,15.2,28.0,25.8,22.8,19.6,16.5,14.2,14.1,14.6,15.2,16.0,16.5,17.3,18.3,19.4,20.5,21.2,22.3,23.9,25.8,28.1,31.9,35.0,35.2,34.4,32.8,30.7,27.8,24.5,21.3,18.8,18.9,19.4,20.3,20.8,21.4,22.2,22.9,24.2,25.6,27.2,28.8,30.8,32.8,35.6,39.3,40.5,40.6,39.8,38.2,35.6,33.0,30.2,27.5,24.5,23.3,24.0,24.7,25.6,26.4,27.3,28.7,30.2,31.5,33.2,35.4,37.7,41.1,45.3,49.0,50.4,51.2,51.0,50.1,48.2,45.5,42.3,38.4,34.3,30.8
32.1,30.0,27.6,24.6,21.1,17.6,14.9,14.6,14.8,14.6,29.7,28.2,25.9,23.0,19.9,16.6,14.1,14.1,15.0,15.5,16.0,16.7,17.5,18.5,19.7,20.4,21.2,22.4,24.3,26.0,28.5,32.3,35.3,35.5,34.6,33.1,30.7,27.9,24.7,21.4,19.1,19.2,19.8,20.4,20.9,21.6,22.2,23.4,24.6,26.0,27.5,29.4,31.2,33.2,35.9,39.4,40.8,40.9,39.7,38.1,35.7,33.3,30.6,27.7,24.7,23.4,24.3,25.1,25.8,26.6,27.8,29.3,30.3,31.9,33.7,36.0,38.4,41.7,46.1,49.8,51.3,52.0,51.5,50.4,48.7,46.1,42.6,38.6,34.5
32.7,31.8,29.6,27.2,24.1,20.8,17.2,14.4,14.2,14.5,30.8,29.9,28.2,26.0,23.3,20.0,16.5,14.1,14.5,15.2,15.5,16.2,17.0,17.7,18.8,19.7,20.5,21.3,22.8,24.5,26.4,28.8,32.7,35.6,35.7,34.9,33.1,30.9,28.1,24.8,21.7,19.4,19.5,19.9,20.5,21.0,21.6,22.7,23.8,25.0,26.3,28.1,29.8,31.5,33.3,36.1,39.7,41.1,40.7,39.5,38.2,36.1,33.7,30.9,27.8,24.8,23.8,24.6,25.2,25.9,27.1,28.5,29.4,30.7,32.3,34.2,36.6,38.9,42.4,46.8,50.6,52.1,52.3,51.9,51.0,49.3,46.5,42.9,38.9
32.3,32.4,31.3,29.2,26.8,23.9,20.5,16.8,14.0,13.8,30.6,30.9,29.9,28.4,26.3,23.4,20.0,16.6,14.4,14.7,15.2,15.7,16.5,17.2,18.0,18.9,19.7,20.7,21.7,22.9,24.8,26.6,29.1,33.1,35.8,35.9,34.9,33.2,31.0,28.2,25.1,22.0,19.7,19.6,20.1,20.7,21.1,22.0,23.0,24.1,25.3,26.9,28.4,30.1,31.6,33.5,36.4,39.9,40.7,40.5,39.6,38.5,36.5,33.9,31.1,28.1,25.3,24.2,24.8,25.2,26.4,27.8,28.6,29.8,31.2,32.9,34.8,37.0,39.5,43.0,47.6,51.4,52.4,52.6,52.4,51.5,49.7,46.6,43.1
29.1,32.0,32.1,30.9,28.9,26.6,23.7,20.1,16.4,13.6,27.4,30.7,31.0,30.1,28.6,26.4,23.5,20.1,16.9,14.7,14.7,15.5,16.1,16.7,17.5,18.0,18.9,19.9,21.0,21.8,23.2,25.1,27.0,29.5,33.4,35.9,35.9,35.0,33.3,31.2,28.4,25.3,22.4,19.8,19.8,20.2,20.7,21.5,22.3,23.3,24.3,25.8,27.2,28.8,30.2,31.8,33.9,36.8,39.7,40.6,40.7,40.1,39.0,36.7,34.2,31.4,28.5,25.8,24.3,24.8,25.7,27.1,27.9,28.9,30.3,31.8,33.4,35.2,37.6,39.9,43.6,48.4,51.7,52.7,53.1,52.9,52.0,49.8,46.9
26.7,28.9,31.6,31.7,30.6,28.7,26.4,23.4,19.8,16.0,24.3,27.5,30.8,31.1,30.3,28.8,26.6,23.7,20.4,17.3,14.8,15.0,15.8,16.3,16.9,17.5,18.0,19.0,20.2,21.0,22.1,23.5,25.5,27.4,29.8,33.5,35.9,36.0,35.1,33.6,31.4,28.7,25.6,22.5,20.1,19.9,20.3,21.2,21.9,22.7,23.5,25.0,26.1,27.5,28.9,30.3,32.1,34.2,36.6,39.6,40.8,41.1,40.5,39.3,37.1,34.5,31.9,29.0,26.1,24.4,25.3,26.4,27.2,28.3,29.4,30.8,32.3,33.8,35.8,38.0,40.5,44.4,48.8,52.0,53.1,53.6,53.4,52.1,50.0
25.2,26.5,28.8,31.3,31.4,30.4,28.6,26.2,23.1,19.5,22.8,24.4,27.6,30.9,31.3,30.4,29.0,26.8,24.0,20.6,17.3,15.1,15.3,16.1,16.6,17.0,17.5,18.2,19.3,20.2,21.4,22.4,24.0,25.8,27.7,30.1,33.7,36.0,36.1,35.4,33.8,31.6,29.0,25.9,22.8,20.2,20.0,20.8,21.6,22.2,22.9,24.1,25.3,26.4,27.7,29.0,30.7,32.5,34.2,36.7,39.9,41.2,41.5,40.7,39.6,37.4,35.0,32.4,29.3,26.3,24.9,25.9,26.5,27.6,28.7,29.9,31.3,32.6,34.3,36.1,38.6,41.2,44.7,49.2,52.4,53.5,54.1,53.6,52.3
23.8,25.0,25.9,28.5,31.1,31.3,30.3,28.4,25.9,22.8,21.3,22.9,24.5,27.8,31.1,31.5,30.7,29.3,27.1,24.2,20.7,17.6,15.4,15.6,16.3,16.7,17.1,17.8,18.5,19.2,20.5,21.7,22.9,24.4,26.2,28.0,30.2,34.0,36.1,36.4,35.5,34.0,31.9,29.2,26.1,22.9,20.4,20.5,21.2,21.9,22.4,23.5,24.4,25.6,26.7,27.9,29.4,31.1,32.4,34.2,36.9,40.3,41.6,41.7,41.0,40.0,37.9,35.4,32.7,29.5,26.9,25.6,26.0,27.0,27.9,29.3,30.4,31.7,33.1,34.6,36.7,39.1,41.6,45.1,49.7,52.8,54.0,54.3,53.7
22.7,23.6,24.5,25.5,28.1,30.9,31.2,30.2,28.2,25.7,20.1,21.4,23.0,24.6,28.0,31.2,31.7,31.0,29.6,27.3,24.3,21.0,17.9,15.7,15.8,16.4,16.6,17.3,18.1,18.5,19.5,20.8,22.1,23.3,24.7,26.4,28.1,30.4,34.1,36.4,36.6,35.8,34.4,32.1,29.4,26.2,23.2,20.9,20.8,21.6,22.1,22.9,23.7,24.7,25.8,26.9,28.3,29.7,31.0,32.4,34.3,37.4,40.6,41.8,42.0,41.4,40.4,38.2,35.7,33.0,30.2,27.5,25.7,26.4,27.4,28.5,29.8,30.8,32.2,33.4,35.1,37.2,39.4,41.9,45.5,50.1,53.2,54.1,54.4
21.8,22.6,23.0,24.1,25.2,27.8,30.8,31.1,30.0,28.0,19.0,20.2,21.5,23.2,24.7,28.1,31.5,32.0,31.3,29.8,27.4,24.6,21.3,18.2,15.9,16.0,16.4,17.0,17.6,18.1,18.9,19.8,21.2,22.4,23.7,24.9,26.5,28.3,30.6,34.5,36.6,36.8,36.2,34.6,32.3,29.5,26.3,23.7,21.3,21.2,21.8,22.6,23.1,24.1,25.0,26.0,27.2,28.6,29.6,31.0,32.5,34.7,37.8,40.8,42.1,42.4,41.9,40.7,38.5,36.0,33.7,30.8,27.8,26.2,26.9,27.9,28.9,30.1,31.2,32.4,34.0,35.6,37.5,39.7,42.2,45.9,50.6,53.3,54.3
21.2,21.7,22.0,22.6,23.7,24.9,27.7,30.7,30.9,29.8,18.2,19.1,20.3,21.6,23.3,24.8,28.4,31.9,32.3,31.5,29.9,27.6,24.9,21.6,18.4,16.1,16.0,16.6,17.2,17.6,18.3,19.2,20.3,21.6,22.8,23.9,25.0,26.8,28.6,30.9,34.8,36.9,37.2,36.4,34.9,32.4,29.7,26.8,24.1,21.7,21.3,22.3,22.8,23.5,24.4,25.1,26.3,27.6,28.5,29.6,31.2,32.8,35.1,37.9,41.2,42.6,42.8,42.1,41.0,39.0,36.9,34.4,31.2,28.3,26.6,27.4,28.3,29.3,30.5,31.5,32.8,34.5,35.9,37.8,40.0,42.6,46.3,50.7,53.4
20.4,20.9,21.0,21.5,22.1,23.4,24.7,27.6,30.6,30.8,17.3,18.2,19.2,20.4,21.6,23.3,24.9,28.5,32.2,32.5,31.6,30.1,28.0,25.2,21.8,18.6,16.1,16.3,16.8,17.2,17.8,18.7,19.7,20.6,22.0,23.0,24.0,25.3,26.9,28.8,31.3,35.2,37.3,37.4,36.6,35.0,32.6,30.1,27.1,24.5,21.9,21.8,22.4,23.2,23.7,24.5,25.5,26.6,27.4,28.4,29.7,31.5,33.1,35.2,38.2,41.6,42.9,43.1,42.4,41.5,39.8,37.6,34.8,31.8,28.9,27.2,27.9,28.7,29.7,30.8,31.9,33.3,34.7,36.1,38.0,40.4,43.0,46.4,50.9
