day 0,day 1,day 2,day 3,day 4,day 5,day 6,day 7,day 8,day 9,day 10,day 11,day 12,day 13,day 14,day 15,day 16,day 17,day 18,day 19,day 20,day 21,day 22,day 23,day 24,day 25,day 26,day 27,day 28,day 29,day 30,day 31,day 32,day 33,day 34,day 35,day 36,day 37,day 38,day 39,day 40,day 41,day 42,day 43,day 44,day 45,day 46,day 47,day 48,day 49,day 50,day 51,day 52,day 53,day 54,day 55,day 56,day 57,day 58,day 59,day 60,day 61,day 62,day 63,day 64,day 65,day 66,day 67,day 68,day 69,day 70,day 71,day 72,day 73,day 74,day 75,day 76,day 77,day 78,day 79,day 80,day 81,day 82,day 83,day 84,day 85,day 86,day 87,day 88,day 89,day 90,day 91,day 92,day 93
70.0,71.1,72.2,73.9,77.2,79.7,81.1,81.9,82.5,82.5,82.4,82.0,81.0,79.6,77.8,75.2,72.4,69.6,66.8,67.3,68.0,68.8,69.7,70.5,71.2,72.1,73.4,74.8,78.1,81.3,83.0,83.8,84.2,84.2,83.7,82.9,81.7,80.1,77.9,75.1,71.7,68.1,65.7,66.3,66.9,67.3,67.7,68.3,69.2,69.9,71.0,72.4,75.3,79.3,81.5,82.5,83.0,82.9,82.4,81.5,80.3,78.5,76.0,72.9,69.3,65.2,64.0,64.3,64.7,65.2,65.8,66.2,66.9,67.9,68.8,69.7,71.6,75.8,78.8,80.0,80.4,79.8,78.8,77.5,75.9,73.4,70.2,66.3,62.4,58.0,57.8,57.7,58.0,58.5
69.2,70.2,71.1,72.1,73.8,77.0,79.6,80.9,82.1,82.6,82.7,82.7,82.1,81.1,79.7,77.8,75.4,72.5,69.6,67.0,67.5,68.3,69.0,69.7,70.4,71.2,72.1,73.2,74.7,78.2,81.4,82.9,83.7,84.0,84.1,83.5,82.9,81.6,80.1,77.8,75.0,71.6,68.1,66.0,66.4,66.7,67.1,67.5,68.1,69.0,69.9,71.0,72.3,74.9,79.3,81.4,82.5,82.9,82.9,82.4,81.5,80.4,78.6,76.1,73.0,69.2,65.2,64.0,64.3,64.6,64.9,65.5,66.0,66.8,67.8,68.5,69.5,71.3,75.2,78.3,79.7,79.9,79.4,78.5,77.3,75.5,73.0,70.1,66.3,62.1,57.7,57.4,57.5,57.9
68.5,69.4,70.2,70.9,72.0,73.6,77.0,79.4,81.2,82.3,82.8,83.0,82.9,82.1,81.2,79.7,77.9,75.4,72.6,69.9,67.3,67.8,68.5,69.1,69.7,70.4,71.2,72.0,73.1,74.8,78.3,81.3,82.7,83.6,83.9,83.9,83.5,82.8,81.7,80.0,77.8,74.9,71.6,68.2,66.1,66.2,66.4,66.9,67.3,68.0,68.9,69.8,70.8,72.0,74.8,79.1,81.3,82.3,82.7,82.9,82.4,81.5,80.5,78.6,76.2,73.0,69.2,65.2,63.9,64.2,64.3,64.6,65.3,66.0,66.6,67.4,68.3,69.1,70.7,74.7,78.0,79.3,79.6,79.0,78.2,76.8,75.1,72.8,70.0,65.9,61.8,57.3,57.2,57.3
67.9,68.7,69.4,70.1,70.8,71.9,73.6,76.8,79.7,81.5,82.4,83.1,83.2,83.0,82.2,81.2,79.9,78.0,75.6,72.9,70.1,67.5,68.0,68.6,69.1,69.7,70.3,71.0,71.8,73.2,74.9,78.1,81.1,82.5,83.5,83.8,83.8,83.4,82.8,81.6,80.0,77.8,74.9,71.7,68.2,65.9,65.9,66.3,66.8,67.2,68.0,68.8,69.6,70.4,71.9,74.6,79.0,81.1,82.2,82.7,82.9,82.4,81.6,80.6,78.7,76.3,72.8,69.1,65.0,63.8,63.9,64.1,64.4,65.2,65.8,66.3,67.2,67.9,68.6,70.3,74.3,77.6,78.9,79.3,78.9,77.8,76.5,75.0,72.8,69.7,65.7,61.6,57.2,57.0
67.4,68.1,68.7,69.2,69.9,70.7,71.8,73.5,77.0,79.9,81.6,82.7,83.4,83.2,83.1,82.2,81.4,80.0,78.1,75.9,73.1,70.3,67.7,68.1,68.6,69.0,69.5,70.1,70.9,71.8,73.3,74.8,77.9,80.9,82.4,83.4,83.8,83.8,83.5,82.8,81.7,80.0,77.8,75.0,71.7,68.0,65.5,65.8,66.1,66.6,67.1,67.9,68.7,69.4,70.4,71.8,74.5,78.8,81.0,82.1,82.7,82.9,82.6,81.7,80.7,78.7,76.1,72.8,69.0,64.8,63.4,63.6,63.8,64.4,65.0,65.6,66.1,66.9,67.5,68.2,69.8,73.8,77.2,78.6,79.0,78.5,77.5,76.4,75.0,72.6,69.5,65.7,61.3,56.9
67.0,67.6,68.0,68.5,69.1,69.8,70.7,71.7,73.5,77.1,79.9,81.8,82.9,83.4,83.3,83.0,82.3,81.5,80.2,78.4,76.1,73.3,70.4,67.8,68.1,68.5,68.8,69.3,70.0,70.9,71.9,73.2,74.6,77.7,80.8,82.3,83.3,83.8,83.9,83.5,82.7,81.6,80.0,77.8,74.9,71.5,67.7,65.4,65.6,66.0,66.6,67.1,67.8,68.4,69.3,70.3,71.6,74.3,78.6,80.8,82.1,82.7,83.1,82.7,81.8,80.7,78.6,76.1,72.7,68.9,64.5,63.3,63.4,63.8,64.2,64.8,65.4,65.8,66.4,67.0,67.7,69.2,73.2,76.9,78.3,78.7,78.2,77.5,76.5,74.8,72.5,69.6,65.5,61.1
67.1,67.2,67.5,67.8,68.3,69.0,69.8,70.6,71.7,73.5,77.1,80.1,81.8,82.9,83.5,83.4,83.2,82.5,81.7,80.5,78.6,76.4,73.5,70.5,67.8,68.0,68.3,68.6,69.2,70.0,71.0,71.8,73.0,74.4,77.6,80.7,82.2,83.3,83.8,83.8,83.4,82.7,81.7,80.0,77.8,74.8,71.3,67.5,65.2,65.5,65.9,66.6,67.0,67.5,68.4,69.2,70.2,71.4,74.0,78.4,80.9,82.1,82.8,83.2,82.8,81.8,80.6,78.6,76.0,72.6,68.7,64.2,63.0,63.4,63.7,64.0,64.6,65.0,65.4,65.9,66.6,67.2,68.7,72.8,76.5,78.0,78.4,78.1,77.5,76.3,74.8,72.5,69.5,65.3
69.6,67.3,67.1,67.4,67.6,68.2,69.0,69.7,70.5,71.7,73.6,77.3,80.1,81.8,83.0,83.5,83.5,83.4,82.7,82.0,80.7,78.9,76.5,73.5,70.4,67.8,67.8,68.0,68.5,69.3,70.1,70.9,71.6,72.9,74.3,77.3,80.5,82.2,83.3,83.7,83.8,83.3,82.8,81.7,80.0,77.6,74.6,71.2,67.3,65.1,65.4,66.0,66.4,66.9,67.5,68.2,69.0,69.9,71.2,73.7,78.4,80.9,82.2,83.0,83.3,82.8,81.9,80.5,78.5,75.9,72.3,68.4,63.9,63.0,63.2,63.5,63.8,64.3,64.7,64.8,65.4,66.0,66.7,68.2,72.3,76.2,77.7,78.4,78.1,77.2,76.3,74.8,72.4,69.2
72.2,69.7,67.2,66.9,67.2,67.5,68.2,68.9,69.7,70.5,71.8,73.8,77.3,80.2,81.8,83.1,83.6,83.6,83.6,82.9,82.2,81.0,79.0,76.5,73.4,70.3,67.6,67.5,68.0,68.5,69.3,70.1,70.7,71.5,72.7,74.0,77.1,80.6,82.2,83.4,83.7,83.7,83.4,82.7,81.6,79.8,77.5,74.5,71.0,67.1,65.1,65.5,65.8,66.3,66.8,67.4,68.1,68.8,69.7,70.9,73.6,78.3,81.1,82.4,83.0,83.3,82.9,81.7,80.4,78.5,75.8,72.1,68.1,63.9,62.9,63.1,63.3,63.4,63.9,64.1,64.4,64.8,65.5,66.2,67.8,71.8,75.9,77.7,78.3,77.8,77.3,76.3,74.7,72.2
75.0,72.4,69.6,67.1,66.8,67.1,67.5,68.1,68.8,69.6,70.6,71.9,73.9,77.4,80.1,81.9,83.2,83.8,83.9,83.8,83.1,82.5,81.0,78.9,76.4,73.3,70.2,67.3,67.5,68.0,68.6,69.3,69.9,70.6,71.3,72.4,73.9,77.0,80.5,82.2,83.3,83.6,83.7,83.4,82.7,81.5,79.8,77.4,74.4,70.8,67.1,65.1,65.3,65.7,66.2,66.8,67.3,67.9,68.6,69.5,70.8,73.6,78.4,81.1,82.4,83.0,83.3,82.8,81.7,80.4,78.3,75.6,71.8,68.0,63.6,62.7,63.0,62.9,63.0,63.3,63.7,63.8,64.3,65.0,65.9,67.5,71.4,75.8,77.6,78.0,77.9,77.4,76.2,74.5
77.3,75.1,72.3,69.5,66.9,66.7,67.1,67.4,68.1,68.8,69.7,70.7,72.0,74.0,77.3,80.2,82.0,83.3,83.9,84.1,83.9,83.4,82.4,81.0,78.7,76.3,73.3,69.9,67.3,67.5,68.0,68.5,69.1,69.8,70.4,71.1,72.3,73.8,76.9,80.5,82.1,83.3,83.8,83.8,83.3,82.5,81.4,79.8,77.3,74.2,70.7,67.0,64.9,65.2,65.6,66.1,66.7,67.2,67.6,68.4,69.3,70.8,73.6,78.4,81.2,82.4,83.1,83.3,82.8,81.7,80.3,78.1,75.3,71.6,67.7,63.4,62.5,62.6,62.5,62.4,62.8,63.0,63.3,63.7,64.7,65.6,67.1,71.3,75.7,77.3,78.1,77.9,77.3,76.0
79.3,77.4,75.0,72.1,69.3,66.8,66.7,67.0,67.5,68.0,68.9,69.8,70.8,72.1,74.0,77.4,80.2,82.2,83.5,84.0,84.3,84.2,83.3,82.4,80.7,78.7,76.3,73.0,69.8,67.3,67.5,67.9,68.4,69.0,69.6,70.2,70.9,72.2,73.5,76.8,80.4,82.0,83.3,83.8,83.7,83.3,82.5,81.4,79.7,77.2,74.1,70.6,66.8,64.8,65.2,65.5,66.0,66.5,66.9,67.4,68.2,69.4,71.0,73.7,78.4,81.1,82.5,83.1,83.2,82.7,81.7,80.2,78.0,75.1,71.3,67.5,63.1,62.2,62.2,61.9,62.0,62.2,62.5,62.8,63.5,64.3,65.3,66.9,71.0,75.4,77.4,78.0,77.7,77.1
80.7,79.3,77.3,74.8,72.0,69.2,66.7,66.6,67.0,67.4,68.2,69.0,69.9,70.9,72.1,74.0,77.4,80.4,82.4,83.6,84.4,84.5,84.1,83.3,82.2,80.8,78.8,76.1,73.0,69.8,67.3,67.5,67.9,68.4,68.7,69.3,70.0,70.7,71.9,73.4,76.6,80.3,82.1,83.3,83.7,83.6,83.2,82.5,81.4,79.5,77.1,73.9,70.4,66.6,64.8,65.1,65.4,65.8,66.2,66.6,67.2,68.3,69.5,71.1,73.7,78.2,81.2,82.4,83.1,83.2,82.7,81.5,80.0,77.7,74.8,71.0,67.2,62.8,61.8,61.6,61.6,61.3,61.7,61.9,62.5,63.1,64.0,65.1,66.6,70.5,75.4,77.3,77.8,77.7
81.9,80.7,79.2,77.1,74.7,72.0,69.2,66.6,66.6,66.9,67.5,68.2,69.1,70.0,71.0,72.2,74.1,77.6,80.6,82.6,84.0,84.6,84.6,84.1,83.2,82.2,80.8,78.6,76.1,73.0,69.8,67.3,67.4,67.9,68.1,68.5,69.1,69.8,70.6,71.9,73.4,76.5,80.3,82.2,83.2,83.6,83.5,83.3,82.5,81.3,79.5,76.8,73.6,70.2,66.5,64.7,65.0,65.2,65.6,65.8,66.4,67.3,68.4,69.6,71.1,73.5,78.3,81.0,82.4,83.0,83.2,82.6,81.4,79.7,77.3,74.4,70.6,66.8,62.3,61.3,61.2,60.9,60.9,61.1,61.7,62.2,62.8,63.8,64.9,66.2,70.4,75.3,77.0,77.7
82.5,81.7,80.6,79.1,77.1,74.6,71.9,69.1,66.5,66.5,67.0,67.6,68.3,69.3,70.0,71.0,72.3,74.2,77.8,80.8,82.9,84.1,84.6,84.6,84.1,83.3,82.1,80.7,78.5,76.1,73.0,69.7,67.3,67.4,67.6,67.9,68.2,68.9,69.6,70.5,71.8,73.3,76.6,80.3,82.1,83.2,83.6,83.7,83.3,82.4,81.2,79.2,76.6,73.5,70.2,66.4,64.6,64.8,64.9,65.2,65.7,66.5,67.4,68.6,69.7,71.0,73.5,78.1,81.0,82.3,83.0,83.1,82.5,81.2,79.3,76.9,74.0,70.1,66.3,61.7,60.9,60.5,60.4,60.3,60.9,61.4,61.9,62.6,63.5,64.4,66.0,70.1,75.0,76.8
83.1,82.4,81.6,80.5,79.0,77.0,74.6,71.9,69.2,66.4,66.6,67.1,67.7,68.4,69.2,70.1,71.1,72.4,74.4,77.9,81.0,83.0,84.2,84.5,84.6,84.2,83.2,82.1,80.7,78.6,76.1,72.9,69.6,67.2,67.1,67.3,67.7,68.0,68.7,69.7,70.5,71.7,73.4,76.5,80.2,82.0,83.2,83.7,83.7,83.2,82.3,81.0,79.0,76.5,73.5,70.1,66.2,64.4,64.5,64.6,65.1,65.8,66.6,67.6,68.6,69.6,71.0,73.3,77.9,80.9,82.4,82.9,83.0,82.2,80.8,78.9,76.6,73.5,69.6,65.8,61.3,60.1,60.0,59.8,60.1,60.6,61.2,61.8,62.4,63.1,64.2,65.8,69.9,74.8
83.0,83.0,82.2,81.5,80.4,78.9,77.1,74.6,72.0,69.1,66.6,66.7,67.2,67.8,68.4,69.4,70.2,71.2,72.6,74.6,78.2,81.2,83.1,84.0,84.5,84.7,84.1,83.2,82.1,80.8,78.6,76.0,72.8,69.6,66.9,66.9,67.1,67.5,67.9,68.7,69.6,70.4,71.8,73.5,76.3,80.1,81.9,83.2,83.7,83.6,83.2,82.1,80.7,78.9,76.5,73.4,70.0,66.0,64.1,64.2,64.4,65.2,65.9,66.8,67.6,68.5,69.7,70.9,73.2,77.8,80.9,82.2,82.8,82.8,81.8,80.3,78.5,76.1,73.0,69.1,65.3,60.4,59.6,59.5,59.6,59.8,60.4,61.1,61.6,61.9,62.8,64.0,65.6,69.6
82.6,82.9,82.8,82.1,81.4,80.3,78.9,77.1,74.7,72.0,69.3,66.6,66.8,67.3,67.8,68.5,69.4,70.3,71.4,72.7,74.8,78.4,81.2,82.9,84.0,84.6,84.6,84.1,83.3,82.1,80.7,78.5,75.8,72.7,69.2,66.6,66.6,66.8,67.3,67.8,68.6,69.6,70.5,71.9,73.2,76.2,80.0,82.0,83.3,83.6,83.5,82.9,81.9,80.6,78.9,76.5,73.3,69.8,65.7,63.7,64.0,64.6,65.3,66.1,66.9,67.5,68.7,69.6,70.8,73.0,77.7,80.7,82.2,82.7,82.3,81.4,80.0,78.1,75.6,72.6,68.7,64.6,59.9,59.1,59.2,59.3,59.7,60.4,60.8,61.1,61.7,62.6,63.8,65.3
81.7,82.6,82.7,82.7,82.0,81.3,80.3,78.9,77.3,74.8,72.1,69.4,66.7,66.8,67.3,67.9,68.6,69.5,70.5,71.5,73.0,75.0,78.4,81.1,82.9,84.1,84.4,84.5,84.1,83.3,82.1,80.6,78.4,75.8,72.5,69.0,66.4,66.4,66.7,67.2,67.8,68.6,69.8,70.7,71.6,73.0,76.0,80.0,82.0,83.2,83.5,83.4,82.7,81.8,80.6,78.9,76.4,73.2,69.5,65.3,63.7,64.2,64.7,65.5,66.2,66.8,67.6,68.6,69.5,70.6,72.9,77.4,80.6,82.0,82.3,81.9,81.1,79.5,77.6,75.2,72.1,68.2,64.1,59.3,58.9,58.9,59.2,59.6,60.0,60.4,60.9,61.6,62.5,63.5
80.2,81.6,82.4,82.6,82.6,82.0,81.3,80.3,79.2,77.3,75.0,72.3,69.5,66.7,66.8,67.4,68.0,68.7,69.7,70.7,71.7,73.2,75.1,78.3,81.1,83.1,84.0,84.3,84.6,84.1,83.3,82.0,80.5,78.3,75.5,72.3,68.8,66.1,66.3,66.6,67.1,67.8,68.8,69.9,70.5,71.4,72.9,75.9,80.0,82.0,83.1,83.3,83.2,82.8,81.7,80.6,78.7,76.2,73.1,69.2,65.1,63.8,64.3,64.8,65.5,66.1,66.9,67.6,68.5,69.4,70.4,72.6,77.2,80.5,81.6,81.9,81.7,80.6,79.0,77.1,74.7,71.7,67.7,63.5,59.0,58.6,58.8,59.1,59.3,59.7,60.2,60.8,61.5,62.2
77.6,80.1,81.5,82.2,82.5,82.5,82.1,81.4,80.5,79.3,77.5,75.1,72.3,69.5,66.7,66.9,67.5,68.1,69.0,69.9,70.9,72.0,73.3,75.1,78.3,81.3,82.9,83.9,84.4,84.5,84.0,83.1,81.9,80.4,78.1,75.4,72.1,68.5,66.0,66.1,66.5,67.2,68.0,68.9,69.6,70.2,71.3,72.8,75.8,79.9,81.8,82.9,83.1,83.2,82.6,81.7,80.4,78.6,76.2,72.9,69.1,65.2,63.9,64.4,64.8,65.4,66.2,66.8,67.5,68.4,69.1,70.3,72.5,77.1,80.0,81.2,81.7,81.1,80.1,78.6,76.7,74.3,71.4,67.3,63.1,58.7,58.4,58.7,58.8,59.0,59.5,60.0,60.7,61.2
74.2,77.5,80.0,81.3,82.2,82.4,82.3,82.1,81.6,80.7,79.5,77.7,75.2,72.4,69.5,66.7,67.0,67.5,68.3,69.2,70.2,71.2,72.1,73.3,75.1,78.4,81.2,82.9,83.9,84.3,84.5,83.8,83.0,81.9,80.2,78.1,75.3,72.0,68.4,65.8,66.0,66.5,67.4,68.1,68.7,69.4,70.1,71.2,72.7,75.6,79.7,81.6,82.7,83.1,83.0,82.5,81.5,80.4,78.6,76.0,72.8,69.2,65.2,64.1,64.4,64.8,65.4,66.1,66.7,67.3,68.2,69.0,70.2,72.4,76.6,79.6,81.1,81.2,80.6,79.7,78.1,76.3,74.1,71.1,66.9,62.7,58.5,58.4,58.4,58.5,58.7,59.3,59.9,60.4
72.3,74.1,77.4,79.8,81.2,82.1,82.3,82.4,82.3,81.7,81.0,79.6,77.8,75.2,72.4,69.6,66.7,67.0,67.8,68.6,69.5,70.4,71.3,72.1,73.4,75.1,78.2,81.2,83.0,83.8,84.3,84.3,83.7,83.0,81.7,80.2,77.9,75.2,71.8,68.3,65.7,66.1,66.8,67.5,67.9,68.4,69.2,70.0,71.1,72.5,75.5,79.5,81.5,82.7,83.0,83.0,82.4,81.4,80.4,78.5,76.0,72.9,69.2,65.3,64.0,64.4,64.8,65.3,66.0,66.5,67.1,68.0,69.0,70.1,72.0,76.2,79.4,80.5,80.7,80.2,79.2,77.7,76.0,73.8,70.6,66.5,62.5,58.4,58.1,58.0,58.2,58.6,59.2,59.6
71.1,72.2,73.9,77.2,79.7,81.1,81.9,82.5,82.5,82.4,82.0,81.0,79.6,77.8,75.2,72.4,69.6,66.8,67.3,68.0,68.8,69.7,70.5,71.2,72.1,73.4,74.8,78.1,81.3,83.0,83.8,84.2,84.2,83.7,82.9,81.7,80.1,77.9,75.1,71.7,68.1,65.7,66.3,66.9,67.3,67.7,68.3,69.2,69.9,71.0,72.4,75.3,79.3,81.5,82.5,83.0,82.9,82.4,81.5,80.3,78.5,76.0,72.9,69.3,65.2,64.0,64.3,64.7,65.2,65.8,66.2,66.9,67.9,68.8,69.7,71.6,75.8,78.8,80.0,80.4,79.8,78.8,77.5,75.9,73.4,70.2,66.3,62.4,58.0,57.8,57.7,58.0,58.5,58.9
70.2,71.1,72.1,73.8,77.0,79.6,80.9,82.1,82.6,82.7,82.7,82.1,81.1,79.7,77.8,75.4,72.5,69.6,67.0,67.5,68.3,69.0,69.7,70.4,71.2,72.1,73.2,74.7,78.2,81.4,82.9,83.7,84.0,84.1,83.5,82.9,81.6,80.1,77.8,75.0,71.6,68.1,66.0,66.4,66.7,67.1,67.5,68.1,69.0,69.9,71.0,72.3,74.9,79.3,81.4,82.5,82.9,82.9,82.4,81.5,80.4,78.6,76.1,73.0,69.2,65.2,64.0,64.3,64.6,64.9,65.5,66.0,66.8,67.8,68.5,69.5,71.3,75.2,78.3,79.7,79.9,79.4,78.5,77.3,75.5,73.0,70.1,66.3,62.1,57.7,57.4,57.5,57.9,58.3
