day 0,day 1,day 2,day 3,day 4,day 5,day 6,day 7,day 8,day 9,day 10,day 11,day 12,day 13,day 14,day 15,day 16,day 17,day 18,day 19,day 20,day 21,day 22,day 23,day 24,day 25,day 26,day 27,day 28,day 29,day 30,day 31,day 32,day 33,day 34,day 35,day 36,day 37,day 38,day 39,day 40,day 41,day 42,day 43,day 44,day 45,day 46,day 47,day 48,day 49,day 50,day 51,day 52,day 53,day 54,day 55,day 56,day 57,day 58,day 59,day 60,day 61,day 62,day 63,day 64,day 65,day 66,day 67,day 68,day 69,day 70,day 71,day 72,day 73,day 74,day 75,day 76,day 77,day 78,day 79,day 80,day 81,day 82,day 83,day 84,day 85,day 86,day 87,day 88,day 89,day 90
71.8,72.1,72.5,73.2,73.9,75.0,77.5,80.1,81.6,82.3,82.1,81.6,80.4,78.5,75.7,72.0,67.9,64.6,64.2,64.2,64.4,64.4,64.4,64.5,64.6,64.8,65.1,65.5,66.2,67.7,70.1,73.5,75.1,75.6,75.5,74.6,73.0,70.8,67.2,62.8,58.4,55.1,55.0,55.0,55.0,54.7,54.8,55.2,55.5,56.0,56.2,57.0,58.0,59.1,61.1,65.0,67.1,67.9,67.4,66.4,64.8,62.3,58.5,54.5,50.5,48.8,49.1,49.3,49.8,50.4,50.9,51.4,51.8,52.0,52.6,53.4,53.9,55.3,57.4,61.0,63.0,63.7,63.7,62.5,60.6,58.2,54.6,51.1,48.3,48.1,48.4
71.2,71.4,71.7,72.1,72.8,73.5,74.7,77.3,80.1,81.4,82.0,81.8,81.4,80.2,78.2,75.4,71.7,67.7,64.3,64.0,64.0,64.0,63.8,63.9,63.8,64.1,64.3,64.5,65.1,66.0,67.4,69.6,73.1,74.9,75.3,75.2,74.1,72.6,70.3,66.9,62.4,58.1,54.7,54.5,54.4,54.2,54.1,54.6,54.9,55.1,55.6,56.0,56.8,57.6,58.7,60.6,64.6,67.0,67.5,67.1,66.3,64.5,61.9,58.6,54.5,50.5,48.7,49.0,49.2,50.0,50.3,50.9,50.9,51.3,52.0,52.4,53.0,53.8,55.2,57.3,60.7,63.0,63.7,63.5,62.3,60.7,58.1,54.7,51.7,48.6,48.2
70.7,70.8,71.0,71.3,71.8,72.5,73.2,74.5,77.2,79.8,81.1,81.7,81.7,81.2,79.8,77.8,75.1,71.5,67.4,64.0,63.7,63.6,63.5,63.3,63.2,63.3,63.5,63.7,64.1,64.9,65.8,66.9,69.1,72.9,74.6,75.1,74.8,73.7,72.2,70.0,66.5,62.1,57.6,54.1,53.9,53.7,53.7,53.9,54.3,54.5,54.8,55.2,55.8,56.4,57.2,58.2,60.3,64.5,66.7,67.3,67.1,66.0,64.2,62.0,58.7,54.6,50.3,48.6,48.8,49.4,49.9,50.3,50.4,50.5,51.4,51.8,52.1,52.9,53.8,55.1,57.1,60.7,62.9,63.6,63.3,62.3,60.5,58.2,55.3,51.9,48.7
70.1,70.3,70.5,70.6,70.9,71.4,72.1,73.0,74.4,76.9,79.6,80.9,81.6,81.5,80.8,79.5,77.6,74.9,71.1,67.0,63.7,63.3,63.1,62.9,62.6,62.7,62.8,63.0,63.3,63.9,64.7,65.3,66.4,68.9,72.6,74.3,74.7,74.4,73.3,71.9,69.7,66.0,61.6,57.0,53.6,53.2,53.1,53.4,53.6,53.9,54.1,54.5,55.1,55.3,56.1,56.7,57.9,60.2,64.1,66.4,67.1,66.8,65.6,64.2,62.2,58.7,54.3,50.2,48.5,49.1,49.4,49.9,49.8,50.0,50.5,51.1,51.5,52.0,52.9,53.8,54.9,57.0,60.7,62.9,63.4,63.3,62.1,60.6,58.8,55.4,52.0
69.7,69.6,69.9,70.0,70.3,70.6,71.0,71.9,72.9,74.2,76.6,79.4,80.8,81.5,81.1,80.6,79.3,77.4,74.5,70.7,66.7,63.4,62.8,62.6,62.3,62.0,62.1,62.2,62.6,63.2,63.7,64.2,64.8,66.1,68.6,72.2,74.0,74.3,74.0,73.1,71.7,69.3,65.6,61.1,56.5,52.8,52.6,52.8,53.1,53.2,53.5,53.9,54.3,54.5,55.0,55.7,56.5,57.9,59.9,63.9,66.3,66.9,66.4,65.7,64.4,62.2,58.5,54.2,50.0,48.7,49.0,49.3,49.4,49.5,49.9,50.3,50.8,51.3,52.0,52.9,53.6,54.9,57.0,60.6,62.7,63.3,63.0,62.2,61.3,58.9,55.4
69.3,69.2,69.2,69.4,69.7,70.0,70.2,70.8,71.8,72.6,73.9,76.4,79.2,80.6,81.1,80.9,80.4,79.1,77.1,74.1,70.3,66.3,62.8,62.2,61.9,61.6,61.4,61.5,61.8,62.4,63.0,63.2,63.6,64.5,65.9,68.2,71.9,73.6,73.9,73.9,72.8,71.3,68.9,65.2,60.5,55.7,52.3,52.4,52.5,52.8,52.8,53.3,53.7,53.8,54.1,54.6,55.4,56.4,57.5,59.7,63.8,66.0,66.5,66.4,65.9,64.3,61.9,58.3,54.0,50.1,48.7,49.0,48.8,49.1,49.4,49.7,50.0,50.6,51.4,52.0,52.7,53.6,54.9,56.9,60.4,62.6,63.0,63.1,62.8,61.5,58.9
69.0,68.9,68.9,68.8,69.1,69.3,69.6,70.0,70.7,71.6,72.4,73.6,76.1,79.0,80.3,80.9,80.7,80.2,78.9,76.8,73.8,70.0,65.8,62.2,61.6,61.3,61.0,60.9,61.2,61.7,62.3,62.4,62.7,63.4,64.2,65.5,67.7,71.5,73.2,73.7,73.6,72.4,71.0,68.6,64.8,59.9,55.2,52.1,52.1,52.2,52.3,52.6,53.1,53.1,53.4,53.8,54.4,55.3,56.1,57.4,59.6,63.5,65.6,66.5,66.6,65.8,64.1,61.7,58.1,53.9,50.0,48.6,48.4,48.6,49.0,49.2,49.4,49.8,50.7,51.3,51.7,52.6,53.6,54.8,56.7,60.3,62.3,63.1,63.7,63.0,61.4
69.5,68.5,68.5,68.4,68.5,68.7,69.0,69.4,70.0,70.5,71.4,72.2,73.3,75.8,78.6,80.2,80.7,80.5,79.9,78.5,76.4,73.5,69.6,65.3,61.6,60.9,60.6,60.4,60.6,61.1,61.5,61.7,61.9,62.4,63.1,63.8,65.1,67.4,71.1,73.0,73.5,73.2,72.1,70.7,68.2,64.1,59.4,54.9,51.8,51.8,51.8,52.2,52.4,52.4,52.6,53.1,53.6,54.3,55.0,55.9,57.3,59.2,63.2,65.7,66.7,66.5,65.6,64.0,61.5,57.9,53.8,49.9,48.1,48.3,48.5,48.8,48.9,49.2,49.9,50.7,51.1,51.6,52.6,53.5,54.6,56.8,60.1,62.5,63.7,63.9,62.9
72.5,69.0,68.1,68.0,68.1,68.2,68.4,68.8,69.4,69.8,70.3,71.1,71.8,73.0,75.4,78.4,80.0,80.6,80.2,79.5,78.2,76.1,73.1,69.2,64.7,60.9,60.3,60.1,60.2,60.4,60.8,60.9,61.2,61.6,62.1,62.6,63.4,64.8,67.1,70.9,72.7,73.0,72.8,71.8,70.4,67.6,63.8,59.0,54.4,51.5,51.4,51.7,51.9,51.8,52.0,52.2,52.9,53.6,54.1,54.9,55.8,56.9,59.0,63.3,65.8,66.6,66.3,65.5,63.9,61.3,57.6,53.5,49.3,48.0,48.2,48.3,48.4,48.7,49.3,49.8,50.4,51.0,51.7,52.4,53.2,54.7,56.6,60.3,63.0,63.9,63.8
76.0,72.1,68.5,67.7,67.7,67.7,67.9,68.2,68.8,69.2,69.6,70.0,70.8,71.5,72.6,75.2,78.3,79.8,80.3,79.9,79.2,78.0,75.8,72.8,68.7,64.2,60.3,59.8,59.8,60.0,60.2,60.2,60.5,60.9,61.3,61.7,62.2,63.1,64.5,66.9,70.6,72.2,72.7,72.6,71.5,69.8,67.2,63.3,58.5,54.0,51.1,51.3,51.4,51.4,51.4,51.6,52.1,52.8,53.3,54.0,54.9,55.4,56.8,59.1,63.5,65.7,66.5,66.3,65.4,63.6,61.1,57.3,52.9,49.1,47.9,48.0,47.9,48.3,48.8,49.3,49.6,50.3,51.1,51.5,52.2,53.4,54.5,56.9,60.8,63.2,63.8
79.0,75.7,71.6,68.1,67.3,67.4,67.5,67.8,68.2,68.6,69.0,69.3,69.7,70.5,71.1,72.4,74.9,78.1,79.6,80.0,79.5,79.0,77.7,75.4,72.4,68.2,63.6,59.8,59.5,59.7,59.7,59.6,59.7,60.2,60.6,60.9,61.2,62.0,62.9,64.3,66.6,70.2,71.9,72.4,72.2,70.9,69.5,66.8,62.7,58.0,53.6,51.0,51.1,50.8,50.9,51.0,51.5,52.0,52.5,53.2,54.0,54.5,55.3,56.9,59.2,63.4,65.6,66.4,66.3,65.2,63.4,60.7,56.6,52.7,49.0,47.7,47.7,47.9,48.4,48.7,49.0,49.6,50.4,50.8,51.2,52.4,53.2,54.8,57.4,61.0,63.1
81.1,78.8,75.4,71.3,67.8,67.0,67.1,67.3,67.8,68.0,68.4,68.8,69.0,69.4,70.0,70.9,72.1,74.7,77.8,79.3,79.6,79.4,78.8,77.4,75.1,72.0,67.7,63.1,59.5,59.3,59.4,59.1,59.2,59.5,59.9,60.1,60.5,61.1,61.7,62.7,64.0,66.2,69.9,71.7,72.1,71.6,70.7,69.1,66.1,62.2,57.6,53.4,50.8,50.5,50.4,50.6,50.9,51.4,51.7,52.5,53.2,53.6,54.4,55.3,57.0,59.2,63.3,65.5,66.3,66.0,65.0,63.1,60.1,56.4,52.6,48.7,47.5,47.6,48.0,48.3,48.5,49.0,49.6,50.1,50.5,51.4,52.3,53.5,55.2,57.6,61.0
82.7,81.0,78.5,75.2,71.0,67.4,66.8,67.0,67.3,67.6,67.9,68.2,68.4,68.7,69.0,69.8,70.6,71.9,74.4,77.5,79.0,79.5,79.2,78.3,77.0,74.6,71.5,67.3,62.8,59.3,59.0,58.8,58.7,58.9,59.1,59.4,59.7,60.3,60.8,61.5,62.4,63.6,65.8,69.5,71.3,71.6,71.4,70.2,68.4,65.6,61.8,57.4,53.1,50.2,50.0,50.1,50.5,50.8,51.1,51.6,52.5,52.9,53.5,54.4,55.4,56.9,59.1,63.2,65.5,66.2,65.9,64.7,62.5,60.0,56.3,52.2,48.5,47.4,47.8,47.9,48.1,48.4,49.0,49.4,49.8,50.7,51.4,52.5,54.0,55.4,57.6
83.5,82.5,80.7,78.3,74.8,70.7,67.2,66.7,66.9,67.1,67.5,67.6,67.8,68.1,68.2,68.8,69.6,70.4,71.6,74.0,77.2,78.9,79.2,78.8,78.0,76.5,74.3,71.2,67.0,62.6,58.9,58.3,58.3,58.5,58.6,58.6,59.0,59.6,60.1,60.6,61.2,62.0,63.3,65.4,69.0,70.8,71.3,70.9,69.6,67.8,65.3,61.5,57.0,52.5,49.7,49.7,50.0,50.4,50.6,51.1,51.5,52.2,52.8,53.6,54.6,55.3,56.8,59.1,63.2,65.3,66.0,65.6,64.1,62.4,59.8,55.8,51.9,48.3,47.5,47.6,47.6,48.1,48.5,48.8,49.0,50.0,50.7,51.7,53.0,54.2,55.5
83.9,83.3,82.2,80.5,78.0,74.6,70.4,67.0,66.6,66.8,67.0,67.2,67.2,67.4,67.6,68.0,68.6,69.4,70.1,71.3,73.7,77.0,78.5,78.8,78.4,77.6,76.2,74.0,70.9,66.7,62.1,58.2,57.9,58.1,58.2,58.1,58.2,58.9,59.3,59.9,60.3,60.8,61.6,62.8,64.8,68.6,70.5,70.9,70.2,69.1,67.6,65.0,61.2,56.6,52.0,49.4,49.7,49.8,50.2,50.5,51.0,51.3,52.1,52.9,53.7,54.6,55.2,56.8,59.1,63.0,65.1,65.7,65.1,64.0,62.2,59.3,55.5,51.8,48.4,47.4,47.3,47.7,48.1,48.3,48.4,49.3,50.0,51.0,52.2,53.2,54.3
83.7,83.7,83.1,82.1,80.3,77.8,74.3,70.2,66.9,66.5,66.7,66.7,66.8,66.9,66.9,67.3,67.8,68.4,69.2,69.8,70.9,73.3,76.6,78.1,78.4,78.1,77.2,75.8,73.6,70.6,66.2,61.5,57.8,57.6,57.8,57.6,57.7,58.2,58.6,59.1,59.6,59.9,60.4,61.2,62.2,64.3,68.2,70.1,70.2,69.7,68.8,67.3,64.6,60.9,56.2,51.7,49.3,49.5,49.6,50.1,50.5,50.8,51.3,52.3,53.0,53.8,54.5,55.2,56.8,58.9,62.9,64.9,65.2,65.0,63.9,61.8,59.1,55.4,51.8,48.3,47.1,47.4,47.7,47.9,48.0,48.7,49.3,50.4,51.5,52.4,53.3
82.8,83.6,83.6,83.0,81.9,80.1,77.5,74.0,70.1,66.7,66.3,66.4,66.4,66.5,66.4,66.7,67.1,67.6,68.1,68.9,69.4,70.6,72.9,76.2,77.8,78.2,77.7,76.8,75.4,73.3,70.1,65.6,61.0,57.5,57.3,57.1,57.2,57.6,57.9,58.4,58.8,59.2,59.5,59.9,60.6,61.7,63.9,67.7,69.4,69.8,69.5,68.6,66.9,64.4,60.5,55.9,51.5,49.1,49.3,49.5,50.1,50.2,50.7,51.4,52.4,53.0,53.6,54.4,55.3,56.7,58.9,62.6,64.3,65.1,64.8,63.4,61.6,59.0,55.3,51.6,47.9,47.2,47.5,47.4,47.6,48.3,48.8,49.7,50.9,51.7,52.5
81.6,82.7,83.3,83.5,82.8,81.7,79.8,77.4,73.9,69.8,66.5,66.0,66.0,66.0,66.1,66.2,66.4,66.9,67.4,67.9,68.5,69.1,70.2,72.4,75.8,77.5,77.7,77.3,76.4,75.1,72.8,69.5,65.2,60.7,57.1,56.6,56.7,57.1,57.4,57.7,58.1,58.4,58.8,59.0,59.3,60.1,61.3,63.5,67.1,68.9,69.5,69.2,68.2,66.7,64.0,60.2,55.7,51.2,49.0,49.2,49.5,49.9,50.2,50.9,51.5,52.3,52.9,53.5,54.4,55.2,56.8,58.6,62.1,64.3,64.9,64.3,63.2,61.5,58.8,55.0,51.3,47.9,47.3,47.2,47.1,47.9,48.3,49.2,50.3,51.0,51.7
79.0,81.4,82.4,83.2,83.3,82.5,81.4,79.7,77.2,73.6,69.6,66.2,65.7,65.7,65.6,65.7,65.9,66.2,66.7,67.2,67.5,68.2,68.6,69.7,72.0,75.5,77.0,77.3,77.0,76.2,74.6,72.4,69.2,65.0,60.4,56.5,56.3,56.6,57.0,57.2,57.4,57.7,58.0,58.3,58.3,58.8,59.7,61.0,62.9,66.6,68.7,69.2,68.9,68.1,66.3,63.6,59.9,55.4,51.0,48.9,49.1,49.2,49.9,50.4,51.0,51.5,52.2,52.8,53.6,54.3,55.2,56.4,58.1,62.0,64.1,64.5,64.2,63.2,61.3,58.5,54.8,51.3,47.9,46.9,47.0,47.4,47.9,48.8,49.7,50.4,51.0
76.2,78.7,81.1,82.3,83.1,83.0,82.3,81.3,79.5,76.9,73.4,69.3,65.8,65.4,65.3,65.3,65.5,65.7,66.0,66.5,66.8,67.2,67.7,68.1,69.3,71.6,75.0,76.5,76.9,76.8,75.7,74.2,72.1,69.0,64.6,59.8,56.0,56.2,56.4,56.7,56.8,57.1,57.3,57.4,57.6,57.8,58.5,59.3,60.5,62.4,66.3,68.4,68.9,68.7,67.7,65.9,63.3,59.6,55.1,50.8,48.8,48.9,49.2,50.0,50.5,51.0,51.3,52.1,53.0,53.5,54.4,54.9,56.0,58.1,61.8,63.6,64.3,64.1,63.0,61.0,58.3,54.8,51.2,47.6,46.8,47.3,47.5,48.5,49.3,49.9,50.5
74.9,76.0,78.4,80.9,82.1,82.8,82.7,82.2,81.1,79.3,76.6,73.0,68.9,65.5,65.0,65.0,65.1,65.2,65.4,65.8,66.1,66.5,66.7,67.1,67.6,68.8,71.0,74.6,76.2,76.7,76.3,75.3,74.0,71.9,68.6,64.0,59.4,55.9,56.0,56.2,56.4,56.5,56.6,56.8,56.7,57.0,57.4,58.2,58.9,60.0,62.1,65.9,68.1,68.8,68.3,67.3,65.6,63.0,59.2,55.0,50.6,48.6,49.0,49.4,50.1,50.5,50.8,51.2,52.3,52.9,53.5,54.0,54.4,56.0,57.9,61.4,63.4,64.3,63.9,62.7,60.9,58.3,54.7,51.0,47.4,47.0,47.4,48.1,48.9,49.4,50.0
73.9,74.6,75.7,78.1,80.6,81.8,82.5,82.6,82.0,80.9,79.0,76.3,72.7,68.6,65.1,64.7,64.8,64.8,65.0,65.2,65.4,65.7,66.0,66.0,66.6,67.1,68.2,70.6,74.3,75.9,76.2,76.0,75.1,73.8,71.6,68.1,63.6,59.1,55.7,55.7,55.9,56.0,56.0,56.1,56.1,56.1,56.7,57.1,57.7,58.5,59.7,61.8,65.6,67.9,68.4,67.9,67.1,65.3,62.6,59.2,54.8,50.4,48.6,49.1,49.4,50.1,50.3,50.7,51.5,52.2,52.9,53.1,53.6,54.4,55.8,57.5,61.1,63.4,64.1,63.6,62.6,60.9,58.3,54.6,50.9,47.6,47.1,48.0,48.4,49.1,49.5
72.9,73.6,74.2,75.3,77.8,80.3,81.6,82.5,82.4,81.7,80.6,78.8,76.0,72.3,68.2,64.8,64.5,64.5,64.6,64.7,64.9,65.0,65.2,65.3,65.6,66.1,66.6,67.8,70.4,74.0,75.5,75.8,75.8,74.9,73.4,71.1,67.7,63.2,58.8,55.4,55.4,55.5,55.5,55.4,55.4,55.5,55.8,56.4,56.7,57.3,58.2,59.5,61.4,65.4,67.5,68.0,67.7,66.7,64.9,62.6,58.9,54.5,50.4,48.7,49.2,49.4,49.9,50.2,51.0,51.4,52.3,52.4,52.6,53.6,54.2,55.4,57.4,61.1,63.3,63.7,63.6,62.6,60.8,58.2,54.6,51.0,47.7,47.8,48.3,48.6,49.2
72.1,72.5,73.2,73.9,75.0,77.5,80.1,81.6,82.3,82.1,81.6,80.4,78.5,75.7,72.0,67.9,64.6,64.2,64.2,64.4,64.4,64.4,64.5,64.6,64.8,65.1,65.5,66.2,67.7,70.1,73.5,75.1,75.6,75.5,74.6,73.0,70.8,67.2,62.8,58.4,55.1,55.0,55.0,55.0,54.7,54.8,55.2,55.5,56.0,56.2,57.0,58.0,59.1,61.1,65.0,67.1,67.9,67.4,66.4,64.8,62.3,58.5,54.5,50.5,48.8,49.1,49.3,49.8,50.4,50.9,51.4,51.8,52.0,52.6,53.4,53.9,55.3,57.4,61.0,63.0,63.7,63.7,62.5,60.6,58.2,54.6,51.1,48.3,48.1,48.4,48.8
71.4,71.7,72.1,72.8,73.5,74.7,77.3,80.1,81.4,82.0,81.8,81.4,80.2,78.2,75.4,71.7,67.7,64.3,64.0,64.0,64.0,63.8,63.9,63.8,64.1,64.3,64.5,65.1,66.0,67.4,69.6,73.1,74.9,75.3,75.2,74.1,72.6,70.3,66.9,62.4,58.1,54.7,54.5,54.4,54.2,54.1,54.6,54.9,55.1,55.6,56.0,56.8,57.6,58.7,60.6,64.6,67.0,67.5,67.1,66.3,64.5,61.9,58.6,54.5,50.5,48.7,49.0,49.2,50.0,50.3,50.9,50.9,51.3,52.0,52.4,53.0,53.8,55.2,57.3,60.7,63.0,63.7,63.5,62.3,60.7,58.1,54.7,51.7,48.6,48.2,48.6
