day 0,day 1,day 2,day 3,day 4,day 5,day 6,day 7,day 8,day 9,day 10,day 11,day 12,day 13,day 14,day 15,day 16,day 17,day 18,day 19,day 20,day 21,day 22,day 23,day 24,day 25,day 26,day 27,day 28,day 29,day 30,day 31,day 32,day 33,day 34,day 35,day 36,day 37,day 38,day 39,day 40,day 41,day 42,day 43,day 44,day 45,day 46,day 47,day 48,day 49,day 50,day 51,day 52,day 53,day 54,day 55,day 56,day 57,day 58,day 59,day 60,day 61,day 62,day 63,day 64,day 65,day 66,day 67,day 68,day 69,day 70,day 71,day 72,day 73,day 74,day 75,day 76,day 77,day 78,day 79,day 80,day 81,day 82,day 83,day 84,day 85,day 86,day 87,day 88,day 89,day 90,day 91,day 92,day 93
50.3,51.1,52.0,53.1,54.9,57.2,61.2,64.1,65.5,65.9,65.4,64.6,63.4,61.5,59.5,57.0,53.7,50.3,47.3,47.7,48.1,48.7,50.0,51.3,52.8,54.0,55.6,57.4,59.9,63.2,68.4,71.9,73.4,73.7,73.4,72.6,71.2,69.4,66.9,64.0,60.6,56.7,52.3,51.5,52.2,53.2,54.5,56.1,58.0,59.7,61.8,64.4,67.3,71.7,77.2,79.6,80.2,80.1,79.1,77.5,75.5,72.8,70.0,67.3,64.1,60.9,57.0,54.8,55.2,56.3,58.0,60.0,61.8,64.0,66.2,69.1,72.3,78.4,83.1,85.1,85.8,85.5,84.7,83.3,81.3,78.8,76.3,73.6,70.4,67.2,63.3,59.9,60.6,61.9
49.6,50.2,51.3,52.2,53.2,55.0,57.4,61.3,64.3,65.6,66.1,65.5,64.7,63.5,61.7,59.6,57.0,53.8,50.3,47.2,47.7,48.1,49.0,50.5,51.6,53.0,54.3,56.1,57.8,60.2,63.6,69.1,72.4,73.8,74.2,74.0,73.2,71.7,69.6,67.2,64.3,60.7,56.8,52.5,51.7,52.4,53.4,54.7,56.4,58.1,59.9,62.1,64.5,67.6,72.0,77.4,79.7,80.4,80.1,78.9,77.4,75.1,72.6,69.9,67.3,64.2,61.0,57.1,54.9,55.3,56.6,58.4,60.4,62.2,64.2,66.6,69.5,72.8,78.8,83.6,85.5,86.0,85.7,84.9,83.5,81.4,78.9,76.6,73.9,70.8,67.7,63.6,60.0,60.7
48.9,49.5,50.4,51.4,52.3,53.4,55.2,57.5,61.5,64.4,65.8,66.2,65.7,64.9,63.8,61.9,59.6,57.2,53.9,50.3,47.3,47.7,48.5,49.4,50.8,51.8,53.3,54.8,56.5,58.1,60.5,64.1,69.6,72.8,74.2,74.8,74.5,73.6,71.9,69.8,67.4,64.4,60.8,57.2,52.8,51.8,52.6,53.6,54.9,56.7,58.4,60.3,62.2,64.7,67.8,72.1,77.6,79.9,80.3,80.0,78.8,77.0,74.9,72.6,69.9,67.4,64.4,61.0,57.3,55.0,55.6,57.1,58.8,60.7,62.4,64.6,67.1,70.1,73.2,79.2,84.0,85.7,86.3,86.0,85.1,83.6,81.5,79.3,77.0,74.4,71.4,68.1,63.8,60.1
48.2,48.9,49.7,50.5,51.5,52.4,53.5,55.2,57.7,61.7,64.6,65.9,66.4,65.9,65.3,64.0,62.0,59.8,57.2,53.9,50.5,47.2,47.9,48.7,49.7,51.0,52.2,53.7,55.2,56.7,58.4,61.0,64.6,70.0,73.3,74.8,75.4,75.0,73.9,72.2,70.1,67.6,64.6,61.2,57.5,53.0,52.0,52.8,53.9,55.3,57.0,58.7,60.4,62.4,64.9,67.9,72.3,77.7,79.9,80.2,79.9,78.5,76.8,74.8,72.6,70.0,67.5,64.4,61.3,57.6,55.3,56.1,57.5,59.2,60.9,62.8,65.1,67.6,70.3,73.5,79.6,84.2,86.0,86.6,86.3,85.3,83.7,81.9,79.7,77.4,74.9,71.7,68.2,63.8
47.5,48.2,49.0,49.8,50.7,51.6,52.5,53.5,55.3,57.8,62.0,64.7,66.1,66.5,66.2,65.4,64.0,62.2,59.8,57.2,54.2,50.6,47.5,48.1,48.9,49.8,51.2,52.5,54.1,55.4,56.8,58.8,61.3,65.0,70.5,74.0,75.4,75.8,75.3,74.2,72.3,70.3,67.7,64.9,61.5,57.7,53.3,52.1,53.0,54.3,55.6,57.2,58.9,60.6,62.5,65.0,68.0,72.5,77.7,79.8,80.1,79.5,78.3,76.7,74.8,72.8,70.1,67.6,64.8,61.6,57.9,55.7,56.4,57.9,59.4,61.3,63.4,65.7,67.9,70.6,73.8,79.9,84.6,86.3,86.8,86.4,85.4,84.1,82.3,80.2,78.0,75.3,72.0,68.3
46.9,47.5,48.2,49.0,50.0,50.8,51.7,52.4,53.6,55.3,58.0,62.1,64.9,66.4,66.9,66.3,65.4,64.3,62.2,59.9,57.5,54.5,51.0,47.7,48.3,49.1,50.1,51.6,52.9,54.2,55.5,57.1,59.1,61.7,65.5,71.3,74.6,75.9,76.1,75.4,74.4,72.5,70.4,68.0,65.2,61.8,58.1,53.5,52.3,53.4,54.6,55.9,57.4,59.1,60.8,62.6,65.1,68.2,72.6,77.6,79.6,79.8,79.4,78.2,76.7,75.1,72.9,70.2,67.9,65.1,62.0,58.5,56.0,56.8,58.1,59.8,61.8,63.9,66.0,68.2,70.9,74.1,80.4,84.9,86.5,86.9,86.4,85.8,84.6,82.9,80.8,78.4,75.5,72.1
46.5,46.9,47.5,48.2,49.2,50.0,50.9,51.6,52.4,53.6,55.6,58.1,62.3,65.3,66.8,66.9,66.5,65.7,64.3,62.3,60.2,57.8,54.8,51.3,47.9,48.4,49.3,50.4,51.9,53.0,54.3,55.7,57.2,59.4,62.2,66.1,71.9,75.2,76.2,76.4,75.6,74.6,72.6,70.7,68.3,65.5,62.2,58.3,53.7,52.6,53.7,54.9,56.3,57.6,59.1,60.9,62.7,65.3,68.3,72.5,77.5,79.3,79.6,79.3,78.2,77.0,75.2,73.0,70.6,68.2,65.6,62.5,58.9,56.3,57.0,58.5,60.4,62.3,64.2,66.2,68.6,71.2,74.4,80.6,85.0,86.6,87.0,86.8,86.3,85.1,83.4,81.2,78.5,75.6
47.5,46.5,46.9,47.6,48.3,49.4,50.1,50.8,51.6,52.4,53.9,55.7,58.2,62.6,65.6,66.8,67.1,66.8,65.8,64.4,62.6,60.5,58.1,55.2,51.7,48.1,48.7,49.6,50.8,52.1,53.0,54.6,55.9,57.4,59.7,62.7,66.7,72.4,75.4,76.5,76.6,75.7,74.7,73.0,70.9,68.7,65.9,62.5,58.5,54.1,53.0,54.0,55.2,56.4,57.6,59.3,61.0,62.8,65.3,68.3,72.5,77.3,79.2,79.5,79.3,78.5,77.1,75.3,73.5,70.9,68.7,66.0,62.8,59.3,56.5,57.4,59.0,60.8,62.6,64.5,66.6,68.9,71.5,74.6,80.8,85.1,86.7,87.5,87.3,86.8,85.6,83.8,81.3,78.7
51.4,47.6,46.4,46.8,47.7,48.4,49.3,49.9,50.7,51.5,52.7,53.9,55.8,58.5,63.0,65.7,67.0,67.4,66.7,65.9,64.7,63.0,60.9,58.5,55.6,52.0,48.3,48.9,50.0,50.8,52.1,53.3,54.7,56.2,57.8,60.3,63.2,67.1,72.8,75.6,76.7,76.7,76.0,75.1,73.3,71.4,69.1,66.2,62.7,58.9,54.5,53.3,54.3,55.4,56.5,57.8,59.5,61.2,63.0,65.3,68.2,72.4,77.2,79.2,79.5,79.5,78.7,77.3,75.7,73.7,71.4,69.1,66.3,63.2,59.5,56.8,57.9,59.4,61.0,62.9,64.8,66.9,69.2,71.7,74.8,81.0,85.3,87.2,88.0,87.8,87.4,86.0,83.9,81.5
54.7,51.4,47.7,46.4,47.0,47.8,48.4,49.1,49.9,50.7,51.8,52.7,54.1,56.1,58.8,63.2,66.0,67.3,67.4,66.9,66.1,65.0,63.3,61.3,58.9,55.9,52.3,48.6,49.2,50.1,50.8,52.3,53.4,55.0,56.6,58.2,60.8,63.6,67.4,73.0,75.9,76.8,76.9,76.3,75.4,73.8,71.7,69.4,66.4,63.0,59.1,54.9,53.6,54.5,55.5,56.8,57.9,59.6,61.3,63.0,65.3,68.1,72.4,77.2,79.2,79.8,79.7,78.9,77.7,76.0,74.2,71.8,69.3,66.8,63.4,59.9,57.3,58.2,59.7,61.2,63.2,65.1,67.3,69.3,71.8,74.9,81.3,85.8,87.8,88.6,88.4,87.7,86.2,84.2
57.4,54.8,51.5,47.8,46.5,47.1,47.8,48.2,49.1,49.8,51.0,51.8,52.8,54.3,56.4,59.0,63.5,66.2,67.4,67.5,67.1,66.5,65.3,63.8,61.7,59.1,56.3,52.7,49.0,49.3,50.0,51.0,52.3,53.6,55.4,56.9,58.8,61.1,63.8,67.7,73.3,75.9,77.0,77.3,76.7,75.9,74.2,72.0,69.7,66.7,63.2,59.4,55.2,53.8,54.6,55.6,56.8,58.0,59.8,61.2,62.9,65.2,68.1,72.5,77.3,79.5,80.0,79.9,79.3,78.0,76.6,74.6,72.1,69.7,67.0,63.7,60.4,57.5,58.5,60.0,61.5,63.4,65.3,67.3,69.5,72.0,75.1,81.7,86.5,88.4,89.2,88.8,87.9,86.4
59.8,57.5,55.0,51.6,48.0,46.6,47.2,47.6,48.1,48.9,50.1,51.1,51.9,53.1,54.7,56.5,59.2,63.7,66.3,67.5,67.8,67.4,66.8,65.9,64.3,62.0,59.5,56.6,53.1,49.2,49.1,50.3,51.0,52.5,53.9,55.7,57.3,58.9,61.3,64.0,67.9,73.4,76.2,77.4,77.7,77.2,76.3,74.4,72.3,69.9,66.9,63.4,59.6,55.5,54.0,54.7,55.6,56.9,58.1,59.8,61.2,63.0,65.3,68.2,72.7,77.6,79.7,80.2,80.2,79.6,78.7,76.9,74.9,72.6,70.0,67.3,64.3,60.8,57.7,58.8,60.2,61.9,63.6,65.4,67.4,69.6,72.1,75.4,82.3,87.1,88.9,89.5,88.9,88.2
62.0,59.9,57.7,55.2,51.9,48.3,46.6,47.1,47.6,48.0,49.3,50.1,51.2,52.2,53.4,54.9,56.7,59.4,63.7,66.4,67.8,68.1,67.8,67.3,66.5,64.6,62.4,60.0,57.1,53.3,49.2,49.4,50.3,51.2,52.8,54.3,56.1,57.5,59.2,61.5,64.3,68.1,73.7,76.6,77.9,78.2,77.6,76.5,74.8,72.6,70.1,66.9,63.5,59.8,55.7,54.2,54.8,55.7,56.9,58.1,59.7,61.3,63.1,65.4,68.4,73.1,77.8,79.9,80.6,80.7,80.2,79.1,77.2,75.2,72.8,70.4,67.9,64.7,61.0,58.0,59.1,60.5,62.1,63.6,65.6,67.5,69.7,72.5,75.7,82.8,87.6,89.3,89.7,89.2
63.1,62.1,60.2,57.9,55.4,52.0,48.5,46.5,47.1,47.5,48.3,49.4,50.2,51.5,52.5,53.5,55.0,56.8,59.4,63.9,66.7,68.1,68.4,68.5,67.9,66.8,65.1,62.9,60.4,57.3,53.4,49.5,49.6,50.5,51.6,53.2,54.7,56.2,57.6,59.3,61.7,64.3,68.4,74.2,77.2,78.4,78.5,77.8,76.9,75.0,72.7,70.1,67.0,63.7,60.0,55.9,54.3,54.8,55.7,56.9,58.1,59.8,61.4,63.2,65.6,68.6,73.3,78.1,80.4,81.1,81.2,80.7,79.4,77.6,75.5,73.2,71.0,68.3,64.9,61.3,58.3,59.3,60.7,62.1,63.7,65.8,67.6,70.0,72.8,76.1,83.3,87.8,89.5,90.1
63.9,63.2,62.3,60.3,58.1,55.6,52.1,48.4,46.6,46.9,47.9,48.4,49.4,50.4,51.8,52.6,53.7,55.1,56.8,59.6,64.2,67.0,68.5,69.1,69.0,68.3,67.3,65.6,63.3,60.6,57.5,53.7,49.8,49.7,50.8,51.9,53.5,54.8,56.4,57.7,59.6,61.8,64.5,68.8,74.7,77.7,78.8,78.8,78.1,77.1,75.2,72.7,70.0,67.2,63.8,60.2,56.0,54.3,54.8,55.6,56.8,58.2,59.8,61.5,63.4,65.8,68.6,73.6,78.5,80.8,81.7,81.7,81.0,79.8,77.9,76.0,73.9,71.5,68.6,65.3,61.6,58.6,59.5,60.7,62.3,63.8,65.8,67.9,70.3,73.2,76.5,83.5,88.0,89.9
64.5,64.0,63.5,62.4,60.4,58.2,55.6,52.1,48.5,46.4,47.3,48.0,48.3,49.7,50.7,51.8,52.7,53.8,55.1,56.9,59.9,64.5,67.5,69.1,69.6,69.5,68.8,67.8,66.0,63.6,60.9,57.8,54.1,49.9,50.0,51.1,52.2,53.6,54.9,56.5,58.0,59.6,62.0,64.9,69.3,75.2,78.0,79.1,79.1,78.4,77.2,75.1,72.6,70.2,67.3,64.0,60.4,56.0,54.3,54.8,55.7,57.0,58.2,59.9,61.6,63.6,65.8,68.9,74.1,79.0,81.4,82.1,82.0,81.3,80.2,78.4,76.7,74.4,71.8,68.9,65.6,61.9,58.8,59.5,60.8,62.3,63.8,66.0,68.2,70.7,73.6,76.6,83.7,88.4
64.3,64.7,64.4,63.5,62.5,60.6,58.3,55.6,52.3,48.6,46.8,47.3,48.0,48.7,50.0,50.7,51.9,52.7,53.7,55.1,57.1,60.1,64.9,68.2,69.7,70.1,69.9,69.3,68.3,66.3,63.9,61.3,58.2,54.4,50.3,50.3,51.5,52.4,53.7,55.0,56.7,58.0,59.6,62.3,65.3,69.7,75.5,78.4,79.4,79.4,78.6,77.2,75.1,72.9,70.3,67.4,64.2,60.4,56.1,54.3,54.8,55.8,57.1,58.3,60.1,61.8,63.6,66.1,69.2,74.6,79.6,81.8,82.4,82.3,81.7,80.7,79.2,77.2,74.7,72.1,69.2,65.9,62.1,58.8,59.6,60.9,62.3,64.0,66.3,68.6,71.1,73.9,76.8,84.0
63.1,64.5,65.1,64.4,63.7,62.7,60.6,58.3,55.7,52.5,49.0,46.8,47.4,48.3,49.0,50.0,50.8,51.8,52.6,53.7,55.3,57.4,60.5,65.5,68.7,70.2,70.8,70.5,69.8,68.5,66.7,64.4,61.7,58.6,54.9,50.6,50.6,51.6,52.5,53.8,55.1,56.7,58.1,60.0,62.6,65.7,70.1,75.9,78.7,79.7,79.6,78.6,77.1,75.3,72.9,70.4,67.7,64.2,60.4,56.2,54.4,54.9,55.9,57.2,58.5,60.2,61.9,63.8,66.4,69.6,75.1,80.0,82.1,82.8,82.7,82.3,81.4,79.6,77.5,75.0,72.4,69.5,66.2,62.2,58.9,59.6,60.9,62.4,64.2,66.7,69.0,71.4,74.0,77.0
60.2,63.4,64.8,65.1,64.6,63.8,62.7,60.7,58.4,56.0,52.8,49.1,46.8,47.6,48.5,49.0,50.1,50.7,51.7,52.6,53.8,55.5,57.7,61.0,66.0,69.2,70.8,71.3,71.1,70.1,68.9,67.1,64.8,62.2,59.1,55.3,51.1,50.8,51.7,52.7,54.0,55.1,56.7,58.4,60.3,62.9,66.0,70.5,76.3,79.0,80.0,79.6,78.5,77.3,75.3,73.1,70.6,67.6,64.1,60.5,56.2,54.5,54.9,55.9,57.4,58.6,60.3,62.0,64.1,66.8,70.1,75.6,80.4,82.4,83.3,83.3,83.1,81.9,80.0,77.8,75.3,72.7,69.7,66.2,62.3,59.0,59.6,61.0,62.7,64.6,67.0,69.2,71.6,74.4
56.7,60.4,63.6,64.9,65.2,64.7,63.9,62.9,60.8,58.7,56.3,52.9,49.2,47.1,47.9,48.5,49.1,50.0,50.5,51.7,52.7,54.2,55.9,58.2,61.4,66.5,69.9,71.4,71.8,71.4,70.7,69.4,67.5,65.2,62.6,59.5,55.7,51.4,51.0,51.9,52.9,54.0,55.2,56.9,58.6,60.6,63.2,66.4,70.8,76.6,79.3,79.9,79.6,78.8,77.3,75.5,73.3,70.5,67.6,64.1,60.4,56.3,54.6,55.0,56.0,57.4,58.7,60.4,62.3,64.5,67.3,70.5,76.0,80.8,83.0,83.9,84.1,83.5,82.3,80.3,78.0,75.6,72.9,69.7,66.3,62.4,58.9,59.7,61.3,63.0,64.9,67.3,69.4,71.9
54.5,56.9,60.7,63.7,65.0,65.4,64.8,64.1,62.9,61.0,59.0,56.4,53.1,49.6,47.4,48.0,48.5,49.0,49.8,50.5,51.7,53.1,54.6,56.3,58.5,61.8,67.1,70.4,71.8,72.2,72.0,71.2,69.7,67.9,65.7,63.0,59.9,56.1,51.7,51.1,52.1,52.9,54.1,55.4,57.1,58.9,60.8,63.5,66.6,71.1,76.8,79.2,79.9,79.8,78.8,77.3,75.7,73.2,70.5,67.6,64.0,60.5,56.5,54.8,55.1,56.1,57.4,58.8,60.7,62.8,65.0,67.8,70.9,76.5,81.4,83.6,84.6,84.5,83.8,82.5,80.6,78.3,75.9,73.0,69.8,66.4,62.4,59.0,59.9,61.6,63.2,65.0,67.3,69.7
52.9,54.6,57.0,60.8,63.8,65.2,65.6,65.0,64.1,63.1,61.2,59.1,56.5,53.5,49.9,47.4,47.9,48.4,48.9,49.7,50.5,52.1,53.4,55.0,56.6,58.9,62.3,67.6,70.8,72.2,72.8,72.5,71.6,70.1,68.5,66.2,63.4,60.2,56.3,51.9,51.3,52.0,53.0,54.2,55.6,57.4,59.1,61.1,63.8,66.9,71.3,76.8,79.3,80.1,79.8,78.9,77.5,75.7,73.1,70.4,67.4,64.0,60.6,56.7,54.9,55.1,56.1,57.4,59.0,61.0,63.3,65.5,68.2,71.2,77.1,82.0,84.3,84.9,84.8,84.2,82.7,80.9,78.6,76.0,73.1,69.9,66.6,62.6,59.3,60.3,61.8,63.3,65.0,67.6
51.9,53.0,54.8,57.1,60.9,64.0,65.3,65.8,65.1,64.5,63.3,61.4,59.2,56.8,53.7,50.1,47.4,47.8,48.2,48.8,49.6,50.8,52.5,53.8,55.2,57.0,59.4,62.9,68.1,71.2,72.8,73.3,72.9,72.0,70.7,68.9,66.6,63.8,60.4,56.5,52.1,51.4,52.1,53.1,54.3,55.8,57.7,59.4,61.5,64.1,67.2,71.5,77.0,79.5,80.1,79.9,79.0,77.5,75.6,73.1,70.2,67.2,64.0,60.7,56.9,54.8,55.1,56.2,57.5,59.5,61.5,63.7,65.9,68.6,71.7,77.8,82.7,84.7,85.4,85.2,84.4,83.0,81.1,78.7,76.2,73.3,70.1,66.8,62.9,59.6,60.5,61.9,63.4,65.3
51.1,52.0,53.1,54.9,57.2,61.2,64.1,65.5,65.9,65.4,64.6,63.4,61.5,59.5,57.0,53.7,50.3,47.3,47.7,48.1,48.7,50.0,51.3,52.8,54.0,55.6,57.4,59.9,63.2,68.4,71.9,73.4,73.7,73.4,72.6,71.2,69.4,66.9,64.0,60.6,56.7,52.3,51.5,52.2,53.2,54.5,56.1,58.0,59.7,61.8,64.4,67.3,71.7,77.2,79.6,80.2,80.1,79.1,77.5,75.5,72.8,70.0,67.3,64.1,60.9,57.0,54.8,55.2,56.3,58.0,60.0,61.8,64.0,66.2,69.1,72.3,78.4,83.1,85.1,85.8,85.5,84.7,83.3,81.3,78.8,76.3,73.6,70.4,67.2,63.3,59.9,60.6,61.9,63.6
50.2,51.3,52.2,53.2,55.0,57.4,61.3,64.3,65.6,66.1,65.5,64.7,63.5,61.7,59.6,57.0,53.8,50.3,47.2,47.7,48.1,49.0,50.5,51.6,53.0,54.3,56.1,57.8,60.2,63.6,69.1,72.4,73.8,74.2,74.0,73.2,71.7,69.6,67.2,64.3,60.7,56.8,52.5,51.7,52.4,53.4,54.7,56.4,58.1,59.9,62.1,64.5,67.6,72.0,77.4,79.7,80.4,80.1,78.9,77.4,75.1,72.6,69.9,67.3,64.2,61.0,57.1,54.9,55.3,56.6,58.4,60.4,62.2,64.2,66.6,69.5,72.8,78.8,83.6,85.5,86.0,85.7,84.9,83.5,81.4,78.9,76.6,73.9,70.8,67.7,63.6,60.0,60.7,62.2
