day 0,day 1,day 2,day 3,day 4,day 5,day 6,day 7,day 8,day 9,day 10,day 11,day 12,day 13,day 14,day 15,day 16,day 17,day 18,day 19,day 20,day 21,day 22,day 23,day 24,day 25,day 26,day 27,day 28,day 29,day 30,day 31,day 32,day 33,day 34,day 35,day 36,day 37,day 38,day 39,day 40,day 41,day 42,day 43,day 44,day 45,day 46,day 47,day 48,day 49,day 50,day 51,day 52,day 53,day 54,day 55,day 56,day 57,day 58,day 59,day 60,day 61,day 62,day 63,day 64,day 65,day 66,day 67,day 68,day 69,day 70,day 71,day 72,day 73,day 74,day 75,day 76,day 77,day 78,day 79,day 80,day 81,day 82,day 83,day 84,day 85,day 86,day 87,day 88,day 89,day 90,day 91,day 92,day 93
70.3,72.7,75.6,79.1,84.1,89.0,91.4,92.7,93.6,94.1,94.1,93.0,91.2,88.5,85.0,81.0,76.0,70.6,65.6,65.3,66.7,68.5,70.1,71.3,72.8,74.2,75.8,77.5,80.0,83.7,86.6,88.7,90.4,91.4,91.2,90.2,88.5,85.8,82.5,78.7,74.7,69.8,65.6,65.9,66.6,67.7,69.0,70.5,71.4,72.7,74.1,76.0,78.8,83.2,86.3,88.4,89.4,90.0,90.0,89.4,87.7,84.8,81.1,76.8,71.7,66.2,62.6,63.4,64.2,65.7,66.7,67.6,69.1,70.3,71.6,72.9,75.2,78.9,82.7,84.9,85.3,85.8,85.3,84.1,82.0,79.0,75.0,69.9,63.9,57.6,54.5,54.5,55.3,56.5
68.3,70.8,73.2,76.0,79.4,84.0,88.7,91.2,92.5,93.3,93.9,93.9,92.9,91.0,88.4,84.9,80.7,75.9,70.7,65.8,65.4,67.0,68.7,70.1,71.4,72.8,74.2,75.7,77.5,80.1,83.5,86.5,88.8,90.4,91.2,90.9,89.9,88.3,85.7,82.4,78.7,74.5,69.5,65.4,65.7,66.4,67.5,68.9,70.3,71.4,72.7,74.1,76.0,78.9,83.3,86.4,88.5,89.4,89.9,90.0,89.2,87.5,84.5,81.0,76.7,71.4,66.1,62.5,63.1,64.1,65.4,66.3,67.4,69.1,70.1,71.2,72.6,74.8,78.6,82.4,84.3,85.0,85.5,85.2,83.9,81.7,78.7,74.8,69.5,63.5,56.9,53.7,54.1,55.1
65.9,68.8,71.2,73.6,76.3,79.3,83.9,88.6,90.9,92.1,93.1,93.7,93.8,92.8,90.8,88.2,84.6,80.7,75.9,70.7,65.8,65.7,67.2,68.7,70.2,71.4,72.9,74.1,75.7,77.5,79.9,83.2,86.5,88.8,90.2,90.9,90.8,89.7,88.2,85.6,82.4,78.5,74.3,69.2,65.1,65.5,66.3,67.5,68.7,70.3,71.4,72.7,74.1,76.0,78.9,83.3,86.4,88.4,89.2,89.8,89.8,88.9,87.2,84.4,80.9,76.4,71.2,65.9,62.1,62.9,63.8,65.1,66.1,67.3,68.9,69.7,70.8,72.1,74.5,78.1,81.7,84.1,84.9,85.3,85.0,83.6,81.5,78.4,74.4,69.2,63.0,56.1,53.2,53.7
63.6,66.5,69.1,71.5,74.1,76.3,79.3,83.8,88.2,90.6,91.8,92.9,93.7,93.5,92.6,90.7,88.0,84.6,80.6,76.0,70.7,66.0,65.8,67.3,68.9,70.2,71.5,72.9,74.1,75.8,77.4,79.8,83.2,86.5,88.7,90.0,90.6,90.5,89.5,88.1,85.6,82.3,78.5,74.1,68.9,64.9,65.3,66.1,67.2,68.7,70.2,71.3,72.8,74.2,76.1,79.0,83.2,86.3,88.1,89.1,89.5,89.7,88.8,87.1,84.4,80.6,76.2,71.0,65.5,62.0,62.7,63.6,64.9,65.9,67.1,68.5,69.3,70.4,71.7,74.0,77.5,81.4,83.9,84.8,85.1,84.6,83.4,81.3,78.1,74.1,68.7,62.3,55.7,52.9
61.7,64.2,66.9,69.5,72.0,74.2,76.4,79.4,83.6,87.9,90.3,91.6,92.9,93.4,93.3,92.5,90.4,87.9,84.5,80.8,75.9,70.9,66.2,65.9,67.5,68.9,70.3,71.5,72.9,74.1,75.7,77.2,79.7,83.2,86.4,88.5,89.6,90.2,90.3,89.4,87.9,85.4,82.3,78.4,73.9,68.8,64.8,65.2,65.9,67.2,68.6,70.1,71.4,72.7,74.3,76.1,78.9,83.1,86.0,88.0,88.8,89.3,89.7,88.7,87.0,84.2,80.4,76.0,70.7,65.3,61.8,62.4,63.4,64.7,65.7,66.7,68.1,68.8,70.1,71.3,73.5,77.1,81.2,83.7,84.6,84.8,84.4,83.2,80.9,77.7,73.6,68.1,62.0,55.3
59.8,62.3,64.6,67.3,69.9,72.2,74.4,76.6,79.3,83.4,87.6,90.0,91.5,92.6,93.0,93.2,92.1,90.3,87.9,84.6,80.7,76.0,71.0,66.2,66.1,67.5,69.0,70.4,71.5,73.0,74.1,75.7,77.3,79.7,83.1,86.1,88.2,89.3,90.1,90.2,89.3,87.8,85.5,82.3,78.1,73.7,68.6,64.7,65.0,65.9,67.1,68.5,70.1,71.3,72.8,74.3,76.1,79.0,82.8,85.9,87.5,88.6,89.4,89.6,88.7,86.8,84.1,80.2,75.7,70.4,65.0,61.5,62.2,63.2,64.5,65.2,66.3,67.6,68.5,69.7,70.8,72.9,76.7,81.2,83.5,84.4,84.7,84.2,82.9,80.6,77.3,73.2,67.9,61.7
61.1,60.4,62.6,65.0,67.7,70.3,72.4,74.6,76.6,79.2,83.2,87.3,89.9,91.1,92.4,92.8,92.8,92.0,90.2,87.9,84.6,80.8,76.0,70.9,66.4,66.2,67.8,69.1,70.4,71.6,73.0,74.2,75.7,77.2,79.6,82.9,85.8,87.8,89.3,90.0,90.0,89.1,87.7,85.4,82.1,78.0,73.6,68.5,64.4,65.0,65.7,67.0,68.5,70.0,71.3,72.8,74.3,76.2,78.8,82.7,85.6,87.4,88.4,89.2,89.6,88.7,86.6,83.9,80.0,75.4,70.2,64.7,61.3,62.1,63.1,64.2,64.9,65.8,67.3,68.1,69.2,70.3,72.6,76.5,81.0,83.4,84.3,84.4,83.9,82.6,80.2,77.1,73.1,67.7
67.9,61.6,60.8,63.1,65.6,68.1,70.5,72.5,74.6,76.6,79.1,83.1,87.1,89.5,90.8,92.1,92.5,92.7,91.9,90.2,87.9,84.6,80.8,76.0,71.0,66.5,66.5,67.9,69.1,70.5,71.6,73.0,74.2,75.6,77.1,79.4,82.7,85.6,87.9,89.2,90.0,89.8,89.0,87.7,85.3,82.0,77.9,73.4,68.3,64.4,64.8,65.5,67.0,68.4,70.1,71.4,72.9,74.4,76.1,78.8,82.4,85.3,87.2,88.4,89.3,89.4,88.2,86.5,83.6,79.7,75.1,69.9,64.4,61.2,61.9,62.8,63.8,64.4,65.5,66.9,67.7,68.7,69.9,72.3,76.2,80.8,83.2,84.0,84.1,83.7,82.2,80.1,77.0,73.0
74.5,68.4,61.9,61.3,63.6,66.0,68.3,70.8,72.6,74.6,76.5,78.9,82.9,86.7,89.2,90.5,91.8,92.4,92.6,91.7,90.1,87.9,84.6,80.7,76.0,71.1,66.7,66.6,67.8,69.2,70.5,71.6,73.1,74.2,75.5,77.0,79.4,82.5,85.7,87.8,89.2,89.8,89.9,88.9,87.6,85.2,81.9,77.8,73.3,68.2,64.2,64.6,65.5,66.7,68.4,70.1,71.4,72.9,74.3,76.1,78.4,82.1,85.2,87.2,88.4,89.1,89.0,88.0,86.3,83.5,79.4,74.9,69.7,64.2,61.0,61.6,62.4,63.3,64.0,65.2,66.5,67.1,68.3,69.7,72.0,76.1,80.6,82.9,83.8,83.8,83.3,82.1,80.0,77.0
80.7,74.9,68.7,62.4,61.9,64.0,66.4,68.7,70.8,72.7,74.6,76.4,78.8,82.6,86.5,88.8,90.2,91.7,92.2,92.4,91.6,90.2,88.0,84.6,80.6,76.0,71.1,66.7,66.6,68.0,69.2,70.5,71.6,73.1,74.0,75.3,76.8,79.2,82.6,85.7,87.6,89.0,89.8,89.8,88.8,87.6,85.2,81.9,77.7,73.2,68.1,63.9,64.5,65.2,66.8,68.6,70.1,71.4,72.8,74.4,75.8,78.3,82.0,85.2,87.3,88.3,88.9,88.7,87.7,86.2,83.2,79.2,74.7,69.5,64.0,60.7,61.2,61.8,62.9,63.6,64.8,65.9,66.7,68.0,69.3,71.7,75.8,80.4,82.6,83.5,83.5,83.2,82.0,80.0
85.4,81.0,75.2,69.0,63.0,62.4,64.5,66.8,68.8,70.9,72.7,74.5,76.4,78.6,82.4,86.2,88.6,89.9,91.5,92.1,92.2,91.6,90.2,87.9,84.4,80.5,75.8,71.1,66.7,66.8,68.0,69.2,70.6,71.6,72.9,73.9,75.2,76.8,79.2,82.6,85.6,87.6,89.1,89.6,89.6,88.8,87.5,85.1,81.9,77.9,73.2,67.9,63.8,64.2,65.2,66.9,68.5,70.1,71.4,72.9,74.1,75.7,78.2,81.9,85.3,87.1,88.0,88.6,88.5,87.6,85.8,83.0,79.1,74.5,69.2,63.6,60.4,60.7,61.5,62.5,63.2,64.2,65.5,66.4,67.5,69.0,71.4,75.5,80.0,82.2,83.3,83.5,83.1,82.0
89.0,85.6,81.2,75.4,69.5,63.4,63.0,64.9,67.0,69.0,71.0,72.7,74.6,76.3,78.6,82.1,86.0,88.3,89.8,91.4,92.1,92.2,91.6,90.1,87.8,84.3,80.2,75.8,71.1,66.9,66.8,68.1,69.3,70.5,71.5,72.8,73.7,75.0,76.7,79.2,82.6,85.7,87.7,89.0,89.4,89.5,88.7,87.4,85.2,82.1,77.9,73.1,67.8,63.5,64.1,65.3,66.9,68.6,70.1,71.5,72.6,74.0,75.5,78.1,81.9,85.1,86.9,87.8,88.5,88.4,87.4,85.7,83.0,79.0,74.3,68.8,63.2,59.9,60.2,61.1,62.1,62.6,63.8,65.2,66.0,67.0,68.7,71.1,75.0,79.5,81.9,83.2,83.4,83.1
91.4,89.2,85.8,81.4,75.8,69.8,63.8,63.3,65.0,67.3,69.1,71.0,72.7,74.6,76.3,78.4,81.9,85.7,88.1,89.7,91.5,92.2,92.2,91.6,90.0,87.6,84.1,80.2,75.8,71.2,66.8,66.9,68.1,69.2,70.5,71.5,72.7,73.6,75.0,76.7,79.1,82.6,86.0,87.8,88.9,89.3,89.2,88.6,87.6,85.3,82.2,77.8,73.0,67.5,63.4,64.2,65.2,67.0,68.5,70.1,71.2,72.5,73.8,75.5,78.0,81.7,85.0,86.6,87.6,88.4,88.2,87.3,85.7,82.9,78.8,73.9,68.5,62.7,59.4,59.9,60.7,61.5,62.1,63.4,64.7,65.5,66.8,68.4,70.7,74.5,79.4,82.0,83.1,83.4
93.0,91.5,89.4,86.0,81.6,75.9,70.1,64.2,63.5,65.3,67.4,69.1,71.1,72.8,74.6,76.2,78.1,81.6,85.4,88.0,89.8,91.6,92.2,92.1,91.6,89.9,87.4,84.0,80.2,75.8,71.1,66.8,67.0,68.1,69.2,70.4,71.4,72.6,73.6,74.9,76.6,79.0,82.9,86.0,87.7,88.7,89.1,89.1,88.8,87.7,85.3,82.2,77.8,72.8,67.5,63.4,64.1,65.3,67.1,68.6,69.8,71.1,72.3,73.7,75.5,77.8,81.6,84.6,86.4,87.3,88.2,88.0,87.3,85.5,82.6,78.3,73.6,68.1,62.2,59.0,59.5,60.1,60.9,61.8,62.9,64.3,65.2,66.5,67.9,70.1,74.2,79.4,81.9,83.0
94.1,93.2,91.8,89.6,86.1,81.7,76.2,70.3,64.3,63.9,65.4,67.5,69.2,71.1,72.8,74.4,75.9,78.0,81.4,85.3,88.0,89.9,91.5,92.1,92.1,91.4,89.6,87.3,84.1,80.1,75.7,71.0,66.8,66.9,68.1,69.1,70.3,71.3,72.6,73.6,74.8,76.4,79.1,83.0,86.0,87.6,88.7,88.9,89.2,88.9,87.8,85.4,82.2,77.7,72.7,67.4,63.3,64.2,65.4,67.1,68.4,69.7,70.9,72.1,73.5,75.4,77.6,81.3,84.3,86.2,87.1,88.1,88.2,87.0,85.2,82.1,78.0,73.2,67.7,61.9,58.6,58.9,59.6,60.6,61.3,62.5,64.0,64.9,66.1,67.4,69.6,74.1,79.3,81.7
94.5,94.2,93.5,92.0,89.7,86.1,81.7,76.2,70.4,64.6,64.1,65.5,67.7,69.4,71.2,72.6,74.2,75.8,77.9,81.3,85.2,88.1,89.7,91.3,91.9,91.9,91.1,89.6,87.3,84.0,79.9,75.7,70.9,66.8,67.0,68.0,68.9,70.1,71.3,72.5,73.4,74.6,76.4,79.0,82.9,86.0,87.6,88.5,89.0,89.3,89.1,87.9,85.5,82.2,77.7,72.8,67.4,63.4,64.3,65.4,66.7,68.3,69.4,70.7,72.0,73.5,75.1,77.3,80.9,84.1,86.0,87.1,88.1,87.9,86.7,84.8,81.7,77.7,72.8,67.3,61.4,58.0,58.3,59.3,60.1,60.9,62.3,63.6,64.5,65.5,66.8,69.4,73.9,79.1
94.1,94.7,94.6,93.7,92.1,89.7,86.1,81.7,76.1,70.5,64.7,64.1,65.8,67.9,69.5,71.0,72.5,74.1,75.9,77.9,81.3,85.2,87.8,89.6,91.1,91.8,91.5,91.0,89.6,87.2,83.8,79.9,75.6,70.9,66.7,67.0,67.9,68.7,70.1,71.3,72.3,73.2,74.5,76.3,78.9,83.1,86.0,87.5,88.4,89.2,89.6,89.2,87.9,85.5,82.2,77.7,72.7,67.4,63.5,64.3,65.2,66.7,68.0,69.2,70.6,71.9,73.3,74.8,76.9,80.5,83.8,85.9,87.1,87.9,87.6,86.4,84.4,81.5,77.3,72.5,66.9,60.8,57.5,58.1,58.7,59.6,60.6,62.0,63.1,63.9,64.9,66.7,69.1,73.7
93.2,94.3,95.0,94.7,93.8,92.1,89.6,86.0,81.6,76.2,70.5,64.8,64.5,66.0,68.0,69.4,71.0,72.4,74.1,76.0,78.0,81.2,84.8,87.7,89.5,90.8,91.6,91.3,91.0,89.5,87.0,83.8,79.7,75.6,70.8,66.8,66.9,67.8,68.6,69.9,71.1,72.1,73.2,74.4,76.2,78.9,83.1,85.9,87.5,88.6,89.4,89.7,89.3,87.9,85.5,82.2,77.6,72.6,67.4,63.5,64.1,65.1,66.5,67.9,69.0,70.5,71.7,73.0,74.5,76.6,80.2,83.8,86.1,87.0,87.7,87.3,86.0,84.2,81.1,77.0,72.0,66.4,60.3,57.3,57.5,58.2,59.3,60.4,61.5,62.6,63.3,64.7,66.4,69.0
91.4,93.3,94.5,95.1,94.9,93.8,92.1,89.4,85.8,81.5,76.2,70.5,65.1,64.7,66.2,67.8,69.3,71.1,72.5,74.2,76.1,78.0,80.9,84.7,87.6,89.2,90.7,91.4,91.5,90.9,89.3,87.0,83.6,79.6,75.4,70.7,66.6,66.8,67.7,68.5,69.8,70.9,72.0,73.1,74.3,76.2,78.9,83.0,85.9,87.6,88.8,89.5,89.8,89.4,88.0,85.5,82.1,77.6,72.6,67.4,63.2,64.0,65.0,66.4,67.8,69.0,70.3,71.4,72.7,74.1,76.4,80.2,83.9,86.0,86.7,87.4,87.0,85.7,83.8,80.7,76.6,71.5,65.9,59.9,56.6,57.0,57.9,59.0,59.8,60.9,61.9,63.0,64.4,66.2
88.5,91.6,93.5,94.6,95.0,94.8,93.8,91.8,89.3,85.7,81.5,76.1,70.6,65.3,64.9,66.1,67.9,69.4,71.2,72.6,74.3,76.0,77.8,80.8,84.5,87.2,89.0,90.4,91.5,91.4,90.8,89.3,86.8,83.3,79.4,75.3,70.5,66.6,66.8,67.6,68.4,69.6,70.9,71.8,73.0,74.2,76.2,78.8,83.0,86.0,87.8,88.9,89.7,90.0,89.5,88.1,85.4,82.0,77.5,72.5,67.1,63.2,63.8,64.8,66.3,67.7,68.8,70.1,71.2,72.4,73.8,76.2,80.2,83.8,85.7,86.5,87.2,86.6,85.4,83.4,80.3,76.2,71.2,65.6,59.3,56.2,56.8,57.6,58.5,59.3,60.3,61.5,62.9,64.3
83.2,88.8,91.9,93.5,94.4,94.8,94.7,93.6,91.6,89.2,85.5,81.3,76.1,70.7,65.4,64.9,66.2,68.0,69.5,71.2,72.8,74.3,75.9,77.7,80.6,84.2,86.8,88.7,90.5,91.6,91.3,90.8,89.1,86.6,83.1,79.2,75.1,70.4,66.4,66.6,67.4,68.1,69.5,70.7,71.8,73.0,74.2,76.0,78.8,83.0,86.1,88.0,89.1,89.8,90.0,89.5,88.0,85.4,81.8,77.5,72.3,66.9,63.0,63.6,64.6,66.2,67.6,68.5,69.8,70.9,72.2,73.7,76.1,80.0,83.4,85.6,86.4,86.9,86.3,84.9,83.0,79.9,75.9,70.9,65.1,58.8,56.0,56.4,57.1,57.9,58.7,59.9,61.3,62.7
78.4,83.5,89.1,91.9,93.3,94.1,94.6,94.5,93.3,91.5,89.0,85.3,81.1,76.2,70.7,65.4,65.0,66.4,68.2,69.7,71.3,72.8,74.2,75.8,77.7,80.4,83.9,86.7,88.8,90.4,91.5,91.5,90.7,88.9,86.4,82.9,79.0,75.0,70.2,66.2,66.4,67.0,68.0,69.3,70.6,71.7,72.9,74.0,75.9,78.8,83.0,86.2,88.2,89.2,89.9,90.2,89.5,88.1,85.2,81.7,77.2,72.0,66.7,62.8,63.4,64.6,66.2,67.2,68.3,69.6,70.7,71.9,73.5,75.9,79.6,83.1,85.4,86.2,86.7,85.8,84.5,82.6,79.6,75.6,70.5,64.7,58.5,55.6,55.9,56.5,57.2,58.3,59.6,61.2
75.2,78.8,83.9,89.1,91.7,93.0,93.9,94.4,94.2,93.2,91.4,88.7,85.2,81.1,76.1,70.6,65.5,65.2,66.6,68.3,69.9,71.4,72.8,74.2,75.8,77.6,80.1,83.7,86.7,88.9,90.3,91.6,91.4,90.5,88.8,86.1,82.6,78.9,74.8,70.1,66.0,66.1,66.8,67.8,69.1,70.6,71.6,72.8,74.0,76.0,78.8,83.1,86.3,88.2,89.4,90.0,90.1,89.6,87.9,85.1,81.5,77.0,71.9,66.5,62.6,63.4,64.6,65.8,67.0,68.0,69.3,70.4,71.8,73.3,75.6,79.2,82.9,85.3,85.9,86.1,85.5,84.3,82.3,79.3,75.2,70.2,64.4,58.0,55.1,55.3,55.7,56.8,58.0,59.4
72.7,75.6,79.1,84.1,89.0,91.4,92.7,93.6,94.1,94.1,93.0,91.2,88.5,85.0,81.0,76.0,70.6,65.6,65.3,66.7,68.5,70.1,71.3,72.8,74.2,75.8,77.5,80.0,83.7,86.6,88.7,90.4,91.4,91.2,90.2,88.5,85.8,82.5,78.7,74.7,69.8,65.6,65.9,66.6,67.7,69.0,70.5,71.4,72.7,74.1,76.0,78.8,83.2,86.3,88.4,89.4,90.0,90.0,89.4,87.7,84.8,81.1,76.8,71.7,66.2,62.6,63.4,64.2,65.7,66.7,67.6,69.1,70.3,71.6,72.9,75.2,78.9,82.7,84.9,85.3,85.8,85.3,84.1,82.0,79.0,75.0,69.9,63.9,57.6,54.5,54.5,55.3,56.5,57.7
70.8,73.2,76.0,79.4,84.0,88.7,91.2,92.5,93.3,93.9,93.9,92.9,91.0,88.4,84.9,80.7,75.9,70.7,65.8,65.4,67.0,68.7,70.1,71.4,72.8,74.2,75.7,77.5,80.1,83.5,86.5,88.8,90.4,91.2,90.9,89.9,88.3,85.7,82.4,78.7,74.5,69.5,65.4,65.7,66.4,67.5,68.9,70.3,71.4,72.7,74.1,76.0,78.9,83.3,86.4,88.5,89.4,89.9,90.0,89.2,87.5,84.5,81.0,76.7,71.4,66.1,62.5,63.1,64.1,65.4,66.3,67.4,69.1,70.1,71.2,72.6,74.8,78.6,82.4,84.3,85.0,85.5,85.2,83.9,81.7,78.7,74.8,69.5,63.5,56.9,53.7,54.1,55.1,56.2
