day 0,day 1,day 2,day 3,day 4,day 5,day 6,day 7,day 8,day 9,day 10,day 11,day 12,day 13,day 14,day 15,day 16,day 17,day 18,day 19,day 20,day 21,day 22,day 23,day 24,day 25,day 26,day 27,day 28,day 29,day 30,day 31,day 32,day 33,day 34,day 35,day 36,day 37,day 38,day 39,day 40,day 41,day 42,day 43,day 44,day 45,day 46,day 47,day 48,day 49,day 50,day 51,day 52,day 53,day 54,day 55,day 56,day 57,day 58,day 59,day 60,day 61,day 62,day 63,day 64,day 65,day 66,day 67,day 68,day 69,day 70,day 71,day 72,day 73,day 74,day 75,day 76,day 77,day 78,day 79,day 80,day 81,day 82,day 83,day 84,day 85,day 86,day 87,day 88,day 89,day 90
68.3,68.7,69.0,69.5,70.2,71.3,73.7,78.5,80.4,80.8,80.4,79.5,78.1,76.0,73.6,70.4,66.8,62.8,60.0,59.9,59.8,59.7,59.4,59.5,59.7,59.6,59.7,60.1,60.9,62.0,63.6,67.3,70.1,70.8,70.6,69.5,68.0,66.2,63.4,59.8,56.1,51.5,50.0,49.9,49.5,49.5,49.6,49.9,50.3,50.6,51.1,51.8,52.5,53.4,54.7,57.9,61.8,62.6,62.4,61.2,59.6,57.7,54.7,51.3,48.1,43.9,43.7,43.9,44.4,44.9,45.4,45.8,45.9,46.4,46.9,47.1,47.9,48.9,50.3,52.6,55.4,56.5,56.2,55.0,53.7,51.7,49.3,47.1,44.9,43.1,43.7
67.7,68.0,68.2,68.5,69.0,69.8,71.0,73.5,78.1,80.1,80.5,80.0,79.2,77.7,75.7,73.3,70.3,66.4,62.4,59.6,59.5,59.2,58.9,58.8,58.9,58.8,58.9,59.1,59.8,60.6,61.4,62.9,66.7,69.9,70.6,70.2,69.3,67.9,65.9,63.1,59.5,55.7,51.2,49.4,49.2,49.2,49.1,49.4,49.6,50.0,50.2,50.9,51.5,52.0,52.8,54.4,57.7,61.4,62.4,62.0,60.8,59.6,57.5,54.8,51.5,48.0,43.8,43.6,44.1,44.5,45.0,45.2,45.4,45.8,46.3,46.4,47.1,48.0,48.9,50.0,52.3,55.4,56.1,55.9,54.9,53.6,51.8,49.7,47.4,45.2,43.4
67.2,67.3,67.5,67.7,67.9,68.6,69.5,70.9,73.1,77.8,79.9,80.1,79.8,78.7,77.2,75.5,73.2,69.8,66.1,62.0,59.3,59.0,58.4,58.3,58.3,58.1,58.0,58.3,58.7,59.5,60.1,60.7,62.2,66.4,69.6,70.1,70.0,69.2,67.6,65.6,62.7,59.0,55.4,50.6,48.8,48.8,48.8,48.9,49.1,49.3,49.7,50.0,50.5,50.9,51.4,52.5,54.2,57.5,61.2,62.0,61.7,60.8,59.4,57.6,55.0,51.3,47.8,43.7,43.8,44.2,44.5,44.7,44.7,45.2,45.8,45.8,46.4,47.1,47.9,48.6,49.8,52.3,55.1,55.9,55.8,54.9,53.7,52.2,50.0,47.7,45.2
66.7,66.8,66.8,67.0,67.1,67.6,68.3,69.3,70.5,72.9,77.6,79.4,79.9,79.3,78.3,77.0,75.4,72.8,69.5,65.6,61.6,58.7,58.1,57.8,57.7,57.5,57.3,57.5,58.0,58.4,59.0,59.4,60.1,62.0,66.0,69.2,69.9,69.8,68.9,67.3,65.2,62.3,58.8,54.9,49.9,48.4,48.4,48.5,48.6,48.8,49.0,49.4,49.6,50.0,50.4,51.1,52.4,54.0,57.2,60.8,61.6,61.6,60.6,59.4,57.8,54.7,51.2,47.6,43.9,43.9,44.2,44.3,44.3,44.6,45.2,45.2,45.8,46.5,47.1,47.6,48.4,49.8,52.1,54.9,55.8,55.8,55.0,54.1,52.4,50.1,47.7
66.3,66.3,66.3,66.3,66.4,66.8,67.3,68.1,69.0,70.3,72.7,77.0,79.2,79.5,79.0,78.1,76.9,75.0,72.4,69.0,65.1,60.9,57.9,57.5,57.2,56.9,56.6,56.8,57.2,57.6,58.0,58.3,58.8,59.8,61.6,65.5,69.0,69.7,69.6,68.6,66.9,64.8,62.1,58.3,54.4,49.5,48.0,48.2,48.3,48.3,48.5,48.7,49.0,49.1,49.4,50.1,50.9,52.2,53.7,56.9,60.4,61.5,61.4,60.7,59.7,57.6,54.5,51.0,47.7,44.0,43.9,44.0,43.9,44.1,44.6,44.7,45.3,45.8,46.5,46.7,47.5,48.5,49.7,51.8,54.8,55.8,55.9,55.3,54.4,52.6,50.1
65.8,65.9,65.8,65.8,65.7,66.0,66.4,67.1,67.9,68.7,70.2,72.4,76.8,78.8,79.1,78.8,78.0,76.4,74.6,72.0,68.5,64.4,60.1,57.3,56.9,56.4,56.1,56.2,56.5,56.8,57.2,57.2,57.7,58.5,59.5,61.2,65.2,68.8,69.5,69.2,68.1,66.5,64.6,61.6,57.9,53.9,49.0,47.8,47.9,47.9,48.0,48.2,48.3,48.5,48.6,49.1,50.0,50.8,51.9,53.5,56.6,60.3,61.4,61.5,61.0,59.5,57.4,54.3,51.0,47.6,43.9,43.7,43.6,43.7,44.1,44.1,44.8,45.3,45.9,46.1,46.6,47.6,48.4,49.4,51.8,54.8,56.0,56.2,55.6,54.4,52.5
65.7,65.5,65.4,65.3,65.2,65.3,65.7,66.2,66.9,67.7,68.6,69.9,72.1,76.3,78.4,78.9,78.7,77.5,76.1,74.2,71.4,67.7,63.7,59.5,56.6,56.1,55.5,55.6,55.9,56.2,56.3,56.4,56.6,57.4,58.2,59.1,60.9,64.9,68.5,69.2,68.8,67.7,66.3,64.2,61.3,57.4,53.5,48.7,47.5,47.6,47.6,47.7,47.7,47.8,48.0,48.3,49.1,49.8,50.5,51.8,53.2,56.4,60.2,61.4,61.7,60.8,59.4,57.2,54.2,50.8,47.3,43.7,43.2,43.4,43.7,43.7,44.3,44.9,45.4,45.4,46.0,46.8,47.5,48.1,49.3,51.9,55.0,56.3,56.5,55.6,54.3
68.6,65.3,64.9,64.8,64.7,64.9,65.0,65.5,65.9,66.7,67.5,68.3,69.6,71.7,75.9,78.2,78.8,78.3,77.2,75.7,73.7,70.7,67.0,63.1,58.8,55.8,55.3,55.1,55.4,55.5,55.7,55.6,55.8,56.3,57.1,57.7,58.7,60.7,64.7,68.2,68.8,68.4,67.5,65.9,63.9,60.8,57.0,53.1,48.4,47.2,47.3,47.4,47.2,47.2,47.2,47.7,48.2,48.9,49.4,50.5,51.5,53.1,56.3,60.3,61.7,61.5,60.7,59.2,57.1,54.0,50.4,46.9,43.3,43.1,43.3,43.3,43.8,44.4,44.9,44.9,45.3,46.1,46.7,47.2,48.0,49.5,52.2,55.3,56.5,56.4,55.5
71.8,68.2,64.7,64.3,64.3,64.4,64.5,64.8,65.2,65.7,66.6,67.2,68.0,69.2,71.3,75.7,78.1,78.3,78.0,77.0,75.2,73.0,70.1,66.6,62.5,57.9,54.9,54.8,54.8,55.0,55.0,55.0,55.1,55.5,56.0,56.6,57.3,58.6,60.6,64.3,67.8,68.4,68.1,67.2,65.7,63.4,60.4,56.6,52.7,48.1,46.9,47.0,46.8,46.7,46.6,46.8,47.6,48.1,48.6,49.5,50.2,51.3,53.0,56.4,60.5,61.4,61.3,60.5,59.0,56.8,53.5,49.9,46.3,43.1,43.0,42.9,43.4,43.9,44.4,44.5,44.9,45.4,46.1,46.4,47.1,48.2,49.7,52.6,55.6,56.6,56.3
74.9,71.5,67.7,64.1,63.8,63.9,64.0,64.3,64.5,65.0,65.6,66.3,66.9,67.6,68.9,71.0,75.5,77.6,78.0,77.6,76.5,74.5,72.4,69.7,66.0,61.8,57.0,54.5,54.6,54.4,54.5,54.4,54.5,54.7,55.1,55.6,56.3,57.2,58.5,60.3,64.0,67.4,68.1,67.9,67.0,65.2,63.0,59.9,56.1,52.2,47.7,46.7,46.5,46.3,46.1,46.2,46.8,47.5,47.8,48.6,49.1,50.0,51.3,53.1,56.6,60.2,61.3,61.1,60.3,58.7,56.2,52.8,49.4,46.1,43.0,42.7,43.0,43.5,43.9,43.9,44.4,45.0,45.4,45.8,46.3,47.3,48.5,50.0,52.8,55.6,56.4
77.8,74.6,71.0,67.1,63.6,63.5,63.6,63.8,64.0,64.2,64.9,65.3,66.0,66.6,67.3,68.7,70.9,74.9,77.2,77.7,77.1,75.8,74.0,72.0,69.1,65.3,61.0,56.6,54.3,54.2,53.9,53.8,53.8,54.0,54.3,54.7,55.2,56.2,57.1,58.3,60.1,63.5,67.1,67.9,67.8,66.5,64.8,62.5,59.3,55.6,51.9,47.4,46.1,46.0,45.7,45.7,46.2,46.6,47.2,47.8,48.3,48.9,50.0,51.5,53.3,56.4,60.1,61.1,60.9,60.0,58.0,55.5,52.2,49.1,45.9,42.6,42.7,43.2,43.4,43.3,43.9,44.5,45.0,45.1,45.7,46.6,47.6,48.8,50.3,52.9,55.4
79.8,77.5,74.2,70.5,66.7,63.2,63.2,63.4,63.6,63.7,64.2,64.5,65.0,65.7,66.2,67.1,68.5,70.4,74.4,76.9,77.2,76.5,75.3,73.6,71.4,68.5,64.6,60.6,56.3,53.9,53.7,53.2,53.3,53.4,53.7,53.9,54.4,55.2,56.0,56.9,58.1,59.7,63.2,66.9,67.8,67.2,66.0,64.2,61.8,58.8,55.3,51.5,46.7,45.6,45.4,45.3,45.7,46.0,46.4,47.3,47.5,48.1,48.9,50.2,51.6,53.1,56.2,59.8,60.8,60.5,59.3,57.4,54.9,52.0,48.8,45.5,42.7,42.9,43.1,42.8,43.4,44.1,44.5,44.6,45.0,46.0,46.9,47.9,49.1,50.4,52.9
81.4,79.5,77.1,73.8,70.1,66.4,62.9,62.9,63.1,63.3,63.7,63.9,64.2,64.7,65.3,66.0,66.9,68.1,70.0,74.1,76.3,76.6,76.0,74.9,73.0,70.8,67.8,64.2,60.3,55.8,53.3,53.0,52.7,52.9,53.0,53.2,53.6,54.4,55.0,55.8,56.7,57.6,59.4,62.8,66.8,67.2,66.8,65.4,63.5,61.4,58.5,54.8,50.9,46.2,45.1,45.0,45.2,45.5,45.7,46.5,46.8,47.3,48.0,49.2,50.3,51.4,52.9,56.0,59.6,60.4,59.9,58.6,56.8,54.6,51.5,48.4,45.3,42.7,42.8,42.5,42.9,43.6,44.0,44.2,44.7,45.3,46.3,47.2,48.3,49.2,50.6
82.4,81.1,79.0,76.7,73.5,69.9,66.1,62.7,62.6,62.8,63.3,63.3,63.5,63.9,64.4,65.1,65.8,66.5,67.7,69.6,73.5,75.7,76.1,75.7,74.3,72.4,70.1,67.4,63.8,59.8,55.2,52.6,52.5,52.3,52.5,52.6,53.0,53.6,54.2,54.9,55.7,56.3,57.3,58.9,62.5,66.2,66.8,66.2,64.7,63.0,61.0,58.0,54.2,50.4,45.6,44.6,44.9,45.0,45.2,45.7,46.0,46.6,47.3,48.4,49.3,50.1,51.2,52.8,55.9,59.3,59.8,59.2,58.1,56.6,54.2,51.1,48.2,45.3,42.6,42.3,42.6,43.1,43.4,43.7,44.3,44.9,45.6,46.7,47.5,48.4,49.4
83.2,82.1,80.6,78.6,76.4,73.3,69.7,65.8,62.4,62.5,62.8,63.0,63.0,63.2,63.6,64.2,64.9,65.5,66.0,67.3,69.0,72.8,75.2,75.6,75.0,73.7,71.7,69.7,67.0,63.2,59.2,54.4,52.1,52.2,51.9,52.1,52.5,53.0,53.4,54.0,54.7,55.3,56.0,56.7,58.5,61.9,65.8,66.2,65.5,64.2,62.7,60.6,57.4,53.7,49.9,45.0,44.6,44.7,44.7,45.1,45.3,45.7,46.6,47.6,48.4,49.1,49.9,51.1,52.8,55.6,58.6,59.1,58.7,57.8,56.1,53.7,50.9,48.0,45.0,42.1,42.3,42.8,43.0,43.1,43.8,44.5,45.2,46.0,47.0,47.6,48.5
83.1,82.8,81.7,80.2,78.4,76.2,73.1,69.4,65.5,62.2,62.4,62.4,62.6,62.6,62.9,63.3,64.0,64.5,65.0,65.7,66.8,68.2,72.2,74.7,75.0,74.4,73.0,71.3,69.4,66.4,62.6,58.5,53.9,51.8,51.7,51.5,51.9,52.4,52.8,53.3,53.9,54.4,55.0,55.3,56.4,58.0,61.5,65.2,65.5,65.0,63.9,62.3,60.0,57.0,53.2,49.4,45.0,44.4,44.4,44.6,44.7,45.1,45.7,46.9,47.7,48.3,48.9,49.9,51.1,52.7,55.0,58.0,58.6,58.4,57.4,55.7,53.5,50.8,47.7,44.4,42.1,42.5,42.6,42.6,43.3,44.0,44.8,45.6,46.3,47.1,47.7
82.5,82.8,82.4,81.1,79.9,78.2,76.1,72.8,69.1,65.3,62.2,62.1,62.0,62.2,62.3,62.7,63.2,63.6,64.1,64.7,65.2,66.0,67.6,71.6,74.0,74.3,73.8,72.6,70.9,68.8,65.8,61.9,58.0,53.4,51.4,51.2,51.3,51.9,52.3,52.6,53.1,53.5,54.0,54.3,54.9,55.9,57.7,61.0,64.5,65.0,64.7,63.4,61.7,59.6,56.6,52.9,49.3,44.7,44.1,44.3,44.1,44.5,45.1,46.1,47.0,47.6,48.1,48.8,49.9,51.0,52.2,54.4,57.5,58.4,58.0,57.0,55.4,53.4,50.4,47.2,44.4,42.2,42.3,42.3,42.9,43.5,44.3,45.2,45.9,46.4,47.3
80.5,82.2,82.3,81.9,80.8,79.7,78.1,75.7,72.5,68.9,65.1,61.9,61.7,61.6,61.8,62.0,62.5,62.9,63.3,63.8,64.3,64.5,65.4,67.0,70.9,73.4,73.7,73.3,72.1,70.3,68.2,65.2,61.5,57.7,53.0,50.8,51.1,51.3,51.8,52.2,52.4,52.7,53.1,53.4,53.9,54.4,55.6,57.3,60.4,64.0,64.7,64.2,62.9,61.3,59.2,56.4,52.7,49.0,44.4,44.0,43.9,44.0,44.5,45.5,46.1,46.8,47.4,48.2,48.9,49.8,50.6,51.6,54.0,57.3,57.9,57.7,56.8,55.3,53.0,49.8,47.2,44.4,42.0,42.0,42.5,43.1,43.8,44.7,45.5,46.0,46.7
75.8,80.1,81.7,81.9,81.6,80.6,79.6,77.8,75.4,72.2,68.6,64.7,61.4,61.3,61.3,61.6,61.9,62.2,62.5,62.9,63.3,63.5,63.9,64.9,66.3,70.2,72.8,73.2,72.8,71.6,69.7,67.6,64.8,61.2,57.2,52.5,50.7,51.1,51.3,51.6,52.0,52.1,52.3,52.4,53.0,53.4,54.2,55.3,56.8,60.0,63.7,64.3,63.7,62.5,61.0,59.0,56.2,52.3,48.6,44.2,43.6,43.7,44.0,44.9,45.5,46.0,46.7,47.5,48.3,48.8,49.4,50.1,51.2,53.9,56.8,57.7,57.5,56.6,55.0,52.5,49.9,47.0,44.1,41.7,42.2,42.8,43.4,44.2,45.0,45.6,46.2
73.0,75.3,79.7,81.2,81.6,81.4,80.6,79.3,77.5,75.2,71.9,68.2,64.2,61.0,60.9,61.1,61.4,61.5,61.8,62.1,62.4,62.5,62.9,63.4,64.0,65.6,69.6,72.3,72.7,72.2,71.0,69.2,67.2,64.5,60.7,56.9,52.3,50.7,51.0,51.2,51.4,51.6,51.6,51.6,52.0,52.5,53.2,53.8,54.8,56.4,59.7,63.2,63.8,63.3,62.2,60.8,58.8,55.8,52.0,48.3,43.8,43.4,43.7,44.4,44.9,45.4,45.9,46.7,47.6,48.2,48.4,48.9,49.7,51.1,53.4,56.6,57.4,57.3,56.3,54.5,52.5,49.6,46.7,43.8,41.9,42.5,43.0,43.8,44.5,45.1,45.8
71.6,72.6,74.9,79.2,81.0,81.4,81.3,80.3,79.0,77.2,74.9,71.5,67.7,63.7,60.7,60.7,60.9,61.1,61.1,61.5,61.6,61.7,62.0,62.3,62.6,63.4,64.9,69.0,71.8,72.1,71.6,70.5,68.9,67.0,64.1,60.5,56.7,52.2,50.6,50.9,50.9,51.0,51.1,50.9,51.3,51.5,52.2,52.8,53.4,54.4,56.1,59.3,62.7,63.4,63.0,62.1,60.5,58.5,55.5,51.7,48.0,43.6,43.5,44.1,44.4,44.8,45.2,46.0,46.8,47.5,47.7,47.9,48.6,49.6,50.6,53.2,56.3,57.2,57.0,55.9,54.5,52.2,49.3,46.4,44.0,42.2,42.8,43.4,44.2,44.6,45.3
70.4,71.2,72.1,74.3,78.8,80.8,81.3,81.0,80.0,78.7,76.9,74.5,71.0,67.2,63.4,60.5,60.5,60.5,60.7,60.8,60.9,60.8,61.1,61.3,61.4,61.9,62.7,64.5,68.6,71.3,71.5,71.1,70.2,68.6,66.5,63.9,60.3,56.5,52.0,50.5,50.7,50.7,50.5,50.4,50.6,50.9,51.3,51.9,52.4,53.0,54.2,55.8,58.7,62.2,63.0,62.9,61.8,60.3,58.2,55.1,51.5,47.9,43.7,43.8,44.1,44.3,44.7,45.3,46.1,46.8,47.1,47.2,47.6,48.6,49.1,50.4,53.0,56.1,56.9,56.6,55.8,54.1,51.8,49.1,46.5,44.2,42.4,43.1,43.8,44.3,44.8
69.5,70.0,70.7,71.6,74.0,78.6,80.7,81.1,80.6,79.7,78.4,76.5,74.0,70.6,66.9,63.2,60.3,60.2,60.2,60.3,60.2,60.1,60.2,60.5,60.4,60.7,61.3,62.3,64.1,68.0,70.6,71.0,70.9,70.0,68.2,66.3,63.7,60.1,56.3,51.9,50.2,50.4,50.1,49.9,50.0,50.2,50.6,51.0,51.5,52.0,52.8,53.9,55.2,58.3,61.9,62.9,62.6,61.5,60.0,57.9,55.0,51.3,47.8,44.0,43.8,44.0,44.3,44.8,45.4,46.1,46.4,46.6,47.0,47.6,48.0,48.9,50.3,52.9,55.8,56.5,56.6,55.4,53.8,51.7,49.1,46.7,44.5,42.8,43.5,44.0,44.6
68.7,69.0,69.5,70.2,71.3,73.7,78.5,80.4,80.8,80.4,79.5,78.1,76.0,73.6,70.4,66.8,62.8,60.0,59.9,59.8,59.7,59.4,59.5,59.7,59.6,59.7,60.1,60.9,62.0,63.6,67.3,70.1,70.8,70.6,69.5,68.0,66.2,63.4,59.8,56.1,51.5,50.0,49.9,49.5,49.5,49.6,49.9,50.3,50.6,51.1,51.8,52.5,53.4,54.7,57.9,61.8,62.6,62.4,61.2,59.6,57.7,54.7,51.3,48.1,43.9,43.7,43.9,44.4,44.9,45.4,45.8,45.9,46.4,46.9,47.1,47.9,48.9,50.3,52.6,55.4,56.5,56.2,55.0,53.7,51.7,49.3,47.1,44.9,43.1,43.7,44.2
68.0,68.2,68.5,69.0,69.8,71.0,73.5,78.1,80.1,80.5,80.0,79.2,77.7,75.7,73.3,70.3,66.4,62.4,59.6,59.5,59.2,58.9,58.8,58.9,58.8,58.9,59.1,59.8,60.6,61.4,62.9,66.7,69.9,70.6,70.2,69.3,67.9,65.9,63.1,59.5,55.7,51.2,49.4,49.2,49.2,49.1,49.4,49.6,50.0,50.2,50.9,51.5,52.0,52.8,54.4,57.7,61.4,62.4,62.0,60.8,59.6,57.5,54.8,51.5,48.0,43.8,43.6,44.1,44.5,45.0,45.2,45.4,45.8,46.3,46.4,47.1,48.0,48.9,50.0,52.3,55.4,56.1,55.9,54.9,53.6,51.8,49.7,47.4,45.2,43.4,43.9
