day 0,day 1,day 2,day 3,day 4,day 5,day 6,day 7,day 8,day 9,day 10,day 11,day 12,day 13,day 14,day 15,day 16,day 17,day 18,day 19,day 20,day 21,day 22,day 23,day 24,day 25,day 26,day 27,day 28,day 29,day 30,day 31,day 32,day 33,day 34,day 35,day 36,day 37,day 38,day 39,day 40,day 41,day 42,day 43,day 44,day 45,day 46,day 47,day 48,day 49,day 50,day 51,day 52,day 53,day 54,day 55,day 56,day 57,day 58,day 59,day 60,day 61,day 62,day 63,day 64,day 65,day 66,day 67,day 68,day 69,day 70,day 71,day 72,day 73,day 74,day 75,day 76,day 77,day 78,day 79,day 80,day 81,day 82,day 83,day 84,day 85,day 86,day 87,day 88,day 89,day 90,day 91,day 92,day 93,Median
76.6,77.8,78.9,80.3,82.6,86.2,88.6,89.9,90.8,90.8,90.4,89.6,88.1,86.6,84.6,82.0,79.2,76.3,73.9,73.9,74.6,75.3,76.3,77.5,78.3,79.5,80.7,82.3,84.9,88.7,91.2,92.4,93.3,93.3,92.6,91.5,89.8,87.9,85.5,82.9,79.6,76.4,74.2,74.8,75.5,76.2,77.0,77.7,78.5,79.2,80.4,81.4,83.0,86.3,89.3,90.8,91.2,91.0,90.1,88.7,88.0,86.0,83.7,80.4,77.1,73.6,72.1,72.5,72.9,73.5,73.9,74.7,75.5,76.2,77.2,78.0,79.5,80.9,84.1,85.7,86.1,86.2,85.6,84.6,82.8,80.5,78.5,74.8,71.3,67.5,66.2,66.8,67.0,67.6,80.45
75.6,76.8,77.8,79.0,80.3,82.5,86.3,88.6,90.0,90.9,90.8,90.6,89.6,88.2,86.6,84.7,82.0,79.3,76.4,74.0,73.9,74.8,75.5,76.4,77.6,78.4,79.5,80.6,82.4,84.9,88.5,91.1,92.5,93.2,93.3,92.7,91.4,89.8,87.8,85.6,82.9,79.7,76.4,74.2,74.8,75.4,76.2,77.0,77.6,78.4,79.1,80.3,81.2,82.7,86.0,88.9,90.6,91.0,91.0,89.9,88.6,87.8,85.9,83.5,80.4,76.9,73.4,72.0,72.4,72.7,73.3,73.8,74.5,75.3,75.9,76.7,77.6,79.1,80.7,83.5,85.2,85.8,85.8,85.3,84.3,82.5,80.3,78.3,74.6,70.9,67.2,66.0,66.6,66.9,80.35
74.8,75.7,76.7,77.8,78.9,80.4,82.5,86.4,88.6,90.1,90.7,90.9,90.7,89.8,88.3,86.8,84.7,82.0,79.3,76.5,74.0,74.0,74.9,75.6,76.6,77.6,78.5,79.5,80.8,82.4,84.7,88.3,91.0,92.5,93.1,93.2,92.7,91.4,89.7,87.9,85.7,82.9,79.6,76.5,74.2,74.7,75.5,76.2,76.9,77.6,78.3,79.1,80.0,81.0,82.4,85.6,88.6,90.3,90.9,90.7,89.8,88.6,87.8,86.0,83.4,80.2,76.8,73.3,71.9,72.2,72.5,73.1,73.5,74.2,75.0,75.5,76.3,77.1,78.7,80.4,83.0,84.6,85.4,85.5,85.0,84.1,82.4,80.0,78.0,74.4,70.6,67.0,65.9,66.5,80.30000000000001
74.2,74.9,75.7,76.8,77.9,78.9,80.5,82.7,86.3,88.7,90.0,90.7,91.0,90.7,89.8,88.5,86.8,84.6,82.1,79.5,76.6,74.2,74.2,75.0,75.8,76.6,77.7,78.5,79.5,80.7,82.4,84.5,88.4,91.0,92.5,93.2,93.3,92.6,91.3,89.7,88.0,85.8,82.9,79.6,76.5,74.3,74.8,75.4,76.1,76.8,77.6,78.2,79.0,79.9,80.9,82.0,85.3,88.4,90.2,90.5,90.6,89.7,88.5,87.8,85.9,83.4,80.2,76.7,73.2,71.7,72.0,72.2,72.9,73.3,73.9,74.5,75.2,76.1,76.9,78.3,80.1,82.5,84.2,85.0,85.3,84.8,83.8,82.2,79.9,77.6,74.2,70.4,66.8,65.7,80.15
73.5,74.3,74.9,75.8,76.7,77.9,79.0,80.4,82.7,86.4,88.7,90.1,90.8,91.2,90.9,90.0,88.6,86.8,84.8,82.2,79.6,76.6,74.3,74.3,75.1,75.8,76.8,77.7,78.5,79.5,80.6,82.2,84.5,88.3,91.0,92.5,93.2,93.3,92.7,91.3,89.8,88.2,85.7,82.8,79.6,76.5,74.3,74.7,75.3,76.1,76.8,77.6,78.1,78.6,79.7,80.6,81.9,85.0,88.3,89.9,90.4,90.5,89.7,88.7,87.7,85.8,83.2,80.2,76.6,73.0,71.4,71.8,72.0,72.5,73.0,73.6,74.3,75.1,75.8,76.5,77.8,79.9,82.2,83.8,84.8,85.1,84.6,83.6,82.0,79.6,77.3,73.9,70.3,66.5,80.05000000000001
72.9,73.6,74.2,74.8,75.9,76.7,77.9,79.0,80.3,82.7,86.4,88.6,90.1,90.9,91.2,91.1,90.1,88.5,87.0,85.0,82.3,79.8,76.8,74.5,74.5,75.1,75.8,76.8,77.7,78.5,79.4,80.6,82.1,84.5,88.3,91.0,92.5,93.2,93.2,92.6,91.3,90.1,88.1,85.7,82.8,79.6,76.4,74.2,74.6,75.2,76.1,76.8,77.5,78.1,78.6,79.4,80.5,81.7,84.9,88.1,89.8,90.5,90.3,89.8,88.6,87.5,85.7,83.2,80.0,76.5,72.8,71.1,71.5,71.6,72.3,72.8,73.5,74.0,74.7,75.3,76.2,77.4,79.3,81.9,83.7,84.7,84.9,84.5,83.5,81.7,79.3,77.2,73.8,70.1,79.9
72.8,72.9,73.4,74.2,74.8,75.8,76.8,78.1,79.0,80.3,82.6,86.5,88.8,90.3,91.0,91.5,91.1,90.1,88.7,87.1,85.1,82.5,79.9,76.8,74.6,74.5,75.1,75.9,76.9,77.7,78.6,79.4,80.6,82.0,84.5,88.3,91.0,92.5,93.1,93.2,92.5,91.5,90.1,88.2,85.7,82.7,79.5,76.3,74.1,74.6,75.1,76.2,76.6,77.3,78.0,78.5,79.3,80.4,81.5,84.6,87.9,89.8,90.4,90.3,89.8,88.6,87.6,85.6,83.0,79.9,76.3,72.5,70.8,71.2,71.5,72.0,72.7,73.2,73.7,74.3,75.0,75.7,76.9,78.8,81.8,83.5,84.5,84.7,84.3,83.1,81.5,79.3,77.0,73.7,79.9
75.3,72.9,72.9,73.4,74.2,74.8,75.9,77.0,78.0,79.0,80.4,82.7,86.5,88.9,90.3,91.1,91.4,91.1,90.2,88.8,87.2,85.2,82.8,80.0,76.9,74.6,74.4,75.1,75.9,76.8,77.7,78.5,79.4,80.6,81.8,84.4,88.4,91.0,92.4,93.1,93.4,92.8,91.6,90.0,88.1,85.7,82.7,79.4,76.1,74.0,74.6,75.0,75.9,76.5,77.0,77.6,78.3,79.0,80.2,81.5,84.3,87.8,89.7,90.3,90.2,89.7,88.4,87.5,85.7,83.1,79.6,76.1,72.2,70.6,70.9,71.2,71.7,72.1,72.8,73.4,73.9,74.6,75.4,76.5,78.7,81.7,83.3,84.4,84.5,83.9,82.8,81.4,79.3,76.7,79.8
78.1,75.6,72.8,72.9,73.4,74.2,74.9,76.0,77.0,78.0,79.1,80.4,82.9,86.7,89.0,90.4,91.1,91.4,91.2,90.4,89.0,87.3,85.4,82.9,80.1,77.0,74.5,74.4,75.1,75.9,76.7,77.7,78.5,79.4,80.6,81.7,84.2,88.1,90.7,92.4,93.2,93.3,92.7,91.6,89.9,88.1,85.7,82.7,79.3,76.1,74.1,74.6,74.9,75.6,76.3,76.9,77.4,78.1,78.9,79.9,81.3,84.2,87.7,89.6,90.2,90.1,89.6,88.3,87.5,85.6,82.9,79.6,75.7,72.0,70.3,70.7,71.0,71.3,71.8,72.5,73.1,73.5,74.2,75.0,76.1,78.2,81.4,83.2,84.2,84.3,83.9,82.9,81.4,79.2,79.75
81.2,78.2,75.4,72.9,72.8,73.5,74.2,74.9,75.9,77.0,78.0,79.2,80.5,83.0,86.8,89.2,90.5,91.2,91.7,91.3,90.5,89.3,87.5,85.7,83.0,80.1,77.0,74.4,74.4,75.1,75.9,76.7,77.6,78.6,79.5,80.6,81.7,83.9,87.9,90.6,92.4,93.3,93.1,92.7,91.6,89.8,88.1,85.6,82.5,79.3,76.1,74.0,74.5,74.8,75.4,76.0,76.6,77.2,78.0,78.7,79.8,81.2,84.0,87.7,89.5,90.1,90.1,89.6,88.4,87.3,85.4,82.7,79.4,75.6,71.7,70.0,70.4,70.6,71.0,71.4,72.1,72.5,73.1,73.9,74.9,75.8,77.8,81.0,83.0,83.9,84.2,83.8,82.9,81.4,79.94999999999999
83.9,81.4,78.2,75.3,72.9,72.8,73.5,74.2,75.0,75.8,77.1,78.1,79.2,80.6,83.0,86.9,89.2,90.5,91.4,91.7,91.5,90.8,89.6,87.7,85.8,82.9,80.1,77.0,74.4,74.4,75.1,75.9,76.7,77.6,78.5,79.4,80.6,81.7,83.6,88.0,90.5,92.6,93.2,93.1,92.5,91.5,89.8,88.0,85.6,82.5,79.2,76.1,73.9,74.4,74.7,75.1,75.6,76.3,77.1,77.9,78.6,79.8,81.2,83.9,87.6,89.4,90.2,90.2,89.6,88.5,87.2,85.2,82.5,79.2,75.5,71.3,69.7,70.0,70.2,70.7,71.1,71.8,72.4,73.0,73.9,74.8,75.5,77.6,80.8,82.8,83.7,84.1,83.6,82.8,79.94999999999999
86.0,84.0,81.4,78.3,75.5,72.9,72.9,73.5,74.2,74.9,75.9,77.2,78.2,79.3,80.7,83.1,86.9,89.2,90.6,91.5,91.9,91.7,91.1,89.7,87.8,85.9,83.1,80.1,76.9,74.3,74.3,75.2,75.9,76.8,77.6,78.5,79.5,80.6,81.6,83.5,88.0,90.6,92.5,93.2,93.2,92.5,91.3,89.8,88.0,85.5,82.4,79.1,76.0,73.9,74.2,74.4,74.8,75.3,76.2,77.0,77.6,78.6,79.7,81.2,83.8,87.4,89.4,90.2,90.1,89.5,88.4,87.2,85.0,82.3,79.0,75.2,70.9,69.4,69.8,69.9,70.3,70.8,71.4,72.0,72.7,73.8,74.5,75.5,77.2,80.6,82.6,83.6,84.1,83.7,79.9
87.6,86.1,84.0,81.5,78.4,75.5,72.9,72.9,73.5,74.2,75.0,76.1,77.1,78.3,79.3,80.8,83.1,87.0,89.5,90.9,91.7,92.3,92.1,91.2,89.9,88.0,86.0,83.3,80.1,76.9,74.2,74.3,75.2,75.9,76.7,77.6,78.5,79.5,80.5,81.6,83.5,88.0,90.8,92.5,93.0,93.1,92.4,91.3,89.7,87.9,85.6,82.2,78.8,75.7,73.7,74.0,74.3,74.7,75.2,75.9,76.8,77.4,78.6,79.6,81.2,83.7,87.4,89.2,90.0,89.9,89.5,88.4,86.9,84.9,82.0,78.5,74.8,70.5,69.1,69.5,69.5,70.0,70.5,71.1,71.7,72.4,73.6,74.3,75.2,77.0,80.4,82.5,83.5,84.2,79.85
89.0,87.8,86.2,84.1,81.5,78.4,75.6,72.9,72.8,73.5,74.3,75.1,76.2,77.2,78.3,79.5,80.9,83.2,87.1,89.6,91.2,92.1,92.5,92.3,91.5,90.1,88.1,86.1,83.2,80.1,76.8,74.2,74.4,75.1,75.8,76.7,77.6,78.4,79.4,80.5,81.8,83.6,87.9,90.9,92.3,92.9,93.1,92.4,91.3,89.7,87.9,85.3,82.1,78.6,75.5,73.4,73.8,74.2,74.4,74.9,75.7,76.6,77.4,78.5,79.6,81.1,83.6,87.3,89.2,89.8,89.9,89.4,88.1,86.7,84.6,81.6,78.1,74.4,70.1,68.8,69.3,69.1,69.8,70.3,70.9,71.5,72.2,73.3,74.0,74.9,76.8,80.1,82.5,83.7,79.85
90.0,89.1,87.8,86.3,84.2,81.6,78.5,75.6,72.9,72.8,73.6,74.4,75.2,76.2,77.4,78.4,79.6,80.9,83.3,87.3,89.9,91.3,92.5,92.8,92.4,91.7,90.2,88.2,86.0,83.1,80.0,76.8,74.3,74.3,75.1,75.8,76.7,77.6,78.4,79.4,80.6,81.9,83.9,87.8,90.7,92.3,92.8,93.0,92.4,91.3,89.6,87.7,85.2,82.0,78.3,75.2,73.3,73.7,74.1,74.3,74.7,75.5,76.6,77.3,78.3,79.5,81.0,83.5,87.1,89.1,89.7,89.7,89.2,87.8,86.6,84.3,81.2,77.8,74.0,69.9,68.5,68.8,68.8,69.6,70.0,70.7,71.4,72.1,73.0,73.7,74.8,76.6,79.9,82.4,79.75
90.3,90.1,89.2,87.9,86.4,84.2,81.6,78.6,75.6,73.0,73.0,73.8,74.4,75.3,76.3,77.5,78.5,79.6,81.0,83.5,87.5,90.2,91.7,92.6,93.0,92.7,91.7,90.2,88.2,86.0,83.0,80.0,76.8,74.2,74.2,75.1,75.8,76.6,77.6,78.4,79.4,80.7,82.0,84.1,87.6,90.6,92.2,92.9,93.1,92.4,91.1,89.4,87.6,84.9,81.8,78.1,74.9,73.0,73.5,73.9,74.1,74.6,75.4,76.5,77.2,78.1,79.4,80.7,83.3,87.0,88.8,89.6,89.5,88.9,87.7,86.2,83.8,80.9,77.5,73.6,69.6,68.0,68.5,68.6,69.4,69.8,70.4,71.2,71.9,72.8,73.6,74.6,76.6,79.8,79.69999999999999
90.2,90.4,90.2,89.3,87.8,86.5,84.2,81.7,78.6,75.6,73.2,73.1,73.8,74.6,75.3,76.5,77.6,78.6,79.8,81.1,83.9,87.7,90.5,92.0,92.9,93.2,92.9,91.8,90.1,88.1,85.9,82.9,79.9,76.7,74.2,74.2,75.1,75.7,76.7,77.7,78.5,79.6,80.8,82.0,84.0,87.5,90.7,92.2,93.0,93.0,92.3,90.9,89.0,87.2,84.6,81.4,77.9,74.6,72.8,73.4,73.7,74.1,74.5,75.3,76.3,77.1,78.1,79.4,80.6,83.1,86.9,88.6,89.4,89.3,88.6,87.3,85.8,83.4,80.5,77.2,73.3,69.2,67.8,68.3,68.3,69.1,69.5,70.3,70.9,71.5,72.5,73.4,74.5,76.4,79.85
89.4,90.3,90.6,90.3,89.4,87.9,86.5,84.2,81.7,78.6,75.8,73.3,73.2,73.9,74.8,75.6,76.6,77.7,78.7,79.8,81.4,84.0,88.1,90.7,92.1,93.1,93.4,93.0,91.8,90.0,88.0,85.9,82.7,80.0,76.7,74.1,74.3,75.1,75.7,76.6,77.8,78.6,79.7,80.8,81.8,83.9,87.5,90.6,92.3,92.9,92.7,92.0,90.5,88.8,87.0,84.3,81.2,77.8,74.4,72.7,73.2,73.6,74.1,74.6,75.3,76.1,77.1,78.1,79.3,80.6,82.9,86.6,88.4,89.1,88.9,88.3,87.0,85.4,82.9,80.0,76.9,72.9,68.8,67.7,68.2,68.2,68.8,69.4,70.0,70.6,71.4,72.4,73.2,74.3,80.0
88.2,89.6,90.5,90.7,90.4,89.3,87.9,86.5,84.2,81.7,78.8,75.9,73.4,73.3,74.0,74.9,75.7,76.7,77.8,78.9,80.0,81.7,84.3,88.3,90.9,92.4,93.4,93.6,93.0,91.7,89.9,87.9,85.7,82.7,79.9,76.7,74.0,74.2,75.0,75.7,76.8,77.9,78.6,79.6,80.6,81.7,83.7,87.4,90.6,92.2,92.8,92.5,91.6,90.1,88.5,86.9,84.2,81.0,77.6,74.2,72.5,72.9,73.4,74.1,74.5,75.2,76.1,77.1,77.9,79.3,80.4,82.6,86.5,88.0,88.5,88.5,87.7,86.6,85.0,82.4,79.7,76.4,72.5,68.6,67.5,67.8,68.0,68.7,69.1,69.7,70.5,71.3,72.3,73.1,80.2
85.9,88.4,89.8,90.6,90.7,90.5,89.2,88.0,86.3,84.3,81.8,78.8,76.0,73.4,73.4,74.1,74.9,75.7,76.8,77.9,79.0,80.2,81.9,84.4,88.4,91.1,92.7,93.5,93.5,92.9,91.5,89.9,88.1,85.7,82.7,79.8,76.6,73.9,74.2,75.1,75.8,76.9,77.9,78.7,79.5,80.6,81.6,83.5,87.3,90.6,91.9,92.5,92.2,91.3,89.8,88.3,86.8,84.1,80.9,77.3,74.0,72.4,72.8,73.5,74.0,74.4,75.1,76.1,77.0,77.8,79.2,80.4,82.3,86.1,87.6,88.2,88.0,87.3,86.2,84.5,82.0,79.3,76.1,72.2,68.4,67.2,67.6,67.9,68.4,68.9,69.7,70.4,71.3,72.0,80.5
82.4,86.1,88.6,89.8,90.7,90.8,90.5,89.4,88.0,86.4,84.4,81.8,79.0,76.1,73.5,73.5,74.3,75.0,75.8,76.9,78.0,79.1,80.5,82.0,84.5,88.7,91.3,92.8,93.5,93.4,92.7,91.5,89.9,87.9,85.6,82.7,79.9,76.5,73.9,74.3,75.2,76.0,77.0,77.8,78.7,79.4,80.4,81.5,83.4,87.0,90.2,91.6,92.1,91.9,91.0,89.4,88.4,86.6,84.0,80.7,77.2,73.8,72.3,72.8,73.3,73.9,74.4,75.0,76.1,76.9,77.7,79.2,80.2,81.9,85.5,87.2,87.7,87.4,86.8,85.8,84.1,81.5,79.0,75.7,71.9,68.1,67.0,67.5,67.7,68.0,68.8,69.5,70.4,71.2,80.6
80.2,82.5,86.3,88.6,89.8,90.7,90.8,90.5,89.4,88.0,86.4,84.4,81.8,79.0,76.1,73.8,73.6,74.4,75.1,76.0,77.0,78.1,79.3,80.6,82.2,84.7,88.7,91.4,92.7,93.4,93.4,92.6,91.5,89.8,87.9,85.7,82.8,79.7,76.3,74.0,74.4,75.4,76.1,76.9,77.8,78.7,79.4,80.4,81.5,83.4,86.8,89.8,91.3,91.9,91.5,90.5,89.1,88.3,86.5,83.9,80.6,77.2,73.7,72.3,72.8,73.2,73.8,74.2,74.9,75.8,76.8,77.4,79.0,79.8,81.4,85.2,86.6,87.3,86.9,86.4,85.5,83.6,81.2,78.8,75.4,71.6,67.9,66.9,67.2,67.4,67.9,68.6,69.4,70.2,80.6
78.9,80.2,82.6,86.3,88.6,89.9,90.7,90.8,90.5,89.4,88.0,86.5,84.4,82.0,79.1,76.3,73.9,73.7,74.5,75.2,76.1,77.2,78.3,79.4,80.7,82.4,84.8,88.8,91.3,92.6,93.3,93.2,92.6,91.5,89.8,88.0,85.6,82.8,79.7,76.2,74.1,74.7,75.4,76.1,76.9,77.8,78.6,79.3,80.4,81.5,83.2,86.6,89.7,91.1,91.6,91.2,90.2,88.9,88.2,86.3,83.9,80.5,77.2,73.8,72.2,72.6,73.1,73.6,74.1,74.7,75.8,76.6,77.2,78.6,79.7,81.1,84.7,86.3,86.6,86.7,86.1,85.0,83.1,80.9,78.7,75.1,71.4,67.7,66.6,66.9,67.3,67.7,68.6,69.2,80.6
77.8,78.9,80.3,82.6,86.2,88.6,89.9,90.8,90.8,90.4,89.6,88.1,86.6,84.6,82.0,79.2,76.3,73.9,73.9,74.6,75.3,76.3,77.5,78.3,79.5,80.7,82.3,84.9,88.7,91.2,92.4,93.3,93.3,92.6,91.5,89.8,87.9,85.5,82.9,79.6,76.4,74.2,74.8,75.5,76.2,77.0,77.7,78.5,79.2,80.4,81.4,83.0,86.3,89.3,90.8,91.2,91.0,90.1,88.7,88.0,86.0,83.7,80.4,77.1,73.6,72.1,72.5,72.9,73.5,73.9,74.7,75.5,76.2,77.2,78.0,79.5,80.9,84.1,85.7,86.1,86.2,85.6,84.6,82.8,80.5,78.5,74.8,71.3,67.5,66.2,66.8,67.0,67.6,68.3,80.45
76.8,77.8,79.0,80.3,82.5,86.3,88.6,90.0,90.9,90.8,90.6,89.6,88.2,86.6,84.7,82.0,79.3,76.4,74.0,73.9,74.8,75.5,76.4,77.6,78.4,79.5,80.6,82.4,84.9,88.5,91.1,92.5,93.2,93.3,92.7,91.4,89.8,87.8,85.6,82.9,79.7,76.4,74.2,74.8,75.4,76.2,77.0,77.6,78.4,79.1,80.3,81.2,82.7,86.0,88.9,90.6,91.0,91.0,89.9,88.6,87.8,85.9,83.5,80.4,76.9,73.4,72.0,72.4,72.7,73.3,73.8,74.5,75.3,75.9,76.7,77.6,79.1,80.7,83.5,85.2,85.8,85.8,85.3,84.3,82.5,80.3,78.3,74.6,70.9,67.2,66.0,66.6,66.9,67.3,80.35
