day 0,day 1,day 2,day 3,day 4,day 5,day 6,day 7,day 8,day 9,day 10,day 11,day 12,day 13,day 14,day 15,day 16,day 17,day 18,day 19,day 20,day 21,day 22,day 23,day 24,day 25,day 26,day 27,day 28,day 29,day 30,day 31,day 32,day 33,day 34,day 35,day 36,day 37,day 38,day 39,day 40,day 41,day 42,day 43,day 44,day 45,day 46,day 47,day 48,day 49,day 50,day 51,day 52,day 53,day 54,day 55,day 56,day 57,day 58,day 59,day 60,day 61,day 62,day 63,day 64,day 65,day 66,day 67,day 68,day 69,day 70,day 71,day 72,day 73,day 74,day 75,day 76,day 77,day 78,day 79,day 80,day 81,day 82,day 83,day 84,day 85,day 86,day 87,day 88,day 89,day 90,day 91,day 92,day 93
50.8,52.2,53.9,56.0,58.5,62.1,65.6,67.3,68.0,67.7,67.1,65.8,64.2,62.3,59.7,56.5,52.8,49.4,49.7,50.6,51.1,51.7,52.6,53.8,55.1,56.5,58.1,60.5,63.4,67.9,71.5,72.9,73.3,73.4,72.8,72.2,71.1,69.2,66.6,63.4,59.9,56.5,54.7,55.6,56.5,57.5,58.4,59.5,61.0,62.3,64.1,66.0,68.5,72.7,75.7,77.0,78.2,78.4,77.9,77.4,76.4,74.6,72.4,69.6,66.5,63.5,61.4,62.1,63.2,64.2,65.4,66.6,68.0,69.4,71.1,73.1,75.9,80.6,83.1,84.3,85.1,85.4,85.3,84.6,83.6,81.9,79.3,76.3,72.9,69.7,67.3,67.6,68.4,69.1
49.8,51.0,52.3,54.1,56.2,58.8,62.4,65.9,67.6,68.2,67.9,67.2,65.9,64.7,62.8,60.2,56.7,53.0,49.8,50.0,50.3,51.0,51.7,52.9,54.0,55.2,56.7,58.3,60.7,63.7,68.2,71.7,72.8,73.5,73.7,73.4,72.7,71.4,69.7,67.0,63.8,60.2,56.7,55.0,55.9,56.7,57.7,58.7,59.8,61.0,62.6,64.2,66.0,68.3,72.7,75.9,77.4,78.4,78.7,78.3,77.9,76.8,74.9,72.8,70.0,67.0,64.0,61.9,62.6,63.6,64.7,65.9,67.0,68.2,69.7,71.3,73.3,76.1,80.9,83.1,84.5,85.2,85.5,85.4,84.8,83.9,82.0,79.6,76.6,73.2,69.8,67.5,67.9,68.5
49.0,50.0,51.2,52.5,54.4,56.5,59.0,62.8,66.3,67.8,68.4,68.1,67.4,66.5,65.3,63.2,60.4,57.0,53.4,50.1,49.8,50.3,51.0,52.0,53.1,54.1,55.4,56.9,58.6,61.0,64.0,68.5,71.7,73.1,73.8,74.3,73.9,73.1,71.9,70.1,67.4,64.1,60.5,57.1,55.4,56.1,56.9,57.9,59.0,59.9,61.4,62.7,64.1,65.9,68.4,73.1,76.4,77.7,78.6,79.0,78.8,78.3,77.1,75.3,73.2,70.4,67.5,64.5,62.4,63.1,64.1,65.1,66.2,67.2,68.5,69.9,71.5,73.5,76.4,80.9,83.3,84.7,85.3,85.6,85.7,85.0,83.9,82.3,79.9,76.9,73.3,70.0,67.8,68.0
48.3,49.1,50.1,51.3,52.9,54.6,56.8,59.3,63.2,66.5,68.0,68.5,68.4,68.1,67.2,65.8,63.5,60.7,57.3,53.7,50.1,49.7,50.2,51.3,52.3,53.2,54.3,55.6,57.2,59.0,61.3,64.2,68.5,71.9,73.3,74.4,74.8,74.3,73.4,72.3,70.5,67.6,64.4,61.0,57.5,55.5,56.3,57.2,58.3,59.1,60.3,61.4,62.7,64.1,66.0,68.7,73.7,76.6,77.8,78.9,79.6,79.3,78.6,77.5,75.8,73.6,70.9,68.0,65.1,62.8,63.6,64.5,65.5,66.5,67.5,68.7,70.1,71.7,73.8,76.5,81.1,83.5,84.8,85.4,86.1,85.9,85.0,84.2,82.7,80.3,77.1,73.5,70.2,67.9
47.6,48.4,49.3,50.2,51.7,53.1,54.9,57.2,59.7,63.4,66.7,68.1,68.8,69.0,68.7,67.6,66.1,63.8,61.1,57.5,53.7,50.1,49.7,50.5,51.6,52.4,53.4,54.5,55.8,57.5,59.3,61.7,64.1,68.7,72.1,73.9,74.8,75.1,74.6,73.8,72.6,70.7,68.0,64.8,61.2,57.7,55.8,56.6,57.5,58.3,59.4,60.3,61.4,62.7,64.2,66.2,69.2,74.0,76.7,78.1,79.4,80.0,79.6,79.0,78.0,76.2,74.2,71.6,68.6,65.5,63.4,64.0,64.9,65.7,66.8,67.7,68.9,70.4,72.0,74.0,76.8,81.3,83.6,84.8,86.0,86.3,85.9,85.3,84.6,83.0,80.4,77.3,73.7,70.3
47.1,47.8,48.6,49.4,50.6,51.9,53.4,55.3,57.5,59.9,63.7,66.9,68.4,69.4,69.6,69.2,67.9,66.4,64.1,61.2,57.5,53.8,50.1,50.0,50.8,51.7,52.5,53.6,54.7,56.2,57.9,59.7,61.7,64.3,68.9,72.7,74.5,75.2,75.4,74.9,74.1,72.8,71.1,68.4,65.1,61.5,58.0,56.1,56.9,57.7,58.7,59.5,60.3,61.5,62.7,64.3,66.6,69.5,74.2,77.0,78.6,79.9,80.3,80.1,79.5,78.3,76.7,74.8,72.1,69.0,66.1,63.8,64.4,65.2,66.0,67.0,68.0,69.2,70.7,72.2,74.1,77.0,81.4,83.6,85.4,86.0,86.3,86.2,85.7,85.0,83.2,80.6,77.4,73.8
46.7,47.3,48.0,48.7,49.8,50.9,52.1,53.8,55.6,57.6,60.2,63.9,67.2,69.1,70.1,70.1,69.4,68.2,66.6,64.2,61.1,57.6,53.8,50.4,50.3,50.9,51.9,52.7,53.8,55.1,56.6,58.2,59.8,61.9,64.5,69.5,73.2,74.8,75.4,75.8,75.2,74.3,73.2,71.5,68.6,65.3,61.7,58.4,56.4,57.1,57.9,58.8,59.5,60.4,61.5,62.8,64.8,66.9,69.8,74.5,77.5,79.1,80.1,80.8,80.6,79.8,78.8,77.4,75.4,72.5,69.6,66.5,64.3,64.7,65.4,66.2,67.3,68.2,69.4,70.9,72.4,74.4,77.1,81.4,84.1,85.4,85.9,86.5,86.5,86.0,85.1,83.5,80.8,77.6
46.2,46.9,47.4,48.1,49.1,50.1,51.1,52.5,54.2,55.7,57.9,60.4,64.2,67.8,69.7,70.4,70.3,69.8,68.5,66.6,64.2,61.2,57.7,54.1,50.8,50.3,51.1,52.0,53.0,54.3,55.5,56.8,58.3,60.0,62.1,65.0,69.9,73.5,75.0,75.9,76.0,75.4,74.6,73.6,71.8,68.8,65.6,62.0,58.7,56.6,57.4,58.1,58.8,59.6,60.4,61.6,63.3,65.1,67.2,70.1,74.9,78.0,79.3,80.6,81.2,80.9,80.4,79.5,78.0,75.9,73.1,70.0,66.9,64.5,65.0,65.7,66.5,67.5,68.5,69.7,71.1,72.7,74.5,77.2,81.8,84.2,85.4,86.2,86.9,86.8,86.2,85.4,83.6,81.0
48.5,46.4,47.1,47.5,48.4,49.3,50.3,51.5,52.8,54.3,56.0,58.1,60.6,64.7,68.4,70.0,70.7,70.7,70.0,68.5,66.6,64.3,61.3,57.8,54.4,50.9,50.5,51.3,52.3,53.4,54.6,55.8,57.0,58.4,60.1,62.6,65.4,70.2,73.7,75.5,76.1,76.1,75.7,75.0,73.8,71.9,69.1,66.0,62.4,58.9,56.9,57.5,58.2,58.9,59.6,60.6,62.0,63.6,65.4,67.5,70.5,75.4,78.2,79.8,81.0,81.5,81.5,81.0,80.1,78.5,76.5,73.4,70.3,67.1,64.8,65.2,66.0,66.7,67.7,68.8,69.9,71.3,72.8,74.5,77.6,82.0,84.1,85.5,86.6,87.2,87.0,86.5,85.5,83.7
52.1,48.8,46.6,47.1,47.9,48.6,49.6,50.7,51.8,52.9,54.6,56.1,58.2,61.0,65.2,68.7,70.3,71.1,70.9,70.0,68.4,66.7,64.4,61.4,58.1,54.7,51.1,50.6,51.5,52.8,53.8,54.9,55.9,57.2,58.5,60.6,63.0,65.8,70.4,74.2,75.7,76.2,76.4,76.1,75.2,73.9,72.2,69.5,66.3,62.6,59.2,57.1,57.7,58.2,58.8,59.9,61.1,62.4,63.9,65.7,67.9,70.9,75.7,78.7,80.1,81.3,82.1,82.2,81.7,80.6,79.1,76.7,73.7,70.5,67.4,65.1,65.5,66.2,66.8,68.0,69.0,70.1,71.4,72.8,74.8,77.7,82.0,84.3,86.0,86.9,87.3,87.2,86.6,85.7
55.4,52.5,49.1,46.7,47.4,48.0,48.9,49.9,50.9,51.9,53.2,54.7,56.2,58.5,61.4,65.6,69.0,70.7,71.3,71.0,69.9,68.5,66.8,64.5,61.6,58.5,54.9,51.4,50.9,52.0,53.2,54.1,55.0,56.1,57.2,58.9,61.1,63.3,66.0,70.8,74.3,75.8,76.5,76.8,76.3,75.3,74.2,72.5,69.7,66.5,62.9,59.4,57.2,57.6,58.2,59.1,60.3,61.5,62.6,64.2,66.1,68.2,71.2,76.2,79.1,80.4,81.8,82.7,82.8,82.2,81.2,79.3,77.0,74.0,70.9,67.7,65.4,65.7,66.3,67.2,68.2,69.2,70.2,71.4,73.0,74.9,77.8,82.2,84.8,86.2,87.0,87.6,87.4,86.7
58.4,55.8,52.8,49.2,47.0,47.6,48.4,49.3,50.1,51.1,52.2,53.3,54.8,56.4,58.9,61.7,65.8,69.5,71.0,71.4,70.9,70.1,68.7,66.9,64.7,62.1,58.8,55.2,51.8,51.4,52.5,53.4,54.3,55.2,56.1,57.7,59.5,61.4,63.4,66.3,71.0,74.5,76.1,76.8,76.9,76.3,75.6,74.5,72.7,69.9,66.7,63.0,59.5,57.2,57.7,58.5,59.6,60.8,61.8,63.0,64.6,66.4,68.5,71.6,76.6,79.4,81.0,82.5,83.2,83.3,82.8,81.4,79.5,77.2,74.3,71.1,67.9,65.6,65.9,66.7,67.5,68.4,69.3,70.3,71.6,73.2,74.9,78.0,82.7,84.9,86.3,87.1,87.8,87.5
60.8,58.9,56.1,53.0,49.6,47.2,47.9,48.7,49.5,50.3,51.3,52.3,53.5,55.0,56.8,59.1,62.0,66.2,69.7,71.0,71.2,71.0,70.2,68.6,67.1,65.2,62.4,59.1,55.6,52.3,51.9,52.8,53.6,54.5,55.2,56.6,58.2,59.8,61.6,63.8,66.6,71.1,74.8,76.4,76.9,76.9,76.7,75.9,74.7,72.9,70.0,66.8,62.9,59.5,57.3,58.0,59.0,60.1,61.0,62.0,63.3,64.9,66.7,69.0,72.1,77.0,79.9,81.7,83.0,83.7,83.9,83.0,81.5,79.8,77.5,74.5,71.3,68.1,65.7,66.2,66.9,67.7,68.5,69.3,70.4,71.7,73.2,75.1,78.5,82.8,84.9,86.3,87.3,87.8
62.7,61.3,59.2,56.3,53.3,49.9,47.6,48.3,48.9,49.6,50.5,51.4,52.4,53.7,55.4,56.9,59.3,62.3,66.5,69.7,70.8,71.3,71.2,70.1,68.9,67.6,65.6,62.7,59.5,56.2,53.0,52.2,52.9,53.7,54.5,55.7,57.1,58.6,60.0,61.9,64.0,66.7,71.5,75.1,76.5,76.9,77.2,77.0,76.0,74.9,72.9,70.1,66.7,62.9,59.6,57.6,58.4,59.5,60.3,61.3,62.3,63.6,65.2,67.1,69.4,72.4,77.5,80.5,82.2,83.5,84.2,84.0,83.1,81.8,80.1,77.7,74.7,71.6,68.3,66.1,66.5,67.1,67.7,68.4,69.6,70.6,71.7,73.3,75.5,78.6,82.8,85.0,86.4,87.3
64.1,63.2,61.6,59.4,56.7,53.7,50.3,47.9,48.4,49.1,49.9,50.7,51.6,52.6,54.1,55.5,57.1,59.6,62.5,66.5,69.6,70.9,71.4,71.1,70.4,69.4,68.0,65.9,63.2,60.0,56.6,53.3,52.4,53.0,53.8,54.9,56.2,57.5,58.7,60.2,62.2,64.2,67.1,71.9,75.2,76.4,77.2,77.5,77.0,76.2,74.9,73.0,69.9,66.7,63.1,59.9,58.1,58.9,59.8,60.6,61.6,62.6,63.9,65.6,67.6,69.8,73.0,78.2,80.9,82.6,84.0,84.4,84.2,83.3,82.1,80.3,77.9,74.9,71.7,68.6,66.3,66.6,67.2,67.7,68.6,69.7,70.6,71.8,73.7,75.7,78.8,83.0,85.0,86.4
65.2,64.6,63.5,61.8,59.8,57.1,54.0,50.7,48.1,48.7,49.3,50.1,50.8,51.7,52.9,54.2,55.6,57.4,59.7,62.4,66.4,69.7,71.0,71.3,71.3,70.9,69.8,68.3,66.3,63.6,60.3,56.9,53.6,52.4,53.0,54.2,55.4,56.6,57.7,59.1,60.6,62.4,64.6,67.4,72.1,75.2,76.6,77.6,77.6,77.2,76.2,74.9,72.8,69.9,66.8,63.4,60.4,58.6,59.2,60.0,60.9,61.9,62.9,64.3,66.1,67.8,70.3,73.6,78.6,81.4,83.1,84.1,84.4,84.4,83.5,82.3,80.5,78.0,75.1,71.9,68.8,66.5,66.7,67.2,67.9,68.8,69.7,70.7,72.2,73.9,75.9,79.1,83.0,85.0
65.8,65.6,64.9,63.7,62.2,60.2,57.5,54.4,51.0,48.4,48.8,49.5,50.2,50.9,52.1,53.0,54.3,56.0,57.6,59.7,62.4,66.5,69.8,70.9,71.5,71.8,71.3,70.1,68.6,66.7,63.8,60.6,57.2,53.7,52.5,53.6,54.7,55.8,56.8,57.9,59.3,60.8,62.7,64.9,67.6,72.0,75.4,77.0,77.7,77.8,77.1,76.1,74.6,72.6,70.0,67.2,63.9,60.9,58.9,59.4,60.3,61.1,62.2,63.4,64.8,66.4,68.4,70.8,74.1,79.1,81.9,83.3,84.2,84.6,84.6,83.7,82.4,80.7,78.1,75.2,72.0,68.9,66.5,66.7,67.4,68.0,68.9,69.8,71.1,72.4,74.1,76.1,79.1,83.1
65.5,66.1,65.8,65.1,64.2,62.7,60.6,57.8,54.6,51.2,48.6,49.1,49.6,50.3,51.2,52.1,53.1,54.6,56.2,57.6,59.5,62.5,66.6,69.7,71.1,72.0,72.2,71.5,70.4,69.0,66.9,64.0,60.8,57.3,53.9,53.0,54.0,55.1,55.9,57.0,58.2,59.6,61.1,63.0,65.0,67.6,72.3,75.7,77.1,77.9,77.7,77.0,75.9,74.5,72.7,70.4,67.6,64.4,61.2,59.1,59.7,60.5,61.5,62.6,63.9,65.1,67.0,68.9,71.2,74.5,79.5,82.1,83.4,84.4,84.7,84.7,83.8,82.6,80.8,78.3,75.4,72.2,68.9,66.5,66.8,67.5,68.1,69.0,70.1,71.2,72.6,74.2,76.2,79.1
64.3,65.8,66.4,66.0,65.6,64.7,63.1,61.0,58.0,54.8,51.5,48.8,49.2,49.7,50.5,51.3,52.2,53.5,54.9,56.1,57.5,59.6,62.6,66.5,69.8,71.5,72.5,72.5,71.7,70.7,69.2,67.1,64.2,61.0,57.6,54.5,53.5,54.5,55.2,56.2,57.3,58.4,59.9,61.4,63.2,65.1,67.8,72.6,75.8,77.3,77.8,77.7,76.8,75.9,74.6,73.1,70.7,68.0,64.6,61.5,59.5,59.9,60.9,61.9,63.1,64.2,65.7,67.5,69.4,71.6,75.0,79.8,82.2,83.8,84.6,84.8,84.7,84.0,82.7,81.0,78.5,75.6,72.3,68.9,66.7,67.0,67.6,68.1,69.2,70.3,71.5,72.8,74.3,76.2
61.0,64.5,66.0,66.6,66.4,66.0,65.0,63.4,61.2,58.2,55.1,51.8,49.0,49.2,49.9,50.6,51.3,52.6,53.8,54.7,56.0,57.6,59.8,62.6,66.7,70.3,71.9,72.8,72.7,72.0,70.8,69.3,67.4,64.5,61.5,58.2,55.1,54.0,54.6,55.4,56.5,57.5,58.7,60.2,61.6,63.3,65.2,68.1,72.7,76.1,77.2,77.7,77.4,76.7,76.0,75.1,73.3,71.1,68.2,65.0,61.9,59.7,60.3,61.3,62.3,63.5,64.7,66.2,67.9,69.8,72.2,75.2,79.9,82.5,83.9,84.7,84.9,84.9,84.1,82.9,81.2,78.7,75.7,72.3,69.1,66.9,67.0,67.6,68.4,69.4,70.5,71.7,72.9,74.3
57.8,61.2,64.6,66.3,66.9,66.8,66.3,65.3,63.6,61.5,58.5,55.3,52.1,49.1,49.4,49.8,50.7,51.6,52.9,53.7,54.6,56.1,57.7,59.8,62.7,67.1,70.7,72.2,73.0,73.0,72.1,71.0,69.6,67.6,65.0,62.0,58.8,55.6,54.0,54.8,55.7,56.7,57.8,59.0,60.4,61.7,63.4,65.5,68.3,72.9,76.0,77.1,77.4,77.4,77.0,76.5,75.4,73.6,71.4,68.6,65.3,62.1,60.0,60.8,61.7,62.8,64.0,65.3,66.6,68.4,70.3,72.5,75.4,80.2,82.7,84.0,84.7,85.1,85.0,84.2,83.1,81.3,78.8,75.8,72.5,69.3,66.9,67.1,67.8,68.5,69.6,70.7,71.8,73.0
55.6,58.0,61.4,64.8,66.7,67.3,67.2,66.7,65.5,63.9,61.6,58.7,55.7,52.3,49.3,49.3,49.9,51.0,51.9,52.7,53.5,54.7,56.3,57.8,60.0,63.0,67.5,71.1,72.4,73.2,73.1,72.3,71.3,69.8,68.3,65.6,62.6,59.3,55.8,54.2,55.1,55.9,57.0,58.1,59.2,60.5,61.9,63.7,65.6,68.5,73.0,75.9,76.8,77.4,77.7,77.5,76.8,75.7,73.9,71.7,68.9,65.6,62.5,60.5,61.2,62.2,63.3,64.6,65.7,67.1,69.0,70.6,72.7,75.7,80.4,82.8,84.1,84.8,85.1,85.1,84.3,83.3,81.4,78.9,76.1,72.6,69.3,66.9,67.3,67.9,68.7,69.9,70.8,71.9
53.8,55.7,58.2,61.7,65.2,66.9,67.7,67.5,66.8,65.7,64.0,61.9,59.2,56.1,52.7,49.3,49.4,50.2,51.3,51.8,52.6,53.6,54.9,56.4,57.9,60.3,63.2,67.7,71.3,72.7,73.4,73.2,72.5,71.5,70.6,68.8,66.1,63.1,59.5,56.1,54.5,55.2,56.2,57.3,58.3,59.3,60.6,62.2,63.8,65.8,68.5,72.9,75.7,76.7,77.6,78.2,77.7,77.1,76.0,74.2,72.0,69.2,66.0,63.0,60.9,61.6,62.7,63.8,65.0,66.1,67.6,69.3,70.8,73.0,75.9,80.5,82.9,84.3,84.8,85.3,85.3,84.5,83.4,81.6,79.2,76.2,72.7,69.4,67.1,67.4,68.1,69.0,70.0,70.9
52.2,53.9,56.0,58.5,62.1,65.6,67.3,68.0,67.7,67.1,65.8,64.2,62.3,59.7,56.5,52.8,49.4,49.7,50.6,51.1,51.7,52.6,53.8,55.1,56.5,58.1,60.5,63.4,67.9,71.5,72.9,73.3,73.4,72.8,72.2,71.1,69.2,66.6,63.4,59.9,56.5,54.7,55.6,56.5,57.5,58.4,59.5,61.0,62.3,64.1,66.0,68.5,72.7,75.7,77.0,78.2,78.4,77.9,77.4,76.4,74.6,72.4,69.6,66.5,63.5,61.4,62.1,63.2,64.2,65.4,66.6,68.0,69.4,71.1,73.1,75.9,80.6,83.1,84.3,85.1,85.4,85.3,84.6,83.6,81.9,79.3,76.3,72.9,69.7,67.3,67.6,68.4,69.1,70.1
51.0,52.3,54.1,56.2,58.8,62.4,65.9,67.6,68.2,67.9,67.2,65.9,64.7,62.8,60.2,56.7,53.0,49.8,50.0,50.3,51.0,51.7,52.9,54.0,55.2,56.7,58.3,60.7,63.7,68.2,71.7,72.8,73.5,73.7,73.4,72.7,71.4,69.7,67.0,63.8,60.2,56.7,55.0,55.9,56.7,57.7,58.7,59.8,61.0,62.6,64.2,66.0,68.3,72.7,75.9,77.4,78.4,78.7,78.3,77.9,76.8,74.9,72.8,70.0,67.0,64.0,61.9,62.6,63.6,64.7,65.9,67.0,68.2,69.7,71.3,73.3,76.1,80.9,83.1,84.5,85.2,85.5,85.4,84.8,83.9,82.0,79.6,76.6,73.2,69.8,67.5,67.9,68.5,69.2
