day 0,day 1,day 2,day 3,day 4,day 5,day 6,day 7,day 8,day 9,day 10,day 11,day 12,day 13,day 14,day 15,day 16,day 17,day 18,day 19,day 20,day 21,day 22,day 23,day 24,day 25,day 26,day 27,day 28,day 29,day 30,day 31,day 32,day 33,day 34,day 35,day 36,day 37,day 38,day 39,day 40,day 41,day 42,day 43,day 44,day 45,day 46,day 47,day 48,day 49,day 50,day 51,day 52,day 53,day 54,day 55,day 56,day 57,day 58,day 59,day 60,day 61,day 62,day 63,day 64,day 65,day 66,day 67,day 68,day 69,day 70,day 71,day 72,day 73,day 74,day 75,day 76,day 77,day 78,day 79,day 80,day 81,day 82,day 83,day 84,day 85,day 86,day 87,day 88,day 89,day 90,day 91,day 92,day 93
67.9,68.5,69.2,70.0,71.0,72.6,75.7,77.6,78.8,79.4,80.0,80.0,79.7,79.0,77.8,76.3,73.6,70.0,69.3,69.8,70.0,70.4,70.8,71.4,71.8,72.4,72.8,73.5,74.4,76.0,78.5,80.3,81.4,82.1,81.9,81.9,81.6,81.1,80.2,78.6,76.6,73.1,71.0,71.3,71.7,72.3,72.9,73.5,73.9,74.4,74.9,75.6,76.5,78.1,80.5,81.8,83.1,83.8,84.1,84.2,83.9,83.1,82.2,81.0,79.4,76.6,74.3,74.6,75.1,75.7,76.3,76.8,77.3,77.7,77.9,78.4,79.0,80.4,82.1,83.5,84.1,84.9,85.5,85.9,86.0,85.9,85.0,83.9,82.1,79.2,76.8,76.9,77.3,77.7
67.5,68.0,68.7,69.4,70.1,71.2,72.8,75.8,77.7,79.0,79.7,80.1,80.1,79.8,79.3,78.1,76.5,73.9,70.3,69.6,69.8,70.1,70.5,70.8,71.4,72.0,72.5,72.9,73.7,74.6,76.0,78.7,80.4,81.5,81.9,81.8,81.9,81.7,81.2,80.3,78.7,76.7,73.2,71.0,71.4,71.9,72.5,73.0,73.5,74.0,74.4,74.9,75.7,76.6,78.2,80.5,81.9,83.1,83.9,84.1,84.2,83.8,83.0,82.2,81.1,79.5,76.7,74.4,74.8,75.4,75.9,76.4,77.0,77.4,77.7,78.0,78.6,79.2,80.6,82.2,83.5,84.2,85.1,85.6,86.1,86.2,86.1,85.0,83.9,82.2,79.4,76.9,77.0,77.5
67.0,67.6,68.2,68.8,69.5,70.3,71.4,73.0,76.0,77.9,79.3,79.8,80.2,80.1,80.0,79.5,78.2,76.7,74.2,70.7,69.6,69.9,70.1,70.5,70.9,71.5,72.0,72.5,73.1,73.8,74.6,76.1,78.8,80.5,81.3,81.7,81.8,82.1,81.8,81.3,80.3,78.8,76.8,73.3,71.1,71.5,72.1,72.6,73.0,73.6,74.0,74.4,75.0,75.8,76.7,78.3,80.6,82.0,83.2,84.0,84.0,84.0,83.6,83.0,82.3,81.2,79.6,76.8,74.6,75.1,75.5,76.0,76.6,77.0,77.4,77.8,78.2,78.7,79.3,80.7,82.2,83.5,84.3,85.2,85.7,86.2,86.4,86.1,85.0,84.0,82.3,79.5,77.0,77.2
66.5,67.1,67.8,68.3,69.0,69.7,70.5,71.6,73.1,76.2,78.1,79.4,79.9,80.3,80.3,80.3,79.7,78.4,76.9,74.5,70.7,69.7,69.8,70.1,70.6,71.0,71.6,72.1,72.7,73.2,73.8,74.7,76.2,78.8,80.3,81.2,81.7,81.9,82.1,81.9,81.2,80.4,79.0,76.9,73.4,71.2,71.7,72.2,72.6,73.1,73.5,74.1,74.5,75.1,75.8,76.7,78.4,80.6,82.1,83.2,83.8,83.9,83.9,83.6,83.1,82.4,81.4,79.7,77.1,74.9,75.2,75.6,76.2,76.7,77.1,77.5,78.0,78.3,78.8,79.5,80.7,82.3,83.6,84.5,85.3,85.8,86.2,86.4,86.1,85.2,84.2,82.4,79.6,77.2
66.1,66.7,67.4,68.0,68.5,69.1,69.9,70.7,71.8,73.4,76.4,78.3,79.5,80.0,80.4,80.4,80.4,79.8,78.7,77.2,74.5,70.8,69.6,69.9,70.2,70.6,71.0,71.6,72.3,72.8,73.3,73.9,74.8,76.3,78.7,80.2,81.2,81.7,81.9,82.1,81.9,81.4,80.5,79.0,77.0,73.6,71.4,71.9,72.2,72.8,73.1,73.6,74.1,74.6,75.2,76.0,76.9,78.6,80.7,82.1,83.0,83.6,83.7,83.9,83.6,83.2,82.6,81.6,79.9,77.3,75.1,75.3,75.8,76.3,76.7,77.2,77.6,78.1,78.4,78.9,79.5,80.8,82.4,83.7,84.5,85.3,85.7,86.3,86.2,86.2,85.3,84.2,82.6,79.8
65.8,66.2,66.9,67.6,68.2,68.7,69.4,70.2,70.9,72.0,73.6,76.6,78.4,79.6,80.3,80.6,80.6,80.6,80.1,78.9,77.1,74.5,70.8,69.6,69.9,70.2,70.6,71.1,71.8,72.4,72.8,73.4,74.0,74.8,76.3,78.6,80.2,81.2,81.7,81.9,82.2,82.0,81.4,80.6,79.3,77.2,73.8,71.5,71.9,72.4,72.8,73.2,73.6,74.2,74.6,75.3,76.1,77.1,78.7,80.8,82.0,82.9,83.3,83.6,83.9,83.7,83.3,82.7,81.7,80.1,77.5,75.2,75.5,76.0,76.4,76.8,77.3,77.7,78.2,78.5,79.0,79.5,80.9,82.5,83.8,84.5,85.3,85.8,86.2,86.3,86.2,85.4,84.3,82.7
65.4,65.9,66.5,67.1,67.8,68.4,69.0,69.7,70.3,71.1,72.3,73.8,76.6,78.6,79.8,80.4,80.8,80.8,80.9,80.2,78.9,77.1,74.5,70.9,69.7,69.9,70.3,70.7,71.2,71.9,72.4,72.8,73.5,74.1,74.9,76.3,78.7,80.3,81.3,81.8,82.0,82.4,82.2,81.6,80.8,79.4,77.3,73.9,71.6,72.0,72.4,72.9,73.1,73.7,74.2,74.8,75.5,76.4,77.3,78.9,80.7,82.0,82.7,83.3,83.7,84.0,83.8,83.4,82.8,81.8,80.3,77.6,75.4,75.7,76.0,76.5,76.9,77.4,77.8,78.3,78.6,79.0,79.6,80.9,82.6,83.9,84.4,85.4,85.7,86.1,86.4,86.2,85.5,84.5
65.8,65.6,66.1,66.7,67.4,68.0,68.6,69.3,69.8,70.5,71.4,72.4,73.8,76.7,78.8,80.0,80.6,81.1,81.1,81.0,80.1,78.9,77.1,74.5,71.0,69.6,70.0,70.4,70.8,71.4,71.9,72.5,72.9,73.5,74.1,74.9,76.4,78.8,80.3,81.3,81.8,82.3,82.6,82.3,81.8,81.0,79.6,77.5,74.0,71.7,72.0,72.4,72.8,73.1,73.7,74.3,75.0,75.9,76.6,77.4,78.9,80.7,81.8,82.7,83.3,83.8,84.1,84.0,83.5,82.9,82.1,80.4,77.8,75.5,75.7,76.1,76.6,77.0,77.4,77.9,78.4,78.6,79.0,79.6,81.0,82.6,83.7,84.4,85.2,85.8,86.2,86.4,86.4,85.6
69.4,66.0,65.8,66.3,66.9,67.6,68.2,68.9,69.4,70.0,70.8,71.6,72.5,74.0,76.9,78.9,80.2,80.9,81.3,81.2,81.0,80.1,78.9,77.2,74.7,71.1,69.6,70.0,70.5,71.0,71.4,72.0,72.5,73.0,73.6,74.3,75.0,76.5,78.8,80.4,81.4,82.0,82.5,82.7,82.5,81.9,81.1,79.7,77.5,74.1,71.8,72.1,72.4,72.9,73.2,73.9,74.6,75.4,76.1,76.8,77.4,78.8,80.7,81.9,82.7,83.3,83.8,84.2,84.0,83.5,83.1,82.2,80.5,77.9,75.6,75.8,76.2,76.7,77.1,77.5,78.0,78.4,78.6,78.9,79.7,81.1,82.5,83.7,84.3,85.3,85.9,86.3,86.5,86.5
72.7,69.6,66.2,65.9,66.5,67.1,67.8,68.5,69.0,69.7,70.3,71.0,71.6,72.6,74.2,77.1,79.2,80.5,81.2,81.4,81.2,81.0,80.2,79.0,77.3,74.8,71.1,69.7,70.1,70.6,71.0,71.5,72.1,72.6,73.1,73.8,74.4,75.1,76.6,78.9,80.4,81.6,82.2,82.6,82.8,82.7,82.1,81.3,79.8,77.7,74.2,71.9,72.1,72.5,72.9,73.4,74.1,75.0,75.7,76.4,76.8,77.4,78.8,80.7,81.9,82.7,83.4,84.0,84.2,84.0,83.7,83.3,82.4,80.6,77.9,75.7,75.9,76.3,76.8,77.2,77.7,78.0,78.4,78.6,79.0,79.8,81.0,82.5,83.7,84.4,85.4,86.1,86.5,86.6
75.1,72.9,69.8,66.4,66.2,66.7,67.4,68.1,68.6,69.2,69.9,70.5,71.1,71.8,72.9,74.4,77.4,79.4,80.7,81.3,81.4,81.1,81.0,80.2,79.1,77.3,74.8,71.2,69.8,70.2,70.6,71.1,71.6,72.1,72.7,73.3,74.0,74.5,75.2,76.6,79.0,80.6,81.8,82.3,82.8,83.0,82.8,82.3,81.4,79.9,77.8,74.3,71.9,72.1,72.5,73.0,73.7,74.6,75.3,76.0,76.4,76.9,77.3,78.9,80.8,82.0,82.8,83.5,83.9,84.3,84.1,83.8,83.4,82.5,80.7,78.0,75.8,76.0,76.4,76.9,77.3,77.7,78.0,78.3,78.7,79.0,79.7,81.0,82.5,83.8,84.5,85.7,86.3,86.7
76.8,75.3,73.1,70.0,66.7,66.4,67.0,67.7,68.1,68.8,69.4,70.0,70.6,71.3,72.1,73.0,74.7,77.6,79.7,80.8,81.4,81.4,81.3,81.1,80.3,79.1,77.3,75.1,71.4,69.9,70.2,70.7,71.2,71.6,72.2,72.9,73.5,74.1,74.6,75.3,76.7,79.1,80.7,81.8,82.5,83.0,83.2,83.0,82.4,81.5,80.0,77.8,74.3,71.9,72.2,72.7,73.4,74.1,74.9,75.6,76.0,76.5,76.9,77.4,79.0,80.8,82.1,82.8,83.5,84.1,84.4,84.3,84.0,83.5,82.5,80.9,78.2,75.9,76.0,76.5,77.0,77.4,77.6,78.0,78.4,78.8,79.1,79.7,81.0,82.7,83.9,84.9,85.9,86.4
77.9,77.0,75.4,73.3,70.3,66.9,66.7,67.3,67.8,68.4,69.0,69.5,70.1,70.8,71.5,72.2,73.3,74.9,77.9,79.8,80.8,81.3,81.5,81.4,81.1,80.3,79.2,77.5,75.2,71.5,69.9,70.3,70.7,71.2,71.7,72.4,73.2,73.6,74.2,74.7,75.4,76.8,79.2,80.8,82.0,82.7,83.2,83.3,83.1,82.5,81.5,80.1,77.9,74.3,72.0,72.4,73.1,73.8,74.4,75.2,75.6,76.1,76.5,77.0,77.5,79.1,81.0,82.2,82.8,83.7,84.3,84.5,84.4,84.2,83.6,82.7,81.0,78.3,76.0,76.2,76.7,77.1,77.3,77.6,78.1,78.5,78.8,79.0,79.7,81.1,82.8,84.1,85.0,86.1
78.3,78.0,77.1,75.6,73.6,70.6,67.3,67.0,67.4,67.9,68.6,69.1,69.7,70.4,71.1,71.7,72.5,73.6,75.2,78.0,79.7,80.7,81.4,81.6,81.4,81.0,80.4,79.3,77.6,75.2,71.6,70.0,70.3,70.7,71.2,72.0,72.7,73.3,73.8,74.3,74.7,75.4,76.9,79.3,80.9,82.1,82.9,83.3,83.4,83.1,82.6,81.6,80.1,77.9,74.4,72.1,72.8,73.5,74.1,74.7,75.3,75.7,76.2,76.6,77.1,77.7,79.2,81.1,82.2,82.9,83.9,84.3,84.7,84.6,84.3,83.8,83.0,81.1,78.3,76.1,76.4,76.8,77.0,77.3,77.6,78.1,78.6,78.8,79.0,79.8,81.3,82.9,84.2,85.1
78.4,78.4,78.0,77.2,75.8,73.9,71.1,67.6,67.1,67.6,68.1,68.7,69.3,69.9,70.7,71.3,72.0,72.8,73.8,75.4,78.0,79.7,80.7,81.5,81.7,81.3,81.1,80.5,79.4,77.6,75.3,71.7,70.0,70.4,70.8,71.5,72.2,72.9,73.4,73.9,74.3,74.7,75.4,77.0,79.5,81.0,82.3,83.0,83.4,83.5,83.3,82.6,81.6,80.2,77.9,74.7,72.5,73.1,73.8,74.4,74.8,75.3,75.8,76.3,76.8,77.2,77.8,79.3,81.1,82.3,83.2,84.0,84.5,84.8,84.7,84.5,84.0,83.0,81.3,78.5,76.3,76.4,76.8,77.0,77.4,77.7,78.2,78.5,78.8,79.1,79.9,81.4,83.0,84.3
78.4,78.5,78.4,78.2,77.4,76.0,74.2,71.4,67.7,67.3,67.7,68.1,68.8,69.5,70.2,70.9,71.6,72.2,73.0,73.9,75.4,77.9,79.7,80.8,81.7,81.5,81.4,81.2,80.6,79.4,77.7,75.4,71.8,70.0,70.4,71.1,71.8,72.4,73.0,73.5,73.8,74.2,74.8,75.5,77.2,79.7,81.1,82.3,83.1,83.5,83.7,83.3,82.7,81.7,80.1,78.1,75.1,72.9,73.5,74.1,74.5,74.9,75.4,76.0,76.4,76.9,77.4,77.9,79.4,81.3,82.6,83.2,84.1,84.6,84.9,84.9,84.7,84.1,83.1,81.4,78.6,76.3,76.5,76.8,77.0,77.4,77.8,78.2,78.5,78.9,79.3,79.9,81.5,83.0
77.7,78.4,78.5,78.6,78.4,77.7,76.3,74.4,71.6,68.0,67.5,67.8,68.3,69.1,69.8,70.5,71.2,71.9,72.5,73.1,74.0,75.4,78.0,79.8,81.0,81.6,81.6,81.5,81.3,80.7,79.5,77.8,75.5,71.9,70.1,70.7,71.3,71.9,72.5,73.1,73.4,73.7,74.3,74.8,75.7,77.4,79.8,81.2,82.4,83.2,83.7,83.7,83.5,82.8,81.7,80.3,78.5,75.4,73.3,73.8,74.2,74.5,75.0,75.6,76.1,76.6,77.1,77.5,78.1,79.6,81.5,82.6,83.4,84.2,84.8,85.1,85.0,84.9,84.2,83.2,81.5,78.7,76.4,76.5,76.8,77.1,77.5,77.7,78.2,78.6,79.1,79.3,80.1,81.6
76.6,77.8,78.5,78.7,78.8,78.6,77.9,76.4,74.7,71.9,68.3,67.6,67.9,68.6,69.4,70.0,70.7,71.5,72.2,72.6,73.2,74.0,75.4,78.0,79.9,80.9,81.6,81.7,81.7,81.4,80.7,79.7,77.9,75.6,72.1,70.4,70.9,71.5,72.0,72.6,73.0,73.4,73.8,74.3,75.0,75.9,77.5,79.8,81.3,82.6,83.5,83.8,83.8,83.5,82.9,81.8,80.5,78.8,75.7,73.6,73.9,74.3,74.7,75.2,75.7,76.2,76.7,77.2,77.7,78.2,79.8,81.6,82.8,83.5,84.3,84.8,85.2,85.2,85.0,84.3,83.3,81.6,78.8,76.4,76.5,76.9,77.2,77.4,77.8,78.3,78.7,79.1,79.5,80.1
74.9,76.6,77.8,78.6,78.9,79.0,78.8,78.1,76.7,74.9,72.1,68.4,67.7,68.2,68.9,69.6,70.2,71.0,71.7,72.2,72.7,73.2,74.0,75.5,78.1,79.9,80.9,81.7,81.7,81.8,81.5,80.9,79.7,77.9,75.7,72.4,70.6,71.1,71.6,72.1,72.5,73.0,73.4,73.8,74.5,75.1,76.0,77.6,79.9,81.4,82.8,83.6,83.9,83.8,83.6,83.0,82.1,80.8,79.0,76.0,73.7,74.1,74.4,74.8,75.3,75.9,76.3,76.9,77.3,77.8,78.4,79.9,81.7,82.8,83.6,84.2,84.9,85.3,85.3,85.0,84.4,83.4,81.7,78.9,76.4,76.6,77.0,77.2,77.5,77.9,78.4,78.8,79.3,79.6
72.1,75.0,76.7,78.0,78.8,79.1,79.2,78.9,78.3,77.0,75.1,72.2,68.6,68.1,68.6,69.2,69.8,70.5,71.3,71.8,72.3,72.6,73.2,74.1,75.6,78.1,79.9,81.1,81.8,81.8,81.9,81.6,80.9,79.7,77.9,75.9,72.6,70.8,71.2,71.6,72.0,72.5,73.0,73.4,74.0,74.6,75.3,76.1,77.7,80.1,81.6,82.9,83.7,83.9,83.9,83.7,83.2,82.2,80.9,79.1,76.1,73.9,74.1,74.5,74.9,75.4,76.0,76.5,77.1,77.5,78.0,78.6,80.1,81.8,83.0,83.7,84.3,85.1,85.3,85.4,85.2,84.6,83.6,81.8,78.9,76.6,76.8,77.0,77.2,77.6,78.0,78.5,79.0,79.4
70.6,72.2,75.0,76.9,78.2,79.0,79.3,79.3,79.1,78.7,77.1,75.2,72.5,69.0,68.5,68.9,69.5,70.1,70.8,71.3,71.8,72.3,72.7,73.2,74.1,75.6,78.2,80.0,81.2,81.9,81.9,82.0,81.6,80.9,79.7,78.2,76.2,72.8,70.9,71.3,71.6,72.0,72.5,73.1,73.6,74.1,74.7,75.3,76.2,77.8,80.2,81.7,83.1,83.7,83.9,84.0,83.9,83.2,82.3,80.9,79.1,76.2,74.0,74.3,74.6,75.0,75.6,76.3,76.7,77.2,77.6,78.2,78.7,80.2,81.8,83.0,83.7,84.6,85.1,85.4,85.6,85.4,84.7,83.7,81.9,79.1,76.7,76.7,77.0,77.4,77.7,78.1,78.7,79.1
69.8,70.7,72.3,75.2,77.1,78.5,79.2,79.3,79.5,79.5,78.7,77.2,75.5,73.0,69.4,68.8,69.2,69.7,70.4,70.7,71.4,71.8,72.3,72.7,73.3,74.2,75.7,78.3,80.1,81.3,82.0,82.0,82.1,81.6,80.8,79.9,78.4,76.4,73.0,71.0,71.3,71.6,72.0,72.6,73.2,73.8,74.3,74.7,75.4,76.3,77.9,80.3,81.8,83.0,83.6,84.0,84.0,83.9,83.3,82.3,80.9,79.2,76.4,74.1,74.3,74.7,75.2,75.8,76.5,76.9,77.4,77.8,78.3,78.8,80.2,81.8,83.1,84.0,84.7,85.1,85.6,85.8,85.7,84.8,83.7,82.0,79.2,76.6,76.7,77.1,77.4,77.8,78.3,78.8
69.1,69.9,70.8,72.4,75.4,77.4,78.7,79.2,79.6,79.9,79.6,78.8,77.5,75.9,73.3,69.7,69.0,69.4,70.1,70.4,70.8,71.3,71.8,72.3,72.8,73.4,74.3,75.9,78.4,80.2,81.3,82.0,82.0,82.0,81.5,81.0,80.1,78.5,76.6,73.1,71.0,71.2,71.6,72.1,72.7,73.4,73.9,74.3,74.8,75.5,76.4,78.0,80.4,81.9,83.0,83.7,84.0,84.1,84.0,83.3,82.3,81.0,79.2,76.5,74.2,74.4,74.9,75.4,76.1,76.6,77.1,77.6,77.9,78.3,78.9,80.2,81.9,83.4,84.1,84.8,85.3,85.8,85.9,85.8,84.9,83.8,82.1,79.1,76.7,76.8,77.2,77.5,78.0,78.5
68.5,69.2,70.0,71.0,72.6,75.7,77.6,78.8,79.4,80.0,80.0,79.7,79.0,77.8,76.3,73.6,70.0,69.3,69.8,70.0,70.4,70.8,71.4,71.8,72.4,72.8,73.5,74.4,76.0,78.5,80.3,81.4,82.1,81.9,81.9,81.6,81.1,80.2,78.6,76.6,73.1,71.0,71.3,71.7,72.3,72.9,73.5,73.9,74.4,74.9,75.6,76.5,78.1,80.5,81.8,83.1,83.8,84.1,84.2,83.9,83.1,82.2,81.0,79.4,76.6,74.3,74.6,75.1,75.7,76.3,76.8,77.3,77.7,77.9,78.4,79.0,80.4,82.1,83.5,84.1,84.9,85.5,85.9,86.0,85.9,85.0,83.9,82.1,79.2,76.8,76.9,77.3,77.7,78.1
68.0,68.7,69.4,70.1,71.2,72.8,75.8,77.7,79.0,79.7,80.1,80.1,79.8,79.3,78.1,76.5,73.9,70.3,69.6,69.8,70.1,70.5,70.8,71.4,72.0,72.5,72.9,73.7,74.6,76.0,78.7,80.4,81.5,81.9,81.8,81.9,81.7,81.2,80.3,78.7,76.7,73.2,71.0,71.4,71.9,72.5,73.0,73.5,74.0,74.4,74.9,75.7,76.6,78.2,80.5,81.9,83.1,83.9,84.1,84.2,83.8,83.0,82.2,81.1,79.5,76.7,74.4,74.8,75.4,75.9,76.4,77.0,77.4,77.7,78.0,78.6,79.2,80.6,82.2,83.5,84.2,85.1,85.6,86.1,86.2,86.1,85.0,83.9,82.2,79.4,76.9,77.0,77.5,77.9
